openEpochMillis,closeEpochMillis,open,high,low,close,volume,sourceBars
1499029200000,1499029259000,112.058,112.103,112.058,112.077,8230000,1
1499029260000,1499029319000,112.077,112.123,112.077,112.123,20230000,1
1499029320000,1499029379000,112.121,112.127,112.086,112.118,19120000,1
1499029380000,1499029439000,112.117,112.118,112.117,112.118,1870000,1
1499029440000,1499029499000,112.108,112.124,112.108,112.122,7750000,1
1499029500000,1499029559000,112.121,112.204,112.12,112.203,36490000,1
1499029560000,1499029619000,112.203,112.211,112.158,112.211,21080000,1
1499029620000,1499029679000,112.211,112.211,112.208,112.208,5000000,1
1499029680000,1499029739000,112.208,112.21,112.208,112.21,10000000,1
1499029740000,1499029799000,112.21,112.21,112.165,112.175,48040000,1
1499029800000,1499029859000,112.174,112.181,112.132,112.181,28240000,1
1499029860000,1499029919000,112.18,112.181,112.162,112.162,11930000,1
1499029920000,1499029979000,112.162,112.178,112.162,112.178,14240000,1
1499029980000,1499030039000,112.177,112.178,112.176,112.178,12120000,1
1499030040000,1499030099000,112.177,112.177,112.17,112.175,10120000,1
1499030100000,1499030159000,112.174,112.216,112.173,112.216,22280000,1
1499030160000,1499030219000,112.218,112.223,112.218,112.218,52320000,1
1499030220000,1499030279000,112.216,112.219,112.215,112.219,9130000,1
1499030280000,1499030339000,112.221,112.222,112.203,112.217,27440000,1
1499030340000,1499030399000,112.218,112.233,112.218,112.22,15240000,1
1499030400000,1499030459000,112.219,112.223,112.218,112.223,8000000,1
1499030460000,1499030519000,112.223,112.228,112.223,112.228,5500000,1
1499030520000,1499030579000,112.228,112.242,112.227,112.238,19750000,1
1499030580000,1499030639000,112.239,112.24,112.238,112.24,8370000,1
1499030640000,1499030699000,112.244,112.244,112.239,112.239,14750000,1
1499030700000,1499030759000,112.24,112.258,112.24,112.247,38500000,1
1499030760000,1499030819000,112.247,112.251,112.242,112.243,33250000,1
1499030820000,1499030879000,112.244,112.244,112.22,112.22,13360000,1
1499030880000,1499030939000,112.221,112.221,112.221,112.221,1750000,1
1499030940000,1499030999000,112.22,112.22,112.22,112.22,1750000,1
1499031000000,1499031059000,112.221,112.224,112.221,112.224,3500000,1
1499031060000,1499031119000,112.225,112.226,112.215,112.226,23630000,1
1499031120000,1499031179000,112.226,112.228,112.226,112.228,3870000,1
1499031180000,1499031239000,112.227,112.227,112.227,112.227,1500000,1
1499031240000,1499031299000,112.227,112.227,112.227,112.227,1690000,1
1499031480000,1499031539000,112.226,112.226,112.225,112.225,3940000,1
1499031540000,1499031599000,112.226,112.226,112.226,112.226,1940000,1
1499031660000,1499031719000,112.228,112.228,112.228,112.228,5240000,1
1499031720000,1499031779000,112.229,112.229,112.229,112.229,3750000,1
1499031780000,1499031839000,112.229,112.229,112.229,112.229,6130000,1
1499031900000,1499031959000,112.229,112.229,112.229,112.229,1250000,1
1499031960000,1499032019000,112.229,112.229,112.229,112.229,2500000,1
1499032020000,1499032079000,112.231,112.231,112.231,112.231,1000000,1
1499032140000,1499032199000,112.227,112.227,112.206,112.213,53580000,1
1499032200000,1499032259000,112.215,112.216,112.215,112.216,3310000,1
1499032260000,1499032319000,112.217,112.218,112.217,112.217,4000000,1
1499032320000,1499032379000,112.217,112.232,112.205,112.224,41880000,1
1499032380000,1499032439000,112.224,112.224,112.18,112.185,29500000,1
1499032440000,1499032499000,112.19,112.206,112.19,112.193,20000000,1
1499032500000,1499032559000,112.192,112.196,112.192,112.196,7500000,1
1499032560000,1499032619000,112.194,112.194,112.194,112.194,1000000,1
1499032620000,1499032679000,112.195,112.195,112.194,112.195,5250000,1
1499032680000,1499032739000,112.196,112.201,112.19,112.201,12370000,1
1499032740000,1499032799000,112.2,112.217,112.196,112.217,7130000,1
1499032800000,1499032859000,112.221,112.264,112.217,112.26,87410000,1
1499032860000,1499032919000,112.259,112.262,112.24,112.253,111660000,1
1499032920000,1499032979000,112.253,112.265,112.249,112.26,34210000,1
1499032980000,1499033039000,112.26,112.272,112.26,112.268,27620000,1
1499033040000,1499033099000,112.267,112.271,112.265,112.267,69980000,1
1499033100000,1499033159000,112.268,112.277,112.266,112.271,62970000,1
1499033160000,1499033219000,112.271,112.291,112.27,112.291,42430000,1
1499033220000,1499033279000,112.29,112.29,112.284,112.289,34580000,1
1499033280000,1499033339000,112.29,112.303,112.284,112.299,125180000,1
1499033340000,1499033399000,112.301,112.301,112.284,112.288,99270000,1
1499033400000,1499033459000,112.287,112.299,112.287,112.299,56200000,1
1499033460000,1499033519000,112.298,112.299,112.281,112.287,55950000,1
1499033520000,1499033579000,112.284,112.3,112.283,112.299,61250000,1
1499033580000,1499033639000,112.297,112.31,112.297,112.307,90500000,1
1499033640000,1499033699000,112.308,112.311,112.294,112.294,120550000,1
1499033700000,1499033759000,112.295,112.295,112.279,112.283,40160000,1
1499033760000,1499033819000,112.283,112.291,112.282,112.291,75510000,1
1499033820000,1499033879000,112.292,112.296,112.281,112.29,45790000,1
1499033880000,1499033939000,112.29,112.295,112.289,112.295,32790000,1
1499033940000,1499033999000,112.295,112.307,112.295,112.305,68140000,1
1499034000000,1499034059000,112.304,112.305,112.298,112.303,78550000,1
1499034060000,1499034119000,112.308,112.308,112.299,112.304,52440000,1
1499034120000,1499034179000,112.307,112.319,112.306,112.317,64910000,1
1499034180000,1499034239000,112.317,112.317,112.305,112.307,175820000,1
1499034240000,1499034299000,112.307,112.313,112.307,112.312,73980000,1
1499034300000,1499034359000,112.312,112.314,112.311,112.312,40250000,1
1499034360000,1499034419000,112.313,112.317,112.308,112.311,89100000,1
1499034420000,1499034479000,112.311,112.315,112.31,112.31,63310000,1
1499034480000,1499034539000,112.31,112.311,112.287,112.29,92080000,1
1499034540000,1499034599000,112.29,112.3,112.285,112.299,71150000,1
1499034600000,1499034659000,112.299,112.317,112.299,112.316,49830000,1
1499034660000,1499034719000,112.316,112.316,112.293,112.293,44890000,1
1499034720000,1499034779000,112.293,112.296,112.293,112.295,43710000,1
1499034780000,1499034839000,112.295,112.3,112.295,112.296,43950000,1
1499034840000,1499034899000,112.297,112.298,112.293,112.297,17860000,1
1499034900000,1499034959000,112.298,112.325,112.298,112.322,72810000,1
1499034960000,1499035019000,112.321,112.322,112.32,112.322,11500000,1
1499035020000,1499035079000,112.32,112.333,112.32,112.333,32070000,1
1499035080000,1499035139000,112.335,112.34,112.335,112.34,32250000,1
1499035140000,1499035199000,112.341,112.343,112.341,112.343,15010000,1
1499035200000,1499035259000,112.342,112.344,112.342,112.343,13380000,1
1499035260000,1499035319000,112.344,112.344,112.318,112.323,56900000,1
1499035320000,1499035379000,112.325,112.326,112.299,112.299,67310000,1
1499035380000,1499035439000,112.298,112.298,112.277,112.296,63760000,1
1499035440000,1499035499000,112.296,112.296,112.292,112.293,13910000,1
1499035500000,1499035559000,112.292,112.294,112.29,112.29,19210000,1
1499035560000,1499035619000,112.29,112.29,112.287,112.287,10000000,1
1499035620000,1499035679000,112.284,112.284,112.275,112.277,28230000,1
1499035680000,1499035739000,112.276,112.277,112.269,112.269,45470000,1
1499035740000,1499035799000,112.271,112.276,112.269,112.276,76780000,1
1499035800000,1499035859000,112.276,112.276,112.269,112.271,46190000,1
1499035860000,1499035919000,112.272,112.273,112.269,112.272,8620000,1
1499035920000,1499035979000,112.27,112.27,112.266,112.27,12440000,1
1499035980000,1499036039000,112.269,112.269,112.264,112.264,9500000,1
1499036040000,1499036099000,112.264,112.27,112.258,112.266,49880000,1
1499036100000,1499036159000,112.267,112.268,112.264,112.264,37260000,1
1499036160000,1499036219000,112.264,112.273,112.263,112.27,50640000,1
1499036220000,1499036279000,112.27,112.27,112.265,112.268,36320000,1
1499036280000,1499036339000,112.27,112.276,112.269,112.273,39660000,1
1499036340000,1499036399000,112.275,112.276,112.273,112.276,17930000,1
1499036400000,1499036459000,112.276,112.297,112.276,112.293,95050000,1
1499036460000,1499036519000,112.294,112.34,112.294,112.321,91940000,1
1499036520000,1499036579000,112.321,112.347,112.321,112.338,51350000,1
1499036580000,1499036639000,112.338,112.338,112.336,112.337,24180000,1
1499036640000,1499036699000,112.336,112.338,112.332,112.332,19870000,1
1499036700000,1499036759000,112.332,112.332,112.325,112.325,32150000,1
1499036760000,1499036819000,112.328,112.347,112.324,112.347,40240000,1
1499036820000,1499036879000,112.347,112.348,112.335,112.337,51190000,1
1499036880000,1499036939000,112.337,112.348,112.337,112.345,36160000,1
1499036940000,1499036999000,112.344,112.347,112.336,112.347,29990000,1
1499037000000,1499037059000,112.346,112.349,112.34,112.348,66610000,1
1499037060000,1499037119000,112.347,112.352,112.346,112.352,43260000,1
1499037120000,1499037179000,112.354,112.38,112.353,112.379,46370000,1
1499037180000,1499037239000,112.379,112.385,112.37,112.379,58690000,1
1499037240000,1499037299000,112.378,112.378,112.359,112.371,48290000,1
1499037300000,1499037359000,112.371,112.372,112.359,112.372,57230000,1
1499037360000,1499037419000,112.373,112.382,112.371,112.372,44430000,1
1499037420000,1499037479000,112.372,112.376,112.354,112.368,157200000,1
1499037480000,1499037539000,112.368,112.387,112.368,112.385,73100000,1
1499037540000,1499037599000,112.385,112.387,112.383,112.383,46430000,1
1499037600000,1499037659000,112.386,112.386,112.381,112.383,26040000,1
1499037660000,1499037719000,112.383,112.383,112.357,112.359,88650000,1
1499037720000,1499037779000,112.358,112.359,112.354,112.357,55930000,1
1499037780000,1499037839000,112.36,112.36,112.353,112.354,42110000,1
1499037840000,1499037899000,112.354,112.354,112.32,112.335,50470000,1
1499037900000,1499037959000,112.336,112.35,112.334,112.344,59870000,1
1499037960000,1499038019000,112.344,112.351,112.325,112.327,112270000,1
1499038020000,1499038079000,112.327,112.345,112.325,112.325,68010000,1
1499038080000,1499038139000,112.326,112.331,112.323,112.325,79970000,1
1499038140000,1499038199000,112.326,112.331,112.323,112.323,46000000,1
1499038200000,1499038259000,112.323,112.326,112.31,112.317,56120000,1
1499038260000,1499038319000,112.318,112.327,112.318,112.325,23250000,1
1499038320000,1499038379000,112.327,112.351,112.327,112.348,59160000,1
1499038380000,1499038439000,112.347,112.347,112.312,112.327,94750000,1
1499038440000,1499038499000,112.328,112.328,112.296,112.312,88370000,1
1499038500000,1499038559000,112.311,112.311,112.301,112.301,50510000,1
1499038560000,1499038619000,112.299,112.31,112.298,112.306,42880000,1
1499038620000,1499038679000,112.304,112.306,112.278,112.288,95630000,1
1499038680000,1499038739000,112.286,112.287,112.284,112.285,54280000,1
1499038740000,1499038799000,112.285,112.295,112.285,112.286,51630000,1
1499038800000,1499038859000,112.286,112.288,112.28,112.28,109790000,1
1499038860000,1499038919000,112.28,112.293,112.28,112.287,68660000,1
1499038920000,1499038979000,112.289,112.296,112.289,112.296,31110000,1
1499038980000,1499039039000,112.295,112.296,112.29,112.293,34620000,1
1499039040000,1499039099000,112.29,112.296,112.289,112.296,31790000,1
1499039100000,1499039159000,112.294,112.302,112.294,112.302,80600000,1
1499039160000,1499039219000,112.302,112.315,112.302,112.31,63860000,1
1499039220000,1499039279000,112.309,112.32,112.308,112.313,28260000,1
1499039280000,1499039339000,112.312,112.317,112.312,112.315,51370000,1
1499039340000,1499039399000,112.315,112.317,112.314,112.317,29250000,1
1499039400000,1499039459000,112.315,112.315,112.283,112.307,118390000,1
1499039460000,1499039519000,112.306,112.306,112.291,112.291,31070000,1
1499039520000,1499039579000,112.289,112.289,112.279,112.28,55410000,1
1499039580000,1499039639000,112.279,112.282,112.258,112.258,105030000,1
1499039640000,1499039699000,112.257,112.257,112.233,112.234,140050000,1
1499039700000,1499039759000,112.234,112.25,112.23,112.241,143530000,1
1499039760000,1499039819000,112.239,112.245,112.23,112.245,65040000,1
1499039820000,1499039879000,112.247,112.273,112.247,112.269,58740000,1
1499039880000,1499039939000,112.27,112.278,112.263,112.272,63110000,1
1499039940000,1499039999000,112.272,112.272,112.236,112.244,95950000,1
1499040000000,1499040059000,112.241,112.285,112.225,112.238,233330000,1
1499040060000,1499040119000,112.237,112.347,112.237,112.324,276140000,1
1499040120000,1499040179000,112.323,112.329,112.295,112.296,161530000,1
1499040180000,1499040239000,112.298,112.316,112.287,112.315,170050000,1
1499040240000,1499040299000,112.315,112.321,112.29,112.311,126280000,1
1499040300000,1499040359000,112.307,112.32,112.29,112.313,137550000,1
1499040360000,1499040419000,112.311,112.337,112.301,112.31,198950000,1
1499040420000,1499040479000,112.311,112.322,112.291,112.31,128260000,1
1499040480000,1499040539000,112.307,112.312,112.288,112.301,115860000,1
1499040540000,1499040599000,112.301,112.301,112.281,112.281,97300000,1
1499040600000,1499040659000,112.281,112.281,112.256,112.268,99420000,1
1499040660000,1499040719000,112.266,112.281,112.262,112.267,88460000,1
1499040720000,1499040779000,112.267,112.268,112.24,112.24,86050000,1
1499040780000,1499040839000,112.239,112.261,112.238,112.255,88750000,1
1499040840000,1499040899000,112.258,112.259,112.254,112.257,36280000,1
1499040900000,1499040959000,112.256,112.267,112.256,112.258,52890000,1
1499040960000,1499041019000,112.258,112.276,112.248,112.272,117020000,1
1499041020000,1499041079000,112.273,112.273,112.224,112.224,112890000,1
1499041080000,1499041139000,112.228,112.294,112.228,112.279,173840000,1
1499041140000,1499041199000,112.279,112.3,112.279,112.296,114470000,1
1499041200000,1499041259000,112.295,112.295,112.276,112.281,64290000,1
1499041260000,1499041319000,112.28,112.283,112.27,112.27,60120000,1
1499041320000,1499041379000,112.272,112.293,112.272,112.285,101380000,1
1499041380000,1499041439000,112.284,112.285,112.277,112.285,49910000,1
1499041440000,1499041499000,112.285,112.285,112.275,112.278,84290000,1
1499041500000,1499041559000,112.277,112.287,112.276,112.282,76010000,1
1499041560000,1499041619000,112.283,112.288,112.276,112.279,52340000,1
1499041620000,1499041679000,112.276,112.28,112.271,112.275,47240000,1
1499041680000,1499041739000,112.274,112.275,112.266,112.275,32960000,1
1499041740000,1499041799000,112.276,112.277,112.255,112.263,57090000,1
1499041800000,1499041859000,112.265,112.277,112.26,112.268,97590000,1
1499041860000,1499041919000,112.268,112.27,112.247,112.252,66860000,1
1499041920000,1499041979000,112.252,112.252,112.225,112.241,131160000,1
1499041980000,1499042039000,112.241,112.264,112.236,112.252,79900000,1
1499042040000,1499042099000,112.251,112.252,112.217,112.236,146940000,1
1499042100000,1499042159000,112.234,112.266,112.226,112.264,128720000,1
1499042160000,1499042219000,112.264,112.281,112.26,112.26,173200000,1
1499042220000,1499042279000,112.259,112.268,112.247,112.257,133280000,1
1499042280000,1499042339000,112.257,112.275,112.244,112.268,92440000,1
1499042340000,1499042399000,112.269,112.274,112.254,112.26,78700000,1
1499042400000,1499042459000,112.261,112.266,112.254,112.262,98540000,1
1499042460000,1499042519000,112.261,112.261,112.245,112.259,120310000,1
1499042520000,1499042579000,112.26,112.261,112.247,112.248,89930000,1
1499042580000,1499042639000,112.248,112.253,112.246,112.248,42300000,1
1499042640000,1499042699000,112.247,112.247,112.23,112.23,76920000,1
1499042700000,1499042759000,112.23,112.242,112.223,112.228,89290000,1
1499042760000,1499042819000,112.227,112.229,112.222,112.222,29810000,1
1499042820000,1499042879000,112.222,112.229,112.217,112.229,55640000,1
1499042880000,1499042939000,112.23,112.239,112.229,112.234,58770000,1
1499042940000,1499042999000,112.235,112.248,112.215,112.247,113610000,1
1499043000000,1499043059000,112.247,112.252,112.245,112.249,69560000,1
1499043060000,1499043119000,112.248,112.248,112.242,112.242,32170000,1
1499043120000,1499043179000,112.242,112.246,112.23,112.243,101750000,1
1499043180000,1499043239000,112.243,112.253,112.231,112.24,133610000,1
1499043240000,1499043299000,112.24,112.24,112.197,112.199,151850000,1
1499043300000,1499043359000,112.197,112.255,112.197,112.248,187960000,1
1499043360000,1499043419000,112.247,112.269,112.242,112.261,158190000,1
1499043420000,1499043479000,112.26,112.264,112.255,112.255,46040000,1
1499043480000,1499043539000,112.254,112.256,112.248,112.255,65360000,1
1499043540000,1499043599000,112.255,112.256,112.243,112.256,122340000,1
1499043600000,1499043659000,112.257,112.262,112.25,112.26,106110000,1
1499043660000,1499043719000,112.263,112.283,112.258,112.261,152590000,1
1499043720000,1499043779000,112.261,112.272,112.254,112.269,67140000,1
1499043780000,1499043839000,112.269,112.279,112.268,112.277,102250000,1
1499043840000,1499043899000,112.278,112.293,112.277,112.29,104690000,1
1499043900000,1499043959000,112.289,112.294,112.286,112.292,87200000,1
1499043960000,1499044019000,112.292,112.294,112.287,112.294,71570000,1
1499044020000,1499044079000,112.295,112.297,112.287,112.297,53360000,1
1499044080000,1499044139000,112.298,112.302,112.296,112.301,56990000,1
1499044140000,1499044199000,112.302,112.308,112.289,112.3,116790000,1
1499044200000,1499044259000,112.3,112.305,112.297,112.299,67660000,1
1499044260000,1499044319000,112.3,112.3,112.272,112.273,127240000,1
1499044320000,1499044379000,112.273,112.279,112.272,112.274,61310000,1
1499044380000,1499044439000,112.271,112.271,112.248,112.255,116680000,1
1499044440000,1499044499000,112.255,112.265,112.253,112.255,113960000,1
1499044500000,1499044559000,112.255,112.263,112.251,112.256,82140000,1
1499044560000,1499044619000,112.256,112.265,112.249,112.265,90870000,1
1499044620000,1499044679000,112.264,112.265,112.254,112.26,91790000,1
1499044680000,1499044739000,112.26,112.266,112.26,112.265,21500000,1
1499044740000,1499044799000,112.265,112.266,112.259,112.266,44890000,1
1499044800000,1499044859000,112.265,112.269,112.259,112.262,72430000,1
1499044860000,1499044919000,112.261,112.267,112.254,112.261,67180000,1
1499044920000,1499044979000,112.26,112.27,112.258,112.26,72350000,1
1499044980000,1499045039000,112.261,112.269,112.259,112.26,47920000,1
1499045040000,1499045099000,112.261,112.27,112.259,112.269,48170000,1
1499045100000,1499045159000,112.269,112.273,112.266,112.268,85630000,1
1499045160000,1499045219000,112.27,112.283,112.262,112.282,87410000,1
1499045220000,1499045279000,112.281,112.287,112.248,112.249,123860000,1
1499045280000,1499045339000,112.248,112.261,112.248,112.26,60870000,1
1499045340000,1499045399000,112.26,112.267,112.259,112.267,57490000,1
1499045400000,1499045459000,112.268,112.279,112.261,112.268,108390000,1
1499045460000,1499045519000,112.268,112.268,112.254,112.258,91270000,1
1499045520000,1499045579000,112.258,112.262,112.255,112.258,44660000,1
1499045580000,1499045639000,112.258,112.264,112.254,112.261,98460000,1
1499045640000,1499045699000,112.261,112.267,112.254,112.256,90770000,1
1499045700000,1499045759000,112.256,112.258,112.255,112.258,60290000,1
1499045760000,1499045819000,112.258,112.262,112.25,112.251,36660000,1
1499045820000,1499045879000,112.25,112.255,112.25,112.253,27520000,1
1499045880000,1499045939000,112.253,112.26,112.253,112.26,68710000,1
1499045940000,1499045999000,112.259,112.259,112.242,112.253,89980000,1
1499046000000,1499046059000,112.254,112.256,112.248,112.256,90920000,1
1499046060000,1499046119000,112.256,112.267,112.256,112.266,42480000,1
1499046120000,1499046179000,112.264,112.27,112.264,112.266,41380000,1
1499046180000,1499046239000,112.268,112.277,112.267,112.276,50060000,1
1499046240000,1499046299000,112.276,112.279,112.27,112.271,52940000,1
1499046300000,1499046359000,112.272,112.285,112.27,112.278,74980000,1
1499046360000,1499046419000,112.278,112.298,112.278,112.297,47110000,1
1499046420000,1499046479000,112.297,112.34,112.297,112.335,151710000,1
1499046480000,1499046539000,112.334,112.334,112.324,112.327,114220000,1
1499046540000,1499046599000,112.327,112.328,112.317,112.32,102970000,1
1499046600000,1499046659000,112.32,112.333,112.314,112.331,100690000,1
1499046660000,1499046719000,112.331,112.355,112.331,112.346,215690000,1
1499046720000,1499046779000,112.347,112.352,112.338,112.339,98340000,1
1499046780000,1499046839000,112.34,112.356,112.339,112.348,86270000,1
1499046840000,1499046899000,112.35,112.359,112.343,112.346,119810000,1
1499046900000,1499046959000,112.345,112.357,112.333,112.357,100710000,1
1499046960000,1499047019000,112.357,112.364,112.345,112.364,115970000,1
1499047020000,1499047079000,112.364,112.367,112.347,112.365,108640000,1
1499047080000,1499047139000,112.366,112.371,112.34,112.353,108810000,1
1499047140000,1499047199000,112.353,112.366,112.353,112.357,119280000,1
1499047200000,1499047259000,112.356,112.363,112.352,112.352,158430000,1
1499047260000,1499047319000,112.353,112.355,112.333,112.342,144900000,1
1499047320000,1499047379000,112.342,112.376,112.342,112.376,138530000,1
1499047380000,1499047439000,112.375,112.382,112.37,112.378,162900000,1
1499047440000,1499047499000,112.378,112.378,112.358,112.365,110670000,1
1499047500000,1499047559000,112.366,112.366,112.353,112.362,56650000,1
1499047560000,1499047619000,112.361,112.377,112.361,112.367,91140000,1
1499047620000,1499047679000,112.366,112.367,112.352,112.355,86380000,1
1499047680000,1499047739000,112.356,112.404,112.356,112.386,126410000,1
1499047740000,1499047799000,112.386,112.389,112.37,112.379,68640000,1
1499047800000,1499047859000,112.379,112.382,112.375,112.38,64410000,1
1499047860000,1499047919000,112.382,112.384,112.377,112.377,92550000,1
1499047920000,1499047979000,112.377,112.379,112.364,112.366,139970000,1
1499047980000,1499048039000,112.366,112.372,112.365,112.365,65360000,1
1499048040000,1499048099000,112.366,112.367,112.358,112.364,78310000,1
1499048100000,1499048159000,112.364,112.368,112.358,112.368,61100000,1
1499048160000,1499048219000,112.368,112.372,112.365,112.372,53980000,1
1499048220000,1499048279000,112.371,112.371,112.359,112.359,98250000,1
1499048280000,1499048339000,112.359,112.367,112.359,112.365,41210000,1
1499048340000,1499048399000,112.363,112.366,112.358,112.359,46690000,1
1499048400000,1499048459000,112.358,112.359,112.354,112.359,57800000,1
1499048460000,1499048519000,112.359,112.36,112.353,112.354,48430000,1
1499048520000,1499048579000,112.356,112.366,112.353,112.365,42210000,1
1499048580000,1499048639000,112.364,112.364,112.347,112.358,59680000,1
1499048640000,1499048699000,112.358,112.364,112.357,112.358,56980000,1
1499048700000,1499048759000,112.359,112.36,112.346,112.346,66930000,1
1499048760000,1499048819000,112.346,112.354,112.346,112.351,77030000,1
1499048820000,1499048879000,112.351,112.352,112.348,112.348,35570000,1
1499048880000,1499048939000,112.347,112.351,112.338,112.339,74200000,1
1499048940000,1499048999000,112.339,112.343,112.334,112.34,38930000,1
1499049000000,1499049059000,112.339,112.358,112.335,112.357,72940000,1
1499049060000,1499049119000,112.356,112.36,112.349,112.35,74160000,1
1499049120000,1499049179000,112.35,112.352,112.348,112.349,41640000,1
1499049180000,1499049239000,112.348,112.36,112.347,112.358,58500000,1
1499049240000,1499049299000,112.358,112.359,112.335,112.335,83070000,1
1499049300000,1499049359000,112.335,112.355,112.335,112.346,119660000,1
1499049360000,1499049419000,112.346,112.346,112.335,112.34,61240000,1
1499049420000,1499049479000,112.339,112.355,112.339,112.352,57760000,1
1499049480000,1499049539000,112.352,112.354,112.347,112.353,43950000,1
1499049540000,1499049599000,112.352,112.354,112.339,112.354,35500000,1
1499049600000,1499049659000,112.354,112.356,112.35,112.352,29360000,1
1499049660000,1499049719000,112.352,112.353,112.348,112.349,82540000,1
1499049720000,1499049779000,112.35,112.36,112.35,112.352,101480000,1
1499049780000,1499049839000,112.353,112.353,112.35,112.353,52410000,1
1499049840000,1499049899000,112.352,112.352,112.351,112.351,12410000,1
1499049900000,1499049959000,112.35,112.355,112.349,112.35,53610000,1
1499049960000,1499050019000,112.349,112.351,112.349,112.35,26680000,1
1499050020000,1499050079000,112.352,112.354,112.35,112.354,17800000,1
1499050080000,1499050139000,112.357,112.358,112.35,112.35,38930000,1
1499050140000,1499050199000,112.35,112.357,112.35,112.354,25360000,1
1499050200000,1499050259000,112.353,112.361,112.351,112.356,70310000,1
1499050260000,1499050319000,112.358,112.361,112.353,112.359,50820000,1
1499050320000,1499050379000,112.362,112.386,112.362,112.379,95580000,1
1499050380000,1499050439000,112.378,112.392,112.375,112.387,97180000,1
1499050440000,1499050499000,112.387,112.402,112.379,112.394,82770000,1
1499050500000,1499050559000,112.394,112.412,112.384,112.411,87250000,1
1499050560000,1499050619000,112.41,112.411,112.402,112.409,56890000,1
1499050620000,1499050679000,112.408,112.443,112.405,112.43,149700000,1
1499050680000,1499050739000,112.431,112.435,112.425,112.429,94900000,1
1499050740000,1499050799000,112.428,112.431,112.425,112.43,67780000,1
1499050800000,1499050859000,112.43,112.436,112.423,112.423,116750000,1
1499050860000,1499050919000,112.423,112.423,112.414,112.418,69110000,1
1499050920000,1499050979000,112.418,112.425,112.414,112.416,76730000,1
1499050980000,1499051039000,112.413,112.413,112.397,112.404,75730000,1
1499051040000,1499051099000,112.405,112.406,112.395,112.4,49750000,1
1499051100000,1499051159000,112.401,112.408,112.398,112.407,52100000,1
1499051160000,1499051219000,112.407,112.408,112.407,112.407,9570000,1
1499051220000,1499051279000,112.407,112.415,112.407,112.415,31780000,1
1499051280000,1499051339000,112.414,112.417,112.413,112.413,12120000,1
1499051340000,1499051399000,112.412,112.413,112.408,112.409,26600000,1
1499051400000,1499051459000,112.409,112.412,112.409,112.409,17180000,1
1499051460000,1499051519000,112.409,112.413,112.409,112.41,41220000,1
1499051520000,1499051579000,112.411,112.421,112.411,112.418,24710000,1
1499051580000,1499051639000,112.417,112.418,112.412,112.417,49710000,1
1499051640000,1499051699000,112.417,112.427,112.413,112.423,67150000,1
1499051700000,1499051759000,112.423,112.423,112.415,112.415,24700000,1
1499051760000,1499051819000,112.415,112.418,112.41,112.417,37770000,1
1499051820000,1499051879000,112.417,112.42,112.411,112.411,27990000,1
1499051880000,1499051939000,112.413,112.418,112.413,112.417,14350000,1
1499051940000,1499051999000,112.415,112.415,112.409,112.412,40210000,1
1499052000000,1499052059000,112.411,112.425,112.411,112.425,63940000,1
1499052060000,1499052119000,112.424,112.424,112.417,112.418,116270000,1
1499052120000,1499052179000,112.418,112.422,112.417,112.421,83030000,1
1499052180000,1499052239000,112.418,112.418,112.415,112.417,92850000,1
1499052240000,1499052299000,112.417,112.425,112.416,112.425,73560000,1
1499052300000,1499052359000,112.425,112.428,112.422,112.423,78980000,1
1499052360000,1499052419000,112.422,112.426,112.42,112.426,75960000,1
1499052420000,1499052479000,112.426,112.427,112.416,112.423,74170000,1
1499052480000,1499052539000,112.422,112.442,112.421,112.437,75540000,1
1499052540000,1499052599000,112.437,112.437,112.43,112.43,66830000,1
1499052600000,1499052659000,112.43,112.439,112.428,112.435,112520000,1
1499052660000,1499052719000,112.436,112.44,112.432,112.436,39420000,1
1499052720000,1499052779000,112.435,112.463,112.435,112.46,80490000,1
1499052780000,1499052839000,112.46,112.461,112.448,112.458,98410000,1
1499052840000,1499052899000,112.459,112.459,112.448,112.45,78930000,1
1499052900000,1499052959000,112.451,112.453,112.442,112.443,75230000,1
1499052960000,1499053019000,112.442,112.453,112.442,112.45,79230000,1
1499053020000,1499053079000,112.45,112.457,112.448,112.45,66620000,1
1499053080000,1499053139000,112.453,112.48,112.452,112.475,87400000,1
1499053140000,1499053199000,112.475,112.482,112.472,112.475,84510000,1
1499053200000,1499053259000,112.475,112.475,112.468,112.475,50910000,1
1499053260000,1499053319000,112.475,112.475,112.468,112.47,39240000,1
1499053320000,1499053379000,112.471,112.471,112.468,112.47,32810000,1
1499053380000,1499053439000,112.469,112.469,112.46,112.461,37460000,1
1499053440000,1499053499000,112.46,112.462,112.454,112.455,39410000,1
1499053500000,1499053559000,112.455,112.455,112.448,112.45,58650000,1
1499053560000,1499053619000,112.452,112.464,112.45,112.464,25290000,1
1499053620000,1499053679000,112.463,112.466,112.445,112.463,98560000,1
1499053680000,1499053739000,112.461,112.495,112.458,112.487,131980000,1
1499053740000,1499053799000,112.487,112.495,112.482,112.487,71260000,1
1499053800000,1499053859000,112.486,112.493,112.485,112.492,74740000,1
1499053860000,1499053919000,112.491,112.507,112.491,112.5,75290000,1
1499053920000,1499053979000,112.499,112.504,112.499,112.503,33910000,1
1499053980000,1499054039000,112.504,112.51,112.5,112.5,71990000,1
1499054040000,1499054099000,112.5,112.509,112.497,112.508,88060000,1
1499054100000,1499054159000,112.506,112.55,112.503,112.543,138090000,1
1499054160000,1499054219000,112.542,112.549,112.525,112.528,121660000,1
1499054220000,1499054279000,112.526,112.532,112.526,112.527,41930000,1
1499054280000,1499054339000,112.526,112.534,112.525,112.525,31750000,1
1499054340000,1499054399000,112.527,112.535,112.524,112.532,47300000,1
1499054400000,1499054459000,112.531,112.536,112.53,112.531,59200000,1
1499054460000,1499054519000,112.532,112.532,112.523,112.525,72740000,1
1499054520000,1499054579000,112.525,112.525,112.518,112.518,42050000,1
1499054580000,1499054639000,112.519,112.521,112.518,112.519,24470000,1
1499054640000,1499054699000,112.518,112.525,112.518,112.518,55890000,1
1499054700000,1499054759000,112.518,112.52,112.518,112.519,42610000,1
1499054760000,1499054819000,112.519,112.526,112.518,112.526,21400000,1
1499054820000,1499054879000,112.526,112.532,112.525,112.532,53540000,1
1499054880000,1499054939000,112.531,112.532,112.527,112.527,37090000,1
1499054940000,1499054999000,112.53,112.536,112.53,112.535,47000000,1
1499055000000,1499055059000,112.534,112.534,112.529,112.531,38950000,1
1499055060000,1499055119000,112.532,112.537,112.53,112.531,32690000,1
1499055120000,1499055179000,112.53,112.531,112.53,112.531,4620000,1
1499055180000,1499055239000,112.529,112.529,112.523,112.526,40260000,1
1499055240000,1499055299000,112.523,112.531,112.522,112.53,53830000,1
1499055300000,1499055359000,112.53,112.534,112.53,112.53,29450000,1
1499055360000,1499055419000,112.532,112.535,112.526,112.535,52240000,1
1499055420000,1499055479000,112.535,112.535,112.529,112.529,23060000,1
1499055480000,1499055539000,112.529,112.544,112.529,112.54,33180000,1
1499055540000,1499055599000,112.541,112.556,112.541,112.548,93820000,1
1499055600000,1499055659000,112.55,112.557,112.549,112.556,75350000,1
1499055660000,1499055719000,112.555,112.57,112.542,112.551,122190000,1
1499055720000,1499055779000,112.551,112.551,112.539,112.545,69310000,1
1499055780000,1499055839000,112.544,112.544,112.531,112.531,34600000,1
1499055840000,1499055899000,112.53,112.532,112.524,112.532,41800000,1
1499055900000,1499055959000,112.531,112.531,112.526,112.531,14930000,1
1499055960000,1499056019000,112.531,112.536,112.529,112.529,38300000,1
1499056020000,1499056079000,112.53,112.53,112.526,112.527,32380000,1
1499056080000,1499056139000,112.526,112.526,112.524,112.524,28250000,1
1499056140000,1499056199000,112.524,112.525,112.519,112.519,30410000,1
1499056200000,1499056259000,112.52,112.521,112.519,112.519,31300000,1
1499056260000,1499056319000,112.519,112.533,112.518,112.53,94240000,1
1499056320000,1499056379000,112.53,112.537,112.525,112.527,60820000,1
1499056380000,1499056439000,112.526,112.531,112.525,112.53,62570000,1
1499056440000,1499056499000,112.532,112.532,112.532,112.532,1000000,1
1499056500000,1499056559000,112.532,112.538,112.531,112.537,48700000,1
1499056560000,1499056619000,112.536,112.538,112.536,112.537,80060000,1
1499056620000,1499056679000,112.538,112.558,112.538,112.544,114830000,1
1499056680000,1499056739000,112.545,112.546,112.54,112.544,15120000,1
1499056740000,1499056799000,112.543,112.543,112.536,112.536,57430000,1
1499056800000,1499056859000,112.535,112.535,112.53,112.53,24560000,1
1499056860000,1499056919000,112.53,112.531,112.525,112.53,37540000,1
1499056920000,1499056979000,112.531,112.538,112.531,112.538,29290000,1
1499056980000,1499057039000,112.537,112.546,112.537,112.538,34240000,1
1499057040000,1499057099000,112.538,112.538,112.528,112.529,42070000,1
1499057100000,1499057159000,112.529,112.532,112.495,112.503,104820000,1
1499057160000,1499057219000,112.503,112.511,112.501,112.509,90600000,1
1499057220000,1499057279000,112.509,112.511,112.509,112.51,33060000,1
1499057280000,1499057339000,112.511,112.529,112.511,112.528,94440000,1
1499057340000,1499057399000,112.528,112.547,112.527,112.543,99990000,1
1499057400000,1499057459000,112.543,112.556,112.543,112.555,33900000,1
1499057460000,1499057519000,112.555,112.561,112.545,112.545,91370000,1
1499057520000,1499057579000,112.547,112.549,112.54,112.543,85740000,1
1499057580000,1499057639000,112.542,112.543,112.537,112.541,32210000,1
1499057640000,1499057699000,112.541,112.552,112.538,112.551,84540000,1
1499057700000,1499057759000,112.551,112.557,112.543,112.546,52010000,1
1499057760000,1499057819000,112.547,112.553,112.536,112.536,64170000,1
1499057820000,1499057879000,112.535,112.535,112.523,112.53,59130000,1
1499057880000,1499057939000,112.531,112.541,112.516,112.535,119120000,1
1499057940000,1499057999000,112.536,112.542,112.534,112.542,125820000,1
1499058000000,1499058059000,112.541,112.542,112.527,112.528,120830000,1
1499058060000,1499058119000,112.528,112.529,112.52,112.529,72120000,1
1499058120000,1499058179000,112.533,112.541,112.53,112.539,66130000,1
1499058180000,1499058239000,112.54,112.545,112.539,112.54,71860000,1
1499058240000,1499058299000,112.541,112.542,112.535,112.54,103670000,1
1499058300000,1499058359000,112.54,112.541,112.52,112.522,100690000,1
1499058360000,1499058419000,112.522,112.53,112.522,112.524,17120000,1
1499058420000,1499058479000,112.523,112.523,112.522,112.523,8740000,1
1499058480000,1499058539000,112.524,112.53,112.523,112.523,89260000,1
1499058540000,1499058599000,112.523,112.529,112.518,112.527,79560000,1
1499058600000,1499058659000,112.526,112.526,112.509,112.509,89010000,1
1499058660000,1499058719000,112.51,112.514,112.497,112.497,72020000,1
1499058720000,1499058779000,112.497,112.51,112.497,112.51,46350000,1
1499058780000,1499058839000,112.51,112.511,112.506,112.511,34560000,1
1499058840000,1499058899000,112.511,112.511,112.506,112.508,38160000,1
1499058900000,1499058959000,112.508,112.511,112.508,112.509,38960000,1
1499058960000,1499059019000,112.508,112.514,112.504,112.514,35980000,1
1499059020000,1499059079000,112.513,112.525,112.508,112.525,20370000,1
1499059080000,1499059139000,112.527,112.537,112.527,112.537,12000000,1
1499059140000,1499059199000,112.538,112.542,112.527,112.53,83850000,1
1499059200000,1499059259000,112.528,112.528,112.523,112.527,57520000,1
1499059260000,1499059319000,112.526,112.527,112.523,112.523,30000000,1
1499059320000,1499059379000,112.523,112.53,112.523,112.53,15620000,1
1499059380000,1499059439000,112.531,112.531,112.527,112.528,27630000,1
1499059440000,1499059499000,112.529,112.543,112.528,112.53,57960000,1
1499059500000,1499059559000,112.531,112.537,112.531,112.532,91910000,1
1499059560000,1499059619000,112.532,112.536,112.524,112.524,61660000,1
1499059620000,1499059679000,112.526,112.533,112.523,112.525,35000000,1
1499059680000,1499059739000,112.525,112.525,112.515,112.516,23640000,1
1499059740000,1499059799000,112.517,112.522,112.515,112.516,46070000,1
1499059800000,1499059859000,112.515,112.515,112.505,112.51,72940000,1
1499059860000,1499059919000,112.51,112.513,112.509,112.512,20110000,1
1499059920000,1499059979000,112.512,112.522,112.512,112.521,44330000,1
1499059980000,1499060039000,112.521,112.527,112.517,112.526,33750000,1
1499060040000,1499060099000,112.526,112.526,112.517,112.523,36700000,1
1499060100000,1499060159000,112.523,112.523,112.511,112.511,40380000,1
1499060160000,1499060219000,112.512,112.513,112.511,112.513,10190000,1
1499060220000,1499060279000,112.512,112.512,112.503,112.507,23620000,1
1499060280000,1499060339000,112.51,112.512,112.498,112.498,80270000,1
1499060340000,1499060399000,112.497,112.497,112.487,112.488,51640000,1
1499060400000,1499060459000,112.489,112.491,112.476,112.476,92750000,1
1499060460000,1499060519000,112.476,112.483,112.473,112.477,92400000,1
1499060520000,1499060579000,112.481,112.482,112.47,112.477,139280000,1
1499060580000,1499060639000,112.479,112.491,112.478,112.483,72920000,1
1499060640000,1499060699000,112.482,112.485,112.476,112.479,81780000,1
1499060700000,1499060759000,112.48,112.48,112.471,112.474,46950000,1
1499060760000,1499060819000,112.473,112.473,112.465,112.466,45980000,1
1499060820000,1499060879000,112.466,112.474,112.466,112.472,37310000,1
1499060880000,1499060939000,112.472,112.472,112.462,112.467,28070000,1
1499060940000,1499060999000,112.467,112.468,112.46,112.461,35450000,1
1499061000000,1499061059000,112.461,112.463,112.457,112.461,30730000,1
1499061060000,1499061119000,112.46,112.461,112.453,112.454,70090000,1
1499061120000,1499061179000,112.453,112.473,112.453,112.466,88280000,1
1499061180000,1499061239000,112.465,112.485,112.465,112.481,67270000,1
1499061240000,1499061299000,112.48,112.48,112.469,112.478,42850000,1
1499061300000,1499061359000,112.478,112.497,112.478,112.495,89650000,1
1499061360000,1499061419000,112.496,112.5,112.49,112.49,53340000,1
1499061420000,1499061479000,112.489,112.493,112.475,112.477,137590000,1
1499061480000,1499061539000,112.477,112.511,112.475,112.504,73420000,1
1499061540000,1499061599000,112.504,112.504,112.491,112.491,54800000,1
1499061600000,1499061659000,112.494,112.512,112.483,112.498,161660000,1
1499061660000,1499061719000,112.5,112.5,112.485,112.486,114760000,1
1499061720000,1499061779000,112.485,112.49,112.477,112.49,97270000,1
1499061780000,1499061839000,112.49,112.49,112.479,112.485,120540000,1
1499061840000,1499061899000,112.485,112.49,112.475,112.487,104430000,1
1499061900000,1499061959000,112.489,112.49,112.477,112.481,73110000,1
1499061960000,1499062019000,112.481,112.49,112.479,112.488,105820000,1
1499062020000,1499062079000,112.488,112.542,112.488,112.539,137610000,1
1499062080000,1499062139000,112.536,112.562,112.536,112.561,159910000,1
1499062140000,1499062199000,112.56,112.645,112.559,112.611,190870000,1
1499062200000,1499062259000,112.608,112.616,112.592,112.597,213710000,1
1499062260000,1499062319000,112.596,112.61,112.594,112.602,106780000,1
1499062320000,1499062379000,112.603,112.61,112.601,112.607,97030000,1
1499062380000,1499062439000,112.609,112.609,112.596,112.607,128240000,1
1499062440000,1499062499000,112.607,112.611,112.591,112.593,68600000,1
1499062500000,1499062559000,112.596,112.605,112.589,112.596,154040000,1
1499062560000,1499062619000,112.596,112.61,112.591,112.597,133950000,1
1499062620000,1499062679000,112.597,112.61,112.593,112.6,114990000,1
1499062680000,1499062739000,112.6,112.615,112.59,112.602,91010000,1
1499062740000,1499062799000,112.601,112.601,112.591,112.591,100110000,1
1499062800000,1499062859000,112.593,112.594,112.578,112.579,124540000,1
1499062860000,1499062919000,112.579,112.584,112.568,112.576,211380000,1
1499062920000,1499062979000,112.576,112.579,112.567,112.574,119700000,1
1499062980000,1499063039000,112.577,112.582,112.556,112.558,247510000,1
1499063040000,1499063099000,112.557,112.568,112.553,112.568,84490000,1
1499063100000,1499063159000,112.569,112.575,112.566,112.567,81060000,1
1499063160000,1499063219000,112.566,112.566,112.551,112.552,62070000,1
1499063220000,1499063279000,112.553,112.56,112.552,112.556,61480000,1
1499063280000,1499063339000,112.559,112.565,112.554,112.56,76040000,1
1499063340000,1499063399000,112.561,112.561,112.547,112.548,38670000,1
1499063400000,1499063459000,112.548,112.549,112.537,112.547,113170000,1
1499063460000,1499063519000,112.548,112.548,112.537,112.54,157160000,1
1499063520000,1499063579000,112.54,112.544,112.535,112.544,98900000,1
1499063580000,1499063639000,112.543,112.543,112.524,112.535,136170000,1
1499063640000,1499063699000,112.535,112.556,112.535,112.556,64580000,1
1499063700000,1499063759000,112.555,112.556,112.542,112.546,62250000,1
1499063760000,1499063819000,112.547,112.55,112.534,112.54,53910000,1
1499063820000,1499063879000,112.539,112.54,112.497,112.497,142480000,1
1499063880000,1499063939000,112.496,112.503,112.49,112.5,50950000,1
1499063940000,1499063999000,112.499,112.503,112.494,112.499,48130000,1
1499064000000,1499064059000,112.499,112.52,112.498,112.519,78320000,1
1499064060000,1499064119000,112.522,112.525,112.515,112.52,65680000,1
1499064120000,1499064179000,112.519,112.531,112.515,112.526,89710000,1
1499064180000,1499064239000,112.527,112.54,112.527,112.536,77160000,1
1499064240000,1499064299000,112.536,112.538,112.532,112.535,63130000,1
1499064300000,1499064359000,112.538,112.546,112.534,112.54,78900000,1
1499064360000,1499064419000,112.54,112.541,112.533,112.534,72240000,1
1499064420000,1499064479000,112.534,112.539,112.533,112.539,84450000,1
1499064480000,1499064539000,112.539,112.539,112.509,112.514,58380000,1
1499064540000,1499064599000,112.514,112.521,112.507,112.515,59170000,1
1499064600000,1499064659000,112.512,112.522,112.512,112.519,35330000,1
1499064660000,1499064719000,112.521,112.521,112.51,112.517,56030000,1
1499064720000,1499064779000,112.516,112.516,112.505,112.509,59220000,1
1499064780000,1499064839000,112.508,112.508,112.489,112.496,71040000,1
1499064840000,1499064899000,112.497,112.529,112.497,112.526,173570000,1
1499064900000,1499064959000,112.524,112.549,112.521,112.549,115900000,1
1499064960000,1499065019000,112.547,112.547,112.529,112.542,136200000,1
1499065020000,1499065079000,112.542,112.548,112.53,112.541,117490000,1
1499065080000,1499065139000,112.538,112.538,112.526,112.526,80580000,1
1499065140000,1499065199000,112.526,112.557,112.526,112.555,68660000,1
1499065200000,1499065259000,112.553,112.595,112.55,112.581,287130000,1
1499065260000,1499065319000,112.581,112.587,112.575,112.58,149160000,1
1499065320000,1499065379000,112.58,112.592,112.573,112.586,222740000,1
1499065380000,1499065439000,112.586,112.586,112.566,112.57,187300000,1
1499065440000,1499065499000,112.57,112.571,112.554,112.559,139650000,1
1499065500000,1499065559000,112.56,112.57,112.548,112.555,180290000,1
1499065560000,1499065619000,112.554,112.577,112.54,112.54,147510000,1
1499065620000,1499065679000,112.539,112.55,112.524,112.548,262190000,1
1499065680000,1499065739000,112.547,112.556,112.544,112.554,101790000,1
1499065740000,1499065799000,112.555,112.586,112.555,112.579,187480000,1
1499065800000,1499065859000,112.579,112.585,112.565,112.566,128780000,1
1499065860000,1499065919000,112.566,112.579,112.558,112.579,160920000,1
1499065920000,1499065979000,112.58,112.615,112.576,112.596,291170000,1
1499065980000,1499066039000,112.595,112.595,112.577,112.578,119270000,1
1499066040000,1499066099000,112.58,112.586,112.574,112.58,168560000,1
1499066100000,1499066159000,112.58,112.58,112.557,112.568,119050000,1
1499066160000,1499066219000,112.566,112.585,112.566,112.583,149880000,1
1499066220000,1499066279000,112.583,112.606,112.578,112.588,280140000,1
1499066280000,1499066339000,112.59,112.604,112.587,112.603,136770000,1
1499066340000,1499066399000,112.602,112.675,112.597,112.649,310900000,1
1499066400000,1499066459000,112.649,112.655,112.641,112.65,101940000,1
1499066460000,1499066519000,112.648,112.651,112.638,112.644,155350000,1
1499066520000,1499066579000,112.642,112.646,112.634,112.636,149170000,1
1499066580000,1499066639000,112.635,112.639,112.624,112.631,97700000,1
1499066640000,1499066699000,112.63,112.65,112.629,112.635,128520000,1
1499066700000,1499066759000,112.633,112.649,112.63,112.649,137920000,1
1499066760000,1499066819000,112.649,112.656,112.643,112.647,131250000,1
1499066820000,1499066879000,112.648,112.662,112.642,112.645,153620000,1
1499066880000,1499066939000,112.645,112.691,112.642,112.686,196520000,1
1499066940000,1499066999000,112.686,112.746,112.679,112.719,285420000,1
1499067000000,1499067059000,112.719,112.735,112.71,112.715,203990000,1
1499067060000,1499067119000,112.715,112.72,112.7,112.719,137570000,1
1499067120000,1499067179000,112.719,112.726,112.712,112.713,337050000,1
1499067180000,1499067239000,112.713,112.738,112.71,112.737,217850000,1
1499067240000,1499067299000,112.737,112.769,112.737,112.768,261300000,1
1499067300000,1499067359000,112.768,112.792,112.759,112.786,169430000,1
1499067360000,1499067419000,112.784,112.804,112.779,112.796,234560000,1
1499067420000,1499067479000,112.796,112.82,112.793,112.819,221410000,1
1499067480000,1499067539000,112.819,112.828,112.813,112.818,218410000,1
1499067540000,1499067599000,112.819,112.836,112.806,112.836,279680000,1
1499067600000,1499067659000,112.837,112.87,112.834,112.86,264240000,1
1499067660000,1499067719000,112.859,112.859,112.834,112.844,182030000,1
1499067720000,1499067779000,112.844,112.847,112.828,112.838,171600000,1
1499067780000,1499067839000,112.841,112.844,112.819,112.819,124170000,1
1499067840000,1499067899000,112.818,112.831,112.818,112.818,107390000,1
1499067900000,1499067959000,112.818,112.83,112.808,112.817,148800000,1
1499067960000,1499068019000,112.816,112.833,112.808,112.832,167100000,1
1499068020000,1499068079000,112.833,112.846,112.832,112.839,385430000,1
1499068080000,1499068139000,112.842,112.844,112.829,112.838,132370000,1
1499068140000,1499068199000,112.838,112.861,112.838,112.858,131190000,1
1499068200000,1499068259000,112.858,112.86,112.843,112.849,169650000,1
1499068260000,1499068319000,112.849,112.855,112.808,112.819,156550000,1
1499068320000,1499068379000,112.82,112.823,112.804,112.808,173710000,1
1499068380000,1499068439000,112.807,112.837,112.805,112.819,133220000,1
1499068440000,1499068499000,112.82,112.825,112.815,112.815,93620000,1
1499068500000,1499068559000,112.815,112.833,112.815,112.83,143440000,1
1499068560000,1499068619000,112.83,112.835,112.812,112.827,149530000,1
1499068620000,1499068679000,112.829,112.837,112.822,112.822,116730000,1
1499068680000,1499068739000,112.823,112.824,112.806,112.806,92290000,1
1499068740000,1499068799000,112.808,112.82,112.786,112.791,130000000,1
1499068800000,1499068859000,112.789,112.81,112.787,112.807,153230000,1
1499068860000,1499068919000,112.806,112.82,112.804,112.82,187090000,1
1499068920000,1499068979000,112.82,112.857,112.82,112.857,191050000,1
1499068980000,1499069039000,112.859,112.862,112.837,112.837,161370000,1
1499069040000,1499069099000,112.837,112.851,112.833,112.85,108200000,1
1499069100000,1499069159000,112.851,112.854,112.841,112.849,138440000,1
1499069160000,1499069219000,112.849,112.857,112.828,112.838,229210000,1
1499069220000,1499069279000,112.839,112.846,112.833,112.836,90620000,1
1499069280000,1499069339000,112.835,112.836,112.828,112.831,62220000,1
1499069340000,1499069399000,112.83,112.836,112.823,112.823,88180000,1
1499069400000,1499069459000,112.824,112.835,112.824,112.831,179520000,1
1499069460000,1499069519000,112.83,112.832,112.825,112.83,109270000,1
1499069520000,1499069579000,112.83,112.859,112.829,112.855,164640000,1
1499069580000,1499069639000,112.853,112.903,112.851,112.897,277240000,1
1499069640000,1499069699000,112.898,112.901,112.887,112.888,146770000,1
1499069700000,1499069759000,112.887,112.893,112.874,112.888,143770000,1
1499069760000,1499069819000,112.888,112.888,112.872,112.88,176180000,1
1499069820000,1499069879000,112.88,112.89,112.875,112.89,141610000,1
1499069880000,1499069939000,112.894,112.9,112.887,112.887,92780000,1
1499069940000,1499069999000,112.887,112.892,112.875,112.88,105010000,1
1499070000000,1499070059000,112.879,112.899,112.879,112.892,98280000,1
1499070060000,1499070119000,112.893,112.94,112.892,112.908,191760000,1
1499070120000,1499070179000,112.907,112.908,112.896,112.897,109790000,1
1499070180000,1499070239000,112.896,112.901,112.887,112.887,119090000,1
1499070240000,1499070299000,112.887,112.887,112.871,112.875,130730000,1
1499070300000,1499070359000,112.874,112.883,112.868,112.876,121630000,1
1499070360000,1499070419000,112.878,112.881,112.846,112.86,124030000,1
1499070420000,1499070479000,112.858,112.863,112.856,112.857,123320000,1
1499070480000,1499070539000,112.857,112.857,112.843,112.852,117970000,1
1499070540000,1499070599000,112.853,112.871,112.852,112.866,143230000,1
1499070600000,1499070659000,112.867,112.872,112.853,112.865,94200000,1
1499070660000,1499070719000,112.865,112.869,112.863,112.867,38610000,1
1499070720000,1499070779000,112.866,112.867,112.84,112.841,341400000,1
1499070780000,1499070839000,112.841,112.877,112.834,112.87,143310000,1
1499070840000,1499070899000,112.868,112.868,112.855,112.861,116320000,1
1499070900000,1499070959000,112.862,112.881,112.858,112.874,112710000,1
1499070960000,1499071019000,112.875,112.875,112.861,112.868,60790000,1
1499071020000,1499071079000,112.868,112.87,112.861,112.861,49060000,1
1499071080000,1499071139000,112.861,112.869,112.86,112.869,51510000,1
1499071140000,1499071199000,112.869,112.886,112.869,112.881,74840000,1
1499071200000,1499071259000,112.881,112.882,112.87,112.879,78930000,1
1499071260000,1499071319000,112.878,112.902,112.876,112.893,77940000,1
1499071320000,1499071379000,112.892,112.915,112.887,112.904,99230000,1
1499071380000,1499071439000,112.905,112.906,112.888,112.904,189280000,1
1499071440000,1499071499000,112.905,112.905,112.889,112.892,86310000,1
1499071500000,1499071559000,112.891,112.892,112.88,112.88,103530000,1
1499071560000,1499071619000,112.881,112.886,112.869,112.874,111840000,1
1499071620000,1499071679000,112.873,112.873,112.838,112.839,152070000,1
1499071680000,1499071739000,112.837,112.845,112.83,112.83,111130000,1
1499071740000,1499071799000,112.83,112.843,112.828,112.835,96460000,1
1499071800000,1499071859000,112.837,112.84,112.826,112.827,84890000,1
1499071860000,1499071919000,112.828,112.856,112.827,112.855,83800000,1
1499071920000,1499071979000,112.856,112.859,112.844,112.858,71580000,1
1499071980000,1499072039000,112.858,112.87,112.855,112.868,94340000,1
1499072040000,1499072099000,112.869,112.882,112.869,112.87,70460000,1
1499072100000,1499072159000,112.87,112.885,112.865,112.879,106570000,1
1499072160000,1499072219000,112.879,112.886,112.867,112.879,69670000,1
1499072220000,1499072279000,112.878,112.888,112.877,112.887,111610000,1
1499072280000,1499072339000,112.889,112.904,112.889,112.895,110630000,1
1499072340000,1499072399000,112.894,112.911,112.894,112.894,167830000,1
1499072400000,1499072459000,112.896,112.907,112.896,112.9,99690000,1
1499072460000,1499072519000,112.902,112.911,112.901,112.901,55660000,1
1499072520000,1499072579000,112.901,112.901,112.86,112.861,109910000,1
1499072580000,1499072639000,112.86,112.863,112.85,112.85,101840000,1
1499072640000,1499072699000,112.851,112.888,112.851,112.887,150370000,1
1499072700000,1499072759000,112.888,112.892,112.864,112.864,143590000,1
1499072760000,1499072819000,112.868,112.874,112.849,112.851,83510000,1
1499072820000,1499072879000,112.853,112.865,112.85,112.851,103810000,1
1499072880000,1499072939000,112.851,112.851,112.835,112.845,88310000,1
1499072940000,1499072999000,112.845,112.849,112.83,112.839,83400000,1
1499073000000,1499073059000,112.84,112.846,112.838,112.846,25000000,1
1499073060000,1499073119000,112.847,112.85,112.844,112.85,47430000,1
1499073120000,1499073179000,112.851,112.869,112.85,112.868,82040000,1
1499073180000,1499073239000,112.868,112.887,112.867,112.881,40660000,1
1499073240000,1499073299000,112.882,112.882,112.851,112.851,97680000,1
1499073300000,1499073359000,112.852,112.859,112.844,112.848,99280000,1
1499073360000,1499073419000,112.847,112.856,112.838,112.848,152390000,1
1499073420000,1499073479000,112.849,112.856,112.846,112.856,67940000,1
1499073480000,1499073539000,112.856,112.875,112.855,112.862,107990000,1
1499073540000,1499073599000,112.865,112.887,112.865,112.881,132090000,1
1499073600000,1499073659000,112.882,112.884,112.861,112.865,115030000,1
1499073660000,1499073719000,112.864,112.867,112.86,112.861,43290000,1
1499073720000,1499073779000,112.861,112.862,112.843,112.847,121710000,1
1499073780000,1499073839000,112.847,112.852,112.845,112.85,92540000,1
1499073840000,1499073899000,112.85,112.861,112.846,112.858,69340000,1
1499073900000,1499073959000,112.858,112.866,112.856,112.856,53280000,1
1499073960000,1499074019000,112.857,112.871,112.857,112.871,97560000,1
1499074020000,1499074079000,112.87,112.87,112.849,112.858,86560000,1
1499074080000,1499074139000,112.857,112.863,112.852,112.863,86510000,1
1499074140000,1499074199000,112.863,112.87,112.855,112.867,111990000,1
1499074200000,1499074259000,112.868,112.868,112.853,112.864,100320000,1
1499074260000,1499074319000,112.866,112.873,112.862,112.863,71130000,1
1499074320000,1499074379000,112.864,112.874,112.855,112.873,140810000,1
1499074380000,1499074439000,112.875,112.888,112.875,112.879,108280000,1
1499074440000,1499074499000,112.881,112.883,112.877,112.882,119400000,1
1499074500000,1499074559000,112.881,112.886,112.876,112.883,106660000,1
1499074560000,1499074619000,112.884,112.887,112.862,112.865,101880000,1
1499074620000,1499074679000,112.865,112.867,112.85,112.857,119480000,1
1499074680000,1499074739000,112.857,112.876,112.857,112.871,70320000,1
1499074740000,1499074799000,112.87,112.881,112.87,112.88,118910000,1
1499074800000,1499074859000,112.88,112.89,112.868,112.875,94460000,1
1499074860000,1499074919000,112.875,112.875,112.863,112.872,75680000,1
1499074920000,1499074979000,112.87,112.878,112.862,112.875,150510000,1
1499074980000,1499075039000,112.874,112.877,112.865,112.866,46050000,1
1499075040000,1499075099000,112.865,112.866,112.848,112.851,80130000,1
1499075100000,1499075159000,112.85,112.853,112.844,112.85,64520000,1
1499075160000,1499075219000,112.85,112.853,112.85,112.853,82660000,1
1499075220000,1499075279000,112.855,112.865,112.855,112.858,75890000,1
1499075280000,1499075339000,112.859,112.861,112.858,112.859,17120000,1
1499075340000,1499075399000,112.857,112.862,112.857,112.861,30720000,1
1499075400000,1499075459000,112.863,112.869,112.859,112.867,67020000,1
1499075460000,1499075519000,112.864,112.876,112.862,112.868,102410000,1
1499075520000,1499075579000,112.871,112.882,112.869,112.881,90230000,1
1499075580000,1499075639000,112.881,112.894,112.879,112.888,109060000,1
1499075640000,1499075699000,112.888,112.888,112.881,112.881,143300000,1
1499075700000,1499075759000,112.882,112.894,112.874,112.888,168220000,1
1499075760000,1499075819000,112.887,112.892,112.878,112.879,135690000,1
1499075820000,1499075879000,112.88,112.9,112.879,112.9,114360000,1
1499075880000,1499075939000,112.9,112.906,112.894,112.895,94340000,1
1499075940000,1499075999000,112.894,112.908,112.889,112.907,66230000,1
1499076000000,1499076059000,112.907,112.968,112.903,112.964,153650000,1
1499076060000,1499076119000,112.962,112.979,112.958,112.959,144550000,1
1499076120000,1499076179000,112.961,112.978,112.959,112.97,97820000,1
1499076180000,1499076239000,112.969,112.97,112.946,112.958,149970000,1
1499076240000,1499076299000,112.958,112.958,112.948,112.952,103080000,1
1499076300000,1499076359000,112.951,112.957,112.95,112.952,43170000,1
1499076360000,1499076419000,112.951,112.951,112.931,112.931,97370000,1
1499076420000,1499076479000,112.931,112.959,112.93,112.956,98400000,1
1499076480000,1499076539000,112.956,112.956,112.937,112.939,90020000,1
1499076540000,1499076599000,112.938,112.95,112.935,112.936,54760000,1
1499076600000,1499076659000,112.937,112.948,112.932,112.932,75380000,1
1499076660000,1499076719000,112.932,112.953,112.932,112.953,61350000,1
1499076720000,1499076779000,112.956,112.961,112.945,112.953,131430000,1
1499076780000,1499076839000,112.952,112.963,112.952,112.956,72060000,1
1499076840000,1499076899000,112.957,112.962,112.949,112.95,69600000,1
1499076900000,1499076959000,112.948,112.949,112.945,112.945,71140000,1
1499076960000,1499077019000,112.945,112.976,112.937,112.976,114620000,1
1499077020000,1499077079000,112.978,112.989,112.969,112.976,104940000,1
1499077080000,1499077139000,112.979,112.979,112.975,112.976,31740000,1
1499077140000,1499077199000,112.977,112.981,112.967,112.967,52170000,1
1499077200000,1499077259000,112.969,112.973,112.959,112.959,48120000,1
1499077260000,1499077319000,112.96,112.964,112.936,112.945,62580000,1
1499077320000,1499077379000,112.946,112.95,112.934,112.946,95670000,1
1499077380000,1499077439000,112.947,112.956,112.943,112.946,110380000,1
1499077440000,1499077499000,112.945,112.968,112.944,112.963,89310000,1
1499077500000,1499077559000,112.962,112.97,112.96,112.968,137010000,1
1499077560000,1499077619000,112.97,112.972,112.956,112.969,107660000,1
1499077620000,1499077679000,112.968,112.971,112.963,112.971,62320000,1
1499077680000,1499077739000,112.972,112.982,112.97,112.981,65110000,1
1499077740000,1499077799000,112.982,112.988,112.982,112.987,57610000,1
1499077800000,1499077859000,112.985,112.989,112.983,112.985,50520000,1
1499077860000,1499077919000,112.984,112.988,112.973,112.978,120110000,1
1499077920000,1499077979000,112.98,112.987,112.98,112.986,103290000,1
1499077980000,1499078039000,112.984,112.99,112.983,112.984,62790000,1
1499078040000,1499078099000,112.985,112.989,112.981,112.984,69650000,1
1499078100000,1499078159000,112.985,112.989,112.985,112.989,53810000,1
1499078160000,1499078219000,112.988,112.992,112.977,112.981,93750000,1
1499078220000,1499078279000,112.981,112.982,112.962,112.967,168350000,1
1499078280000,1499078339000,112.967,112.972,112.964,112.966,32850000,1
1499078340000,1499078399000,112.966,112.99,112.966,112.985,92610000,1
1499078400000,1499078459000,112.983,112.989,112.983,112.989,110820000,1
1499078460000,1499078519000,112.99,112.991,112.978,112.979,64280000,1
1499078520000,1499078579000,112.979,112.979,112.97,112.975,60920000,1
1499078580000,1499078639000,112.974,113.076,112.966,113.063,338130000,1
1499078640000,1499078699000,113.066,113.074,113.036,113.04,249870000,1
1499078700000,1499078759000,113.039,113.073,113.038,113.067,165170000,1
1499078760000,1499078819000,113.068,113.068,113.034,113.038,134270000,1
1499078820000,1499078879000,113.038,113.048,113.027,113.03,157430000,1
1499078880000,1499078939000,113.031,113.031,112.999,112.999,79240000,1
1499078940000,1499078999000,112.999,113.006,112.983,112.989,121510000,1
1499079000000,1499079059000,112.988,113.0,112.979,112.992,154690000,1
1499079060000,1499079119000,112.992,113.008,112.991,112.996,125310000,1
1499079120000,1499079179000,112.996,112.996,112.983,112.985,58310000,1
1499079180000,1499079239000,112.984,112.99,112.979,112.986,107720000,1
1499079240000,1499079299000,112.987,112.991,112.978,112.987,140130000,1
1499079300000,1499079359000,112.987,113.009,112.983,113.009,97320000,1
1499079360000,1499079419000,113.008,113.024,113.002,113.018,116370000,1
1499079420000,1499079479000,113.019,113.036,113.019,113.026,80950000,1
1499079480000,1499079539000,113.026,113.04,113.026,113.035,81230000,1
1499079540000,1499079599000,113.033,113.042,113.022,113.038,144890000,1
1499079600000,1499079659000,113.036,113.04,113.008,113.009,177350000,1
1499079660000,1499079719000,113.008,113.013,112.989,112.99,186090000,1
1499079720000,1499079779000,112.993,112.996,112.981,112.984,164170000,1
1499079780000,1499079839000,112.985,112.995,112.982,112.983,57450000,1
1499079840000,1499079899000,112.984,112.997,112.977,112.985,74270000,1
1499079900000,1499079959000,112.985,112.985,112.962,112.965,201630000,1
1499079960000,1499080019000,112.964,112.981,112.959,112.98,93570000,1
1499080020000,1499080079000,112.98,112.98,112.968,112.971,158260000,1
1499080080000,1499080139000,112.973,112.982,112.968,112.969,108120000,1
1499080140000,1499080199000,112.968,112.979,112.968,112.973,43070000,1
1499080200000,1499080259000,112.974,112.988,112.974,112.979,89050000,1
1499080260000,1499080319000,112.979,112.983,112.974,112.977,87390000,1
1499080320000,1499080379000,112.975,112.988,112.973,112.976,98120000,1
1499080380000,1499080439000,112.976,112.986,112.976,112.983,107720000,1
1499080440000,1499080499000,112.985,113.011,112.985,113.011,96140000,1
1499080500000,1499080559000,113.011,113.014,113.006,113.011,74760000,1
1499080560000,1499080619000,113.011,113.044,113.011,113.042,147970000,1
1499080620000,1499080679000,113.042,113.051,113.038,113.039,157290000,1
1499080680000,1499080739000,113.038,113.04,113.028,113.03,262370000,1
1499080740000,1499080799000,113.029,113.045,113.029,113.035,195130000,1
1499080800000,1499080859000,113.034,113.034,113.009,113.011,99410000,1
1499080860000,1499080919000,113.01,113.037,113.005,113.034,131810000,1
1499080920000,1499080979000,113.033,113.033,113.004,113.008,177180000,1
1499080980000,1499081039000,113.008,113.012,112.988,113.01,88950000,1
1499081040000,1499081099000,113.009,113.012,112.998,113.005,96830000,1
1499081100000,1499081159000,113.006,113.019,113.003,113.018,45420000,1
1499081160000,1499081219000,113.019,113.024,113.015,113.019,54240000,1
1499081220000,1499081279000,113.018,113.023,113.018,113.02,32480000,1
1499081280000,1499081339000,113.02,113.035,113.016,113.023,110500000,1
1499081340000,1499081399000,113.023,113.028,113.02,113.026,121120000,1
1499081400000,1499081459000,113.026,113.033,113.02,113.02,99490000,1
1499081460000,1499081519000,113.02,113.05,113.016,113.042,117000000,1
1499081520000,1499081579000,113.043,113.044,113.031,113.035,111950000,1
1499081580000,1499081639000,113.034,113.053,113.034,113.051,83870000,1
1499081640000,1499081699000,113.05,113.051,113.027,113.029,91070000,1
1499081700000,1499081759000,113.028,113.031,113.02,113.027,69360000,1
1499081760000,1499081819000,113.026,113.042,113.022,113.039,120040000,1
1499081820000,1499081879000,113.039,113.042,113.035,113.039,77660000,1
1499081880000,1499081939000,113.039,113.039,113.025,113.031,105420000,1
1499081940000,1499081999000,113.03,113.033,113.027,113.031,65600000,1
1499082000000,1499082059000,113.029,113.029,113.014,113.016,65740000,1
1499082060000,1499082119000,113.017,113.017,112.984,112.993,136520000,1
1499082120000,1499082179000,112.992,112.992,112.964,112.965,111150000,1
1499082180000,1499082239000,112.964,112.973,112.956,112.961,75770000,1
1499082240000,1499082299000,112.961,112.963,112.949,112.963,85790000,1
1499082300000,1499082359000,112.963,112.965,112.959,112.964,34280000,1
1499082360000,1499082419000,112.966,112.981,112.946,112.959,124520000,1
1499082420000,1499082479000,112.957,112.966,112.953,112.959,50300000,1
1499082480000,1499082539000,112.96,112.965,112.956,112.959,104240000,1
1499082540000,1499082599000,112.958,112.967,112.955,112.958,73190000,1
1499082600000,1499082659000,112.957,112.965,112.957,112.961,58000000,1
1499082660000,1499082719000,112.96,112.966,112.96,112.966,83330000,1
1499082720000,1499082779000,112.966,112.969,112.956,112.959,177120000,1
1499082780000,1499082839000,112.959,112.959,112.952,112.958,79780000,1
1499082840000,1499082899000,112.958,112.961,112.956,112.961,52120000,1
1499082900000,1499082959000,112.961,112.98,112.961,112.973,84240000,1
1499082960000,1499083019000,112.972,112.972,112.96,112.961,54470000,1
1499083020000,1499083079000,112.962,112.987,112.961,112.984,207170000,1
1499083080000,1499083139000,112.985,112.991,112.975,112.982,75920000,1
1499083140000,1499083199000,112.981,112.985,112.977,112.977,92910000,1
1499083200000,1499083259000,112.98,112.989,112.972,112.982,91010000,1
1499083260000,1499083319000,112.984,112.99,112.984,112.987,55470000,1
1499083320000,1499083379000,112.986,113.006,112.984,113.003,102590000,1
1499083380000,1499083439000,113.004,113.007,112.982,112.993,178370000,1
1499083440000,1499083499000,112.995,112.999,112.977,112.985,101640000,1
1499083500000,1499083559000,112.983,112.998,112.979,112.987,74590000,1
1499083560000,1499083619000,112.987,113.004,112.975,113.001,162360000,1
1499083620000,1499083679000,113.002,113.003,112.981,112.983,85500000,1
1499083680000,1499083739000,112.983,112.991,112.979,112.99,66180000,1
1499083740000,1499083799000,112.991,112.996,112.983,112.995,84090000,1
1499083800000,1499083859000,112.996,112.999,112.98,112.986,132960000,1
1499083860000,1499083919000,112.987,113.003,112.976,112.979,178150000,1
1499083920000,1499083979000,112.981,112.983,112.965,112.971,165640000,1
1499083980000,1499084039000,112.971,112.99,112.958,112.99,133380000,1
1499084040000,1499084099000,112.99,112.99,112.982,112.988,118660000,1
1499084100000,1499084159000,112.986,112.99,112.983,112.988,64950000,1
1499084160000,1499084219000,112.988,112.988,112.96,112.978,95140000,1
1499084220000,1499084279000,112.979,112.985,112.973,112.981,123730000,1
1499084280000,1499084339000,112.981,112.981,112.939,112.948,158690000,1
1499084340000,1499084399000,112.948,112.957,112.935,112.935,124350000,1
1499084400000,1499084459000,112.935,112.948,112.932,112.948,108980000,1
1499084460000,1499084519000,112.947,112.948,112.928,112.934,117130000,1
1499084520000,1499084579000,112.933,112.942,112.926,112.927,137600000,1
1499084580000,1499084639000,112.927,112.928,112.926,112.927,40820000,1
1499084640000,1499084699000,112.927,112.927,112.88,112.889,215060000,1
1499084700000,1499084759000,112.891,112.901,112.881,112.889,180700000,1
1499084760000,1499084819000,112.889,112.895,112.885,112.895,126730000,1
1499084820000,1499084879000,112.896,112.903,112.896,112.903,102950000,1
1499084880000,1499084939000,112.901,112.903,112.876,112.876,132390000,1
1499084940000,1499084999000,112.874,112.884,112.848,112.859,157310000,1
1499085000000,1499085059000,112.86,112.865,112.85,112.862,172840000,1
1499085060000,1499085119000,112.862,112.873,112.85,112.862,144510000,1
1499085120000,1499085179000,112.862,112.883,112.861,112.882,121170000,1
1499085180000,1499085239000,112.882,112.902,112.882,112.899,96950000,1
1499085240000,1499085299000,112.9,112.916,112.9,112.908,134630000,1
1499085300000,1499085359000,112.91,112.916,112.905,112.905,72750000,1
1499085360000,1499085419000,112.907,112.916,112.901,112.906,157670000,1
1499085420000,1499085479000,112.907,112.909,112.888,112.899,248860000,1
1499085480000,1499085539000,112.899,112.904,112.893,112.894,184820000,1
1499085540000,1499085599000,112.894,112.902,112.892,112.9,126710000,1
1499085600000,1499085659000,112.9,112.905,112.888,112.895,78580000,1
1499085660000,1499085719000,112.895,112.909,112.895,112.901,134540000,1
1499085720000,1499085779000,112.899,112.908,112.897,112.907,113350000,1
1499085780000,1499085839000,112.907,112.913,112.902,112.91,57360000,1
1499085840000,1499085899000,112.911,112.914,112.883,112.884,93190000,1
1499085900000,1499085959000,112.883,112.9,112.878,112.884,113970000,1
1499085960000,1499086019000,112.887,112.895,112.886,112.893,62510000,1
1499086020000,1499086079000,112.892,112.902,112.888,112.902,91100000,1
1499086080000,1499086139000,112.903,112.907,112.873,112.874,104370000,1
1499086140000,1499086199000,112.874,112.902,112.868,112.891,137230000,1
1499086200000,1499086259000,112.89,112.906,112.889,112.905,93540000,1
1499086260000,1499086319000,112.907,112.917,112.906,112.911,130350000,1
1499086320000,1499086379000,112.911,112.924,112.909,112.914,111930000,1
1499086380000,1499086439000,112.913,112.926,112.912,112.925,115350000,1
1499086440000,1499086499000,112.924,112.924,112.907,112.92,92680000,1
1499086500000,1499086559000,112.921,112.934,112.92,112.928,131430000,1
1499086560000,1499086619000,112.927,112.955,112.926,112.955,249000000,1
1499086620000,1499086679000,112.953,112.968,112.953,112.959,109420000,1
1499086680000,1499086739000,112.961,112.98,112.958,112.978,123810000,1
1499086740000,1499086799000,112.98,113.005,112.98,112.986,237730000,1
1499086800000,1499086859000,112.985,113.019,112.98,113.019,180970000,1
1499086860000,1499086919000,113.015,113.027,113.008,113.027,145860000,1
1499086920000,1499086979000,113.027,113.036,113.022,113.033,149930000,1
1499086980000,1499087039000,113.032,113.047,113.026,113.041,211740000,1
1499087040000,1499087099000,113.043,113.048,113.033,113.041,191600000,1
1499087100000,1499087159000,113.042,113.053,113.019,113.021,225530000,1
1499087160000,1499087219000,113.022,113.036,113.02,113.027,186290000,1
1499087220000,1499087279000,113.027,113.079,113.027,113.07,263700000,1
1499087280000,1499087339000,113.07,113.07,113.029,113.042,165420000,1
1499087340000,1499087399000,113.043,113.057,113.04,113.048,126460000,1
1499087400000,1499087459000,113.049,113.09,113.049,113.088,171380000,1
1499087460000,1499087519000,113.087,113.087,113.052,113.052,217940000,1
1499087520000,1499087579000,113.053,113.061,113.052,113.06,113810000,1
1499087580000,1499087639000,113.058,113.058,113.039,113.044,156830000,1
1499087640000,1499087699000,113.044,113.068,113.036,113.039,157660000,1
1499087700000,1499087759000,113.04,113.044,113.032,113.032,106700000,1
1499087760000,1499087819000,113.032,113.043,113.021,113.026,144250000,1
1499087820000,1499087879000,113.026,113.032,113.013,113.032,138760000,1
1499087880000,1499087939000,113.031,113.041,113.031,113.032,104500000,1
1499087940000,1499087999000,113.031,113.032,112.989,113.013,149740000,1
1499088000000,1499088059000,113.015,113.02,113.005,113.007,149050000,1
1499088060000,1499088119000,113.008,113.019,113.006,113.015,90640000,1
1499088120000,1499088179000,113.014,113.02,113.01,113.017,51980000,1
1499088180000,1499088239000,113.017,113.047,113.016,113.047,97090000,1
1499088240000,1499088299000,113.048,113.048,113.029,113.034,80700000,1
1499088300000,1499088359000,113.033,113.05,113.032,113.043,157830000,1
1499088360000,1499088419000,113.043,113.05,113.034,113.04,148540000,1
1499088420000,1499088479000,113.041,113.053,113.04,113.044,204630000,1
1499088480000,1499088539000,113.043,113.06,113.039,113.049,146840000,1
1499088540000,1499088599000,113.05,113.05,113.025,113.03,178540000,1
1499088600000,1499088659000,113.031,113.045,113.014,113.028,296610000,1
1499088660000,1499088719000,113.028,113.043,113.015,113.034,338020000,1
1499088720000,1499088779000,113.034,113.063,113.028,113.061,271080000,1
1499088780000,1499088839000,113.06,113.068,113.037,113.04,210400000,1
1499088840000,1499088899000,113.039,113.051,113.033,113.037,204570000,1
1499088900000,1499088959000,113.034,113.035,113.018,113.022,128190000,1
1499088960000,1499089019000,113.022,113.034,113.005,113.006,200610000,1
1499089020000,1499089079000,113.003,113.034,113.002,113.027,162430000,1
1499089080000,1499089139000,113.027,113.048,113.027,113.047,182880000,1
1499089140000,1499089199000,113.047,113.057,113.036,113.04,215330000,1
1499089200000,1499089259000,113.041,113.066,113.041,113.056,128070000,1
1499089260000,1499089319000,113.056,113.057,113.028,113.029,197900000,1
1499089320000,1499089379000,113.029,113.038,113.015,113.021,120830000,1
1499089380000,1499089439000,113.022,113.025,113.021,113.021,68770000,1
1499089440000,1499089499000,113.021,113.038,113.021,113.033,143740000,1
1499089500000,1499089559000,113.033,113.06,113.033,113.052,184970000,1
1499089560000,1499089619000,113.052,113.052,113.022,113.022,191030000,1
1499089620000,1499089679000,113.021,113.049,113.019,113.048,117350000,1
1499089680000,1499089739000,113.046,113.072,113.035,113.067,348990000,1
1499089740000,1499089799000,113.066,113.078,113.05,113.053,201310000,1
1499089800000,1499089859000,113.055,113.058,113.045,113.046,118290000,1
1499089860000,1499089919000,113.044,113.053,113.038,113.047,194890000,1
1499089920000,1499089979000,113.046,113.058,113.046,113.053,85720000,1
1499089980000,1499090039000,113.056,113.068,113.049,113.06,161480000,1
1499090040000,1499090099000,113.06,113.06,113.035,113.04,179330000,1
1499090100000,1499090159000,113.04,113.051,113.036,113.042,125360000,1
1499090160000,1499090219000,113.044,113.055,113.044,113.051,185680000,1
1499090220000,1499090279000,113.05,113.05,113.025,113.026,117100000,1
1499090280000,1499090339000,113.028,113.036,113.025,113.033,297610000,1
1499090340000,1499090399000,113.034,113.073,113.018,113.028,200690000,1
1499090400000,1499090459000,113.03,113.227,113.028,113.186,689620000,1
1499090460000,1499090519000,113.185,113.249,113.181,113.246,445830000,1
1499090520000,1499090579000,113.246,113.277,113.237,113.246,423880000,1
1499090580000,1499090639000,113.238,113.238,113.197,113.214,439060000,1
1499090640000,1499090699000,113.213,113.232,113.202,113.207,356530000,1
1499090700000,1499090759000,113.205,113.213,113.188,113.205,306830000,1
1499090760000,1499090819000,113.207,113.219,113.187,113.196,326870000,1
1499090820000,1499090879000,113.197,113.248,113.197,113.241,334020000,1
1499090880000,1499090939000,113.24,113.251,113.21,113.246,361770000,1
1499090940000,1499090999000,113.248,113.263,113.234,113.244,323660000,1
1499091000000,1499091059000,113.242,113.243,113.209,113.213,232480000,1
1499091060000,1499091119000,113.215,113.228,113.19,113.199,233850000,1
1499091120000,1499091179000,113.202,113.214,113.19,113.211,241910000,1
1499091180000,1499091239000,113.21,113.226,113.196,113.224,131100000,1
1499091240000,1499091299000,113.224,113.227,113.2,113.205,161920000,1
1499091300000,1499091359000,113.204,113.21,113.187,113.195,133680000,1
1499091360000,1499091419000,113.195,113.196,113.181,113.183,232820000,1
1499091420000,1499091479000,113.185,113.201,113.185,113.192,160980000,1
1499091480000,1499091539000,113.192,113.217,113.179,113.188,265570000,1
1499091540000,1499091599000,113.188,113.199,113.171,113.177,259000000,1
1499091600000,1499091659000,113.175,113.2,113.175,113.19,183410000,1
1499091660000,1499091719000,113.19,113.202,113.176,113.184,204640000,1
1499091720000,1499091779000,113.184,113.185,113.162,113.183,150650000,1
1499091780000,1499091839000,113.182,113.212,113.176,113.202,192570000,1
1499091840000,1499091899000,113.201,113.206,113.191,113.205,232470000,1
1499091900000,1499091959000,113.204,113.222,113.196,113.214,202460000,1
1499091960000,1499092019000,113.213,113.225,113.207,113.223,264180000,1
1499092020000,1499092079000,113.223,113.226,113.21,113.211,193030000,1
1499092080000,1499092139000,113.21,113.242,113.21,113.242,155170000,1
1499092140000,1499092199000,113.243,113.243,113.202,113.211,207760000,1
1499092200000,1499092259000,113.214,113.242,113.212,113.232,178420000,1
1499092260000,1499092319000,113.231,113.253,113.221,113.237,238240000,1
1499092320000,1499092379000,113.237,113.263,113.23,113.236,290970000,1
1499092380000,1499092439000,113.234,113.243,113.23,113.237,213360000,1
1499092440000,1499092499000,113.241,113.245,113.224,113.232,224500000,1
1499092500000,1499092559000,113.232,113.237,113.218,113.237,236160000,1
1499092560000,1499092619000,113.236,113.238,113.218,113.225,163920000,1
1499092620000,1499092679000,113.224,113.225,113.199,113.206,144190000,1
1499092680000,1499092739000,113.207,113.218,113.204,113.211,128180000,1
1499092740000,1499092799000,113.212,113.227,113.205,113.224,119620000,1
1499092800000,1499092859000,113.224,113.237,113.215,113.23,238580000,1
1499092860000,1499092919000,113.231,113.237,113.218,113.218,139390000,1
1499092920000,1499092979000,113.218,113.237,113.211,113.237,161380000,1
1499092980000,1499093039000,113.237,113.26,113.23,113.248,251010000,1
1499093040000,1499093099000,113.243,113.244,113.23,113.242,157560000,1
1499093100000,1499093159000,113.241,113.25,113.238,113.243,111760000,1
1499093160000,1499093219000,113.243,113.25,113.236,113.244,123140000,1
1499093220000,1499093279000,113.243,113.291,113.235,113.287,215600000,1
1499093280000,1499093339000,113.285,113.285,113.258,113.27,271140000,1
1499093340000,1499093399000,113.27,113.28,113.268,113.272,194550000,1
1499093400000,1499093459000,113.274,113.314,113.274,113.31,232640000,1
1499093460000,1499093519000,113.31,113.31,113.284,113.289,208300000,1
1499093520000,1499093579000,113.289,113.297,113.282,113.292,135970000,1
1499093580000,1499093639000,113.293,113.294,113.265,113.284,161240000,1
1499093640000,1499093699000,113.284,113.289,113.273,113.286,182510000,1
1499093700000,1499093759000,113.287,113.301,113.275,113.281,239140000,1
1499093760000,1499093819000,113.281,113.294,113.27,113.294,189050000,1
1499093820000,1499093879000,113.295,113.298,113.268,113.283,281340000,1
1499093880000,1499093939000,113.284,113.315,113.276,113.31,394790000,1
1499093940000,1499093999000,113.31,113.317,113.292,113.295,341910000,1
1499094000000,1499094059000,113.301,113.306,113.289,113.293,312900000,1
1499094060000,1499094119000,113.294,113.312,113.29,113.299,244620000,1
1499094120000,1499094179000,113.299,113.345,113.299,113.34,238730000,1
1499094180000,1499094239000,113.339,113.376,113.333,113.348,174800000,1
1499094240000,1499094299000,113.352,113.37,113.348,113.364,219340000,1
1499094300000,1499094359000,113.363,113.366,113.345,113.352,171920000,1
1499094360000,1499094419000,113.353,113.366,113.345,113.347,215860000,1
1499094420000,1499094479000,113.348,113.359,113.347,113.349,135850000,1
1499094480000,1499094539000,113.352,113.356,113.333,113.356,212410000,1
1499094540000,1499094599000,113.353,113.366,113.34,113.345,146700000,1
1499094600000,1499094659000,113.345,113.346,113.334,113.342,159980000,1
1499094660000,1499094719000,113.343,113.368,113.341,113.367,127750000,1
1499094720000,1499094779000,113.369,113.406,113.369,113.396,235270000,1
1499094780000,1499094839000,113.396,113.413,113.39,113.406,291120000,1
1499094840000,1499094899000,113.405,113.405,113.395,113.397,213670000,1
1499094900000,1499094959000,113.395,113.429,113.391,113.411,227960000,1
1499094960000,1499095019000,113.409,113.418,113.399,113.409,140040000,1
1499095020000,1499095079000,113.409,113.42,113.396,113.396,160990000,1
1499095080000,1499095139000,113.396,113.402,113.376,113.393,238080000,1
1499095140000,1499095199000,113.391,113.396,113.371,113.378,211920000,1
1499095200000,1499095259000,113.379,113.389,113.363,113.375,269160000,1
1499095260000,1499095319000,113.374,113.383,113.368,113.379,193570000,1
1499095320000,1499095379000,113.378,113.409,113.372,113.402,273750000,1
1499095380000,1499095439000,113.402,113.457,113.398,113.406,239060000,1
1499095440000,1499095499000,113.407,113.412,113.394,113.4,192280000,1
1499095500000,1499095559000,113.398,113.401,113.381,113.388,179880000,1
1499095560000,1499095619000,113.387,113.388,113.377,113.383,134130000,1
1499095620000,1499095679000,113.38,113.394,113.378,113.391,148170000,1
1499095680000,1499095739000,113.39,113.41,113.39,113.408,95260000,1
1499095740000,1499095799000,113.405,113.419,113.398,113.419,133960000,1
1499095800000,1499095859000,113.42,113.425,113.397,113.397,183500000,1
1499095860000,1499095919000,113.398,113.407,113.396,113.401,180800000,1
1499095920000,1499095979000,113.402,113.409,113.396,113.403,139910000,1
1499095980000,1499096039000,113.403,113.421,113.4,113.414,191080000,1
1499096040000,1499096099000,113.415,113.416,113.408,113.415,151470000,1
1499096100000,1499096159000,113.414,113.414,113.394,113.398,156460000,1
1499096160000,1499096219000,113.4,113.401,113.392,113.392,120840000,1
1499096220000,1499096279000,113.393,113.394,113.377,113.38,145070000,1
1499096280000,1499096339000,113.38,113.388,113.379,113.379,111250000,1
1499096340000,1499096399000,113.38,113.381,113.369,113.373,148540000,1
1499096400000,1499096459000,113.372,113.379,113.368,113.371,104180000,1
1499096460000,1499096519000,113.371,113.372,113.358,113.365,146470000,1
1499096520000,1499096579000,113.362,113.365,113.352,113.353,142920000,1
1499096580000,1499096639000,113.352,113.353,113.342,113.342,159290000,1
1499096640000,1499096699000,113.341,113.349,113.334,113.34,179030000,1
1499096700000,1499096759000,113.341,113.345,113.328,113.338,136660000,1
1499096760000,1499096819000,113.337,113.337,113.318,113.318,152010000,1
1499096820000,1499096879000,113.316,113.331,113.316,113.327,79690000,1
1499096880000,1499096939000,113.326,113.33,113.318,113.327,129730000,1
1499096940000,1499096999000,113.33,113.346,113.33,113.346,102510000,1
1499097000000,1499097059000,113.346,113.347,113.324,113.327,126010000,1
1499097060000,1499097119000,113.327,113.33,113.315,113.323,121680000,1
1499097120000,1499097179000,113.325,113.341,113.325,113.341,84060000,1
1499097180000,1499097239000,113.342,113.344,113.339,113.342,57490000,1
1499097240000,1499097299000,113.341,113.342,113.334,113.34,76320000,1
1499097300000,1499097359000,113.339,113.342,113.335,113.339,112400000,1
1499097360000,1499097419000,113.34,113.345,113.336,113.341,74830000,1
1499097420000,1499097479000,113.341,113.345,113.32,113.321,117950000,1
1499097480000,1499097539000,113.321,113.328,113.321,113.327,61760000,1
1499097540000,1499097599000,113.327,113.333,113.314,113.326,106110000,1
1499097600000,1499097659000,113.327,113.329,113.306,113.308,233790000,1
1499097660000,1499097719000,113.309,113.321,113.307,113.308,118710000,1
1499097720000,1499097779000,113.307,113.307,113.28,113.296,124210000,1
1499097780000,1499097839000,113.299,113.307,113.294,113.307,86000000,1
1499097840000,1499097899000,113.307,113.318,113.307,113.307,88280000,1
1499097900000,1499097959000,113.308,113.322,113.306,113.319,83420000,1
1499097960000,1499098019000,113.319,113.32,113.305,113.319,106670000,1
1499098020000,1499098079000,113.317,113.321,113.305,113.311,223750000,1
1499098080000,1499098139000,113.311,113.321,113.307,113.314,140250000,1
1499098140000,1499098199000,113.314,113.318,113.295,113.3,146700000,1
1499098200000,1499098259000,113.3,113.309,113.296,113.296,68570000,1
1499098260000,1499098319000,113.296,113.301,113.269,113.28,152900000,1
1499098320000,1499098379000,113.281,113.289,113.278,113.278,96840000,1
1499098380000,1499098439000,113.279,113.287,113.276,113.287,54610000,1
1499098440000,1499098499000,113.287,113.309,113.286,113.302,116010000,1
1499098500000,1499098559000,113.305,113.311,113.296,113.302,124370000,1
1499098560000,1499098619000,113.302,113.302,113.281,113.284,168570000,1
1499098620000,1499098679000,113.285,113.301,113.285,113.301,117850000,1
1499098680000,1499098739000,113.3,113.303,113.285,113.289,145280000,1
1499098740000,1499098799000,113.29,113.293,113.275,113.281,124760000,1
1499098800000,1499098859000,113.281,113.298,113.281,113.296,97250000,1
1499098860000,1499098919000,113.296,113.299,113.287,113.295,79570000,1
1499098920000,1499098979000,113.295,113.315,113.295,113.308,122220000,1
1499098980000,1499099039000,113.307,113.32,113.306,113.319,71650000,1
1499099040000,1499099099000,113.319,113.324,113.311,113.314,91300000,1
1499099100000,1499099159000,113.315,113.325,113.313,113.322,70740000,1
1499099160000,1499099219000,113.322,113.337,113.32,113.332,121000000,1
1499099220000,1499099279000,113.331,113.335,113.326,113.326,76830000,1
1499099280000,1499099339000,113.326,113.346,113.321,113.346,109770000,1
1499099340000,1499099399000,113.346,113.349,113.34,113.34,86800000,1
1499099400000,1499099459000,113.339,113.339,113.328,113.331,119190000,1
1499099460000,1499099519000,113.33,113.339,113.33,113.338,71170000,1
1499099520000,1499099579000,113.338,113.349,113.338,113.347,211530000,1
1499099580000,1499099639000,113.344,113.347,113.339,113.346,61570000,1
1499099640000,1499099699000,113.348,113.351,113.34,113.346,107410000,1
1499099700000,1499099759000,113.345,113.36,113.345,113.35,116050000,1
1499099760000,1499099819000,113.351,113.356,113.347,113.354,73920000,1
1499099820000,1499099879000,113.354,113.354,113.35,113.352,71650000,1
1499099880000,1499099939000,113.352,113.353,113.339,113.34,98810000,1
1499099940000,1499099999000,113.339,113.341,113.332,113.332,51370000,1
1499100000000,1499100059000,113.332,113.337,113.329,113.333,89600000,1
1499100060000,1499100119000,113.336,113.338,113.336,113.336,59550000,1
1499100120000,1499100179000,113.337,113.349,113.337,113.346,48470000,1
1499100180000,1499100239000,113.347,113.351,113.345,113.346,47440000,1
1499100240000,1499100299000,113.346,113.355,113.34,113.34,102670000,1
1499100300000,1499100359000,113.34,113.341,113.334,113.336,65210000,1
1499100360000,1499100419000,113.336,113.34,113.336,113.34,48560000,1
1499100420000,1499100479000,113.339,113.342,113.338,113.338,21110000,1
1499100480000,1499100539000,113.339,113.353,113.336,113.353,77380000,1
1499100540000,1499100599000,113.354,113.361,113.354,113.359,137380000,1
1499100600000,1499100659000,113.36,113.362,113.353,113.355,36160000,1
1499100660000,1499100719000,113.355,113.36,113.354,113.359,36420000,1
1499100720000,1499100779000,113.358,113.359,113.353,113.355,76080000,1
1499100780000,1499100839000,113.359,113.362,113.359,113.362,25290000,1
1499100840000,1499100899000,113.362,113.362,113.358,113.361,44310000,1
1499100900000,1499100959000,113.361,113.361,113.354,113.356,25550000,1
1499100960000,1499101019000,113.356,113.357,113.35,113.356,53150000,1
1499101020000,1499101079000,113.356,113.357,113.347,113.349,68670000,1
1499101080000,1499101139000,113.349,113.366,113.349,113.366,44550000,1
1499101140000,1499101199000,113.365,113.417,113.365,113.398,244830000,1
1499101200000,1499101259000,113.397,113.401,113.369,113.37,163100000,1
1499101260000,1499101319000,113.369,113.376,113.364,113.367,123360000,1
1499101320000,1499101379000,113.368,113.378,113.368,113.371,128930000,1
1499101380000,1499101439000,113.375,113.376,113.369,113.374,135860000,1
1499101440000,1499101499000,113.375,113.376,113.362,113.365,92350000,1
1499101500000,1499101559000,113.366,113.367,113.344,113.347,111840000,1
1499101560000,1499101619000,113.347,113.35,113.345,113.345,38910000,1
1499101620000,1499101679000,113.345,113.35,113.336,113.345,60370000,1
1499101680000,1499101739000,113.344,113.345,113.332,113.337,90460000,1
1499101740000,1499101799000,113.336,113.344,113.336,113.337,71110000,1
1499101800000,1499101859000,113.335,113.336,113.319,113.323,304380000,1
1499101860000,1499101919000,113.323,113.325,113.318,113.324,113300000,1
1499101920000,1499101979000,113.324,113.327,113.316,113.317,161250000,1
1499101980000,1499102039000,113.318,113.338,113.318,113.338,65500000,1
1499102040000,1499102099000,113.339,113.348,113.329,113.332,110800000,1
1499102100000,1499102159000,113.332,113.333,113.322,113.328,35100000,1
1499102160000,1499102219000,113.329,113.331,113.325,113.325,39100000,1
1499102220000,1499102279000,113.327,113.33,113.327,113.33,46300000,1
1499102280000,1499102339000,113.335,113.337,113.335,113.336,35700000,1
1499102340000,1499102399000,113.337,113.339,113.336,113.338,56080000,1
1499102400000,1499102459000,113.338,113.341,113.337,113.341,127420000,1
1499102460000,1499102519000,113.341,113.344,113.339,113.343,62810000,1
1499102520000,1499102579000,113.343,113.369,113.343,113.362,140010000,1
1499102580000,1499102639000,113.363,113.367,113.36,113.36,90770000,1
1499102640000,1499102699000,113.36,113.362,113.352,113.352,86680000,1
1499102700000,1499102759000,113.352,113.357,113.351,113.357,61110000,1
1499102760000,1499102819000,113.357,113.359,113.354,113.356,45530000,1
1499102820000,1499102879000,113.355,113.355,113.351,113.352,73900000,1
1499102880000,1499102939000,113.352,113.353,113.351,113.353,31780000,1
1499102940000,1499102999000,113.352,113.356,113.351,113.356,24920000,1
1499103000000,1499103059000,113.356,113.366,113.356,113.365,38190000,1
1499103060000,1499103119000,113.367,113.37,113.365,113.366,16090000,1
1499103120000,1499103179000,113.367,113.374,113.367,113.368,76280000,1
1499103180000,1499103239000,113.368,113.369,113.367,113.368,11000000,1
1499103240000,1499103299000,113.367,113.367,113.367,113.367,15390000,1
1499103300000,1499103359000,113.365,113.365,113.361,113.361,21220000,1
1499103360000,1499103419000,113.361,113.368,113.361,113.367,55240000,1
1499103420000,1499103479000,113.368,113.37,113.368,113.369,26680000,1
1499103480000,1499103539000,113.368,113.369,113.368,113.368,52930000,1
1499103540000,1499103599000,113.369,113.369,113.368,113.368,103220000,1
1499103600000,1499103659000,113.369,113.369,113.369,113.369,1000000,1
1499103660000,1499103719000,113.368,113.37,113.368,113.369,18390000,1
1499103720000,1499103779000,113.368,113.375,113.368,113.373,51000000,1
1499103780000,1499103839000,113.371,113.372,113.371,113.372,8010000,1
1499103840000,1499103899000,113.373,113.373,113.369,113.369,11820000,1
1499103900000,1499103959000,113.369,113.369,113.362,113.363,82950000,1
1499103960000,1499104019000,113.366,113.37,113.363,113.37,33170000,1
1499104020000,1499104079000,113.369,113.37,113.369,113.37,3000000,1
1499104080000,1499104139000,113.37,113.37,113.368,113.37,15660000,1
1499104140000,1499104199000,113.371,113.377,113.371,113.376,25470000,1
1499104200000,1499104259000,113.377,113.39,113.376,113.389,28570000,1
1499104260000,1499104319000,113.388,113.396,113.388,113.396,43020000,1
1499104320000,1499104379000,113.397,113.401,113.397,113.4,17000000,1
1499104380000,1499104439000,113.4,113.401,113.4,113.401,28380000,1
1499104440000,1499104499000,113.401,113.408,113.401,113.408,57360000,1
1499104500000,1499104559000,113.407,113.408,113.405,113.405,23130000,1
1499104560000,1499104619000,113.404,113.404,113.402,113.402,17940000,1
1499104620000,1499104679000,113.402,113.405,113.402,113.405,54110000,1
1499104680000,1499104739000,113.405,113.408,113.404,113.407,37630000,1
1499104740000,1499104799000,113.408,113.409,113.407,113.408,27900000,1
1499104800000,1499104859000,113.41,113.435,113.41,113.434,78800000,1
1499104860000,1499104919000,113.434,113.439,113.432,113.438,63110000,1
1499104920000,1499104979000,113.44,113.443,113.434,113.435,73880000,1
1499104980000,1499105039000,113.434,113.434,113.433,113.433,15840000,1
1499105040000,1499105099000,113.434,113.434,113.428,113.431,39450000,1
1499105100000,1499105159000,113.431,113.433,113.427,113.431,48300000,1
1499105160000,1499105219000,113.431,113.432,113.431,113.432,26540000,1
1499105220000,1499105279000,113.432,113.432,113.425,113.426,44350000,1
1499105280000,1499105339000,113.426,113.426,113.425,113.426,17430000,1
1499105340000,1499105399000,113.426,113.426,113.42,113.42,26210000,1
1499105400000,1499105459000,113.419,113.419,113.409,113.41,30480000,1
1499105460000,1499105519000,113.41,113.412,113.408,113.409,57770000,1
1499105520000,1499105579000,113.408,113.414,113.407,113.411,38740000,1
1499105580000,1499105639000,113.411,113.412,113.401,113.404,43380000,1
1499105640000,1499105699000,113.403,113.407,113.403,113.407,18540000,1
1499105700000,1499105759000,113.408,113.408,113.406,113.406,9260000,1
1499105760000,1499105819000,113.406,113.408,113.406,113.406,16700000,1
1499105820000,1499105879000,113.407,113.408,113.402,113.402,27150000,1
1499105880000,1499105939000,113.401,113.403,113.4,113.401,16500000,1
1499105940000,1499105999000,113.4,113.402,113.39,113.39,74640000,1
1499106000000,1499106059000,113.389,113.398,113.389,113.398,37540000,1
1499106060000,1499106119000,113.397,113.402,113.397,113.402,12600000,1
1499106120000,1499106179000,113.403,113.403,113.401,113.402,33430000,1
1499106180000,1499106239000,113.403,113.412,113.403,113.412,12870000,1
1499106240000,1499106299000,113.412,113.414,113.412,113.414,31990000,1
1499106300000,1499106359000,113.413,113.414,113.412,113.413,38940000,1
1499106360000,1499106419000,113.414,113.416,113.414,113.415,34990000,1
1499106420000,1499106479000,113.415,113.416,113.409,113.409,19350000,1
1499106480000,1499106539000,113.408,113.41,113.408,113.408,23740000,1
1499106540000,1499106599000,113.408,113.408,113.402,113.402,8330000,1
1499106600000,1499106659000,113.401,113.401,113.389,113.39,35230000,1
1499106660000,1499106719000,113.389,113.39,113.388,113.388,14240000,1
1499106720000,1499106779000,113.388,113.391,113.388,113.388,31340000,1
1499106780000,1499106839000,113.388,113.388,113.382,113.383,20880000,1
1499106840000,1499106899000,113.383,113.388,113.383,113.386,8370000,1
1499106900000,1499106959000,113.387,113.389,113.386,113.388,29730000,1
1499106960000,1499107019000,113.389,113.396,113.389,113.392,80440000,1
1499107020000,1499107079000,113.395,113.395,113.394,113.394,19170000,1
1499107080000,1499107139000,113.395,113.399,113.394,113.399,25860000,1
1499107140000,1499107199000,113.399,113.401,113.398,113.4,36720000,1
1499107200000,1499107259000,113.399,113.4,113.395,113.395,11500000,1
1499107260000,1499107319000,113.393,113.393,113.388,113.388,17420000,1
1499107320000,1499107379000,113.386,113.386,113.381,113.381,26120000,1
1499107380000,1499107439000,113.381,113.382,113.381,113.381,22450000,1
1499107440000,1499107499000,113.379,113.379,113.375,113.376,23160000,1
1499107500000,1499107559000,113.376,113.378,113.369,113.375,63390000,1
1499107560000,1499107619000,113.377,113.378,113.376,113.377,11190000,1
1499107620000,1499107679000,113.376,113.377,113.374,113.377,9690000,1
1499107680000,1499107739000,113.376,113.377,113.376,113.377,13760000,1
1499107740000,1499107799000,113.377,113.378,113.377,113.377,6690000,1
1499107800000,1499107859000,113.377,113.377,113.377,113.377,3000000,1
1499107860000,1499107919000,113.377,113.378,113.376,113.376,14360000,1
1499107920000,1499107979000,113.376,113.377,113.376,113.376,24720000,1
1499107980000,1499108039000,113.376,113.383,113.374,113.383,34860000,1
1499108040000,1499108099000,113.384,113.401,113.384,113.399,49510000,1
1499108100000,1499108159000,113.399,113.403,113.387,113.387,49040000,1
1499108160000,1499108219000,113.387,113.391,113.386,113.391,51130000,1
1499108220000,1499108279000,113.39,113.398,113.39,113.397,41270000,1
1499108280000,1499108339000,113.396,113.396,113.394,113.394,10270000,1
1499108340000,1499108399000,113.393,113.393,113.388,113.388,78370000,1
1499108400000,1499108459000,113.389,113.393,113.389,113.39,284860000,1
1499108460000,1499108519000,113.391,113.396,113.391,113.396,38870000,1
1499108520000,1499108579000,113.396,113.397,113.394,113.397,33100000,1
1499108580000,1499108639000,113.397,113.398,113.397,113.398,9820000,1
1499108640000,1499108699000,113.398,113.398,113.393,113.393,20680000,1
1499108700000,1499108759000,113.393,113.393,113.393,113.393,12500000,1
1499108760000,1499108819000,113.391,113.391,113.387,113.387,18240000,1
1499108820000,1499108879000,113.387,113.387,113.386,113.386,9440000,1
1499108880000,1499108939000,113.387,113.391,113.386,113.39,17610000,1
1499108940000,1499108999000,113.39,113.39,113.385,113.385,20140000,1
1499109000000,1499109059000,113.385,113.385,113.384,113.385,46630000,1
1499109060000,1499109119000,113.385,113.385,113.383,113.383,17820000,1
1499109120000,1499109179000,113.383,113.383,113.382,113.382,14810000,1
1499109180000,1499109239000,113.381,113.381,113.375,113.375,10550000,1
1499109240000,1499109299000,113.375,113.376,113.375,113.376,9850000,1
1499109300000,1499109359000,113.377,113.377,113.376,113.376,11650000,1
1499109360000,1499109419000,113.377,113.377,113.376,113.376,4670000,1
1499109420000,1499109479000,113.378,113.384,113.376,113.383,68010000,1
1499109480000,1499109539000,113.383,113.385,113.382,113.383,76910000,1
1499109540000,1499109599000,113.385,113.385,113.382,113.383,17040000,1
1499109600000,1499109659000,113.383,113.383,113.383,113.383,2000000,1
1499109660000,1499109719000,113.383,113.383,113.38,113.381,32520000,1
1499109720000,1499109779000,113.381,113.383,113.381,113.383,12200000,1
1499109780000,1499109839000,113.384,113.384,113.383,113.383,26550000,1
1499109840000,1499109899000,113.383,113.383,113.383,113.383,15180000,1
1499109900000,1499109959000,113.383,113.383,113.379,113.38,40040000,1
1499109960000,1499110019000,113.38,113.385,113.378,113.384,71510000,1
1499110020000,1499110079000,113.384,113.384,113.384,113.384,75710000,1
1499110080000,1499110139000,113.384,113.385,113.384,113.385,13380000,1
1499110140000,1499110199000,113.385,113.385,113.384,113.384,27800000,1
1499110200000,1499110259000,113.384,113.391,113.384,113.387,78610000,1
1499110260000,1499110319000,113.387,113.391,113.385,113.391,168310000,1
1499110320000,1499110379000,113.391,113.391,113.391,113.391,6190000,1
1499110380000,1499110439000,113.392,113.392,113.391,113.391,33490000,1
1499110440000,1499110499000,113.392,113.398,113.392,113.398,7500000,1
1499110500000,1499110559000,113.398,113.398,113.397,113.397,322930000,1
1499110560000,1499110619000,113.397,113.398,113.397,113.398,123010000,1
1499110620000,1499110679000,113.398,113.401,113.397,113.401,18840000,1
1499110680000,1499110739000,113.401,113.401,113.399,113.399,22250000,1
1499110740000,1499110799000,113.398,113.399,113.398,113.399,18380000,1
1499110800000,1499110859000,113.398,113.398,113.398,113.398,19380000,1
1499110860000,1499110919000,113.398,113.398,113.398,113.398,16550000,1
1499110920000,1499110979000,113.399,113.401,113.394,113.397,21730000,1
1499110980000,1499111039000,113.399,113.399,113.396,113.396,12280000,1
1499111040000,1499111099000,113.396,113.412,113.396,113.412,904550000,1
1499111100000,1499111159000,113.413,113.421,113.409,113.419,56820000,1
1499111160000,1499111219000,113.421,113.433,113.42,113.433,42120000,1
1499111220000,1499111279000,113.433,113.433,113.431,113.432,28190000,1
1499111280000,1499111339000,113.431,113.433,113.431,113.433,6390000,1
1499111340000,1499111399000,113.433,113.442,113.432,113.44,27530000,1
1499111400000,1499111459000,113.437,113.441,113.437,113.437,67610000,1
1499111460000,1499111519000,113.437,113.443,113.436,113.441,40280000,1
1499111520000,1499111579000,113.441,113.441,113.44,113.44,65370000,1
1499111580000,1499111639000,113.44,113.441,113.436,113.436,62170000,1
1499111640000,1499111699000,113.436,113.437,113.436,113.436,79340000,1
1499111700000,1499111759000,113.437,113.437,113.434,113.436,52760000,1
1499111760000,1499111819000,113.436,113.445,113.433,113.435,117410000,1
1499111820000,1499111879000,113.435,113.445,113.43,113.444,75110000,1
1499111880000,1499111939000,113.445,113.446,113.431,113.435,114090000,1
1499111940000,1499111999000,113.436,113.447,113.436,113.446,55190000,1
1499112000000,1499112059000,113.446,113.471,113.446,113.448,154070000,1
1499112060000,1499112119000,113.449,113.461,113.449,113.449,97030000,1
1499112120000,1499112179000,113.452,113.461,113.452,113.46,57060000,1
1499112180000,1499112239000,113.46,113.468,113.452,113.467,87760000,1
1499112240000,1499112299000,113.467,113.467,113.454,113.454,64630000,1
1499112300000,1499112359000,113.454,113.468,113.454,113.458,75280000,1
1499112360000,1499112419000,113.459,113.459,113.452,113.452,25240000,1
1499112420000,1499112479000,113.454,113.465,113.452,113.452,72070000,1
1499112480000,1499112539000,113.452,113.459,113.452,113.459,30030000,1
1499112540000,1499112599000,113.457,113.459,113.45,113.45,35020000,1
1499112600000,1499112659000,113.451,113.453,113.449,113.45,98480000,1
1499112660000,1499112719000,113.449,113.449,113.445,113.446,129600000,1
1499112720000,1499112779000,113.445,113.452,113.436,113.437,76230000,1
1499112780000,1499112839000,113.436,113.445,113.436,113.436,82110000,1
1499112840000,1499112899000,113.435,113.441,113.434,113.437,32540000,1
1499112900000,1499112959000,113.438,113.441,113.415,113.415,66570000,1
1499112960000,1499113019000,113.414,113.423,113.414,113.42,56790000,1
1499113020000,1499113079000,113.419,113.424,113.417,113.419,81020000,1
1499113080000,1499113139000,113.42,113.42,113.404,113.405,92490000,1
1499113140000,1499113199000,113.404,113.405,113.404,113.405,28690000,1
1499113200000,1499113259000,113.405,113.41,113.404,113.408,53080000,1
1499113260000,1499113319000,113.407,113.407,113.398,113.402,52780000,1
1499113320000,1499113379000,113.401,113.403,113.401,113.403,39710000,1
1499113380000,1499113439000,113.405,113.423,113.405,113.423,39980000,1
1499113440000,1499113499000,113.423,113.423,113.417,113.421,65450000,1
1499113500000,1499113559000,113.422,113.422,113.413,113.414,31280000,1
1499113560000,1499113619000,113.415,113.42,113.404,113.404,76200000,1
1499113620000,1499113679000,113.403,113.416,113.402,113.416,56100000,1
1499113680000,1499113739000,113.415,113.415,113.411,113.411,17790000,1
1499113740000,1499113799000,113.411,113.453,113.411,113.441,144980000,1
1499113800000,1499113859000,113.442,113.446,113.441,113.446,28230000,1
1499113860000,1499113919000,113.446,113.446,113.429,113.429,57700000,1
1499113920000,1499113979000,113.429,113.445,113.428,113.444,34970000,1
1499113980000,1499114039000,113.445,113.445,113.435,113.442,34520000,1
1499114040000,1499114099000,113.442,113.453,113.441,113.446,70250000,1
1499114100000,1499114159000,113.446,113.449,113.444,113.447,22360000,1
1499114160000,1499114219000,113.446,113.446,113.442,113.443,50570000,1
1499114220000,1499114279000,113.444,113.444,113.435,113.435,38440000,1
1499114280000,1499114339000,113.434,113.452,113.434,113.452,119110000,1
1499114340000,1499114399000,113.452,113.452,113.429,113.429,111580000,1
1499114400000,1499114459000,113.427,113.444,113.423,113.444,97850000,1
1499114460000,1499114519000,113.444,113.455,113.444,113.451,130930000,1
1499114520000,1499114579000,113.452,113.452,113.428,113.446,161420000,1
1499114580000,1499114639000,113.446,113.453,113.446,113.448,103260000,1
1499114640000,1499114699000,113.448,113.451,113.446,113.451,69840000,1
1499114700000,1499114759000,113.45,113.45,113.437,113.44,73620000,1
1499114760000,1499114819000,113.436,113.446,113.432,113.435,82740000,1
1499114820000,1499114879000,113.438,113.442,113.435,113.442,45690000,1
1499114880000,1499114939000,113.441,113.441,113.438,113.438,23660000,1
1499114940000,1499114999000,113.438,113.441,113.433,113.435,62140000,1
1499115000000,1499115059000,113.435,113.443,113.427,113.434,108800000,1
1499115060000,1499115119000,113.433,113.437,113.403,113.403,135090000,1
1499115120000,1499115179000,113.406,113.419,113.402,113.404,73920000,1
1499115180000,1499115239000,113.404,113.405,113.396,113.396,86730000,1
1499115240000,1499115299000,113.396,113.401,113.39,113.391,40390000,1
1499115300000,1499115359000,113.391,113.391,113.38,113.384,70140000,1
1499115360000,1499115419000,113.384,113.389,113.383,113.388,44340000,1
1499115420000,1499115479000,113.388,113.388,113.386,113.386,31530000,1
1499115480000,1499115539000,113.386,113.387,113.382,113.383,38140000,1
1499115540000,1499115599000,113.38,113.382,113.367,113.376,15920000,1
1499115600000,1499115659000,113.37,113.374,113.255,113.349,18190000,1
1499115660000,1499115719000,113.35,113.36,113.35,113.36,2980000,1
1499115720000,1499115779000,113.35,113.44,113.35,113.44,8090000,1
1499115780000,1499115839000,113.444,113.458,113.43,113.434,23230000,1
1499115840000,1499115899000,113.432,113.434,113.432,113.432,4000000,1
1499115900000,1499115959000,113.431,113.442,113.425,113.434,332140000,1
1499115960000,1499116019000,113.439,113.439,113.434,113.434,58480000,1
1499116020000,1499116079000,113.436,113.436,113.429,113.429,281330000,1
1499116080000,1499116139000,113.429,113.435,113.429,113.434,98970000,1
1499116140000,1499116199000,113.434,113.434,113.434,113.434,2000000,1
1499116200000,1499116259000,113.436,113.437,113.433,113.433,40000000,1
1499116260000,1499116319000,113.435,113.435,113.346,113.382,98800000,1
1499116320000,1499116379000,113.382,113.416,113.382,113.405,140000000,1
1499116380000,1499116439000,113.404,113.425,113.404,113.422,171360000,1
1499116440000,1499116499000,113.423,113.423,113.421,113.421,29750000,1
1499116500000,1499116559000,113.419,113.422,113.364,113.412,155380000,1
1499116560000,1499116619000,113.412,113.42,113.365,113.409,156110000,1
1499116620000,1499116679000,113.405,113.416,113.404,113.415,87330000,1
1499116680000,1499116739000,113.416,113.417,113.41,113.411,97140000,1
1499116740000,1499116799000,113.417,113.417,113.413,113.416,12000000,1
1499116800000,1499116859000,113.413,113.431,113.409,113.41,381080000,1
1499116860000,1499116919000,113.412,113.432,113.406,113.412,559010000,1
1499116920000,1499116979000,113.414,113.417,113.407,113.411,311380000,1
1499116980000,1499117039000,113.411,113.414,113.411,113.412,205240000,1
1499117040000,1499117099000,113.412,113.413,113.41,113.41,214430000,1
1499117100000,1499117159000,113.41,113.42,113.409,113.41,237800000,1
1499117160000,1499117219000,113.41,113.416,113.41,113.416,114660000,1
1499117220000,1499117279000,113.416,113.416,113.413,113.413,139220000,1
1499117280000,1499117339000,113.413,113.413,113.362,113.397,373770000,1
1499117340000,1499117399000,113.399,113.414,113.396,113.401,465510000,1
1499117400000,1499117459000,113.401,113.413,113.382,113.385,287620000,1
1499117460000,1499117519000,113.384,113.421,113.383,113.397,288540000,1
1499117520000,1499117579000,113.398,113.405,113.393,113.401,175700000,1
1499117580000,1499117639000,113.404,113.407,113.389,113.392,256760000,1
1499117640000,1499117699000,113.396,113.406,113.394,113.402,424260000,1
1499117700000,1499117759000,113.402,113.402,113.373,113.376,182040000,1
1499117760000,1499117819000,113.377,113.416,113.373,113.395,404120000,1
1499117820000,1499117879000,113.395,113.4,113.394,113.399,444190000,1
1499117880000,1499117939000,113.397,113.403,113.396,113.397,416170000,1
1499117940000,1499117999000,113.397,113.398,113.397,113.397,373130000,1
1499118000000,1499118059000,113.397,113.397,113.396,113.396,356170000,1
1499118060000,1499118119000,113.396,113.396,113.393,113.394,23030000,1
1499118120000,1499118179000,113.393,113.393,113.377,113.387,141030000,1
1499118180000,1499118239000,113.388,113.388,113.379,113.379,40420000,1
1499118240000,1499118299000,113.378,113.39,113.374,113.389,35640000,1
1499118300000,1499118359000,113.39,113.4,113.382,113.384,78210000,1
1499118360000,1499118419000,113.383,113.384,113.382,113.383,149810000,1
1499118420000,1499118479000,113.383,113.384,113.381,113.383,118270000,1
1499118480000,1499118539000,113.383,113.387,113.382,113.385,140780000,1
1499118540000,1499118599000,113.384,113.386,113.383,113.384,198150000,1
1499118600000,1499118659000,113.383,113.385,113.382,113.384,247610000,1
1499118660000,1499118719000,113.384,113.39,113.381,113.39,94770000,1
1499118720000,1499118779000,113.395,113.401,113.395,113.398,27310000,1
1499118780000,1499118839000,113.398,113.398,113.332,113.332,147290000,1
1499118840000,1499118899000,113.334,113.402,113.334,113.37,202130000,1
1499118900000,1499118959000,113.372,113.408,113.347,113.387,135560000,1
1499118960000,1499119019000,113.386,113.397,113.346,113.378,147310000,1
1499119020000,1499119079000,113.378,113.378,113.378,113.378,17500000,1
1499119080000,1499119139000,113.378,113.4,113.37,113.388,59400000,1
1499119140000,1499119199000,113.391,113.405,113.383,113.392,46080000,1
1499119200000,1499119259000,113.392,113.396,113.364,113.371,89450000,1
1499119260000,1499119319000,113.371,113.371,113.359,113.366,30600000,1
1499119320000,1499119379000,113.367,113.367,113.365,113.366,31990000,1
1499119380000,1499119439000,113.367,113.395,113.366,113.393,30820000,1
1499119440000,1499119499000,113.392,113.412,113.384,113.398,248720000,1
1499119500000,1499119559000,113.4,113.401,113.387,113.394,350410000,1
1499119560000,1499119619000,113.395,113.402,113.389,113.392,222330000,1
1499119620000,1499119679000,113.392,113.392,113.354,113.361,94270000,1
1499119680000,1499119739000,113.362,113.364,113.355,113.357,65230000,1
1499119740000,1499119799000,113.357,113.373,113.355,113.373,112870000,1
1499119800000,1499119859000,113.377,113.385,113.377,113.381,38720000,1
1499119860000,1499119919000,113.381,113.382,113.381,113.382,9240000,1
1499119920000,1499119979000,113.382,113.382,113.381,113.381,10120000,1
1499119980000,1499120039000,113.381,113.381,113.38,113.381,17800000,1
1499120040000,1499120099000,113.383,113.385,113.375,113.377,28480000,1
1499120100000,1499120159000,113.377,113.377,113.373,113.373,11150000,1
1499120160000,1499120219000,113.373,113.373,113.373,113.373,9350000,1
1499120220000,1499120279000,113.372,113.373,113.361,113.362,32180000,1
1499120280000,1499120339000,113.359,113.362,113.358,113.361,20740000,1
1499120340000,1499120399000,113.358,113.366,113.358,113.362,49360000,1
1499120400000,1499120459000,113.361,113.361,113.353,113.354,33650000,1
1499120460000,1499120519000,113.354,113.356,113.353,113.353,41170000,1
1499120520000,1499120579000,113.356,113.357,113.353,113.354,19470000,1
1499120580000,1499120639000,113.355,113.357,113.353,113.357,19170000,1
1499120640000,1499120699000,113.357,113.357,113.354,113.357,20640000,1
1499120700000,1499120759000,113.357,113.358,113.356,113.357,24410000,1
1499120760000,1499120819000,113.356,113.359,113.355,113.357,21580000,1
1499120820000,1499120879000,113.356,113.361,113.354,113.361,23800000,1
1499120880000,1499120939000,113.362,113.366,113.359,113.366,12900000,1
1499120940000,1499120999000,113.366,113.367,113.353,113.354,62790000,1
1499121000000,1499121059000,113.354,113.36,113.353,113.36,27470000,1
1499121060000,1499121119000,113.36,113.361,113.359,113.36,32730000,1
1499121120000,1499121179000,113.359,113.359,113.355,113.355,65180000,1
1499121180000,1499121239000,113.353,113.353,113.348,113.348,59300000,1
1499121240000,1499121299000,113.348,113.362,113.348,113.361,47860000,1
1499121300000,1499121359000,113.36,113.385,113.36,113.384,60750000,1
1499121360000,1499121419000,113.383,113.384,113.382,113.382,31920000,1
1499121420000,1499121479000,113.381,113.383,113.357,113.358,67180000,1
1499121480000,1499121539000,113.358,113.358,113.342,113.346,81470000,1
1499121540000,1499121599000,113.345,113.348,113.34,113.346,68050000,1
1499121600000,1499121659000,113.345,113.348,113.344,113.346,40260000,1
1499121660000,1499121719000,113.346,113.347,113.342,113.347,33860000,1
1499121720000,1499121779000,113.344,113.356,113.344,113.353,72900000,1
1499121780000,1499121839000,113.353,113.353,113.347,113.349,22860000,1
1499121840000,1499121899000,113.349,113.35,113.348,113.348,16480000,1
1499121900000,1499121959000,113.349,113.362,113.349,113.355,57290000,1
1499121960000,1499122019000,113.354,113.354,113.349,113.349,17860000,1
1499122020000,1499122079000,113.35,113.35,113.348,113.349,83830000,1
1499122080000,1499122139000,113.348,113.348,113.339,113.341,65390000,1
1499122140000,1499122199000,113.341,113.341,113.341,113.341,3740000,1
1499122200000,1499122259000,113.34,113.349,113.334,113.341,70000000,1
1499122260000,1499122319000,113.343,113.344,113.317,113.322,78450000,1
1499122320000,1499122379000,113.319,113.327,113.319,113.326,70880000,1
1499122380000,1499122439000,113.326,113.327,113.315,113.318,50800000,1
1499122440000,1499122499000,113.318,113.323,113.312,113.312,43120000,1
1499122500000,1499122559000,113.312,113.325,113.311,113.322,63920000,1
1499122560000,1499122619000,113.315,113.318,113.311,113.311,54710000,1
1499122620000,1499122679000,113.311,113.312,113.311,113.312,3120000,1
1499122680000,1499122739000,113.313,113.323,113.313,113.319,26360000,1
1499122740000,1499122799000,113.319,113.323,113.318,113.323,14370000,1
1499122800000,1499122859000,113.324,113.352,113.324,113.351,71820000,1
1499122860000,1499122919000,113.351,113.379,113.351,113.355,112750000,1
1499122920000,1499122979000,113.354,113.376,113.347,113.358,80980000,1
1499122980000,1499123039000,113.359,113.375,113.357,113.374,53910000,1
1499123040000,1499123099000,113.373,113.373,113.366,113.368,21080000,1
1499123100000,1499123159000,113.365,113.365,113.35,113.35,50830000,1
1499123160000,1499123219000,113.35,113.351,113.348,113.35,29150000,1
1499123220000,1499123279000,113.351,113.355,113.347,113.353,47870000,1
1499123280000,1499123339000,113.351,113.353,113.345,113.349,52950000,1
1499123340000,1499123399000,113.348,113.354,113.337,113.354,32420000,1
1499123400000,1499123459000,113.355,113.36,113.355,113.357,10500000,1
1499123460000,1499123519000,113.355,113.361,113.355,113.359,12560000,1
1499123520000,1499123579000,113.359,113.361,113.356,113.357,16730000,1
1499123580000,1499123639000,113.359,113.36,113.357,113.357,10370000,1
1499123640000,1499123699000,113.357,113.359,113.357,113.358,6120000,1
1499123700000,1499123759000,113.358,113.358,113.354,113.354,10930000,1
1499123760000,1499123819000,113.354,113.354,113.353,113.354,9740000,1
1499123820000,1499123879000,113.354,113.354,113.346,113.348,20250000,1
1499123880000,1499123939000,113.35,113.354,113.35,113.35,45400000,1
1499123940000,1499123999000,113.349,113.351,113.348,113.351,24680000,1
1499124000000,1499124059000,113.352,113.353,113.351,113.351,11810000,1
1499124060000,1499124119000,113.352,113.352,113.332,113.332,82000000,1
1499124120000,1499124179000,113.33,113.334,113.329,113.333,30700000,1
1499124180000,1499124239000,113.333,113.334,113.329,113.33,31170000,1
1499124240000,1499124299000,113.33,113.334,113.328,113.334,28050000,1
1499124300000,1499124359000,113.334,113.34,113.329,113.335,35410000,1
1499124360000,1499124419000,113.334,113.337,113.333,113.337,18670000,1
1499124420000,1499124479000,113.337,113.346,113.334,113.334,68010000,1
1499124480000,1499124539000,113.334,113.339,113.333,113.334,48430000,1
1499124540000,1499124599000,113.334,113.339,113.333,113.339,18920000,1
1499124600000,1499124659000,113.337,113.339,113.329,113.336,61570000,1
1499124660000,1499124719000,113.333,113.352,113.333,113.352,86280000,1
1499124720000,1499124779000,113.354,113.36,113.352,113.352,34400000,1
1499124780000,1499124839000,113.352,113.367,113.352,113.366,54680000,1
1499124840000,1499124899000,113.366,113.366,113.351,113.351,69350000,1
1499124900000,1499124959000,113.354,113.355,113.345,113.353,82180000,1
1499124960000,1499125019000,113.354,113.357,113.353,113.356,20680000,1
1499125020000,1499125079000,113.354,113.365,113.354,113.36,73150000,1
1499125080000,1499125139000,113.361,113.38,113.361,113.378,143690000,1
1499125140000,1499125199000,113.379,113.39,113.378,113.39,88200000,1
1499125200000,1499125259000,113.39,113.392,113.385,113.387,122250000,1
1499125260000,1499125319000,113.387,113.399,113.387,113.396,128070000,1
1499125320000,1499125379000,113.398,113.402,113.392,113.394,143060000,1
1499125380000,1499125439000,113.395,113.4,113.386,113.387,127980000,1
1499125440000,1499125499000,113.388,113.397,113.387,113.397,96180000,1
1499125500000,1499125559000,113.397,113.397,113.377,113.389,94930000,1
1499125560000,1499125619000,113.388,113.393,113.376,113.388,143450000,1
1499125620000,1499125679000,113.388,113.389,113.377,113.377,133000000,1
1499125680000,1499125739000,113.377,113.378,113.375,113.375,106180000,1
1499125740000,1499125799000,113.375,113.375,113.356,113.363,101700000,1
1499125800000,1499125859000,113.361,113.366,113.361,113.365,57640000,1
1499125860000,1499125919000,113.364,113.366,113.364,113.366,14000000,1
1499125920000,1499125979000,113.366,113.371,113.366,113.37,23060000,1
1499125980000,1499126039000,113.371,113.376,113.37,113.376,23960000,1
1499126040000,1499126099000,113.377,113.39,113.377,113.386,107920000,1
1499126100000,1499126159000,113.389,113.398,113.378,113.383,73270000,1
1499126160000,1499126219000,113.383,113.389,113.368,113.389,69020000,1
1499126220000,1499126279000,113.39,113.398,113.383,113.386,90770000,1
1499126280000,1499126339000,113.386,113.397,113.386,113.389,74350000,1
1499126340000,1499126399000,113.389,113.394,113.367,113.384,185860000,1
1499126400000,1499126459000,113.387,113.391,113.36,113.378,125370000,1
1499126460000,1499126519000,113.379,113.379,113.369,113.37,65730000,1
1499126520000,1499126579000,113.368,113.377,113.368,113.377,75660000,1
1499126580000,1499126639000,113.377,113.377,113.356,113.368,81430000,1
1499126640000,1499126699000,113.369,113.369,113.355,113.366,90560000,1
1499126700000,1499126759000,113.363,113.363,113.359,113.361,40200000,1
1499126760000,1499126819000,113.362,113.364,113.356,113.358,47030000,1
1499126820000,1499126879000,113.356,113.364,113.351,113.36,83830000,1
1499126880000,1499126939000,113.358,113.359,113.342,113.349,115060000,1
1499126940000,1499126999000,113.348,113.351,113.345,113.348,46510000,1
1499127000000,1499127059000,113.347,113.347,113.331,113.337,106640000,1
1499127060000,1499127119000,113.339,113.346,113.336,113.344,75260000,1
1499127120000,1499127179000,113.346,113.37,113.346,113.356,121580000,1
1499127180000,1499127239000,113.356,113.366,113.355,113.363,109200000,1
1499127240000,1499127299000,113.362,113.363,113.342,113.348,81710000,1
1499127300000,1499127359000,113.349,113.353,113.328,113.341,133210000,1
1499127360000,1499127419000,113.342,113.353,113.342,113.349,41000000,1
1499127420000,1499127479000,113.351,113.354,113.325,113.332,115920000,1
1499127480000,1499127539000,113.333,113.338,113.309,113.31,211860000,1
1499127540000,1499127599000,113.309,113.322,113.307,113.317,101350000,1
1499127600000,1499127659000,113.315,113.315,113.301,113.306,95640000,1
1499127660000,1499127719000,113.307,113.314,113.303,113.303,111440000,1
1499127720000,1499127779000,113.304,113.308,113.283,113.288,134320000,1
1499127780000,1499127839000,113.288,113.29,113.286,113.289,58830000,1
1499127840000,1499127899000,113.29,113.29,113.287,113.289,54480000,1
1499127900000,1499127959000,113.292,113.292,113.285,113.288,100760000,1
1499127960000,1499128019000,113.288,113.29,113.286,113.29,96290000,1
1499128020000,1499128079000,113.291,113.291,113.28,113.286,70630000,1
1499128080000,1499128139000,113.288,113.288,113.28,113.28,86020000,1
1499128140000,1499128199000,113.279,113.28,113.266,113.272,99150000,1
1499128200000,1499128259000,113.273,113.287,113.268,113.283,144620000,1
1499128260000,1499128319000,113.284,113.294,113.284,113.292,50020000,1
1499128320000,1499128379000,113.292,113.292,113.278,113.278,61610000,1
1499128380000,1499128439000,113.278,113.278,113.255,113.264,146800000,1
1499128440000,1499128499000,113.264,113.269,113.259,113.264,82430000,1
1499128500000,1499128559000,113.263,113.267,113.256,113.261,90690000,1
1499128560000,1499128619000,113.264,113.275,113.259,113.273,75500000,1
1499128620000,1499128679000,113.273,113.28,113.265,113.28,65840000,1
1499128680000,1499128739000,113.279,113.284,113.279,113.282,46460000,1
1499128740000,1499128799000,113.28,113.286,113.279,113.286,47000000,1
1499128800000,1499128859000,113.286,113.291,113.286,113.289,69850000,1
1499128860000,1499128919000,113.29,113.297,113.286,113.294,113570000,1
1499128920000,1499128979000,113.295,113.295,113.286,113.293,51880000,1
1499128980000,1499129039000,113.293,113.299,113.293,113.293,33240000,1
1499129040000,1499129099000,113.293,113.295,113.293,113.293,83840000,1
1499129100000,1499129159000,113.292,113.292,113.283,113.283,37350000,1
1499129160000,1499129219000,113.283,113.283,113.271,113.271,33930000,1
1499129220000,1499129279000,113.271,113.277,113.267,113.277,50850000,1
1499129280000,1499129339000,113.278,113.281,113.265,113.27,93420000,1
1499129340000,1499129399000,113.268,113.271,113.263,113.266,97080000,1
1499129400000,1499129459000,113.266,113.271,113.26,113.266,84560000,1
1499129460000,1499129519000,113.264,113.27,113.253,113.263,188490000,1
1499129520000,1499129579000,113.265,113.271,113.215,113.215,250830000,1
1499129580000,1499129639000,113.218,113.226,113.201,113.213,236720000,1
1499129640000,1499129699000,113.214,113.224,113.214,113.218,182280000,1
1499129700000,1499129759000,113.216,113.234,113.211,113.228,181820000,1
1499129760000,1499129819000,113.228,113.246,113.225,113.235,169700000,1
1499129820000,1499129879000,113.233,113.243,113.137,113.172,423820000,1
1499129880000,1499129939000,113.172,113.196,113.168,113.171,218690000,1
1499129940000,1499129999000,113.173,113.179,113.136,113.171,315690000,1
1499130000000,1499130059000,113.17,113.186,113.132,113.143,209360000,1
1499130060000,1499130119000,113.142,113.157,113.129,113.146,230970000,1
1499130120000,1499130179000,113.147,113.171,113.146,113.163,176200000,1
1499130180000,1499130239000,113.162,113.2,113.16,113.2,167170000,1
1499130240000,1499130299000,113.198,113.205,113.185,113.191,137370000,1
1499130300000,1499130359000,113.19,113.194,113.166,113.166,95060000,1
1499130360000,1499130419000,113.166,113.19,113.166,113.182,205090000,1
1499130420000,1499130479000,113.182,113.198,113.179,113.184,102820000,1
1499130480000,1499130539000,113.185,113.203,113.185,113.199,85350000,1
1499130540000,1499130599000,113.199,113.207,113.187,113.207,76570000,1
1499130600000,1499130659000,113.207,113.214,113.202,113.213,97380000,1
1499130660000,1499130719000,113.213,113.213,113.206,113.213,84760000,1
1499130720000,1499130779000,113.212,113.255,113.2,113.24,137620000,1
1499130780000,1499130839000,113.238,113.238,113.23,113.231,53270000,1
1499130840000,1499130899000,113.232,113.234,113.22,113.232,78810000,1
1499130900000,1499130959000,113.23,113.238,113.226,113.235,105970000,1
1499130960000,1499131019000,113.235,113.246,113.23,113.237,117120000,1
1499131020000,1499131079000,113.236,113.241,113.23,113.234,103300000,1
1499131080000,1499131139000,113.236,113.247,113.22,113.22,137830000,1
1499131140000,1499131199000,113.219,113.223,113.207,113.213,108530000,1
1499131200000,1499131259000,113.214,113.218,113.209,113.21,65380000,1
1499131260000,1499131319000,113.21,113.218,113.21,113.213,71240000,1
1499131320000,1499131379000,113.214,113.221,113.206,113.214,57230000,1
1499131380000,1499131439000,113.214,113.234,113.211,113.233,116320000,1
1499131440000,1499131499000,113.236,113.254,113.231,113.254,120720000,1
1499131500000,1499131559000,113.254,113.254,113.248,113.25,60000000,1
1499131560000,1499131619000,113.247,113.248,113.237,113.247,50750000,1
1499131620000,1499131679000,113.247,113.253,113.246,113.253,37050000,1
1499131680000,1499131739000,113.255,113.265,113.255,113.265,85170000,1
1499131740000,1499131799000,113.265,113.269,113.262,113.265,146240000,1
1499131800000,1499131859000,113.264,113.27,113.257,113.268,164780000,1
1499131860000,1499131919000,113.268,113.273,113.264,113.265,152810000,1
1499131920000,1499131979000,113.265,113.274,113.259,113.265,93210000,1
1499131980000,1499132039000,113.266,113.268,113.259,113.26,126340000,1
1499132040000,1499132099000,113.26,113.266,113.252,113.257,97490000,1
1499132100000,1499132159000,113.26,113.262,113.252,113.252,63470000,1
1499132160000,1499132219000,113.252,113.261,113.249,113.251,169100000,1
1499132220000,1499132279000,113.251,113.271,113.251,113.264,206040000,1
1499132280000,1499132339000,113.263,113.263,113.252,113.255,86870000,1
1499132340000,1499132399000,113.256,113.256,113.248,113.255,65260000,1
1499132400000,1499132459000,113.255,113.255,113.228,113.242,107290000,1
1499132460000,1499132519000,113.241,113.241,113.218,113.231,93110000,1
1499132520000,1499132579000,113.231,113.242,113.229,113.236,129110000,1
1499132580000,1499132639000,113.236,113.245,113.236,113.242,54990000,1
1499132640000,1499132699000,113.243,113.244,113.226,113.241,123340000,1
1499132700000,1499132759000,113.239,113.248,113.236,113.246,128280000,1
1499132760000,1499132819000,113.247,113.266,113.236,113.263,127150000,1
1499132820000,1499132879000,113.263,113.275,113.261,113.268,168320000,1
1499132880000,1499132939000,113.268,113.269,113.261,113.268,104850000,1
1499132940000,1499132999000,113.268,113.275,113.252,113.275,127050000,1
1499133000000,1499133059000,113.277,113.28,113.262,113.268,88430000,1
1499133060000,1499133119000,113.268,113.271,113.257,113.263,57900000,1
1499133120000,1499133179000,113.263,113.263,113.256,113.256,56960000,1
1499133180000,1499133239000,113.256,113.265,113.256,113.262,76530000,1
1499133240000,1499133299000,113.26,113.275,113.256,113.274,73830000,1
1499133300000,1499133359000,113.274,113.275,113.263,113.269,114880000,1
1499133360000,1499133419000,113.269,113.275,113.265,113.274,79890000,1
1499133420000,1499133479000,113.273,113.274,113.262,113.262,77030000,1
1499133480000,1499133539000,113.263,113.263,113.249,113.256,42620000,1
1499133540000,1499133599000,113.255,113.258,113.25,113.25,26200000,1
1499133600000,1499133659000,113.249,113.256,113.249,113.256,33730000,1
1499133660000,1499133719000,113.255,113.264,113.255,113.26,77150000,1
1499133720000,1499133779000,113.261,113.278,113.26,113.273,103970000,1
1499133780000,1499133839000,113.273,113.276,113.268,113.275,179240000,1
1499133840000,1499133899000,113.275,113.277,113.267,113.269,112570000,1
1499133900000,1499133959000,113.269,113.272,113.257,113.262,95500000,1
1499133960000,1499134019000,113.261,113.272,113.257,113.272,111910000,1
1499134020000,1499134079000,113.271,113.278,113.267,113.273,125590000,1
1499134080000,1499134139000,113.273,113.282,113.273,113.278,107420000,1
1499134140000,1499134199000,113.279,113.289,113.278,113.289,78720000,1
1499134200000,1499134259000,113.29,113.298,113.279,113.29,115640000,1
1499134260000,1499134319000,113.289,113.29,113.28,113.285,115910000,1
1499134320000,1499134379000,113.285,113.286,113.276,113.281,94780000,1
1499134380000,1499134439000,113.281,113.287,113.279,113.281,47540000,1
1499134440000,1499134499000,113.282,113.282,113.276,113.276,64540000,1
1499134500000,1499134559000,113.275,113.278,113.268,113.273,190680000,1
1499134560000,1499134619000,113.273,113.275,113.267,113.269,79520000,1
1499134620000,1499134679000,113.269,113.27,113.245,113.246,112390000,1
1499134680000,1499134739000,113.245,113.271,113.245,113.268,93290000,1
1499134740000,1499134799000,113.268,113.277,113.268,113.275,76270000,1
1499134800000,1499134859000,113.276,113.282,113.275,113.279,51530000,1
1499134860000,1499134919000,113.282,113.283,113.28,113.281,57680000,1
1499134920000,1499134979000,113.28,113.289,113.279,113.28,102420000,1
1499134980000,1499135039000,113.279,113.279,113.275,113.275,64220000,1
1499135040000,1499135099000,113.274,113.275,113.26,113.26,145630000,1
1499135100000,1499135159000,113.259,113.259,113.243,113.25,135150000,1
1499135160000,1499135219000,113.249,113.262,113.245,113.258,72130000,1
1499135220000,1499135279000,113.26,113.269,113.258,113.259,82920000,1
1499135280000,1499135339000,113.259,113.265,113.257,113.265,38290000,1
1499135340000,1499135399000,113.266,113.266,113.245,113.248,94240000,1
1499135400000,1499135459000,113.249,113.249,113.24,113.244,45350000,1
1499135460000,1499135519000,113.245,113.25,113.239,113.242,41840000,1
1499135520000,1499135579000,113.243,113.246,113.243,113.243,38850000,1
1499135580000,1499135639000,113.243,113.244,113.24,113.244,65160000,1
1499135640000,1499135699000,113.244,113.248,113.244,113.246,21610000,1
1499135700000,1499135759000,113.245,113.246,113.241,113.244,19950000,1
1499135760000,1499135819000,113.244,113.244,113.232,113.237,55850000,1
1499135820000,1499135879000,113.237,113.24,113.233,113.237,52370000,1
1499135880000,1499135939000,113.238,113.238,113.231,113.235,40040000,1
1499135940000,1499135999000,113.231,113.239,113.23,113.23,46620000,1
1499136000000,1499136059000,113.229,113.239,113.228,113.235,45240000,1
1499136060000,1499136119000,113.236,113.244,113.236,113.24,51290000,1
1499136120000,1499136179000,113.241,113.244,113.237,113.24,45720000,1
1499136180000,1499136239000,113.24,113.24,113.239,113.239,4000000,1
1499136240000,1499136299000,113.24,113.247,113.24,113.245,7000000,1
1499136300000,1499136359000,113.245,113.246,113.237,113.244,55970000,1
1499136360000,1499136419000,113.242,113.243,113.239,113.243,33670000,1
1499136420000,1499136479000,113.242,113.243,113.238,113.24,29530000,1
1499136480000,1499136539000,113.239,113.249,113.232,113.246,62800000,1
1499136540000,1499136599000,113.245,113.248,113.234,113.241,91740000,1
1499136600000,1499136659000,113.242,113.248,113.242,113.248,25680000,1
1499136660000,1499136719000,113.247,113.248,113.233,113.234,82470000,1
1499136720000,1499136779000,113.233,113.248,113.227,113.247,74080000,1
1499136780000,1499136839000,113.247,113.248,113.24,113.242,37220000,1
1499136840000,1499136899000,113.241,113.245,113.24,113.24,46640000,1
1499136900000,1499136959000,113.24,113.248,113.24,113.246,34500000,1
1499136960000,1499137019000,113.247,113.247,113.233,113.24,55040000,1
1499137020000,1499137079000,113.24,113.246,113.238,113.246,36990000,1
1499137080000,1499137139000,113.247,113.247,113.238,113.242,59770000,1
1499137140000,1499137199000,113.242,113.245,113.232,113.234,80290000,1
1499137200000,1499137259000,113.234,113.24,113.234,113.239,31680000,1
1499137260000,1499137319000,113.239,113.244,113.235,113.239,48550000,1
1499137320000,1499137379000,113.239,113.247,113.239,113.246,24860000,1
1499137380000,1499137439000,113.246,113.252,113.244,113.252,49450000,1
1499137440000,1499137499000,113.252,113.254,113.21,113.224,101210000,1
1499137500000,1499137559000,113.225,113.225,113.216,113.22,59990000,1
1499137560000,1499137619000,113.221,113.224,113.215,113.215,127730000,1
1499137620000,1499137679000,113.216,113.234,113.213,113.225,123640000,1
1499137680000,1499137739000,113.223,113.224,113.218,113.223,82260000,1
1499137740000,1499137799000,113.224,113.225,113.215,113.217,64500000,1
1499137800000,1499137859000,113.216,113.218,113.207,113.212,63380000,1
1499137860000,1499137919000,113.212,113.227,113.212,113.227,23180000,1
1499137920000,1499137979000,113.225,113.226,113.223,113.223,17500000,1
1499137980000,1499138039000,113.224,113.231,113.223,113.228,27300000,1
1499138040000,1499138099000,113.226,113.226,113.22,113.22,118050000,1
1499138100000,1499138159000,113.22,113.222,113.22,113.22,25160000,1
1499138160000,1499138219000,113.222,113.228,113.222,113.228,61720000,1
1499138220000,1499138279000,113.228,113.232,113.228,113.23,29760000,1
1499138280000,1499138339000,113.23,113.231,113.229,113.23,39620000,1
1499138340000,1499138399000,113.23,113.23,113.223,113.226,39480000,1
1499138400000,1499138459000,113.225,113.23,113.221,113.23,21370000,1
1499138460000,1499138519000,113.229,113.229,113.224,113.224,41740000,1
1499138520000,1499138579000,113.226,113.233,113.226,113.231,67230000,1
1499138580000,1499138639000,113.23,113.236,113.224,113.234,33050000,1
1499138640000,1499138699000,113.234,113.249,113.231,113.239,143190000,1
1499138700000,1499138759000,113.239,113.239,113.233,113.233,28860000,1
1499138760000,1499138819000,113.233,113.233,113.23,113.23,35410000,1
1499138820000,1499138879000,113.23,113.238,113.229,113.238,30780000,1
1499138880000,1499138939000,113.239,113.241,113.238,113.238,27410000,1
1499138940000,1499138999000,113.239,113.25,113.239,113.243,57970000,1
1499139000000,1499139059000,113.246,113.246,113.238,113.241,53730000,1
1499139060000,1499139119000,113.242,113.249,113.239,113.245,59140000,1
1499139120000,1499139179000,113.245,113.248,113.224,113.247,90590000,1
1499139180000,1499139239000,113.247,113.258,113.246,113.247,118510000,1
1499139240000,1499139299000,113.248,113.251,113.246,113.246,53780000,1
1499139300000,1499139359000,113.246,113.251,113.24,113.25,37800000,1
1499139360000,1499139419000,113.249,113.253,113.241,113.25,57720000,1
1499139420000,1499139479000,113.249,113.252,113.243,113.251,116530000,1
1499139480000,1499139539000,113.25,113.251,113.245,113.251,72450000,1
1499139540000,1499139599000,113.251,113.251,113.246,113.25,44950000,1
1499139600000,1499139659000,113.25,113.251,113.247,113.248,57510000,1
1499139660000,1499139719000,113.248,113.25,113.248,113.249,53570000,1
1499139720000,1499139779000,113.25,113.255,113.25,113.252,75340000,1
1499139780000,1499139839000,113.252,113.253,113.244,113.246,36360000,1
1499139840000,1499139899000,113.245,113.249,113.244,113.244,60580000,1
1499139900000,1499139959000,113.243,113.25,113.241,113.25,66930000,1
1499139960000,1499140019000,113.249,113.249,113.238,113.24,70280000,1
1499140020000,1499140079000,113.239,113.24,113.231,113.24,44020000,1
1499140080000,1499140139000,113.239,113.239,113.228,113.231,73240000,1
1499140140000,1499140199000,113.23,113.23,113.206,113.206,98580000,1
1499140200000,1499140259000,113.209,113.221,113.209,113.22,67570000,1
1499140260000,1499140319000,113.217,113.217,113.201,113.208,92300000,1
1499140320000,1499140379000,113.207,113.209,113.201,113.209,39670000,1
1499140380000,1499140439000,113.21,113.214,113.204,113.206,55740000,1
1499140440000,1499140499000,113.206,113.206,113.197,113.197,89150000,1
1499140500000,1499140559000,113.197,113.203,113.182,113.189,164970000,1
1499140560000,1499140619000,113.189,113.19,113.17,113.173,93080000,1
1499140620000,1499140679000,113.172,113.183,113.167,113.171,189080000,1
1499140680000,1499140739000,113.172,113.179,113.17,113.176,125140000,1
1499140740000,1499140799000,113.176,113.195,113.176,113.195,63790000,1
1499140800000,1499140859000,113.196,113.196,113.192,113.193,45500000,1
1499140860000,1499140919000,113.193,113.198,113.186,113.196,75630000,1
1499140920000,1499140979000,113.197,113.198,113.189,113.19,72010000,1
1499140980000,1499141039000,113.19,113.19,113.179,113.18,69770000,1
1499141040000,1499141099000,113.181,113.19,113.175,113.19,121630000,1
1499141100000,1499141159000,113.192,113.198,113.19,113.198,94830000,1
1499141160000,1499141219000,113.198,113.206,113.195,113.206,98040000,1
1499141220000,1499141279000,113.206,113.212,113.2,113.21,65350000,1
1499141280000,1499141339000,113.209,113.212,113.204,113.205,61460000,1
1499141340000,1499141399000,113.206,113.206,113.195,113.198,47840000,1
1499141400000,1499141459000,113.198,113.21,113.198,113.208,36920000,1
1499141460000,1499141519000,113.211,113.222,113.209,113.217,89190000,1
1499141520000,1499141579000,113.217,113.223,113.216,113.216,50950000,1
1499141580000,1499141639000,113.216,113.216,113.208,113.208,41860000,1
1499141640000,1499141699000,113.208,113.209,113.2,113.2,35120000,1
1499141700000,1499141759000,113.2,113.202,113.2,113.202,12550000,1
1499141760000,1499141819000,113.201,113.201,113.192,113.199,56320000,1
1499141820000,1499141879000,113.201,113.206,113.195,113.201,45270000,1
1499141880000,1499141939000,113.201,113.208,113.201,113.208,33330000,1
1499141940000,1499141999000,113.207,113.213,113.205,113.213,100680000,1
1499142000000,1499142059000,113.213,113.218,113.209,113.21,98030000,1
1499142060000,1499142119000,113.211,113.212,113.2,113.202,144690000,1
1499142120000,1499142179000,113.202,113.207,113.195,113.201,89540000,1
1499142180000,1499142239000,113.202,113.202,113.192,113.194,47100000,1
1499142240000,1499142299000,113.194,113.201,113.194,113.201,131760000,1
1499142300000,1499142359000,113.2,113.208,113.199,113.199,100460000,1
1499142360000,1499142419000,113.199,113.199,113.194,113.194,53120000,1
1499142420000,1499142479000,113.195,113.197,113.177,113.187,192600000,1
1499142480000,1499142539000,113.187,113.201,113.187,113.197,27030000,1
1499142540000,1499142599000,113.197,113.197,113.184,113.195,76870000,1
1499142600000,1499142659000,113.195,113.207,113.195,113.203,134790000,1
1499142660000,1499142719000,113.201,113.209,113.197,113.204,141590000,1
1499142720000,1499142779000,113.203,113.22,113.201,113.213,145650000,1
1499142780000,1499142839000,113.213,113.213,113.191,113.209,142020000,1
1499142840000,1499142899000,113.208,113.208,113.194,113.204,132460000,1
1499142900000,1499142959000,113.202,113.207,113.168,113.17,186940000,1
1499142960000,1499143019000,113.17,113.17,113.123,113.139,209710000,1
1499143020000,1499143079000,113.142,113.152,113.126,113.133,214750000,1
1499143080000,1499143139000,113.131,113.137,113.104,113.116,147580000,1
1499143140000,1499143199000,113.117,113.126,113.104,113.11,143950000,1
1499143200000,1499143259000,113.111,113.117,113.1,113.103,123790000,1
1499143260000,1499143319000,113.104,113.108,113.082,113.082,155780000,1
1499143320000,1499143379000,113.084,113.094,113.083,113.085,145600000,1
1499143380000,1499143439000,113.086,113.109,113.083,113.107,115420000,1
1499143440000,1499143499000,113.107,113.112,113.09,113.102,172410000,1
1499143500000,1499143559000,113.101,113.106,113.093,113.105,127080000,1
1499143560000,1499143619000,113.105,113.131,113.103,113.13,109290000,1
1499143620000,1499143679000,113.13,113.13,113.118,113.121,127220000,1
1499143680000,1499143739000,113.122,113.123,113.101,113.115,141300000,1
1499143740000,1499143799000,113.115,113.118,113.11,113.111,82010000,1
1499143800000,1499143859000,113.111,113.111,113.088,113.093,104860000,1
1499143860000,1499143919000,113.094,113.105,113.094,113.1,87010000,1
1499143920000,1499143979000,113.1,113.102,113.093,113.1,49130000,1
1499143980000,1499144039000,113.1,113.125,113.099,113.12,65410000,1
1499144040000,1499144099000,113.119,113.132,113.116,113.13,76370000,1
1499144100000,1499144159000,113.13,113.13,113.111,113.111,141860000,1
1499144160000,1499144219000,113.111,113.12,113.109,113.11,109580000,1
1499144220000,1499144279000,113.11,113.117,113.104,113.117,182640000,1
1499144280000,1499144339000,113.12,113.131,113.117,113.124,117320000,1
1499144340000,1499144399000,113.125,113.131,113.12,113.13,53150000,1
1499144400000,1499144459000,113.13,113.131,113.106,113.114,93470000,1
1499144460000,1499144519000,113.115,113.116,113.112,113.112,24080000,1
1499144520000,1499144579000,113.112,113.112,113.087,113.089,81440000,1
1499144580000,1499144639000,113.088,113.096,113.087,113.094,177460000,1
1499144640000,1499144699000,113.094,113.103,113.094,113.103,68150000,1
1499144700000,1499144759000,113.107,113.118,113.09,113.096,169740000,1
1499144760000,1499144819000,113.095,113.113,113.09,113.108,132810000,1
1499144820000,1499144879000,113.108,113.109,113.099,113.106,92950000,1
1499144880000,1499144939000,113.106,113.111,113.096,113.111,77450000,1
1499144940000,1499144999000,113.11,113.118,113.109,113.118,73980000,1
1499145000000,1499145059000,113.12,113.121,113.112,113.114,96030000,1
1499145060000,1499145119000,113.113,113.113,113.072,113.072,166070000,1
1499145120000,1499145179000,113.071,113.082,113.04,113.044,200910000,1
1499145180000,1499145239000,113.044,113.055,113.016,113.026,128930000,1
1499145240000,1499145299000,113.028,113.037,113.016,113.032,198990000,1
1499145300000,1499145359000,113.032,113.039,113.009,113.018,240980000,1
1499145360000,1499145419000,113.02,113.022,113.004,113.015,134870000,1
1499145420000,1499145479000,113.015,113.02,113.003,113.013,175120000,1
1499145480000,1499145539000,113.013,113.013,112.976,112.999,216080000,1
1499145540000,1499145599000,112.998,113.015,112.99,113.014,120010000,1
1499145600000,1499145659000,113.013,113.042,113.013,113.038,94030000,1
1499145660000,1499145719000,113.038,113.04,113.034,113.034,105910000,1
1499145720000,1499145779000,113.034,113.036,112.997,112.999,152930000,1
1499145780000,1499145839000,113.0,113.003,112.967,112.968,236230000,1
1499145840000,1499145899000,112.964,112.985,112.958,112.983,145510000,1
1499145900000,1499145959000,112.983,112.99,112.957,112.963,184820000,1
1499145960000,1499146019000,112.965,112.982,112.964,112.98,108590000,1
1499146020000,1499146079000,112.981,112.989,112.979,112.988,132180000,1
1499146080000,1499146139000,112.988,112.988,112.957,112.966,190790000,1
1499146140000,1499146199000,112.966,112.971,112.933,112.957,220900000,1
1499146200000,1499146259000,112.958,112.958,112.893,112.911,315120000,1
1499146260000,1499146319000,112.913,112.933,112.909,112.928,189450000,1
1499146320000,1499146379000,112.93,112.952,112.93,112.939,125310000,1
1499146380000,1499146439000,112.939,112.939,112.925,112.931,119520000,1
1499146440000,1499146499000,112.93,112.944,112.912,112.944,210880000,1
1499146500000,1499146559000,112.946,112.95,112.923,112.923,65360000,1
1499146560000,1499146619000,112.921,112.923,112.904,112.905,153190000,1
1499146620000,1499146679000,112.904,112.925,112.904,112.916,132150000,1
1499146680000,1499146739000,112.917,112.927,112.911,112.926,157040000,1
1499146740000,1499146799000,112.925,112.925,112.888,112.905,180150000,1
1499146800000,1499146859000,112.906,112.906,112.893,112.901,149680000,1
1499146860000,1499146919000,112.902,112.916,112.901,112.913,116030000,1
1499146920000,1499146979000,112.914,112.93,112.912,112.924,169000000,1
1499146980000,1499147039000,112.923,112.969,112.918,112.965,180420000,1
1499147040000,1499147099000,112.965,112.973,112.952,112.973,137170000,1
1499147100000,1499147159000,112.972,112.987,112.968,112.981,166450000,1
1499147160000,1499147219000,112.981,112.981,112.93,112.943,152000000,1
1499147220000,1499147279000,112.941,112.948,112.912,112.937,192300000,1
1499147280000,1499147339000,112.939,112.941,112.923,112.929,239920000,1
1499147340000,1499147399000,112.93,112.931,112.924,112.925,259070000,1
1499147400000,1499147459000,112.923,112.942,112.919,112.926,226300000,1
1499147460000,1499147519000,112.924,112.925,112.917,112.918,119150000,1
1499147520000,1499147579000,112.919,112.923,112.91,112.918,128740000,1
1499147580000,1499147639000,112.919,112.922,112.91,112.918,168970000,1
1499147640000,1499147699000,112.918,112.92,112.918,112.919,114310000,1
1499147700000,1499147759000,112.92,112.958,112.92,112.958,154070000,1
1499147760000,1499147819000,112.959,112.965,112.951,112.958,153430000,1
1499147820000,1499147879000,112.96,112.96,112.933,112.958,134830000,1
1499147880000,1499147939000,112.958,112.958,112.941,112.944,77390000,1
1499147940000,1499147999000,112.944,112.95,112.941,112.949,130430000,1
1499148000000,1499148059000,112.95,112.959,112.932,112.959,100370000,1
1499148060000,1499148119000,112.958,112.99,112.958,112.977,169560000,1
1499148120000,1499148179000,112.978,112.99,112.977,112.986,75760000,1
1499148180000,1499148239000,112.987,112.996,112.969,112.976,142270000,1
1499148240000,1499148299000,112.976,112.997,112.971,112.987,131320000,1
1499148300000,1499148359000,112.99,113.003,112.986,113.003,121740000,1
1499148360000,1499148419000,113.003,113.005,112.991,112.997,120820000,1
1499148420000,1499148479000,112.997,113.001,112.993,112.999,141900000,1
1499148480000,1499148539000,112.999,113.007,112.992,113.007,100350000,1
1499148540000,1499148599000,113.007,113.007,112.977,112.98,69680000,1
1499148600000,1499148659000,112.981,112.983,112.971,112.982,134340000,1
1499148660000,1499148719000,112.98,113.011,112.977,112.998,112690000,1
1499148720000,1499148779000,112.998,113.002,112.98,112.983,92090000,1
1499148780000,1499148839000,112.981,112.981,112.962,112.962,95260000,1
1499148840000,1499148899000,112.964,112.984,112.962,112.982,73840000,1
1499148900000,1499148959000,112.982,112.988,112.968,112.968,128920000,1
1499148960000,1499149019000,112.969,112.971,112.956,112.968,94190000,1
1499149020000,1499149079000,112.968,112.988,112.968,112.983,118210000,1
1499149080000,1499149139000,112.983,112.996,112.981,112.99,121500000,1
1499149140000,1499149199000,112.989,112.989,112.978,112.979,119200000,1
1499149200000,1499149259000,112.979,112.99,112.979,112.989,72970000,1
1499149260000,1499149319000,112.989,112.994,112.981,112.992,100300000,1
1499149320000,1499149379000,112.992,113.009,112.987,113.0,144190000,1
1499149380000,1499149439000,113.001,113.002,112.982,112.985,113920000,1
1499149440000,1499149499000,112.985,112.985,112.978,112.983,137340000,1
1499149500000,1499149559000,112.984,112.996,112.981,112.996,80300000,1
1499149560000,1499149619000,112.998,113.01,112.996,112.998,138330000,1
1499149620000,1499149679000,112.998,113.004,112.981,113.004,126720000,1
1499149680000,1499149739000,113.005,113.011,112.991,113.011,158030000,1
1499149740000,1499149799000,113.005,113.041,113.002,113.035,168240000,1
1499149800000,1499149859000,113.035,113.043,112.746,112.76,394630000,1
1499149860000,1499149919000,112.764,112.898,112.764,112.774,596980000,1
1499149920000,1499149979000,112.774,112.864,112.74,112.798,490240000,1
1499149980000,1499150039000,112.799,112.849,112.799,112.84,471020000,1
1499150040000,1499150099000,112.84,112.936,112.839,112.892,402980000,1
1499150100000,1499150159000,112.891,112.931,112.886,112.91,288660000,1
1499150160000,1499150219000,112.913,112.929,112.894,112.927,161640000,1
1499150220000,1499150279000,112.926,113.016,112.921,112.976,287590000,1
1499150280000,1499150339000,112.977,112.983,112.948,112.948,169500000,1
1499150340000,1499150399000,112.95,112.953,112.898,112.909,174040000,1
1499150400000,1499150459000,112.909,112.945,112.904,112.911,197800000,1
1499150460000,1499150519000,112.912,112.912,112.874,112.878,193360000,1
1499150520000,1499150579000,112.878,112.889,112.866,112.872,206410000,1
1499150580000,1499150639000,112.872,112.89,112.871,112.887,100730000,1
1499150640000,1499150699000,112.887,112.923,112.886,112.919,159830000,1
1499150700000,1499150759000,112.919,112.939,112.912,112.925,183010000,1
1499150760000,1499150819000,112.925,112.928,112.837,112.842,305530000,1
1499150820000,1499150879000,112.841,112.845,112.797,112.8,224710000,1
1499150880000,1499150939000,112.802,112.818,112.792,112.792,277420000,1
1499150940000,1499150999000,112.79,112.796,112.76,112.791,239020000,1
1499151000000,1499151059000,112.797,112.825,112.783,112.821,175900000,1
1499151060000,1499151119000,112.815,112.836,112.814,112.825,143770000,1
1499151120000,1499151179000,112.824,112.867,112.824,112.866,208960000,1
1499151180000,1499151239000,112.866,112.882,112.854,112.872,195790000,1
1499151240000,1499151299000,112.872,112.873,112.843,112.848,166120000,1
1499151300000,1499151359000,112.849,112.853,112.825,112.853,125560000,1
1499151360000,1499151419000,112.854,112.86,112.822,112.822,161640000,1
1499151420000,1499151479000,112.821,112.834,112.821,112.823,144290000,1
1499151480000,1499151539000,112.827,112.829,112.816,112.816,89000000,1
1499151540000,1499151599000,112.816,112.849,112.816,112.843,151880000,1
1499151600000,1499151659000,112.843,112.895,112.843,112.881,324950000,1
1499151660000,1499151719000,112.881,112.891,112.869,112.881,207590000,1
1499151720000,1499151779000,112.881,112.897,112.876,112.887,162390000,1
1499151780000,1499151839000,112.886,112.912,112.885,112.912,208570000,1
1499151840000,1499151899000,112.913,112.946,112.907,112.946,174750000,1
1499151900000,1499151959000,112.943,112.95,112.937,112.947,100850000,1
1499151960000,1499152019000,112.946,112.965,112.942,112.958,144390000,1
1499152020000,1499152079000,112.957,112.966,112.938,112.96,168230000,1
1499152080000,1499152139000,112.959,112.96,112.935,112.935,238750000,1
1499152140000,1499152199000,112.937,112.94,112.925,112.933,156270000,1
1499152200000,1499152259000,112.933,112.933,112.902,112.902,182720000,1
1499152260000,1499152319000,112.902,112.91,112.883,112.91,126840000,1
1499152320000,1499152379000,112.909,112.909,112.885,112.901,168160000,1
1499152380000,1499152439000,112.901,112.959,112.9,112.959,169900000,1
1499152440000,1499152499000,112.96,112.967,112.939,112.967,128680000,1
1499152500000,1499152559000,112.967,112.967,112.939,112.944,152830000,1
1499152560000,1499152619000,112.945,112.949,112.932,112.944,172090000,1
1499152620000,1499152679000,112.944,112.948,112.931,112.933,124600000,1
1499152680000,1499152739000,112.935,112.947,112.926,112.926,148570000,1
1499152740000,1499152799000,112.925,112.94,112.921,112.94,153660000,1
1499152800000,1499152859000,112.94,112.953,112.926,112.93,134540000,1
1499152860000,1499152919000,112.93,112.939,112.908,112.912,107100000,1
1499152920000,1499152979000,112.912,112.912,112.881,112.892,140230000,1
1499152980000,1499153039000,112.893,112.924,112.893,112.9,158940000,1
1499153040000,1499153099000,112.9,112.905,112.897,112.903,92070000,1
1499153100000,1499153159000,112.902,112.935,112.9,112.935,126010000,1
1499153160000,1499153219000,112.934,112.938,112.914,112.923,131440000,1
1499153220000,1499153279000,112.923,112.949,112.923,112.949,194600000,1
1499153280000,1499153339000,112.948,112.967,112.936,112.964,116840000,1
1499153340000,1499153399000,112.963,112.968,112.95,112.968,120710000,1
1499153400000,1499153459000,112.967,112.997,112.956,112.99,164480000,1
1499153460000,1499153519000,112.989,113.035,112.981,113.027,258980000,1
1499153520000,1499153579000,113.025,113.035,113.009,113.034,188380000,1
1499153580000,1499153639000,113.035,113.035,113.006,113.006,172100000,1
1499153640000,1499153699000,113.006,113.008,113.001,113.001,106340000,1
1499153700000,1499153759000,113.002,113.039,113.002,113.039,68060000,1
1499153760000,1499153819000,113.04,113.128,113.04,113.102,275390000,1
1499153820000,1499153879000,113.104,113.115,113.079,113.085,220540000,1
1499153880000,1499153939000,113.083,113.083,113.066,113.082,139950000,1
1499153940000,1499153999000,113.084,113.084,113.063,113.071,128760000,1
1499154000000,1499154059000,113.073,113.074,113.048,113.049,93030000,1
1499154060000,1499154119000,113.049,113.081,113.049,113.081,109250000,1
1499154120000,1499154179000,113.082,113.093,113.077,113.093,162220000,1
1499154180000,1499154239000,113.095,113.098,113.078,113.078,125210000,1
1499154240000,1499154299000,113.078,113.079,113.068,113.073,143230000,1
1499154300000,1499154359000,113.072,113.073,113.06,113.071,179420000,1
1499154360000,1499154419000,113.07,113.072,113.047,113.057,123550000,1
1499154420000,1499154479000,113.057,113.073,113.054,113.069,113520000,1
1499154480000,1499154539000,113.069,113.076,113.06,113.066,105850000,1
1499154540000,1499154599000,113.066,113.075,113.066,113.071,67970000,1
1499154600000,1499154659000,113.07,113.099,113.07,113.091,159570000,1
1499154660000,1499154719000,113.091,113.092,113.071,113.078,141330000,1
1499154720000,1499154779000,113.076,113.089,113.064,113.086,164920000,1
1499154780000,1499154839000,113.087,113.091,113.083,113.087,125170000,1
1499154840000,1499154899000,113.085,113.086,113.07,113.08,216380000,1
1499154900000,1499154959000,113.081,113.083,113.08,113.082,53610000,1
1499154960000,1499155019000,113.082,113.099,113.079,113.099,112990000,1
1499155020000,1499155079000,113.099,113.127,113.091,113.119,144230000,1
1499155080000,1499155139000,113.119,113.119,113.104,113.104,110460000,1
1499155140000,1499155199000,113.104,113.112,113.099,113.11,138180000,1
1499155200000,1499155259000,113.11,113.119,113.098,113.117,147900000,1
1499155260000,1499155319000,113.118,113.175,113.117,113.167,194450000,1
1499155320000,1499155379000,113.167,113.194,113.164,113.175,246430000,1
1499155380000,1499155439000,113.176,113.215,113.174,113.208,217410000,1
1499155440000,1499155499000,113.207,113.223,113.205,113.21,197200000,1
1499155500000,1499155559000,113.209,113.227,113.192,113.217,137510000,1
1499155560000,1499155619000,113.219,113.221,113.206,113.206,141770000,1
1499155620000,1499155679000,113.206,113.211,113.189,113.2,117820000,1
1499155680000,1499155739000,113.199,113.204,113.19,113.204,122500000,1
1499155740000,1499155799000,113.205,113.218,113.202,113.209,145790000,1
1499155800000,1499155859000,113.208,113.233,113.208,113.233,150770000,1
1499155860000,1499155919000,113.233,113.252,113.231,113.251,180910000,1
1499155920000,1499155979000,113.251,113.253,113.239,113.24,126250000,1
1499155980000,1499156039000,113.241,113.252,113.239,113.247,98520000,1
1499156040000,1499156099000,113.247,113.286,113.247,113.274,202720000,1
1499156100000,1499156159000,113.272,113.28,113.265,113.265,124630000,1
1499156160000,1499156219000,113.265,113.268,113.256,113.259,83260000,1
1499156220000,1499156279000,113.26,113.271,113.257,113.263,84360000,1
1499156280000,1499156339000,113.263,113.266,113.256,113.256,82420000,1
1499156340000,1499156399000,113.254,113.26,113.243,113.244,97850000,1
1499156400000,1499156459000,113.243,113.252,113.24,113.243,132360000,1
1499156460000,1499156519000,113.243,113.251,113.241,113.245,87310000,1
1499156520000,1499156579000,113.246,113.252,113.241,113.244,103310000,1
1499156580000,1499156639000,113.244,113.26,113.243,113.253,96060000,1
1499156640000,1499156699000,113.253,113.254,113.238,113.247,139220000,1
1499156700000,1499156759000,113.244,113.244,113.23,113.236,132760000,1
1499156760000,1499156819000,113.235,113.235,113.225,113.227,79320000,1
1499156820000,1499156879000,113.227,113.228,113.224,113.228,49850000,1
1499156880000,1499156939000,113.227,113.241,113.227,113.241,93740000,1
1499156940000,1499156999000,113.24,113.24,113.223,113.226,98070000,1
1499157000000,1499157059000,113.226,113.248,113.223,113.247,136140000,1
1499157060000,1499157119000,113.246,113.26,113.243,113.257,139050000,1
1499157120000,1499157179000,113.257,113.258,113.225,113.232,130650000,1
1499157180000,1499157239000,113.231,113.233,113.219,113.222,146960000,1
1499157240000,1499157299000,113.221,113.222,113.206,113.207,93400000,1
1499157300000,1499157359000,113.208,113.213,113.207,113.212,84050000,1
1499157360000,1499157419000,113.211,113.212,113.192,113.193,130730000,1
1499157420000,1499157479000,113.192,113.207,113.187,113.2,106680000,1
1499157480000,1499157539000,113.199,113.199,113.185,113.186,110620000,1
1499157540000,1499157599000,113.185,113.189,113.173,113.18,105600000,1
1499157600000,1499157659000,113.179,113.19,113.179,113.189,29870000,1
1499157660000,1499157719000,113.187,113.19,113.183,113.186,72030000,1
1499157720000,1499157779000,113.186,113.196,113.186,113.188,61790000,1
1499157780000,1499157839000,113.187,113.193,113.177,113.192,78010000,1
1499157840000,1499157899000,113.192,113.192,113.182,113.186,143710000,1
1499157900000,1499157959000,113.186,113.188,113.175,113.188,119890000,1
1499157960000,1499158019000,113.188,113.188,113.18,113.18,71960000,1
1499158020000,1499158079000,113.18,113.183,113.176,113.183,87240000,1
1499158080000,1499158139000,113.182,113.233,113.181,113.228,91970000,1
1499158140000,1499158199000,113.229,113.242,113.213,113.214,107260000,1
1499158200000,1499158259000,113.213,113.213,113.206,113.206,96970000,1
1499158260000,1499158319000,113.202,113.202,113.19,113.196,65720000,1
1499158320000,1499158379000,113.196,113.196,113.184,113.192,181120000,1
1499158380000,1499158439000,113.193,113.193,113.188,113.19,60000000,1
1499158440000,1499158499000,113.19,113.198,113.184,113.198,41910000,1
1499158500000,1499158559000,113.197,113.198,113.177,113.179,121060000,1
1499158560000,1499158619000,113.178,113.182,113.177,113.182,67720000,1
1499158620000,1499158679000,113.182,113.182,113.172,113.172,79210000,1
1499158680000,1499158739000,113.171,113.172,113.164,113.168,50800000,1
1499158740000,1499158799000,113.169,113.185,113.169,113.185,92210000,1
1499158800000,1499158859000,113.185,113.19,113.176,113.183,115170000,1
1499158860000,1499158919000,113.184,113.185,113.168,113.168,43030000,1
1499158920000,1499158979000,113.168,113.196,113.168,113.192,62510000,1
1499158980000,1499159039000,113.191,113.21,113.191,113.21,59950000,1
1499159040000,1499159099000,113.21,113.231,113.209,113.225,124660000,1
1499159100000,1499159159000,113.223,113.243,113.22,113.23,99370000,1
1499159160000,1499159219000,113.23,113.232,113.223,113.223,37190000,1
1499159220000,1499159279000,113.223,113.255,113.223,113.254,131320000,1
1499159280000,1499159339000,113.252,113.254,113.241,113.249,111950000,1
1499159340000,1499159399000,113.25,113.254,113.23,113.237,109970000,1
1499159400000,1499159459000,113.239,113.244,113.236,113.243,59000000,1
1499159460000,1499159519000,113.241,113.241,113.217,113.225,144300000,1
1499159520000,1499159579000,113.225,113.229,113.215,113.216,91980000,1
1499159580000,1499159639000,113.217,113.224,113.21,113.222,103250000,1
1499159640000,1499159699000,113.22,113.227,113.216,113.226,54760000,1
1499159700000,1499159759000,113.225,113.248,113.225,113.242,149970000,1
1499159760000,1499159819000,113.243,113.257,113.235,113.239,140420000,1
1499159820000,1499159879000,113.239,113.262,113.238,113.248,109840000,1
1499159880000,1499159939000,113.248,113.254,113.239,113.24,128060000,1
1499159940000,1499159999000,113.24,113.248,113.231,113.246,168360000,1
1499160000000,1499160059000,113.248,113.248,113.235,113.235,116510000,1
1499160060000,1499160119000,113.234,113.235,113.23,113.234,35300000,1
1499160120000,1499160179000,113.234,113.234,113.23,113.231,36460000,1
1499160180000,1499160239000,113.232,113.243,113.231,113.243,44900000,1
1499160240000,1499160299000,113.243,113.245,113.24,113.245,137100000,1
1499160300000,1499160359000,113.245,113.251,113.229,113.235,116500000,1
1499160360000,1499160419000,113.236,113.238,113.222,113.222,101500000,1
1499160420000,1499160479000,113.224,113.23,113.223,113.229,66020000,1
1499160480000,1499160539000,113.229,113.248,113.228,113.241,73110000,1
1499160540000,1499160599000,113.241,113.241,113.229,113.23,147470000,1
1499160600000,1499160659000,113.23,113.236,113.23,113.235,98570000,1
1499160660000,1499160719000,113.236,113.24,113.235,113.235,56820000,1
1499160720000,1499160779000,113.235,113.24,113.229,113.236,111940000,1
1499160780000,1499160839000,113.237,113.243,113.232,113.237,75390000,1
1499160840000,1499160899000,113.237,113.245,113.236,113.241,56270000,1
1499160900000,1499160959000,113.24,113.25,113.224,113.227,131570000,1
1499160960000,1499161019000,113.228,113.229,113.216,113.222,125810000,1
1499161020000,1499161079000,113.223,113.223,113.215,113.217,70810000,1
1499161080000,1499161139000,113.217,113.23,113.216,113.228,62770000,1
1499161140000,1499161199000,113.229,113.23,113.218,113.222,93830000,1
1499161200000,1499161259000,113.222,113.227,113.221,113.225,61520000,1
1499161260000,1499161319000,113.225,113.227,113.222,113.224,136150000,1
1499161320000,1499161379000,113.226,113.226,113.215,113.222,77830000,1
1499161380000,1499161439000,113.222,113.228,113.22,113.223,62650000,1
1499161440000,1499161499000,113.223,113.232,113.223,113.229,45330000,1
1499161500000,1499161559000,113.229,113.232,113.223,113.224,46050000,1
1499161560000,1499161619000,113.223,113.23,113.223,113.224,88990000,1
1499161620000,1499161679000,113.224,113.226,113.223,113.226,50690000,1
1499161680000,1499161739000,113.227,113.227,113.21,113.211,95620000,1
1499161740000,1499161799000,113.213,113.213,113.192,113.198,57890000,1
1499161800000,1499161859000,113.198,113.199,113.178,113.184,94550000,1
1499161860000,1499161919000,113.183,113.19,113.182,113.189,67360000,1
1499161920000,1499161979000,113.189,113.193,113.185,113.192,42790000,1
1499161980000,1499162039000,113.193,113.193,113.178,113.18,45240000,1
1499162040000,1499162099000,113.18,113.18,113.17,113.179,41720000,1
1499162100000,1499162159000,113.18,113.18,113.175,113.175,42080000,1
1499162160000,1499162219000,113.175,113.179,113.174,113.178,25410000,1
1499162220000,1499162279000,113.178,113.18,113.167,113.172,62430000,1
1499162280000,1499162339000,113.173,113.187,113.173,113.187,42360000,1
1499162340000,1499162399000,113.187,113.193,113.187,113.192,66520000,1
1499162400000,1499162459000,113.192,113.213,113.192,113.206,119670000,1
1499162460000,1499162519000,113.207,113.208,113.197,113.197,72680000,1
1499162520000,1499162579000,113.197,113.197,113.181,113.185,82600000,1
1499162580000,1499162639000,113.186,113.193,113.185,113.193,68960000,1
1499162640000,1499162699000,113.191,113.197,113.188,113.192,78340000,1
1499162700000,1499162759000,113.193,113.194,113.192,113.193,41250000,1
1499162760000,1499162819000,113.194,113.194,113.19,113.194,42290000,1
1499162820000,1499162879000,113.196,113.196,113.19,113.19,66730000,1
1499162880000,1499162939000,113.191,113.193,113.172,113.176,85050000,1
1499162940000,1499162999000,113.176,113.182,113.174,113.174,69210000,1
1499163000000,1499163059000,113.174,113.178,113.158,113.166,59030000,1
1499163060000,1499163119000,113.165,113.171,113.158,113.159,99890000,1
1499163120000,1499163179000,113.156,113.166,113.148,113.162,50170000,1
1499163180000,1499163239000,113.162,113.166,113.161,113.163,47110000,1
1499163240000,1499163299000,113.161,113.161,113.159,113.159,54140000,1
1499163300000,1499163359000,113.16,113.16,113.15,113.155,46910000,1
1499163360000,1499163419000,113.155,113.156,113.154,113.154,41700000,1
1499163420000,1499163479000,113.154,113.156,113.15,113.15,32350000,1
1499163480000,1499163539000,113.149,113.15,113.145,113.15,85830000,1
1499163540000,1499163599000,113.149,113.149,113.135,113.148,88360000,1
1499163600000,1499163659000,113.147,113.15,113.147,113.148,18370000,1
1499163660000,1499163719000,113.147,113.16,113.147,113.159,38020000,1
1499163720000,1499163779000,113.158,113.166,113.158,113.159,19550000,1
1499163780000,1499163839000,113.157,113.157,113.148,113.148,15590000,1
1499163840000,1499163899000,113.147,113.153,113.134,113.153,84550000,1
1499163900000,1499163959000,113.153,113.166,113.153,113.161,51790000,1
1499163960000,1499164019000,113.162,113.173,113.158,113.172,48750000,1
1499164020000,1499164079000,113.173,113.18,113.169,113.174,48700000,1
1499164080000,1499164139000,113.174,113.174,113.167,113.167,82700000,1
1499164140000,1499164199000,113.168,113.168,113.149,113.149,86790000,1
1499164200000,1499164259000,113.149,113.15,113.147,113.148,84130000,1
1499164260000,1499164319000,113.147,113.152,113.147,113.148,128470000,1
1499164320000,1499164379000,113.148,113.17,113.148,113.169,55970000,1
1499164380000,1499164439000,113.17,113.173,113.167,113.167,35880000,1
1499164440000,1499164499000,113.167,113.169,113.166,113.167,127620000,1
1499164500000,1499164559000,113.167,113.171,113.165,113.167,79020000,1
1499164560000,1499164619000,113.168,113.168,113.163,113.167,67320000,1
1499164620000,1499164679000,113.169,113.169,113.164,113.167,47740000,1
1499164680000,1499164739000,113.167,113.167,113.16,113.161,72140000,1
1499164740000,1499164799000,113.161,113.168,113.159,113.167,57750000,1
1499164800000,1499164859000,113.168,113.172,113.167,113.172,58950000,1
1499164860000,1499164919000,113.171,113.173,113.171,113.173,11600000,1
1499164920000,1499164979000,113.172,113.174,113.169,113.169,41050000,1
1499164980000,1499165039000,113.169,113.186,113.168,113.185,82230000,1
1499165040000,1499165099000,113.184,113.184,113.178,113.184,63110000,1
1499165100000,1499165159000,113.184,113.194,113.183,113.185,37490000,1
1499165160000,1499165219000,113.184,113.191,113.183,113.184,30880000,1
1499165220000,1499165279000,113.184,113.184,113.178,113.178,39770000,1
1499165280000,1499165339000,113.177,113.189,113.177,113.188,99480000,1
1499165340000,1499165399000,113.189,113.194,113.188,113.194,61200000,1
1499165400000,1499165459000,113.193,113.198,113.193,113.198,40640000,1
1499165460000,1499165519000,113.199,113.199,113.19,113.191,24340000,1
1499165520000,1499165579000,113.192,113.195,113.192,113.192,23770000,1
1499165580000,1499165639000,113.192,113.193,113.188,113.189,30040000,1
1499165640000,1499165699000,113.189,113.189,113.183,113.185,59630000,1
1499165700000,1499165759000,113.185,113.185,113.177,113.178,21310000,1
1499165760000,1499165819000,113.179,113.181,113.179,113.18,34480000,1
1499165820000,1499165879000,113.181,113.183,113.177,113.18,19760000,1
1499165880000,1499165939000,113.183,113.185,113.181,113.182,33840000,1
1499165940000,1499165999000,113.182,113.192,113.182,113.191,86300000,1
1499166000000,1499166059000,113.191,113.193,113.184,113.184,64990000,1
1499166060000,1499166119000,113.183,113.183,113.176,113.179,137440000,1
1499166120000,1499166179000,113.179,113.181,113.179,113.18,48790000,1
1499166180000,1499166239000,113.18,113.18,113.174,113.179,85870000,1
1499166240000,1499166299000,113.179,113.188,113.179,113.181,24110000,1
1499166300000,1499166359000,113.182,113.193,113.182,113.19,25670000,1
1499166360000,1499166419000,113.19,113.195,113.19,113.193,33160000,1
1499166420000,1499166479000,113.194,113.194,113.191,113.191,33930000,1
1499166480000,1499166539000,113.192,113.196,113.19,113.19,61250000,1
1499166540000,1499166599000,113.191,113.196,113.19,113.192,74900000,1
1499166600000,1499166659000,113.193,113.193,113.173,113.175,100990000,1
1499166660000,1499166719000,113.175,113.177,113.173,113.174,32600000,1
1499166720000,1499166779000,113.174,113.176,113.167,113.171,39350000,1
1499166780000,1499166839000,113.17,113.17,113.164,113.166,42340000,1
1499166840000,1499166899000,113.166,113.171,113.141,113.142,82240000,1
1499166900000,1499166959000,113.145,113.154,113.144,113.148,49800000,1
1499166960000,1499167019000,113.149,113.155,113.149,113.154,33840000,1
1499167020000,1499167079000,113.155,113.16,113.153,113.159,46080000,1
1499167080000,1499167139000,113.158,113.158,113.155,113.155,13870000,1
1499167140000,1499167199000,113.157,113.162,113.154,113.155,72460000,1
1499167200000,1499167259000,113.155,113.161,113.155,113.161,66360000,1
1499167260000,1499167319000,113.161,113.161,113.15,113.154,65810000,1
1499167320000,1499167379000,113.155,113.165,113.151,113.165,94630000,1
1499167380000,1499167439000,113.165,113.17,113.165,113.169,33300000,1
1499167440000,1499167499000,113.169,113.171,113.168,113.17,28200000,1
1499167500000,1499167559000,113.169,113.173,113.166,113.169,59590000,1
1499167560000,1499167619000,113.168,113.168,113.159,113.161,64100000,1
1499167620000,1499167679000,113.162,113.169,113.161,113.162,30070000,1
1499167680000,1499167739000,113.161,113.163,113.161,113.163,26040000,1
1499167740000,1499167799000,113.164,113.166,113.163,113.166,43320000,1
1499167800000,1499167859000,113.166,113.166,113.163,113.163,61920000,1
1499167860000,1499167919000,113.163,113.164,113.162,113.163,47810000,1
1499167920000,1499167979000,113.162,113.168,113.162,113.168,26090000,1
1499167980000,1499168039000,113.168,113.168,113.167,113.167,39120000,1
1499168040000,1499168099000,113.167,113.167,113.166,113.166,50400000,1
1499168100000,1499168159000,113.167,113.168,113.161,113.167,38830000,1
1499168160000,1499168219000,113.168,113.175,113.168,113.173,63890000,1
1499168220000,1499168279000,113.174,113.174,113.173,113.174,57610000,1
1499168280000,1499168339000,113.173,113.175,113.173,113.175,63490000,1
1499168340000,1499168399000,113.174,113.189,113.174,113.188,96460000,1
1499168400000,1499168459000,113.189,113.189,113.178,113.179,88930000,1
1499168460000,1499168519000,113.179,113.185,113.178,113.183,65000000,1
1499168520000,1499168579000,113.183,113.191,113.182,113.189,40110000,1
1499168580000,1499168639000,113.189,113.19,113.187,113.187,75090000,1
1499168640000,1499168699000,113.185,113.185,113.177,113.184,93470000,1
1499168700000,1499168759000,113.183,113.193,113.183,113.184,63640000,1
1499168760000,1499168819000,113.185,113.19,113.184,113.189,18620000,1
1499168820000,1499168879000,113.189,113.191,113.187,113.19,37910000,1
1499168880000,1499168939000,113.189,113.19,113.185,113.185,20620000,1
1499168940000,1499168999000,113.185,113.196,113.182,113.185,80480000,1
1499169000000,1499169059000,113.184,113.203,113.184,113.192,95720000,1
1499169060000,1499169119000,113.191,113.191,113.189,113.189,40150000,1
1499169120000,1499169179000,113.19,113.192,113.184,113.191,39640000,1
1499169180000,1499169239000,113.19,113.193,113.187,113.193,29760000,1
1499169240000,1499169299000,113.192,113.197,113.189,113.193,67890000,1
1499169300000,1499169359000,113.193,113.196,113.189,113.192,56670000,1
1499169360000,1499169419000,113.193,113.193,113.185,113.187,17060000,1
1499169420000,1499169479000,113.187,113.2,113.187,113.196,69610000,1
1499169480000,1499169539000,113.196,113.199,113.186,113.186,60400000,1
1499169540000,1499169599000,113.186,113.187,113.181,113.182,31930000,1
1499169600000,1499169659000,113.181,113.186,113.179,113.184,19910000,1
1499169660000,1499169719000,113.183,113.184,113.178,113.179,60080000,1
1499169720000,1499169779000,113.178,113.18,113.171,113.178,61880000,1
1499169780000,1499169839000,113.178,113.2,113.178,113.198,53020000,1
1499169840000,1499169899000,113.198,113.24,113.198,113.235,85520000,1
1499169900000,1499169959000,113.236,113.25,113.236,113.243,72460000,1
1499169960000,1499170019000,113.243,113.243,113.234,113.236,36470000,1
1499170020000,1499170079000,113.237,113.25,113.235,113.25,63020000,1
1499170080000,1499170139000,113.249,113.249,113.239,113.242,60650000,1
1499170140000,1499170199000,113.24,113.249,113.24,113.248,56930000,1
1499170200000,1499170259000,113.248,113.25,113.244,113.244,54030000,1
1499170260000,1499170319000,113.244,113.246,113.243,113.243,87100000,1
1499170320000,1499170379000,113.243,113.243,113.238,113.238,38910000,1
1499170380000,1499170439000,113.238,113.245,113.238,113.243,45540000,1
1499170440000,1499170499000,113.243,113.243,113.235,113.236,52700000,1
1499170500000,1499170559000,113.237,113.243,113.23,113.236,86350000,1
1499170560000,1499170619000,113.237,113.239,113.233,113.238,91840000,1
1499170620000,1499170679000,113.24,113.241,113.224,113.236,125390000,1
1499170680000,1499170739000,113.236,113.243,113.233,113.236,69770000,1
1499170740000,1499170799000,113.239,113.24,113.234,113.234,43200000,1
1499170800000,1499170859000,113.234,113.243,113.232,113.243,41570000,1
1499170860000,1499170919000,113.243,113.249,113.242,113.246,57480000,1
1499170920000,1499170979000,113.246,113.248,113.246,113.247,34800000,1
1499170980000,1499171039000,113.247,113.257,113.247,113.248,42970000,1
1499171040000,1499171099000,113.248,113.25,113.244,113.247,82680000,1
1499171100000,1499171159000,113.247,113.248,113.22,113.226,112600000,1
1499171160000,1499171219000,113.227,113.236,113.227,113.229,71560000,1
1499171220000,1499171279000,113.228,113.236,113.227,113.235,81860000,1
1499171280000,1499171339000,113.235,113.248,113.235,113.248,70170000,1
1499171340000,1499171399000,113.246,113.253,113.242,113.245,145850000,1
1499171400000,1499171459000,113.246,113.252,113.239,113.251,61340000,1
1499171460000,1499171519000,113.252,113.26,113.243,113.246,178790000,1
1499171520000,1499171579000,113.246,113.25,113.245,113.247,103110000,1
1499171580000,1499171639000,113.247,113.25,113.243,113.25,132650000,1
1499171640000,1499171699000,113.248,113.248,113.237,113.246,100960000,1
1499171700000,1499171759000,113.246,113.247,113.241,113.246,40010000,1
1499171760000,1499171819000,113.248,113.248,113.242,113.247,82880000,1
1499171820000,1499171879000,113.248,113.251,113.247,113.247,50910000,1
1499171880000,1499171939000,113.247,113.249,113.244,113.248,55870000,1
1499171940000,1499171999000,113.246,113.248,113.246,113.248,39170000,1
1499172000000,1499172059000,113.246,113.248,113.246,113.247,56600000,1
1499172060000,1499172119000,113.247,113.247,113.245,113.246,35230000,1
1499172120000,1499172179000,113.248,113.248,113.227,113.228,102270000,1
1499172180000,1499172239000,113.231,113.241,113.227,113.231,112900000,1
1499172240000,1499172299000,113.232,113.236,113.231,113.232,50380000,1
1499172300000,1499172359000,113.232,113.234,113.228,113.228,60130000,1
1499172360000,1499172419000,113.228,113.234,113.227,113.228,49890000,1
1499172420000,1499172479000,113.228,113.233,113.227,113.228,46670000,1
1499172480000,1499172539000,113.227,113.228,113.221,113.222,50770000,1
1499172540000,1499172599000,113.222,113.222,113.209,113.209,34860000,1
1499172600000,1499172659000,113.208,113.209,113.203,113.203,48570000,1
1499172660000,1499172719000,113.203,113.208,113.196,113.202,66540000,1
1499172720000,1499172779000,113.203,113.208,113.201,113.204,44440000,1
1499172780000,1499172839000,113.204,113.224,113.203,113.21,84890000,1
1499172840000,1499172899000,113.21,113.211,113.205,113.205,17780000,1
1499172900000,1499172959000,113.204,113.205,113.194,113.195,64930000,1
1499172960000,1499173019000,113.194,113.199,113.194,113.197,29610000,1
1499173020000,1499173079000,113.198,113.198,113.196,113.197,74590000,1
1499173080000,1499173139000,113.198,113.204,113.187,113.191,97810000,1
1499173140000,1499173199000,113.192,113.193,113.189,113.193,59270000,1
1499173200000,1499173259000,113.198,113.219,113.198,113.218,93570000,1
1499173260000,1499173319000,113.217,113.235,113.217,113.225,147220000,1
1499173320000,1499173379000,113.227,113.23,113.217,113.217,45550000,1
1499173380000,1499173439000,113.216,113.221,113.21,113.211,80930000,1
1499173440000,1499173499000,113.212,113.214,113.203,113.203,54320000,1
1499173500000,1499173559000,113.203,113.209,113.203,113.205,37450000,1
1499173560000,1499173619000,113.205,113.205,113.198,113.203,50970000,1
1499173620000,1499173679000,113.205,113.208,113.195,113.195,45330000,1
1499173680000,1499173739000,113.198,113.203,113.196,113.2,60840000,1
1499173740000,1499173799000,113.202,113.206,113.202,113.205,39650000,1
1499173800000,1499173859000,113.205,113.206,113.204,113.206,58230000,1
1499173860000,1499173919000,113.206,113.206,113.198,113.199,120570000,1
1499173920000,1499173979000,113.199,113.209,113.191,113.191,129140000,1
1499173980000,1499174039000,113.191,113.2,113.191,113.196,93950000,1
1499174040000,1499174099000,113.197,113.2,113.196,113.199,41680000,1
1499174100000,1499174159000,113.2,113.2,113.198,113.198,61250000,1
1499174160000,1499174219000,113.199,113.202,113.198,113.199,63510000,1
1499174220000,1499174279000,113.2,113.202,113.193,113.193,101680000,1
1499174280000,1499174339000,113.196,113.203,113.196,113.2,17550000,1
1499174340000,1499174399000,113.2,113.201,113.199,113.199,31430000,1
1499174400000,1499174459000,113.199,113.225,113.198,113.223,79850000,1
1499174460000,1499174519000,113.223,113.224,113.22,113.223,41660000,1
1499174520000,1499174579000,113.223,113.239,113.221,113.238,129750000,1
1499174580000,1499174639000,113.241,113.241,113.23,113.232,89560000,1
1499174640000,1499174699000,113.232,113.236,113.227,113.235,52440000,1
1499174700000,1499174759000,113.235,113.24,113.235,113.239,32350000,1
1499174760000,1499174819000,113.239,113.242,113.236,113.241,41010000,1
1499174820000,1499174879000,113.242,113.243,113.241,113.241,47110000,1
1499174880000,1499174939000,113.242,113.242,113.24,113.241,43430000,1
1499174940000,1499174999000,113.242,113.242,113.24,113.24,85520000,1
1499175000000,1499175059000,113.241,113.248,113.235,113.241,132020000,1
1499175060000,1499175119000,113.24,113.247,113.233,113.237,166210000,1
1499175120000,1499175179000,113.239,113.243,113.237,113.241,96940000,1
1499175180000,1499175239000,113.241,113.248,113.241,113.241,93860000,1
1499175240000,1499175299000,113.241,113.242,113.237,113.24,73780000,1
1499175300000,1499175359000,113.24,113.244,113.237,113.24,136220000,1
1499175360000,1499175419000,113.241,113.248,113.24,113.244,80720000,1
1499175420000,1499175479000,113.244,113.246,113.24,113.24,47260000,1
1499175480000,1499175539000,113.24,113.243,113.234,113.241,117250000,1
1499175540000,1499175599000,113.24,113.245,113.233,113.234,79910000,1
1499175600000,1499175659000,113.234,113.235,113.233,113.233,43640000,1
1499175660000,1499175719000,113.231,113.235,113.222,113.222,89640000,1
1499175720000,1499175779000,113.222,113.228,113.216,113.218,93020000,1
1499175780000,1499175839000,113.22,113.224,113.218,113.219,80350000,1
1499175840000,1499175899000,113.219,113.221,113.202,113.215,84800000,1
1499175900000,1499175959000,113.216,113.23,113.216,113.229,41230000,1
1499175960000,1499176019000,113.231,113.235,113.227,113.228,61210000,1
1499176020000,1499176079000,113.228,113.239,113.227,113.233,91770000,1
1499176080000,1499176139000,113.234,113.236,113.228,113.228,66110000,1
1499176140000,1499176199000,113.228,113.234,113.223,113.229,81200000,1
1499176200000,1499176259000,113.23,113.234,113.227,113.234,74490000,1
1499176260000,1499176319000,113.233,113.238,113.228,113.236,89090000,1
1499176320000,1499176379000,113.236,113.239,113.233,113.233,85630000,1
1499176380000,1499176439000,113.235,113.241,113.233,113.241,57230000,1
1499176440000,1499176499000,113.241,113.243,113.22,113.222,122010000,1
1499176500000,1499176559000,113.224,113.229,113.22,113.221,99160000,1
1499176560000,1499176619000,113.222,113.223,113.214,113.217,68100000,1
1499176620000,1499176679000,113.218,113.222,113.214,113.216,50670000,1
1499176680000,1499176739000,113.214,113.215,113.214,113.215,16120000,1
1499176740000,1499176799000,113.214,113.217,113.214,113.214,20200000,1
1499176800000,1499176859000,113.215,113.215,113.195,113.195,161350000,1
1499176860000,1499176919000,113.195,113.203,113.195,113.196,108590000,1
1499176920000,1499176979000,113.196,113.199,113.196,113.197,25310000,1
1499176980000,1499177039000,113.197,113.201,113.196,113.201,78100000,1
1499177040000,1499177099000,113.203,113.206,113.199,113.203,79860000,1
1499177100000,1499177159000,113.203,113.203,113.195,113.201,71820000,1
1499177160000,1499177219000,113.201,113.206,113.196,113.198,63820000,1
1499177220000,1499177279000,113.199,113.199,113.199,113.199,13400000,1
1499177280000,1499177339000,113.199,113.201,113.197,113.198,48630000,1
1499177340000,1499177399000,113.198,113.198,113.192,113.192,113840000,1
1499177400000,1499177459000,113.192,113.198,113.191,113.197,38100000,1
1499177460000,1499177519000,113.196,113.209,113.19,113.208,77760000,1
1499177520000,1499177579000,113.205,113.21,113.203,113.208,50510000,1
1499177580000,1499177639000,113.21,113.21,113.202,113.202,30600000,1
1499177640000,1499177699000,113.203,113.204,113.197,113.197,22790000,1
1499177700000,1499177759000,113.197,113.198,113.197,113.197,25810000,1
1499177760000,1499177819000,113.198,113.204,113.198,113.204,20120000,1
1499177820000,1499177879000,113.203,113.209,113.203,113.208,44280000,1
1499177880000,1499177939000,113.209,113.218,113.208,113.212,82580000,1
1499177940000,1499177999000,113.213,113.216,113.204,113.209,88350000,1
1499178000000,1499178059000,113.209,113.215,113.204,113.205,143440000,1
1499178060000,1499178119000,113.206,113.209,113.201,113.204,86850000,1
1499178120000,1499178179000,113.205,113.21,113.204,113.208,59000000,1
1499178180000,1499178239000,113.207,113.207,113.203,113.204,55000000,1
1499178240000,1499178299000,113.204,113.211,113.204,113.209,43900000,1
1499178300000,1499178359000,113.209,113.213,113.208,113.209,71550000,1
1499178360000,1499178419000,113.21,113.215,113.2,113.201,66960000,1
1499178420000,1499178479000,113.201,113.21,113.199,113.209,40630000,1
1499178480000,1499178539000,113.209,113.218,113.209,113.212,45750000,1
1499178540000,1499178599000,113.213,113.214,113.201,113.209,72960000,1
1499178600000,1499178659000,113.21,113.211,113.199,113.211,133190000,1
1499178660000,1499178719000,113.211,113.217,113.21,113.211,47500000,1
1499178720000,1499178779000,113.21,113.215,113.206,113.213,54590000,1
1499178780000,1499178839000,113.213,113.216,113.203,113.216,67980000,1
1499178840000,1499178899000,113.217,113.217,113.209,113.209,45310000,1
1499178900000,1499178959000,113.208,113.223,113.208,113.221,75170000,1
1499178960000,1499179019000,113.221,113.221,113.213,113.217,77090000,1
1499179020000,1499179079000,113.216,113.223,113.212,113.216,112910000,1
1499179080000,1499179139000,113.218,113.218,113.213,113.216,72340000,1
1499179140000,1499179199000,113.216,113.217,113.214,113.215,28770000,1
1499179200000,1499179259000,113.215,113.218,113.209,113.217,93600000,1
1499179260000,1499179319000,113.222,113.227,113.221,113.226,16300000,1
1499179320000,1499179379000,113.226,113.228,113.223,113.225,43180000,1
1499179380000,1499179439000,113.225,113.225,113.215,113.215,46160000,1
1499179440000,1499179499000,113.215,113.223,113.211,113.222,61750000,1
1499179500000,1499179559000,113.221,113.224,113.208,113.209,84640000,1
1499179560000,1499179619000,113.208,113.209,113.183,113.185,102910000,1
1499179620000,1499179679000,113.184,113.186,113.17,113.172,88240000,1
1499179680000,1499179739000,113.175,113.177,113.171,113.174,90950000,1
1499179740000,1499179799000,113.174,113.177,113.171,113.177,64070000,1
1499179800000,1499179859000,113.177,113.184,113.157,113.17,95690000,1
1499179860000,1499179919000,113.17,113.172,113.166,113.172,84920000,1
1499179920000,1499179979000,113.172,113.172,113.168,113.172,50960000,1
1499179980000,1499180039000,113.172,113.179,113.168,113.179,43790000,1
1499180040000,1499180099000,113.18,113.18,113.173,113.177,45350000,1
1499180100000,1499180159000,113.177,113.186,113.175,113.175,93750000,1
1499180160000,1499180219000,113.174,113.178,113.167,113.174,120560000,1
1499180220000,1499180279000,113.173,113.173,113.141,113.141,156280000,1
1499180280000,1499180339000,113.14,113.141,113.117,113.134,159680000,1
1499180340000,1499180399000,113.135,113.135,113.116,113.127,143810000,1
1499180400000,1499180459000,113.126,113.149,113.126,113.147,286870000,1
1499180460000,1499180519000,113.147,113.147,113.132,113.136,155910000,1
1499180520000,1499180579000,113.136,113.149,113.124,113.148,241230000,1
1499180580000,1499180639000,113.148,113.156,113.148,113.155,87200000,1
1499180640000,1499180699000,113.156,113.157,113.149,113.149,27140000,1
1499180700000,1499180759000,113.149,113.153,113.149,113.149,55380000,1
1499180760000,1499180819000,113.151,113.151,113.139,113.142,108810000,1
1499180820000,1499180879000,113.141,113.146,113.134,113.141,126830000,1
1499180880000,1499180939000,113.14,113.156,113.14,113.155,69470000,1
1499180940000,1499180999000,113.156,113.168,113.154,113.163,75080000,1
1499181000000,1499181059000,113.164,113.175,113.164,113.175,42810000,1
1499181060000,1499181119000,113.175,113.186,113.175,113.181,70590000,1
1499181120000,1499181179000,113.184,113.186,113.183,113.186,55000000,1
1499181180000,1499181239000,113.186,113.189,113.183,113.185,68050000,1
1499181240000,1499181299000,113.186,113.186,113.179,113.186,107830000,1
1499181300000,1499181359000,113.185,113.185,113.173,113.175,77770000,1
1499181360000,1499181419000,113.174,113.183,113.173,113.179,77900000,1
1499181420000,1499181479000,113.182,113.183,113.179,113.183,81520000,1
1499181480000,1499181539000,113.181,113.181,113.178,113.18,71040000,1
1499181540000,1499181599000,113.18,113.183,113.178,113.179,95160000,1
1499181600000,1499181659000,113.179,113.187,113.179,113.184,50780000,1
1499181660000,1499181719000,113.184,113.192,113.184,113.192,41640000,1
1499181720000,1499181779000,113.193,113.198,113.191,113.196,30510000,1
1499181780000,1499181839000,113.197,113.2,113.196,113.2,17360000,1
1499181840000,1499181899000,113.2,113.2,113.199,113.199,20500000,1
1499181900000,1499181959000,113.197,113.198,113.188,113.188,62280000,1
1499181960000,1499182019000,113.188,113.191,113.182,113.191,57060000,1
1499182020000,1499182079000,113.193,113.197,113.185,113.188,98100000,1
1499182080000,1499182139000,113.187,113.187,113.178,113.183,106740000,1
1499182140000,1499182199000,113.183,113.184,113.176,113.181,66450000,1
1499182200000,1499182259000,113.182,113.182,113.174,113.177,77110000,1
1499182260000,1499182319000,113.177,113.179,113.177,113.178,26120000,1
1499182320000,1499182379000,113.179,113.18,113.176,113.177,44300000,1
1499182380000,1499182439000,113.176,113.195,113.176,113.195,68970000,1
1499182440000,1499182499000,113.195,113.195,113.184,113.185,76780000,1
1499182500000,1499182559000,113.184,113.187,113.174,113.174,96650000,1
1499182560000,1499182619000,113.175,113.181,113.167,113.178,108990000,1
1499182620000,1499182679000,113.179,113.181,113.178,113.178,58930000,1
1499182680000,1499182739000,113.175,113.185,113.169,113.185,87260000,1
1499182740000,1499182799000,113.184,113.186,113.18,113.181,64610000,1
1499182800000,1499182859000,113.181,113.182,113.178,113.181,29050000,1
1499182860000,1499182919000,113.181,113.183,113.179,113.183,74460000,1
1499182920000,1499182979000,113.183,113.183,113.18,113.181,9990000,1
1499182980000,1499183039000,113.181,113.181,113.178,113.18,25740000,1
1499183040000,1499183099000,113.18,113.185,113.179,113.184,55630000,1
1499183100000,1499183159000,113.185,113.185,113.181,113.181,21990000,1
1499183160000,1499183219000,113.181,113.181,113.179,113.181,7500000,1
1499183220000,1499183279000,113.181,113.184,113.18,113.181,39250000,1
1499183280000,1499183339000,113.183,113.183,113.171,113.172,19800000,1
1499183340000,1499183399000,113.173,113.186,113.172,113.173,90670000,1
1499183400000,1499183459000,113.173,113.177,113.171,113.171,39750000,1
1499183460000,1499183519000,113.172,113.176,113.167,113.174,49420000,1
1499183520000,1499183579000,113.173,113.176,113.167,113.173,49340000,1
1499183580000,1499183639000,113.173,113.173,113.166,113.166,44170000,1
1499183640000,1499183699000,113.167,113.168,113.167,113.167,14810000,1
1499183700000,1499183759000,113.167,113.167,113.156,113.16,47350000,1
1499183760000,1499183819000,113.16,113.162,113.153,113.159,57370000,1
1499183820000,1499183879000,113.16,113.177,113.16,113.161,59830000,1
1499183880000,1499183939000,113.16,113.173,113.16,113.171,34370000,1
1499183940000,1499183999000,113.171,113.177,113.168,113.177,54180000,1
1499184000000,1499184059000,113.175,113.178,113.173,113.173,82450000,1
1499184060000,1499184119000,113.173,113.185,113.17,113.185,63650000,1
1499184120000,1499184179000,113.185,113.187,113.173,113.179,86740000,1
1499184180000,1499184239000,113.179,113.188,113.179,113.183,39220000,1
1499184240000,1499184299000,113.181,113.188,113.178,113.185,82450000,1
1499184300000,1499184359000,113.185,113.186,113.172,113.185,70430000,1
1499184360000,1499184419000,113.188,113.188,113.173,113.178,38370000,1
1499184420000,1499184479000,113.179,113.186,113.179,113.185,21560000,1
1499184480000,1499184539000,113.185,113.19,113.185,113.186,47680000,1
1499184540000,1499184599000,113.186,113.192,113.186,113.191,39360000,1
1499184600000,1499184659000,113.191,113.191,113.191,113.191,6370000,1
1499184660000,1499184719000,113.19,113.193,113.183,113.184,25970000,1
1499184720000,1499184779000,113.184,113.195,113.184,113.193,19550000,1
1499184780000,1499184839000,113.193,113.193,113.185,113.192,38340000,1
1499184840000,1499184899000,113.193,113.197,113.193,113.193,52700000,1
1499184900000,1499184959000,113.193,113.196,113.19,113.193,38190000,1
1499184960000,1499185019000,113.191,113.191,113.186,113.19,49990000,1
1499185020000,1499185079000,113.19,113.191,113.189,113.19,44070000,1
1499185080000,1499185139000,113.191,113.194,113.19,113.192,48850000,1
1499185140000,1499185199000,113.193,113.194,113.193,113.193,30930000,1
1499185200000,1499185259000,113.191,113.193,113.186,113.192,50630000,1
1499185260000,1499185319000,113.192,113.194,113.188,113.193,45760000,1
1499185320000,1499185379000,113.193,113.197,113.192,113.196,40470000,1
1499185380000,1499185439000,113.195,113.205,113.195,113.203,33170000,1
1499185440000,1499185499000,113.203,113.205,113.2,113.202,31070000,1
1499185500000,1499185559000,113.201,113.204,113.201,113.203,8680000,1
1499185560000,1499185619000,113.203,113.204,113.202,113.203,24290000,1
1499185620000,1499185679000,113.203,113.204,113.203,113.203,17130000,1
1499185680000,1499185739000,113.205,113.205,113.198,113.203,79350000,1
1499185740000,1499185799000,113.204,113.204,113.185,113.185,146120000,1
1499185800000,1499185859000,113.184,113.206,113.183,113.206,49130000,1
1499185860000,1499185919000,113.206,113.21,113.206,113.208,36050000,1
1499185920000,1499185979000,113.208,113.208,113.203,113.203,17750000,1
1499185980000,1499186039000,113.201,113.201,113.195,113.197,31990000,1
1499186040000,1499186099000,113.198,113.198,113.192,113.192,37430000,1
1499186100000,1499186159000,113.193,113.204,113.193,113.204,26800000,1
1499186160000,1499186219000,113.203,113.205,113.203,113.205,25010000,1
1499186220000,1499186279000,113.205,113.205,113.203,113.204,35500000,1
1499186280000,1499186339000,113.204,113.204,113.203,113.203,13820000,1
1499186340000,1499186399000,113.203,113.215,113.203,113.215,27990000,1
1499186400000,1499186459000,113.215,113.215,113.211,113.211,24360000,1
1499186460000,1499186519000,113.211,113.216,113.208,113.208,35800000,1
1499186520000,1499186579000,113.21,113.21,113.202,113.203,30730000,1
1499186580000,1499186639000,113.203,113.209,113.203,113.203,25760000,1
1499186640000,1499186699000,113.203,113.208,113.199,113.2,58660000,1
1499186700000,1499186759000,113.2,113.201,113.195,113.196,78580000,1
1499186760000,1499186819000,113.196,113.205,113.196,113.204,25800000,1
1499186820000,1499186879000,113.203,113.204,113.194,113.2,94610000,1
1499186880000,1499186939000,113.2,113.202,113.2,113.2,11120000,1
1499186940000,1499186999000,113.2,113.218,113.199,113.217,76260000,1
1499187000000,1499187059000,113.216,113.218,113.213,113.213,36190000,1
1499187060000,1499187119000,113.213,113.213,113.212,113.213,6350000,1
1499187120000,1499187179000,113.213,113.213,113.213,113.213,17000000,1
1499187180000,1499187239000,113.213,113.213,113.212,113.213,13740000,1
1499187240000,1499187299000,113.212,113.212,113.209,113.212,17520000,1
1499187300000,1499187359000,113.211,113.212,113.205,113.211,43150000,1
1499187360000,1499187419000,113.212,113.213,113.207,113.212,64850000,1
1499187420000,1499187479000,113.211,113.215,113.209,113.21,105680000,1
1499187480000,1499187539000,113.211,113.211,113.202,113.203,103580000,1
1499187540000,1499187599000,113.203,113.205,113.183,113.183,137210000,1
1499187600000,1499187659000,113.183,113.197,113.18,113.197,283000000,1
1499187660000,1499187719000,113.199,113.199,113.192,113.193,134500000,1
1499187720000,1499187779000,113.193,113.198,113.187,113.189,145490000,1
1499187780000,1499187839000,113.189,113.193,113.185,113.186,168430000,1
1499187840000,1499187899000,113.188,113.193,113.186,113.188,160430000,1
1499187900000,1499187959000,113.186,113.195,113.184,113.192,134370000,1
1499187960000,1499188019000,113.192,113.206,113.187,113.19,294830000,1
1499188020000,1499188079000,113.19,113.191,113.18,113.184,223540000,1
1499188080000,1499188139000,113.185,113.194,113.179,113.19,225060000,1
1499188140000,1499188199000,113.19,113.193,113.182,113.182,108340000,1
1499188200000,1499188259000,113.183,113.19,113.183,113.189,46950000,1
1499188260000,1499188319000,113.188,113.189,113.187,113.189,26850000,1
1499188320000,1499188379000,113.188,113.191,113.185,113.188,138020000,1
1499188380000,1499188439000,113.187,113.191,113.186,113.189,100200000,1
1499188440000,1499188499000,113.191,113.192,113.189,113.191,204820000,1
1499188500000,1499188559000,113.19,113.192,113.189,113.191,214880000,1
1499188560000,1499188619000,113.191,113.192,113.188,113.192,117840000,1
1499188620000,1499188679000,113.189,113.193,113.188,113.191,116110000,1
1499188680000,1499188739000,113.192,113.194,113.191,113.194,39970000,1
1499188740000,1499188799000,113.194,113.194,113.191,113.192,40130000,1
1499188800000,1499188859000,113.192,113.192,113.191,113.192,76390000,1
1499188860000,1499188919000,113.192,113.194,113.192,113.192,192320000,1
1499188920000,1499188979000,113.192,113.194,113.191,113.192,178280000,1
1499188980000,1499189039000,113.192,113.194,113.191,113.192,81920000,1
1499189040000,1499189099000,113.192,113.194,113.192,113.193,48350000,1
1499189100000,1499189159000,113.193,113.199,113.193,113.194,120620000,1
1499189160000,1499189219000,113.194,113.195,113.193,113.193,128680000,1
1499189220000,1499189279000,113.192,113.199,113.176,113.191,111480000,1
1499189280000,1499189339000,113.191,113.192,113.183,113.188,58740000,1
1499189340000,1499189399000,113.188,113.198,113.188,113.198,23610000,1
1499189400000,1499189459000,113.197,113.199,113.196,113.198,30690000,1
1499189460000,1499189519000,113.199,113.201,113.199,113.2,13010000,1
1499189520000,1499189579000,113.199,113.205,113.195,113.198,67960000,1
1499189580000,1499189639000,113.197,113.197,113.192,113.196,139480000,1
1499189640000,1499189699000,113.196,113.2,113.194,113.196,106960000,1
1499189700000,1499189759000,113.196,113.198,113.194,113.195,26740000,1
1499189760000,1499189819000,113.195,113.199,113.195,113.199,40620000,1
1499189820000,1499189879000,113.198,113.203,113.195,113.195,76270000,1
1499189880000,1499189939000,113.195,113.196,113.188,113.196,163310000,1
1499189940000,1499189999000,113.196,113.205,113.195,113.199,123310000,1
1499190000000,1499190059000,113.199,113.199,113.183,113.186,218880000,1
1499190060000,1499190119000,113.186,113.201,113.186,113.198,141360000,1
1499190120000,1499190179000,113.198,113.202,113.192,113.193,214500000,1
1499190180000,1499190239000,113.192,113.203,113.192,113.203,99080000,1
1499190240000,1499190299000,113.204,113.204,113.202,113.204,199270000,1
1499190300000,1499190359000,113.204,113.205,113.195,113.195,102460000,1
1499190360000,1499190419000,113.195,113.197,113.195,113.195,50740000,1
1499190420000,1499190479000,113.195,113.198,113.19,113.197,53750000,1
1499190480000,1499190539000,113.197,113.202,113.196,113.202,248510000,1
1499190540000,1499190599000,113.201,113.201,113.198,113.199,256230000,1
1499190600000,1499190659000,113.199,113.201,113.197,113.198,170980000,1
1499190660000,1499190719000,113.199,113.199,113.196,113.197,117840000,1
1499190720000,1499190779000,113.197,113.199,113.196,113.198,73080000,1
1499190780000,1499190839000,113.198,113.198,113.197,113.198,30920000,1
1499190840000,1499190899000,113.197,113.199,113.197,113.198,115400000,1
1499190900000,1499190959000,113.198,113.199,113.195,113.195,80520000,1
1499190960000,1499191019000,113.195,113.199,113.195,113.197,149050000,1
1499191020000,1499191079000,113.197,113.204,113.197,113.204,50150000,1
1499191080000,1499191139000,113.202,113.204,113.197,113.199,103350000,1
1499191140000,1499191199000,113.2,113.205,113.195,113.199,125330000,1
1499191200000,1499191259000,113.199,113.207,113.198,113.206,192910000,1
1499191260000,1499191319000,113.207,113.207,113.201,113.202,115880000,1
1499191320000,1499191379000,113.203,113.203,113.194,113.195,107430000,1
1499191380000,1499191439000,113.194,113.198,113.194,113.196,48620000,1
1499191440000,1499191499000,113.197,113.199,113.196,113.196,126980000,1
1499191500000,1499191559000,113.196,113.199,113.194,113.194,124830000,1
1499191560000,1499191619000,113.194,113.196,113.192,113.193,84820000,1
1499191620000,1499191679000,113.193,113.196,113.191,113.196,58850000,1
1499191680000,1499191739000,113.196,113.197,113.194,113.197,89480000,1
1499191740000,1499191799000,113.196,113.199,113.194,113.196,118190000,1
1499191800000,1499191859000,113.195,113.197,113.193,113.195,61690000,1
1499191860000,1499191919000,113.194,113.198,113.194,113.196,84060000,1
1499191920000,1499191979000,113.196,113.201,113.194,113.2,139590000,1
1499191980000,1499192039000,113.198,113.202,113.194,113.202,145820000,1
1499192040000,1499192099000,113.202,113.202,113.192,113.192,84460000,1
1499192100000,1499192159000,113.192,113.199,113.184,113.191,165700000,1
1499192160000,1499192219000,113.192,113.193,113.188,113.192,106780000,1
1499192220000,1499192279000,113.192,113.198,113.192,113.198,55120000,1
1499192280000,1499192339000,113.198,113.198,113.196,113.197,129730000,1
1499192340000,1499192399000,113.197,113.198,113.194,113.196,203460000,1
1499192400000,1499192459000,113.196,113.198,113.194,113.198,82730000,1
1499192460000,1499192519000,113.198,113.201,113.196,113.196,52860000,1
1499192520000,1499192579000,113.196,113.2,113.195,113.197,84550000,1
1499192580000,1499192639000,113.197,113.198,113.195,113.197,65120000,1
1499192640000,1499192699000,113.197,113.204,113.195,113.2,66760000,1
1499192700000,1499192759000,113.201,113.201,113.198,113.199,111080000,1
1499192760000,1499192819000,113.199,113.201,113.197,113.2,62290000,1
1499192820000,1499192879000,113.2,113.201,113.196,113.197,106470000,1
1499192880000,1499192939000,113.196,113.199,113.196,113.198,64740000,1
1499192940000,1499192999000,113.198,113.201,113.198,113.201,46050000,1
1499193000000,1499193059000,113.2,113.201,113.199,113.2,27240000,1
1499193060000,1499193119000,113.201,113.209,113.201,113.209,49080000,1
1499193120000,1499193179000,113.209,113.213,113.207,113.209,83990000,1
1499193180000,1499193239000,113.208,113.21,113.191,113.196,180670000,1
1499193240000,1499193299000,113.196,113.198,113.196,113.197,75440000,1
1499193300000,1499193359000,113.198,113.2,113.196,113.2,65320000,1
1499193360000,1499193419000,113.199,113.2,113.199,113.199,5560000,1
1499193420000,1499193479000,113.2,113.2,113.2,113.2,1000000,1
1499193480000,1499193539000,113.2,113.22,113.2,113.216,140150000,1
1499193540000,1499193599000,113.215,113.219,113.208,113.208,104990000,1
1499193600000,1499193659000,113.206,113.206,113.206,113.206,2250000,1
1499193660000,1499193719000,113.209,113.214,113.209,113.214,21560000,1
1499193720000,1499193779000,113.214,113.216,113.202,113.202,206820000,1
1499193780000,1499193839000,113.202,113.207,113.202,113.205,151170000,1
1499193840000,1499193899000,113.206,113.216,113.204,113.216,124730000,1
1499193900000,1499193959000,113.215,113.217,113.212,113.215,40290000,1
1499193960000,1499194019000,113.214,113.217,113.213,113.213,289690000,1
1499194020000,1499194079000,113.213,113.216,113.213,113.213,313940000,1
1499194080000,1499194139000,113.214,113.214,113.201,113.202,109090000,1
1499194140000,1499194199000,113.203,113.21,113.202,113.205,88260000,1
1499194200000,1499194259000,113.205,113.207,113.205,113.206,18660000,1
1499194260000,1499194319000,113.206,113.206,113.206,113.206,2620000,1
1499194320000,1499194379000,113.205,113.212,113.205,113.212,24100000,1
1499194380000,1499194439000,113.212,113.212,113.207,113.207,18670000,1
1499194440000,1499194499000,113.208,113.212,113.206,113.209,30310000,1
1499194500000,1499194559000,113.21,113.21,113.208,113.208,31660000,1
1499194560000,1499194619000,113.209,113.211,113.206,113.211,40290000,1
1499194620000,1499194679000,113.211,113.212,113.207,113.207,120270000,1
1499194680000,1499194739000,113.207,113.211,113.207,113.209,158070000,1
1499194740000,1499194799000,113.211,113.212,113.205,113.205,131930000,1
1499194800000,1499194859000,113.207,113.211,113.202,113.208,254260000,1
1499194860000,1499194919000,113.207,113.211,113.206,113.206,134780000,1
1499194920000,1499194979000,113.206,113.213,113.206,113.213,65480000,1
1499194980000,1499195039000,113.212,113.216,113.209,113.209,48610000,1
1499195040000,1499195099000,113.21,113.215,113.21,113.215,74200000,1
1499195100000,1499195159000,113.214,113.217,113.21,113.214,280570000,1
1499195160000,1499195219000,113.215,113.216,113.203,113.214,206420000,1
1499195220000,1499195279000,113.218,113.219,113.213,113.216,106660000,1
1499195280000,1499195339000,113.216,113.217,113.216,113.216,24480000,1
1499195340000,1499195399000,113.217,113.217,113.215,113.217,37530000,1
1499195400000,1499195459000,113.218,113.218,113.216,113.216,11440000,1
1499195460000,1499195519000,113.218,113.219,113.216,113.217,18710000,1
1499195520000,1499195579000,113.216,113.219,113.216,113.218,91850000,1
1499195580000,1499195639000,113.217,113.218,113.214,113.216,250300000,1
1499195640000,1499195699000,113.216,113.219,113.215,113.217,170030000,1
1499195700000,1499195759000,113.217,113.221,113.214,113.216,192870000,1
1499195760000,1499195819000,113.217,113.218,113.214,113.218,45330000,1
1499195820000,1499195879000,113.218,113.218,113.212,113.216,272420000,1
1499195880000,1499195939000,113.212,113.218,113.212,113.218,318190000,1
1499195940000,1499195999000,113.218,113.218,113.214,113.215,148040000,1
1499196000000,1499196059000,113.215,113.218,113.214,113.215,146280000,1
1499196060000,1499196119000,113.214,113.22,113.208,113.213,156020000,1
1499196120000,1499196179000,113.213,113.214,113.21,113.212,158180000,1
1499196180000,1499196239000,113.211,113.216,113.211,113.214,156400000,1
1499196240000,1499196299000,113.215,113.215,113.209,113.209,140380000,1
1499196300000,1499196359000,113.209,113.22,113.204,113.209,135310000,1
1499196360000,1499196419000,113.208,113.216,113.206,113.208,206630000,1
1499196420000,1499196479000,113.21,113.218,113.21,113.212,149700000,1
1499196480000,1499196539000,113.211,113.216,113.208,113.212,193660000,1
1499196540000,1499196599000,113.212,113.214,113.208,113.211,211810000,1
1499196600000,1499196659000,113.21,113.214,113.208,113.213,66570000,1
1499196660000,1499196719000,113.214,113.215,113.205,113.211,132840000,1
1499196720000,1499196779000,113.212,113.218,113.212,113.217,40950000,1
1499196780000,1499196839000,113.216,113.234,113.216,113.232,85370000,1
1499196840000,1499196899000,113.232,113.237,113.221,113.231,161780000,1
1499196900000,1499196959000,113.231,113.233,113.229,113.231,246880000,1
1499196960000,1499197019000,113.23,113.235,113.227,113.23,198480000,1
1499197020000,1499197079000,113.23,113.235,113.224,113.225,263960000,1
1499197080000,1499197139000,113.226,113.23,113.225,113.23,82730000,1
1499197140000,1499197199000,113.23,113.23,113.224,113.225,106390000,1
1499197200000,1499197259000,113.226,113.228,113.223,113.225,32480000,1
1499197260000,1499197319000,113.225,113.227,113.223,113.225,76890000,1
1499197320000,1499197379000,113.225,113.231,113.224,113.23,99000000,1
1499197380000,1499197439000,113.23,113.236,113.23,113.236,115180000,1
1499197440000,1499197499000,113.236,113.237,113.235,113.235,16670000,1
1499197500000,1499197559000,113.234,113.236,113.234,113.235,38420000,1
1499197560000,1499197619000,113.235,113.235,113.233,113.233,29690000,1
1499197620000,1499197679000,113.233,113.234,113.233,113.233,39920000,1
1499197680000,1499197739000,113.233,113.234,113.233,113.233,81930000,1
1499197740000,1499197799000,113.233,113.233,113.233,113.233,32510000,1
1499197800000,1499197859000,113.233,113.236,113.233,113.235,47730000,1
1499197860000,1499197919000,113.235,113.235,113.233,113.234,32390000,1
1499197920000,1499197979000,113.236,113.24,113.234,113.239,37720000,1
1499197980000,1499198039000,113.238,113.25,113.238,113.25,67610000,1
1499198040000,1499198099000,113.249,113.252,113.249,113.249,17790000,1
1499198100000,1499198159000,113.248,113.256,113.248,113.256,26870000,1
1499198160000,1499198219000,113.255,113.263,113.254,113.261,63320000,1
1499198220000,1499198279000,113.261,113.261,113.258,113.259,31350000,1
1499198280000,1499198339000,113.259,113.26,113.259,113.259,30930000,1
1499198340000,1499198399000,113.259,113.264,113.259,113.264,72270000,1
1499198400000,1499198459000,113.263,113.266,113.263,113.264,196370000,1
1499198460000,1499198519000,113.264,113.265,113.263,113.264,81660000,1
1499198520000,1499198579000,113.264,113.265,113.262,113.262,23850000,1
1499198580000,1499198639000,113.263,113.263,113.262,113.262,14710000,1
1499198640000,1499198699000,113.262,113.262,113.261,113.262,101060000,1
1499198700000,1499198759000,113.261,113.264,113.261,113.261,36440000,1
1499198760000,1499198819000,113.261,113.261,113.26,113.261,145080000,1
1499198820000,1499198879000,113.261,113.261,113.259,113.259,96860000,1
1499198880000,1499198939000,113.259,113.26,113.259,113.259,22380000,1
1499198940000,1499198999000,113.259,113.26,113.259,113.26,25880000,1
1499199000000,1499199059000,113.259,113.26,113.258,113.259,72220000,1
1499199060000,1499199119000,113.26,113.26,113.257,113.258,30940000,1
1499199120000,1499199179000,113.257,113.259,113.25,113.25,59990000,1
1499199180000,1499199239000,113.25,113.25,113.245,113.246,43340000,1
1499199240000,1499199299000,113.246,113.249,113.246,113.249,15990000,1
1499199300000,1499199359000,113.249,113.268,113.249,113.268,175160000,1
1499199360000,1499199419000,113.266,113.267,113.259,113.26,137150000,1
1499199420000,1499199479000,113.261,113.261,113.261,113.261,17750000,1
1499199480000,1499199539000,113.261,113.267,113.261,113.262,450790000,1
1499199540000,1499199599000,113.262,113.274,113.262,113.274,344960000,1
1499199600000,1499199659000,113.274,113.274,113.269,113.271,27930000,1
1499199660000,1499199719000,113.271,113.273,113.271,113.272,21670000,1
1499199720000,1499199779000,113.271,113.271,113.266,113.266,24490000,1
1499199780000,1499199839000,113.266,113.271,113.264,113.267,25670000,1
1499199840000,1499199899000,113.267,113.268,113.264,113.267,83700000,1
1499199900000,1499199959000,113.271,113.274,113.264,113.274,56790000,1
1499199960000,1499200019000,113.274,113.275,113.262,113.267,87360000,1
1499200020000,1499200079000,113.267,113.271,113.266,113.268,50470000,1
1499200080000,1499200139000,113.271,113.275,113.268,113.273,79900000,1
1499200140000,1499200199000,113.272,113.277,113.269,113.272,95950000,1
1499200200000,1499200259000,113.272,113.279,113.266,113.273,42270000,1
1499200260000,1499200319000,113.273,113.273,113.271,113.271,2500000,1
1499200320000,1499200379000,113.273,113.282,113.272,113.282,41900000,1
1499200380000,1499200439000,113.281,113.281,113.269,113.277,36260000,1
1499200440000,1499200499000,113.278,113.278,113.276,113.276,7220000,1
1499200500000,1499200559000,113.276,113.281,113.272,113.276,75640000,1
1499200560000,1499200619000,113.274,113.283,113.272,113.275,79120000,1
1499200620000,1499200679000,113.274,113.278,113.273,113.276,12210000,1
1499200680000,1499200739000,113.273,113.273,113.264,113.273,28690000,1
1499200740000,1499200799000,113.271,113.28,113.269,113.28,29870000,1
1499200800000,1499200859000,113.28,113.283,113.278,113.278,31430000,1
1499200860000,1499200919000,113.278,113.285,113.278,113.281,35550000,1
1499200920000,1499200979000,113.281,113.281,113.278,113.278,20620000,1
1499200980000,1499201039000,113.278,113.278,113.276,113.276,15000000,1
1499201040000,1499201099000,113.273,113.277,113.273,113.277,23380000,1
1499201100000,1499201159000,113.276,113.276,113.276,113.276,4500000,1
1499201160000,1499201219000,113.275,113.276,113.275,113.275,25690000,1
1499201220000,1499201279000,113.275,113.275,113.275,113.275,49670000,1
1499201280000,1499201339000,113.275,113.275,113.275,113.275,43530000,1
1499201340000,1499201399000,113.275,113.275,113.275,113.275,40820000,1
1499201400000,1499201459000,113.275,113.278,113.271,113.271,51430000,1
1499201460000,1499201519000,113.271,113.271,113.266,113.271,69680000,1
1499201520000,1499201579000,113.271,113.275,113.271,113.274,266020000,1
1499201580000,1499201639000,113.274,113.279,113.274,113.279,461690000,1
1499201640000,1499201699000,113.28,113.281,113.278,113.28,88200000,1
1499201700000,1499201759000,113.279,113.281,113.277,113.28,74120000,1
1499201820000,1499201879000,113.28,113.28,113.276,113.277,82600000,1
1499201880000,1499201939000,113.277,113.284,113.274,113.278,79080000,1
1499201940000,1499201999000,113.276,113.279,113.276,113.277,14590000,1
1499202000000,1499202059000,113.274,113.274,113.269,113.272,17850000,1
1499202060000,1499202119000,113.272,113.272,113.272,113.272,2550000,1
1499202120000,1499202179000,113.271,113.271,113.271,113.271,600000,1
1499202180000,1499202239000,113.27,113.27,113.27,113.27,750000,1
1499202300000,1499202359000,113.27,113.271,113.268,113.27,90550000,1
1499202360000,1499202419000,113.27,113.275,113.27,113.27,66000000,1
1499202420000,1499202479000,113.27,113.27,113.265,113.266,183500000,1
1499202480000,1499202539000,113.266,113.267,113.264,113.266,211500000,1
1499202540000,1499202599000,113.266,113.27,113.264,113.266,280000000,1
1499202600000,1499202659000,113.266,113.272,113.264,113.271,165000000,1
1499202660000,1499202719000,113.271,113.277,113.271,113.277,207550000,1
1499202720000,1499202779000,113.277,113.277,113.272,113.273,210270000,1
1499202780000,1499202839000,113.273,113.275,113.273,113.275,159740000,1
1499202840000,1499202899000,113.275,113.276,113.273,113.273,212920000,1
1499202900000,1499202959000,113.273,113.279,113.272,113.277,184970000,1
1499202960000,1499203019000,113.277,113.279,113.274,113.274,138450000,1
1499203020000,1499203079000,113.274,113.274,113.274,113.274,4920000,1
1499203080000,1499203139000,113.273,113.273,113.273,113.273,1720000,1
1499203140000,1499203199000,113.275,113.275,113.275,113.275,5500000,1
1499203200000,1499203259000,113.274,113.274,113.274,113.274,6600000,1
1499203260000,1499203319000,113.275,113.279,113.275,113.279,17770000,1
1499203320000,1499203379000,113.279,113.282,113.277,113.277,12970000,1
1499203380000,1499203439000,113.277,113.283,113.276,113.278,42890000,1
1499203440000,1499203499000,113.277,113.284,113.272,113.284,56890000,1
1499203500000,1499203559000,113.284,113.284,113.278,113.283,24570000,1
1499203560000,1499203619000,113.283,113.283,113.283,113.283,5140000,1
1499203680000,1499203739000,113.282,113.282,113.278,113.279,12910000,1
1499203740000,1499203799000,113.279,113.279,113.279,113.279,5290000,1
1499203800000,1499203859000,113.279,113.279,113.272,113.274,15510000,1
1499203860000,1499203919000,113.273,113.274,113.272,113.274,24110000,1
1499203920000,1499203979000,113.274,113.276,113.272,113.275,196010000,1
1499203980000,1499204039000,113.274,113.276,113.274,113.274,242270000,1
1499204040000,1499204099000,113.274,113.275,113.274,113.274,25510000,1
1499204100000,1499204159000,113.276,113.281,113.274,113.281,86300000,1
1499204160000,1499204219000,113.281,113.281,113.281,113.281,6220000,1
1499204220000,1499204279000,113.281,113.29,113.281,113.283,53290000,1
1499204280000,1499204339000,113.281,113.281,113.281,113.281,53580000,1
1499204340000,1499204399000,113.281,113.282,113.281,113.282,43830000,1
1499204400000,1499204459000,113.283,113.283,113.282,113.283,23470000,1
1499204460000,1499204519000,113.282,113.283,113.282,113.283,19610000,1
1499204520000,1499204579000,113.287,113.294,113.287,113.294,23370000,1
1499204580000,1499204639000,113.295,113.296,113.295,113.296,27130000,1
1499204640000,1499204699000,113.296,113.296,113.295,113.295,11490000,1
1499204700000,1499204759000,113.298,113.298,113.296,113.298,45050000,1
1499204760000,1499204819000,113.297,113.298,113.296,113.298,36940000,1
1499204820000,1499204879000,113.297,113.304,113.296,113.298,27980000,1
1499204880000,1499204939000,113.296,113.299,113.296,113.299,35750000,1
1499204940000,1499204999000,113.299,113.301,113.299,113.301,48270000,1
1499205000000,1499205059000,113.299,113.301,113.299,113.3,30740000,1
1499205060000,1499205119000,113.3,113.304,113.299,113.299,65050000,1
1499205120000,1499205179000,113.3,113.303,113.296,113.299,137330000,1
1499205180000,1499205239000,113.3,113.303,113.298,113.3,98380000,1
1499205240000,1499205299000,113.3,113.301,113.293,113.3,92910000,1
1499205300000,1499205359000,113.301,113.323,113.299,113.317,171300000,1
1499205360000,1499205419000,113.317,113.317,113.3,113.3,51760000,1
1499205420000,1499205479000,113.301,113.314,113.298,113.307,159680000,1
1499205480000,1499205539000,113.305,113.305,113.3,113.3,98340000,1
1499205540000,1499205599000,113.301,113.306,113.3,113.306,56980000,1
1499205600000,1499205659000,113.306,113.306,113.29,113.302,60320000,1
1499205660000,1499205719000,113.301,113.31,113.291,113.31,36720000,1
1499205720000,1499205779000,113.307,113.31,113.305,113.307,11240000,1
1499205780000,1499205839000,113.307,113.307,113.306,113.306,8980000,1
1499205840000,1499205899000,113.306,113.326,113.305,113.326,80000000,1
1499205900000,1499205959000,113.327,113.353,113.326,113.352,73740000,1
1499205960000,1499206019000,113.351,113.351,113.334,113.334,63990000,1
1499206020000,1499206079000,113.334,113.341,113.322,113.322,54500000,1
1499206080000,1499206139000,113.322,113.322,113.304,113.304,49310000,1
1499206140000,1499206199000,113.311,113.312,113.309,113.311,24970000,1
1499206200000,1499206259000,113.312,113.312,113.311,113.312,11600000,1
1499206260000,1499206319000,113.311,113.311,113.311,113.311,7870000,1
1499206320000,1499206379000,113.315,113.329,113.314,113.323,35730000,1
1499206380000,1499206439000,113.323,113.324,113.323,113.323,18170000,1
1499206440000,1499206499000,113.323,113.323,113.316,113.316,24580000,1
1499206500000,1499206559000,113.315,113.315,113.31,113.312,25970000,1
1499206560000,1499206619000,113.311,113.315,113.283,113.283,58340000,1
1499206620000,1499206679000,113.284,113.286,113.263,113.264,94770000,1
1499206680000,1499206739000,113.264,113.27,113.244,113.247,49740000,1
1499206740000,1499206799000,113.247,113.247,113.184,113.201,179580000,1
1499206800000,1499206859000,113.204,113.234,113.204,113.225,96840000,1
1499206860000,1499206919000,113.225,113.25,113.225,113.24,47810000,1
1499206920000,1499206979000,113.238,113.24,113.234,113.234,98340000,1
1499206980000,1499207039000,113.233,113.233,113.212,113.212,49960000,1
1499207040000,1499207099000,113.211,113.211,113.155,113.159,142670000,1
1499207100000,1499207159000,113.161,113.174,113.143,113.144,131470000,1
1499207160000,1499207219000,113.145,113.15,113.127,113.15,105840000,1
1499207220000,1499207279000,113.15,113.151,113.133,113.133,94460000,1
1499207280000,1499207339000,113.133,113.134,113.08,113.088,156890000,1
1499207340000,1499207399000,113.089,113.121,113.089,113.116,91390000,1
1499207400000,1499207459000,113.121,113.131,113.121,113.129,92190000,1
1499207460000,1499207519000,113.132,113.15,113.132,113.132,68820000,1
1499207520000,1499207579000,113.132,113.134,113.123,113.124,34280000,1
1499207580000,1499207639000,113.124,113.128,113.115,113.126,40380000,1
1499207640000,1499207699000,113.127,113.138,113.126,113.134,71970000,1
1499207700000,1499207759000,113.141,113.141,113.134,113.139,42180000,1
1499207760000,1499207819000,113.139,113.153,113.137,113.15,53700000,1
1499207820000,1499207879000,113.151,113.152,113.133,113.134,85230000,1
1499207880000,1499207939000,113.133,113.138,113.129,113.129,43090000,1
1499207940000,1499207999000,113.129,113.129,113.122,113.125,23490000,1
1499208000000,1499208059000,113.124,113.124,113.097,113.102,57370000,1
1499208060000,1499208119000,113.102,113.108,113.097,113.097,68530000,1
1499208120000,1499208179000,113.098,113.098,113.086,113.088,81150000,1
1499208180000,1499208239000,113.088,113.088,113.069,113.069,78120000,1
1499208240000,1499208299000,113.069,113.079,113.068,113.072,120090000,1
1499208300000,1499208359000,113.073,113.073,113.045,113.045,150660000,1
1499208360000,1499208419000,113.049,113.053,113.024,113.025,132550000,1
1499208420000,1499208479000,113.026,113.026,112.98,112.994,209870000,1
1499208480000,1499208539000,112.998,113.009,112.998,113.006,81980000,1
1499208540000,1499208599000,113.006,113.009,113.004,113.007,38600000,1
1499208600000,1499208659000,113.008,113.025,113.007,113.025,49270000,1
1499208660000,1499208719000,113.025,113.038,113.024,113.034,80800000,1
1499208720000,1499208779000,113.034,113.053,113.034,113.049,61410000,1
1499208780000,1499208839000,113.049,113.064,113.048,113.064,127950000,1
1499208840000,1499208899000,113.064,113.064,113.058,113.058,34980000,1
1499208900000,1499208959000,113.058,113.068,113.058,113.068,59090000,1
1499208960000,1499209019000,113.067,113.071,113.065,113.071,43960000,1
1499209020000,1499209079000,113.071,113.077,113.071,113.077,42570000,1
1499209080000,1499209139000,113.077,113.077,113.064,113.064,42400000,1
1499209140000,1499209199000,113.065,113.065,113.054,113.054,55450000,1
1499209200000,1499209259000,113.053,113.112,113.053,113.112,108170000,1
1499209260000,1499209319000,113.115,113.126,113.098,113.098,94950000,1
1499209320000,1499209379000,113.097,113.127,113.097,113.103,58230000,1
1499209380000,1499209439000,113.103,113.125,113.099,113.099,56420000,1
1499209440000,1499209499000,113.099,113.101,113.099,113.1,12810000,1
1499209500000,1499209559000,113.1,113.129,113.1,113.129,51170000,1
1499209560000,1499209619000,113.128,113.13,113.122,113.125,34060000,1
1499209620000,1499209679000,113.125,113.125,113.097,113.097,77300000,1
1499209680000,1499209739000,113.097,113.117,113.097,113.115,45390000,1
1499209740000,1499209799000,113.114,113.114,113.098,113.103,49680000,1
1499209800000,1499209859000,113.103,113.103,113.088,113.091,47150000,1
1499209860000,1499209919000,113.089,113.101,113.086,113.088,98700000,1
1499209920000,1499209979000,113.085,113.097,113.078,113.088,63020000,1
1499209980000,1499210039000,113.089,113.09,113.079,113.079,25700000,1
1499210040000,1499210099000,113.079,113.1,113.073,113.095,73260000,1
1499210100000,1499210159000,113.095,113.095,113.079,113.088,76970000,1
1499210160000,1499210219000,113.088,113.09,113.083,113.088,53620000,1
1499210220000,1499210279000,113.089,113.09,113.071,113.072,50130000,1
1499210280000,1499210339000,113.071,113.075,113.056,113.075,85350000,1
1499210340000,1499210399000,113.074,113.083,113.073,113.079,43650000,1
1499210400000,1499210459000,113.081,113.081,113.059,113.066,54910000,1
1499210460000,1499210519000,113.066,113.069,113.066,113.066,20050000,1
1499210520000,1499210579000,113.066,113.079,113.065,113.079,55350000,1
1499210580000,1499210639000,113.078,113.08,113.074,113.077,34210000,1
1499210640000,1499210699000,113.077,113.086,113.074,113.082,73570000,1
1499210700000,1499210759000,113.08,113.08,113.06,113.067,35720000,1
1499210760000,1499210819000,113.065,113.067,113.063,113.067,18130000,1
1499210820000,1499210879000,113.067,113.092,113.064,113.092,49170000,1
1499210880000,1499210939000,113.092,113.103,113.088,113.101,37110000,1
1499210940000,1499210999000,113.101,113.101,113.043,113.065,96520000,1
1499211000000,1499211059000,113.067,113.069,113.044,113.051,93560000,1
1499211060000,1499211119000,113.051,113.051,113.029,113.032,53930000,1
1499211120000,1499211179000,113.033,113.057,113.033,113.056,55780000,1
1499211180000,1499211239000,113.056,113.058,113.054,113.058,41650000,1
1499211240000,1499211299000,113.058,113.071,113.058,113.07,63250000,1
1499211300000,1499211359000,113.074,113.085,113.074,113.079,85990000,1
1499211360000,1499211419000,113.079,113.079,113.067,113.077,56740000,1
1499211420000,1499211479000,113.077,113.077,113.024,113.035,93820000,1
1499211480000,1499211539000,113.035,113.049,113.035,113.041,52240000,1
1499211540000,1499211599000,113.041,113.06,113.041,113.056,80330000,1
1499211600000,1499211659000,113.057,113.06,113.054,113.06,28510000,1
1499211660000,1499211719000,113.058,113.058,113.044,113.045,40790000,1
1499211720000,1499211779000,113.047,113.049,113.028,113.031,51820000,1
1499211780000,1499211839000,113.031,113.049,113.031,113.036,105100000,1
1499211840000,1499211899000,113.038,113.04,112.945,112.971,161990000,1
1499211900000,1499211959000,112.971,113.001,112.971,112.989,101560000,1
1499211960000,1499212019000,112.989,113.018,112.989,113.008,88620000,1
1499212020000,1499212079000,113.01,113.012,112.984,112.984,110730000,1
1499212080000,1499212139000,112.983,112.986,112.969,112.978,107390000,1
1499212140000,1499212199000,112.978,112.989,112.953,112.953,177350000,1
1499212200000,1499212259000,112.954,112.987,112.951,112.978,133210000,1
1499212260000,1499212319000,112.977,112.977,112.958,112.965,82480000,1
1499212320000,1499212379000,112.965,112.965,112.9,112.914,172680000,1
1499212380000,1499212439000,112.917,112.944,112.917,112.932,110760000,1
1499212440000,1499212499000,112.936,112.938,112.933,112.936,38750000,1
1499212500000,1499212559000,112.937,112.96,112.934,112.96,68150000,1
1499212560000,1499212619000,112.96,112.973,112.958,112.972,74810000,1
1499212620000,1499212679000,112.975,112.977,112.952,112.963,105910000,1
1499212680000,1499212739000,112.966,112.974,112.956,112.959,111760000,1
1499212740000,1499212799000,112.958,112.972,112.958,112.966,45470000,1
1499212800000,1499212859000,112.968,113.0,112.944,112.996,218740000,1
1499212860000,1499212919000,112.994,112.996,112.953,112.958,134180000,1
1499212920000,1499212979000,112.957,113.013,112.951,113.005,310950000,1
1499212980000,1499213039000,113.006,113.033,113.006,113.028,184330000,1
1499213040000,1499213099000,113.028,113.028,112.998,113.004,141970000,1
1499213100000,1499213159000,113.004,113.031,113.004,113.01,177400000,1
1499213160000,1499213219000,113.009,113.037,113.004,113.027,105060000,1
1499213220000,1499213279000,113.028,113.029,113.005,113.02,143740000,1
1499213280000,1499213339000,113.02,113.02,112.998,113.002,113710000,1
1499213340000,1499213399000,113.002,113.011,112.986,112.986,146590000,1
1499213400000,1499213459000,112.986,113.006,112.979,112.98,88740000,1
1499213460000,1499213519000,112.98,112.98,112.92,112.935,180090000,1
1499213520000,1499213579000,112.934,112.946,112.92,112.94,161400000,1
1499213580000,1499213639000,112.938,112.952,112.934,112.942,86690000,1
1499213640000,1499213699000,112.939,112.946,112.934,112.94,71360000,1
1499213700000,1499213759000,112.941,112.971,112.941,112.969,111190000,1
1499213760000,1499213819000,112.968,112.993,112.966,112.987,109660000,1
1499213820000,1499213879000,112.987,112.993,112.973,112.982,142980000,1
1499213880000,1499213939000,112.982,112.999,112.979,112.988,96500000,1
1499213940000,1499213999000,112.988,112.988,112.963,112.978,127500000,1
1499214000000,1499214059000,112.979,113.006,112.977,113.005,87720000,1
1499214060000,1499214119000,113.004,113.004,112.964,112.964,123400000,1
1499214120000,1499214179000,112.966,112.969,112.936,112.952,138570000,1
1499214180000,1499214239000,112.956,112.96,112.945,112.958,105700000,1
1499214240000,1499214299000,112.96,112.976,112.959,112.976,86420000,1
1499214300000,1499214359000,112.976,112.976,112.957,112.974,80120000,1
1499214360000,1499214419000,112.972,112.999,112.97,112.998,133560000,1
1499214420000,1499214479000,112.998,112.999,112.99,112.993,124110000,1
1499214480000,1499214539000,112.995,112.996,112.953,112.969,171010000,1
1499214540000,1499214599000,112.968,112.968,112.929,112.954,157320000,1
1499214600000,1499214659000,112.954,112.97,112.954,112.963,97220000,1
1499214660000,1499214719000,112.963,112.965,112.959,112.965,85910000,1
1499214720000,1499214779000,112.965,113.031,112.965,113.022,214770000,1
1499214780000,1499214839000,113.021,113.043,113.008,113.016,179500000,1
1499214840000,1499214899000,113.016,113.043,113.016,113.034,117850000,1
1499214900000,1499214959000,113.033,113.039,113.021,113.028,107620000,1
1499214960000,1499215019000,113.027,113.036,113.018,113.035,92420000,1
1499215020000,1499215079000,113.035,113.06,113.035,113.045,114620000,1
1499215080000,1499215139000,113.044,113.059,113.034,113.052,169840000,1
1499215140000,1499215199000,113.052,113.052,113.037,113.042,117310000,1
1499215200000,1499215259000,113.042,113.047,113.025,113.027,67810000,1
1499215260000,1499215319000,113.027,113.036,113.027,113.034,44530000,1
1499215320000,1499215379000,113.034,113.076,113.034,113.068,146680000,1
1499215380000,1499215439000,113.066,113.074,113.063,113.067,87110000,1
1499215440000,1499215499000,113.067,113.072,113.064,113.068,76790000,1
1499215500000,1499215559000,113.068,113.079,113.065,113.074,57750000,1
1499215560000,1499215619000,113.075,113.078,113.063,113.072,76510000,1
1499215620000,1499215679000,113.072,113.073,113.065,113.065,66650000,1
1499215680000,1499215739000,113.064,113.065,113.055,113.06,99070000,1
1499215740000,1499215799000,113.06,113.071,113.058,113.066,86010000,1
1499215800000,1499215859000,113.065,113.087,113.065,113.086,148280000,1
1499215860000,1499215919000,113.086,113.086,113.075,113.081,148020000,1
1499215920000,1499215979000,113.08,113.086,113.069,113.069,109160000,1
1499215980000,1499216039000,113.07,113.081,113.054,113.079,136410000,1
1499216040000,1499216099000,113.079,113.091,113.039,113.065,214580000,1
1499216100000,1499216159000,113.062,113.068,113.025,113.037,208100000,1
1499216160000,1499216219000,113.037,113.062,113.037,113.05,131280000,1
1499216220000,1499216279000,113.049,113.055,113.041,113.042,97570000,1
1499216280000,1499216339000,113.043,113.049,113.031,113.036,145710000,1
1499216340000,1499216399000,113.036,113.036,113.018,113.029,152940000,1
1499216400000,1499216459000,113.029,113.038,113.015,113.022,166400000,1
1499216460000,1499216519000,113.022,113.038,113.022,113.035,126400000,1
1499216520000,1499216579000,113.036,113.055,113.036,113.04,137710000,1
1499216580000,1499216639000,113.04,113.04,113.019,113.027,179310000,1
1499216640000,1499216699000,113.027,113.029,113.024,113.028,92420000,1
1499216700000,1499216759000,113.028,113.033,113.023,113.029,92090000,1
1499216760000,1499216819000,113.029,113.031,113.018,113.023,107910000,1
1499216820000,1499216879000,113.024,113.035,113.02,113.035,100320000,1
1499216880000,1499216939000,113.037,113.044,113.027,113.028,91250000,1
1499216940000,1499216999000,113.028,113.028,113.019,113.019,49190000,1
1499217000000,1499217059000,113.018,113.021,113.017,113.021,109000000,1
1499217060000,1499217119000,113.022,113.04,113.018,113.038,60070000,1
1499217120000,1499217179000,113.039,113.041,113.023,113.039,75810000,1
1499217180000,1499217239000,113.039,113.05,113.033,113.045,71120000,1
1499217240000,1499217299000,113.045,113.056,113.04,113.054,100940000,1
1499217300000,1499217359000,113.056,113.057,113.043,113.051,80880000,1
1499217360000,1499217419000,113.052,113.056,113.034,113.034,82070000,1
1499217420000,1499217479000,113.035,113.035,113.016,113.022,108440000,1
1499217480000,1499217539000,113.023,113.023,112.997,113.0,131280000,1
1499217540000,1499217599000,112.999,113.004,112.996,113.0,131550000,1
1499217600000,1499217659000,112.999,113.004,112.998,113.0,40670000,1
1499217660000,1499217719000,112.999,113.02,112.987,113.019,116300000,1
1499217720000,1499217779000,113.02,113.041,113.019,113.025,114830000,1
1499217780000,1499217839000,113.025,113.025,112.999,112.999,109260000,1
1499217840000,1499217899000,113.0,113.012,112.998,113.012,69730000,1
1499217900000,1499217959000,113.011,113.022,113.011,113.016,81720000,1
1499217960000,1499218019000,113.016,113.027,113.01,113.026,140620000,1
1499218020000,1499218079000,113.026,113.031,113.018,113.018,88330000,1
1499218080000,1499218139000,113.022,113.04,113.015,113.018,131490000,1
1499218140000,1499218199000,113.018,113.02,113.013,113.019,87980000,1
1499218200000,1499218259000,113.02,113.021,113.002,113.007,173740000,1
1499218260000,1499218319000,113.01,113.011,112.986,112.994,129140000,1
1499218320000,1499218379000,112.994,112.994,112.979,112.98,122290000,1
1499218380000,1499218439000,112.979,112.979,112.947,112.953,213610000,1
1499218440000,1499218499000,112.953,112.953,112.921,112.926,229390000,1
1499218500000,1499218559000,112.925,112.925,112.887,112.904,301470000,1
1499218560000,1499218619000,112.904,112.907,112.885,112.889,239150000,1
1499218620000,1499218679000,112.889,112.894,112.861,112.868,286980000,1
1499218680000,1499218739000,112.87,112.89,112.864,112.887,139580000,1
1499218740000,1499218799000,112.887,112.92,112.885,112.913,193230000,1
1499218800000,1499218859000,112.913,112.922,112.895,112.914,169360000,1
1499218860000,1499218919000,112.913,112.913,112.895,112.895,157530000,1
1499218920000,1499218979000,112.896,112.907,112.89,112.907,93170000,1
1499218980000,1499219039000,112.906,112.906,112.896,112.898,56060000,1
1499219040000,1499219099000,112.9,112.907,112.89,112.892,57410000,1
1499219100000,1499219159000,112.893,112.893,112.87,112.872,103380000,1
1499219160000,1499219219000,112.873,112.921,112.871,112.892,226430000,1
1499219220000,1499219279000,112.892,112.908,112.889,112.897,162260000,1
1499219280000,1499219339000,112.897,112.898,112.879,112.887,127990000,1
1499219340000,1499219399000,112.886,112.911,112.882,112.898,154100000,1
1499219400000,1499219459000,112.898,112.9,112.877,112.883,136200000,1
1499219460000,1499219519000,112.882,112.884,112.864,112.873,148250000,1
1499219520000,1499219579000,112.873,112.886,112.866,112.871,76270000,1
1499219580000,1499219639000,112.87,112.899,112.865,112.894,107480000,1
1499219640000,1499219699000,112.893,112.9,112.871,112.871,133020000,1
1499219700000,1499219759000,112.872,112.892,112.872,112.882,157280000,1
1499219760000,1499219819000,112.88,112.889,112.878,112.889,123120000,1
1499219820000,1499219879000,112.889,112.897,112.88,112.887,107330000,1
1499219880000,1499219939000,112.886,112.9,112.882,112.893,101450000,1
1499219940000,1499219999000,112.893,112.9,112.884,112.893,124800000,1
1499220000000,1499220059000,112.893,112.904,112.869,112.869,201300000,1
1499220060000,1499220119000,112.869,112.869,112.846,112.846,219260000,1
1499220120000,1499220179000,112.846,112.853,112.825,112.849,169330000,1
1499220180000,1499220239000,112.849,112.852,112.826,112.848,181060000,1
1499220240000,1499220299000,112.846,112.846,112.832,112.839,153550000,1
1499220300000,1499220359000,112.839,112.858,112.832,112.847,179920000,1
1499220360000,1499220419000,112.847,112.861,112.841,112.861,91260000,1
1499220420000,1499220479000,112.86,112.865,112.855,112.86,119180000,1
1499220480000,1499220539000,112.86,112.869,112.856,112.859,100580000,1
1499220540000,1499220599000,112.86,112.865,112.854,112.855,74730000,1
1499220600000,1499220659000,112.856,112.871,112.856,112.861,80620000,1
1499220660000,1499220719000,112.861,112.88,112.861,112.879,108410000,1
1499220720000,1499220779000,112.877,112.893,112.877,112.89,111070000,1
1499220780000,1499220839000,112.891,112.915,112.891,112.904,172500000,1
1499220840000,1499220899000,112.904,112.904,112.883,112.883,144100000,1
1499220900000,1499220959000,112.884,112.898,112.883,112.891,66320000,1
1499220960000,1499221019000,112.892,112.896,112.838,112.84,193380000,1
1499221020000,1499221079000,112.841,112.848,112.828,112.845,163370000,1
1499221080000,1499221139000,112.848,112.86,112.846,112.853,87910000,1
1499221140000,1499221199000,112.852,112.858,112.851,112.858,113470000,1
1499221200000,1499221259000,112.859,112.859,112.858,112.859,26060000,1
1499221260000,1499221319000,112.86,112.872,112.86,112.871,42050000,1
1499221320000,1499221379000,112.875,112.885,112.875,112.884,74680000,1
1499221380000,1499221439000,112.884,112.888,112.878,112.878,81990000,1
1499221440000,1499221499000,112.881,112.881,112.866,112.875,114920000,1
1499221500000,1499221559000,112.875,112.885,112.875,112.884,92660000,1
1499221560000,1499221619000,112.884,112.888,112.878,112.886,114360000,1
1499221620000,1499221679000,112.883,112.884,112.873,112.873,102620000,1
1499221680000,1499221739000,112.875,112.884,112.875,112.881,187740000,1
1499221740000,1499221799000,112.881,112.886,112.877,112.882,116870000,1
1499221800000,1499221859000,112.882,112.889,112.876,112.887,109430000,1
1499221860000,1499221919000,112.887,112.888,112.884,112.886,29310000,1
1499221920000,1499221979000,112.886,112.886,112.876,112.881,63590000,1
1499221980000,1499222039000,112.88,112.882,112.875,112.876,49430000,1
1499222040000,1499222099000,112.876,112.903,112.876,112.903,156860000,1
1499222100000,1499222159000,112.903,112.911,112.901,112.91,63950000,1
1499222160000,1499222219000,112.909,112.912,112.896,112.911,72780000,1
1499222220000,1499222279000,112.913,112.925,112.91,112.91,101140000,1
1499222280000,1499222339000,112.91,112.915,112.909,112.91,62000000,1
1499222340000,1499222399000,112.912,112.915,112.911,112.912,37260000,1
1499222400000,1499222459000,112.913,112.923,112.903,112.911,110480000,1
1499222460000,1499222519000,112.912,112.921,112.912,112.921,48030000,1
1499222520000,1499222579000,112.922,112.932,112.917,112.929,69990000,1
1499222580000,1499222639000,112.928,112.928,112.921,112.921,78750000,1
1499222640000,1499222699000,112.918,112.924,112.918,112.924,25480000,1
1499222700000,1499222759000,112.923,112.925,112.921,112.924,27010000,1
1499222760000,1499222819000,112.924,112.925,112.92,112.922,47930000,1
1499222820000,1499222879000,112.922,112.923,112.91,112.911,70050000,1
1499222880000,1499222939000,112.912,112.937,112.912,112.937,118700000,1
1499222940000,1499222999000,112.938,112.942,112.923,112.938,162830000,1
1499223000000,1499223059000,112.938,112.938,112.923,112.927,101870000,1
1499223060000,1499223119000,112.927,112.937,112.927,112.936,47510000,1
1499223120000,1499223179000,112.936,112.939,112.935,112.936,20960000,1
1499223180000,1499223239000,112.936,112.937,112.935,112.936,49070000,1
1499223240000,1499223299000,112.936,112.936,112.934,112.936,36400000,1
1499223300000,1499223359000,112.935,112.943,112.93,112.937,112870000,1
1499223360000,1499223419000,112.936,112.943,112.936,112.937,116990000,1
1499223420000,1499223479000,112.937,112.955,112.937,112.94,109620000,1
1499223480000,1499223539000,112.941,112.956,112.941,112.95,44170000,1
1499223540000,1499223599000,112.951,112.97,112.943,112.943,152960000,1
1499223600000,1499223659000,112.943,112.961,112.942,112.959,50840000,1
1499223660000,1499223719000,112.961,112.966,112.955,112.955,45460000,1
1499223720000,1499223779000,112.957,112.957,112.95,112.956,34000000,1
1499223780000,1499223839000,112.956,112.961,112.956,112.961,36460000,1
1499223840000,1499223899000,112.962,112.963,112.958,112.963,29880000,1
1499223900000,1499223959000,112.963,112.977,112.963,112.971,50060000,1
1499223960000,1499224019000,112.97,112.971,112.966,112.968,55630000,1
1499224020000,1499224079000,112.967,112.978,112.967,112.978,53020000,1
1499224080000,1499224139000,112.979,112.98,112.978,112.98,37720000,1
1499224140000,1499224199000,112.981,112.989,112.98,112.987,71860000,1
1499224200000,1499224259000,112.988,113.005,112.985,113.0,106560000,1
1499224260000,1499224319000,112.995,112.999,112.985,112.985,122000000,1
1499224320000,1499224379000,112.984,112.986,112.971,112.972,83060000,1
1499224380000,1499224439000,112.972,112.972,112.964,112.968,67950000,1
1499224440000,1499224499000,112.968,112.969,112.966,112.966,28220000,1
1499224500000,1499224559000,112.966,112.966,112.954,112.958,72890000,1
1499224560000,1499224619000,112.957,112.957,112.952,112.952,16100000,1
1499224620000,1499224679000,112.952,112.967,112.952,112.967,33090000,1
1499224680000,1499224739000,112.968,112.974,112.968,112.974,14440000,1
1499224740000,1499224799000,112.974,112.975,112.967,112.974,42300000,1
1499224800000,1499224859000,112.974,112.976,112.968,112.973,26930000,1
1499224860000,1499224919000,112.972,112.98,112.972,112.98,26250000,1
1499224920000,1499224979000,112.979,112.98,112.97,112.974,30520000,1
1499224980000,1499225039000,112.971,112.971,112.961,112.965,44010000,1
1499225040000,1499225099000,112.964,112.968,112.964,112.965,34910000,1
1499225100000,1499225159000,112.964,112.969,112.964,112.966,28280000,1
1499225160000,1499225219000,112.965,112.965,112.962,112.964,16440000,1
1499225220000,1499225279000,112.965,112.969,112.962,112.969,36170000,1
1499225280000,1499225339000,112.97,112.98,112.97,112.975,70600000,1
1499225340000,1499225399000,112.974,112.987,112.974,112.981,104890000,1
1499225400000,1499225459000,112.981,112.999,112.978,112.999,156980000,1
1499225460000,1499225519000,112.999,113.001,112.993,112.993,63840000,1
1499225520000,1499225579000,112.994,113.006,112.994,113.006,110960000,1
1499225580000,1499225639000,113.01,113.031,113.009,113.031,90070000,1
1499225640000,1499225699000,113.03,113.047,113.025,113.039,100910000,1
1499225700000,1499225759000,113.04,113.084,113.04,113.063,149540000,1
1499225760000,1499225819000,113.063,113.075,113.057,113.066,125080000,1
1499225820000,1499225879000,113.064,113.064,113.05,113.05,64280000,1
1499225880000,1499225939000,113.05,113.051,113.045,113.051,126130000,1
1499225940000,1499225999000,113.051,113.074,113.05,113.073,255420000,1
1499226000000,1499226059000,113.075,113.075,113.061,113.066,133560000,1
1499226060000,1499226119000,113.065,113.07,113.058,113.058,165570000,1
1499226120000,1499226179000,113.058,113.068,113.053,113.067,71590000,1
1499226180000,1499226239000,113.068,113.068,113.059,113.06,36990000,1
1499226240000,1499226299000,113.061,113.064,113.058,113.064,19360000,1
1499226300000,1499226359000,113.063,113.068,113.056,113.06,125200000,1
1499226360000,1499226419000,113.06,113.061,113.054,113.054,102480000,1
1499226420000,1499226479000,113.057,113.063,113.043,113.048,133460000,1
1499226480000,1499226539000,113.049,113.051,113.038,113.051,84870000,1
1499226540000,1499226599000,113.053,113.078,113.053,113.076,108990000,1
1499226600000,1499226659000,113.077,113.085,113.057,113.071,159530000,1
1499226660000,1499226719000,113.074,113.076,113.049,113.063,163020000,1
1499226720000,1499226779000,113.063,113.066,113.063,113.063,58100000,1
1499226780000,1499226839000,113.063,113.071,113.061,113.071,119860000,1
1499226840000,1499226899000,113.072,113.076,113.057,113.062,94270000,1
1499226900000,1499226959000,113.062,113.069,113.062,113.068,44070000,1
1499226960000,1499227019000,113.067,113.068,113.058,113.058,75020000,1
1499227020000,1499227079000,113.058,113.058,113.044,113.051,93780000,1
1499227080000,1499227139000,113.052,113.054,113.037,113.037,108810000,1
1499227140000,1499227199000,113.037,113.046,113.032,113.044,119940000,1
1499227200000,1499227259000,113.044,113.044,113.041,113.041,41360000,1
1499227260000,1499227319000,113.041,113.048,113.038,113.048,74560000,1
1499227320000,1499227379000,113.049,113.057,113.049,113.051,41080000,1
1499227380000,1499227439000,113.053,113.054,113.05,113.051,21590000,1
1499227440000,1499227499000,113.052,113.065,113.052,113.063,85850000,1
1499227500000,1499227559000,113.063,113.066,113.057,113.063,60040000,1
1499227560000,1499227619000,113.063,113.067,113.063,113.063,23600000,1
1499227620000,1499227679000,113.063,113.07,113.056,113.057,57240000,1
1499227680000,1499227739000,113.057,113.058,113.049,113.058,26020000,1
1499227740000,1499227799000,113.058,113.058,113.05,113.055,38670000,1
1499227800000,1499227859000,113.054,113.057,113.054,113.057,38310000,1
1499227860000,1499227919000,113.057,113.061,113.057,113.06,126080000,1
1499227920000,1499227979000,113.06,113.062,113.06,113.062,73840000,1
1499227980000,1499228039000,113.063,113.063,113.062,113.063,55580000,1
1499228040000,1499228099000,113.062,113.068,113.062,113.064,63540000,1
1499228100000,1499228159000,113.065,113.066,113.062,113.064,32910000,1
1499228160000,1499228219000,113.066,113.073,113.066,113.071,32820000,1
1499228220000,1499228279000,113.071,113.077,113.068,113.07,88920000,1
1499228280000,1499228339000,113.07,113.096,113.07,113.083,180610000,1
1499228340000,1499228399000,113.081,113.084,113.071,113.084,127280000,1
1499228400000,1499228459000,113.084,113.106,113.077,113.082,163140000,1
1499228460000,1499228519000,113.083,113.091,113.077,113.091,51990000,1
1499228520000,1499228579000,113.091,113.097,113.087,113.092,51600000,1
1499228580000,1499228639000,113.091,113.1,113.09,113.1,83830000,1
1499228640000,1499228699000,113.101,113.118,113.095,113.109,122600000,1
1499228700000,1499228759000,113.108,113.126,113.107,113.123,112140000,1
1499228760000,1499228819000,113.121,113.125,113.116,113.124,40940000,1
1499228820000,1499228879000,113.124,113.125,113.117,113.118,39840000,1
1499228880000,1499228939000,113.118,113.127,113.117,113.117,67400000,1
1499228940000,1499228999000,113.116,113.128,113.113,113.124,114440000,1
1499229000000,1499229059000,113.124,113.143,113.123,113.135,113210000,1
1499229060000,1499229119000,113.135,113.139,113.126,113.13,65450000,1
1499229120000,1499229179000,113.128,113.128,113.124,113.124,13350000,1
1499229180000,1499229239000,113.126,113.132,113.124,113.129,51180000,1
1499229240000,1499229299000,113.129,113.129,113.127,113.127,12300000,1
1499229300000,1499229359000,113.127,113.141,113.127,113.135,48540000,1
1499229360000,1499229419000,113.135,113.144,113.131,113.133,87790000,1
1499229420000,1499229479000,113.131,113.133,113.117,113.12,103960000,1
1499229480000,1499229539000,113.12,113.127,113.116,113.12,72600000,1
1499229540000,1499229599000,113.12,113.122,113.12,113.12,44510000,1
1499229600000,1499229659000,113.12,113.123,113.108,113.111,117210000,1
1499229660000,1499229719000,113.111,113.131,113.111,113.125,84120000,1
1499229720000,1499229779000,113.126,113.126,113.117,113.117,91710000,1
1499229780000,1499229839000,113.116,113.119,113.105,113.11,134110000,1
1499229840000,1499229899000,113.108,113.123,113.107,113.123,62990000,1
1499229900000,1499229959000,113.12,113.123,113.119,113.122,33350000,1
1499229960000,1499230019000,113.125,113.13,113.115,113.12,84580000,1
1499230020000,1499230079000,113.121,113.129,113.121,113.125,55710000,1
1499230080000,1499230139000,113.124,113.124,113.12,113.121,61550000,1
1499230140000,1499230199000,113.121,113.128,113.12,113.128,29990000,1
1499230200000,1499230259000,113.128,113.128,113.118,113.118,79530000,1
1499230260000,1499230319000,113.117,113.119,113.115,113.117,58700000,1
1499230320000,1499230379000,113.119,113.133,113.119,113.133,16440000,1
1499230380000,1499230439000,113.132,113.133,113.124,113.128,44240000,1
1499230440000,1499230499000,113.129,113.135,113.126,113.133,52550000,1
1499230500000,1499230559000,113.134,113.138,113.132,113.135,46060000,1
1499230560000,1499230619000,113.136,113.136,113.125,113.131,38070000,1
1499230620000,1499230679000,113.13,113.139,113.128,113.135,61600000,1
1499230680000,1499230739000,113.136,113.142,113.128,113.135,73290000,1
1499230740000,1499230799000,113.133,113.167,113.133,113.167,78520000,1
1499230800000,1499230859000,113.166,113.199,113.166,113.175,146030000,1
1499230860000,1499230919000,113.176,113.187,113.157,113.178,93380000,1
1499230920000,1499230979000,113.178,113.183,113.176,113.178,44110000,1
1499230980000,1499231039000,113.178,113.202,113.178,113.194,98040000,1
1499231040000,1499231099000,113.194,113.203,113.191,113.195,169050000,1
1499231100000,1499231159000,113.196,113.201,113.185,113.199,204020000,1
1499231160000,1499231219000,113.198,113.198,113.18,113.191,107750000,1
1499231220000,1499231279000,113.192,113.196,113.179,113.18,138140000,1
1499231280000,1499231339000,113.18,113.182,113.171,113.172,73520000,1
1499231340000,1499231399000,113.171,113.175,113.169,113.171,68720000,1
1499231400000,1499231459000,113.172,113.175,113.17,113.175,57560000,1
1499231460000,1499231519000,113.176,113.176,113.166,113.17,24280000,1
1499231520000,1499231579000,113.17,113.181,113.169,113.181,42020000,1
1499231580000,1499231639000,113.181,113.189,113.181,113.188,31740000,1
1499231640000,1499231699000,113.184,113.184,113.155,113.156,112550000,1
1499231700000,1499231759000,113.158,113.17,113.156,113.17,64300000,1
1499231760000,1499231819000,113.169,113.169,113.16,113.163,53670000,1
1499231820000,1499231879000,113.163,113.18,113.162,113.175,77380000,1
1499231880000,1499231939000,113.177,113.177,113.16,113.165,115230000,1
1499231940000,1499231999000,113.165,113.168,113.157,113.158,99920000,1
1499232000000,1499232059000,113.158,113.16,113.157,113.157,15250000,1
1499232060000,1499232119000,113.157,113.159,113.156,113.156,27560000,1
1499232120000,1499232179000,113.156,113.165,113.156,113.163,82210000,1
1499232180000,1499232239000,113.164,113.172,113.163,113.171,55180000,1
1499232240000,1499232299000,113.17,113.181,113.17,113.176,83130000,1
1499232300000,1499232359000,113.175,113.186,113.175,113.175,67160000,1
1499232360000,1499232419000,113.176,113.176,113.166,113.166,82210000,1
1499232420000,1499232479000,113.168,113.171,113.165,113.166,101600000,1
1499232480000,1499232539000,113.166,113.17,113.164,113.164,104550000,1
1499232540000,1499232599000,113.163,113.163,113.155,113.158,85220000,1
1499232600000,1499232659000,113.157,113.162,113.151,113.151,80370000,1
1499232660000,1499232719000,113.149,113.151,113.146,113.149,101960000,1
1499232720000,1499232779000,113.151,113.159,113.15,113.157,51310000,1
1499232780000,1499232839000,113.158,113.172,113.158,113.165,36290000,1
1499232840000,1499232899000,113.166,113.203,113.166,113.196,168600000,1
1499232900000,1499232959000,113.196,113.203,113.189,113.203,90720000,1
1499232960000,1499233019000,113.203,113.208,113.202,113.202,65900000,1
1499233020000,1499233079000,113.202,113.202,113.189,113.196,76740000,1
1499233080000,1499233139000,113.196,113.197,113.19,113.196,105700000,1
1499233140000,1499233199000,113.196,113.198,113.191,113.198,97410000,1
1499233200000,1499233259000,113.198,113.203,113.194,113.197,160710000,1
1499233260000,1499233319000,113.197,113.217,113.196,113.215,86130000,1
1499233320000,1499233379000,113.214,113.238,113.211,113.224,231340000,1
1499233380000,1499233439000,113.224,113.236,113.221,113.224,114880000,1
1499233440000,1499233499000,113.223,113.233,113.222,113.225,134230000,1
1499233500000,1499233559000,113.225,113.23,113.222,113.222,56140000,1
1499233560000,1499233619000,113.222,113.244,113.221,113.244,41650000,1
1499233620000,1499233679000,113.241,113.241,113.225,113.226,88380000,1
1499233680000,1499233739000,113.226,113.231,113.224,113.227,37560000,1
1499233740000,1499233799000,113.225,113.225,113.215,113.22,48970000,1
1499233800000,1499233859000,113.218,113.219,113.209,113.215,51190000,1
1499233860000,1499233919000,113.216,113.221,113.214,113.214,97890000,1
1499233920000,1499233979000,113.214,113.214,113.195,113.197,133020000,1
1499233980000,1499234039000,113.197,113.197,113.189,113.189,28470000,1
1499234040000,1499234099000,113.189,113.19,113.177,113.184,61550000,1
1499234100000,1499234159000,113.183,113.191,113.18,113.19,51990000,1
1499234160000,1499234219000,113.191,113.212,113.19,113.208,62100000,1
1499234220000,1499234279000,113.208,113.223,113.207,113.208,100100000,1
1499234280000,1499234339000,113.206,113.212,113.195,113.195,70340000,1
1499234340000,1499234399000,113.195,113.195,113.185,113.19,63410000,1
1499234400000,1499234459000,113.191,113.191,113.179,113.188,93030000,1
1499234460000,1499234519000,113.188,113.199,113.177,113.183,138130000,1
1499234520000,1499234579000,113.187,113.208,113.187,113.203,118440000,1
1499234580000,1499234639000,113.202,113.214,113.202,113.214,66710000,1
1499234640000,1499234699000,113.213,113.233,113.209,113.233,113890000,1
1499234700000,1499234759000,113.233,113.235,113.22,113.235,195790000,1
1499234760000,1499234819000,113.235,113.242,113.223,113.23,187880000,1
1499234820000,1499234879000,113.229,113.252,113.223,113.252,180120000,1
1499234880000,1499234939000,113.255,113.263,113.244,113.253,207790000,1
1499234940000,1499234999000,113.254,113.279,113.254,113.271,174290000,1
1499235000000,1499235059000,113.271,113.281,113.265,113.272,160340000,1
1499235060000,1499235119000,113.27,113.283,113.267,113.281,69920000,1
1499235120000,1499235179000,113.279,113.281,113.272,113.274,99070000,1
1499235180000,1499235239000,113.273,113.277,113.257,113.258,102160000,1
1499235240000,1499235299000,113.258,113.264,113.252,113.256,86560000,1
1499235300000,1499235359000,113.258,113.265,113.24,113.252,137400000,1
1499235360000,1499235419000,113.252,113.302,113.251,113.296,197010000,1
1499235420000,1499235479000,113.296,113.297,113.272,113.279,91640000,1
1499235480000,1499235539000,113.279,113.285,113.26,113.26,80530000,1
1499235540000,1499235599000,113.259,113.266,113.241,113.245,177350000,1
1499235600000,1499235659000,113.245,113.245,113.226,113.229,134500000,1
1499235660000,1499235719000,113.229,113.243,113.224,113.241,76960000,1
1499235720000,1499235779000,113.242,113.281,113.242,113.281,179010000,1
1499235780000,1499235839000,113.281,113.281,113.268,113.279,145060000,1
1499235840000,1499235899000,113.279,113.279,113.266,113.273,145220000,1
1499235900000,1499235959000,113.273,113.273,113.253,113.254,152470000,1
1499235960000,1499236019000,113.253,113.255,113.246,113.255,98660000,1
1499236020000,1499236079000,113.258,113.286,113.257,113.28,101330000,1
1499236080000,1499236139000,113.281,113.294,113.279,113.279,148900000,1
1499236140000,1499236199000,113.278,113.279,113.266,113.272,111470000,1
1499236200000,1499236259000,113.275,113.276,113.249,113.254,124240000,1
1499236260000,1499236319000,113.254,113.271,113.252,113.255,64170000,1
1499236320000,1499236379000,113.255,113.265,113.254,113.263,77500000,1
1499236380000,1499236439000,113.263,113.273,113.26,113.261,120420000,1
1499236440000,1499236499000,113.261,113.27,113.257,113.261,98450000,1
1499236500000,1499236559000,113.26,113.262,113.256,113.262,66370000,1
1499236560000,1499236619000,113.262,113.274,113.255,113.257,69620000,1
1499236620000,1499236679000,113.255,113.259,113.236,113.243,129350000,1
1499236680000,1499236739000,113.245,113.257,113.229,113.257,124840000,1
1499236740000,1499236799000,113.258,113.261,113.252,113.253,134280000,1
1499236800000,1499236859000,113.254,113.258,113.251,113.255,76260000,1
1499236860000,1499236919000,113.256,113.264,113.237,113.24,95810000,1
1499236920000,1499236979000,113.239,113.248,113.236,113.248,105520000,1
1499236980000,1499237039000,113.247,113.261,113.244,113.261,69030000,1
1499237040000,1499237099000,113.26,113.271,113.253,113.271,129810000,1
1499237100000,1499237159000,113.269,113.269,113.256,113.257,120600000,1
1499237160000,1499237219000,113.256,113.28,113.252,113.264,157080000,1
1499237220000,1499237279000,113.265,113.268,113.245,113.268,134070000,1
1499237280000,1499237339000,113.268,113.281,113.268,113.279,69280000,1
1499237340000,1499237399000,113.279,113.312,113.279,113.289,153680000,1
1499237400000,1499237459000,113.289,113.289,113.273,113.273,99950000,1
1499237460000,1499237519000,113.273,113.273,113.221,113.234,182760000,1
1499237520000,1499237579000,113.234,113.237,113.215,113.216,85190000,1
1499237580000,1499237639000,113.217,113.227,113.215,113.227,125040000,1
1499237640000,1499237699000,113.227,113.227,113.215,113.217,93140000,1
1499237700000,1499237759000,113.219,113.235,113.211,113.234,112800000,1
1499237760000,1499237819000,113.234,113.235,113.215,113.215,101720000,1
1499237820000,1499237879000,113.212,113.212,113.197,113.202,251170000,1
1499237880000,1499237939000,113.202,113.221,113.202,113.221,81130000,1
1499237940000,1499237999000,113.221,113.24,113.221,113.233,138880000,1
1499238000000,1499238059000,113.234,113.247,113.205,113.247,237090000,1
1499238060000,1499238119000,113.247,113.281,113.247,113.265,191490000,1
1499238120000,1499238179000,113.265,113.281,113.258,113.271,177480000,1
1499238180000,1499238239000,113.272,113.275,113.26,113.267,176160000,1
1499238240000,1499238299000,113.267,113.267,113.241,113.245,147970000,1
1499238300000,1499238359000,113.244,113.261,113.236,113.255,138910000,1
1499238360000,1499238419000,113.255,113.273,113.221,113.269,256640000,1
1499238420000,1499238479000,113.268,113.287,113.256,113.278,200100000,1
1499238480000,1499238539000,113.279,113.305,113.275,113.281,195060000,1
1499238540000,1499238599000,113.286,113.287,113.254,113.262,171070000,1
1499238600000,1499238659000,113.262,113.262,113.23,113.249,276100000,1
1499238660000,1499238719000,113.25,113.267,113.247,113.26,87410000,1
1499238720000,1499238779000,113.259,113.263,113.248,113.248,137570000,1
1499238780000,1499238839000,113.247,113.248,113.229,113.242,80510000,1
1499238840000,1499238899000,113.241,113.242,113.211,113.211,153580000,1
1499238900000,1499238959000,113.211,113.226,113.206,113.223,167500000,1
1499238960000,1499239019000,113.223,113.244,113.223,113.237,148880000,1
1499239020000,1499239079000,113.238,113.243,113.238,113.238,202670000,1
1499239080000,1499239139000,113.239,113.239,113.224,113.231,126030000,1
1499239140000,1499239199000,113.231,113.241,113.227,113.236,215600000,1
1499239200000,1499239259000,113.236,113.249,113.234,113.234,116630000,1
1499239260000,1499239319000,113.234,113.241,113.227,113.241,90310000,1
1499239320000,1499239379000,113.239,113.254,113.235,113.241,74100000,1
1499239380000,1499239439000,113.241,113.248,113.241,113.242,62730000,1
1499239440000,1499239499000,113.242,113.252,113.232,113.251,148190000,1
1499239500000,1499239559000,113.254,113.257,113.249,113.25,66490000,1
1499239560000,1499239619000,113.251,113.253,113.248,113.251,113680000,1
1499239620000,1499239679000,113.252,113.291,113.25,113.286,186400000,1
1499239680000,1499239739000,113.286,113.339,113.286,113.338,232220000,1
1499239740000,1499239799000,113.335,113.396,113.335,113.376,358560000,1
1499239800000,1499239859000,113.378,113.411,113.377,113.41,227670000,1
1499239860000,1499239919000,113.411,113.411,113.389,113.395,234000000,1
1499239920000,1499239979000,113.394,113.399,113.383,113.389,158610000,1
1499239980000,1499240039000,113.39,113.405,113.384,113.389,168990000,1
1499240040000,1499240099000,113.39,113.442,113.39,113.442,232680000,1
1499240100000,1499240159000,113.444,113.453,113.436,113.452,274940000,1
1499240160000,1499240219000,113.451,113.453,113.428,113.434,169140000,1
1499240220000,1499240279000,113.433,113.453,113.433,113.435,219010000,1
1499240280000,1499240339000,113.435,113.496,113.433,113.473,219880000,1
1499240340000,1499240399000,113.474,113.542,113.474,113.507,481420000,1
1499240400000,1499240459000,113.509,113.52,113.493,113.493,225450000,1
1499240460000,1499240519000,113.494,113.499,113.478,113.493,291010000,1
1499240520000,1499240579000,113.494,113.512,113.484,113.487,200490000,1
1499240580000,1499240639000,113.487,113.517,113.479,113.499,200080000,1
1499240640000,1499240699000,113.501,113.551,113.501,113.549,177080000,1
1499240700000,1499240759000,113.542,113.581,113.542,113.555,268430000,1
1499240760000,1499240819000,113.555,113.565,113.545,113.547,224720000,1
1499240820000,1499240879000,113.548,113.563,113.547,113.548,143150000,1
1499240880000,1499240939000,113.548,113.549,113.525,113.532,162680000,1
1499240940000,1499240999000,113.53,113.541,113.529,113.531,161390000,1
1499241000000,1499241059000,113.529,113.544,113.523,113.536,161290000,1
1499241060000,1499241119000,113.536,113.541,113.52,113.539,137490000,1
1499241120000,1499241179000,113.538,113.538,113.521,113.527,110070000,1
1499241180000,1499241239000,113.526,113.533,113.511,113.511,207880000,1
1499241240000,1499241299000,113.511,113.511,113.483,113.489,200980000,1
1499241300000,1499241359000,113.489,113.504,113.486,113.501,151640000,1
1499241360000,1499241419000,113.502,113.509,113.496,113.509,79510000,1
1499241420000,1499241479000,113.507,113.507,113.478,113.485,151400000,1
1499241480000,1499241539000,113.485,113.499,113.483,113.489,77540000,1
1499241540000,1499241599000,113.488,113.493,113.475,113.484,145770000,1
1499241600000,1499241659000,113.487,113.545,113.487,113.527,345250000,1
1499241660000,1499241719000,113.527,113.56,113.509,113.536,244320000,1
1499241720000,1499241779000,113.536,113.538,113.503,113.526,140950000,1
1499241780000,1499241839000,113.526,113.542,113.518,113.534,204940000,1
1499241840000,1499241899000,113.533,113.533,113.509,113.509,146820000,1
1499241900000,1499241959000,113.508,113.528,113.508,113.513,102130000,1
1499241960000,1499242019000,113.513,113.518,113.503,113.503,162330000,1
1499242020000,1499242079000,113.505,113.517,113.499,113.5,335080000,1
1499242080000,1499242139000,113.502,113.516,113.5,113.515,146510000,1
1499242140000,1499242199000,113.515,113.516,113.499,113.505,153820000,1
1499242200000,1499242259000,113.506,113.514,113.494,113.511,174220000,1
1499242260000,1499242319000,113.509,113.517,113.502,113.508,138160000,1
1499242320000,1499242379000,113.507,113.518,113.505,113.512,70170000,1
1499242380000,1499242439000,113.513,113.519,113.505,113.517,143200000,1
1499242440000,1499242499000,113.517,113.537,113.515,113.524,172000000,1
1499242500000,1499242559000,113.525,113.528,113.505,113.52,153850000,1
1499242560000,1499242619000,113.518,113.553,113.513,113.53,169470000,1
1499242620000,1499242679000,113.53,113.561,113.528,113.56,131200000,1
1499242680000,1499242739000,113.559,113.563,113.546,113.548,97740000,1
1499242740000,1499242799000,113.547,113.548,113.533,113.54,97980000,1
1499242800000,1499242859000,113.539,113.545,113.538,113.545,109830000,1
1499242860000,1499242919000,113.545,113.561,113.533,113.56,160690000,1
1499242920000,1499242979000,113.559,113.57,113.545,113.565,138220000,1
1499242980000,1499243039000,113.563,113.572,113.557,113.559,74240000,1
1499243040000,1499243099000,113.56,113.566,113.546,113.556,107510000,1
1499243100000,1499243159000,113.556,113.558,113.54,113.541,119760000,1
1499243160000,1499243219000,113.543,113.572,113.541,113.571,111440000,1
1499243220000,1499243279000,113.572,113.572,113.553,113.553,114080000,1
1499243280000,1499243339000,113.554,113.56,113.536,113.541,115850000,1
1499243340000,1499243399000,113.538,113.551,113.537,113.539,151250000,1
1499243400000,1499243459000,113.539,113.551,113.535,113.547,126730000,1
1499243460000,1499243519000,113.546,113.557,113.546,113.55,96770000,1
1499243520000,1499243579000,113.55,113.558,113.536,113.54,127220000,1
1499243580000,1499243639000,113.54,113.567,113.54,113.561,134050000,1
1499243640000,1499243699000,113.561,113.593,113.56,113.578,193670000,1
1499243700000,1499243759000,113.579,113.587,113.558,113.56,138240000,1
1499243760000,1499243819000,113.561,113.564,113.55,113.561,129820000,1
1499243820000,1499243879000,113.562,113.584,113.557,113.573,169990000,1
1499243880000,1499243939000,113.574,113.589,113.574,113.583,153930000,1
1499243940000,1499243999000,113.581,113.59,113.578,113.583,170660000,1
1499244000000,1499244059000,113.583,113.585,113.566,113.58,147820000,1
1499244060000,1499244119000,113.58,113.588,113.574,113.582,98700000,1
1499244120000,1499244179000,113.581,113.584,113.576,113.58,129000000,1
1499244180000,1499244239000,113.579,113.586,113.574,113.585,78680000,1
1499244240000,1499244299000,113.583,113.583,113.556,113.565,186990000,1
1499244300000,1499244359000,113.567,113.579,113.559,113.567,135840000,1
1499244360000,1499244419000,113.568,113.568,113.551,113.557,98160000,1
1499244420000,1499244479000,113.557,113.557,113.551,113.551,76590000,1
1499244480000,1499244539000,113.554,113.555,113.528,113.538,145200000,1
1499244540000,1499244599000,113.537,113.542,113.514,113.52,192240000,1
1499244600000,1499244659000,113.521,113.538,113.518,113.537,95340000,1
1499244660000,1499244719000,113.538,113.554,113.532,113.544,134160000,1
1499244720000,1499244779000,113.544,113.564,113.544,113.562,90680000,1
1499244780000,1499244839000,113.565,113.589,113.562,113.588,166150000,1
1499244840000,1499244899000,113.587,113.588,113.577,113.584,135860000,1
1499244900000,1499244959000,113.584,113.594,113.577,113.581,278310000,1
1499244960000,1499245019000,113.582,113.59,113.582,113.587,96380000,1
1499245020000,1499245079000,113.587,113.59,113.58,113.59,129630000,1
1499245080000,1499245139000,113.589,113.59,113.576,113.576,135900000,1
1499245140000,1499245199000,113.578,113.588,113.566,113.566,137360000,1
1499245200000,1499245259000,113.567,113.582,113.537,113.557,291820000,1
1499245260000,1499245319000,113.555,113.569,113.541,113.553,192450000,1
1499245320000,1499245379000,113.553,113.566,113.538,113.559,261920000,1
1499245380000,1499245439000,113.558,113.56,113.537,113.537,193670000,1
1499245440000,1499245499000,113.538,113.558,113.536,113.557,142620000,1
1499245500000,1499245559000,113.556,113.557,113.543,113.544,168220000,1
1499245560000,1499245619000,113.544,113.544,113.526,113.531,160960000,1
1499245620000,1499245679000,113.532,113.539,113.529,113.534,156880000,1
1499245680000,1499245739000,113.534,113.543,113.531,113.536,72670000,1
1499245740000,1499245799000,113.537,113.559,113.537,113.552,109590000,1
1499245800000,1499245859000,113.551,113.565,113.548,113.564,116450000,1
1499245860000,1499245919000,113.564,113.566,113.55,113.556,98030000,1
1499245920000,1499245979000,113.557,113.577,113.553,113.564,128110000,1
1499245980000,1499246039000,113.565,113.567,113.536,113.539,78500000,1
1499246040000,1499246099000,113.539,113.56,113.539,113.55,99370000,1
1499246100000,1499246159000,113.55,113.56,113.545,113.56,129440000,1
1499246160000,1499246219000,113.56,113.563,113.545,113.553,157180000,1
1499246220000,1499246279000,113.555,113.559,113.543,113.547,101930000,1
1499246280000,1499246339000,113.547,113.555,113.537,113.553,88940000,1
1499246340000,1499246399000,113.552,113.578,113.552,113.565,169330000,1
1499246400000,1499246459000,113.565,113.565,113.56,113.564,98520000,1
1499246460000,1499246519000,113.564,113.566,113.548,113.558,81570000,1
1499246520000,1499246579000,113.558,113.564,113.557,113.563,99120000,1
1499246580000,1499246639000,113.564,113.565,113.538,113.538,129870000,1
1499246640000,1499246699000,113.539,113.558,113.539,113.556,108780000,1
1499246700000,1499246759000,113.548,113.559,113.535,113.535,139130000,1
1499246760000,1499246819000,113.534,113.534,113.511,113.518,134770000,1
1499246820000,1499246879000,113.518,113.531,113.514,113.527,150810000,1
1499246880000,1499246939000,113.526,113.534,113.525,113.527,109450000,1
1499246940000,1499246999000,113.526,113.529,113.519,113.52,74050000,1
1499247000000,1499247059000,113.522,113.543,113.505,113.538,134150000,1
1499247060000,1499247119000,113.538,113.54,113.534,113.535,164530000,1
1499247120000,1499247179000,113.536,113.557,113.535,113.555,105050000,1
1499247180000,1499247239000,113.554,113.556,113.541,113.548,170080000,1
1499247240000,1499247299000,113.547,113.562,113.547,113.551,119000000,1
1499247300000,1499247359000,113.552,113.563,113.551,113.553,101900000,1
1499247360000,1499247419000,113.553,113.555,113.537,113.537,84040000,1
1499247420000,1499247479000,113.538,113.565,113.538,113.563,90490000,1
1499247480000,1499247539000,113.565,113.566,113.558,113.565,90040000,1
1499247540000,1499247599000,113.566,113.577,113.558,113.576,107030000,1
1499247600000,1499247659000,113.576,113.618,113.571,113.609,152180000,1
1499247660000,1499247719000,113.61,113.61,113.597,113.608,86800000,1
1499247720000,1499247779000,113.608,113.617,113.607,113.617,91820000,1
1499247780000,1499247839000,113.617,113.618,113.604,113.612,58090000,1
1499247840000,1499247899000,113.611,113.611,113.592,113.594,119760000,1
1499247900000,1499247959000,113.594,113.594,113.584,113.59,76550000,1
1499247960000,1499248019000,113.588,113.604,113.588,113.599,67350000,1
1499248020000,1499248079000,113.599,113.602,113.592,113.601,101470000,1
1499248080000,1499248139000,113.602,113.602,113.598,113.601,119480000,1
1499248140000,1499248199000,113.602,113.611,113.599,113.611,141590000,1
1499248200000,1499248259000,113.611,113.612,113.603,113.61,74430000,1
1499248260000,1499248319000,113.609,113.613,113.604,113.604,58540000,1
1499248320000,1499248379000,113.605,113.612,113.596,113.61,96220000,1
1499248380000,1499248439000,113.611,113.626,113.611,113.611,134910000,1
1499248440000,1499248499000,113.611,113.611,113.593,113.593,168510000,1
1499248500000,1499248559000,113.593,113.603,113.589,113.598,84120000,1
1499248560000,1499248619000,113.599,113.607,113.597,113.607,71800000,1
1499248620000,1499248679000,113.608,113.614,113.608,113.61,89860000,1
1499248680000,1499248739000,113.61,113.61,113.591,113.593,145770000,1
1499248740000,1499248799000,113.593,113.606,113.593,113.606,56820000,1
1499248800000,1499248859000,113.607,113.617,113.598,113.604,119730000,1
1499248860000,1499248919000,113.604,113.641,113.603,113.63,107250000,1
1499248920000,1499248979000,113.63,113.638,113.624,113.627,100990000,1
1499248980000,1499249039000,113.627,113.631,113.621,113.627,85440000,1
1499249040000,1499249099000,113.627,113.627,113.606,113.608,135320000,1
1499249100000,1499249159000,113.609,113.624,113.609,113.623,81220000,1
1499249160000,1499249219000,113.623,113.623,113.61,113.618,60700000,1
1499249220000,1499249279000,113.617,113.673,113.616,113.648,231560000,1
1499249280000,1499249339000,113.646,113.663,113.639,113.65,212210000,1
1499249340000,1499249399000,113.654,113.662,113.652,113.655,119480000,1
1499249400000,1499249459000,113.655,113.672,113.644,113.649,124620000,1
1499249460000,1499249519000,113.649,113.65,113.642,113.644,99260000,1
1499249520000,1499249579000,113.644,113.647,113.641,113.643,97310000,1
1499249580000,1499249639000,113.643,113.652,113.634,113.652,65060000,1
1499249640000,1499249699000,113.65,113.665,113.65,113.658,76580000,1
1499249700000,1499249759000,113.659,113.668,113.654,113.657,78780000,1
1499249760000,1499249819000,113.658,113.66,113.647,113.656,56280000,1
1499249820000,1499249879000,113.657,113.686,113.656,113.672,114320000,1
1499249880000,1499249939000,113.672,113.676,113.645,113.659,74780000,1
1499249940000,1499249999000,113.66,113.682,113.658,113.671,92330000,1
1499250000000,1499250059000,113.668,113.668,113.645,113.645,60070000,1
1499250060000,1499250119000,113.646,113.663,113.646,113.654,46600000,1
1499250120000,1499250179000,113.653,113.653,113.623,113.624,91140000,1
1499250180000,1499250239000,113.625,113.637,113.623,113.637,65610000,1
1499250240000,1499250299000,113.636,113.64,113.625,113.63,78600000,1
1499250300000,1499250359000,113.631,113.635,113.616,113.622,80990000,1
1499250360000,1499250419000,113.621,113.64,113.621,113.639,58820000,1
1499250420000,1499250479000,113.64,113.64,113.62,113.622,91340000,1
1499250480000,1499250539000,113.62,113.622,113.612,113.617,107120000,1
1499250540000,1499250599000,113.618,113.624,113.612,113.623,73240000,1
1499250600000,1499250659000,113.623,113.627,113.611,113.612,153610000,1
1499250660000,1499250719000,113.613,113.621,113.611,113.62,83250000,1
1499250720000,1499250779000,113.62,113.624,113.611,113.611,116410000,1
1499250780000,1499250839000,113.62,113.626,113.618,113.624,62850000,1
1499250840000,1499250899000,113.623,113.635,113.623,113.633,46160000,1
1499250900000,1499250959000,113.633,113.633,113.63,113.63,18170000,1
1499250960000,1499251019000,113.631,113.632,113.63,113.632,10240000,1
1499251020000,1499251079000,113.632,113.634,113.626,113.633,36050000,1
1499251080000,1499251139000,113.632,113.64,113.632,113.637,121000000,1
1499251140000,1499251199000,113.637,113.646,113.632,113.644,85210000,1
1499251200000,1499251259000,113.644,113.653,113.644,113.647,76310000,1
1499251260000,1499251319000,113.647,113.653,113.643,113.652,135670000,1
1499251320000,1499251379000,113.652,113.653,113.643,113.648,166120000,1
1499251380000,1499251439000,113.648,113.648,113.623,113.625,100730000,1
1499251440000,1499251499000,113.624,113.629,113.619,113.625,92490000,1
1499251500000,1499251559000,113.625,113.625,113.611,113.617,89010000,1
1499251560000,1499251619000,113.618,113.622,113.614,113.617,37100000,1
1499251620000,1499251679000,113.618,113.625,113.617,113.62,50650000,1
1499251680000,1499251739000,113.62,113.629,113.62,113.625,64030000,1
1499251740000,1499251799000,113.624,113.624,113.612,113.616,39850000,1
1499251800000,1499251859000,113.616,113.624,113.616,113.624,38260000,1
1499251860000,1499251919000,113.623,113.628,113.62,113.628,46430000,1
1499251920000,1499251979000,113.628,113.638,113.628,113.637,56630000,1
1499251980000,1499252039000,113.638,113.642,113.635,113.642,52040000,1
1499252040000,1499252099000,113.641,113.65,113.637,113.648,56150000,1
1499252100000,1499252159000,113.649,113.653,113.649,113.65,39610000,1
1499252160000,1499252219000,113.649,113.654,113.648,113.648,101450000,1
1499252220000,1499252279000,113.65,113.662,113.649,113.65,58130000,1
1499252280000,1499252339000,113.648,113.65,113.634,113.635,191040000,1
1499252340000,1499252399000,113.634,113.64,113.618,113.639,256710000,1
1499252400000,1499252459000,113.639,113.66,113.634,113.656,112340000,1
1499252460000,1499252519000,113.656,113.656,113.632,113.641,142410000,1
1499252520000,1499252579000,113.64,113.647,113.619,113.632,190960000,1
1499252580000,1499252639000,113.635,113.637,113.625,113.628,78790000,1
1499252640000,1499252699000,113.627,113.628,113.616,113.617,118170000,1
1499252700000,1499252759000,113.618,113.619,113.603,113.606,200240000,1
1499252760000,1499252819000,113.609,113.61,113.6,113.605,80790000,1
1499252820000,1499252879000,113.605,113.609,113.599,113.599,68730000,1
1499252880000,1499252939000,113.598,113.598,113.595,113.596,97830000,1
1499252940000,1499252999000,113.596,113.596,113.578,113.578,165550000,1
1499253000000,1499253059000,113.579,113.584,113.573,113.573,86230000,1
1499253060000,1499253119000,113.574,113.577,113.568,113.572,154270000,1
1499253120000,1499253179000,113.572,113.577,113.567,113.57,103140000,1
1499253180000,1499253239000,113.569,113.569,113.557,113.568,115850000,1
1499253240000,1499253299000,113.568,113.569,113.56,113.563,59380000,1
1499253300000,1499253359000,113.563,113.566,113.56,113.56,34920000,1
1499253360000,1499253419000,113.561,113.561,113.552,113.558,38340000,1
1499253420000,1499253479000,113.559,113.562,113.557,113.558,29910000,1
1499253480000,1499253539000,113.56,113.57,113.558,113.567,88050000,1
1499253540000,1499253599000,113.566,113.581,113.566,113.573,144020000,1
1499253600000,1499253659000,113.577,113.581,113.567,113.574,106190000,1
1499253660000,1499253719000,113.574,113.574,113.548,113.552,110870000,1
1499253720000,1499253779000,113.55,113.55,113.535,113.539,116740000,1
1499253780000,1499253839000,113.54,113.549,113.54,113.545,75490000,1
1499253840000,1499253899000,113.545,113.555,113.54,113.545,100470000,1
1499253900000,1499253959000,113.545,113.551,113.538,113.539,128900000,1
1499253960000,1499254019000,113.539,113.54,113.528,113.538,99120000,1
1499254020000,1499254079000,113.537,113.54,113.526,113.537,78860000,1
1499254080000,1499254139000,113.538,113.54,113.529,113.53,83320000,1
1499254140000,1499254199000,113.531,113.549,113.527,113.545,107650000,1
1499254200000,1499254259000,113.546,113.561,113.546,113.559,104820000,1
1499254260000,1499254319000,113.559,113.563,113.558,113.562,63470000,1
1499254320000,1499254379000,113.564,113.568,113.556,113.566,138520000,1
1499254380000,1499254439000,113.567,113.581,113.561,113.581,104330000,1
1499254440000,1499254499000,113.581,113.585,113.569,113.571,137510000,1
1499254500000,1499254559000,113.571,113.575,113.566,113.575,27870000,1
1499254560000,1499254619000,113.574,113.58,113.567,113.579,35680000,1
1499254620000,1499254679000,113.579,113.584,113.578,113.58,81020000,1
1499254680000,1499254739000,113.581,113.581,113.542,113.547,155980000,1
1499254740000,1499254799000,113.547,113.549,113.538,113.543,145480000,1
1499254800000,1499254859000,113.543,113.55,113.543,113.547,177350000,1
1499254860000,1499254919000,113.548,113.556,113.548,113.55,208990000,1
1499254920000,1499254979000,113.551,113.561,113.55,113.56,223750000,1
1499254980000,1499255039000,113.561,113.563,113.545,113.548,99960000,1
1499255040000,1499255099000,113.546,113.557,113.546,113.55,119740000,1
1499255100000,1499255159000,113.551,113.551,113.531,113.531,78540000,1
1499255160000,1499255219000,113.533,113.537,113.518,113.52,94660000,1
1499255220000,1499255279000,113.52,113.529,113.508,113.513,163310000,1
1499255280000,1499255339000,113.513,113.517,113.506,113.511,116040000,1
1499255340000,1499255399000,113.512,113.514,113.505,113.512,83350000,1
1499255400000,1499255459000,113.514,113.525,113.514,113.519,131600000,1
1499255460000,1499255519000,113.518,113.53,113.518,113.53,86760000,1
1499255520000,1499255579000,113.527,113.533,113.521,113.527,126580000,1
1499255580000,1499255639000,113.527,113.527,113.506,113.508,161110000,1
1499255640000,1499255699000,113.509,113.516,113.497,113.501,103070000,1
1499255700000,1499255759000,113.501,113.508,113.499,113.505,87780000,1
1499255760000,1499255819000,113.507,113.507,113.498,113.507,52220000,1
1499255820000,1499255879000,113.508,113.515,113.504,113.504,85890000,1
1499255880000,1499255939000,113.505,113.516,113.504,113.51,61060000,1
1499255940000,1499255999000,113.51,113.51,113.504,113.509,46160000,1
1499256000000,1499256059000,113.511,113.518,113.508,113.518,135180000,1
1499256060000,1499256119000,113.522,113.541,113.522,113.535,157590000,1
1499256120000,1499256179000,113.535,113.541,113.533,113.537,126030000,1
1499256180000,1499256239000,113.539,113.549,113.528,113.547,71710000,1
1499256240000,1499256299000,113.548,113.549,113.527,113.539,95380000,1
1499256300000,1499256359000,113.539,113.539,113.527,113.527,55100000,1
1499256360000,1499256419000,113.527,113.528,113.518,113.518,50710000,1
1499256420000,1499256479000,113.518,113.522,113.5,113.506,84720000,1
1499256480000,1499256539000,113.507,113.527,113.507,113.526,51300000,1
1499256540000,1499256599000,113.525,113.552,113.525,113.546,91990000,1
1499256600000,1499256659000,113.545,113.546,113.538,113.539,73770000,1
1499256660000,1499256719000,113.54,113.548,113.54,113.548,52110000,1
1499256720000,1499256779000,113.547,113.548,113.545,113.545,32130000,1
1499256780000,1499256839000,113.545,113.549,113.539,113.546,139380000,1
1499256840000,1499256899000,113.547,113.547,113.539,113.54,75020000,1
1499256900000,1499256959000,113.539,113.539,113.528,113.529,63570000,1
1499256960000,1499257019000,113.529,113.542,113.529,113.534,66280000,1
1499257020000,1499257079000,113.531,113.534,113.513,113.514,114560000,1
1499257080000,1499257139000,113.514,113.528,113.508,113.517,110620000,1
1499257140000,1499257199000,113.516,113.528,113.515,113.527,114040000,1
1499257200000,1499257259000,113.528,113.542,113.528,113.539,105610000,1
1499257260000,1499257319000,113.539,113.56,113.532,113.559,131200000,1
1499257320000,1499257379000,113.559,113.579,113.559,113.565,133170000,1
1499257380000,1499257439000,113.567,113.579,113.566,113.571,93470000,1
1499257440000,1499257499000,113.571,113.573,113.564,113.568,143940000,1
1499257500000,1499257559000,113.568,113.616,113.567,113.606,151070000,1
1499257560000,1499257619000,113.604,113.618,113.601,113.618,150650000,1
1499257620000,1499257679000,113.617,113.617,113.603,113.608,77210000,1
1499257680000,1499257739000,113.608,113.619,113.608,113.612,141610000,1
1499257740000,1499257799000,113.612,113.625,113.602,113.617,130360000,1
1499257800000,1499257859000,113.616,113.619,113.616,113.618,42390000,1
1499257860000,1499257919000,113.617,113.628,113.61,113.627,121870000,1
1499257920000,1499257979000,113.63,113.633,113.627,113.632,69500000,1
1499257980000,1499258039000,113.631,113.634,113.627,113.63,83330000,1
1499258040000,1499258099000,113.63,113.635,113.627,113.627,126800000,1
1499258100000,1499258159000,113.628,113.629,113.596,113.597,85450000,1
1499258160000,1499258219000,113.597,113.602,113.588,113.598,120420000,1
1499258220000,1499258279000,113.599,113.599,113.587,113.587,39290000,1
1499258280000,1499258339000,113.586,113.586,113.57,113.575,138070000,1
1499258340000,1499258399000,113.576,113.576,113.561,113.569,117580000,1
1499258400000,1499258459000,113.569,113.628,113.569,113.628,174080000,1
1499258460000,1499258519000,113.628,113.628,113.602,113.627,174600000,1
1499258520000,1499258579000,113.627,113.627,113.608,113.609,150200000,1
1499258580000,1499258639000,113.608,113.617,113.588,113.596,115760000,1
1499258640000,1499258699000,113.598,113.612,113.59,113.611,43930000,1
1499258700000,1499258759000,113.608,113.62,113.603,113.611,87390000,1
1499258760000,1499258819000,113.611,113.617,113.61,113.611,55000000,1
1499258820000,1499258879000,113.611,113.612,113.597,113.602,86030000,1
1499258880000,1499258939000,113.602,113.606,113.594,113.603,89490000,1
1499258940000,1499258999000,113.602,113.604,113.578,113.592,127350000,1
1499259000000,1499259059000,113.592,113.598,113.592,113.596,45610000,1
1499259060000,1499259119000,113.596,113.596,113.582,113.583,144080000,1
1499259120000,1499259179000,113.584,113.59,113.574,113.58,140570000,1
1499259180000,1499259239000,113.58,113.58,113.563,113.575,110350000,1
1499259240000,1499259299000,113.576,113.595,113.576,113.593,107400000,1
1499259300000,1499259359000,113.593,113.597,113.582,113.595,189170000,1
1499259360000,1499259419000,113.595,113.601,113.588,113.593,92240000,1
1499259420000,1499259479000,113.593,113.605,113.593,113.597,84710000,1
1499259480000,1499259539000,113.596,113.612,113.595,113.604,105320000,1
1499259540000,1499259599000,113.604,113.61,113.596,113.598,109390000,1
1499259600000,1499259659000,113.601,113.603,113.583,113.591,184570000,1
1499259660000,1499259719000,113.589,113.592,113.585,113.587,79640000,1
1499259720000,1499259779000,113.585,113.591,113.566,113.582,192850000,1
1499259780000,1499259839000,113.582,113.592,113.578,113.59,151700000,1
1499259840000,1499259899000,113.588,113.6,113.588,113.591,97150000,1
1499259900000,1499259959000,113.591,113.621,113.591,113.616,140480000,1
1499259960000,1499260019000,113.616,113.616,113.603,113.615,116550000,1
1499260020000,1499260079000,113.616,113.616,113.59,113.595,74050000,1
1499260080000,1499260139000,113.595,113.596,113.581,113.585,132130000,1
1499260140000,1499260199000,113.585,113.59,113.583,113.588,43490000,1
1499260200000,1499260259000,113.586,113.595,113.563,113.57,114260000,1
1499260260000,1499260319000,113.57,113.578,113.564,113.566,106860000,1
1499260320000,1499260379000,113.567,113.574,113.567,113.571,143670000,1
1499260380000,1499260439000,113.57,113.571,113.562,113.563,79750000,1
1499260440000,1499260499000,113.564,113.589,113.564,113.584,142450000,1
1499260500000,1499260559000,113.583,113.589,113.569,113.574,99650000,1
1499260560000,1499260619000,113.572,113.59,113.572,113.588,107290000,1
1499260620000,1499260679000,113.592,113.595,113.577,113.577,102600000,1
1499260680000,1499260739000,113.576,113.576,113.535,113.535,145080000,1
1499260740000,1499260799000,113.536,113.553,113.536,113.553,94830000,1
1499260800000,1499260859000,113.551,113.556,113.532,113.535,123250000,1
1499260860000,1499260919000,113.534,113.535,113.517,113.53,192880000,1
1499260920000,1499260979000,113.529,113.549,113.529,113.549,126290000,1
1499260980000,1499261039000,113.549,113.549,113.535,113.537,114360000,1
1499261040000,1499261099000,113.537,113.57,113.537,113.543,118330000,1
1499261100000,1499261159000,113.545,113.572,113.545,113.569,131970000,1
1499261160000,1499261219000,113.569,113.571,113.556,113.556,206010000,1
1499261220000,1499261279000,113.557,113.572,113.557,113.572,93360000,1
1499261280000,1499261339000,113.568,113.576,113.556,113.57,187790000,1
1499261340000,1499261399000,113.571,113.592,113.57,113.592,103620000,1
1499261400000,1499261459000,113.594,113.617,113.594,113.611,239280000,1
1499261460000,1499261519000,113.61,113.615,113.588,113.589,185710000,1
1499261520000,1499261579000,113.59,113.594,113.573,113.583,208100000,1
1499261580000,1499261639000,113.583,113.596,113.576,113.596,139500000,1
1499261640000,1499261699000,113.596,113.608,113.587,113.601,185590000,1
1499261700000,1499261759000,113.6,113.604,113.583,113.583,205450000,1
1499261760000,1499261819000,113.582,113.582,113.556,113.556,260570000,1
1499261820000,1499261879000,113.553,113.578,113.518,113.522,288620000,1
1499261880000,1499261939000,113.521,113.53,113.491,113.5,245780000,1
1499261940000,1499261999000,113.501,113.505,113.488,113.5,166290000,1
1499262000000,1499262059000,113.499,113.508,113.485,113.495,271860000,1
1499262060000,1499262119000,113.493,113.493,113.463,113.479,188330000,1
1499262120000,1499262179000,113.479,113.481,113.438,113.442,274020000,1
1499262180000,1499262239000,113.443,113.45,113.435,113.436,201780000,1
1499262240000,1499262299000,113.437,113.445,113.431,113.443,190130000,1
1499262300000,1499262359000,113.443,113.47,113.439,113.47,157940000,1
1499262360000,1499262419000,113.472,113.476,113.445,113.463,285990000,1
1499262420000,1499262479000,113.464,113.481,113.45,113.451,217260000,1
1499262480000,1499262539000,113.45,113.464,113.439,113.463,277570000,1
1499262540000,1499262599000,113.462,113.468,113.44,113.467,222550000,1
1499262600000,1499262659000,113.466,113.473,113.442,113.442,184370000,1
1499262660000,1499262719000,113.442,113.45,113.432,113.436,139090000,1
1499262720000,1499262779000,113.436,113.444,113.43,113.441,122790000,1
1499262780000,1499262839000,113.44,113.451,113.432,113.451,145060000,1
1499262840000,1499262899000,113.45,113.467,113.443,113.445,151040000,1
1499262900000,1499262959000,113.447,113.451,113.436,113.446,131830000,1
1499262960000,1499263019000,113.446,113.451,113.434,113.437,134670000,1
1499263020000,1499263079000,113.438,113.45,113.425,113.43,159400000,1
1499263080000,1499263139000,113.43,113.437,113.429,113.433,93300000,1
1499263140000,1499263199000,113.432,113.446,113.42,113.44,201290000,1
1499263200000,1499263259000,113.442,113.442,113.375,113.43,273820000,1
1499263260000,1499263319000,113.429,113.429,113.402,113.402,240560000,1
1499263320000,1499263379000,113.403,113.408,113.362,113.365,302560000,1
1499263380000,1499263439000,113.366,113.385,113.329,113.331,282140000,1
1499263440000,1499263499000,113.332,113.333,113.289,113.308,309030000,1
1499263500000,1499263559000,113.309,113.31,113.266,113.281,324530000,1
1499263560000,1499263619000,113.283,113.307,113.276,113.306,227490000,1
1499263620000,1499263679000,113.303,113.322,113.303,113.321,196310000,1
1499263680000,1499263739000,113.321,113.345,113.312,113.336,259900000,1
1499263740000,1499263799000,113.336,113.35,113.325,113.329,152080000,1
1499263800000,1499263859000,113.329,113.34,113.32,113.32,147700000,1
1499263860000,1499263919000,113.32,113.351,113.319,113.348,194440000,1
1499263920000,1499263979000,113.346,113.351,113.332,113.344,301090000,1
1499263980000,1499264039000,113.344,113.344,113.314,113.314,153190000,1
1499264040000,1499264099000,113.313,113.317,113.134,113.193,325620000,1
1499264100000,1499264159000,113.189,113.205,113.154,113.174,452380000,1
1499264160000,1499264219000,113.173,113.187,113.13,113.135,354390000,1
1499264220000,1499264279000,113.133,113.141,113.088,113.088,333580000,1
1499264280000,1499264339000,113.09,113.131,113.077,113.117,338290000,1
1499264340000,1499264399000,113.115,113.127,113.082,113.119,251790000,1
1499264400000,1499264459000,113.118,113.153,113.106,113.106,347460000,1
1499264460000,1499264519000,113.108,113.143,113.108,113.14,247790000,1
1499264520000,1499264579000,113.139,113.171,113.118,113.162,246260000,1
1499264580000,1499264639000,113.162,113.163,113.124,113.151,260010000,1
1499264640000,1499264699000,113.153,113.154,113.128,113.151,220820000,1
1499264700000,1499264759000,113.151,113.151,113.102,113.108,214570000,1
1499264760000,1499264819000,113.109,113.133,113.109,113.133,342450000,1
1499264820000,1499264879000,113.132,113.146,113.096,113.139,249380000,1
1499264880000,1499264939000,113.139,113.157,113.127,113.145,227830000,1
1499264940000,1499264999000,113.146,113.163,113.141,113.161,206200000,1
1499265000000,1499265059000,113.161,113.17,113.144,113.151,204710000,1
1499265060000,1499265119000,113.151,113.153,113.139,113.141,125040000,1
1499265120000,1499265179000,113.141,113.171,113.139,113.164,200470000,1
1499265180000,1499265239000,113.164,113.171,113.151,113.169,200300000,1
1499265240000,1499265299000,113.17,113.212,113.169,113.208,230060000,1
1499265300000,1499265359000,113.206,113.216,113.189,113.203,205440000,1
1499265360000,1499265419000,113.202,113.205,113.186,113.203,122800000,1
1499265420000,1499265479000,113.203,113.211,113.185,113.209,168130000,1
1499265480000,1499265539000,113.208,113.214,113.194,113.194,179190000,1
1499265540000,1499265599000,113.194,113.215,113.18,113.215,215200000,1
1499265600000,1499265659000,113.214,113.25,113.211,113.242,234800000,1
1499265660000,1499265719000,113.243,113.256,113.235,113.255,142280000,1
1499265720000,1499265779000,113.252,113.262,113.246,113.251,199200000,1
1499265780000,1499265839000,113.25,113.259,113.233,113.256,186710000,1
1499265840000,1499265899000,113.255,113.285,113.255,113.274,189650000,1
1499265900000,1499265959000,113.275,113.283,113.274,113.28,123000000,1
1499265960000,1499266019000,113.279,113.286,113.276,113.276,166240000,1
1499266020000,1499266079000,113.277,113.28,113.25,113.255,129900000,1
1499266080000,1499266139000,113.255,113.273,113.25,113.273,82680000,1
1499266140000,1499266199000,113.272,113.273,113.253,113.253,124580000,1
1499266200000,1499266259000,113.255,113.28,113.254,113.28,169650000,1
1499266260000,1499266319000,113.278,113.278,113.252,113.258,147310000,1
1499266320000,1499266379000,113.258,113.265,113.254,113.258,112580000,1
1499266380000,1499266439000,113.26,113.272,113.247,113.253,105310000,1
1499266440000,1499266499000,113.256,113.288,113.254,113.28,196600000,1
1499266500000,1499266559000,113.28,113.282,113.266,113.266,82550000,1
1499266560000,1499266619000,113.267,113.268,113.235,113.239,116520000,1
1499266620000,1499266679000,113.239,113.251,113.216,113.251,166440000,1
1499266680000,1499266739000,113.251,113.253,113.242,113.247,304870000,1
1499266740000,1499266799000,113.247,113.28,113.22,113.279,238940000,1
1499266800000,1499266859000,113.279,113.298,113.266,113.292,254550000,1
1499266860000,1499266919000,113.291,113.315,113.276,113.312,186480000,1
1499266920000,1499266979000,113.311,113.313,113.28,113.292,233160000,1
1499266980000,1499267039000,113.291,113.292,113.27,113.278,182410000,1
1499267040000,1499267099000,113.277,113.277,113.265,113.27,189470000,1
1499267100000,1499267159000,113.269,113.269,113.248,113.248,132540000,1
1499267160000,1499267219000,113.248,113.253,113.246,113.252,72510000,1
1499267220000,1499267279000,113.253,113.254,113.239,113.246,140400000,1
1499267280000,1499267339000,113.246,113.267,113.246,113.26,52720000,1
1499267340000,1499267399000,113.26,113.261,113.233,113.234,138420000,1
1499267400000,1499267459000,113.235,113.269,113.235,113.263,95880000,1
1499267460000,1499267519000,113.263,113.266,113.238,113.246,136010000,1
1499267520000,1499267579000,113.246,113.256,113.239,113.253,102270000,1
1499267580000,1499267639000,113.253,113.267,113.239,113.267,93350000,1
1499267640000,1499267699000,113.267,113.289,113.262,113.285,182650000,1
1499267700000,1499267759000,113.287,113.288,113.273,113.279,133220000,1
1499267760000,1499267819000,113.28,113.293,113.272,113.277,159190000,1
1499267820000,1499267879000,113.278,113.285,113.258,113.261,160740000,1
1499267880000,1499267939000,113.26,113.279,113.26,113.275,135420000,1
1499267940000,1499267999000,113.276,113.279,113.259,113.27,124010000,1
1499268000000,1499268059000,113.268,113.273,113.258,113.265,139030000,1
1499268060000,1499268119000,113.266,113.278,113.237,113.237,104190000,1
1499268120000,1499268179000,113.238,113.238,113.195,113.208,166010000,1
1499268180000,1499268239000,113.205,113.209,113.196,113.201,134850000,1
1499268240000,1499268299000,113.201,113.221,113.197,113.215,157750000,1
1499268300000,1499268359000,113.215,113.228,113.202,113.227,126430000,1
1499268360000,1499268419000,113.228,113.228,113.208,113.22,126160000,1
1499268420000,1499268479000,113.221,113.24,113.218,113.228,135820000,1
1499268480000,1499268539000,113.229,113.229,113.209,113.223,114740000,1
1499268540000,1499268599000,113.223,113.23,113.211,113.223,131850000,1
1499268600000,1499268659000,113.221,113.223,113.205,113.213,103400000,1
1499268660000,1499268719000,113.212,113.212,113.183,113.183,154570000,1
1499268720000,1499268779000,113.182,113.185,113.174,113.178,110420000,1
1499268780000,1499268839000,113.178,113.178,113.161,113.17,128740000,1
1499268840000,1499268899000,113.172,113.177,113.157,113.168,132540000,1
1499268900000,1499268959000,113.171,113.189,113.165,113.176,143700000,1
1499268960000,1499269019000,113.176,113.188,113.175,113.175,102620000,1
1499269020000,1499269079000,113.174,113.182,113.163,113.175,189160000,1
1499269080000,1499269139000,113.176,113.181,113.171,113.178,109640000,1
1499269140000,1499269199000,113.177,113.182,113.174,113.182,116240000,1
1499269200000,1499269259000,113.181,113.181,113.152,113.157,186570000,1
1499269260000,1499269319000,113.157,113.164,113.151,113.158,194320000,1
1499269320000,1499269379000,113.159,113.17,113.159,113.164,112860000,1
1499269380000,1499269439000,113.163,113.188,113.16,113.188,80670000,1
1499269440000,1499269499000,113.189,113.208,113.186,113.189,112430000,1
1499269500000,1499269559000,113.189,113.198,113.177,113.198,154720000,1
1499269560000,1499269619000,113.198,113.211,113.198,113.208,154000000,1
1499269620000,1499269679000,113.208,113.21,113.197,113.208,104940000,1
1499269680000,1499269739000,113.208,113.218,113.208,113.216,150410000,1
1499269740000,1499269799000,113.217,113.221,113.206,113.211,117120000,1
1499269800000,1499269859000,113.211,113.221,113.206,113.209,82180000,1
1499269860000,1499269919000,113.208,113.211,113.205,113.208,107250000,1
1499269920000,1499269979000,113.209,113.21,113.202,113.206,71140000,1
1499269980000,1499270039000,113.205,113.207,113.196,113.204,113990000,1
1499270040000,1499270099000,113.206,113.206,113.196,113.197,64220000,1
1499270100000,1499270159000,113.196,113.208,113.195,113.205,77510000,1
1499270160000,1499270219000,113.205,113.209,113.198,113.204,61100000,1
1499270220000,1499270279000,113.205,113.21,113.204,113.209,72340000,1
1499270280000,1499270339000,113.209,113.211,113.184,113.197,171200000,1
1499270340000,1499270399000,113.197,113.209,113.195,113.204,84030000,1
1499270400000,1499270459000,113.203,113.203,113.184,113.184,86130000,1
1499270460000,1499270519000,113.184,113.196,113.183,113.189,132050000,1
1499270520000,1499270579000,113.191,113.2,113.189,113.198,112870000,1
1499270580000,1499270639000,113.198,113.199,113.165,113.165,85400000,1
1499270640000,1499270699000,113.167,113.201,113.166,113.2,107620000,1
1499270700000,1499270759000,113.202,113.225,113.2,113.224,77020000,1
1499270760000,1499270819000,113.225,113.23,113.221,113.229,61120000,1
1499270820000,1499270879000,113.231,113.24,113.226,113.232,113780000,1
1499270880000,1499270939000,113.232,113.283,113.232,113.281,107020000,1
1499270940000,1499270999000,113.28,113.281,113.261,113.261,177090000,1
1499271000000,1499271059000,113.261,113.276,113.254,113.268,161630000,1
1499271060000,1499271119000,113.267,113.268,113.239,113.253,145290000,1
1499271120000,1499271179000,113.253,113.259,113.25,113.253,118220000,1
1499271180000,1499271239000,113.253,113.272,113.253,113.268,70520000,1
1499271240000,1499271299000,113.268,113.269,113.251,113.254,68100000,1
1499271300000,1499271359000,113.25,113.256,113.24,113.247,100530000,1
1499271360000,1499271419000,113.247,113.265,113.247,113.259,124440000,1
1499271420000,1499271479000,113.259,113.266,113.257,113.257,57580000,1
1499271480000,1499271539000,113.257,113.258,113.248,113.252,62180000,1
1499271540000,1499271599000,113.252,113.265,113.252,113.265,47260000,1
1499271600000,1499271659000,113.265,113.271,113.263,113.269,76830000,1
1499271660000,1499271719000,113.267,113.27,113.255,113.261,165960000,1
1499271720000,1499271779000,113.263,113.27,113.261,113.266,144280000,1
1499271780000,1499271839000,113.267,113.272,113.248,113.252,141220000,1
1499271840000,1499271899000,113.252,113.253,113.224,113.233,111610000,1
1499271900000,1499271959000,113.233,113.241,113.233,113.236,52700000,1
1499271960000,1499272019000,113.236,113.238,113.217,113.22,57070000,1
1499272020000,1499272079000,113.221,113.234,113.216,113.234,70990000,1
1499272080000,1499272139000,113.234,113.235,113.22,113.228,101640000,1
1499272140000,1499272199000,113.228,113.243,113.228,113.243,52760000,1
1499272200000,1499272259000,113.239,113.256,113.235,113.256,112270000,1
1499272260000,1499272319000,113.256,113.259,113.253,113.258,82070000,1
1499272320000,1499272379000,113.258,113.261,113.238,113.247,140740000,1
1499272380000,1499272439000,113.246,113.25,113.235,113.243,90570000,1
1499272440000,1499272499000,113.241,113.243,113.239,113.24,39740000,1
1499272500000,1499272559000,113.24,113.24,113.227,113.228,33920000,1
1499272560000,1499272619000,113.229,113.252,113.228,113.245,91200000,1
1499272620000,1499272679000,113.246,113.265,113.243,113.263,106980000,1
1499272680000,1499272739000,113.264,113.264,113.254,113.259,66330000,1
1499272740000,1499272799000,113.262,113.268,113.232,113.237,146880000,1
1499272800000,1499272859000,113.239,113.246,113.227,113.246,67700000,1
1499272860000,1499272919000,113.246,113.265,113.243,113.264,63980000,1
1499272920000,1499272979000,113.265,113.265,113.241,113.244,157780000,1
1499272980000,1499273039000,113.246,113.246,113.236,113.241,79650000,1
1499273040000,1499273099000,113.241,113.242,113.234,113.234,61910000,1
1499273100000,1499273159000,113.234,113.238,113.227,113.229,200470000,1
1499273160000,1499273219000,113.232,113.248,113.232,113.246,74980000,1
1499273220000,1499273279000,113.247,113.247,113.229,113.233,142220000,1
1499273280000,1499273339000,113.233,113.241,113.229,113.241,134430000,1
1499273340000,1499273399000,113.241,113.26,113.24,113.255,77930000,1
1499273400000,1499273459000,113.254,113.258,113.253,113.255,54580000,1
1499273460000,1499273519000,113.254,113.259,113.253,113.253,69340000,1
1499273520000,1499273579000,113.254,113.254,113.229,113.233,36050000,1
1499273580000,1499273639000,113.232,113.233,113.223,113.225,59010000,1
1499273640000,1499273699000,113.225,113.234,113.221,113.224,87270000,1
1499273700000,1499273759000,113.224,113.232,113.223,113.231,112790000,1
1499273760000,1499273819000,113.231,113.233,113.22,113.225,76160000,1
1499273820000,1499273879000,113.224,113.226,113.221,113.222,31100000,1
1499273880000,1499273939000,113.222,113.225,113.216,113.22,52290000,1
1499273940000,1499273999000,113.22,113.223,113.215,113.222,83630000,1
1499274000000,1499274059000,113.225,113.225,113.216,113.217,103640000,1
1499274060000,1499274119000,113.217,113.227,113.215,113.227,60580000,1
1499274120000,1499274179000,113.225,113.227,113.221,113.227,70030000,1
1499274180000,1499274239000,113.227,113.238,113.227,113.234,138070000,1
1499274240000,1499274299000,113.238,113.243,113.234,113.235,51410000,1
1499274300000,1499274359000,113.232,113.232,113.219,113.219,70240000,1
1499274360000,1499274419000,113.218,113.222,113.216,113.22,50070000,1
1499274420000,1499274479000,113.22,113.225,113.219,113.222,53610000,1
1499274480000,1499274539000,113.221,113.222,113.213,113.213,37340000,1
1499274540000,1499274599000,113.213,113.216,113.208,113.215,36830000,1
1499274600000,1499274659000,113.215,113.225,113.213,113.225,81970000,1
1499274660000,1499274719000,113.227,113.251,113.227,113.239,139670000,1
1499274720000,1499274779000,113.239,113.243,113.233,113.242,91760000,1
1499274780000,1499274839000,113.251,113.262,113.232,113.233,92610000,1
1499274840000,1499274899000,113.234,113.244,113.227,113.227,56150000,1
1499274900000,1499274959000,113.226,113.237,113.225,113.235,46180000,1
1499274960000,1499275019000,113.236,113.247,113.235,113.245,47720000,1
1499275020000,1499275079000,113.246,113.267,113.246,113.266,91810000,1
1499275080000,1499275139000,113.267,113.272,113.249,113.254,78250000,1
1499275140000,1499275199000,113.256,113.258,113.244,113.247,72930000,1
1499275200000,1499275259000,113.247,113.253,113.242,113.247,72490000,1
1499275260000,1499275319000,113.246,113.251,113.239,113.241,80150000,1
1499275320000,1499275379000,113.239,113.239,113.222,113.232,179330000,1
1499275380000,1499275439000,113.232,113.232,113.226,113.227,20710000,1
1499275440000,1499275499000,113.228,113.239,113.228,113.239,23070000,1
1499275500000,1499275559000,113.239,113.241,113.227,113.233,83210000,1
1499275560000,1499275619000,113.234,113.238,113.231,113.233,41270000,1
1499275620000,1499275679000,113.234,113.247,113.232,113.243,82810000,1
1499275680000,1499275739000,113.242,113.242,113.231,113.235,112210000,1
1499275740000,1499275799000,113.234,113.234,113.222,113.233,71340000,1
1499275800000,1499275859000,113.233,113.241,113.231,113.24,36320000,1
1499275860000,1499275919000,113.24,113.24,113.24,113.24,18000000,1
1499275920000,1499275979000,113.238,113.247,113.235,113.245,42800000,1
1499275980000,1499276039000,113.247,113.259,113.246,113.252,61790000,1
1499276040000,1499276099000,113.251,113.258,113.251,113.251,61510000,1
1499276100000,1499276159000,113.251,113.26,113.246,113.258,85850000,1
1499276160000,1499276219000,113.259,113.26,113.252,113.254,51580000,1
1499276220000,1499276279000,113.255,113.26,113.252,113.252,44930000,1
1499276280000,1499276339000,113.251,113.251,113.242,113.246,119980000,1
1499276340000,1499276399000,113.246,113.258,113.245,113.245,91800000,1
1499276400000,1499276459000,113.245,113.245,113.24,113.245,72570000,1
1499276460000,1499276519000,113.246,113.247,113.232,113.232,53650000,1
1499276520000,1499276579000,113.235,113.238,113.224,113.226,72250000,1
1499276580000,1499276639000,113.223,113.223,113.209,113.213,61030000,1
1499276640000,1499276699000,113.213,113.226,113.213,113.226,54440000,1
1499276700000,1499276759000,113.226,113.234,113.221,113.228,139670000,1
1499276760000,1499276819000,113.226,113.235,113.224,113.229,99990000,1
1499276820000,1499276879000,113.229,113.235,113.229,113.235,20800000,1
1499276880000,1499276939000,113.234,113.239,113.222,113.223,82250000,1
1499276940000,1499276999000,113.224,113.231,113.224,113.231,70050000,1
1499277000000,1499277059000,113.23,113.23,113.225,113.226,120970000,1
1499277060000,1499277119000,113.226,113.231,113.223,113.224,77010000,1
1499277120000,1499277179000,113.225,113.23,113.224,113.225,45850000,1
1499277180000,1499277239000,113.225,113.228,113.22,113.225,64130000,1
1499277240000,1499277299000,113.224,113.237,113.223,113.224,66480000,1
1499277300000,1499277359000,113.223,113.225,113.216,113.221,76380000,1
1499277360000,1499277419000,113.22,113.236,113.22,113.236,78900000,1
1499277420000,1499277479000,113.236,113.249,113.236,113.243,130150000,1
1499277480000,1499277539000,113.241,113.241,113.229,113.234,84950000,1
1499277540000,1499277599000,113.234,113.243,113.227,113.243,84380000,1
1499277600000,1499277659000,113.243,113.244,112.976,113.228,445670000,1
1499277660000,1499277719000,113.225,113.267,113.158,113.24,382340000,1
1499277720000,1499277779000,113.239,113.309,113.236,113.308,265640000,1
1499277780000,1499277839000,113.305,113.316,113.256,113.259,282560000,1
1499277840000,1499277899000,113.264,113.291,113.257,113.289,221670000,1
1499277900000,1499277959000,113.292,113.389,113.291,113.368,359010000,1
1499277960000,1499278019000,113.367,113.465,113.355,113.438,354380000,1
1499278020000,1499278079000,113.437,113.459,113.417,113.438,439300000,1
1499278080000,1499278139000,113.438,113.464,113.409,113.431,343920000,1
1499278140000,1499278199000,113.43,113.444,113.411,113.432,348510000,1
1499278200000,1499278259000,113.429,113.429,113.386,113.393,371430000,1
1499278260000,1499278319000,113.398,113.413,113.372,113.372,280800000,1
1499278320000,1499278379000,113.374,113.412,113.374,113.387,203230000,1
1499278380000,1499278439000,113.387,113.395,113.336,113.357,296740000,1
1499278440000,1499278499000,113.356,113.374,113.353,113.353,175050000,1
1499278500000,1499278559000,113.354,113.394,113.345,113.367,229560000,1
1499278560000,1499278619000,113.367,113.381,113.357,113.378,168670000,1
1499278620000,1499278679000,113.378,113.438,113.376,113.418,197310000,1
1499278680000,1499278739000,113.423,113.43,113.396,113.43,164270000,1
1499278740000,1499278799000,113.431,113.451,113.398,113.412,272330000,1
1499278800000,1499278859000,113.41,113.412,113.397,113.412,192160000,1
1499278860000,1499278919000,113.412,113.456,113.412,113.442,266180000,1
1499278920000,1499278979000,113.443,113.443,113.41,113.411,183560000,1
1499278980000,1499279039000,113.412,113.422,113.403,113.418,120290000,1
1499279040000,1499279099000,113.416,113.477,113.416,113.464,221730000,1
1499279100000,1499279159000,113.463,113.463,113.444,113.453,200050000,1
1499279160000,1499279219000,113.453,113.475,113.445,113.446,166040000,1
1499279220000,1499279279000,113.445,113.466,113.445,113.454,224160000,1
1499279280000,1499279339000,113.454,113.478,113.451,113.473,259940000,1
1499279340000,1499279399000,113.474,113.487,113.436,113.448,236480000,1
1499279400000,1499279459000,113.444,113.456,113.438,113.455,132690000,1
1499279460000,1499279519000,113.455,113.483,113.446,113.473,130970000,1
1499279520000,1499279579000,113.474,113.474,113.443,113.452,101820000,1
1499279580000,1499279639000,113.452,113.452,113.439,113.439,60290000,1
1499279640000,1499279699000,113.438,113.441,113.424,113.439,89710000,1
1499279700000,1499279759000,113.439,113.464,113.439,113.463,83050000,1
1499279760000,1499279819000,113.465,113.466,113.457,113.459,67440000,1
1499279820000,1499279879000,113.462,113.469,113.446,113.447,138710000,1
1499279880000,1499279939000,113.446,113.446,113.416,113.43,188110000,1
1499279940000,1499279999000,113.431,113.449,113.426,113.444,88010000,1
1499280000000,1499280059000,113.446,113.525,113.446,113.515,118910000,1
1499280060000,1499280119000,113.515,113.519,113.492,113.492,136150000,1
1499280120000,1499280179000,113.493,113.493,113.478,113.482,67830000,1
1499280180000,1499280239000,113.482,113.488,113.478,113.482,61940000,1
1499280240000,1499280299000,113.482,113.511,113.461,113.468,162380000,1
1499280300000,1499280359000,113.468,113.468,113.418,113.424,179230000,1
1499280360000,1499280419000,113.423,113.424,113.399,113.406,138510000,1
1499280420000,1499280479000,113.406,113.407,113.391,113.403,110980000,1
1499280480000,1499280539000,113.404,113.409,113.36,113.368,122260000,1
1499280540000,1499280599000,113.368,113.379,113.368,113.373,114330000,1
1499280600000,1499280659000,113.378,113.397,113.369,113.377,105130000,1
1499280660000,1499280719000,113.376,113.376,113.342,113.356,140200000,1
1499280720000,1499280779000,113.356,113.358,113.329,113.345,93180000,1
1499280780000,1499280839000,113.343,113.35,113.328,113.328,110870000,1
1499280840000,1499280899000,113.329,113.349,113.328,113.331,134390000,1
1499280900000,1499280959000,113.333,113.361,113.333,113.349,165830000,1
1499280960000,1499281019000,113.347,113.359,113.341,113.348,125900000,1
1499281020000,1499281079000,113.35,113.35,113.341,113.341,94840000,1
1499281080000,1499281139000,113.341,113.356,113.341,113.347,54240000,1
1499281140000,1499281199000,113.347,113.352,113.334,113.347,115430000,1
1499281200000,1499281259000,113.346,113.353,113.34,113.346,156590000,1
1499281260000,1499281319000,113.345,113.367,113.343,113.366,66990000,1
1499281320000,1499281379000,113.366,113.377,113.356,113.365,194600000,1
1499281380000,1499281439000,113.362,113.375,113.357,113.362,126480000,1
1499281440000,1499281499000,113.36,113.362,113.348,113.354,125900000,1
1499281500000,1499281559000,113.353,113.355,113.337,113.347,130570000,1
1499281560000,1499281619000,113.345,113.346,113.322,113.322,81260000,1
1499281620000,1499281679000,113.32,113.327,113.306,113.309,133380000,1
1499281680000,1499281739000,113.31,113.331,113.309,113.325,90190000,1
1499281740000,1499281799000,113.326,113.328,113.307,113.309,112610000,1
1499281800000,1499281859000,113.309,113.309,113.291,113.292,83300000,1
1499281860000,1499281919000,113.292,113.302,113.251,113.258,134680000,1
1499281920000,1499281979000,113.259,113.297,113.259,113.296,66300000,1
1499281980000,1499282039000,113.295,113.295,113.281,113.284,119800000,1
1499282040000,1499282099000,113.285,113.291,113.265,113.269,140890000,1
1499282100000,1499282159000,113.271,113.274,113.258,113.272,135770000,1
1499282160000,1499282219000,113.272,113.272,113.211,113.213,215480000,1
1499282220000,1499282279000,113.213,113.222,113.213,113.215,133230000,1
1499282280000,1499282339000,113.214,113.225,113.214,113.218,77090000,1
1499282340000,1499282399000,113.219,113.233,113.201,113.201,113640000,1
1499282400000,1499282459000,113.201,113.214,113.201,113.208,105620000,1
1499282460000,1499282519000,113.209,113.218,113.208,113.209,39990000,1
1499282520000,1499282579000,113.209,113.209,113.187,113.189,59330000,1
1499282580000,1499282639000,113.188,113.188,113.164,113.178,205730000,1
1499282640000,1499282699000,113.18,113.198,113.18,113.185,91100000,1
1499282700000,1499282759000,113.184,113.184,113.14,113.163,114530000,1
1499282760000,1499282819000,113.166,113.181,113.164,113.177,69430000,1
1499282820000,1499282879000,113.177,113.202,113.177,113.196,80970000,1
1499282880000,1499282939000,113.195,113.195,113.183,113.189,61520000,1
1499282940000,1499282999000,113.188,113.188,113.148,113.163,168930000,1
1499283000000,1499283059000,113.163,113.177,113.159,113.176,72400000,1
1499283060000,1499283119000,113.178,113.183,113.169,113.181,59670000,1
1499283120000,1499283179000,113.179,113.179,113.149,113.157,104230000,1
1499283180000,1499283239000,113.157,113.165,113.145,113.15,65090000,1
1499283240000,1499283299000,113.15,113.163,113.149,113.158,88660000,1
1499283300000,1499283359000,113.159,113.175,113.156,113.159,92160000,1
1499283360000,1499283419000,113.159,113.173,113.159,113.173,74730000,1
1499283420000,1499283479000,113.174,113.176,113.169,113.174,80110000,1
1499283480000,1499283539000,113.174,113.184,113.168,113.181,94630000,1
1499283540000,1499283599000,113.182,113.189,113.17,113.17,75400000,1
1499283600000,1499283659000,113.169,113.179,113.164,113.164,51470000,1
1499283660000,1499283719000,113.165,113.176,113.164,113.171,50180000,1
1499283720000,1499283779000,113.17,113.191,113.169,113.189,50580000,1
1499283780000,1499283839000,113.19,113.194,113.178,113.188,51350000,1
1499283840000,1499283899000,113.188,113.194,113.163,113.164,121680000,1
1499283900000,1499283959000,113.164,113.187,113.158,113.187,80630000,1
1499283960000,1499284019000,113.192,113.203,113.189,113.192,108370000,1
1499284020000,1499284079000,113.192,113.194,113.181,113.194,63380000,1
1499284080000,1499284139000,113.197,113.203,113.188,113.196,68410000,1
1499284140000,1499284199000,113.196,113.196,113.174,113.179,56150000,1
1499284200000,1499284259000,113.179,113.185,113.174,113.175,80590000,1
1499284260000,1499284319000,113.173,113.173,113.156,113.158,79880000,1
1499284320000,1499284379000,113.158,113.19,113.157,113.188,131190000,1
1499284380000,1499284439000,113.191,113.209,113.189,113.209,81400000,1
1499284440000,1499284499000,113.205,113.222,113.204,113.222,69110000,1
1499284500000,1499284559000,113.224,113.224,113.207,113.213,112060000,1
1499284560000,1499284619000,113.213,113.224,113.207,113.212,109730000,1
1499284620000,1499284679000,113.211,113.226,113.206,113.226,119440000,1
1499284680000,1499284739000,113.224,113.226,113.213,113.214,45930000,1
1499284740000,1499284799000,113.216,113.233,113.209,113.223,179020000,1
1499284800000,1499284859000,113.226,113.234,113.207,113.214,164060000,1
1499284860000,1499284919000,113.214,113.227,113.208,113.208,144190000,1
1499284920000,1499284979000,113.207,113.219,113.195,113.213,94730000,1
1499284980000,1499285039000,113.213,113.213,113.199,113.2,44900000,1
1499285040000,1499285099000,113.2,113.212,113.183,113.2,120830000,1
1499285100000,1499285159000,113.201,113.212,113.193,113.206,68130000,1
1499285160000,1499285219000,113.208,113.212,113.195,113.208,82070000,1
1499285220000,1499285279000,113.208,113.211,113.201,113.201,58740000,1
1499285280000,1499285339000,113.2,113.207,113.2,113.207,37030000,1
1499285340000,1499285399000,113.207,113.207,113.193,113.194,99800000,1
1499285400000,1499285459000,113.195,113.203,113.19,113.203,128880000,1
1499285460000,1499285519000,113.203,113.208,113.202,113.205,90470000,1
1499285520000,1499285579000,113.203,113.206,113.197,113.206,125500000,1
1499285580000,1499285639000,113.206,113.206,113.201,113.202,84440000,1
1499285640000,1499285699000,113.201,113.206,113.199,113.203,78150000,1
1499285700000,1499285759000,113.205,113.22,113.194,113.203,104320000,1
1499285760000,1499285819000,113.205,113.222,113.205,113.22,33470000,1
1499285820000,1499285879000,113.219,113.223,113.211,113.217,111180000,1
1499285880000,1499285939000,113.219,113.234,113.219,113.233,45820000,1
1499285940000,1499285999000,113.233,113.233,113.228,113.228,56690000,1
1499286000000,1499286059000,113.228,113.235,113.228,113.228,51220000,1
1499286060000,1499286119000,113.227,113.229,113.219,113.22,114680000,1
1499286120000,1499286179000,113.22,113.223,113.216,113.223,75280000,1
1499286180000,1499286239000,113.223,113.231,113.22,113.226,65410000,1
1499286240000,1499286299000,113.225,113.234,113.216,113.222,105630000,1
1499286300000,1499286359000,113.221,113.228,113.22,113.228,59950000,1
1499286360000,1499286419000,113.227,113.227,113.217,113.217,27860000,1
1499286420000,1499286479000,113.217,113.233,113.217,113.228,112170000,1
1499286480000,1499286539000,113.228,113.235,113.22,113.221,91550000,1
1499286540000,1499286599000,113.221,113.221,113.209,113.209,109650000,1
1499286600000,1499286659000,113.209,113.209,113.196,113.207,85800000,1
1499286660000,1499286719000,113.208,113.229,113.208,113.228,54660000,1
1499286720000,1499286779000,113.226,113.226,113.208,113.209,43090000,1
1499286780000,1499286839000,113.209,113.224,113.208,113.218,67140000,1
1499286840000,1499286899000,113.219,113.219,113.201,113.21,53620000,1
1499286900000,1499286959000,113.21,113.214,113.203,113.211,122180000,1
1499286960000,1499287019000,113.211,113.211,113.194,113.197,97880000,1
1499287020000,1499287079000,113.198,113.221,113.196,113.221,148350000,1
1499287080000,1499287139000,113.223,113.226,113.197,113.221,117270000,1
1499287140000,1499287199000,113.221,113.226,113.201,113.208,104920000,1
1499287200000,1499287259000,113.208,113.22,113.197,113.214,147690000,1
1499287260000,1499287319000,113.214,113.221,113.213,113.216,56870000,1
1499287320000,1499287379000,113.216,113.224,113.214,113.22,85180000,1
1499287380000,1499287439000,113.221,113.236,113.22,113.233,220860000,1
1499287440000,1499287499000,113.233,113.241,113.227,113.241,178300000,1
1499287500000,1499287559000,113.241,113.245,113.239,113.243,62870000,1
1499287560000,1499287619000,113.243,113.247,113.241,113.242,83820000,1
1499287620000,1499287679000,113.24,113.242,113.24,113.241,29950000,1
1499287680000,1499287739000,113.241,113.264,113.239,113.254,56490000,1
1499287740000,1499287799000,113.253,113.253,113.24,113.24,42780000,1
1499287800000,1499287859000,113.24,113.253,113.232,113.252,88890000,1
1499287860000,1499287919000,113.252,113.253,113.252,113.253,22210000,1
1499287920000,1499287979000,113.252,113.258,113.252,113.258,12980000,1
1499287980000,1499288039000,113.255,113.258,113.252,113.252,32760000,1
1499288040000,1499288099000,113.253,113.258,113.253,113.253,59560000,1
1499288100000,1499288159000,113.253,113.267,113.253,113.259,78520000,1
1499288160000,1499288219000,113.259,113.265,113.255,113.261,83810000,1
1499288220000,1499288279000,113.261,113.261,113.255,113.259,43570000,1
1499288280000,1499288339000,113.257,113.258,113.256,113.258,30400000,1
1499288340000,1499288399000,113.258,113.26,113.246,113.255,30040000,1
1499288400000,1499288459000,113.255,113.255,113.249,113.253,11690000,1
1499288460000,1499288519000,113.252,113.253,113.252,113.252,4500000,1
1499288520000,1499288579000,113.25,113.255,113.25,113.253,5250000,1
1499288580000,1499288639000,113.255,113.257,113.251,113.255,7500000,1
1499288640000,1499288699000,113.255,113.255,113.253,113.254,3000000,1
1499288700000,1499288759000,113.252,113.252,113.252,113.252,1000000,1
1499288760000,1499288819000,113.253,113.254,113.249,113.254,8880000,1
1499288820000,1499288879000,113.254,113.287,113.25,113.287,133070000,1
1499288880000,1499288939000,113.287,113.287,113.262,113.262,44850000,1
1499288940000,1499288999000,113.261,113.261,113.26,113.26,5490000,1
1499289000000,1499289059000,113.26,113.266,113.26,113.266,19840000,1
1499289060000,1499289119000,113.265,113.266,113.265,113.266,4000000,1
1499289120000,1499289179000,113.265,113.266,113.265,113.265,20000000,1
1499289180000,1499289239000,113.266,113.266,113.259,113.265,100230000,1
1499289240000,1499289299000,113.264,113.265,113.261,113.263,239730000,1
1499289300000,1499289359000,113.263,113.268,113.262,113.264,46720000,1
1499289360000,1499289419000,113.265,113.27,113.264,113.264,50690000,1
1499289420000,1499289479000,113.265,113.267,113.263,113.265,76310000,1
1499289480000,1499289539000,113.263,113.268,113.262,113.264,41590000,1
1499289540000,1499289599000,113.263,113.264,113.262,113.264,24860000,1
1499289600000,1499289659000,113.263,113.263,113.259,113.261,151470000,1
1499289660000,1499289719000,113.261,113.261,113.26,113.261,105670000,1
1499289720000,1499289779000,113.261,113.261,113.257,113.258,57840000,1
1499289780000,1499289839000,113.257,113.258,113.249,113.25,109790000,1
1499289840000,1499289899000,113.25,113.25,113.215,113.229,92050000,1
1499289900000,1499289959000,113.23,113.234,113.228,113.233,62610000,1
1499289960000,1499290019000,113.232,113.232,113.232,113.232,7260000,1
1499290020000,1499290079000,113.23,113.234,113.23,113.232,41270000,1
1499290080000,1499290139000,113.232,113.233,113.232,113.233,39430000,1
1499290140000,1499290199000,113.233,113.233,113.232,113.233,25670000,1
1499290200000,1499290259000,113.233,113.235,113.233,113.234,59870000,1
1499290260000,1499290319000,113.235,113.235,113.228,113.229,99600000,1
1499290320000,1499290379000,113.229,113.232,113.207,113.207,78140000,1
1499290380000,1499290439000,113.207,113.21,113.202,113.202,118130000,1
1499290440000,1499290499000,113.202,113.206,113.202,113.206,55090000,1
1499290500000,1499290559000,113.207,113.233,113.207,113.225,46080000,1
1499290560000,1499290619000,113.225,113.227,113.222,113.227,40510000,1
1499290620000,1499290679000,113.227,113.237,113.224,113.226,37860000,1
1499290680000,1499290739000,113.226,113.226,113.216,113.219,28910000,1
1499290740000,1499290799000,113.219,113.23,113.201,113.202,103720000,1
1499290800000,1499290859000,113.202,113.215,113.2,113.211,58150000,1
1499290860000,1499290919000,113.211,113.212,113.207,113.208,69270000,1
1499290920000,1499290979000,113.208,113.213,113.202,113.206,82190000,1
1499290980000,1499291039000,113.206,113.207,113.205,113.205,37120000,1
1499291040000,1499291099000,113.205,113.206,113.204,113.205,52870000,1
1499291100000,1499291159000,113.205,113.205,113.204,113.205,35250000,1
1499291160000,1499291219000,113.204,113.209,113.203,113.207,116780000,1
1499291220000,1499291279000,113.207,113.215,113.205,113.205,63210000,1
1499291280000,1499291339000,113.205,113.206,113.204,113.204,37090000,1
1499291340000,1499291399000,113.204,113.207,113.2,113.205,54090000,1
1499291400000,1499291459000,113.206,113.207,113.201,113.203,21340000,1
1499291460000,1499291519000,113.206,113.206,113.188,113.19,65010000,1
1499291520000,1499291579000,113.19,113.218,113.187,113.218,127110000,1
1499291580000,1499291639000,113.201,113.207,113.186,113.189,129390000,1
1499291640000,1499291699000,113.19,113.2,113.186,113.187,67700000,1
1499291700000,1499291759000,113.186,113.186,113.186,113.186,7370000,1
1499291760000,1499291819000,113.186,113.197,113.182,113.194,37160000,1
1499291820000,1499291879000,113.194,113.204,113.191,113.193,53860000,1
1499291880000,1499291939000,113.192,113.203,113.19,113.192,38620000,1
1499291940000,1499291999000,113.193,113.199,113.191,113.194,24030000,1
1499292000000,1499292059000,113.196,113.207,113.196,113.205,27210000,1
1499292060000,1499292119000,113.204,113.204,113.196,113.196,26440000,1
1499292120000,1499292179000,113.198,113.198,113.176,113.181,116040000,1
1499292180000,1499292239000,113.181,113.182,113.157,113.16,68580000,1
1499292240000,1499292299000,113.161,113.162,113.152,113.161,56500000,1
1499292300000,1499292359000,113.161,113.161,113.152,113.152,54520000,1
1499292360000,1499292419000,113.151,113.157,113.15,113.151,43470000,1
1499292420000,1499292479000,113.156,113.161,113.153,113.161,28960000,1
1499292480000,1499292539000,113.16,113.161,113.151,113.154,54930000,1
1499292540000,1499292599000,113.155,113.164,113.151,113.16,48390000,1
1499292600000,1499292659000,113.161,113.175,113.161,113.175,46750000,1
1499292660000,1499292719000,113.175,113.175,113.167,113.172,70310000,1
1499292720000,1499292779000,113.172,113.174,113.167,113.169,37000000,1
1499292780000,1499292839000,113.168,113.169,113.162,113.163,25110000,1
1499292840000,1499292899000,113.163,113.166,113.162,113.163,63420000,1
1499292900000,1499292959000,113.162,113.17,113.162,113.169,70440000,1
1499292960000,1499293019000,113.171,113.172,113.17,113.172,20500000,1
1499293020000,1499293079000,113.172,113.172,113.171,113.172,29120000,1
1499293080000,1499293139000,113.174,113.178,113.168,113.171,38230000,1
1499293140000,1499293199000,113.171,113.175,113.164,113.175,81360000,1
1499293200000,1499293259000,113.175,113.175,113.174,113.174,13870000,1
1499293260000,1499293319000,113.175,113.175,113.134,113.135,172820000,1
1499293320000,1499293379000,113.135,113.135,113.117,113.126,80950000,1
1499293380000,1499293439000,113.127,113.129,113.122,113.126,46430000,1
1499293440000,1499293499000,113.127,113.127,113.111,113.114,79400000,1
1499293500000,1499293559000,113.115,113.115,113.073,113.077,66170000,1
1499293560000,1499293619000,113.077,113.09,113.077,113.088,78410000,1
1499293620000,1499293679000,113.088,113.104,113.086,113.104,54490000,1
1499293680000,1499293739000,113.103,113.119,113.103,113.117,30410000,1
1499293740000,1499293799000,113.118,113.13,113.117,113.129,60300000,1
1499293800000,1499293859000,113.129,113.143,113.118,113.143,44570000,1
1499293860000,1499293919000,113.142,113.142,113.127,113.127,39220000,1
1499293920000,1499293979000,113.126,113.133,113.121,113.129,45540000,1
1499293980000,1499294039000,113.129,113.136,113.128,113.129,47190000,1
1499294040000,1499294099000,113.129,113.14,113.129,113.137,74950000,1
1499294100000,1499294159000,113.14,113.15,113.137,113.149,57670000,1
1499294160000,1499294219000,113.15,113.152,113.146,113.15,87740000,1
1499294220000,1499294279000,113.15,113.161,113.15,113.155,87460000,1
1499294280000,1499294339000,113.154,113.159,113.147,113.147,45680000,1
1499294340000,1499294399000,113.147,113.157,113.147,113.148,62230000,1
1499294400000,1499294459000,113.148,113.15,113.147,113.148,44060000,1
1499294460000,1499294519000,113.148,113.148,113.14,113.143,52860000,1
1499294520000,1499294579000,113.144,113.144,113.127,113.127,44100000,1
1499294580000,1499294639000,113.126,113.128,113.121,113.125,67050000,1
1499294640000,1499294699000,113.127,113.147,113.127,113.145,86110000,1
1499294700000,1499294759000,113.146,113.162,113.146,113.146,82930000,1
1499294760000,1499294819000,113.146,113.146,113.134,113.134,59350000,1
1499294820000,1499294879000,113.135,113.139,113.135,113.135,51340000,1
1499294880000,1499294939000,113.135,113.135,113.134,113.135,5620000,1
1499294940000,1499294999000,113.135,113.141,113.13,113.13,44570000,1
1499295000000,1499295059000,113.13,113.13,113.109,113.117,68670000,1
1499295060000,1499295119000,113.119,113.122,113.119,113.121,31600000,1
1499295120000,1499295179000,113.121,113.131,113.121,113.128,24980000,1
1499295180000,1499295239000,113.131,113.133,113.124,113.127,75290000,1
1499295240000,1499295299000,113.126,113.126,113.122,113.124,27050000,1
1499295300000,1499295359000,113.123,113.124,113.105,113.114,96860000,1
1499295360000,1499295419000,113.114,113.114,113.105,113.107,98320000,1
1499295420000,1499295479000,113.106,113.118,113.105,113.118,62010000,1
1499295480000,1499295539000,113.119,113.119,113.108,113.109,50040000,1
1499295540000,1499295599000,113.11,113.118,113.11,113.117,36390000,1
1499295600000,1499295659000,113.114,113.13,113.114,113.124,74340000,1
1499295660000,1499295719000,113.123,113.129,113.12,113.128,63390000,1
1499295720000,1499295779000,113.13,113.147,113.13,113.144,46510000,1
1499295780000,1499295839000,113.147,113.154,113.147,113.151,28320000,1
1499295840000,1499295899000,113.151,113.154,113.15,113.154,30820000,1
1499295900000,1499295959000,113.155,113.155,113.15,113.15,54890000,1
1499295960000,1499296019000,113.15,113.154,113.15,113.154,6190000,1
1499296020000,1499296079000,113.156,113.158,113.156,113.158,5430000,1
1499296080000,1499296139000,113.159,113.181,113.158,113.181,65290000,1
1499296140000,1499296199000,113.181,113.181,113.164,113.164,33920000,1
1499296200000,1499296259000,113.165,113.172,113.162,113.172,40370000,1
1499296260000,1499296319000,113.172,113.179,113.171,113.179,23300000,1
1499296320000,1499296379000,113.179,113.179,113.166,113.167,39480000,1
1499296380000,1499296439000,113.168,113.176,113.167,113.176,30080000,1
1499296440000,1499296499000,113.178,113.186,113.178,113.18,101940000,1
1499296500000,1499296559000,113.18,113.18,113.167,113.168,55460000,1
1499296560000,1499296619000,113.168,113.184,113.168,113.184,44120000,1
1499296620000,1499296679000,113.185,113.197,113.184,113.197,51620000,1
1499296680000,1499296739000,113.196,113.196,113.186,113.188,33800000,1
1499296740000,1499296799000,113.186,113.193,113.181,113.181,39290000,1
1499296800000,1499296859000,113.183,113.198,113.176,113.178,115740000,1
1499296860000,1499296919000,113.178,113.194,113.178,113.183,51520000,1
1499296920000,1499296979000,113.185,113.196,113.182,113.182,71610000,1
1499296980000,1499297039000,113.183,113.193,113.183,113.193,33670000,1
1499297040000,1499297099000,113.192,113.192,113.177,113.181,63590000,1
1499297100000,1499297159000,113.18,113.187,113.174,113.182,67470000,1
1499297160000,1499297219000,113.181,113.189,113.159,113.168,110050000,1
1499297220000,1499297279000,113.17,113.174,113.158,113.158,54270000,1
1499297280000,1499297339000,113.16,113.16,113.143,113.143,58450000,1
1499297340000,1499297399000,113.145,113.164,113.145,113.162,35050000,1
1499297400000,1499297459000,113.164,113.166,113.164,113.166,12040000,1
1499297460000,1499297519000,113.166,113.175,113.162,113.162,68170000,1
1499297520000,1499297579000,113.164,113.167,113.164,113.167,20520000,1
1499297580000,1499297639000,113.166,113.176,113.156,113.169,104360000,1
1499297640000,1499297699000,113.17,113.175,113.161,113.165,63770000,1
1499297700000,1499297759000,113.165,113.171,113.159,113.167,47690000,1
1499297760000,1499297819000,113.166,113.171,113.164,113.169,64570000,1
1499297820000,1499297879000,113.169,113.178,113.164,113.17,72070000,1
1499297880000,1499297939000,113.17,113.172,113.169,113.17,33500000,1
1499297940000,1499297999000,113.17,113.176,113.17,113.176,36440000,1
1499298000000,1499298059000,113.175,113.188,113.171,113.188,55740000,1
1499298060000,1499298119000,113.189,113.203,113.187,113.19,86660000,1
1499298120000,1499298179000,113.189,113.192,113.178,113.19,45600000,1
1499298180000,1499298239000,113.19,113.191,113.188,113.188,24350000,1
1499298240000,1499298299000,113.188,113.191,113.188,113.19,28860000,1
1499298300000,1499298359000,113.189,113.189,113.171,113.178,65120000,1
1499298360000,1499298419000,113.178,113.188,113.178,113.184,44740000,1
1499298420000,1499298479000,113.185,113.185,113.18,113.184,57490000,1
1499298480000,1499298539000,113.185,113.185,113.179,113.185,56140000,1
1499298540000,1499298599000,113.185,113.191,113.178,113.191,63140000,1
1499298600000,1499298659000,113.189,113.189,113.181,113.185,65700000,1
1499298660000,1499298719000,113.183,113.186,113.182,113.185,543880000,1
1499298720000,1499298779000,113.185,113.195,113.183,113.195,38650000,1
1499298780000,1499298839000,113.195,113.195,113.191,113.191,16210000,1
1499298840000,1499298899000,113.19,113.191,113.186,113.19,56680000,1
1499298900000,1499298959000,113.19,113.195,113.18,113.194,92630000,1
1499298960000,1499299019000,113.194,113.197,113.19,113.197,29220000,1
1499299020000,1499299079000,113.199,113.204,113.19,113.19,69060000,1
1499299080000,1499299139000,113.191,113.191,113.187,113.188,27120000,1
1499299140000,1499299199000,113.188,113.206,113.187,113.199,64330000,1
1499299200000,1499299259000,113.201,113.229,113.201,113.227,130860000,1
1499299260000,1499299319000,113.225,113.256,113.216,113.253,128300000,1
1499299320000,1499299379000,113.254,113.265,113.243,113.256,136610000,1
1499299380000,1499299439000,113.256,113.259,113.237,113.244,168800000,1
1499299440000,1499299499000,113.243,113.255,113.238,113.243,116360000,1
1499299500000,1499299559000,113.243,113.267,113.243,113.251,112320000,1
1499299560000,1499299619000,113.254,113.257,113.23,113.256,154870000,1
1499299620000,1499299679000,113.257,113.277,113.256,113.273,120830000,1
1499299680000,1499299739000,113.275,113.275,113.257,113.263,111280000,1
1499299740000,1499299799000,113.263,113.293,113.263,113.279,145590000,1
1499299800000,1499299859000,113.279,113.292,113.272,113.292,111400000,1
1499299860000,1499299919000,113.293,113.306,113.288,113.291,122470000,1
1499299920000,1499299979000,113.292,113.293,113.283,113.283,36330000,1
1499299980000,1499300039000,113.282,113.294,113.274,113.294,91110000,1
1499300040000,1499300099000,113.292,113.292,113.275,113.277,137790000,1
1499300100000,1499300159000,113.276,113.287,113.273,113.277,98540000,1
1499300160000,1499300219000,113.276,113.292,113.27,113.288,115000000,1
1499300220000,1499300279000,113.288,113.289,113.27,113.273,115680000,1
1499300280000,1499300339000,113.271,113.276,113.269,113.276,75810000,1
1499300340000,1499300399000,113.275,113.275,113.262,113.262,56020000,1
1499300400000,1499300459000,113.263,113.265,113.249,113.252,90460000,1
1499300460000,1499300519000,113.253,113.256,113.239,113.256,110240000,1
1499300520000,1499300579000,113.257,113.257,113.231,113.236,223360000,1
1499300580000,1499300639000,113.236,113.248,113.236,113.246,93070000,1
1499300640000,1499300699000,113.245,113.25,113.238,113.243,80070000,1
1499300700000,1499300759000,113.243,113.245,113.238,113.238,17780000,1
1499300760000,1499300819000,113.235,113.24,113.226,113.239,163100000,1
1499300820000,1499300879000,113.239,113.25,113.238,113.248,106640000,1
1499300880000,1499300939000,113.248,113.249,113.233,113.238,97580000,1
1499300940000,1499300999000,113.238,113.253,113.238,113.246,73530000,1
1499301000000,1499301059000,113.244,113.244,113.236,113.239,38110000,1
1499301060000,1499301119000,113.238,113.242,113.231,113.242,54710000,1
1499301120000,1499301179000,113.242,113.266,113.242,113.247,89950000,1
1499301180000,1499301239000,113.246,113.247,113.236,113.236,42570000,1
1499301240000,1499301299000,113.236,113.236,113.223,113.223,84670000,1
1499301300000,1499301359000,113.223,113.224,113.211,113.218,48750000,1
1499301360000,1499301419000,113.217,113.223,113.216,113.218,43470000,1
1499301420000,1499301479000,113.218,113.226,113.217,113.224,57360000,1
1499301480000,1499301539000,113.225,113.225,113.207,113.208,40600000,1
1499301540000,1499301599000,113.21,113.213,113.206,113.209,46530000,1
1499301600000,1499301659000,113.212,113.218,113.206,113.213,88800000,1
1499301660000,1499301719000,113.215,113.217,113.208,113.212,47860000,1
1499301720000,1499301779000,113.211,113.211,113.198,113.2,67350000,1
1499301780000,1499301839000,113.203,113.213,113.203,113.213,20470000,1
1499301840000,1499301899000,113.212,113.215,113.211,113.213,70340000,1
1499301900000,1499301959000,113.215,113.22,113.208,113.215,77400000,1
1499301960000,1499302019000,113.214,113.214,113.187,113.189,53770000,1
1499302020000,1499302079000,113.188,113.188,113.15,113.163,116840000,1
1499302080000,1499302139000,113.167,113.17,113.122,113.135,157590000,1
1499302140000,1499302199000,113.134,113.139,113.092,113.136,222150000,1
1499302200000,1499302259000,113.136,113.136,113.125,113.129,110180000,1
1499302260000,1499302319000,113.124,113.134,113.083,113.093,237540000,1
1499302320000,1499302379000,113.093,113.095,113.066,113.082,180840000,1
1499302380000,1499302439000,113.083,113.085,113.067,113.07,335530000,1
1499302440000,1499302499000,113.07,113.077,113.019,113.027,286220000,1
1499302500000,1499302559000,113.025,113.065,113.015,113.041,231900000,1
1499302560000,1499302619000,113.039,113.046,113.031,113.042,218090000,1
1499302620000,1499302679000,113.045,113.048,113.031,113.045,186310000,1
1499302680000,1499302739000,113.048,113.057,113.042,113.046,155430000,1
1499302740000,1499302799000,113.046,113.059,113.027,113.058,155480000,1
1499302800000,1499302859000,113.057,113.059,112.964,112.973,324960000,1
1499302860000,1499302919000,112.974,112.99,112.967,112.986,391400000,1
1499302920000,1499302979000,112.986,113.009,112.985,113.006,186300000,1
1499302980000,1499303039000,113.006,113.02,113.006,113.018,109830000,1
1499303040000,1499303099000,113.018,113.033,113.018,113.033,52160000,1
1499303100000,1499303159000,113.031,113.051,113.028,113.051,113970000,1
1499303160000,1499303219000,113.052,113.052,113.028,113.043,116030000,1
1499303220000,1499303279000,113.042,113.044,113.023,113.027,153460000,1
1499303280000,1499303339000,113.028,113.06,113.028,113.058,90100000,1
1499303340000,1499303399000,113.058,113.058,113.036,113.036,82030000,1
1499303400000,1499303459000,113.036,113.048,113.035,113.042,88970000,1
1499303460000,1499303519000,113.049,113.051,113.043,113.049,51990000,1
1499303520000,1499303579000,113.049,113.049,113.031,113.038,102690000,1
1499303580000,1499303639000,113.041,113.068,113.041,113.064,97930000,1
1499303640000,1499303699000,113.064,113.069,113.061,113.063,85190000,1
1499303700000,1499303759000,113.062,113.09,113.051,113.09,195030000,1
1499303760000,1499303819000,113.091,113.091,113.051,113.065,188960000,1
1499303820000,1499303879000,113.064,113.064,113.039,113.05,118500000,1
1499303880000,1499303939000,113.05,113.056,113.045,113.051,37770000,1
1499303940000,1499303999000,113.052,113.063,113.052,113.057,55970000,1
1499304000000,1499304059000,113.058,113.06,113.058,113.06,25280000,1
1499304060000,1499304119000,113.059,113.06,113.059,113.06,12710000,1
1499304120000,1499304179000,113.06,113.064,113.058,113.059,94340000,1
1499304180000,1499304239000,113.059,113.059,113.045,113.049,119120000,1
1499304240000,1499304299000,113.049,113.079,113.049,113.078,88780000,1
1499304300000,1499304359000,113.078,113.091,113.071,113.089,76100000,1
1499304360000,1499304419000,113.089,113.089,113.076,113.083,118950000,1
1499304420000,1499304479000,113.083,113.098,113.082,113.098,97130000,1
1499304480000,1499304539000,113.096,113.098,113.085,113.097,66960000,1
1499304540000,1499304599000,113.096,113.096,113.087,113.09,78340000,1
1499304600000,1499304659000,113.09,113.138,113.09,113.115,223080000,1
1499304660000,1499304719000,113.115,113.118,113.105,113.105,68740000,1
1499304720000,1499304779000,113.107,113.116,113.103,113.109,97620000,1
1499304780000,1499304839000,113.109,113.109,113.084,113.099,127440000,1
1499304840000,1499304899000,113.099,113.115,113.098,113.11,81480000,1
1499304900000,1499304959000,113.111,113.113,113.103,113.108,76910000,1
1499304960000,1499305019000,113.108,113.131,113.108,113.121,110460000,1
1499305020000,1499305079000,113.12,113.122,113.118,113.121,40860000,1
1499305080000,1499305139000,113.12,113.127,113.104,113.106,77270000,1
1499305140000,1499305199000,113.105,113.129,113.105,113.123,80600000,1
1499305200000,1499305259000,113.126,113.137,113.126,113.132,118740000,1
1499305260000,1499305319000,113.133,113.151,113.133,113.14,167680000,1
1499305320000,1499305379000,113.139,113.142,113.124,113.129,147870000,1
1499305380000,1499305439000,113.13,113.139,113.13,113.137,110390000,1
1499305440000,1499305499000,113.137,113.149,113.133,113.136,68820000,1
1499305500000,1499305559000,113.136,113.136,113.12,113.128,85010000,1
1499305560000,1499305619000,113.128,113.142,113.128,113.138,76760000,1
1499305620000,1499305679000,113.137,113.151,113.131,113.143,130010000,1
1499305680000,1499305739000,113.143,113.148,113.135,113.136,138490000,1
1499305740000,1499305799000,113.136,113.136,113.109,113.113,174480000,1
1499305800000,1499305859000,113.114,113.129,113.114,113.126,76200000,1
1499305860000,1499305919000,113.126,113.126,113.115,113.124,66420000,1
1499305920000,1499305979000,113.123,113.123,113.111,113.114,75550000,1
1499305980000,1499306039000,113.113,113.116,113.107,113.109,95830000,1
1499306040000,1499306099000,113.109,113.112,113.074,113.082,147320000,1
1499306100000,1499306159000,113.082,113.095,113.078,113.09,74760000,1
1499306160000,1499306219000,113.092,113.116,113.092,113.106,67470000,1
1499306220000,1499306279000,113.105,113.105,113.097,113.101,55160000,1
1499306280000,1499306339000,113.101,113.111,113.101,113.106,77490000,1
1499306340000,1499306399000,113.106,113.12,113.101,113.101,119160000,1
1499306400000,1499306459000,113.101,113.101,113.056,113.059,229540000,1
1499306460000,1499306519000,113.059,113.071,113.055,113.063,182410000,1
1499306520000,1499306579000,113.064,113.095,113.064,113.092,111220000,1
1499306580000,1499306639000,113.092,113.092,113.082,113.085,93200000,1
1499306640000,1499306699000,113.084,113.099,113.084,113.099,79210000,1
1499306700000,1499306759000,113.099,113.115,113.097,113.114,312570000,1
1499306760000,1499306819000,113.113,113.115,113.112,113.115,17960000,1
1499306820000,1499306879000,113.114,113.115,113.103,113.106,83420000,1
1499306880000,1499306939000,113.109,113.11,113.101,113.101,77070000,1
1499306940000,1499306999000,113.101,113.103,113.093,113.101,82300000,1
1499307000000,1499307059000,113.102,113.123,113.102,113.116,102040000,1
1499307060000,1499307119000,113.117,113.129,113.117,113.128,71000000,1
1499307120000,1499307179000,113.128,113.137,113.122,113.13,119790000,1
1499307180000,1499307239000,113.13,113.132,113.121,113.125,70510000,1
1499307240000,1499307299000,113.123,113.125,113.113,113.115,74890000,1
1499307300000,1499307359000,113.115,113.119,113.1,113.106,74920000,1
1499307360000,1499307419000,113.105,113.105,113.092,113.094,39770000,1
1499307420000,1499307479000,113.095,113.095,113.048,113.049,97810000,1
1499307480000,1499307539000,113.049,113.051,113.024,113.031,124480000,1
1499307540000,1499307599000,113.032,113.052,113.031,113.033,76880000,1
1499307600000,1499307659000,113.032,113.052,113.023,113.049,114410000,1
1499307660000,1499307719000,113.048,113.053,113.044,113.044,87310000,1
1499307720000,1499307779000,113.045,113.047,113.034,113.034,50780000,1
1499307780000,1499307839000,113.035,113.045,113.033,113.04,73190000,1
1499307840000,1499307899000,113.039,113.041,113.038,113.04,40960000,1
1499307900000,1499307959000,113.04,113.049,113.04,113.046,40490000,1
1499307960000,1499308019000,113.046,113.054,113.046,113.054,60850000,1
1499308020000,1499308079000,113.054,113.054,113.03,113.037,114190000,1
1499308080000,1499308139000,113.036,113.038,113.032,113.036,72320000,1
1499308140000,1499308199000,113.036,113.037,113.032,113.034,35650000,1
1499308200000,1499308259000,113.034,113.046,113.027,113.046,129860000,1
1499308260000,1499308319000,113.046,113.06,113.046,113.06,111820000,1
1499308320000,1499308379000,113.056,113.056,113.046,113.052,220340000,1
1499308380000,1499308439000,113.051,113.054,113.046,113.051,228580000,1
1499308440000,1499308499000,113.051,113.057,113.047,113.047,63840000,1
1499308500000,1499308559000,113.048,113.053,113.048,113.051,58900000,1
1499308560000,1499308619000,113.051,113.053,113.045,113.052,80380000,1
1499308620000,1499308679000,113.052,113.053,113.051,113.052,13650000,1
1499308680000,1499308739000,113.05,113.056,113.049,113.052,55270000,1
1499308740000,1499308799000,113.052,113.052,113.021,113.023,132520000,1
1499308800000,1499308859000,113.022,113.035,113.021,113.034,51310000,1
1499308860000,1499308919000,113.035,113.055,113.035,113.055,114970000,1
1499308920000,1499308979000,113.054,113.056,113.047,113.047,33230000,1
1499308980000,1499309039000,113.047,113.054,113.047,113.051,32990000,1
1499309040000,1499309099000,113.051,113.052,113.046,113.051,33680000,1
1499309100000,1499309159000,113.051,113.051,113.04,113.041,92330000,1
1499309160000,1499309219000,113.041,113.048,113.041,113.046,38550000,1
1499309220000,1499309279000,113.046,113.046,113.005,113.005,202200000,1
1499309280000,1499309339000,113.005,113.005,112.982,112.989,156340000,1
1499309340000,1499309399000,112.99,113.001,112.974,112.974,189750000,1
1499309400000,1499309459000,112.972,112.988,112.967,112.981,140420000,1
1499309460000,1499309519000,112.981,112.991,112.974,112.99,91360000,1
1499309520000,1499309579000,112.992,113.006,112.992,113.006,94000000,1
1499309580000,1499309639000,113.006,113.016,113.001,113.016,109690000,1
1499309640000,1499309699000,113.016,113.048,113.016,113.041,110040000,1
1499309700000,1499309759000,113.041,113.041,113.026,113.026,83540000,1
1499309760000,1499309819000,113.026,113.04,113.026,113.035,77490000,1
1499309820000,1499309879000,113.037,113.055,113.037,113.055,39710000,1
1499309880000,1499309939000,113.053,113.055,113.047,113.047,48230000,1
1499309940000,1499309999000,113.049,113.053,113.046,113.049,62330000,1
1499310000000,1499310059000,113.049,113.073,113.047,113.073,85330000,1
1499310060000,1499310119000,113.073,113.073,113.06,113.061,70950000,1
1499310120000,1499310179000,113.06,113.062,113.057,113.061,15880000,1
1499310180000,1499310239000,113.06,113.06,113.053,113.059,47030000,1
1499310240000,1499310299000,113.057,113.07,113.057,113.069,80950000,1
1499310300000,1499310359000,113.066,113.07,113.066,113.07,30160000,1
1499310360000,1499310419000,113.069,113.07,113.066,113.068,51060000,1
1499310420000,1499310479000,113.066,113.07,113.062,113.062,61590000,1
1499310480000,1499310539000,113.06,113.06,113.043,113.048,75020000,1
1499310540000,1499310599000,113.05,113.058,113.05,113.057,64770000,1
1499310600000,1499310659000,113.059,113.064,113.058,113.059,44730000,1
1499310660000,1499310719000,113.061,113.061,113.045,113.049,70090000,1
1499310720000,1499310779000,113.048,113.048,113.032,113.039,44380000,1
1499310780000,1499310839000,113.039,113.039,113.018,113.022,40320000,1
1499310840000,1499310899000,113.022,113.026,113.01,113.018,106560000,1
1499310900000,1499310959000,113.021,113.031,113.021,113.03,40780000,1
1499310960000,1499311019000,113.031,113.031,113.03,113.031,6870000,1
1499311020000,1499311079000,113.031,113.038,113.025,113.027,62410000,1
1499311080000,1499311139000,113.027,113.027,113.007,113.007,94570000,1
1499311140000,1499311199000,113.007,113.01,112.997,112.999,63160000,1
1499311200000,1499311259000,112.999,113.0,112.975,112.998,155890000,1
1499311260000,1499311319000,112.999,113.016,112.997,113.002,93730000,1
1499311320000,1499311379000,113.001,113.016,112.998,113.014,128560000,1
1499311380000,1499311439000,113.013,113.014,112.996,112.997,91130000,1
1499311440000,1499311499000,112.996,113.023,112.996,113.015,69050000,1
1499311500000,1499311559000,113.015,113.035,113.015,113.028,88070000,1
1499311560000,1499311619000,113.028,113.028,113.02,113.022,67240000,1
1499311620000,1499311679000,113.021,113.022,113.015,113.021,59130000,1
1499311680000,1499311739000,113.021,113.021,112.996,113.002,92040000,1
1499311740000,1499311799000,113.002,113.008,112.991,112.994,102810000,1
1499311800000,1499311859000,112.994,113.032,112.993,113.018,100080000,1
1499311860000,1499311919000,113.018,113.018,113.0,113.007,106380000,1
1499311920000,1499311979000,113.005,113.008,112.996,113.0,99690000,1
1499311980000,1499312039000,113.0,113.002,112.995,112.998,115320000,1
1499312040000,1499312099000,112.998,113.011,112.998,113.006,74800000,1
1499312100000,1499312159000,113.008,113.019,113.005,113.006,185960000,1
1499312160000,1499312219000,113.006,113.008,112.897,112.911,180210000,1
1499312220000,1499312279000,112.914,112.952,112.914,112.948,212890000,1
1499312280000,1499312339000,112.948,112.962,112.941,112.949,121360000,1
1499312340000,1499312399000,112.949,112.954,112.937,112.947,99150000,1
1499312400000,1499312459000,112.945,112.946,112.923,112.925,173710000,1
1499312460000,1499312519000,112.926,112.965,112.926,112.965,172790000,1
1499312520000,1499312579000,112.964,112.964,112.956,112.958,50800000,1
1499312580000,1499312639000,112.961,112.977,112.958,112.977,110820000,1
1499312640000,1499312699000,112.977,112.977,112.971,112.974,128850000,1
1499312700000,1499312759000,112.975,112.975,112.955,112.965,134020000,1
1499312760000,1499312819000,112.968,112.976,112.956,112.968,118180000,1
1499312820000,1499312879000,112.969,112.97,112.958,112.965,138190000,1
1499312880000,1499312939000,112.964,112.97,112.943,112.943,150820000,1
1499312940000,1499312999000,112.943,112.951,112.927,112.951,146820000,1
1499313000000,1499313059000,112.948,112.949,112.935,112.936,206080000,1
1499313060000,1499313119000,112.936,112.943,112.928,112.931,161840000,1
1499313120000,1499313179000,112.932,112.947,112.93,112.943,142880000,1
1499313180000,1499313239000,112.941,112.95,112.927,112.945,164250000,1
1499313240000,1499313299000,112.945,112.946,112.917,112.919,84840000,1
1499313300000,1499313359000,112.919,112.927,112.886,112.897,256360000,1
1499313360000,1499313419000,112.896,112.929,112.896,112.929,156560000,1
1499313420000,1499313479000,112.929,112.953,112.927,112.947,79220000,1
1499313480000,1499313539000,112.948,112.954,112.947,112.948,45600000,1
1499313540000,1499313599000,112.948,112.948,112.926,112.937,131670000,1
1499313600000,1499313659000,112.936,112.943,112.901,112.942,160260000,1
1499313660000,1499313719000,112.943,112.943,112.913,112.916,102210000,1
1499313720000,1499313779000,112.916,112.92,112.896,112.908,206180000,1
1499313780000,1499313839000,112.91,112.933,112.909,112.923,130950000,1
1499313840000,1499313899000,112.924,112.939,112.921,112.93,97450000,1
1499313900000,1499313959000,112.931,112.957,112.931,112.957,103150000,1
1499313960000,1499314019000,112.956,112.96,112.947,112.96,100400000,1
1499314020000,1499314079000,112.96,112.961,112.951,112.96,89820000,1
1499314080000,1499314139000,112.961,112.961,112.947,112.955,101130000,1
1499314140000,1499314199000,112.955,112.956,112.955,112.955,29410000,1
1499314200000,1499314259000,112.955,112.971,112.955,112.971,42470000,1
1499314260000,1499314319000,112.97,112.983,112.966,112.981,74320000,1
1499314320000,1499314379000,112.98,112.992,112.978,112.981,70480000,1
1499314380000,1499314439000,112.981,112.993,112.981,112.988,113170000,1
1499314440000,1499314499000,112.99,112.996,112.989,112.994,78890000,1
1499314500000,1499314559000,112.993,112.993,112.983,112.984,116140000,1
1499314560000,1499314619000,112.984,112.984,112.975,112.976,47780000,1
1499314620000,1499314679000,112.978,112.993,112.978,112.982,70600000,1
1499314680000,1499314739000,112.981,112.982,112.975,112.982,39360000,1
1499314740000,1499314799000,112.981,113.015,112.98,113.015,122140000,1
1499314800000,1499314859000,113.014,113.014,112.994,112.995,93840000,1
1499314860000,1499314919000,112.995,112.998,112.993,112.996,26030000,1
1499314920000,1499314979000,112.995,112.995,112.974,112.979,82350000,1
1499314980000,1499315039000,112.979,112.981,112.973,112.973,59120000,1
1499315040000,1499315099000,112.973,112.982,112.973,112.973,104360000,1
1499315100000,1499315159000,112.974,112.975,112.966,112.966,37000000,1
1499315160000,1499315219000,112.968,112.969,112.957,112.963,68070000,1
1499315220000,1499315279000,112.963,112.974,112.963,112.964,62910000,1
1499315280000,1499315339000,112.963,112.963,112.957,112.959,66780000,1
1499315340000,1499315399000,112.959,112.979,112.959,112.979,102470000,1
1499315400000,1499315459000,112.978,112.983,112.963,112.97,142720000,1
1499315460000,1499315519000,112.969,112.97,112.969,112.97,21250000,1
1499315520000,1499315579000,112.97,112.97,112.965,112.967,43620000,1
1499315580000,1499315639000,112.968,112.97,112.965,112.97,24420000,1
1499315640000,1499315699000,112.971,112.973,112.971,112.972,8240000,1
1499315700000,1499315759000,112.97,112.971,112.966,112.967,22810000,1
1499315760000,1499315819000,112.966,112.966,112.957,112.96,47130000,1
1499315820000,1499315879000,112.961,112.964,112.961,112.963,38210000,1
1499315880000,1499315939000,112.963,112.99,112.963,112.98,150960000,1
1499315940000,1499315999000,112.98,112.999,112.979,112.997,112470000,1
1499316000000,1499316059000,112.997,113.002,112.996,112.996,31850000,1
1499316060000,1499316119000,112.996,112.997,112.989,112.989,40340000,1
1499316120000,1499316179000,112.989,112.989,112.983,112.988,63040000,1
1499316180000,1499316239000,112.988,112.992,112.978,112.982,59990000,1
1499316240000,1499316299000,112.985,112.994,112.982,112.994,85530000,1
1499316300000,1499316359000,112.994,113.0,112.994,113.0,47930000,1
1499316360000,1499316419000,113.0,113.015,113.0,113.015,30880000,1
1499316420000,1499316479000,113.015,113.021,113.013,113.013,36100000,1
1499316480000,1499316539000,113.013,113.021,113.013,113.021,86280000,1
1499316540000,1499316599000,113.02,113.023,113.017,113.023,32210000,1
1499316600000,1499316659000,113.025,113.036,113.025,113.034,44300000,1
1499316660000,1499316719000,113.033,113.037,113.025,113.028,52310000,1
1499316720000,1499316779000,113.028,113.028,113.022,113.022,73090000,1
1499316780000,1499316839000,113.021,113.027,113.021,113.025,80440000,1
1499316840000,1499316899000,113.025,113.028,113.021,113.028,48940000,1
1499316900000,1499316959000,113.026,113.026,112.998,113.0,90970000,1
1499316960000,1499317019000,113.0,113.009,112.998,113.009,37790000,1
1499317020000,1499317079000,113.008,113.008,113.0,113.008,43240000,1
1499317080000,1499317139000,113.008,113.01,112.996,113.0,82240000,1
1499317140000,1499317199000,112.999,113.024,112.999,113.021,70980000,1
1499317200000,1499317259000,113.021,113.043,113.02,113.042,120810000,1
1499317260000,1499317319000,113.043,113.043,113.033,113.04,61850000,1
1499317320000,1499317379000,113.039,113.042,113.035,113.035,25660000,1
1499317380000,1499317439000,113.034,113.044,113.028,113.036,75040000,1
1499317440000,1499317499000,113.037,113.042,113.036,113.037,56060000,1
1499317500000,1499317559000,113.038,113.048,113.036,113.046,53620000,1
1499317560000,1499317619000,113.045,113.045,113.028,113.029,51050000,1
1499317620000,1499317679000,113.029,113.029,113.025,113.029,20630000,1
1499317680000,1499317739000,113.028,113.03,113.016,113.016,103160000,1
1499317740000,1499317799000,113.016,113.02,113.013,113.016,79340000,1
1499317800000,1499317859000,113.017,113.029,113.015,113.025,94310000,1
1499317860000,1499317919000,113.024,113.027,113.009,113.009,74930000,1
1499317920000,1499317979000,113.009,113.016,113.007,113.013,42030000,1
1499317980000,1499318039000,113.013,113.014,113.001,113.008,68140000,1
1499318040000,1499318099000,113.009,113.015,113.009,113.015,28500000,1
1499318100000,1499318159000,113.015,113.015,113.011,113.012,21120000,1
1499318160000,1499318219000,113.013,113.015,113.013,113.015,4000000,1
1499318220000,1499318279000,113.016,113.027,113.016,113.027,40190000,1
1499318280000,1499318339000,113.027,113.066,113.027,113.057,80460000,1
1499318340000,1499318399000,113.057,113.114,113.057,113.097,218330000,1
1499318400000,1499318459000,113.092,113.123,113.09,113.107,154990000,1
1499318460000,1499318519000,113.106,113.123,113.106,113.121,132830000,1
1499318520000,1499318579000,113.122,113.138,113.115,113.134,181630000,1
1499318580000,1499318639000,113.135,113.146,113.132,113.145,107930000,1
1499318640000,1499318699000,113.144,113.146,113.132,113.138,127110000,1
1499318700000,1499318759000,113.138,113.16,113.133,113.15,158400000,1
1499318760000,1499318819000,113.15,113.192,113.148,113.185,150710000,1
1499318820000,1499318879000,113.184,113.184,113.166,113.178,112930000,1
1499318880000,1499318939000,113.178,113.192,113.172,113.184,141420000,1
1499318940000,1499318999000,113.183,113.187,113.177,113.178,125360000,1
1499319000000,1499319059000,113.177,113.178,113.165,113.166,157960000,1
1499319060000,1499319119000,113.167,113.168,113.152,113.153,77620000,1
1499319120000,1499319179000,113.152,113.155,113.152,113.153,29570000,1
1499319180000,1499319239000,113.151,113.152,113.141,113.143,66200000,1
1499319240000,1499319299000,113.143,113.147,113.135,113.139,92080000,1
1499319300000,1499319359000,113.138,113.154,113.138,113.152,76010000,1
1499319360000,1499319419000,113.152,113.153,113.141,113.142,95610000,1
1499319420000,1499319479000,113.143,113.155,113.141,113.146,73960000,1
1499319480000,1499319539000,113.146,113.146,113.134,113.134,85450000,1
1499319540000,1499319599000,113.134,113.135,113.119,113.125,54110000,1
1499319600000,1499319659000,113.126,113.126,113.119,113.121,60970000,1
1499319660000,1499319719000,113.124,113.124,113.113,113.119,58960000,1
1499319720000,1499319779000,113.12,113.132,113.119,113.124,48600000,1
1499319780000,1499319839000,113.124,113.128,113.123,113.128,77580000,1
1499319840000,1499319899000,113.128,113.129,113.125,113.126,47910000,1
1499319900000,1499319959000,113.127,113.127,113.095,113.105,94430000,1
1499319960000,1499320019000,113.107,113.112,113.094,113.094,63650000,1
1499320020000,1499320079000,113.094,113.101,113.094,113.096,58000000,1
1499320080000,1499320139000,113.097,113.109,113.097,113.109,96040000,1
1499320140000,1499320199000,113.11,113.127,113.11,113.12,86810000,1
1499320200000,1499320259000,113.121,113.126,113.118,113.12,64960000,1
1499320260000,1499320319000,113.121,113.13,113.12,113.128,22430000,1
1499320320000,1499320379000,113.131,113.144,113.131,113.134,80070000,1
1499320380000,1499320439000,113.134,113.134,113.124,113.124,60370000,1
1499320440000,1499320499000,113.123,113.129,113.12,113.128,34760000,1
1499320500000,1499320559000,113.13,113.13,113.126,113.127,34550000,1
1499320560000,1499320619000,113.125,113.134,113.121,113.133,55320000,1
1499320620000,1499320679000,113.134,113.136,113.128,113.136,52170000,1
1499320680000,1499320739000,113.136,113.141,113.133,113.141,73780000,1
1499320740000,1499320799000,113.14,113.145,113.116,113.116,120640000,1
1499320800000,1499320859000,113.116,113.116,113.1,113.102,202530000,1
1499320860000,1499320919000,113.101,113.109,113.101,113.106,168350000,1
1499320920000,1499320979000,113.106,113.118,113.097,113.109,188700000,1
1499320980000,1499321039000,113.109,113.112,113.106,113.109,122290000,1
1499321040000,1499321099000,113.11,113.113,113.107,113.112,95750000,1
1499321100000,1499321159000,113.112,113.125,113.112,113.121,47690000,1
1499321160000,1499321219000,113.121,113.122,113.106,113.121,71370000,1
1499321220000,1499321279000,113.12,113.129,113.12,113.121,62350000,1
1499321280000,1499321339000,113.121,113.128,113.118,113.127,52460000,1
1499321340000,1499321399000,113.126,113.127,113.107,113.114,77800000,1
1499321400000,1499321459000,113.112,113.125,113.106,113.125,89430000,1
1499321460000,1499321519000,113.124,113.129,113.116,113.128,39020000,1
1499321520000,1499321579000,113.129,113.14,113.128,113.134,80920000,1
1499321580000,1499321639000,113.134,113.138,113.128,113.135,65820000,1
1499321640000,1499321699000,113.135,113.138,113.126,113.127,93410000,1
1499321700000,1499321759000,113.127,113.128,113.112,113.123,102740000,1
1499321760000,1499321819000,113.124,113.13,113.118,113.124,67960000,1
1499321820000,1499321879000,113.124,113.125,113.116,113.123,99970000,1
1499321880000,1499321939000,113.124,113.132,113.123,113.125,93240000,1
1499321940000,1499321999000,113.125,113.165,113.125,113.158,202900000,1
1499322000000,1499322059000,113.157,113.176,113.155,113.173,69550000,1
1499322060000,1499322119000,113.173,113.174,113.161,113.161,102270000,1
1499322120000,1499322179000,113.163,113.163,113.155,113.159,100800000,1
1499322180000,1499322239000,113.162,113.162,113.154,113.16,72160000,1
1499322240000,1499322299000,113.16,113.175,113.16,113.173,96300000,1
1499322300000,1499322359000,113.173,113.224,113.168,113.206,235720000,1
1499322360000,1499322419000,113.206,113.206,113.19,113.193,117340000,1
1499322420000,1499322479000,113.195,113.195,113.18,113.18,131210000,1
1499322480000,1499322539000,113.181,113.185,113.175,113.177,129650000,1
1499322540000,1499322599000,113.177,113.18,113.166,113.17,131270000,1
1499322600000,1499322659000,113.17,113.17,113.161,113.162,125680000,1
1499322660000,1499322719000,113.162,113.188,113.155,113.182,130200000,1
1499322720000,1499322779000,113.181,113.184,113.176,113.18,180590000,1
1499322780000,1499322839000,113.181,113.192,113.181,113.189,73070000,1
1499322840000,1499322899000,113.189,113.213,113.188,113.204,135340000,1
1499322900000,1499322959000,113.203,113.245,113.203,113.233,126460000,1
1499322960000,1499323019000,113.232,113.245,113.224,113.245,88760000,1
1499323020000,1499323079000,113.245,113.254,113.241,113.244,127960000,1
1499323080000,1499323139000,113.244,113.25,113.238,113.238,143300000,1
1499323140000,1499323199000,113.239,113.241,113.218,113.221,76430000,1
1499323200000,1499323259000,113.221,113.223,113.208,113.219,103810000,1
1499323260000,1499323319000,113.22,113.236,113.22,113.233,61610000,1
1499323320000,1499323379000,113.232,113.234,113.226,113.227,55870000,1
1499323380000,1499323439000,113.226,113.226,113.215,113.218,48550000,1
1499323440000,1499323499000,113.218,113.221,113.216,113.22,42220000,1
1499323500000,1499323559000,113.218,113.218,113.213,113.215,14100000,1
1499323560000,1499323619000,113.212,113.212,113.194,113.206,82020000,1
1499323620000,1499323679000,113.206,113.209,113.198,113.201,36360000,1
1499323680000,1499323739000,113.201,113.206,113.187,113.188,89420000,1
1499323740000,1499323799000,113.187,113.192,113.181,113.182,104870000,1
1499323800000,1499323859000,113.185,113.197,113.183,113.193,109360000,1
1499323860000,1499323919000,113.195,113.204,113.193,113.2,103790000,1
1499323920000,1499323979000,113.2,113.213,113.2,113.213,99530000,1
1499323980000,1499324039000,113.212,113.217,113.206,113.206,97370000,1
1499324040000,1499324099000,113.21,113.21,113.202,113.206,71550000,1
1499324100000,1499324159000,113.207,113.215,113.202,113.212,106630000,1
1499324160000,1499324219000,113.213,113.232,113.205,113.206,121910000,1
1499324220000,1499324279000,113.208,113.208,113.196,113.2,97220000,1
1499324280000,1499324339000,113.2,113.203,113.194,113.195,72270000,1
1499324340000,1499324399000,113.194,113.194,113.163,113.163,125450000,1
1499324400000,1499324459000,113.166,113.182,113.162,113.182,164270000,1
1499324460000,1499324519000,113.182,113.209,113.182,113.206,113330000,1
1499324520000,1499324579000,113.206,113.206,113.188,113.189,170450000,1
1499324580000,1499324639000,113.191,113.197,113.185,113.185,129040000,1
1499324640000,1499324699000,113.183,113.187,113.173,113.173,138420000,1
1499324700000,1499324759000,113.173,113.182,113.173,113.175,65190000,1
1499324760000,1499324819000,113.175,113.184,113.172,113.174,144360000,1
1499324820000,1499324879000,113.174,113.212,113.173,113.206,170470000,1
1499324880000,1499324939000,113.206,113.226,113.195,113.22,247290000,1
1499324940000,1499324999000,113.219,113.258,113.219,113.253,236820000,1
1499325000000,1499325059000,113.253,113.301,113.25,113.282,287930000,1
1499325060000,1499325119000,113.283,113.285,113.27,113.285,201490000,1
1499325120000,1499325179000,113.285,113.29,113.272,113.274,130110000,1
1499325180000,1499325239000,113.276,113.286,113.273,113.273,138130000,1
1499325240000,1499325299000,113.273,113.273,113.259,113.26,142230000,1
1499325300000,1499325359000,113.26,113.261,113.244,113.255,164900000,1
1499325360000,1499325419000,113.253,113.273,113.244,113.272,118620000,1
1499325420000,1499325479000,113.275,113.291,113.275,113.288,164350000,1
1499325480000,1499325539000,113.288,113.349,113.288,113.335,192300000,1
1499325540000,1499325599000,113.337,113.343,113.32,113.325,190740000,1
1499325600000,1499325659000,113.325,113.355,113.321,113.355,159310000,1
1499325660000,1499325719000,113.355,113.356,113.346,113.35,88630000,1
1499325720000,1499325779000,113.349,113.381,113.348,113.367,139880000,1
1499325780000,1499325839000,113.368,113.368,113.345,113.346,174370000,1
1499325840000,1499325899000,113.346,113.361,113.344,113.36,62850000,1
1499325900000,1499325959000,113.36,113.36,113.338,113.339,89120000,1
1499325960000,1499326019000,113.338,113.338,113.319,113.329,123790000,1
1499326020000,1499326079000,113.328,113.328,113.309,113.315,117050000,1
1499326080000,1499326139000,113.315,113.319,113.306,113.317,153350000,1
1499326140000,1499326199000,113.321,113.337,113.321,113.333,123610000,1
1499326200000,1499326259000,113.333,113.339,113.333,113.339,36000000,1
1499326260000,1499326319000,113.339,113.354,113.319,113.321,217610000,1
1499326320000,1499326379000,113.321,113.322,113.308,113.317,104220000,1
1499326380000,1499326439000,113.316,113.318,113.306,113.311,143920000,1
1499326440000,1499326499000,113.312,113.327,113.312,113.32,140320000,1
1499326500000,1499326559000,113.321,113.327,113.312,113.312,57430000,1
1499326560000,1499326619000,113.313,113.32,113.306,113.319,70460000,1
1499326620000,1499326679000,113.321,113.335,113.32,113.323,136940000,1
1499326680000,1499326739000,113.323,113.333,113.323,113.328,127630000,1
1499326740000,1499326799000,113.328,113.346,113.324,113.337,137570000,1
1499326800000,1499326859000,113.337,113.337,113.324,113.327,77860000,1
1499326860000,1499326919000,113.326,113.337,113.32,113.321,93140000,1
1499326920000,1499326979000,113.321,113.321,113.315,113.32,113720000,1
1499326980000,1499327039000,113.32,113.332,113.312,113.329,78220000,1
1499327040000,1499327099000,113.328,113.339,113.315,113.338,146360000,1
1499327100000,1499327159000,113.338,113.36,113.336,113.353,219940000,1
1499327160000,1499327219000,113.353,113.355,113.33,113.338,133240000,1
1499327220000,1499327279000,113.338,113.349,113.336,113.346,79780000,1
1499327280000,1499327339000,113.35,113.35,113.338,113.338,85820000,1
1499327340000,1499327399000,113.339,113.346,113.338,113.343,131840000,1
1499327400000,1499327459000,113.342,113.345,113.335,113.335,101600000,1
1499327460000,1499327519000,113.334,113.34,113.33,113.332,118490000,1
1499327520000,1499327579000,113.332,113.344,113.329,113.334,132880000,1
1499327580000,1499327639000,113.333,113.34,113.329,113.329,112400000,1
1499327640000,1499327699000,113.329,113.341,113.322,113.338,100040000,1
1499327700000,1499327759000,113.338,113.345,113.337,113.341,63780000,1
1499327760000,1499327819000,113.341,113.345,113.338,113.344,86960000,1
1499327820000,1499327879000,113.342,113.35,113.338,113.344,128460000,1
1499327880000,1499327939000,113.345,113.351,113.332,113.334,136250000,1
1499327940000,1499327999000,113.334,113.336,113.319,113.335,110740000,1
1499328000000,1499328059000,113.334,113.334,113.326,113.329,66530000,1
1499328060000,1499328119000,113.328,113.332,113.315,113.327,135180000,1
1499328120000,1499328179000,113.325,113.377,113.324,113.377,147800000,1
1499328180000,1499328239000,113.379,113.38,113.354,113.359,167320000,1
1499328240000,1499328299000,113.357,113.381,113.354,113.379,176410000,1
1499328300000,1499328359000,113.378,113.378,113.353,113.353,182390000,1
1499328360000,1499328419000,113.353,113.359,113.34,113.341,137020000,1
1499328420000,1499328479000,113.339,113.342,113.335,113.339,60170000,1
1499328480000,1499328539000,113.34,113.343,113.336,113.339,65450000,1
1499328540000,1499328599000,113.339,113.354,113.339,113.339,86000000,1
1499328600000,1499328659000,113.338,113.358,113.338,113.357,101020000,1
1499328660000,1499328719000,113.357,113.361,113.348,113.358,115460000,1
1499328720000,1499328779000,113.359,113.365,113.338,113.338,106310000,1
1499328780000,1499328839000,113.339,113.347,113.339,113.342,64120000,1
1499328840000,1499328899000,113.34,113.348,113.339,113.347,41210000,1
1499328900000,1499328959000,113.344,113.349,113.34,113.349,54690000,1
1499328960000,1499329019000,113.348,113.358,113.344,113.344,113750000,1
1499329020000,1499329079000,113.345,113.354,113.336,113.353,73160000,1
1499329080000,1499329139000,113.356,113.385,113.356,113.385,114280000,1
1499329140000,1499329199000,113.382,113.383,113.347,113.349,162410000,1
1499329200000,1499329259000,113.349,113.361,113.339,113.341,119910000,1
1499329260000,1499329319000,113.34,113.345,113.326,113.333,105870000,1
1499329320000,1499329379000,113.334,113.353,113.334,113.339,108490000,1
1499329380000,1499329439000,113.338,113.338,113.326,113.331,85350000,1
1499329440000,1499329499000,113.333,113.334,113.316,113.331,84110000,1
1499329500000,1499329559000,113.331,113.337,113.328,113.335,93730000,1
1499329560000,1499329619000,113.337,113.342,113.313,113.325,123070000,1
1499329620000,1499329679000,113.324,113.333,113.324,113.328,77980000,1
1499329680000,1499329739000,113.328,113.335,113.328,113.333,39500000,1
1499329740000,1499329799000,113.333,113.342,113.32,113.322,136000000,1
1499329800000,1499329859000,113.321,113.323,113.314,113.321,86070000,1
1499329860000,1499329919000,113.324,113.327,113.304,113.31,100380000,1
1499329920000,1499329979000,113.31,113.321,113.309,113.316,103390000,1
1499329980000,1499330039000,113.317,113.332,113.316,113.32,122210000,1
1499330040000,1499330099000,113.321,113.333,113.321,113.325,91600000,1
1499330100000,1499330159000,113.325,113.335,113.32,113.326,100710000,1
1499330160000,1499330219000,113.326,113.342,113.325,113.34,57740000,1
1499330220000,1499330279000,113.339,113.341,113.327,113.328,71900000,1
1499330280000,1499330339000,113.329,113.334,113.322,113.329,73270000,1
1499330340000,1499330399000,113.329,113.333,113.314,113.318,135790000,1
1499330400000,1499330459000,113.319,113.327,113.316,113.317,69160000,1
1499330460000,1499330519000,113.317,113.321,113.31,113.31,51960000,1
1499330520000,1499330579000,113.312,113.313,113.281,113.29,172640000,1
1499330580000,1499330639000,113.289,113.3,113.285,113.287,93710000,1
1499330640000,1499330699000,113.287,113.307,113.287,113.3,98300000,1
1499330700000,1499330759000,113.301,113.301,113.288,113.288,97660000,1
1499330760000,1499330819000,113.288,113.294,113.283,113.288,80210000,1
1499330820000,1499330879000,113.288,113.289,113.273,113.282,107220000,1
1499330880000,1499330939000,113.281,113.294,113.267,113.267,184630000,1
1499330940000,1499330999000,113.268,113.274,113.256,113.256,202650000,1
1499331000000,1499331059000,113.257,113.259,113.225,113.225,199250000,1
1499331060000,1499331119000,113.228,113.243,113.228,113.24,150250000,1
1499331120000,1499331179000,113.239,113.24,113.231,113.235,71340000,1
1499331180000,1499331239000,113.233,113.233,113.219,113.23,89100000,1
1499331240000,1499331299000,113.23,113.237,113.229,113.237,83930000,1
1499331300000,1499331359000,113.236,113.236,113.179,113.179,245140000,1
1499331360000,1499331419000,113.182,113.194,113.176,113.194,155620000,1
1499331420000,1499331479000,113.194,113.201,113.181,113.183,146980000,1
1499331480000,1499331539000,113.184,113.202,113.18,113.182,180020000,1
1499331540000,1499331599000,113.182,113.201,113.18,113.199,105230000,1
1499331600000,1499331659000,113.2,113.227,113.199,113.226,123390000,1
1499331660000,1499331719000,113.227,113.253,113.225,113.247,167970000,1
1499331720000,1499331779000,113.246,113.277,113.245,113.267,191020000,1
1499331780000,1499331839000,113.267,113.288,113.258,113.274,180310000,1
1499331840000,1499331899000,113.274,113.286,113.247,113.265,182210000,1
1499331900000,1499331959000,113.263,113.311,113.263,113.296,196900000,1
1499331960000,1499332019000,113.295,113.306,113.286,113.297,139750000,1
1499332020000,1499332079000,113.298,113.299,113.284,113.289,144420000,1
1499332080000,1499332139000,113.29,113.296,113.283,113.283,80450000,1
1499332140000,1499332199000,113.284,113.284,113.277,113.278,48710000,1
1499332200000,1499332259000,113.277,113.278,113.263,113.265,139120000,1
1499332260000,1499332319000,113.265,113.276,113.264,113.275,97240000,1
1499332320000,1499332379000,113.274,113.28,113.265,113.268,141820000,1
1499332380000,1499332439000,113.268,113.294,113.268,113.291,83860000,1
1499332440000,1499332499000,113.29,113.329,113.29,113.319,244310000,1
1499332500000,1499332559000,113.319,113.354,113.318,113.344,193900000,1
1499332560000,1499332619000,113.343,113.391,113.34,113.387,226260000,1
1499332620000,1499332679000,113.386,113.387,113.355,113.374,186950000,1
1499332680000,1499332739000,113.373,113.385,113.367,113.381,151050000,1
1499332740000,1499332799000,113.381,113.409,113.379,113.409,219740000,1
1499332800000,1499332859000,113.406,113.421,113.398,113.398,242680000,1
1499332860000,1499332919000,113.398,113.443,113.393,113.443,304960000,1
1499332920000,1499332979000,113.442,113.446,113.401,113.415,394390000,1
1499332980000,1499333039000,113.417,113.434,113.405,113.423,262620000,1
1499333040000,1499333099000,113.424,113.433,113.408,113.408,281690000,1
1499333100000,1499333159000,113.405,113.416,113.401,113.406,243580000,1
1499333160000,1499333219000,113.405,113.408,113.386,113.392,214280000,1
1499333220000,1499333279000,113.392,113.399,113.376,113.38,169100000,1
1499333280000,1499333339000,113.379,113.399,113.368,113.395,227210000,1
1499333340000,1499333399000,113.397,113.398,113.366,113.389,214530000,1
1499333400000,1499333459000,113.391,113.398,113.371,113.38,275650000,1
1499333460000,1499333519000,113.38,113.385,113.373,113.378,178680000,1
1499333520000,1499333579000,113.378,113.378,113.359,113.372,150590000,1
1499333580000,1499333639000,113.371,113.381,113.357,113.377,143820000,1
1499333640000,1499333699000,113.378,113.395,113.372,113.395,174880000,1
1499333700000,1499333759000,113.395,113.41,113.392,113.403,131350000,1
1499333760000,1499333819000,113.404,113.415,113.387,113.408,180870000,1
1499333820000,1499333879000,113.409,113.409,113.398,113.4,98050000,1
1499333880000,1499333939000,113.4,113.4,113.377,113.38,96750000,1
1499333940000,1499333999000,113.378,113.388,113.371,113.376,92850000,1
1499334000000,1499334059000,113.377,113.377,113.355,113.37,118040000,1
1499334060000,1499334119000,113.371,113.371,113.338,113.341,165690000,1
1499334120000,1499334179000,113.34,113.357,113.34,113.353,177140000,1
1499334180000,1499334239000,113.353,113.369,113.347,113.349,190900000,1
1499334240000,1499334299000,113.347,113.36,113.347,113.36,84490000,1
1499334300000,1499334359000,113.359,113.368,113.353,113.365,76770000,1
1499334360000,1499334419000,113.365,113.375,113.362,113.375,58700000,1
1499334420000,1499334479000,113.373,113.373,113.352,113.359,125640000,1
1499334480000,1499334539000,113.359,113.366,113.357,113.359,95360000,1
1499334540000,1499334599000,113.359,113.359,113.334,113.354,146000000,1
1499334600000,1499334659000,113.354,113.372,113.354,113.369,91250000,1
1499334660000,1499334719000,113.371,113.378,113.363,113.374,158380000,1
1499334720000,1499334779000,113.373,113.393,113.367,113.391,90040000,1
1499334780000,1499334839000,113.391,113.428,113.386,113.418,185380000,1
1499334840000,1499334899000,113.419,113.428,113.412,113.425,216230000,1
1499334900000,1499334959000,113.425,113.461,113.418,113.451,145680000,1
1499334960000,1499335019000,113.451,113.451,113.431,113.442,160820000,1
1499335020000,1499335079000,113.442,113.462,113.442,113.456,321110000,1
1499335080000,1499335139000,113.455,113.455,113.428,113.439,182580000,1
1499335140000,1499335199000,113.439,113.444,113.426,113.432,123470000,1
1499335200000,1499335259000,113.433,113.469,113.433,113.449,201040000,1
1499335260000,1499335319000,113.45,113.465,113.422,113.428,208670000,1
1499335320000,1499335379000,113.429,113.437,113.406,113.416,185340000,1
1499335380000,1499335439000,113.416,113.416,113.392,113.404,164730000,1
1499335440000,1499335499000,113.403,113.429,113.403,113.428,186610000,1
1499335500000,1499335559000,113.426,113.427,113.401,113.405,108660000,1
1499335560000,1499335619000,113.406,113.418,113.382,113.393,97740000,1
1499335620000,1499335679000,113.391,113.392,113.361,113.381,136770000,1
1499335680000,1499335739000,113.38,113.397,113.379,113.393,109620000,1
1499335740000,1499335799000,113.393,113.413,113.356,113.365,219980000,1
1499335800000,1499335859000,113.366,113.375,113.361,113.364,194150000,1
1499335860000,1499335919000,113.363,113.374,113.362,113.366,106160000,1
1499335920000,1499335979000,113.366,113.372,113.361,113.366,156440000,1
1499335980000,1499336039000,113.367,113.371,113.356,113.364,154990000,1
1499336040000,1499336099000,113.365,113.367,113.354,113.36,125640000,1
1499336100000,1499336159000,113.361,113.362,113.338,113.338,107290000,1
1499336160000,1499336219000,113.338,113.348,113.332,113.346,166310000,1
1499336220000,1499336279000,113.347,113.357,113.339,113.346,150850000,1
1499336280000,1499336339000,113.345,113.353,113.332,113.353,145390000,1
1499336340000,1499336399000,113.352,113.354,113.339,113.347,100750000,1
1499336400000,1499336459000,113.347,113.358,113.328,113.328,152570000,1
1499336460000,1499336519000,113.328,113.34,113.315,113.319,201230000,1
1499336520000,1499336579000,113.321,113.322,113.283,113.3,168560000,1
1499336580000,1499336639000,113.3,113.312,113.293,113.306,136650000,1
1499336640000,1499336699000,113.306,113.319,113.304,113.318,136000000,1
1499336700000,1499336759000,113.317,113.317,113.3,113.3,90190000,1
1499336760000,1499336819000,113.3,113.321,113.3,113.32,48690000,1
1499336820000,1499336879000,113.32,113.328,113.314,113.322,74140000,1
1499336880000,1499336939000,113.323,113.36,113.323,113.355,137230000,1
1499336940000,1499336999000,113.354,113.375,113.334,113.357,225980000,1
1499337000000,1499337059000,113.357,113.379,113.356,113.372,198860000,1
1499337060000,1499337119000,113.371,113.381,113.367,113.373,120960000,1
1499337120000,1499337179000,113.373,113.376,113.356,113.359,218420000,1
1499337180000,1499337239000,113.36,113.36,113.345,113.353,144050000,1
1499337240000,1499337299000,113.352,113.352,113.321,113.321,156890000,1
1499337300000,1499337359000,113.321,113.326,113.306,113.31,169080000,1
1499337360000,1499337419000,113.309,113.326,113.307,113.325,157970000,1
1499337420000,1499337479000,113.318,113.326,113.314,113.315,144200000,1
1499337480000,1499337539000,113.315,113.319,113.31,113.313,116460000,1
1499337540000,1499337599000,113.314,113.315,113.303,113.31,138000000,1
1499337600000,1499337659000,113.31,113.321,113.302,113.302,129430000,1
1499337660000,1499337719000,113.302,113.313,113.301,113.305,103170000,1
1499337720000,1499337779000,113.305,113.309,113.301,113.309,94250000,1
1499337780000,1499337839000,113.31,113.336,113.31,113.329,154580000,1
1499337840000,1499337899000,113.331,113.335,113.305,113.308,194970000,1
1499337900000,1499337959000,113.309,113.317,113.303,113.314,58970000,1
1499337960000,1499338019000,113.314,113.318,113.314,113.317,31800000,1
1499338020000,1499338079000,113.319,113.336,113.319,113.328,96280000,1
1499338080000,1499338139000,113.328,113.329,113.295,113.299,141310000,1
1499338140000,1499338199000,113.3,113.3,113.278,113.284,150210000,1
1499338200000,1499338259000,113.284,113.3,113.284,113.293,106310000,1
1499338260000,1499338319000,113.294,113.296,113.28,113.282,104260000,1
1499338320000,1499338379000,113.282,113.29,113.275,113.277,150040000,1
1499338380000,1499338439000,113.275,113.293,113.275,113.292,139280000,1
1499338440000,1499338499000,113.293,113.301,113.293,113.298,73360000,1
1499338500000,1499338559000,113.3,113.301,113.293,113.297,99890000,1
1499338560000,1499338619000,113.3,113.31,113.295,113.308,114470000,1
1499338620000,1499338679000,113.308,113.313,113.292,113.292,160950000,1
1499338680000,1499338739000,113.292,113.292,113.255,113.267,183920000,1
1499338740000,1499338799000,113.267,113.268,113.256,113.256,121450000,1
1499338800000,1499338859000,113.256,113.268,113.247,113.26,129060000,1
1499338860000,1499338919000,113.26,113.261,113.255,113.257,82630000,1
1499338920000,1499338979000,113.259,113.259,113.245,113.252,139070000,1
1499338980000,1499339039000,113.255,113.295,113.255,113.295,165410000,1
1499339040000,1499339099000,113.294,113.295,113.259,113.261,182760000,1
1499339100000,1499339159000,113.261,113.292,113.261,113.281,135690000,1
1499339160000,1499339219000,113.281,113.282,113.269,113.275,136090000,1
1499339220000,1499339279000,113.275,113.315,113.275,113.315,167330000,1
1499339280000,1499339339000,113.315,113.322,113.289,113.303,183750000,1
1499339340000,1499339399000,113.302,113.31,113.291,113.306,128450000,1
1499339400000,1499339459000,113.304,113.328,113.302,113.32,120470000,1
1499339460000,1499339519000,113.318,113.334,113.315,113.328,157950000,1
1499339520000,1499339579000,113.327,113.353,113.32,113.348,128130000,1
1499339580000,1499339639000,113.348,113.348,113.336,113.344,85010000,1
1499339640000,1499339699000,113.345,113.346,113.328,113.329,101570000,1
1499339700000,1499339759000,113.328,113.337,113.328,113.328,67540000,1
1499339760000,1499339819000,113.329,113.336,113.328,113.333,86880000,1
1499339820000,1499339879000,113.333,113.334,113.322,113.327,87040000,1
1499339880000,1499339939000,113.327,113.327,113.311,113.323,74970000,1
1499339940000,1499339999000,113.323,113.325,113.318,113.321,90940000,1
1499340000000,1499340059000,113.32,113.323,113.313,113.32,93090000,1
1499340060000,1499340119000,113.321,113.331,113.321,113.329,69100000,1
1499340120000,1499340179000,113.331,113.333,113.32,113.321,121980000,1
1499340180000,1499340239000,113.319,113.336,113.314,113.333,114710000,1
1499340240000,1499340299000,113.335,113.35,113.335,113.342,87940000,1
1499340300000,1499340359000,113.342,113.342,113.329,113.335,47510000,1
1499340360000,1499340419000,113.333,113.339,113.329,113.336,66140000,1
1499340420000,1499340479000,113.336,113.349,113.334,113.344,94660000,1
1499340480000,1499340539000,113.345,113.365,113.343,113.365,117060000,1
1499340540000,1499340599000,113.365,113.365,113.351,113.352,156050000,1
1499340600000,1499340659000,113.352,113.383,113.351,113.37,294570000,1
1499340660000,1499340719000,113.371,113.387,113.366,113.373,167560000,1
1499340720000,1499340779000,113.373,113.38,113.367,113.368,134090000,1
1499340780000,1499340839000,113.367,113.367,113.358,113.36,115800000,1
1499340840000,1499340899000,113.361,113.371,113.346,113.349,221340000,1
1499340900000,1499340959000,113.351,113.358,113.34,113.341,112100000,1
1499340960000,1499341019000,113.341,113.341,113.302,113.315,225770000,1
1499341020000,1499341079000,113.318,113.326,113.314,113.319,115510000,1
1499341080000,1499341139000,113.319,113.33,113.317,113.318,124520000,1
1499341140000,1499341199000,113.319,113.321,113.312,113.314,62190000,1
1499341200000,1499341259000,113.315,113.326,113.295,113.299,104860000,1
1499341260000,1499341319000,113.3,113.307,113.29,113.305,77760000,1
1499341320000,1499341379000,113.306,113.323,113.301,113.318,151660000,1
1499341380000,1499341439000,113.319,113.34,113.31,113.337,132660000,1
1499341440000,1499341499000,113.339,113.341,113.313,113.313,138870000,1
1499341500000,1499341559000,113.313,113.326,113.303,113.319,166560000,1
1499341560000,1499341619000,113.32,113.326,113.308,113.32,254320000,1
1499341620000,1499341679000,113.326,113.341,113.326,113.335,159240000,1
1499341680000,1499341739000,113.334,113.334,113.32,113.327,125390000,1
1499341740000,1499341799000,113.327,113.337,113.309,113.309,182790000,1
1499341800000,1499341859000,113.309,113.329,113.309,113.326,197140000,1
1499341860000,1499341919000,113.325,113.327,113.308,113.308,149580000,1
1499341920000,1499341979000,113.308,113.321,113.307,113.317,140780000,1
1499341980000,1499342039000,113.317,113.319,113.308,113.318,116250000,1
1499342040000,1499342099000,113.319,113.348,113.314,113.347,183300000,1
1499342100000,1499342159000,113.348,113.359,113.334,113.336,138010000,1
1499342160000,1499342219000,113.335,113.347,113.333,113.333,103670000,1
1499342220000,1499342279000,113.332,113.337,113.324,113.324,110980000,1
1499342280000,1499342339000,113.325,113.334,113.307,113.334,157540000,1
1499342340000,1499342399000,113.334,113.342,113.332,113.342,136420000,1
1499342400000,1499342459000,113.342,113.348,113.34,113.34,81120000,1
1499342460000,1499342519000,113.339,113.354,113.335,113.353,147580000,1
1499342520000,1499342579000,113.354,113.375,113.353,113.368,118250000,1
1499342580000,1499342639000,113.367,113.38,113.361,113.371,186000000,1
1499342640000,1499342699000,113.371,113.378,113.36,113.377,176840000,1
1499342700000,1499342759000,113.377,113.386,113.374,113.386,217830000,1
1499342760000,1499342819000,113.385,113.417,113.377,113.407,207860000,1
1499342820000,1499342879000,113.405,113.418,113.399,113.415,203730000,1
1499342880000,1499342939000,113.417,113.418,113.398,113.41,149800000,1
1499342940000,1499342999000,113.41,113.41,113.385,113.401,166270000,1
1499343000000,1499343059000,113.402,113.402,113.379,113.396,141810000,1
1499343060000,1499343119000,113.395,113.398,113.387,113.39,60530000,1
1499343120000,1499343179000,113.391,113.401,113.387,113.401,61740000,1
1499343180000,1499343239000,113.401,113.406,113.378,113.379,101630000,1
1499343240000,1499343299000,113.379,113.387,113.283,113.283,214210000,1
1499343300000,1499343359000,113.285,113.294,113.2,113.231,426390000,1
1499343360000,1499343419000,113.23,113.264,113.217,113.245,303310000,1
1499343420000,1499343479000,113.243,113.296,113.221,113.252,300850000,1
1499343480000,1499343539000,113.251,113.259,113.24,113.246,216740000,1
1499343540000,1499343599000,113.246,113.25,113.154,113.175,379620000,1
1499343600000,1499343659000,113.182,113.199,113.168,113.189,257320000,1
1499343660000,1499343719000,113.191,113.209,113.188,113.196,140880000,1
1499343720000,1499343779000,113.199,113.257,113.199,113.239,211370000,1
1499343780000,1499343839000,113.239,113.275,113.239,113.272,211460000,1
1499343840000,1499343899000,113.273,113.297,113.252,113.255,234730000,1
1499343900000,1499343959000,113.254,113.27,113.251,113.26,140250000,1
1499343960000,1499344019000,113.26,113.268,113.256,113.261,75210000,1
1499344020000,1499344079000,113.259,113.273,113.258,113.266,84980000,1
1499344080000,1499344139000,113.266,113.266,113.246,113.246,133130000,1
1499344140000,1499344199000,113.246,113.294,113.234,113.268,112810000,1
1499344200000,1499344259000,113.269,113.27,113.214,113.214,221940000,1
1499344260000,1499344319000,113.214,113.267,113.202,113.264,193410000,1
1499344320000,1499344379000,113.263,113.315,113.255,113.315,217960000,1
1499344380000,1499344439000,113.313,113.347,113.311,113.328,260370000,1
1499344440000,1499344499000,113.328,113.329,113.274,113.284,197300000,1
1499344500000,1499344559000,113.283,113.301,113.258,113.261,179000000,1
1499344560000,1499344619000,113.261,113.273,113.223,113.246,190530000,1
1499344620000,1499344679000,113.248,113.251,113.227,113.245,198650000,1
1499344680000,1499344739000,113.245,113.274,113.24,113.263,186350000,1
1499344740000,1499344799000,113.26,113.262,113.226,113.259,271280000,1
1499344800000,1499344859000,113.259,113.261,113.213,113.213,224750000,1
1499344860000,1499344919000,113.213,113.213,113.189,113.21,195570000,1
1499344920000,1499344979000,113.21,113.222,113.177,113.179,233640000,1
1499344980000,1499345039000,113.179,113.215,113.17,113.21,244510000,1
1499345040000,1499345099000,113.21,113.212,113.131,113.14,271290000,1
1499345100000,1499345159000,113.143,113.166,113.143,113.143,221880000,1
1499345160000,1499345219000,113.143,113.15,113.129,113.143,228890000,1
1499345220000,1499345279000,113.143,113.155,113.116,113.146,207200000,1
1499345280000,1499345339000,113.141,113.147,113.136,113.137,159060000,1
1499345340000,1499345399000,113.138,113.172,113.124,113.163,235210000,1
1499345400000,1499345459000,113.163,113.17,113.148,113.156,304450000,1
1499345460000,1499345519000,113.153,113.175,113.153,113.164,252960000,1
1499345520000,1499345579000,113.165,113.212,113.158,113.209,209060000,1
1499345580000,1499345639000,113.207,113.235,113.203,113.226,193840000,1
1499345640000,1499345699000,113.227,113.262,113.224,113.246,227150000,1
1499345700000,1499345759000,113.245,113.253,113.222,113.236,200570000,1
1499345760000,1499345819000,113.235,113.235,113.215,113.215,130830000,1
1499345820000,1499345879000,113.215,113.22,113.201,113.201,128240000,1
1499345880000,1499345939000,113.202,113.202,113.188,113.194,106320000,1
1499345940000,1499345999000,113.194,113.221,113.193,113.22,93230000,1
1499346000000,1499346059000,113.219,113.235,113.212,113.215,212130000,1
1499346060000,1499346119000,113.214,113.224,113.195,113.195,191910000,1
1499346120000,1499346179000,113.196,113.22,113.189,113.218,135190000,1
1499346180000,1499346239000,113.217,113.228,113.207,113.216,149290000,1
1499346240000,1499346299000,113.215,113.217,113.201,113.203,121780000,1
1499346300000,1499346359000,113.205,113.216,113.196,113.199,192210000,1
1499346360000,1499346419000,113.199,113.217,113.188,113.217,189470000,1
1499346420000,1499346479000,113.217,113.217,113.202,113.204,169910000,1
1499346480000,1499346539000,113.206,113.221,113.197,113.197,132160000,1
1499346540000,1499346599000,113.197,113.228,113.195,113.223,167580000,1
1499346600000,1499346659000,113.223,113.247,113.223,113.234,151990000,1
1499346660000,1499346719000,113.237,113.241,113.233,113.233,77610000,1
1499346720000,1499346779000,113.235,113.236,113.227,113.229,101230000,1
1499346780000,1499346839000,113.227,113.229,113.188,113.188,127810000,1
1499346840000,1499346899000,113.188,113.189,113.165,113.165,147600000,1
1499346900000,1499346959000,113.167,113.176,113.163,113.171,111330000,1
1499346960000,1499347019000,113.171,113.195,113.168,113.195,152670000,1
1499347020000,1499347079000,113.194,113.194,113.161,113.162,181580000,1
1499347080000,1499347139000,113.161,113.175,113.149,113.159,124600000,1
1499347140000,1499347199000,113.159,113.183,113.159,113.177,147650000,1
1499347200000,1499347259000,113.176,113.192,113.17,113.175,173390000,1
1499347260000,1499347319000,113.176,113.182,113.17,113.172,101110000,1
1499347320000,1499347379000,113.172,113.172,113.149,113.149,158330000,1
1499347380000,1499347439000,113.149,113.162,113.136,113.153,143110000,1
1499347440000,1499347499000,113.153,113.161,113.149,113.157,126860000,1
1499347500000,1499347559000,113.155,113.17,113.155,113.166,76490000,1
1499347560000,1499347619000,113.166,113.177,113.165,113.168,86540000,1
1499347620000,1499347679000,113.17,113.173,113.152,113.16,125890000,1
1499347680000,1499347739000,113.16,113.174,113.149,113.152,102700000,1
1499347740000,1499347799000,113.151,113.156,113.145,113.151,87960000,1
1499347800000,1499347859000,113.151,113.165,113.147,113.16,221640000,1
1499347860000,1499347919000,113.161,113.22,113.161,113.193,248500000,1
1499347920000,1499347979000,113.192,113.202,113.189,113.199,168110000,1
1499347980000,1499348039000,113.199,113.199,113.179,113.183,187610000,1
1499348040000,1499348099000,113.183,113.231,113.182,113.214,250400000,1
1499348100000,1499348159000,113.214,113.222,113.2,113.219,217480000,1
1499348160000,1499348219000,113.218,113.235,113.211,113.219,231960000,1
1499348220000,1499348279000,113.218,113.22,113.196,113.198,203070000,1
1499348280000,1499348339000,113.198,113.198,113.169,113.194,210490000,1
1499348340000,1499348399000,113.194,113.194,113.091,113.104,289860000,1
1499348400000,1499348459000,113.103,113.105,113.068,113.078,250020000,1
1499348460000,1499348519000,113.079,113.109,113.079,113.089,297420000,1
1499348520000,1499348579000,113.089,113.091,113.076,113.083,186600000,1
1499348580000,1499348639000,113.084,113.099,113.084,113.099,68970000,1
1499348640000,1499348699000,113.1,113.106,113.081,113.095,145950000,1
1499348700000,1499348759000,113.099,113.112,113.048,113.05,291310000,1
1499348760000,1499348819000,113.051,113.1,113.051,113.095,291840000,1
1499348820000,1499348879000,113.095,113.095,113.052,113.058,293470000,1
1499348880000,1499348939000,113.059,113.072,113.045,113.069,237950000,1
1499348940000,1499348999000,113.069,113.076,113.057,113.066,227620000,1
1499349000000,1499349059000,113.065,113.092,113.057,113.082,210600000,1
1499349060000,1499349119000,113.084,113.086,113.031,113.084,250470000,1
1499349120000,1499349179000,113.084,113.086,113.051,113.054,242840000,1
1499349180000,1499349239000,113.054,113.077,113.054,113.072,185750000,1
1499349240000,1499349299000,113.074,113.09,113.058,113.069,190520000,1
1499349300000,1499349359000,113.07,113.073,113.04,113.042,181340000,1
1499349360000,1499349419000,113.041,113.063,113.026,113.058,191530000,1
1499349420000,1499349479000,113.057,113.081,113.057,113.08,156480000,1
1499349480000,1499349539000,113.079,113.1,113.077,113.09,116160000,1
1499349540000,1499349599000,113.091,113.101,113.075,113.095,165040000,1
1499349600000,1499349659000,113.102,113.181,113.102,113.147,416810000,1
1499349660000,1499349719000,113.146,113.212,113.14,113.195,329410000,1
1499349720000,1499349779000,113.196,113.196,113.155,113.162,235480000,1
1499349780000,1499349839000,113.163,113.187,113.13,113.139,290770000,1
1499349840000,1499349899000,113.136,113.145,113.1,113.134,265480000,1
1499349900000,1499349959000,113.134,113.134,113.099,113.118,221860000,1
1499349960000,1499350019000,113.117,113.117,113.063,113.086,325010000,1
1499350020000,1499350079000,113.085,113.093,113.063,113.064,209710000,1
1499350080000,1499350139000,113.063,113.092,113.039,113.076,274710000,1
1499350140000,1499350199000,113.076,113.111,113.052,113.11,284460000,1
1499350200000,1499350259000,113.109,113.126,113.093,113.093,218980000,1
1499350260000,1499350319000,113.093,113.176,113.093,113.152,263420000,1
1499350320000,1499350379000,113.153,113.173,113.137,113.155,193840000,1
1499350380000,1499350439000,113.155,113.157,113.127,113.152,191680000,1
1499350440000,1499350499000,113.152,113.17,113.136,113.138,236510000,1
1499350500000,1499350559000,113.137,113.154,113.131,113.153,150780000,1
1499350560000,1499350619000,113.153,113.171,113.114,113.118,244520000,1
1499350620000,1499350679000,113.113,113.139,113.113,113.128,192590000,1
1499350680000,1499350739000,113.126,113.151,113.126,113.148,171730000,1
1499350740000,1499350799000,113.146,113.146,113.11,113.113,215600000,1
1499350800000,1499350859000,113.117,113.15,113.114,113.147,155610000,1
1499350860000,1499350919000,113.147,113.147,113.119,113.145,197580000,1
1499350920000,1499350979000,113.145,113.196,113.14,113.172,213140000,1
1499350980000,1499351039000,113.172,113.213,113.172,113.205,156640000,1
1499351040000,1499351099000,113.206,113.206,113.184,113.185,206430000,1
1499351100000,1499351159000,113.186,113.198,113.181,113.195,163880000,1
1499351160000,1499351219000,113.193,113.193,113.168,113.169,170630000,1
1499351220000,1499351279000,113.171,113.191,113.159,113.183,159570000,1
1499351280000,1499351339000,113.183,113.201,113.162,113.168,129090000,1
1499351340000,1499351399000,113.169,113.185,113.152,113.179,165550000,1
1499351400000,1499351459000,113.177,113.178,113.146,113.157,162490000,1
1499351460000,1499351519000,113.158,113.158,113.122,113.133,227020000,1
1499351520000,1499351579000,113.134,113.158,113.132,113.151,167290000,1
1499351580000,1499351639000,113.152,113.17,113.132,113.166,176300000,1
1499351640000,1499351699000,113.165,113.18,113.164,113.178,160370000,1
1499351700000,1499351759000,113.177,113.232,113.173,113.23,134030000,1
1499351760000,1499351819000,113.227,113.227,113.208,113.213,145360000,1
1499351820000,1499351879000,113.214,113.223,113.208,113.208,132120000,1
1499351880000,1499351939000,113.206,113.211,113.192,113.203,94530000,1
1499351940000,1499351999000,113.204,113.218,113.193,113.214,181700000,1
1499352000000,1499352059000,113.213,113.215,113.194,113.202,192820000,1
1499352060000,1499352119000,113.2,113.205,113.189,113.193,136790000,1
1499352120000,1499352179000,113.194,113.205,113.18,113.184,132060000,1
1499352180000,1499352239000,113.184,113.195,113.172,113.192,112430000,1
1499352240000,1499352299000,113.192,113.232,113.187,113.223,146150000,1
1499352300000,1499352359000,113.228,113.236,113.219,113.221,136320000,1
1499352360000,1499352419000,113.22,113.26,113.217,113.253,151770000,1
1499352420000,1499352479000,113.252,113.254,113.239,113.242,197210000,1
1499352480000,1499352539000,113.242,113.249,113.226,113.227,175780000,1
1499352540000,1499352599000,113.228,113.253,113.227,113.236,154390000,1
1499352600000,1499352659000,113.237,113.24,113.216,113.218,146930000,1
1499352660000,1499352719000,113.219,113.226,113.207,113.223,109650000,1
1499352720000,1499352779000,113.221,113.225,113.205,113.206,134980000,1
1499352780000,1499352839000,113.205,113.209,113.18,113.188,144500000,1
1499352840000,1499352899000,113.187,113.194,113.178,113.183,136050000,1
1499352900000,1499352959000,113.183,113.183,113.169,113.18,117650000,1
1499352960000,1499353019000,113.179,113.186,113.17,113.178,104690000,1
1499353020000,1499353079000,113.179,113.179,113.148,113.15,193380000,1
1499353080000,1499353139000,113.151,113.152,113.112,113.127,245390000,1
1499353140000,1499353199000,113.126,113.182,113.122,113.18,270790000,1
1499353200000,1499353259000,113.18,113.2,113.169,113.194,268310000,1
1499353260000,1499353319000,113.193,113.211,113.176,113.202,183530000,1
1499353320000,1499353379000,113.201,113.227,113.195,113.227,276780000,1
1499353380000,1499353439000,113.228,113.231,113.185,113.209,175260000,1
1499353440000,1499353499000,113.208,113.256,113.208,113.255,245680000,1
1499353500000,1499353559000,113.254,113.292,113.254,113.275,181570000,1
1499353560000,1499353619000,113.276,113.301,113.263,113.296,211970000,1
1499353620000,1499353679000,113.295,113.321,113.287,113.3,206090000,1
1499353680000,1499353739000,113.3,113.321,113.299,113.321,195820000,1
1499353740000,1499353799000,113.32,113.326,113.306,113.308,161400000,1
1499353800000,1499353859000,113.307,113.311,113.285,113.29,239940000,1
1499353860000,1499353919000,113.29,113.3,113.286,113.29,210800000,1
1499353920000,1499353979000,113.286,113.295,113.26,113.271,219970000,1
1499353980000,1499354039000,113.271,113.304,113.27,113.292,230040000,1
1499354040000,1499354099000,113.292,113.294,113.271,113.274,199500000,1
1499354100000,1499354159000,113.273,113.286,113.268,113.284,215670000,1
1499354160000,1499354219000,113.285,113.285,113.255,113.259,206260000,1
1499354220000,1499354279000,113.257,113.258,113.233,113.239,202890000,1
1499354280000,1499354339000,113.24,113.247,113.229,113.242,196110000,1
1499354340000,1499354399000,113.241,113.245,113.221,113.227,171170000,1
1499354400000,1499354459000,113.228,113.235,113.211,113.229,164310000,1
1499354460000,1499354519000,113.228,113.229,113.217,113.223,77460000,1
1499354520000,1499354579000,113.223,113.228,113.21,113.228,176560000,1
1499354580000,1499354639000,113.228,113.229,113.21,113.218,141410000,1
1499354640000,1499354699000,113.217,113.235,113.209,113.235,115090000,1
1499354700000,1499354759000,113.235,113.245,113.228,113.228,141500000,1
1499354760000,1499354819000,113.23,113.262,113.23,113.253,144230000,1
1499354820000,1499354879000,113.254,113.259,113.242,113.259,169800000,1
1499354880000,1499354939000,113.26,113.27,113.255,113.268,95420000,1
1499354940000,1499354999000,113.267,113.267,113.258,113.264,160350000,1
1499355000000,1499355059000,113.263,113.288,113.262,113.286,133480000,1
1499355060000,1499355119000,113.286,113.286,113.273,113.28,127470000,1
1499355120000,1499355179000,113.28,113.289,113.257,113.261,141390000,1
1499355180000,1499355239000,113.261,113.293,113.253,113.281,152150000,1
1499355240000,1499355299000,113.281,113.307,113.275,113.307,168640000,1
1499355300000,1499355359000,113.307,113.32,113.305,113.305,192360000,1
1499355360000,1499355419000,113.307,113.309,113.267,113.275,149280000,1
1499355420000,1499355479000,113.275,113.31,113.27,113.304,173100000,1
1499355480000,1499355539000,113.303,113.303,113.29,113.295,111560000,1
1499355540000,1499355599000,113.294,113.315,113.294,113.315,187810000,1
1499355600000,1499355659000,113.319,113.347,113.315,113.34,211370000,1
1499355660000,1499355719000,113.339,113.353,113.335,113.337,148480000,1
1499355720000,1499355779000,113.34,113.372,113.34,113.361,120310000,1
1499355780000,1499355839000,113.36,113.36,113.347,113.354,76090000,1
1499355840000,1499355899000,113.355,113.379,113.355,113.358,110620000,1
1499355900000,1499355959000,113.358,113.358,113.345,113.345,133390000,1
1499355960000,1499356019000,113.345,113.35,113.336,113.339,177060000,1
1499356020000,1499356079000,113.339,113.339,113.32,113.327,134400000,1
1499356080000,1499356139000,113.329,113.33,113.31,113.31,117710000,1
1499356140000,1499356199000,113.31,113.313,113.297,113.302,202330000,1
1499356200000,1499356259000,113.301,113.318,113.297,113.311,126550000,1
1499356260000,1499356319000,113.312,113.326,113.312,113.321,164470000,1
1499356320000,1499356379000,113.32,113.338,113.317,113.335,103050000,1
1499356380000,1499356439000,113.335,113.336,113.301,113.308,130640000,1
1499356440000,1499356499000,113.307,113.309,113.289,113.305,194330000,1
1499356500000,1499356559000,113.305,113.305,113.267,113.276,124710000,1
1499356560000,1499356619000,113.275,113.295,113.272,113.29,117630000,1
1499356620000,1499356679000,113.289,113.302,113.281,113.281,108250000,1
1499356680000,1499356739000,113.282,113.289,113.275,113.275,186250000,1
1499356740000,1499356799000,113.274,113.318,113.274,113.298,123580000,1
1499356800000,1499356859000,113.296,113.313,113.281,113.295,130190000,1
1499356860000,1499356919000,113.295,113.299,113.29,113.291,98430000,1
1499356920000,1499356979000,113.293,113.309,113.29,113.306,80220000,1
1499356980000,1499357039000,113.304,113.304,113.294,113.303,68100000,1
1499357040000,1499357099000,113.303,113.319,113.3,113.319,102240000,1
1499357100000,1499357159000,113.321,113.331,113.321,113.325,99000000,1
1499357160000,1499357219000,113.326,113.327,113.314,113.317,86180000,1
1499357220000,1499357279000,113.318,113.319,113.313,113.314,70580000,1
1499357280000,1499357339000,113.314,113.319,113.313,113.313,48910000,1
1499357340000,1499357399000,113.312,113.312,113.286,113.286,114050000,1
1499357400000,1499357459000,113.287,113.293,113.26,113.262,161390000,1
1499357460000,1499357519000,113.26,113.268,113.252,113.26,107590000,1
1499357520000,1499357579000,113.261,113.278,113.261,113.272,65800000,1
1499357580000,1499357639000,113.271,113.275,113.262,113.265,84750000,1
1499357640000,1499357699000,113.265,113.28,113.251,113.279,122100000,1
1499357700000,1499357759000,113.278,113.278,113.269,113.272,128930000,1
1499357760000,1499357819000,113.27,113.277,113.265,113.269,95640000,1
1499357820000,1499357879000,113.27,113.274,113.268,113.273,50340000,1
1499357880000,1499357939000,113.273,113.279,113.262,113.269,94440000,1
1499357940000,1499357999000,113.268,113.268,113.264,113.265,75760000,1
1499358000000,1499358059000,113.264,113.265,113.253,113.253,51740000,1
1499358060000,1499358119000,113.256,113.259,113.253,113.259,60750000,1
1499358120000,1499358179000,113.259,113.269,113.254,113.265,78560000,1
1499358180000,1499358239000,113.264,113.264,113.247,113.253,46850000,1
1499358240000,1499358299000,113.253,113.266,113.245,113.259,77720000,1
1499358300000,1499358359000,113.259,113.272,113.255,113.265,69000000,1
1499358360000,1499358419000,113.267,113.28,113.265,113.271,72450000,1
1499358420000,1499358479000,113.27,113.277,113.27,113.27,23920000,1
1499358480000,1499358539000,113.27,113.27,113.248,113.254,105130000,1
1499358540000,1499358599000,113.254,113.271,113.254,113.267,92690000,1
1499358600000,1499358659000,113.268,113.277,113.268,113.277,84490000,1
1499358660000,1499358719000,113.276,113.287,113.268,113.284,71980000,1
1499358720000,1499358779000,113.283,113.295,113.281,113.291,82780000,1
1499358780000,1499358839000,113.29,113.291,113.283,113.285,39090000,1
1499358840000,1499358899000,113.284,113.284,113.28,113.282,28210000,1
1499358900000,1499358959000,113.281,113.291,113.281,113.286,54780000,1
1499358960000,1499359019000,113.287,113.294,113.284,113.284,62030000,1
1499359020000,1499359079000,113.284,113.294,113.28,113.287,70690000,1
1499359080000,1499359139000,113.287,113.339,113.287,113.332,104510000,1
1499359140000,1499359199000,113.332,113.333,113.311,113.313,134720000,1
1499359200000,1499359259000,113.312,113.316,113.303,113.313,52910000,1
1499359260000,1499359319000,113.312,113.313,113.299,113.301,49050000,1
1499359320000,1499359379000,113.3,113.316,113.292,113.316,76880000,1
1499359380000,1499359439000,113.315,113.332,113.313,113.32,69200000,1
1499359440000,1499359499000,113.319,113.328,113.313,113.328,51930000,1
1499359500000,1499359559000,113.328,113.333,113.316,113.319,76240000,1
1499359560000,1499359619000,113.318,113.32,113.311,113.32,50880000,1
1499359620000,1499359679000,113.319,113.33,113.318,113.325,68610000,1
1499359680000,1499359739000,113.324,113.331,113.323,113.328,83450000,1
1499359740000,1499359799000,113.327,113.342,113.32,113.339,76920000,1
1499359800000,1499359859000,113.338,113.359,113.337,113.356,148150000,1
1499359860000,1499359919000,113.355,113.359,113.344,113.35,154590000,1
1499359920000,1499359979000,113.351,113.353,113.344,113.345,101010000,1
1499359980000,1499360039000,113.347,113.349,113.333,113.333,74170000,1
1499360040000,1499360099000,113.332,113.333,113.32,113.332,92950000,1
1499360100000,1499360159000,113.33,113.337,113.325,113.334,83860000,1
1499360160000,1499360219000,113.335,113.336,113.323,113.325,50630000,1
1499360220000,1499360279000,113.325,113.327,113.316,113.319,89530000,1
1499360280000,1499360339000,113.317,113.324,113.311,113.311,166900000,1
1499360340000,1499360399000,113.312,113.315,113.305,113.31,78480000,1
1499360400000,1499360459000,113.31,113.324,113.31,113.319,94230000,1
1499360460000,1499360519000,113.318,113.329,113.311,113.318,134110000,1
1499360520000,1499360579000,113.316,113.316,113.311,113.312,146810000,1
1499360580000,1499360639000,113.313,113.328,113.312,113.328,78650000,1
1499360640000,1499360699000,113.328,113.328,113.31,113.312,91250000,1
1499360700000,1499360759000,113.312,113.328,113.309,113.328,77080000,1
1499360760000,1499360819000,113.328,113.328,113.316,113.316,75500000,1
1499360820000,1499360879000,113.32,113.322,113.31,113.321,77730000,1
1499360880000,1499360939000,113.319,113.32,113.301,113.304,55250000,1
1499360940000,1499360999000,113.306,113.31,113.302,113.305,99330000,1
1499361000000,1499361059000,113.303,113.303,113.278,113.28,131540000,1
1499361060000,1499361119000,113.28,113.289,113.279,113.279,121110000,1
1499361120000,1499361179000,113.279,113.279,113.266,113.268,75210000,1
1499361180000,1499361239000,113.268,113.274,113.266,113.274,104140000,1
1499361240000,1499361299000,113.273,113.292,113.272,113.287,76060000,1
1499361300000,1499361359000,113.289,113.299,113.288,113.299,50910000,1
1499361360000,1499361419000,113.3,113.301,113.294,113.299,65270000,1
1499361420000,1499361479000,113.298,113.298,113.288,113.294,92470000,1
1499361480000,1499361539000,113.296,113.306,113.293,113.298,109320000,1
1499361540000,1499361599000,113.298,113.308,113.292,113.292,100560000,1
1499361600000,1499361659000,113.292,113.305,113.277,113.304,50870000,1
1499361660000,1499361719000,113.305,113.309,113.299,113.3,110120000,1
1499361720000,1499361779000,113.3,113.306,113.293,113.294,64070000,1
1499361780000,1499361839000,113.295,113.315,113.295,113.313,45110000,1
1499361840000,1499361899000,113.311,113.311,113.302,113.308,44170000,1
1499361900000,1499361959000,113.305,113.306,113.271,113.271,81700000,1
1499361960000,1499362019000,113.271,113.292,113.269,113.289,72730000,1
1499362020000,1499362079000,113.288,113.291,113.28,113.281,45300000,1
1499362080000,1499362139000,113.282,113.283,113.277,113.278,33780000,1
1499362140000,1499362199000,113.277,113.29,113.273,113.273,121670000,1
1499362200000,1499362259000,113.273,113.279,113.261,113.261,97080000,1
1499362260000,1499362319000,113.259,113.264,113.251,113.253,90960000,1
1499362320000,1499362379000,113.254,113.256,113.243,113.243,51380000,1
1499362380000,1499362439000,113.242,113.242,113.234,113.241,77650000,1
1499362440000,1499362499000,113.24,113.241,113.231,113.238,76170000,1
1499362500000,1499362559000,113.237,113.255,113.236,113.242,122460000,1
1499362560000,1499362619000,113.242,113.246,113.235,113.244,102570000,1
1499362620000,1499362679000,113.245,113.269,113.243,113.243,96910000,1
1499362680000,1499362739000,113.242,113.246,113.234,113.236,86780000,1
1499362740000,1499362799000,113.235,113.235,113.217,113.218,103180000,1
1499362800000,1499362859000,113.218,113.225,113.201,113.225,215330000,1
1499362860000,1499362919000,113.227,113.233,113.203,113.212,167000000,1
1499362920000,1499362979000,113.209,113.224,113.209,113.219,87890000,1
1499362980000,1499363039000,113.217,113.221,113.197,113.217,142820000,1
1499363040000,1499363099000,113.216,113.221,113.203,113.211,134020000,1
1499363100000,1499363159000,113.211,113.247,113.209,113.23,181460000,1
1499363160000,1499363219000,113.231,113.247,113.231,113.243,102610000,1
1499363220000,1499363279000,113.24,113.24,113.211,113.211,59190000,1
1499363280000,1499363339000,113.212,113.237,113.212,113.233,69460000,1
1499363340000,1499363399000,113.233,113.243,113.229,113.237,76740000,1
1499363400000,1499363459000,113.237,113.241,113.231,113.239,46800000,1
1499363460000,1499363519000,113.238,113.239,113.229,113.237,56220000,1
1499363520000,1499363579000,113.238,113.238,113.221,113.223,57940000,1
1499363580000,1499363639000,113.222,113.226,113.221,113.226,52650000,1
1499363640000,1499363699000,113.226,113.239,113.216,113.228,54980000,1
1499363700000,1499363759000,113.228,113.233,113.22,113.233,70820000,1
1499363760000,1499363819000,113.232,113.238,113.229,113.23,59500000,1
1499363820000,1499363879000,113.23,113.248,113.229,113.248,85890000,1
1499363880000,1499363939000,113.251,113.253,113.24,113.246,98930000,1
1499363940000,1499363999000,113.244,113.246,113.233,113.233,122760000,1
1499364000000,1499364059000,113.234,113.241,113.218,113.221,159100000,1
1499364060000,1499364119000,113.222,113.231,113.218,113.228,127810000,1
1499364120000,1499364179000,113.228,113.232,113.223,113.232,56050000,1
1499364180000,1499364239000,113.232,113.235,113.229,113.235,95950000,1
1499364240000,1499364299000,113.234,113.235,113.228,113.229,48520000,1
1499364300000,1499364359000,113.229,113.23,113.214,113.214,43240000,1
1499364360000,1499364419000,113.215,113.22,113.211,113.211,83270000,1
1499364420000,1499364479000,113.213,113.222,113.209,113.222,66730000,1
1499364480000,1499364539000,113.223,113.241,113.221,113.221,98180000,1
1499364540000,1499364599000,113.221,113.239,113.219,113.238,83560000,1
1499364600000,1499364659000,113.238,113.242,113.226,113.228,88710000,1
1499364660000,1499364719000,113.233,113.233,113.231,113.231,47870000,1
1499364720000,1499364779000,113.233,113.243,113.233,113.243,39500000,1
1499364780000,1499364839000,113.243,113.246,113.223,113.223,104910000,1
1499364840000,1499364899000,113.223,113.233,113.223,113.224,110290000,1
1499364900000,1499364959000,113.223,113.224,113.205,113.221,165840000,1
1499364960000,1499365019000,113.221,113.233,113.217,113.227,123600000,1
1499365020000,1499365079000,113.228,113.241,113.227,113.239,95830000,1
1499365080000,1499365139000,113.233,113.233,113.227,113.227,67540000,1
1499365140000,1499365199000,113.226,113.232,113.206,113.207,111740000,1
1499365200000,1499365259000,113.206,113.208,113.194,113.207,145520000,1
1499365260000,1499365319000,113.206,113.224,113.205,113.222,88550000,1
1499365320000,1499365379000,113.223,113.224,113.209,113.215,82850000,1
1499365380000,1499365439000,113.215,113.215,113.204,113.204,86330000,1
1499365440000,1499365499000,113.205,113.207,113.191,113.193,68760000,1
1499365500000,1499365559000,113.194,113.21,113.192,113.205,81410000,1
1499365560000,1499365619000,113.205,113.218,113.204,113.213,68340000,1
1499365620000,1499365679000,113.214,113.215,113.206,113.208,127800000,1
1499365680000,1499365739000,113.206,113.206,113.196,113.203,88130000,1
1499365740000,1499365799000,113.203,113.215,113.201,113.211,79820000,1
1499365800000,1499365859000,113.21,113.21,113.201,113.204,73730000,1
1499365860000,1499365919000,113.204,113.209,113.203,113.203,45270000,1
1499365920000,1499365979000,113.201,113.201,113.178,113.179,99640000,1
1499365980000,1499366039000,113.18,113.191,113.179,113.189,120120000,1
1499366040000,1499366099000,113.19,113.21,113.19,113.204,118610000,1
1499366100000,1499366159000,113.204,113.206,113.201,113.203,58970000,1
1499366160000,1499366219000,113.204,113.207,113.196,113.202,70690000,1
1499366220000,1499366279000,113.201,113.206,113.193,113.196,56520000,1
1499366280000,1499366339000,113.195,113.195,113.182,113.187,52320000,1
1499366340000,1499366399000,113.188,113.198,113.186,113.194,84690000,1
1499366400000,1499366459000,113.193,113.206,113.193,113.199,43600000,1
1499366460000,1499366519000,113.201,113.213,113.201,113.207,123920000,1
1499366520000,1499366579000,113.208,113.217,113.206,113.209,169550000,1
1499366580000,1499366639000,113.211,113.222,113.211,113.217,124150000,1
1499366640000,1499366699000,113.217,113.222,113.212,113.212,117880000,1
1499366700000,1499366759000,113.211,113.22,113.211,113.219,145400000,1
1499366760000,1499366819000,113.219,113.219,113.202,113.206,98050000,1
1499366820000,1499366879000,113.205,113.212,113.205,113.207,115190000,1
1499366880000,1499366939000,113.209,113.225,113.209,113.225,87130000,1
1499366940000,1499366999000,113.226,113.226,113.222,113.226,64590000,1
1499367000000,1499367059000,113.227,113.233,113.224,113.225,132610000,1
1499367060000,1499367119000,113.227,113.234,113.222,113.225,92220000,1
1499367120000,1499367179000,113.227,113.228,113.225,113.225,81620000,1
1499367180000,1499367239000,113.225,113.244,113.225,113.244,158650000,1
1499367240000,1499367299000,113.245,113.245,113.239,113.245,92150000,1
1499367300000,1499367359000,113.245,113.253,113.245,113.252,85740000,1
1499367360000,1499367419000,113.252,113.252,113.233,113.247,60400000,1
1499367420000,1499367479000,113.247,113.253,113.247,113.252,55280000,1
1499367480000,1499367539000,113.253,113.261,113.252,113.261,76530000,1
1499367540000,1499367599000,113.262,113.262,113.248,113.252,202790000,1
1499367600000,1499367659000,113.253,113.265,113.253,113.265,115220000,1
1499367660000,1499367719000,113.264,113.272,113.264,113.269,126230000,1
1499367720000,1499367779000,113.269,113.269,113.259,113.261,94650000,1
1499367780000,1499367839000,113.261,113.265,113.259,113.264,91270000,1
1499367840000,1499367899000,113.264,113.265,113.259,113.26,37560000,1
1499367900000,1499367959000,113.259,113.264,113.258,113.259,98320000,1
1499367960000,1499368019000,113.258,113.261,113.25,113.251,109080000,1
1499368020000,1499368079000,113.251,113.253,113.241,113.242,70160000,1
1499368080000,1499368139000,113.241,113.253,113.241,113.246,87160000,1
1499368140000,1499368199000,113.246,113.27,113.246,113.266,73820000,1
1499368200000,1499368259000,113.266,113.27,113.253,113.253,104250000,1
1499368260000,1499368319000,113.253,113.253,113.249,113.252,42860000,1
1499368320000,1499368379000,113.252,113.26,113.252,113.26,55500000,1
1499368380000,1499368439000,113.259,113.26,113.252,113.252,50280000,1
1499368440000,1499368499000,113.252,113.252,113.237,113.243,112340000,1
1499368500000,1499368559000,113.243,113.25,113.239,113.249,60420000,1
1499368560000,1499368619000,113.249,113.256,113.249,113.255,22500000,1
1499368620000,1499368679000,113.255,113.261,113.254,113.261,60370000,1
1499368680000,1499368739000,113.261,113.272,113.253,113.253,95600000,1
1499368740000,1499368799000,113.253,113.253,113.253,113.253,14460000,1
1499368800000,1499368859000,113.254,113.254,113.245,113.246,93650000,1
1499368860000,1499368919000,113.246,113.247,113.24,113.241,87290000,1
1499368920000,1499368979000,113.241,113.243,113.23,113.238,118190000,1
1499368980000,1499369039000,113.24,113.24,113.233,113.239,72620000,1
1499369040000,1499369099000,113.238,113.239,113.234,113.239,133790000,1
1499369100000,1499369159000,113.239,113.24,113.233,113.234,121010000,1
1499369160000,1499369219000,113.235,113.237,113.234,113.234,59920000,1
1499369220000,1499369279000,113.234,113.236,113.228,113.234,114800000,1
1499369280000,1499369339000,113.234,113.237,113.228,113.237,79550000,1
1499369340000,1499369399000,113.235,113.235,113.207,113.209,100140000,1
1499369400000,1499369459000,113.208,113.214,113.199,113.211,161890000,1
1499369460000,1499369519000,113.211,113.222,113.208,113.22,72310000,1
1499369520000,1499369579000,113.222,113.222,113.214,113.215,78600000,1
1499369580000,1499369639000,113.214,113.217,113.198,113.213,146530000,1
1499369640000,1499369699000,113.213,113.216,113.203,113.208,149340000,1
1499369700000,1499369759000,113.208,113.208,113.176,113.178,121640000,1
1499369760000,1499369819000,113.177,113.182,113.176,113.177,87700000,1
1499369820000,1499369879000,113.178,113.182,113.171,113.172,121140000,1
1499369880000,1499369939000,113.171,113.171,113.163,113.166,156720000,1
1499369940000,1499369999000,113.165,113.177,113.165,113.173,110090000,1
1499370000000,1499370059000,113.173,113.173,113.161,113.169,121530000,1
1499370060000,1499370119000,113.169,113.173,113.165,113.165,144400000,1
1499370120000,1499370179000,113.165,113.176,113.162,113.176,135260000,1
1499370180000,1499370239000,113.174,113.176,113.163,113.171,114680000,1
1499370240000,1499370299000,113.171,113.171,113.161,113.166,160280000,1
1499370300000,1499370359000,113.166,113.184,113.164,113.184,132960000,1
1499370360000,1499370419000,113.183,113.19,113.181,113.187,68930000,1
1499370420000,1499370479000,113.187,113.19,113.185,113.19,112360000,1
1499370480000,1499370539000,113.19,113.192,113.182,113.182,165470000,1
1499370540000,1499370599000,113.18,113.183,113.178,113.183,87030000,1
1499370600000,1499370659000,113.181,113.184,113.173,113.179,106650000,1
1499370660000,1499370719000,113.179,113.186,113.178,113.185,74530000,1
1499370720000,1499370779000,113.183,113.196,113.183,113.196,116790000,1
1499370780000,1499370839000,113.196,113.196,113.19,113.195,71710000,1
1499370840000,1499370899000,113.195,113.222,113.195,113.215,129880000,1
1499370900000,1499370959000,113.215,113.216,113.203,113.205,130380000,1
1499370960000,1499371019000,113.208,113.209,113.206,113.209,71670000,1
1499371020000,1499371079000,113.209,113.214,113.205,113.211,51450000,1
1499371080000,1499371139000,113.211,113.212,113.207,113.209,62420000,1
1499371140000,1499371199000,113.209,113.228,113.2,113.201,178230000,1
1499371200000,1499371259000,113.202,113.21,113.194,113.199,95200000,1
1499371260000,1499371319000,113.199,113.204,113.197,113.201,128280000,1
1499371320000,1499371379000,113.202,113.203,113.195,113.196,79230000,1
1499371380000,1499371439000,113.196,113.2,113.191,113.198,69650000,1
1499371440000,1499371499000,113.198,113.198,113.195,113.196,23060000,1
1499371500000,1499371559000,113.197,113.2,113.188,113.19,99280000,1
1499371560000,1499371619000,113.19,113.191,113.189,113.19,23860000,1
1499371620000,1499371679000,113.19,113.19,113.186,113.186,40750000,1
1499371680000,1499371739000,113.187,113.188,113.185,113.185,26850000,1
1499371740000,1499371799000,113.185,113.19,113.185,113.189,17810000,1
1499371800000,1499371859000,113.189,113.192,113.187,113.189,38150000,1
1499371860000,1499371919000,113.19,113.19,113.188,113.189,69310000,1
1499371920000,1499371979000,113.189,113.189,113.186,113.188,29820000,1
1499371980000,1499372039000,113.187,113.189,113.186,113.188,28730000,1
1499372040000,1499372099000,113.188,113.19,113.179,113.183,58850000,1
1499372100000,1499372159000,113.182,113.188,113.176,113.177,48540000,1
1499372160000,1499372219000,113.177,113.177,113.164,113.166,14380000,1
1499372220000,1499372279000,113.166,113.17,113.157,113.17,55110000,1
1499372280000,1499372339000,113.169,113.18,113.168,113.178,106200000,1
1499372340000,1499372399000,113.18,113.184,113.178,113.184,84420000,1
1499372400000,1499372459000,113.184,113.19,113.184,113.189,62390000,1
1499372460000,1499372519000,113.188,113.191,113.186,113.19,42470000,1
1499372520000,1499372579000,113.189,113.191,113.186,113.191,64670000,1
1499372580000,1499372639000,113.194,113.194,113.191,113.191,12920000,1
1499372640000,1499372699000,113.194,113.212,113.194,113.211,70130000,1
1499372700000,1499372759000,113.212,113.216,113.203,113.203,97190000,1
1499372760000,1499372819000,113.206,113.206,113.197,113.202,30350000,1
1499372820000,1499372879000,113.202,113.202,113.195,113.197,79340000,1
1499372880000,1499372939000,113.198,113.206,113.198,113.203,36840000,1
1499372940000,1499372999000,113.202,113.203,113.195,113.202,97520000,1
1499373000000,1499373059000,113.202,113.215,113.198,113.215,127520000,1
1499373060000,1499373119000,113.215,113.215,113.202,113.203,123340000,1
1499373120000,1499373179000,113.202,113.213,113.202,113.208,96570000,1
1499373180000,1499373239000,113.208,113.21,113.196,113.201,64970000,1
1499373240000,1499373299000,113.202,113.202,113.196,113.202,56710000,1
1499373300000,1499373359000,113.202,113.206,113.195,113.205,65070000,1
1499373360000,1499373419000,113.203,113.213,113.196,113.211,78530000,1
1499373420000,1499373479000,113.212,113.215,113.206,113.212,91350000,1
1499373480000,1499373539000,113.212,113.215,113.206,113.215,34840000,1
1499373540000,1499373599000,113.215,113.217,113.215,113.217,26230000,1
1499373600000,1499373659000,113.214,113.217,113.208,113.208,45720000,1
1499373660000,1499373719000,113.208,113.21,113.197,113.202,46790000,1
1499373720000,1499373779000,113.203,113.204,113.202,113.204,29530000,1
1499373780000,1499373839000,113.204,113.209,113.201,113.201,33750000,1
1499373840000,1499373899000,113.201,113.202,113.19,113.19,48940000,1
1499373900000,1499373959000,113.19,113.197,113.189,113.196,55240000,1
1499373960000,1499374019000,113.2,113.202,113.187,113.19,71180000,1
1499374020000,1499374079000,113.191,113.202,113.191,113.196,54440000,1
1499374080000,1499374139000,113.2,113.204,113.193,113.193,47950000,1
1499374140000,1499374199000,113.193,113.217,113.193,113.213,81440000,1
1499374200000,1499374259000,113.213,113.222,113.213,113.222,50100000,1
1499374260000,1499374319000,113.222,113.222,113.201,113.206,35720000,1
1499374320000,1499374379000,113.206,113.206,113.195,113.204,117940000,1
1499374380000,1499374439000,113.205,113.209,113.203,113.208,32860000,1
1499374440000,1499374499000,113.207,113.213,113.206,113.207,59690000,1
1499374500000,1499374559000,113.206,113.207,113.194,113.199,49610000,1
1499374560000,1499374619000,113.197,113.201,113.193,113.194,36590000,1
1499374620000,1499374679000,113.194,113.205,113.193,113.205,24850000,1
1499374680000,1499374739000,113.205,113.218,113.201,113.209,80120000,1
1499374740000,1499374799000,113.211,113.219,113.209,113.219,71550000,1
1499374800000,1499374859000,113.219,113.219,113.2,113.2,13010000,1
1499374860000,1499374919000,113.167,113.167,113.162,113.162,9000000,1
1499374920000,1499374979000,113.166,113.186,113.166,113.172,20560000,1
1499374980000,1499375039000,113.167,113.183,113.154,113.183,26580000,1
1499375040000,1499375099000,113.182,113.182,113.158,113.159,49660000,1
1499375100000,1499375159000,113.16,113.165,113.156,113.165,50280000,1
1499375160000,1499375219000,113.165,113.165,113.16,113.161,9120000,1
1499375280000,1499375339000,113.162,113.164,113.16,113.162,15560000,1
1499375340000,1499375399000,113.161,113.17,113.161,113.17,26910000,1
1499375400000,1499375459000,113.167,113.178,113.167,113.178,35170000,1
1499375460000,1499375519000,113.18,113.18,113.17,113.171,22230000,1
1499375520000,1499375579000,113.171,113.171,113.167,113.169,11310000,1
1499375580000,1499375639000,113.169,113.178,113.169,113.178,18870000,1
1499375640000,1499375699000,113.178,113.209,113.178,113.199,56550000,1
1499375700000,1499375759000,113.203,113.215,113.199,113.201,76150000,1
1499375760000,1499375819000,113.201,113.202,113.197,113.197,69870000,1
1499375820000,1499375879000,113.198,113.2,113.198,113.2,96150000,1
1499375880000,1499375939000,113.199,113.201,113.199,113.201,73490000,1
1499375940000,1499375999000,113.201,113.201,113.199,113.199,25470000,1
1499376000000,1499376059000,113.199,113.2,113.186,113.186,30950000,1
1499376060000,1499376119000,113.186,113.186,113.179,113.18,54370000,1
1499376120000,1499376179000,113.18,113.18,113.162,113.163,78170000,1
1499376180000,1499376239000,113.165,113.165,113.161,113.161,103810000,1
1499376240000,1499376299000,113.16,113.165,113.16,113.161,80060000,1
1499376300000,1499376359000,113.161,113.177,113.161,113.167,89120000,1
1499376360000,1499376419000,113.167,113.179,113.165,113.166,76500000,1
1499376420000,1499376479000,113.165,113.17,113.165,113.167,46500000,1
1499376480000,1499376539000,113.168,113.17,113.163,113.163,51350000,1
1499376540000,1499376599000,113.165,113.166,113.163,113.165,40800000,1
1499376600000,1499376659000,113.165,113.17,113.165,113.167,40790000,1
1499376660000,1499376719000,113.168,113.17,113.166,113.166,33810000,1
1499376720000,1499376779000,113.169,113.171,113.158,113.159,49080000,1
1499376780000,1499376839000,113.16,113.16,113.157,113.158,40040000,1
1499376840000,1499376899000,113.158,113.16,113.158,113.16,69700000,1
1499376900000,1499376959000,113.16,113.163,113.149,113.153,109320000,1
1499376960000,1499377019000,113.153,113.157,113.15,113.15,79680000,1
1499377020000,1499377079000,113.15,113.151,113.148,113.148,91690000,1
1499377080000,1499377139000,113.148,113.151,113.132,113.133,171490000,1
1499377140000,1499377199000,113.132,113.138,113.13,113.132,184170000,1
1499377200000,1499377259000,113.133,113.134,113.129,113.129,43650000,1
1499377260000,1499377319000,113.13,113.13,113.123,113.123,26480000,1
1499377320000,1499377379000,113.124,113.128,113.12,113.128,60130000,1
1499377380000,1499377439000,113.128,113.129,113.128,113.129,160190000,1
1499377440000,1499377499000,113.128,113.129,113.127,113.127,195010000,1
1499377500000,1499377559000,113.127,113.127,113.126,113.127,10620000,1
1499377560000,1499377619000,113.127,113.136,113.127,113.136,34090000,1
1499377620000,1499377679000,113.136,113.136,113.133,113.133,60820000,1
1499377680000,1499377739000,113.132,113.137,113.132,113.137,34560000,1
1499377740000,1499377799000,113.14,113.17,113.138,113.169,67890000,1
1499377800000,1499377859000,113.169,113.218,113.163,113.179,145360000,1
1499377860000,1499377919000,113.18,113.19,113.154,113.154,113430000,1
1499377920000,1499377979000,113.155,113.209,113.153,113.165,186470000,1
1499377980000,1499378039000,113.164,113.176,113.164,113.167,17170000,1
1499378040000,1499378099000,113.167,113.167,113.166,113.166,11120000,1
1499378100000,1499378159000,113.176,113.176,113.16,113.166,48800000,1
1499378160000,1499378219000,113.165,113.167,113.165,113.166,24300000,1
1499378220000,1499378279000,113.167,113.169,113.165,113.166,30450000,1
1499378280000,1499378339000,113.165,113.178,113.165,113.168,16190000,1
1499378340000,1499378399000,113.168,113.175,113.168,113.175,9320000,1
1499378400000,1499378459000,113.174,113.18,113.171,113.173,34130000,1
1499378460000,1499378519000,113.174,113.186,113.174,113.184,15340000,1
1499378520000,1499378579000,113.183,113.192,113.183,113.191,12010000,1
1499378580000,1499378639000,113.191,113.192,113.184,113.186,31340000,1
1499378640000,1499378699000,113.19,113.195,113.185,113.186,82500000,1
1499378700000,1499378759000,113.186,113.193,113.184,113.184,81500000,1
1499378760000,1499378819000,113.185,113.185,113.154,113.154,61700000,1
1499378820000,1499378879000,113.154,113.157,113.151,113.154,79750000,1
1499378880000,1499378939000,113.154,113.155,113.141,113.143,52780000,1
1499378940000,1499378999000,113.143,113.146,113.127,113.133,117990000,1
1499379000000,1499379059000,113.131,113.142,113.125,113.125,74630000,1
1499379060000,1499379119000,113.125,113.138,113.124,113.125,59440000,1
1499379120000,1499379179000,113.128,113.132,113.127,113.13,42620000,1
1499379180000,1499379239000,113.13,113.13,113.129,113.129,13380000,1
1499379240000,1499379299000,113.13,113.13,113.128,113.129,28410000,1
1499379300000,1499379359000,113.129,113.145,113.129,113.145,32270000,1
1499379360000,1499379419000,113.144,113.148,113.135,113.148,34060000,1
1499379420000,1499379479000,113.151,113.151,113.133,113.134,30370000,1
1499379480000,1499379539000,113.134,113.14,113.133,113.135,26420000,1
1499379540000,1499379599000,113.134,113.14,113.134,113.14,19100000,1
1499379600000,1499379659000,113.14,113.157,113.14,113.155,34710000,1
1499379660000,1499379719000,113.155,113.157,113.146,113.147,24240000,1
1499379720000,1499379779000,113.151,113.151,113.146,113.148,30050000,1
1499379780000,1499379839000,113.147,113.152,113.147,113.149,16660000,1
1499379840000,1499379899000,113.151,113.151,113.131,113.133,38790000,1
1499379900000,1499379959000,113.136,113.145,113.136,113.143,35440000,1
1499379960000,1499380019000,113.142,113.142,113.125,113.126,29140000,1
1499380020000,1499380079000,113.127,113.127,113.12,113.12,21110000,1
1499380080000,1499380139000,113.12,113.126,113.12,113.123,47780000,1
1499380140000,1499380199000,113.124,113.129,113.123,113.129,32250000,1
1499380200000,1499380259000,113.13,113.138,113.127,113.138,49640000,1
1499380260000,1499380319000,113.14,113.198,113.137,113.16,87210000,1
1499380320000,1499380379000,113.16,113.191,113.16,113.189,150800000,1
1499380380000,1499380439000,113.188,113.19,113.157,113.16,111820000,1
1499380440000,1499380499000,113.159,113.162,113.149,113.149,49980000,1
1499380500000,1499380559000,113.151,113.154,113.146,113.154,20950000,1
1499380560000,1499380619000,113.153,113.153,113.145,113.147,62670000,1
1499380620000,1499380679000,113.146,113.157,113.146,113.154,84730000,1
1499380680000,1499380739000,113.152,113.17,113.151,113.162,68800000,1
1499380740000,1499380799000,113.162,113.162,113.145,113.148,60650000,1
1499380800000,1499380859000,113.146,113.151,113.128,113.13,75980000,1
1499380860000,1499380919000,113.13,113.148,113.13,113.135,87890000,1
1499380920000,1499380979000,113.135,113.148,113.135,113.144,134540000,1
1499380980000,1499381039000,113.143,113.148,113.143,113.148,112650000,1
1499381040000,1499381099000,113.148,113.151,113.148,113.148,62710000,1
1499381100000,1499381159000,113.148,113.148,113.142,113.144,54430000,1
1499381160000,1499381219000,113.142,113.142,113.134,113.136,23400000,1
1499381220000,1499381279000,113.136,113.141,113.134,113.14,29330000,1
1499381280000,1499381339000,113.14,113.14,113.117,113.119,57760000,1
1499381340000,1499381399000,113.119,113.121,113.105,113.11,54490000,1
1499381400000,1499381459000,113.11,113.113,113.11,113.111,13250000,1
1499381460000,1499381519000,113.113,113.113,113.107,113.112,43820000,1
1499381520000,1499381579000,113.112,113.118,113.112,113.118,13340000,1
1499381580000,1499381639000,113.12,113.133,113.12,113.131,27800000,1
1499381640000,1499381699000,113.133,113.133,113.12,113.12,24760000,1
1499381700000,1499381759000,113.118,113.129,113.114,113.129,32480000,1
1499381760000,1499381819000,113.127,113.129,113.127,113.129,18310000,1
1499381820000,1499381879000,113.13,113.13,113.113,113.117,45580000,1
1499381880000,1499381939000,113.116,113.123,113.116,113.119,19940000,1
1499381940000,1499381999000,113.119,113.13,113.119,113.122,62620000,1
1499382000000,1499382059000,113.119,113.122,113.113,113.122,48670000,1
1499382060000,1499382119000,113.121,113.13,113.121,113.13,19430000,1
1499382120000,1499382179000,113.129,113.13,113.125,113.126,35540000,1
1499382180000,1499382239000,113.126,113.128,113.121,113.121,28430000,1
1499382240000,1499382299000,113.121,113.126,113.12,113.123,46730000,1
1499382360000,1499382419000,113.123,113.165,113.123,113.16,159260000,1
1499382420000,1499382479000,113.16,113.166,113.158,113.161,101830000,1
1499382480000,1499382539000,113.161,113.167,113.16,113.161,66220000,1
1499382540000,1499382599000,113.16,113.161,113.154,113.155,84160000,1
1499382600000,1499382659000,113.154,113.198,113.152,113.176,103990000,1
1499382660000,1499382719000,113.175,113.175,113.141,113.161,103750000,1
1499382720000,1499382779000,113.16,113.162,113.156,113.158,59310000,1
1499382780000,1499382839000,113.158,113.16,113.155,113.159,47220000,1
1499382840000,1499382899000,113.158,113.158,113.135,113.138,100910000,1
1499382900000,1499382959000,113.139,113.139,113.136,113.137,13480000,1
1499382960000,1499383019000,113.14,113.143,113.14,113.141,36260000,1
1499383020000,1499383079000,113.139,113.151,113.139,113.141,47040000,1
1499383080000,1499383139000,113.141,113.141,113.14,113.14,17980000,1
1499383140000,1499383199000,113.14,113.14,113.136,113.136,21370000,1
1499383200000,1499383259000,113.136,113.141,113.133,113.14,22950000,1
1499383260000,1499383319000,113.14,113.142,113.137,113.137,12470000,1
1499383320000,1499383379000,113.137,113.153,113.137,113.145,89030000,1
1499383380000,1499383439000,113.145,113.149,113.145,113.146,35550000,1
1499383440000,1499383499000,113.148,113.15,113.143,113.147,32470000,1
1499383500000,1499383559000,113.146,113.146,113.136,113.144,108580000,1
1499383560000,1499383619000,113.144,113.15,113.139,113.15,46210000,1
1499383620000,1499383679000,113.151,113.155,113.151,113.154,69520000,1
1499383680000,1499383739000,113.155,113.16,113.152,113.152,86540000,1
1499383740000,1499383799000,113.152,113.155,113.152,113.152,99300000,1
1499383800000,1499383859000,113.152,113.152,113.145,113.152,43420000,1
1499383860000,1499383919000,113.151,113.151,113.146,113.147,97920000,1
1499383920000,1499383979000,113.147,113.148,113.13,113.133,72220000,1
1499383980000,1499384039000,113.133,113.135,113.133,113.134,23180000,1
1499384040000,1499384099000,113.133,113.136,113.13,113.136,57480000,1
1499384100000,1499384159000,113.136,113.136,113.13,113.131,35670000,1
1499384160000,1499384219000,113.131,113.131,113.12,113.121,31840000,1
1499384220000,1499384279000,113.121,113.121,113.114,113.114,35070000,1
1499384280000,1499384339000,113.114,113.121,113.105,113.11,69900000,1
1499384340000,1499384399000,113.11,113.126,113.11,113.12,110330000,1
1499384400000,1499384459000,113.12,113.128,113.12,113.128,119520000,1
1499384460000,1499384519000,113.126,113.132,113.124,113.129,81520000,1
1499384520000,1499384579000,113.129,113.129,113.126,113.127,24500000,1
1499384580000,1499384639000,113.127,113.134,113.126,113.132,62040000,1
1499384640000,1499384699000,113.134,113.149,113.133,113.139,95490000,1
1499384700000,1499384759000,113.141,113.15,113.138,113.143,196820000,1
1499384760000,1499384819000,113.142,113.15,113.128,113.13,143150000,1
1499384820000,1499384879000,113.129,113.135,113.117,113.117,127710000,1
1499384880000,1499384939000,113.117,113.123,113.113,113.121,105800000,1
1499384940000,1499384999000,113.123,113.123,113.108,113.122,98410000,1
1499385000000,1499385059000,113.124,113.131,113.124,113.125,32670000,1
1499385060000,1499385119000,113.126,113.137,113.126,113.131,33810000,1
1499385120000,1499385179000,113.131,113.138,113.127,113.138,36030000,1
1499385180000,1499385239000,113.137,113.138,113.134,113.137,36730000,1
1499385240000,1499385299000,113.137,113.138,113.135,113.136,35380000,1
1499385300000,1499385359000,113.137,113.137,113.131,113.131,31570000,1
1499385360000,1499385419000,113.132,113.137,113.13,113.136,36150000,1
1499385420000,1499385479000,113.135,113.136,113.129,113.133,20170000,1
1499385480000,1499385539000,113.133,113.152,113.132,113.151,53330000,1
1499385540000,1499385599000,113.151,113.159,113.148,113.154,100160000,1
1499385600000,1499385659000,113.153,113.173,113.153,113.155,208040000,1
1499385660000,1499385719000,113.155,113.189,113.154,113.183,168690000,1
1499385720000,1499385779000,113.184,113.196,113.172,113.192,185070000,1
1499385780000,1499385839000,113.194,113.202,113.192,113.202,154530000,1
1499385840000,1499385899000,113.202,113.222,113.196,113.211,187810000,1
1499385900000,1499385959000,113.214,113.241,113.21,113.224,187840000,1
1499385960000,1499386019000,113.226,113.244,113.221,113.223,135240000,1
1499386020000,1499386079000,113.226,113.237,113.222,113.231,135090000,1
1499386080000,1499386139000,113.231,113.235,113.225,113.227,88470000,1
1499386140000,1499386199000,113.227,113.257,113.227,113.253,127290000,1
1499386200000,1499386259000,113.251,113.283,113.242,113.28,140810000,1
1499386260000,1499386319000,113.286,113.301,113.273,113.283,182170000,1
1499386320000,1499386379000,113.282,113.283,113.263,113.263,127220000,1
1499386380000,1499386439000,113.263,113.266,113.249,113.263,174970000,1
1499386440000,1499386499000,113.262,113.294,113.259,113.279,139960000,1
1499386500000,1499386559000,113.279,113.28,113.266,113.273,122290000,1
1499386560000,1499386619000,113.272,113.283,113.267,113.279,123330000,1
1499386620000,1499386679000,113.279,113.29,113.267,113.281,133860000,1
1499386680000,1499386739000,113.281,113.281,113.266,113.27,69590000,1
1499386740000,1499386799000,113.27,113.292,113.268,113.286,89940000,1
1499386800000,1499386859000,113.286,113.313,113.285,113.294,168430000,1
1499386860000,1499386919000,113.293,113.298,113.285,113.285,64170000,1
1499386920000,1499386979000,113.284,113.301,113.272,113.292,68550000,1
1499386980000,1499387039000,113.291,113.291,113.272,113.286,127680000,1
1499387040000,1499387099000,113.288,113.301,113.287,113.294,105340000,1
1499387100000,1499387159000,113.294,113.296,113.285,113.286,93130000,1
1499387160000,1499387219000,113.285,113.292,113.281,113.291,45430000,1
1499387220000,1499387279000,113.291,113.294,113.285,113.289,61920000,1
1499387280000,1499387339000,113.29,113.293,113.27,113.278,153000000,1
1499387340000,1499387399000,113.278,113.279,113.27,113.279,103500000,1
1499387400000,1499387459000,113.28,113.284,113.271,113.274,87050000,1
1499387460000,1499387519000,113.276,113.283,113.274,113.276,28900000,1
1499387520000,1499387579000,113.277,113.288,113.276,113.28,44250000,1
1499387580000,1499387639000,113.28,113.285,113.266,113.266,89180000,1
1499387640000,1499387699000,113.265,113.268,113.256,113.258,198580000,1
1499387700000,1499387759000,113.259,113.267,113.257,113.26,58970000,1
1499387760000,1499387819000,113.26,113.268,113.26,113.266,46230000,1
1499387820000,1499387879000,113.266,113.268,113.256,113.256,55530000,1
1499387880000,1499387939000,113.256,113.259,113.247,113.247,87840000,1
1499387940000,1499387999000,113.247,113.257,113.243,113.243,90930000,1
1499388000000,1499388059000,113.243,113.255,113.242,113.252,85000000,1
1499388060000,1499388119000,113.251,113.256,113.247,113.249,77710000,1
1499388120000,1499388179000,113.249,113.255,113.247,113.255,89430000,1
1499388180000,1499388239000,113.255,113.262,113.253,113.257,86270000,1
1499388240000,1499388299000,113.257,113.257,113.232,113.232,102990000,1
1499388300000,1499388359000,113.233,113.242,113.226,113.233,93170000,1
1499388360000,1499388419000,113.234,113.257,113.234,113.254,97390000,1
1499388420000,1499388479000,113.255,113.257,113.228,113.23,132620000,1
1499388480000,1499388539000,113.23,113.23,113.219,113.225,128320000,1
1499388540000,1499388599000,113.223,113.223,113.201,113.21,87730000,1
1499388600000,1499388659000,113.212,113.223,113.212,113.221,86170000,1
1499388660000,1499388719000,113.22,113.228,113.217,113.224,110000000,1
1499388720000,1499388779000,113.224,113.244,113.224,113.239,100610000,1
1499388780000,1499388839000,113.24,113.282,113.235,113.276,184280000,1
1499388840000,1499388899000,113.276,113.277,113.255,113.258,148480000,1
1499388900000,1499388959000,113.254,113.264,113.208,113.223,197590000,1
1499388960000,1499389019000,113.222,113.236,113.212,113.212,146690000,1
1499389020000,1499389079000,113.212,113.224,113.212,113.221,53350000,1
1499389080000,1499389139000,113.222,113.239,113.218,113.238,77640000,1
1499389140000,1499389199000,113.237,113.246,113.218,113.243,92610000,1
1499389200000,1499389259000,113.243,113.243,113.214,113.222,158700000,1
1499389260000,1499389319000,113.223,113.231,113.223,113.225,94790000,1
1499389320000,1499389379000,113.225,113.234,113.222,113.231,76230000,1
1499389380000,1499389439000,113.232,113.241,113.227,113.241,89880000,1
1499389440000,1499389499000,113.242,113.246,113.237,113.242,83180000,1
1499389500000,1499389559000,113.241,113.266,113.237,113.255,141440000,1
1499389560000,1499389619000,113.255,113.257,113.23,113.236,52720000,1
1499389620000,1499389679000,113.236,113.249,113.236,113.245,55240000,1
1499389680000,1499389739000,113.245,113.245,113.235,113.24,55260000,1
1499389740000,1499389799000,113.239,113.242,113.235,113.239,115220000,1
1499389800000,1499389859000,113.241,113.378,113.232,113.233,298140000,1
1499389860000,1499389919000,113.232,113.338,113.182,113.291,517800000,1
1499389920000,1499389979000,113.29,113.331,113.272,113.291,364040000,1
1499389980000,1499390039000,113.291,113.416,113.284,113.396,338100000,1
1499390040000,1499390099000,113.399,113.5,113.376,113.488,433170000,1
1499390100000,1499390159000,113.49,113.513,113.445,113.485,423150000,1
1499390160000,1499390219000,113.484,113.484,113.433,113.447,400260000,1
1499390220000,1499390279000,113.451,113.453,113.426,113.43,222640000,1
1499390280000,1499390339000,113.432,113.469,113.415,113.451,302580000,1
1499390340000,1499390399000,113.452,113.503,113.445,113.47,316240000,1
1499390400000,1499390459000,113.468,113.477,113.439,113.439,215720000,1
1499390460000,1499390519000,113.44,113.44,113.387,113.395,349110000,1
1499390520000,1499390579000,113.397,113.412,113.379,113.4,230260000,1
1499390580000,1499390639000,113.4,113.431,113.396,113.42,233840000,1
1499390640000,1499390699000,113.419,113.424,113.398,113.408,127530000,1
1499390700000,1499390759000,113.408,113.45,113.408,113.434,226360000,1
1499390760000,1499390819000,113.434,113.481,113.434,113.452,306760000,1
1499390820000,1499390879000,113.453,113.494,113.453,113.49,221440000,1
1499390880000,1499390939000,113.489,113.545,113.483,113.518,261620000,1
1499390940000,1499390999000,113.517,113.537,113.513,113.536,151650000,1
1499391000000,1499391059000,113.535,113.535,113.499,113.516,217080000,1
1499391060000,1499391119000,113.516,113.517,113.496,113.503,200370000,1
1499391120000,1499391179000,113.503,113.509,113.484,113.49,149350000,1
1499391180000,1499391239000,113.489,113.495,113.484,113.49,147080000,1
1499391240000,1499391299000,113.493,113.496,113.472,113.484,161760000,1
1499391300000,1499391359000,113.483,113.496,113.483,113.489,119130000,1
1499391360000,1499391419000,113.489,113.489,113.456,113.465,269390000,1
1499391420000,1499391479000,113.469,113.487,113.466,113.478,114940000,1
1499391480000,1499391539000,113.478,113.495,113.464,113.495,161770000,1
1499391540000,1499391599000,113.498,113.518,113.493,113.503,149190000,1
1499391600000,1499391659000,113.502,113.51,113.49,113.509,142030000,1
1499391660000,1499391719000,113.509,113.512,113.477,113.484,134330000,1
1499391720000,1499391779000,113.483,113.516,113.476,113.503,171210000,1
1499391780000,1499391839000,113.502,113.509,113.482,113.489,216540000,1
1499391840000,1499391899000,113.487,113.487,113.47,113.475,213340000,1
1499391900000,1499391959000,113.474,113.485,113.463,113.483,168050000,1
1499391960000,1499392019000,113.489,113.62,113.489,113.612,297420000,1
1499392020000,1499392079000,113.61,113.656,113.586,113.649,406130000,1
1499392080000,1499392139000,113.649,113.661,113.624,113.649,272390000,1
1499392140000,1499392199000,113.649,113.692,113.639,113.668,322490000,1
1499392200000,1499392259000,113.664,113.68,113.65,113.673,214510000,1
1499392260000,1499392319000,113.672,113.715,113.667,113.697,266600000,1
1499392320000,1499392379000,113.698,113.7,113.663,113.666,270840000,1
1499392380000,1499392439000,113.667,113.675,113.655,113.66,271480000,1
1499392440000,1499392499000,113.661,113.703,113.661,113.692,240740000,1
1499392500000,1499392559000,113.694,113.764,113.694,113.761,363840000,1
1499392560000,1499392619000,113.76,113.76,113.723,113.728,256590000,1
1499392620000,1499392679000,113.728,113.747,113.721,113.721,369320000,1
1499392680000,1499392739000,113.721,113.741,113.72,113.733,243710000,1
1499392740000,1499392799000,113.733,113.733,113.712,113.716,161130000,1
1499392800000,1499392859000,113.724,113.755,113.717,113.733,179470000,1
1499392860000,1499392919000,113.732,113.734,113.712,113.72,131780000,1
1499392920000,1499392979000,113.72,113.728,113.714,113.723,144360000,1
1499392980000,1499393039000,113.723,113.752,113.709,113.713,249780000,1
1499393040000,1499393099000,113.713,113.727,113.7,113.706,108970000,1
1499393100000,1499393159000,113.707,113.721,113.707,113.715,63350000,1
1499393160000,1499393219000,113.715,113.755,113.713,113.747,170880000,1
1499393220000,1499393279000,113.746,113.773,113.734,113.765,142560000,1
1499393280000,1499393339000,113.767,113.767,113.737,113.741,136230000,1
1499393340000,1499393399000,113.739,113.757,113.732,113.74,188280000,1
1499393400000,1499393459000,113.739,113.776,113.735,113.767,204650000,1
1499393460000,1499393519000,113.766,113.799,113.766,113.79,234890000,1
1499393520000,1499393579000,113.79,113.791,113.779,113.784,103770000,1
1499393580000,1499393639000,113.782,113.784,113.77,113.781,72910000,1
1499393640000,1499393699000,113.78,113.8,113.753,113.761,192570000,1
1499393700000,1499393759000,113.76,113.805,113.758,113.799,189880000,1
1499393760000,1499393819000,113.8,113.816,113.797,113.816,195070000,1
1499393820000,1499393879000,113.816,113.835,113.816,113.826,185280000,1
1499393880000,1499393939000,113.824,113.824,113.798,113.798,157000000,1
1499393940000,1499393999000,113.797,113.811,113.797,113.81,112160000,1
1499394000000,1499394059000,113.811,113.813,113.801,113.801,99120000,1
1499394060000,1499394119000,113.8,113.802,113.784,113.784,145950000,1
1499394120000,1499394179000,113.783,113.794,113.776,113.783,89800000,1
1499394180000,1499394239000,113.784,113.79,113.778,113.782,109520000,1
1499394240000,1499394299000,113.784,113.785,113.771,113.78,137100000,1
1499394300000,1499394359000,113.779,113.788,113.772,113.788,95220000,1
1499394360000,1499394419000,113.787,113.787,113.775,113.783,81170000,1
1499394420000,1499394479000,113.787,113.792,113.781,113.79,70470000,1
1499394480000,1499394539000,113.79,113.791,113.775,113.783,106590000,1
1499394540000,1499394599000,113.783,113.801,113.783,113.792,91040000,1
1499394600000,1499394659000,113.794,113.811,113.793,113.807,148280000,1
1499394660000,1499394719000,113.808,113.808,113.796,113.802,79110000,1
1499394720000,1499394779000,113.803,113.803,113.774,113.778,155740000,1
1499394780000,1499394839000,113.779,113.782,113.755,113.757,190500000,1
1499394840000,1499394899000,113.755,113.759,113.73,113.738,260590000,1
1499394900000,1499394959000,113.738,113.752,113.738,113.749,164600000,1
1499394960000,1499395019000,113.749,113.752,113.745,113.749,67010000,1
1499395020000,1499395079000,113.75,113.774,113.746,113.771,151460000,1
1499395080000,1499395139000,113.77,113.773,113.76,113.771,69410000,1
1499395140000,1499395199000,113.77,113.771,113.763,113.766,28980000,1
1499395200000,1499395259000,113.764,113.765,113.756,113.763,75440000,1
1499395260000,1499395319000,113.762,113.779,113.762,113.769,55980000,1
1499395320000,1499395379000,113.77,113.77,113.761,113.761,93920000,1
1499395380000,1499395439000,113.759,113.761,113.755,113.756,47070000,1
1499395440000,1499395499000,113.756,113.756,113.743,113.747,45060000,1
1499395500000,1499395559000,113.746,113.751,113.745,113.745,42150000,1
1499395560000,1499395619000,113.746,113.746,113.743,113.743,30150000,1
1499395620000,1499395679000,113.745,113.758,113.743,113.752,42580000,1
1499395680000,1499395739000,113.751,113.751,113.721,113.73,169820000,1
1499395740000,1499395799000,113.729,113.731,113.712,113.717,144620000,1
1499395800000,1499395859000,113.72,113.728,113.71,113.714,137360000,1
1499395860000,1499395919000,113.714,113.719,113.713,113.717,28320000,1
1499395920000,1499395979000,113.716,113.722,113.709,113.717,58310000,1
1499395980000,1499396039000,113.717,113.727,113.717,113.723,86600000,1
1499396040000,1499396099000,113.723,113.728,113.723,113.726,57630000,1
1499396100000,1499396159000,113.726,113.73,113.724,113.726,72180000,1
1499396160000,1499396219000,113.726,113.734,113.724,113.734,93080000,1
1499396220000,1499396279000,113.733,113.733,113.724,113.724,79120000,1
1499396280000,1499396339000,113.723,113.723,113.7,113.702,127150000,1
1499396340000,1499396399000,113.702,113.716,113.696,113.71,188230000,1
1499396400000,1499396459000,113.71,113.713,113.697,113.703,149970000,1
1499396460000,1499396519000,113.703,113.718,113.701,113.716,78060000,1
1499396520000,1499396579000,113.715,113.732,113.715,113.725,116430000,1
1499396580000,1499396639000,113.723,113.723,113.693,113.696,125180000,1
1499396640000,1499396699000,113.698,113.71,113.697,113.703,139140000,1
1499396700000,1499396759000,113.702,113.702,113.69,113.691,67820000,1
1499396760000,1499396819000,113.691,113.691,113.656,113.677,142200000,1
1499396820000,1499396879000,113.678,113.68,113.671,113.673,47120000,1
1499396880000,1499396939000,113.673,113.694,113.672,113.677,58700000,1
1499396940000,1499396999000,113.676,113.676,113.66,113.672,121860000,1
1499397000000,1499397059000,113.671,113.671,113.664,113.666,52720000,1
1499397060000,1499397119000,113.666,113.666,113.655,113.666,95450000,1
1499397120000,1499397179000,113.667,113.667,113.661,113.662,45570000,1
1499397180000,1499397239000,113.661,113.68,113.656,113.679,74840000,1
1499397240000,1499397299000,113.679,113.686,113.678,113.683,64630000,1
1499397300000,1499397359000,113.682,113.695,113.682,113.694,83640000,1
1499397360000,1499397419000,113.693,113.693,113.677,113.685,90620000,1
1499397420000,1499397479000,113.686,113.688,113.674,113.674,56750000,1
1499397480000,1499397539000,113.674,113.681,113.672,113.672,69920000,1
1499397540000,1499397599000,113.672,113.677,113.666,113.666,105310000,1
1499397600000,1499397659000,113.668,113.669,113.645,113.646,73410000,1
1499397660000,1499397719000,113.645,113.653,113.637,113.648,145320000,1
1499397720000,1499397779000,113.648,113.661,113.647,113.647,74910000,1
1499397780000,1499397839000,113.646,113.646,113.634,113.634,53760000,1
1499397840000,1499397899000,113.634,113.646,113.628,113.633,100230000,1
1499397900000,1499397959000,113.634,113.643,113.63,113.637,87490000,1
1499397960000,1499398019000,113.636,113.641,113.624,113.64,71480000,1
1499398020000,1499398079000,113.639,113.646,113.635,113.642,124670000,1
1499398080000,1499398139000,113.643,113.651,113.63,113.65,104230000,1
1499398140000,1499398199000,113.65,113.661,113.648,113.661,133140000,1
1499398200000,1499398259000,113.664,113.673,113.659,113.659,145320000,1
1499398260000,1499398319000,113.66,113.663,113.648,113.648,118280000,1
1499398320000,1499398379000,113.648,113.655,113.646,113.649,59900000,1
1499398380000,1499398439000,113.649,113.651,113.642,113.648,80770000,1
1499398440000,1499398499000,113.648,113.653,113.645,113.648,47640000,1
1499398500000,1499398559000,113.652,113.658,113.649,113.656,59780000,1
1499398560000,1499398619000,113.656,113.656,113.633,113.635,121420000,1
1499398620000,1499398679000,113.635,113.642,113.634,113.641,81920000,1
1499398680000,1499398739000,113.641,113.645,113.633,113.645,113500000,1
1499398740000,1499398799000,113.644,113.645,113.626,113.629,65640000,1
1499398800000,1499398859000,113.629,113.63,113.618,113.628,159920000,1
1499398860000,1499398919000,113.629,113.63,113.62,113.621,116600000,1
1499398920000,1499398979000,113.621,113.63,113.62,113.629,71020000,1
1499398980000,1499399039000,113.63,113.631,113.617,113.619,68930000,1
1499399040000,1499399099000,113.62,113.629,113.62,113.624,139330000,1
1499399100000,1499399159000,113.624,113.651,113.624,113.638,173870000,1
1499399160000,1499399219000,113.639,113.649,113.638,113.642,118640000,1
1499399220000,1499399279000,113.641,113.642,113.631,113.639,79160000,1
1499399280000,1499399339000,113.64,113.644,113.636,113.64,96190000,1
1499399340000,1499399399000,113.639,113.639,113.625,113.637,168040000,1
1499399400000,1499399459000,113.636,113.64,113.631,113.633,81310000,1
1499399460000,1499399519000,113.632,113.639,113.625,113.639,87940000,1
1499399520000,1499399579000,113.638,113.645,113.629,113.63,89630000,1
1499399580000,1499399639000,113.63,113.63,113.614,113.618,110970000,1
1499399640000,1499399699000,113.617,113.617,113.611,113.617,40020000,1
1499399700000,1499399759000,113.617,113.631,113.617,113.631,82450000,1
1499399760000,1499399819000,113.633,113.648,113.63,113.63,82450000,1
1499399820000,1499399879000,113.632,113.658,113.632,113.648,98070000,1
1499399880000,1499399939000,113.647,113.647,113.636,113.637,77220000,1
1499399940000,1499399999000,113.637,113.639,113.635,113.635,55930000,1
1499400000000,1499400059000,113.635,113.638,113.596,113.6,190190000,1
1499400060000,1499400119000,113.598,113.603,113.583,113.583,117990000,1
1499400120000,1499400179000,113.585,113.61,113.583,113.608,78000000,1
1499400180000,1499400239000,113.607,113.61,113.597,113.599,83320000,1
1499400240000,1499400299000,113.599,113.611,113.597,113.607,51260000,1
1499400300000,1499400359000,113.606,113.607,113.593,113.599,60370000,1
1499400360000,1499400419000,113.603,113.607,113.6,113.606,80430000,1
1499400420000,1499400479000,113.606,113.612,113.6,113.606,58550000,1
1499400480000,1499400539000,113.606,113.611,113.598,113.61,108790000,1
1499400540000,1499400599000,113.61,113.61,113.6,113.6,82740000,1
1499400600000,1499400659000,113.601,113.602,113.6,113.6,16370000,1
1499400660000,1499400719000,113.6,113.605,113.596,113.605,48070000,1
1499400720000,1499400779000,113.605,113.605,113.597,113.599,104220000,1
1499400780000,1499400839000,113.601,113.605,113.599,113.6,40230000,1
1499400840000,1499400899000,113.599,113.604,113.595,113.597,60930000,1
1499400900000,1499400959000,113.596,113.603,113.586,113.587,67040000,1
1499400960000,1499401019000,113.587,113.594,113.576,113.594,75360000,1
1499401020000,1499401079000,113.595,113.616,113.595,113.612,81610000,1
1499401080000,1499401139000,113.613,113.625,113.613,113.621,70640000,1
1499401140000,1499401199000,113.621,113.621,113.586,113.588,79960000,1
1499401200000,1499401259000,113.585,113.594,113.579,113.58,103020000,1
1499401260000,1499401319000,113.58,113.581,113.551,113.551,76860000,1
1499401320000,1499401379000,113.552,113.572,113.552,113.572,80850000,1
1499401380000,1499401439000,113.572,113.573,113.571,113.573,35920000,1
1499401440000,1499401499000,113.573,113.575,113.572,113.572,33450000,1
1499401500000,1499401559000,113.572,113.573,113.563,113.565,87660000,1
1499401560000,1499401619000,113.565,113.568,113.563,113.564,111550000,1
1499401620000,1499401679000,113.564,113.57,113.562,113.566,84940000,1
1499401680000,1499401739000,113.565,113.572,113.565,113.572,99690000,1
1499401740000,1499401799000,113.572,113.58,113.569,113.578,49960000,1
1499401800000,1499401859000,113.578,113.599,113.578,113.595,47150000,1
1499401860000,1499401919000,113.595,113.603,113.592,113.603,84250000,1
1499401920000,1499401979000,113.602,113.609,113.582,113.594,205400000,1
1499401980000,1499402039000,113.596,113.613,113.596,113.6,81990000,1
1499402040000,1499402099000,113.601,113.601,113.592,113.594,18210000,1
1499402100000,1499402159000,113.591,113.621,113.591,113.618,90310000,1
1499402160000,1499402219000,113.618,113.626,113.616,113.62,94580000,1
1499402220000,1499402279000,113.62,113.632,113.618,113.625,45210000,1
1499402280000,1499402339000,113.628,113.629,113.622,113.627,48420000,1
1499402340000,1499402399000,113.628,113.642,113.616,113.639,69100000,1
1499402400000,1499402459000,113.639,113.661,113.638,113.651,147150000,1
1499402460000,1499402519000,113.65,113.659,113.647,113.656,84540000,1
1499402520000,1499402579000,113.655,113.677,113.653,113.677,193400000,1
1499402580000,1499402639000,113.677,113.677,113.662,113.665,135250000,1
1499402640000,1499402699000,113.663,113.664,113.657,113.663,41770000,1
1499402700000,1499402759000,113.663,113.672,113.659,113.669,46620000,1
1499402760000,1499402819000,113.669,113.687,113.663,113.687,81670000,1
1499402820000,1499402879000,113.688,113.688,113.68,113.682,50840000,1
1499402880000,1499402939000,113.68,113.685,113.678,113.683,46400000,1
1499402940000,1499402999000,113.685,113.695,113.685,113.694,14000000,1
1499403000000,1499403059000,113.693,113.695,113.685,113.686,52710000,1
1499403060000,1499403119000,113.687,113.691,113.686,113.689,19620000,1
1499403120000,1499403179000,113.688,113.691,113.683,113.689,52920000,1
1499403180000,1499403239000,113.688,113.697,113.682,113.691,203530000,1
1499403240000,1499403299000,113.69,113.69,113.675,113.68,103240000,1
1499403300000,1499403359000,113.679,113.697,113.67,113.691,87660000,1
1499403360000,1499403419000,113.691,113.691,113.673,113.681,89260000,1
1499403420000,1499403479000,113.68,113.681,113.641,113.641,119550000,1
1499403480000,1499403539000,113.642,113.65,113.642,113.648,46750000,1
1499403540000,1499403599000,113.646,113.651,113.616,113.622,140120000,1
1499403600000,1499403659000,113.623,113.651,113.623,113.649,90750000,1
1499403660000,1499403719000,113.649,113.657,113.647,113.656,73510000,1
1499403720000,1499403779000,113.656,113.664,113.656,113.664,56910000,1
1499403780000,1499403839000,113.666,113.68,113.665,113.674,96740000,1
1499403840000,1499403899000,113.674,113.674,113.656,113.656,54190000,1
1499403900000,1499403959000,113.657,113.67,113.657,113.662,45050000,1
1499403960000,1499404019000,113.66,113.66,113.636,113.644,116820000,1
1499404020000,1499404079000,113.644,113.651,113.644,113.649,55810000,1
1499404080000,1499404139000,113.65,113.656,113.644,113.644,65720000,1
1499404140000,1499404199000,113.643,113.646,113.63,113.63,95000000,1
1499404200000,1499404259000,113.631,113.639,113.63,113.639,55040000,1
1499404260000,1499404319000,113.638,113.651,113.637,113.646,63140000,1
1499404320000,1499404379000,113.646,113.647,113.638,113.638,52380000,1
1499404380000,1499404439000,113.639,113.641,113.637,113.637,43510000,1
1499404440000,1499404499000,113.64,113.663,113.636,113.663,89740000,1
1499404500000,1499404559000,113.663,113.667,113.658,113.663,56670000,1
1499404560000,1499404619000,113.662,113.684,113.658,113.678,70420000,1
1499404620000,1499404679000,113.678,113.683,113.663,113.663,100720000,1
1499404680000,1499404739000,113.664,113.673,113.664,113.669,80850000,1
1499404740000,1499404799000,113.672,113.676,113.668,113.676,66370000,1
1499404800000,1499404859000,113.673,113.688,113.67,113.681,85830000,1
1499404860000,1499404919000,113.682,113.703,113.681,113.693,89580000,1
1499404920000,1499404979000,113.694,113.703,113.684,113.694,126990000,1
1499404980000,1499405039000,113.695,113.698,113.691,113.692,45190000,1
1499405040000,1499405099000,113.692,113.695,113.67,113.67,70710000,1
1499405100000,1499405159000,113.67,113.674,113.667,113.671,62640000,1
1499405160000,1499405219000,113.67,113.679,113.666,113.675,66150000,1
1499405220000,1499405279000,113.675,113.678,113.667,113.667,98660000,1
1499405280000,1499405339000,113.667,113.675,113.664,113.669,67870000,1
1499405340000,1499405399000,113.671,113.679,113.662,113.662,86370000,1
1499405400000,1499405459000,113.663,113.695,113.663,113.695,96130000,1
1499405460000,1499405519000,113.695,113.697,113.683,113.69,61210000,1
1499405520000,1499405579000,113.69,113.703,113.689,113.7,118770000,1
1499405580000,1499405639000,113.7,113.707,113.695,113.698,114070000,1
1499405640000,1499405699000,113.7,113.709,113.696,113.697,69960000,1
1499405700000,1499405759000,113.695,113.715,113.695,113.713,109420000,1
1499405760000,1499405819000,113.718,113.719,113.702,113.702,66220000,1
1499405820000,1499405879000,113.701,113.702,113.69,113.69,70770000,1
1499405880000,1499405939000,113.689,113.696,113.688,113.696,60350000,1
1499405940000,1499405999000,113.695,113.698,113.682,113.682,64640000,1
1499406000000,1499406059000,113.683,113.707,113.683,113.707,79330000,1
1499406060000,1499406119000,113.707,113.715,113.706,113.714,79710000,1
1499406120000,1499406179000,113.713,113.734,113.713,113.726,111060000,1
1499406180000,1499406239000,113.727,113.734,113.725,113.734,144690000,1
1499406240000,1499406299000,113.734,113.734,113.727,113.728,89710000,1
1499406300000,1499406359000,113.727,113.732,113.727,113.73,103040000,1
1499406360000,1499406419000,113.729,113.734,113.727,113.731,130520000,1
1499406420000,1499406479000,113.733,113.733,113.72,113.722,143590000,1
1499406480000,1499406539000,113.722,113.727,113.72,113.72,84540000,1
1499406540000,1499406599000,113.72,113.72,113.71,113.719,132260000,1
1499406600000,1499406659000,113.717,113.734,113.717,113.721,84910000,1
1499406660000,1499406719000,113.722,113.727,113.713,113.72,129490000,1
1499406720000,1499406779000,113.721,113.733,113.714,113.732,63130000,1
1499406780000,1499406839000,113.731,113.739,113.731,113.738,80930000,1
1499406840000,1499406899000,113.74,113.74,113.716,113.722,135740000,1
1499406900000,1499406959000,113.723,113.723,113.701,113.702,134210000,1
1499406960000,1499407019000,113.702,113.702,113.68,113.684,133880000,1
1499407020000,1499407079000,113.684,113.685,113.67,113.674,109690000,1
1499407080000,1499407139000,113.676,113.686,113.676,113.683,91590000,1
1499407140000,1499407199000,113.683,113.711,113.683,113.703,121040000,1
1499407200000,1499407259000,113.703,113.72,113.695,113.72,124070000,1
1499407260000,1499407319000,113.721,113.725,113.708,113.722,145030000,1
1499407320000,1499407379000,113.721,113.737,113.715,113.727,144000000,1
1499407380000,1499407439000,113.727,113.738,113.71,113.718,220830000,1
1499407440000,1499407499000,113.717,113.739,113.716,113.73,188600000,1
1499407500000,1499407559000,113.726,113.74,113.714,113.733,123460000,1
1499407560000,1499407619000,113.734,113.739,113.726,113.726,72820000,1
1499407620000,1499407679000,113.725,113.728,113.72,113.723,93220000,1
1499407680000,1499407739000,113.723,113.735,113.715,113.723,127070000,1
1499407740000,1499407799000,113.724,113.743,113.724,113.739,118410000,1
1499407800000,1499407859000,113.739,113.758,113.738,113.752,135040000,1
1499407860000,1499407919000,113.752,113.795,113.751,113.787,171270000,1
1499407920000,1499407979000,113.785,113.785,113.757,113.759,324510000,1
1499407980000,1499408039000,113.759,113.762,113.749,113.75,101920000,1
1499408040000,1499408099000,113.75,113.761,113.75,113.757,76060000,1
1499408100000,1499408159000,113.757,113.757,113.737,113.747,123770000,1
1499408160000,1499408219000,113.747,113.747,113.734,113.736,140770000,1
1499408220000,1499408279000,113.735,113.738,113.729,113.736,76260000,1
1499408280000,1499408339000,113.736,113.736,113.735,113.736,27890000,1
1499408340000,1499408399000,113.734,113.737,113.73,113.735,58230000,1
1499408400000,1499408459000,113.735,113.74,113.727,113.74,34960000,1
1499408460000,1499408519000,113.741,113.771,113.741,113.771,157450000,1
1499408520000,1499408579000,113.771,113.772,113.747,113.754,129700000,1
1499408580000,1499408639000,113.754,113.754,113.747,113.748,80680000,1
1499408640000,1499408699000,113.748,113.755,113.741,113.741,89220000,1
1499408700000,1499408759000,113.74,113.773,113.74,113.761,190260000,1
1499408760000,1499408819000,113.759,113.768,113.749,113.753,95460000,1
1499408820000,1499408879000,113.754,113.773,113.741,113.741,144750000,1
1499408880000,1499408939000,113.74,113.74,113.689,113.689,186490000,1
1499408940000,1499408999000,113.689,113.719,113.689,113.71,103820000,1
1499409000000,1499409059000,113.71,113.711,113.69,113.697,116360000,1
1499409060000,1499409119000,113.697,113.704,113.684,113.692,173710000,1
1499409120000,1499409179000,113.693,113.71,113.684,113.71,189080000,1
1499409180000,1499409239000,113.71,113.737,113.703,113.737,164900000,1
1499409240000,1499409299000,113.737,113.743,113.727,113.732,88170000,1
1499409300000,1499409359000,113.732,113.733,113.725,113.73,99420000,1
1499409360000,1499409419000,113.729,113.737,113.726,113.732,99110000,1
1499409420000,1499409479000,113.735,113.735,113.725,113.728,105400000,1
1499409480000,1499409539000,113.728,113.741,113.723,113.729,143060000,1
1499409540000,1499409599000,113.729,113.729,113.709,113.721,80330000,1
1499409600000,1499409659000,113.72,113.72,113.711,113.711,62120000,1
1499409660000,1499409719000,113.712,113.723,113.706,113.707,142900000,1
1499409720000,1499409779000,113.707,113.723,113.702,113.723,115010000,1
1499409780000,1499409839000,113.724,113.724,113.711,113.716,144440000,1
1499409840000,1499409899000,113.716,113.719,113.703,113.709,105140000,1
1499409900000,1499409959000,113.708,113.711,113.694,113.707,183880000,1
1499409960000,1499410019000,113.707,113.711,113.7,113.702,116770000,1
1499410020000,1499410079000,113.701,113.701,113.693,113.694,83350000,1
1499410080000,1499410139000,113.695,113.706,113.695,113.706,129550000,1
1499410140000,1499410199000,113.705,113.712,113.704,113.706,102530000,1
1499410200000,1499410259000,113.707,113.715,113.705,113.714,125630000,1
1499410260000,1499410319000,113.714,113.739,113.714,113.734,134860000,1
1499410320000,1499410379000,113.735,113.749,113.735,113.743,134230000,1
1499410380000,1499410439000,113.744,113.76,113.741,113.755,155090000,1
1499410440000,1499410499000,113.755,113.769,113.754,113.766,107900000,1
1499410500000,1499410559000,113.767,113.767,113.754,113.762,549160000,1
1499410560000,1499410619000,113.763,113.776,113.763,113.774,150060000,1
1499410620000,1499410679000,113.774,113.784,113.766,113.779,137730000,1
1499410680000,1499410739000,113.78,113.785,113.775,113.778,180170000,1
1499410740000,1499410799000,113.778,113.781,113.777,113.78,75950000,1
1499410800000,1499410859000,113.78,113.78,113.756,113.772,283470000,1
1499410860000,1499410919000,113.772,113.811,113.772,113.811,270850000,1
1499410920000,1499410979000,113.811,113.813,113.786,113.786,190270000,1
1499410980000,1499411039000,113.786,113.79,113.781,113.786,173720000,1
1499411040000,1499411099000,113.787,113.787,113.762,113.774,117430000,1
1499411100000,1499411159000,113.774,113.774,113.748,113.749,158440000,1
1499411160000,1499411219000,113.749,113.76,113.737,113.758,105260000,1
1499411220000,1499411279000,113.758,113.781,113.758,113.781,126030000,1
1499411280000,1499411339000,113.78,113.79,113.78,113.788,149640000,1
1499411340000,1499411399000,113.788,113.788,113.768,113.774,174910000,1
1499411400000,1499411459000,113.774,113.78,113.763,113.771,119990000,1
1499411460000,1499411519000,113.772,113.793,113.771,113.775,144110000,1
1499411520000,1499411579000,113.775,113.801,113.774,113.801,77370000,1
1499411580000,1499411639000,113.799,113.813,113.797,113.81,122490000,1
1499411640000,1499411699000,113.811,113.817,113.787,113.793,225020000,1
1499411700000,1499411759000,113.793,113.795,113.766,113.773,226260000,1
1499411760000,1499411819000,113.774,113.787,113.757,113.764,237690000,1
1499411820000,1499411879000,113.765,113.777,113.743,113.743,200530000,1
1499411880000,1499411939000,113.743,113.757,113.739,113.756,163250000,1
1499411940000,1499411999000,113.755,113.755,113.737,113.747,136150000,1
1499412000000,1499412059000,113.748,113.756,113.728,113.753,119090000,1
1499412060000,1499412119000,113.754,113.757,113.743,113.745,104780000,1
1499412120000,1499412179000,113.744,113.753,113.744,113.745,75230000,1
1499412180000,1499412239000,113.744,113.763,113.744,113.763,97670000,1
1499412240000,1499412299000,113.762,113.762,113.745,113.758,112940000,1
1499412300000,1499412359000,113.758,113.758,113.74,113.743,131610000,1
1499412360000,1499412419000,113.743,113.753,113.743,113.75,96780000,1
1499412420000,1499412479000,113.751,113.77,113.749,113.768,166720000,1
1499412480000,1499412539000,113.771,113.773,113.749,113.767,138420000,1
1499412540000,1499412599000,113.766,113.771,113.751,113.761,215860000,1
1499412600000,1499412659000,113.76,113.767,113.709,113.71,254250000,1
1499412660000,1499412719000,113.712,113.742,113.712,113.739,151010000,1
1499412720000,1499412779000,113.74,113.753,113.734,113.743,177530000,1
1499412780000,1499412839000,113.742,113.744,113.731,113.731,144120000,1
1499412840000,1499412899000,113.73,113.73,113.713,113.719,92050000,1
1499412900000,1499412959000,113.719,113.733,113.716,113.722,185390000,1
1499412960000,1499413019000,113.722,113.724,113.691,113.71,159490000,1
1499413020000,1499413079000,113.71,113.716,113.707,113.716,140470000,1
1499413080000,1499413139000,113.718,113.721,113.7,113.7,135900000,1
1499413140000,1499413199000,113.703,113.71,113.68,113.68,189820000,1
1499413200000,1499413259000,113.68,113.686,113.663,113.68,151440000,1
1499413260000,1499413319000,113.678,113.692,113.677,113.678,152430000,1
1499413320000,1499413379000,113.678,113.68,113.639,113.652,144440000,1
1499413380000,1499413439000,113.652,113.671,113.651,113.667,124360000,1
1499413440000,1499413499000,113.669,113.672,113.662,113.67,82320000,1
1499413500000,1499413559000,113.671,113.672,113.635,113.645,156730000,1
1499413560000,1499413619000,113.646,113.661,113.643,113.65,149990000,1
1499413620000,1499413679000,113.651,113.657,113.635,113.643,131510000,1
1499413680000,1499413739000,113.645,113.647,113.629,113.636,166070000,1
1499413740000,1499413799000,113.637,113.667,113.637,113.667,92470000,1
1499413800000,1499413859000,113.667,113.671,113.657,113.668,134360000,1
1499413860000,1499413919000,113.668,113.684,113.664,113.68,138330000,1
1499413920000,1499413979000,113.68,113.688,113.661,113.666,119060000,1
1499413980000,1499414039000,113.666,113.698,113.663,113.695,176660000,1
1499414040000,1499414099000,113.694,113.696,113.669,113.67,150670000,1
1499414100000,1499414159000,113.669,113.681,113.668,113.674,131850000,1
1499414160000,1499414219000,113.675,113.694,113.663,113.693,199850000,1
1499414220000,1499414279000,113.696,113.696,113.683,113.686,104000000,1
1499414280000,1499414339000,113.687,113.707,113.687,113.699,203790000,1
1499414340000,1499414399000,113.699,113.712,113.693,113.694,193300000,1
1499414400000,1499414459000,113.693,113.738,113.691,113.725,139040000,1
1499414460000,1499414519000,113.724,113.736,113.713,113.726,140040000,1
1499414520000,1499414579000,113.725,113.746,113.718,113.743,127910000,1
1499414580000,1499414639000,113.743,113.746,113.718,113.718,193630000,1
1499414640000,1499414699000,113.719,113.728,113.716,113.722,95280000,1
1499414700000,1499414759000,113.721,113.73,113.721,113.726,64000000,1
1499414760000,1499414819000,113.726,113.749,113.725,113.746,81450000,1
1499414820000,1499414879000,113.746,113.764,113.737,113.761,169200000,1
1499414880000,1499414939000,113.761,113.8,113.76,113.799,256800000,1
1499414940000,1499414999000,113.798,113.805,113.774,113.776,143330000,1
1499415000000,1499415059000,113.776,113.797,113.772,113.797,171620000,1
1499415060000,1499415119000,113.797,113.798,113.776,113.783,113480000,1
1499415120000,1499415179000,113.785,113.798,113.783,113.795,85880000,1
1499415180000,1499415239000,113.795,113.8,113.778,113.779,115030000,1
1499415240000,1499415299000,113.779,113.79,113.779,113.782,74810000,1
1499415300000,1499415359000,113.785,113.817,113.785,113.806,179660000,1
1499415360000,1499415419000,113.804,113.804,113.793,113.794,131950000,1
1499415420000,1499415479000,113.794,113.798,113.785,113.797,98510000,1
1499415480000,1499415539000,113.797,113.821,113.784,113.799,197800000,1
1499415540000,1499415599000,113.798,113.798,113.79,113.791,119150000,1
1499415600000,1499415659000,113.791,113.801,113.784,113.801,151630000,1
1499415660000,1499415719000,113.801,113.801,113.79,113.796,105950000,1
1499415720000,1499415779000,113.796,113.817,113.789,113.813,150690000,1
1499415780000,1499415839000,113.811,113.82,113.81,113.817,159610000,1
1499415840000,1499415899000,113.818,113.844,113.771,113.771,208270000,1
1499415900000,1499415959000,113.772,113.784,113.771,113.778,160370000,1
1499415960000,1499416019000,113.778,113.785,113.77,113.772,130940000,1
1499416020000,1499416079000,113.772,113.777,113.767,113.77,129540000,1
1499416080000,1499416139000,113.77,113.774,113.764,113.769,117690000,1
1499416140000,1499416199000,113.769,113.776,113.759,113.76,141180000,1
1499416200000,1499416259000,113.759,113.762,113.748,113.749,188590000,1
1499416260000,1499416319000,113.749,113.752,113.724,113.743,181030000,1
1499416320000,1499416379000,113.743,113.754,113.715,113.747,186240000,1
1499416380000,1499416439000,113.747,113.766,113.742,113.758,146540000,1
1499416440000,1499416499000,113.757,113.77,113.745,113.745,148270000,1
1499416500000,1499416559000,113.743,113.756,113.739,113.749,113380000,1
1499416560000,1499416619000,113.75,113.752,113.732,113.745,96840000,1
1499416620000,1499416679000,113.744,113.75,113.717,113.719,122110000,1
1499416680000,1499416739000,113.719,113.742,113.718,113.738,86690000,1
1499416740000,1499416799000,113.737,113.737,113.704,113.718,132760000,1
1499416800000,1499416859000,113.718,113.732,113.718,113.727,102820000,1
1499416860000,1499416919000,113.726,113.734,113.716,113.732,161480000,1
1499416920000,1499416979000,113.732,113.746,113.726,113.74,145020000,1
1499416980000,1499417039000,113.739,113.739,113.731,113.738,49210000,1
1499417040000,1499417099000,113.737,113.744,113.73,113.733,115280000,1
1499417100000,1499417159000,113.733,113.737,113.73,113.734,96200000,1
1499417160000,1499417219000,113.733,113.738,113.727,113.727,47320000,1
1499417220000,1499417279000,113.726,113.746,113.725,113.746,107690000,1
1499417280000,1499417339000,113.746,113.748,113.736,113.743,64070000,1
1499417340000,1499417399000,113.741,113.755,113.736,113.745,99260000,1
1499417400000,1499417459000,113.744,113.763,113.744,113.759,68770000,1
1499417460000,1499417519000,113.762,113.765,113.759,113.765,79120000,1
1499417520000,1499417579000,113.765,113.765,113.757,113.759,54350000,1
1499417580000,1499417639000,113.757,113.759,113.753,113.757,33910000,1
1499417640000,1499417699000,113.756,113.758,113.75,113.757,52300000,1
1499417700000,1499417759000,113.756,113.756,113.748,113.751,89260000,1
1499417760000,1499417819000,113.751,113.759,113.751,113.759,43160000,1
1499417820000,1499417879000,113.759,113.769,113.754,113.754,74620000,1
1499417880000,1499417939000,113.756,113.757,113.743,113.749,57100000,1
1499417940000,1499417999000,113.748,113.749,113.742,113.747,114140000,1
1499418000000,1499418059000,113.747,113.747,113.729,113.737,110710000,1
1499418060000,1499418119000,113.735,113.741,113.727,113.735,127130000,1
1499418120000,1499418179000,113.735,113.742,113.728,113.729,94990000,1
1499418180000,1499418239000,113.729,113.729,113.721,113.722,60890000,1
1499418240000,1499418299000,113.722,113.736,113.715,113.734,104170000,1
1499418300000,1499418359000,113.732,113.739,113.729,113.731,99230000,1
1499418360000,1499418419000,113.731,113.744,113.729,113.73,117540000,1
1499418420000,1499418479000,113.73,113.742,113.725,113.739,112130000,1
1499418480000,1499418539000,113.74,113.743,113.722,113.722,99250000,1
1499418540000,1499418599000,113.723,113.723,113.698,113.711,87890000,1
1499418600000,1499418659000,113.711,113.738,113.711,113.737,108530000,1
1499418660000,1499418719000,113.738,113.746,113.738,113.741,78010000,1
1499418720000,1499418779000,113.74,113.743,113.738,113.743,58980000,1
1499418780000,1499418839000,113.743,113.744,113.738,113.742,95240000,1
1499418840000,1499418899000,113.743,113.744,113.738,113.743,37660000,1
1499418900000,1499418959000,113.742,113.748,113.735,113.743,89350000,1
1499418960000,1499419019000,113.743,113.758,113.743,113.75,38690000,1
1499419020000,1499419079000,113.751,113.751,113.744,113.745,73080000,1
1499419080000,1499419139000,113.747,113.747,113.733,113.741,58040000,1
1499419140000,1499419199000,113.742,113.756,113.741,113.748,44690000,1
1499419200000,1499419259000,113.749,113.749,113.728,113.731,54650000,1
1499419260000,1499419319000,113.731,113.735,113.725,113.735,53000000,1
1499419320000,1499419379000,113.736,113.737,113.728,113.737,89510000,1
1499419380000,1499419439000,113.738,113.744,113.729,113.735,90320000,1
1499419440000,1499419499000,113.736,113.736,113.722,113.722,36830000,1
1499419500000,1499419559000,113.723,113.732,113.722,113.727,65290000,1
1499419560000,1499419619000,113.725,113.737,113.723,113.736,58390000,1
1499419620000,1499419679000,113.734,113.751,113.731,113.742,97450000,1
1499419680000,1499419739000,113.742,113.744,113.739,113.742,69720000,1
1499419740000,1499419799000,113.744,113.749,113.737,113.737,50080000,1
1499419800000,1499419859000,113.737,113.737,113.724,113.737,102140000,1
1499419860000,1499419919000,113.737,113.742,113.734,113.741,125850000,1
1499419920000,1499419979000,113.74,113.74,113.721,113.737,144040000,1
1499419980000,1499420039000,113.734,113.738,113.731,113.733,93240000,1
1499420040000,1499420099000,113.733,113.737,113.726,113.737,55970000,1
1499420100000,1499420159000,113.736,113.736,113.723,113.723,52850000,1
1499420160000,1499420219000,113.723,113.725,113.709,113.712,63640000,1
1499420220000,1499420279000,113.711,113.714,113.695,113.705,73930000,1
1499420280000,1499420339000,113.706,113.715,113.691,113.691,134080000,1
1499420340000,1499420399000,113.692,113.699,113.683,113.696,126970000,1
1499420400000,1499420459000,113.693,113.694,113.662,113.674,152070000,1
1499420460000,1499420519000,113.675,113.678,113.665,113.673,69610000,1
1499420520000,1499420579000,113.673,113.673,113.652,113.652,57310000,1
1499420580000,1499420639000,113.651,113.662,113.647,113.662,41710000,1
1499420640000,1499420699000,113.66,113.663,113.652,113.655,115060000,1
1499420700000,1499420759000,113.654,113.67,113.654,113.666,94210000,1
1499420760000,1499420819000,113.666,113.675,113.66,113.667,81070000,1
1499420820000,1499420879000,113.668,113.683,113.668,113.679,96950000,1
1499420880000,1499420939000,113.679,113.68,113.654,113.654,98670000,1
1499420940000,1499420999000,113.655,113.663,113.652,113.653,53770000,1
1499421000000,1499421059000,113.653,113.669,113.651,113.664,85760000,1
1499421060000,1499421119000,113.664,113.67,113.664,113.665,93660000,1
1499421120000,1499421179000,113.665,113.681,113.663,113.678,193170000,1
1499421180000,1499421239000,113.678,113.692,113.678,113.687,147410000,1
1499421240000,1499421299000,113.686,113.699,113.672,113.694,102560000,1
1499421300000,1499421359000,113.693,113.693,113.681,113.684,83500000,1
1499421360000,1499421419000,113.683,113.687,113.679,113.686,77840000,1
1499421420000,1499421479000,113.687,113.69,113.681,113.69,72420000,1
1499421480000,1499421539000,113.689,113.691,113.678,113.679,72450000,1
1499421540000,1499421599000,113.679,113.684,113.672,113.674,90080000,1
1499421600000,1499421659000,113.675,113.699,113.672,113.697,101790000,1
1499421660000,1499421719000,113.695,113.699,113.692,113.697,62040000,1
1499421720000,1499421779000,113.697,113.697,113.677,113.686,131520000,1
1499421780000,1499421839000,113.686,113.686,113.657,113.657,68140000,1
1499421840000,1499421899000,113.658,113.668,113.658,113.667,113370000,1
1499421900000,1499421959000,113.666,113.679,113.658,113.677,100240000,1
1499421960000,1499422019000,113.678,113.682,113.672,113.672,95740000,1
1499422020000,1499422079000,113.671,113.693,113.67,113.681,87230000,1
1499422080000,1499422139000,113.682,113.685,113.671,113.673,67200000,1
1499422140000,1499422199000,113.673,113.678,113.673,113.673,61770000,1
1499422200000,1499422259000,113.673,113.674,113.67,113.67,94330000,1
1499422260000,1499422319000,113.664,113.666,113.653,113.666,65760000,1
1499422320000,1499422379000,113.667,113.681,113.666,113.668,85880000,1
1499422380000,1499422439000,113.667,113.674,113.663,113.669,133130000,1
1499422440000,1499422499000,113.668,113.684,113.665,113.679,81820000,1
1499422500000,1499422559000,113.679,113.684,113.661,113.661,70500000,1
1499422560000,1499422619000,113.661,113.667,113.646,113.661,103960000,1
1499422620000,1499422679000,113.662,113.682,113.662,113.668,76160000,1
1499422680000,1499422739000,113.666,113.677,113.665,113.666,90800000,1
1499422740000,1499422799000,113.666,113.681,113.664,113.681,33310000,1
1499422800000,1499422859000,113.68,113.685,113.673,113.685,19910000,1
1499422860000,1499422919000,113.684,113.692,113.68,113.687,70510000,1
1499422920000,1499422979000,113.688,113.699,113.678,113.685,120350000,1
1499422980000,1499423039000,113.685,113.695,113.682,113.682,116360000,1
1499423040000,1499423099000,113.682,113.693,113.681,113.693,114260000,1
1499423100000,1499423159000,113.692,113.698,113.69,113.698,49760000,1
1499423160000,1499423219000,113.697,113.704,113.693,113.699,59430000,1
1499423220000,1499423279000,113.698,113.706,113.687,113.704,84530000,1
1499423280000,1499423339000,113.705,113.72,113.699,113.707,100430000,1
1499423340000,1499423399000,113.708,113.715,113.699,113.7,91550000,1
1499423400000,1499423459000,113.7,113.703,113.698,113.701,55180000,1
1499423460000,1499423519000,113.701,113.701,113.699,113.699,32320000,1
1499423520000,1499423579000,113.7,113.705,113.69,113.705,94450000,1
1499423580000,1499423639000,113.705,113.711,113.69,113.697,158850000,1
1499423640000,1499423699000,113.698,113.698,113.686,113.691,36810000,1
1499423700000,1499423759000,113.691,113.691,113.678,113.678,59280000,1
1499423760000,1499423819000,113.68,113.694,113.68,113.693,61340000,1
1499423820000,1499423879000,113.693,113.693,113.674,113.674,82690000,1
1499423880000,1499423939000,113.674,113.684,113.672,113.673,106600000,1
1499423940000,1499423999000,113.674,113.68,113.657,113.657,98800000,1
1499424000000,1499424059000,113.658,113.661,113.653,113.66,65730000,1
1499424060000,1499424119000,113.66,113.662,113.652,113.662,107500000,1
1499424120000,1499424179000,113.662,113.685,113.658,113.678,88620000,1
1499424180000,1499424239000,113.676,113.676,113.661,113.665,53200000,1
1499424240000,1499424299000,113.666,113.679,113.665,113.676,49210000,1
1499424300000,1499424359000,113.676,113.676,113.667,113.673,92350000,1
1499424360000,1499424419000,113.672,113.683,113.67,113.682,87880000,1
1499424420000,1499424479000,113.684,113.704,113.683,113.699,114580000,1
1499424480000,1499424539000,113.698,113.703,113.683,113.684,112390000,1
1499424540000,1499424599000,113.684,113.696,113.678,113.684,96740000,1
1499424600000,1499424659000,113.683,113.683,113.671,113.672,91920000,1
1499424660000,1499424719000,113.673,113.679,113.669,113.678,54370000,1
1499424720000,1499424779000,113.678,113.68,113.673,113.68,70030000,1
1499424780000,1499424839000,113.682,113.697,113.678,113.686,73220000,1
1499424840000,1499424899000,113.686,113.686,113.66,113.673,125290000,1
1499424900000,1499424959000,113.677,113.725,113.677,113.72,136010000,1
1499424960000,1499425019000,113.717,113.721,113.711,113.717,115180000,1
1499425020000,1499425079000,113.716,113.716,113.708,113.716,80020000,1
1499425080000,1499425139000,113.716,113.719,113.708,113.709,117860000,1
1499425140000,1499425199000,113.71,113.71,113.698,113.698,63360000,1
1499425200000,1499425259000,113.698,113.702,113.692,113.695,59590000,1
1499425260000,1499425319000,113.696,113.696,113.689,113.69,106410000,1
1499425320000,1499425379000,113.691,113.704,113.691,113.704,37760000,1
1499425380000,1499425439000,113.704,113.704,113.695,113.7,92130000,1
1499425440000,1499425499000,113.701,113.703,113.692,113.697,50060000,1
1499425500000,1499425559000,113.697,113.704,113.697,113.704,79510000,1
1499425560000,1499425619000,113.703,113.704,113.694,113.704,55190000,1
1499425620000,1499425679000,113.703,113.713,113.702,113.71,73600000,1
1499425680000,1499425739000,113.71,113.719,113.708,113.713,88240000,1
1499425740000,1499425799000,113.711,113.711,113.706,113.707,46550000,1
1499425800000,1499425859000,113.708,113.718,113.708,113.718,67260000,1
1499425860000,1499425919000,113.719,113.72,113.706,113.706,76000000,1
1499425920000,1499425979000,113.706,113.714,113.706,113.708,78060000,1
1499425980000,1499426039000,113.709,113.714,113.705,113.706,56250000,1
1499426040000,1499426099000,113.705,113.713,113.704,113.71,46480000,1
1499426100000,1499426159000,113.709,113.709,113.704,113.706,41420000,1
1499426160000,1499426219000,113.706,113.712,113.69,113.692,61830000,1
1499426220000,1499426279000,113.695,113.704,113.695,113.699,74500000,1
1499426280000,1499426339000,113.698,113.705,113.698,113.703,58390000,1
1499426340000,1499426399000,113.704,113.708,113.698,113.698,85550000,1
1499426400000,1499426459000,113.697,113.703,113.693,113.698,51640000,1
1499426460000,1499426519000,113.699,113.71,113.697,113.7,104520000,1
1499426520000,1499426579000,113.702,113.71,113.699,113.699,45600000,1
1499426580000,1499426639000,113.701,113.703,113.692,113.694,44790000,1
1499426640000,1499426699000,113.693,113.694,113.684,113.691,58010000,1
1499426700000,1499426759000,113.691,113.697,113.676,113.685,87640000,1
1499426760000,1499426819000,113.685,113.687,113.68,113.682,53510000,1
1499426820000,1499426879000,113.682,113.686,113.678,113.684,64150000,1
1499426880000,1499426939000,113.684,113.707,113.683,113.699,145460000,1
1499426940000,1499426999000,113.699,113.705,113.696,113.702,131980000,1
1499427000000,1499427059000,113.703,113.703,113.69,113.702,85000000,1
1499427060000,1499427119000,113.701,113.708,113.701,113.707,31200000,1
1499427120000,1499427179000,113.707,113.707,113.703,113.706,32930000,1
1499427180000,1499427239000,113.707,113.73,113.707,113.721,192720000,1
1499427240000,1499427299000,113.722,113.722,113.707,113.71,108010000,1
1499427300000,1499427359000,113.71,113.732,113.709,113.73,173050000,1
1499427360000,1499427419000,113.73,113.731,113.724,113.726,79930000,1
1499427420000,1499427479000,113.727,113.754,113.727,113.75,108400000,1
1499427480000,1499427539000,113.749,113.749,113.721,113.724,87790000,1
1499427540000,1499427599000,113.724,113.741,113.706,113.706,127850000,1
1499427600000,1499427659000,113.708,113.717,113.702,113.713,164580000,1
1499427660000,1499427719000,113.713,113.723,113.713,113.717,76880000,1
1499427720000,1499427779000,113.718,113.721,113.709,113.712,94540000,1
1499427780000,1499427839000,113.714,113.714,113.709,113.712,89950000,1
1499427840000,1499427899000,113.711,113.722,113.711,113.72,117210000,1
1499427900000,1499427959000,113.721,113.722,113.703,113.705,112880000,1
1499427960000,1499428019000,113.705,113.72,113.705,113.718,39370000,1
1499428020000,1499428079000,113.718,113.72,113.71,113.713,111230000,1
1499428080000,1499428139000,113.714,113.732,113.714,113.724,94200000,1
1499428140000,1499428199000,113.724,113.726,113.719,113.72,64020000,1
1499428200000,1499428259000,113.72,113.72,113.708,113.713,56280000,1
1499428260000,1499428319000,113.713,113.733,113.713,113.731,120690000,1
1499428320000,1499428379000,113.73,113.74,113.73,113.74,81920000,1
1499428380000,1499428439000,113.738,113.749,113.738,113.749,36740000,1
1499428440000,1499428499000,113.749,113.762,113.749,113.756,84840000,1
1499428500000,1499428559000,113.755,113.755,113.745,113.745,69900000,1
1499428560000,1499428619000,113.746,113.748,113.741,113.746,44920000,1
1499428620000,1499428679000,113.746,113.746,113.725,113.727,67890000,1
1499428680000,1499428739000,113.728,113.757,113.728,113.745,96510000,1
1499428740000,1499428799000,113.745,113.754,113.745,113.754,31060000,1
1499428800000,1499428859000,113.755,113.769,113.747,113.747,107440000,1
1499428860000,1499428919000,113.748,113.757,113.747,113.756,58550000,1
1499428920000,1499428979000,113.755,113.761,113.753,113.759,101970000,1
1499428980000,1499429039000,113.758,113.764,113.746,113.758,159880000,1
1499429040000,1499429099000,113.758,113.765,113.753,113.76,164260000,1
1499429100000,1499429159000,113.758,113.761,113.737,113.739,121730000,1
1499429160000,1499429219000,113.741,113.745,113.735,113.738,118620000,1
1499429220000,1499429279000,113.739,113.741,113.727,113.738,74930000,1
1499429280000,1499429339000,113.738,113.745,113.733,113.745,160620000,1
1499429340000,1499429399000,113.745,113.756,113.738,113.738,148290000,1
1499429400000,1499429459000,113.737,113.75,113.726,113.745,166080000,1
1499429460000,1499429519000,113.745,113.746,113.733,113.734,112690000,1
1499429520000,1499429579000,113.736,113.747,113.736,113.742,123070000,1
1499429580000,1499429639000,113.741,113.747,113.735,113.739,175750000,1
1499429640000,1499429699000,113.739,113.739,113.729,113.739,223040000,1
1499429700000,1499429759000,113.739,113.744,113.733,113.733,101340000,1
1499429760000,1499429819000,113.731,113.731,113.723,113.723,141480000,1
1499429820000,1499429879000,113.723,113.731,113.722,113.73,104050000,1
1499429880000,1499429939000,113.73,113.73,113.725,113.728,84550000,1
1499429940000,1499429999000,113.728,113.728,113.708,113.72,155790000,1
1499430000000,1499430059000,113.72,113.736,113.72,113.723,160120000,1
1499430060000,1499430119000,113.723,113.731,113.716,113.731,187870000,1
1499430120000,1499430179000,113.731,113.739,113.726,113.739,142980000,1
1499430180000,1499430239000,113.738,113.739,113.736,113.736,27240000,1
1499430240000,1499430299000,113.737,113.738,113.732,113.732,80010000,1
1499430300000,1499430359000,113.733,113.737,113.728,113.734,64470000,1
1499430360000,1499430419000,113.734,113.744,113.733,113.738,111090000,1
1499430420000,1499430479000,113.738,113.738,113.712,113.719,78200000,1
1499430480000,1499430539000,113.718,113.719,113.698,113.714,105110000,1
1499430540000,1499430599000,113.716,113.737,113.647,113.647,250920000,1
1499430600000,1499430659000,113.647,113.858,113.613,113.624,581670000,1
1499430660000,1499430719000,113.616,113.732,113.51,113.684,598710000,1
1499430720000,1499430779000,113.685,113.685,113.58,113.589,410150000,1
1499430780000,1499430839000,113.593,113.636,113.512,113.55,469860000,1
1499430840000,1499430899000,113.551,113.57,113.512,113.526,401930000,1
1499430900000,1499430959000,113.529,113.596,113.502,113.578,390330000,1
1499430960000,1499431019000,113.579,113.658,113.561,113.658,288910000,1
1499431020000,1499431079000,113.658,113.672,113.609,113.648,324060000,1
1499431080000,1499431139000,113.648,113.686,113.6,113.675,389720000,1
1499431140000,1499431199000,113.675,113.794,113.657,113.791,499960000,1
1499431200000,1499431259000,113.79,113.847,113.742,113.843,465300000,1
1499431260000,1499431319000,113.846,113.846,113.773,113.826,420740000,1
1499431320000,1499431379000,113.827,113.829,113.745,113.769,430120000,1
1499431380000,1499431439000,113.766,113.813,113.746,113.804,257580000,1
1499431440000,1499431499000,113.803,113.838,113.794,113.816,290780000,1
1499431500000,1499431559000,113.816,113.829,113.734,113.746,379460000,1
1499431560000,1499431619000,113.746,113.766,113.733,113.755,372090000,1
1499431620000,1499431679000,113.753,113.783,113.732,113.765,271270000,1
1499431680000,1499431739000,113.765,113.783,113.744,113.759,255430000,1
1499431740000,1499431799000,113.762,113.771,113.719,113.727,203420000,1
1499431800000,1499431859000,113.726,113.731,113.708,113.727,302730000,1
1499431860000,1499431919000,113.73,113.736,113.709,113.712,293840000,1
1499431920000,1499431979000,113.712,113.758,113.712,113.758,233970000,1
1499431980000,1499432039000,113.759,113.766,113.734,113.75,212970000,1
1499432040000,1499432099000,113.751,113.806,113.734,113.79,234280000,1
1499432100000,1499432159000,113.789,113.815,113.772,113.785,285090000,1
1499432160000,1499432219000,113.785,113.9,113.785,113.886,338690000,1
1499432220000,1499432279000,113.888,113.94,113.881,113.932,329070000,1
1499432280000,1499432339000,113.93,113.936,113.889,113.914,252260000,1
1499432340000,1499432399000,113.915,113.928,113.905,113.92,279770000,1
1499432400000,1499432459000,113.921,113.921,113.882,113.888,278260000,1
1499432460000,1499432519000,113.891,113.933,113.89,113.925,252640000,1
1499432520000,1499432579000,113.924,113.932,113.909,113.919,245100000,1
1499432580000,1499432639000,113.922,113.933,113.916,113.92,226670000,1
1499432640000,1499432699000,113.921,113.934,113.896,113.917,288140000,1
1499432700000,1499432759000,113.918,113.932,113.882,113.923,285030000,1
1499432760000,1499432819000,113.923,113.959,113.912,113.912,248430000,1
1499432820000,1499432879000,113.907,113.907,113.857,113.857,227790000,1
1499432880000,1499432939000,113.858,113.873,113.849,113.869,281240000,1
1499432940000,1499432999000,113.869,113.897,113.855,113.892,241680000,1
1499433000000,1499433059000,113.892,113.925,113.892,113.906,249990000,1
1499433060000,1499433119000,113.907,113.924,113.886,113.886,184330000,1
1499433120000,1499433179000,113.885,113.916,113.885,113.912,175560000,1
1499433180000,1499433239000,113.912,113.941,113.901,113.932,171360000,1
1499433240000,1499433299000,113.932,113.937,113.919,113.931,165020000,1
1499433300000,1499433359000,113.931,113.958,113.929,113.95,230200000,1
1499433360000,1499433419000,113.95,113.95,113.919,113.919,124590000,1
1499433420000,1499433479000,113.918,113.926,113.904,113.925,168310000,1
1499433480000,1499433539000,113.926,113.932,113.898,113.9,124470000,1
1499433540000,1499433599000,113.898,113.898,113.879,113.888,137600000,1
1499433600000,1499433659000,113.889,113.906,113.886,113.906,112150000,1
1499433660000,1499433719000,113.907,113.909,113.864,113.872,140040000,1
1499433720000,1499433779000,113.871,113.878,113.867,113.874,137490000,1
1499433780000,1499433839000,113.873,113.894,113.873,113.894,94770000,1
1499433840000,1499433899000,113.893,113.894,113.853,113.867,162730000,1
1499433900000,1499433959000,113.866,113.866,113.849,113.86,131420000,1
1499433960000,1499434019000,113.859,113.874,113.858,113.858,135070000,1
1499434020000,1499434079000,113.858,113.861,113.835,113.835,182310000,1
1499434080000,1499434139000,113.839,113.849,113.812,113.838,224460000,1
1499434140000,1499434199000,113.838,113.846,113.817,113.819,187420000,1
1499434200000,1499434259000,113.817,113.846,113.813,113.841,210310000,1
1499434260000,1499434319000,113.843,113.849,113.833,113.834,184710000,1
1499434320000,1499434379000,113.837,113.852,113.808,113.814,241440000,1
1499434380000,1499434439000,113.813,113.825,113.8,113.8,231830000,1
1499434440000,1499434499000,113.8,113.808,113.781,113.805,278930000,1
1499434500000,1499434559000,113.806,113.809,113.79,113.8,122370000,1
1499434560000,1499434619000,113.801,113.846,113.794,113.844,252700000,1
1499434620000,1499434679000,113.845,113.858,113.82,113.821,218550000,1
1499434680000,1499434739000,113.817,113.857,113.814,113.851,217720000,1
1499434740000,1499434799000,113.852,113.861,113.834,113.853,226580000,1
1499434800000,1499434859000,113.857,113.867,113.84,113.85,169830000,1
1499434860000,1499434919000,113.85,113.873,113.847,113.852,177050000,1
1499434920000,1499434979000,113.85,113.868,113.846,113.85,170020000,1
1499434980000,1499435039000,113.849,113.849,113.809,113.825,261270000,1
1499435040000,1499435099000,113.826,113.849,113.813,113.813,257910000,1
1499435100000,1499435159000,113.814,113.821,113.778,113.785,252970000,1
1499435160000,1499435219000,113.784,113.806,113.777,113.784,278050000,1
1499435220000,1499435279000,113.784,113.787,113.743,113.747,215810000,1
1499435280000,1499435339000,113.747,113.772,113.747,113.764,199280000,1
1499435340000,1499435399000,113.765,113.782,113.763,113.763,175670000,1
1499435400000,1499435459000,113.764,113.8,113.764,113.795,124920000,1
1499435460000,1499435519000,113.795,113.814,113.794,113.803,243560000,1
1499435520000,1499435579000,113.806,113.826,113.805,113.814,163700000,1
1499435580000,1499435639000,113.813,113.847,113.801,113.838,227200000,1
1499435640000,1499435699000,113.839,113.859,113.833,113.838,218400000,1
1499435700000,1499435759000,113.837,113.847,113.83,113.837,162900000,1
1499435760000,1499435819000,113.839,113.868,113.839,113.862,190130000,1
1499435820000,1499435879000,113.861,113.87,113.847,113.857,322250000,1
1499435880000,1499435939000,113.857,113.898,113.857,113.886,211040000,1
1499435940000,1499435999000,113.887,113.896,113.869,113.875,207620000,1
1499436000000,1499436059000,113.878,113.903,113.869,113.886,208950000,1
1499436060000,1499436119000,113.888,113.891,113.851,113.853,240720000,1
1499436120000,1499436179000,113.853,113.875,113.853,113.866,235100000,1
1499436180000,1499436239000,113.866,113.877,113.852,113.854,209230000,1
1499436240000,1499436299000,113.853,113.862,113.84,113.857,184340000,1
1499436300000,1499436359000,113.857,113.879,113.857,113.867,212610000,1
1499436360000,1499436419000,113.867,113.898,113.862,113.888,246350000,1
1499436420000,1499436479000,113.886,113.916,113.878,113.878,249400000,1
1499436480000,1499436539000,113.879,113.905,113.877,113.899,182600000,1
1499436540000,1499436599000,113.899,113.913,113.891,113.891,158540000,1
1499436600000,1499436659000,113.889,113.923,113.879,113.923,163340000,1
1499436660000,1499436719000,113.925,113.925,113.9,113.906,161300000,1
1499436720000,1499436779000,113.905,113.905,113.887,113.893,244950000,1
1499436780000,1499436839000,113.893,113.903,113.888,113.9,111000000,1
1499436840000,1499436899000,113.897,113.902,113.883,113.892,176330000,1
1499436900000,1499436959000,113.892,113.895,113.868,113.889,203260000,1
1499436960000,1499437019000,113.889,113.906,113.876,113.89,219640000,1
1499437020000,1499437079000,113.889,113.899,113.871,113.884,263060000,1
1499437080000,1499437139000,113.883,113.889,113.86,113.861,262360000,1
1499437140000,1499437199000,113.861,113.877,113.851,113.858,214340000,1
1499437200000,1499437259000,113.858,113.864,113.829,113.843,319540000,1
1499437260000,1499437319000,113.843,113.856,113.836,113.839,263570000,1
1499437320000,1499437379000,113.837,113.844,113.82,113.831,227050000,1
1499437380000,1499437439000,113.832,113.847,113.827,113.833,222790000,1
1499437440000,1499437499000,113.835,113.846,113.826,113.837,190390000,1
1499437500000,1499437559000,113.836,113.838,113.814,113.82,200740000,1
1499437560000,1499437619000,113.82,113.824,113.785,113.807,201510000,1
1499437620000,1499437679000,113.809,113.829,113.809,113.824,192520000,1
1499437680000,1499437739000,113.824,113.851,113.821,113.84,220250000,1
1499437740000,1499437799000,113.838,113.844,113.827,113.844,154080000,1
1499437800000,1499437859000,113.842,113.858,113.836,113.85,149930000,1
1499437860000,1499437919000,113.85,113.854,113.831,113.838,207420000,1
1499437920000,1499437979000,113.834,113.848,113.833,113.833,108550000,1
1499437980000,1499438039000,113.835,113.848,113.832,113.848,67080000,1
1499438040000,1499438099000,113.846,113.867,113.846,113.854,132930000,1
1499438100000,1499438159000,113.856,113.872,113.854,113.87,107520000,1
1499438160000,1499438219000,113.87,113.886,113.865,113.884,116060000,1
1499438220000,1499438279000,113.883,113.884,113.863,113.865,95640000,1
1499438280000,1499438339000,113.866,113.876,113.854,113.872,97330000,1
1499438340000,1499438399000,113.871,113.873,113.839,113.839,114690000,1
1499438400000,1499438459000,113.838,113.846,113.828,113.844,207660000,1
1499438460000,1499438519000,113.845,113.868,113.845,113.865,239440000,1
1499438520000,1499438579000,113.863,113.891,113.862,113.89,101700000,1
1499438580000,1499438639000,113.891,113.899,113.877,113.88,162660000,1
1499438640000,1499438699000,113.879,113.879,113.857,113.858,73690000,1
1499438700000,1499438759000,113.859,113.871,113.851,113.87,117900000,1
1499438760000,1499438819000,113.871,113.89,113.871,113.888,93810000,1
1499438820000,1499438879000,113.888,113.902,113.885,113.899,131900000,1
1499438880000,1499438939000,113.897,113.9,113.881,113.882,124800000,1
1499438940000,1499438999000,113.882,113.888,113.874,113.885,145360000,1
1499439000000,1499439059000,113.884,113.888,113.869,113.884,124150000,1
1499439060000,1499439119000,113.884,113.896,113.87,113.889,175450000,1
1499439120000,1499439179000,113.887,113.898,113.882,113.891,216800000,1
1499439180000,1499439239000,113.895,113.903,113.875,113.881,253770000,1
1499439240000,1499439299000,113.882,113.904,113.877,113.886,208030000,1
1499439300000,1499439359000,113.885,113.902,113.881,113.895,167430000,1
1499439360000,1499439419000,113.894,113.897,113.885,113.892,218350000,1
1499439420000,1499439479000,113.892,113.941,113.879,113.939,198430000,1
1499439480000,1499439539000,113.939,113.958,113.938,113.958,286130000,1
1499439540000,1499439599000,113.957,113.992,113.955,113.989,242170000,1
1499439600000,1499439659000,113.983,114.014,113.955,113.985,325300000,1
1499439660000,1499439719000,113.984,114.029,113.983,114.002,384280000,1
1499439720000,1499439779000,114.0,114.04,113.994,114.0,354160000,1
1499439780000,1499439839000,113.999,113.999,113.97,113.976,238550000,1
1499439840000,1499439899000,113.977,113.989,113.972,113.972,187400000,1
1499439900000,1499439959000,113.972,114.004,113.968,113.987,149890000,1
1499439960000,1499440019000,113.987,114.021,113.987,113.998,219020000,1
1499440020000,1499440079000,113.996,114.009,113.983,113.993,208830000,1
1499440080000,1499440139000,113.994,114.007,113.991,113.994,141310000,1
1499440140000,1499440199000,113.995,114.028,113.994,114.026,158360000,1
1499440200000,1499440259000,114.029,114.086,114.029,114.065,262630000,1
1499440260000,1499440319000,114.066,114.066,114.054,114.058,139670000,1
1499440320000,1499440379000,114.057,114.088,114.057,114.059,199260000,1
1499440380000,1499440439000,114.059,114.089,114.054,114.08,184710000,1
1499440440000,1499440499000,114.082,114.087,114.071,114.074,189020000,1
1499440500000,1499440559000,114.073,114.077,114.054,114.06,223180000,1
1499440560000,1499440619000,114.059,114.072,114.051,114.07,112590000,1
1499440620000,1499440679000,114.07,114.071,114.044,114.05,164450000,1
1499440680000,1499440739000,114.05,114.073,114.043,114.06,178680000,1
1499440740000,1499440799000,114.06,114.072,114.059,114.066,150650000,1
1499440800000,1499440859000,114.065,114.069,114.057,114.064,121320000,1
1499440860000,1499440919000,114.063,114.063,114.039,114.04,134680000,1
1499440920000,1499440979000,114.04,114.06,114.034,114.044,175180000,1
1499440980000,1499441039000,114.045,114.057,114.039,114.042,108430000,1
1499441040000,1499441099000,114.043,114.058,114.038,114.057,154630000,1
1499441100000,1499441159000,114.056,114.057,114.038,114.045,221540000,1
1499441160000,1499441219000,114.047,114.065,114.047,114.058,177220000,1
1499441220000,1499441279000,114.057,114.065,114.053,114.058,93550000,1
1499441280000,1499441339000,114.058,114.077,114.058,114.075,178070000,1
1499441340000,1499441399000,114.076,114.13,114.072,114.103,246120000,1
1499441400000,1499441459000,114.103,114.111,114.082,114.082,155810000,1
1499441460000,1499441519000,114.081,114.085,114.075,114.083,206540000,1
1499441520000,1499441579000,114.082,114.086,114.076,114.084,151080000,1
1499441580000,1499441639000,114.085,114.096,114.083,114.096,119200000,1
1499441640000,1499441699000,114.096,114.105,114.091,114.098,155720000,1
1499441700000,1499441759000,114.098,114.125,114.096,114.122,225860000,1
1499441760000,1499441819000,114.122,114.155,114.121,114.148,179870000,1
1499441820000,1499441879000,114.148,114.15,114.134,114.149,215160000,1
1499441880000,1499441939000,114.149,114.154,114.136,114.142,108810000,1
1499441940000,1499441999000,114.144,114.147,114.121,114.121,144490000,1
1499442000000,1499442059000,114.122,114.157,114.122,114.148,161190000,1
1499442060000,1499442119000,114.146,114.16,114.135,114.155,100870000,1
1499442120000,1499442179000,114.156,114.179,114.156,114.17,211050000,1
1499442180000,1499442239000,114.169,114.169,114.157,114.169,146800000,1
1499442240000,1499442299000,114.17,114.173,114.151,114.155,154090000,1
1499442300000,1499442359000,114.154,114.158,114.134,114.134,101080000,1
1499442360000,1499442419000,114.134,114.143,114.129,114.141,141320000,1
1499442420000,1499442479000,114.14,114.15,114.135,114.148,108350000,1
1499442480000,1499442539000,114.147,114.15,114.139,114.146,103690000,1
1499442540000,1499442599000,114.149,114.149,114.121,114.122,98430000,1
1499442600000,1499442659000,114.123,114.139,114.123,114.128,86350000,1
1499442660000,1499442719000,114.128,114.134,114.118,114.119,99350000,1
1499442720000,1499442779000,114.118,114.123,114.101,114.123,200580000,1
1499442780000,1499442839000,114.122,114.135,114.122,114.127,121540000,1
1499442840000,1499442899000,114.128,114.128,114.11,114.115,105940000,1
1499442900000,1499442959000,114.115,114.116,114.109,114.116,139120000,1
1499442960000,1499443019000,114.116,114.117,114.106,114.116,202180000,1
1499443020000,1499443079000,114.121,114.126,114.118,114.118,62810000,1
1499443080000,1499443139000,114.118,114.118,114.085,114.085,147030000,1
1499443140000,1499443199000,114.084,114.1,114.084,114.098,79460000,1
1499443200000,1499443259000,114.099,114.104,114.096,114.096,74990000,1
1499443260000,1499443319000,114.096,114.103,114.094,114.102,64510000,1
1499443320000,1499443379000,114.102,114.102,114.082,114.083,81550000,1
1499443380000,1499443439000,114.081,114.094,114.069,114.092,138150000,1
1499443440000,1499443499000,114.093,114.098,114.09,114.09,68790000,1
1499443500000,1499443559000,114.091,114.099,114.082,114.083,58150000,1
1499443560000,1499443619000,114.088,114.098,114.083,114.097,83870000,1
1499443620000,1499443679000,114.097,114.097,114.078,114.082,100440000,1
1499443680000,1499443739000,114.082,114.09,114.073,114.075,124900000,1
1499443740000,1499443799000,114.074,114.078,114.07,114.078,130250000,1
1499443800000,1499443859000,114.076,114.088,114.067,114.083,122200000,1
1499443860000,1499443919000,114.082,114.082,114.075,114.075,90370000,1
1499443920000,1499443979000,114.076,114.079,114.071,114.076,93760000,1
1499443980000,1499444039000,114.076,114.086,114.058,114.077,122480000,1
1499444040000,1499444099000,114.078,114.097,114.075,114.093,102350000,1
1499444100000,1499444159000,114.094,114.101,114.089,114.089,63940000,1
1499444160000,1499444219000,114.091,114.095,114.089,114.095,104260000,1
1499444220000,1499444279000,114.094,114.095,114.07,114.07,89130000,1
1499444280000,1499444339000,114.072,114.076,114.068,114.076,66170000,1
1499444340000,1499444399000,114.079,114.079,114.071,114.071,111390000,1
1499444400000,1499444459000,114.071,114.075,114.062,114.063,61600000,1
1499444460000,1499444519000,114.062,114.075,114.062,114.065,63390000,1
1499444520000,1499444579000,114.063,114.07,114.063,114.069,77470000,1
1499444580000,1499444639000,114.069,114.077,114.068,114.068,109180000,1
1499444640000,1499444699000,114.068,114.07,114.062,114.064,144300000,1
1499444700000,1499444759000,114.067,114.077,114.066,114.077,86120000,1
1499444760000,1499444819000,114.077,114.077,114.059,114.062,73550000,1
1499444820000,1499444879000,114.064,114.064,114.054,114.055,50630000,1
1499444880000,1499444939000,114.055,114.072,114.055,114.069,70290000,1
1499444940000,1499444999000,114.069,114.07,114.055,114.055,96910000,1
1499445000000,1499445059000,114.055,114.064,114.054,114.062,100040000,1
1499445060000,1499445119000,114.062,114.063,114.055,114.057,88110000,1
1499445120000,1499445179000,114.057,114.077,114.057,114.07,109590000,1
1499445180000,1499445239000,114.07,114.094,114.07,114.085,83150000,1
1499445240000,1499445299000,114.086,114.089,114.077,114.081,78290000,1
1499445300000,1499445359000,114.083,114.084,114.078,114.078,23220000,1
1499445360000,1499445419000,114.077,114.079,114.071,114.078,68740000,1
1499445420000,1499445479000,114.079,114.08,114.066,114.076,54710000,1
1499445480000,1499445539000,114.076,114.081,114.072,114.078,31630000,1
1499445540000,1499445599000,114.075,114.075,114.039,114.042,112690000,1
1499445600000,1499445659000,114.043,114.051,114.043,114.05,28370000,1
1499445660000,1499445719000,114.05,114.05,114.043,114.043,85010000,1
1499445720000,1499445779000,114.044,114.07,114.044,114.048,118690000,1
1499445780000,1499445839000,114.047,114.047,114.026,114.031,102180000,1
1499445840000,1499445899000,114.029,114.041,114.025,114.037,106550000,1
1499445900000,1499445959000,114.037,114.059,114.037,114.056,86770000,1
1499445960000,1499446019000,114.057,114.067,114.052,114.057,97890000,1
1499446020000,1499446079000,114.058,114.059,114.032,114.032,108070000,1
1499446080000,1499446139000,114.032,114.045,114.032,114.038,65440000,1
1499446140000,1499446199000,114.04,114.044,114.031,114.038,163060000,1
1499446200000,1499446259000,114.038,114.06,114.037,114.06,85030000,1
1499446260000,1499446319000,114.059,114.059,114.045,114.048,118980000,1
1499446320000,1499446379000,114.048,114.064,114.039,114.063,137880000,1
1499446380000,1499446439000,114.064,114.069,114.063,114.069,68490000,1
1499446440000,1499446499000,114.067,114.071,114.065,114.071,45790000,1
1499446500000,1499446559000,114.071,114.077,114.064,114.077,134920000,1
1499446560000,1499446619000,114.077,114.08,114.068,114.07,46460000,1
1499446620000,1499446679000,114.071,114.076,114.052,114.052,107560000,1
1499446680000,1499446739000,114.054,114.07,114.05,114.069,82380000,1
1499446740000,1499446799000,114.067,114.068,114.044,114.044,122510000,1
1499446800000,1499446859000,114.044,114.051,114.04,114.044,91960000,1
1499446860000,1499446919000,114.044,114.044,114.03,114.036,81650000,1
1499446920000,1499446979000,114.037,114.056,114.036,114.045,86400000,1
1499446980000,1499447039000,114.043,114.043,114.024,114.032,84930000,1
1499447040000,1499447099000,114.035,114.04,114.02,114.024,99250000,1
1499447100000,1499447159000,114.024,114.026,114.009,114.01,120130000,1
1499447160000,1499447219000,114.01,114.01,114.0,114.007,80060000,1
1499447220000,1499447279000,114.008,114.032,114.007,114.031,80940000,1
1499447280000,1499447339000,114.03,114.038,114.024,114.025,128320000,1
1499447340000,1499447399000,114.024,114.024,114.016,114.017,64580000,1
1499447400000,1499447459000,114.016,114.018,114.015,114.016,65980000,1
1499447460000,1499447519000,114.017,114.017,113.997,113.997,74980000,1
1499447520000,1499447579000,113.996,113.996,113.984,113.991,114330000,1
1499447580000,1499447639000,113.989,113.992,113.984,113.989,109160000,1
1499447640000,1499447699000,113.988,113.991,113.985,113.985,60990000,1
1499447700000,1499447759000,113.985,113.995,113.984,113.991,96730000,1
1499447760000,1499447819000,113.992,113.993,113.976,113.977,129740000,1
1499447820000,1499447879000,113.979,113.992,113.973,113.992,117080000,1
1499447880000,1499447939000,113.992,113.993,113.99,113.991,71590000,1
1499447940000,1499447999000,113.995,113.995,113.972,113.974,107830000,1
1499448000000,1499448059000,113.973,113.973,113.94,113.941,95760000,1
1499448060000,1499448119000,113.94,113.955,113.939,113.955,88270000,1
1499448120000,1499448179000,113.956,113.971,113.956,113.96,143270000,1
1499448180000,1499448239000,113.96,113.974,113.96,113.974,111790000,1
1499448240000,1499448299000,113.971,113.985,113.971,113.978,100910000,1
1499448300000,1499448359000,113.979,113.986,113.975,113.984,54490000,1
1499448360000,1499448419000,113.984,113.988,113.98,113.988,60390000,1
1499448420000,1499448479000,113.989,113.997,113.988,113.989,54640000,1
1499448480000,1499448539000,113.989,114.004,113.988,114.003,59470000,1
1499448540000,1499448599000,114.004,114.004,113.992,113.997,53220000,1
1499448600000,1499448659000,113.997,113.999,113.974,113.98,98430000,1
1499448660000,1499448719000,113.98,113.984,113.979,113.983,39070000,1
1499448720000,1499448779000,113.985,113.99,113.982,113.988,42050000,1
1499448780000,1499448839000,113.987,113.995,113.976,113.995,61380000,1
1499448840000,1499448899000,113.994,114.0,113.98,113.983,37150000,1
1499448900000,1499448959000,113.984,113.988,113.979,113.987,76940000,1
1499448960000,1499449019000,113.987,113.992,113.974,113.974,56630000,1
1499449020000,1499449079000,113.977,114.001,113.977,114.001,28120000,1
1499449080000,1499449139000,114.001,114.008,114.0,114.005,25430000,1
1499449140000,1499449199000,114.005,114.005,113.999,114.003,40250000,1
1499449200000,1499449259000,114.003,114.006,114.0,114.003,47350000,1
1499449260000,1499449319000,114.004,114.008,113.995,114.007,33670000,1
1499449320000,1499449379000,114.009,114.013,114.003,114.007,61750000,1
1499449380000,1499449439000,114.006,114.007,114.003,114.005,32560000,1
1499449440000,1499449499000,114.006,114.008,113.997,114.007,51430000,1
1499449500000,1499449559000,114.007,114.012,114.004,114.011,50890000,1
1499449560000,1499449619000,114.012,114.025,114.005,114.024,93400000,1
1499449620000,1499449679000,114.024,114.025,114.017,114.024,52980000,1
1499449680000,1499449739000,114.024,114.025,114.019,114.02,121780000,1
1499449740000,1499449799000,114.021,114.038,114.02,114.032,66910000,1
1499449800000,1499449859000,114.032,114.032,114.018,114.018,75160000,1
1499449860000,1499449919000,114.018,114.025,114.014,114.024,86990000,1
1499449920000,1499449979000,114.024,114.024,114.013,114.018,54570000,1
1499449980000,1499450039000,114.017,114.017,114.006,114.012,102970000,1
1499450040000,1499450099000,114.011,114.018,114.011,114.018,41490000,1
1499450100000,1499450159000,114.018,114.032,114.016,114.028,82120000,1
1499450160000,1499450219000,114.028,114.031,114.024,114.025,115560000,1
1499450220000,1499450279000,114.025,114.025,114.019,114.019,56610000,1
1499450280000,1499450339000,114.018,114.024,114.013,114.024,90010000,1
1499450340000,1499450399000,114.024,114.026,114.024,114.025,38640000,1
1499450400000,1499450459000,114.026,114.049,114.026,114.036,148860000,1
1499450460000,1499450519000,114.034,114.038,114.024,114.025,131660000,1
1499450520000,1499450579000,114.026,114.031,114.024,114.03,85580000,1
1499450580000,1499450639000,114.031,114.039,114.029,114.03,82850000,1
1499450640000,1499450699000,114.032,114.038,114.025,114.025,56290000,1
1499450700000,1499450759000,114.025,114.025,114.018,114.025,47220000,1
1499450760000,1499450819000,114.024,114.033,114.022,114.033,52550000,1
1499450820000,1499450879000,114.033,114.042,114.033,114.038,39570000,1
1499450880000,1499450939000,114.037,114.072,114.032,114.064,61220000,1
1499450940000,1499450999000,114.064,114.064,114.042,114.051,128820000,1
1499451000000,1499451059000,114.052,114.057,114.048,114.048,66470000,1
1499451060000,1499451119000,114.048,114.048,114.04,114.045,56990000,1
1499451120000,1499451179000,114.044,114.056,114.041,114.053,38740000,1
1499451180000,1499451239000,114.053,114.053,114.04,114.045,28110000,1
1499451240000,1499451299000,114.045,114.046,114.04,114.045,33700000,1
1499451300000,1499451359000,114.045,114.047,114.043,114.045,26630000,1
1499451360000,1499451419000,114.045,114.045,114.04,114.041,12560000,1
1499451420000,1499451479000,114.04,114.046,114.038,114.039,39940000,1
1499451480000,1499451539000,114.04,114.042,114.039,114.04,19840000,1
1499451540000,1499451599000,114.039,114.039,114.032,114.033,18860000,1
1499451600000,1499451659000,114.035,114.037,114.026,114.027,96560000,1
1499451660000,1499451719000,114.029,114.032,114.025,114.026,34690000,1
1499451720000,1499451779000,114.027,114.038,114.026,114.032,58890000,1
1499451780000,1499451839000,114.031,114.04,114.031,114.032,87510000,1
1499451840000,1499451899000,114.033,114.043,114.032,114.043,62860000,1
1499451900000,1499451959000,114.044,114.05,114.043,114.05,78020000,1
1499451960000,1499452019000,114.051,114.052,114.049,114.049,63920000,1
1499452020000,1499452079000,114.049,114.049,114.037,114.044,103610000,1
1499452080000,1499452139000,114.045,114.045,114.03,114.032,62950000,1
1499452140000,1499452199000,114.033,114.039,114.032,114.032,101830000,1
1499452200000,1499452259000,114.031,114.035,114.03,114.031,37100000,1
1499452260000,1499452319000,114.031,114.049,114.031,114.044,67720000,1
1499452320000,1499452379000,114.042,114.044,114.032,114.037,95510000,1
1499452380000,1499452439000,114.038,114.038,114.024,114.025,64400000,1
1499452440000,1499452499000,114.024,114.031,114.024,114.031,64590000,1
1499452500000,1499452559000,114.031,114.031,114.018,114.018,45960000,1
1499452560000,1499452619000,114.018,114.024,114.017,114.023,36000000,1
1499452620000,1499452679000,114.023,114.025,114.01,114.01,65780000,1
1499452680000,1499452739000,114.012,114.016,114.004,114.006,49280000,1
1499452740000,1499452799000,114.007,114.01,114.002,114.002,58520000,1
1499452800000,1499452859000,114.002,114.018,114.002,114.017,74110000,1
1499452860000,1499452919000,114.017,114.018,114.011,114.011,35350000,1
1499452920000,1499452979000,114.013,114.019,114.013,114.018,31550000,1
1499452980000,1499453039000,114.021,114.024,114.021,114.022,21040000,1
1499453040000,1499453099000,114.024,114.029,114.013,114.017,66650000,1
1499453100000,1499453159000,114.016,114.016,114.01,114.011,27240000,1
1499453160000,1499453219000,114.01,114.011,114.01,114.011,12270000,1
1499453220000,1499453279000,114.011,114.011,114.001,114.005,32170000,1
1499453280000,1499453339000,114.005,114.006,114.005,114.006,4000000,1
1499453340000,1499453399000,114.006,114.014,114.005,114.008,27500000,1
1499453400000,1499453459000,114.008,114.013,114.007,114.011,40470000,1
1499453460000,1499453519000,114.011,114.017,114.011,114.016,37860000,1
1499453520000,1499453579000,114.017,114.019,114.016,114.017,36360000,1
1499453580000,1499453639000,114.016,114.016,114.004,114.004,38990000,1
1499453640000,1499453699000,114.005,114.011,114.005,114.006,42920000,1
1499453700000,1499453759000,114.006,114.006,113.986,113.991,92610000,1
1499453760000,1499453819000,113.991,113.993,113.987,113.988,60340000,1
1499453820000,1499453879000,113.986,113.988,113.984,113.984,51950000,1
1499453880000,1499453939000,113.984,113.996,113.984,113.986,77280000,1
1499453940000,1499453999000,113.986,113.998,113.98,113.986,163180000,1
1499454000000,1499454059000,113.986,113.988,113.977,113.979,127990000,1
1499454060000,1499454119000,113.978,113.978,113.962,113.97,70680000,1
1499454120000,1499454179000,113.972,113.981,113.972,113.975,62620000,1
1499454180000,1499454239000,113.974,113.975,113.971,113.972,37340000,1
1499454240000,1499454299000,113.971,113.972,113.942,113.947,83320000,1
1499454300000,1499454359000,113.948,113.955,113.948,113.953,59160000,1
1499454360000,1499454419000,113.954,113.954,113.943,113.949,27750000,1
1499454420000,1499454479000,113.949,113.952,113.946,113.946,23940000,1
1499454480000,1499454539000,113.946,113.948,113.941,113.944,55120000,1
1499454540000,1499454599000,113.945,113.948,113.942,113.943,25000000,1
1499454600000,1499454659000,113.943,113.952,113.941,113.943,31670000,1
1499454660000,1499454719000,113.944,113.945,113.937,113.943,36370000,1
1499454720000,1499454779000,113.942,113.942,113.942,113.942,2000000,1
1499454780000,1499454839000,113.938,113.95,113.937,113.949,37230000,1
1499454840000,1499454899000,113.95,113.961,113.95,113.955,73310000,1
1499454900000,1499454959000,113.957,113.967,113.957,113.961,58890000,1
1499454960000,1499455019000,113.962,113.966,113.945,113.947,71900000,1
1499455020000,1499455079000,113.947,113.947,113.94,113.94,61090000,1
1499455080000,1499455139000,113.94,113.947,113.94,113.946,30050000,1
1499455140000,1499455199000,113.948,113.949,113.941,113.941,48510000,1
1499455200000,1499455259000,113.944,113.951,113.941,113.942,79340000,1
1499455260000,1499455319000,113.942,113.943,113.941,113.943,34860000,1
1499455320000,1499455379000,113.946,113.95,113.941,113.941,43240000,1
1499455380000,1499455439000,113.942,113.958,113.941,113.955,49730000,1
1499455440000,1499455499000,113.957,113.957,113.948,113.95,46900000,1
1499455500000,1499455559000,113.95,113.952,113.947,113.948,94320000,1
1499455560000,1499455619000,113.949,113.951,113.946,113.946,25230000,1
1499455620000,1499455679000,113.949,113.954,113.948,113.953,53920000,1
1499455680000,1499455739000,113.954,113.954,113.946,113.947,68470000,1
1499455740000,1499455799000,113.948,113.955,113.946,113.954,97780000,1
1499455800000,1499455859000,113.954,113.958,113.948,113.953,53250000,1
1499455860000,1499455919000,113.952,113.952,113.944,113.947,70340000,1
1499455920000,1499455979000,113.947,113.95,113.946,113.946,28080000,1
1499455980000,1499456039000,113.947,113.96,113.947,113.953,102760000,1
1499456040000,1499456099000,113.952,113.953,113.952,113.952,14060000,1
1499456100000,1499456159000,113.952,113.952,113.947,113.947,11230000,1
1499456160000,1499456219000,113.947,113.953,113.947,113.953,59350000,1
1499456220000,1499456279000,113.951,113.951,113.94,113.941,60310000,1
1499456280000,1499456339000,113.942,113.947,113.941,113.942,78700000,1
1499456340000,1499456399000,113.941,113.947,113.941,113.946,43680000,1
1499456400000,1499456459000,113.946,113.947,113.945,113.946,37630000,1
1499456460000,1499456519000,113.95,113.952,113.946,113.949,82960000,1
1499456520000,1499456579000,113.948,113.948,113.939,113.94,72210000,1
1499456580000,1499456639000,113.939,113.951,113.939,113.946,72310000,1
1499456640000,1499456699000,113.946,113.952,113.945,113.946,37300000,1
1499456700000,1499456759000,113.944,113.947,113.944,113.945,60300000,1
1499456760000,1499456819000,113.946,113.947,113.946,113.947,5000000,1
1499456820000,1499456879000,113.947,113.949,113.94,113.94,32850000,1
1499456880000,1499456939000,113.939,113.94,113.932,113.932,71530000,1
1499456940000,1499456999000,113.933,113.933,113.919,113.921,92300000,1
1499457000000,1499457059000,113.924,113.929,113.914,113.914,91460000,1
1499457060000,1499457119000,113.914,113.914,113.881,113.883,141000000,1
1499457120000,1499457179000,113.886,113.899,113.885,113.89,145710000,1
1499457180000,1499457239000,113.89,113.89,113.868,113.869,137220000,1
1499457240000,1499457299000,113.869,113.87,113.867,113.868,98250000,1
1499457300000,1499457359000,113.869,113.878,113.867,113.876,74150000,1
1499457360000,1499457419000,113.874,113.883,113.869,113.883,59450000,1
1499457420000,1499457479000,113.884,113.891,113.881,113.89,90790000,1
1499457480000,1499457539000,113.891,113.894,113.882,113.893,105820000,1
1499457540000,1499457599000,113.893,113.894,113.882,113.885,184410000,1
1499457600000,1499457659000,113.886,113.9,113.885,113.897,79050000,1
1499457660000,1499457719000,113.897,113.899,113.891,113.899,58240000,1
1499457720000,1499457779000,113.897,113.897,113.891,113.891,72230000,1
1499457780000,1499457839000,113.891,113.922,113.891,113.919,73930000,1
1499457840000,1499457899000,113.919,113.92,113.909,113.916,111850000,1
1499457900000,1499457959000,113.916,113.92,113.914,113.915,93010000,1
1499457960000,1499458019000,113.916,113.916,113.907,113.907,82010000,1
1499458020000,1499458079000,113.909,113.909,113.907,113.908,23650000,1
1499458080000,1499458139000,113.908,113.908,113.908,113.908,4120000,1
1499458140000,1499458199000,113.908,113.908,113.906,113.907,20570000,1
1499458200000,1499458259000,113.908,113.908,113.899,113.901,43310000,1
1499458260000,1499458319000,113.9,113.902,113.9,113.901,45940000,1
1499458320000,1499458379000,113.901,113.901,113.901,113.901,5240000,1
1499458380000,1499458439000,113.902,113.902,113.902,113.902,2250000,1
1499458440000,1499458499000,113.904,113.906,113.903,113.905,7990000,1
1499458500000,1499458559000,113.906,113.908,113.905,113.908,16610000,1
1499458560000,1499458619000,113.908,113.908,113.906,113.906,2500000,1
1499458620000,1499458679000,113.906,113.907,113.904,113.906,19500000,1
1499458680000,1499458739000,113.906,113.906,113.905,113.906,24240000,1
1499458740000,1499458799000,113.906,113.907,113.906,113.906,19600000,1
1499458800000,1499458859000,113.905,113.907,113.905,113.906,28620000,1
1499458860000,1499458919000,113.907,113.909,113.907,113.909,8500000,1
1499458920000,1499458979000,113.909,113.91,113.909,113.909,10060000,1
1499458980000,1499459039000,113.909,113.91,113.909,113.91,33980000,1
1499459040000,1499459099000,113.909,113.916,113.909,113.915,95490000,1
1499459100000,1499459159000,113.915,113.916,113.914,113.916,37370000,1
1499459160000,1499459219000,113.915,113.916,113.914,113.915,26540000,1
1499459220000,1499459279000,113.916,113.916,113.914,113.914,16550000,1
1499459280000,1499459339000,113.913,113.914,113.913,113.914,38530000,1
1499459340000,1499459399000,113.914,113.916,113.913,113.914,48480000,1
1499459400000,1499459459000,113.914,113.915,113.913,113.913,21030000,1
1499459460000,1499459519000,113.914,113.915,113.913,113.915,17960000,1
1499459520000,1499459579000,113.914,113.914,113.912,113.913,32340000,1
1499459580000,1499459639000,113.913,113.913,113.91,113.911,43540000,1
1499459640000,1499459699000,113.911,113.911,113.91,113.91,11000000,1
1499459700000,1499459759000,113.908,113.908,113.905,113.906,16930000,1
1499459760000,1499459819000,113.906,113.906,113.906,113.906,6890000,1
1499459880000,1499459939000,113.906,113.909,113.906,113.908,33490000,1
1499459940000,1499459999000,113.909,113.91,113.908,113.91,6870000,1
1499460000000,1499460059000,113.909,113.91,113.909,113.91,17500000,1
1499460060000,1499460119000,113.91,113.91,113.909,113.91,7930000,1
1499460120000,1499460179000,113.909,113.91,113.909,113.91,13180000,1
1499460180000,1499460239000,113.909,113.909,113.909,113.909,4500000,1
1499460240000,1499460299000,113.91,113.91,113.909,113.91,8620000,1
1499460300000,1499460359000,113.91,113.911,113.91,113.911,2000000,1
1499460360000,1499460419000,113.911,113.911,113.909,113.911,14990000,1
1499460420000,1499460479000,113.912,113.912,113.909,113.91,15870000,1
1499460480000,1499460539000,113.911,113.911,113.911,113.911,3500000,1
1499460540000,1499460599000,113.913,113.913,113.91,113.91,40990000,1
1499460600000,1499460659000,113.91,113.919,113.909,113.918,56460000,1
1499460660000,1499460719000,113.915,113.918,113.909,113.909,64450000,1
1499460720000,1499460779000,113.911,113.911,113.908,113.908,26190000,1
1499460780000,1499460839000,113.908,113.91,113.907,113.908,32640000,1
1499460840000,1499460899000,113.908,113.909,113.908,113.908,23860000,1
1499460900000,1499460959000,113.908,113.91,113.905,113.905,22960000,1
1499460960000,1499461019000,113.905,113.906,113.899,113.906,24940000,1
1499461020000,1499461079000,113.906,113.906,113.9,113.906,22430000,1
1499461080000,1499461139000,113.903,113.906,113.903,113.906,24220000,1
1499461140000,1499461199000,113.906,113.908,113.894,113.894,12260000,1
1499634000000,1499634059000,113.863,113.901,113.858,113.894,8750000,1
1499634060000,1499634119000,113.895,113.897,113.895,113.897,2240000,1
1499634120000,1499634179000,113.903,113.91,113.897,113.91,5910000,1
1499634180000,1499634239000,113.91,113.91,113.91,113.91,2850000,1
1499634240000,1499634299000,113.918,113.918,113.911,113.917,6000000,1
1499634300000,1499634359000,113.921,113.934,113.918,113.932,21560000,1
1499634360000,1499634419000,113.93,113.965,113.93,113.946,21740000,1
1499634420000,1499634479000,113.945,113.99,113.877,113.99,37890000,1
1499634480000,1499634539000,113.988,113.988,113.96,113.971,49460000,1
1499634540000,1499634599000,113.971,113.98,113.971,113.974,14960000,1
1499634600000,1499634659000,113.972,113.981,113.917,113.923,35000000,1
1499634660000,1499634719000,113.921,113.932,113.917,113.931,13250000,1
1499634720000,1499634779000,113.93,113.936,113.93,113.936,11000000,1
1499634780000,1499634839000,113.938,113.988,113.938,113.976,95250000,1
1499634840000,1499634899000,113.976,113.976,113.945,113.972,27000000,1
1499634900000,1499634959000,113.97,113.97,113.964,113.97,14500000,1
1499634960000,1499635019000,113.97,113.982,113.967,113.982,10250000,1
1499635020000,1499635079000,113.982,113.984,113.969,113.969,26380000,1
1499635080000,1499635139000,113.969,113.969,113.944,113.949,38660000,1
1499635140000,1499635199000,113.949,113.965,113.947,113.965,37500000,1
1499635200000,1499635259000,113.965,113.965,113.947,113.949,20500000,1
1499635260000,1499635319000,113.954,113.967,113.954,113.967,32000000,1
1499635320000,1499635379000,113.967,113.989,113.96,113.966,37500000,1
1499635380000,1499635439000,113.966,113.988,113.957,113.983,34600000,1
1499635440000,1499635499000,113.983,114.005,113.982,113.982,28350000,1
1499635500000,1499635559000,113.984,113.995,113.984,113.994,11000000,1
1499635560000,1499635619000,113.991,113.991,113.981,113.983,14000000,1
1499635620000,1499635679000,113.986,113.988,113.985,113.985,5000000,1
1499635680000,1499635739000,113.996,114.013,113.996,114.013,24660000,1
1499635740000,1499635799000,114.013,114.028,113.994,114.007,59510000,1
1499635800000,1499635859000,114.007,114.045,113.937,114.018,150450000,1
1499635860000,1499635919000,114.016,114.033,113.965,113.979,95290000,1
1499635920000,1499635979000,114.001,114.007,113.963,113.972,41310000,1
1499635980000,1499636039000,113.974,113.993,113.973,113.992,30720000,1
1499636040000,1499636099000,113.993,114.018,113.993,114.017,18620000,1
1499636100000,1499636159000,114.016,114.017,114.01,114.012,16090000,1
1499636160000,1499636219000,114.011,114.023,114.011,114.023,13500000,1
1499636220000,1499636279000,114.021,114.05,114.021,114.043,43230000,1
1499636280000,1499636339000,114.044,114.044,114.039,114.04,13370000,1
1499636340000,1499636399000,114.038,114.04,114.038,114.04,6000000,1
1499636400000,1499636459000,114.034,114.04,114.03,114.032,14740000,1
1499636460000,1499636519000,114.031,114.047,114.028,114.045,16000000,1
1499636520000,1499636579000,114.045,114.045,114.005,114.038,59540000,1
1499636580000,1499636639000,114.036,114.036,114.017,114.017,20000000,1
1499636640000,1499636699000,114.018,114.027,114.018,114.026,11000000,1
1499636700000,1499636759000,114.026,114.037,114.024,114.033,25500000,1
1499636760000,1499636819000,114.032,114.036,114.03,114.03,13000000,1
1499636820000,1499636879000,114.03,114.03,114.03,114.03,3570000,1
1499636880000,1499636939000,114.035,114.035,113.951,113.951,30500000,1
1499636940000,1499636999000,113.947,114.0,113.945,113.992,49570000,1
1499637000000,1499637059000,113.996,114.051,113.996,114.042,68910000,1
1499637060000,1499637119000,114.044,114.05,113.997,114.03,146630000,1
1499637120000,1499637179000,114.033,114.038,114.019,114.026,121500000,1
1499637180000,1499637239000,114.026,114.05,114.014,114.045,68110000,1
1499637240000,1499637299000,114.046,114.062,114.005,114.059,117620000,1
1499637300000,1499637359000,114.059,114.064,114.019,114.044,102480000,1
1499637360000,1499637419000,114.041,114.041,114.024,114.031,17000000,1
1499637420000,1499637479000,114.03,114.043,114.026,114.043,12500000,1
1499637480000,1499637539000,114.043,114.043,114.029,114.029,5000000,1
1499637540000,1499637599000,114.029,114.033,114.028,114.031,4360000,1
1499637600000,1499637659000,114.028,114.038,114.002,114.01,131120000,1
1499637660000,1499637719000,114.008,114.008,113.98,113.982,133200000,1
1499637720000,1499637779000,113.982,113.988,113.97,113.981,132370000,1
1499637780000,1499637839000,113.981,113.986,113.977,113.977,45310000,1
1499637840000,1499637899000,113.975,113.975,113.95,113.95,53360000,1
1499637900000,1499637959000,113.951,113.993,113.95,113.98,48900000,1
1499637960000,1499638019000,113.98,114.0,113.98,113.986,47470000,1
1499638020000,1499638079000,113.99,113.997,113.988,113.995,52130000,1
1499638080000,1499638139000,113.994,113.998,113.987,113.997,82300000,1
1499638140000,1499638199000,113.995,114.0,113.993,113.999,83910000,1
1499638200000,1499638259000,113.997,113.999,113.986,113.991,216780000,1
1499638260000,1499638319000,113.991,113.998,113.991,113.997,66000000,1
1499638320000,1499638379000,113.998,114.001,113.99,113.998,130370000,1
1499638380000,1499638439000,113.997,113.998,113.993,113.997,101750000,1
1499638440000,1499638499000,113.998,113.998,113.988,113.993,121440000,1
1499638500000,1499638559000,113.993,113.995,113.978,113.979,44760000,1
1499638560000,1499638619000,113.979,113.981,113.977,113.977,22460000,1
1499638620000,1499638679000,113.977,113.992,113.977,113.992,41510000,1
1499638680000,1499638739000,113.993,114.006,113.993,113.998,47620000,1
1499638740000,1499638799000,113.993,113.996,113.99,113.991,62990000,1
1499638800000,1499638859000,113.987,113.999,113.985,113.995,25570000,1
1499638860000,1499638919000,113.995,113.995,113.994,113.995,15870000,1
1499638920000,1499638979000,113.994,113.998,113.994,113.995,34210000,1
1499638980000,1499639039000,113.997,114.002,113.995,113.999,28320000,1
1499639040000,1499639099000,113.998,114.004,113.997,114.0,56320000,1
1499639100000,1499639159000,114.0,114.001,113.998,114.0,27130000,1
1499639160000,1499639219000,114.001,114.021,113.997,114.018,58770000,1
1499639220000,1499639279000,114.019,114.034,114.014,114.034,58580000,1
1499639280000,1499639339000,114.034,114.046,114.034,114.046,81370000,1
1499639340000,1499639399000,114.044,114.052,114.044,114.047,54320000,1
1499639400000,1499639459000,114.049,114.049,114.026,114.026,64330000,1
1499639460000,1499639519000,114.027,114.027,114.018,114.018,46320000,1
1499639520000,1499639579000,114.019,114.022,114.018,114.018,9840000,1
1499639580000,1499639639000,114.019,114.034,114.019,114.034,22880000,1
1499639640000,1499639699000,114.039,114.045,114.037,114.037,52820000,1
1499639700000,1499639759000,114.036,114.036,114.024,114.027,35020000,1
1499639760000,1499639819000,114.027,114.034,114.027,114.031,48400000,1
1499639820000,1499639879000,114.031,114.033,114.026,114.029,51720000,1
1499639880000,1499639939000,114.029,114.032,114.019,114.023,38150000,1
1499639940000,1499639999000,114.022,114.022,114.002,114.006,49360000,1
1499640000000,1499640059000,114.006,114.006,114.003,114.003,11200000,1
1499640060000,1499640119000,114.003,114.003,113.99,113.991,31810000,1
1499640120000,1499640179000,113.992,113.997,113.99,113.995,25920000,1
1499640180000,1499640239000,113.994,113.994,113.987,113.989,31360000,1
1499640240000,1499640299000,113.989,113.991,113.985,113.986,15680000,1
1499640300000,1499640359000,113.985,113.986,113.977,113.978,26470000,1
1499640360000,1499640419000,113.977,113.991,113.973,113.991,23260000,1
1499640420000,1499640479000,113.991,113.996,113.989,113.996,30080000,1
1499640480000,1499640539000,113.996,113.997,113.995,113.997,25880000,1
1499640540000,1499640599000,113.998,114.009,113.998,114.009,45510000,1
1499640600000,1499640659000,114.01,114.015,114.003,114.015,54010000,1
1499640660000,1499640719000,114.014,114.025,114.012,114.025,95940000,1
1499640720000,1499640779000,114.024,114.025,114.019,114.025,88630000,1
1499640780000,1499640839000,114.024,114.024,114.019,114.021,75310000,1
1499640840000,1499640899000,114.021,114.022,114.021,114.021,21470000,1
1499640900000,1499640959000,114.021,114.022,114.018,114.02,28380000,1
1499640960000,1499641019000,114.02,114.021,114.019,114.019,29120000,1
1499641020000,1499641079000,114.018,114.018,114.001,114.009,54920000,1
1499641080000,1499641139000,114.011,114.013,114.011,114.012,4670000,1
1499641140000,1499641199000,114.012,114.019,114.007,114.016,23260000,1
1499641200000,1499641259000,114.016,114.017,114.012,114.014,51750000,1
1499641260000,1499641319000,114.013,114.013,113.998,113.998,45760000,1
1499641320000,1499641379000,113.999,113.999,113.998,113.998,17560000,1
1499641380000,1499641439000,113.998,113.998,113.989,113.992,25580000,1
1499641440000,1499641499000,113.992,113.993,113.989,113.993,16190000,1
1499641500000,1499641559000,113.992,113.992,113.972,113.978,34620000,1
1499641560000,1499641619000,113.978,113.988,113.978,113.988,42990000,1
1499641620000,1499641679000,113.988,113.988,113.977,113.978,45080000,1
1499641680000,1499641739000,113.978,113.981,113.975,113.976,15780000,1
1499641740000,1499641799000,113.976,113.977,113.975,113.977,31040000,1
1499641800000,1499641859000,113.977,114.003,113.977,114.003,50840000,1
1499641860000,1499641919000,114.004,114.009,114.004,114.007,40800000,1
1499641920000,1499641979000,114.007,114.007,113.979,113.991,69090000,1
1499641980000,1499642039000,113.99,113.991,113.987,113.987,12830000,1
1499642040000,1499642099000,113.987,113.987,113.966,113.97,42220000,1
1499642100000,1499642159000,113.97,113.973,113.968,113.968,28390000,1
1499642160000,1499642219000,113.968,113.969,113.968,113.969,9170000,1
1499642220000,1499642279000,113.967,113.973,113.964,113.972,35960000,1
1499642280000,1499642339000,113.972,113.987,113.97,113.987,61210000,1
1499642340000,1499642399000,113.986,114.005,113.986,114.0,88650000,1
1499642400000,1499642459000,114.001,114.002,113.996,113.996,53730000,1
1499642460000,1499642519000,114.002,114.002,113.995,113.996,13320000,1
1499642520000,1499642579000,113.995,113.995,113.978,113.979,28190000,1
1499642580000,1499642639000,113.98,113.981,113.973,113.976,51390000,1
1499642640000,1499642699000,113.976,113.999,113.976,113.999,44620000,1
1499642700000,1499642759000,113.999,114.004,113.997,113.999,74250000,1
1499642760000,1499642819000,113.999,113.999,113.997,113.997,20610000,1
1499642820000,1499642879000,113.997,113.997,113.996,113.996,5950000,1
1499642880000,1499642939000,113.996,113.996,113.996,113.996,4570000,1
1499642940000,1499642999000,113.996,113.996,113.989,113.989,25840000,1
1499643000000,1499643059000,113.99,114.006,113.987,114.006,48860000,1
1499643060000,1499643119000,114.006,114.007,113.999,114.005,41180000,1
1499643120000,1499643179000,114.006,114.006,113.995,113.996,34670000,1
1499643180000,1499643239000,113.997,114.013,113.994,114.013,39640000,1
1499643240000,1499643299000,114.013,114.016,114.011,114.013,193270000,1
1499643300000,1499643359000,114.012,114.018,114.011,114.017,42100000,1
1499643360000,1499643419000,114.017,114.018,114.013,114.013,38510000,1
1499643420000,1499643479000,114.01,114.013,114.01,114.011,18990000,1
1499643480000,1499643539000,114.01,114.01,114.006,114.006,11800000,1
1499643540000,1499643599000,114.006,114.007,113.993,113.993,20670000,1
1499643600000,1499643659000,113.99,113.992,113.974,113.981,56890000,1
1499643660000,1499643719000,113.981,113.989,113.981,113.988,24180000,1
1499643720000,1499643779000,113.988,113.988,113.979,113.979,26480000,1
1499643780000,1499643839000,113.98,113.98,113.965,113.965,37610000,1
1499643840000,1499643899000,113.965,113.981,113.965,113.981,42880000,1
1499643900000,1499643959000,113.982,113.987,113.966,113.976,81290000,1
1499643960000,1499644019000,113.975,113.981,113.96,113.981,73850000,1
1499644020000,1499644079000,113.981,113.992,113.976,113.991,72010000,1
1499644080000,1499644139000,113.989,113.989,113.981,113.985,66030000,1
1499644140000,1499644199000,113.985,113.986,113.978,113.98,70200000,1
1499644200000,1499644259000,113.98,113.982,113.971,113.971,76490000,1
1499644260000,1499644319000,113.97,113.975,113.964,113.975,50920000,1
1499644320000,1499644379000,113.974,113.993,113.974,113.993,45430000,1
1499644380000,1499644439000,113.993,113.993,113.987,113.989,95590000,1
1499644440000,1499644499000,113.99,113.995,113.987,113.993,64520000,1
1499644500000,1499644559000,113.993,113.995,113.992,113.995,16380000,1
1499644560000,1499644619000,113.995,113.995,113.988,113.99,47390000,1
1499644620000,1499644679000,113.989,113.993,113.987,113.99,62890000,1
1499644680000,1499644739000,113.989,113.989,113.988,113.988,16650000,1
1499644740000,1499644799000,113.987,113.988,113.962,113.972,119810000,1
1499644800000,1499644859000,113.971,113.972,113.927,113.929,145860000,1
1499644860000,1499644919000,113.932,113.941,113.907,113.924,152240000,1
1499644920000,1499644979000,113.924,113.924,113.907,113.913,100110000,1
1499644980000,1499645039000,113.913,113.938,113.911,113.936,88220000,1
1499645040000,1499645099000,113.935,113.935,113.927,113.934,52470000,1
1499645100000,1499645159000,113.936,113.948,113.936,113.942,59280000,1
1499645160000,1499645219000,113.941,113.97,113.94,113.967,90430000,1
1499645220000,1499645279000,113.966,113.988,113.955,113.977,154750000,1
1499645280000,1499645339000,113.976,113.99,113.968,113.973,147350000,1
1499645340000,1499645399000,113.974,113.991,113.971,113.99,48810000,1
1499645400000,1499645459000,113.989,114.0,113.984,113.995,73980000,1
1499645460000,1499645519000,113.996,113.998,113.988,113.988,85240000,1
1499645520000,1499645579000,113.987,113.998,113.982,113.985,102340000,1
1499645580000,1499645639000,113.983,113.995,113.98,113.995,73590000,1
1499645640000,1499645699000,113.996,113.999,113.984,113.992,108590000,1
1499645700000,1499645759000,113.992,113.999,113.991,113.998,130030000,1
1499645760000,1499645819000,113.997,113.998,113.993,113.997,79550000,1
1499645820000,1499645879000,113.997,114.001,113.991,113.992,66600000,1
1499645880000,1499645939000,113.992,113.993,113.981,113.981,108770000,1
1499645940000,1499645999000,113.982,113.991,113.982,113.983,192500000,1
1499646000000,1499646059000,113.984,113.993,113.983,113.987,47630000,1
1499646060000,1499646119000,113.988,113.993,113.988,113.988,82510000,1
1499646120000,1499646179000,113.988,113.993,113.968,113.988,133450000,1
1499646180000,1499646239000,113.988,113.988,113.983,113.986,36640000,1
1499646240000,1499646299000,113.987,113.988,113.98,113.98,44570000,1
1499646300000,1499646359000,113.98,113.98,113.971,113.977,100390000,1
1499646360000,1499646419000,113.977,113.986,113.972,113.979,55730000,1
1499646420000,1499646479000,113.981,113.981,113.977,113.978,20860000,1
1499646480000,1499646539000,113.976,113.986,113.975,113.979,72040000,1
1499646540000,1499646599000,113.979,113.99,113.979,113.988,34450000,1
1499646600000,1499646659000,113.987,113.988,113.983,113.983,24570000,1
1499646660000,1499646719000,113.983,113.983,113.979,113.98,19470000,1
1499646720000,1499646779000,113.982,113.982,113.98,113.98,6810000,1
1499646780000,1499646839000,113.982,113.993,113.981,113.985,56670000,1
1499646840000,1499646899000,113.984,113.988,113.979,113.98,109230000,1
1499646900000,1499646959000,113.979,113.986,113.979,113.986,57730000,1
1499646960000,1499647019000,113.985,113.998,113.973,113.997,80000000,1
1499647020000,1499647079000,113.997,114.017,113.996,114.008,142990000,1
1499647080000,1499647139000,114.009,114.013,113.997,114.001,69080000,1
1499647140000,1499647199000,114.001,114.002,113.995,113.996,63630000,1
1499647200000,1499647259000,113.996,114.023,113.995,114.023,112210000,1
1499647260000,1499647319000,114.024,114.031,114.016,114.019,144820000,1
1499647320000,1499647379000,114.019,114.022,114.012,114.012,70850000,1
1499647380000,1499647439000,114.013,114.034,114.013,114.026,65060000,1
1499647440000,1499647499000,114.025,114.033,114.024,114.032,47230000,1
1499647500000,1499647559000,114.031,114.031,114.021,114.021,63480000,1
1499647560000,1499647619000,114.022,114.039,114.022,114.039,105180000,1
1499647620000,1499647679000,114.04,114.052,114.039,114.045,81500000,1
1499647680000,1499647739000,114.046,114.046,114.032,114.033,69760000,1
1499647740000,1499647799000,114.033,114.038,114.028,114.028,65420000,1
1499647800000,1499647859000,114.027,114.027,114.0,114.002,97060000,1
1499647860000,1499647919000,114.002,114.003,113.998,114.0,83210000,1
1499647920000,1499647979000,114.001,114.012,113.992,114.011,57840000,1
1499647980000,1499648039000,114.011,114.04,114.011,114.018,145200000,1
1499648040000,1499648099000,114.018,114.126,114.008,114.121,403270000,1
1499648100000,1499648159000,114.118,114.118,114.082,114.083,227060000,1
1499648160000,1499648219000,114.085,114.098,114.081,114.097,163200000,1
1499648220000,1499648279000,114.1,114.123,114.095,114.113,165090000,1
1499648280000,1499648339000,114.113,114.122,114.101,114.122,137780000,1
1499648340000,1499648399000,114.123,114.124,114.098,114.102,164200000,1
1499648400000,1499648459000,114.101,114.14,114.099,114.133,164490000,1
1499648460000,1499648519000,114.133,114.195,114.132,114.195,244580000,1
1499648520000,1499648579000,114.195,114.197,114.171,114.178,175370000,1
1499648580000,1499648639000,114.173,114.18,114.162,114.172,146210000,1
1499648640000,1499648699000,114.176,114.181,114.173,114.18,94810000,1
1499648700000,1499648759000,114.18,114.18,114.161,114.17,103930000,1
1499648760000,1499648819000,114.168,114.174,114.164,114.171,40510000,1
1499648820000,1499648879000,114.17,114.17,114.155,114.155,65170000,1
1499648880000,1499648939000,114.153,114.16,114.152,114.153,50000000,1
1499648940000,1499648999000,114.152,114.152,114.144,114.146,54590000,1
1499649000000,1499649059000,114.146,114.161,114.146,114.161,44190000,1
1499649060000,1499649119000,114.16,114.162,114.152,114.152,53440000,1
1499649120000,1499649179000,114.154,114.156,114.14,114.153,87250000,1
1499649180000,1499649239000,114.153,114.164,114.151,114.157,55780000,1
1499649240000,1499649299000,114.156,114.156,114.137,114.139,80430000,1
1499649300000,1499649359000,114.138,114.144,114.132,114.142,109550000,1
1499649360000,1499649419000,114.142,114.144,114.136,114.136,57250000,1
1499649420000,1499649479000,114.136,114.139,114.128,114.131,104630000,1
1499649480000,1499649539000,114.131,114.132,114.129,114.129,182480000,1
1499649540000,1499649599000,114.129,114.139,114.128,114.137,125340000,1
1499649600000,1499649659000,114.137,114.137,114.115,114.122,78800000,1
1499649660000,1499649719000,114.123,114.141,114.121,114.139,140860000,1
1499649720000,1499649779000,114.141,114.162,114.138,114.161,92420000,1
1499649780000,1499649839000,114.163,114.176,114.163,114.174,88750000,1
1499649840000,1499649899000,114.174,114.174,114.167,114.167,53600000,1
1499649900000,1499649959000,114.167,114.168,114.16,114.167,125660000,1
1499649960000,1499650019000,114.168,114.168,114.158,114.158,84190000,1
1499650020000,1499650079000,114.158,114.158,114.147,114.147,83710000,1
1499650080000,1499650139000,114.147,114.158,114.146,114.147,126800000,1
1499650140000,1499650199000,114.147,114.147,114.136,114.136,77780000,1
1499650200000,1499650259000,114.136,114.136,114.12,114.135,113620000,1
1499650260000,1499650319000,114.133,114.133,114.115,114.116,113760000,1
1499650320000,1499650379000,114.116,114.121,114.116,114.12,35450000,1
1499650380000,1499650439000,114.119,114.121,114.115,114.119,58350000,1
1499650440000,1499650499000,114.118,114.136,114.118,114.134,69200000,1
1499650500000,1499650559000,114.133,114.136,114.121,114.128,50030000,1
1499650560000,1499650619000,114.128,114.131,114.127,114.128,59430000,1
1499650620000,1499650679000,114.13,114.13,114.121,114.125,77680000,1
1499650680000,1499650739000,114.125,114.125,114.121,114.121,61270000,1
1499650740000,1499650799000,114.121,114.121,114.115,114.115,72710000,1
1499650800000,1499650859000,114.114,114.12,114.108,114.119,42940000,1
1499650860000,1499650919000,114.119,114.134,114.117,114.134,47740000,1
1499650920000,1499650979000,114.135,114.151,114.13,114.147,99450000,1
1499650980000,1499651039000,114.147,114.147,114.133,114.133,94390000,1
1499651040000,1499651099000,114.137,114.148,114.137,114.145,61380000,1
1499651100000,1499651159000,114.145,114.147,114.143,114.145,25490000,1
1499651160000,1499651219000,114.145,114.145,114.142,114.142,66170000,1
1499651220000,1499651279000,114.143,114.147,114.138,114.143,93080000,1
1499651280000,1499651339000,114.143,114.153,114.139,114.152,125730000,1
1499651340000,1499651399000,114.151,114.157,114.141,114.141,142290000,1
1499651400000,1499651459000,114.139,114.152,114.137,114.149,91310000,1
1499651460000,1499651519000,114.15,114.153,114.145,114.148,115130000,1
1499651520000,1499651579000,114.148,114.151,114.145,114.146,85090000,1
1499651580000,1499651639000,114.146,114.16,114.146,114.159,74260000,1
1499651640000,1499651699000,114.161,114.166,114.155,114.165,89010000,1
1499651700000,1499651759000,114.165,114.172,114.164,114.166,80300000,1
1499651760000,1499651819000,114.169,114.181,114.166,114.173,98970000,1
1499651820000,1499651879000,114.173,114.188,114.173,114.185,126720000,1
1499651880000,1499651939000,114.184,114.184,114.173,114.173,130690000,1
1499651940000,1499651999000,114.171,114.201,114.171,114.193,164360000,1
1499652000000,1499652059000,114.193,114.198,114.182,114.182,139400000,1
1499652060000,1499652119000,114.181,114.188,114.177,114.177,83200000,1
1499652120000,1499652179000,114.178,114.186,114.173,114.173,81060000,1
1499652180000,1499652239000,114.173,114.175,114.173,114.173,44550000,1
1499652240000,1499652299000,114.172,114.172,114.167,114.168,68090000,1
1499652300000,1499652359000,114.17,114.173,114.154,114.16,94260000,1
1499652360000,1499652419000,114.16,114.187,114.16,114.187,72320000,1
1499652420000,1499652479000,114.187,114.193,114.175,114.179,114170000,1
1499652480000,1499652539000,114.179,114.182,114.167,114.168,130050000,1
1499652540000,1499652599000,114.169,114.18,114.167,114.167,154850000,1
1499652600000,1499652659000,114.167,114.172,114.155,114.17,96840000,1
1499652660000,1499652719000,114.17,114.175,114.154,114.157,109690000,1
1499652720000,1499652779000,114.156,114.16,114.148,114.153,112560000,1
1499652780000,1499652839000,114.154,114.154,114.149,114.149,73560000,1
1499652840000,1499652899000,114.149,114.149,114.146,114.146,92910000,1
1499652900000,1499652959000,114.146,114.149,114.137,114.146,76320000,1
1499652960000,1499653019000,114.145,114.153,114.138,114.148,96380000,1
1499653020000,1499653079000,114.151,114.154,114.147,114.151,33390000,1
1499653080000,1499653139000,114.151,114.154,114.146,114.153,30280000,1
1499653140000,1499653199000,114.153,114.156,114.148,114.148,24120000,1
1499653200000,1499653259000,114.145,114.145,114.118,114.129,118700000,1
1499653260000,1499653319000,114.13,114.134,114.109,114.109,77780000,1
1499653320000,1499653379000,114.11,114.124,114.11,114.121,67250000,1
1499653380000,1499653439000,114.121,114.145,114.121,114.141,96530000,1
1499653440000,1499653499000,114.141,114.157,114.138,114.154,96010000,1
1499653500000,1499653559000,114.153,114.155,114.147,114.148,57160000,1
1499653560000,1499653619000,114.148,114.152,114.141,114.152,90250000,1
1499653620000,1499653679000,114.149,114.155,114.147,114.154,97160000,1
1499653680000,1499653739000,114.154,114.173,114.154,114.167,81390000,1
1499653740000,1499653799000,114.166,114.166,114.153,114.163,97070000,1
1499653800000,1499653859000,114.163,114.167,114.156,114.161,74030000,1
1499653860000,1499653919000,114.16,114.174,114.16,114.167,71420000,1
1499653920000,1499653979000,114.167,114.169,114.161,114.167,53350000,1
1499653980000,1499654039000,114.166,114.17,114.166,114.169,40990000,1
1499654040000,1499654099000,114.168,114.173,114.168,114.173,18190000,1
1499654100000,1499654159000,114.173,114.173,114.158,114.16,57830000,1
1499654160000,1499654219000,114.16,114.166,114.154,114.158,107030000,1
1499654220000,1499654279000,114.158,114.162,114.155,114.158,69330000,1
1499654280000,1499654339000,114.158,114.161,114.157,114.159,24560000,1
1499654340000,1499654399000,114.159,114.173,114.158,114.173,54940000,1
1499654400000,1499654459000,114.174,114.174,114.16,114.168,114300000,1
1499654460000,1499654519000,114.168,114.177,114.166,114.166,61160000,1
1499654520000,1499654579000,114.166,114.17,114.163,114.17,46710000,1
1499654580000,1499654639000,114.17,114.17,114.161,114.169,61110000,1
1499654640000,1499654699000,114.169,114.169,114.167,114.167,7440000,1
1499654700000,1499654759000,114.167,114.169,114.167,114.168,33400000,1
1499654760000,1499654819000,114.168,114.168,114.162,114.165,44230000,1
1499654820000,1499654879000,114.164,114.168,114.155,114.158,66020000,1
1499654880000,1499654939000,114.158,114.158,114.152,114.153,31570000,1
1499654940000,1499654999000,114.152,114.152,114.14,114.145,72210000,1
1499655000000,1499655059000,114.145,114.146,114.133,114.136,76140000,1
1499655060000,1499655119000,114.135,114.137,114.135,114.135,20350000,1
1499655120000,1499655179000,114.135,114.137,114.134,114.135,61470000,1
1499655180000,1499655239000,114.135,114.135,114.126,114.133,49730000,1
1499655240000,1499655299000,114.132,114.135,114.129,114.135,34890000,1
1499655300000,1499655359000,114.136,114.138,114.128,114.13,41970000,1
1499655360000,1499655419000,114.13,114.132,114.124,114.128,42280000,1
1499655420000,1499655479000,114.128,114.128,114.122,114.128,34680000,1
1499655480000,1499655539000,114.127,114.128,114.121,114.128,42670000,1
1499655540000,1499655599000,114.128,114.129,114.112,114.119,80480000,1
1499655600000,1499655659000,114.12,114.134,114.12,114.134,35920000,1
1499655660000,1499655719000,114.134,114.136,114.126,114.127,44420000,1
1499655720000,1499655779000,114.127,114.127,114.119,114.12,32990000,1
1499655780000,1499655839000,114.12,114.12,114.112,114.114,62760000,1
1499655840000,1499655899000,114.113,114.113,114.098,114.109,73180000,1
1499655900000,1499655959000,114.111,114.118,114.111,114.118,16500000,1
1499655960000,1499656019000,114.118,114.133,114.118,114.129,44500000,1
1499656020000,1499656079000,114.129,114.129,114.113,114.113,173080000,1
1499656080000,1499656139000,114.113,114.119,114.109,114.111,101690000,1
1499656140000,1499656199000,114.112,114.128,114.109,114.128,55740000,1
1499656200000,1499656259000,114.128,114.128,114.123,114.123,84580000,1
1499656260000,1499656319000,114.125,114.136,114.124,114.125,88100000,1
1499656320000,1499656379000,114.125,114.125,114.121,114.121,19300000,1
1499656380000,1499656439000,114.121,114.128,114.121,114.125,24010000,1
1499656440000,1499656499000,114.124,114.126,114.109,114.109,42870000,1
1499656500000,1499656559000,114.107,114.112,114.105,114.109,64990000,1
1499656560000,1499656619000,114.108,114.122,114.108,114.122,35310000,1
1499656620000,1499656679000,114.123,114.13,114.12,114.123,46270000,1
1499656680000,1499656739000,114.123,114.127,114.114,114.12,76070000,1
1499656740000,1499656799000,114.119,114.128,114.112,114.128,43040000,1
1499656800000,1499656859000,114.129,114.138,114.129,114.136,33000000,1
1499656860000,1499656919000,114.136,114.138,114.134,114.135,15180000,1
1499656920000,1499656979000,114.136,114.137,114.129,114.133,62500000,1
1499656980000,1499657039000,114.132,114.137,114.128,114.132,87900000,1
1499657040000,1499657099000,114.132,114.134,114.129,114.134,51750000,1
1499657100000,1499657159000,114.133,114.133,114.129,114.129,27880000,1
1499657160000,1499657219000,114.131,114.141,114.131,114.137,107860000,1
1499657220000,1499657279000,114.136,114.143,114.136,114.142,76890000,1
1499657280000,1499657339000,114.142,114.142,114.136,114.136,15310000,1
1499657340000,1499657399000,114.135,114.14,114.126,114.131,83600000,1
1499657400000,1499657459000,114.131,114.137,114.129,114.137,110590000,1
1499657460000,1499657519000,114.138,114.139,114.135,114.135,24250000,1
1499657520000,1499657579000,114.135,114.143,114.135,114.143,24560000,1
1499657580000,1499657639000,114.143,114.144,114.143,114.143,6980000,1
1499657640000,1499657699000,114.143,114.144,114.137,114.144,24980000,1
1499657700000,1499657759000,114.143,114.144,114.141,114.144,12320000,1
1499657760000,1499657819000,114.144,114.146,114.142,114.142,11680000,1
1499657820000,1499657879000,114.142,114.16,114.141,114.156,59500000,1
1499657880000,1499657939000,114.155,114.169,114.155,114.161,78690000,1
1499657940000,1499657999000,114.162,114.166,114.16,114.164,66260000,1
1499658000000,1499658059000,114.163,114.18,114.16,114.176,63450000,1
1499658060000,1499658119000,114.175,114.177,114.17,114.173,89800000,1
1499658120000,1499658179000,114.174,114.187,114.172,114.186,84450000,1
1499658180000,1499658239000,114.186,114.188,114.167,114.18,111440000,1
1499658240000,1499658299000,114.181,114.181,114.171,114.174,54470000,1
1499658300000,1499658359000,114.173,114.177,114.161,114.167,79020000,1
1499658360000,1499658419000,114.166,114.168,114.166,114.166,29440000,1
1499658420000,1499658479000,114.163,114.163,114.153,114.156,95430000,1
1499658480000,1499658539000,114.156,114.161,114.156,114.161,31390000,1
1499658540000,1499658599000,114.162,114.174,114.161,114.161,99400000,1
1499658600000,1499658659000,114.159,114.16,114.154,114.155,75300000,1
1499658660000,1499658719000,114.156,114.156,114.148,114.154,43480000,1
1499658720000,1499658779000,114.152,114.156,114.148,114.148,46240000,1
1499658780000,1499658839000,114.15,114.156,114.15,114.155,71110000,1
1499658840000,1499658899000,114.155,114.164,114.15,114.153,81680000,1
1499658900000,1499658959000,114.151,114.156,114.148,114.153,100600000,1
1499658960000,1499659019000,114.153,114.155,114.152,114.153,26910000,1
1499659020000,1499659079000,114.153,114.153,114.147,114.148,27040000,1
1499659080000,1499659139000,114.147,114.155,114.147,114.154,27200000,1
1499659140000,1499659199000,114.153,114.157,114.141,114.156,40630000,1
1499659200000,1499659259000,114.158,114.16,114.154,114.157,53690000,1
1499659260000,1499659319000,114.157,114.175,114.157,114.168,34360000,1
1499659320000,1499659379000,114.167,114.169,114.163,114.167,52830000,1
1499659380000,1499659439000,114.166,114.166,114.148,114.153,104680000,1
1499659440000,1499659499000,114.153,114.153,114.143,114.148,54410000,1
1499659500000,1499659559000,114.148,114.152,114.142,114.147,56510000,1
1499659560000,1499659619000,114.149,114.149,114.139,114.14,55630000,1
1499659620000,1499659679000,114.139,114.141,114.134,114.14,26080000,1
1499659680000,1499659739000,114.141,114.146,114.141,114.142,40590000,1
1499659740000,1499659799000,114.141,114.142,114.136,114.136,72010000,1
1499659800000,1499659859000,114.138,114.144,114.137,114.144,11500000,1
1499659860000,1499659919000,114.142,114.151,114.137,114.137,52280000,1
1499659920000,1499659979000,114.136,114.141,114.136,114.141,21540000,1
1499659980000,1499660039000,114.14,114.144,114.139,114.144,21180000,1
1499660040000,1499660099000,114.143,114.148,114.134,114.14,65610000,1
1499660100000,1499660159000,114.138,114.138,114.136,114.138,16170000,1
1499660160000,1499660219000,114.139,114.139,114.135,114.137,33950000,1
1499660220000,1499660279000,114.137,114.141,114.13,114.13,40730000,1
1499660280000,1499660339000,114.13,114.136,114.126,114.13,57830000,1
1499660340000,1499660399000,114.13,114.142,114.13,114.135,57320000,1
1499660400000,1499660459000,114.135,114.141,114.128,114.129,57310000,1
1499660460000,1499660519000,114.127,114.129,114.116,114.128,42130000,1
1499660520000,1499660579000,114.128,114.13,114.126,114.128,46620000,1
1499660580000,1499660639000,114.128,114.133,114.128,114.133,38220000,1
1499660640000,1499660699000,114.134,114.135,114.134,114.134,52980000,1
1499660700000,1499660759000,114.134,114.136,114.133,114.133,48660000,1
1499660760000,1499660819000,114.134,114.142,114.134,114.142,48850000,1
1499660820000,1499660879000,114.142,114.143,114.119,114.128,77810000,1
1499660880000,1499660939000,114.128,114.141,114.127,114.127,41740000,1
1499660940000,1499660999000,114.126,114.141,114.126,114.141,50870000,1
1499661000000,1499661059000,114.14,114.146,114.134,114.144,98670000,1
1499661060000,1499661119000,114.144,114.148,114.139,114.141,59800000,1
1499661120000,1499661179000,114.142,114.152,114.141,114.151,79480000,1
1499661180000,1499661239000,114.15,114.15,114.142,114.142,36310000,1
1499661240000,1499661299000,114.142,114.152,114.141,114.145,73690000,1
1499661300000,1499661359000,114.147,114.151,114.142,114.15,78860000,1
1499661360000,1499661419000,114.151,114.151,114.128,114.128,142750000,1
1499661420000,1499661479000,114.128,114.147,114.128,114.142,102580000,1
1499661480000,1499661539000,114.142,114.147,114.141,114.147,36320000,1
1499661540000,1499661599000,114.146,114.146,114.138,114.139,84230000,1
1499661600000,1499661659000,114.138,114.144,114.131,114.135,73560000,1
1499661660000,1499661719000,114.136,114.139,114.13,114.13,44560000,1
1499661720000,1499661779000,114.132,114.138,114.132,114.133,62630000,1
1499661780000,1499661839000,114.134,114.136,114.133,114.135,28340000,1
1499661840000,1499661899000,114.134,114.137,114.133,114.136,21280000,1
1499661900000,1499661959000,114.137,114.142,114.132,114.132,31830000,1
1499661960000,1499662019000,114.132,114.138,114.127,114.135,43350000,1
1499662020000,1499662079000,114.135,114.136,114.13,114.135,27600000,1
1499662080000,1499662139000,114.135,114.135,114.124,114.13,92340000,1
1499662140000,1499662199000,114.131,114.138,114.131,114.137,21560000,1
1499662200000,1499662259000,114.137,114.137,114.136,114.136,7860000,1
1499662260000,1499662319000,114.135,114.137,114.128,114.137,39920000,1
1499662320000,1499662379000,114.137,114.138,114.137,114.138,12330000,1
1499662380000,1499662439000,114.139,114.139,114.137,114.139,7090000,1
1499662440000,1499662499000,114.138,114.141,114.137,114.138,26310000,1
1499662500000,1499662559000,114.139,114.142,114.138,114.142,24930000,1
1499662560000,1499662619000,114.141,114.143,114.138,114.139,60250000,1
1499662620000,1499662679000,114.141,114.143,114.137,114.143,28340000,1
1499662680000,1499662739000,114.143,114.145,114.143,114.145,3870000,1
1499662740000,1499662799000,114.145,114.147,114.127,114.127,45100000,1
1499662800000,1499662859000,114.127,114.128,114.098,114.101,137820000,1
1499662860000,1499662919000,114.1,114.119,114.1,114.118,75080000,1
1499662920000,1499662979000,114.116,114.13,114.115,114.123,80720000,1
1499662980000,1499663039000,114.125,114.134,114.124,114.134,44320000,1
1499663040000,1499663099000,114.132,114.136,114.122,114.129,74100000,1
1499663100000,1499663159000,114.129,114.13,114.126,114.127,50640000,1
1499663160000,1499663219000,114.129,114.136,114.128,114.136,39880000,1
1499663220000,1499663279000,114.136,114.149,114.134,114.146,74430000,1
1499663280000,1499663339000,114.146,114.148,114.138,114.148,58720000,1
1499663340000,1499663399000,114.146,114.155,114.143,114.154,41300000,1
1499663400000,1499663459000,114.155,114.156,114.148,114.154,54990000,1
1499663460000,1499663519000,114.155,114.156,114.153,114.154,38720000,1
1499663520000,1499663579000,114.155,114.157,114.149,114.156,71820000,1
1499663580000,1499663639000,114.155,114.159,114.151,114.154,41920000,1
1499663640000,1499663699000,114.153,114.162,114.15,114.158,93070000,1
1499663700000,1499663759000,114.158,114.175,114.158,114.175,121520000,1
1499663760000,1499663819000,114.178,114.178,114.162,114.167,117880000,1
1499663820000,1499663879000,114.168,114.175,114.166,114.167,75910000,1
1499663880000,1499663939000,114.167,114.168,114.16,114.164,71610000,1
1499663940000,1499663999000,114.163,114.166,114.162,114.162,50280000,1
1499664000000,1499664059000,114.162,114.164,114.153,114.164,142040000,1
1499664060000,1499664119000,114.163,114.168,114.163,114.165,83040000,1
1499664120000,1499664179000,114.165,114.166,114.16,114.16,230880000,1
1499664180000,1499664239000,114.16,114.163,114.142,114.142,94350000,1
1499664240000,1499664299000,114.142,114.168,114.142,114.159,95580000,1
1499664300000,1499664359000,114.159,114.16,114.148,114.152,189750000,1
1499664360000,1499664419000,114.152,114.159,114.152,114.153,173350000,1
1499664420000,1499664479000,114.153,114.153,114.145,114.147,131270000,1
1499664480000,1499664539000,114.148,114.158,114.148,114.153,123030000,1
1499664540000,1499664599000,114.153,114.154,114.146,114.154,197900000,1
1499664600000,1499664659000,114.154,114.154,114.148,114.148,142560000,1
1499664660000,1499664719000,114.148,114.148,114.147,114.147,77900000,1
1499664720000,1499664779000,114.147,114.147,114.145,114.147,37490000,1
1499664780000,1499664839000,114.146,114.148,114.145,114.148,51350000,1
1499664840000,1499664899000,114.147,114.159,114.147,114.159,79140000,1
1499664900000,1499664959000,114.159,114.16,114.152,114.154,70250000,1
1499664960000,1499665019000,114.155,114.162,114.155,114.155,46090000,1
1499665020000,1499665079000,114.156,114.161,114.145,114.147,73040000,1
1499665080000,1499665139000,114.147,114.147,114.134,114.135,68490000,1
1499665140000,1499665199000,114.137,114.145,114.125,114.128,74780000,1
1499665200000,1499665259000,114.129,114.134,114.127,114.133,59610000,1
1499665260000,1499665319000,114.133,114.134,114.124,114.13,79740000,1
1499665320000,1499665379000,114.13,114.144,114.129,114.144,70110000,1
1499665380000,1499665439000,114.145,114.152,114.145,114.15,22250000,1
1499665440000,1499665499000,114.151,114.152,114.147,114.152,23170000,1
1499665500000,1499665559000,114.151,114.16,114.131,114.156,86950000,1
1499665560000,1499665619000,114.156,114.156,114.155,114.156,29150000,1
1499665620000,1499665679000,114.156,114.156,114.15,114.153,64330000,1
1499665680000,1499665739000,114.153,114.156,114.145,114.155,87280000,1
1499665740000,1499665799000,114.155,114.158,114.152,114.154,30440000,1
1499665800000,1499665859000,114.155,114.155,114.123,114.127,117310000,1
1499665860000,1499665919000,114.129,114.131,114.11,114.11,66850000,1
1499665920000,1499665979000,114.109,114.109,114.101,114.104,150420000,1
1499665980000,1499666039000,114.103,114.112,114.098,114.111,78860000,1
1499666040000,1499666099000,114.111,114.131,114.11,114.125,66610000,1
1499666100000,1499666159000,114.126,114.131,114.12,114.129,78310000,1
1499666160000,1499666219000,114.129,114.13,114.125,114.126,58960000,1
1499666220000,1499666279000,114.128,114.156,114.127,114.155,107280000,1
1499666280000,1499666339000,114.156,114.163,114.148,114.16,125430000,1
1499666340000,1499666399000,114.161,114.163,114.152,114.159,134480000,1
1499666400000,1499666459000,114.159,114.189,114.159,114.166,182210000,1
1499666460000,1499666519000,114.166,114.174,114.164,114.169,109440000,1
1499666520000,1499666579000,114.169,114.176,114.155,114.157,138250000,1
1499666580000,1499666639000,114.159,114.178,114.156,114.173,90310000,1
1499666640000,1499666699000,114.173,114.182,114.171,114.179,116440000,1
1499666700000,1499666759000,114.179,114.218,114.178,114.195,227860000,1
1499666760000,1499666819000,114.196,114.2,114.179,114.184,104130000,1
1499666820000,1499666879000,114.183,114.187,114.167,114.183,152560000,1
1499666880000,1499666939000,114.183,114.187,114.179,114.184,75990000,1
1499666940000,1499666999000,114.185,114.186,114.154,114.161,121960000,1
1499667000000,1499667059000,114.162,114.172,114.162,114.17,61500000,1
1499667060000,1499667119000,114.169,114.183,114.169,114.178,94470000,1
1499667120000,1499667179000,114.176,114.187,114.171,114.187,147610000,1
1499667180000,1499667239000,114.188,114.188,114.178,114.185,99640000,1
1499667240000,1499667299000,114.184,114.189,114.179,114.189,110070000,1
1499667300000,1499667359000,114.178,114.207,114.173,114.196,158630000,1
1499667360000,1499667419000,114.196,114.202,114.196,114.199,132430000,1
1499667420000,1499667479000,114.199,114.221,114.196,114.214,192620000,1
1499667480000,1499667539000,114.214,114.235,114.214,114.225,193500000,1
1499667540000,1499667599000,114.226,114.228,114.22,114.228,86350000,1
1499667600000,1499667659000,114.228,114.228,114.215,114.219,130510000,1
1499667660000,1499667719000,114.22,114.22,114.208,114.21,100140000,1
1499667720000,1499667779000,114.21,114.224,114.202,114.219,201910000,1
1499667780000,1499667839000,114.218,114.219,114.207,114.207,157140000,1
1499667840000,1499667899000,114.207,114.209,114.193,114.197,130490000,1
1499667900000,1499667959000,114.197,114.2,114.195,114.2,56200000,1
1499667960000,1499668019000,114.2,114.206,114.198,114.206,64570000,1
1499668020000,1499668079000,114.206,114.226,114.206,114.224,194660000,1
1499668080000,1499668139000,114.224,114.224,114.208,114.214,103140000,1
1499668140000,1499668199000,114.215,114.22,114.212,114.22,122040000,1
1499668200000,1499668259000,114.22,114.223,114.207,114.223,164250000,1
1499668260000,1499668319000,114.223,114.227,114.217,114.225,143020000,1
1499668320000,1499668379000,114.226,114.238,114.223,114.235,130060000,1
1499668380000,1499668439000,114.235,114.236,114.203,114.204,93160000,1
1499668440000,1499668499000,114.203,114.203,114.181,114.187,125990000,1
1499668500000,1499668559000,114.189,114.209,114.184,114.197,126760000,1
1499668560000,1499668619000,114.197,114.209,114.175,114.183,178240000,1
1499668620000,1499668679000,114.184,114.184,114.16,114.178,151800000,1
1499668680000,1499668739000,114.177,114.188,114.169,114.188,169750000,1
1499668740000,1499668799000,114.189,114.204,114.186,114.2,139160000,1
1499668800000,1499668859000,114.201,114.203,114.166,114.173,130380000,1
1499668860000,1499668919000,114.172,114.189,114.172,114.18,121210000,1
1499668920000,1499668979000,114.179,114.192,114.179,114.191,93850000,1
1499668980000,1499669039000,114.192,114.202,114.186,114.191,140750000,1
1499669040000,1499669099000,114.192,114.197,114.184,114.196,122970000,1
1499669100000,1499669159000,114.195,114.199,114.187,114.199,76320000,1
1499669160000,1499669219000,114.197,114.212,114.197,114.212,88010000,1
1499669220000,1499669279000,114.211,114.211,114.199,114.204,229620000,1
1499669280000,1499669339000,114.204,114.205,114.197,114.197,62400000,1
1499669340000,1499669399000,114.198,114.217,114.198,114.21,58520000,1
1499669400000,1499669459000,114.209,114.212,114.201,114.201,77710000,1
1499669460000,1499669519000,114.203,114.213,114.201,114.212,67870000,1
1499669520000,1499669579000,114.211,114.226,114.205,114.226,142090000,1
1499669580000,1499669639000,114.225,114.234,114.225,114.229,186860000,1
1499669640000,1499669699000,114.23,114.242,114.228,114.24,155910000,1
1499669700000,1499669759000,114.241,114.25,114.237,114.238,109650000,1
1499669760000,1499669819000,114.238,114.238,114.228,114.228,89350000,1
1499669820000,1499669879000,114.228,114.235,114.222,114.229,130010000,1
1499669880000,1499669939000,114.228,114.235,114.227,114.229,187960000,1
1499669940000,1499669999000,114.229,114.232,114.212,114.212,203290000,1
1499670000000,1499670059000,114.214,114.228,114.196,114.224,157280000,1
1499670060000,1499670119000,114.223,114.24,114.222,114.235,192170000,1
1499670120000,1499670179000,114.236,114.245,114.234,114.245,171380000,1
1499670180000,1499670239000,114.246,114.257,114.229,114.231,208770000,1
1499670240000,1499670299000,114.23,114.236,114.227,114.235,142350000,1
1499670300000,1499670359000,114.236,114.243,114.228,114.229,102860000,1
1499670360000,1499670419000,114.232,114.247,114.227,114.247,179360000,1
1499670420000,1499670479000,114.246,114.268,114.245,114.267,199450000,1
1499670480000,1499670539000,114.267,114.27,114.261,114.268,143220000,1
1499670540000,1499670599000,114.269,114.28,114.265,114.265,172720000,1
1499670600000,1499670659000,114.265,114.278,114.265,114.27,68540000,1
1499670660000,1499670719000,114.269,114.276,114.267,114.267,87500000,1
1499670720000,1499670779000,114.268,114.273,114.262,114.271,117570000,1
1499670780000,1499670839000,114.271,114.276,114.263,114.268,96730000,1
1499670840000,1499670899000,114.266,114.276,114.263,114.276,140200000,1
1499670900000,1499670959000,114.276,114.286,114.269,114.283,207120000,1
1499670960000,1499671019000,114.283,114.29,114.277,114.29,153270000,1
1499671020000,1499671079000,114.288,114.292,114.287,114.29,150040000,1
1499671080000,1499671139000,114.29,114.292,114.274,114.277,143490000,1
1499671140000,1499671199000,114.278,114.289,114.264,114.283,149130000,1
1499671200000,1499671259000,114.278,114.282,114.265,114.276,167260000,1
1499671260000,1499671319000,114.276,114.282,114.273,114.282,100000000,1
1499671320000,1499671379000,114.282,114.294,114.282,114.289,118040000,1
1499671380000,1499671439000,114.29,114.293,114.284,114.291,98160000,1
1499671440000,1499671499000,114.291,114.3,114.277,114.278,169760000,1
1499671500000,1499671559000,114.278,114.293,114.273,114.288,119470000,1
1499671560000,1499671619000,114.288,114.301,114.285,114.285,225310000,1
1499671620000,1499671679000,114.287,114.295,114.286,114.289,81010000,1
1499671680000,1499671739000,114.289,114.292,114.273,114.29,117570000,1
1499671740000,1499671799000,114.29,114.293,114.276,114.277,142770000,1
1499671800000,1499671859000,114.277,114.29,114.259,114.271,205840000,1
1499671860000,1499671919000,114.271,114.277,114.261,114.27,161690000,1
1499671920000,1499671979000,114.27,114.297,114.265,114.295,160390000,1
1499671980000,1499672039000,114.295,114.295,114.265,114.281,235250000,1
1499672040000,1499672099000,114.282,114.283,114.276,114.277,68460000,1
1499672100000,1499672159000,114.28,114.283,114.268,114.268,139380000,1
1499672160000,1499672219000,114.269,114.27,114.255,114.256,116790000,1
1499672220000,1499672279000,114.256,114.264,114.255,114.259,88260000,1
1499672280000,1499672339000,114.26,114.283,114.26,114.277,103080000,1
1499672340000,1499672399000,114.277,114.277,114.268,114.269,94780000,1
1499672400000,1499672459000,114.27,114.274,114.262,114.265,101320000,1
1499672460000,1499672519000,114.267,114.271,114.263,114.269,68600000,1
1499672520000,1499672579000,114.269,114.27,114.26,114.26,69180000,1
1499672580000,1499672639000,114.263,114.269,114.258,114.259,125280000,1
1499672640000,1499672699000,114.259,114.263,114.251,114.256,136460000,1
1499672700000,1499672759000,114.257,114.258,114.25,114.25,99120000,1
1499672760000,1499672819000,114.25,114.251,114.244,114.25,87440000,1
1499672820000,1499672879000,114.249,114.255,114.246,114.25,141050000,1
1499672880000,1499672939000,114.25,114.257,114.242,114.242,134870000,1
1499672940000,1499672999000,114.241,114.245,114.233,114.233,100490000,1
1499673000000,1499673059000,114.232,114.232,114.205,114.207,139930000,1
1499673060000,1499673119000,114.207,114.211,114.189,114.196,175650000,1
1499673120000,1499673179000,114.196,114.203,114.185,114.187,126540000,1
1499673180000,1499673239000,114.187,114.197,114.186,114.189,84800000,1
1499673240000,1499673299000,114.188,114.189,114.179,114.182,100560000,1
1499673300000,1499673359000,114.181,114.181,114.164,114.164,123300000,1
1499673360000,1499673419000,114.164,114.171,114.141,114.15,153240000,1
1499673420000,1499673479000,114.152,114.159,114.147,114.158,88640000,1
1499673480000,1499673539000,114.159,114.177,114.159,114.177,108240000,1
1499673540000,1499673599000,114.177,114.187,114.166,114.171,117820000,1
1499673600000,1499673659000,114.172,114.18,114.172,114.176,100080000,1
1499673660000,1499673719000,114.175,114.176,114.166,114.173,104580000,1
1499673720000,1499673779000,114.174,114.181,114.173,114.181,72130000,1
1499673780000,1499673839000,114.181,114.19,114.16,114.163,168460000,1
1499673840000,1499673899000,114.162,114.165,114.15,114.156,136720000,1
1499673900000,1499673959000,114.156,114.17,114.156,114.16,103780000,1
1499673960000,1499674019000,114.161,114.171,114.161,114.167,53320000,1
1499674020000,1499674079000,114.167,114.167,114.146,114.152,132140000,1
1499674080000,1499674139000,114.152,114.158,114.149,114.152,72010000,1
1499674140000,1499674199000,114.151,114.16,114.133,114.135,138520000,1
1499674200000,1499674259000,114.136,114.152,114.136,114.152,112710000,1
1499674260000,1499674319000,114.153,114.18,114.153,114.172,115770000,1
1499674320000,1499674379000,114.171,114.178,114.155,114.16,153400000,1
1499674380000,1499674439000,114.16,114.167,114.158,114.167,66450000,1
1499674440000,1499674499000,114.167,114.167,114.161,114.162,53830000,1
1499674500000,1499674559000,114.161,114.167,114.149,114.149,61360000,1
1499674560000,1499674619000,114.148,114.148,114.1,114.105,146260000,1
1499674620000,1499674679000,114.106,114.116,114.095,114.106,194520000,1
1499674680000,1499674739000,114.106,114.107,114.062,114.077,192760000,1
1499674740000,1499674799000,114.078,114.089,114.072,114.089,92830000,1
1499674800000,1499674859000,114.09,114.107,114.09,114.104,112430000,1
1499674860000,1499674919000,114.104,114.117,114.104,114.115,73580000,1
1499674920000,1499674979000,114.115,114.134,114.114,114.125,79190000,1
1499674980000,1499675039000,114.124,114.141,114.124,114.136,124160000,1
1499675040000,1499675099000,114.138,114.139,114.127,114.135,87610000,1
1499675100000,1499675159000,114.134,114.14,114.128,114.14,94390000,1
1499675160000,1499675219000,114.142,114.143,114.135,114.14,92570000,1
1499675220000,1499675279000,114.14,114.155,114.134,114.143,64650000,1
1499675280000,1499675339000,114.142,114.143,114.132,114.136,62160000,1
1499675340000,1499675399000,114.135,114.151,114.135,114.15,65000000,1
1499675400000,1499675459000,114.152,114.156,114.146,114.148,106700000,1
1499675460000,1499675519000,114.149,114.186,114.149,114.186,120510000,1
1499675520000,1499675579000,114.186,114.2,114.179,114.191,195860000,1
1499675580000,1499675639000,114.192,114.192,114.179,114.186,112900000,1
1499675640000,1499675699000,114.187,114.215,114.186,114.208,130110000,1
1499675700000,1499675759000,114.208,114.215,114.193,114.202,122000000,1
1499675760000,1499675819000,114.201,114.204,114.198,114.204,55870000,1
1499675820000,1499675879000,114.206,114.211,114.203,114.207,148430000,1
1499675880000,1499675939000,114.206,114.218,114.2,114.215,140390000,1
1499675940000,1499675999000,114.214,114.219,114.194,114.199,140470000,1
1499676000000,1499676059000,114.201,114.207,114.198,114.202,96930000,1
1499676060000,1499676119000,114.202,114.204,114.195,114.199,94090000,1
1499676120000,1499676179000,114.199,114.203,114.187,114.187,173990000,1
1499676180000,1499676239000,114.187,114.188,114.179,114.188,96860000,1
1499676240000,1499676299000,114.189,114.19,114.178,114.186,135930000,1
1499676300000,1499676359000,114.186,114.201,114.186,114.19,139640000,1
1499676360000,1499676419000,114.191,114.199,114.186,114.186,69780000,1
1499676420000,1499676479000,114.186,114.206,114.186,114.187,121940000,1
1499676480000,1499676539000,114.187,114.194,114.187,114.187,61420000,1
1499676540000,1499676599000,114.186,114.195,114.183,114.193,81190000,1
1499676600000,1499676659000,114.193,114.196,114.185,114.185,58740000,1
1499676660000,1499676719000,114.184,114.192,114.173,114.183,99250000,1
1499676720000,1499676779000,114.182,114.189,114.174,114.189,94820000,1
1499676780000,1499676839000,114.189,114.191,114.182,114.184,55510000,1
1499676840000,1499676899000,114.184,114.195,114.184,114.188,66180000,1
1499676900000,1499676959000,114.186,114.186,114.179,114.184,94470000,1
1499676960000,1499677019000,114.184,114.184,114.179,114.183,47540000,1
1499677020000,1499677079000,114.183,114.189,114.176,114.176,84390000,1
1499677080000,1499677139000,114.176,114.185,114.167,114.175,121810000,1
1499677140000,1499677199000,114.175,114.189,114.17,114.179,127520000,1
1499677200000,1499677259000,114.178,114.178,114.166,114.173,111660000,1
1499677260000,1499677319000,114.172,114.172,114.159,114.166,158480000,1
1499677320000,1499677379000,114.166,114.167,114.133,114.145,164900000,1
1499677380000,1499677439000,114.146,114.166,114.146,114.164,90030000,1
1499677440000,1499677499000,114.165,114.169,114.152,114.152,70610000,1
1499677500000,1499677559000,114.154,114.159,114.13,114.132,101560000,1
1499677560000,1499677619000,114.135,114.146,114.123,114.146,110620000,1
1499677620000,1499677679000,114.146,114.195,114.145,114.195,178280000,1
1499677680000,1499677739000,114.194,114.241,114.192,114.234,171640000,1
1499677740000,1499677799000,114.233,114.242,114.223,114.234,127490000,1
1499677800000,1499677859000,114.236,114.244,114.231,114.244,72350000,1
1499677860000,1499677919000,114.245,114.245,114.231,114.231,74950000,1
1499677920000,1499677979000,114.232,114.237,114.23,114.236,55400000,1
1499677980000,1499678039000,114.234,114.242,114.232,114.236,85930000,1
1499678040000,1499678099000,114.237,114.239,114.22,114.238,97800000,1
1499678100000,1499678159000,114.24,114.24,114.225,114.232,119950000,1
1499678160000,1499678219000,114.232,114.251,114.228,114.25,117530000,1
1499678220000,1499678279000,114.251,114.253,114.241,114.248,100770000,1
1499678280000,1499678339000,114.246,114.253,114.244,114.245,92590000,1
1499678340000,1499678399000,114.245,114.256,114.241,114.256,92060000,1
1499678400000,1499678459000,114.255,114.261,114.247,114.261,132130000,1
1499678460000,1499678519000,114.263,114.263,114.243,114.244,99330000,1
1499678520000,1499678579000,114.244,114.244,114.236,114.236,44770000,1
1499678580000,1499678639000,114.238,114.247,114.232,114.238,56280000,1
1499678640000,1499678699000,114.238,114.252,114.238,114.25,57610000,1
1499678700000,1499678759000,114.249,114.249,114.231,114.231,130930000,1
1499678760000,1499678819000,114.231,114.244,114.225,114.236,115090000,1
1499678820000,1499678879000,114.239,114.244,114.23,114.23,80150000,1
1499678880000,1499678939000,114.23,114.237,114.213,114.229,170650000,1
1499678940000,1499678999000,114.228,114.235,114.218,114.231,251850000,1
1499679000000,1499679059000,114.231,114.247,114.231,114.237,124330000,1
1499679060000,1499679119000,114.238,114.239,114.232,114.234,92760000,1
1499679120000,1499679179000,114.236,114.241,114.231,114.24,55810000,1
1499679180000,1499679239000,114.241,114.242,114.229,114.23,47100000,1
1499679240000,1499679299000,114.228,114.232,114.212,114.217,108090000,1
1499679300000,1499679359000,114.218,114.225,114.216,114.218,84620000,1
1499679360000,1499679419000,114.218,114.24,114.218,114.229,107730000,1
1499679420000,1499679479000,114.228,114.235,114.226,114.229,98620000,1
1499679480000,1499679539000,114.23,114.235,114.223,114.235,89470000,1
1499679540000,1499679599000,114.236,114.237,114.202,114.209,134270000,1
1499679600000,1499679659000,114.209,114.211,114.169,114.174,135600000,1
1499679660000,1499679719000,114.173,114.18,114.155,114.16,123350000,1
1499679720000,1499679779000,114.161,114.185,114.157,114.183,134820000,1
1499679780000,1499679839000,114.183,114.206,114.18,114.206,126440000,1
1499679840000,1499679899000,114.207,114.212,114.196,114.206,110540000,1
1499679900000,1499679959000,114.206,114.219,114.199,114.217,151650000,1
1499679960000,1499680019000,114.218,114.218,114.204,114.208,68960000,1
1499680020000,1499680079000,114.208,114.21,114.196,114.197,123290000,1
1499680080000,1499680139000,114.198,114.216,114.196,114.211,114590000,1
1499680140000,1499680199000,114.21,114.21,114.195,114.198,75020000,1
1499680200000,1499680259000,114.197,114.205,114.187,114.204,87790000,1
1499680260000,1499680319000,114.202,114.204,114.2,114.203,44870000,1
1499680320000,1499680379000,114.204,114.208,114.197,114.198,56130000,1
1499680380000,1499680439000,114.2,114.204,114.198,114.202,98430000,1
1499680440000,1499680499000,114.204,114.205,114.201,114.203,40370000,1
1499680500000,1499680559000,114.203,114.206,114.197,114.204,27340000,1
1499680560000,1499680619000,114.204,114.206,114.199,114.205,106330000,1
1499680620000,1499680679000,114.205,114.213,114.203,114.209,66410000,1
1499680680000,1499680739000,114.211,114.222,114.202,114.22,148700000,1
1499680740000,1499680799000,114.22,114.232,114.218,114.226,108750000,1
1499680800000,1499680859000,114.226,114.228,114.211,114.218,156910000,1
1499680860000,1499680919000,114.218,114.228,114.218,114.22,72180000,1
1499680920000,1499680979000,114.218,114.218,114.2,114.2,63630000,1
1499680980000,1499681039000,114.2,114.207,114.197,114.207,44150000,1
1499681040000,1499681099000,114.207,114.216,114.207,114.215,35180000,1
1499681100000,1499681159000,114.217,114.219,114.199,114.207,70860000,1
1499681160000,1499681219000,114.207,114.226,114.206,114.226,114630000,1
1499681220000,1499681279000,114.225,114.226,114.212,114.223,121450000,1
1499681280000,1499681339000,114.221,114.224,114.196,114.2,125860000,1
1499681340000,1499681399000,114.201,114.217,114.201,114.216,76700000,1
1499681400000,1499681459000,114.217,114.226,114.212,114.223,108650000,1
1499681460000,1499681519000,114.223,114.227,114.219,114.221,62780000,1
1499681520000,1499681579000,114.222,114.228,114.222,114.226,36240000,1
1499681580000,1499681639000,114.226,114.23,114.215,114.22,85150000,1
1499681640000,1499681699000,114.22,114.221,114.213,114.213,49730000,1
1499681700000,1499681759000,114.213,114.222,114.213,114.22,102440000,1
1499681760000,1499681819000,114.22,114.231,114.22,114.226,77510000,1
1499681820000,1499681879000,114.226,114.226,114.214,114.22,50870000,1
1499681880000,1499681939000,114.224,114.225,114.217,114.22,49700000,1
1499681940000,1499681999000,114.221,114.223,114.211,114.211,31360000,1
1499682000000,1499682059000,114.211,114.213,114.211,114.212,56140000,1
1499682060000,1499682119000,114.212,114.228,114.211,114.228,57860000,1
1499682120000,1499682179000,114.228,114.242,114.22,114.22,93800000,1
1499682180000,1499682239000,114.22,114.231,114.218,114.229,38710000,1
1499682240000,1499682299000,114.229,114.245,114.227,114.245,107910000,1
1499682300000,1499682359000,114.245,114.245,114.227,114.229,142190000,1
1499682360000,1499682419000,114.231,114.232,114.229,114.23,99880000,1
1499682420000,1499682479000,114.231,114.237,114.23,114.232,44200000,1
1499682480000,1499682539000,114.231,114.236,114.23,114.231,81630000,1
1499682540000,1499682599000,114.232,114.235,114.215,114.217,63200000,1
1499682600000,1499682659000,114.218,114.225,114.218,114.225,9500000,1
1499682660000,1499682719000,114.225,114.226,114.213,114.217,96640000,1
1499682720000,1499682779000,114.217,114.235,114.217,114.23,78400000,1
1499682780000,1499682839000,114.23,114.231,114.224,114.231,39960000,1
1499682840000,1499682899000,114.229,114.23,114.216,114.217,75720000,1
1499682900000,1499682959000,114.216,114.216,114.21,114.213,50560000,1
1499682960000,1499683019000,114.213,114.213,114.2,114.208,53790000,1
1499683020000,1499683079000,114.206,114.212,114.197,114.197,47910000,1
1499683080000,1499683139000,114.198,114.212,114.198,114.212,86130000,1
1499683140000,1499683199000,114.213,114.218,114.209,114.209,61170000,1
1499683200000,1499683259000,114.208,114.217,114.206,114.213,71380000,1
1499683260000,1499683319000,114.213,114.218,114.211,114.213,77350000,1
1499683320000,1499683379000,114.211,114.213,114.204,114.21,121050000,1
1499683380000,1499683439000,114.209,114.223,114.207,114.212,94970000,1
1499683440000,1499683499000,114.21,114.216,114.21,114.213,181750000,1
1499683500000,1499683559000,114.212,114.214,114.204,114.205,137470000,1
1499683560000,1499683619000,114.207,114.209,114.205,114.208,106320000,1
1499683620000,1499683679000,114.208,114.211,114.207,114.211,39180000,1
1499683680000,1499683739000,114.211,114.215,114.21,114.213,48290000,1
1499683740000,1499683799000,114.213,114.215,114.208,114.209,48110000,1
1499683800000,1499683859000,114.21,114.222,114.205,114.209,100130000,1
1499683860000,1499683919000,114.209,114.214,114.205,114.214,46630000,1
1499683920000,1499683979000,114.214,114.22,114.206,114.207,63220000,1
1499683980000,1499684039000,114.207,114.211,114.204,114.209,61320000,1
1499684040000,1499684099000,114.209,114.213,114.209,114.211,118020000,1
1499684100000,1499684159000,114.211,114.217,114.205,114.211,90830000,1
1499684160000,1499684219000,114.21,114.214,114.206,114.207,34060000,1
1499684220000,1499684279000,114.207,114.217,114.205,114.206,87340000,1
1499684280000,1499684339000,114.207,114.211,114.196,114.201,70040000,1
1499684340000,1499684399000,114.203,114.216,114.201,114.216,92560000,1
1499684400000,1499684459000,114.217,114.22,114.211,114.218,101480000,1
1499684460000,1499684519000,114.217,114.221,114.208,114.212,138960000,1
1499684520000,1499684579000,114.212,114.213,114.208,114.212,69690000,1
1499684580000,1499684639000,114.211,114.213,114.207,114.211,72320000,1
1499684640000,1499684699000,114.21,114.217,114.209,114.217,74160000,1
1499684700000,1499684759000,114.218,114.22,114.212,114.216,105230000,1
1499684760000,1499684819000,114.216,114.216,114.213,114.216,67490000,1
1499684820000,1499684879000,114.218,114.221,114.217,114.22,61140000,1
1499684880000,1499684939000,114.22,114.22,114.217,114.219,34510000,1
1499684940000,1499684999000,114.219,114.219,114.199,114.2,98560000,1
1499685000000,1499685059000,114.199,114.206,114.193,114.206,141820000,1
1499685060000,1499685119000,114.207,114.208,114.205,114.205,28580000,1
1499685120000,1499685179000,114.205,114.205,114.194,114.203,111590000,1
1499685180000,1499685239000,114.203,114.206,114.195,114.198,94590000,1
1499685240000,1499685299000,114.199,114.199,114.179,114.186,149710000,1
1499685300000,1499685359000,114.187,114.19,114.185,114.189,89450000,1
1499685360000,1499685419000,114.188,114.195,114.185,114.194,121360000,1
1499685420000,1499685479000,114.192,114.192,114.178,114.18,147030000,1
1499685480000,1499685539000,114.18,114.205,114.178,114.199,98330000,1
1499685540000,1499685599000,114.2,114.207,114.2,114.206,82390000,1
1499685600000,1499685659000,114.206,114.209,114.201,114.208,54500000,1
1499685660000,1499685719000,114.207,114.21,114.195,114.196,88930000,1
1499685720000,1499685779000,114.195,114.195,114.174,114.18,101710000,1
1499685780000,1499685839000,114.179,114.192,114.179,114.189,89480000,1
1499685840000,1499685899000,114.188,114.197,114.187,114.189,107410000,1
1499685900000,1499685959000,114.189,114.196,114.188,114.195,87450000,1
1499685960000,1499686019000,114.194,114.206,114.188,114.192,140760000,1
1499686020000,1499686079000,114.19,114.19,114.178,114.182,101980000,1
1499686080000,1499686139000,114.182,114.182,114.143,114.176,155740000,1
1499686140000,1499686199000,114.175,114.176,114.164,114.171,146820000,1
1499686200000,1499686259000,114.171,114.176,114.14,114.151,169170000,1
1499686260000,1499686319000,114.149,114.169,114.147,114.166,159660000,1
1499686320000,1499686379000,114.165,114.169,114.156,114.161,154290000,1
1499686380000,1499686439000,114.162,114.169,114.115,114.115,210710000,1
1499686440000,1499686499000,114.118,114.129,114.112,114.118,239330000,1
1499686500000,1499686559000,114.118,114.123,114.101,114.118,150790000,1
1499686560000,1499686619000,114.119,114.125,114.118,114.123,132080000,1
1499686620000,1499686679000,114.124,114.145,114.124,114.136,98960000,1
1499686680000,1499686739000,114.136,114.138,114.128,114.133,102760000,1
1499686740000,1499686799000,114.133,114.146,114.131,114.14,112400000,1
1499686800000,1499686859000,114.138,114.146,114.122,114.125,148570000,1
1499686860000,1499686919000,114.125,114.133,114.119,114.119,136810000,1
1499686920000,1499686979000,114.119,114.119,114.103,114.109,137750000,1
1499686980000,1499687039000,114.108,114.109,114.092,114.098,106590000,1
1499687040000,1499687099000,114.098,114.11,114.093,114.097,105450000,1
1499687100000,1499687159000,114.098,114.111,114.098,114.105,56230000,1
1499687160000,1499687219000,114.103,114.13,114.1,114.12,143470000,1
1499687220000,1499687279000,114.12,114.132,114.117,114.131,76370000,1
1499687280000,1499687339000,114.13,114.133,114.125,114.126,112760000,1
1499687340000,1499687399000,114.126,114.137,114.124,114.125,58140000,1
1499687400000,1499687459000,114.124,114.127,114.098,114.098,104000000,1
1499687460000,1499687519000,114.098,114.118,114.098,114.118,40970000,1
1499687520000,1499687579000,114.118,114.131,114.118,114.124,40900000,1
1499687580000,1499687639000,114.125,114.13,114.118,114.118,44350000,1
1499687640000,1499687699000,114.117,114.124,114.112,114.117,96760000,1
1499687700000,1499687759000,114.115,114.122,114.102,114.122,113580000,1
1499687760000,1499687819000,114.123,114.142,114.121,114.139,131220000,1
1499687820000,1499687879000,114.138,114.143,114.133,114.139,70910000,1
1499687880000,1499687939000,114.139,114.157,114.139,114.151,84430000,1
1499687940000,1499687999000,114.151,114.163,114.148,114.151,118090000,1
1499688000000,1499688059000,114.154,114.176,114.143,114.176,105610000,1
1499688060000,1499688119000,114.175,114.176,114.151,114.151,120260000,1
1499688120000,1499688179000,114.152,114.158,114.136,114.157,107460000,1
1499688180000,1499688239000,114.156,114.156,114.143,114.143,61810000,1
1499688240000,1499688299000,114.143,114.145,114.14,114.144,23360000,1
1499688300000,1499688359000,114.144,114.152,114.142,114.152,51850000,1
1499688360000,1499688419000,114.152,114.165,114.152,114.158,54690000,1
1499688420000,1499688479000,114.161,114.164,114.149,114.149,87650000,1
1499688480000,1499688539000,114.148,114.148,114.135,114.145,77120000,1
1499688540000,1499688599000,114.146,114.148,114.129,114.131,130560000,1
1499688600000,1499688659000,114.131,114.145,114.131,114.145,53740000,1
1499688660000,1499688719000,114.145,114.15,114.137,114.142,49330000,1
1499688720000,1499688779000,114.141,114.17,114.139,114.167,101820000,1
1499688780000,1499688839000,114.167,114.172,114.139,114.144,94730000,1
1499688840000,1499688899000,114.144,114.158,114.144,114.152,96170000,1
1499688900000,1499688959000,114.152,114.174,114.152,114.174,50030000,1
1499688960000,1499689019000,114.175,114.18,114.171,114.178,101350000,1
1499689020000,1499689079000,114.178,114.184,114.176,114.183,34080000,1
1499689080000,1499689139000,114.184,114.193,114.184,114.191,116360000,1
1499689140000,1499689199000,114.192,114.198,114.19,114.19,69960000,1
1499689200000,1499689259000,114.188,114.231,114.188,114.224,193210000,1
1499689260000,1499689319000,114.223,114.227,114.217,114.22,101060000,1
1499689320000,1499689379000,114.219,114.22,114.203,114.203,103930000,1
1499689380000,1499689439000,114.204,114.212,114.204,114.211,34200000,1
1499689440000,1499689499000,114.212,114.233,114.21,114.223,106180000,1
1499689500000,1499689559000,114.222,114.229,114.215,114.216,133170000,1
1499689560000,1499689619000,114.216,114.218,114.196,114.207,85130000,1
1499689620000,1499689679000,114.208,114.21,114.197,114.203,80150000,1
1499689680000,1499689739000,114.203,114.203,114.185,114.191,132280000,1
1499689740000,1499689799000,114.192,114.2,114.192,114.196,97700000,1
1499689800000,1499689859000,114.2,114.203,114.189,114.194,87640000,1
1499689860000,1499689919000,114.195,114.198,114.187,114.197,187270000,1
1499689920000,1499689979000,114.196,114.198,114.187,114.187,89050000,1
1499689980000,1499690039000,114.186,114.186,114.165,114.175,111020000,1
1499690040000,1499690099000,114.175,114.175,114.166,114.171,153830000,1
1499690100000,1499690159000,114.173,114.2,114.173,114.196,67590000,1
1499690160000,1499690219000,114.196,114.199,114.185,114.194,136980000,1
1499690220000,1499690279000,114.192,114.199,114.176,114.195,95840000,1
1499690280000,1499690339000,114.193,114.193,114.176,114.179,75180000,1
1499690340000,1499690399000,114.18,114.181,114.153,114.159,97160000,1
1499690400000,1499690459000,114.16,114.17,114.16,114.164,69060000,1
1499690460000,1499690519000,114.164,114.173,114.157,114.161,84720000,1
1499690520000,1499690579000,114.162,114.168,114.156,114.166,36030000,1
1499690580000,1499690639000,114.165,114.167,114.161,114.164,51340000,1
1499690640000,1499690699000,114.164,114.164,114.144,114.144,71930000,1
1499690700000,1499690759000,114.144,114.144,114.13,114.139,114590000,1
1499690760000,1499690819000,114.141,114.144,114.132,114.144,92580000,1
1499690820000,1499690879000,114.143,114.149,114.138,114.145,115380000,1
1499690880000,1499690939000,114.144,114.144,114.121,114.124,118210000,1
1499690940000,1499690999000,114.123,114.123,114.112,114.122,76720000,1
1499691000000,1499691059000,114.122,114.131,114.121,114.13,67350000,1
1499691060000,1499691119000,114.129,114.144,114.129,114.142,69670000,1
1499691120000,1499691179000,114.142,114.146,114.136,114.141,74390000,1
1499691180000,1499691239000,114.14,114.142,114.13,114.137,94260000,1
1499691240000,1499691299000,114.136,114.138,114.127,114.138,55660000,1
1499691300000,1499691359000,114.141,114.15,114.13,114.134,105830000,1
1499691360000,1499691419000,114.133,114.145,114.133,114.138,93090000,1
1499691420000,1499691479000,114.138,114.152,114.138,114.15,64780000,1
1499691480000,1499691539000,114.151,114.159,114.138,114.14,90630000,1
1499691540000,1499691599000,114.141,114.155,114.14,114.146,80920000,1
1499691600000,1499691659000,114.146,114.167,114.139,114.162,97960000,1
1499691660000,1499691719000,114.163,114.166,114.158,114.164,66700000,1
1499691720000,1499691779000,114.166,114.179,114.161,114.166,103180000,1
1499691780000,1499691839000,114.166,114.181,114.163,114.176,110750000,1
1499691840000,1499691899000,114.176,114.18,114.17,114.176,91430000,1
1499691900000,1499691959000,114.174,114.175,114.166,114.167,106390000,1
1499691960000,1499692019000,114.168,114.168,114.151,114.156,105900000,1
1499692020000,1499692079000,114.157,114.158,114.139,114.141,124030000,1
1499692080000,1499692139000,114.14,114.157,114.14,114.155,126680000,1
1499692140000,1499692199000,114.155,114.156,114.15,114.151,44540000,1
1499692200000,1499692259000,114.151,114.166,114.15,114.165,98150000,1
1499692260000,1499692319000,114.166,114.166,114.164,114.165,41690000,1
1499692320000,1499692379000,114.165,114.175,114.162,114.162,123110000,1
1499692380000,1499692439000,114.161,114.161,114.149,114.149,141750000,1
1499692440000,1499692499000,114.149,114.155,114.148,114.151,101720000,1
1499692500000,1499692559000,114.153,114.155,114.142,114.142,118860000,1
1499692560000,1499692619000,114.145,114.145,114.136,114.139,188800000,1
1499692620000,1499692679000,114.138,114.155,114.135,114.153,113900000,1
1499692680000,1499692739000,114.154,114.156,114.135,114.137,120320000,1
1499692740000,1499692799000,114.136,114.14,114.135,114.137,36860000,1
1499692800000,1499692859000,114.138,114.148,114.138,114.144,78100000,1
1499692860000,1499692919000,114.143,114.153,114.142,114.152,116010000,1
1499692920000,1499692979000,114.153,114.171,114.153,114.165,127990000,1
1499692980000,1499693039000,114.165,114.175,114.164,114.172,148340000,1
1499693040000,1499693099000,114.171,114.171,114.164,114.164,101220000,1
1499693100000,1499693159000,114.165,114.167,114.163,114.167,135130000,1
1499693160000,1499693219000,114.166,114.168,114.166,114.166,78990000,1
1499693220000,1499693279000,114.166,114.166,114.161,114.163,66340000,1
1499693280000,1499693339000,114.163,114.191,114.163,114.19,52350000,1
1499693340000,1499693399000,114.191,114.191,114.182,114.187,63370000,1
1499693400000,1499693459000,114.187,114.188,114.163,114.163,119860000,1
1499693460000,1499693519000,114.165,114.18,114.165,114.18,159380000,1
1499693520000,1499693579000,114.18,114.208,114.18,114.202,164490000,1
1499693580000,1499693639000,114.201,114.228,114.199,114.212,288960000,1
1499693640000,1499693699000,114.213,114.226,114.213,114.226,122050000,1
1499693700000,1499693759000,114.226,114.241,114.226,114.229,217560000,1
1499693760000,1499693819000,114.229,114.23,114.21,114.211,183960000,1
1499693820000,1499693879000,114.212,114.226,114.212,114.218,185090000,1
1499693880000,1499693939000,114.214,114.222,114.208,114.211,148470000,1
1499693940000,1499693999000,114.21,114.222,114.206,114.22,214040000,1
1499694000000,1499694059000,114.219,114.224,114.206,114.207,153660000,1
1499694060000,1499694119000,114.209,114.214,114.205,114.207,195940000,1
1499694120000,1499694179000,114.207,114.22,114.205,114.218,88500000,1
1499694180000,1499694239000,114.217,114.233,114.215,114.231,144290000,1
1499694240000,1499694299000,114.23,114.249,114.229,114.238,247820000,1
1499694300000,1499694359000,114.238,114.242,114.225,114.228,175870000,1
1499694360000,1499694419000,114.232,114.241,114.221,114.221,220370000,1
1499694420000,1499694479000,114.22,114.244,114.22,114.234,177510000,1
1499694480000,1499694539000,114.235,114.241,114.219,114.225,184180000,1
1499694540000,1499694599000,114.225,114.23,114.218,114.22,119170000,1
1499694600000,1499694659000,114.22,114.23,114.217,114.223,214640000,1
1499694660000,1499694719000,114.224,114.225,114.212,114.218,161410000,1
1499694720000,1499694779000,114.217,114.229,114.217,114.226,104500000,1
1499694780000,1499694839000,114.226,114.234,114.216,114.228,171300000,1
1499694840000,1499694899000,114.228,114.228,114.175,114.198,139090000,1
1499694900000,1499694959000,114.198,114.201,114.193,114.196,102180000,1
1499694960000,1499695019000,114.195,114.213,114.189,114.206,95300000,1
1499695020000,1499695079000,114.208,114.21,114.198,114.203,128740000,1
1499695080000,1499695139000,114.203,114.22,114.202,114.208,154010000,1
1499695140000,1499695199000,114.208,114.211,114.19,114.193,159520000,1
1499695200000,1499695259000,114.195,114.202,114.18,114.182,199290000,1
1499695260000,1499695319000,114.182,114.197,114.182,114.193,105110000,1
1499695320000,1499695379000,114.194,114.206,114.187,114.195,172400000,1
1499695380000,1499695439000,114.196,114.235,114.193,114.231,204530000,1
1499695440000,1499695499000,114.23,114.239,114.222,114.234,147630000,1
1499695500000,1499695559000,114.236,114.241,114.225,114.237,206920000,1
1499695560000,1499695619000,114.237,114.247,114.224,114.226,146870000,1
1499695620000,1499695679000,114.224,114.236,114.216,114.219,160120000,1
1499695680000,1499695739000,114.22,114.221,114.197,114.2,92340000,1
1499695740000,1499695799000,114.199,114.203,114.192,114.198,119600000,1
1499695800000,1499695859000,114.197,114.213,114.197,114.213,95560000,1
1499695860000,1499695919000,114.212,114.213,114.194,114.207,120290000,1
1499695920000,1499695979000,114.206,114.21,114.196,114.206,94340000,1
1499695980000,1499696039000,114.204,114.212,114.201,114.208,104960000,1
1499696040000,1499696099000,114.208,114.208,114.198,114.198,126160000,1
1499696100000,1499696159000,114.198,114.202,114.193,114.195,120660000,1
1499696160000,1499696219000,114.195,114.209,114.194,114.205,103180000,1
1499696220000,1499696279000,114.205,114.225,114.205,114.223,100250000,1
1499696280000,1499696339000,114.223,114.226,114.211,114.226,129340000,1
1499696340000,1499696399000,114.227,114.227,114.207,114.213,141980000,1
1499696400000,1499696459000,114.212,114.22,114.21,114.218,131850000,1
1499696460000,1499696519000,114.218,114.223,114.199,114.218,173860000,1
1499696520000,1499696579000,114.219,114.225,114.212,114.217,110590000,1
1499696580000,1499696639000,114.218,114.224,114.211,114.213,121630000,1
1499696640000,1499696699000,114.214,114.217,114.198,114.199,147990000,1
1499696700000,1499696759000,114.199,114.217,114.199,114.207,149210000,1
1499696760000,1499696819000,114.209,114.219,114.207,114.218,96240000,1
1499696820000,1499696879000,114.218,114.219,114.197,114.202,117460000,1
1499696880000,1499696939000,114.204,114.207,114.189,114.19,150420000,1
1499696940000,1499696999000,114.19,114.195,114.183,114.184,92840000,1
1499697000000,1499697059000,114.186,114.196,114.184,114.195,87300000,1
1499697060000,1499697119000,114.196,114.214,114.196,114.206,127300000,1
1499697120000,1499697179000,114.206,114.216,114.196,114.197,189900000,1
1499697180000,1499697239000,114.198,114.203,114.186,114.193,142950000,1
1499697240000,1499697299000,114.193,114.198,114.189,114.189,94280000,1
1499697300000,1499697359000,114.188,114.188,114.075,114.093,231200000,1
1499697360000,1499697419000,114.095,114.099,114.036,114.055,311210000,1
1499697420000,1499697479000,114.057,114.063,114.038,114.063,278300000,1
1499697480000,1499697539000,114.064,114.106,114.061,114.104,226170000,1
1499697540000,1499697599000,114.103,114.128,114.095,114.116,218140000,1
1499697600000,1499697659000,114.116,114.139,114.114,114.137,156020000,1
1499697660000,1499697719000,114.137,114.148,114.128,114.128,151800000,1
1499697720000,1499697779000,114.129,114.141,114.128,114.135,163840000,1
1499697780000,1499697839000,114.135,114.153,114.127,114.151,152660000,1
1499697840000,1499697899000,114.149,114.184,114.148,114.178,154720000,1
1499697900000,1499697959000,114.177,114.19,114.16,114.166,246620000,1
1499697960000,1499698019000,114.165,114.174,114.161,114.168,108140000,1
1499698020000,1499698079000,114.168,114.172,114.157,114.16,87470000,1
1499698080000,1499698139000,114.161,114.167,114.147,114.161,189470000,1
1499698140000,1499698199000,114.164,114.184,114.164,114.174,111080000,1
1499698200000,1499698259000,114.175,114.18,114.161,114.161,142770000,1
1499698260000,1499698319000,114.161,114.185,114.156,114.179,164250000,1
1499698320000,1499698379000,114.175,114.194,114.172,114.189,154800000,1
1499698380000,1499698439000,114.188,114.208,114.187,114.189,134680000,1
1499698440000,1499698499000,114.187,114.202,114.187,114.202,57150000,1
1499698500000,1499698559000,114.201,114.212,114.201,114.201,125870000,1
1499698560000,1499698619000,114.2,114.205,114.194,114.199,122900000,1
1499698620000,1499698679000,114.198,114.211,114.198,114.202,105010000,1
1499698680000,1499698739000,114.202,114.203,114.178,114.18,167570000,1
1499698740000,1499698799000,114.183,114.195,114.18,114.191,141560000,1
1499698800000,1499698859000,114.194,114.208,114.187,114.188,159400000,1
1499698860000,1499698919000,114.188,114.197,114.179,114.189,208820000,1
1499698920000,1499698979000,114.189,114.201,114.18,114.187,216200000,1
1499698980000,1499699039000,114.188,114.193,114.159,114.159,145400000,1
1499699040000,1499699099000,114.161,114.163,114.111,114.123,181830000,1
1499699100000,1499699159000,114.124,114.138,114.116,114.136,176390000,1
1499699160000,1499699219000,114.137,114.148,114.132,114.133,125770000,1
1499699220000,1499699279000,114.135,114.137,114.123,114.133,129400000,1
1499699280000,1499699339000,114.132,114.141,114.123,114.128,121490000,1
1499699340000,1499699399000,114.129,114.134,114.128,114.129,117520000,1
1499699400000,1499699459000,114.128,114.134,114.124,114.128,77660000,1
1499699460000,1499699519000,114.128,114.128,114.109,114.109,107910000,1
1499699520000,1499699579000,114.11,114.132,114.106,114.117,193480000,1
1499699580000,1499699639000,114.117,114.144,114.117,114.124,199410000,1
1499699640000,1499699699000,114.126,114.131,114.123,114.13,92710000,1
1499699700000,1499699759000,114.126,114.126,114.11,114.11,131820000,1
1499699760000,1499699819000,114.108,114.129,114.108,114.116,178710000,1
1499699820000,1499699879000,114.116,114.116,114.099,114.1,125120000,1
1499699880000,1499699939000,114.101,114.122,114.1,114.122,149070000,1
1499699940000,1499699999000,114.122,114.127,114.1,114.103,152230000,1
1499700000000,1499700059000,114.105,114.109,114.096,114.096,130070000,1
1499700060000,1499700119000,114.097,114.105,114.058,114.058,173230000,1
1499700120000,1499700179000,114.06,114.071,114.046,114.054,164060000,1
1499700180000,1499700239000,114.058,114.068,114.058,114.061,118020000,1
1499700240000,1499700299000,114.061,114.069,114.037,114.051,176550000,1
1499700300000,1499700359000,114.054,114.08,114.054,114.078,199160000,1
1499700360000,1499700419000,114.076,114.076,114.049,114.067,163970000,1
1499700420000,1499700479000,114.065,114.07,114.058,114.063,90000000,1
1499700480000,1499700539000,114.062,114.066,114.052,114.058,161850000,1
1499700540000,1499700599000,114.06,114.06,114.046,114.047,102300000,1
1499700600000,1499700659000,114.048,114.061,114.048,114.049,129130000,1
1499700660000,1499700719000,114.051,114.062,114.045,114.06,121890000,1
1499700720000,1499700779000,114.061,114.063,114.003,114.012,167240000,1
1499700780000,1499700839000,114.013,114.019,114.006,114.016,145420000,1
1499700840000,1499700899000,114.015,114.038,113.999,114.008,206750000,1
1499700900000,1499700959000,114.01,114.019,114.001,114.001,148500000,1
1499700960000,1499701019000,114.001,114.033,114.001,114.028,107160000,1
1499701020000,1499701079000,114.027,114.027,114.012,114.024,131770000,1
1499701080000,1499701139000,114.022,114.034,114.022,114.03,169310000,1
1499701140000,1499701199000,114.03,114.047,114.03,114.034,103560000,1
1499701200000,1499701259000,114.033,114.037,114.022,114.027,112650000,1
1499701260000,1499701319000,114.027,114.034,114.027,114.031,102180000,1
1499701320000,1499701379000,114.031,114.037,114.028,114.029,77030000,1
1499701380000,1499701439000,114.03,114.032,114.027,114.028,72840000,1
1499701440000,1499701499000,114.028,114.036,114.024,114.027,65020000,1
1499701500000,1499701559000,114.028,114.033,114.027,114.031,35030000,1
1499701560000,1499701619000,114.031,114.038,114.029,114.034,106810000,1
1499701620000,1499701679000,114.033,114.048,114.03,114.048,83990000,1
1499701680000,1499701739000,114.048,114.054,114.046,114.054,90520000,1
1499701740000,1499701799000,114.055,114.063,114.053,114.059,97740000,1
1499701800000,1499701859000,114.06,114.062,114.059,114.06,35170000,1
1499701860000,1499701919000,114.059,114.062,114.059,114.06,47230000,1
1499701920000,1499701979000,114.06,114.075,114.06,114.073,44190000,1
1499701980000,1499702039000,114.074,114.08,114.071,114.072,76050000,1
1499702040000,1499702099000,114.072,114.077,114.066,114.066,46590000,1
1499702100000,1499702159000,114.066,114.087,114.066,114.072,119340000,1
1499702160000,1499702219000,114.072,114.073,114.066,114.073,66260000,1
1499702220000,1499702279000,114.073,114.082,114.073,114.077,72770000,1
1499702280000,1499702339000,114.077,114.08,114.072,114.08,48050000,1
1499702340000,1499702399000,114.08,114.09,114.077,114.087,57050000,1
1499702400000,1499702459000,114.089,114.09,114.079,114.088,78170000,1
1499702460000,1499702519000,114.089,114.089,114.078,114.078,77600000,1
1499702520000,1499702579000,114.078,114.078,114.072,114.077,71710000,1
1499702580000,1499702639000,114.077,114.104,114.076,114.102,119660000,1
1499702640000,1499702699000,114.102,114.105,114.102,114.103,35980000,1
1499702700000,1499702759000,114.102,114.115,114.098,114.106,66350000,1
1499702760000,1499702819000,114.105,114.111,114.101,114.104,97330000,1
1499702820000,1499702879000,114.102,114.108,114.095,114.101,86840000,1
1499702880000,1499702939000,114.101,114.101,114.092,114.097,90630000,1
1499702940000,1499702999000,114.097,114.098,114.092,114.097,64350000,1
1499703000000,1499703059000,114.098,114.104,114.096,114.103,90280000,1
1499703060000,1499703119000,114.102,114.103,114.097,114.102,79580000,1
1499703120000,1499703179000,114.103,114.109,114.102,114.108,57640000,1
1499703180000,1499703239000,114.109,114.133,114.109,114.131,143080000,1
1499703240000,1499703299000,114.131,114.141,114.117,114.117,95160000,1
1499703300000,1499703359000,114.118,114.118,114.109,114.114,58620000,1
1499703360000,1499703419000,114.114,114.117,114.111,114.117,68990000,1
1499703420000,1499703479000,114.115,114.115,114.11,114.112,36340000,1
1499703480000,1499703539000,114.112,114.119,114.112,114.119,20450000,1
1499703540000,1499703599000,114.118,114.125,114.116,114.124,37030000,1
1499703600000,1499703659000,114.125,114.126,114.119,114.119,45030000,1
1499703660000,1499703719000,114.118,114.125,114.118,114.125,49360000,1
1499703720000,1499703779000,114.126,114.137,114.123,114.134,43660000,1
1499703780000,1499703839000,114.136,114.137,114.13,114.13,61080000,1
1499703840000,1499703899000,114.13,114.13,114.124,114.125,73720000,1
1499703900000,1499703959000,114.126,114.132,114.123,114.132,58960000,1
1499703960000,1499704019000,114.133,114.135,114.131,114.134,22460000,1
1499704020000,1499704079000,114.134,114.134,114.128,114.128,34380000,1
1499704080000,1499704139000,114.129,114.129,114.125,114.125,30100000,1
1499704140000,1499704199000,114.125,114.128,114.125,114.125,19460000,1
1499704200000,1499704259000,114.125,114.126,114.124,114.124,33940000,1
1499704260000,1499704319000,114.124,114.125,114.122,114.123,27020000,1
1499704320000,1499704379000,114.122,114.123,114.112,114.123,86610000,1
1499704380000,1499704439000,114.122,114.124,114.117,114.124,117800000,1
1499704440000,1499704499000,114.127,114.135,114.126,114.128,65680000,1
1499704500000,1499704559000,114.128,114.128,114.118,114.12,58390000,1
1499704560000,1499704619000,114.12,114.132,114.12,114.128,58210000,1
1499704620000,1499704679000,114.128,114.129,114.123,114.128,71960000,1
1499704680000,1499704739000,114.128,114.133,114.128,114.131,56890000,1
1499704740000,1499704799000,114.131,114.131,114.123,114.129,52980000,1
1499704800000,1499704859000,114.128,114.134,114.126,114.132,50080000,1
1499704860000,1499704919000,114.132,114.138,114.132,114.138,19040000,1
1499704920000,1499704979000,114.141,114.143,114.137,114.143,47030000,1
1499704980000,1499705039000,114.145,114.145,114.14,114.144,37580000,1
1499705040000,1499705099000,114.15,114.15,114.145,114.145,43070000,1
1499705100000,1499705159000,114.144,114.147,114.14,114.143,37320000,1
1499705160000,1499705219000,114.142,114.142,114.134,114.136,60480000,1
1499705220000,1499705279000,114.139,114.145,114.135,114.145,46440000,1
1499705280000,1499705339000,114.146,114.146,114.135,114.135,62490000,1
1499705340000,1499705399000,114.134,114.141,114.134,114.141,50500000,1
1499705400000,1499705459000,114.142,114.147,114.14,114.146,65710000,1
1499705460000,1499705519000,114.145,114.148,114.141,114.148,54960000,1
1499705520000,1499705579000,114.147,114.148,114.146,114.146,36200000,1
1499705580000,1499705639000,114.146,114.147,114.142,114.142,71930000,1
1499705640000,1499705699000,114.143,114.147,114.143,114.145,24000000,1
1499705700000,1499705759000,114.147,114.151,114.136,114.136,85410000,1
1499705760000,1499705819000,114.136,114.143,114.135,114.143,49110000,1
1499705820000,1499705879000,114.143,114.143,114.136,114.138,28820000,1
1499705880000,1499705939000,114.138,114.141,114.135,114.141,55120000,1
1499705940000,1499705999000,114.143,114.164,114.143,114.158,71100000,1
1499706000000,1499706059000,114.157,114.16,114.154,114.154,72570000,1
1499706060000,1499706119000,114.154,114.161,114.149,114.159,48520000,1
1499706120000,1499706179000,114.158,114.161,114.154,114.154,53620000,1
1499706180000,1499706239000,114.154,114.158,114.154,114.156,56160000,1
1499706240000,1499706299000,114.155,114.156,114.149,114.154,38230000,1
1499706300000,1499706359000,114.153,114.154,114.147,114.147,62450000,1
1499706360000,1499706419000,114.147,114.15,114.145,114.148,58370000,1
1499706420000,1499706479000,114.151,114.152,114.142,114.143,56460000,1
1499706480000,1499706539000,114.142,114.142,114.138,114.141,19000000,1
1499706540000,1499706599000,114.14,114.14,114.134,114.134,26890000,1
1499706600000,1499706659000,114.134,114.134,114.133,114.134,47180000,1
1499706660000,1499706719000,114.135,114.135,114.125,114.129,24610000,1
1499706720000,1499706779000,114.128,114.128,114.113,114.114,53670000,1
1499706780000,1499706839000,114.115,114.117,114.098,114.101,43410000,1
1499706840000,1499706899000,114.099,114.103,114.095,114.095,73220000,1
1499706900000,1499706959000,114.096,114.109,114.095,114.109,67080000,1
1499706960000,1499707019000,114.109,114.115,114.108,114.108,36540000,1
1499707020000,1499707079000,114.109,114.122,114.103,114.122,54050000,1
1499707080000,1499707139000,114.121,114.134,114.118,114.134,53960000,1
1499707140000,1499707199000,114.133,114.133,114.112,114.114,55150000,1
1499707200000,1499707259000,114.114,114.122,114.114,114.119,61390000,1
1499707260000,1499707319000,114.12,114.121,114.114,114.115,40230000,1
1499707320000,1499707379000,114.114,114.115,114.11,114.114,34360000,1
1499707380000,1499707439000,114.114,114.118,114.101,114.101,59980000,1
1499707440000,1499707499000,114.101,114.101,114.073,114.082,103670000,1
1499707500000,1499707559000,114.081,114.081,114.07,114.071,78830000,1
1499707560000,1499707619000,114.072,114.078,114.071,114.074,49560000,1
1499707620000,1499707679000,114.073,114.075,114.063,114.064,83100000,1
1499707680000,1499707739000,114.065,114.068,114.058,114.065,70790000,1
1499707740000,1499707799000,114.065,114.07,114.064,114.064,64640000,1
1499707800000,1499707859000,114.064,114.071,114.064,114.071,52370000,1
1499707860000,1499707919000,114.069,114.08,114.062,114.078,77300000,1
1499707920000,1499707979000,114.079,114.087,114.076,114.082,74890000,1
1499707980000,1499708039000,114.082,114.084,114.078,114.083,68160000,1
1499708040000,1499708099000,114.081,114.083,114.079,114.082,66770000,1
1499708100000,1499708159000,114.082,114.087,114.077,114.077,50800000,1
1499708160000,1499708219000,114.077,114.077,114.071,114.071,32770000,1
1499708220000,1499708279000,114.071,114.073,114.06,114.064,66170000,1
1499708280000,1499708339000,114.065,114.066,114.06,114.066,40910000,1
1499708340000,1499708399000,114.065,114.066,114.063,114.063,33860000,1
1499708400000,1499708459000,114.065,114.065,114.064,114.064,8500000,1
1499708460000,1499708519000,114.065,114.073,114.065,114.072,38870000,1
1499708520000,1499708579000,114.073,114.091,114.073,114.086,80740000,1
1499708580000,1499708639000,114.086,114.086,114.086,114.086,10320000,1
1499708640000,1499708699000,114.086,114.086,114.086,114.086,41960000,1
1499708700000,1499708759000,114.086,114.086,114.078,114.078,121860000,1
1499708760000,1499708819000,114.079,114.079,114.073,114.073,31280000,1
1499708820000,1499708879000,114.072,114.075,114.072,114.075,36360000,1
1499708880000,1499708939000,114.074,114.086,114.071,114.086,39300000,1
1499708940000,1499708999000,114.085,114.093,114.085,114.093,24640000,1
1499709000000,1499709059000,114.094,114.094,114.074,114.08,38090000,1
1499709060000,1499709119000,114.08,114.089,114.08,114.086,64890000,1
1499709120000,1499709179000,114.087,114.096,114.082,114.092,58660000,1
1499709180000,1499709239000,114.092,114.092,114.089,114.092,44890000,1
1499709240000,1499709299000,114.09,114.092,114.089,114.092,31040000,1
1499709300000,1499709359000,114.089,114.091,114.08,114.085,51450000,1
1499709360000,1499709419000,114.087,114.096,114.087,114.091,76430000,1
1499709420000,1499709479000,114.091,114.092,114.083,114.084,42270000,1
1499709480000,1499709539000,114.088,114.091,114.088,114.091,16850000,1
1499709540000,1499709599000,114.089,114.095,114.089,114.091,20010000,1
1499709600000,1499709659000,114.091,114.1,114.091,114.097,32780000,1
1499709660000,1499709719000,114.097,114.112,114.097,114.11,51080000,1
1499709720000,1499709779000,114.11,114.11,114.103,114.106,38800000,1
1499709780000,1499709839000,114.106,114.106,114.102,114.104,31090000,1
1499709840000,1499709899000,114.104,114.108,114.102,114.102,17040000,1
1499709900000,1499709959000,114.102,114.107,114.102,114.106,39980000,1
1499709960000,1499710019000,114.106,114.106,114.099,114.101,28790000,1
1499710020000,1499710079000,114.101,114.106,114.097,114.102,25820000,1
1499710080000,1499710139000,114.096,114.105,114.096,114.102,19850000,1
1499710140000,1499710199000,114.102,114.102,114.102,114.102,2120000,1
1499710200000,1499710259000,114.102,114.112,114.102,114.107,29130000,1
1499710260000,1499710319000,114.107,114.112,114.101,114.101,61620000,1
1499710320000,1499710379000,114.1,114.1,114.098,114.1,21340000,1
1499710380000,1499710439000,114.101,114.101,114.099,114.099,22780000,1
1499710440000,1499710499000,114.101,114.111,114.1,114.107,122740000,1
1499710500000,1499710559000,114.107,114.107,114.092,114.093,139110000,1
1499710560000,1499710619000,114.093,114.1,114.093,114.1,29790000,1
1499710620000,1499710679000,114.1,114.101,114.096,114.096,42900000,1
1499710680000,1499710739000,114.094,114.099,114.091,114.094,73810000,1
1499710740000,1499710799000,114.094,114.098,114.093,114.098,59260000,1
1499710800000,1499710859000,114.098,114.102,114.098,114.099,29990000,1
1499710860000,1499710919000,114.098,114.105,114.098,114.104,41340000,1
1499710920000,1499710979000,114.104,114.104,114.102,114.103,52120000,1
1499710980000,1499711039000,114.103,114.103,114.091,114.093,112470000,1
1499711040000,1499711099000,114.093,114.095,114.084,114.084,99160000,1
1499711100000,1499711159000,114.084,114.084,114.058,114.065,77900000,1
1499711160000,1499711219000,114.066,114.075,114.066,114.071,75180000,1
1499711220000,1499711279000,114.071,114.071,114.061,114.064,99640000,1
1499711280000,1499711339000,114.063,114.063,114.057,114.063,42060000,1
1499711340000,1499711399000,114.063,114.064,114.063,114.064,16220000,1
1499711400000,1499711459000,114.061,114.064,114.047,114.053,51760000,1
1499711460000,1499711519000,114.053,114.064,114.053,114.061,34350000,1
1499711520000,1499711579000,114.061,114.064,114.06,114.062,69880000,1
1499711580000,1499711639000,114.063,114.063,114.051,114.053,125060000,1
1499711640000,1499711699000,114.052,114.058,114.051,114.058,89290000,1
1499711700000,1499711759000,114.057,114.063,114.055,114.055,45610000,1
1499711760000,1499711819000,114.056,114.06,114.05,114.059,33670000,1
1499711820000,1499711879000,114.059,114.062,114.053,114.053,41890000,1
1499711880000,1499711939000,114.054,114.055,114.05,114.053,43280000,1
1499711940000,1499711999000,114.052,114.065,114.051,114.058,71960000,1
1499712000000,1499712059000,114.057,114.057,114.052,114.052,28280000,1
1499712060000,1499712119000,114.052,114.063,114.052,114.057,86120000,1
1499712120000,1499712179000,114.058,114.064,114.057,114.063,59860000,1
1499712180000,1499712239000,114.063,114.065,114.061,114.064,32130000,1
1499712240000,1499712299000,114.064,114.064,114.051,114.051,36490000,1
1499712300000,1499712359000,114.051,114.057,114.051,114.057,37160000,1
1499712360000,1499712419000,114.057,114.083,114.057,114.083,63580000,1
1499712420000,1499712479000,114.084,114.084,114.058,114.068,95340000,1
1499712480000,1499712539000,114.069,114.079,114.062,114.064,69380000,1
1499712540000,1499712599000,114.064,114.071,114.061,114.064,98680000,1
1499712600000,1499712659000,114.064,114.071,114.064,114.065,71600000,1
1499712660000,1499712719000,114.064,114.067,114.059,114.067,56050000,1
1499712720000,1499712779000,114.067,114.067,114.065,114.067,15240000,1
1499712780000,1499712839000,114.067,114.067,114.067,114.067,2000000,1
1499712840000,1499712899000,114.067,114.073,114.066,114.071,36870000,1
1499712900000,1499712959000,114.071,114.071,114.062,114.066,80830000,1
1499712960000,1499713019000,114.064,114.065,114.061,114.061,65190000,1
1499713020000,1499713079000,114.06,114.066,114.06,114.062,53700000,1
1499713080000,1499713139000,114.062,114.063,114.06,114.061,14730000,1
1499713140000,1499713199000,114.061,114.066,114.046,114.052,127040000,1
1499713200000,1499713259000,114.053,114.064,114.049,114.053,119130000,1
1499713260000,1499713319000,114.054,114.06,114.051,114.059,51720000,1
1499713320000,1499713379000,114.06,114.06,114.05,114.058,88900000,1
1499713380000,1499713439000,114.058,114.065,114.058,114.064,35020000,1
1499713440000,1499713499000,114.065,114.079,114.064,114.079,45910000,1
1499713500000,1499713559000,114.08,114.093,114.079,114.087,85870000,1
1499713560000,1499713619000,114.087,114.092,114.076,114.079,81060000,1
1499713620000,1499713679000,114.076,114.088,114.073,114.087,98490000,1
1499713680000,1499713739000,114.087,114.087,114.08,114.085,65680000,1
1499713740000,1499713799000,114.081,114.081,114.076,114.076,43240000,1
1499713800000,1499713859000,114.076,114.076,114.066,114.073,50450000,1
1499713860000,1499713919000,114.074,114.078,114.065,114.065,53010000,1
1499713920000,1499713979000,114.065,114.073,114.055,114.058,68870000,1
1499713980000,1499714039000,114.058,114.058,114.055,114.056,28720000,1
1499714040000,1499714099000,114.057,114.058,114.046,114.046,78890000,1
1499714100000,1499714159000,114.046,114.053,114.046,114.051,34370000,1
1499714160000,1499714219000,114.051,114.052,114.046,114.049,53110000,1
1499714220000,1499714279000,114.049,114.049,114.027,114.03,82340000,1
1499714280000,1499714339000,114.03,114.031,113.988,114.001,141380000,1
1499714340000,1499714399000,114.002,114.018,114.001,114.018,74720000,1
1499714400000,1499714459000,114.017,114.021,114.01,114.015,112340000,1
1499714460000,1499714519000,114.015,114.031,114.015,114.028,50280000,1
1499714520000,1499714579000,114.027,114.04,114.023,114.035,78760000,1
1499714580000,1499714639000,114.036,114.04,114.035,114.035,43280000,1
1499714640000,1499714699000,114.037,114.046,114.03,114.03,67390000,1
1499714700000,1499714759000,114.03,114.048,114.03,114.046,73070000,1
1499714760000,1499714819000,114.047,114.048,114.028,114.034,89860000,1
1499714820000,1499714879000,114.034,114.046,114.034,114.036,52140000,1
1499714880000,1499714939000,114.037,114.044,114.036,114.042,44830000,1
1499714940000,1499714999000,114.042,114.042,114.033,114.033,52490000,1
1499715000000,1499715059000,114.034,114.04,114.027,114.027,62730000,1
1499715060000,1499715119000,114.027,114.034,114.027,114.032,75680000,1
1499715120000,1499715179000,114.032,114.036,114.019,114.021,92040000,1
1499715180000,1499715239000,114.02,114.022,114.013,114.019,68670000,1
1499715240000,1499715299000,114.019,114.021,114.015,114.02,46270000,1
1499715300000,1499715359000,114.02,114.024,114.02,114.022,23030000,1
1499715360000,1499715419000,114.022,114.029,114.022,114.027,20480000,1
1499715420000,1499715479000,114.029,114.042,114.028,114.041,38600000,1
1499715480000,1499715539000,114.04,114.042,114.035,114.035,475990000,1
1499715540000,1499715599000,114.035,114.039,114.033,114.039,58290000,1
1499715600000,1499715659000,114.039,114.043,114.039,114.041,487380000,1
1499715660000,1499715719000,114.043,114.057,114.04,114.056,42960000,1
1499715720000,1499715779000,114.056,114.06,114.051,114.055,33680000,1
1499715780000,1499715839000,114.055,114.055,114.048,114.049,34030000,1
1499715840000,1499715899000,114.049,114.056,114.047,114.053,58950000,1
1499715900000,1499715959000,114.051,114.053,114.047,114.049,76090000,1
1499715960000,1499716019000,114.049,114.054,114.049,114.049,29490000,1
1499716020000,1499716079000,114.048,114.048,114.035,114.044,61310000,1
1499716080000,1499716139000,114.044,114.052,114.039,114.04,112260000,1
1499716140000,1499716199000,114.04,114.045,114.039,114.043,69560000,1
1499716200000,1499716259000,114.043,114.043,114.037,114.04,39480000,1
1499716260000,1499716319000,114.039,114.047,114.034,114.046,272580000,1
1499716320000,1499716379000,114.047,114.058,114.047,114.057,57330000,1
1499716380000,1499716439000,114.057,114.059,114.046,114.051,64340000,1
1499716440000,1499716499000,114.051,114.052,114.047,114.048,58850000,1
1499716500000,1499716559000,114.048,114.061,114.048,114.059,62520000,1
1499716560000,1499716619000,114.059,114.061,114.051,114.051,101000000,1
1499716620000,1499716679000,114.052,114.061,114.048,114.061,45930000,1
1499716680000,1499716739000,114.061,114.062,114.055,114.06,68960000,1
1499716740000,1499716799000,114.061,114.075,114.052,114.072,132250000,1
1499716800000,1499716859000,114.075,114.075,114.057,114.057,160920000,1
1499716860000,1499716919000,114.058,114.066,114.057,114.06,123390000,1
1499716920000,1499716979000,114.06,114.066,114.058,114.066,144790000,1
1499716980000,1499717039000,114.066,114.066,114.064,114.066,35370000,1
1499717040000,1499717099000,114.066,114.066,114.066,114.066,108550000,1
1499717100000,1499717159000,114.066,114.066,114.059,114.066,98890000,1
1499717160000,1499717219000,114.066,114.067,114.066,114.066,77690000,1
1499717220000,1499717279000,114.066,114.069,114.065,114.069,138470000,1
1499717280000,1499717339000,114.067,114.069,114.066,114.068,22050000,1
1499717340000,1499717399000,114.069,114.071,114.059,114.059,568760000,1
1499717400000,1499717459000,114.059,114.069,114.059,114.069,65260000,1
1499717460000,1499717519000,114.069,114.069,114.059,114.06,76840000,1
1499717520000,1499717579000,114.06,114.078,114.059,114.068,77820000,1
1499717580000,1499717639000,114.067,114.069,114.067,114.068,53190000,1
1499717640000,1499717699000,114.067,114.067,114.063,114.064,30550000,1
1499717700000,1499717759000,114.067,114.072,114.067,114.07,27490000,1
1499717760000,1499717819000,114.07,114.071,114.07,114.07,11310000,1
1499717820000,1499717879000,114.07,114.07,114.069,114.069,4620000,1
1499717880000,1499717939000,114.069,114.075,114.069,114.07,80280000,1
1499717940000,1499717999000,114.072,114.072,114.068,114.071,17100000,1
1499718000000,1499718059000,114.071,114.075,114.067,114.075,66270000,1
1499718060000,1499718119000,114.074,114.074,114.063,114.066,105340000,1
1499718120000,1499718179000,114.066,114.069,114.063,114.069,71110000,1
1499718180000,1499718239000,114.069,114.088,114.069,114.088,44060000,1
1499718240000,1499718299000,114.088,114.088,114.07,114.072,152340000,1
1499718300000,1499718359000,114.07,114.077,114.068,114.075,127940000,1
1499718360000,1499718419000,114.075,114.075,114.06,114.061,60920000,1
1499718420000,1499718479000,114.062,114.071,114.062,114.064,63610000,1
1499718480000,1499718539000,114.065,114.067,114.065,114.065,6500000,1
1499718540000,1499718599000,114.065,114.065,114.057,114.06,108980000,1
1499718600000,1499718659000,114.063,114.069,114.063,114.069,56990000,1
1499718660000,1499718719000,114.069,114.069,114.063,114.065,30340000,1
1499718720000,1499718779000,114.065,114.065,114.063,114.063,13720000,1
1499718780000,1499718839000,114.062,114.064,114.057,114.063,78510000,1
1499718840000,1499718899000,114.063,114.063,114.05,114.052,49590000,1
1499718900000,1499718959000,114.052,114.052,114.041,114.043,70870000,1
1499718960000,1499719019000,114.042,114.042,114.037,114.038,55710000,1
1499719020000,1499719079000,114.038,114.039,114.032,114.032,38110000,1
1499719080000,1499719139000,114.031,114.034,114.025,114.03,53300000,1
1499719140000,1499719199000,114.031,114.031,114.026,114.026,12620000,1
1499719200000,1499719259000,114.029,114.031,114.023,114.026,35390000,1
1499719260000,1499719319000,114.026,114.032,114.026,114.032,37820000,1
1499719320000,1499719379000,114.03,114.03,114.018,114.024,97080000,1
1499719380000,1499719439000,114.025,114.027,114.021,114.021,73430000,1
1499719440000,1499719499000,114.022,114.031,114.017,114.031,63170000,1
1499719500000,1499719559000,114.031,114.037,114.03,114.032,48310000,1
1499719560000,1499719619000,114.031,114.031,114.031,114.031,9740000,1
1499719620000,1499719679000,114.03,114.032,114.028,114.032,10560000,1
1499719680000,1499719739000,114.031,114.032,114.03,114.032,13370000,1
1499719740000,1499719799000,114.031,114.031,114.021,114.021,35170000,1
1499719800000,1499719859000,114.023,114.046,114.023,114.037,56870000,1
1499719860000,1499719919000,114.037,114.041,114.035,114.037,96320000,1
1499719920000,1499719979000,114.036,114.036,114.033,114.033,16300000,1
1499719980000,1499720039000,114.033,114.033,114.033,114.033,1500000,1
1499720040000,1499720099000,114.033,114.033,114.033,114.033,12180000,1
1499720100000,1499720159000,114.033,114.038,114.033,114.033,21810000,1
1499720160000,1499720219000,114.036,114.037,114.033,114.033,62470000,1
1499720220000,1499720279000,114.033,114.038,114.033,114.035,41310000,1
1499720280000,1499720339000,114.035,114.035,114.03,114.035,63270000,1
1499720340000,1499720399000,114.035,114.042,114.027,114.035,139070000,1
1499720400000,1499720459000,114.028,114.028,114.023,114.024,5990000,1
1499720460000,1499720519000,114.023,114.034,114.023,114.033,6000000,1
1499720580000,1499720639000,114.033,114.033,114.033,114.033,1500000,1
1499720640000,1499720699000,114.034,114.034,114.034,114.034,1000000,1
1499720700000,1499720759000,114.031,114.036,114.029,114.035,60000000,1
1499720760000,1499720819000,114.036,114.036,114.033,114.034,21000000,1
1499720820000,1499720879000,114.036,114.038,114.036,114.036,9000000,1
1499720880000,1499720939000,114.036,114.039,114.036,114.039,15270000,1
1499720940000,1499720999000,114.036,114.04,114.036,114.039,22370000,1
1499721000000,1499721059000,114.04,114.041,114.039,114.041,9400000,1
1499721060000,1499721119000,114.043,114.043,114.036,114.037,10170000,1
1499721120000,1499721179000,114.041,114.043,114.04,114.043,10000000,1
1499721180000,1499721239000,114.042,114.044,114.042,114.042,33000000,1
1499721240000,1499721299000,114.043,114.043,114.042,114.042,5200000,1
1499721300000,1499721359000,114.042,114.043,114.035,114.038,50490000,1
1499721360000,1499721419000,114.037,114.039,114.036,114.039,36720000,1
1499721420000,1499721479000,114.039,114.045,114.036,114.036,38950000,1
1499721480000,1499721539000,114.037,114.048,114.033,114.038,144670000,1
1499721540000,1499721599000,114.038,114.043,114.038,114.038,41710000,1
1499721600000,1499721659000,114.041,114.049,114.038,114.038,247610000,1
1499721660000,1499721719000,114.038,114.044,114.038,114.044,64100000,1
1499721720000,1499721779000,114.042,114.045,114.042,114.044,184370000,1
1499721780000,1499721839000,114.042,114.05,114.039,114.043,133990000,1
1499721840000,1499721899000,114.042,114.045,114.041,114.043,87020000,1
1499721900000,1499721959000,114.044,114.045,114.042,114.044,92730000,1
1499721960000,1499722019000,114.044,114.045,114.04,114.04,127220000,1
1499722020000,1499722079000,114.042,114.043,114.04,114.04,101970000,1
1499722080000,1499722139000,114.04,114.043,114.039,114.039,147070000,1
1499722140000,1499722199000,114.038,114.042,114.038,114.041,187680000,1
1499722200000,1499722259000,114.041,114.041,114.039,114.039,54700000,1
1499722260000,1499722319000,114.039,114.043,114.039,114.043,57310000,1
1499722320000,1499722379000,114.042,114.044,114.039,114.043,28260000,1
1499722380000,1499722439000,114.044,114.044,114.041,114.042,6690000,1
1499722440000,1499722499000,114.042,114.042,114.041,114.041,13450000,1
1499722500000,1499722559000,114.042,114.044,114.041,114.044,45310000,1
1499722560000,1499722619000,114.045,114.046,114.043,114.043,49120000,1
1499722620000,1499722679000,114.043,114.043,114.042,114.043,82440000,1
1499722680000,1499722739000,114.043,114.045,114.043,114.044,76000000,1
1499722740000,1499722799000,114.044,114.044,114.044,114.044,5000000,1
1499722800000,1499722859000,114.044,114.045,114.044,114.045,27620000,1
1499722860000,1499722919000,114.044,114.045,114.044,114.044,24500000,1
1499722920000,1499722979000,114.045,114.048,114.045,114.045,263380000,1
1499722980000,1499723039000,114.045,114.047,114.043,114.044,93500000,1
1499723040000,1499723099000,114.043,114.057,114.043,114.055,63720000,1
1499723100000,1499723159000,114.056,114.062,114.055,114.062,37870000,1
1499723160000,1499723219000,114.062,114.062,114.058,114.058,8370000,1
1499723220000,1499723279000,114.058,114.06,114.058,114.058,19690000,1
1499723280000,1499723339000,114.058,114.063,114.058,114.063,23000000,1
1499723340000,1499723399000,114.063,114.073,114.062,114.068,46150000,1
1499723400000,1499723459000,114.068,114.068,114.068,114.068,24500000,1
1499723460000,1499723519000,114.065,114.068,114.065,114.068,7510000,1
1499723520000,1499723579000,114.065,114.066,114.064,114.066,24360000,1
1499723580000,1499723639000,114.065,114.068,114.064,114.068,17510000,1
1499723640000,1499723699000,114.067,114.069,114.067,114.068,10000000,1
1499723700000,1499723759000,114.067,114.069,114.064,114.066,40770000,1
1499723760000,1499723819000,114.065,114.066,114.063,114.063,91270000,1
1499723820000,1499723879000,114.063,114.066,114.062,114.062,44070000,1
1499723880000,1499723939000,114.062,114.064,114.062,114.064,40750000,1
1499723940000,1499723999000,114.063,114.064,114.063,114.063,40500000,1
1499724000000,1499724059000,114.063,114.069,114.061,114.067,210910000,1
1499724060000,1499724119000,114.067,114.067,114.063,114.063,80250000,1
1499724120000,1499724179000,114.063,114.063,114.051,114.058,63700000,1
1499724180000,1499724239000,114.058,114.061,114.053,114.053,68400000,1
1499724240000,1499724299000,114.053,114.06,114.052,114.058,104800000,1
1499724300000,1499724359000,114.057,114.058,114.056,114.056,54740000,1
1499724360000,1499724419000,114.056,114.056,114.056,114.056,2000000,1
1499724420000,1499724479000,114.058,114.066,114.058,114.065,40550000,1
1499724480000,1499724539000,114.066,114.069,114.065,114.068,33320000,1
1499724540000,1499724599000,114.068,114.072,114.068,114.068,28320000,1
1499724600000,1499724659000,114.069,114.073,114.068,114.071,33730000,1
1499724660000,1499724719000,114.072,114.072,114.052,114.063,72770000,1
1499724720000,1499724779000,114.064,114.064,114.061,114.062,61140000,1
1499724780000,1499724839000,114.062,114.062,114.06,114.061,31760000,1
1499724840000,1499724899000,114.062,114.064,114.06,114.06,43750000,1
1499724900000,1499724959000,114.06,114.07,114.06,114.068,50810000,1
1499724960000,1499725019000,114.068,114.069,114.068,114.068,15180000,1
1499725020000,1499725079000,114.069,114.069,114.068,114.068,33900000,1
1499725080000,1499725139000,114.069,114.071,114.068,114.071,18680000,1
1499725140000,1499725199000,114.07,114.07,114.068,114.068,24780000,1
1499725200000,1499725259000,114.068,114.068,114.065,114.065,18190000,1
1499725260000,1499725319000,114.065,114.069,114.059,114.06,34300000,1
1499725320000,1499725379000,114.06,114.067,114.06,114.067,55410000,1
1499725380000,1499725439000,114.068,114.07,114.067,114.067,27320000,1
1499725440000,1499725499000,114.067,114.067,114.06,114.063,38440000,1
1499725500000,1499725559000,114.063,114.064,114.063,114.064,28240000,1
1499725560000,1499725619000,114.064,114.075,114.064,114.067,23810000,1
1499725620000,1499725679000,114.067,114.068,114.063,114.063,15910000,1
1499725680000,1499725739000,114.063,114.068,114.063,114.068,18240000,1
1499725740000,1499725799000,114.068,114.073,114.062,114.072,38860000,1
1499725800000,1499725859000,114.072,114.073,114.061,114.063,34750000,1
1499725860000,1499725919000,114.064,114.068,114.06,114.068,30810000,1
1499725920000,1499725979000,114.069,114.073,114.066,114.066,17190000,1
1499725980000,1499726039000,114.067,114.068,114.064,114.065,18440000,1
1499726040000,1499726099000,114.066,114.07,114.065,114.066,143270000,1
1499726100000,1499726159000,114.066,114.07,114.065,114.065,34490000,1
1499726160000,1499726219000,114.065,114.065,114.058,114.058,19300000,1
1499726220000,1499726279000,114.058,114.058,114.058,114.058,4070000,1
1499726280000,1499726339000,114.059,114.059,114.059,114.059,1190000,1
1499726340000,1499726399000,114.06,114.061,114.06,114.061,13450000,1
1499726400000,1499726459000,114.062,114.062,114.062,114.062,2000000,1
1499726460000,1499726519000,114.061,114.062,114.06,114.062,12430000,1
1499726520000,1499726579000,114.061,114.061,114.06,114.06,4690000,1
1499726580000,1499726639000,114.059,114.059,114.059,114.059,1690000,1
1499726640000,1499726699000,114.059,114.065,114.059,114.065,11620000,1
1499726700000,1499726759000,114.067,114.071,114.067,114.071,14430000,1
1499726760000,1499726819000,114.071,114.072,114.065,114.071,18630000,1
1499726820000,1499726879000,114.071,114.071,114.069,114.069,6750000,1
1499726880000,1499726939000,114.069,114.069,114.063,114.065,36160000,1
1499726940000,1499726999000,114.065,114.07,114.061,114.065,23570000,1
1499727000000,1499727059000,114.065,114.065,114.059,114.062,18430000,1
1499727060000,1499727119000,114.061,114.061,114.06,114.06,4000000,1
1499727120000,1499727179000,114.061,114.062,114.061,114.062,2000000,1
1499727180000,1499727239000,114.061,114.069,114.061,114.065,17240000,1
1499727240000,1499727299000,114.065,114.065,114.061,114.063,6310000,1
1499727300000,1499727359000,114.063,114.063,114.063,114.063,3000000,1
1499727360000,1499727419000,114.063,114.063,114.063,114.063,6000000,1
1499727420000,1499727479000,114.063,114.063,114.06,114.06,5630000,1
1499727480000,1499727539000,114.06,114.06,114.06,114.06,2880000,1
1499727540000,1499727599000,114.06,114.063,114.058,114.063,14380000,1
1499727600000,1499727659000,114.063,114.063,114.051,114.053,35500000,1
1499727660000,1499727719000,114.053,114.054,114.048,114.053,34490000,1
1499727720000,1499727779000,114.053,114.054,114.048,114.054,21450000,1
1499727780000,1499727839000,114.054,114.056,114.048,114.048,39120000,1
1499727840000,1499727899000,114.047,114.055,114.047,114.055,12190000,1
1499727900000,1499727959000,114.056,114.056,114.053,114.055,10500000,1
1499727960000,1499728019000,114.056,114.066,114.056,114.066,20880000,1
1499728020000,1499728079000,114.067,114.068,114.059,114.059,29890000,1
1499728080000,1499728139000,114.06,114.061,114.06,114.061,7000000,1
1499728140000,1499728199000,114.061,114.061,114.06,114.06,7880000,1
1499728200000,1499728259000,114.061,114.066,114.061,114.064,10560000,1
1499728260000,1499728319000,114.064,114.068,114.063,114.066,20500000,1
1499728320000,1499728379000,114.066,114.071,114.066,114.071,18440000,1
1499728380000,1499728439000,114.07,114.071,114.065,114.065,56560000,1
1499728440000,1499728499000,114.067,114.073,114.067,114.069,56410000,1
1499728500000,1499728559000,114.069,114.074,114.069,114.071,47790000,1
1499728560000,1499728619000,114.074,114.076,114.071,114.075,8560000,1
1499728620000,1499728679000,114.076,114.087,114.076,114.087,18000000,1
1499728680000,1499728739000,114.086,114.087,114.086,114.086,8690000,1
1499728740000,1499728799000,114.086,114.086,114.08,114.084,13570000,1
1499728800000,1499728859000,114.085,114.087,114.085,114.086,6780000,1
1499728860000,1499728919000,114.086,114.086,114.078,114.078,44510000,1
1499728920000,1499728979000,114.079,114.079,114.067,114.067,40190000,1
1499728980000,1499729039000,114.066,114.069,114.056,114.069,65550000,1
1499729040000,1499729099000,114.07,114.07,114.068,114.068,10870000,1
1499729100000,1499729159000,114.068,114.068,114.067,114.068,25860000,1
1499729160000,1499729219000,114.068,114.068,114.065,114.065,8840000,1
1499729220000,1499729279000,114.066,114.066,114.065,114.065,15600000,1
1499729280000,1499729339000,114.065,114.067,114.065,114.065,11000000,1
1499729340000,1499729399000,114.065,114.066,114.058,114.058,22180000,1
1499729400000,1499729459000,114.06,114.06,114.047,114.05,38670000,1
1499729460000,1499729519000,114.05,114.051,114.048,114.049,9500000,1
1499729520000,1499729579000,114.05,114.061,114.05,114.058,39490000,1
1499729580000,1499729639000,114.057,114.058,114.056,114.057,16090000,1
1499729640000,1499729699000,114.059,114.062,114.059,114.062,8620000,1
1499729700000,1499729759000,114.061,114.073,114.061,114.073,27730000,1
1499729760000,1499729819000,114.072,114.075,114.072,114.073,12590000,1
1499729820000,1499729879000,114.074,114.083,114.074,114.079,18190000,1
1499729880000,1499729939000,114.079,114.084,114.079,114.084,22220000,1
1499729940000,1499729999000,114.083,114.083,114.079,114.079,14960000,1
1499730000000,1499730059000,114.08,114.08,114.079,114.079,14750000,1
1499730060000,1499730119000,114.079,114.079,114.079,114.079,8430000,1
1499730120000,1499730179000,114.079,114.082,114.074,114.074,28310000,1
1499730180000,1499730239000,114.073,114.074,114.065,114.066,56940000,1
1499730240000,1499730299000,114.067,114.067,114.054,114.054,20600000,1
1499730300000,1499730359000,114.057,114.068,114.055,114.067,57910000,1
1499730360000,1499730419000,114.067,114.083,114.067,114.073,56930000,1
1499730420000,1499730479000,114.073,114.073,114.069,114.069,31140000,1
1499730480000,1499730539000,114.068,114.068,114.061,114.062,35820000,1
1499730540000,1499730599000,114.062,114.071,114.062,114.071,7190000,1
1499730600000,1499730659000,114.073,114.085,114.072,114.082,54970000,1
1499730660000,1499730719000,114.082,114.082,114.069,114.069,57120000,1
1499730720000,1499730779000,114.071,114.078,114.071,114.073,24560000,1
1499730780000,1499730839000,114.073,114.074,114.071,114.072,15620000,1
1499730840000,1499730899000,114.074,114.08,114.074,114.078,31120000,1
1499730900000,1499730959000,114.079,114.088,114.079,114.081,32000000,1
1499730960000,1499731019000,114.081,114.082,114.079,114.081,19540000,1
1499731020000,1499731079000,114.081,114.081,114.073,114.077,32930000,1
1499731080000,1499731139000,114.077,114.078,114.06,114.069,85360000,1
1499731140000,1499731199000,114.068,114.068,114.061,114.062,14580000,1
1499731200000,1499731259000,114.062,114.067,114.034,114.042,163050000,1
1499731260000,1499731319000,114.041,114.071,114.038,114.071,103300000,1
1499731320000,1499731379000,114.071,114.119,114.071,114.093,205760000,1
1499731380000,1499731439000,114.094,114.111,114.092,114.099,121640000,1
1499731440000,1499731499000,114.1,114.109,114.098,114.108,71420000,1
1499731500000,1499731559000,114.107,114.107,114.099,114.102,83690000,1
1499731560000,1499731619000,114.104,114.129,114.099,114.126,107950000,1
1499731620000,1499731679000,114.126,114.127,114.11,114.127,113530000,1
1499731680000,1499731739000,114.127,114.163,114.127,114.163,161810000,1
1499731740000,1499731799000,114.165,114.17,114.144,114.146,179170000,1
1499731800000,1499731859000,114.148,114.174,114.148,114.165,128370000,1
1499731860000,1499731919000,114.166,114.169,114.148,114.149,135170000,1
1499731920000,1499731979000,114.15,114.172,114.146,114.159,132330000,1
1499731980000,1499732039000,114.16,114.171,114.159,114.166,131510000,1
1499732040000,1499732099000,114.167,114.167,114.16,114.16,87990000,1
1499732100000,1499732159000,114.16,114.168,114.158,114.163,129330000,1
1499732160000,1499732219000,114.163,114.187,114.159,114.187,151000000,1
1499732220000,1499732279000,114.188,114.193,114.179,114.191,97170000,1
1499732280000,1499732339000,114.19,114.195,114.171,114.178,94550000,1
1499732340000,1499732399000,114.178,114.192,114.178,114.184,92430000,1
1499732400000,1499732459000,114.184,114.229,114.172,114.198,204090000,1
1499732460000,1499732519000,114.198,114.221,114.195,114.198,135090000,1
1499732520000,1499732579000,114.198,114.198,114.191,114.196,40140000,1
1499732580000,1499732639000,114.197,114.221,114.185,114.203,116050000,1
1499732640000,1499732699000,114.204,114.219,114.202,114.21,194850000,1
1499732700000,1499732759000,114.21,114.219,114.209,114.219,77520000,1
1499732760000,1499732819000,114.218,114.238,114.214,114.225,128180000,1
1499732820000,1499732879000,114.224,114.242,114.223,114.235,156360000,1
1499732880000,1499732939000,114.234,114.236,114.23,114.23,66620000,1
1499732940000,1499732999000,114.229,114.235,114.229,114.231,46330000,1
1499733000000,1499733059000,114.231,114.231,114.212,114.217,110800000,1
1499733060000,1499733119000,114.219,114.225,114.214,114.221,84980000,1
1499733120000,1499733179000,114.221,114.23,114.219,114.228,84070000,1
1499733180000,1499733239000,114.227,114.235,114.199,114.232,230920000,1
1499733240000,1499733299000,114.233,114.257,114.231,114.233,156430000,1
1499733300000,1499733359000,114.232,114.25,114.226,114.238,181140000,1
1499733360000,1499733419000,114.239,114.245,114.231,114.243,160950000,1
1499733420000,1499733479000,114.244,114.244,114.23,114.236,132030000,1
1499733480000,1499733539000,114.237,114.237,114.225,114.231,72320000,1
1499733540000,1499733599000,114.23,114.23,114.221,114.224,59950000,1
1499733600000,1499733659000,114.223,114.231,114.221,114.23,55220000,1
1499733660000,1499733719000,114.23,114.238,114.23,114.231,39160000,1
1499733720000,1499733779000,114.23,114.23,114.224,114.224,54780000,1
1499733780000,1499733839000,114.225,114.23,114.222,114.224,47120000,1
1499733840000,1499733899000,114.227,114.23,114.212,114.214,143700000,1
1499733900000,1499733959000,114.217,114.226,114.21,114.226,77300000,1
1499733960000,1499734019000,114.224,114.231,114.216,114.226,103140000,1
1499734020000,1499734079000,114.228,114.228,114.225,114.225,28620000,1
1499734080000,1499734139000,114.224,114.224,114.214,114.216,85730000,1
1499734140000,1499734199000,114.216,114.219,114.208,114.211,74760000,1
1499734200000,1499734259000,114.211,114.217,114.206,114.21,100050000,1
1499734260000,1499734319000,114.21,114.222,114.206,114.222,108770000,1
1499734320000,1499734379000,114.223,114.25,114.217,114.248,137820000,1
1499734380000,1499734439000,114.249,114.26,114.241,114.241,258780000,1
1499734440000,1499734499000,114.24,114.24,114.204,114.204,304250000,1
1499734500000,1499734559000,114.206,114.216,114.187,114.187,224370000,1
1499734560000,1499734619000,114.187,114.197,114.182,114.187,119140000,1
1499734620000,1499734679000,114.184,114.188,114.175,114.178,133440000,1
1499734680000,1499734739000,114.179,114.182,114.173,114.175,94720000,1
1499734740000,1499734799000,114.175,114.177,114.162,114.168,103710000,1
1499734800000,1499734859000,114.167,114.174,114.161,114.166,119640000,1
1499734860000,1499734919000,114.164,114.17,114.161,114.165,65600000,1
1499734920000,1499734979000,114.165,114.17,114.154,114.159,140000000,1
1499734980000,1499735039000,114.16,114.16,114.148,114.153,95530000,1
1499735040000,1499735099000,114.155,114.155,114.142,114.149,135120000,1
1499735100000,1499735159000,114.151,114.166,114.151,114.162,84570000,1
1499735160000,1499735219000,114.163,114.168,114.155,114.158,97800000,1
1499735220000,1499735279000,114.16,114.166,114.156,114.16,96090000,1
1499735280000,1499735339000,114.16,114.161,114.145,114.148,148820000,1
1499735340000,1499735399000,114.148,114.156,114.146,114.146,129310000,1
1499735400000,1499735459000,114.149,114.158,114.127,114.141,119770000,1
1499735460000,1499735519000,114.142,114.148,114.137,114.137,56190000,1
1499735520000,1499735579000,114.138,114.14,114.128,114.139,77160000,1
1499735580000,1499735639000,114.139,114.139,114.125,114.13,97010000,1
1499735640000,1499735699000,114.13,114.141,114.13,114.141,145940000,1
1499735700000,1499735759000,114.14,114.147,114.139,114.14,94160000,1
1499735760000,1499735819000,114.139,114.14,114.137,114.139,35320000,1
1499735820000,1499735879000,114.14,114.158,114.14,114.149,82300000,1
1499735880000,1499735939000,114.149,114.157,114.146,114.153,94830000,1
1499735940000,1499735999000,114.154,114.158,114.147,114.153,99690000,1
1499736000000,1499736059000,114.153,114.155,114.151,114.153,59740000,1
1499736060000,1499736119000,114.151,114.166,114.151,114.156,89640000,1
1499736120000,1499736179000,114.154,114.155,114.146,114.147,49450000,1
1499736180000,1499736239000,114.146,114.146,114.12,114.122,100100000,1
1499736240000,1499736299000,114.122,114.128,114.108,114.12,98300000,1
1499736300000,1499736359000,114.12,114.126,114.094,114.095,180550000,1
1499736360000,1499736419000,114.096,114.102,114.083,114.095,161470000,1
1499736420000,1499736479000,114.098,114.107,114.098,114.106,95550000,1
1499736480000,1499736539000,114.105,114.106,114.096,114.099,60850000,1
1499736540000,1499736599000,114.1,114.114,114.099,114.114,54820000,1
1499736600000,1499736659000,114.115,114.12,114.114,114.117,142600000,1
1499736660000,1499736719000,114.118,114.121,114.114,114.121,105360000,1
1499736720000,1499736779000,114.122,114.128,114.12,114.125,102430000,1
1499736780000,1499736839000,114.124,114.128,114.114,114.128,127270000,1
1499736840000,1499736899000,114.128,114.134,114.114,114.114,136310000,1
1499736900000,1499736959000,114.115,114.12,114.113,114.114,85110000,1
1499736960000,1499737019000,114.114,114.122,114.114,114.12,33410000,1
1499737020000,1499737079000,114.12,114.128,114.119,114.123,51280000,1
1499737080000,1499737139000,114.124,114.136,114.124,114.125,125620000,1
1499737140000,1499737199000,114.126,114.13,114.12,114.125,136390000,1
1499737200000,1499737259000,114.126,114.127,114.125,114.127,25790000,1
1499737260000,1499737319000,114.127,114.127,114.121,114.121,47270000,1
1499737320000,1499737379000,114.121,114.126,114.119,114.121,35100000,1
1499737380000,1499737439000,114.121,114.135,114.121,114.13,122200000,1
1499737440000,1499737499000,114.129,114.135,114.121,114.132,110320000,1
1499737500000,1499737559000,114.132,114.132,114.12,114.128,78320000,1
1499737560000,1499737619000,114.128,114.134,114.126,114.132,59480000,1
1499737620000,1499737679000,114.132,114.133,114.13,114.132,37420000,1
1499737680000,1499737739000,114.132,114.138,114.132,114.137,59240000,1
1499737740000,1499737799000,114.138,114.144,114.126,114.126,94350000,1
1499737800000,1499737859000,114.127,114.134,114.127,114.134,55610000,1
1499737860000,1499737919000,114.132,114.134,114.127,114.131,88290000,1
1499737920000,1499737979000,114.132,114.135,114.117,114.12,49150000,1
1499737980000,1499738039000,114.12,114.128,114.12,114.126,54820000,1
1499738040000,1499738099000,114.126,114.133,114.118,114.122,56920000,1
1499738100000,1499738159000,114.122,114.125,114.117,114.125,150610000,1
1499738160000,1499738219000,114.125,114.125,114.099,114.099,144900000,1
1499738220000,1499738279000,114.098,114.099,114.083,114.099,141290000,1
1499738280000,1499738339000,114.097,114.102,114.089,114.102,111110000,1
1499738340000,1499738399000,114.102,114.102,114.095,114.096,167410000,1
1499738400000,1499738459000,114.1,114.109,114.1,114.106,82180000,1
1499738460000,1499738519000,114.106,114.106,114.091,114.092,87650000,1
1499738520000,1499738579000,114.093,114.099,114.092,114.098,44430000,1
1499738580000,1499738639000,114.099,114.099,114.086,114.097,101430000,1
1499738640000,1499738699000,114.097,114.098,114.091,114.092,115130000,1
1499738700000,1499738759000,114.093,114.098,114.093,114.097,37820000,1
1499738760000,1499738819000,114.095,114.11,114.092,114.107,117020000,1
1499738820000,1499738879000,114.104,114.115,114.093,114.115,78770000,1
1499738880000,1499738939000,114.115,114.121,114.111,114.111,138630000,1
1499738940000,1499738999000,114.113,114.119,114.111,114.116,52290000,1
1499739000000,1499739059000,114.115,114.115,114.098,114.104,103460000,1
1499739060000,1499739119000,114.105,114.106,114.092,114.102,80340000,1
1499739120000,1499739179000,114.101,114.107,114.097,114.098,83190000,1
1499739180000,1499739239000,114.098,114.098,114.087,114.091,66790000,1
1499739240000,1499739299000,114.093,114.095,114.088,114.092,71070000,1
1499739300000,1499739359000,114.092,114.094,114.085,114.088,92220000,1
1499739360000,1499739419000,114.087,114.093,114.082,114.093,104290000,1
1499739420000,1499739479000,114.094,114.096,114.088,114.092,60820000,1
1499739480000,1499739539000,114.093,114.093,114.087,114.088,31280000,1
1499739540000,1499739599000,114.087,114.1,114.087,114.095,85520000,1
1499739600000,1499739659000,114.096,114.115,114.088,114.113,130030000,1
1499739660000,1499739719000,114.114,114.122,114.106,114.115,145950000,1
1499739720000,1499739779000,114.115,114.128,114.108,114.117,86100000,1
1499739780000,1499739839000,114.118,114.127,114.118,114.124,101580000,1
1499739840000,1499739899000,114.125,114.129,114.115,114.118,53210000,1
1499739900000,1499739959000,114.118,114.125,114.114,114.119,72400000,1
1499739960000,1499740019000,114.118,114.131,114.116,114.129,76180000,1
1499740020000,1499740079000,114.13,114.132,114.12,114.125,127720000,1
1499740080000,1499740139000,114.126,114.131,114.116,114.116,97100000,1
1499740140000,1499740199000,114.116,114.124,114.116,114.124,43600000,1
1499740200000,1499740259000,114.125,114.127,114.119,114.121,50790000,1
1499740260000,1499740319000,114.121,114.121,114.115,114.117,33960000,1
1499740320000,1499740379000,114.118,114.13,114.118,114.129,46030000,1
1499740380000,1499740439000,114.129,114.142,114.123,114.128,81230000,1
1499740440000,1499740499000,114.129,114.151,114.128,114.138,45660000,1
1499740500000,1499740559000,114.138,114.139,114.13,114.134,53320000,1
1499740560000,1499740619000,114.134,114.143,114.134,114.141,49930000,1
1499740620000,1499740679000,114.141,114.192,114.134,114.176,133170000,1
1499740680000,1499740739000,114.175,114.184,114.172,114.177,210980000,1
1499740740000,1499740799000,114.178,114.178,114.174,114.178,102360000,1
1499740800000,1499740859000,114.176,114.178,114.17,114.17,52010000,1
1499740860000,1499740919000,114.172,114.191,114.172,114.19,123500000,1
1499740920000,1499740979000,114.19,114.2,114.183,114.195,147550000,1
1499740980000,1499741039000,114.196,114.233,114.196,114.228,224130000,1
1499741040000,1499741099000,114.228,114.229,114.213,114.223,214820000,1
1499741100000,1499741159000,114.222,114.226,114.209,114.226,213130000,1
1499741160000,1499741219000,114.227,114.233,114.217,114.224,140260000,1
1499741220000,1499741279000,114.224,114.234,114.224,114.233,104110000,1
1499741280000,1499741339000,114.233,114.233,114.211,114.217,122280000,1
1499741340000,1499741399000,114.217,114.219,114.206,114.215,170490000,1
1499741400000,1499741459000,114.215,114.217,114.205,114.205,83210000,1
1499741460000,1499741519000,114.205,114.21,114.205,114.21,64170000,1
1499741520000,1499741579000,114.209,114.214,114.207,114.214,109750000,1
1499741580000,1499741639000,114.214,114.22,114.211,114.215,335220000,1
1499741640000,1499741699000,114.215,114.218,114.205,114.209,101630000,1
1499741700000,1499741759000,114.208,114.215,114.208,114.211,28090000,1
1499741760000,1499741819000,114.212,114.216,114.209,114.209,31040000,1
1499741820000,1499741879000,114.21,114.21,114.203,114.203,43430000,1
1499741880000,1499741939000,114.203,114.207,114.196,114.196,72920000,1
1499741940000,1499741999000,114.197,114.207,114.195,114.205,238730000,1
1499742000000,1499742059000,114.205,114.205,114.188,114.191,252600000,1
1499742060000,1499742119000,114.192,114.198,114.192,114.196,104280000,1
1499742120000,1499742179000,114.197,114.2,114.195,114.197,69250000,1
1499742180000,1499742239000,114.195,114.204,114.195,114.195,78620000,1
1499742240000,1499742299000,114.195,114.195,114.183,114.183,64230000,1
1499742300000,1499742359000,114.182,114.188,114.176,114.182,115460000,1
1499742360000,1499742419000,114.182,114.183,114.181,114.181,63280000,1
1499742420000,1499742479000,114.181,114.182,114.168,114.176,100900000,1
1499742480000,1499742539000,114.177,114.182,114.177,114.182,40180000,1
1499742540000,1499742599000,114.182,114.182,114.18,114.181,33260000,1
1499742600000,1499742659000,114.181,114.187,114.181,114.181,24920000,1
1499742660000,1499742719000,114.181,114.183,114.181,114.182,65230000,1
1499742720000,1499742779000,114.182,114.184,114.175,114.175,44590000,1
1499742780000,1499742839000,114.175,114.181,114.175,114.181,40020000,1
1499742840000,1499742899000,114.181,114.188,114.181,114.185,19870000,1
1499742900000,1499742959000,114.187,114.19,114.187,114.188,9870000,1
1499742960000,1499743019000,114.188,114.204,114.188,114.201,67430000,1
1499743020000,1499743079000,114.201,114.207,114.201,114.206,42740000,1
1499743080000,1499743139000,114.207,114.21,114.203,114.21,81970000,1
1499743140000,1499743199000,114.211,114.216,114.207,114.207,84680000,1
1499743200000,1499743259000,114.207,114.212,114.205,114.211,68420000,1
1499743260000,1499743319000,114.212,114.215,114.207,114.207,61110000,1
1499743320000,1499743379000,114.208,114.211,114.206,114.206,37190000,1
1499743380000,1499743439000,114.206,114.208,114.196,114.202,96990000,1
1499743440000,1499743499000,114.202,114.207,114.194,114.201,98330000,1
1499743500000,1499743559000,114.199,114.199,114.189,114.194,74970000,1
1499743560000,1499743619000,114.195,114.196,114.188,114.188,41350000,1
1499743620000,1499743679000,114.188,114.195,114.184,114.187,68880000,1
1499743680000,1499743739000,114.185,114.187,114.181,114.187,48140000,1
1499743740000,1499743799000,114.187,114.194,114.183,114.188,49430000,1
1499743800000,1499743859000,114.188,114.188,114.176,114.181,121230000,1
1499743860000,1499743919000,114.181,114.181,114.167,114.168,94800000,1
1499743920000,1499743979000,114.168,114.18,114.168,114.18,56450000,1
1499743980000,1499744039000,114.18,114.181,114.168,114.181,46860000,1
1499744040000,1499744099000,114.178,114.193,114.174,114.182,113210000,1
1499744100000,1499744159000,114.183,114.198,114.183,114.196,95980000,1
1499744160000,1499744219000,114.196,114.196,114.189,114.19,81050000,1
1499744220000,1499744279000,114.188,114.19,114.182,114.188,126960000,1
1499744280000,1499744339000,114.188,114.201,114.187,114.201,85660000,1
1499744340000,1499744399000,114.201,114.201,114.192,114.193,81290000,1
1499744400000,1499744459000,114.193,114.196,114.193,114.196,64930000,1
1499744460000,1499744519000,114.196,114.2,114.193,114.194,80650000,1
1499744520000,1499744579000,114.198,114.199,114.194,114.194,71250000,1
1499744580000,1499744639000,114.194,114.199,114.187,114.187,106790000,1
1499744640000,1499744699000,114.188,114.188,114.181,114.187,54000000,1
1499744700000,1499744759000,114.188,114.188,114.18,114.18,76170000,1
1499744760000,1499744819000,114.181,114.182,114.173,114.18,83700000,1
1499744820000,1499744879000,114.18,114.181,114.177,114.18,61500000,1
1499744880000,1499744939000,114.18,114.18,114.168,114.168,78770000,1
1499744940000,1499744999000,114.172,114.181,114.172,114.18,88370000,1
1499745000000,1499745059000,114.181,114.193,114.175,114.193,57240000,1
1499745060000,1499745119000,114.193,114.208,114.187,114.2,189540000,1
1499745120000,1499745179000,114.199,114.21,114.192,114.202,169700000,1
1499745180000,1499745239000,114.202,114.21,114.202,114.206,117340000,1
1499745240000,1499745299000,114.206,114.21,114.193,114.2,144710000,1
1499745300000,1499745359000,114.2,114.201,114.195,114.2,49270000,1
1499745360000,1499745419000,114.2,114.207,114.195,114.195,136920000,1
1499745420000,1499745479000,114.195,114.208,114.178,114.183,131740000,1
1499745480000,1499745539000,114.182,114.187,114.176,114.179,62480000,1
1499745540000,1499745599000,114.179,114.181,114.167,114.167,93760000,1
1499745600000,1499745659000,114.168,114.171,114.16,114.164,108800000,1
1499745660000,1499745719000,114.164,114.173,114.162,114.169,66550000,1
1499745720000,1499745779000,114.169,114.178,114.166,114.173,129330000,1
1499745780000,1499745839000,114.171,114.182,114.169,114.176,72480000,1
1499745840000,1499745899000,114.175,114.188,114.175,114.188,119520000,1
1499745900000,1499745959000,114.188,114.227,114.188,114.205,188030000,1
1499745960000,1499746019000,114.206,114.224,114.2,114.214,205830000,1
1499746020000,1499746079000,114.215,114.223,114.214,114.214,114000000,1
1499746080000,1499746139000,114.216,114.224,114.211,114.211,129440000,1
1499746140000,1499746199000,114.212,114.214,114.187,114.213,142520000,1
1499746200000,1499746259000,114.217,114.217,114.199,114.205,113530000,1
1499746260000,1499746319000,114.205,114.208,114.199,114.203,125630000,1
1499746320000,1499746379000,114.199,114.21,114.199,114.201,48270000,1
1499746380000,1499746439000,114.201,114.212,114.201,114.207,117450000,1
1499746440000,1499746499000,114.206,114.212,114.206,114.211,55730000,1
1499746500000,1499746559000,114.211,114.217,114.204,114.204,144000000,1
1499746560000,1499746619000,114.204,114.218,114.204,114.208,125490000,1
1499746620000,1499746679000,114.208,114.213,114.206,114.209,120070000,1
1499746680000,1499746739000,114.21,114.211,114.204,114.211,102610000,1
1499746740000,1499746799000,114.211,114.211,114.201,114.21,98660000,1
1499746800000,1499746859000,114.21,114.217,114.195,114.205,123240000,1
1499746860000,1499746919000,114.206,114.211,114.204,114.205,73260000,1
1499746920000,1499746979000,114.204,114.213,114.197,114.206,114960000,1
1499746980000,1499747039000,114.206,114.211,114.197,114.207,105390000,1
1499747040000,1499747099000,114.206,114.207,114.196,114.199,48370000,1
1499747100000,1499747159000,114.2,114.208,114.2,114.207,22180000,1
1499747160000,1499747219000,114.208,114.217,114.206,114.216,32780000,1
1499747220000,1499747279000,114.217,114.218,114.202,114.217,116310000,1
1499747280000,1499747339000,114.217,114.223,114.21,114.211,107220000,1
1499747340000,1499747399000,114.211,114.23,114.21,114.225,114090000,1
1499747400000,1499747459000,114.224,114.232,114.221,114.228,178310000,1
1499747460000,1499747519000,114.227,114.23,114.221,114.221,329590000,1
1499747520000,1499747579000,114.221,114.24,114.221,114.233,104850000,1
1499747580000,1499747639000,114.232,114.232,114.226,114.23,142650000,1
1499747640000,1499747699000,114.23,114.231,114.222,114.224,95820000,1
1499747700000,1499747759000,114.225,114.234,114.218,114.231,120900000,1
1499747760000,1499747819000,114.23,114.23,114.217,114.223,161670000,1
1499747820000,1499747879000,114.225,114.23,114.221,114.227,71420000,1
1499747880000,1499747939000,114.227,114.238,114.227,114.232,60920000,1
1499747940000,1499747999000,114.232,114.233,114.223,114.228,72410000,1
1499748000000,1499748059000,114.228,114.228,114.22,114.225,39730000,1
1499748060000,1499748119000,114.227,114.229,114.224,114.225,34110000,1
1499748120000,1499748179000,114.225,114.231,114.225,114.225,39950000,1
1499748180000,1499748239000,114.225,114.227,114.223,114.225,36310000,1
1499748240000,1499748299000,114.225,114.226,114.225,114.225,14790000,1
1499748300000,1499748359000,114.226,114.226,114.225,114.225,31640000,1
1499748360000,1499748419000,114.225,114.235,114.225,114.231,33510000,1
1499748420000,1499748479000,114.231,114.238,114.23,114.238,26370000,1
1499748480000,1499748539000,114.237,114.25,114.237,114.245,133750000,1
1499748540000,1499748599000,114.245,114.257,114.244,114.257,92100000,1
1499748600000,1499748659000,114.257,114.286,114.251,114.278,212980000,1
1499748660000,1499748719000,114.278,114.289,114.264,114.289,182720000,1
1499748720000,1499748779000,114.288,114.387,114.288,114.385,437580000,1
1499748780000,1499748839000,114.388,114.39,114.352,114.366,311140000,1
1499748840000,1499748899000,114.366,114.366,114.338,114.342,205380000,1
1499748900000,1499748959000,114.342,114.351,114.341,114.348,76530000,1
1499748960000,1499749019000,114.346,114.346,114.341,114.341,52410000,1
1499749020000,1499749079000,114.341,114.346,114.323,114.323,130850000,1
1499749080000,1499749139000,114.326,114.343,114.326,114.339,132730000,1
1499749140000,1499749199000,114.339,114.347,114.334,114.347,131900000,1
1499749200000,1499749259000,114.347,114.376,114.346,114.37,175780000,1
1499749260000,1499749319000,114.368,114.371,114.356,114.367,212270000,1
1499749320000,1499749379000,114.367,114.412,114.358,114.41,183040000,1
1499749380000,1499749439000,114.409,114.427,114.404,114.41,291670000,1
1499749440000,1499749499000,114.412,114.418,114.404,114.408,173880000,1
1499749500000,1499749559000,114.408,114.409,114.401,114.403,91290000,1
1499749560000,1499749619000,114.403,114.403,114.378,114.378,236550000,1
1499749620000,1499749679000,114.378,114.401,114.376,114.395,142860000,1
1499749680000,1499749739000,114.395,114.404,114.386,114.404,70600000,1
1499749740000,1499749799000,114.405,114.406,114.399,114.401,62700000,1
1499749800000,1499749859000,114.402,114.406,114.392,114.392,103690000,1
1499749860000,1499749919000,114.394,114.406,114.394,114.406,69260000,1
1499749920000,1499749979000,114.405,114.406,114.399,114.405,54540000,1
1499749980000,1499750039000,114.405,114.423,114.404,114.419,54000000,1
1499750040000,1499750099000,114.417,114.417,114.409,114.416,127990000,1
1499750100000,1499750159000,114.416,114.452,114.414,114.448,311690000,1
1499750160000,1499750219000,114.449,114.458,114.444,114.451,157730000,1
1499750220000,1499750279000,114.452,114.452,114.439,114.443,144820000,1
1499750280000,1499750339000,114.445,114.446,114.436,114.437,60340000,1
1499750340000,1499750399000,114.436,114.444,114.434,114.435,100230000,1
1499750400000,1499750459000,114.434,114.434,114.422,114.423,163350000,1
1499750460000,1499750519000,114.422,114.43,114.421,114.426,111820000,1
1499750520000,1499750579000,114.424,114.428,114.412,114.412,151210000,1
1499750580000,1499750639000,114.412,114.416,114.4,114.405,188130000,1
1499750640000,1499750699000,114.404,114.407,114.397,114.407,114390000,1
1499750700000,1499750759000,114.407,114.416,114.407,114.413,58910000,1
1499750760000,1499750819000,114.414,114.415,114.411,114.414,39420000,1
1499750820000,1499750879000,114.413,114.413,114.405,114.409,102030000,1
1499750880000,1499750939000,114.41,114.419,114.41,114.419,18060000,1
1499750940000,1499750999000,114.419,114.419,114.411,114.411,31430000,1
1499751000000,1499751059000,114.411,114.414,114.409,114.411,63030000,1
1499751060000,1499751119000,114.411,114.413,114.41,114.41,34720000,1
1499751120000,1499751179000,114.41,114.411,114.41,114.411,26370000,1
1499751180000,1499751239000,114.415,114.42,114.411,114.42,95280000,1
1499751240000,1499751299000,114.423,114.423,114.416,114.417,122180000,1
1499751300000,1499751359000,114.417,114.435,114.416,114.434,123480000,1
1499751360000,1499751419000,114.435,114.446,114.417,114.421,96500000,1
1499751420000,1499751479000,114.423,114.434,114.421,114.432,88080000,1
1499751480000,1499751539000,114.43,114.432,114.425,114.431,59310000,1
1499751540000,1499751599000,114.431,114.438,114.431,114.438,84510000,1
1499751600000,1499751659000,114.438,114.438,114.433,114.436,64140000,1
1499751660000,1499751719000,114.436,114.44,114.431,114.438,134430000,1
1499751720000,1499751779000,114.437,114.444,114.437,114.438,63580000,1
1499751780000,1499751839000,114.436,114.436,114.407,114.41,202650000,1
1499751840000,1499751899000,114.411,114.424,114.398,114.41,111170000,1
1499751900000,1499751959000,114.411,114.411,114.396,114.396,123950000,1
1499751960000,1499752019000,114.396,114.417,114.396,114.399,158760000,1
1499752020000,1499752079000,114.398,114.398,114.358,114.361,216090000,1
1499752080000,1499752139000,114.362,114.38,114.362,114.375,121190000,1
1499752140000,1499752199000,114.374,114.382,114.37,114.382,125920000,1
1499752200000,1499752259000,114.381,114.382,114.366,114.373,104170000,1
1499752260000,1499752319000,114.373,114.389,114.373,114.389,96730000,1
1499752320000,1499752379000,114.388,114.389,114.38,114.381,32200000,1
1499752380000,1499752439000,114.381,114.381,114.368,114.374,60710000,1
1499752440000,1499752499000,114.374,114.374,114.356,114.361,129810000,1
1499752500000,1499752559000,114.361,114.367,114.354,114.363,82370000,1
1499752560000,1499752619000,114.363,114.369,114.356,114.366,72010000,1
1499752620000,1499752679000,114.367,114.374,114.358,114.374,93960000,1
1499752680000,1499752739000,114.374,114.377,114.367,114.368,61550000,1
1499752740000,1499752799000,114.367,114.367,114.345,114.355,160250000,1
1499752800000,1499752859000,114.355,114.391,114.355,114.387,159980000,1
1499752860000,1499752919000,114.388,114.395,114.385,114.393,84840000,1
1499752920000,1499752979000,114.393,114.401,114.391,114.396,142170000,1
1499752980000,1499753039000,114.395,114.4,114.39,114.398,82020000,1
1499753040000,1499753099000,114.397,114.401,114.392,114.399,71150000,1
1499753100000,1499753159000,114.398,114.4,114.394,114.397,82900000,1
1499753160000,1499753219000,114.396,114.397,114.371,114.377,98320000,1
1499753220000,1499753279000,114.379,114.388,114.363,114.376,114750000,1
1499753280000,1499753339000,114.377,114.383,114.374,114.377,124740000,1
1499753340000,1499753399000,114.376,114.382,114.375,114.375,169530000,1
1499753400000,1499753459000,114.376,114.414,114.376,114.407,122180000,1
1499753460000,1499753519000,114.408,114.432,114.408,114.432,95420000,1
1499753520000,1499753579000,114.429,114.459,114.42,114.455,112440000,1
1499753580000,1499753639000,114.455,114.462,114.443,114.45,133590000,1
1499753640000,1499753699000,114.451,114.479,114.448,114.454,140990000,1
1499753700000,1499753759000,114.453,114.454,114.437,114.439,158370000,1
1499753760000,1499753819000,114.439,114.442,114.415,114.425,130060000,1
1499753820000,1499753879000,114.424,114.427,114.409,114.409,90820000,1
1499753880000,1499753939000,114.41,114.425,114.408,114.42,119440000,1
1499753940000,1499753999000,114.419,114.422,114.402,114.408,152930000,1
1499754000000,1499754059000,114.408,114.422,114.403,114.403,136840000,1
1499754060000,1499754119000,114.404,114.414,114.404,114.408,86850000,1
1499754120000,1499754179000,114.408,114.416,114.4,114.415,123340000,1
1499754180000,1499754239000,114.414,114.429,114.413,114.421,129140000,1
1499754240000,1499754299000,114.421,114.423,114.416,114.418,51500000,1
1499754300000,1499754359000,114.413,114.414,114.398,114.405,107520000,1
1499754360000,1499754419000,114.406,114.407,114.401,114.407,183650000,1
1499754420000,1499754479000,114.407,114.407,114.403,114.404,54230000,1
1499754480000,1499754539000,114.404,114.41,114.398,114.41,129740000,1
1499754540000,1499754599000,114.413,114.414,114.403,114.405,432720000,1
1499754600000,1499754659000,114.405,114.418,114.401,114.417,86460000,1
1499754660000,1499754719000,114.418,114.435,114.418,114.434,245910000,1
1499754720000,1499754779000,114.434,114.448,114.429,114.432,110480000,1
1499754780000,1499754839000,114.431,114.431,114.416,114.42,126230000,1
1499754840000,1499754899000,114.417,114.42,114.413,114.419,70460000,1
1499754900000,1499754959000,114.419,114.419,114.412,114.414,32860000,1
1499754960000,1499755019000,114.414,114.436,114.414,114.431,218290000,1
1499755020000,1499755079000,114.431,114.431,114.413,114.415,97840000,1
1499755080000,1499755139000,114.415,114.416,114.4,114.4,95180000,1
1499755140000,1499755199000,114.4,114.4,114.383,114.4,148200000,1
1499755200000,1499755259000,114.4,114.405,114.392,114.395,96100000,1
1499755260000,1499755319000,114.396,114.406,114.395,114.399,106830000,1
1499755320000,1499755379000,114.396,114.399,114.387,114.394,53650000,1
1499755380000,1499755439000,114.392,114.399,114.39,114.391,44920000,1
1499755440000,1499755499000,114.39,114.395,114.374,114.375,139390000,1
1499755500000,1499755559000,114.375,114.381,114.362,114.38,159390000,1
1499755560000,1499755619000,114.384,114.386,114.379,114.386,66850000,1
1499755620000,1499755679000,114.385,114.39,114.377,114.379,143250000,1
1499755680000,1499755739000,114.38,114.388,114.376,114.387,53420000,1
1499755740000,1499755799000,114.39,114.397,114.389,114.394,56940000,1
1499755800000,1499755859000,114.395,114.411,114.395,114.401,115940000,1
1499755860000,1499755919000,114.403,114.408,114.395,114.403,109180000,1
1499755920000,1499755979000,114.403,114.408,114.399,114.408,88920000,1
1499755980000,1499756039000,114.408,114.423,114.406,114.42,59100000,1
1499756040000,1499756099000,114.421,114.433,114.418,114.424,102200000,1
1499756100000,1499756159000,114.424,114.441,114.424,114.441,60880000,1
1499756160000,1499756219000,114.442,114.443,114.429,114.438,135060000,1
1499756220000,1499756279000,114.438,114.438,114.392,114.394,182990000,1
1499756280000,1499756339000,114.393,114.393,114.374,114.382,151130000,1
1499756340000,1499756399000,114.382,114.4,114.381,114.399,232070000,1
1499756400000,1499756459000,114.402,114.414,114.393,114.414,196090000,1
1499756460000,1499756519000,114.415,114.457,114.414,114.448,240130000,1
1499756520000,1499756579000,114.448,114.461,114.439,114.457,186830000,1
1499756580000,1499756639000,114.455,114.455,114.442,114.451,141940000,1
1499756640000,1499756699000,114.452,114.459,114.446,114.455,182250000,1
1499756700000,1499756759000,114.456,114.465,114.449,114.454,267780000,1
1499756760000,1499756819000,114.453,114.472,114.453,114.459,214460000,1
1499756820000,1499756879000,114.46,114.465,114.458,114.46,182700000,1
1499756880000,1499756939000,114.461,114.471,114.446,114.447,136470000,1
1499756940000,1499756999000,114.447,114.453,114.439,114.45,116580000,1
1499757000000,1499757059000,114.45,114.452,114.429,114.429,139820000,1
1499757060000,1499757119000,114.429,114.445,114.424,114.427,365640000,1
1499757120000,1499757179000,114.428,114.432,114.425,114.427,71120000,1
1499757180000,1499757239000,114.428,114.439,114.427,114.437,62230000,1
1499757240000,1499757299000,114.437,114.452,114.437,114.45,86110000,1
1499757300000,1499757359000,114.452,114.455,114.431,114.431,169460000,1
1499757360000,1499757419000,114.431,114.432,114.414,114.425,145680000,1
1499757420000,1499757479000,114.425,114.43,114.424,114.427,122120000,1
1499757480000,1499757539000,114.427,114.428,114.408,114.408,109850000,1
1499757540000,1499757599000,114.408,114.41,114.379,114.38,202710000,1
1499757600000,1499757659000,114.38,114.387,114.373,114.382,167890000,1
1499757660000,1499757719000,114.381,114.386,114.378,114.38,136890000,1
1499757720000,1499757779000,114.38,114.385,114.375,114.382,116390000,1
1499757780000,1499757839000,114.381,114.386,114.37,114.385,117520000,1
1499757840000,1499757899000,114.385,114.386,114.351,114.355,151690000,1
1499757900000,1499757959000,114.356,114.381,114.356,114.38,109170000,1
1499757960000,1499758019000,114.381,114.387,114.373,114.373,96800000,1
1499758020000,1499758079000,114.373,114.384,114.368,114.378,159190000,1
1499758080000,1499758139000,114.379,114.413,114.378,114.407,204050000,1
1499758140000,1499758199000,114.411,114.413,114.394,114.4,106390000,1
1499758200000,1499758259000,114.402,114.419,114.402,114.418,161820000,1
1499758260000,1499758319000,114.417,114.418,114.406,114.413,111900000,1
1499758320000,1499758379000,114.41,114.413,114.389,114.389,154120000,1
1499758380000,1499758439000,114.391,114.399,114.384,114.384,125720000,1
1499758440000,1499758499000,114.385,114.397,114.372,114.372,134400000,1
1499758500000,1499758559000,114.372,114.401,114.364,114.387,238120000,1
1499758560000,1499758619000,114.388,114.391,114.365,114.381,153990000,1
1499758620000,1499758679000,114.381,114.382,114.373,114.374,70790000,1
1499758680000,1499758739000,114.375,114.377,114.367,114.373,50730000,1
1499758740000,1499758799000,114.373,114.394,114.369,114.389,103010000,1
1499758800000,1499758859000,114.39,114.395,114.372,114.372,127900000,1
1499758860000,1499758919000,114.371,114.375,114.362,114.362,120720000,1
1499758920000,1499758979000,114.361,114.371,114.355,114.371,89330000,1
1499758980000,1499759039000,114.374,114.375,114.367,114.375,99620000,1
1499759040000,1499759099000,114.375,114.378,114.367,114.377,114870000,1
1499759100000,1499759159000,114.378,114.383,114.373,114.377,86920000,1
1499759160000,1499759219000,114.377,114.399,114.377,114.389,77480000,1
1499759220000,1499759279000,114.389,114.389,114.363,114.373,139330000,1
1499759280000,1499759339000,114.374,114.385,114.369,114.377,135060000,1
1499759340000,1499759399000,114.376,114.379,114.328,114.33,184950000,1
1499759400000,1499759459000,114.329,114.353,114.329,114.347,139450000,1
1499759460000,1499759519000,114.348,114.357,114.34,114.343,132280000,1
1499759520000,1499759579000,114.342,114.343,114.328,114.339,131120000,1
1499759580000,1499759639000,114.338,114.355,114.335,114.352,90460000,1
1499759640000,1499759699000,114.35,114.353,114.335,114.352,79070000,1
1499759700000,1499759759000,114.35,114.357,114.349,114.357,51370000,1
1499759760000,1499759819000,114.356,114.364,114.356,114.358,117650000,1
1499759820000,1499759879000,114.358,114.366,114.354,114.356,98850000,1
1499759880000,1499759939000,114.356,114.356,114.319,114.321,125080000,1
1499759940000,1499759999000,114.319,114.319,114.291,114.312,316630000,1
1499760000000,1499760059000,114.312,114.337,114.312,114.328,236910000,1
1499760060000,1499760119000,114.328,114.335,114.311,114.313,180620000,1
1499760120000,1499760179000,114.314,114.316,114.287,114.289,236990000,1
1499760180000,1499760239000,114.289,114.292,114.272,114.279,174540000,1
1499760240000,1499760299000,114.278,114.292,114.258,114.284,156660000,1
1499760300000,1499760359000,114.284,114.29,114.279,114.289,194230000,1
1499760360000,1499760419000,114.288,114.301,114.285,114.298,130300000,1
1499760420000,1499760479000,114.298,114.307,114.295,114.304,116490000,1
1499760480000,1499760539000,114.307,114.309,114.297,114.297,157310000,1
1499760540000,1499760599000,114.297,114.306,114.292,114.299,83680000,1
1499760600000,1499760659000,114.299,114.306,114.298,114.306,91840000,1
1499760660000,1499760719000,114.305,114.31,114.297,114.298,108400000,1
1499760720000,1499760779000,114.298,114.299,114.288,114.289,81130000,1
1499760780000,1499760839000,114.289,114.289,114.265,114.279,106270000,1
1499760840000,1499760899000,114.282,114.299,114.275,114.276,104100000,1
1499760900000,1499760959000,114.277,114.286,114.277,114.285,72110000,1
1499760960000,1499761019000,114.285,114.287,114.26,114.26,59920000,1
1499761020000,1499761079000,114.261,114.294,114.261,114.287,134680000,1
1499761080000,1499761139000,114.289,114.292,114.28,114.281,75120000,1
1499761140000,1499761199000,114.281,114.293,114.281,114.293,111470000,1
1499761200000,1499761259000,114.292,114.303,114.291,114.303,73320000,1
1499761260000,1499761319000,114.304,114.306,114.295,114.296,88820000,1
1499761320000,1499761379000,114.296,114.297,114.281,114.285,86550000,1
1499761380000,1499761439000,114.286,114.312,114.285,114.312,104650000,1
1499761440000,1499761499000,114.312,114.313,114.296,114.312,78550000,1
1499761500000,1499761559000,114.311,114.322,114.31,114.312,92220000,1
1499761560000,1499761619000,114.311,114.322,114.311,114.313,111470000,1
1499761620000,1499761679000,114.311,114.319,114.311,114.316,47240000,1
1499761680000,1499761739000,114.315,114.317,114.306,114.306,46160000,1
1499761740000,1499761799000,114.306,114.317,114.304,114.304,92720000,1
1499761800000,1499761859000,114.303,114.303,114.283,114.283,153810000,1
1499761860000,1499761919000,114.284,114.284,114.261,114.268,170430000,1
1499761920000,1499761979000,114.268,114.287,114.268,114.287,105430000,1
1499761980000,1499762039000,114.286,114.293,114.283,114.283,53770000,1
1499762040000,1499762099000,114.285,114.303,114.284,114.3,102450000,1
1499762100000,1499762159000,114.3,114.31,114.298,114.305,82700000,1
1499762160000,1499762219000,114.305,114.312,114.305,114.31,69000000,1
1499762220000,1499762279000,114.311,114.325,114.311,114.315,81340000,1
1499762280000,1499762339000,114.317,114.333,114.309,114.332,121390000,1
1499762340000,1499762399000,114.333,114.359,114.333,114.344,105130000,1
1499762400000,1499762459000,114.344,114.348,114.339,114.344,94530000,1
1499762460000,1499762519000,114.345,114.347,114.339,114.34,181120000,1
1499762520000,1499762579000,114.34,114.348,114.34,114.345,56920000,1
1499762580000,1499762639000,114.344,114.344,114.33,114.337,139970000,1
1499762640000,1499762699000,114.333,114.358,114.331,114.358,148060000,1
1499762700000,1499762759000,114.358,114.367,114.351,114.352,134160000,1
1499762760000,1499762819000,114.351,114.359,114.349,114.354,123350000,1
1499762820000,1499762879000,114.353,114.361,114.348,114.348,116370000,1
1499762880000,1499762939000,114.346,114.376,114.345,114.361,135480000,1
1499762940000,1499762999000,114.36,114.361,114.346,114.346,82370000,1
1499763000000,1499763059000,114.345,114.35,114.336,114.34,146990000,1
1499763060000,1499763119000,114.341,114.347,114.331,114.339,146550000,1
1499763120000,1499763179000,114.339,114.339,114.331,114.331,89250000,1
1499763180000,1499763239000,114.331,114.339,114.325,114.339,131260000,1
1499763240000,1499763299000,114.339,114.339,114.324,114.325,95290000,1
1499763300000,1499763359000,114.327,114.331,114.307,114.308,153630000,1
1499763360000,1499763419000,114.308,114.322,114.307,114.309,99450000,1
1499763420000,1499763479000,114.308,114.312,114.298,114.298,55260000,1
1499763480000,1499763539000,114.298,114.301,114.285,114.288,133030000,1
1499763540000,1499763599000,114.287,114.321,114.287,114.315,81340000,1
1499763600000,1499763659000,114.316,114.334,114.316,114.328,139230000,1
1499763660000,1499763719000,114.329,114.337,114.326,114.326,107310000,1
1499763720000,1499763779000,114.326,114.333,114.32,114.332,107380000,1
1499763780000,1499763839000,114.333,114.334,114.326,114.327,120130000,1
1499763840000,1499763899000,114.328,114.333,114.324,114.326,89960000,1
1499763900000,1499763959000,114.325,114.332,114.319,114.33,74940000,1
1499763960000,1499764019000,114.328,114.329,114.305,114.305,121340000,1
1499764020000,1499764079000,114.306,114.326,114.305,114.325,116990000,1
1499764080000,1499764139000,114.326,114.332,114.324,114.332,84810000,1
1499764140000,1499764199000,114.331,114.344,114.325,114.331,270430000,1
1499764200000,1499764259000,114.333,114.341,114.333,114.339,124840000,1
1499764260000,1499764319000,114.339,114.353,114.338,114.344,175650000,1
1499764320000,1499764379000,114.345,114.346,114.325,114.325,97260000,1
1499764380000,1499764439000,114.326,114.334,114.326,114.33,82730000,1
1499764440000,1499764499000,114.33,114.334,114.319,114.329,51010000,1
1499764500000,1499764559000,114.329,114.333,114.324,114.326,68270000,1
1499764560000,1499764619000,114.329,114.339,114.324,114.33,68970000,1
1499764620000,1499764679000,114.331,114.35,114.325,114.344,200700000,1
1499764680000,1499764739000,114.346,114.36,114.344,114.353,165550000,1
1499764740000,1499764799000,114.351,114.365,114.348,114.352,93610000,1
1499764800000,1499764859000,114.351,114.363,114.35,114.357,71110000,1
1499764860000,1499764919000,114.357,114.358,114.35,114.35,31000000,1
1499764920000,1499764979000,114.351,114.351,114.334,114.334,49070000,1
1499764980000,1499765039000,114.336,114.339,114.331,114.338,60440000,1
1499765040000,1499765099000,114.338,114.338,114.325,114.332,86180000,1
1499765100000,1499765159000,114.332,114.332,114.325,114.326,96640000,1
1499765160000,1499765219000,114.327,114.338,114.325,114.333,74400000,1
1499765220000,1499765279000,114.333,114.337,114.33,114.33,61770000,1
1499765280000,1499765339000,114.331,114.332,114.322,114.327,77210000,1
1499765340000,1499765399000,114.327,114.329,114.326,114.327,45490000,1
1499765400000,1499765459000,114.327,114.332,114.319,114.319,67130000,1
1499765460000,1499765519000,114.323,114.333,114.323,114.333,71130000,1
1499765520000,1499765579000,114.332,114.339,114.331,114.332,107610000,1
1499765580000,1499765639000,114.332,114.333,114.317,114.319,90980000,1
1499765640000,1499765699000,114.316,114.316,114.3,114.302,58670000,1
1499765700000,1499765759000,114.302,114.318,114.302,114.318,91320000,1
1499765760000,1499765819000,114.318,114.334,114.318,114.334,155100000,1
1499765820000,1499765879000,114.333,114.34,114.325,114.325,99060000,1
1499765880000,1499765939000,114.327,114.327,114.306,114.314,94880000,1
1499765940000,1499765999000,114.313,114.318,114.308,114.31,124330000,1
1499766000000,1499766059000,114.31,114.313,114.305,114.312,124630000,1
1499766060000,1499766119000,114.312,114.32,114.311,114.311,72910000,1
1499766120000,1499766179000,114.311,114.311,114.305,114.307,97980000,1
1499766180000,1499766239000,114.308,114.313,114.307,114.312,34790000,1
1499766240000,1499766299000,114.311,114.311,114.272,114.279,115620000,1
1499766300000,1499766359000,114.278,114.288,114.268,114.287,103680000,1
1499766360000,1499766419000,114.29,114.303,114.29,114.299,164970000,1
1499766420000,1499766479000,114.298,114.304,114.294,114.3,78160000,1
1499766480000,1499766539000,114.302,114.315,114.301,114.314,85200000,1
1499766540000,1499766599000,114.314,114.314,114.307,114.312,62750000,1
1499766600000,1499766659000,114.313,114.321,114.312,114.32,61910000,1
1499766660000,1499766719000,114.32,114.328,114.319,114.323,129580000,1
1499766720000,1499766779000,114.325,114.332,114.323,114.326,112390000,1
1499766780000,1499766839000,114.326,114.333,114.322,114.333,61260000,1
1499766840000,1499766899000,114.332,114.334,114.326,114.33,44290000,1
1499766900000,1499766959000,114.33,114.338,114.32,114.338,62890000,1
1499766960000,1499767019000,114.336,114.339,114.332,114.337,80060000,1
1499767020000,1499767079000,114.337,114.338,114.333,114.337,54400000,1
1499767080000,1499767139000,114.338,114.338,114.328,114.334,57280000,1
1499767140000,1499767199000,114.337,114.337,114.319,114.319,50520000,1
1499767200000,1499767259000,114.322,114.333,114.319,114.328,52700000,1
1499767260000,1499767319000,114.328,114.328,114.321,114.321,62400000,1
1499767320000,1499767379000,114.321,114.333,114.32,114.333,37240000,1
1499767380000,1499767439000,114.334,114.334,114.32,114.323,330650000,1
1499767440000,1499767499000,114.324,114.328,114.314,114.324,73020000,1
1499767500000,1499767559000,114.323,114.325,114.32,114.32,53000000,1
1499767560000,1499767619000,114.32,114.323,114.306,114.321,74930000,1
1499767620000,1499767679000,114.32,114.333,114.319,114.326,96420000,1
1499767680000,1499767739000,114.327,114.329,114.323,114.323,29630000,1
1499767740000,1499767799000,114.323,114.325,114.318,114.324,46760000,1
1499767800000,1499767859000,114.325,114.325,114.318,114.318,53000000,1
1499767860000,1499767919000,114.319,114.32,114.318,114.318,14860000,1
1499767920000,1499767979000,114.318,114.328,114.315,114.315,51040000,1
1499767980000,1499768039000,114.313,114.332,114.313,114.326,72650000,1
1499768040000,1499768099000,114.325,114.327,114.323,114.325,21860000,1
1499768100000,1499768159000,114.325,114.331,114.325,114.326,51580000,1
1499768160000,1499768219000,114.326,114.33,114.326,114.327,20490000,1
1499768220000,1499768279000,114.33,114.346,114.327,114.343,71940000,1
1499768280000,1499768339000,114.344,114.346,114.336,114.346,64440000,1
1499768340000,1499768399000,114.349,114.35,114.343,114.35,65300000,1
1499768400000,1499768459000,114.35,114.356,114.346,114.352,79850000,1
1499768460000,1499768519000,114.352,114.353,114.345,114.348,68260000,1
1499768520000,1499768579000,114.35,114.355,114.345,114.347,85500000,1
1499768580000,1499768639000,114.344,114.346,114.336,114.345,189160000,1
1499768640000,1499768699000,114.345,114.352,114.344,114.352,77770000,1
1499768700000,1499768759000,114.355,114.357,114.35,114.35,78250000,1
1499768760000,1499768819000,114.351,114.355,114.349,114.349,65690000,1
1499768820000,1499768879000,114.349,114.35,114.348,114.349,85590000,1
1499768880000,1499768939000,114.349,114.353,114.343,114.345,61820000,1
1499768940000,1499768999000,114.344,114.348,114.343,114.345,106400000,1
1499769000000,1499769059000,114.345,114.348,114.342,114.342,88220000,1
1499769060000,1499769119000,114.343,114.346,114.342,114.344,605570000,1
1499769120000,1499769179000,114.343,114.349,114.343,114.344,91720000,1
1499769180000,1499769239000,114.344,114.348,114.335,114.336,97830000,1
1499769240000,1499769299000,114.336,114.343,114.336,114.338,96320000,1
1499769300000,1499769359000,114.337,114.349,114.337,114.343,42110000,1
1499769360000,1499769419000,114.343,114.346,114.336,114.344,95820000,1
1499769420000,1499769479000,114.343,114.345,114.34,114.342,47100000,1
1499769480000,1499769539000,114.341,114.349,114.341,114.346,107950000,1
1499769540000,1499769599000,114.347,114.347,114.345,114.347,109710000,1
1499769600000,1499769659000,114.346,114.346,114.336,114.336,161180000,1
1499769660000,1499769719000,114.336,114.345,114.336,114.336,99930000,1
1499769720000,1499769779000,114.336,114.343,114.336,114.338,95510000,1
1499769780000,1499769839000,114.338,114.339,114.324,114.334,97200000,1
1499769840000,1499769899000,114.334,114.336,114.32,114.327,111120000,1
1499769900000,1499769959000,114.325,114.33,114.312,114.312,155250000,1
1499769960000,1499770019000,114.312,114.314,114.308,114.313,24980000,1
1499770020000,1499770079000,114.313,114.332,114.313,114.326,47590000,1
1499770080000,1499770139000,114.326,114.331,114.318,114.318,480210000,1
1499770140000,1499770199000,114.318,114.322,114.313,114.318,103240000,1
1499770200000,1499770259000,114.318,114.324,114.305,114.318,119730000,1
1499770260000,1499770319000,114.317,114.318,114.303,114.304,47840000,1
1499770320000,1499770379000,114.304,114.305,114.289,114.294,72910000,1
1499770380000,1499770439000,114.297,114.307,114.297,114.305,84910000,1
1499770440000,1499770499000,114.304,114.322,114.304,114.319,83040000,1
1499770500000,1499770559000,114.319,114.324,114.317,114.324,58320000,1
1499770560000,1499770619000,114.324,114.324,114.318,114.318,47710000,1
1499770620000,1499770679000,114.318,114.319,114.31,114.317,56690000,1
1499770680000,1499770739000,114.317,114.325,114.316,114.325,32390000,1
1499770740000,1499770799000,114.323,114.324,114.318,114.324,53800000,1
1499770800000,1499770859000,114.323,114.324,114.323,114.324,4370000,1
1499770860000,1499770919000,114.324,114.325,114.317,114.324,316420000,1
1499770920000,1499770979000,114.324,114.327,114.317,114.317,105990000,1
1499770980000,1499771039000,114.316,114.32,114.31,114.313,68610000,1
1499771040000,1499771099000,114.311,114.311,114.288,114.299,134250000,1
1499771100000,1499771159000,114.299,114.316,114.299,114.316,125230000,1
1499771160000,1499771219000,114.314,114.314,114.304,114.304,44740000,1
1499771220000,1499771279000,114.304,114.307,114.294,114.307,85030000,1
1499771280000,1499771339000,114.306,114.308,114.304,114.308,44740000,1
1499771340000,1499771399000,114.31,114.311,114.301,114.306,42730000,1
1499771400000,1499771459000,114.305,114.312,114.298,114.298,99440000,1
1499771460000,1499771519000,114.298,114.31,114.292,114.31,60680000,1
1499771520000,1499771579000,114.311,114.319,114.31,114.312,114140000,1
1499771580000,1499771639000,114.312,114.318,114.311,114.313,26210000,1
1499771640000,1499771699000,114.314,114.323,114.314,114.318,73030000,1
1499771700000,1499771759000,114.318,114.32,114.31,114.316,45720000,1
1499771760000,1499771819000,114.316,114.327,114.314,114.325,115380000,1
1499771820000,1499771879000,114.324,114.341,114.324,114.34,86310000,1
1499771880000,1499771939000,114.339,114.344,114.333,114.338,99660000,1
1499771940000,1499771999000,114.339,114.343,114.338,114.338,47880000,1
1499772000000,1499772059000,114.338,114.338,114.329,114.331,82980000,1
1499772060000,1499772119000,114.33,114.347,114.326,114.346,77050000,1
1499772120000,1499772179000,114.346,114.349,114.34,114.343,48570000,1
1499772180000,1499772239000,114.343,114.344,114.33,114.337,81090000,1
1499772240000,1499772299000,114.337,114.337,114.324,114.327,86860000,1
1499772300000,1499772359000,114.328,114.331,114.326,114.331,76860000,1
1499772360000,1499772419000,114.332,114.336,114.327,114.327,22250000,1
1499772420000,1499772479000,114.327,114.328,114.318,114.321,61570000,1
1499772480000,1499772539000,114.323,114.327,114.323,114.327,6000000,1
1499772540000,1499772599000,114.325,114.331,114.32,114.32,46180000,1
1499772600000,1499772659000,114.321,114.323,114.32,114.322,30520000,1
1499772660000,1499772719000,114.323,114.33,114.323,114.326,20800000,1
1499772720000,1499772779000,114.326,114.326,114.307,114.309,54580000,1
1499772780000,1499772839000,114.309,114.31,114.296,114.297,185360000,1
1499772840000,1499772899000,114.298,114.323,114.298,114.321,77120000,1
1499772900000,1499772959000,114.322,114.33,114.322,114.33,58000000,1
1499772960000,1499773019000,114.331,114.343,114.326,114.332,139400000,1
1499773020000,1499773079000,114.332,114.335,114.321,114.324,49410000,1
1499773080000,1499773139000,114.325,114.331,114.323,114.328,30370000,1
1499773140000,1499773199000,114.327,114.332,114.323,114.323,83090000,1
1499773200000,1499773259000,114.323,114.333,114.323,114.326,64930000,1
1499773260000,1499773319000,114.324,114.327,114.319,114.327,33800000,1
1499773320000,1499773379000,114.327,114.327,114.306,114.306,48780000,1
1499773380000,1499773439000,114.308,114.321,114.305,114.312,98630000,1
1499773440000,1499773499000,114.312,114.316,114.307,114.309,63090000,1
1499773500000,1499773559000,114.309,114.319,114.302,114.312,71670000,1
1499773560000,1499773619000,114.312,114.319,114.308,114.317,156840000,1
1499773620000,1499773679000,114.318,114.319,114.315,114.319,93030000,1
1499773680000,1499773739000,114.32,114.323,114.31,114.31,104520000,1
1499773740000,1499773799000,114.31,114.316,114.31,114.311,91330000,1
1499773800000,1499773859000,114.311,114.323,114.31,114.321,94110000,1
1499773860000,1499773919000,114.322,114.332,114.322,114.328,60490000,1
1499773920000,1499773979000,114.33,114.33,114.316,114.317,69670000,1
1499773980000,1499774039000,114.316,114.316,114.309,114.316,60770000,1
1499774040000,1499774099000,114.314,114.317,114.312,114.312,143580000,1
1499774100000,1499774159000,114.312,114.316,114.302,114.316,124960000,1
1499774160000,1499774219000,114.315,114.32,114.312,114.318,70540000,1
1499774220000,1499774279000,114.317,114.318,114.297,114.297,77400000,1
1499774280000,1499774339000,114.298,114.303,114.293,114.293,88030000,1
1499774340000,1499774399000,114.293,114.294,114.284,114.285,46790000,1
1499774400000,1499774459000,114.286,114.286,114.276,114.278,108650000,1
1499774460000,1499774519000,114.278,114.279,114.264,114.265,130780000,1
1499774520000,1499774579000,114.263,114.273,114.252,114.273,197120000,1
1499774580000,1499774639000,114.273,114.286,114.272,114.286,90040000,1
1499774640000,1499774699000,114.287,114.302,114.282,114.296,106500000,1
1499774700000,1499774759000,114.298,114.309,114.296,114.304,100430000,1
1499774760000,1499774819000,114.305,114.31,114.3,114.305,108650000,1
1499774820000,1499774879000,114.305,114.317,114.305,114.307,157810000,1
1499774880000,1499774939000,114.307,114.325,114.304,114.315,164700000,1
1499774940000,1499774999000,114.316,114.326,114.315,114.326,85940000,1
1499775000000,1499775059000,114.324,114.324,114.309,114.317,455040000,1
1499775060000,1499775119000,114.316,114.326,114.316,114.317,44010000,1
1499775120000,1499775179000,114.317,114.318,114.31,114.318,143540000,1
1499775180000,1499775239000,114.318,114.32,114.309,114.309,83670000,1
1499775240000,1499775299000,114.309,114.312,114.305,114.305,72240000,1
1499775300000,1499775359000,114.303,114.312,114.303,114.304,54410000,1
1499775360000,1499775419000,114.304,114.305,114.288,114.297,100050000,1
1499775420000,1499775479000,114.296,114.307,114.295,114.305,76810000,1
1499775480000,1499775539000,114.306,114.316,114.306,114.314,119590000,1
1499775540000,1499775599000,114.313,114.327,114.299,114.304,135720000,1
1499775600000,1499775659000,114.303,114.332,114.302,114.326,165710000,1
1499775660000,1499775719000,114.325,114.34,114.321,114.324,171720000,1
1499775720000,1499775779000,114.324,114.328,114.291,114.307,196910000,1
1499775780000,1499775839000,114.306,114.318,114.303,114.317,155900000,1
1499775840000,1499775899000,114.317,114.321,114.304,114.317,114390000,1
1499775900000,1499775959000,114.317,114.328,114.306,114.325,155520000,1
1499775960000,1499776019000,114.325,114.331,114.318,114.323,85760000,1
1499776020000,1499776079000,114.32,114.328,114.318,114.324,75530000,1
1499776080000,1499776139000,114.324,114.331,114.318,114.323,70730000,1
1499776140000,1499776199000,114.323,114.349,114.323,114.343,160330000,1
1499776200000,1499776259000,114.343,114.357,114.339,114.356,151250000,1
1499776260000,1499776319000,114.356,114.357,114.342,114.342,117710000,1
1499776320000,1499776379000,114.342,114.357,114.336,114.35,139770000,1
1499776380000,1499776439000,114.348,114.359,114.344,114.35,147790000,1
1499776440000,1499776499000,114.351,114.358,114.349,114.355,153670000,1
1499776500000,1499776559000,114.354,114.391,114.344,114.386,163920000,1
1499776560000,1499776619000,114.387,114.396,114.379,114.384,194740000,1
1499776620000,1499776679000,114.383,114.389,114.378,114.385,116790000,1
1499776680000,1499776739000,114.384,114.392,114.384,114.391,111430000,1
1499776740000,1499776799000,114.391,114.393,114.39,114.39,72330000,1
1499776800000,1499776859000,114.39,114.39,114.385,114.386,204490000,1
1499776860000,1499776919000,114.386,114.386,114.364,114.364,87920000,1
1499776920000,1499776979000,114.367,114.372,114.366,114.368,72630000,1
1499776980000,1499777039000,114.368,114.368,114.361,114.362,107740000,1
1499777040000,1499777099000,114.363,114.365,114.362,114.365,45020000,1
1499777100000,1499777159000,114.364,114.364,114.357,114.362,75400000,1
1499777160000,1499777219000,114.363,114.369,114.356,114.357,94730000,1
1499777220000,1499777279000,114.357,114.36,114.349,114.349,70100000,1
1499777280000,1499777339000,114.35,114.363,114.349,114.357,84850000,1
1499777340000,1499777399000,114.356,114.361,114.354,114.355,62140000,1
1499777400000,1499777459000,114.356,114.356,114.341,114.345,77000000,1
1499777460000,1499777519000,114.344,114.346,114.319,114.322,108270000,1
1499777520000,1499777579000,114.321,114.324,114.319,114.323,64560000,1
1499777580000,1499777639000,114.322,114.322,114.282,114.283,144840000,1
1499777640000,1499777699000,114.284,114.292,114.259,114.278,144870000,1
1499777700000,1499777759000,114.279,114.295,114.278,114.292,122740000,1
1499777760000,1499777819000,114.29,114.307,114.28,114.306,99650000,1
1499777820000,1499777879000,114.307,114.314,114.301,114.308,97100000,1
1499777880000,1499777939000,114.309,114.328,114.308,114.324,101920000,1
1499777940000,1499777999000,114.324,114.324,114.294,114.297,140050000,1
1499778000000,1499778059000,114.297,114.315,114.297,114.305,101960000,1
1499778060000,1499778119000,114.307,114.319,114.303,114.311,100070000,1
1499778120000,1499778179000,114.313,114.318,114.308,114.314,89500000,1
1499778180000,1499778239000,114.313,114.313,114.296,114.301,93160000,1
1499778240000,1499778299000,114.303,114.314,114.301,114.312,80280000,1
1499778300000,1499778359000,114.312,114.313,114.305,114.31,89370000,1
1499778360000,1499778419000,114.31,114.317,114.305,114.317,80470000,1
1499778420000,1499778479000,114.318,114.327,114.31,114.321,161040000,1
1499778480000,1499778539000,114.322,114.328,114.305,114.321,168220000,1
1499778540000,1499778599000,114.32,114.335,114.32,114.325,118050000,1
1499778600000,1499778659000,114.325,114.332,114.313,114.315,157540000,1
1499778660000,1499778719000,114.315,114.315,114.303,114.305,72290000,1
1499778720000,1499778779000,114.306,114.327,114.303,114.325,96850000,1
1499778780000,1499778839000,114.324,114.325,114.298,114.305,130860000,1
1499778840000,1499778899000,114.304,114.306,114.294,114.3,79700000,1
1499778900000,1499778959000,114.3,114.306,114.293,114.306,52640000,1
1499778960000,1499779019000,114.306,114.31,114.297,114.297,84930000,1
1499779020000,1499779079000,114.298,114.311,114.292,114.301,112210000,1
1499779080000,1499779139000,114.301,114.32,114.279,114.286,144640000,1
1499779140000,1499779199000,114.287,114.325,114.287,114.306,143920000,1
1499779200000,1499779259000,114.305,114.31,114.298,114.308,122340000,1
1499779260000,1499779319000,114.308,114.32,114.307,114.314,100170000,1
1499779320000,1499779379000,114.315,114.315,114.297,114.297,113940000,1
1499779380000,1499779439000,114.298,114.308,114.293,114.297,106320000,1
1499779440000,1499779499000,114.297,114.306,114.294,114.306,108630000,1
1499779500000,1499779559000,114.306,114.307,114.29,114.306,93640000,1
1499779560000,1499779619000,114.306,114.307,114.305,114.305,57380000,1
1499779620000,1499779679000,114.304,114.313,114.302,114.313,145340000,1
1499779680000,1499779739000,114.313,114.313,114.302,114.304,125920000,1
1499779740000,1499779799000,114.303,114.314,114.298,114.313,105380000,1
1499779800000,1499779859000,114.311,114.323,114.3,114.303,186660000,1
1499779860000,1499779919000,114.308,114.317,114.293,114.3,138770000,1
1499779920000,1499779979000,114.3,114.307,114.294,114.305,129970000,1
1499779980000,1499780039000,114.304,114.304,114.28,114.294,155520000,1
1499780040000,1499780099000,114.293,114.293,114.273,114.276,187380000,1
1499780100000,1499780159000,114.276,114.284,114.265,114.272,215680000,1
1499780160000,1499780219000,114.272,114.277,114.262,114.276,134280000,1
1499780220000,1499780279000,114.275,114.288,114.271,114.271,150080000,1
1499780280000,1499780339000,114.271,114.281,114.261,114.261,116820000,1
1499780340000,1499780399000,114.262,114.281,114.255,114.281,128070000,1
1499780400000,1499780459000,114.279,114.279,114.26,114.266,163120000,1
1499780460000,1499780519000,114.265,114.275,114.26,114.275,87330000,1
1499780520000,1499780579000,114.277,114.281,114.259,114.262,122540000,1
1499780580000,1499780639000,114.263,114.264,114.246,114.255,159710000,1
1499780640000,1499780699000,114.257,114.28,114.257,114.271,204960000,1
1499780700000,1499780759000,114.272,114.285,114.27,114.275,156390000,1
1499780760000,1499780819000,114.276,114.29,114.274,114.289,93340000,1
1499780820000,1499780879000,114.29,114.291,114.274,114.281,90500000,1
1499780880000,1499780939000,114.281,114.282,114.273,114.279,67160000,1
1499780940000,1499780999000,114.277,114.277,114.266,114.275,92190000,1
1499781000000,1499781059000,114.275,114.293,114.275,114.286,108080000,1
1499781060000,1499781119000,114.287,114.305,114.283,114.293,145880000,1
1499781120000,1499781179000,114.295,114.308,114.293,114.3,172680000,1
1499781180000,1499781239000,114.3,114.312,114.293,114.31,194580000,1
1499781240000,1499781299000,114.311,114.311,114.298,114.301,144250000,1
1499781300000,1499781359000,114.302,114.318,114.301,114.316,203960000,1
1499781360000,1499781419000,114.317,114.317,114.298,114.31,109940000,1
1499781420000,1499781479000,114.31,114.312,114.305,114.307,83940000,1
1499781480000,1499781539000,114.307,114.312,114.298,114.302,129500000,1
1499781540000,1499781599000,114.302,114.321,114.302,114.311,167520000,1
1499781600000,1499781659000,114.311,114.321,114.299,114.319,204910000,1
1499781660000,1499781719000,114.32,114.323,114.306,114.307,179600000,1
1499781720000,1499781779000,114.307,114.313,114.305,114.307,103010000,1
1499781780000,1499781839000,114.308,114.316,114.303,114.311,147040000,1
1499781840000,1499781899000,114.311,114.323,114.307,114.322,252240000,1
1499781900000,1499781959000,114.323,114.353,114.31,114.344,214830000,1
1499781960000,1499782019000,114.342,114.363,114.34,114.363,163210000,1
1499782020000,1499782079000,114.362,114.387,114.351,114.378,155110000,1
1499782080000,1499782139000,114.378,114.378,114.365,114.365,150410000,1
1499782140000,1499782199000,114.366,114.366,114.332,114.341,281390000,1
1499782200000,1499782259000,114.34,114.342,114.326,114.329,202900000,1
1499782260000,1499782319000,114.33,114.359,114.325,114.358,143410000,1
1499782320000,1499782379000,114.357,114.371,114.357,114.366,154500000,1
1499782380000,1499782439000,114.366,114.367,114.352,114.352,132230000,1
1499782440000,1499782499000,114.352,114.364,114.35,114.35,118440000,1
1499782500000,1499782559000,114.352,114.373,114.352,114.365,218310000,1
1499782560000,1499782619000,114.361,114.381,114.351,114.357,215760000,1
1499782620000,1499782679000,114.359,114.368,114.349,114.366,77600000,1
1499782680000,1499782739000,114.367,114.367,114.351,114.364,126290000,1
1499782740000,1499782799000,114.364,114.369,114.346,114.36,128580000,1
1499782800000,1499782859000,114.36,114.37,114.359,114.36,128320000,1
1499782860000,1499782919000,114.363,114.367,114.358,114.366,105220000,1
1499782920000,1499782979000,114.364,114.371,114.36,114.363,106490000,1
1499782980000,1499783039000,114.363,114.363,114.342,114.351,178450000,1
1499783040000,1499783099000,114.351,114.36,114.349,114.356,105330000,1
1499783100000,1499783159000,114.355,114.417,114.355,114.41,309160000,1
1499783160000,1499783219000,114.409,114.423,114.4,114.415,209920000,1
1499783220000,1499783279000,114.415,114.43,114.415,114.423,191200000,1
1499783280000,1499783339000,114.422,114.444,114.419,114.437,175640000,1
1499783340000,1499783399000,114.434,114.436,114.422,114.423,161700000,1
1499783400000,1499783459000,114.422,114.436,114.421,114.426,206280000,1
1499783460000,1499783519000,114.426,114.452,114.422,114.435,162400000,1
1499783520000,1499783579000,114.435,114.442,114.423,114.43,136480000,1
1499783580000,1499783639000,114.43,114.434,114.423,114.427,131000000,1
1499783640000,1499783699000,114.428,114.435,114.422,114.425,129810000,1
1499783700000,1499783759000,114.426,114.44,114.426,114.432,151050000,1
1499783760000,1499783819000,114.433,114.446,114.432,114.441,130860000,1
1499783820000,1499783879000,114.44,114.442,114.427,114.43,128060000,1
1499783880000,1499783939000,114.432,114.441,114.43,114.433,117310000,1
1499783940000,1499783999000,114.433,114.452,114.431,114.448,97060000,1
1499784000000,1499784059000,114.448,114.448,114.427,114.435,161650000,1
1499784060000,1499784119000,114.435,114.438,114.429,114.435,162140000,1
1499784120000,1499784179000,114.435,114.435,114.406,114.408,189330000,1
1499784180000,1499784239000,114.409,114.411,114.402,114.402,97440000,1
1499784240000,1499784299000,114.402,114.42,114.402,114.417,86870000,1
1499784300000,1499784359000,114.416,114.423,114.415,114.419,121370000,1
1499784360000,1499784419000,114.42,114.433,114.41,114.411,130600000,1
1499784420000,1499784479000,114.413,114.422,114.406,114.408,144810000,1
1499784480000,1499784539000,114.408,114.415,114.401,114.413,123430000,1
1499784540000,1499784599000,114.415,114.434,114.387,114.43,256920000,1
1499784600000,1499784659000,114.433,114.437,114.414,114.416,182400000,1
1499784660000,1499784719000,114.417,114.435,114.417,114.429,194240000,1
1499784720000,1499784779000,114.429,114.431,114.423,114.428,150690000,1
1499784780000,1499784839000,114.428,114.437,114.423,114.435,172820000,1
1499784840000,1499784899000,114.435,114.456,114.435,114.454,137380000,1
1499784900000,1499784959000,114.455,114.457,114.441,114.446,100860000,1
1499784960000,1499785019000,114.446,114.462,114.445,114.457,134030000,1
1499785020000,1499785079000,114.454,114.49,114.448,114.486,263510000,1
1499785080000,1499785139000,114.485,114.485,114.465,114.482,230600000,1
1499785140000,1499785199000,114.482,114.494,114.47,114.473,153180000,1
1499785200000,1499785259000,114.472,114.494,114.472,114.486,163610000,1
1499785260000,1499785319000,114.486,114.488,114.464,114.47,232480000,1
1499785320000,1499785379000,114.471,114.476,114.464,114.465,156370000,1
1499785380000,1499785439000,114.466,114.47,114.462,114.462,74240000,1
1499785440000,1499785499000,114.462,114.462,114.441,114.453,138980000,1
1499785500000,1499785559000,114.453,114.453,114.446,114.449,134800000,1
1499785560000,1499785619000,114.448,114.459,114.447,114.457,141580000,1
1499785620000,1499785679000,114.456,114.462,114.45,114.451,102540000,1
1499785680000,1499785739000,114.452,114.468,114.451,114.462,133450000,1
1499785740000,1499785799000,114.462,114.462,114.444,114.447,131320000,1
1499785800000,1499785859000,114.447,114.455,114.444,114.446,140590000,1
1499785860000,1499785919000,114.448,114.449,114.419,114.422,187640000,1
1499785920000,1499785979000,114.421,114.421,114.371,114.382,215700000,1
1499785980000,1499786039000,114.381,114.414,114.381,114.402,197720000,1
1499786040000,1499786099000,114.402,114.406,114.381,114.384,188890000,1
1499786100000,1499786159000,114.383,114.383,114.357,114.365,263470000,1
1499786160000,1499786219000,114.368,114.369,114.338,114.349,154460000,1
1499786220000,1499786279000,114.348,114.362,114.344,114.345,155950000,1
1499786280000,1499786339000,114.347,114.349,114.341,114.348,157440000,1
1499786340000,1499786399000,114.346,114.349,114.338,114.348,131710000,1
1499786400000,1499786459000,114.348,114.348,114.273,114.287,396030000,1
1499786460000,1499786519000,114.289,114.291,114.248,114.269,227500000,1
1499786520000,1499786579000,114.268,114.282,114.232,114.236,222380000,1
1499786580000,1499786639000,114.24,114.24,114.129,114.149,367410000,1
1499786640000,1499786699000,114.15,114.16,114.081,114.123,383620000,1
1499786700000,1499786759000,114.118,114.124,114.079,114.079,348700000,1
1499786760000,1499786819000,114.078,114.096,114.014,114.064,473160000,1
1499786820000,1499786879000,114.064,114.119,114.057,114.112,365240000,1
1499786880000,1499786939000,114.111,114.118,114.092,114.102,253370000,1
1499786940000,1499786999000,114.102,114.115,114.088,114.105,215080000,1
1499787000000,1499787059000,114.103,114.106,114.063,114.104,216950000,1
1499787060000,1499787119000,114.106,114.146,114.106,114.123,285990000,1
1499787120000,1499787179000,114.127,114.146,114.118,114.128,241130000,1
1499787180000,1499787239000,114.127,114.141,114.119,114.124,198710000,1
1499787240000,1499787299000,114.125,114.174,114.124,114.156,227410000,1
1499787300000,1499787359000,114.159,114.159,114.131,114.151,198610000,1
1499787360000,1499787419000,114.151,114.197,114.143,114.179,265770000,1
1499787420000,1499787479000,114.177,114.197,114.169,114.171,204640000,1
1499787480000,1499787539000,114.172,114.181,114.161,114.168,183150000,1
1499787540000,1499787599000,114.17,114.181,114.165,114.166,156390000,1
1499787600000,1499787659000,114.165,114.174,114.151,114.154,128410000,1
1499787660000,1499787719000,114.155,114.158,114.14,114.148,152420000,1
1499787720000,1499787779000,114.148,114.186,114.144,114.183,228180000,1
1499787780000,1499787839000,114.182,114.244,114.179,114.23,286630000,1
1499787840000,1499787899000,114.229,114.243,114.222,114.234,185720000,1
1499787900000,1499787959000,114.231,114.238,114.218,114.222,157580000,1
1499787960000,1499788019000,114.222,114.228,114.191,114.202,267850000,1
1499788020000,1499788079000,114.203,114.209,114.195,114.199,131340000,1
1499788080000,1499788139000,114.197,114.211,114.189,114.202,165130000,1
1499788140000,1499788199000,114.201,114.208,114.192,114.2,176230000,1
1499788200000,1499788259000,114.198,114.239,114.198,114.224,166130000,1
1499788260000,1499788319000,114.226,114.248,114.215,114.239,221320000,1
1499788320000,1499788379000,114.238,114.246,114.233,114.237,174690000,1
1499788380000,1499788439000,114.236,114.241,114.22,114.233,197590000,1
1499788440000,1499788499000,114.233,114.252,114.228,114.228,195400000,1
1499788500000,1499788559000,114.228,114.235,114.223,114.228,118010000,1
1499788560000,1499788619000,114.224,114.234,114.222,114.225,97780000,1
1499788620000,1499788679000,114.225,114.229,114.202,114.214,81870000,1
1499788680000,1499788739000,114.213,114.221,114.203,114.208,101700000,1
1499788740000,1499788799000,114.206,114.212,114.193,114.195,181150000,1
1499788800000,1499788859000,114.194,114.205,114.187,114.203,170190000,1
1499788860000,1499788919000,114.201,114.239,114.201,114.239,115970000,1
1499788920000,1499788979000,114.239,114.249,114.224,114.228,188180000,1
1499788980000,1499789039000,114.229,114.233,114.214,114.221,114380000,1
1499789040000,1499789099000,114.221,114.23,114.217,114.222,113450000,1
1499789100000,1499789159000,114.223,114.228,114.216,114.216,77140000,1
1499789160000,1499789219000,114.215,114.229,114.21,114.21,87240000,1
1499789220000,1499789279000,114.211,114.217,114.196,114.198,104100000,1
1499789280000,1499789339000,114.198,114.218,114.194,114.194,108360000,1
1499789340000,1499789399000,114.195,114.208,114.195,114.203,85660000,1
1499789400000,1499789459000,114.203,114.203,114.189,114.191,88120000,1
1499789460000,1499789519000,114.191,114.194,114.168,114.169,110220000,1
1499789520000,1499789579000,114.169,114.175,114.157,114.162,86270000,1
1499789580000,1499789639000,114.166,114.171,114.142,114.148,137400000,1
1499789640000,1499789699000,114.149,114.154,114.143,114.143,81040000,1
1499789700000,1499789759000,114.143,114.144,114.113,114.113,89090000,1
1499789760000,1499789819000,114.113,114.113,114.048,114.06,261520000,1
1499789820000,1499789879000,114.062,114.064,114.047,114.053,162960000,1
1499789880000,1499789939000,114.053,114.078,114.048,114.07,162140000,1
1499789940000,1499789999000,114.071,114.071,114.036,114.044,151090000,1
1499790000000,1499790059000,114.045,114.088,114.045,114.083,108090000,1
1499790060000,1499790119000,114.083,114.095,114.077,114.088,128020000,1
1499790120000,1499790179000,114.088,114.116,114.088,114.116,187420000,1
1499790180000,1499790239000,114.115,114.117,114.104,114.116,109790000,1
1499790240000,1499790299000,114.114,114.114,114.06,114.069,190070000,1
1499790300000,1499790359000,114.07,114.077,114.04,114.057,216240000,1
1499790360000,1499790419000,114.056,114.085,114.055,114.067,152280000,1
1499790420000,1499790479000,114.066,114.077,114.039,114.061,173570000,1
1499790480000,1499790539000,114.062,114.069,114.056,114.066,117010000,1
1499790540000,1499790599000,114.065,114.07,114.054,114.066,113770000,1
1499790600000,1499790659000,114.067,114.07,113.895,113.99,449490000,1
1499790660000,1499790719000,113.991,114.057,113.991,114.02,383680000,1
1499790720000,1499790779000,114.02,114.043,113.995,113.996,326020000,1
1499790780000,1499790839000,113.994,114.003,113.943,113.944,310090000,1
1499790840000,1499790899000,113.943,113.961,113.93,113.938,234730000,1
1499790900000,1499790959000,113.938,113.961,113.937,113.949,197420000,1
1499790960000,1499791019000,113.949,113.968,113.947,113.955,150170000,1
1499791020000,1499791079000,113.952,113.958,113.918,113.923,171190000,1
1499791080000,1499791139000,113.928,113.94,113.916,113.916,119450000,1
1499791140000,1499791199000,113.917,113.93,113.903,113.904,207790000,1
1499791200000,1499791259000,113.903,113.907,113.84,113.86,223710000,1
1499791260000,1499791319000,113.865,113.887,113.836,113.837,282170000,1
1499791320000,1499791379000,113.838,113.868,113.838,113.868,169020000,1
1499791380000,1499791439000,113.868,113.899,113.868,113.898,171840000,1
1499791440000,1499791499000,113.896,113.903,113.883,113.893,170100000,1
1499791500000,1499791559000,113.893,113.918,113.893,113.914,134320000,1
1499791560000,1499791619000,113.913,113.914,113.9,113.907,135170000,1
1499791620000,1499791679000,113.909,113.921,113.898,113.916,167770000,1
1499791680000,1499791739000,113.915,113.963,113.914,113.939,292080000,1
1499791740000,1499791799000,113.94,113.947,113.931,113.943,87170000,1
1499791800000,1499791859000,113.945,113.95,113.934,113.942,100370000,1
1499791860000,1499791919000,113.944,113.949,113.937,113.942,127770000,1
1499791920000,1499791979000,113.944,113.955,113.938,113.95,129350000,1
1499791980000,1499792039000,113.949,113.949,113.921,113.934,152000000,1
1499792040000,1499792099000,113.934,113.939,113.925,113.931,50590000,1
1499792100000,1499792159000,113.931,113.954,113.92,113.948,106720000,1
1499792160000,1499792219000,113.948,113.963,113.948,113.961,58820000,1
1499792220000,1499792279000,113.961,113.966,113.95,113.961,110720000,1
1499792280000,1499792339000,113.96,113.96,113.945,113.959,120570000,1
1499792340000,1499792399000,113.959,113.96,113.939,113.947,148000000,1
1499792400000,1499792459000,113.948,113.948,113.935,113.935,100300000,1
1499792460000,1499792519000,113.935,113.936,113.912,113.92,106910000,1
1499792520000,1499792579000,113.92,113.933,113.914,113.925,114110000,1
1499792580000,1499792639000,113.926,113.931,113.905,113.905,99170000,1
1499792640000,1499792699000,113.909,113.918,113.9,113.918,113910000,1
1499792700000,1499792759000,113.917,113.922,113.903,113.905,128380000,1
1499792760000,1499792819000,113.905,113.918,113.904,113.906,66220000,1
1499792820000,1499792879000,113.905,113.918,113.896,113.9,184130000,1
1499792880000,1499792939000,113.898,113.908,113.881,113.886,188480000,1
1499792940000,1499792999000,113.887,113.895,113.88,113.883,122320000,1
1499793000000,1499793059000,113.886,113.908,113.884,113.905,68840000,1
1499793060000,1499793119000,113.905,113.923,113.901,113.915,74650000,1
1499793120000,1499793179000,113.915,113.931,113.912,113.916,122710000,1
1499793180000,1499793239000,113.919,113.928,113.911,113.911,130400000,1
1499793240000,1499793299000,113.91,113.912,113.9,113.91,96240000,1
1499793300000,1499793359000,113.91,113.922,113.91,113.916,109720000,1
1499793360000,1499793419000,113.915,113.915,113.903,113.911,83140000,1
1499793420000,1499793479000,113.913,113.924,113.912,113.922,137410000,1
1499793480000,1499793539000,113.923,113.927,113.915,113.915,49240000,1
1499793540000,1499793599000,113.914,113.925,113.913,113.925,107030000,1
1499793600000,1499793659000,113.924,113.932,113.924,113.93,84950000,1
1499793660000,1499793719000,113.93,113.936,113.922,113.934,105280000,1
1499793720000,1499793779000,113.934,113.937,113.924,113.936,93740000,1
1499793780000,1499793839000,113.937,113.939,113.925,113.925,68430000,1
1499793840000,1499793899000,113.925,113.925,113.912,113.921,81190000,1
1499793900000,1499793959000,113.92,113.924,113.901,113.901,100460000,1
1499793960000,1499794019000,113.902,113.907,113.897,113.907,59550000,1
1499794020000,1499794079000,113.906,113.913,113.906,113.913,48970000,1
1499794080000,1499794139000,113.913,113.915,113.901,113.901,2306520000,1
1499794140000,1499794199000,113.901,113.908,113.892,113.895,52030000,1
1499794200000,1499794259000,113.893,113.895,113.884,113.895,94260000,1
1499794260000,1499794319000,113.895,113.907,113.891,113.9,97680000,1
1499794320000,1499794379000,113.9,113.906,113.899,113.906,32630000,1
1499794380000,1499794439000,113.906,113.907,113.881,113.886,103830000,1
1499794440000,1499794499000,113.886,113.886,113.805,113.811,246280000,1
1499794500000,1499794559000,113.811,113.827,113.736,113.744,307620000,1
1499794560000,1499794619000,113.744,113.772,113.74,113.769,211110000,1
1499794620000,1499794679000,113.767,113.776,113.753,113.758,151290000,1
1499794680000,1499794739000,113.747,113.761,113.718,113.736,217390000,1
1499794740000,1499794799000,113.738,113.78,113.738,113.765,188530000,1
1499794800000,1499794859000,113.766,113.795,113.766,113.778,130410000,1
1499794860000,1499794919000,113.778,113.807,113.775,113.807,227140000,1
1499794920000,1499794979000,113.807,113.844,113.807,113.837,200360000,1
1499794980000,1499795039000,113.837,113.9,113.831,113.894,224970000,1
1499795040000,1499795099000,113.891,113.938,113.871,113.929,261950000,1
1499795100000,1499795159000,113.927,113.936,113.918,113.933,204050000,1
1499795160000,1499795219000,113.933,113.933,113.909,113.927,196360000,1
1499795220000,1499795279000,113.927,113.935,113.911,113.933,141220000,1
1499795280000,1499795339000,113.933,113.946,113.926,113.946,230750000,1
1499795340000,1499795399000,113.945,113.952,113.926,113.926,128190000,1
1499795400000,1499795459000,113.925,113.931,113.916,113.917,196410000,1
1499795460000,1499795519000,113.918,113.95,113.918,113.946,860290000,1
1499795520000,1499795579000,113.943,113.97,113.939,113.966,147740000,1
1499795580000,1499795639000,113.966,113.985,113.962,113.962,165560000,1
1499795640000,1499795699000,113.961,113.961,113.943,113.947,140610000,1
1499795700000,1499795759000,113.946,113.964,113.945,113.945,168900000,1
1499795760000,1499795819000,113.947,113.958,113.942,113.957,143660000,1
1499795820000,1499795879000,113.956,113.971,113.95,113.971,145110000,1
1499795880000,1499795939000,113.971,113.971,113.945,113.945,146680000,1
1499795940000,1499795999000,113.945,113.962,113.945,113.961,142460000,1
1499796000000,1499796059000,113.961,113.964,113.917,113.928,190540000,1
1499796060000,1499796119000,113.926,113.946,113.926,113.941,151020000,1
1499796120000,1499796179000,113.939,113.94,113.924,113.925,190880000,1
1499796180000,1499796239000,113.926,113.941,113.926,113.939,64560000,1
1499796240000,1499796299000,113.938,113.939,113.931,113.932,50890000,1
1499796300000,1499796359000,113.932,113.942,113.917,113.92,136740000,1
1499796360000,1499796419000,113.92,113.93,113.914,113.914,129110000,1
1499796420000,1499796479000,113.914,113.919,113.911,113.917,86500000,1
1499796480000,1499796539000,113.918,113.918,113.911,113.911,103500000,1
1499796540000,1499796599000,113.911,113.928,113.909,113.925,146440000,1
1499796600000,1499796659000,113.927,113.934,113.927,113.931,66300000,1
1499796660000,1499796719000,113.931,113.931,113.917,113.925,222090000,1
1499796720000,1499796779000,113.926,113.94,113.924,113.932,140160000,1
1499796780000,1499796839000,113.932,113.938,113.928,113.933,90560000,1
1499796840000,1499796899000,113.931,113.942,113.931,113.94,79740000,1
1499796900000,1499796959000,113.939,113.941,113.936,113.936,98790000,1
1499796960000,1499797019000,113.937,113.943,113.936,113.938,160020000,1
1499797020000,1499797079000,113.937,113.937,113.891,113.914,188780000,1
1499797080000,1499797139000,113.914,113.914,113.894,113.897,89220000,1
1499797140000,1499797199000,113.897,113.901,113.88,113.885,117460000,1
1499797200000,1499797259000,113.886,113.893,113.884,113.893,47880000,1
1499797260000,1499797319000,113.893,113.893,113.853,113.861,177590000,1
1499797320000,1499797379000,113.86,113.861,113.853,113.856,124360000,1
1499797380000,1499797439000,113.857,113.858,113.852,113.854,83090000,1
1499797440000,1499797499000,113.855,113.863,113.85,113.853,100620000,1
1499797500000,1499797559000,113.853,113.853,113.817,113.826,133810000,1
1499797560000,1499797619000,113.827,113.835,113.821,113.821,122540000,1
1499797620000,1499797679000,113.821,113.836,113.821,113.833,51740000,1
1499797680000,1499797739000,113.832,113.835,113.827,113.835,47370000,1
1499797740000,1499797799000,113.833,113.834,113.813,113.82,73640000,1
1499797800000,1499797859000,113.817,113.832,113.817,113.828,68850000,1
1499797860000,1499797919000,113.828,113.829,113.815,113.82,64170000,1
1499797920000,1499797979000,113.819,113.819,113.807,113.815,67260000,1
1499797980000,1499798039000,113.815,113.817,113.806,113.807,59980000,1
1499798040000,1499798099000,113.807,113.821,113.807,113.821,31430000,1
1499798100000,1499798159000,113.82,113.828,113.813,113.815,57430000,1
1499798160000,1499798219000,113.815,113.826,113.815,113.823,37340000,1
1499798220000,1499798279000,113.824,113.831,113.818,113.831,46980000,1
1499798280000,1499798339000,113.83,113.831,113.811,113.819,54150000,1
1499798340000,1499798399000,113.818,113.819,113.811,113.812,27260000,1
1499798400000,1499798459000,113.812,113.829,113.812,113.825,52530000,1
1499798460000,1499798519000,113.825,113.825,113.814,113.823,58570000,1
1499798520000,1499798579000,113.823,113.834,113.823,113.83,45740000,1
1499798580000,1499798639000,113.83,113.839,113.823,113.825,59140000,1
1499798640000,1499798699000,113.827,113.835,113.827,113.832,32960000,1
1499798700000,1499798759000,113.832,113.842,113.829,113.842,68150000,1
1499798760000,1499798819000,113.84,113.84,113.83,113.833,51770000,1
1499798820000,1499798879000,113.833,113.833,113.823,113.831,46550000,1
1499798880000,1499798939000,113.832,113.835,113.827,113.833,46670000,1
1499798940000,1499798999000,113.833,113.835,113.829,113.835,38170000,1
1499799000000,1499799059000,113.835,113.842,113.835,113.838,37300000,1
1499799060000,1499799119000,113.838,113.847,113.831,113.841,65600000,1
1499799120000,1499799179000,113.842,113.842,113.835,113.835,30580000,1
1499799180000,1499799239000,113.835,113.84,113.828,113.84,94280000,1
1499799240000,1499799299000,113.84,113.85,113.84,113.85,60940000,1
1499799300000,1499799359000,113.849,113.857,113.843,113.847,91000000,1
1499799360000,1499799419000,113.845,113.845,113.841,113.845,53280000,1
1499799420000,1499799479000,113.845,113.85,113.844,113.85,38720000,1
1499799480000,1499799539000,113.85,113.85,113.829,113.83,66990000,1
1499799540000,1499799599000,113.83,113.849,113.828,113.849,107590000,1
1499799600000,1499799659000,113.847,113.849,113.837,113.837,69020000,1
1499799660000,1499799719000,113.836,113.836,113.827,113.827,72910000,1
1499799720000,1499799779000,113.827,113.834,113.824,113.83,108780000,1
1499799780000,1499799839000,113.83,113.837,113.829,113.837,52620000,1
1499799840000,1499799899000,113.837,113.84,113.835,113.836,57790000,1
1499799900000,1499799959000,113.836,113.838,113.827,113.827,53300000,1
1499799960000,1499800019000,113.828,113.863,113.827,113.863,110940000,1
1499800020000,1499800079000,113.862,113.871,113.857,113.865,121760000,1
1499800080000,1499800139000,113.865,113.865,113.851,113.852,137000000,1
1499800140000,1499800199000,113.851,113.851,113.847,113.848,95710000,1
1499800200000,1499800259000,113.849,113.853,113.849,113.852,50050000,1
1499800260000,1499800319000,113.853,113.854,113.848,113.848,40040000,1
1499800320000,1499800379000,113.849,113.851,113.839,113.85,58250000,1
1499800380000,1499800439000,113.852,113.859,113.851,113.857,86460000,1
1499800440000,1499800499000,113.857,113.87,113.857,113.862,108030000,1
1499800500000,1499800559000,113.863,113.876,113.86,113.876,153080000,1
1499800560000,1499800619000,113.876,113.877,113.871,113.871,132480000,1
1499800620000,1499800679000,113.871,113.875,113.867,113.875,118460000,1
1499800680000,1499800739000,113.875,113.881,113.874,113.876,84510000,1
1499800740000,1499800799000,113.876,113.889,113.875,113.887,91300000,1
1499800800000,1499800859000,113.888,113.888,113.884,113.886,44950000,1
1499800860000,1499800919000,113.884,113.886,113.873,113.881,170190000,1
1499800920000,1499800979000,113.881,113.886,113.88,113.885,77450000,1
1499800980000,1499801039000,113.885,113.887,113.88,113.88,134300000,1
1499801040000,1499801099000,113.881,113.881,113.865,113.871,100780000,1
1499801100000,1499801159000,113.872,113.877,113.868,113.868,120970000,1
1499801160000,1499801219000,113.868,113.869,113.866,113.867,36440000,1
1499801220000,1499801279000,113.868,113.869,113.848,113.852,65120000,1
1499801280000,1499801339000,113.851,113.851,113.843,113.844,61220000,1
1499801340000,1499801399000,113.845,113.856,113.845,113.856,53570000,1
1499801400000,1499801459000,113.853,113.861,113.853,113.859,107200000,1
1499801460000,1499801519000,113.858,113.895,113.857,113.894,188660000,1
1499801520000,1499801579000,113.894,113.896,113.888,113.892,195500000,1
1499801580000,1499801639000,113.893,113.897,113.889,113.896,50550000,1
1499801640000,1499801699000,113.896,113.896,113.884,113.893,92690000,1
1499801700000,1499801759000,113.893,113.893,113.882,113.883,90600000,1
1499801760000,1499801819000,113.883,113.886,113.88,113.882,90410000,1
1499801820000,1499801879000,113.882,113.887,113.879,113.88,126100000,1
1499801880000,1499801939000,113.879,113.881,113.875,113.876,177420000,1
1499801940000,1499801999000,113.876,113.876,113.869,113.87,36270000,1
1499802000000,1499802059000,113.87,113.87,113.855,113.86,62080000,1
1499802060000,1499802119000,113.861,113.861,113.848,113.851,152640000,1
1499802120000,1499802179000,113.851,113.857,113.849,113.852,91950000,1
1499802180000,1499802239000,113.852,113.859,113.849,113.856,68130000,1
1499802240000,1499802299000,113.858,113.867,113.858,113.867,79840000,1
1499802300000,1499802359000,113.867,113.867,113.848,113.857,99800000,1
1499802360000,1499802419000,113.857,113.868,113.855,113.857,107640000,1
1499802420000,1499802479000,113.855,113.861,113.852,113.855,66740000,1
1499802480000,1499802539000,113.857,113.863,113.851,113.851,80400000,1
1499802540000,1499802599000,113.851,113.858,113.851,113.857,23000000,1
1499802600000,1499802659000,113.855,113.867,113.851,113.867,51970000,1
1499802660000,1499802719000,113.867,113.868,113.859,113.86,46200000,1
1499802720000,1499802779000,113.86,113.863,113.854,113.855,75040000,1
1499802780000,1499802839000,113.856,113.866,113.851,113.865,97210000,1
1499802840000,1499802899000,113.863,113.863,113.858,113.858,55240000,1
1499802900000,1499802959000,113.858,113.864,113.858,113.863,58470000,1
1499802960000,1499803019000,113.86,113.868,113.858,113.868,37350000,1
1499803020000,1499803079000,113.867,113.869,113.862,113.863,104890000,1
1499803080000,1499803139000,113.864,113.865,113.846,113.848,85560000,1
1499803140000,1499803199000,113.852,113.854,113.824,113.824,169650000,1
1499803200000,1499803259000,113.827,113.853,113.821,113.844,137330000,1
1499803260000,1499803319000,113.843,113.856,113.843,113.85,136920000,1
1499803320000,1499803379000,113.851,113.854,113.847,113.847,32730000,1
1499803380000,1499803439000,113.848,113.856,113.848,113.854,104150000,1
1499803440000,1499803499000,113.854,113.861,113.847,113.848,77940000,1
1499803500000,1499803559000,113.846,113.849,113.836,113.839,97480000,1
1499803560000,1499803619000,113.84,113.846,113.836,113.846,44600000,1
1499803620000,1499803679000,113.843,113.853,113.843,113.853,6792180000,1
1499803680000,1499803739000,113.851,113.861,113.851,113.856,2363870000,1
1499803740000,1499803799000,113.856,113.856,113.856,113.856,3240000,1
1499803800000,1499803859000,113.858,113.867,113.856,113.862,28310000,1
1499803860000,1499803919000,113.863,113.868,113.862,113.865,3304050000,1
1499803920000,1499803979000,113.866,113.87,113.862,113.87,42180000,1
1499803980000,1499804039000,113.871,113.872,113.867,113.872,28990000,1
1499804040000,1499804099000,113.871,113.885,113.866,113.883,527440000,1
1499804100000,1499804159000,113.883,113.89,113.882,113.888,94170000,1
1499804160000,1499804219000,113.888,113.888,113.887,113.887,12440000,1
1499804220000,1499804279000,113.887,113.887,113.887,113.887,1870000,1
1499804280000,1499804339000,113.887,113.887,113.887,113.887,15370000,1
1499804340000,1499804399000,113.887,113.887,113.887,113.887,17980000,1
1499804400000,1499804459000,113.887,113.893,113.887,113.889,56140000,1
1499804460000,1499804519000,113.889,113.889,113.886,113.888,21790000,1
1499804520000,1499804579000,113.888,113.894,113.887,113.893,29430000,1
1499804580000,1499804639000,113.893,113.896,113.892,113.893,26200000,1
1499804640000,1499804699000,113.891,113.891,113.88,113.886,52300000,1
1499804700000,1499804759000,113.886,113.887,113.881,113.881,18600000,1
1499804760000,1499804819000,113.881,113.888,113.881,113.888,29820000,1
1499804820000,1499804879000,113.887,113.894,113.881,113.881,57770000,1
1499804880000,1499804939000,113.881,113.893,113.881,113.893,38400000,1
1499804940000,1499804999000,113.892,113.892,113.881,113.888,56100000,1
1499805000000,1499805059000,113.889,113.896,113.889,113.89,49950000,1
1499805060000,1499805119000,113.889,113.898,113.889,113.894,23680000,1
1499805120000,1499805179000,113.895,113.895,113.889,113.894,57480000,1
1499805180000,1499805239000,113.895,113.901,113.894,113.899,47880000,1
1499805240000,1499805299000,113.899,113.916,113.899,113.912,45330000,1
1499805300000,1499805359000,113.913,113.913,113.907,113.91,51160000,1
1499805360000,1499805419000,113.91,113.91,113.901,113.909,38550000,1
1499805420000,1499805479000,113.906,113.906,113.9,113.9,76810000,1
1499805480000,1499805539000,113.904,113.906,113.9,113.9,63440000,1
1499805540000,1499805599000,113.9,113.905,113.899,113.899,58800000,1
1499805600000,1499805659000,113.898,113.902,113.897,113.901,47970000,1
1499805660000,1499805719000,113.901,113.907,113.898,113.9,62840000,1
1499805720000,1499805779000,113.9,113.909,113.898,113.908,48960000,1
1499805780000,1499805839000,113.907,113.919,113.907,113.919,98650000,1
1499805840000,1499805899000,113.919,113.929,113.914,113.926,187890000,1
1499805900000,1499805959000,113.925,113.929,113.92,113.923,81530000,1
1499805960000,1499806019000,113.922,113.928,113.919,113.927,69020000,1
1499806020000,1499806079000,113.927,113.962,113.922,113.961,75640000,1
1499806080000,1499806139000,113.959,113.959,113.947,113.952,47220000,1
1499806140000,1499806199000,113.954,113.958,113.948,113.956,54930000,1
1499806200000,1499806259000,113.955,113.964,113.941,113.957,633000000,1
1499806260000,1499806319000,113.962,113.965,113.953,113.964,1912640000,1
1499806320000,1499806379000,113.965,113.965,113.946,113.953,38064930000,1
1499806380000,1499806439000,113.953,113.954,113.946,113.948,69860000,1
1499806440000,1499806499000,113.95,113.952,113.946,113.946,812950000,1
1499806500000,1499806559000,113.946,113.951,113.945,113.946,39870000,1
1499806560000,1499806619000,113.946,113.949,113.933,113.938,59190000,1
1499806620000,1499806679000,113.938,113.942,113.938,113.94,28180000,1
1499806680000,1499806739000,113.939,113.945,113.937,113.945,55880000,1
1499806740000,1499806799000,113.945,113.945,113.929,113.931,148620000,1
1499806800000,1499806859000,113.926,113.933,113.926,113.933,4500000,1
1499806860000,1499806919000,113.938,113.938,113.934,113.936,3750000,1
1499806920000,1499806979000,113.934,113.934,113.934,113.934,750000,1
1499806980000,1499807039000,113.929,113.934,113.929,113.931,4500000,1
1499807040000,1499807099000,113.93,113.93,113.921,113.921,5000000,1
1499807100000,1499807159000,113.921,113.923,113.886,113.899,58360000,1
1499807160000,1499807219000,113.899,113.899,113.89,113.89,18090000,1
1499807220000,1499807279000,113.888,113.906,113.888,113.892,72650000,1
1499807280000,1499807339000,113.894,113.895,113.89,113.893,139540000,1
1499807340000,1499807399000,113.893,113.905,113.893,113.895,168120000,1
1499807400000,1499807459000,113.895,113.908,113.895,113.905,139420000,1
1499807460000,1499807519000,113.905,113.944,113.905,113.939,190720000,1
1499807520000,1499807579000,113.942,113.942,113.894,113.916,364750000,1
1499807580000,1499807639000,113.916,113.92,113.915,113.918,96220000,1
1499807640000,1499807699000,113.918,113.92,113.915,113.915,149500000,1
1499807700000,1499807759000,113.915,113.915,113.883,113.89,142910000,1
1499807760000,1499807819000,113.891,113.894,113.888,113.893,136960000,1
1499807820000,1499807879000,113.893,113.906,113.893,113.898,117480000,1
1499807880000,1499807939000,113.9,113.907,113.899,113.899,129790000,1
1499807940000,1499807999000,113.9,113.933,113.9,113.932,140880000,1
1499808000000,1499808059000,113.933,113.935,113.932,113.934,50410000,1
1499808060000,1499808119000,113.935,113.945,113.915,113.945,96440000,1
1499808120000,1499808179000,113.945,113.945,113.918,113.923,100370000,1
1499808180000,1499808239000,113.924,113.933,113.915,113.918,157180000,1
1499808240000,1499808299000,113.918,113.938,113.915,113.927,121650000,1
1499808300000,1499808359000,113.928,113.929,113.924,113.925,78110000,1
1499808360000,1499808419000,113.924,113.929,113.924,113.929,83470000,1
1499808420000,1499808479000,113.93,113.941,113.928,113.939,74040000,1
1499808480000,1499808539000,113.939,113.946,113.939,113.943,53880000,1
1499808540000,1499808599000,113.943,113.944,113.941,113.943,95860000,1
1499808600000,1499808659000,113.944,113.952,113.943,113.951,59320000,1
1499808660000,1499808719000,113.95,113.956,113.948,113.954,100340000,1
1499808720000,1499808779000,113.955,113.96,113.954,113.959,109000000,1
1499808780000,1499808839000,113.958,113.962,113.949,113.95,832370000,1
1499808840000,1499808899000,113.949,113.951,113.948,113.949,68000000,1
1499808900000,1499808959000,113.95,113.954,113.949,113.953,66000000,1
1499808960000,1499809019000,113.952,113.954,113.952,113.953,18000000,1
1499809020000,1499809079000,113.953,113.954,113.949,113.949,38700000,1
1499809080000,1499809139000,113.949,113.964,113.946,113.964,94570000,1
1499809140000,1499809199000,113.963,113.963,113.948,113.951,40230000,1
1499809200000,1499809259000,113.95,113.952,113.95,113.951,45000000,1
1499809260000,1499809319000,113.951,113.959,113.951,113.958,36000000,1
1499809320000,1499809379000,113.959,113.967,113.953,113.955,144610000,1
1499809380000,1499809439000,113.955,113.965,113.949,113.965,11567060000,1
1499809440000,1499809499000,113.965,113.967,113.96,113.965,53829460000,1
1499809500000,1499809559000,113.963,113.967,113.956,113.959,32234310000,1
1499809560000,1499809619000,113.96,113.967,113.958,113.962,5284210000,1
1499809620000,1499809679000,113.962,113.967,113.956,113.957,5277570000,1
1499809680000,1499809739000,113.957,113.963,113.956,113.957,53870000,1
1499809740000,1499809799000,113.958,113.96,113.957,113.957,65860000,1
1499809800000,1499809859000,113.958,113.958,113.954,113.955,73500000,1
1499809860000,1499809919000,113.956,113.957,113.944,113.955,67120000,1
1499809920000,1499809979000,113.954,113.961,113.951,113.953,2162270000,1
1499809980000,1499810039000,113.952,113.953,113.945,113.945,40150000,1
1499810040000,1499810099000,113.945,113.948,113.945,113.948,60710000,1
1499810100000,1499810159000,113.948,113.953,113.944,113.953,49950000,1
1499810160000,1499810219000,113.953,113.956,113.953,113.954,87370000,1
1499810220000,1499810279000,113.954,113.967,113.954,113.966,5122620000,1
1499810280000,1499810339000,113.964,113.966,113.956,113.956,3521920000,1
1499810340000,1499810399000,113.956,113.967,113.956,113.964,3373440000,1
1499810400000,1499810459000,113.964,113.964,113.94,113.941,139460000,1
1499810460000,1499810519000,113.942,113.949,113.935,113.938,44990000,1
1499810520000,1499810579000,113.94,113.942,113.94,113.941,1870000,1
1499810580000,1499810639000,113.944,113.948,113.935,113.935,21080000,1
1499810640000,1499810699000,113.935,113.935,113.934,113.935,43540000,1
1499810700000,1499810759000,113.935,113.938,113.935,113.938,23870000,1
1499810760000,1499810819000,113.938,113.944,113.935,113.941,24320000,1
1499810820000,1499810879000,113.942,113.944,113.942,113.943,9000000,1
1499810880000,1499810939000,113.944,113.966,113.919,113.927,341340000,1
1499810940000,1499810999000,113.928,113.939,113.926,113.928,31700000,1
1499811000000,1499811059000,113.927,113.927,113.915,113.918,39480000,1
1499811060000,1499811119000,113.918,113.931,113.918,113.92,45840000,1
1499811120000,1499811179000,113.921,113.939,113.921,113.939,36550000,1
1499811180000,1499811239000,113.939,113.939,113.926,113.934,114070000,1
1499811240000,1499811299000,113.933,113.939,113.93,113.937,100630000,1
1499811300000,1499811359000,113.939,113.94,113.932,113.934,116070000,1
1499811360000,1499811419000,113.933,113.934,113.931,113.931,71480000,1
1499811420000,1499811479000,113.933,113.944,113.927,113.927,109820000,1
1499811480000,1499811539000,113.927,113.934,113.919,113.933,142460000,1
1499811540000,1499811599000,113.934,113.934,113.926,113.927,98470000,1
1499811600000,1499811659000,113.927,113.928,113.911,113.911,45780000,1
1499811660000,1499811719000,113.909,113.912,113.902,113.902,38110000,1
1499811720000,1499811779000,113.902,113.909,113.902,113.902,42920000,1
1499811780000,1499811839000,113.902,113.904,113.901,113.904,31310000,1
1499811840000,1499811899000,113.904,113.905,113.902,113.905,32640000,1
1499811900000,1499811959000,113.905,113.918,113.905,113.917,33460000,1
1499811960000,1499812019000,113.917,113.917,113.906,113.906,45250000,1
1499812020000,1499812079000,113.907,113.91,113.906,113.907,21610000,1
1499812080000,1499812139000,113.907,113.913,113.906,113.912,35780000,1
1499812140000,1499812199000,113.911,113.911,113.898,113.905,23220000,1
1499812200000,1499812259000,113.905,113.905,113.893,113.896,45500000,1
1499812260000,1499812319000,113.896,113.896,113.852,113.852,124160000,1
1499812320000,1499812379000,113.85,113.853,113.823,113.834,97100000,1
1499812380000,1499812439000,113.836,113.839,113.83,113.835,40410000,1
1499812440000,1499812499000,113.837,113.838,113.837,113.838,13260000,1
1499812500000,1499812559000,113.838,113.854,113.838,113.853,84910000,1
1499812560000,1499812619000,113.855,113.858,113.838,113.847,45760000,1
1499812620000,1499812679000,113.848,113.858,113.848,113.855,34620000,1
1499812680000,1499812739000,113.856,113.857,113.856,113.857,14930000,1
1499812740000,1499812799000,113.857,113.858,113.856,113.858,35000000,1
1499812800000,1499812859000,113.858,113.859,113.853,113.859,27920000,1
1499812860000,1499812919000,113.857,113.867,113.857,113.866,59490000,1
1499812920000,1499812979000,113.864,113.87,113.864,113.867,17120000,1
1499812980000,1499813039000,113.865,113.869,113.862,113.865,27310000,1
1499813040000,1499813099000,113.865,113.865,113.865,113.865,13750000,1
1499813100000,1499813159000,113.865,113.877,113.865,113.877,23620000,1
1499813160000,1499813219000,113.877,113.877,113.876,113.876,10110000,1
1499813220000,1499813279000,113.877,113.883,113.876,113.883,50920000,1
1499813280000,1499813339000,113.883,113.891,113.883,113.887,22190000,1
1499813340000,1499813399000,113.887,113.889,113.885,113.888,30500000,1
1499813400000,1499813459000,113.888,113.891,113.888,113.891,25780000,1
1499813460000,1499813519000,113.892,113.903,113.892,113.903,48970000,1
1499813520000,1499813579000,113.905,113.905,113.897,113.905,50180000,1
1499813580000,1499813639000,113.908,113.912,113.908,113.911,21380000,1
1499813640000,1499813699000,113.915,113.917,113.908,113.908,46850000,1
1499813700000,1499813759000,113.907,113.909,113.895,113.897,52280000,1
1499813760000,1499813819000,113.896,113.897,113.891,113.892,56840000,1
1499813820000,1499813879000,113.893,113.893,113.89,113.89,20770000,1
1499813880000,1499813939000,113.89,113.891,113.887,113.891,20110000,1
1499813940000,1499813999000,113.895,113.906,113.889,113.901,84220000,1
1499814000000,1499814059000,113.901,113.903,113.882,113.882,48190000,1
1499814060000,1499814119000,113.887,113.889,113.862,113.868,70320000,1
1499814120000,1499814179000,113.868,113.868,113.819,113.847,81950000,1
1499814180000,1499814239000,113.846,113.846,113.836,113.843,44610000,1
1499814240000,1499814299000,113.843,113.844,113.836,113.837,44030000,1
1499814300000,1499814359000,113.838,113.852,113.838,113.85,48900000,1
1499814360000,1499814419000,113.852,113.855,113.836,113.841,69540000,1
1499814420000,1499814479000,113.841,113.844,113.836,113.844,47380000,1
1499814480000,1499814539000,113.843,113.843,113.836,113.836,28040000,1
1499814540000,1499814599000,113.838,113.848,113.838,113.845,21250000,1
1499814600000,1499814659000,113.846,113.851,113.835,113.84,35130000,1
1499814660000,1499814719000,113.842,113.866,113.842,113.849,61590000,1
1499814720000,1499814779000,113.848,113.853,113.839,113.851,76290000,1
1499814780000,1499814839000,113.851,113.863,113.851,113.858,56080000,1
1499814840000,1499814899000,113.859,113.86,113.852,113.852,22000000,1
1499814900000,1499814959000,113.85,113.853,113.835,113.835,58530000,1
1499814960000,1499815019000,113.835,113.835,113.827,113.832,30880000,1
1499815020000,1499815079000,113.831,113.833,113.817,113.817,33060000,1
1499815080000,1499815139000,113.816,113.82,113.808,113.819,89470000,1
1499815140000,1499815199000,113.819,113.829,113.815,113.829,70990000,1
1499815200000,1499815259000,113.829,113.835,113.818,113.824,116870000,1
1499815260000,1499815319000,113.825,113.832,113.779,113.788,152110000,1
1499815320000,1499815379000,113.791,113.806,113.791,113.806,63930000,1
1499815380000,1499815439000,113.806,113.806,113.787,113.798,39090000,1
1499815440000,1499815499000,113.797,113.797,113.782,113.787,80670000,1
1499815500000,1499815559000,113.786,113.795,113.786,113.795,42910000,1
1499815560000,1499815619000,113.796,113.796,113.771,113.772,123580000,1
1499815620000,1499815679000,113.773,113.776,113.766,113.773,110000000,1
1499815680000,1499815739000,113.773,113.794,113.771,113.793,90220000,1
1499815740000,1499815799000,113.793,113.804,113.793,113.802,33180000,1
1499815800000,1499815859000,113.804,113.811,113.798,113.806,59490000,1
1499815860000,1499815919000,113.806,113.806,113.785,113.79,55650000,1
1499815920000,1499815979000,113.79,113.793,113.786,113.793,20800000,1
1499815980000,1499816039000,113.792,113.792,113.784,113.785,31100000,1
1499816040000,1499816099000,113.786,113.792,113.778,113.778,80740000,1
1499816100000,1499816159000,113.779,113.779,113.758,113.761,71160000,1
1499816160000,1499816219000,113.761,113.773,113.76,113.76,59070000,1
1499816220000,1499816279000,113.764,113.774,113.764,113.774,42050000,1
1499816280000,1499816339000,113.772,113.772,113.762,113.762,40470000,1
1499816340000,1499816399000,113.762,113.775,113.762,113.774,44380000,1
1499816400000,1499816459000,113.776,113.786,113.775,113.784,134310000,1
1499816460000,1499816519000,113.783,113.789,113.77,113.774,78190000,1
1499816520000,1499816579000,113.774,113.781,113.774,113.78,45220000,1
1499816580000,1499816639000,113.78,113.809,113.78,113.809,84400000,1
1499816640000,1499816699000,113.808,113.81,113.8,113.8,57490000,1
1499816700000,1499816759000,113.799,113.804,113.792,113.792,68120000,1
1499816760000,1499816819000,113.792,113.806,113.787,113.787,78300000,1
1499816820000,1499816879000,113.787,113.793,113.781,113.793,38050000,1
1499816880000,1499816939000,113.793,113.801,113.784,113.8,44480000,1
1499816940000,1499816999000,113.8,113.808,113.8,113.808,20250000,1
1499817000000,1499817059000,113.808,113.808,113.779,113.783,70160000,1
1499817060000,1499817119000,113.784,113.811,113.784,113.81,86080000,1
1499817120000,1499817179000,113.81,113.81,113.805,113.807,48760000,1
1499817180000,1499817239000,113.807,113.812,113.794,113.798,62280000,1
1499817240000,1499817299000,113.799,113.805,113.797,113.799,49060000,1
1499817300000,1499817359000,113.797,113.799,113.797,113.799,4370000,1
1499817360000,1499817419000,113.799,113.799,113.794,113.798,32170000,1
1499817420000,1499817479000,113.797,113.797,113.773,113.773,118970000,1
1499817480000,1499817539000,113.774,113.774,113.74,113.746,145810000,1
1499817540000,1499817599000,113.745,113.753,113.741,113.748,69870000,1
1499817600000,1499817659000,113.747,113.781,113.746,113.762,205200000,1
1499817660000,1499817719000,113.762,113.782,113.762,113.778,131160000,1
1499817720000,1499817779000,113.778,113.804,113.778,113.788,172960000,1
1499817780000,1499817839000,113.788,113.802,113.786,113.793,89210000,1
1499817840000,1499817899000,113.792,113.796,113.777,113.787,159460000,1
1499817900000,1499817959000,113.785,113.798,113.776,113.798,83860000,1
1499817960000,1499818019000,113.8,113.802,113.758,113.766,313270000,1
1499818020000,1499818079000,113.768,113.768,113.748,113.756,141460000,1
1499818080000,1499818139000,113.754,113.757,113.744,113.755,126520000,1
1499818140000,1499818199000,113.753,113.753,113.64,113.675,392210000,1
1499818200000,1499818259000,113.675,113.684,113.655,113.66,270400000,1
1499818260000,1499818319000,113.661,113.67,113.654,113.661,176440000,1
1499818320000,1499818379000,113.66,113.67,113.648,113.667,120790000,1
1499818380000,1499818439000,113.67,113.679,113.666,113.668,157310000,1
1499818440000,1499818499000,113.668,113.671,113.661,113.67,108370000,1
1499818500000,1499818559000,113.67,113.686,113.67,113.686,172960000,1
1499818560000,1499818619000,113.686,113.71,113.684,113.708,87600000,1
1499818620000,1499818679000,113.709,113.72,113.699,113.708,132180000,1
1499818680000,1499818739000,113.708,113.742,113.707,113.73,178900000,1
1499818740000,1499818799000,113.73,113.748,113.727,113.747,172460000,1
1499818800000,1499818859000,113.746,113.747,113.726,113.732,134870000,1
1499818860000,1499818919000,113.731,113.731,113.714,113.724,129340000,1
1499818920000,1499818979000,113.723,113.733,113.716,113.723,140000000,1
1499818980000,1499819039000,113.723,113.732,113.72,113.73,44670000,1
1499819040000,1499819099000,113.726,113.742,113.717,113.741,81670000,1
1499819100000,1499819159000,113.742,113.744,113.729,113.73,99670000,1
1499819160000,1499819219000,113.731,113.747,113.731,113.743,133880000,1
1499819220000,1499819279000,113.744,113.748,113.725,113.735,115110000,1
1499819280000,1499819339000,113.734,113.75,113.727,113.745,156840000,1
1499819340000,1499819399000,113.744,113.791,113.743,113.786,178600000,1
1499819400000,1499819459000,113.785,113.792,113.766,113.781,140220000,1
1499819460000,1499819519000,113.78,113.78,113.759,113.776,156910000,1
1499819520000,1499819579000,113.777,113.784,113.773,113.78,99970000,1
1499819580000,1499819639000,113.781,113.782,113.771,113.775,93800000,1
1499819640000,1499819699000,113.775,113.786,113.751,113.754,125640000,1
1499819700000,1499819759000,113.755,113.764,113.75,113.763,86170000,1
1499819760000,1499819819000,113.763,113.766,113.754,113.755,90380000,1
1499819820000,1499819879000,113.757,113.77,113.757,113.763,66990000,1
1499819880000,1499819939000,113.763,113.767,113.757,113.758,51600000,1
1499819940000,1499819999000,113.758,113.758,113.733,113.743,87480000,1
1499820000000,1499820059000,113.743,113.749,113.74,113.748,61150000,1
1499820060000,1499820119000,113.747,113.754,113.743,113.746,103920000,1
1499820120000,1499820179000,113.747,113.753,113.742,113.742,55170000,1
1499820180000,1499820239000,113.742,113.747,113.726,113.726,90480000,1
1499820240000,1499820299000,113.727,113.735,113.713,113.715,137560000,1
1499820300000,1499820359000,113.715,113.716,113.711,113.715,64830000,1
1499820360000,1499820419000,113.715,113.723,113.714,113.722,75210000,1
1499820420000,1499820479000,113.723,113.727,113.72,113.725,73610000,1
1499820480000,1499820539000,113.725,113.728,113.723,113.728,39020000,1
1499820540000,1499820599000,113.728,113.739,113.722,113.733,108410000,1
1499820600000,1499820659000,113.734,113.741,113.729,113.731,73150000,1
1499820660000,1499820719000,113.732,113.732,113.706,113.706,93180000,1
1499820720000,1499820779000,113.706,113.706,113.681,113.694,198870000,1
1499820780000,1499820839000,113.692,113.7,113.69,113.698,127740000,1
1499820840000,1499820899000,113.699,113.707,113.69,113.691,142430000,1
1499820900000,1499820959000,113.69,113.71,113.69,113.697,162460000,1
1499820960000,1499821019000,113.696,113.696,113.675,113.684,187760000,1
1499821020000,1499821079000,113.684,113.696,113.674,113.696,156600000,1
1499821080000,1499821139000,113.696,113.696,113.687,113.689,144250000,1
1499821140000,1499821199000,113.689,113.693,113.679,113.679,153990000,1
1499821200000,1499821259000,113.679,113.686,113.648,113.651,221420000,1
1499821260000,1499821319000,113.651,113.653,113.63,113.64,235090000,1
1499821320000,1499821379000,113.64,113.64,113.61,113.617,184570000,1
1499821380000,1499821439000,113.616,113.626,113.604,113.607,186250000,1
1499821440000,1499821499000,113.61,113.63,113.61,113.626,148960000,1
1499821500000,1499821559000,113.628,113.634,113.623,113.623,109760000,1
1499821560000,1499821619000,113.622,113.622,113.59,113.602,315490000,1
1499821620000,1499821679000,113.602,113.609,113.599,113.605,121010000,1
1499821680000,1499821739000,113.604,113.606,113.592,113.592,78960000,1
1499821740000,1499821799000,113.593,113.608,113.593,113.602,89280000,1
1499821800000,1499821859000,113.603,113.629,113.601,113.626,149180000,1
1499821860000,1499821919000,113.627,113.64,113.624,113.632,215820000,1
1499821920000,1499821979000,113.631,113.634,113.625,113.634,135570000,1
1499821980000,1499822039000,113.633,113.639,113.624,113.628,111550000,1
1499822040000,1499822099000,113.627,113.642,113.626,113.637,97380000,1
1499822100000,1499822159000,113.635,113.636,113.625,113.625,84960000,1
1499822160000,1499822219000,113.625,113.639,113.625,113.637,109320000,1
1499822220000,1499822279000,113.638,113.654,113.633,113.652,125270000,1
1499822280000,1499822339000,113.654,113.655,113.636,113.654,145860000,1
1499822340000,1499822399000,113.653,113.653,113.637,113.643,101030000,1
1499822400000,1499822459000,113.643,113.643,113.628,113.63,132530000,1
1499822460000,1499822519000,113.628,113.631,113.626,113.628,108500000,1
1499822520000,1499822579000,113.628,113.628,113.611,113.615,85120000,1
1499822580000,1499822639000,113.617,113.621,113.599,113.6,116770000,1
1499822640000,1499822699000,113.598,113.598,113.558,113.568,196210000,1
1499822700000,1499822759000,113.568,113.578,113.564,113.574,111790000,1
1499822760000,1499822819000,113.576,113.586,113.575,113.581,98360000,1
1499822820000,1499822879000,113.582,113.589,113.576,113.586,178430000,1
1499822880000,1499822939000,113.588,113.595,113.586,113.587,94680000,1
1499822940000,1499822999000,113.587,113.594,113.576,113.577,143210000,1
1499823000000,1499823059000,113.576,113.596,113.575,113.592,162560000,1
1499823060000,1499823119000,113.591,113.591,113.579,113.586,126670000,1
1499823120000,1499823179000,113.586,113.599,113.586,113.586,185310000,1
1499823180000,1499823239000,113.586,113.6,113.581,113.597,185290000,1
1499823240000,1499823299000,113.596,113.6,113.583,113.593,97040000,1
1499823300000,1499823359000,113.594,113.6,113.587,113.588,61950000,1
1499823360000,1499823419000,113.589,113.601,113.587,113.598,94680000,1
1499823420000,1499823479000,113.598,113.607,113.592,113.607,132930000,1
1499823480000,1499823539000,113.607,113.634,113.607,113.631,111790000,1
1499823540000,1499823599000,113.631,113.641,113.624,113.636,148010000,1
1499823600000,1499823659000,113.635,113.639,113.624,113.631,121110000,1
1499823660000,1499823719000,113.631,113.632,113.626,113.629,145110000,1
1499823720000,1499823779000,113.629,113.637,113.626,113.637,101070000,1
1499823780000,1499823839000,113.636,113.651,113.635,113.635,115200000,1
1499823840000,1499823899000,113.635,113.644,113.629,113.639,89460000,1
1499823900000,1499823959000,113.639,113.642,113.628,113.63,330350000,1
1499823960000,1499824019000,113.629,113.634,113.628,113.634,108440000,1
1499824020000,1499824079000,113.634,113.654,113.633,113.65,54420000,1
1499824080000,1499824139000,113.651,113.658,113.649,113.654,55660000,1
1499824140000,1499824199000,113.652,113.662,113.646,113.659,85080000,1
1499824200000,1499824259000,113.658,113.665,113.655,113.659,96320000,1
1499824260000,1499824319000,113.66,113.66,113.646,113.646,106340000,1
1499824320000,1499824379000,113.647,113.651,113.644,113.65,54460000,1
1499824380000,1499824439000,113.649,113.651,113.644,113.65,106680000,1
1499824440000,1499824499000,113.65,113.65,113.636,113.638,125140000,1
1499824500000,1499824559000,113.637,113.652,113.636,113.651,53360000,1
1499824560000,1499824619000,113.651,113.651,113.64,113.651,57230000,1
1499824620000,1499824679000,113.65,113.652,113.644,113.652,51060000,1
1499824680000,1499824739000,113.652,113.658,113.643,113.644,108860000,1
1499824740000,1499824799000,113.645,113.657,113.636,113.657,123320000,1
1499824800000,1499824859000,113.656,113.657,113.65,113.656,90520000,1
1499824860000,1499824919000,113.656,113.657,113.654,113.655,132400000,1
1499824920000,1499824979000,113.656,113.66,113.648,113.649,82890000,1
1499824980000,1499825039000,113.649,113.659,113.649,113.658,80610000,1
1499825040000,1499825099000,113.66,113.66,113.654,113.655,65280000,1
1499825100000,1499825159000,113.656,113.656,113.644,113.648,48570000,1
1499825160000,1499825219000,113.648,113.656,113.648,113.651,61320000,1
1499825220000,1499825279000,113.652,113.652,113.65,113.651,32480000,1
1499825280000,1499825339000,113.65,113.656,113.644,113.656,50550000,1
1499825340000,1499825399000,113.656,113.661,113.652,113.66,43460000,1
1499825400000,1499825459000,113.66,113.665,113.658,113.658,32920000,1
1499825460000,1499825519000,113.658,113.658,113.657,113.657,17920000,1
1499825520000,1499825579000,113.658,113.658,113.655,113.655,26190000,1
1499825580000,1499825639000,113.656,113.658,113.635,113.636,60760000,1
1499825640000,1499825699000,113.635,113.637,113.63,113.635,53340000,1
1499825700000,1499825759000,113.635,113.635,113.616,113.616,101150000,1
1499825760000,1499825819000,113.616,113.617,113.6,113.602,105480000,1
1499825820000,1499825879000,113.602,113.615,113.599,113.6,153980000,1
1499825880000,1499825939000,113.6,113.605,113.594,113.594,55060000,1
1499825940000,1499825999000,113.593,113.595,113.564,113.57,119340000,1
1499826000000,1499826059000,113.57,113.579,113.55,113.552,188150000,1
1499826060000,1499826119000,113.553,113.563,113.532,113.538,153600000,1
1499826120000,1499826179000,113.539,113.539,113.517,113.532,151000000,1
1499826180000,1499826239000,113.532,113.537,113.529,113.536,100280000,1
1499826240000,1499826299000,113.535,113.542,113.528,113.541,76730000,1
1499826300000,1499826359000,113.541,113.544,113.536,113.54,100550000,1
1499826360000,1499826419000,113.54,113.553,113.54,113.545,132030000,1
1499826420000,1499826479000,113.546,113.546,113.521,113.527,188320000,1
1499826480000,1499826539000,113.529,113.543,113.523,113.541,408030000,1
1499826540000,1499826599000,113.541,113.549,113.527,113.538,114620000,1
1499826600000,1499826659000,113.537,113.562,113.537,113.562,129760000,1
1499826660000,1499826719000,113.562,113.568,113.553,113.568,73740000,1
1499826720000,1499826779000,113.568,113.586,113.563,113.586,149420000,1
1499826780000,1499826839000,113.586,113.586,113.572,113.575,70210000,1
1499826840000,1499826899000,113.575,113.582,113.573,113.582,81150000,1
1499826900000,1499826959000,113.581,113.584,113.577,113.58,38610000,1
1499826960000,1499827019000,113.58,113.588,113.574,113.575,75050000,1
1499827020000,1499827079000,113.575,113.576,113.571,113.576,55420000,1
1499827080000,1499827139000,113.576,113.584,113.576,113.583,41520000,1
1499827140000,1499827199000,113.582,113.584,113.574,113.578,73740000,1
1499827200000,1499827259000,113.581,113.587,113.58,113.581,47310000,1
1499827260000,1499827319000,113.582,113.594,113.578,113.593,69160000,1
1499827320000,1499827379000,113.594,113.599,113.59,113.596,75830000,1
1499827380000,1499827439000,113.597,113.612,113.596,113.606,84740000,1
1499827440000,1499827499000,113.606,113.621,113.6,113.619,104170000,1
1499827500000,1499827559000,113.619,113.628,113.605,113.627,82590000,1
1499827560000,1499827619000,113.629,113.634,113.626,113.633,24800000,1
1499827620000,1499827679000,113.634,113.637,113.618,113.619,88330000,1
1499827680000,1499827739000,113.622,113.625,113.604,113.604,85870000,1
1499827740000,1499827799000,113.606,113.611,113.592,113.597,123720000,1
1499827800000,1499827859000,113.598,113.6,113.584,113.584,103520000,1
1499827860000,1499827919000,113.583,113.584,113.542,113.548,163700000,1
1499827920000,1499827979000,113.549,113.551,113.537,113.538,139660000,1
1499827980000,1499828039000,113.531,113.534,113.469,113.496,219840000,1
1499828040000,1499828099000,113.499,113.517,113.467,113.478,315780000,1
1499828100000,1499828159000,113.48,113.497,113.477,113.489,162240000,1
1499828160000,1499828219000,113.49,113.514,113.49,113.51,139560000,1
1499828220000,1499828279000,113.51,113.515,113.487,113.489,125550000,1
1499828280000,1499828339000,113.488,113.489,113.429,113.45,238590000,1
1499828340000,1499828399000,113.45,113.468,113.45,113.465,130100000,1
1499828400000,1499828459000,113.464,113.468,113.457,113.467,105330000,1
1499828460000,1499828519000,113.465,113.472,113.464,113.471,196070000,1
1499828520000,1499828579000,113.47,113.476,113.465,113.473,121800000,1
1499828580000,1499828639000,113.468,113.475,113.465,113.465,101120000,1
1499828640000,1499828699000,113.464,113.47,113.463,113.467,103520000,1
1499828700000,1499828759000,113.469,113.471,113.466,113.468,43860000,1
1499828760000,1499828819000,113.468,113.493,113.468,113.489,132570000,1
1499828820000,1499828879000,113.489,113.498,113.487,113.498,193140000,1
1499828880000,1499828939000,113.497,113.512,113.497,113.502,165950000,1
1499828940000,1499828999000,113.502,113.51,113.502,113.508,102820000,1
1499829000000,1499829059000,113.508,113.508,113.501,113.503,80780000,1
1499829060000,1499829119000,113.503,113.513,113.498,113.498,169410000,1
1499829120000,1499829179000,113.498,113.516,113.498,113.516,100280000,1
1499829180000,1499829239000,113.517,113.522,113.495,113.52,170060000,1
1499829240000,1499829299000,113.523,113.53,113.518,113.528,111710000,1
1499829300000,1499829359000,113.527,113.528,113.517,113.517,469680000,1
1499829360000,1499829419000,113.517,113.522,113.509,113.509,117660000,1
1499829420000,1499829479000,113.508,113.508,113.47,113.474,132940000,1
1499829480000,1499829539000,113.474,113.478,113.463,113.47,95920000,1
1499829540000,1499829599000,113.471,113.48,113.466,113.471,158840000,1
1499829600000,1499829659000,113.47,113.47,113.43,113.431,146090000,1
1499829660000,1499829719000,113.43,113.438,113.406,113.413,183990000,1
1499829720000,1499829779000,113.41,113.432,113.41,113.426,245700000,1
1499829780000,1499829839000,113.428,113.449,113.426,113.445,111340000,1
1499829840000,1499829899000,113.445,113.452,113.44,113.451,128680000,1
1499829900000,1499829959000,113.451,113.457,113.445,113.457,94970000,1
1499829960000,1499830019000,113.457,113.459,113.448,113.458,131690000,1
1499830020000,1499830079000,113.459,113.459,113.456,113.458,49850000,1
1499830080000,1499830139000,113.458,113.466,113.456,113.464,82850000,1
1499830140000,1499830199000,113.464,113.47,113.458,113.463,101550000,1
1499830200000,1499830259000,113.461,113.471,113.461,113.466,48480000,1
1499830260000,1499830319000,113.465,113.465,113.446,113.453,82010000,1
1499830320000,1499830379000,113.453,113.48,113.453,113.478,63800000,1
1499830380000,1499830439000,113.478,113.481,113.471,113.476,121650000,1
1499830440000,1499830499000,113.476,113.479,113.466,113.477,76780000,1
1499830500000,1499830559000,113.478,113.479,113.477,113.477,26440000,1
1499830560000,1499830619000,113.478,113.478,113.476,113.476,51690000,1
1499830620000,1499830679000,113.477,113.478,113.471,113.475,184000000,1
1499830680000,1499830739000,113.475,113.477,113.466,113.476,127970000,1
1499830740000,1499830799000,113.476,113.478,113.466,113.47,103670000,1
1499830800000,1499830859000,113.47,113.483,113.47,113.476,50720000,1
1499830860000,1499830919000,113.474,113.474,113.47,113.47,51190000,1
1499830920000,1499830979000,113.47,113.47,113.412,113.418,206100000,1
1499830980000,1499831039000,113.418,113.438,113.417,113.432,117750000,1
1499831040000,1499831099000,113.435,113.447,113.435,113.44,85390000,1
1499831100000,1499831159000,113.44,113.442,113.426,113.429,106750000,1
1499831160000,1499831219000,113.424,113.448,113.424,113.44,114470000,1
1499831220000,1499831279000,113.441,113.45,113.441,113.448,58630000,1
1499831280000,1499831339000,113.448,113.449,113.447,113.447,15480000,1
1499831340000,1499831399000,113.446,113.447,113.425,113.427,80790000,1
1499831400000,1499831459000,113.425,113.431,113.406,113.406,312990000,1
1499831460000,1499831519000,113.407,113.407,113.359,113.39,250170000,1
1499831520000,1499831579000,113.388,113.393,113.374,113.378,190320000,1
1499831580000,1499831639000,113.379,113.391,113.375,113.378,213690000,1
1499831640000,1499831699000,113.376,113.39,113.375,113.389,112460000,1
1499831700000,1499831759000,113.389,113.39,113.377,113.378,76950000,1
1499831760000,1499831819000,113.378,113.396,113.364,113.396,170420000,1
1499831820000,1499831879000,113.395,113.395,113.361,113.374,131240000,1
1499831880000,1499831939000,113.373,113.383,113.373,113.381,112560000,1
1499831940000,1499831999000,113.383,113.383,113.369,113.37,150910000,1
1499832000000,1499832059000,113.372,113.381,113.372,113.381,92390000,1
1499832060000,1499832119000,113.382,113.387,113.374,113.387,71260000,1
1499832120000,1499832179000,113.387,113.389,113.385,113.388,47570000,1
1499832180000,1499832239000,113.389,113.397,113.382,113.394,205480000,1
1499832240000,1499832299000,113.395,113.4,113.386,113.393,136590000,1
1499832300000,1499832359000,113.394,113.399,113.393,113.394,82390000,1
1499832360000,1499832419000,113.394,113.403,113.394,113.402,79760000,1
1499832420000,1499832479000,113.402,113.408,113.4,113.408,400840000,1
1499832480000,1499832539000,113.406,113.411,113.406,113.408,92290000,1
1499832540000,1499832599000,113.409,113.41,113.395,113.4,77420000,1
1499832600000,1499832659000,113.398,113.406,113.397,113.406,76040000,1
1499832660000,1499832719000,113.407,113.407,113.375,113.376,211890000,1
1499832720000,1499832779000,113.377,113.387,113.348,113.353,218810000,1
1499832780000,1499832839000,113.354,113.354,113.315,113.33,176770000,1
1499832840000,1499832899000,113.332,113.345,113.329,113.345,157350000,1
1499832900000,1499832959000,113.345,113.373,113.343,113.36,135350000,1
1499832960000,1499833019000,113.36,113.374,113.355,113.373,110880000,1
1499833020000,1499833079000,113.372,113.385,113.367,113.376,194970000,1
1499833080000,1499833139000,113.377,113.385,113.372,113.385,427950000,1
1499833140000,1499833199000,113.385,113.4,113.382,113.4,71160000,1
1499833200000,1499833259000,113.398,113.408,113.393,113.406,192450000,1
1499833260000,1499833319000,113.406,113.408,113.399,113.407,103660000,1
1499833320000,1499833379000,113.404,113.404,113.392,113.395,50900000,1
1499833380000,1499833439000,113.395,113.4,113.391,113.399,177050000,1
1499833440000,1499833499000,113.399,113.399,113.39,113.392,62200000,1
1499833500000,1499833559000,113.394,113.397,113.394,113.395,119860000,1
1499833560000,1499833619000,113.394,113.403,113.388,113.394,171780000,1
1499833620000,1499833679000,113.394,113.404,113.389,113.401,143040000,1
1499833680000,1499833739000,113.401,113.401,113.393,113.393,75670000,1
1499833740000,1499833799000,113.393,113.398,113.393,113.396,22420000,1
1499833800000,1499833859000,113.396,113.396,113.394,113.394,32940000,1
1499833860000,1499833919000,113.395,113.399,113.394,113.396,37920000,1
1499833920000,1499833979000,113.396,113.423,113.396,113.418,214470000,1
1499833980000,1499834039000,113.418,113.424,113.414,113.424,57760000,1
1499834040000,1499834099000,113.424,113.443,113.423,113.431,55740000,1
1499834100000,1499834159000,113.43,113.442,113.43,113.442,36600000,1
1499834160000,1499834219000,113.442,113.448,113.427,113.428,134620000,1
1499834220000,1499834279000,113.428,113.428,113.419,113.427,66740000,1
1499834280000,1499834339000,113.428,113.437,113.418,113.426,97840000,1
1499834340000,1499834399000,113.426,113.435,113.421,113.421,75470000,1
1499834400000,1499834459000,113.422,113.449,113.418,113.439,136800000,1
1499834460000,1499834519000,113.441,113.441,113.433,113.436,51050000,1
1499834520000,1499834579000,113.438,113.438,113.426,113.432,115520000,1
1499834580000,1499834639000,113.431,113.431,113.414,113.421,83040000,1
1499834640000,1499834699000,113.422,113.428,113.398,113.401,155880000,1
1499834700000,1499834759000,113.399,113.404,113.392,113.4,85410000,1
1499834760000,1499834819000,113.4,113.404,113.393,113.398,54420000,1
1499834820000,1499834879000,113.4,113.401,113.395,113.398,101750000,1
1499834880000,1499834939000,113.397,113.402,113.395,113.398,108440000,1
1499834940000,1499834999000,113.4,113.401,113.394,113.401,89760000,1
1499835000000,1499835059000,113.4,113.413,113.399,113.413,71630000,1
1499835060000,1499835119000,113.415,113.426,113.415,113.42,71790000,1
1499835120000,1499835179000,113.42,113.42,113.408,113.408,80570000,1
1499835180000,1499835239000,113.407,113.414,113.381,113.381,106680000,1
1499835240000,1499835299000,113.381,113.392,113.373,113.378,89010000,1
1499835300000,1499835359000,113.38,113.39,113.377,113.386,102800000,1
1499835360000,1499835419000,113.385,113.4,113.378,113.39,157110000,1
1499835420000,1499835479000,113.391,113.405,113.391,113.403,35700000,1
1499835480000,1499835539000,113.402,113.417,113.402,113.415,25080000,1
1499835540000,1499835599000,113.414,113.414,113.395,113.402,156410000,1
1499835600000,1499835659000,113.4,113.411,113.399,113.41,73750000,1
1499835660000,1499835719000,113.409,113.428,113.408,113.426,80480000,1
1499835720000,1499835779000,113.425,113.428,113.423,113.426,62560000,1
1499835780000,1499835839000,113.428,113.442,113.427,113.441,59400000,1
1499835840000,1499835899000,113.441,113.443,113.434,113.441,69770000,1
1499835900000,1499835959000,113.44,113.444,113.427,113.435,78810000,1
1499835960000,1499836019000,113.435,113.447,113.424,113.432,112080000,1
1499836020000,1499836079000,113.433,113.433,113.394,113.4,110860000,1
1499836080000,1499836139000,113.402,113.402,113.375,113.39,180880000,1
1499836140000,1499836199000,113.39,113.39,113.353,113.361,192530000,1
1499836200000,1499836259000,113.362,113.368,113.359,113.36,48880000,1
1499836260000,1499836319000,113.36,113.362,113.353,113.356,121560000,1
1499836320000,1499836379000,113.357,113.378,113.354,113.367,142790000,1
1499836380000,1499836439000,113.367,113.386,113.365,113.373,105190000,1
1499836440000,1499836499000,113.374,113.393,113.374,113.382,129050000,1
1499836500000,1499836559000,113.381,113.394,113.381,113.393,44790000,1
1499836560000,1499836619000,113.393,113.402,113.387,113.393,76040000,1
1499836620000,1499836679000,113.394,113.4,113.39,113.399,47010000,1
1499836680000,1499836739000,113.399,113.408,113.399,113.401,79850000,1
1499836740000,1499836799000,113.401,113.415,113.401,113.411,55820000,1
1499836800000,1499836859000,113.412,113.42,113.411,113.419,65340000,1
1499836860000,1499836919000,113.42,113.427,113.42,113.424,51730000,1
1499836920000,1499836979000,113.425,113.43,113.424,113.427,82190000,1
1499836980000,1499837039000,113.427,113.43,113.427,113.427,31590000,1
1499837040000,1499837099000,113.427,113.435,113.427,113.435,84930000,1
1499837100000,1499837159000,113.435,113.437,113.429,113.434,122430000,1
1499837160000,1499837219000,113.435,113.436,113.426,113.426,52000000,1
1499837220000,1499837279000,113.426,113.429,113.423,113.427,43440000,1
1499837280000,1499837339000,113.427,113.446,113.425,113.446,128220000,1
1499837340000,1499837399000,113.446,113.465,113.446,113.464,153670000,1
1499837400000,1499837459000,113.466,113.47,113.461,113.461,108870000,1
1499837460000,1499837519000,113.461,113.469,113.46,113.465,128220000,1
1499837520000,1499837579000,113.465,113.477,113.463,113.477,165900000,1
1499837580000,1499837639000,113.477,113.477,113.465,113.468,102960000,1
1499837640000,1499837699000,113.466,113.472,113.464,113.471,51910000,1
1499837700000,1499837759000,113.469,113.469,113.46,113.46,94010000,1
1499837760000,1499837819000,113.46,113.465,113.46,113.464,57270000,1
1499837820000,1499837879000,113.463,113.465,113.462,113.465,31560000,1
1499837880000,1499837939000,113.465,113.471,113.46,113.465,56570000,1
1499837940000,1499837999000,113.465,113.467,113.462,113.464,54830000,1
1499838000000,1499838059000,113.465,113.472,113.465,113.467,23880000,1
1499838060000,1499838119000,113.466,113.48,113.464,113.48,47890000,1
1499838120000,1499838179000,113.479,113.482,113.473,113.482,41850000,1
1499838180000,1499838239000,113.482,113.482,113.479,113.48,16010000,1
1499838240000,1499838299000,113.48,113.481,113.477,113.479,37870000,1
1499838300000,1499838359000,113.479,113.484,113.473,113.473,85590000,1
1499838360000,1499838419000,113.473,113.473,113.452,113.453,106350000,1
1499838420000,1499838479000,113.445,113.456,113.445,113.456,72300000,1
1499838480000,1499838539000,113.454,113.464,113.454,113.459,83070000,1
1499838540000,1499838599000,113.457,113.463,113.457,113.458,21610000,1
1499838600000,1499838659000,113.456,113.464,113.452,113.463,106990000,1
1499838660000,1499838719000,113.464,113.465,113.452,113.458,93050000,1
1499838720000,1499838779000,113.457,113.458,113.449,113.458,79970000,1
1499838780000,1499838839000,113.457,113.458,113.447,113.451,131440000,1
1499838840000,1499838899000,113.45,113.464,113.449,113.46,69640000,1
1499838900000,1499838959000,113.46,113.46,113.451,113.458,57100000,1
1499838960000,1499839019000,113.458,113.478,113.458,113.477,80910000,1
1499839020000,1499839079000,113.477,113.497,113.464,113.493,102470000,1
1499839080000,1499839139000,113.494,113.534,113.494,113.524,207330000,1
1499839140000,1499839199000,113.525,113.535,113.503,113.529,138120000,1
1499839200000,1499839259000,113.529,113.529,113.501,113.506,128910000,1
1499839260000,1499839319000,113.507,113.511,113.494,113.495,99520000,1
1499839320000,1499839379000,113.496,113.501,113.464,113.47,121950000,1
1499839380000,1499839439000,113.47,113.475,113.447,113.455,193930000,1
1499839440000,1499839499000,113.457,113.463,113.451,113.461,92850000,1
1499839500000,1499839559000,113.461,113.461,113.447,113.455,90420000,1
1499839560000,1499839619000,113.456,113.461,113.437,113.444,123820000,1
1499839620000,1499839679000,113.444,113.455,113.433,113.443,188620000,1
1499839680000,1499839739000,113.445,113.452,113.43,113.445,172480000,1
1499839740000,1499839799000,113.444,113.462,113.443,113.444,127710000,1
1499839800000,1499839859000,113.445,113.447,113.435,113.44,80820000,1
1499839860000,1499839919000,113.44,113.444,113.423,113.444,118660000,1
1499839920000,1499839979000,113.445,113.46,113.444,113.458,87750000,1
1499839980000,1499840039000,113.457,113.457,113.436,113.442,102370000,1
1499840040000,1499840099000,113.441,113.441,113.423,113.438,121510000,1
1499840100000,1499840159000,113.438,113.461,113.437,113.461,139800000,1
1499840160000,1499840219000,113.461,113.465,113.447,113.447,130890000,1
1499840220000,1499840279000,113.445,113.445,113.43,113.437,65710000,1
1499840280000,1499840339000,113.437,113.447,113.427,113.427,127620000,1
1499840340000,1499840399000,113.427,113.427,113.402,113.402,159100000,1
1499840400000,1499840459000,113.402,113.402,113.376,113.382,160880000,1
1499840460000,1499840519000,113.386,113.408,113.385,113.405,126730000,1
1499840520000,1499840579000,113.405,113.411,113.394,113.411,110300000,1
1499840580000,1499840639000,113.411,113.42,113.404,113.404,54860000,1
1499840640000,1499840699000,113.404,113.418,113.404,113.416,30480000,1
1499840700000,1499840759000,113.415,113.432,113.412,113.432,49270000,1
1499840760000,1499840819000,113.431,113.452,113.43,113.452,133300000,1
1499840820000,1499840879000,113.451,113.462,113.451,113.456,90420000,1
1499840880000,1499840939000,113.457,113.476,113.457,113.472,191210000,1
1499840940000,1499840999000,113.47,113.471,113.465,113.47,69190000,1
1499841000000,1499841059000,113.472,113.479,113.468,113.468,101890000,1
1499841060000,1499841119000,113.468,113.478,113.468,113.473,136210000,1
1499841120000,1499841179000,113.473,113.477,113.469,113.475,102630000,1
1499841180000,1499841239000,113.477,113.477,113.464,113.465,75050000,1
1499841240000,1499841299000,113.465,113.508,113.465,113.506,99620000,1
1499841300000,1499841359000,113.506,113.544,113.501,113.538,125560000,1
1499841360000,1499841419000,113.537,113.571,113.536,113.561,205660000,1
1499841420000,1499841479000,113.56,113.569,113.552,113.563,187760000,1
1499841480000,1499841539000,113.564,113.577,113.564,113.57,114700000,1
1499841540000,1499841599000,113.57,113.577,113.564,113.576,166840000,1
1499841600000,1499841659000,113.576,113.581,113.56,113.563,184100000,1
1499841660000,1499841719000,113.563,113.565,113.551,113.565,84240000,1
1499841720000,1499841779000,113.56,113.561,113.548,113.55,106150000,1
1499841780000,1499841839000,113.551,113.551,113.53,113.53,136540000,1
1499841840000,1499841899000,113.532,113.536,113.525,113.532,112770000,1
1499841900000,1499841959000,113.531,113.537,113.526,113.526,93280000,1
1499841960000,1499842019000,113.524,113.526,113.519,113.526,62760000,1
1499842020000,1499842079000,113.526,113.532,113.517,113.517,97780000,1
1499842080000,1499842139000,113.517,113.521,113.511,113.517,65210000,1
1499842140000,1499842199000,113.518,113.54,113.514,113.524,173770000,1
1499842200000,1499842259000,113.524,113.528,113.514,113.526,83110000,1
1499842260000,1499842319000,113.525,113.528,113.518,113.523,103030000,1
1499842320000,1499842379000,113.524,113.543,113.524,113.533,100490000,1
1499842380000,1499842439000,113.534,113.556,113.534,113.553,142350000,1
1499842440000,1499842499000,113.554,113.554,113.541,113.541,44950000,1
1499842500000,1499842559000,113.539,113.539,113.515,113.517,118310000,1
1499842560000,1499842619000,113.518,113.523,113.509,113.518,94080000,1
1499842620000,1499842679000,113.517,113.53,113.514,113.528,70840000,1
1499842680000,1499842739000,113.53,113.53,113.507,113.517,133140000,1
1499842740000,1499842799000,113.516,113.517,113.487,113.49,240070000,1
1499842800000,1499842859000,113.49,113.507,113.446,113.45,347730000,1
1499842860000,1499842919000,113.447,113.457,113.425,113.433,346930000,1
1499842920000,1499842979000,113.434,113.45,113.434,113.445,155900000,1
1499842980000,1499843039000,113.444,113.493,113.442,113.483,188850000,1
1499843040000,1499843099000,113.483,113.527,113.483,113.524,220570000,1
1499843100000,1499843159000,113.526,113.549,113.524,113.539,126460000,1
1499843160000,1499843219000,113.54,113.553,113.535,113.535,169860000,1
1499843220000,1499843279000,113.535,113.538,113.522,113.523,133030000,1
1499843280000,1499843339000,113.526,113.542,113.521,113.532,135530000,1
1499843340000,1499843399000,113.531,113.536,113.524,113.529,136220000,1
1499843400000,1499843459000,113.528,113.532,113.524,113.524,116520000,1
1499843460000,1499843519000,113.525,113.534,113.523,113.524,93420000,1
1499843520000,1499843579000,113.525,113.536,113.525,113.527,64520000,1
1499843580000,1499843639000,113.527,113.546,113.525,113.541,106800000,1
1499843640000,1499843699000,113.54,113.548,113.539,113.545,126170000,1
1499843700000,1499843759000,113.546,113.571,113.538,113.538,497020000,1
1499843760000,1499843819000,113.537,113.54,113.512,113.519,254010000,1
1499843820000,1499843879000,113.52,113.539,113.516,113.53,174580000,1
1499843880000,1499843939000,113.53,113.537,113.515,113.524,142840000,1
1499843940000,1499843999000,113.524,113.525,113.51,113.514,98180000,1
1499844000000,1499844059000,113.513,113.517,113.499,113.5,90000000,1
1499844060000,1499844119000,113.501,113.513,113.501,113.512,87860000,1
1499844120000,1499844179000,113.514,113.514,113.497,113.501,85690000,1
1499844180000,1499844239000,113.499,113.523,113.489,113.521,124350000,1
1499844240000,1499844299000,113.52,113.521,113.502,113.502,74910000,1
1499844300000,1499844359000,113.502,113.506,113.481,113.481,104310000,1
1499844360000,1499844419000,113.481,113.481,113.422,113.424,254280000,1
1499844420000,1499844479000,113.421,113.421,113.353,113.403,381400000,1
1499844480000,1499844539000,113.402,113.413,113.396,113.4,239850000,1
1499844540000,1499844599000,113.402,113.411,113.393,113.398,157210000,1
1499844600000,1499844659000,113.404,113.434,113.404,113.428,148270000,1
1499844660000,1499844719000,113.43,113.439,113.428,113.433,562560000,1
1499844720000,1499844779000,113.433,113.441,113.429,113.431,137480000,1
1499844780000,1499844839000,113.43,113.43,113.418,113.418,79580000,1
1499844840000,1499844899000,113.419,113.426,113.412,113.425,67510000,1
1499844900000,1499844959000,113.426,113.429,113.418,113.426,158300000,1
1499844960000,1499845019000,113.425,113.427,113.41,113.426,112230000,1
1499845020000,1499845079000,113.429,113.437,113.423,113.423,126090000,1
1499845080000,1499845139000,113.423,113.425,113.415,113.423,167180000,1
1499845140000,1499845199000,113.423,113.428,113.404,113.404,110490000,1
1499845200000,1499845259000,113.403,113.436,113.399,113.43,200200000,1
1499845260000,1499845319000,113.43,113.444,113.43,113.431,143330000,1
1499845320000,1499845379000,113.431,113.438,113.427,113.437,155250000,1
1499845380000,1499845439000,113.437,113.46,113.437,113.449,152380000,1
1499845440000,1499845499000,113.448,113.462,113.447,113.454,92670000,1
1499845500000,1499845559000,113.454,113.469,113.453,113.469,120660000,1
1499845560000,1499845619000,113.468,113.491,113.462,113.491,131780000,1
1499845620000,1499845679000,113.491,113.5,113.488,113.499,133900000,1
1499845680000,1499845739000,113.499,113.518,113.497,113.507,149470000,1
1499845740000,1499845799000,113.508,113.513,113.505,113.51,170130000,1
1499845800000,1499845859000,113.51,113.516,113.508,113.511,92230000,1
1499845860000,1499845919000,113.511,113.513,113.498,113.502,150160000,1
1499845920000,1499845979000,113.501,113.513,113.496,113.512,146820000,1
1499845980000,1499846039000,113.512,113.526,113.506,113.506,112700000,1
1499846040000,1499846099000,113.505,113.507,113.486,113.488,206240000,1
1499846100000,1499846159000,113.488,113.492,113.466,113.479,175600000,1
1499846160000,1499846219000,113.478,113.503,113.475,113.501,101300000,1
1499846220000,1499846279000,113.5,113.5,113.468,113.472,123960000,1
1499846280000,1499846339000,113.471,113.473,113.445,113.454,211130000,1
1499846340000,1499846399000,113.453,113.457,113.441,113.451,166480000,1
1499846400000,1499846459000,113.452,113.454,113.434,113.434,170730000,1
1499846460000,1499846519000,113.435,113.441,113.421,113.426,182140000,1
1499846520000,1499846579000,113.427,113.427,113.405,113.413,175590000,1
1499846580000,1499846639000,113.414,113.434,113.412,113.434,101900000,1
1499846640000,1499846699000,113.436,113.448,113.428,113.428,123870000,1
1499846700000,1499846759000,113.428,113.434,113.413,113.434,131640000,1
1499846760000,1499846819000,113.434,113.44,113.405,113.406,228760000,1
1499846820000,1499846879000,113.406,113.417,113.402,113.409,129600000,1
1499846880000,1499846939000,113.409,113.411,113.352,113.37,213890000,1
1499846940000,1499846999000,113.372,113.392,113.362,113.387,174120000,1
1499847000000,1499847059000,113.387,113.396,113.381,113.391,176720000,1
1499847060000,1499847119000,113.39,113.4,113.34,113.37,260500000,1
1499847120000,1499847179000,113.371,113.373,113.353,113.373,208940000,1
1499847180000,1499847239000,113.371,113.375,113.361,113.374,116240000,1
1499847240000,1499847299000,113.374,113.393,113.368,113.39,124220000,1
1499847300000,1499847359000,113.391,113.4,113.379,113.38,79310000,1
1499847360000,1499847419000,113.382,113.382,113.353,113.356,75130000,1
1499847420000,1499847479000,113.355,113.359,113.334,113.358,174630000,1
1499847480000,1499847539000,113.358,113.394,113.353,113.386,192300000,1
1499847540000,1499847599000,113.387,113.396,113.387,113.392,74060000,1
1499847600000,1499847659000,113.394,113.398,113.391,113.397,75720000,1
1499847660000,1499847719000,113.398,113.409,113.392,113.402,147020000,1
1499847720000,1499847779000,113.403,113.42,113.399,113.419,135180000,1
1499847780000,1499847839000,113.419,113.433,113.418,113.418,104680000,1
1499847840000,1499847899000,113.418,113.44,113.417,113.425,138570000,1
1499847900000,1499847959000,113.424,113.427,113.405,113.41,97190000,1
1499847960000,1499848019000,113.41,113.419,113.403,113.418,81490000,1
1499848020000,1499848079000,113.418,113.419,113.403,113.403,88380000,1
1499848080000,1499848139000,113.404,113.415,113.4,113.415,114140000,1
1499848140000,1499848199000,113.414,113.422,113.41,113.414,92580000,1
1499848200000,1499848259000,113.416,113.44,113.416,113.421,220180000,1
1499848260000,1499848319000,113.421,113.443,113.418,113.441,248770000,1
1499848320000,1499848379000,113.441,113.448,113.428,113.428,188370000,1
1499848380000,1499848439000,113.428,113.43,113.421,113.43,139480000,1
1499848440000,1499848499000,113.429,113.458,113.429,113.435,132570000,1
1499848500000,1499848559000,113.435,113.46,113.433,113.46,174450000,1
1499848560000,1499848619000,113.46,113.46,113.443,113.448,115560000,1
1499848620000,1499848679000,113.451,113.453,113.413,113.414,147120000,1
1499848680000,1499848739000,113.416,113.42,113.411,113.414,124940000,1
1499848740000,1499848799000,113.413,113.428,113.413,113.424,106620000,1
1499848800000,1499848859000,113.423,113.427,113.406,113.407,90560000,1
1499848860000,1499848919000,113.408,113.412,113.387,113.395,134930000,1
1499848920000,1499848979000,113.395,113.415,113.395,113.411,126730000,1
1499848980000,1499849039000,113.412,113.416,113.402,113.408,142890000,1
1499849040000,1499849099000,113.407,113.407,113.392,113.402,134030000,1
1499849100000,1499849159000,113.402,113.407,113.401,113.401,62970000,1
1499849160000,1499849219000,113.401,113.401,113.363,113.382,104510000,1
1499849220000,1499849279000,113.381,113.383,113.374,113.381,92150000,1
1499849280000,1499849339000,113.38,113.384,113.375,113.376,73210000,1
1499849340000,1499849399000,113.377,113.383,113.376,113.383,59530000,1
1499849400000,1499849459000,113.383,113.399,113.383,113.397,93590000,1
1499849460000,1499849519000,113.402,113.413,113.402,113.41,79350000,1
1499849520000,1499849579000,113.411,113.412,113.395,113.401,133110000,1
1499849580000,1499849639000,113.404,113.424,113.4,113.422,67700000,1
1499849640000,1499849699000,113.422,113.429,113.413,113.413,108410000,1
1499849700000,1499849759000,113.412,113.413,113.407,113.408,62190000,1
1499849760000,1499849819000,113.407,113.419,113.401,113.415,100350000,1
1499849820000,1499849879000,113.415,113.418,113.403,113.412,121790000,1
1499849880000,1499849939000,113.411,113.441,113.409,113.441,93040000,1
1499849940000,1499849999000,113.439,113.451,113.431,113.435,128730000,1
1499850000000,1499850059000,113.436,113.448,113.435,113.448,99610000,1
1499850060000,1499850119000,113.449,113.449,113.435,113.435,75750000,1
1499850120000,1499850179000,113.435,113.435,113.411,113.43,162410000,1
1499850180000,1499850239000,113.43,113.433,113.414,113.433,139620000,1
1499850240000,1499850299000,113.435,113.442,113.426,113.437,183560000,1
1499850300000,1499850359000,113.436,113.442,113.43,113.441,189910000,1
1499850360000,1499850419000,113.442,113.444,113.425,113.43,258230000,1
1499850420000,1499850479000,113.429,113.429,113.407,113.417,147950000,1
1499850480000,1499850539000,113.418,113.418,113.404,113.404,50110000,1
1499850540000,1499850599000,113.405,113.409,113.392,113.409,106800000,1
1499850600000,1499850659000,113.409,113.414,113.404,113.411,140030000,1
1499850660000,1499850719000,113.41,113.41,113.389,113.399,93750000,1
1499850720000,1499850779000,113.399,113.407,113.399,113.4,65520000,1
1499850780000,1499850839000,113.402,113.405,113.401,113.403,48810000,1
1499850840000,1499850899000,113.403,113.411,113.401,113.408,87070000,1
1499850900000,1499850959000,113.408,113.411,113.406,113.41,47280000,1
1499850960000,1499851019000,113.409,113.409,113.401,113.401,53930000,1
1499851020000,1499851079000,113.399,113.421,113.399,113.421,146060000,1
1499851080000,1499851139000,113.42,113.42,113.402,113.402,83980000,1
1499851140000,1499851199000,113.404,113.408,113.402,113.403,53300000,1
1499851200000,1499851259000,113.404,113.404,113.388,113.4,134580000,1
1499851260000,1499851319000,113.4,113.422,113.392,113.421,70570000,1
1499851320000,1499851379000,113.422,113.427,113.416,113.427,131340000,1
1499851380000,1499851439000,113.428,113.447,113.427,113.431,128960000,1
1499851440000,1499851499000,113.431,113.431,113.404,113.404,175390000,1
1499851500000,1499851559000,113.403,113.407,113.381,113.39,130480000,1
1499851560000,1499851619000,113.39,113.393,113.381,113.391,59090000,1
1499851620000,1499851679000,113.392,113.405,113.383,113.384,116300000,1
1499851680000,1499851739000,113.383,113.393,113.383,113.388,127020000,1
1499851740000,1499851799000,113.388,113.4,113.387,113.396,133550000,1
1499851800000,1499851859000,113.395,113.395,113.38,113.38,149250000,1
1499851860000,1499851919000,113.38,113.388,113.366,113.381,133060000,1
1499851920000,1499851979000,113.382,113.403,113.382,113.401,72080000,1
1499851980000,1499852039000,113.4,113.402,113.394,113.398,93920000,1
1499852040000,1499852099000,113.396,113.401,113.378,113.379,216890000,1
1499852100000,1499852159000,113.38,113.38,113.363,113.363,147070000,1
1499852160000,1499852219000,113.362,113.362,113.349,113.357,125520000,1
1499852220000,1499852279000,113.357,113.36,113.342,113.347,104480000,1
1499852280000,1499852339000,113.348,113.358,113.345,113.352,125870000,1
1499852340000,1499852399000,113.354,113.362,113.348,113.354,201620000,1
1499852400000,1499852459000,113.354,113.373,113.349,113.361,187730000,1
1499852460000,1499852519000,113.362,113.363,113.357,113.357,79490000,1
1499852520000,1499852579000,113.357,113.368,113.352,113.368,149970000,1
1499852580000,1499852639000,113.368,113.374,113.364,113.368,100160000,1
1499852640000,1499852699000,113.368,113.382,113.363,113.379,84190000,1
1499852700000,1499852759000,113.378,113.394,113.373,113.383,69020000,1
1499852760000,1499852819000,113.383,113.385,113.371,113.382,99380000,1
1499852820000,1499852879000,113.381,113.383,113.363,113.373,168570000,1
1499852880000,1499852939000,113.372,113.375,113.362,113.373,99870000,1
1499852940000,1499852999000,113.375,113.396,113.375,113.388,230630000,1
1499853000000,1499853059000,113.388,113.4,113.388,113.392,130390000,1
1499853060000,1499853119000,113.392,113.396,113.388,113.394,110230000,1
1499853120000,1499853179000,113.392,113.394,113.387,113.388,60550000,1
1499853180000,1499853239000,113.388,113.398,113.387,113.397,87640000,1
1499853240000,1499853299000,113.399,113.425,113.399,113.419,74770000,1
1499853300000,1499853359000,113.419,113.422,113.407,113.407,92380000,1
1499853360000,1499853419000,113.405,113.416,113.402,113.415,271740000,1
1499853420000,1499853479000,113.415,113.426,113.411,113.419,132540000,1
1499853480000,1499853539000,113.418,113.427,113.418,113.426,101800000,1
1499853540000,1499853599000,113.429,113.44,113.429,113.434,91520000,1
1499853600000,1499853659000,113.432,113.432,113.424,113.425,119830000,1
1499853660000,1499853719000,113.424,113.425,113.392,113.403,78080000,1
1499853720000,1499853779000,113.404,113.44,113.404,113.44,98330000,1
1499853780000,1499853839000,113.44,113.442,113.432,113.439,117310000,1
1499853840000,1499853899000,113.44,113.444,113.429,113.433,74450000,1
1499853900000,1499853959000,113.433,113.437,113.431,113.432,63480000,1
1499853960000,1499854019000,113.432,113.432,113.43,113.43,60940000,1
1499854020000,1499854079000,113.429,113.433,113.425,113.429,100840000,1
1499854080000,1499854139000,113.428,113.442,113.428,113.435,99100000,1
1499854140000,1499854199000,113.435,113.441,113.433,113.434,102160000,1
1499854200000,1499854259000,113.436,113.46,113.433,113.459,104040000,1
1499854260000,1499854319000,113.46,113.46,113.443,113.446,73010000,1
1499854320000,1499854379000,113.445,113.446,113.437,113.445,51980000,1
1499854380000,1499854439000,113.445,113.447,113.44,113.443,56330000,1
1499854440000,1499854499000,113.443,113.446,113.443,113.445,45680000,1
1499854500000,1499854559000,113.445,113.447,113.433,113.433,76130000,1
1499854560000,1499854619000,113.432,113.432,113.427,113.43,105270000,1
1499854620000,1499854679000,113.43,113.441,113.414,113.416,101430000,1
1499854680000,1499854739000,113.415,113.424,113.412,113.418,257600000,1
1499854740000,1499854799000,113.419,113.421,113.417,113.417,51800000,1
1499854800000,1499854859000,113.417,113.426,113.415,113.423,103990000,1
1499854860000,1499854919000,113.423,113.423,113.418,113.418,14490000,1
1499854920000,1499854979000,113.419,113.424,113.412,113.414,78570000,1
1499854980000,1499855039000,113.415,113.425,113.412,113.425,59040000,1
1499855040000,1499855099000,113.424,113.435,113.423,113.435,30960000,1
1499855100000,1499855159000,113.436,113.439,113.431,113.431,87120000,1
1499855160000,1499855219000,113.431,113.433,113.427,113.427,101120000,1
1499855220000,1499855279000,113.428,113.438,113.427,113.437,73840000,1
1499855280000,1499855339000,113.437,113.452,113.435,113.452,40630000,1
1499855340000,1499855399000,113.451,113.451,113.447,113.448,44380000,1
1499855400000,1499855459000,113.448,113.473,113.445,113.455,99820000,1
1499855460000,1499855519000,113.454,113.483,113.454,113.475,106500000,1
1499855520000,1499855579000,113.475,113.485,113.472,113.472,105850000,1
1499855580000,1499855639000,113.474,113.475,113.462,113.463,60030000,1
1499855640000,1499855699000,113.464,113.489,113.462,113.482,136960000,1
1499855700000,1499855759000,113.481,113.485,113.476,113.477,124570000,1
1499855760000,1499855819000,113.476,113.483,113.469,113.483,115920000,1
1499855820000,1499855879000,113.483,113.486,113.48,113.48,109980000,1
1499855880000,1499855939000,113.48,113.492,113.477,113.477,115860000,1
1499855940000,1499855999000,113.477,113.484,113.476,113.482,82110000,1
1499856000000,1499856059000,113.48,113.482,113.472,113.478,93010000,1
1499856060000,1499856119000,113.478,113.481,113.475,113.478,46610000,1
1499856120000,1499856179000,113.477,113.48,113.476,113.478,81690000,1
1499856180000,1499856239000,113.478,113.49,113.478,113.49,96600000,1
1499856240000,1499856299000,113.491,113.494,113.472,113.485,92260000,1
1499856300000,1499856359000,113.484,113.484,113.472,113.478,83190000,1
1499856360000,1499856419000,113.477,113.488,113.477,113.488,45540000,1
1499856420000,1499856479000,113.488,113.494,113.471,113.472,146730000,1
1499856480000,1499856539000,113.474,113.475,113.457,113.457,67640000,1
1499856540000,1499856599000,113.456,113.462,113.444,113.461,132660000,1
1499856600000,1499856659000,113.462,113.472,113.461,113.469,53780000,1
1499856660000,1499856719000,113.469,113.481,113.466,113.479,93250000,1
1499856720000,1499856779000,113.48,113.492,113.478,113.491,131270000,1
1499856780000,1499856839000,113.492,113.501,113.487,113.496,174280000,1
1499856840000,1499856899000,113.496,113.517,113.496,113.514,127840000,1
1499856900000,1499856959000,113.514,113.536,113.513,113.531,120970000,1
1499856960000,1499857019000,113.53,113.538,113.528,113.537,112080000,1
1499857020000,1499857079000,113.537,113.537,113.521,113.525,85720000,1
1499857080000,1499857139000,113.524,113.527,113.522,113.523,59890000,1
1499857140000,1499857199000,113.522,113.524,113.498,113.501,111660000,1
1499857200000,1499857259000,113.502,113.525,113.502,113.525,126630000,1
1499857260000,1499857319000,113.526,113.537,113.526,113.531,70830000,1
1499857320000,1499857379000,113.531,113.531,113.503,113.503,80280000,1
1499857380000,1499857439000,113.501,113.501,113.483,113.485,133730000,1
1499857440000,1499857499000,113.484,113.496,113.481,113.49,64200000,1
1499857500000,1499857559000,113.492,113.503,113.486,113.502,60600000,1
1499857560000,1499857619000,113.5,113.509,113.494,113.503,105020000,1
1499857620000,1499857679000,113.504,113.517,113.499,113.499,93070000,1
1499857680000,1499857739000,113.499,113.499,113.491,113.493,83960000,1
1499857740000,1499857799000,113.493,113.501,113.489,113.49,70720000,1
1499857800000,1499857859000,113.489,113.49,113.465,113.468,201150000,1
1499857860000,1499857919000,113.468,113.474,113.464,113.469,101360000,1
1499857920000,1499857979000,113.469,113.469,113.465,113.469,55680000,1
1499857980000,1499858039000,113.47,113.47,113.456,113.47,108530000,1
1499858040000,1499858099000,113.47,113.483,113.47,113.481,61740000,1
1499858100000,1499858159000,113.481,113.481,113.47,113.473,133080000,1
1499858160000,1499858219000,113.474,113.491,113.472,113.484,89520000,1
1499858220000,1499858279000,113.483,113.497,113.48,113.496,54610000,1
1499858280000,1499858339000,113.497,113.506,113.485,113.489,80890000,1
1499858340000,1499858399000,113.489,113.498,113.489,113.492,75950000,1
1499858400000,1499858459000,113.493,113.502,113.49,113.502,85650000,1
1499858460000,1499858519000,113.501,113.502,113.491,113.497,66030000,1
1499858520000,1499858579000,113.5,113.505,113.481,113.482,96450000,1
1499858580000,1499858639000,113.483,113.497,113.483,113.488,74330000,1
1499858640000,1499858699000,113.488,113.502,113.488,113.5,82030000,1
1499858700000,1499858759000,113.5,113.502,113.49,113.492,105150000,1
1499858760000,1499858819000,113.491,113.498,113.488,113.498,86750000,1
1499858820000,1499858879000,113.498,113.498,113.479,113.494,131530000,1
1499858880000,1499858939000,113.494,113.499,113.489,113.489,58870000,1
1499858940000,1499858999000,113.489,113.489,113.47,113.47,310960000,1
1499859000000,1499859059000,113.465,113.488,113.463,113.469,46000000,1
1499859060000,1499859119000,113.464,113.481,113.462,113.474,57000000,1
1499859120000,1499859179000,113.475,113.485,113.475,113.485,48000000,1
1499859180000,1499859239000,113.484,113.511,113.482,113.504,62000000,1
1499859240000,1499859299000,113.503,113.505,113.496,113.497,50000000,1
1499859300000,1499859359000,113.497,113.497,113.484,113.49,36000000,1
1499859360000,1499859419000,113.49,113.502,113.49,113.501,19000000,1
1499859420000,1499859479000,113.503,113.511,113.495,113.495,68000000,1
1499859480000,1499859539000,113.495,113.5,113.495,113.5,20000000,1
1499859540000,1499859599000,113.501,113.501,113.494,113.498,13000000,1
1499859600000,1499859659000,113.496,113.505,113.495,113.495,33000000,1
1499859660000,1499859719000,113.496,113.497,113.481,113.481,21000000,1
1499859780000,1499859839000,113.494,113.498,113.493,113.498,6000000,1
1499859840000,1499859899000,113.497,113.516,113.494,113.513,61000000,1
1499859900000,1499859959000,113.514,113.553,113.513,113.538,78000000,1
1499859960000,1499860019000,113.538,113.543,113.531,113.538,44000000,1
1499860020000,1499860079000,113.541,113.55,113.535,113.542,65000000,1
1499860080000,1499860139000,113.545,113.551,113.534,113.551,72000000,1
1499860140000,1499860199000,113.554,113.556,113.537,113.538,47000000,1
1499860200000,1499860259000,113.537,113.539,113.524,113.527,41000000,1
1499860260000,1499860319000,113.528,113.547,113.527,113.546,27000000,1
1499860320000,1499860379000,113.546,113.573,113.546,113.568,63000000,1
1499860380000,1499860439000,113.569,113.572,113.545,113.551,73000000,1
1499860440000,1499860499000,113.552,113.569,113.54,113.563,53000000,1
1499860500000,1499860559000,113.562,113.567,113.549,113.56,103000000,1
1499860560000,1499860619000,113.559,113.561,113.538,113.55,82000000,1
1499860620000,1499860679000,113.551,113.551,113.526,113.531,83000000,1
1499860680000,1499860739000,113.531,113.538,113.523,113.538,78000000,1
1499860740000,1499860799000,113.538,113.545,113.533,113.533,67000000,1
1499860800000,1499860859000,113.535,113.535,113.517,113.524,100910000,1
1499860860000,1499860919000,113.526,113.532,113.521,113.524,109670000,1
1499860920000,1499860979000,113.524,113.531,113.524,113.526,45400000,1
1499860980000,1499861039000,113.526,113.527,113.525,113.526,35410000,1
1499861040000,1499861099000,113.527,113.532,113.519,113.532,74060000,1
1499861100000,1499861159000,113.534,113.548,113.533,113.535,61100000,1
1499861160000,1499861219000,113.534,113.535,113.525,113.528,77610000,1
1499861220000,1499861279000,113.526,113.533,113.526,113.528,31250000,1
1499861280000,1499861339000,113.528,113.53,113.514,113.514,62840000,1
1499861340000,1499861399000,113.514,113.52,113.508,113.513,63210000,1
1499861400000,1499861459000,113.513,113.52,113.511,113.518,86470000,1
1499861460000,1499861519000,113.519,113.527,113.514,113.514,74550000,1
1499861520000,1499861579000,113.513,113.515,113.505,113.507,57410000,1
1499861580000,1499861639000,113.506,113.547,113.503,113.545,119590000,1
1499861640000,1499861699000,113.545,113.549,113.53,113.549,114320000,1
1499861700000,1499861759000,113.548,113.553,113.537,113.537,83230000,1
1499861760000,1499861819000,113.536,113.554,113.534,113.549,160000000,1
1499861820000,1499861879000,113.551,113.559,113.546,113.547,87390000,1
1499861880000,1499861939000,113.546,113.574,113.54,113.562,118740000,1
1499861940000,1499861999000,113.563,113.602,113.56,113.592,174120000,1
1499862000000,1499862059000,113.593,113.607,113.584,113.585,219680000,1
1499862060000,1499862119000,113.585,113.585,113.577,113.579,77650000,1
1499862120000,1499862179000,113.579,113.59,113.572,113.574,170100000,1
1499862180000,1499862239000,113.573,113.573,113.553,113.558,180470000,1
1499862240000,1499862299000,113.559,113.564,113.53,113.549,201230000,1
1499862300000,1499862359000,113.549,113.565,113.548,113.564,137320000,1
1499862360000,1499862419000,113.563,113.57,113.561,113.564,108870000,1
1499862420000,1499862479000,113.564,113.566,113.538,113.539,174430000,1
1499862480000,1499862539000,113.54,113.557,113.54,113.544,122540000,1
1499862540000,1499862599000,113.543,113.546,113.52,113.544,209060000,1
1499862600000,1499862659000,113.54,113.718,113.368,113.379,743940000,1
1499862660000,1499862719000,113.377,113.392,113.245,113.318,600940000,1
1499862720000,1499862779000,113.318,113.415,113.297,113.359,474990000,1
1499862780000,1499862839000,113.355,113.387,113.324,113.363,375820000,1
1499862840000,1499862899000,113.363,113.407,113.345,113.348,456860000,1
1499862900000,1499862959000,113.348,113.386,113.304,113.304,313900000,1
1499862960000,1499863019000,113.303,113.307,113.248,113.262,457670000,1
1499863020000,1499863079000,113.265,113.281,113.2,113.238,461090000,1
1499863080000,1499863139000,113.238,113.278,113.227,113.264,351050000,1
1499863140000,1499863199000,113.264,113.286,113.247,113.273,426690000,1
1499863200000,1499863259000,113.273,113.285,113.247,113.253,394070000,1
1499863260000,1499863319000,113.253,113.259,113.198,113.215,345860000,1
1499863320000,1499863379000,113.217,113.239,113.157,113.183,355690000,1
1499863380000,1499863439000,113.182,113.205,113.113,113.121,413920000,1
1499863440000,1499863499000,113.114,113.115,113.073,113.081,405820000,1
1499863500000,1499863559000,113.08,113.092,113.052,113.073,367010000,1
1499863560000,1499863619000,113.073,113.087,113.042,113.043,354330000,1
1499863620000,1499863679000,113.044,113.079,113.021,113.073,311590000,1
1499863680000,1499863739000,113.07,113.14,113.05,113.122,330030000,1
1499863740000,1499863799000,113.122,113.146,113.114,113.141,295630000,1
1499863800000,1499863859000,113.141,113.156,113.138,113.146,234030000,1
1499863860000,1499863919000,113.145,113.146,113.123,113.133,287770000,1
1499863920000,1499863979000,113.133,113.137,113.095,113.108,182480000,1
1499863980000,1499864039000,113.108,113.108,113.019,113.022,345150000,1
1499864040000,1499864099000,113.022,113.082,113.022,113.075,289000000,1
1499864100000,1499864159000,113.075,113.075,112.97,113.002,424090000,1
1499864160000,1499864219000,113.004,113.026,113.0,113.0,283370000,1
1499864220000,1499864279000,112.998,113.008,112.933,112.933,367590000,1
1499864280000,1499864339000,112.931,112.969,112.926,112.962,363320000,1
1499864340000,1499864399000,112.961,112.981,112.939,112.981,248410000,1
1499864400000,1499864459000,112.979,112.988,112.951,112.953,293800000,1
1499864460000,1499864519000,112.955,112.999,112.955,112.999,226940000,1
1499864520000,1499864579000,113.001,113.067,112.999,113.042,305020000,1
1499864580000,1499864639000,113.042,113.043,113.004,113.018,306770000,1
1499864640000,1499864699000,113.02,113.039,113.01,113.028,230120000,1
1499864700000,1499864759000,113.029,113.066,113.028,113.058,334420000,1
1499864760000,1499864819000,113.061,113.068,113.042,113.067,232190000,1
1499864820000,1499864879000,113.066,113.128,113.058,113.107,316260000,1
1499864880000,1499864939000,113.107,113.121,113.091,113.121,273920000,1
1499864940000,1499864999000,113.125,113.139,113.108,113.114,217550000,1
1499865000000,1499865059000,113.115,113.116,113.082,113.086,168580000,1
1499865060000,1499865119000,113.087,113.103,113.083,113.101,171060000,1
1499865120000,1499865179000,113.101,113.101,113.091,113.1,150550000,1
1499865180000,1499865239000,113.102,113.13,113.101,113.128,167600000,1
1499865240000,1499865299000,113.128,113.138,113.113,113.122,240810000,1
1499865300000,1499865359000,113.122,113.138,113.114,113.134,161640000,1
1499865360000,1499865419000,113.135,113.137,113.124,113.131,149500000,1
1499865420000,1499865479000,113.131,113.131,113.081,113.087,243490000,1
1499865480000,1499865539000,113.087,113.092,113.077,113.086,124960000,1
1499865540000,1499865599000,113.086,113.097,113.075,113.08,199090000,1
1499865600000,1499865659000,113.079,113.087,113.027,113.048,214830000,1
1499865660000,1499865719000,113.049,113.096,113.038,113.092,217860000,1
1499865720000,1499865779000,113.093,113.096,113.079,113.08,110940000,1
1499865780000,1499865839000,113.08,113.086,113.059,113.075,173950000,1
1499865840000,1499865899000,113.075,113.079,113.068,113.076,121420000,1
1499865900000,1499865959000,113.076,113.103,113.076,113.091,155840000,1
1499865960000,1499866019000,113.09,113.095,113.049,113.066,186500000,1
1499866020000,1499866079000,113.066,113.098,113.063,113.095,176360000,1
1499866080000,1499866139000,113.097,113.098,113.076,113.079,153430000,1
1499866140000,1499866199000,113.08,113.089,113.06,113.066,128890000,1
1499866200000,1499866259000,113.066,113.097,113.066,113.085,221070000,1
1499866260000,1499866319000,113.08,113.087,113.066,113.079,172730000,1
1499866320000,1499866379000,113.078,113.078,113.027,113.053,133510000,1
1499866380000,1499866439000,113.053,113.06,113.048,113.053,244970000,1
1499866440000,1499866499000,113.054,113.06,113.042,113.056,261640000,1
1499866500000,1499866559000,113.058,113.078,113.038,113.038,259640000,1
1499866560000,1499866619000,113.034,113.08,113.033,113.073,227490000,1
1499866620000,1499866679000,113.072,113.084,113.069,113.082,173290000,1
1499866680000,1499866739000,113.083,113.138,113.083,113.137,225650000,1
1499866740000,1499866799000,113.137,113.142,113.121,113.124,188510000,1
1499866800000,1499866859000,113.125,113.144,113.123,113.13,189100000,1
1499866860000,1499866919000,113.128,113.152,113.128,113.15,180510000,1
1499866920000,1499866979000,113.151,113.192,113.144,113.192,184500000,1
1499866980000,1499867039000,113.191,113.208,113.168,113.197,267600000,1
1499867040000,1499867099000,113.194,113.201,113.17,113.19,177590000,1
1499867100000,1499867159000,113.192,113.201,113.174,113.197,158120000,1
1499867160000,1499867219000,113.198,113.203,113.18,113.181,157460000,1
1499867220000,1499867279000,113.18,113.198,113.17,113.192,183990000,1
1499867280000,1499867339000,113.191,113.227,113.186,113.227,169080000,1
1499867340000,1499867399000,113.228,113.247,113.222,113.235,199450000,1
1499867400000,1499867459000,113.233,113.258,113.218,113.225,269640000,1
1499867460000,1499867519000,113.226,113.242,113.216,113.227,213200000,1
1499867520000,1499867579000,113.226,113.226,113.213,113.225,209860000,1
1499867580000,1499867639000,113.225,113.226,113.204,113.22,226750000,1
1499867640000,1499867699000,113.222,113.252,113.222,113.241,217030000,1
1499867700000,1499867759000,113.24,113.258,113.24,113.251,169050000,1
1499867760000,1499867819000,113.248,113.284,113.248,113.283,170240000,1
1499867820000,1499867879000,113.282,113.302,113.261,113.266,215520000,1
1499867880000,1499867939000,113.268,113.27,113.244,113.245,147860000,1
1499867940000,1499867999000,113.244,113.256,113.228,113.228,177080000,1
1499868000000,1499868059000,113.23,113.266,113.224,113.26,268310000,1
1499868060000,1499868119000,113.26,113.292,113.249,113.265,249800000,1
1499868120000,1499868179000,113.265,113.296,113.237,113.243,247380000,1
1499868180000,1499868239000,113.246,113.278,113.242,113.256,254980000,1
1499868240000,1499868299000,113.257,113.258,113.213,113.242,279990000,1
1499868300000,1499868359000,113.241,113.246,113.215,113.216,164980000,1
1499868360000,1499868419000,113.216,113.222,113.203,113.216,142460000,1
1499868420000,1499868479000,113.217,113.237,113.217,113.232,139240000,1
1499868480000,1499868539000,113.232,113.246,113.217,113.246,178930000,1
1499868540000,1499868599000,113.245,113.248,113.202,113.205,211850000,1
1499868600000,1499868659000,113.203,113.234,113.197,113.228,209120000,1
1499868660000,1499868719000,113.229,113.286,113.227,113.286,193390000,1
1499868720000,1499868779000,113.287,113.342,113.283,113.326,291920000,1
1499868780000,1499868839000,113.322,113.378,113.315,113.365,252920000,1
1499868840000,1499868899000,113.365,113.369,113.335,113.344,275980000,1
1499868900000,1499868959000,113.345,113.348,113.304,113.318,173550000,1
1499868960000,1499869019000,113.319,113.32,113.283,113.297,200310000,1
1499869020000,1499869079000,113.3,113.334,113.284,113.325,206280000,1
1499869080000,1499869139000,113.327,113.352,113.313,113.313,157000000,1
1499869140000,1499869199000,113.314,113.364,113.314,113.325,268130000,1
1499869200000,1499869259000,113.325,113.347,113.305,113.343,184870000,1
1499869260000,1499869319000,113.342,113.344,113.315,113.317,182050000,1
1499869320000,1499869379000,113.317,113.319,113.282,113.286,210360000,1
1499869380000,1499869439000,113.286,113.292,113.27,113.275,164550000,1
1499869440000,1499869499000,113.277,113.28,113.265,113.268,232570000,1
1499869500000,1499869559000,113.268,113.279,113.257,113.268,237220000,1
1499869560000,1499869619000,113.27,113.297,113.27,113.285,136690000,1
1499869620000,1499869679000,113.285,113.335,113.282,113.305,248470000,1
1499869680000,1499869739000,113.307,113.347,113.298,113.32,257170000,1
1499869740000,1499869799000,113.321,113.321,113.299,113.306,135820000,1
1499869800000,1499869859000,113.307,113.348,113.268,113.285,340740000,1
1499869860000,1499869919000,113.284,113.285,113.264,113.278,298930000,1
1499869920000,1499869979000,113.28,113.302,113.278,113.297,224090000,1
1499869980000,1499870039000,113.295,113.32,113.283,113.32,218680000,1
1499870040000,1499870099000,113.318,113.32,113.272,113.293,284210000,1
1499870100000,1499870159000,113.295,113.296,113.28,113.283,244730000,1
1499870160000,1499870219000,113.282,113.282,113.244,113.244,259920000,1
1499870220000,1499870279000,113.245,113.275,113.243,113.264,274900000,1
1499870280000,1499870339000,113.264,113.269,113.249,113.268,189480000,1
1499870340000,1499870399000,113.268,113.272,113.244,113.258,208650000,1
1499870400000,1499870459000,113.258,113.263,113.247,113.249,205130000,1
1499870460000,1499870519000,113.249,113.254,113.16,113.166,255790000,1
1499870520000,1499870579000,113.17,113.19,113.155,113.178,341670000,1
1499870580000,1499870639000,113.18,113.186,113.162,113.168,200570000,1
1499870640000,1499870699000,113.168,113.187,113.154,113.173,191190000,1
1499870700000,1499870759000,113.173,113.192,113.171,113.184,187500000,1
1499870760000,1499870819000,113.186,113.208,113.183,113.206,155390000,1
1499870820000,1499870879000,113.206,113.226,113.203,113.221,132230000,1
1499870880000,1499870939000,113.221,113.226,113.196,113.196,193500000,1
1499870940000,1499870999000,113.196,113.211,113.191,113.193,192160000,1
1499871000000,1499871059000,113.193,113.207,113.178,113.194,163500000,1
1499871060000,1499871119000,113.194,113.194,113.161,113.194,172400000,1
1499871120000,1499871179000,113.195,113.196,113.161,113.164,202240000,1
1499871180000,1499871239000,113.165,113.165,113.09,113.09,211330000,1
1499871240000,1499871299000,113.089,113.112,113.089,113.097,233100000,1
1499871300000,1499871359000,113.098,113.145,113.098,113.114,213340000,1
1499871360000,1499871419000,113.116,113.116,113.086,113.106,238100000,1
1499871420000,1499871479000,113.105,113.139,113.083,113.09,229960000,1
1499871480000,1499871539000,113.091,113.098,113.065,113.082,261240000,1
1499871540000,1499871599000,113.08,113.089,113.038,113.041,217920000,1
1499871600000,1499871659000,113.044,113.069,113.027,113.045,363590000,1
1499871660000,1499871719000,113.047,113.05,113.022,113.04,268970000,1
1499871720000,1499871779000,113.04,113.077,113.023,113.061,339210000,1
1499871780000,1499871839000,113.06,113.066,113.033,113.066,214100000,1
1499871840000,1499871899000,113.064,113.087,113.06,113.078,274600000,1
1499871900000,1499871959000,113.077,113.096,113.075,113.085,154780000,1
1499871960000,1499872019000,113.085,113.1,113.07,113.07,256910000,1
1499872020000,1499872079000,113.072,113.076,113.051,113.068,193620000,1
1499872080000,1499872139000,113.069,113.108,113.066,113.1,163530000,1
1499872140000,1499872199000,113.1,113.105,113.073,113.089,188310000,1
1499872200000,1499872259000,113.089,113.104,113.063,113.066,201400000,1
1499872260000,1499872319000,113.068,113.079,113.057,113.072,214490000,1
1499872320000,1499872379000,113.074,113.105,113.061,113.079,208910000,1
1499872380000,1499872439000,113.08,113.096,113.08,113.089,219600000,1
1499872440000,1499872499000,113.09,113.095,113.071,113.095,185300000,1
1499872500000,1499872559000,113.093,113.105,113.071,113.084,147790000,1
1499872560000,1499872619000,113.087,113.099,113.085,113.099,107890000,1
1499872620000,1499872679000,113.098,113.138,113.083,113.136,228130000,1
1499872680000,1499872739000,113.137,113.15,113.126,113.141,177840000,1
1499872740000,1499872799000,113.141,113.176,113.141,113.163,274860000,1
1499872800000,1499872859000,113.162,113.176,113.158,113.176,171890000,1
1499872860000,1499872919000,113.175,113.175,113.133,113.138,235090000,1
1499872920000,1499872979000,113.138,113.144,113.129,113.131,110170000,1
1499872980000,1499873039000,113.131,113.158,113.12,113.148,146490000,1
1499873040000,1499873099000,113.148,113.151,113.115,113.126,165530000,1
1499873100000,1499873159000,113.128,113.149,113.128,113.146,192330000,1
1499873160000,1499873219000,113.147,113.149,113.125,113.129,191560000,1
1499873220000,1499873279000,113.132,113.194,113.127,113.191,247240000,1
1499873280000,1499873339000,113.193,113.215,113.163,113.203,199840000,1
1499873340000,1499873399000,113.203,113.227,113.193,113.215,324670000,1
1499873400000,1499873459000,113.217,113.238,113.202,113.234,164440000,1
1499873460000,1499873519000,113.237,113.244,113.21,113.213,201970000,1
1499873520000,1499873579000,113.216,113.229,113.203,113.208,197220000,1
1499873580000,1499873639000,113.209,113.217,113.2,113.2,208830000,1
1499873640000,1499873699000,113.202,113.205,113.177,113.194,250330000,1
1499873700000,1499873759000,113.193,113.201,113.18,113.192,149090000,1
1499873760000,1499873819000,113.192,113.218,113.184,113.205,108290000,1
1499873820000,1499873879000,113.203,113.216,113.19,113.208,133820000,1
1499873880000,1499873939000,113.208,113.218,113.189,113.216,143510000,1
1499873940000,1499873999000,113.216,113.216,113.198,113.199,111470000,1
1499874000000,1499874059000,113.199,113.218,113.199,113.206,138920000,1
1499874060000,1499874119000,113.207,113.215,113.201,113.204,163810000,1
1499874120000,1499874179000,113.206,113.208,113.201,113.202,70840000,1
1499874180000,1499874239000,113.202,113.206,113.195,113.203,149210000,1
1499874240000,1499874299000,113.204,113.21,113.195,113.21,168090000,1
1499874300000,1499874359000,113.206,113.208,113.184,113.192,183370000,1
1499874360000,1499874419000,113.192,113.228,113.188,113.227,183120000,1
1499874420000,1499874479000,113.231,113.262,113.231,113.244,153110000,1
1499874480000,1499874539000,113.245,113.245,113.23,113.242,119730000,1
1499874540000,1499874599000,113.243,113.245,113.216,113.217,138360000,1
1499874600000,1499874659000,113.218,113.218,113.189,113.195,160950000,1
1499874660000,1499874719000,113.196,113.203,113.193,113.203,115210000,1
1499874720000,1499874779000,113.201,113.201,113.189,113.193,143930000,1
1499874780000,1499874839000,113.193,113.197,113.191,113.191,151670000,1
1499874840000,1499874899000,113.191,113.196,113.158,113.166,151400000,1
1499874900000,1499874959000,113.166,113.191,113.164,113.184,155500000,1
1499874960000,1499875019000,113.183,113.188,113.178,113.186,110990000,1
1499875020000,1499875079000,113.186,113.186,113.16,113.161,111090000,1
1499875080000,1499875139000,113.161,113.181,113.161,113.18,186360000,1
1499875140000,1499875199000,113.183,113.2,113.183,113.192,134950000,1
1499875200000,1499875259000,113.19,113.198,113.157,113.165,96810000,1
1499875260000,1499875319000,113.164,113.165,113.146,113.156,151610000,1
1499875320000,1499875379000,113.16,113.17,113.151,113.152,116850000,1
1499875380000,1499875439000,113.152,113.161,113.152,113.159,22250000,1
1499875440000,1499875499000,113.16,113.171,113.153,113.158,67560000,1
1499875500000,1499875559000,113.157,113.17,113.152,113.166,108560000,1
1499875560000,1499875619000,113.165,113.171,113.159,113.161,104980000,1
1499875620000,1499875679000,113.163,113.173,113.161,113.173,105320000,1
1499875680000,1499875739000,113.176,113.184,113.17,113.184,88780000,1
1499875740000,1499875799000,113.184,113.202,113.184,113.193,95800000,1
1499875800000,1499875859000,113.194,113.197,113.192,113.193,79920000,1
1499875860000,1499875919000,113.193,113.217,113.193,113.217,109150000,1
1499875920000,1499875979000,113.217,113.221,113.165,113.165,146780000,1
1499875980000,1499876039000,113.164,113.17,113.149,113.153,187420000,1
1499876040000,1499876099000,113.154,113.156,113.129,113.129,128280000,1
1499876100000,1499876159000,113.128,113.128,113.09,113.118,214810000,1
1499876160000,1499876219000,113.118,113.121,113.103,113.106,137750000,1
1499876220000,1499876279000,113.11,113.122,113.106,113.121,99020000,1
1499876280000,1499876339000,113.12,113.141,113.107,113.14,196610000,1
1499876340000,1499876399000,113.141,113.141,113.12,113.129,114750000,1
1499876400000,1499876459000,113.129,113.14,113.125,113.131,97150000,1
1499876460000,1499876519000,113.135,113.167,113.135,113.167,115010000,1
1499876520000,1499876579000,113.167,113.19,113.155,113.184,157580000,1
1499876580000,1499876639000,113.184,113.202,113.183,113.202,80220000,1
1499876640000,1499876699000,113.2,113.206,113.19,113.192,124280000,1
1499876700000,1499876759000,113.193,113.23,113.193,113.226,136870000,1
1499876760000,1499876819000,113.224,113.246,113.223,113.236,127340000,1
1499876820000,1499876879000,113.237,113.252,113.232,113.241,114080000,1
1499876880000,1499876939000,113.241,113.253,113.23,113.243,136430000,1
1499876940000,1499876999000,113.242,113.263,113.238,113.251,133590000,1
1499877000000,1499877059000,113.249,113.265,113.249,113.263,72140000,1
1499877060000,1499877119000,113.264,113.269,113.259,113.259,97870000,1
1499877120000,1499877179000,113.258,113.269,113.258,113.258,161420000,1
1499877180000,1499877239000,113.258,113.28,113.258,113.275,100300000,1
1499877240000,1499877299000,113.274,113.277,113.264,113.266,67740000,1
1499877300000,1499877359000,113.265,113.27,113.253,113.255,98060000,1
1499877360000,1499877419000,113.254,113.255,113.234,113.241,84510000,1
1499877420000,1499877479000,113.241,113.241,113.227,113.23,88400000,1
1499877480000,1499877539000,113.23,113.231,113.226,113.228,46530000,1
1499877540000,1499877599000,113.227,113.244,113.225,113.24,93830000,1
1499877600000,1499877659000,113.239,113.24,113.228,113.228,125020000,1
1499877660000,1499877719000,113.227,113.236,113.22,113.231,80380000,1
1499877720000,1499877779000,113.23,113.232,113.216,113.216,112500000,1
1499877780000,1499877839000,113.216,113.217,113.197,113.206,135840000,1
1499877840000,1499877899000,113.204,113.206,113.186,113.187,102480000,1
1499877900000,1499877959000,113.188,113.196,113.183,113.184,304770000,1
1499877960000,1499878019000,113.184,113.2,113.184,113.191,96240000,1
1499878020000,1499878079000,113.19,113.19,113.174,113.174,95470000,1
1499878080000,1499878139000,113.174,113.189,113.166,113.184,209940000,1
1499878140000,1499878199000,113.186,113.192,113.183,113.192,98730000,1
1499878200000,1499878259000,113.192,113.195,113.177,113.182,132650000,1
1499878260000,1499878319000,113.182,113.193,113.182,113.19,63790000,1
1499878320000,1499878379000,113.19,113.198,113.185,113.198,79440000,1
1499878380000,1499878439000,113.199,113.214,113.199,113.212,72670000,1
1499878440000,1499878499000,113.211,113.22,113.211,113.214,35070000,1
1499878500000,1499878559000,113.213,113.222,113.181,113.185,130230000,1
1499878560000,1499878619000,113.188,113.196,113.181,113.181,112600000,1
1499878620000,1499878679000,113.18,113.184,113.172,113.18,133250000,1
1499878680000,1499878739000,113.18,113.183,113.172,113.182,128110000,1
1499878740000,1499878799000,113.179,113.209,113.179,113.203,151330000,1
1499878800000,1499878859000,113.201,113.211,113.197,113.206,65900000,1
1499878860000,1499878919000,113.207,113.231,113.207,113.223,134610000,1
1499878920000,1499878979000,113.222,113.291,113.221,113.286,243620000,1
1499878980000,1499879039000,113.286,113.291,113.273,113.28,188830000,1
1499879040000,1499879099000,113.28,113.28,113.263,113.266,142080000,1
1499879100000,1499879159000,113.266,113.284,113.266,113.275,98190000,1
1499879160000,1499879219000,113.273,113.277,113.271,113.273,114440000,1
1499879220000,1499879279000,113.271,113.277,113.262,113.262,112610000,1
1499879280000,1499879339000,113.262,113.302,113.262,113.301,219640000,1
1499879340000,1499879399000,113.302,113.312,113.294,113.305,253120000,1
1499879400000,1499879459000,113.305,113.305,113.29,113.291,98700000,1
1499879460000,1499879519000,113.292,113.316,113.291,113.309,80390000,1
1499879520000,1499879579000,113.311,113.311,113.291,113.297,119060000,1
1499879580000,1499879639000,113.297,113.298,113.275,113.275,105430000,1
1499879640000,1499879699000,113.276,113.282,113.269,113.282,75260000,1
1499879700000,1499879759000,113.284,113.288,113.274,113.282,81650000,1
1499879760000,1499879819000,113.282,113.287,113.276,113.281,96990000,1
1499879820000,1499879879000,113.28,113.28,113.263,113.279,290380000,1
1499879880000,1499879939000,113.279,113.282,113.276,113.277,112870000,1
1499879940000,1499879999000,113.277,113.285,113.276,113.282,118190000,1
1499880000000,1499880059000,113.281,113.289,113.276,113.281,94700000,1
1499880060000,1499880119000,113.281,113.281,113.256,113.256,82160000,1
1499880120000,1499880179000,113.254,113.254,113.237,113.248,79050000,1
1499880180000,1499880239000,113.248,113.248,113.231,113.247,194840000,1
1499880240000,1499880299000,113.247,113.255,113.242,113.25,51900000,1
1499880300000,1499880359000,113.249,113.256,113.236,113.236,113750000,1
1499880360000,1499880419000,113.237,113.242,113.232,113.237,111260000,1
1499880420000,1499880479000,113.237,113.242,113.229,113.237,66990000,1
1499880480000,1499880539000,113.238,113.242,113.234,113.237,120850000,1
1499880540000,1499880599000,113.24,113.264,113.24,113.26,125120000,1
1499880600000,1499880659000,113.262,113.266,113.26,113.26,59840000,1
1499880660000,1499880719000,113.263,113.276,113.26,113.274,77340000,1
1499880720000,1499880779000,113.275,113.278,113.271,113.274,77580000,1
1499880780000,1499880839000,113.274,113.293,113.274,113.292,119010000,1
1499880840000,1499880899000,113.292,113.292,113.282,113.286,59700000,1
1499880900000,1499880959000,113.287,113.293,113.286,113.292,88650000,1
1499880960000,1499881019000,113.29,113.298,113.286,113.286,95810000,1
1499881020000,1499881079000,113.286,113.294,113.273,113.286,142340000,1
1499881080000,1499881139000,113.286,113.304,113.286,113.298,133960000,1
1499881140000,1499881199000,113.298,113.305,113.298,113.303,77510000,1
1499881200000,1499881259000,113.304,113.318,113.298,113.31,147400000,1
1499881260000,1499881319000,113.311,113.315,113.31,113.314,105500000,1
1499881320000,1499881379000,113.313,113.324,113.299,113.323,164880000,1
1499881380000,1499881439000,113.32,113.324,113.312,113.312,90110000,1
1499881440000,1499881499000,113.315,113.334,113.315,113.326,119300000,1
1499881500000,1499881559000,113.325,113.325,113.304,113.315,113730000,1
1499881560000,1499881619000,113.315,113.319,113.304,113.304,90780000,1
1499881620000,1499881679000,113.304,113.31,113.297,113.297,74750000,1
1499881680000,1499881739000,113.297,113.297,113.285,113.291,69570000,1
1499881740000,1499881799000,113.291,113.291,113.281,113.284,66240000,1
1499881800000,1499881859000,113.284,113.284,113.257,113.266,76800000,1
1499881860000,1499881919000,113.267,113.272,113.256,113.26,97790000,1
1499881920000,1499881979000,113.26,113.265,113.259,113.265,32000000,1
1499881980000,1499882039000,113.265,113.272,113.259,113.261,74520000,1
1499882040000,1499882099000,113.263,113.266,113.26,113.26,50010000,1
1499882100000,1499882159000,113.26,113.261,113.253,113.261,76260000,1
1499882160000,1499882219000,113.261,113.261,113.251,113.253,52620000,1
1499882220000,1499882279000,113.253,113.263,113.253,113.263,42930000,1
1499882280000,1499882339000,113.264,113.281,113.261,113.269,89800000,1
1499882340000,1499882399000,113.268,113.269,113.259,113.263,68110000,1
1499882400000,1499882459000,113.262,113.262,113.248,113.253,90180000,1
1499882460000,1499882519000,113.252,113.285,113.246,113.283,113780000,1
1499882520000,1499882579000,113.282,113.282,113.264,113.268,125500000,1
1499882580000,1499882639000,113.268,113.268,113.244,113.246,83900000,1
1499882640000,1499882699000,113.246,113.253,113.22,113.22,92810000,1
1499882700000,1499882759000,113.216,113.216,113.185,113.195,115920000,1
1499882760000,1499882819000,113.197,113.209,113.197,113.209,78290000,1
1499882820000,1499882879000,113.209,113.22,113.159,113.161,166450000,1
1499882880000,1499882939000,113.16,113.18,113.159,113.177,168410000,1
1499882940000,1499882999000,113.176,113.176,113.149,113.159,208830000,1
1499883000000,1499883059000,113.16,113.177,113.157,113.165,140320000,1
1499883060000,1499883119000,113.164,113.17,113.147,113.153,110740000,1
1499883120000,1499883179000,113.153,113.159,113.151,113.159,80580000,1
1499883180000,1499883239000,113.159,113.16,113.143,113.146,111070000,1
1499883240000,1499883299000,113.145,113.171,113.143,113.169,88470000,1
1499883300000,1499883359000,113.169,113.213,113.169,113.211,141070000,1
1499883360000,1499883419000,113.211,113.26,113.211,113.257,156690000,1
1499883420000,1499883479000,113.256,113.259,113.241,113.247,145410000,1
1499883480000,1499883539000,113.248,113.255,113.242,113.246,77000000,1
1499883540000,1499883599000,113.247,113.259,113.244,113.259,77580000,1
1499883600000,1499883659000,113.258,113.263,113.256,113.256,96490000,1
1499883660000,1499883719000,113.257,113.27,113.254,113.27,52270000,1
1499883720000,1499883779000,113.27,113.274,113.265,113.272,64730000,1
1499883780000,1499883839000,113.27,113.271,113.253,113.259,126300000,1
1499883840000,1499883899000,113.258,113.258,113.239,113.247,73970000,1
1499883900000,1499883959000,113.247,113.247,113.231,113.231,51950000,1
1499883960000,1499884019000,113.228,113.23,113.22,113.22,111600000,1
1499884020000,1499884079000,113.221,113.235,113.221,113.232,96500000,1
1499884080000,1499884139000,113.232,113.235,113.223,113.232,119340000,1
1499884140000,1499884199000,113.229,113.229,113.21,113.216,131620000,1
1499884200000,1499884259000,113.216,113.216,113.211,113.211,131540000,1
1499884260000,1499884319000,113.214,113.238,113.211,113.236,91030000,1
1499884320000,1499884379000,113.237,113.242,113.232,113.242,56860000,1
1499884380000,1499884439000,113.243,113.253,113.243,113.247,99040000,1
1499884440000,1499884499000,113.248,113.248,113.243,113.247,81560000,1
1499884500000,1499884559000,113.248,113.249,113.236,113.236,96250000,1
1499884560000,1499884619000,113.239,113.243,113.239,113.243,31460000,1
1499884620000,1499884679000,113.243,113.243,113.243,113.243,40160000,1
1499884680000,1499884739000,113.243,113.243,113.231,113.231,74730000,1
1499884740000,1499884799000,113.231,113.239,113.227,113.236,80440000,1
1499884800000,1499884859000,113.235,113.237,113.231,113.233,48260000,1
1499884860000,1499884919000,113.234,113.236,113.226,113.229,80890000,1
1499884920000,1499884979000,113.229,113.234,113.228,113.23,75870000,1
1499884980000,1499885039000,113.231,113.247,113.231,113.242,21810000,1
1499885040000,1499885099000,113.241,113.243,113.23,113.238,115340000,1
1499885100000,1499885159000,113.238,113.248,113.236,113.24,67490000,1
1499885160000,1499885219000,113.24,113.264,113.24,113.262,77810000,1
1499885220000,1499885279000,113.262,113.262,113.256,113.257,154110000,1
1499885280000,1499885339000,113.257,113.258,113.243,113.243,93170000,1
1499885340000,1499885399000,113.242,113.251,113.242,113.248,54020000,1
1499885400000,1499885459000,113.248,113.266,113.248,113.265,98790000,1
1499885460000,1499885519000,113.266,113.276,113.266,113.275,55680000,1
1499885520000,1499885579000,113.274,113.274,113.255,113.255,109170000,1
1499885580000,1499885639000,113.254,113.256,113.253,113.255,51120000,1
1499885640000,1499885699000,113.255,113.255,113.249,113.255,79370000,1
1499885700000,1499885759000,113.254,113.254,113.249,113.249,61340000,1
1499885760000,1499885819000,113.248,113.269,113.244,113.266,95220000,1
1499885820000,1499885879000,113.266,113.272,113.262,113.262,93720000,1
1499885880000,1499885939000,113.261,113.261,113.244,113.249,114470000,1
1499885940000,1499885999000,113.25,113.29,113.235,113.261,202510000,1
1499886000000,1499886059000,113.261,113.264,113.248,113.25,52830000,1
1499886060000,1499886119000,113.25,113.252,113.246,113.246,39180000,1
1499886120000,1499886179000,113.245,113.246,113.245,113.245,10000000,1
1499886180000,1499886239000,113.245,113.263,113.245,113.263,34660000,1
1499886240000,1499886299000,113.262,113.272,113.258,113.272,73850000,1
1499886300000,1499886359000,113.272,113.282,113.272,113.278,52070000,1
1499886360000,1499886419000,113.279,113.279,113.266,113.27,58130000,1
1499886420000,1499886479000,113.271,113.274,113.249,113.25,58290000,1
1499886480000,1499886539000,113.25,113.252,113.236,113.241,119740000,1
1499886540000,1499886599000,113.241,113.263,113.239,113.26,89620000,1
1499886600000,1499886659000,113.26,113.265,113.257,113.257,41020000,1
1499886660000,1499886719000,113.258,113.258,113.236,113.241,118740000,1
1499886720000,1499886779000,113.241,113.259,113.241,113.258,73220000,1
1499886780000,1499886839000,113.258,113.266,113.247,113.261,110210000,1
1499886840000,1499886899000,113.261,113.261,113.252,113.253,111620000,1
1499886900000,1499886959000,113.253,113.258,113.252,113.257,68870000,1
1499886960000,1499887019000,113.257,113.257,113.242,113.252,104550000,1
1499887020000,1499887079000,113.251,113.259,113.25,113.254,136960000,1
1499887080000,1499887139000,113.254,113.257,113.251,113.257,87680000,1
1499887140000,1499887199000,113.257,113.257,113.252,113.257,97150000,1
1499887200000,1499887259000,113.256,113.261,113.242,113.244,117890000,1
1499887260000,1499887319000,113.245,113.245,113.238,113.243,51260000,1
1499887320000,1499887379000,113.242,113.242,113.221,113.221,76420000,1
1499887380000,1499887439000,113.221,113.226,113.221,113.225,23580000,1
1499887440000,1499887499000,113.224,113.229,113.219,113.223,34580000,1
1499887500000,1499887559000,113.224,113.23,113.223,113.224,59290000,1
1499887560000,1499887619000,113.222,113.224,113.22,113.224,21410000,1
1499887620000,1499887679000,113.224,113.224,113.193,113.193,41290000,1
1499887680000,1499887739000,113.192,113.22,113.174,113.184,59640000,1
1499887740000,1499887799000,113.184,113.196,113.179,113.188,111980000,1
1499887800000,1499887859000,113.188,113.188,113.145,113.147,130290000,1
1499887860000,1499887919000,113.151,113.17,113.147,113.167,96490000,1
1499887920000,1499887979000,113.165,113.167,113.162,113.166,54010000,1
1499887980000,1499888039000,113.166,113.166,113.146,113.155,172920000,1
1499888040000,1499888099000,113.155,113.157,113.153,113.154,75460000,1
1499888100000,1499888159000,113.156,113.158,113.153,113.153,129540000,1
1499888160000,1499888219000,113.153,113.154,113.152,113.153,33620000,1
1499888220000,1499888279000,113.152,113.156,113.15,113.152,87670000,1
1499888280000,1499888339000,113.152,113.154,113.148,113.148,66760000,1
1499888340000,1499888399000,113.149,113.156,113.147,113.153,42720000,1
1499888400000,1499888459000,113.154,113.154,113.127,113.127,130370000,1
1499888460000,1499888519000,113.127,113.133,113.126,113.132,87700000,1
1499888520000,1499888579000,113.133,113.14,113.129,113.13,78860000,1
1499888580000,1499888639000,113.131,113.134,113.127,113.133,82320000,1
1499888640000,1499888699000,113.134,113.141,113.127,113.136,110390000,1
1499888700000,1499888759000,113.137,113.154,113.137,113.151,139780000,1
1499888760000,1499888819000,113.151,113.161,113.148,113.161,144450000,1
1499888820000,1499888879000,113.161,113.168,113.154,113.168,98750000,1
1499888880000,1499888939000,113.168,113.173,113.161,113.162,72280000,1
1499888940000,1499888999000,113.162,113.166,113.162,113.164,96780000,1
1499889000000,1499889059000,113.159,113.167,113.155,113.167,258180000,1
1499889060000,1499889119000,113.167,113.167,113.153,113.158,88850000,1
1499889120000,1499889179000,113.16,113.178,113.15,113.171,98310000,1
1499889180000,1499889239000,113.173,113.178,113.167,113.175,90440000,1
1499889240000,1499889299000,113.176,113.181,113.172,113.18,56590000,1
1499889300000,1499889359000,113.179,113.186,113.179,113.184,71160000,1
1499889360000,1499889419000,113.184,113.188,113.178,113.178,101210000,1
1499889420000,1499889479000,113.178,113.185,113.178,113.184,95070000,1
1499889480000,1499889539000,113.185,113.19,113.183,113.19,55230000,1
1499889540000,1499889599000,113.19,113.195,113.184,113.193,146500000,1
1499889600000,1499889659000,113.192,113.192,113.18,113.187,119320000,1
1499889660000,1499889719000,113.186,113.189,113.182,113.184,50610000,1
1499889720000,1499889779000,113.182,113.182,113.17,113.17,79220000,1
1499889780000,1499889839000,113.17,113.182,113.17,113.176,84190000,1
1499889840000,1499889899000,113.175,113.184,113.174,113.184,29900000,1
1499889900000,1499889959000,113.184,113.19,113.184,113.189,15180000,1
1499889960000,1499890019000,113.19,113.191,113.19,113.19,3240000,1
1499890020000,1499890079000,113.191,113.191,113.191,113.191,10310000,1
1499890080000,1499890139000,113.191,113.191,113.19,113.191,43110000,1
1499890140000,1499890199000,113.19,113.19,113.188,113.19,51520000,1
1499890200000,1499890259000,113.19,113.19,113.184,113.185,46470000,1
1499890260000,1499890319000,113.185,113.186,113.177,113.177,36880000,1
1499890320000,1499890379000,113.179,113.183,113.179,113.183,31100000,1
1499890380000,1499890439000,113.183,113.183,113.182,113.183,21250000,1
1499890440000,1499890499000,113.183,113.183,113.177,113.179,59570000,1
1499890500000,1499890559000,113.179,113.184,113.178,113.178,92570000,1
1499890560000,1499890619000,113.178,113.178,113.178,113.178,9370000,1
1499890620000,1499890679000,113.178,113.189,113.177,113.188,32810000,1
1499890680000,1499890739000,113.188,113.189,113.184,113.184,53150000,1
1499890740000,1499890799000,113.184,113.185,113.184,113.185,27870000,1
1499890800000,1499890859000,113.185,113.186,113.185,113.186,24670000,1
1499890860000,1499890919000,113.186,113.186,113.179,113.181,102480000,1
1499890920000,1499890979000,113.181,113.181,113.179,113.18,61020000,1
1499890980000,1499891039000,113.18,113.189,113.18,113.185,62130000,1
1499891040000,1499891099000,113.186,113.186,113.185,113.186,48420000,1
1499891100000,1499891159000,113.185,113.185,113.173,113.175,59250000,1
1499891160000,1499891219000,113.174,113.175,113.168,113.168,91550000,1
1499891220000,1499891279000,113.167,113.168,113.165,113.165,37960000,1
1499891280000,1499891339000,113.167,113.167,113.166,113.167,6440000,1
1499891340000,1499891399000,113.167,113.167,113.161,113.161,55210000,1
1499891400000,1499891459000,113.161,113.173,113.16,113.172,80260000,1
1499891460000,1499891519000,113.172,113.172,113.172,113.172,16100000,1
1499891520000,1499891579000,113.173,113.173,113.172,113.172,37660000,1
1499891580000,1499891639000,113.172,113.173,113.172,113.173,13240000,1
1499891700000,1499891759000,113.172,113.173,113.166,113.167,34420000,1
1499891760000,1499891819000,113.166,113.167,113.166,113.167,36090000,1
1499891820000,1499891879000,113.167,113.167,113.165,113.165,35600000,1
1499891880000,1499891939000,113.166,113.166,113.16,113.161,67500000,1
1499891940000,1499891999000,113.161,113.165,113.161,113.163,89070000,1
1499892000000,1499892059000,113.163,113.163,113.152,113.153,32790000,1
1499892060000,1499892119000,113.153,113.156,113.147,113.147,49890000,1
1499892120000,1499892179000,113.147,113.147,113.133,113.136,69370000,1
1499892180000,1499892239000,113.136,113.136,113.127,113.127,39970000,1
1499892240000,1499892299000,113.127,113.128,113.127,113.127,34390000,1
1499892300000,1499892359000,113.127,113.138,113.126,113.136,95280000,1
1499892360000,1499892419000,113.136,113.136,113.125,113.126,80760000,1
1499892420000,1499892479000,113.126,113.132,113.126,113.132,77810000,1
1499892480000,1499892539000,113.132,113.135,113.129,113.134,54730000,1
1499892540000,1499892599000,113.134,113.138,113.134,113.138,28620000,1
1499892600000,1499892659000,113.138,113.154,113.136,113.151,110090000,1
1499892660000,1499892719000,113.151,113.161,113.15,113.16,175780000,1
1499892720000,1499892779000,113.16,113.174,113.159,113.174,76320000,1
1499892780000,1499892839000,113.175,113.186,113.175,113.182,117860000,1
1499892840000,1499892899000,113.182,113.184,113.176,113.176,45630000,1
1499892900000,1499892959000,113.176,113.176,113.169,113.174,72240000,1
1499892960000,1499893019000,113.173,113.176,113.173,113.173,20860000,1
1499893020000,1499893079000,113.17,113.173,113.168,113.171,50900000,1
1499893080000,1499893139000,113.171,113.171,113.168,113.168,10360000,1
1499893140000,1499893199000,113.168,113.169,113.152,113.152,26950000,1
1499893200000,1499893259000,113.153,113.154,113.13,113.154,11090000,1
1499893260000,1499893319000,113.157,113.17,113.157,113.161,10120000,1
1499893320000,1499893379000,113.167,113.171,113.166,113.171,5620000,1
1499893380000,1499893439000,113.175,113.181,113.175,113.181,14240000,1
1499893440000,1499893499000,113.18,113.203,113.159,113.173,44280000,1
1499893500000,1499893559000,113.159,113.198,113.159,113.174,139880000,1
1499893560000,1499893619000,113.177,113.178,113.172,113.177,196970000,1
1499893620000,1499893679000,113.177,113.177,113.176,113.177,98800000,1
1499893680000,1499893739000,113.178,113.178,113.175,113.175,7000000,1
1499893740000,1499893799000,113.175,113.176,113.175,113.175,6000000,1
1499893800000,1499893859000,113.175,113.179,113.175,113.175,50450000,1
1499893860000,1499893919000,113.176,113.191,113.175,113.184,35860000,1
1499893920000,1499893979000,113.184,113.187,113.183,113.184,113990000,1
1499893980000,1499894039000,113.184,113.185,113.176,113.176,57550000,1
1499894040000,1499894099000,113.177,113.18,113.169,113.18,57700000,1
1499894100000,1499894159000,113.18,113.187,113.177,113.186,84360000,1
1499894160000,1499894219000,113.185,113.193,113.183,113.19,47020000,1
1499894220000,1499894279000,113.19,113.194,113.177,113.179,127930000,1
1499894280000,1499894339000,113.178,113.184,113.176,113.183,63090000,1
1499894340000,1499894399000,113.183,113.189,113.179,113.183,18740000,1
1499894400000,1499894459000,113.183,113.19,113.179,113.183,89610000,1
1499894460000,1499894519000,113.183,113.205,113.183,113.2,48740000,1
1499894520000,1499894579000,113.2,113.2,113.193,113.199,47240000,1
1499894580000,1499894639000,113.199,113.199,113.183,113.183,59880000,1
1499894640000,1499894699000,113.183,113.198,113.182,113.197,76680000,1
1499894700000,1499894759000,113.196,113.207,113.186,113.207,83440000,1
1499894760000,1499894819000,113.207,113.21,113.205,113.207,68410000,1
1499894820000,1499894879000,113.208,113.215,113.199,113.2,117680000,1
1499894880000,1499894939000,113.2,113.2,113.199,113.2,97740000,1
1499894940000,1499894999000,113.2,113.2,113.2,113.2,118150000,1
1499895000000,1499895059000,113.2,113.209,113.2,113.202,222340000,1
1499895060000,1499895119000,113.206,113.209,113.202,113.206,164740000,1
1499895120000,1499895179000,113.207,113.209,113.203,113.207,89250000,1
1499895180000,1499895239000,113.209,113.209,113.179,113.19,106490000,1
1499895240000,1499895299000,113.191,113.191,113.178,113.178,81610000,1
1499895300000,1499895359000,113.177,113.184,113.177,113.183,43000000,1
1499895360000,1499895419000,113.183,113.185,113.179,113.181,63600000,1
1499895420000,1499895479000,113.18,113.183,113.179,113.181,53670000,1
1499895480000,1499895539000,113.182,113.183,113.181,113.181,106330000,1
1499895540000,1499895599000,113.182,113.183,113.178,113.18,69500000,1
1499895600000,1499895659000,113.18,113.18,113.177,113.177,101930000,1
1499895660000,1499895719000,113.177,113.179,113.176,113.177,12000000,1
1499895720000,1499895779000,113.176,113.177,113.176,113.177,48000000,1
1499895780000,1499895839000,113.176,113.177,113.176,113.176,51000000,1
1499895840000,1499895899000,113.177,113.18,113.175,113.179,18000000,1
1499895900000,1499895959000,113.18,113.18,113.171,113.175,23200000,1
1499895960000,1499896019000,113.175,113.175,113.175,113.175,24570000,1
1499896020000,1499896079000,113.175,113.178,113.172,113.178,32100000,1
1499896080000,1499896139000,113.177,113.178,113.174,113.174,41310000,1
1499896140000,1499896199000,113.174,113.174,113.172,113.172,25830000,1
1499896200000,1499896259000,113.172,113.172,113.171,113.172,33720000,1
1499896260000,1499896319000,113.174,113.176,113.174,113.176,4000000,1
1499896380000,1499896439000,113.177,113.178,113.176,113.178,26000000,1
1499896440000,1499896499000,113.177,113.178,113.173,113.173,14050000,1
1499896500000,1499896559000,113.173,113.174,113.173,113.174,9120000,1
1499896560000,1499896619000,113.174,113.18,113.174,113.18,12560000,1
1499896620000,1499896679000,113.18,113.18,113.18,113.18,16690000,1
1499896680000,1499896739000,113.18,113.181,113.18,113.181,2380000,1
1499896740000,1499896799000,113.184,113.19,113.184,113.19,14620000,1
1499896800000,1499896859000,113.19,113.198,113.188,113.19,70500000,1
1499896860000,1499896919000,113.19,113.19,113.185,113.186,49890000,1
1499896920000,1499896979000,113.185,113.187,113.18,113.186,51070000,1
1499896980000,1499897039000,113.187,113.205,113.187,113.195,165760000,1
1499897040000,1499897099000,113.197,113.204,113.19,113.19,98310000,1
1499897100000,1499897159000,113.19,113.193,113.188,113.188,42850000,1
1499897160000,1499897219000,113.189,113.195,113.188,113.194,127070000,1
1499897220000,1499897279000,113.194,113.197,113.187,113.187,124110000,1
1499897280000,1499897339000,113.188,113.19,113.186,113.188,89170000,1
1499897340000,1499897399000,113.189,113.19,113.17,113.175,38440000,1
1499897400000,1499897459000,113.175,113.213,113.171,113.209,60820000,1
1499897460000,1499897519000,113.208,113.208,113.204,113.207,62070000,1
1499897520000,1499897579000,113.207,113.207,113.191,113.195,39060000,1
1499897580000,1499897639000,113.196,113.214,113.196,113.212,22610000,1
1499897640000,1499897699000,113.213,113.218,113.213,113.217,24230000,1
1499897700000,1499897759000,113.217,113.218,113.212,113.216,49230000,1
1499897760000,1499897819000,113.216,113.223,113.216,113.223,36550000,1
1499897820000,1499897879000,113.224,113.226,113.223,113.226,8600000,1
1499897880000,1499897939000,113.227,113.237,113.227,113.237,36490000,1
1499897940000,1499897999000,113.236,113.237,113.23,113.235,30530000,1
1499898000000,1499898059000,113.235,113.242,113.232,113.242,21300000,1
1499898060000,1499898119000,113.242,113.249,113.241,113.245,25320000,1
1499898120000,1499898179000,113.245,113.245,113.238,113.241,66820000,1
1499898180000,1499898239000,113.24,113.24,113.236,113.239,27430000,1
1499898240000,1499898299000,113.239,113.239,113.237,113.237,14670000,1
1499898300000,1499898359000,113.237,113.238,113.237,113.238,18610000,1
1499898360000,1499898419000,113.239,113.242,113.237,113.241,20340000,1
1499898420000,1499898479000,113.241,113.255,113.24,113.24,50280000,1
1499898480000,1499898539000,113.241,113.241,113.236,113.237,20110000,1
1499898540000,1499898599000,113.237,113.239,113.235,113.235,22910000,1
1499898600000,1499898659000,113.236,113.24,113.23,113.231,42790000,1
1499898660000,1499898719000,113.232,113.237,113.232,113.237,16850000,1
1499898720000,1499898779000,113.235,113.235,113.229,113.23,16900000,1
1499898780000,1499898839000,113.232,113.233,113.231,113.231,5990000,1
1499898840000,1499898899000,113.233,113.233,113.232,113.232,4500000,1
1499898900000,1499898959000,113.23,113.23,113.229,113.229,3620000,1
1499898960000,1499899019000,113.23,113.23,113.23,113.23,3750000,1
1499899020000,1499899079000,113.231,113.232,113.231,113.232,5500000,1
1499899080000,1499899139000,113.233,113.252,113.233,113.251,59710000,1
1499899140000,1499899199000,113.252,113.262,113.252,113.262,18990000,1
1499899200000,1499899259000,113.261,113.261,113.235,113.241,51680000,1
1499899260000,1499899319000,113.241,113.25,113.239,113.249,35360000,1
1499899320000,1499899379000,113.249,113.249,113.234,113.237,26110000,1
1499899380000,1499899439000,113.237,113.237,113.233,113.233,26120000,1
1499899440000,1499899499000,113.233,113.244,113.233,113.243,35290000,1
1499899500000,1499899559000,113.242,113.25,113.239,113.247,65190000,1
1499899560000,1499899619000,113.246,113.251,113.246,113.247,30690000,1
1499899620000,1499899679000,113.247,113.253,113.247,113.252,31570000,1
1499899680000,1499899739000,113.252,113.262,113.252,113.261,51100000,1
1499899740000,1499899799000,113.26,113.263,113.26,113.26,19210000,1
1499899800000,1499899859000,113.261,113.262,113.261,113.262,12750000,1
1499899860000,1499899919000,113.263,113.273,113.263,113.273,16750000,1
1499899920000,1499899979000,113.271,113.272,113.269,113.272,13450000,1
1499899980000,1499900039000,113.275,113.295,113.275,113.295,100800000,1
1499900040000,1499900099000,113.293,113.294,113.29,113.29,49240000,1
1499900100000,1499900159000,113.29,113.296,113.287,113.288,69990000,1
1499900160000,1499900219000,113.291,113.295,113.287,113.293,19660000,1
1499900220000,1499900279000,113.292,113.313,113.287,113.307,63270000,1
1499900280000,1499900339000,113.303,113.316,113.299,113.309,51230000,1
1499900340000,1499900399000,113.309,113.317,113.304,113.304,40610000,1
1499900400000,1499900459000,113.305,113.305,113.295,113.301,49160000,1
1499900460000,1499900519000,113.301,113.312,113.295,113.295,119720000,1
1499900520000,1499900579000,113.298,113.314,113.298,113.307,39480000,1
1499900580000,1499900639000,113.307,113.318,113.306,113.313,57100000,1
1499900640000,1499900699000,113.313,113.313,113.306,113.307,34680000,1
1499900700000,1499900759000,113.308,113.318,113.306,113.318,31640000,1
1499900760000,1499900819000,113.318,113.318,113.308,113.312,55210000,1
1499900820000,1499900879000,113.316,113.318,113.312,113.312,11840000,1
1499900880000,1499900939000,113.312,113.312,113.312,113.312,32250000,1
1499900940000,1499900999000,113.312,113.312,113.312,113.312,82130000,1
1499901000000,1499901059000,113.312,113.312,113.292,113.293,87870000,1
1499901060000,1499901119000,113.297,113.3,113.292,113.293,112230000,1
1499901120000,1499901179000,113.293,113.296,113.292,113.296,28690000,1
1499901180000,1499901239000,113.297,113.313,113.294,113.295,69640000,1
1499901240000,1499901299000,113.295,113.295,113.293,113.293,20380000,1
1499901300000,1499901359000,113.294,113.294,113.286,113.288,66170000,1
1499901360000,1499901419000,113.287,113.287,113.267,113.268,59500000,1
1499901420000,1499901479000,113.268,113.281,113.268,113.268,36280000,1
1499901480000,1499901539000,113.267,113.268,113.267,113.267,23260000,1
1499901540000,1499901599000,113.267,113.278,113.267,113.278,64380000,1
1499901600000,1499901659000,113.278,113.292,113.268,113.276,112700000,1
1499901660000,1499901719000,113.276,113.284,113.276,113.282,27940000,1
1499901720000,1499901779000,113.282,113.282,113.268,113.277,59800000,1
1499901780000,1499901839000,113.276,113.276,113.267,113.268,52840000,1
1499901840000,1499901899000,113.267,113.268,113.267,113.268,11810000,1
1499901900000,1499901959000,113.268,113.284,113.268,113.284,62610000,1
1499901960000,1499902019000,113.285,113.291,113.284,113.287,72700000,1
1499902020000,1499902079000,113.29,113.322,113.289,113.318,86600000,1
1499902080000,1499902139000,113.316,113.317,113.31,113.31,34650000,1
1499902140000,1499902199000,113.312,113.317,113.312,113.315,22660000,1
1499902200000,1499902259000,113.315,113.335,113.313,113.329,73830000,1
1499902260000,1499902319000,113.329,113.337,113.325,113.33,60300000,1
1499902320000,1499902379000,113.332,113.335,113.331,113.334,87620000,1
1499902380000,1499902439000,113.335,113.347,113.334,113.347,54080000,1
1499902440000,1499902499000,113.345,113.347,113.344,113.347,18110000,1
1499902500000,1499902559000,113.347,113.36,113.339,113.345,107870000,1
1499902560000,1499902619000,113.345,113.345,113.331,113.331,65390000,1
1499902620000,1499902679000,113.331,113.331,113.306,113.313,74110000,1
1499902680000,1499902739000,113.313,113.331,113.312,113.323,60630000,1
1499902740000,1499902799000,113.323,113.323,113.292,113.292,61910000,1
1499902800000,1499902859000,113.292,113.296,113.292,113.294,32070000,1
1499902860000,1499902919000,113.297,113.316,113.293,113.307,93010000,1
1499902920000,1499902979000,113.307,113.307,113.287,113.291,44200000,1
1499902980000,1499903039000,113.291,113.303,113.291,113.302,23950000,1
1499903040000,1499903099000,113.302,113.315,113.302,113.305,71710000,1
1499903100000,1499903159000,113.305,113.308,113.305,113.307,34440000,1
1499903160000,1499903219000,113.31,113.325,113.31,113.315,84710000,1
1499903220000,1499903279000,113.315,113.32,113.308,113.32,40720000,1
1499903280000,1499903339000,113.32,113.32,113.299,113.31,53880000,1
1499903340000,1499903399000,113.31,113.31,113.3,113.3,22480000,1
1499903400000,1499903459000,113.301,113.309,113.301,113.309,15490000,1
1499903460000,1499903519000,113.309,113.317,113.305,113.308,61200000,1
1499903520000,1499903579000,113.312,113.32,113.307,113.307,38840000,1
1499903580000,1499903639000,113.306,113.311,113.303,113.311,26920000,1
1499903640000,1499903699000,113.31,113.31,113.307,113.307,26830000,1
1499903700000,1499903759000,113.308,113.31,113.307,113.307,11870000,1
1499903760000,1499903819000,113.312,113.333,113.312,113.331,64840000,1
1499903820000,1499903879000,113.331,113.341,113.33,113.341,32490000,1
1499903880000,1499903939000,113.341,113.341,113.336,113.336,34590000,1
1499903940000,1499903999000,113.336,113.336,113.325,113.327,93140000,1
1499904000000,1499904059000,113.325,113.33,113.304,113.321,120270000,1
1499904060000,1499904119000,113.321,113.322,113.283,113.286,164510000,1
1499904120000,1499904179000,113.285,113.298,113.282,113.296,89670000,1
1499904180000,1499904239000,113.295,113.329,113.283,113.327,132900000,1
1499904240000,1499904299000,113.327,113.523,113.327,113.406,400500000,1
1499904300000,1499904359000,113.403,113.449,113.396,113.404,358930000,1
1499904360000,1499904419000,113.405,113.446,113.399,113.445,362300000,1
1499904420000,1499904479000,113.445,113.467,113.435,113.455,282970000,1
1499904480000,1499904539000,113.458,113.471,113.45,113.461,331070000,1
1499904540000,1499904599000,113.46,113.509,113.46,113.507,209170000,1
1499904600000,1499904659000,113.506,113.527,113.481,113.482,311570000,1
1499904660000,1499904719000,113.481,113.503,113.476,113.485,234300000,1
1499904720000,1499904779000,113.485,113.485,113.447,113.455,221270000,1
1499904780000,1499904839000,113.456,113.461,113.429,113.434,189010000,1
1499904840000,1499904899000,113.433,113.448,113.431,113.44,141740000,1
1499904900000,1499904959000,113.44,113.451,113.431,113.431,95880000,1
1499904960000,1499905019000,113.433,113.44,113.433,113.439,50740000,1
1499905020000,1499905079000,113.44,113.443,113.432,113.432,83450000,1
1499905080000,1499905139000,113.432,113.443,113.432,113.437,59790000,1
1499905140000,1499905199000,113.439,113.454,113.43,113.446,147830000,1
1499905200000,1499905259000,113.444,113.451,113.432,113.432,172610000,1
1499905260000,1499905319000,113.431,113.447,113.409,113.447,175910000,1
1499905320000,1499905379000,113.446,113.482,113.446,113.454,185400000,1
1499905380000,1499905439000,113.453,113.453,113.44,113.445,85580000,1
1499905440000,1499905499000,113.445,113.445,113.409,113.409,127710000,1
1499905500000,1499905559000,113.411,113.411,113.362,113.388,253840000,1
1499905560000,1499905619000,113.382,113.392,113.36,113.377,155070000,1
1499905620000,1499905679000,113.377,113.383,113.37,113.371,90230000,1
1499905680000,1499905739000,113.374,113.381,113.361,113.363,118030000,1
1499905740000,1499905799000,113.364,113.37,113.341,113.363,191560000,1
1499905800000,1499905859000,113.364,113.374,113.362,113.368,107480000,1
1499905860000,1499905919000,113.369,113.387,113.369,113.387,80250000,1
1499905920000,1499905979000,113.389,113.391,113.364,113.375,130150000,1
1499905980000,1499906039000,113.377,113.38,113.356,113.359,84650000,1
1499906040000,1499906099000,113.359,113.378,113.355,113.355,78980000,1
1499906100000,1499906159000,113.356,113.368,113.349,113.349,117920000,1
1499906160000,1499906219000,113.348,113.351,113.335,113.351,154580000,1
1499906220000,1499906279000,113.351,113.36,113.336,113.342,141460000,1
1499906280000,1499906339000,113.342,113.357,113.333,113.355,196300000,1
1499906340000,1499906399000,113.355,113.368,113.355,113.368,131690000,1
1499906400000,1499906459000,113.369,113.371,113.352,113.362,104450000,1
1499906460000,1499906519000,113.361,113.366,113.361,113.366,36160000,1
1499906520000,1499906579000,113.367,113.367,113.329,113.336,149180000,1
1499906580000,1499906639000,113.334,113.349,113.323,113.348,113890000,1
1499906640000,1499906699000,113.346,113.348,113.335,113.348,108080000,1
1499906700000,1499906759000,113.347,113.347,113.327,113.331,67750000,1
1499906760000,1499906819000,113.331,113.357,113.331,113.357,85760000,1
1499906820000,1499906879000,113.357,113.357,113.329,113.343,129520000,1
1499906880000,1499906939000,113.342,113.351,113.331,113.35,103840000,1
1499906940000,1499906999000,113.349,113.359,113.341,113.342,77270000,1
1499907000000,1499907059000,113.34,113.344,113.326,113.337,117110000,1
1499907060000,1499907119000,113.337,113.345,113.337,113.343,31390000,1
1499907120000,1499907179000,113.343,113.343,113.284,113.292,229840000,1
1499907180000,1499907239000,113.291,113.291,113.214,113.214,332070000,1
1499907240000,1499907299000,113.215,113.24,113.203,113.236,294020000,1
1499907300000,1499907359000,113.236,113.253,113.224,113.241,215390000,1
1499907360000,1499907419000,113.241,113.247,113.22,113.234,114700000,1
1499907420000,1499907479000,113.233,113.241,113.22,113.235,100130000,1
1499907480000,1499907539000,113.236,113.242,113.195,113.201,114200000,1
1499907540000,1499907599000,113.2,113.218,113.197,113.214,124640000,1
1499907600000,1499907659000,113.216,113.239,113.201,113.211,152200000,1
1499907660000,1499907719000,113.211,113.229,113.204,113.209,166650000,1
1499907720000,1499907779000,113.208,113.208,113.154,113.197,255580000,1
1499907780000,1499907839000,113.197,113.2,113.179,113.18,126170000,1
1499907840000,1499907899000,113.182,113.192,113.175,113.176,87580000,1
1499907900000,1499907959000,113.176,113.182,113.164,113.17,157570000,1
1499907960000,1499908019000,113.171,113.171,113.166,113.17,45770000,1
1499908020000,1499908079000,113.17,113.17,113.133,113.144,154000000,1
1499908080000,1499908139000,113.144,113.158,113.128,113.147,183450000,1
1499908140000,1499908199000,113.153,113.205,113.153,113.194,217970000,1
1499908200000,1499908259000,113.194,113.202,113.178,113.198,115670000,1
1499908260000,1499908319000,113.198,113.199,113.171,113.178,90710000,1
1499908320000,1499908379000,113.178,113.18,113.177,113.178,26090000,1
1499908380000,1499908439000,113.179,113.213,113.177,113.21,74770000,1
1499908440000,1499908499000,113.208,113.208,113.151,113.151,119740000,1
1499908500000,1499908559000,113.149,113.184,113.149,113.184,146330000,1
1499908560000,1499908619000,113.181,113.184,113.176,113.18,80720000,1
1499908620000,1499908679000,113.178,113.178,113.15,113.172,123620000,1
1499908680000,1499908739000,113.172,113.172,113.156,113.158,101600000,1
1499908740000,1499908799000,113.159,113.161,113.146,113.149,147450000,1
1499908800000,1499908859000,113.149,113.166,113.146,113.165,119380000,1
1499908860000,1499908919000,113.166,113.179,113.166,113.166,102120000,1
1499908920000,1499908979000,113.167,113.174,113.165,113.173,86730000,1
1499908980000,1499909039000,113.171,113.214,113.171,113.212,123190000,1
1499909040000,1499909099000,113.213,113.214,113.184,113.184,133310000,1
1499909100000,1499909159000,113.184,113.195,113.181,113.181,89870000,1
1499909160000,1499909219000,113.183,113.202,113.182,113.184,85470000,1
1499909220000,1499909279000,113.183,113.186,113.177,113.185,93860000,1
1499909280000,1499909339000,113.185,113.206,113.185,113.202,131220000,1
1499909340000,1499909399000,113.205,113.206,113.177,113.177,94940000,1
1499909400000,1499909459000,113.177,113.18,113.173,113.179,36850000,1
1499909460000,1499909519000,113.178,113.192,113.177,113.183,96880000,1
1499909520000,1499909579000,113.183,113.192,113.176,113.179,127250000,1
1499909580000,1499909639000,113.178,113.191,113.177,113.181,67120000,1
1499909640000,1499909699000,113.181,113.191,113.174,113.188,108950000,1
1499909700000,1499909759000,113.189,113.191,113.189,113.191,22850000,1
1499909760000,1499909819000,113.191,113.2,113.186,113.192,84830000,1
1499909820000,1499909879000,113.193,113.195,113.185,113.188,95130000,1
1499909880000,1499909939000,113.189,113.202,113.186,113.202,111600000,1
1499909940000,1499909999000,113.202,113.202,113.189,113.198,74890000,1
1499910000000,1499910059000,113.196,113.205,113.189,113.203,108470000,1
1499910060000,1499910119000,113.202,113.204,113.184,113.184,135770000,1
1499910120000,1499910179000,113.186,113.199,113.184,113.198,91320000,1
1499910180000,1499910239000,113.198,113.203,113.191,113.198,85160000,1
1499910240000,1499910299000,113.198,113.201,113.191,113.199,88320000,1
1499910300000,1499910359000,113.198,113.198,113.193,113.198,19110000,1
1499910360000,1499910419000,113.199,113.249,113.198,113.237,154080000,1
1499910420000,1499910479000,113.237,113.237,113.225,113.225,104070000,1
1499910480000,1499910539000,113.225,113.227,113.218,113.223,131060000,1
1499910540000,1499910599000,113.223,113.224,113.212,113.219,108690000,1
1499910600000,1499910659000,113.218,113.218,113.203,113.206,83100000,1
1499910660000,1499910719000,113.205,113.226,113.205,113.217,114070000,1
1499910720000,1499910779000,113.216,113.233,113.215,113.233,69390000,1
1499910780000,1499910839000,113.231,113.235,113.225,113.234,63100000,1
1499910840000,1499910899000,113.235,113.238,113.227,113.233,59990000,1
1499910900000,1499910959000,113.233,113.235,113.229,113.23,54070000,1
1499910960000,1499911019000,113.231,113.237,113.225,113.23,96540000,1
1499911020000,1499911079000,113.23,113.232,113.219,113.225,82160000,1
1499911080000,1499911139000,113.226,113.227,113.214,113.218,87210000,1
1499911140000,1499911199000,113.218,113.218,113.189,113.192,81320000,1
1499911200000,1499911259000,113.191,113.191,113.167,113.174,117800000,1
1499911260000,1499911319000,113.174,113.196,113.173,113.18,105200000,1
1499911320000,1499911379000,113.181,113.191,113.181,113.19,139640000,1
1499911380000,1499911439000,113.19,113.19,113.172,113.173,116540000,1
1499911440000,1499911499000,113.173,113.18,113.173,113.177,49150000,1
1499911500000,1499911559000,113.177,113.185,113.166,113.169,84400000,1
1499911560000,1499911619000,113.173,113.187,113.166,113.168,135030000,1
1499911620000,1499911679000,113.168,113.172,113.153,113.157,136730000,1
1499911680000,1499911739000,113.158,113.167,113.154,113.16,114510000,1
1499911740000,1499911799000,113.16,113.172,113.16,113.162,124300000,1
1499911800000,1499911859000,113.162,113.172,113.162,113.165,38760000,1
1499911860000,1499911919000,113.164,113.164,113.16,113.16,46970000,1
1499911920000,1499911979000,113.16,113.171,113.159,113.17,59660000,1
1499911980000,1499912039000,113.168,113.171,113.158,113.162,129550000,1
1499912040000,1499912099000,113.162,113.171,113.158,113.164,103420000,1
1499912100000,1499912159000,113.163,113.163,113.158,113.161,49870000,1
1499912160000,1499912219000,113.161,113.164,113.156,113.16,86500000,1
1499912220000,1499912279000,113.159,113.165,113.151,113.152,64370000,1
1499912280000,1499912339000,113.152,113.152,113.138,113.139,103960000,1
1499912340000,1499912399000,113.141,113.159,113.141,113.159,98370000,1
1499912400000,1499912459000,113.159,113.166,113.145,113.145,195270000,1
1499912460000,1499912519000,113.146,113.16,113.146,113.146,45120000,1
1499912520000,1499912579000,113.146,113.154,113.146,113.152,81640000,1
1499912580000,1499912639000,113.152,113.159,113.148,113.154,86930000,1
1499912640000,1499912699000,113.153,113.162,113.147,113.16,97050000,1
1499912700000,1499912759000,113.16,113.173,113.153,113.166,170900000,1
1499912760000,1499912819000,113.166,113.173,113.165,113.17,94540000,1
1499912820000,1499912879000,113.17,113.172,113.166,113.169,117060000,1
1499912880000,1499912939000,113.169,113.174,113.167,113.17,82450000,1
1499912940000,1499912999000,113.171,113.18,113.17,113.18,97920000,1
1499913000000,1499913059000,113.18,113.182,113.165,113.18,212070000,1
1499913060000,1499913119000,113.18,113.181,113.175,113.18,80390000,1
1499913120000,1499913179000,113.181,113.183,113.178,113.178,45300000,1
1499913180000,1499913239000,113.178,113.182,113.172,113.172,82370000,1
1499913240000,1499913299000,113.172,113.18,113.172,113.178,64340000,1
1499913300000,1499913359000,113.178,113.18,113.178,113.18,15430000,1
1499913360000,1499913419000,113.18,113.186,113.173,113.183,96490000,1
1499913420000,1499913479000,113.184,113.184,113.176,113.184,67320000,1
1499913480000,1499913539000,113.185,113.188,113.176,113.178,70110000,1
1499913540000,1499913599000,113.178,113.178,113.177,113.178,7100000,1
1499913600000,1499913659000,113.176,113.179,113.176,113.176,18520000,1
1499913660000,1499913719000,113.176,113.18,113.167,113.17,57630000,1
1499913720000,1499913779000,113.17,113.171,113.153,113.163,126980000,1
1499913780000,1499913839000,113.163,113.163,113.144,113.15,146320000,1
1499913840000,1499913899000,113.149,113.157,113.144,113.148,89680000,1
1499913900000,1499913959000,113.149,113.158,113.146,113.157,112290000,1
1499913960000,1499914019000,113.158,113.167,113.158,113.165,51120000,1
1499914020000,1499914079000,113.164,113.171,113.158,113.17,65020000,1
1499914080000,1499914139000,113.168,113.171,113.157,113.157,113840000,1
1499914140000,1499914199000,113.158,113.159,113.15,113.15,76510000,1
1499914200000,1499914259000,113.15,113.15,113.124,113.125,182130000,1
1499914260000,1499914319000,113.125,113.125,113.054,113.079,306620000,1
1499914320000,1499914379000,113.079,113.083,113.072,113.076,139380000,1
1499914380000,1499914439000,113.078,113.079,113.034,113.044,164280000,1
1499914440000,1499914499000,113.047,113.051,113.018,113.026,183210000,1
1499914500000,1499914559000,113.028,113.054,113.018,113.04,239050000,1
1499914560000,1499914619000,113.04,113.051,113.025,113.034,192020000,1
1499914620000,1499914679000,113.035,113.043,112.987,113.002,243430000,1
1499914680000,1499914739000,113.005,113.032,113.005,113.031,211740000,1
1499914740000,1499914799000,113.031,113.034,113.02,113.033,125420000,1
1499914800000,1499914859000,113.034,113.034,113.005,113.02,169710000,1
1499914860000,1499914919000,113.02,113.034,113.02,113.028,145370000,1
1499914920000,1499914979000,113.025,113.033,113.021,113.033,161790000,1
1499914980000,1499915039000,113.033,113.053,113.033,113.05,146310000,1
1499915040000,1499915099000,113.05,113.054,113.025,113.038,102630000,1
1499915100000,1499915159000,113.036,113.036,112.975,112.99,143380000,1
1499915160000,1499915219000,112.991,112.999,112.948,112.963,232110000,1
1499915220000,1499915279000,112.961,112.986,112.958,112.972,224600000,1
1499915280000,1499915339000,112.971,112.976,112.95,112.963,212390000,1
1499915340000,1499915399000,112.963,112.968,112.961,112.965,120680000,1
1499915400000,1499915459000,112.964,112.969,112.948,112.964,276710000,1
1499915460000,1499915519000,112.961,112.97,112.949,112.957,225020000,1
1499915520000,1499915579000,112.958,112.986,112.958,112.982,83170000,1
1499915580000,1499915639000,112.981,112.988,112.97,112.979,122600000,1
1499915640000,1499915699000,112.979,112.989,112.964,112.967,110430000,1
1499915700000,1499915759000,112.967,112.982,112.967,112.98,49020000,1
1499915760000,1499915819000,112.98,112.981,112.968,112.973,60640000,1
1499915820000,1499915879000,112.975,112.975,112.963,112.967,39970000,1
1499915880000,1499915939000,112.967,112.969,112.96,112.96,45630000,1
1499915940000,1499915999000,112.954,112.967,112.954,112.964,77800000,1
1499916000000,1499916059000,112.964,112.969,112.959,112.964,123010000,1
1499916060000,1499916119000,112.965,112.97,112.897,112.932,187010000,1
1499916120000,1499916179000,112.933,112.951,112.931,112.944,97490000,1
1499916180000,1499916239000,112.943,112.959,112.94,112.949,105300000,1
1499916240000,1499916299000,112.948,112.961,112.948,112.959,104890000,1
1499916300000,1499916359000,112.961,112.963,112.957,112.961,59350000,1
1499916360000,1499916419000,112.961,112.966,112.954,112.964,37720000,1
1499916420000,1499916479000,112.965,112.978,112.965,112.978,44450000,1
1499916480000,1499916539000,112.977,112.993,112.977,112.988,177760000,1
1499916540000,1499916599000,112.986,112.988,112.975,112.979,64960000,1
1499916600000,1499916659000,112.98,112.991,112.98,112.991,63750000,1
1499916660000,1499916719000,112.991,112.993,112.983,112.987,63490000,1
1499916720000,1499916779000,112.988,112.996,112.968,112.983,55570000,1
1499916780000,1499916839000,112.983,112.984,112.969,112.969,82750000,1
1499916840000,1499916899000,112.969,112.974,112.945,112.95,151060000,1
1499916900000,1499916959000,112.949,112.949,112.916,112.933,183980000,1
1499916960000,1499917019000,112.933,112.945,112.925,112.933,151270000,1
1499917020000,1499917079000,112.934,112.953,112.928,112.948,141720000,1
1499917080000,1499917139000,112.948,112.95,112.943,112.944,87600000,1
1499917140000,1499917199000,112.943,112.947,112.937,112.944,119750000,1
1499917200000,1499917259000,112.945,112.963,112.945,112.962,106220000,1
1499917260000,1499917319000,112.963,112.963,112.936,112.936,89850000,1
1499917320000,1499917379000,112.938,112.948,112.935,112.941,154600000,1
1499917380000,1499917439000,112.941,112.953,112.94,112.953,146700000,1
1499917440000,1499917499000,112.953,112.956,112.947,112.948,95460000,1
1499917500000,1499917559000,112.949,112.955,112.948,112.953,86280000,1
1499917560000,1499917619000,112.953,112.953,112.879,112.899,289150000,1
1499917620000,1499917679000,112.897,112.907,112.884,112.906,126810000,1
1499917680000,1499917739000,112.906,112.925,112.905,112.92,185920000,1
1499917740000,1499917799000,112.92,112.93,112.909,112.911,135640000,1
1499917800000,1499917859000,112.91,112.931,112.91,112.93,132250000,1
1499917860000,1499917919000,112.93,112.93,112.912,112.919,90460000,1
1499917920000,1499917979000,112.919,112.933,112.918,112.931,143910000,1
1499917980000,1499918039000,112.93,112.93,112.918,112.918,118510000,1
1499918040000,1499918099000,112.918,112.918,112.89,112.891,110170000,1
1499918100000,1499918159000,112.89,112.892,112.86,112.883,159560000,1
1499918160000,1499918219000,112.881,112.902,112.876,112.898,145480000,1
1499918220000,1499918279000,112.899,112.901,112.891,112.897,135280000,1
1499918280000,1499918339000,112.898,112.916,112.897,112.911,131450000,1
1499918340000,1499918399000,112.913,112.921,112.909,112.917,111630000,1
1499918400000,1499918459000,112.918,112.918,112.902,112.91,134360000,1
1499918460000,1499918519000,112.912,112.921,112.912,112.921,56820000,1
1499918520000,1499918579000,112.921,112.957,112.92,112.954,119900000,1
1499918580000,1499918639000,112.953,112.961,112.942,112.953,130700000,1
1499918640000,1499918699000,112.956,112.961,112.946,112.955,143450000,1
1499918700000,1499918759000,112.957,112.963,112.957,112.96,61050000,1
1499918760000,1499918819000,112.961,112.968,112.96,112.965,79590000,1
1499918820000,1499918879000,112.966,112.966,112.955,112.961,88770000,1
1499918880000,1499918939000,112.961,112.968,112.956,112.968,74540000,1
1499918940000,1499918999000,112.968,112.971,112.966,112.97,36670000,1
1499919000000,1499919059000,112.97,112.978,112.97,112.978,26170000,1
1499919060000,1499919119000,112.976,112.977,112.957,112.966,114300000,1
1499919120000,1499919179000,112.966,112.969,112.948,112.949,81020000,1
1499919180000,1499919239000,112.948,112.963,112.948,112.963,35290000,1
1499919240000,1499919299000,112.965,112.968,112.964,112.964,17630000,1
1499919300000,1499919359000,112.963,112.963,112.961,112.962,45060000,1
1499919360000,1499919419000,112.962,112.968,112.961,112.968,37940000,1
1499919420000,1499919479000,112.968,113.007,112.968,113.005,105120000,1
1499919480000,1499919539000,113.008,113.014,112.981,112.981,138330000,1
1499919540000,1499919599000,112.983,113.013,112.983,113.01,86940000,1
1499919600000,1499919659000,113.01,113.06,113.01,113.038,185340000,1
1499919660000,1499919719000,113.035,113.039,113.025,113.027,60860000,1
1499919720000,1499919779000,113.025,113.031,113.016,113.025,84460000,1
1499919780000,1499919839000,113.024,113.028,113.021,113.021,48950000,1
1499919840000,1499919899000,113.021,113.024,113.019,113.024,64870000,1
1499919900000,1499919959000,113.023,113.023,113.014,113.017,73130000,1
1499919960000,1499920019000,113.021,113.025,113.019,113.019,28920000,1
1499920020000,1499920079000,113.022,113.028,113.018,113.02,34570000,1
1499920080000,1499920139000,113.02,113.034,113.02,113.034,26240000,1
1499920140000,1499920199000,113.034,113.047,113.022,113.026,72100000,1
1499920200000,1499920259000,113.026,113.034,113.024,113.024,62240000,1
1499920260000,1499920319000,113.025,113.035,113.025,113.035,39210000,1
1499920320000,1499920379000,113.034,113.034,113.025,113.032,36160000,1
1499920380000,1499920439000,113.032,113.037,113.026,113.026,23850000,1
1499920440000,1499920499000,113.025,113.033,113.025,113.033,20110000,1
1499920500000,1499920559000,113.031,113.038,113.03,113.031,22360000,1
1499920560000,1499920619000,113.03,113.03,113.024,113.025,22010000,1
1499920620000,1499920679000,113.025,113.032,113.014,113.014,56400000,1
1499920680000,1499920739000,113.015,113.032,113.013,113.026,56460000,1
1499920740000,1499920799000,113.026,113.026,113.018,113.019,51350000,1
1499920800000,1499920859000,113.02,113.036,113.019,113.036,38520000,1
1499920860000,1499920919000,113.036,113.046,113.032,113.045,67070000,1
1499920920000,1499920979000,113.045,113.058,113.045,113.053,43710000,1
1499920980000,1499921039000,113.053,113.057,113.052,113.052,24110000,1
1499921040000,1499921099000,113.053,113.06,113.052,113.055,61410000,1
1499921100000,1499921159000,113.053,113.061,113.053,113.06,27830000,1
1499921160000,1499921219000,113.06,113.072,113.06,113.066,60750000,1
1499921220000,1499921279000,113.066,113.077,113.066,113.072,78060000,1
1499921280000,1499921339000,113.073,113.086,113.071,113.085,93660000,1
1499921340000,1499921399000,113.086,113.086,113.075,113.078,112950000,1
1499921400000,1499921459000,113.077,113.077,113.071,113.072,38500000,1
1499921460000,1499921519000,113.07,113.074,113.07,113.071,78180000,1
1499921520000,1499921579000,113.071,113.086,113.071,113.079,94760000,1
1499921580000,1499921639000,113.078,113.08,113.065,113.071,124420000,1
1499921640000,1499921699000,113.071,113.071,113.064,113.065,57720000,1
1499921700000,1499921759000,113.067,113.067,113.059,113.059,79980000,1
1499921760000,1499921819000,113.059,113.06,113.049,113.051,69630000,1
1499921820000,1499921879000,113.05,113.052,113.05,113.051,31910000,1
1499921880000,1499921939000,113.05,113.05,113.039,113.045,72820000,1
1499921940000,1499921999000,113.044,113.045,113.039,113.045,70740000,1
1499922000000,1499922059000,113.047,113.055,113.036,113.036,110480000,1
1499922060000,1499922119000,113.033,113.045,113.029,113.04,98900000,1
1499922120000,1499922179000,113.04,113.04,113.034,113.038,99120000,1
1499922180000,1499922239000,113.04,113.046,113.04,113.045,37650000,1
1499922240000,1499922299000,113.045,113.049,113.041,113.043,82800000,1
1499922300000,1499922359000,113.043,113.043,113.025,113.026,66900000,1
1499922360000,1499922419000,113.024,113.024,113.003,113.004,123730000,1
1499922420000,1499922479000,113.004,113.014,113.0,113.011,83240000,1
1499922480000,1499922539000,113.012,113.019,112.997,113.007,131710000,1
1499922540000,1499922599000,113.007,113.012,112.989,112.997,208360000,1
1499922600000,1499922659000,112.997,113.003,112.993,113.0,175910000,1
1499922660000,1499922719000,112.998,113.0,112.995,112.998,112620000,1
1499922720000,1499922779000,112.998,113.013,112.998,113.011,96430000,1
1499922780000,1499922839000,113.01,113.01,113.004,113.009,92750000,1
1499922840000,1499922899000,113.008,113.013,113.004,113.013,56580000,1
1499922900000,1499922959000,113.013,113.02,113.012,113.018,72510000,1
1499922960000,1499923019000,113.016,113.024,113.012,113.019,100740000,1
1499923020000,1499923079000,113.02,113.023,113.018,113.018,74390000,1
1499923080000,1499923139000,113.02,113.02,113.02,113.02,5000000,1
1499923140000,1499923199000,113.02,113.028,113.02,113.02,69620000,1
1499923200000,1499923259000,113.02,113.02,113.01,113.02,55010000,1
1499923260000,1499923319000,113.018,113.019,113.011,113.012,69240000,1
1499923320000,1499923379000,113.012,113.012,112.993,112.995,100290000,1
1499923380000,1499923439000,112.996,112.997,112.992,112.992,59900000,1
1499923440000,1499923499000,112.992,113.0,112.992,112.998,41510000,1
1499923500000,1499923559000,112.998,112.999,112.998,112.999,13460000,1
1499923560000,1499923619000,113.0,113.007,113.0,113.007,31730000,1
1499923620000,1499923679000,113.006,113.006,112.994,113.0,72300000,1
1499923680000,1499923739000,112.999,113.0,112.986,112.999,93310000,1
1499923740000,1499923799000,112.999,113.0,112.978,112.98,108790000,1
1499923800000,1499923859000,112.98,112.98,112.965,112.968,127230000,1
1499923860000,1499923919000,112.968,112.973,112.96,112.96,103440000,1
1499923920000,1499923979000,112.959,112.959,112.94,112.94,123990000,1
1499923980000,1499924039000,112.943,112.951,112.942,112.95,70460000,1
1499924040000,1499924099000,112.951,112.955,112.949,112.955,54020000,1
1499924100000,1499924159000,112.956,112.961,112.955,112.955,13480000,1
1499924160000,1499924219000,112.955,112.957,112.949,112.956,48850000,1
1499924220000,1499924279000,112.956,112.975,112.956,112.967,48890000,1
1499924280000,1499924339000,112.967,112.974,112.959,112.968,71860000,1
1499924340000,1499924399000,112.968,113.009,112.965,113.007,62370000,1
1499924400000,1499924459000,113.005,113.052,113.004,113.02,173510000,1
1499924460000,1499924519000,113.021,113.021,113.012,113.013,102160000,1
1499924520000,1499924579000,113.014,113.021,113.012,113.013,58480000,1
1499924580000,1499924639000,113.017,113.022,113.012,113.013,49820000,1
1499924640000,1499924699000,113.016,113.021,113.013,113.02,65330000,1
1499924700000,1499924759000,113.02,113.021,113.016,113.019,62930000,1
1499924760000,1499924819000,113.02,113.028,113.019,113.025,16170000,1
1499924820000,1499924879000,113.024,113.037,113.017,113.033,75770000,1
1499924880000,1499924939000,113.033,113.039,113.025,113.029,54770000,1
1499924940000,1499924999000,113.028,113.028,113.005,113.005,63920000,1
1499925000000,1499925059000,113.003,113.003,112.986,112.986,97800000,1
1499925060000,1499925119000,112.985,112.989,112.98,112.987,71900000,1
1499925120000,1499925179000,112.986,112.986,112.955,112.97,103530000,1
1499925180000,1499925239000,112.971,112.984,112.967,112.976,72970000,1
1499925240000,1499925299000,112.977,112.981,112.971,112.971,155660000,1
1499925300000,1499925359000,112.972,112.998,112.971,112.998,125550000,1
1499925360000,1499925419000,112.997,113.028,112.997,113.022,88470000,1
1499925420000,1499925479000,113.022,113.034,113.012,113.032,71290000,1
1499925480000,1499925539000,113.029,113.029,113.013,113.014,139720000,1
1499925540000,1499925599000,113.015,113.038,113.015,113.038,109120000,1
1499925600000,1499925659000,113.039,113.051,113.024,113.033,192190000,1
1499925660000,1499925719000,113.032,113.032,113.02,113.023,112490000,1
1499925720000,1499925779000,113.024,113.025,113.017,113.018,92230000,1
1499925780000,1499925839000,113.02,113.027,113.005,113.007,175730000,1
1499925840000,1499925899000,113.007,113.009,112.984,112.991,96120000,1
1499925900000,1499925959000,112.99,113.03,112.99,113.018,123840000,1
1499925960000,1499926019000,113.016,113.018,113.006,113.011,134410000,1
1499926020000,1499926079000,113.011,113.027,113.01,113.026,89360000,1
1499926080000,1499926139000,113.028,113.029,113.017,113.021,107090000,1
1499926140000,1499926199000,113.021,113.023,112.989,112.991,100740000,1
1499926200000,1499926259000,112.992,113.01,112.992,113.008,176000000,1
1499926260000,1499926319000,113.008,113.016,113.002,113.01,97230000,1
1499926320000,1499926379000,113.007,113.015,112.995,113.0,104660000,1
1499926380000,1499926439000,113.001,113.001,112.989,112.996,99240000,1
1499926440000,1499926499000,112.996,112.998,112.981,112.998,96630000,1
1499926500000,1499926559000,112.998,113.0,112.981,112.987,112610000,1
1499926560000,1499926619000,112.988,112.995,112.975,112.984,196740000,1
1499926620000,1499926679000,112.981,112.984,112.976,112.977,114870000,1
1499926680000,1499926739000,112.978,112.982,112.978,112.98,34780000,1
1499926740000,1499926799000,112.981,112.985,112.976,112.978,75630000,1
1499926800000,1499926859000,112.98,112.98,112.958,112.973,90890000,1
1499926860000,1499926919000,112.973,112.98,112.971,112.98,47340000,1
1499926920000,1499926979000,112.98,112.999,112.98,112.997,74360000,1
1499926980000,1499927039000,112.998,112.999,112.992,112.995,61650000,1
1499927040000,1499927099000,112.994,112.998,112.992,112.995,42150000,1
1499927100000,1499927159000,112.995,112.999,112.995,112.995,24720000,1
1499927160000,1499927219000,112.995,112.997,112.991,112.992,77290000,1
1499927220000,1499927279000,112.992,112.992,112.959,112.959,135860000,1
1499927280000,1499927339000,112.96,112.972,112.959,112.969,85260000,1
1499927340000,1499927399000,112.968,112.968,112.953,112.968,205730000,1
1499927400000,1499927459000,112.971,112.971,112.938,112.938,160710000,1
1499927460000,1499927519000,112.938,112.938,112.886,112.901,179030000,1
1499927520000,1499927579000,112.904,112.907,112.888,112.899,110630000,1
1499927580000,1499927639000,112.9,112.9,112.877,112.885,135890000,1
1499927640000,1499927699000,112.884,112.893,112.883,112.89,108830000,1
1499927700000,1499927759000,112.891,112.904,112.89,112.897,192150000,1
1499927760000,1499927819000,112.898,112.915,112.896,112.903,129500000,1
1499927820000,1499927879000,112.903,112.91,112.896,112.906,112020000,1
1499927880000,1499927939000,112.905,112.923,112.905,112.916,143110000,1
1499927940000,1499927999000,112.917,112.923,112.916,112.921,94020000,1
1499928000000,1499928059000,112.921,112.955,112.916,112.946,115660000,1
1499928060000,1499928119000,112.946,112.977,112.944,112.973,163160000,1
1499928120000,1499928179000,112.973,113.008,112.966,113.005,240160000,1
1499928180000,1499928239000,113.005,113.015,112.998,113.006,164830000,1
1499928240000,1499928299000,113.006,113.02,112.999,113.013,127570000,1
1499928300000,1499928359000,113.011,113.017,113.0,113.016,172470000,1
1499928360000,1499928419000,113.015,113.018,112.995,113.0,136210000,1
1499928420000,1499928479000,113.002,113.011,112.997,113.002,102840000,1
1499928480000,1499928539000,113.003,113.01,112.996,113.003,120580000,1
1499928540000,1499928599000,113.004,113.006,112.985,112.986,87330000,1
1499928600000,1499928659000,112.988,113.007,112.988,113.002,116130000,1
1499928660000,1499928719000,113.004,113.008,112.998,113.005,90610000,1
1499928720000,1499928779000,113.005,113.019,113.005,113.016,141080000,1
1499928780000,1499928839000,113.021,113.036,113.019,113.035,104530000,1
1499928840000,1499928899000,113.037,113.056,113.032,113.054,139220000,1
1499928900000,1499928959000,113.054,113.067,113.051,113.059,180740000,1
1499928960000,1499929019000,113.06,113.065,113.053,113.057,141340000,1
1499929020000,1499929079000,113.056,113.088,113.052,113.088,155360000,1
1499929080000,1499929139000,113.087,113.108,113.087,113.099,250550000,1
1499929140000,1499929199000,113.099,113.131,113.097,113.122,182550000,1
1499929200000,1499929259000,113.123,113.189,113.123,113.177,406430000,1
1499929260000,1499929319000,113.176,113.178,113.16,113.17,272370000,1
1499929320000,1499929379000,113.171,113.18,113.152,113.163,307380000,1
1499929380000,1499929439000,113.161,113.166,113.144,113.144,174490000,1
1499929440000,1499929499000,113.145,113.147,113.124,113.13,209580000,1
1499929500000,1499929559000,113.129,113.176,113.128,113.162,221420000,1
1499929560000,1499929619000,113.162,113.167,113.153,113.159,269550000,1
1499929620000,1499929679000,113.16,113.17,113.153,113.165,170450000,1
1499929680000,1499929739000,113.166,113.168,113.149,113.154,88240000,1
1499929740000,1499929799000,113.155,113.161,113.147,113.147,144190000,1
1499929800000,1499929859000,113.146,113.146,113.119,113.122,130950000,1
1499929860000,1499929919000,113.122,113.125,113.109,113.112,201130000,1
1499929920000,1499929979000,113.112,113.126,113.109,113.111,138280000,1
1499929980000,1499930039000,113.109,113.119,113.109,113.112,116160000,1
1499930040000,1499930099000,113.113,113.117,113.1,113.1,113850000,1
1499930100000,1499930159000,113.1,113.105,113.098,113.1,78730000,1
1499930160000,1499930219000,113.092,113.1,113.069,113.093,197430000,1
1499930220000,1499930279000,113.093,113.093,113.064,113.07,173020000,1
1499930280000,1499930339000,113.072,113.076,113.053,113.056,266460000,1
1499930340000,1499930399000,113.056,113.069,113.056,113.064,211460000,1
1499930400000,1499930459000,113.066,113.077,113.065,113.076,196600000,1
1499930460000,1499930519000,113.076,113.1,113.072,113.095,176240000,1
1499930520000,1499930579000,113.094,113.098,113.088,113.091,117310000,1
1499930580000,1499930639000,113.091,113.091,113.076,113.078,129870000,1
1499930640000,1499930699000,113.077,113.086,113.064,113.082,142090000,1
1499930700000,1499930759000,113.082,113.1,113.081,113.098,91080000,1
1499930760000,1499930819000,113.098,113.1,113.088,113.09,102950000,1
1499930820000,1499930879000,113.091,113.094,113.083,113.085,84410000,1
1499930880000,1499930939000,113.084,113.115,113.084,113.115,97840000,1
1499930940000,1499930999000,113.116,113.119,113.11,113.115,122180000,1
1499931000000,1499931059000,113.115,113.154,113.115,113.134,174020000,1
1499931060000,1499931119000,113.134,113.138,113.114,113.115,152580000,1
1499931120000,1499931179000,113.115,113.126,113.115,113.121,100450000,1
1499931180000,1499931239000,113.121,113.125,113.116,113.124,124780000,1
1499931240000,1499931299000,113.124,113.133,113.113,113.12,168840000,1
1499931300000,1499931359000,113.119,113.122,113.113,113.121,149970000,1
1499931360000,1499931419000,113.121,113.125,113.108,113.111,95340000,1
1499931420000,1499931479000,113.112,113.112,113.094,113.106,118380000,1
1499931480000,1499931539000,113.106,113.122,113.106,113.115,125710000,1
1499931540000,1499931599000,113.116,113.116,113.098,113.101,120690000,1
1499931600000,1499931659000,113.101,113.101,113.082,113.082,154090000,1
1499931660000,1499931719000,113.082,113.095,113.068,113.084,154360000,1
1499931720000,1499931779000,113.084,113.102,113.082,113.086,164680000,1
1499931780000,1499931839000,113.085,113.099,113.078,113.099,137060000,1
1499931840000,1499931899000,113.099,113.102,113.094,113.102,170160000,1
1499931900000,1499931959000,113.102,113.113,113.087,113.101,105470000,1
1499931960000,1499932019000,113.099,113.111,113.091,113.093,121930000,1
1499932020000,1499932079000,113.095,113.128,113.09,113.121,154920000,1
1499932080000,1499932139000,113.121,113.123,113.112,113.119,106620000,1
1499932140000,1499932199000,113.12,113.142,113.114,113.137,138060000,1
1499932200000,1499932259000,113.136,113.136,113.103,113.103,152090000,1
1499932260000,1499932319000,113.103,113.119,113.103,113.118,92680000,1
1499932320000,1499932379000,113.118,113.118,113.108,113.111,61410000,1
1499932380000,1499932439000,113.111,113.135,113.108,113.124,93960000,1
1499932440000,1499932499000,113.125,113.128,113.124,113.125,54600000,1
1499932500000,1499932559000,113.125,113.148,113.125,113.146,96610000,1
1499932560000,1499932619000,113.145,113.145,113.133,113.141,127330000,1
1499932620000,1499932679000,113.141,113.141,113.125,113.132,111750000,1
1499932680000,1499932739000,113.132,113.138,113.12,113.131,124260000,1
1499932740000,1499932799000,113.131,113.132,113.123,113.124,52920000,1
1499932800000,1499932859000,113.124,113.125,113.106,113.108,109660000,1
1499932860000,1499932919000,113.108,113.108,113.046,113.053,162700000,1
1499932920000,1499932979000,113.052,113.052,113.013,113.026,301020000,1
1499932980000,1499933039000,113.028,113.032,112.999,113.0,207690000,1
1499933040000,1499933099000,113.002,113.012,113.0,113.01,200130000,1
1499933100000,1499933159000,113.01,113.016,112.994,113.001,145770000,1
1499933160000,1499933219000,113.0,113.008,112.994,113.004,163510000,1
1499933220000,1499933279000,113.005,113.011,112.992,112.996,182680000,1
1499933280000,1499933339000,112.996,112.998,112.992,112.998,117380000,1
1499933340000,1499933399000,112.998,113.01,112.994,113.0,105370000,1
1499933400000,1499933459000,113.004,113.023,112.999,112.999,120690000,1
1499933460000,1499933519000,113.0,113.0,112.978,112.978,118060000,1
1499933520000,1499933579000,112.977,112.985,112.972,112.983,81560000,1
1499933580000,1499933639000,112.984,112.984,112.959,112.973,212910000,1
1499933640000,1499933699000,112.973,112.983,112.964,112.964,212920000,1
1499933700000,1499933759000,112.965,112.972,112.956,112.968,119820000,1
1499933760000,1499933819000,112.968,112.987,112.953,112.985,160880000,1
1499933820000,1499933879000,112.985,113.008,112.985,112.995,161110000,1
1499933880000,1499933939000,112.995,113.006,112.987,113.006,182450000,1
1499933940000,1499933999000,113.006,113.007,112.986,112.999,160920000,1
1499934000000,1499934059000,112.999,113.002,112.986,112.993,91590000,1
1499934060000,1499934119000,112.991,112.998,112.985,112.986,183640000,1
1499934120000,1499934179000,112.986,113.0,112.985,113.0,105180000,1
1499934180000,1499934239000,113.001,113.009,113.001,113.005,64240000,1
1499934240000,1499934299000,113.007,113.009,112.985,112.986,108840000,1
1499934300000,1499934359000,112.986,112.989,112.985,112.986,66420000,1
1499934360000,1499934419000,112.986,112.999,112.986,112.998,114630000,1
1499934420000,1499934479000,112.998,113.002,112.991,112.997,132100000,1
1499934480000,1499934539000,112.997,113.006,112.994,112.994,107530000,1
1499934540000,1499934599000,112.993,113.01,112.993,113.007,158440000,1
1499934600000,1499934659000,113.007,113.011,112.993,113.011,161170000,1
1499934660000,1499934719000,113.012,113.015,113.006,113.013,81940000,1
1499934720000,1499934779000,113.012,113.026,113.003,113.013,196840000,1
1499934780000,1499934839000,113.012,113.026,113.009,113.025,111630000,1
1499934840000,1499934899000,113.027,113.036,113.025,113.033,90220000,1
1499934900000,1499934959000,113.032,113.046,113.028,113.046,138200000,1
1499934960000,1499935019000,113.045,113.05,113.035,113.042,153990000,1
1499935020000,1499935079000,113.043,113.047,113.037,113.046,83190000,1
1499935080000,1499935139000,113.047,113.049,113.045,113.046,73780000,1
1499935140000,1499935199000,113.045,113.062,113.045,113.062,103100000,1
1499935200000,1499935259000,113.063,113.067,113.057,113.059,103330000,1
1499935260000,1499935319000,113.061,113.077,113.061,113.064,136520000,1
1499935320000,1499935379000,113.066,113.092,113.065,113.085,79770000,1
1499935380000,1499935439000,113.083,113.093,113.074,113.085,106050000,1
1499935440000,1499935499000,113.085,113.096,113.085,113.096,72820000,1
1499935500000,1499935559000,113.095,113.111,113.084,113.105,121780000,1
1499935560000,1499935619000,113.106,113.124,113.106,113.124,170340000,1
1499935620000,1499935679000,113.123,113.123,113.113,113.114,109930000,1
1499935680000,1499935739000,113.115,113.128,113.113,113.127,109680000,1
1499935740000,1499935799000,113.127,113.127,113.113,113.12,88630000,1
1499935800000,1499935859000,113.121,113.126,113.114,113.119,126210000,1
1499935860000,1499935919000,113.118,113.12,113.108,113.108,144500000,1
1499935920000,1499935979000,113.108,113.115,113.107,113.114,57180000,1
1499935980000,1499936039000,113.114,113.122,113.099,113.107,163080000,1
1499936040000,1499936099000,113.107,113.108,113.098,113.1,70180000,1
1499936100000,1499936159000,113.101,113.108,113.087,113.087,102600000,1
1499936160000,1499936219000,113.087,113.093,113.081,113.086,148930000,1
1499936220000,1499936279000,113.088,113.091,113.083,113.087,99790000,1
1499936280000,1499936339000,113.087,113.098,113.087,113.096,77070000,1
1499936340000,1499936399000,113.096,113.107,113.095,113.097,104400000,1
1499936400000,1499936459000,113.096,113.114,113.087,113.114,76080000,1
1499936460000,1499936519000,113.114,113.115,113.096,113.096,47200000,1
1499936520000,1499936579000,113.095,113.1,113.087,113.087,135140000,1
1499936580000,1499936639000,113.087,113.095,113.086,113.093,123780000,1
1499936640000,1499936699000,113.092,113.098,113.087,113.096,105850000,1
1499936700000,1499936759000,113.096,113.098,113.083,113.083,86690000,1
1499936760000,1499936819000,113.085,113.086,113.08,113.086,71360000,1
1499936820000,1499936879000,113.084,113.084,113.076,113.083,100420000,1
1499936880000,1499936939000,113.082,113.084,113.076,113.076,57330000,1
1499936940000,1499936999000,113.076,113.08,113.048,113.048,106340000,1
1499937000000,1499937059000,113.046,113.049,113.03,113.038,123020000,1
1499937060000,1499937119000,113.038,113.045,113.018,113.028,146930000,1
1499937120000,1499937179000,113.026,113.027,113.01,113.026,195720000,1
1499937180000,1499937239000,113.025,113.062,113.025,113.049,170940000,1
1499937240000,1499937299000,113.049,113.049,113.017,113.018,135150000,1
1499937300000,1499937359000,113.019,113.041,113.019,113.041,97880000,1
1499937360000,1499937419000,113.041,113.057,113.041,113.05,100490000,1
1499937420000,1499937479000,113.051,113.064,113.051,113.058,146220000,1
1499937480000,1499937539000,113.058,113.069,113.051,113.058,122460000,1
1499937540000,1499937599000,113.059,113.078,113.058,113.064,173020000,1
1499937600000,1499937659000,113.063,113.072,113.061,113.071,69330000,1
1499937660000,1499937719000,113.07,113.082,113.06,113.078,183520000,1
1499937720000,1499937779000,113.077,113.089,113.071,113.086,136720000,1
1499937780000,1499937839000,113.086,113.095,113.076,113.08,112900000,1
1499937840000,1499937899000,113.079,113.084,113.079,113.083,133940000,1
1499937900000,1499937959000,113.083,113.089,113.078,113.088,51130000,1
1499937960000,1499938019000,113.087,113.095,113.082,113.095,86230000,1
1499938020000,1499938079000,113.095,113.108,113.083,113.103,195660000,1
1499938080000,1499938139000,113.104,113.111,113.067,113.067,166040000,1
1499938140000,1499938199000,113.067,113.077,113.052,113.057,165610000,1
1499938200000,1499938259000,113.057,113.066,113.056,113.062,219430000,1
1499938260000,1499938319000,113.061,113.085,113.059,113.081,184790000,1
1499938320000,1499938379000,113.081,113.082,113.067,113.071,142190000,1
1499938380000,1499938439000,113.074,113.084,113.067,113.084,156060000,1
1499938440000,1499938499000,113.083,113.084,113.07,113.07,76100000,1
1499938500000,1499938559000,113.07,113.083,113.07,113.077,89830000,1
1499938560000,1499938619000,113.079,113.083,113.063,113.063,136230000,1
1499938620000,1499938679000,113.063,113.063,113.044,113.051,148140000,1
1499938680000,1499938739000,113.051,113.058,113.049,113.055,154140000,1
1499938740000,1499938799000,113.058,113.091,113.058,113.088,160650000,1
1499938800000,1499938859000,113.084,113.084,113.072,113.077,118170000,1
1499938860000,1499938919000,113.077,113.079,113.071,113.075,85240000,1
1499938920000,1499938979000,113.075,113.085,113.073,113.075,53700000,1
1499938980000,1499939039000,113.075,113.078,113.064,113.065,39310000,1
1499939040000,1499939099000,113.065,113.076,113.06,113.06,49390000,1
1499939100000,1499939159000,113.058,113.064,113.051,113.053,77830000,1
1499939160000,1499939219000,113.054,113.058,113.045,113.045,84810000,1
1499939220000,1499939279000,113.046,113.055,113.044,113.048,129880000,1
1499939280000,1499939339000,113.049,113.052,113.044,113.051,115620000,1
1499939340000,1499939399000,113.05,113.05,113.025,113.032,114670000,1
1499939400000,1499939459000,113.032,113.034,112.981,113.003,231850000,1
1499939460000,1499939519000,113.003,113.005,112.989,112.993,160140000,1
1499939520000,1499939579000,112.994,112.999,112.972,112.979,256210000,1
1499939580000,1499939639000,112.978,112.988,112.972,112.978,163150000,1
1499939640000,1499939699000,112.979,112.992,112.972,112.985,86830000,1
1499939700000,1499939759000,112.983,112.991,112.974,112.991,165620000,1
1499939760000,1499939819000,112.991,112.997,112.985,112.991,136780000,1
1499939820000,1499939879000,112.99,113.003,112.975,113.001,141530000,1
1499939880000,1499939939000,113.002,113.004,112.978,112.979,177890000,1
1499939940000,1499939999000,112.98,113.002,112.98,112.987,101950000,1
1499940000000,1499940059000,112.986,112.986,112.964,112.978,189740000,1
1499940060000,1499940119000,112.979,113.004,112.979,113.002,146250000,1
1499940120000,1499940179000,113.001,113.001,112.99,112.997,156000000,1
1499940180000,1499940239000,112.996,113.003,112.996,112.999,37180000,1
1499940240000,1499940299000,112.999,113.01,112.994,113.002,91770000,1
1499940300000,1499940359000,113.003,113.008,112.992,113.004,90750000,1
1499940360000,1499940419000,113.006,113.008,112.994,112.994,74300000,1
1499940420000,1499940479000,112.996,112.999,112.992,112.998,88960000,1
1499940480000,1499940539000,112.999,113.012,112.999,113.002,72960000,1
1499940540000,1499940599000,113.003,113.004,112.994,112.999,51710000,1
1499940600000,1499940659000,112.999,113.005,112.991,113.005,91990000,1
1499940660000,1499940719000,113.007,113.011,112.994,112.994,99330000,1
1499940720000,1499940779000,112.994,112.998,112.981,112.987,109150000,1
1499940780000,1499940839000,112.989,112.99,112.964,112.971,72170000,1
1499940840000,1499940899000,112.971,112.972,112.955,112.956,106800000,1
1499940900000,1499940959000,112.957,112.97,112.957,112.966,79500000,1
1499940960000,1499941019000,112.964,112.966,112.958,112.966,149950000,1
1499941020000,1499941079000,112.966,112.978,112.966,112.978,90630000,1
1499941080000,1499941139000,112.978,112.983,112.975,112.977,92500000,1
1499941140000,1499941199000,112.979,112.979,112.957,112.957,63510000,1
1499941200000,1499941259000,112.956,112.963,112.954,112.957,80600000,1
1499941260000,1499941319000,112.955,112.97,112.954,112.962,75800000,1
1499941320000,1499941379000,112.962,112.981,112.962,112.969,101100000,1
1499941380000,1499941439000,112.968,112.99,112.96,112.985,168510000,1
1499941440000,1499941499000,112.984,112.992,112.979,112.981,87000000,1
1499941500000,1499941559000,112.984,113.002,112.984,112.994,59360000,1
1499941560000,1499941619000,112.992,112.996,112.984,112.994,88250000,1
1499941620000,1499941679000,112.995,112.997,112.975,112.978,126840000,1
1499941680000,1499941739000,112.979,112.982,112.96,112.968,121670000,1
1499941740000,1499941799000,112.969,112.972,112.96,112.965,55450000,1
1499941800000,1499941859000,112.963,112.97,112.957,112.961,80930000,1
1499941860000,1499941919000,112.96,112.97,112.954,112.968,123370000,1
1499941920000,1499941979000,112.968,112.969,112.961,112.965,94160000,1
1499941980000,1499942039000,112.966,112.969,112.957,112.967,124780000,1
1499942040000,1499942099000,112.967,112.973,112.942,112.947,111650000,1
1499942100000,1499942159000,112.946,112.963,112.942,112.963,125490000,1
1499942160000,1499942219000,112.962,112.973,112.956,112.973,207490000,1
1499942220000,1499942279000,112.972,112.972,112.943,112.946,111600000,1
1499942280000,1499942339000,112.947,112.955,112.936,112.949,166740000,1
1499942340000,1499942399000,112.948,112.951,112.927,112.927,158290000,1
1499942400000,1499942459000,112.927,112.938,112.91,112.914,159410000,1
1499942460000,1499942519000,112.913,112.931,112.913,112.931,123380000,1
1499942520000,1499942579000,112.93,112.949,112.93,112.935,115870000,1
1499942580000,1499942639000,112.935,112.935,112.92,112.931,123530000,1
1499942640000,1499942699000,112.931,112.931,112.918,112.928,109580000,1
1499942700000,1499942759000,112.928,112.932,112.905,112.918,161880000,1
1499942760000,1499942819000,112.918,112.949,112.894,112.944,266620000,1
1499942820000,1499942879000,112.943,112.955,112.942,112.947,220890000,1
1499942880000,1499942939000,112.946,112.946,112.919,112.929,167840000,1
1499942940000,1499942999000,112.931,112.94,112.925,112.938,69940000,1
1499943000000,1499943059000,112.943,112.949,112.926,112.926,96720000,1
1499943060000,1499943119000,112.926,112.941,112.923,112.933,69900000,1
1499943120000,1499943179000,112.934,112.958,112.929,112.955,111370000,1
1499943180000,1499943239000,112.955,112.966,112.946,112.953,172350000,1
1499943240000,1499943299000,112.952,112.963,112.951,112.953,70020000,1
1499943300000,1499943359000,112.951,112.955,112.95,112.95,66010000,1
1499943360000,1499943419000,112.95,112.954,112.949,112.953,75970000,1
1499943420000,1499943479000,112.955,112.965,112.953,112.96,90020000,1
1499943480000,1499943539000,112.962,112.973,112.96,112.97,119680000,1
1499943540000,1499943599000,112.97,112.974,112.968,112.972,149230000,1
1499943600000,1499943659000,112.972,112.987,112.968,112.983,110360000,1
1499943660000,1499943719000,112.983,112.989,112.979,112.983,124030000,1
1499943720000,1499943779000,112.983,112.985,112.962,112.962,111010000,1
1499943780000,1499943839000,112.962,112.989,112.962,112.987,136870000,1
1499943840000,1499943899000,112.988,112.997,112.986,112.996,110320000,1
1499943900000,1499943959000,113.0,113.012,112.997,113.002,119290000,1
1499943960000,1499944019000,113.0,113.001,113.0,113.0,41480000,1
1499944020000,1499944079000,113.0,113.019,112.998,113.013,134340000,1
1499944080000,1499944139000,113.013,113.013,113.0,113.002,100330000,1
1499944140000,1499944199000,113.001,113.005,112.992,112.993,124490000,1
1499944200000,1499944259000,112.994,113.02,112.993,113.014,185590000,1
1499944260000,1499944319000,113.014,113.023,113.009,113.018,199590000,1
1499944320000,1499944379000,113.018,113.037,112.989,112.998,376590000,1
1499944380000,1499944439000,112.997,113.026,112.995,113.026,317280000,1
1499944440000,1499944499000,113.024,113.082,113.019,113.074,265600000,1
1499944500000,1499944559000,113.072,113.076,113.052,113.064,358570000,1
1499944560000,1499944619000,113.063,113.064,113.03,113.036,296820000,1
1499944620000,1499944679000,113.036,113.041,113.013,113.024,210060000,1
1499944680000,1499944739000,113.024,113.031,113.016,113.016,233670000,1
1499944740000,1499944799000,113.016,113.047,113.016,113.044,150180000,1
1499944800000,1499944859000,113.044,113.056,113.026,113.03,179390000,1
1499944860000,1499944919000,113.031,113.037,113.026,113.035,184550000,1
1499944920000,1499944979000,113.034,113.038,113.025,113.034,136630000,1
1499944980000,1499945039000,113.035,113.068,113.029,113.068,201950000,1
1499945040000,1499945099000,113.069,113.086,113.063,113.071,170870000,1
1499945100000,1499945159000,113.071,113.097,113.07,113.095,223690000,1
1499945160000,1499945219000,113.095,113.1,113.08,113.082,141630000,1
1499945220000,1499945279000,113.081,113.085,113.072,113.079,129170000,1
1499945280000,1499945339000,113.079,113.082,113.078,113.081,82200000,1
1499945340000,1499945399000,113.081,113.081,113.07,113.07,109880000,1
1499945400000,1499945459000,113.07,113.092,113.07,113.089,117200000,1
1499945460000,1499945519000,113.09,113.09,113.068,113.078,103280000,1
1499945520000,1499945579000,113.08,113.096,113.078,113.096,76760000,1
1499945580000,1499945639000,113.096,113.097,113.089,113.094,87930000,1
1499945640000,1499945699000,113.093,113.113,113.092,113.113,130810000,1
1499945700000,1499945759000,113.111,113.156,113.107,113.138,232130000,1
1499945760000,1499945819000,113.138,113.173,113.133,113.166,259770000,1
1499945820000,1499945879000,113.165,113.186,113.161,113.185,227190000,1
1499945880000,1499945939000,113.185,113.189,113.163,113.164,220820000,1
1499945940000,1499945999000,113.163,113.165,113.152,113.164,164880000,1
1499946000000,1499946059000,113.162,113.169,113.154,113.164,134080000,1
1499946060000,1499946119000,113.163,113.169,113.146,113.149,128200000,1
1499946120000,1499946179000,113.151,113.156,113.137,113.137,138700000,1
1499946180000,1499946239000,113.14,113.142,113.13,113.135,114020000,1
1499946240000,1499946299000,113.135,113.143,113.131,113.142,106530000,1
1499946300000,1499946359000,113.145,113.153,113.138,113.151,89290000,1
1499946360000,1499946419000,113.152,113.174,113.147,113.174,100970000,1
1499946420000,1499946479000,113.173,113.173,113.156,113.163,108750000,1
1499946480000,1499946539000,113.162,113.162,113.145,113.153,89430000,1
1499946540000,1499946599000,113.149,113.167,113.148,113.161,87920000,1
1499946600000,1499946659000,113.161,113.168,113.158,113.166,130330000,1
1499946660000,1499946719000,113.165,113.175,113.159,113.159,146600000,1
1499946720000,1499946779000,113.158,113.167,113.142,113.142,109940000,1
1499946780000,1499946839000,113.142,113.158,113.142,113.144,72900000,1
1499946840000,1499946899000,113.143,113.175,113.143,113.164,121250000,1
1499946900000,1499946959000,113.163,113.163,113.153,113.156,62000000,1
1499946960000,1499947019000,113.156,113.165,113.155,113.158,57170000,1
1499947020000,1499947079000,113.16,113.164,113.147,113.164,70800000,1
1499947080000,1499947139000,113.165,113.165,113.148,113.152,125710000,1
1499947140000,1499947199000,113.153,113.158,113.139,113.158,75910000,1
1499947200000,1499947259000,113.159,113.172,113.152,113.157,108980000,1
1499947260000,1499947319000,113.158,113.165,113.151,113.155,169830000,1
1499947320000,1499947379000,113.153,113.164,113.152,113.159,207260000,1
1499947380000,1499947439000,113.161,113.175,113.153,113.173,178860000,1
1499947440000,1499947499000,113.172,113.178,113.161,113.161,179520000,1
1499947500000,1499947559000,113.163,113.167,113.157,113.157,134540000,1
1499947560000,1499947619000,113.156,113.176,113.151,113.172,161000000,1
1499947620000,1499947679000,113.172,113.174,113.152,113.152,104470000,1
1499947680000,1499947739000,113.153,113.162,113.146,113.156,100890000,1
1499947740000,1499947799000,113.157,113.157,113.139,113.146,107410000,1
1499947800000,1499947859000,113.147,113.154,113.145,113.151,64970000,1
1499947860000,1499947919000,113.15,113.15,113.128,113.138,71990000,1
1499947920000,1499947979000,113.138,113.138,113.126,113.129,142240000,1
1499947980000,1499948039000,113.129,113.13,113.118,113.13,144230000,1
1499948040000,1499948099000,113.134,113.136,113.128,113.132,52540000,1
1499948100000,1499948159000,113.131,113.132,113.123,113.123,103010000,1
1499948160000,1499948219000,113.123,113.137,113.113,113.136,173670000,1
1499948220000,1499948279000,113.137,113.146,113.133,113.139,168780000,1
1499948280000,1499948339000,113.14,113.151,113.131,113.151,98630000,1
1499948340000,1499948399000,113.151,113.179,113.151,113.176,146950000,1
1499948400000,1499948459000,113.18,113.232,113.18,113.211,258330000,1
1499948460000,1499948519000,113.213,113.22,113.208,113.208,185110000,1
1499948520000,1499948579000,113.208,113.219,113.205,113.214,124600000,1
1499948580000,1499948639000,113.215,113.237,113.214,113.227,98850000,1
1499948640000,1499948699000,113.225,113.228,113.214,113.214,134300000,1
1499948700000,1499948759000,113.215,113.225,113.215,113.225,76600000,1
1499948760000,1499948819000,113.227,113.228,113.21,113.216,57090000,1
1499948820000,1499948879000,113.216,113.217,113.2,113.203,73180000,1
1499948880000,1499948939000,113.203,113.211,113.203,113.209,64670000,1
1499948940000,1499948999000,113.21,113.214,113.182,113.185,142210000,1
1499949000000,1499949059000,113.184,113.244,113.174,113.22,287960000,1
1499949060000,1499949119000,113.221,113.221,113.182,113.196,255760000,1
1499949120000,1499949179000,113.198,113.206,113.175,113.179,176800000,1
1499949180000,1499949239000,113.18,113.182,113.159,113.159,216890000,1
1499949240000,1499949299000,113.157,113.164,113.145,113.148,177600000,1
1499949300000,1499949359000,113.15,113.196,113.15,113.195,136500000,1
1499949360000,1499949419000,113.195,113.227,113.189,113.225,143790000,1
1499949420000,1499949479000,113.224,113.265,113.224,113.239,163430000,1
1499949480000,1499949539000,113.237,113.237,113.211,113.228,149760000,1
1499949540000,1499949599000,113.227,113.247,113.214,113.247,220880000,1
1499949600000,1499949659000,113.247,113.248,113.229,113.24,242250000,1
1499949660000,1499949719000,113.24,113.247,113.236,113.247,185420000,1
1499949720000,1499949779000,113.247,113.255,113.24,113.24,83590000,1
1499949780000,1499949839000,113.239,113.24,113.22,113.229,183950000,1
1499949840000,1499949899000,113.228,113.301,113.225,113.285,236280000,1
1499949900000,1499949959000,113.286,113.292,113.275,113.285,161720000,1
1499949960000,1499950019000,113.287,113.323,113.287,113.316,243530000,1
1499950020000,1499950079000,113.317,113.331,113.305,113.329,177430000,1
1499950080000,1499950139000,113.331,113.338,113.318,113.325,221500000,1
1499950140000,1499950199000,113.325,113.325,113.297,113.298,121030000,1
1499950200000,1499950259000,113.299,113.301,113.253,113.26,244570000,1
1499950260000,1499950319000,113.261,113.28,113.261,113.277,176990000,1
1499950320000,1499950379000,113.277,113.306,113.273,113.296,200880000,1
1499950380000,1499950439000,113.298,113.318,113.283,113.312,151520000,1
1499950440000,1499950499000,113.312,113.322,113.293,113.3,116640000,1
1499950500000,1499950559000,113.3,113.31,113.292,113.304,136390000,1
1499950560000,1499950619000,113.304,113.308,113.292,113.293,155700000,1
1499950620000,1499950679000,113.294,113.323,113.29,113.316,179780000,1
1499950680000,1499950739000,113.316,113.326,113.287,113.291,230390000,1
1499950740000,1499950799000,113.293,113.332,113.287,113.332,181490000,1
1499950800000,1499950859000,113.331,113.347,113.307,113.347,168020000,1
1499950860000,1499950919000,113.347,113.347,113.31,113.318,110920000,1
1499950920000,1499950979000,113.318,113.324,113.311,113.313,179980000,1
1499950980000,1499951039000,113.313,113.327,113.31,113.31,149400000,1
1499951040000,1499951099000,113.31,113.316,113.305,113.309,129970000,1
1499951100000,1499951159000,113.309,113.31,113.289,113.289,165600000,1
1499951160000,1499951219000,113.288,113.289,113.274,113.278,142820000,1
1499951220000,1499951279000,113.279,113.304,113.278,113.296,110970000,1
1499951280000,1499951339000,113.295,113.295,113.26,113.267,161750000,1
1499951340000,1499951399000,113.267,113.273,113.267,113.272,107820000,1
1499951400000,1499951459000,113.272,113.284,113.271,113.281,116340000,1
1499951460000,1499951519000,113.28,113.288,113.266,113.274,156470000,1
1499951520000,1499951579000,113.274,113.278,113.259,113.266,116140000,1
1499951580000,1499951639000,113.267,113.287,113.266,113.278,178260000,1
1499951640000,1499951699000,113.278,113.307,113.278,113.299,181780000,1
1499951700000,1499951759000,113.298,113.304,113.288,113.294,136670000,1
1499951760000,1499951819000,113.295,113.298,113.286,113.288,103160000,1
1499951820000,1499951879000,113.287,113.306,113.285,113.303,112840000,1
1499951880000,1499951939000,113.303,113.317,113.302,113.311,202590000,1
1499951940000,1499951999000,113.311,113.323,113.306,113.32,104890000,1
1499952000000,1499952059000,113.319,113.324,113.317,113.324,90750000,1
1499952060000,1499952119000,113.324,113.325,113.318,113.323,99070000,1
1499952120000,1499952179000,113.323,113.323,113.303,113.303,127440000,1
1499952180000,1499952239000,113.303,113.315,113.297,113.31,186930000,1
1499952240000,1499952299000,113.311,113.325,113.307,113.325,74080000,1
1499952300000,1499952359000,113.323,113.331,113.323,113.324,97580000,1
1499952360000,1499952419000,113.325,113.328,113.312,113.32,133900000,1
1499952420000,1499952479000,113.32,113.322,113.313,113.316,95350000,1
1499952480000,1499952539000,113.316,113.334,113.315,113.323,156190000,1
1499952540000,1499952599000,113.322,113.322,113.3,113.304,140710000,1
1499952600000,1499952659000,113.303,113.309,113.297,113.297,144580000,1
1499952660000,1499952719000,113.297,113.347,113.293,113.347,186950000,1
1499952720000,1499952779000,113.349,113.375,113.344,113.366,237440000,1
1499952780000,1499952839000,113.364,113.39,113.363,113.384,234870000,1
1499952840000,1499952899000,113.383,113.387,113.375,113.378,187980000,1
1499952900000,1499952959000,113.377,113.394,113.377,113.387,185790000,1
1499952960000,1499953019000,113.387,113.395,113.38,113.383,177800000,1
1499953020000,1499953079000,113.384,113.394,113.381,113.387,169410000,1
1499953080000,1499953139000,113.388,113.432,113.388,113.431,221770000,1
1499953140000,1499953199000,113.431,113.431,113.387,113.401,248080000,1
1499953200000,1499953259000,113.401,113.425,113.387,113.387,197990000,1
1499953260000,1499953319000,113.389,113.401,113.385,113.391,184490000,1
1499953320000,1499953379000,113.391,113.402,113.386,113.395,116640000,1
1499953380000,1499953439000,113.395,113.398,113.359,113.374,205940000,1
1499953440000,1499953499000,113.374,113.374,113.335,113.339,284410000,1
1499953500000,1499953559000,113.338,113.353,113.333,113.35,132910000,1
1499953560000,1499953619000,113.35,113.352,113.339,113.346,176340000,1
1499953620000,1499953679000,113.347,113.351,113.33,113.336,224010000,1
1499953680000,1499953739000,113.337,113.359,113.335,113.359,115640000,1
1499953740000,1499953799000,113.358,113.367,113.336,113.348,151010000,1
1499953800000,1499953859000,113.349,113.35,113.347,113.347,74190000,1
1499953860000,1499953919000,113.346,113.388,113.334,113.388,179350000,1
1499953920000,1499953979000,113.387,113.398,113.363,113.371,128020000,1
1499953980000,1499954039000,113.371,113.385,113.366,113.373,79600000,1
1499954040000,1499954099000,113.372,113.386,113.371,113.373,123740000,1
1499954100000,1499954159000,113.372,113.397,113.368,113.38,144140000,1
1499954160000,1499954219000,113.38,113.383,113.354,113.359,136790000,1
1499954220000,1499954279000,113.361,113.364,113.351,113.351,127610000,1
1499954280000,1499954339000,113.352,113.382,113.348,113.354,193040000,1
1499954340000,1499954399000,113.354,113.361,113.332,113.355,227680000,1
1499954400000,1499954459000,113.357,113.387,113.356,113.36,198030000,1
1499954460000,1499954519000,113.362,113.368,113.331,113.363,160510000,1
1499954520000,1499954579000,113.362,113.362,113.328,113.34,173240000,1
1499954580000,1499954639000,113.341,113.349,113.334,113.342,130420000,1
1499954640000,1499954699000,113.341,113.349,113.339,113.348,199470000,1
1499954700000,1499954759000,113.349,113.359,113.33,113.349,207040000,1
1499954760000,1499954819000,113.348,113.36,113.333,113.357,176790000,1
1499954820000,1499954879000,113.355,113.367,113.352,113.361,161820000,1
1499954880000,1499954939000,113.359,113.366,113.353,113.354,136040000,1
1499954940000,1499954999000,113.352,113.362,113.345,113.359,125460000,1
1499955000000,1499955059000,113.359,113.366,113.34,113.346,135670000,1
1499955060000,1499955119000,113.347,113.384,113.345,113.378,144410000,1
1499955120000,1499955179000,113.379,113.449,113.379,113.437,199710000,1
1499955180000,1499955239000,113.435,113.461,113.408,113.415,332070000,1
1499955240000,1499955299000,113.414,113.424,113.405,113.406,201710000,1
1499955300000,1499955359000,113.406,113.418,113.389,113.393,207500000,1
1499955360000,1499955419000,113.394,113.44,113.388,113.439,301570000,1
1499955420000,1499955479000,113.444,113.46,113.425,113.44,252370000,1
1499955480000,1499955539000,113.44,113.452,113.422,113.422,275070000,1
1499955540000,1499955599000,113.422,113.47,113.422,113.463,211910000,1
1499955600000,1499955659000,113.463,113.468,113.45,113.452,287010000,1
1499955660000,1499955719000,113.455,113.468,113.453,113.465,186210000,1
1499955720000,1499955779000,113.466,113.469,113.445,113.455,222050000,1
1499955780000,1499955839000,113.455,113.465,113.447,113.456,172090000,1
1499955840000,1499955899000,113.457,113.47,113.455,113.465,227180000,1
1499955900000,1499955959000,113.464,113.466,113.443,113.451,180000000,1
1499955960000,1499956019000,113.451,113.461,113.444,113.461,77730000,1
1499956020000,1499956079000,113.461,113.464,113.436,113.436,135340000,1
1499956080000,1499956139000,113.436,113.436,113.394,113.4,234260000,1
1499956140000,1499956199000,113.401,113.401,113.379,113.397,187270000,1
1499956200000,1499956259000,113.397,113.397,113.372,113.376,215600000,1
1499956260000,1499956319000,113.375,113.378,113.366,113.368,162660000,1
1499956320000,1499956379000,113.367,113.373,113.359,113.366,154890000,1
1499956380000,1499956439000,113.367,113.386,113.367,113.385,201260000,1
1499956440000,1499956499000,113.383,113.391,113.378,113.379,129660000,1
1499956500000,1499956559000,113.378,113.389,113.371,113.377,162760000,1
1499956560000,1499956619000,113.378,113.378,113.348,113.352,184200000,1
1499956620000,1499956679000,113.352,113.358,113.345,113.347,207490000,1
1499956680000,1499956739000,113.347,113.372,113.343,113.355,146130000,1
1499956740000,1499956799000,113.353,113.386,113.353,113.371,184640000,1
1499956800000,1499956859000,113.371,113.374,113.343,113.373,168350000,1
1499956860000,1499956919000,113.375,113.39,113.375,113.378,136360000,1
1499956920000,1499956979000,113.377,113.387,113.375,113.376,151230000,1
1499956980000,1499957039000,113.376,113.379,113.363,113.379,141730000,1
1499957040000,1499957099000,113.379,113.385,113.367,113.367,114470000,1
1499957100000,1499957159000,113.367,113.373,113.359,113.359,96640000,1
1499957160000,1499957219000,113.36,113.374,113.359,113.369,85430000,1
1499957220000,1499957279000,113.368,113.375,113.368,113.374,59570000,1
1499957280000,1499957339000,113.374,113.375,113.34,113.344,129930000,1
1499957340000,1499957399000,113.345,113.35,113.334,113.347,181220000,1
1499957400000,1499957459000,113.347,113.361,113.336,113.361,202090000,1
1499957460000,1499957519000,113.363,113.37,113.352,113.36,169980000,1
1499957520000,1499957579000,113.36,113.387,113.356,113.387,89900000,1
1499957580000,1499957639000,113.388,113.413,113.388,113.405,175560000,1
1499957640000,1499957699000,113.404,113.423,113.404,113.404,116130000,1
1499957700000,1499957759000,113.404,113.428,113.404,113.423,95120000,1
1499957760000,1499957819000,113.423,113.423,113.411,113.416,119570000,1
1499957820000,1499957879000,113.415,113.418,113.392,113.417,170370000,1
1499957880000,1499957939000,113.416,113.424,113.371,113.393,311710000,1
1499957940000,1499957999000,113.393,113.426,113.393,113.406,198680000,1
1499958000000,1499958059000,113.405,113.407,113.394,113.396,164420000,1
1499958060000,1499958119000,113.401,113.406,113.386,113.388,279820000,1
1499958120000,1499958179000,113.387,113.399,113.365,113.365,260260000,1
1499958180000,1499958239000,113.365,113.367,113.335,113.354,190740000,1
1499958240000,1499958299000,113.355,113.363,113.349,113.362,169460000,1
1499958300000,1499958359000,113.362,113.373,113.36,113.37,83010000,1
1499958360000,1499958419000,113.371,113.375,113.36,113.365,160770000,1
1499958420000,1499958479000,113.364,113.379,113.36,113.363,178560000,1
1499958480000,1499958539000,113.365,113.369,113.358,113.358,81270000,1
1499958540000,1499958599000,113.358,113.36,113.349,113.352,113130000,1
1499958600000,1499958659000,113.35,113.363,113.35,113.35,120960000,1
1499958660000,1499958719000,113.348,113.359,113.348,113.354,47620000,1
1499958720000,1499958779000,113.354,113.381,113.354,113.355,162940000,1
1499958780000,1499958839000,113.356,113.38,113.353,113.38,172630000,1
1499958840000,1499958899000,113.38,113.414,113.371,113.412,166060000,1
1499958900000,1499958959000,113.411,113.411,113.392,113.392,176660000,1
1499958960000,1499959019000,113.393,113.398,113.388,113.39,136190000,1
1499959020000,1499959079000,113.39,113.407,113.39,113.404,87640000,1
1499959080000,1499959139000,113.404,113.417,113.387,113.402,209770000,1
1499959140000,1499959199000,113.401,113.41,113.388,113.39,202750000,1
1499959200000,1499959259000,113.39,113.394,113.383,113.383,125070000,1
1499959260000,1499959319000,113.382,113.386,113.358,113.358,166490000,1
1499959320000,1499959379000,113.356,113.368,113.344,113.36,180650000,1
1499959380000,1499959439000,113.36,113.377,113.356,113.371,148320000,1
1499959440000,1499959499000,113.371,113.379,113.363,113.375,181920000,1
1499959500000,1499959559000,113.375,113.391,113.371,113.377,175060000,1
1499959560000,1499959619000,113.378,113.382,113.359,113.37,238480000,1
1499959620000,1499959679000,113.369,113.386,113.366,113.384,155550000,1
1499959680000,1499959739000,113.382,113.382,113.359,113.372,185940000,1
1499959740000,1499959799000,113.371,113.4,113.371,113.392,178520000,1
1499959800000,1499959859000,113.396,113.405,113.387,113.387,236740000,1
1499959860000,1499959919000,113.386,113.396,113.378,113.379,168870000,1
1499959920000,1499959979000,113.378,113.385,113.373,113.379,174200000,1
1499959980000,1499960039000,113.379,113.385,113.364,113.385,164370000,1
1499960040000,1499960099000,113.387,113.39,113.37,113.382,156710000,1
1499960100000,1499960159000,113.382,113.395,113.379,113.391,101730000,1
1499960160000,1499960219000,113.391,113.391,113.375,113.377,68400000,1
1499960220000,1499960279000,113.377,113.377,113.348,113.351,135730000,1
1499960280000,1499960339000,113.352,113.358,113.347,113.349,107090000,1
1499960340000,1499960399000,113.351,113.354,113.344,113.344,82970000,1
1499960400000,1499960459000,113.345,113.352,113.344,113.348,136490000,1
1499960460000,1499960519000,113.349,113.349,113.341,113.347,76300000,1
1499960520000,1499960579000,113.348,113.352,113.341,113.347,102620000,1
1499960580000,1499960639000,113.348,113.357,113.342,113.349,96830000,1
1499960640000,1499960699000,113.348,113.374,113.348,113.374,99870000,1
1499960700000,1499960759000,113.374,113.392,113.374,113.381,116280000,1
1499960760000,1499960819000,113.381,113.388,113.379,113.387,109970000,1
1499960820000,1499960879000,113.388,113.4,113.376,113.392,141920000,1
1499960880000,1499960939000,113.392,113.403,113.382,113.393,171410000,1
1499960940000,1499960999000,113.393,113.398,113.385,113.396,113310000,1
1499961000000,1499961059000,113.396,113.419,113.395,113.417,163590000,1
1499961060000,1499961119000,113.417,113.417,113.396,113.405,138780000,1
1499961120000,1499961179000,113.405,113.419,113.403,113.407,104690000,1
1499961180000,1499961239000,113.408,113.431,113.406,113.417,160050000,1
1499961240000,1499961299000,113.419,113.424,113.41,113.41,64490000,1
1499961300000,1499961359000,113.409,113.413,113.398,113.403,133090000,1
1499961360000,1499961419000,113.403,113.405,113.398,113.403,33110000,1
1499961420000,1499961479000,113.404,113.405,113.395,113.395,53550000,1
1499961480000,1499961539000,113.393,113.398,113.387,113.394,104540000,1
1499961540000,1499961599000,113.395,113.401,113.389,113.398,59640000,1
1499961600000,1499961659000,113.398,113.4,113.344,113.346,193760000,1
1499961660000,1499961719000,113.344,113.35,113.336,113.339,185240000,1
1499961720000,1499961779000,113.342,113.344,113.334,113.341,197530000,1
1499961780000,1499961839000,113.34,113.347,113.34,113.347,49670000,1
1499961840000,1499961899000,113.346,113.348,113.336,113.336,54790000,1
1499961900000,1499961959000,113.337,113.341,113.333,113.338,348170000,1
1499961960000,1499962019000,113.337,113.34,113.332,113.34,103070000,1
1499962020000,1499962079000,113.34,113.34,113.333,113.333,63990000,1
1499962080000,1499962139000,113.333,113.335,113.332,113.332,38450000,1
1499962140000,1499962199000,113.332,113.345,113.332,113.341,82290000,1
1499962200000,1499962259000,113.34,113.34,113.33,113.33,471220000,1
1499962260000,1499962319000,113.329,113.329,113.288,113.295,178880000,1
1499962320000,1499962379000,113.295,113.316,113.295,113.314,56220000,1
1499962380000,1499962439000,113.312,113.314,113.306,113.306,92570000,1
1499962440000,1499962499000,113.306,113.308,113.297,113.298,115210000,1
1499962500000,1499962559000,113.299,113.303,113.287,113.301,168800000,1
1499962560000,1499962619000,113.301,113.324,113.301,113.323,131680000,1
1499962620000,1499962679000,113.323,113.342,113.322,113.342,63360000,1
1499962680000,1499962739000,113.342,113.342,113.328,113.332,40570000,1
1499962740000,1499962799000,113.332,113.338,113.325,113.336,54790000,1
1499962800000,1499962859000,113.336,113.344,113.336,113.343,34770000,1
1499962860000,1499962919000,113.344,113.347,113.341,113.343,65830000,1
1499962920000,1499962979000,113.342,113.342,113.335,113.338,63550000,1
1499962980000,1499963039000,113.337,113.362,113.337,113.362,122100000,1
1499963040000,1499963099000,113.362,113.386,113.362,113.385,124020000,1
1499963100000,1499963159000,113.378,113.379,113.372,113.378,103900000,1
1499963160000,1499963219000,113.378,113.378,113.367,113.367,46570000,1
1499963220000,1499963279000,113.369,113.372,113.359,113.36,80890000,1
1499963280000,1499963339000,113.36,113.368,113.36,113.367,104290000,1
1499963340000,1499963399000,113.367,113.375,113.367,113.373,61760000,1
1499963400000,1499963459000,113.374,113.374,113.363,113.368,167890000,1
1499963460000,1499963519000,113.369,113.376,113.368,113.372,152400000,1
1499963520000,1499963579000,113.373,113.379,113.368,113.374,144390000,1
1499963580000,1499963639000,113.375,113.378,113.373,113.378,94580000,1
1499963640000,1499963699000,113.378,113.385,113.373,113.378,77990000,1
1499963700000,1499963759000,113.378,113.379,113.373,113.376,93470000,1
1499963760000,1499963819000,113.376,113.38,113.372,113.372,117840000,1
1499963820000,1499963879000,113.372,113.38,113.372,113.376,365540000,1
1499963880000,1499963939000,113.377,113.38,113.373,113.378,63900000,1
1499963940000,1499963999000,113.378,113.378,113.368,113.368,39800000,1
1499964000000,1499964059000,113.368,113.374,113.366,113.374,47460000,1
1499964060000,1499964119000,113.375,113.386,113.371,113.378,82900000,1
1499964120000,1499964179000,113.378,113.39,113.378,113.387,92980000,1
1499964180000,1499964239000,113.387,113.388,113.37,113.371,85800000,1
1499964240000,1499964299000,113.371,113.373,113.366,113.369,77440000,1
1499964300000,1499964359000,113.367,113.375,113.366,113.374,68760000,1
1499964360000,1499964419000,113.374,113.38,113.373,113.377,110250000,1
1499964420000,1499964479000,113.376,113.377,113.345,113.346,109300000,1
1499964480000,1499964539000,113.345,113.357,113.345,113.35,164100000,1
1499964540000,1499964599000,113.351,113.361,113.344,113.358,69520000,1
1499964600000,1499964659000,113.356,113.364,113.348,113.35,97860000,1
1499964660000,1499964719000,113.349,113.349,113.336,113.344,128410000,1
1499964720000,1499964779000,113.345,113.346,113.343,113.345,25280000,1
1499964780000,1499964839000,113.344,113.351,113.332,113.347,74880000,1
1499964840000,1499964899000,113.345,113.358,113.34,113.34,123420000,1
1499964900000,1499964959000,113.34,113.34,113.319,113.322,104390000,1
1499964960000,1499965019000,113.321,113.328,113.312,113.312,151620000,1
1499965020000,1499965079000,113.312,113.317,113.298,113.305,138440000,1
1499965080000,1499965139000,113.305,113.309,113.296,113.307,81470000,1
1499965140000,1499965199000,113.306,113.312,113.304,113.309,134840000,1
1499965200000,1499965259000,113.308,113.309,113.296,113.296,78030000,1
1499965260000,1499965319000,113.299,113.369,113.288,113.346,188300000,1
1499965320000,1499965379000,113.345,113.361,113.332,113.361,106210000,1
1499965380000,1499965439000,113.361,113.361,113.301,113.321,237670000,1
1499965440000,1499965499000,113.321,113.323,113.297,113.303,159600000,1
1499965500000,1499965559000,113.302,113.327,113.296,113.327,114990000,1
1499965560000,1499965619000,113.328,113.334,113.316,113.316,123220000,1
1499965620000,1499965679000,113.316,113.321,113.308,113.309,119490000,1
1499965680000,1499965739000,113.308,113.308,113.268,113.275,245120000,1
1499965740000,1499965799000,113.275,113.283,113.263,113.269,118730000,1
1499965800000,1499965859000,113.269,113.269,113.243,113.248,139120000,1
1499965860000,1499965919000,113.248,113.257,113.243,113.25,106330000,1
1499965920000,1499965979000,113.251,113.267,113.251,113.256,125740000,1
1499965980000,1499966039000,113.256,113.262,113.252,113.257,124530000,1
1499966040000,1499966099000,113.252,113.27,113.243,113.256,169230000,1
1499966100000,1499966159000,113.256,113.258,113.253,113.257,36660000,1
1499966160000,1499966219000,113.257,113.274,113.255,113.271,149700000,1
1499966220000,1499966279000,113.27,113.278,113.266,113.278,50130000,1
1499966280000,1499966339000,113.278,113.279,113.269,113.276,55530000,1
1499966340000,1499966399000,113.277,113.294,113.277,113.289,136900000,1
1499966400000,1499966459000,113.289,113.296,113.288,113.295,64460000,1
1499966460000,1499966519000,113.293,113.293,113.278,113.281,101710000,1
1499966520000,1499966579000,113.281,113.288,113.256,113.262,159530000,1
1499966580000,1499966639000,113.262,113.271,113.255,113.27,88860000,1
1499966640000,1499966699000,113.271,113.278,113.271,113.274,75350000,1
1499966700000,1499966759000,113.276,113.296,113.273,113.295,52500000,1
1499966760000,1499966819000,113.299,113.304,113.281,113.283,39940000,1
1499966820000,1499966879000,113.283,113.283,113.276,113.281,67800000,1
1499966880000,1499966939000,113.277,113.283,113.268,113.276,118820000,1
1499966940000,1499966999000,113.274,113.274,113.226,113.238,125730000,1
1499967000000,1499967059000,113.238,113.242,113.231,113.232,181920000,1
1499967060000,1499967119000,113.231,113.238,113.231,113.237,54840000,1
1499967120000,1499967179000,113.236,113.246,113.236,113.245,62250000,1
1499967180000,1499967239000,113.244,113.244,113.238,113.24,76520000,1
1499967240000,1499967299000,113.24,113.244,113.233,113.236,138630000,1
1499967300000,1499967359000,113.237,113.24,113.231,113.24,57030000,1
1499967360000,1499967419000,113.242,113.243,113.236,113.237,145140000,1
1499967420000,1499967479000,113.236,113.243,113.236,113.24,109890000,1
1499967480000,1499967539000,113.239,113.243,113.236,113.237,62300000,1
1499967540000,1499967599000,113.239,113.248,113.239,113.244,72210000,1
1499967600000,1499967659000,113.244,113.244,113.237,113.238,57240000,1
1499967660000,1499967719000,113.239,113.25,113.239,113.244,98770000,1
1499967720000,1499967779000,113.245,113.245,113.235,113.238,71110000,1
1499967780000,1499967839000,113.238,113.243,113.237,113.241,68230000,1
1499967840000,1499967899000,113.24,113.251,113.23,113.25,86350000,1
1499967900000,1499967959000,113.25,113.256,113.248,113.252,55950000,1
1499967960000,1499968019000,113.254,113.258,113.247,113.256,152190000,1
1499968020000,1499968079000,113.258,113.262,113.25,113.252,103680000,1
1499968080000,1499968139000,113.254,113.259,113.247,113.258,77590000,1
1499968140000,1499968199000,113.255,113.255,113.249,113.251,53860000,1
1499968200000,1499968259000,113.251,113.251,113.241,113.246,135970000,1
1499968260000,1499968319000,113.245,113.252,113.243,113.245,43050000,1
1499968320000,1499968379000,113.246,113.246,113.231,113.24,77440000,1
1499968380000,1499968439000,113.239,113.24,113.232,113.233,50710000,1
1499968440000,1499968499000,113.232,113.236,113.204,113.215,111930000,1
1499968500000,1499968559000,113.214,113.227,113.214,113.227,39570000,1
1499968560000,1499968619000,113.227,113.242,113.227,113.24,70510000,1
1499968620000,1499968679000,113.24,113.243,113.225,113.231,69580000,1
1499968680000,1499968739000,113.23,113.236,113.228,113.233,95080000,1
1499968740000,1499968799000,113.234,113.24,113.234,113.237,91580000,1
1499968800000,1499968859000,113.237,113.241,113.235,113.239,76290000,1
1499968860000,1499968919000,113.239,113.251,113.238,113.251,62220000,1
1499968920000,1499968979000,113.253,113.253,113.239,113.241,97050000,1
1499968980000,1499969039000,113.241,113.244,113.238,113.238,154660000,1
1499969040000,1499969099000,113.239,113.241,113.234,113.239,63950000,1
1499969100000,1499969159000,113.238,113.239,113.228,113.229,74450000,1
1499969160000,1499969219000,113.229,113.239,113.226,113.226,2829560000,1
1499969220000,1499969279000,113.225,113.236,113.221,113.23,162990000,1
1499969280000,1499969339000,113.232,113.238,113.231,113.238,82220000,1
1499969340000,1499969399000,113.24,113.24,113.236,113.238,38110000,1
1499969400000,1499969459000,113.237,113.251,113.237,113.251,65380000,1
1499969460000,1499969519000,113.25,113.253,113.246,113.252,105490000,1
1499969520000,1499969579000,113.253,113.257,113.253,113.253,106030000,1
1499969580000,1499969639000,113.253,113.256,113.249,113.251,134970000,1
1499969640000,1499969699000,113.251,113.257,113.245,113.257,131340000,1
1499969700000,1499969759000,113.256,113.257,113.251,113.255,123830000,1
1499969760000,1499969819000,113.256,113.257,113.243,113.244,113790000,1
1499969820000,1499969879000,113.244,113.246,113.238,113.238,156250000,1
1499969880000,1499969939000,113.238,113.238,113.212,113.212,103190000,1
1499969940000,1499969999000,113.211,113.217,113.206,113.212,94180000,1
1499970000000,1499970059000,113.215,113.232,113.215,113.219,110800000,1
1499970060000,1499970119000,113.219,113.219,113.206,113.212,153140000,1
1499970120000,1499970179000,113.212,113.231,113.209,113.227,462390000,1
1499970180000,1499970239000,113.227,113.229,113.223,113.228,42280000,1
1499970240000,1499970299000,113.227,113.233,113.226,113.231,52510000,1
1499970300000,1499970359000,113.231,113.233,113.22,113.22,73020000,1
1499970360000,1499970419000,113.219,113.221,113.212,113.219,132920000,1
1499970420000,1499970479000,113.219,113.226,113.216,113.22,190000000,1
1499970480000,1499970539000,113.22,113.223,113.219,113.222,82160000,1
1499970540000,1499970599000,113.221,113.221,113.209,113.214,57140000,1
1499970600000,1499970659000,113.214,113.214,113.206,113.212,47420000,1
1499970660000,1499970719000,113.214,113.214,113.204,113.212,94320000,1
1499970720000,1499970779000,113.212,113.219,113.211,113.215,52520000,1
1499970780000,1499970839000,113.212,113.224,113.209,113.216,135190000,1
1499970840000,1499970899000,113.217,113.226,113.215,113.226,136910000,1
1499970900000,1499970959000,113.224,113.226,113.206,113.211,182550000,1
1499970960000,1499971019000,113.212,113.213,113.199,113.207,483800000,1
1499971020000,1499971079000,113.207,113.209,113.19,113.194,78670000,1
1499971080000,1499971139000,113.191,113.195,113.188,113.195,87970000,1
1499971140000,1499971199000,113.195,113.208,113.195,113.201,84950000,1
1499971200000,1499971259000,113.2,113.204,113.199,113.204,62320000,1
1499971260000,1499971319000,113.203,113.212,113.201,113.212,133070000,1
1499971320000,1499971379000,113.212,113.217,113.21,113.213,119430000,1
1499971380000,1499971439000,113.213,113.22,113.198,113.199,397120000,1
1499971440000,1499971499000,113.198,113.2,113.191,113.191,83300000,1
1499971500000,1499971559000,113.192,113.2,113.191,113.196,101590000,1
1499971560000,1499971619000,113.195,113.2,113.194,113.195,58990000,1
1499971620000,1499971679000,113.197,113.202,113.192,113.201,53220000,1
1499971680000,1499971739000,113.202,113.202,113.187,113.187,57230000,1
1499971740000,1499971799000,113.187,113.193,113.187,113.19,86190000,1
1499971800000,1499971859000,113.19,113.19,113.181,113.182,75780000,1
1499971860000,1499971919000,113.183,113.188,113.178,113.179,159650000,1
1499971920000,1499971979000,113.179,113.193,113.174,113.193,80590000,1
1499971980000,1499972039000,113.193,113.2,113.18,113.181,489040000,1
1499972040000,1499972099000,113.18,113.203,113.18,113.201,303980000,1
1499972100000,1499972159000,113.201,113.203,113.192,113.2,130830000,1
1499972160000,1499972219000,113.2,113.213,113.199,113.213,47360000,1
1499972220000,1499972279000,113.213,113.217,113.211,113.213,53900000,1
1499972280000,1499972339000,113.212,113.212,113.193,113.196,180530000,1
1499972340000,1499972399000,113.196,113.241,113.192,113.229,270400000,1
1499972400000,1499972459000,113.23,113.232,113.218,113.228,151840000,1
1499972460000,1499972519000,113.228,113.236,113.223,113.229,154260000,1
1499972520000,1499972579000,113.231,113.244,113.223,113.243,146450000,1
1499972580000,1499972639000,113.243,113.244,113.239,113.243,54460000,1
1499972640000,1499972699000,113.241,113.253,113.238,113.252,110160000,1
1499972700000,1499972759000,113.251,113.254,113.245,113.245,99400000,1
1499972760000,1499972819000,113.244,113.254,113.237,113.237,112950000,1
1499972820000,1499972879000,113.237,113.251,113.237,113.244,60710000,1
1499972880000,1499972939000,113.243,113.245,113.237,113.237,38860000,1
1499972940000,1499972999000,113.236,113.242,113.235,113.24,55220000,1
1499973000000,1499973059000,113.241,113.25,113.241,113.248,78020000,1
1499973060000,1499973119000,113.25,113.261,113.248,113.249,150590000,1
1499973120000,1499973179000,113.25,113.25,113.241,113.243,152350000,1
1499973180000,1499973239000,113.241,113.246,113.24,113.24,108350000,1
1499973240000,1499973299000,113.238,113.238,113.229,113.23,96890000,1
1499973300000,1499973359000,113.229,113.238,113.223,113.237,75930000,1
1499973360000,1499973419000,113.236,113.237,113.229,113.23,74520000,1
1499973420000,1499973479000,113.229,113.239,113.227,113.238,45760000,1
1499973480000,1499973539000,113.238,113.239,113.237,113.239,25890000,1
1499973540000,1499973599000,113.239,113.245,113.237,113.244,37140000,1
1499973600000,1499973659000,113.245,113.245,113.224,113.243,83590000,1
1499973660000,1499973719000,113.244,113.245,113.23,113.231,78040000,1
1499973720000,1499973779000,113.231,113.231,113.214,113.219,131280000,1
1499973780000,1499973839000,113.219,113.227,113.218,113.218,59930000,1
1499973840000,1499973899000,113.218,113.221,113.215,113.215,39280000,1
1499973900000,1499973959000,113.216,113.219,113.214,113.217,41150000,1
1499973960000,1499974019000,113.217,113.218,113.213,113.213,74610000,1
1499974020000,1499974079000,113.212,113.219,113.211,113.211,72920000,1
1499974080000,1499974139000,113.21,113.212,113.198,113.205,78910000,1
1499974140000,1499974199000,113.204,113.206,113.2,113.206,57360000,1
1499974200000,1499974259000,113.206,113.206,113.196,113.199,46180000,1
1499974260000,1499974319000,113.2,113.206,113.199,113.202,103250000,1
1499974320000,1499974379000,113.204,113.22,113.202,113.217,101440000,1
1499974380000,1499974439000,113.217,113.231,113.217,113.226,116510000,1
1499974440000,1499974499000,113.225,113.225,113.219,113.219,70010000,1
1499974500000,1499974559000,113.219,113.221,113.217,113.219,54790000,1
1499974560000,1499974619000,113.221,113.23,113.22,113.23,91410000,1
1499974620000,1499974679000,113.231,113.231,113.224,113.227,28200000,1
1499974680000,1499974739000,113.229,113.23,113.224,113.224,19680000,1
1499974740000,1499974799000,113.225,113.23,113.223,113.225,58450000,1
1499974800000,1499974859000,113.224,113.231,113.22,113.224,77530000,1
1499974860000,1499974919000,113.223,113.231,113.223,113.228,59190000,1
1499974920000,1499974979000,113.228,113.23,113.222,113.23,63620000,1
1499974980000,1499975039000,113.231,113.237,113.225,113.231,65220000,1
1499975040000,1499975099000,113.232,113.232,113.22,113.226,133260000,1
1499975100000,1499975159000,113.225,113.238,113.225,113.231,128830000,1
1499975160000,1499975219000,113.231,113.243,113.23,113.243,58130000,1
1499975220000,1499975279000,113.244,113.244,113.238,113.243,65790000,1
1499975280000,1499975339000,113.243,113.259,113.243,113.249,138030000,1
1499975340000,1499975399000,113.248,113.251,113.246,113.246,97520000,1
1499975400000,1499975459000,113.249,113.25,113.222,113.233,148780000,1
1499975460000,1499975519000,113.234,113.242,113.231,113.241,97970000,1
1499975520000,1499975579000,113.24,113.249,113.239,113.249,78070000,1
1499975580000,1499975639000,113.248,113.259,113.247,113.254,85730000,1
1499975640000,1499975699000,113.254,113.258,113.25,113.256,81110000,1
1499975700000,1499975759000,113.254,113.256,113.244,113.249,134470000,1
1499975760000,1499975819000,113.248,113.254,113.243,113.249,91530000,1
1499975820000,1499975879000,113.249,113.249,113.231,113.237,112500000,1
1499975880000,1499975939000,113.236,113.241,113.218,113.22,164470000,1
1499975940000,1499975999000,113.218,113.226,113.215,113.215,156480000,1
1499976000000,1499976059000,113.214,113.226,113.214,113.215,103240000,1
1499976060000,1499976119000,113.215,113.225,113.214,113.224,147680000,1
1499976120000,1499976179000,113.223,113.225,113.221,113.222,100310000,1
1499976180000,1499976239000,113.222,113.223,113.218,113.223,138320000,1
1499976240000,1499976299000,113.224,113.23,113.222,113.226,139460000,1
1499976300000,1499976359000,113.227,113.233,113.227,113.231,94030000,1
1499976360000,1499976419000,113.232,113.237,113.225,113.234,116520000,1
1499976420000,1499976479000,113.234,113.234,113.224,113.225,88040000,1
1499976480000,1499976539000,113.225,113.231,113.224,113.228,75700000,1
1499976540000,1499976599000,113.227,113.232,113.219,113.228,139870000,1
1499976600000,1499976659000,113.228,113.238,113.224,113.23,80780000,1
1499976660000,1499976719000,113.23,113.236,113.23,113.236,56140000,1
1499976720000,1499976779000,113.237,113.237,113.231,113.235,74690000,1
1499976780000,1499976839000,113.236,113.237,113.231,113.235,102240000,1
1499976840000,1499976899000,113.236,113.243,113.233,113.239,101400000,1
1499976900000,1499976959000,113.239,113.241,113.236,113.237,32120000,1
1499976960000,1499977019000,113.236,113.238,113.235,113.237,29500000,1
1499977020000,1499977079000,113.238,113.238,113.235,113.237,35050000,1
1499977080000,1499977139000,113.238,113.238,113.235,113.238,40000000,1
1499977140000,1499977199000,113.24,113.246,113.24,113.243,35830000,1
1499977200000,1499977259000,113.244,113.246,113.236,113.237,62730000,1
1499977260000,1499977319000,113.236,113.237,113.233,113.235,48600000,1
1499977320000,1499977379000,113.236,113.24,113.235,113.236,47730000,1
1499977380000,1499977439000,113.239,113.251,113.235,113.246,109160000,1
1499977440000,1499977499000,113.245,113.257,113.24,113.25,89940000,1
1499977500000,1499977559000,113.25,113.256,113.244,113.252,100460000,1
1499977560000,1499977619000,113.253,113.256,113.248,113.25,88280000,1
1499977620000,1499977679000,113.248,113.25,113.246,113.247,60550000,1
1499977680000,1499977739000,113.248,113.248,113.243,113.246,75020000,1
1499977740000,1499977799000,113.248,113.251,113.247,113.248,55350000,1
1499977800000,1499977859000,113.247,113.252,113.243,113.244,95620000,1
1499977860000,1499977919000,113.244,113.249,113.243,113.246,48330000,1
1499977920000,1499977979000,113.246,113.255,113.245,113.248,84280000,1
1499977980000,1499978039000,113.249,113.251,113.244,113.244,13170000,1
1499978040000,1499978099000,113.244,113.254,113.24,113.254,36870000,1
1499978100000,1499978159000,113.253,113.253,113.246,113.248,39240000,1
1499978160000,1499978219000,113.249,113.254,113.248,113.254,23800000,1
1499978220000,1499978279000,113.252,113.252,113.248,113.248,20450000,1
1499978280000,1499978339000,113.248,113.249,113.241,113.241,30850000,1
1499978340000,1499978399000,113.241,113.247,113.241,113.247,38830000,1
1499978400000,1499978459000,113.246,113.248,113.246,113.246,8530000,1
1499978460000,1499978519000,113.247,113.249,113.246,113.246,60710000,1
1499978520000,1499978579000,113.247,113.251,113.246,113.25,31390000,1
1499978580000,1499978639000,113.25,113.252,113.243,113.246,74410000,1
1499978640000,1499978699000,113.247,113.249,113.247,113.248,16800000,1
1499978700000,1499978759000,113.248,113.249,113.246,113.247,69090000,1
1499978760000,1499978819000,113.248,113.248,113.247,113.248,19670000,1
1499978820000,1499978879000,113.248,113.257,113.248,113.257,41300000,1
1499978880000,1499978939000,113.256,113.258,113.255,113.256,43790000,1
1499978940000,1499978999000,113.256,113.256,113.25,113.254,54520000,1
1499979000000,1499979059000,113.254,113.275,113.253,113.274,97510000,1
1499979060000,1499979119000,113.274,113.275,113.269,113.275,77690000,1
1499979120000,1499979179000,113.274,113.281,113.273,113.276,120150000,1
1499979180000,1499979239000,113.276,113.281,113.274,113.28,42670000,1
1499979240000,1499979299000,113.278,113.279,113.274,113.274,34250000,1
1499979300000,1499979359000,113.274,113.279,113.274,113.276,49940000,1
1499979360000,1499979419000,113.276,113.289,113.276,113.288,66350000,1
1499979420000,1499979479000,113.288,113.289,113.278,113.28,95430000,1
1499979480000,1499979539000,113.278,113.292,113.278,113.292,78630000,1
1499979540000,1499979599000,113.292,113.297,113.276,113.276,95020000,1
1499979600000,1499979659000,113.276,113.276,113.265,113.265,1120000,1
1499979660000,1499979719000,113.255,113.268,113.255,113.261,13120000,1
1499979720000,1499979779000,113.26,113.26,113.26,113.26,750000,1
1499979780000,1499979839000,113.26,113.26,113.26,113.26,3750000,1
1499979840000,1499979899000,113.261,113.261,113.259,113.259,5500000,1
1499979900000,1499979959000,113.263,113.283,113.259,113.278,300880000,1
1499979960000,1499980019000,113.278,113.283,113.277,113.278,224800000,1
1499980020000,1499980079000,113.278,113.28,113.274,113.279,268040000,1
1499980080000,1499980139000,113.279,113.296,113.279,113.292,74760000,1
1499980140000,1499980199000,113.296,113.297,113.293,113.297,45560000,1
1499980200000,1499980259000,113.296,113.297,113.296,113.296,9500000,1
1499980260000,1499980319000,113.296,113.296,113.26,113.267,124420000,1
1499980320000,1499980379000,113.266,113.266,113.261,113.264,91360000,1
1499980380000,1499980439000,113.264,113.266,113.263,113.266,77360000,1
1499980440000,1499980499000,113.263,113.271,113.263,113.271,38440000,1
1499980560000,1499980619000,113.267,113.292,113.266,113.292,149720000,1
1499980620000,1499980679000,113.292,113.295,113.288,113.29,236220000,1
1499980680000,1499980739000,113.289,113.295,113.288,113.293,199160000,1
1499980740000,1499980799000,113.292,113.298,113.288,113.295,102660000,1
1499980800000,1499980859000,113.295,113.32,113.295,113.308,48360000,1
1499980860000,1499980919000,113.308,113.318,113.308,113.317,35970000,1
1499980920000,1499980979000,113.315,113.323,113.302,113.323,94000000,1
1499980980000,1499981039000,113.323,113.333,113.322,113.33,157830000,1
1499981040000,1499981099000,113.329,113.329,113.288,113.293,122840000,1
1499981100000,1499981159000,113.291,113.318,113.285,113.302,112470000,1
1499981160000,1499981219000,113.301,113.322,113.3,113.31,47470000,1
1499981220000,1499981279000,113.31,113.32,113.309,113.319,81100000,1
1499981280000,1499981339000,113.319,113.319,113.285,113.302,97130000,1
1499981340000,1499981399000,113.301,113.31,113.299,113.3,65960000,1
1499981400000,1499981459000,113.301,113.302,113.286,113.286,58130000,1
1499981460000,1499981519000,113.286,113.297,113.286,113.296,91940000,1
1499981520000,1499981579000,113.295,113.311,113.295,113.296,109200000,1
1499981580000,1499981639000,113.296,113.304,113.288,113.303,37490000,1
1499981640000,1499981699000,113.303,113.304,113.303,113.304,10000000,1
1499981700000,1499981759000,113.305,113.305,113.299,113.299,53520000,1
1499981760000,1499981819000,113.3,113.305,113.298,113.304,54870000,1
1499981820000,1499981879000,113.303,113.304,113.303,113.304,5100000,1
1499981880000,1499981939000,113.305,113.305,113.302,113.302,28600000,1
1499981940000,1499981999000,113.303,113.305,113.293,113.294,56210000,1
1499982000000,1499982059000,113.293,113.293,113.287,113.289,42960000,1
1499982060000,1499982119000,113.29,113.294,113.29,113.293,4000000,1
1499982120000,1499982179000,113.292,113.302,113.292,113.301,13000000,1
1499982180000,1499982239000,113.302,113.302,113.301,113.302,3000000,1
1499982240000,1499982299000,113.301,113.301,113.288,113.289,84420000,1
1499982300000,1499982359000,113.29,113.293,113.29,113.293,10570000,1
1499982360000,1499982419000,113.296,113.3,113.288,113.292,71140000,1
1499982420000,1499982479000,113.291,113.296,113.289,113.289,126220000,1
1499982480000,1499982539000,113.29,113.293,113.289,113.293,60620000,1
1499982540000,1499982599000,113.291,113.293,113.286,113.287,47750000,1
1499982600000,1499982659000,113.286,113.288,113.281,113.282,19180000,1
1499982660000,1499982719000,113.282,113.289,113.282,113.289,9730000,1
1499982720000,1499982779000,113.29,113.292,113.287,113.288,54190000,1
1499982780000,1499982839000,113.289,113.291,113.288,113.289,41530000,1
1499982840000,1499982899000,113.289,113.29,113.284,113.287,62000000,1
1499982900000,1499982959000,113.287,113.291,113.286,113.286,209580000,1
1499982960000,1499983019000,113.286,113.292,113.285,113.29,78800000,1
1499983020000,1499983079000,113.289,113.289,113.286,113.287,6120000,1
1499983140000,1499983199000,113.285,113.285,113.282,113.283,9000000,1
1499983200000,1499983259000,113.284,113.294,113.279,113.282,91130000,1
1499983260000,1499983319000,113.281,113.282,113.273,113.274,42530000,1
1499983320000,1499983379000,113.275,113.276,113.271,113.271,33040000,1
1499983380000,1499983439000,113.274,113.28,113.271,113.279,28870000,1
1499983440000,1499983499000,113.279,113.283,113.278,113.28,131790000,1
1499983500000,1499983559000,113.28,113.286,113.28,113.28,78140000,1
1499983560000,1499983619000,113.281,113.281,113.276,113.276,47240000,1
1499983620000,1499983679000,113.277,113.28,113.276,113.277,29960000,1
1499983680000,1499983739000,113.277,113.278,113.27,113.272,52070000,1
1499983740000,1499983799000,113.271,113.288,113.271,113.288,52920000,1
1499983800000,1499983859000,113.287,113.292,113.286,113.289,49840000,1
1499983860000,1499983919000,113.289,113.303,113.287,113.301,68060000,1
1499983920000,1499983979000,113.301,113.31,113.297,113.306,56630000,1
1499983980000,1499984039000,113.304,113.307,113.299,113.307,37080000,1
1499984040000,1499984099000,113.306,113.313,113.303,113.313,32590000,1
1499984100000,1499984159000,113.312,113.325,113.312,113.325,131400000,1
1499984160000,1499984219000,113.325,113.325,113.311,113.314,70020000,1
1499984220000,1499984279000,113.313,113.313,113.308,113.309,28490000,1
1499984280000,1499984339000,113.309,113.309,113.298,113.299,69560000,1
1499984340000,1499984399000,113.299,113.31,113.298,113.31,28250000,1
1499984400000,1499984459000,113.31,113.31,113.301,113.301,30440000,1
1499984460000,1499984519000,113.301,113.306,113.301,113.305,19880000,1
1499984520000,1499984579000,113.305,113.307,113.3,113.3,49100000,1
1499984580000,1499984639000,113.3,113.303,113.298,113.3,73050000,1
1499984640000,1499984699000,113.299,113.301,113.299,113.299,23340000,1
1499984700000,1499984759000,113.3,113.308,113.299,113.302,113750000,1
1499984760000,1499984819000,113.301,113.306,113.301,113.305,41700000,1
1499984820000,1499984879000,113.305,113.307,113.303,113.303,50100000,1
1499984880000,1499984939000,113.302,113.315,113.302,113.305,59960000,1
1499984940000,1499984999000,113.305,113.311,113.303,113.311,60620000,1
1499985000000,1499985059000,113.312,113.312,113.3,113.302,88690000,1
1499985060000,1499985119000,113.302,113.309,113.302,113.305,18100000,1
1499985120000,1499985179000,113.302,113.307,113.301,113.303,49240000,1
1499985180000,1499985239000,113.302,113.327,113.302,113.323,78400000,1
1499985240000,1499985299000,113.322,113.333,113.319,113.333,35910000,1
1499985300000,1499985359000,113.332,113.345,113.331,113.334,89030000,1
1499985360000,1499985419000,113.334,113.353,113.332,113.346,90690000,1
1499985420000,1499985479000,113.343,113.344,113.336,113.338,43670000,1
1499985480000,1499985539000,113.338,113.338,113.325,113.327,59810000,1
1499985540000,1499985599000,113.327,113.327,113.326,113.327,5230000,1
1499985600000,1499985659000,113.326,113.331,113.325,113.325,16940000,1
1499985660000,1499985719000,113.324,113.324,113.314,113.314,17800000,1
1499985720000,1499985779000,113.313,113.314,113.311,113.314,31320000,1
1499985780000,1499985839000,113.313,113.313,113.308,113.308,19830000,1
1499985840000,1499985899000,113.31,113.316,113.31,113.315,53740000,1
1499985900000,1499985959000,113.314,113.316,113.312,113.313,17700000,1
1499985960000,1499986019000,113.313,113.322,113.313,113.322,24240000,1
1499986020000,1499986079000,113.322,113.326,113.322,113.326,14750000,1
1499986080000,1499986139000,113.326,113.326,113.325,113.326,6720000,1
1499986140000,1499986199000,113.325,113.327,113.318,113.327,20050000,1
1499986200000,1499986259000,113.326,113.335,113.326,113.335,22040000,1
1499986260000,1499986319000,113.336,113.345,113.332,113.345,67000000,1
1499986320000,1499986379000,113.346,113.356,113.344,113.351,61690000,1
1499986380000,1499986439000,113.35,113.35,113.345,113.345,28340000,1
1499986440000,1499986499000,113.345,113.347,113.339,113.346,63700000,1
1499986500000,1499986559000,113.345,113.353,113.338,113.35,58080000,1
1499986560000,1499986619000,113.351,113.352,113.339,113.352,49330000,1
1499986620000,1499986679000,113.352,113.356,113.35,113.353,50950000,1
1499986680000,1499986739000,113.353,113.363,113.353,113.363,30000000,1
1499986740000,1499986799000,113.364,113.366,113.358,113.364,42790000,1
1499986800000,1499986859000,113.364,113.364,113.348,113.35,59250000,1
1499986860000,1499986919000,113.348,113.351,113.338,113.346,64920000,1
1499986920000,1499986979000,113.346,113.357,113.345,113.35,39030000,1
1499986980000,1499987039000,113.351,113.361,113.35,113.355,29370000,1
1499987040000,1499987099000,113.355,113.38,113.355,113.375,56220000,1
1499987100000,1499987159000,113.374,113.39,113.374,113.382,46980000,1
1499987160000,1499987219000,113.383,113.392,113.382,113.382,50070000,1
1499987220000,1499987279000,113.382,113.401,113.381,113.393,41410000,1
1499987280000,1499987339000,113.393,113.393,113.385,113.387,55420000,1
1499987340000,1499987399000,113.386,113.388,113.386,113.388,11470000,1
1499987400000,1499987459000,113.388,113.396,113.377,113.394,54590000,1
1499987460000,1499987519000,113.393,113.393,113.377,113.382,63350000,1
1499987520000,1499987579000,113.383,113.406,113.373,113.387,67270000,1
1499987580000,1499987639000,113.386,113.403,113.38,113.395,82860000,1
1499987640000,1499987699000,113.393,113.394,113.387,113.387,52370000,1
1499987700000,1499987759000,113.387,113.402,113.387,113.402,16690000,1
1499987760000,1499987819000,113.403,113.409,113.399,113.401,30290000,1
1499987820000,1499987879000,113.4,113.4,113.394,113.394,16300000,1
1499987880000,1499987939000,113.393,113.41,113.384,113.404,127250000,1
1499987940000,1499987999000,113.403,113.404,113.403,113.403,69150000,1
1499988000000,1499988059000,113.407,113.412,113.384,113.395,94480000,1
1499988060000,1499988119000,113.398,113.408,113.392,113.403,81550000,1
1499988120000,1499988179000,113.402,113.408,113.398,113.398,43520000,1
1499988180000,1499988239000,113.399,113.406,113.393,113.403,28670000,1
1499988240000,1499988299000,113.402,113.408,113.399,113.404,47050000,1
1499988300000,1499988359000,113.402,113.416,113.398,113.415,104850000,1
1499988360000,1499988419000,113.413,113.413,113.4,113.406,50990000,1
1499988420000,1499988479000,113.408,113.416,113.387,113.405,100880000,1
1499988480000,1499988539000,113.405,113.41,113.386,113.398,66300000,1
1499988540000,1499988599000,113.399,113.407,113.395,113.403,88830000,1
1499988600000,1499988659000,113.404,113.411,113.4,113.408,61960000,1
1499988660000,1499988719000,113.407,113.411,113.401,113.408,22950000,1
1499988720000,1499988779000,113.408,113.415,113.405,113.406,57350000,1
1499988780000,1499988839000,113.406,113.41,113.406,113.41,29430000,1
1499988840000,1499988899000,113.41,113.411,113.408,113.411,28060000,1
1499988900000,1499988959000,113.409,113.411,113.409,113.41,27480000,1
1499988960000,1499989019000,113.41,113.415,113.41,113.415,32160000,1
1499989020000,1499989079000,113.412,113.416,113.41,113.416,48030000,1
1499989080000,1499989139000,113.416,113.416,113.402,113.403,171810000,1
1499989140000,1499989199000,113.403,113.411,113.403,113.408,28190000,1
1499989200000,1499989259000,113.408,113.408,113.406,113.406,16790000,1
1499989260000,1499989319000,113.406,113.407,113.386,113.397,415880000,1
1499989320000,1499989379000,113.4,113.451,113.4,113.447,111340000,1
1499989380000,1499989439000,113.446,113.456,113.438,113.44,152920000,1
1499989440000,1499989499000,113.444,113.473,113.444,113.466,129050000,1
1499989500000,1499989559000,113.467,113.467,113.444,113.453,98400000,1
1499989560000,1499989619000,113.453,113.461,113.44,113.457,95320000,1
1499989620000,1499989679000,113.457,113.464,113.451,113.46,140370000,1
1499989680000,1499989739000,113.459,113.466,113.453,113.46,157430000,1
1499989740000,1499989799000,113.46,113.46,113.438,113.439,124500000,1
1499989800000,1499989859000,113.44,113.453,113.439,113.443,64770000,1
1499989860000,1499989919000,113.442,113.448,113.44,113.442,55420000,1
1499989920000,1499989979000,113.442,113.442,113.436,113.44,90830000,1
1499989980000,1499990039000,113.44,113.443,113.435,113.443,45060000,1
1499990040000,1499990099000,113.444,113.457,113.435,113.435,91160000,1
1499990100000,1499990159000,113.439,113.439,113.428,113.429,33310000,1
1499990160000,1499990219000,113.429,113.438,113.42,113.434,48120000,1
1499990220000,1499990279000,113.436,113.437,113.427,113.433,153030000,1
1499990280000,1499990339000,113.433,113.436,113.419,113.43,86230000,1
1499990340000,1499990399000,113.433,113.436,113.42,113.422,111070000,1
1499990400000,1499990459000,113.424,113.428,113.387,113.388,243290000,1
1499990460000,1499990519000,113.388,113.402,113.388,113.394,140520000,1
1499990520000,1499990579000,113.395,113.395,113.369,113.376,145040000,1
1499990580000,1499990639000,113.375,113.382,113.361,113.375,180070000,1
1499990640000,1499990699000,113.375,113.382,113.374,113.377,352630000,1
1499990700000,1499990759000,113.376,113.391,113.375,113.391,91750000,1
1499990760000,1499990819000,113.388,113.389,113.372,113.378,193420000,1
1499990820000,1499990879000,113.377,113.379,113.37,113.371,155380000,1
1499990880000,1499990939000,113.371,113.377,113.358,113.368,140060000,1
1499990940000,1499990999000,113.369,113.382,113.369,113.373,89430000,1
1499991000000,1499991059000,113.374,113.393,113.374,113.383,101070000,1
1499991060000,1499991119000,113.382,113.387,113.375,113.386,117860000,1
1499991120000,1499991179000,113.387,113.387,113.376,113.38,75180000,1
1499991180000,1499991239000,113.381,113.41,113.381,113.406,176820000,1
1499991240000,1499991299000,113.407,113.432,113.407,113.426,189880000,1
1499991300000,1499991359000,113.426,113.428,113.41,113.41,123460000,1
1499991360000,1499991419000,113.411,113.422,113.409,113.418,102610000,1
1499991420000,1499991479000,113.418,113.418,113.399,113.405,58690000,1
1499991480000,1499991539000,113.404,113.411,113.399,113.41,86410000,1
1499991540000,1499991599000,113.411,113.423,113.41,113.418,98510000,1
1499991600000,1499991659000,113.419,113.438,113.413,113.433,93430000,1
1499991660000,1499991719000,113.432,113.439,113.42,113.421,128690000,1
1499991720000,1499991779000,113.42,113.43,113.416,113.419,81050000,1
1499991780000,1499991839000,113.418,113.427,113.418,113.419,74180000,1
1499991840000,1499991899000,113.419,113.423,113.41,113.42,103040000,1
1499991900000,1499991959000,113.419,113.425,113.418,113.425,35520000,1
1499991960000,1499992019000,113.424,113.425,113.42,113.422,60630000,1
1499992020000,1499992079000,113.424,113.425,113.418,113.418,33150000,1
1499992080000,1499992139000,113.419,113.419,113.395,113.4,117490000,1
1499992140000,1499992199000,113.399,113.41,113.398,113.406,48800000,1
1499992200000,1499992259000,113.407,113.408,113.397,113.4,142630000,1
1499992260000,1499992319000,113.4,113.409,113.4,113.409,82900000,1
1499992320000,1499992379000,113.408,113.414,113.405,113.406,68720000,1
1499992380000,1499992439000,113.406,113.407,113.395,113.405,61290000,1
1499992440000,1499992499000,113.405,113.405,113.395,113.398,102270000,1
1499992500000,1499992559000,113.398,113.399,113.394,113.396,38580000,1
1499992560000,1499992619000,113.398,113.429,113.396,113.424,234670000,1
1499992620000,1499992679000,113.424,113.498,113.424,113.471,198400000,1
1499992680000,1499992739000,113.473,113.478,113.456,113.462,186400000,1
1499992740000,1499992799000,113.461,113.471,113.457,113.458,75050000,1
1499992800000,1499992859000,113.461,113.472,113.458,113.472,119140000,1
1499992860000,1499992919000,113.47,113.495,113.468,113.483,127040000,1
1499992920000,1499992979000,113.484,113.485,113.46,113.466,103400000,1
1499992980000,1499993039000,113.466,113.466,113.442,113.442,68960000,1
1499993040000,1499993099000,113.442,113.446,113.418,113.426,167320000,1
1499993100000,1499993159000,113.426,113.438,113.424,113.427,105340000,1
1499993160000,1499993219000,113.426,113.449,113.425,113.434,114560000,1
1499993220000,1499993279000,113.433,113.433,113.4,113.401,168480000,1
1499993280000,1499993339000,113.4,113.437,113.4,113.432,159370000,1
1499993340000,1499993399000,113.432,113.445,113.419,113.426,132440000,1
1499993400000,1499993459000,113.425,113.426,113.399,113.405,147250000,1
1499993460000,1499993519000,113.405,113.405,113.386,113.39,133380000,1
1499993520000,1499993579000,113.391,113.42,113.376,113.412,158990000,1
1499993580000,1499993639000,113.411,113.478,113.406,113.471,270780000,1
1499993640000,1499993699000,113.47,113.514,113.468,113.494,348320000,1
1499993700000,1499993759000,113.489,113.489,113.459,113.466,246730000,1
1499993760000,1499993819000,113.465,113.482,113.465,113.472,119140000,1
1499993820000,1499993879000,113.475,113.492,113.47,113.483,119460000,1
1499993880000,1499993939000,113.483,113.483,113.469,113.472,132780000,1
1499993940000,1499993999000,113.472,113.476,113.47,113.473,134920000,1
1499994000000,1499994059000,113.472,113.549,113.47,113.516,326610000,1
1499994060000,1499994119000,113.517,113.521,113.503,113.517,132230000,1
1499994120000,1499994179000,113.517,113.529,113.51,113.525,104540000,1
1499994180000,1499994239000,113.525,113.576,113.525,113.551,273210000,1
1499994240000,1499994299000,113.553,113.573,113.551,113.567,150140000,1
1499994300000,1499994359000,113.566,113.572,113.549,113.559,186830000,1
1499994360000,1499994419000,113.559,113.562,113.542,113.543,159160000,1
1499994420000,1499994479000,113.543,113.545,113.532,113.532,129270000,1
1499994480000,1499994539000,113.532,113.55,113.53,113.53,91360000,1
1499994540000,1499994599000,113.529,113.543,113.529,113.542,91390000,1
1499994600000,1499994659000,113.541,113.541,113.529,113.535,141050000,1
1499994660000,1499994719000,113.532,113.532,113.502,113.512,211510000,1
1499994720000,1499994779000,113.511,113.511,113.493,113.493,93150000,1
1499994780000,1499994839000,113.491,113.492,113.465,113.478,156280000,1
1499994840000,1499994899000,113.478,113.491,113.476,113.489,253230000,1
1499994900000,1499994959000,113.488,113.491,113.471,113.485,133790000,1
1499994960000,1499995019000,113.483,113.483,113.47,113.47,105020000,1
1499995020000,1499995079000,113.47,113.504,113.47,113.504,71440000,1
1499995080000,1499995139000,113.501,113.521,113.498,113.518,102550000,1
1499995140000,1499995199000,113.518,113.518,113.495,113.496,117540000,1
1499995200000,1499995259000,113.497,113.5,113.49,113.499,81400000,1
1499995260000,1499995319000,113.5,113.519,113.498,113.512,69020000,1
1499995320000,1499995379000,113.512,113.516,113.506,113.51,86230000,1
1499995380000,1499995439000,113.51,113.511,113.505,113.511,48850000,1
1499995440000,1499995499000,113.509,113.509,113.491,113.497,166220000,1
1499995500000,1499995559000,113.498,113.508,113.497,113.503,85100000,1
1499995560000,1499995619000,113.503,113.512,113.503,113.511,88650000,1
1499995620000,1499995679000,113.511,113.523,113.507,113.51,111000000,1
1499995680000,1499995739000,113.511,113.524,113.51,113.523,98460000,1
1499995740000,1499995799000,113.523,113.538,113.523,113.538,105140000,1
1499995800000,1499995859000,113.538,113.55,113.536,113.545,132370000,1
1499995860000,1499995919000,113.545,113.547,113.535,113.539,163230000,1
1499995920000,1499995979000,113.539,113.543,113.516,113.518,89640000,1
1499995980000,1499996039000,113.519,113.521,113.503,113.503,111860000,1
1499996040000,1499996099000,113.5,113.527,113.5,113.515,88140000,1
1499996100000,1499996159000,113.517,113.518,113.504,113.508,119140000,1
1499996160000,1499996219000,113.509,113.515,113.501,113.513,118140000,1
1499996220000,1499996279000,113.513,113.516,113.501,113.503,86960000,1
1499996280000,1499996339000,113.501,113.509,113.498,113.498,89630000,1
1499996340000,1499996399000,113.498,113.52,113.498,113.52,77370000,1
1499996400000,1499996459000,113.52,113.529,113.512,113.529,55850000,1
1499996460000,1499996519000,113.528,113.544,113.525,113.528,174660000,1
1499996520000,1499996579000,113.527,113.535,113.497,113.507,116050000,1
1499996580000,1499996639000,113.506,113.515,113.505,113.511,49790000,1
1499996640000,1499996699000,113.514,113.514,113.488,113.488,69970000,1
1499996700000,1499996759000,113.488,113.5,113.487,113.493,163570000,1
1499996760000,1499996819000,113.492,113.501,113.491,113.493,73170000,1
1499996820000,1499996879000,113.493,113.493,113.486,113.489,114710000,1
1499996880000,1499996939000,113.49,113.494,113.487,113.493,38190000,1
1499996940000,1499996999000,113.493,113.493,113.476,113.478,56280000,1
1499997000000,1499997059000,113.479,113.483,113.475,113.48,79890000,1
1499997060000,1499997119000,113.48,113.493,113.477,113.493,33570000,1
1499997120000,1499997179000,113.493,113.496,113.486,113.494,137320000,1
1499997180000,1499997239000,113.494,113.508,113.494,113.508,122770000,1
1499997240000,1499997299000,113.508,113.508,113.499,113.503,122890000,1
1499997300000,1499997359000,113.502,113.508,113.499,113.499,101080000,1
1499997360000,1499997419000,113.495,113.495,113.474,113.478,193060000,1
1499997420000,1499997479000,113.48,113.487,113.478,113.48,68660000,1
1499997480000,1499997539000,113.48,113.48,113.467,113.474,64350000,1
1499997540000,1499997599000,113.472,113.481,113.47,113.477,132370000,1
1499997600000,1499997659000,113.476,113.484,113.47,113.472,71400000,1
1499997660000,1499997719000,113.471,113.48,113.466,113.471,88080000,1
1499997720000,1499997779000,113.473,113.478,113.465,113.472,74380000,1
1499997780000,1499997839000,113.474,113.475,113.453,113.455,90020000,1
1499997840000,1499997899000,113.455,113.455,113.414,113.416,154780000,1
1499997900000,1499997959000,113.417,113.442,113.417,113.442,128280000,1
1499997960000,1499998019000,113.443,113.444,113.429,113.433,98690000,1
1499998020000,1499998079000,113.433,113.44,113.422,113.429,99780000,1
1499998080000,1499998139000,113.428,113.438,113.428,113.438,20090000,1
1499998140000,1499998199000,113.437,113.45,113.437,113.449,91400000,1
1499998200000,1499998259000,113.449,113.449,113.443,113.444,78100000,1
1499998260000,1499998319000,113.445,113.445,113.436,113.443,49520000,1
1499998320000,1499998379000,113.443,113.452,113.438,113.452,60050000,1
1499998380000,1499998439000,113.452,113.452,113.438,113.443,56900000,1
1499998440000,1499998499000,113.442,113.446,113.436,113.441,67300000,1
1499998500000,1499998559000,113.44,113.449,113.433,113.439,99940000,1
1499998560000,1499998619000,113.437,113.441,113.434,113.435,41160000,1
1499998620000,1499998679000,113.435,113.457,113.435,113.449,77810000,1
1499998680000,1499998739000,113.45,113.45,113.444,113.448,26740000,1
1499998740000,1499998799000,113.448,113.451,113.443,113.451,58510000,1
1499998800000,1499998859000,113.45,113.45,113.433,113.446,67880000,1
1499998860000,1499998919000,113.445,113.452,113.445,113.451,209630000,1
1499998920000,1499998979000,113.451,113.465,113.45,113.456,272880000,1
1499998980000,1499999039000,113.46,113.464,113.453,113.456,50280000,1
1499999040000,1499999099000,113.456,113.458,113.454,113.458,18620000,1
1499999100000,1499999159000,113.46,113.466,113.443,113.443,125750000,1
1499999160000,1499999219000,113.442,113.443,113.431,113.443,65640000,1
1499999220000,1499999279000,113.443,113.444,113.442,113.443,38570000,1
1499999280000,1499999339000,113.444,113.458,113.444,113.453,56880000,1
1499999340000,1499999399000,113.453,113.453,113.45,113.45,46660000,1
1499999400000,1499999459000,113.449,113.45,113.437,113.438,94590000,1
1499999460000,1499999519000,113.438,113.441,113.437,113.44,32740000,1
1499999520000,1499999579000,113.44,113.444,113.438,113.444,42540000,1
1499999580000,1499999639000,113.443,113.449,113.434,113.434,55930000,1
1499999640000,1499999699000,113.433,113.435,113.429,113.431,23120000,1
1499999700000,1499999759000,113.431,113.436,113.409,113.411,74270000,1
1499999760000,1499999819000,113.411,113.412,113.406,113.411,39900000,1
1499999820000,1499999879000,113.412,113.425,113.412,113.425,75820000,1
1499999880000,1499999939000,113.426,113.427,113.418,113.424,36430000,1
1499999940000,1499999999000,113.425,113.425,113.42,113.421,51230000,1
1500000000000,1500000059000,113.422,113.425,113.422,113.423,19560000,1
1500000060000,1500000119000,113.423,113.424,113.42,113.423,39330000,1
1500000120000,1500000179000,113.421,113.424,113.42,113.424,45220000,1
1500000180000,1500000239000,113.425,113.425,113.42,113.423,41540000,1
1500000240000,1500000299000,113.424,113.427,113.424,113.427,20200000,1
1500000300000,1500000359000,113.426,113.429,113.426,113.429,39870000,1
1500000360000,1500000419000,113.428,113.447,113.426,113.437,107430000,1
1500000420000,1500000479000,113.436,113.44,113.436,113.438,41820000,1
1500000480000,1500000539000,113.437,113.438,113.427,113.428,48610000,1
1500000540000,1500000599000,113.428,113.428,113.42,113.42,122470000,1
1500000600000,1500000659000,113.42,113.427,113.42,113.427,27220000,1
1500000660000,1500000719000,113.426,113.428,113.42,113.422,56330000,1
1500000720000,1500000779000,113.423,113.424,113.42,113.424,74590000,1
1500000780000,1500000839000,113.425,113.433,113.425,113.428,54460000,1
1500000840000,1500000899000,113.429,113.43,113.425,113.425,69180000,1
1500000900000,1500000959000,113.427,113.433,113.424,113.427,35590000,1
1500000960000,1500001019000,113.427,113.431,113.423,113.424,44950000,1
1500001020000,1500001079000,113.424,113.43,113.422,113.423,47940000,1
1500001080000,1500001139000,113.422,113.424,113.42,113.421,51850000,1
1500001140000,1500001199000,113.421,113.421,113.413,113.415,65080000,1
1500001200000,1500001259000,113.417,113.418,113.38,113.381,137150000,1
1500001260000,1500001319000,113.381,113.402,113.379,113.4,77330000,1
1500001320000,1500001379000,113.4,113.401,113.398,113.399,38810000,1
1500001380000,1500001439000,113.399,113.401,113.398,113.4,66310000,1
1500001440000,1500001499000,113.4,113.401,113.393,113.393,191790000,1
1500001500000,1500001559000,113.393,113.4,113.393,113.399,54820000,1
1500001560000,1500001619000,113.399,113.407,113.398,113.406,38330000,1
1500001620000,1500001679000,113.407,113.414,113.405,113.406,33700000,1
1500001680000,1500001739000,113.407,113.415,113.407,113.413,28090000,1
1500001740000,1500001799000,113.413,113.417,113.411,113.413,118370000,1
1500001800000,1500001859000,113.414,113.414,113.401,113.401,22280000,1
1500001860000,1500001919000,113.401,113.407,113.4,113.405,203640000,1
1500001920000,1500001979000,113.406,113.408,113.397,113.399,44160000,1
1500001980000,1500002039000,113.4,113.402,113.398,113.4,36640000,1
1500002040000,1500002099000,113.4,113.4,113.4,113.4,9430000,1
1500002100000,1500002159000,113.4,113.407,113.4,113.407,36900000,1
1500002160000,1500002219000,113.411,113.414,113.411,113.412,55170000,1
1500002220000,1500002279000,113.412,113.413,113.411,113.413,18610000,1
1500002280000,1500002339000,113.412,113.415,113.411,113.413,83110000,1
1500002340000,1500002399000,113.413,113.421,113.412,113.421,116330000,1
1500002400000,1500002459000,113.421,113.421,113.411,113.417,118960000,1
1500002460000,1500002519000,113.417,113.431,113.417,113.431,94030000,1
1500002520000,1500002579000,113.431,113.432,113.425,113.425,45290000,1
1500002580000,1500002639000,113.427,113.427,113.425,113.426,19030000,1
1500002640000,1500002699000,113.425,113.433,113.425,113.431,30140000,1
1500002700000,1500002759000,113.43,113.433,113.428,113.433,13280000,1
1500002760000,1500002819000,113.433,113.447,113.43,113.446,57070000,1
1500002820000,1500002879000,113.447,113.451,113.437,113.45,54880000,1
1500002880000,1500002939000,113.451,113.452,113.439,113.439,31790000,1
1500002940000,1500002999000,113.439,113.445,113.439,113.445,16950000,1
1500003000000,1500003059000,113.444,113.451,113.438,113.442,73490000,1
1500003060000,1500003119000,113.442,113.444,113.437,113.437,80100000,1
1500003120000,1500003179000,113.436,113.437,113.435,113.437,43990000,1
1500003180000,1500003239000,113.437,113.443,113.437,113.437,106590000,1
1500003240000,1500003299000,113.437,113.438,113.437,113.437,53560000,1
1500003300000,1500003359000,113.438,113.442,113.436,113.437,49270000,1
1500003360000,1500003419000,113.437,113.437,113.435,113.435,17630000,1
1500003420000,1500003479000,113.435,113.435,113.424,113.425,65350000,1
1500003480000,1500003539000,113.425,113.428,113.422,113.422,315010000,1
1500003540000,1500003599000,113.422,113.425,113.422,113.423,196850000,1
1500003600000,1500003659000,113.424,113.424,113.415,113.417,18750000,1
1500003660000,1500003719000,113.417,113.421,113.412,113.421,20620000,1
1500003720000,1500003779000,113.421,113.421,113.414,113.416,51930000,1
1500003780000,1500003839000,113.416,113.416,113.414,113.415,38240000,1
1500003840000,1500003899000,113.414,113.415,113.414,113.414,13740000,1
1500003900000,1500003959000,113.416,113.422,113.415,113.422,17750000,1
1500003960000,1500004019000,113.422,113.436,113.422,113.43,29030000,1
1500004020000,1500004079000,113.428,113.43,113.428,113.43,21660000,1
1500004080000,1500004139000,113.43,113.436,113.428,113.436,65470000,1
1500004140000,1500004199000,113.438,113.442,113.434,113.442,44990000,1
1500004200000,1500004259000,113.443,113.445,113.435,113.436,78810000,1
1500004260000,1500004319000,113.435,113.436,113.43,113.43,22420000,1
1500004320000,1500004379000,113.428,113.438,113.428,113.436,48830000,1
1500004380000,1500004439000,113.439,113.441,113.435,113.436,34760000,1
1500004440000,1500004499000,113.435,113.438,113.427,113.427,48210000,1
1500004500000,1500004559000,113.427,113.429,113.422,113.428,30390000,1
1500004560000,1500004619000,113.428,113.437,113.428,113.428,68330000,1
1500004620000,1500004679000,113.429,113.432,113.423,113.425,79840000,1
1500004680000,1500004739000,113.424,113.424,113.414,113.415,43540000,1
1500004740000,1500004799000,113.414,113.415,113.398,113.403,55630000,1
1500004800000,1500004859000,113.402,113.414,113.398,113.413,69930000,1
1500004860000,1500004919000,113.413,113.416,113.405,113.415,60260000,1
1500004920000,1500004979000,113.415,113.415,113.395,113.397,66490000,1
1500004980000,1500005039000,113.396,113.409,113.396,113.404,34250000,1
1500005040000,1500005099000,113.404,113.416,113.403,113.416,65540000,1
1500005100000,1500005159000,113.417,113.422,113.414,113.422,61740000,1
1500005160000,1500005219000,113.421,113.436,113.419,113.426,122210000,1
1500005220000,1500005279000,113.427,113.429,113.427,113.428,9250000,1
1500005280000,1500005339000,113.43,113.43,113.422,113.427,58420000,1
1500005340000,1500005399000,113.427,113.429,113.423,113.429,45620000,1
1500005400000,1500005459000,113.428,113.431,113.423,113.431,43980000,1
1500005460000,1500005519000,113.43,113.431,113.43,113.431,10560000,1
1500005520000,1500005579000,113.432,113.442,113.43,113.439,57710000,1
1500005580000,1500005639000,113.439,113.443,113.439,113.443,74530000,1
1500005640000,1500005699000,113.441,113.441,113.43,113.43,45240000,1
1500005700000,1500005759000,113.432,113.438,113.43,113.43,37290000,1
1500005760000,1500005819000,113.428,113.435,113.426,113.43,69890000,1
1500005820000,1500005879000,113.43,113.436,113.43,113.435,44410000,1
1500005880000,1500005939000,113.434,113.434,113.426,113.432,62550000,1
1500005940000,1500005999000,113.433,113.437,113.433,113.436,40140000,1
1500006000000,1500006059000,113.435,113.436,113.43,113.435,107190000,1
1500006060000,1500006119000,113.434,113.438,113.434,113.436,103530000,1
1500006120000,1500006179000,113.435,113.437,113.432,113.436,56820000,1
1500006180000,1500006239000,113.435,113.438,113.434,113.437,50910000,1
1500006240000,1500006299000,113.437,113.437,113.428,113.429,106420000,1
1500006300000,1500006359000,113.429,113.43,113.424,113.424,125440000,1
1500006360000,1500006419000,113.423,113.423,113.409,113.409,98450000,1
1500006420000,1500006479000,113.41,113.414,113.409,113.411,38600000,1
1500006480000,1500006539000,113.411,113.412,113.411,113.412,3060000,1
1500006540000,1500006599000,113.412,113.412,113.396,113.4,47340000,1
1500006600000,1500006659000,113.4,113.423,113.4,113.416,104280000,1
1500006660000,1500006719000,113.415,113.416,113.412,113.412,18800000,1
1500006720000,1500006779000,113.411,113.417,113.406,113.407,57440000,1
1500006780000,1500006839000,113.41,113.413,113.407,113.412,36670000,1
1500006840000,1500006899000,113.413,113.419,113.412,113.417,38340000,1
1500006900000,1500006959000,113.416,113.418,113.414,113.418,16170000,1
1500006960000,1500007019000,113.419,113.427,113.419,113.426,37930000,1
1500007020000,1500007079000,113.426,113.431,113.426,113.431,15710000,1
1500007080000,1500007139000,113.429,113.432,113.429,113.431,13510000,1
1500007140000,1500007199000,113.431,113.431,113.431,113.431,5250000,1
1500007200000,1500007259000,113.431,113.432,113.43,113.43,8690000,1
1500007260000,1500007319000,113.429,113.429,113.426,113.427,34910000,1
1500007320000,1500007379000,113.426,113.427,113.426,113.427,10000000,1
1500007380000,1500007439000,113.428,113.433,113.427,113.433,12680000,1
1500007440000,1500007499000,113.432,113.434,113.43,113.432,20560000,1
1500007500000,1500007559000,113.432,113.432,113.43,113.43,13770000,1
1500007620000,1500007679000,113.431,113.431,113.429,113.429,14560000,1
1500007680000,1500007739000,113.429,113.43,113.429,113.43,2120000,1
1500007740000,1500007799000,113.431,113.432,113.43,113.431,8960000,1
1500007800000,1500007859000,113.431,113.433,113.428,113.431,35610000,1
1500007860000,1500007919000,113.432,113.434,113.422,113.423,26040000,1
1500007920000,1500007979000,113.423,113.43,113.422,113.424,72510000,1
1500007980000,1500008039000,113.424,113.427,113.416,113.416,68810000,1
1500008040000,1500008099000,113.417,113.423,113.416,113.423,22870000,1
1500008100000,1500008159000,113.423,113.43,113.423,113.429,31600000,1
1500008160000,1500008219000,113.428,113.439,113.428,113.437,35230000,1
1500008220000,1500008279000,113.437,113.437,113.433,113.436,38440000,1
1500008280000,1500008339000,113.436,113.436,113.429,113.431,30730000,1
1500008340000,1500008399000,113.432,113.438,113.429,113.435,70080000,1
1500008400000,1500008459000,113.436,113.437,113.43,113.43,82110000,1
1500008460000,1500008519000,113.429,113.444,113.428,113.444,87520000,1
1500008520000,1500008579000,113.444,113.451,113.443,113.449,83290000,1
1500008580000,1500008639000,113.452,113.456,113.447,113.452,74400000,1
1500008640000,1500008699000,113.453,113.455,113.447,113.449,82800000,1
1500008700000,1500008759000,113.447,113.447,113.445,113.446,35410000,1
1500008760000,1500008819000,113.447,113.455,113.447,113.455,61500000,1
1500008820000,1500008879000,113.455,113.455,113.449,113.451,26280000,1
1500008880000,1500008939000,113.45,113.455,113.45,113.455,33470000,1
1500008940000,1500008999000,113.452,113.455,113.45,113.453,46590000,1
1500009000000,1500009059000,113.453,113.458,113.449,113.457,46980000,1
1500009060000,1500009119000,113.458,113.459,113.455,113.456,70590000,1
1500009120000,1500009179000,113.456,113.456,113.449,113.456,50960000,1
1500009180000,1500009239000,113.457,113.462,113.456,113.461,92470000,1
1500009240000,1500009299000,113.46,113.466,113.455,113.465,76270000,1
1500009300000,1500009359000,113.464,113.469,113.459,113.461,99080000,1
1500009360000,1500009419000,113.46,113.461,113.455,113.457,114730000,1
1500009420000,1500009479000,113.458,113.461,113.455,113.457,35260000,1
1500009480000,1500009539000,113.456,113.462,113.456,113.457,74120000,1
1500009540000,1500009599000,113.457,113.457,113.454,113.454,36740000,1
1500009600000,1500009659000,113.454,113.459,113.454,113.455,94020000,1
1500009660000,1500009719000,113.455,113.456,113.452,113.452,28410000,1
1500009720000,1500009779000,113.453,113.454,113.449,113.451,29540000,1
1500009780000,1500009839000,113.451,113.455,113.45,113.45,41030000,1
1500009840000,1500009899000,113.45,113.454,113.442,113.443,50060000,1
1500009900000,1500009959000,113.444,113.456,113.444,113.454,41210000,1
1500009960000,1500010019000,113.454,113.454,113.451,113.451,51980000,1
1500010020000,1500010079000,113.451,113.451,113.434,113.435,99220000,1
1500010080000,1500010139000,113.437,113.445,113.437,113.44,64100000,1
1500010140000,1500010199000,113.44,113.441,113.44,113.441,5930000,1
1500010200000,1500010259000,113.441,113.442,113.44,113.441,18980000,1
1500010260000,1500010319000,113.442,113.442,113.441,113.442,18630000,1
1500010320000,1500010379000,113.442,113.443,113.442,113.442,21960000,1
1500010380000,1500010439000,113.441,113.443,113.439,113.443,25150000,1
1500010440000,1500010499000,113.443,113.446,113.441,113.441,77240000,1
1500010500000,1500010559000,113.441,113.442,113.436,113.436,50360000,1
1500010560000,1500010619000,113.436,113.436,113.433,113.434,24490000,1
1500010620000,1500010679000,113.434,113.436,113.429,113.429,104410000,1
1500010680000,1500010739000,113.429,113.432,113.418,113.42,98100000,1
1500010740000,1500010799000,113.42,113.42,113.41,113.416,77840000,1
1500010800000,1500010859000,113.416,113.416,113.402,113.404,118960000,1
1500010860000,1500010919000,113.401,113.416,113.398,113.412,143840000,1
1500010920000,1500010979000,113.412,113.418,113.403,113.41,132960000,1
1500010980000,1500011039000,113.409,113.415,113.403,113.411,64700000,1
1500011040000,1500011099000,113.411,113.411,113.398,113.399,49060000,1
1500011100000,1500011159000,113.398,113.398,113.377,113.388,152250000,1
1500011160000,1500011219000,113.389,113.391,113.365,113.385,154260000,1
1500011220000,1500011279000,113.385,113.393,113.377,113.393,79560000,1
1500011280000,1500011339000,113.393,113.397,113.389,113.396,38790000,1
1500011340000,1500011399000,113.394,113.398,113.386,113.391,81550000,1
1500011400000,1500011459000,113.391,113.403,113.386,113.399,85580000,1
1500011460000,1500011519000,113.399,113.4,113.398,113.4,19310000,1
1500011520000,1500011579000,113.399,113.401,113.39,113.39,41180000,1
1500011580000,1500011639000,113.39,113.392,113.381,113.385,96700000,1
1500011640000,1500011699000,113.385,113.386,113.351,113.354,145530000,1
1500011700000,1500011759000,113.356,113.364,113.35,113.359,114810000,1
1500011760000,1500011819000,113.36,113.367,113.351,113.367,70920000,1
1500011820000,1500011879000,113.368,113.37,113.353,113.355,141060000,1
1500011880000,1500011939000,113.354,113.361,113.343,113.345,90150000,1
1500011940000,1500011999000,113.344,113.344,113.313,113.321,142820000,1
1500012000000,1500012059000,113.321,113.339,113.318,113.336,101660000,1
1500012060000,1500012119000,113.335,113.344,113.335,113.344,59180000,1
1500012120000,1500012179000,113.346,113.348,113.337,113.345,128810000,1
1500012180000,1500012239000,113.344,113.345,113.323,113.333,93910000,1
1500012240000,1500012299000,113.333,113.343,113.331,113.342,59010000,1
1500012300000,1500012359000,113.343,113.355,113.337,113.355,68550000,1
1500012360000,1500012419000,113.354,113.361,113.349,113.357,118640000,1
1500012420000,1500012479000,113.353,113.357,113.34,113.342,120260000,1
1500012480000,1500012539000,113.342,113.36,113.342,113.342,92210000,1
1500012540000,1500012599000,113.341,113.344,113.323,113.325,111920000,1
1500012600000,1500012659000,113.325,113.329,113.314,113.32,147410000,1
1500012660000,1500012719000,113.32,113.327,113.32,113.323,88560000,1
1500012720000,1500012779000,113.324,113.337,113.323,113.337,57330000,1
1500012780000,1500012839000,113.337,113.341,113.332,113.338,96460000,1
1500012840000,1500012899000,113.337,113.343,113.336,113.342,84000000,1
1500012900000,1500012959000,113.343,113.343,113.303,113.304,93160000,1
1500012960000,1500013019000,113.301,113.309,113.294,113.301,192840000,1
1500013020000,1500013079000,113.301,113.331,113.299,113.329,141050000,1
1500013080000,1500013139000,113.328,113.328,113.304,113.317,99700000,1
1500013140000,1500013199000,113.317,113.325,113.315,113.325,25550000,1
1500013200000,1500013259000,113.324,113.324,113.288,113.288,138720000,1
1500013260000,1500013319000,113.288,113.289,113.259,113.279,233260000,1
1500013320000,1500013379000,113.277,113.285,113.266,113.278,108890000,1
1500013380000,1500013439000,113.28,113.297,113.28,113.293,134730000,1
1500013440000,1500013499000,113.295,113.295,113.258,113.266,186030000,1
1500013500000,1500013559000,113.267,113.28,113.263,113.279,92520000,1
1500013560000,1500013619000,113.278,113.283,113.277,113.283,76730000,1
1500013620000,1500013679000,113.283,113.286,113.283,113.285,52460000,1
1500013680000,1500013739000,113.285,113.286,113.271,113.271,68590000,1
1500013740000,1500013799000,113.271,113.276,113.26,113.267,137980000,1
1500013800000,1500013859000,113.267,113.27,113.248,113.266,132260000,1
1500013860000,1500013919000,113.266,113.273,113.261,113.273,85350000,1
1500013920000,1500013979000,113.272,113.281,113.272,113.279,58610000,1
1500013980000,1500014039000,113.278,113.296,113.278,113.292,60340000,1
1500014040000,1500014099000,113.293,113.297,113.29,113.293,99610000,1
1500014100000,1500014159000,113.291,113.3,113.287,113.298,74560000,1
1500014160000,1500014219000,113.298,113.3,113.297,113.298,51440000,1
1500014220000,1500014279000,113.298,113.298,113.29,113.297,111370000,1
1500014280000,1500014339000,113.296,113.297,113.284,113.284,88460000,1
1500014340000,1500014399000,113.284,113.294,113.284,113.294,111860000,1
1500014400000,1500014459000,113.294,113.295,113.283,113.285,94590000,1
1500014460000,1500014519000,113.284,113.285,113.248,113.268,131220000,1
1500014520000,1500014579000,113.269,113.271,113.2,113.209,422630000,1
1500014580000,1500014639000,113.211,113.226,113.183,113.215,256730000,1
1500014640000,1500014699000,113.214,113.229,113.209,113.229,167290000,1
1500014700000,1500014759000,113.229,113.232,113.216,113.221,98460000,1
1500014760000,1500014819000,113.222,113.23,113.219,113.223,81600000,1
1500014820000,1500014879000,113.223,113.236,113.219,113.236,91020000,1
1500014880000,1500014939000,113.236,113.242,113.235,113.241,78060000,1
1500014940000,1500014999000,113.241,113.245,113.241,113.244,39180000,1
1500015000000,1500015059000,113.244,113.247,113.239,113.247,79550000,1
1500015060000,1500015119000,113.246,113.246,113.224,113.234,144070000,1
1500015120000,1500015179000,113.233,113.246,113.233,113.245,141420000,1
1500015180000,1500015239000,113.245,113.25,113.24,113.248,84430000,1
1500015240000,1500015299000,113.247,113.247,113.232,113.241,106570000,1
1500015300000,1500015359000,113.24,113.246,113.239,113.242,100150000,1
1500015360000,1500015419000,113.242,113.246,113.238,113.239,64180000,1
1500015420000,1500015479000,113.24,113.259,113.236,113.257,152420000,1
1500015480000,1500015539000,113.255,113.256,113.248,113.248,89370000,1
1500015540000,1500015599000,113.248,113.26,113.24,113.241,165300000,1
1500015600000,1500015659000,113.242,113.245,113.219,113.224,224070000,1
1500015660000,1500015719000,113.225,113.239,113.21,113.215,158580000,1
1500015720000,1500015779000,113.214,113.215,113.183,113.2,177920000,1
1500015780000,1500015839000,113.201,113.202,113.151,113.163,246920000,1
1500015840000,1500015899000,113.163,113.165,113.153,113.164,193460000,1
1500015900000,1500015959000,113.163,113.18,113.162,113.172,138660000,1
1500015960000,1500016019000,113.174,113.184,113.174,113.181,151150000,1
1500016020000,1500016079000,113.181,113.194,113.178,113.189,167620000,1
1500016080000,1500016139000,113.19,113.192,113.17,113.173,172140000,1
1500016140000,1500016199000,113.173,113.192,113.171,113.192,222950000,1
1500016200000,1500016259000,113.191,113.193,113.19,113.193,146390000,1
1500016260000,1500016319000,113.193,113.197,113.178,113.196,114950000,1
1500016320000,1500016379000,113.197,113.206,113.191,113.192,93340000,1
1500016380000,1500016439000,113.192,113.204,113.188,113.197,127930000,1
1500016440000,1500016499000,113.198,113.2,113.192,113.199,89920000,1
1500016500000,1500016559000,113.198,113.203,113.172,113.181,155280000,1
1500016560000,1500016619000,113.181,113.186,113.149,113.167,206550000,1
1500016620000,1500016679000,113.166,113.174,113.16,113.173,120750000,1
1500016680000,1500016739000,113.173,113.173,113.16,113.165,180480000,1
1500016740000,1500016799000,113.165,113.171,113.162,113.163,98040000,1
1500016800000,1500016859000,113.164,113.183,113.163,113.182,101510000,1
1500016860000,1500016919000,113.182,113.184,113.168,113.176,113740000,1
1500016920000,1500016979000,113.177,113.18,113.169,113.177,84080000,1
1500016980000,1500017039000,113.178,113.207,113.173,113.204,143790000,1
1500017040000,1500017099000,113.204,113.206,113.191,113.205,133600000,1
1500017100000,1500017159000,113.206,113.222,113.203,113.219,111440000,1
1500017160000,1500017219000,113.219,113.219,113.214,113.218,104740000,1
1500017220000,1500017279000,113.218,113.226,113.203,113.208,108710000,1
1500017280000,1500017339000,113.209,113.233,113.208,113.232,70870000,1
1500017340000,1500017399000,113.233,113.233,113.213,113.213,123890000,1
1500017400000,1500017459000,113.213,113.246,113.213,113.243,183070000,1
1500017460000,1500017519000,113.244,113.244,113.229,113.229,65270000,1
1500017520000,1500017579000,113.231,113.25,113.231,113.24,120080000,1
1500017580000,1500017639000,113.24,113.242,113.23,113.234,90020000,1
1500017640000,1500017699000,113.234,113.245,113.228,113.228,79390000,1
1500017700000,1500017759000,113.228,113.245,113.227,113.239,153610000,1
1500017760000,1500017819000,113.239,113.258,113.234,113.248,179430000,1
1500017820000,1500017879000,113.248,113.253,113.238,113.251,113750000,1
1500017880000,1500017939000,113.249,113.249,113.24,113.246,102870000,1
1500017940000,1500017999000,113.245,113.252,113.245,113.251,45120000,1
1500018000000,1500018059000,113.252,113.252,113.241,113.248,85840000,1
1500018060000,1500018119000,113.246,113.256,113.246,113.247,140410000,1
1500018120000,1500018179000,113.25,113.286,113.25,113.279,196460000,1
1500018180000,1500018239000,113.281,113.281,113.26,113.266,178010000,1
1500018240000,1500018299000,113.269,113.277,113.264,113.274,136460000,1
1500018300000,1500018359000,113.273,113.273,113.265,113.267,104810000,1
1500018360000,1500018419000,113.268,113.277,113.267,113.273,93600000,1
1500018420000,1500018479000,113.275,113.277,113.268,113.277,109140000,1
1500018480000,1500018539000,113.277,113.281,113.273,113.281,66360000,1
1500018540000,1500018599000,113.282,113.292,113.28,113.284,86890000,1
1500018600000,1500018659000,113.285,113.3,113.282,113.287,130370000,1
1500018660000,1500018719000,113.286,113.297,113.283,113.283,112350000,1
1500018720000,1500018779000,113.284,113.29,113.266,113.266,74850000,1
1500018780000,1500018839000,113.266,113.273,113.265,113.271,100180000,1
1500018840000,1500018899000,113.271,113.279,113.269,113.273,59590000,1
1500018900000,1500018959000,113.276,113.285,113.276,113.279,87150000,1
1500018960000,1500019019000,113.279,113.284,113.276,113.276,42780000,1
1500019020000,1500019079000,113.275,113.28,113.264,113.279,133640000,1
1500019080000,1500019139000,113.278,113.287,113.271,113.283,104590000,1
1500019140000,1500019199000,113.282,113.294,113.278,113.288,99670000,1
1500019200000,1500019259000,113.29,113.29,113.263,113.272,128360000,1
1500019260000,1500019319000,113.273,113.277,113.264,113.266,58630000,1
1500019320000,1500019379000,113.266,113.277,113.266,113.272,113810000,1
1500019380000,1500019439000,113.271,113.291,113.271,113.284,95160000,1
1500019440000,1500019499000,113.283,113.284,113.274,113.278,64950000,1
1500019500000,1500019559000,113.278,113.283,113.274,113.278,134240000,1
1500019560000,1500019619000,113.278,113.278,113.26,113.26,150340000,1
1500019620000,1500019679000,113.261,113.275,113.261,113.273,165010000,1
1500019680000,1500019739000,113.275,113.279,113.267,113.277,135140000,1
1500019740000,1500019799000,113.279,113.28,113.265,113.266,141960000,1
1500019800000,1500019859000,113.265,113.265,113.248,113.248,89110000,1
1500019860000,1500019919000,113.248,113.254,113.248,113.249,112750000,1
1500019920000,1500019979000,113.249,113.266,113.249,113.266,125400000,1
1500019980000,1500020039000,113.265,113.267,113.253,113.253,75520000,1
1500020040000,1500020099000,113.253,113.261,113.25,113.25,100550000,1
1500020100000,1500020159000,113.25,113.262,113.25,113.262,61640000,1
1500020160000,1500020219000,113.263,113.265,113.254,113.257,152630000,1
1500020220000,1500020279000,113.256,113.264,113.255,113.263,23370000,1
1500020280000,1500020339000,113.265,113.271,113.246,113.252,83740000,1
1500020340000,1500020399000,113.253,113.257,113.242,113.248,91530000,1
1500020400000,1500020459000,113.248,113.26,113.245,113.259,54160000,1
1500020460000,1500020519000,113.26,113.261,113.259,113.259,10740000,1
1500020520000,1500020579000,113.259,113.273,113.259,113.272,76920000,1
1500020580000,1500020639000,113.273,113.275,113.272,113.273,41090000,1
1500020640000,1500020699000,113.273,113.287,113.273,113.287,72640000,1
1500020700000,1500020759000,113.286,113.303,113.285,113.298,96570000,1
1500020760000,1500020819000,113.298,113.317,113.298,113.314,122460000,1
1500020820000,1500020879000,113.313,113.323,113.311,113.318,145630000,1
1500020880000,1500020939000,113.319,113.319,113.305,113.306,93860000,1
1500020940000,1500020999000,113.306,113.33,113.306,113.323,93910000,1
1500021000000,1500021059000,113.322,113.322,113.298,113.312,104650000,1
1500021060000,1500021119000,113.313,113.317,113.292,113.298,158840000,1
1500021120000,1500021179000,113.298,113.3,113.29,113.29,95740000,1
1500021180000,1500021239000,113.291,113.296,113.285,113.286,52150000,1
1500021240000,1500021299000,113.287,113.287,113.272,113.272,120140000,1
1500021300000,1500021359000,113.271,113.284,113.27,113.284,128660000,1
1500021360000,1500021419000,113.285,113.292,113.279,113.292,104720000,1
1500021420000,1500021479000,113.294,113.304,113.287,113.304,143230000,1
1500021480000,1500021539000,113.303,113.305,113.298,113.298,54860000,1
1500021540000,1500021599000,113.298,113.301,113.288,113.288,96010000,1
1500021600000,1500021659000,113.286,113.296,113.284,113.296,84130000,1
1500021660000,1500021719000,113.294,113.294,113.277,113.289,118230000,1
1500021720000,1500021779000,113.291,113.305,113.291,113.303,67620000,1
1500021780000,1500021839000,113.302,113.302,113.291,113.298,73290000,1
1500021840000,1500021899000,113.296,113.308,113.296,113.304,81710000,1
1500021900000,1500021959000,113.304,113.31,113.301,113.303,125100000,1
1500021960000,1500022019000,113.303,113.309,113.302,113.303,101490000,1
1500022020000,1500022079000,113.302,113.304,113.298,113.303,74390000,1
1500022080000,1500022139000,113.304,113.306,113.289,113.289,120910000,1
1500022140000,1500022199000,113.29,113.29,113.27,113.277,77010000,1
1500022200000,1500022259000,113.277,113.281,113.274,113.275,96680000,1
1500022260000,1500022319000,113.275,113.281,113.275,113.278,39190000,1
1500022320000,1500022379000,113.278,113.278,113.253,113.253,120860000,1
1500022380000,1500022439000,113.251,113.257,113.247,113.254,108510000,1
1500022440000,1500022499000,113.254,113.264,113.253,113.262,99370000,1
1500022500000,1500022559000,113.264,113.274,113.26,113.265,151510000,1
1500022560000,1500022619000,113.265,113.275,113.264,113.275,91780000,1
1500022620000,1500022679000,113.274,113.274,113.264,113.268,90550000,1
1500022680000,1500022739000,113.269,113.269,113.258,113.262,122330000,1
1500022740000,1500022799000,113.26,113.273,113.259,113.265,161740000,1
1500022800000,1500022859000,113.265,113.273,113.262,113.273,158600000,1
1500022860000,1500022919000,113.274,113.281,113.274,113.281,100720000,1
1500022920000,1500022979000,113.278,113.295,113.27,113.293,133150000,1
1500022980000,1500023039000,113.295,113.3,113.293,113.294,62910000,1
1500023040000,1500023099000,113.294,113.294,113.277,113.279,177290000,1
1500023100000,1500023159000,113.277,113.277,113.265,113.265,100710000,1
1500023160000,1500023219000,113.266,113.279,113.264,113.264,157450000,1
1500023220000,1500023279000,113.263,113.271,113.263,113.268,88830000,1
1500023280000,1500023339000,113.266,113.294,113.264,113.294,65900000,1
1500023340000,1500023399000,113.292,113.305,113.286,113.288,116460000,1
1500023400000,1500023459000,113.289,113.29,113.273,113.286,162470000,1
1500023460000,1500023519000,113.286,113.291,113.26,113.261,263820000,1
1500023520000,1500023579000,113.264,113.273,113.253,113.271,133410000,1
1500023580000,1500023639000,113.27,113.272,113.246,113.249,140520000,1
1500023640000,1500023699000,113.249,113.256,113.239,113.243,135210000,1
1500023700000,1500023759000,113.243,113.271,113.242,113.265,177050000,1
1500023760000,1500023819000,113.265,113.265,113.257,113.26,126390000,1
1500023820000,1500023879000,113.259,113.259,113.244,113.244,96520000,1
1500023880000,1500023939000,113.244,113.26,113.242,113.26,123680000,1
1500023940000,1500023999000,113.26,113.265,113.25,113.25,144300000,1
1500024000000,1500024059000,113.249,113.261,113.248,113.255,70750000,1
1500024060000,1500024119000,113.254,113.257,113.253,113.255,67540000,1
1500024120000,1500024179000,113.257,113.257,113.248,113.249,87680000,1
1500024180000,1500024239000,113.249,113.251,113.233,113.234,73380000,1
1500024240000,1500024299000,113.234,113.248,113.233,113.233,114560000,1
1500024300000,1500024359000,113.233,113.245,113.233,113.241,180220000,1
1500024360000,1500024419000,113.241,113.256,113.238,113.248,121410000,1
1500024420000,1500024479000,113.248,113.253,113.245,113.245,90310000,1
1500024480000,1500024539000,113.245,113.257,113.242,113.257,74700000,1
1500024540000,1500024599000,113.26,113.273,113.26,113.261,103820000,1
1500024600000,1500024659000,113.263,113.263,113.245,113.259,786200000,1
1500024660000,1500024719000,113.258,113.259,113.235,113.241,105390000,1
1500024720000,1500024779000,113.24,113.244,113.23,113.24,115260000,1
1500024780000,1500024839000,113.239,113.249,113.229,113.249,119960000,1
1500024840000,1500024899000,113.248,113.248,113.242,113.243,52230000,1
1500024900000,1500024959000,113.243,113.251,113.241,113.251,92250000,1
1500024960000,1500025019000,113.25,113.263,113.25,113.258,129390000,1
1500025020000,1500025079000,113.26,113.262,113.258,113.258,82050000,1
1500025080000,1500025139000,113.259,113.264,113.257,113.257,117200000,1
1500025140000,1500025199000,113.257,113.257,113.227,113.227,142610000,1
1500025200000,1500025259000,113.227,113.241,113.226,113.238,106680000,1
1500025260000,1500025319000,113.239,113.242,113.238,113.24,60810000,1
1500025320000,1500025379000,113.239,113.255,113.239,113.252,87350000,1
1500025380000,1500025439000,113.253,113.253,113.244,113.248,80950000,1
1500025440000,1500025499000,113.248,113.248,113.232,113.243,77960000,1
1500025500000,1500025559000,113.243,113.253,113.233,113.253,110440000,1
1500025560000,1500025619000,113.253,113.265,113.249,113.254,110210000,1
1500025620000,1500025679000,113.254,113.254,113.241,113.248,122910000,1
1500025680000,1500025739000,113.247,113.25,113.244,113.248,44440000,1
1500025740000,1500025799000,113.248,113.256,113.248,113.256,49480000,1
1500025800000,1500025859000,113.255,113.261,113.25,113.25,128090000,1
1500025860000,1500025919000,113.25,113.261,113.248,113.252,88500000,1
1500025920000,1500025979000,113.251,113.255,113.251,113.254,37010000,1
1500025980000,1500026039000,113.253,113.264,113.253,113.264,38600000,1
1500026040000,1500026099000,113.263,113.264,113.24,113.244,215350000,1
1500026100000,1500026159000,113.246,113.247,113.233,113.234,81580000,1
1500026160000,1500026219000,113.233,113.245,113.233,113.244,79850000,1
1500026220000,1500026279000,113.245,113.253,113.243,113.253,50130000,1
1500026280000,1500026339000,113.252,113.258,113.245,113.245,62410000,1
1500026340000,1500026399000,113.245,113.245,113.227,113.234,76350000,1
1500026400000,1500026459000,113.233,113.246,113.233,113.233,71840000,1
1500026460000,1500026519000,113.233,113.248,113.228,113.248,121940000,1
1500026520000,1500026579000,113.25,113.253,113.241,113.245,144090000,1
1500026580000,1500026639000,113.246,113.247,113.233,113.233,101680000,1
1500026640000,1500026699000,113.233,113.24,113.22,113.22,113960000,1
1500026700000,1500026759000,113.221,113.221,113.211,113.213,148240000,1
1500026760000,1500026819000,113.212,113.214,113.208,113.211,144620000,1
1500026820000,1500026879000,113.212,113.218,113.21,113.215,125360000,1
1500026880000,1500026939000,113.214,113.215,113.2,113.205,117880000,1
1500026940000,1500026999000,113.207,113.213,113.202,113.202,111190000,1
1500027000000,1500027059000,113.202,113.207,113.193,113.203,145040000,1
1500027060000,1500027119000,113.205,113.211,113.203,113.207,133300000,1
1500027120000,1500027179000,113.208,113.211,113.203,113.208,149500000,1
1500027180000,1500027239000,113.208,113.211,113.191,113.191,88870000,1
1500027240000,1500027299000,113.191,113.21,113.191,113.207,67700000,1
1500027300000,1500027359000,113.207,113.21,113.206,113.208,78170000,1
1500027360000,1500027419000,113.207,113.216,113.204,113.215,98860000,1
1500027420000,1500027479000,113.215,113.221,113.213,113.219,90420000,1
1500027480000,1500027539000,113.219,113.229,113.215,113.224,113680000,1
1500027540000,1500027599000,113.223,113.224,113.217,113.218,96190000,1
1500027600000,1500027659000,113.22,113.222,113.217,113.221,58090000,1
1500027660000,1500027719000,113.22,113.22,113.211,113.213,338750000,1
1500027720000,1500027779000,113.214,113.215,113.208,113.214,121700000,1
1500027780000,1500027839000,113.213,113.227,113.213,113.217,125920000,1
1500027840000,1500027899000,113.217,113.231,113.216,113.23,88820000,1
1500027900000,1500027959000,113.231,113.234,113.224,113.234,123320000,1
1500027960000,1500028019000,113.234,113.236,113.224,113.227,91180000,1
1500028020000,1500028079000,113.227,113.228,113.225,113.225,40700000,1
1500028080000,1500028139000,113.225,113.225,113.2,113.208,108510000,1
1500028140000,1500028199000,113.21,113.215,113.21,113.214,51980000,1
1500028200000,1500028259000,113.212,113.219,113.204,113.213,483840000,1
1500028260000,1500028319000,113.213,113.228,113.213,113.227,95990000,1
1500028320000,1500028379000,113.226,113.241,113.225,113.241,92540000,1
1500028380000,1500028439000,113.242,113.242,113.236,113.24,67830000,1
1500028440000,1500028499000,113.24,113.244,113.234,113.243,82460000,1
1500028500000,1500028559000,113.243,113.243,113.235,113.235,35210000,1
1500028560000,1500028619000,113.235,113.241,113.232,113.24,71780000,1
1500028620000,1500028679000,113.24,113.24,113.233,113.237,53850000,1
1500028680000,1500028739000,113.237,113.238,113.234,113.234,34300000,1
1500028740000,1500028799000,113.235,113.243,113.232,113.236,73250000,1
1500028800000,1500028859000,113.236,113.236,113.209,113.215,194760000,1
1500028860000,1500028919000,113.214,113.217,113.212,113.217,59260000,1
1500028920000,1500028979000,113.218,113.225,113.217,113.221,95740000,1
1500028980000,1500029039000,113.221,113.224,113.214,113.224,133140000,1
1500029040000,1500029099000,113.225,113.227,113.219,113.221,105820000,1
1500029100000,1500029159000,113.222,113.227,113.222,113.227,67770000,1
1500029160000,1500029219000,113.227,113.227,113.213,113.213,100060000,1
1500029220000,1500029279000,113.213,113.216,113.211,113.211,45110000,1
1500029280000,1500029339000,113.21,113.214,113.208,113.21,51520000,1
1500029340000,1500029399000,113.21,113.225,113.21,113.225,55980000,1
1500029400000,1500029459000,113.227,113.237,113.227,113.23,48350000,1
1500029460000,1500029519000,113.229,113.23,113.217,113.223,75070000,1
1500029520000,1500029579000,113.223,113.227,113.217,113.225,110260000,1
1500029580000,1500029639000,113.226,113.229,113.221,113.229,40780000,1
1500029640000,1500029699000,113.229,113.234,113.229,113.234,74090000,1
1500029700000,1500029759000,113.235,113.236,113.222,113.224,122250000,1
1500029760000,1500029819000,113.224,113.233,113.222,113.228,75070000,1
1500029820000,1500029879000,113.228,113.228,113.214,113.221,62830000,1
1500029880000,1500029939000,113.221,113.222,113.22,113.22,9740000,1
1500029940000,1500029999000,113.22,113.22,113.21,113.219,105220000,1
1500030000000,1500030059000,113.22,113.223,113.201,113.203,86060000,1
1500030060000,1500030119000,113.203,113.22,113.203,113.218,52840000,1
1500030120000,1500030179000,113.219,113.22,113.191,113.203,101560000,1
1500030180000,1500030239000,113.202,113.202,113.179,113.185,85720000,1
1500030240000,1500030299000,113.184,113.192,113.183,113.19,1405100000,1
1500030300000,1500030359000,113.189,113.191,113.18,113.183,100770000,1
1500030360000,1500030419000,113.183,113.185,113.173,113.181,83650000,1
1500030420000,1500030479000,113.179,113.183,113.163,113.18,88560000,1
1500030480000,1500030539000,113.182,113.185,113.171,113.173,1997120000,1
1500030540000,1500030599000,113.171,113.194,113.171,113.193,898230000,1
1500030600000,1500030659000,113.195,113.199,113.193,113.194,49150000,1
1500030660000,1500030719000,113.195,113.199,113.193,113.198,80820000,1
1500030720000,1500030779000,113.197,113.201,113.188,113.19,921590000,1
1500030780000,1500030839000,113.188,113.188,113.183,113.183,38960000,1
1500030840000,1500030899000,113.183,113.183,113.154,113.171,87100000,1
1500030900000,1500030959000,113.169,113.173,113.155,113.161,122070000,1
1500030960000,1500031019000,113.16,113.161,113.151,113.155,81680000,1
1500031020000,1500031079000,113.155,113.159,113.152,113.159,53550000,1
1500031080000,1500031139000,113.158,113.161,113.146,113.161,102790000,1
1500031140000,1500031199000,113.162,113.18,113.162,113.171,90540000,1
1500031200000,1500031259000,113.17,113.17,113.163,113.163,73870000,1
1500031260000,1500031319000,113.163,113.168,113.163,113.165,52290000,1
1500031320000,1500031379000,113.165,113.173,113.159,113.167,142860000,1
1500031380000,1500031439000,113.168,113.176,113.153,113.163,104320000,1
1500031440000,1500031499000,113.162,113.163,113.153,113.155,89000000,1
1500031500000,1500031559000,113.154,113.163,113.148,113.161,122820000,1
1500031560000,1500031619000,113.162,113.163,113.145,113.146,159030000,1
1500031620000,1500031679000,113.145,113.153,113.13,113.145,154840000,1
1500031680000,1500031739000,113.146,113.148,113.131,113.139,79100000,1
1500031740000,1500031799000,113.138,113.139,113.136,113.136,141290000,1
1500031800000,1500031859000,113.136,113.136,113.131,113.136,57170000,1
1500031860000,1500031919000,113.138,113.139,113.132,113.136,90140000,1
1500031920000,1500031979000,113.136,113.136,113.118,113.122,123560000,1
1500031980000,1500032039000,113.122,113.145,113.122,113.144,62390000,1
1500032040000,1500032099000,113.141,113.148,113.133,113.144,103750000,1
1500032100000,1500032159000,113.143,113.148,113.141,113.148,62330000,1
1500032160000,1500032219000,113.147,113.157,113.147,113.156,52800000,1
1500032220000,1500032279000,113.157,113.161,113.138,113.142,79820000,1
1500032280000,1500032339000,113.142,113.154,113.142,113.149,129640000,1
1500032340000,1500032399000,113.149,113.151,113.149,113.15,48030000,1
1500032400000,1500032459000,113.15,113.162,113.145,113.155,75410000,1
1500032460000,1500032519000,113.155,113.167,113.153,113.167,103250000,1
1500032520000,1500032579000,113.17,113.173,113.153,113.156,119570000,1
1500032580000,1500032639000,113.156,113.16,113.127,113.143,134060000,1
1500032640000,1500032699000,113.144,113.148,113.128,113.128,75940000,1
1500032700000,1500032759000,113.129,113.133,113.121,113.129,141310000,1
1500032760000,1500032819000,113.129,113.129,113.107,113.115,116890000,1
1500032820000,1500032879000,113.116,113.127,113.116,113.127,93740000,1
1500032880000,1500032939000,113.127,113.127,113.119,113.119,59000000,1
1500032940000,1500032999000,113.119,113.126,113.116,113.117,139050000,1
1500033000000,1500033059000,113.117,113.117,113.095,113.106,253330000,1
1500033060000,1500033119000,113.105,113.107,113.067,113.084,241560000,1
1500033120000,1500033179000,113.083,113.087,113.077,113.081,166400000,1
1500033180000,1500033239000,113.081,113.081,113.071,113.071,178180000,1
1500033240000,1500033299000,113.071,113.089,113.071,113.084,98350000,1
1500033300000,1500033359000,113.086,113.089,113.081,113.083,85830000,1
1500033360000,1500033419000,113.084,113.089,113.074,113.082,270160000,1
1500033420000,1500033479000,113.082,113.09,113.081,113.081,162370000,1
1500033480000,1500033539000,113.078,113.083,113.062,113.062,401890000,1
1500033540000,1500033599000,113.063,113.064,113.059,113.064,80450000,1
1500033600000,1500033659000,113.064,113.069,113.052,113.068,99820000,1
1500033660000,1500033719000,113.067,113.069,113.05,113.06,94020000,1
1500033720000,1500033779000,113.059,113.087,113.059,113.087,186390000,1
1500033780000,1500033839000,113.087,113.092,113.07,113.07,129360000,1
1500033840000,1500033899000,113.071,113.074,113.039,113.05,216200000,1
1500033900000,1500033959000,113.051,113.071,113.049,113.062,185890000,1
1500033960000,1500034019000,113.063,113.071,113.053,113.065,216870000,1
1500034020000,1500034079000,113.067,113.099,113.066,113.091,182960000,1
1500034080000,1500034139000,113.091,113.094,113.08,113.083,89390000,1
1500034140000,1500034199000,113.084,113.091,113.073,113.089,3859940000,1
1500034200000,1500034259000,113.091,113.103,113.09,113.1,196210000,1
1500034260000,1500034319000,113.099,113.099,113.084,113.095,139070000,1
1500034320000,1500034379000,113.095,113.098,113.084,113.098,110240000,1
1500034380000,1500034439000,113.098,113.103,113.091,113.097,161640000,1
1500034440000,1500034499000,113.096,113.107,113.084,113.096,161650000,1
1500034500000,1500034559000,113.096,113.096,113.077,113.082,159390000,1
1500034560000,1500034619000,113.083,113.092,113.077,113.077,217150000,1
1500034620000,1500034679000,113.072,113.082,113.068,113.076,123570000,1
1500034680000,1500034739000,113.075,113.082,113.065,113.068,203420000,1
1500034740000,1500034799000,113.067,113.067,113.051,113.061,137530000,1
1500034800000,1500034859000,113.059,113.082,113.057,113.059,1467630000,1
1500034860000,1500034919000,113.058,113.06,113.048,113.058,121780000,1
1500034920000,1500034979000,113.058,113.059,113.047,113.05,170560000,1
1500034980000,1500035039000,113.049,113.049,113.0,113.021,1456430000,1
1500035040000,1500035099000,113.02,113.041,113.018,113.04,118570000,1
1500035100000,1500035159000,113.041,113.06,113.038,113.038,191130000,1
1500035160000,1500035219000,113.039,113.044,113.032,113.034,113660000,1
1500035220000,1500035279000,113.033,113.043,113.031,113.041,173850000,1
1500035280000,1500035339000,113.04,113.053,113.03,113.053,167780000,1
1500035340000,1500035399000,113.053,113.057,113.034,113.042,161100000,1
1500035400000,1500035459000,113.038,113.038,112.502,112.516,725830000,1
1500035460000,1500035519000,112.526,112.596,112.517,112.577,506480000,1
1500035520000,1500035579000,112.576,112.576,112.475,112.507,545910000,1
1500035580000,1500035639000,112.508,112.562,112.483,112.541,416560000,1
1500035640000,1500035699000,112.541,112.541,112.444,112.484,414750000,1
1500035700000,1500035759000,112.481,112.588,112.475,112.572,556710000,1
1500035760000,1500035819000,112.567,112.575,112.519,112.552,3613520000,1
1500035820000,1500035879000,112.552,112.573,112.54,112.562,356500000,1
1500035880000,1500035939000,112.563,112.586,112.53,112.564,368760000,1
1500035940000,1500035999000,112.564,112.564,112.484,112.51,1349520000,1
1500036000000,1500036059000,112.509,112.571,112.489,112.557,388040000,1
1500036060000,1500036119000,112.561,112.634,112.552,112.567,473300000,1
1500036120000,1500036179000,112.565,112.57,112.503,112.51,376660000,1
1500036180000,1500036239000,112.509,112.534,112.476,112.516,327020000,1
1500036240000,1500036299000,112.513,112.531,112.442,112.445,345420000,1
1500036300000,1500036359000,112.445,112.47,112.336,112.352,511100000,1
1500036360000,1500036419000,112.349,112.395,112.328,112.382,428010000,1
1500036420000,1500036479000,112.381,112.394,112.348,112.388,268830000,1
1500036480000,1500036539000,112.386,112.429,112.378,112.399,283810000,1
1500036540000,1500036599000,112.401,112.411,112.365,112.39,270350000,1
1500036600000,1500036659000,112.388,112.422,112.381,112.413,318890000,1
1500036660000,1500036719000,112.413,112.416,112.359,112.362,363710000,1
1500036720000,1500036779000,112.361,112.399,112.356,112.371,339170000,1
1500036780000,1500036839000,112.371,112.383,112.344,112.348,307900000,1
1500036840000,1500036899000,112.346,112.352,112.293,112.293,1491130000,1
1500036900000,1500036959000,112.291,112.308,112.26,112.275,361230000,1
1500036960000,1500037019000,112.276,112.333,112.274,112.318,394020000,1
1500037020000,1500037079000,112.317,112.343,112.305,112.332,286640000,1
1500037080000,1500037139000,112.331,112.343,112.313,112.318,274180000,1
1500037140000,1500037199000,112.317,112.321,112.289,112.31,312800000,1
1500037200000,1500037259000,112.31,112.359,112.302,112.358,393670000,1
1500037260000,1500037319000,112.354,112.379,112.348,112.352,251510000,1
1500037320000,1500037379000,112.349,112.364,112.334,112.354,439840000,1
1500037380000,1500037439000,112.354,112.382,112.344,112.361,707070000,1
1500037440000,1500037499000,112.359,112.383,112.353,112.37,369380000,1
1500037500000,1500037559000,112.368,112.369,112.34,112.344,250870000,1
1500037560000,1500037619000,112.345,112.361,112.328,112.359,275710000,1
1500037620000,1500037679000,112.357,112.358,112.311,112.326,206270000,1
1500037680000,1500037739000,112.324,112.375,112.312,112.369,342670000,1
1500037740000,1500037799000,112.367,112.367,112.34,112.343,225160000,1
1500037800000,1500037859000,112.342,112.374,112.341,112.364,160250000,1
1500037860000,1500037919000,112.364,112.41,112.354,112.409,232410000,1
1500037920000,1500037979000,112.413,112.423,112.39,112.39,192400000,1
1500037980000,1500038039000,112.389,112.394,112.386,112.393,122400000,1
1500038040000,1500038099000,112.395,112.433,112.392,112.428,245510000,1
1500038100000,1500038159000,112.428,112.433,112.386,112.399,272310000,1
1500038160000,1500038219000,112.399,112.426,112.393,112.4,178600000,1
1500038220000,1500038279000,112.4,112.424,112.392,112.422,314730000,1
1500038280000,1500038339000,112.419,112.422,112.394,112.407,245780000,1
1500038340000,1500038399000,112.406,112.406,112.34,112.346,277820000,1
1500038400000,1500038459000,112.347,112.409,112.344,112.398,263490000,1
1500038460000,1500038519000,112.398,112.422,112.392,112.416,236060000,1
1500038520000,1500038579000,112.417,112.437,112.405,112.43,211460000,1
1500038580000,1500038639000,112.43,112.43,112.401,112.404,212980000,1
1500038640000,1500038699000,112.403,112.433,112.401,112.413,200100000,1
1500038700000,1500038759000,112.409,112.411,112.372,112.391,423200000,1
1500038760000,1500038819000,112.389,112.413,112.388,112.393,159670000,1
1500038820000,1500038879000,112.393,112.394,112.357,112.37,207450000,1
1500038880000,1500038939000,112.368,112.407,112.363,112.4,203420000,1
1500038940000,1500038999000,112.399,112.399,112.334,112.351,163620000,1
1500039000000,1500039059000,112.35,112.384,112.35,112.364,221130000,1
1500039060000,1500039119000,112.363,112.363,112.31,112.33,394100000,1
1500039120000,1500039179000,112.33,112.354,112.324,112.324,385580000,1
1500039180000,1500039239000,112.323,112.445,112.323,112.445,343020000,1
1500039240000,1500039299000,112.444,112.481,112.434,112.444,377770000,1
1500039300000,1500039359000,112.444,112.468,112.436,112.459,280930000,1
1500039360000,1500039419000,112.458,112.473,112.446,112.447,268110000,1
1500039420000,1500039479000,112.446,112.448,112.421,112.422,422180000,1
1500039480000,1500039539000,112.422,112.435,112.411,112.429,228460000,1
1500039540000,1500039599000,112.428,112.45,112.416,112.423,288750000,1
1500039600000,1500039659000,112.424,112.435,112.409,112.433,223040000,1
1500039660000,1500039719000,112.434,112.443,112.427,112.443,281790000,1
1500039720000,1500039779000,112.441,112.447,112.431,112.441,349950000,1
1500039780000,1500039839000,112.441,112.441,112.421,112.427,378590000,1
1500039840000,1500039899000,112.427,112.427,112.398,112.405,245460000,1
1500039900000,1500039959000,112.404,112.423,112.399,112.407,239830000,1
1500039960000,1500040019000,112.409,112.409,112.353,112.364,219720000,1
1500040020000,1500040079000,112.365,112.387,112.365,112.378,148180000,1
1500040080000,1500040139000,112.378,112.384,112.366,112.366,115460000,1
1500040140000,1500040199000,112.366,112.366,112.336,112.343,189760000,1
1500040200000,1500040259000,112.342,112.402,112.342,112.39,239700000,1
1500040260000,1500040319000,112.391,112.398,112.38,112.393,117600000,1
1500040320000,1500040379000,112.391,112.391,112.365,112.377,149370000,1
1500040380000,1500040439000,112.378,112.388,112.37,112.377,135030000,1
1500040440000,1500040499000,112.373,112.394,112.372,112.378,168690000,1
1500040500000,1500040559000,112.38,112.425,112.374,112.415,219790000,1
1500040560000,1500040619000,112.415,112.415,112.399,112.404,175800000,1
1500040620000,1500040679000,112.404,112.412,112.38,112.38,134000000,1
1500040680000,1500040739000,112.381,112.39,112.368,112.368,183810000,1
1500040740000,1500040799000,112.367,112.368,112.334,112.334,214050000,1
1500040800000,1500040859000,112.334,112.334,112.283,112.299,346440000,1
1500040860000,1500040919000,112.3,112.387,112.3,112.367,318180000,1
1500040920000,1500040979000,112.366,112.396,112.352,112.359,281390000,1
1500040980000,1500041039000,112.359,112.363,112.333,112.36,236190000,1
1500041040000,1500041099000,112.36,112.375,112.357,112.372,215290000,1
1500041100000,1500041159000,112.372,112.373,112.343,112.368,254820000,1
1500041160000,1500041219000,112.367,112.378,112.348,112.352,206110000,1
1500041220000,1500041279000,112.353,112.366,112.349,112.364,101980000,1
1500041280000,1500041339000,112.363,112.406,112.36,112.405,192480000,1
1500041340000,1500041399000,112.405,112.455,112.398,112.443,253440000,1
1500041400000,1500041459000,112.44,112.475,112.434,112.475,222680000,1
1500041460000,1500041519000,112.474,112.487,112.466,112.475,217080000,1
1500041520000,1500041579000,112.478,112.478,112.44,112.45,251180000,1
1500041580000,1500041639000,112.448,112.461,112.436,112.449,238340000,1
1500041640000,1500041699000,112.449,112.453,112.436,112.442,197220000,1
1500041700000,1500041759000,112.441,112.446,112.429,112.436,212870000,1
1500041760000,1500041819000,112.436,112.442,112.431,112.437,139800000,1
1500041820000,1500041879000,112.441,112.477,112.439,112.465,184840000,1
1500041880000,1500041939000,112.465,112.476,112.453,112.467,167370000,1
1500041940000,1500041999000,112.466,112.468,112.437,112.449,147470000,1
1500042000000,1500042059000,112.447,112.452,112.427,112.447,267690000,1
1500042060000,1500042119000,112.446,112.46,112.446,112.448,236120000,1
1500042120000,1500042179000,112.449,112.478,112.447,112.471,241210000,1
1500042180000,1500042239000,112.47,112.535,112.469,112.535,276180000,1
1500042240000,1500042299000,112.535,112.566,112.533,112.56,291360000,1
1500042300000,1500042359000,112.56,112.578,112.551,112.552,255330000,1
1500042360000,1500042419000,112.555,112.603,112.555,112.593,276470000,1
1500042420000,1500042479000,112.592,112.609,112.58,112.584,212940000,1
1500042480000,1500042539000,112.582,112.587,112.561,112.581,276570000,1
1500042540000,1500042599000,112.581,112.592,112.566,112.588,232770000,1
1500042600000,1500042659000,112.588,112.61,112.588,112.594,237000000,1
1500042660000,1500042719000,112.594,112.594,112.576,112.584,227900000,1
1500042720000,1500042779000,112.583,112.59,112.571,112.586,211020000,1
1500042780000,1500042839000,112.586,112.602,112.568,112.582,206650000,1
1500042840000,1500042899000,112.581,112.581,112.563,112.568,152050000,1
1500042900000,1500042959000,112.569,112.577,112.55,112.556,148820000,1
1500042960000,1500043019000,112.557,112.562,112.551,112.555,146450000,1
1500043020000,1500043079000,112.554,112.555,112.531,112.532,147240000,1
1500043080000,1500043139000,112.532,112.548,112.532,112.542,128070000,1
1500043140000,1500043199000,112.542,112.563,112.532,112.538,220260000,1
1500043200000,1500043259000,112.538,112.593,112.538,112.592,249520000,1
1500043260000,1500043319000,112.593,112.631,112.591,112.618,226050000,1
1500043320000,1500043379000,112.618,112.686,112.612,112.673,312240000,1
1500043380000,1500043439000,112.673,112.673,112.647,112.666,282950000,1
1500043440000,1500043499000,112.664,112.692,112.659,112.689,244860000,1
1500043500000,1500043559000,112.69,112.698,112.667,112.693,230370000,1
1500043560000,1500043619000,112.703,112.727,112.695,112.713,233810000,1
1500043620000,1500043679000,112.713,112.713,112.669,112.682,199110000,1
1500043680000,1500043739000,112.68,112.68,112.648,112.661,239570000,1
1500043740000,1500043799000,112.66,112.676,112.635,112.648,261820000,1
1500043800000,1500043859000,112.648,112.673,112.643,112.657,273050000,1
1500043860000,1500043919000,112.657,112.657,112.638,112.65,190420000,1
1500043920000,1500043979000,112.649,112.657,112.623,112.631,194550000,1
1500043980000,1500044039000,112.632,112.668,112.63,112.663,225730000,1
1500044040000,1500044099000,112.663,112.68,112.651,112.663,234480000,1
1500044100000,1500044159000,112.666,112.699,112.666,112.678,278950000,1
1500044160000,1500044219000,112.68,112.697,112.674,112.674,269600000,1
1500044220000,1500044279000,112.673,112.675,112.63,112.643,299620000,1
1500044280000,1500044339000,112.643,112.655,112.635,112.648,283130000,1
1500044340000,1500044399000,112.649,112.65,112.6,112.607,195680000,1
1500044400000,1500044459000,112.608,112.608,112.586,112.595,231920000,1
1500044460000,1500044519000,112.595,112.629,112.587,112.612,202800000,1
1500044520000,1500044579000,112.612,112.624,112.607,112.617,162670000,1
1500044580000,1500044639000,112.616,112.616,112.586,112.597,201770000,1
1500044640000,1500044699000,112.597,112.619,112.594,112.611,202510000,1
1500044700000,1500044759000,112.611,112.612,112.593,112.607,205100000,1
1500044760000,1500044819000,112.607,112.61,112.592,112.594,138740000,1
1500044820000,1500044879000,112.592,112.601,112.581,112.593,191960000,1
1500044880000,1500044939000,112.594,112.598,112.574,112.574,218560000,1
1500044940000,1500044999000,112.573,112.578,112.56,112.561,206510000,1
1500045000000,1500045059000,112.561,112.578,112.56,112.57,260110000,1
1500045060000,1500045119000,112.57,112.574,112.562,112.567,206300000,1
1500045120000,1500045179000,112.566,112.615,112.566,112.615,114030000,1
1500045180000,1500045239000,112.614,112.647,112.604,112.634,229890000,1
1500045240000,1500045299000,112.633,112.647,112.631,112.645,225850000,1
1500045300000,1500045359000,112.646,112.655,112.633,112.64,180280000,1
1500045360000,1500045419000,112.639,112.64,112.608,112.617,205060000,1
1500045420000,1500045479000,112.614,112.623,112.604,112.616,131540000,1
1500045480000,1500045539000,112.617,112.617,112.566,112.566,137290000,1
1500045540000,1500045599000,112.565,112.576,112.553,112.555,153380000,1
1500045600000,1500045659000,112.555,112.559,112.529,112.53,186860000,1
1500045660000,1500045719000,112.531,112.57,112.53,112.558,129040000,1
1500045720000,1500045779000,112.56,112.57,112.555,112.569,143520000,1
1500045780000,1500045839000,112.568,112.574,112.564,112.571,117950000,1
1500045840000,1500045899000,112.572,112.573,112.558,112.558,130350000,1
1500045900000,1500045959000,112.556,112.567,112.552,112.554,147850000,1
1500045960000,1500046019000,112.554,112.561,112.551,112.553,105670000,1
1500046020000,1500046079000,112.554,112.566,112.547,112.548,106250000,1
1500046080000,1500046139000,112.547,112.547,112.534,112.534,51900000,1
1500046140000,1500046199000,112.534,112.545,112.531,112.539,95350000,1
1500046200000,1500046259000,112.538,112.556,112.536,112.553,116080000,1
1500046260000,1500046319000,112.553,112.561,112.547,112.561,135390000,1
1500046320000,1500046379000,112.56,112.569,112.558,112.568,141490000,1
1500046380000,1500046439000,112.568,112.573,112.562,112.572,105310000,1
1500046440000,1500046499000,112.573,112.573,112.562,112.568,152530000,1
1500046500000,1500046559000,112.569,112.581,112.569,112.579,75050000,1
1500046560000,1500046619000,112.578,112.594,112.576,112.588,85620000,1
1500046620000,1500046679000,112.588,112.628,112.588,112.626,176400000,1
1500046680000,1500046739000,112.626,112.654,112.626,112.638,198650000,1
1500046740000,1500046799000,112.638,112.646,112.632,112.643,132470000,1
1500046800000,1500046859000,112.643,112.68,112.643,112.674,127060000,1
1500046860000,1500046919000,112.675,112.678,112.657,112.666,115460000,1
1500046920000,1500046979000,112.666,112.668,112.662,112.666,134910000,1
1500046980000,1500047039000,112.666,112.667,112.659,112.663,127810000,1
1500047040000,1500047099000,112.663,112.668,112.658,112.66,112270000,1
1500047100000,1500047159000,112.66,112.669,112.655,112.667,125280000,1
1500047160000,1500047219000,112.666,112.67,112.664,112.67,87010000,1
1500047220000,1500047279000,112.666,112.668,112.663,112.665,131210000,1
1500047280000,1500047339000,112.666,112.667,112.659,112.663,125400000,1
1500047340000,1500047399000,112.663,112.682,112.662,112.682,117310000,1
1500047400000,1500047459000,112.682,112.685,112.674,112.68,73910000,1
1500047460000,1500047519000,112.681,112.703,112.681,112.683,150420000,1
1500047520000,1500047579000,112.683,112.704,112.683,112.697,105710000,1
1500047580000,1500047639000,112.697,112.702,112.689,112.69,146190000,1
1500047640000,1500047699000,112.691,112.691,112.674,112.674,99590000,1
1500047700000,1500047759000,112.674,112.684,112.672,112.684,96820000,1
1500047760000,1500047819000,112.685,112.685,112.67,112.677,139320000,1
1500047820000,1500047879000,112.679,112.681,112.657,112.657,156370000,1
1500047880000,1500047939000,112.657,112.662,112.655,112.662,141830000,1
1500047940000,1500047999000,112.662,112.672,112.66,112.664,101680000,1
1500048000000,1500048059000,112.666,112.669,112.633,112.653,132340000,1
1500048060000,1500048119000,112.653,112.654,112.608,112.625,140020000,1
1500048120000,1500048179000,112.624,112.635,112.607,112.608,162640000,1
1500048180000,1500048239000,112.606,112.628,112.597,112.627,88570000,1
1500048240000,1500048299000,112.626,112.639,112.621,112.63,136580000,1
1500048300000,1500048359000,112.629,112.638,112.622,112.631,100240000,1
1500048360000,1500048419000,112.632,112.636,112.63,112.632,80840000,1
1500048420000,1500048479000,112.634,112.652,112.634,112.644,65910000,1
1500048480000,1500048539000,112.644,112.668,112.644,112.667,71710000,1
1500048540000,1500048599000,112.667,112.673,112.657,112.671,81660000,1
1500048600000,1500048659000,112.671,112.673,112.643,112.646,96690000,1
1500048660000,1500048719000,112.646,112.646,112.635,112.645,66650000,1
1500048720000,1500048779000,112.646,112.656,112.644,112.655,62350000,1
1500048780000,1500048839000,112.655,112.657,112.637,112.639,76380000,1
1500048840000,1500048899000,112.639,112.642,112.633,112.637,85400000,1
1500048900000,1500048959000,112.639,112.639,112.631,112.631,76300000,1
1500048960000,1500049019000,112.631,112.632,112.621,112.632,86940000,1
1500049020000,1500049079000,112.633,112.641,112.633,112.637,63520000,1
1500049080000,1500049139000,112.635,112.676,112.634,112.664,95870000,1
1500049140000,1500049199000,112.665,112.674,112.663,112.668,79770000,1
1500049200000,1500049259000,112.666,112.666,112.652,112.653,102260000,1
1500049260000,1500049319000,112.651,112.652,112.646,112.646,65550000,1
1500049320000,1500049379000,112.645,112.653,112.632,112.641,76710000,1
1500049380000,1500049439000,112.64,112.648,112.639,112.643,58790000,1
1500049440000,1500049499000,112.644,112.663,112.644,112.662,88340000,1
1500049500000,1500049559000,112.662,112.674,112.662,112.67,82880000,1
1500049560000,1500049619000,112.67,112.679,112.67,112.676,73610000,1
1500049620000,1500049679000,112.676,112.687,112.676,112.679,57590000,1
1500049680000,1500049739000,112.678,112.68,112.67,112.67,84480000,1
1500049740000,1500049799000,112.67,112.674,112.663,112.669,45950000,1
1500049800000,1500049859000,112.668,112.681,112.668,112.681,82730000,1
1500049860000,1500049919000,112.68,112.696,112.675,112.688,110540000,1
1500049920000,1500049979000,112.687,112.688,112.671,112.676,64740000,1
1500049980000,1500050039000,112.677,112.677,112.668,112.669,68410000,1
1500050040000,1500050099000,112.667,112.669,112.663,112.663,136100000,1
1500050100000,1500050159000,112.663,112.663,112.65,112.66,158750000,1
1500050160000,1500050219000,112.656,112.667,112.65,112.667,79030000,1
1500050220000,1500050279000,112.667,112.667,112.664,112.664,49710000,1
1500050280000,1500050339000,112.665,112.673,112.659,112.661,84770000,1
1500050340000,1500050399000,112.659,112.665,112.652,112.656,119320000,1
1500050400000,1500050459000,112.656,112.657,112.645,112.647,53950000,1
1500050460000,1500050519000,112.647,112.652,112.644,112.647,90350000,1
1500050520000,1500050579000,112.644,112.647,112.642,112.647,45970000,1
1500050580000,1500050639000,112.646,112.646,112.642,112.643,61780000,1
1500050640000,1500050699000,112.644,112.646,112.642,112.644,53970000,1
1500050700000,1500050759000,112.645,112.645,112.629,112.631,125320000,1
1500050760000,1500050819000,112.631,112.636,112.628,112.629,60400000,1
1500050820000,1500050879000,112.629,112.63,112.619,112.624,66840000,1
1500050880000,1500050939000,112.624,112.627,112.62,112.626,62920000,1
1500050940000,1500050999000,112.626,112.626,112.621,112.624,47840000,1
1500051000000,1500051059000,112.624,112.632,112.624,112.632,97310000,1
1500051060000,1500051119000,112.631,112.632,112.625,112.627,45850000,1
1500051120000,1500051179000,112.625,112.625,112.601,112.601,52200000,1
1500051180000,1500051239000,112.601,112.611,112.6,112.6,83730000,1
1500051240000,1500051299000,112.6,112.625,112.6,112.622,122720000,1
1500051300000,1500051359000,112.622,112.627,112.61,112.613,65310000,1
1500051360000,1500051419000,112.612,112.634,112.612,112.632,72710000,1
1500051420000,1500051479000,112.63,112.631,112.618,112.618,38170000,1
1500051480000,1500051539000,112.619,112.62,112.61,112.614,71820000,1
1500051540000,1500051599000,112.616,112.616,112.585,112.588,118790000,1
1500051600000,1500051659000,112.591,112.605,112.591,112.603,103660000,1
1500051660000,1500051719000,112.604,112.607,112.599,112.604,58580000,1
1500051720000,1500051779000,112.605,112.606,112.59,112.591,79770000,1
1500051780000,1500051839000,112.591,112.599,112.571,112.573,79420000,1
1500051840000,1500051899000,112.57,112.575,112.56,112.573,84410000,1
1500051900000,1500051959000,112.572,112.576,112.57,112.575,52980000,1
1500051960000,1500052019000,112.575,112.583,112.575,112.579,64380000,1
1500052020000,1500052079000,112.579,112.596,112.577,112.594,71310000,1
1500052080000,1500052139000,112.594,112.594,112.588,112.589,43770000,1
1500052140000,1500052199000,112.589,112.589,112.571,112.571,44500000,1
1500052200000,1500052259000,112.57,112.57,112.562,112.563,47970000,1
1500052260000,1500052319000,112.563,112.573,112.563,112.573,111010000,1
1500052320000,1500052379000,112.573,112.585,112.569,112.58,60340000,1
1500052380000,1500052439000,112.58,112.587,112.58,112.586,76500000,1
1500052440000,1500052499000,112.586,112.6,112.586,112.594,63780000,1
1500052500000,1500052559000,112.595,112.641,112.593,112.63,103010000,1
1500052560000,1500052619000,112.631,112.634,112.626,112.626,40220000,1
1500052620000,1500052679000,112.626,112.629,112.605,112.609,108900000,1
1500052680000,1500052739000,112.607,112.607,112.6,112.6,60720000,1
1500052740000,1500052799000,112.6,112.619,112.6,112.619,54610000,1
1500052800000,1500052859000,112.62,112.632,112.606,112.613,98560000,1
1500052860000,1500052919000,112.613,112.617,112.608,112.614,31300000,1
1500052920000,1500052979000,112.613,112.617,112.597,112.599,80650000,1
1500052980000,1500053039000,112.598,112.598,112.58,112.581,101320000,1
1500053040000,1500053099000,112.581,112.584,112.572,112.579,151330000,1
1500053100000,1500053159000,112.579,112.581,112.573,112.581,102970000,1
1500053160000,1500053219000,112.58,112.581,112.579,112.581,74180000,1
1500053220000,1500053279000,112.581,112.581,112.581,112.581,26320000,1
1500053280000,1500053339000,112.581,112.583,112.565,112.573,80450000,1
1500053340000,1500053399000,112.573,112.577,112.569,112.572,83780000,1
1500053400000,1500053459000,112.571,112.571,112.556,112.556,84600000,1
1500053460000,1500053519000,112.557,112.557,112.55,112.555,88160000,1
1500053520000,1500053579000,112.555,112.556,112.55,112.551,78550000,1
1500053580000,1500053639000,112.552,112.571,112.549,112.568,169400000,1
1500053640000,1500053699000,112.567,112.57,112.565,112.568,62420000,1
1500053700000,1500053759000,112.566,112.569,112.564,112.569,84330000,1
1500053760000,1500053819000,112.57,112.573,112.563,112.564,136080000,1
1500053820000,1500053879000,112.563,112.565,112.56,112.564,47310000,1
1500053880000,1500053939000,112.564,112.572,112.561,112.562,80020000,1
1500053940000,1500053999000,112.564,112.569,112.561,112.561,107620000,1
1500054000000,1500054059000,112.56,112.561,112.549,112.55,161190000,1
1500054060000,1500054119000,112.552,112.556,112.538,112.544,106090000,1
1500054120000,1500054179000,112.543,112.543,112.519,112.522,85140000,1
1500054180000,1500054239000,112.522,112.524,112.522,112.523,17250000,1
1500054240000,1500054299000,112.527,112.53,112.523,112.529,58860000,1
1500054300000,1500054359000,112.529,112.538,112.526,112.537,97090000,1
1500054360000,1500054419000,112.535,112.539,112.535,112.535,61180000,1
1500054420000,1500054479000,112.535,112.535,112.535,112.535,8810000,1
1500054480000,1500054539000,112.536,112.536,112.522,112.523,61970000,1
1500054540000,1500054599000,112.522,112.523,112.52,112.521,56660000,1
1500054600000,1500054659000,112.521,112.526,112.521,112.522,34610000,1
1500054660000,1500054719000,112.52,112.52,112.497,112.499,83580000,1
1500054720000,1500054779000,112.499,112.506,112.496,112.5,41350000,1
1500054780000,1500054839000,112.498,112.503,112.492,112.492,55770000,1
1500054840000,1500054899000,112.492,112.502,112.489,112.497,113210000,1
1500054900000,1500054959000,112.496,112.513,112.494,112.506,111750000,1
1500054960000,1500055019000,112.503,112.513,112.503,112.511,105010000,1
1500055020000,1500055079000,112.513,112.513,112.506,112.513,113450000,1
1500055080000,1500055139000,112.512,112.513,112.512,112.513,33270000,1
1500055140000,1500055199000,112.512,112.513,112.509,112.513,55210000,1
1500055200000,1500055259000,112.515,112.525,112.513,112.523,31950000,1
1500055260000,1500055319000,112.523,112.526,112.521,112.524,124250000,1
1500055320000,1500055379000,112.523,112.526,112.523,112.525,24810000,1
1500055380000,1500055439000,112.526,112.526,112.524,112.526,5990000,1
1500055440000,1500055499000,112.523,112.526,112.523,112.524,26550000,1
1500055500000,1500055559000,112.524,112.526,112.524,112.524,53340000,1
1500055560000,1500055619000,112.523,112.524,112.5,112.511,78640000,1
1500055620000,1500055679000,112.511,112.519,112.508,112.519,88010000,1
1500055680000,1500055739000,112.521,112.523,112.517,112.517,77750000,1
1500055740000,1500055799000,112.517,112.519,112.517,112.519,35640000,1
1500055800000,1500055859000,112.519,112.526,112.519,112.525,24120000,1
1500055860000,1500055919000,112.525,112.528,112.524,112.526,35340000,1
1500055920000,1500055979000,112.525,112.542,112.525,112.542,86890000,1
1500055980000,1500056039000,112.543,112.544,112.541,112.543,31170000,1
1500056040000,1500056099000,112.544,112.546,112.539,112.539,22230000,1
1500056100000,1500056159000,112.539,112.54,112.537,112.539,20500000,1
1500056160000,1500056219000,112.538,112.54,112.532,112.533,44600000,1
1500056220000,1500056279000,112.533,112.533,112.523,112.525,43130000,1
1500056280000,1500056339000,112.525,112.541,112.525,112.534,111760000,1
1500056340000,1500056399000,112.535,112.541,112.533,112.536,95360000,1
1500056400000,1500056459000,112.536,112.541,112.535,112.538,58680000,1
1500056460000,1500056519000,112.538,112.539,112.535,112.536,39560000,1
1500056520000,1500056579000,112.536,112.545,112.536,112.545,33250000,1
1500056580000,1500056639000,112.545,112.545,112.539,112.544,50840000,1
1500056640000,1500056699000,112.543,112.55,112.542,112.545,87830000,1
1500056700000,1500056759000,112.546,112.551,112.539,112.551,68180000,1
1500056760000,1500056819000,112.551,112.556,112.551,112.556,41640000,1
1500056820000,1500056879000,112.555,112.555,112.55,112.552,56770000,1
1500056880000,1500056939000,112.552,112.558,112.547,112.558,31690000,1
1500056940000,1500056999000,112.555,112.558,112.555,112.557,39090000,1
1500057000000,1500057059000,112.558,112.559,112.558,112.558,32720000,1
1500057060000,1500057119000,112.558,112.558,112.558,112.558,25220000,1
1500057120000,1500057179000,112.559,112.559,112.557,112.557,9790000,1
1500057180000,1500057239000,112.557,112.563,112.557,112.558,71080000,1
1500057240000,1500057299000,112.556,112.556,112.551,112.552,5680000,1
1500057300000,1500057359000,112.552,112.552,112.551,112.551,15940000,1
1500057360000,1500057419000,112.551,112.554,112.551,112.554,93300000,1
1500057420000,1500057479000,112.554,112.555,112.554,112.555,31040000,1
1500057480000,1500057539000,112.555,112.555,112.532,112.538,105230000,1
1500057540000,1500057599000,112.538,112.545,112.538,112.545,18610000,1
1500057600000,1500057659000,112.545,112.545,112.544,112.545,10110000,1
1500057660000,1500057719000,112.545,112.547,112.538,112.539,40550000,1
1500057720000,1500057779000,112.539,112.553,112.538,112.551,106210000,1
1500057780000,1500057839000,112.551,112.553,112.546,112.551,81120000,1
1500057840000,1500057899000,112.551,112.557,112.55,112.55,91760000,1
1500057900000,1500057959000,112.55,112.552,112.55,112.55,31550000,1
1500057960000,1500058019000,112.548,112.548,112.54,112.542,34420000,1
1500058020000,1500058079000,112.543,112.551,112.543,112.543,83820000,1
1500058080000,1500058139000,112.543,112.556,112.543,112.556,58180000,1
1500058140000,1500058199000,112.554,112.568,112.553,112.566,88400000,1
1500058200000,1500058259000,112.566,112.57,112.564,112.569,56770000,1
1500058260000,1500058319000,112.568,112.57,112.568,112.568,22050000,1
1500058320000,1500058379000,112.568,112.57,112.556,112.57,86490000,1
1500058380000,1500058439000,112.573,112.577,112.57,112.577,72100000,1
1500058440000,1500058499000,112.577,112.587,112.576,112.583,94190000,1
1500058500000,1500058559000,112.584,112.585,112.576,112.582,90410000,1
1500058560000,1500058619000,112.582,112.583,112.571,112.577,63410000,1
1500058620000,1500058679000,112.577,112.577,112.566,112.566,32990000,1
1500058680000,1500058739000,112.566,112.57,112.564,112.566,50980000,1
1500058740000,1500058799000,112.565,112.573,112.55,112.552,236830000,1
1500058800000,1500058859000,112.551,112.559,112.551,112.553,43980000,1
1500058860000,1500058919000,112.552,112.563,112.552,112.557,48740000,1
1500058920000,1500058979000,112.558,112.559,112.549,112.559,138330000,1
1500058980000,1500059039000,112.562,112.564,112.553,112.559,53090000,1
1500059040000,1500059099000,112.559,112.566,112.552,112.566,73720000,1
1500059100000,1500059159000,112.565,112.566,112.562,112.565,15120000,1
1500059160000,1500059219000,112.564,112.565,112.562,112.564,20930000,1
1500059220000,1500059279000,112.564,112.564,112.563,112.563,15480000,1
1500059280000,1500059339000,112.563,112.564,112.562,112.563,34720000,1
1500059340000,1500059399000,112.561,112.563,112.556,112.556,50420000,1
1500059400000,1500059459000,112.557,112.559,112.557,112.558,11330000,1
1500059460000,1500059519000,112.558,112.565,112.558,112.562,26240000,1
1500059520000,1500059579000,112.562,112.564,112.557,112.564,62620000,1
1500059580000,1500059639000,112.565,112.565,112.562,112.563,9120000,1
1500059640000,1500059699000,112.564,112.564,112.556,112.556,68170000,1
1500059700000,1500059759000,112.556,112.567,112.556,112.561,82190000,1
1500059760000,1500059819000,112.562,112.574,112.558,112.574,92870000,1
1500059820000,1500059879000,112.573,112.582,112.573,112.581,76770000,1
1500059880000,1500059939000,112.581,112.586,112.581,112.586,60520000,1
1500059940000,1500059999000,112.585,112.585,112.575,112.575,86670000,1
1500060000000,1500060059000,112.574,112.575,112.557,112.561,97570000,1
1500060060000,1500060119000,112.562,112.563,112.56,112.56,26480000,1
1500060120000,1500060179000,112.559,112.561,112.552,112.552,104330000,1
1500060180000,1500060239000,112.552,112.561,112.543,112.558,109250000,1
1500060240000,1500060299000,112.558,112.565,112.558,112.561,65720000,1
1500060300000,1500060359000,112.561,112.562,112.557,112.561,48060000,1
1500060360000,1500060419000,112.56,112.56,112.555,112.557,36360000,1
1500060420000,1500060479000,112.556,112.567,112.556,112.562,68180000,1
1500060480000,1500060539000,112.562,112.564,112.562,112.564,10670000,1
1500060540000,1500060599000,112.565,112.565,112.558,112.559,21440000,1
1500060600000,1500060659000,112.557,112.567,112.552,112.555,49000000,1
1500060660000,1500060719000,112.553,112.553,112.549,112.551,40280000,1
1500060720000,1500060779000,112.551,112.551,112.549,112.549,28190000,1
1500060780000,1500060839000,112.549,112.55,112.544,112.544,88700000,1
1500060840000,1500060899000,112.544,112.544,112.543,112.543,11790000,1
1500060900000,1500060959000,112.544,112.545,112.541,112.541,24680000,1
1500060960000,1500061019000,112.54,112.542,112.54,112.542,9250000,1
1500061020000,1500061079000,112.541,112.553,112.541,112.546,32610000,1
1500061080000,1500061139000,112.545,112.547,112.545,112.546,18000000,1
1500061140000,1500061199000,112.545,112.55,112.545,112.545,36490000,1
1500061200000,1500061259000,112.545,112.546,112.54,112.542,69450000,1
1500061260000,1500061319000,112.542,112.545,112.541,112.544,24870000,1
1500061320000,1500061379000,112.544,112.547,112.538,112.538,68070000,1
1500061380000,1500061439000,112.538,112.538,112.533,112.537,37640000,1
1500061440000,1500061499000,112.538,112.551,112.538,112.551,55730000,1
1500061500000,1500061559000,112.55,112.55,112.54,112.543,75400000,1
1500061560000,1500061619000,112.542,112.546,112.542,112.544,46780000,1
1500061620000,1500061679000,112.543,112.544,112.539,112.54,26360000,1
1500061680000,1500061739000,112.54,112.545,112.532,112.537,76710000,1
1500061740000,1500061799000,112.539,112.539,112.534,112.539,124220000,1
1500061800000,1500061859000,112.539,112.552,112.531,112.532,128410000,1
1500061860000,1500061919000,112.532,112.56,112.532,112.559,100440000,1
1500061920000,1500061979000,112.558,112.561,112.552,112.557,122900000,1
1500061980000,1500062039000,112.558,112.558,112.55,112.557,52960000,1
1500062040000,1500062099000,112.557,112.557,112.545,112.545,34970000,1
1500062100000,1500062159000,112.545,112.551,112.538,112.542,103740000,1
1500062160000,1500062219000,112.541,112.545,112.536,112.545,107110000,1
1500062220000,1500062279000,112.545,112.546,112.533,112.533,90770000,1
1500062280000,1500062339000,112.532,112.534,112.528,112.53,122340000,1
1500062340000,1500062399000,112.531,112.542,112.529,112.534,85920000,1
1500062400000,1500062459000,112.532,112.545,112.53,112.544,62250000,1
1500062460000,1500062519000,112.545,112.55,112.537,112.539,88670000,1
1500062520000,1500062579000,112.537,112.546,112.535,112.544,82760000,1
1500062580000,1500062639000,112.545,112.547,112.53,112.539,83300000,1
1500062640000,1500062699000,112.538,112.544,112.535,112.54,98640000,1
1500062700000,1500062759000,112.541,112.544,112.537,112.537,69600000,1
1500062760000,1500062819000,112.537,112.539,112.537,112.537,36350000,1
1500062820000,1500062879000,112.539,112.539,112.537,112.537,25520000,1
1500062880000,1500062939000,112.537,112.537,112.53,112.53,66750000,1
1500062940000,1500062999000,112.531,112.537,112.53,112.533,36920000,1
1500063000000,1500063059000,112.532,112.532,112.53,112.531,39630000,1
1500063060000,1500063119000,112.53,112.531,112.528,112.528,65710000,1
1500063120000,1500063179000,112.527,112.527,112.508,112.509,58440000,1
1500063180000,1500063239000,112.51,112.511,112.509,112.509,47440000,1
1500063240000,1500063299000,112.508,112.508,112.503,112.507,71650000,1
1500063300000,1500063359000,112.506,112.508,112.506,112.506,38860000,1
1500063360000,1500063419000,112.506,112.506,112.501,112.506,61540000,1
1500063420000,1500063479000,112.506,112.511,112.506,112.51,80100000,1
1500063480000,1500063539000,112.51,112.512,112.507,112.508,88840000,1
1500063540000,1500063599000,112.509,112.514,112.506,112.506,90440000,1
1500063600000,1500063659000,112.506,112.513,112.506,112.512,46410000,1
1500063660000,1500063719000,112.511,112.512,112.506,112.508,32230000,1
1500063720000,1500063779000,112.508,112.512,112.498,112.498,76630000,1
1500063780000,1500063839000,112.495,112.5,112.494,112.5,35210000,1
1500063840000,1500063899000,112.499,112.499,112.495,112.495,27940000,1
1500063900000,1500063959000,112.495,112.506,112.495,112.505,86150000,1
1500063960000,1500064019000,112.505,112.51,112.497,112.51,93280000,1
1500064020000,1500064079000,112.51,112.51,112.498,112.504,66380000,1
1500064080000,1500064139000,112.504,112.512,112.499,112.499,61020000,1
1500064140000,1500064199000,112.499,112.499,112.481,112.486,117620000,1
1500064200000,1500064259000,112.486,112.504,112.484,112.504,80560000,1
1500064260000,1500064319000,112.505,112.51,112.495,112.497,93900000,1
1500064320000,1500064379000,112.497,112.498,112.486,112.486,55930000,1
1500064380000,1500064439000,112.486,112.504,112.485,112.503,68370000,1
1500064440000,1500064499000,112.503,112.51,112.498,112.498,75030000,1
1500064500000,1500064559000,112.498,112.51,112.498,112.505,107190000,1
1500064560000,1500064619000,112.504,112.504,112.501,112.503,52900000,1
1500064620000,1500064679000,112.503,112.504,112.499,112.499,35180000,1
1500064680000,1500064739000,112.499,112.503,112.499,112.502,27960000,1
1500064740000,1500064799000,112.5,112.508,112.498,112.5,62820000,1
1500064800000,1500064859000,112.498,112.516,112.498,112.511,77040000,1
1500064860000,1500064919000,112.514,112.518,112.51,112.513,48620000,1
1500064920000,1500064979000,112.513,112.515,112.503,112.505,71500000,1
1500064980000,1500065039000,112.505,112.505,112.496,112.497,136610000,1
1500065040000,1500065099000,112.497,112.499,112.496,112.498,143610000,1
1500065100000,1500065159000,112.497,112.515,112.497,112.509,70090000,1
1500065160000,1500065219000,112.509,112.514,112.508,112.514,50760000,1
1500065220000,1500065279000,112.513,112.516,112.496,112.502,93710000,1
1500065280000,1500065339000,112.502,112.502,112.501,112.502,54520000,1
1500065340000,1500065399000,112.502,112.502,112.495,112.497,135670000,1
1500065400000,1500065459000,112.496,112.502,112.491,112.501,185120000,1
1500065460000,1500065519000,112.502,112.503,112.496,112.502,311940000,1
1500065520000,1500065579000,112.503,112.517,112.502,112.51,129730000,1
1500065580000,1500065639000,112.51,112.516,112.51,112.51,99500000,1
1500065640000,1500065699000,112.512,112.517,112.496,112.515,172390000,1
1500065700000,1500065759000,112.515,112.551,112.515,112.546,109220000,1
1500065760000,1500065819000,112.547,112.547,112.509,112.525,69530000,1
1500065820000,1500065879000,112.524,112.532,112.524,112.529,18400000,1
1500065880000,1500065939000,112.53,112.545,112.518,112.529,26070000,1
1500065940000,1500065999000,112.528,112.535,112.519,112.519,6330000,1
1500238800000,1500238859000,112.442,112.461,112.442,112.454,4270000,1
1500238860000,1500238919000,112.454,112.455,112.454,112.455,2250000,1
1500238920000,1500238979000,112.453,112.487,112.453,112.481,7500000,1
1500238980000,1500239039000,112.481,112.481,112.479,112.48,3000000,1
1500239040000,1500239099000,112.48,112.483,112.48,112.481,9820000,1
1500239100000,1500239159000,112.481,112.503,112.481,112.488,51050000,1
1500239160000,1500239219000,112.491,112.497,112.484,112.489,36270000,1
1500239220000,1500239279000,112.491,112.491,112.491,112.491,20230000,1
1500239280000,1500239339000,112.491,112.491,112.489,112.489,55360000,1
1500239340000,1500239399000,112.489,112.489,112.489,112.489,28840000,1
1500239400000,1500239459000,112.488,112.488,112.488,112.488,4120000,1
1500239460000,1500239519000,112.489,112.489,112.489,112.489,3570000,1
1500239580000,1500239639000,112.489,112.489,112.489,112.489,13520000,1
1500239640000,1500239699000,112.489,112.489,112.489,112.489,20280000,1
1500239700000,1500239759000,112.49,112.49,112.49,112.49,9520000,1
1500239820000,1500239879000,112.49,112.49,112.49,112.49,2380000,1
1500240060000,1500240119000,112.49,112.49,112.49,112.49,1690000,1
1500240180000,1500240239000,112.494,112.495,112.494,112.495,2380000,1
1500240300000,1500240359000,112.496,112.496,112.496,112.496,1190000,1
1500240360000,1500240419000,112.498,112.498,112.492,112.496,5130000,1
1500240480000,1500240539000,112.492,112.496,112.492,112.496,3130000,1
1500240540000,1500240599000,112.495,112.495,112.491,112.491,3500000,1
1500240600000,1500240659000,112.491,112.494,112.491,112.494,4190000,1
1500240660000,1500240719000,112.493,112.493,112.467,112.467,33140000,1
1500240720000,1500240779000,112.468,112.488,112.468,112.479,30890000,1
1500240780000,1500240839000,112.478,112.485,112.478,112.48,5420000,1
1500240840000,1500240899000,112.48,112.48,112.48,112.48,3000000,1
1500240900000,1500240959000,112.48,112.481,112.474,112.475,24740000,1
1500240960000,1500241019000,112.473,112.475,112.472,112.475,6250000,1
1500241020000,1500241079000,112.475,112.475,112.475,112.475,1000000,1
1500241080000,1500241139000,112.471,112.477,112.471,112.477,8080000,1
1500241140000,1500241199000,112.477,112.477,112.472,112.477,5900000,1
1500241200000,1500241259000,112.472,112.477,112.472,112.477,7240000,1
1500241260000,1500241319000,112.472,112.477,112.472,112.477,7240000,1
1500241320000,1500241379000,112.472,112.477,112.471,112.471,9450000,1
1500241380000,1500241439000,112.471,112.471,112.461,112.461,10630000,1
1500241440000,1500241499000,112.461,112.465,112.461,112.462,19120000,1
1500241500000,1500241559000,112.462,112.473,112.459,112.47,14840000,1
1500241560000,1500241619000,112.472,112.473,112.461,112.473,5250000,1
1500241620000,1500241679000,112.474,112.474,112.463,112.474,9310000,1
1500241680000,1500241739000,112.48,112.482,112.48,112.482,10500000,1
1500241800000,1500241859000,112.483,112.485,112.483,112.483,4500000,1
1500241860000,1500241919000,112.484,112.484,112.484,112.484,1000000,1
1500241980000,1500242039000,112.485,112.485,112.485,112.485,1000000,1
1500242100000,1500242159000,112.487,112.487,112.469,112.469,30250000,1
1500242160000,1500242219000,112.467,112.476,112.467,112.476,10000000,1
1500242220000,1500242279000,112.475,112.475,112.474,112.474,3000000,1
1500242280000,1500242339000,112.475,112.475,112.475,112.475,1000000,1
1500242340000,1500242399000,112.474,112.483,112.474,112.477,15010000,1
1500242400000,1500242459000,112.477,112.529,112.477,112.517,99880000,1
1500242460000,1500242519000,112.517,112.517,112.501,112.505,92540000,1
1500242520000,1500242579000,112.505,112.51,112.498,112.501,123270000,1
1500242580000,1500242639000,112.5,112.501,112.49,112.49,80630000,1
1500242640000,1500242699000,112.49,112.506,112.484,112.501,299550000,1
1500242700000,1500242759000,112.5,112.508,112.497,112.502,222870000,1
1500242760000,1500242819000,112.502,112.509,112.49,112.497,318090000,1
1500242820000,1500242879000,112.497,112.512,112.497,112.508,249680000,1
1500242880000,1500242939000,112.51,112.517,112.498,112.516,377980000,1
1500242940000,1500242999000,112.516,112.519,112.499,112.507,250750000,1
1500243000000,1500243059000,112.506,112.509,112.501,112.506,127210000,1
1500243060000,1500243119000,112.505,112.511,112.498,112.508,108020000,1
1500243120000,1500243179000,112.507,112.51,112.505,112.508,91650000,1
1500243180000,1500243239000,112.509,112.51,112.507,112.509,24630000,1
1500243240000,1500243299000,112.509,112.533,112.508,112.524,43130000,1
1500243300000,1500243359000,112.523,112.526,112.517,112.52,198590000,1
1500243360000,1500243419000,112.522,112.526,112.517,112.526,76250000,1
1500243420000,1500243479000,112.526,112.541,112.522,112.54,79550000,1
1500243480000,1500243539000,112.541,112.545,112.536,112.545,43130000,1
1500243540000,1500243599000,112.544,112.546,112.54,112.542,48550000,1
1500243600000,1500243659000,112.543,112.545,112.541,112.542,56400000,1
1500243660000,1500243719000,112.541,112.544,112.541,112.543,70270000,1
1500243720000,1500243779000,112.543,112.546,112.541,112.546,61180000,1
1500243780000,1500243839000,112.547,112.572,112.546,112.57,47620000,1
1500243840000,1500243899000,112.569,112.591,112.564,112.591,93880000,1
1500243900000,1500243959000,112.593,112.595,112.59,112.593,72020000,1
1500243960000,1500244019000,112.594,112.608,112.592,112.601,81070000,1
1500244020000,1500244079000,112.6,112.611,112.6,112.61,133280000,1
1500244080000,1500244139000,112.61,112.618,112.608,112.614,56630000,1
1500244140000,1500244199000,112.616,112.616,112.609,112.614,67610000,1
1500244200000,1500244259000,112.614,112.62,112.598,112.605,108900000,1
1500244260000,1500244319000,112.605,112.605,112.592,112.592,57460000,1
1500244320000,1500244379000,112.595,112.6,112.591,112.593,44590000,1
1500244380000,1500244439000,112.59,112.59,112.586,112.587,21320000,1
1500244440000,1500244499000,112.587,112.588,112.587,112.588,4650000,1
1500244500000,1500244559000,112.589,112.589,112.58,112.58,35310000,1
1500244560000,1500244619000,112.578,112.578,112.551,112.56,81010000,1
1500244620000,1500244679000,112.56,112.566,112.552,112.552,86850000,1
1500244680000,1500244739000,112.552,112.568,112.552,112.563,97540000,1
1500244740000,1500244799000,112.561,112.561,112.552,112.553,49880000,1
1500244800000,1500244859000,112.552,112.554,112.55,112.552,33980000,1
1500244860000,1500244919000,112.552,112.552,112.55,112.552,50540000,1
1500244920000,1500244979000,112.551,112.553,112.55,112.551,106570000,1
1500244980000,1500245039000,112.551,112.559,112.534,112.534,156840000,1
1500245040000,1500245099000,112.533,112.533,112.525,112.533,90090000,1
1500245100000,1500245159000,112.532,112.536,112.523,112.531,157370000,1
1500245160000,1500245219000,112.531,112.534,112.523,112.523,143500000,1
1500245220000,1500245279000,112.523,112.537,112.523,112.532,68460000,1
1500245280000,1500245339000,112.531,112.537,112.531,112.537,44220000,1
1500245340000,1500245399000,112.536,112.538,112.531,112.538,87270000,1
1500245400000,1500245459000,112.538,112.539,112.537,112.538,26310000,1
1500245460000,1500245519000,112.538,112.558,112.536,112.557,34530000,1
1500245520000,1500245579000,112.562,112.578,112.562,112.578,41870000,1
1500245580000,1500245639000,112.578,112.578,112.557,112.57,77800000,1
1500245640000,1500245699000,112.57,112.577,112.564,112.571,66500000,1
1500245700000,1500245759000,112.571,112.576,112.569,112.569,58980000,1
1500245760000,1500245819000,112.569,112.569,112.564,112.565,35910000,1
1500245820000,1500245879000,112.564,112.565,112.564,112.565,31970000,1
1500245880000,1500245939000,112.564,112.576,112.564,112.575,135220000,1
1500245940000,1500245999000,112.575,112.583,112.568,112.57,187230000,1
1500246000000,1500246059000,112.569,112.571,112.559,112.563,108190000,1
1500246060000,1500246119000,112.562,112.562,112.524,112.532,108020000,1
1500246120000,1500246179000,112.532,112.532,112.496,112.508,83710000,1
1500246180000,1500246239000,112.508,112.518,112.485,112.491,98790000,1
1500246240000,1500246299000,112.488,112.489,112.464,112.47,135390000,1
1500246300000,1500246359000,112.47,112.488,112.468,112.474,122730000,1
1500246360000,1500246419000,112.475,112.49,112.468,112.487,93710000,1
1500246420000,1500246479000,112.487,112.493,112.486,112.492,60390000,1
1500246480000,1500246539000,112.492,112.493,112.481,112.492,65440000,1
1500246540000,1500246599000,112.491,112.494,112.472,112.48,119870000,1
1500246600000,1500246659000,112.48,112.492,112.472,112.492,61590000,1
1500246660000,1500246719000,112.492,112.492,112.479,112.484,82670000,1
1500246720000,1500246779000,112.485,112.491,112.478,112.49,88260000,1
1500246780000,1500246839000,112.492,112.493,112.491,112.491,25320000,1
1500246840000,1500246899000,112.492,112.492,112.491,112.492,5140000,1
1500246900000,1500246959000,112.491,112.491,112.485,112.486,17250000,1
1500246960000,1500247019000,112.484,112.484,112.473,112.481,59120000,1
1500247020000,1500247079000,112.48,112.482,112.476,112.482,16620000,1
1500247080000,1500247139000,112.482,112.492,112.481,112.492,31720000,1
1500247140000,1500247199000,112.493,112.495,112.487,112.494,40370000,1
1500247200000,1500247259000,112.495,112.495,112.491,112.493,17570000,1
1500247260000,1500247319000,112.492,112.498,112.487,112.494,67390000,1
1500247320000,1500247379000,112.494,112.512,112.492,112.51,89060000,1
1500247380000,1500247439000,112.511,112.512,112.505,112.506,64530000,1
1500247440000,1500247499000,112.506,112.514,112.504,112.511,93300000,1
1500247500000,1500247559000,112.514,112.514,112.506,112.506,35250000,1
1500247560000,1500247619000,112.507,112.513,112.507,112.513,6430000,1
1500247620000,1500247679000,112.511,112.514,112.509,112.513,34090000,1
1500247680000,1500247739000,112.512,112.512,112.494,112.498,81880000,1
1500247740000,1500247799000,112.498,112.5,112.488,112.488,56300000,1
1500247800000,1500247859000,112.489,112.49,112.476,112.482,58110000,1
1500247860000,1500247919000,112.482,112.482,112.463,112.475,93030000,1
1500247920000,1500247979000,112.474,112.495,112.472,112.495,43150000,1
1500247980000,1500248039000,112.495,112.495,112.488,112.489,21800000,1
1500248040000,1500248099000,112.488,112.489,112.481,112.482,55010000,1
1500248100000,1500248159000,112.481,112.482,112.48,112.481,19430000,1
1500248160000,1500248219000,112.481,112.494,112.48,112.493,40740000,1
1500248220000,1500248279000,112.492,112.501,112.492,112.499,35570000,1
1500248280000,1500248339000,112.498,112.5,112.49,112.499,56020000,1
1500248340000,1500248399000,112.498,112.498,112.485,112.485,78280000,1
1500248400000,1500248459000,112.489,112.494,112.489,112.492,17800000,1
1500248460000,1500248519000,112.491,112.491,112.475,112.48,72860000,1
1500248520000,1500248579000,112.479,112.479,112.468,112.468,66650000,1
1500248580000,1500248639000,112.464,112.464,112.451,112.452,97880000,1
1500248640000,1500248699000,112.451,112.476,112.45,112.476,61430000,1
1500248700000,1500248759000,112.477,112.477,112.462,112.462,54380000,1
1500248760000,1500248819000,112.462,112.462,112.43,112.43,76390000,1
1500248820000,1500248879000,112.43,112.443,112.429,112.434,56510000,1
1500248880000,1500248939000,112.435,112.441,112.43,112.436,48000000,1
1500248940000,1500248999000,112.434,112.437,112.431,112.432,47710000,1
1500249000000,1500249059000,112.431,112.433,112.431,112.432,31870000,1
1500249060000,1500249119000,112.432,112.433,112.417,112.417,55680000,1
1500249120000,1500249179000,112.418,112.42,112.418,112.418,11110000,1
1500249180000,1500249239000,112.419,112.424,112.418,112.424,12490000,1
1500249240000,1500249299000,112.424,112.43,112.424,112.43,10400000,1
1500249300000,1500249359000,112.43,112.43,112.429,112.429,5060000,1
1500249360000,1500249419000,112.429,112.429,112.411,112.411,55460000,1
1500249420000,1500249479000,112.41,112.411,112.404,112.411,76360000,1
1500249480000,1500249539000,112.41,112.41,112.398,112.404,112060000,1
1500249540000,1500249599000,112.404,112.41,112.403,112.41,88280000,1
1500249600000,1500249659000,112.414,112.439,112.414,112.427,144420000,1
1500249660000,1500249719000,112.428,112.448,112.423,112.437,98830000,1
1500249720000,1500249779000,112.437,112.439,112.436,112.437,53090000,1
1500249780000,1500249839000,112.436,112.439,112.436,112.439,25970000,1
1500249840000,1500249899000,112.439,112.445,112.436,112.443,67440000,1
1500249900000,1500249959000,112.442,112.442,112.429,112.431,50480000,1
1500249960000,1500250019000,112.431,112.463,112.431,112.463,58080000,1
1500250020000,1500250079000,112.464,112.477,112.449,112.474,80200000,1
1500250080000,1500250139000,112.474,112.481,112.474,112.48,40880000,1
1500250140000,1500250199000,112.48,112.48,112.467,112.467,58090000,1
1500250200000,1500250259000,112.467,112.475,112.467,112.474,30940000,1
1500250260000,1500250319000,112.473,112.478,112.469,112.478,31500000,1
1500250320000,1500250379000,112.479,112.48,112.472,112.478,39650000,1
1500250380000,1500250439000,112.478,112.486,112.474,112.481,38100000,1
1500250440000,1500250499000,112.482,112.496,112.482,112.487,56770000,1
1500250500000,1500250559000,112.488,112.5,112.486,112.494,84040000,1
1500250560000,1500250619000,112.494,112.494,112.488,112.488,43910000,1
1500250620000,1500250679000,112.49,112.493,112.485,112.485,30570000,1
1500250680000,1500250739000,112.484,112.484,112.465,112.465,37640000,1
1500250740000,1500250799000,112.465,112.484,112.462,112.473,101290000,1
1500250800000,1500250859000,112.473,112.474,112.467,112.467,24220000,1
1500250860000,1500250919000,112.466,112.473,112.46,112.463,90170000,1
1500250920000,1500250979000,112.463,112.469,112.462,112.466,81700000,1
1500250980000,1500251039000,112.465,112.465,112.46,112.46,61830000,1
1500251040000,1500251099000,112.46,112.463,112.457,112.461,43690000,1
1500251100000,1500251159000,112.461,112.461,112.454,112.454,27760000,1
1500251160000,1500251219000,112.453,112.462,112.453,112.46,45160000,1
1500251220000,1500251279000,112.46,112.461,112.454,112.456,54560000,1
1500251280000,1500251339000,112.459,112.459,112.454,112.456,26290000,1
1500251340000,1500251399000,112.455,112.455,112.453,112.455,56830000,1
1500251400000,1500251459000,112.46,112.488,112.459,112.487,118050000,1
1500251460000,1500251519000,112.486,112.487,112.463,112.467,111160000,1
1500251520000,1500251579000,112.468,112.479,112.457,112.479,70150000,1
1500251580000,1500251639000,112.48,112.483,112.479,112.483,33360000,1
1500251640000,1500251699000,112.484,112.484,112.479,112.481,46050000,1
1500251700000,1500251759000,112.481,112.481,112.475,112.48,21000000,1
1500251760000,1500251819000,112.48,112.48,112.472,112.473,36650000,1
1500251820000,1500251879000,112.478,112.481,112.472,112.48,37710000,1
1500251880000,1500251939000,112.481,112.485,112.471,112.478,65160000,1
1500251940000,1500251999000,112.479,112.48,112.476,112.479,52980000,1
1500252000000,1500252059000,112.479,112.483,112.479,112.48,22660000,1
1500252060000,1500252119000,112.481,112.482,112.475,112.477,49010000,1
1500252120000,1500252179000,112.479,112.481,112.474,112.474,32800000,1
1500252180000,1500252239000,112.475,112.483,112.473,112.479,50860000,1
1500252240000,1500252299000,112.48,112.505,112.48,112.488,137590000,1
1500252300000,1500252359000,112.488,112.49,112.482,112.484,67120000,1
1500252360000,1500252419000,112.485,112.492,112.483,112.491,46820000,1
1500252420000,1500252479000,112.494,112.496,112.49,112.491,271090000,1
1500252480000,1500252539000,112.49,112.49,112.48,112.485,82320000,1
1500252540000,1500252599000,112.487,112.494,112.485,112.494,81380000,1
1500252600000,1500252659000,112.494,112.508,112.488,112.506,91810000,1
1500252660000,1500252719000,112.506,112.508,112.499,112.503,119160000,1
1500252720000,1500252779000,112.504,112.511,112.5,112.504,68890000,1
1500252780000,1500252839000,112.504,112.516,112.504,112.514,65340000,1
1500252840000,1500252899000,112.514,112.521,112.508,112.52,118070000,1
1500252900000,1500252959000,112.518,112.534,112.502,112.53,201420000,1
1500252960000,1500253019000,112.529,112.539,112.528,112.537,76700000,1
1500253020000,1500253079000,112.536,112.539,112.533,112.538,32670000,1
1500253080000,1500253139000,112.539,112.552,112.531,112.535,110210000,1
1500253140000,1500253199000,112.536,112.542,112.536,112.538,19070000,1
1500253200000,1500253259000,112.538,112.55,112.538,112.55,96300000,1
1500253260000,1500253319000,112.548,112.561,112.546,112.549,101400000,1
1500253320000,1500253379000,112.548,112.55,112.542,112.55,81660000,1
1500253380000,1500253439000,112.551,112.552,112.544,112.549,56990000,1
1500253440000,1500253499000,112.548,112.552,112.544,112.55,97280000,1
1500253500000,1500253559000,112.55,112.551,112.544,112.544,39660000,1
1500253560000,1500253619000,112.544,112.545,112.538,112.541,39660000,1
1500253620000,1500253679000,112.541,112.543,112.528,112.528,133160000,1
1500253680000,1500253739000,112.529,112.55,112.529,112.535,135890000,1
1500253740000,1500253799000,112.537,112.55,112.529,112.541,115580000,1
1500253800000,1500253859000,112.542,112.561,112.542,112.555,231580000,1
1500253860000,1500253919000,112.557,112.557,112.548,112.555,79710000,1
1500253920000,1500253979000,112.559,112.569,112.549,112.562,285940000,1
1500253980000,1500254039000,112.564,112.593,112.562,112.575,299210000,1
1500254040000,1500254099000,112.577,112.594,112.573,112.578,411620000,1
1500254100000,1500254159000,112.579,112.586,112.572,112.585,132450000,1
1500254160000,1500254219000,112.584,112.59,112.57,112.584,190240000,1
1500254220000,1500254279000,112.584,112.598,112.584,112.586,142420000,1
1500254280000,1500254339000,112.587,112.596,112.577,112.588,190600000,1
1500254340000,1500254399000,112.588,112.597,112.577,112.585,101310000,1
1500254400000,1500254459000,112.585,112.591,112.559,112.574,113260000,1
1500254460000,1500254519000,112.574,112.575,112.574,112.574,7770000,1
1500254520000,1500254579000,112.574,112.576,112.574,112.575,9340000,1
1500254580000,1500254639000,112.575,112.575,112.558,112.569,84990000,1
1500254640000,1500254699000,112.57,112.576,112.57,112.576,36050000,1
1500254700000,1500254759000,112.576,112.576,112.553,112.555,114660000,1
1500254760000,1500254819000,112.558,112.562,112.546,112.56,97680000,1
1500254820000,1500254879000,112.56,112.561,112.547,112.553,144230000,1
1500254880000,1500254939000,112.554,112.555,112.553,112.553,16490000,1
1500254940000,1500254999000,112.554,112.554,112.553,112.553,38130000,1
1500255000000,1500255059000,112.553,112.559,112.542,112.547,205860000,1
1500255060000,1500255119000,112.548,112.549,112.536,112.548,117630000,1
1500255120000,1500255179000,112.547,112.553,112.544,112.553,51500000,1
1500255180000,1500255239000,112.553,112.556,112.547,112.554,84310000,1
1500255240000,1500255299000,112.556,112.558,112.553,112.553,62950000,1
1500255300000,1500255359000,112.554,112.564,112.541,112.541,103120000,1
1500255360000,1500255419000,112.54,112.556,112.534,112.553,100420000,1
1500255420000,1500255479000,112.553,112.561,112.545,112.552,204520000,1
1500255480000,1500255539000,112.553,112.555,112.552,112.554,57440000,1
1500255540000,1500255599000,112.555,112.559,112.547,112.547,135340000,1
1500255600000,1500255659000,112.547,112.559,112.543,112.553,92430000,1
1500255660000,1500255719000,112.551,112.56,112.539,112.541,118060000,1
1500255720000,1500255779000,112.54,112.542,112.526,112.54,220330000,1
1500255780000,1500255839000,112.538,112.54,112.533,112.533,157570000,1
1500255840000,1500255899000,112.534,112.538,112.52,112.536,165320000,1
1500255900000,1500255959000,112.537,112.549,112.533,112.547,131720000,1
1500255960000,1500256019000,112.547,112.567,112.547,112.563,261020000,1
1500256020000,1500256079000,112.565,112.586,112.565,112.586,151890000,1
1500256080000,1500256139000,112.586,112.602,112.584,112.597,216290000,1
1500256140000,1500256199000,112.595,112.603,112.583,112.593,203350000,1
1500256200000,1500256259000,112.593,112.593,112.554,112.566,374620000,1
1500256260000,1500256319000,112.566,112.572,112.551,112.56,119040000,1
1500256320000,1500256379000,112.559,112.561,112.549,112.558,182440000,1
1500256380000,1500256439000,112.558,112.568,112.555,112.568,121100000,1
1500256440000,1500256499000,112.569,112.575,112.541,112.558,147990000,1
1500256500000,1500256559000,112.559,112.586,112.559,112.583,88870000,1
1500256560000,1500256619000,112.583,112.591,112.583,112.591,76400000,1
1500256620000,1500256679000,112.59,112.594,112.579,112.586,116070000,1
1500256680000,1500256739000,112.587,112.592,112.584,112.592,65810000,1
1500256740000,1500256799000,112.593,112.606,112.578,112.604,104880000,1
1500256800000,1500256859000,112.604,112.623,112.602,112.612,108400000,1
1500256860000,1500256919000,112.612,112.628,112.608,112.628,134820000,1
1500256920000,1500256979000,112.629,112.629,112.618,112.62,106440000,1
1500256980000,1500257039000,112.62,112.62,112.606,112.609,135370000,1
1500257040000,1500257099000,112.609,112.617,112.606,112.606,72490000,1
1500257100000,1500257159000,112.606,112.607,112.591,112.593,65930000,1
1500257160000,1500257219000,112.593,112.597,112.591,112.595,33100000,1
1500257220000,1500257279000,112.596,112.603,112.595,112.596,49460000,1
1500257280000,1500257339000,112.595,112.608,112.595,112.605,66730000,1
1500257340000,1500257399000,112.604,112.612,112.603,112.612,37200000,1
1500257400000,1500257459000,112.612,112.615,112.611,112.612,29940000,1
1500257460000,1500257519000,112.613,112.638,112.613,112.634,77630000,1
1500257520000,1500257579000,112.634,112.642,112.625,112.641,120800000,1
1500257580000,1500257639000,112.641,112.642,112.632,112.638,68260000,1
1500257640000,1500257699000,112.638,112.64,112.636,112.637,117730000,1
1500257700000,1500257759000,112.637,112.637,112.616,112.622,102670000,1
1500257760000,1500257819000,112.622,112.626,112.621,112.624,54980000,1
1500257820000,1500257879000,112.626,112.632,112.626,112.631,21180000,1
1500257880000,1500257939000,112.63,112.631,112.621,112.624,40960000,1
1500257940000,1500257999000,112.626,112.629,112.622,112.624,36850000,1
1500258000000,1500258059000,112.624,112.63,112.623,112.629,75240000,1
1500258060000,1500258119000,112.629,112.63,112.623,112.626,126050000,1
1500258120000,1500258179000,112.626,112.628,112.623,112.624,124890000,1
1500258180000,1500258239000,112.625,112.63,112.623,112.623,59360000,1
1500258240000,1500258299000,112.625,112.63,112.623,112.623,70260000,1
1500258300000,1500258359000,112.624,112.63,112.612,112.613,127750000,1
1500258360000,1500258419000,112.613,112.618,112.61,112.616,38130000,1
1500258420000,1500258479000,112.616,112.618,112.61,112.618,92160000,1
1500258480000,1500258539000,112.618,112.618,112.618,112.618,26040000,1
1500258540000,1500258599000,112.618,112.618,112.61,112.618,66550000,1
1500258600000,1500258659000,112.617,112.618,112.616,112.617,62960000,1
1500258660000,1500258719000,112.616,112.617,112.616,112.617,15460000,1
1500258720000,1500258779000,112.617,112.618,112.611,112.618,71640000,1
1500258780000,1500258839000,112.616,112.618,112.611,112.612,25890000,1
1500258840000,1500258899000,112.61,112.61,112.61,112.61,11360000,1
1500258900000,1500258959000,112.61,112.614,112.609,112.614,30110000,1
1500258960000,1500259019000,112.612,112.641,112.612,112.641,65260000,1
1500259020000,1500259079000,112.644,112.678,112.644,112.668,93350000,1
1500259080000,1500259139000,112.667,112.668,112.653,112.656,74070000,1
1500259140000,1500259199000,112.656,112.662,112.652,112.659,34070000,1
1500259200000,1500259259000,112.658,112.661,112.657,112.66,49210000,1
1500259260000,1500259319000,112.66,112.667,112.656,112.659,66530000,1
1500259320000,1500259379000,112.657,112.657,112.656,112.657,18680000,1
1500259380000,1500259439000,112.657,112.664,112.656,112.663,17220000,1
1500259440000,1500259499000,112.663,112.671,112.663,112.67,87130000,1
1500259500000,1500259559000,112.672,112.689,112.668,112.688,200980000,1
1500259560000,1500259619000,112.689,112.691,112.661,112.661,179740000,1
1500259620000,1500259679000,112.661,112.678,112.661,112.668,204730000,1
1500259680000,1500259739000,112.667,112.67,112.661,112.664,167420000,1
1500259740000,1500259799000,112.662,112.666,112.661,112.661,112820000,1
1500259800000,1500259859000,112.661,112.663,112.66,112.662,96500000,1
1500259860000,1500259919000,112.661,112.666,112.66,112.662,104720000,1
1500259920000,1500259979000,112.661,112.665,112.656,112.657,183040000,1
1500259980000,1500260039000,112.659,112.662,112.649,112.657,257190000,1
1500260040000,1500260099000,112.656,112.662,112.655,112.662,141810000,1
1500260100000,1500260159000,112.662,112.662,112.653,112.657,178200000,1
1500260160000,1500260219000,112.657,112.657,112.648,112.654,143360000,1
1500260220000,1500260279000,112.657,112.66,112.655,112.659,116630000,1
1500260280000,1500260339000,112.657,112.659,112.653,112.655,116440000,1
1500260340000,1500260399000,112.654,112.655,112.642,112.647,173710000,1
1500260400000,1500260459000,112.647,112.647,112.636,112.637,99820000,1
1500260460000,1500260519000,112.639,112.64,112.63,112.635,101770000,1
1500260520000,1500260579000,112.635,112.635,112.615,112.618,63680000,1
1500260580000,1500260639000,112.618,112.62,112.611,112.616,115820000,1
1500260640000,1500260699000,112.617,112.618,112.603,112.604,80980000,1
1500260700000,1500260759000,112.603,112.61,112.596,112.604,118990000,1
1500260760000,1500260819000,112.604,112.606,112.598,112.606,48110000,1
1500260820000,1500260879000,112.606,112.607,112.605,112.607,21000000,1
1500260880000,1500260939000,112.607,112.607,112.606,112.607,27870000,1
1500260940000,1500260999000,112.61,112.631,112.61,112.627,94460000,1
1500261000000,1500261059000,112.627,112.632,112.623,112.63,45340000,1
1500261060000,1500261119000,112.631,112.641,112.631,112.64,43510000,1
1500261120000,1500261179000,112.639,112.64,112.636,112.639,15720000,1
1500261180000,1500261239000,112.639,112.644,112.638,112.644,66390000,1
1500261240000,1500261299000,112.644,112.644,112.643,112.643,7790000,1
1500261300000,1500261359000,112.643,112.643,112.622,112.624,147760000,1
1500261360000,1500261419000,112.624,112.624,112.611,112.613,222400000,1
1500261420000,1500261479000,112.612,112.612,112.593,112.594,125480000,1
1500261480000,1500261539000,112.593,112.605,112.593,112.598,90870000,1
1500261540000,1500261599000,112.597,112.599,112.592,112.597,46800000,1
1500261600000,1500261659000,112.597,112.606,112.596,112.606,81910000,1
1500261660000,1500261719000,112.607,112.612,112.603,112.605,73570000,1
1500261720000,1500261779000,112.605,112.611,112.605,112.608,56140000,1
1500261780000,1500261839000,112.608,112.611,112.608,112.609,45530000,1
1500261840000,1500261899000,112.61,112.61,112.574,112.576,164710000,1
1500261900000,1500261959000,112.575,112.587,112.572,112.574,57080000,1
1500261960000,1500262019000,112.572,112.573,112.543,112.554,247050000,1
1500262020000,1500262079000,112.555,112.579,112.54,112.579,116520000,1
1500262080000,1500262139000,112.579,112.583,112.572,112.575,100290000,1
1500262140000,1500262199000,112.575,112.577,112.57,112.575,53280000,1
1500262200000,1500262259000,112.575,112.577,112.573,112.576,78380000,1
1500262260000,1500262319000,112.575,112.587,112.575,112.585,82820000,1
1500262320000,1500262379000,112.587,112.627,112.586,112.62,99970000,1
1500262380000,1500262439000,112.619,112.619,112.606,112.606,22910000,1
1500262440000,1500262499000,112.606,112.618,112.606,112.618,67860000,1
1500262500000,1500262559000,112.618,112.62,112.612,112.615,47730000,1
1500262560000,1500262619000,112.613,112.618,112.604,112.618,142710000,1
1500262620000,1500262679000,112.618,112.62,112.608,112.612,72480000,1
1500262680000,1500262739000,112.612,112.618,112.612,112.612,107520000,1
1500262740000,1500262799000,112.612,112.618,112.605,112.612,98380000,1
1500262800000,1500262859000,112.612,112.615,112.611,112.613,46010000,1
1500262860000,1500262919000,112.612,112.614,112.611,112.612,22970000,1
1500262920000,1500262979000,112.611,112.612,112.61,112.61,24720000,1
1500262980000,1500263039000,112.61,112.615,112.604,112.611,95580000,1
1500263040000,1500263099000,112.61,112.615,112.606,112.611,56700000,1
1500263100000,1500263159000,112.611,112.625,112.611,112.618,67800000,1
1500263160000,1500263219000,112.618,112.62,112.611,112.618,48770000,1
1500263220000,1500263279000,112.618,112.625,112.618,112.624,74700000,1
1500263280000,1500263339000,112.624,112.631,112.623,112.623,46190000,1
1500263340000,1500263399000,112.622,112.622,112.587,112.595,142330000,1
1500263400000,1500263459000,112.594,112.596,112.593,112.595,25740000,1
1500263460000,1500263519000,112.593,112.601,112.589,112.591,98700000,1
1500263520000,1500263579000,112.592,112.614,112.592,112.614,102080000,1
1500263580000,1500263639000,112.614,112.614,112.599,112.601,112630000,1
1500263640000,1500263699000,112.601,112.615,112.601,112.615,115310000,1
1500263700000,1500263759000,112.615,112.628,112.614,112.622,40010000,1
1500263760000,1500263819000,112.619,112.622,112.612,112.612,104360000,1
1500263820000,1500263879000,112.612,112.613,112.612,112.613,16590000,1
1500263880000,1500263939000,112.613,112.613,112.613,112.613,44300000,1
1500263940000,1500263999000,112.612,112.612,112.592,112.593,53890000,1
1500264000000,1500264059000,112.593,112.594,112.586,112.588,30510000,1
1500264060000,1500264119000,112.587,112.608,112.587,112.608,59880000,1
1500264120000,1500264179000,112.609,112.609,112.594,112.594,98950000,1
1500264180000,1500264239000,112.594,112.613,112.593,112.612,66450000,1
1500264240000,1500264299000,112.612,112.614,112.607,112.613,85310000,1
1500264300000,1500264359000,112.614,112.614,112.614,112.614,29840000,1
1500264360000,1500264419000,112.614,112.614,112.614,112.614,15190000,1
1500264420000,1500264479000,112.614,112.614,112.614,112.614,7500000,1
1500264480000,1500264539000,112.613,112.613,112.613,112.613,18550000,1
1500264540000,1500264599000,112.613,112.613,112.607,112.609,68780000,1
1500264600000,1500264659000,112.609,112.613,112.607,112.613,58430000,1
1500264660000,1500264719000,112.613,112.613,112.612,112.613,21430000,1
1500264720000,1500264779000,112.613,112.613,112.613,112.613,10110000,1
1500264780000,1500264839000,112.613,112.615,112.613,112.614,31330000,1
1500264840000,1500264899000,112.615,112.617,112.611,112.611,31370000,1
1500264900000,1500264959000,112.609,112.619,112.607,112.613,95700000,1
1500264960000,1500265019000,112.613,112.613,112.613,112.613,5000000,1
1500265020000,1500265079000,112.613,112.616,112.613,112.616,11210000,1
1500265080000,1500265139000,112.618,112.619,112.611,112.611,42680000,1
1500265140000,1500265199000,112.611,112.611,112.61,112.61,7500000,1
1500265200000,1500265259000,112.61,112.612,112.61,112.612,23200000,1
1500265260000,1500265319000,112.612,112.612,112.612,112.612,6040000,1
1500265320000,1500265379000,112.614,112.614,112.614,112.614,3000000,1
1500265380000,1500265439000,112.613,112.622,112.613,112.62,18930000,1
1500265440000,1500265499000,112.619,112.619,112.613,112.618,29570000,1
1500265500000,1500265559000,112.618,112.618,112.611,112.612,47270000,1
1500265560000,1500265619000,112.612,112.614,112.605,112.605,61590000,1
1500265620000,1500265679000,112.604,112.606,112.604,112.605,29210000,1
1500265680000,1500265739000,112.606,112.606,112.595,112.595,58390000,1
1500265740000,1500265799000,112.597,112.599,112.596,112.596,42180000,1
1500265800000,1500265859000,112.598,112.608,112.598,112.606,59820000,1
1500265860000,1500265919000,112.607,112.608,112.606,112.606,35500000,1
1500265920000,1500265979000,112.606,112.608,112.598,112.599,84960000,1
1500265980000,1500266039000,112.599,112.602,112.599,112.6,23680000,1
1500266040000,1500266099000,112.603,112.606,112.598,112.599,28420000,1
1500266100000,1500266159000,112.599,112.599,112.599,112.599,1000000,1
1500266160000,1500266219000,112.599,112.601,112.594,112.597,58490000,1
1500266220000,1500266279000,112.597,112.598,112.586,112.588,80960000,1
1500266280000,1500266339000,112.588,112.602,112.583,112.602,221600000,1
1500266340000,1500266399000,112.602,112.611,112.602,112.608,45420000,1
1500266400000,1500266459000,112.608,112.614,112.608,112.614,17180000,1
1500266460000,1500266519000,112.613,112.617,112.608,112.616,39970000,1
1500266520000,1500266579000,112.615,112.618,112.613,112.613,42520000,1
1500266580000,1500266639000,112.613,112.619,112.608,112.608,54580000,1
1500266640000,1500266699000,112.608,112.613,112.601,112.61,88830000,1
1500266700000,1500266759000,112.61,112.613,112.61,112.612,22080000,1
1500266760000,1500266819000,112.612,112.613,112.611,112.613,30250000,1
1500266820000,1500266879000,112.613,112.613,112.607,112.607,51450000,1
1500266880000,1500266939000,112.607,112.612,112.607,112.612,27620000,1
1500266940000,1500266999000,112.612,112.614,112.612,112.613,20550000,1
1500267000000,1500267059000,112.613,112.63,112.613,112.624,71720000,1
1500267060000,1500267119000,112.624,112.628,112.618,112.618,55350000,1
1500267120000,1500267179000,112.618,112.625,112.618,112.625,39140000,1
1500267180000,1500267239000,112.624,112.625,112.624,112.625,24440000,1
1500267240000,1500267299000,112.624,112.624,112.612,112.619,41440000,1
1500267300000,1500267359000,112.619,112.619,112.617,112.618,9120000,1
1500267360000,1500267419000,112.618,112.618,112.617,112.617,9680000,1
1500267420000,1500267479000,112.616,112.616,112.613,112.614,16370000,1
1500267480000,1500267539000,112.615,112.618,112.611,112.611,45950000,1
1500267540000,1500267599000,112.611,112.618,112.611,112.618,30440000,1
1500267600000,1500267659000,112.618,112.632,112.614,112.625,123210000,1
1500267660000,1500267719000,112.625,112.631,112.623,112.628,118800000,1
1500267720000,1500267779000,112.628,112.628,112.62,112.62,45410000,1
1500267780000,1500267839000,112.622,112.625,112.62,112.62,77450000,1
1500267840000,1500267899000,112.62,112.62,112.62,112.62,2940000,1
1500267900000,1500267959000,112.621,112.626,112.621,112.626,25950000,1
1500267960000,1500268019000,112.625,112.629,112.62,112.621,41140000,1
1500268020000,1500268079000,112.621,112.628,112.621,112.628,11190000,1
1500268080000,1500268139000,112.628,112.638,112.624,112.625,87140000,1
1500268140000,1500268199000,112.625,112.625,112.623,112.623,6370000,1
1500268200000,1500268259000,112.623,112.623,112.618,112.619,43320000,1
1500268260000,1500268319000,112.62,112.626,112.62,112.626,39280000,1
1500268320000,1500268379000,112.628,112.628,112.62,112.62,21500000,1
1500268380000,1500268439000,112.62,112.634,112.62,112.633,36800000,1
1500268440000,1500268499000,112.633,112.645,112.633,112.645,70770000,1
1500268500000,1500268559000,112.645,112.645,112.644,112.644,48800000,1
1500268560000,1500268619000,112.644,112.648,112.644,112.644,115180000,1
1500268620000,1500268679000,112.644,112.646,112.644,112.645,21060000,1
1500268680000,1500268739000,112.646,112.669,112.645,112.662,154320000,1
1500268740000,1500268799000,112.661,112.668,112.661,112.667,95960000,1
1500268800000,1500268859000,112.668,112.674,112.668,112.668,78520000,1
1500268860000,1500268919000,112.667,112.667,112.655,112.656,47670000,1
1500268920000,1500268979000,112.658,112.661,112.645,112.65,55140000,1
1500268980000,1500269039000,112.651,112.656,112.651,112.651,16500000,1
1500269040000,1500269099000,112.651,112.652,112.65,112.652,43120000,1
1500269100000,1500269159000,112.655,112.656,112.648,112.648,25290000,1
1500269160000,1500269219000,112.649,112.655,112.649,112.654,54940000,1
1500269220000,1500269279000,112.659,112.661,112.655,112.66,54010000,1
1500269280000,1500269339000,112.661,112.662,112.656,112.656,36710000,1
1500269340000,1500269399000,112.656,112.657,112.656,112.656,25530000,1
1500269400000,1500269459000,112.656,112.661,112.656,112.66,61860000,1
1500269460000,1500269519000,112.66,112.66,112.655,112.655,25870000,1
1500269520000,1500269579000,112.656,112.662,112.656,112.66,67900000,1
1500269580000,1500269639000,112.66,112.663,112.656,112.658,104590000,1
1500269640000,1500269699000,112.659,112.666,112.655,112.655,40230000,1
1500269700000,1500269759000,112.656,112.656,112.654,112.654,39980000,1
1500269760000,1500269819000,112.654,112.655,112.646,112.652,93480000,1
1500269820000,1500269879000,112.651,112.651,112.641,112.641,66990000,1
1500269880000,1500269939000,112.642,112.647,112.641,112.643,40760000,1
1500269940000,1500269999000,112.643,112.646,112.641,112.643,38060000,1
1500270000000,1500270059000,112.642,112.645,112.642,112.643,78480000,1
1500270060000,1500270119000,112.643,112.643,112.638,112.639,115490000,1
1500270120000,1500270179000,112.639,112.644,112.637,112.637,107350000,1
1500270180000,1500270239000,112.637,112.644,112.637,112.644,135350000,1
1500270240000,1500270299000,112.644,112.645,112.643,112.644,28630000,1
1500270300000,1500270359000,112.644,112.644,112.643,112.644,50290000,1
1500270360000,1500270419000,112.643,112.645,112.639,112.644,45050000,1
1500270420000,1500270479000,112.644,112.645,112.644,112.645,7370000,1
1500270480000,1500270539000,112.644,112.645,112.639,112.639,50190000,1
1500270540000,1500270599000,112.639,112.64,112.639,112.64,30880000,1
1500270600000,1500270659000,112.64,112.64,112.632,112.632,19370000,1
1500270660000,1500270719000,112.633,112.635,112.632,112.633,37230000,1
1500270720000,1500270779000,112.634,112.634,112.633,112.634,25860000,1
1500270780000,1500270839000,112.633,112.64,112.633,112.639,22280000,1
1500270840000,1500270899000,112.639,112.64,112.639,112.64,19850000,1
1500270900000,1500270959000,112.642,112.669,112.642,112.65,155600000,1
1500270960000,1500271019000,112.652,112.666,112.652,112.656,152280000,1
1500271020000,1500271079000,112.656,112.656,112.647,112.651,161400000,1
1500271080000,1500271139000,112.652,112.658,112.643,112.643,80650000,1
1500271140000,1500271199000,112.644,112.65,112.644,112.65,29980000,1
1500271200000,1500271259000,112.651,112.668,112.651,112.665,73770000,1
1500271260000,1500271319000,112.665,112.666,112.644,112.654,180380000,1
1500271320000,1500271379000,112.654,112.672,112.651,112.669,154880000,1
1500271380000,1500271439000,112.669,112.669,112.658,112.664,122290000,1
1500271440000,1500271499000,112.662,112.674,112.661,112.671,128700000,1
1500271500000,1500271559000,112.67,112.67,112.655,112.655,93540000,1
1500271560000,1500271619000,112.654,112.662,112.653,112.656,87740000,1
1500271620000,1500271679000,112.656,112.656,112.639,112.644,110500000,1
1500271680000,1500271739000,112.644,112.649,112.638,112.638,148600000,1
1500271740000,1500271799000,112.638,112.638,112.62,112.623,158030000,1
1500271800000,1500271859000,112.622,112.622,112.595,112.615,146530000,1
1500271860000,1500271919000,112.615,112.615,112.605,112.61,106960000,1
1500271920000,1500271979000,112.609,112.618,112.609,112.612,71080000,1
1500271980000,1500272039000,112.612,112.624,112.611,112.62,102950000,1
1500272040000,1500272099000,112.619,112.624,112.613,112.624,120380000,1
1500272100000,1500272159000,112.624,112.635,112.622,112.635,151840000,1
1500272160000,1500272219000,112.636,112.659,112.636,112.651,147570000,1
1500272220000,1500272279000,112.651,112.663,112.648,112.651,159690000,1
1500272280000,1500272339000,112.65,112.654,112.649,112.651,62290000,1
1500272340000,1500272399000,112.651,112.651,112.643,112.643,126420000,1
1500272400000,1500272459000,112.643,112.646,112.633,112.64,82130000,1
1500272460000,1500272519000,112.639,112.651,112.634,112.645,94010000,1
1500272520000,1500272579000,112.645,112.647,112.642,112.644,62450000,1
1500272580000,1500272639000,112.644,112.662,112.64,112.659,91980000,1
1500272640000,1500272699000,112.659,112.696,112.65,112.694,154840000,1
1500272700000,1500272759000,112.693,112.772,112.693,112.755,280940000,1
1500272760000,1500272819000,112.755,112.758,112.724,112.724,245020000,1
1500272820000,1500272879000,112.724,112.73,112.711,112.714,115090000,1
1500272880000,1500272939000,112.716,112.717,112.703,112.704,181430000,1
1500272940000,1500272999000,112.707,112.72,112.707,112.713,166570000,1
1500273000000,1500273059000,112.713,112.722,112.71,112.714,118440000,1
1500273060000,1500273119000,112.713,112.713,112.686,112.688,96680000,1
1500273120000,1500273179000,112.689,112.701,112.689,112.701,119900000,1
1500273180000,1500273239000,112.701,112.702,112.696,112.701,158420000,1
1500273240000,1500273299000,112.696,112.709,112.684,112.706,209950000,1
1500273300000,1500273359000,112.704,112.714,112.703,112.707,73290000,1
1500273360000,1500273419000,112.707,112.712,112.705,112.705,79600000,1
1500273420000,1500273479000,112.705,112.705,112.666,112.672,189040000,1
1500273480000,1500273539000,112.677,112.681,112.672,112.673,113810000,1
1500273540000,1500273599000,112.675,112.676,112.668,112.673,89410000,1
1500273600000,1500273659000,112.674,112.674,112.66,112.662,75270000,1
1500273660000,1500273719000,112.665,112.668,112.662,112.667,91180000,1
1500273720000,1500273779000,112.666,112.692,112.666,112.687,111720000,1
1500273780000,1500273839000,112.688,112.688,112.68,112.681,78910000,1
1500273840000,1500273899000,112.681,112.681,112.673,112.676,130560000,1
1500273900000,1500273959000,112.676,112.68,112.675,112.675,163020000,1
1500273960000,1500274019000,112.675,112.679,112.674,112.679,65310000,1
1500274020000,1500274079000,112.681,112.686,112.671,112.673,96780000,1
1500274080000,1500274139000,112.674,112.68,112.657,112.662,102960000,1
1500274140000,1500274199000,112.661,112.678,112.661,112.673,119150000,1
1500274200000,1500274259000,112.673,112.673,112.66,112.665,85150000,1
1500274260000,1500274319000,112.665,112.676,112.66,112.661,77710000,1
1500274320000,1500274379000,112.662,112.676,112.662,112.668,81130000,1
1500274380000,1500274439000,112.666,112.666,112.655,112.657,124520000,1
1500274440000,1500274499000,112.657,112.663,112.655,112.656,80920000,1
1500274500000,1500274559000,112.659,112.661,112.655,112.655,62760000,1
1500274560000,1500274619000,112.655,112.659,112.644,112.658,105150000,1
1500274620000,1500274679000,112.658,112.66,112.63,112.636,137450000,1
1500274680000,1500274739000,112.635,112.641,112.622,112.631,303020000,1
1500274740000,1500274799000,112.631,112.639,112.622,112.636,204040000,1
1500274800000,1500274859000,112.636,112.659,112.614,112.618,231890000,1
1500274860000,1500274919000,112.621,112.624,112.606,112.621,175310000,1
1500274920000,1500274979000,112.619,112.619,112.609,112.611,229490000,1
1500274980000,1500275039000,112.61,112.628,112.608,112.616,239490000,1
1500275040000,1500275099000,112.617,112.621,112.606,112.613,147270000,1
1500275100000,1500275159000,112.612,112.613,112.578,112.578,176020000,1
1500275160000,1500275219000,112.578,112.584,112.551,112.564,186700000,1
1500275220000,1500275279000,112.564,112.573,112.56,112.568,98610000,1
1500275280000,1500275339000,112.568,112.575,112.561,112.574,89260000,1
1500275340000,1500275399000,112.574,112.601,112.571,112.596,88500000,1
1500275400000,1500275459000,112.594,112.595,112.568,112.574,202310000,1
1500275460000,1500275519000,112.574,112.577,112.566,112.572,147100000,1
1500275520000,1500275579000,112.572,112.585,112.572,112.577,134490000,1
1500275580000,1500275639000,112.578,112.597,112.578,112.592,89660000,1
1500275640000,1500275699000,112.591,112.592,112.569,112.58,101090000,1
1500275700000,1500275759000,112.58,112.591,112.573,112.58,101460000,1
1500275760000,1500275819000,112.58,112.593,112.578,112.592,65390000,1
1500275820000,1500275879000,112.592,112.609,112.588,112.604,123060000,1
1500275880000,1500275939000,112.604,112.604,112.579,112.58,193730000,1
1500275940000,1500275999000,112.579,112.59,112.577,112.577,93460000,1
1500276000000,1500276059000,112.579,112.6,112.579,112.6,80300000,1
1500276060000,1500276119000,112.605,112.619,112.605,112.618,93180000,1
1500276120000,1500276179000,112.619,112.62,112.55,112.554,203860000,1
1500276180000,1500276239000,112.554,112.566,112.531,112.551,182180000,1
1500276240000,1500276299000,112.553,112.575,112.551,112.571,164680000,1
1500276300000,1500276359000,112.572,112.579,112.568,112.575,102530000,1
1500276360000,1500276419000,112.574,112.584,112.574,112.583,78960000,1
1500276420000,1500276479000,112.584,112.584,112.57,112.572,68230000,1
1500276480000,1500276539000,112.572,112.595,112.572,112.589,159260000,1
1500276540000,1500276599000,112.59,112.602,112.587,112.595,140660000,1
1500276600000,1500276659000,112.595,112.597,112.593,112.593,105750000,1
1500276660000,1500276719000,112.593,112.602,112.582,112.594,186440000,1
1500276720000,1500276779000,112.594,112.598,112.586,112.592,133760000,1
1500276780000,1500276839000,112.591,112.608,112.59,112.595,163430000,1
1500276840000,1500276899000,112.595,112.602,112.589,112.589,85970000,1
1500276900000,1500276959000,112.589,112.59,112.558,112.566,140580000,1
1500276960000,1500277019000,112.565,112.565,112.545,112.545,140870000,1
1500277020000,1500277079000,112.545,112.55,112.528,112.545,110170000,1
1500277080000,1500277139000,112.545,112.572,112.545,112.572,161690000,1
1500277140000,1500277199000,112.571,112.571,112.558,112.559,72210000,1
1500277200000,1500277259000,112.559,112.566,112.558,112.566,28730000,1
1500277260000,1500277319000,112.566,112.597,112.564,112.597,128270000,1
1500277320000,1500277379000,112.597,112.608,112.595,112.608,146710000,1
1500277380000,1500277439000,112.607,112.607,112.581,112.581,164580000,1
1500277440000,1500277499000,112.58,112.584,112.571,112.573,86490000,1
1500277500000,1500277559000,112.574,112.576,112.564,112.57,70400000,1
1500277560000,1500277619000,112.571,112.585,112.571,112.585,42060000,1
1500277620000,1500277679000,112.582,112.585,112.576,112.583,65720000,1
1500277680000,1500277739000,112.582,112.591,112.576,112.585,71390000,1
1500277740000,1500277799000,112.583,112.583,112.572,112.577,68870000,1
1500277800000,1500277859000,112.577,112.582,112.562,112.562,59870000,1
1500277860000,1500277919000,112.562,112.567,112.559,112.563,107980000,1
1500277920000,1500277979000,112.564,112.579,112.554,112.577,89620000,1
1500277980000,1500278039000,112.576,112.576,112.551,112.558,117410000,1
1500278040000,1500278099000,112.557,112.557,112.534,112.553,153780000,1
1500278100000,1500278159000,112.552,112.566,112.552,112.564,70820000,1
1500278160000,1500278219000,112.564,112.566,112.564,112.564,46610000,1
1500278220000,1500278279000,112.564,112.571,112.553,112.569,80140000,1
1500278280000,1500278339000,112.568,112.582,112.565,112.579,113960000,1
1500278340000,1500278399000,112.578,112.597,112.574,112.597,113560000,1
1500278400000,1500278459000,112.598,112.603,112.577,112.603,174460000,1
1500278460000,1500278519000,112.604,112.608,112.596,112.599,160030000,1
1500278520000,1500278579000,112.598,112.601,112.583,112.586,161880000,1
1500278580000,1500278639000,112.588,112.595,112.583,112.594,91450000,1
1500278640000,1500278699000,112.594,112.613,112.594,112.613,192950000,1
1500278700000,1500278759000,112.613,112.614,112.6,112.6,113450000,1
1500278760000,1500278819000,112.6,112.601,112.571,112.578,182430000,1
1500278820000,1500278879000,112.577,112.577,112.533,112.552,126970000,1
1500278880000,1500278939000,112.554,112.579,112.553,112.573,104850000,1
1500278940000,1500278999000,112.574,112.586,112.568,112.569,85610000,1
1500279000000,1500279059000,112.568,112.571,112.556,112.566,81610000,1
1500279060000,1500279119000,112.568,112.58,112.566,112.572,68010000,1
1500279120000,1500279179000,112.571,112.573,112.565,112.572,48790000,1
1500279180000,1500279239000,112.574,112.575,112.565,112.569,44570000,1
1500279240000,1500279299000,112.569,112.585,112.565,112.582,109350000,1
1500279300000,1500279359000,112.583,112.592,112.579,112.583,127670000,1
1500279360000,1500279419000,112.584,112.584,112.568,112.569,137470000,1
1500279420000,1500279479000,112.569,112.58,112.562,112.579,113980000,1
1500279480000,1500279539000,112.579,112.585,112.579,112.585,110120000,1
1500279540000,1500279599000,112.585,112.592,112.585,112.586,63450000,1
1500279600000,1500279659000,112.586,112.592,112.585,112.585,101700000,1
1500279660000,1500279719000,112.586,112.603,112.585,112.592,79670000,1
1500279720000,1500279779000,112.592,112.613,112.588,112.604,173740000,1
1500279780000,1500279839000,112.604,112.623,112.601,112.623,102940000,1
1500279840000,1500279899000,112.622,112.622,112.602,112.602,123690000,1
1500279900000,1500279959000,112.603,112.607,112.6,112.607,97570000,1
1500279960000,1500280019000,112.607,112.607,112.589,112.607,83970000,1
1500280020000,1500280079000,112.607,112.611,112.604,112.61,62200000,1
1500280080000,1500280139000,112.61,112.619,112.598,112.603,117070000,1
1500280140000,1500280199000,112.603,112.604,112.593,112.602,111210000,1
1500280200000,1500280259000,112.602,112.614,112.593,112.599,118660000,1
1500280260000,1500280319000,112.6,112.607,112.59,112.59,65860000,1
1500280320000,1500280379000,112.591,112.597,112.59,112.597,53130000,1
1500280380000,1500280439000,112.597,112.605,112.597,112.598,56710000,1
1500280440000,1500280499000,112.596,112.596,112.561,112.581,91560000,1
1500280500000,1500280559000,112.581,112.593,112.581,112.585,39500000,1
1500280560000,1500280619000,112.588,112.59,112.573,112.573,104230000,1
1500280620000,1500280679000,112.574,112.58,112.567,112.57,44840000,1
1500280680000,1500280739000,112.57,112.577,112.569,112.575,68690000,1
1500280740000,1500280799000,112.575,112.59,112.575,112.59,79650000,1
1500280800000,1500280859000,112.59,112.59,112.584,112.587,43860000,1
1500280860000,1500280919000,112.587,112.587,112.573,112.573,67440000,1
1500280920000,1500280979000,112.575,112.591,112.573,112.591,91370000,1
1500280980000,1500281039000,112.59,112.598,112.59,112.598,77510000,1
1500281040000,1500281099000,112.598,112.602,112.593,112.602,51460000,1
1500281100000,1500281159000,112.602,112.603,112.595,112.595,44390000,1
1500281160000,1500281219000,112.594,112.594,112.561,112.569,174960000,1
1500281220000,1500281279000,112.569,112.573,112.564,112.572,92330000,1
1500281280000,1500281339000,112.572,112.576,112.564,112.568,113980000,1
1500281340000,1500281399000,112.571,112.583,112.571,112.579,87050000,1
1500281400000,1500281459000,112.579,112.581,112.573,112.581,61550000,1
1500281460000,1500281519000,112.58,112.584,112.574,112.579,72230000,1
1500281520000,1500281579000,112.581,112.596,112.577,112.591,117660000,1
1500281580000,1500281639000,112.59,112.59,112.58,112.588,77040000,1
1500281640000,1500281699000,112.587,112.604,112.586,112.596,102420000,1
1500281700000,1500281759000,112.596,112.597,112.576,112.576,100180000,1
1500281760000,1500281819000,112.576,112.588,112.571,112.578,75290000,1
1500281820000,1500281879000,112.582,112.593,112.582,112.592,92830000,1
1500281880000,1500281939000,112.592,112.596,112.588,112.595,115700000,1
1500281940000,1500281999000,112.597,112.605,112.589,112.603,107980000,1
1500282000000,1500282059000,112.602,112.61,112.596,112.599,160090000,1
1500282060000,1500282119000,112.597,112.605,112.596,112.596,136380000,1
1500282120000,1500282179000,112.596,112.596,112.579,112.584,214520000,1
1500282180000,1500282239000,112.582,112.594,112.569,112.593,80520000,1
1500282240000,1500282299000,112.594,112.594,112.563,112.573,188350000,1
1500282300000,1500282359000,112.569,112.569,112.549,112.553,163130000,1
1500282360000,1500282419000,112.553,112.572,112.552,112.564,181350000,1
1500282420000,1500282479000,112.564,112.564,112.55,112.561,100130000,1
1500282480000,1500282539000,112.561,112.563,112.544,112.561,58530000,1
1500282540000,1500282599000,112.562,112.567,112.559,112.563,135290000,1
1500282600000,1500282659000,112.562,112.562,112.553,112.56,114470000,1
1500282660000,1500282719000,112.56,112.568,112.554,112.566,99280000,1
1500282720000,1500282779000,112.565,112.567,112.559,112.565,73940000,1
1500282780000,1500282839000,112.565,112.57,112.565,112.568,73370000,1
1500282840000,1500282899000,112.568,112.568,112.557,112.56,57720000,1
1500282900000,1500282959000,112.56,112.561,112.526,112.528,169680000,1
1500282960000,1500283019000,112.524,112.525,112.518,112.523,89300000,1
1500283020000,1500283079000,112.522,112.528,112.507,112.514,141930000,1
1500283080000,1500283139000,112.515,112.515,112.503,112.503,155440000,1
1500283140000,1500283199000,112.504,112.52,112.503,112.52,140610000,1
1500283200000,1500283259000,112.52,112.522,112.512,112.512,55940000,1
1500283260000,1500283319000,112.513,112.517,112.512,112.515,36980000,1
1500283320000,1500283379000,112.514,112.522,112.509,112.522,116520000,1
1500283380000,1500283439000,112.522,112.523,112.505,112.514,186340000,1
1500283440000,1500283499000,112.516,112.524,112.515,112.521,132300000,1
1500283500000,1500283559000,112.522,112.535,112.521,112.528,121340000,1
1500283560000,1500283619000,112.529,112.543,112.529,112.539,167810000,1
1500283620000,1500283679000,112.539,112.539,112.528,112.536,120700000,1
1500283680000,1500283739000,112.535,112.536,112.529,112.534,53100000,1
1500283740000,1500283799000,112.535,112.566,112.535,112.566,83490000,1
1500283800000,1500283859000,112.566,112.581,112.553,112.575,122190000,1
1500283860000,1500283919000,112.574,112.577,112.568,112.575,139130000,1
1500283920000,1500283979000,112.574,112.585,112.57,112.57,99850000,1
1500283980000,1500284039000,112.568,112.568,112.551,112.553,137800000,1
1500284040000,1500284099000,112.551,112.551,112.533,112.543,165100000,1
1500284100000,1500284159000,112.543,112.543,112.526,112.526,104740000,1
1500284160000,1500284219000,112.526,112.539,112.521,112.538,161670000,1
1500284220000,1500284279000,112.538,112.546,112.534,112.541,90620000,1
1500284280000,1500284339000,112.542,112.546,112.534,112.534,121030000,1
1500284340000,1500284399000,112.533,112.544,112.53,112.541,76190000,1
1500284400000,1500284459000,112.541,112.544,112.539,112.542,73090000,1
1500284460000,1500284519000,112.541,112.541,112.532,112.532,92110000,1
1500284520000,1500284579000,112.532,112.538,112.529,112.534,82140000,1
1500284580000,1500284639000,112.535,112.541,112.534,112.535,84940000,1
1500284640000,1500284699000,112.535,112.546,112.534,112.541,31730000,1
1500284700000,1500284759000,112.54,112.546,112.538,112.539,78300000,1
1500284760000,1500284819000,112.539,112.547,112.533,112.534,76250000,1
1500284820000,1500284879000,112.533,112.534,112.513,112.516,67340000,1
1500284880000,1500284939000,112.516,112.516,112.501,112.508,111510000,1
1500284940000,1500284999000,112.509,112.515,112.498,112.5,111500000,1
1500285000000,1500285059000,112.502,112.506,112.493,112.5,96320000,1
1500285060000,1500285119000,112.502,112.512,112.494,112.498,104600000,1
1500285120000,1500285179000,112.499,112.515,112.499,112.503,111300000,1
1500285180000,1500285239000,112.503,112.504,112.496,112.496,69340000,1
1500285240000,1500285299000,112.496,112.496,112.484,112.488,94920000,1
1500285300000,1500285359000,112.489,112.495,112.489,112.495,71520000,1
1500285360000,1500285419000,112.493,112.498,112.483,112.488,84990000,1
1500285420000,1500285479000,112.488,112.492,112.48,112.48,77130000,1
1500285480000,1500285539000,112.48,112.482,112.474,112.479,174780000,1
1500285540000,1500285599000,112.477,112.478,112.463,112.463,123920000,1
1500285600000,1500285659000,112.464,112.477,112.462,112.47,133030000,1
1500285660000,1500285719000,112.469,112.469,112.452,112.458,113790000,1
1500285720000,1500285779000,112.458,112.471,112.457,112.464,179760000,1
1500285780000,1500285839000,112.466,112.471,112.457,112.458,61350000,1
1500285840000,1500285899000,112.461,112.467,112.458,112.465,81590000,1
1500285900000,1500285959000,112.465,112.465,112.445,112.445,151390000,1
1500285960000,1500286019000,112.445,112.459,112.444,112.444,97460000,1
1500286020000,1500286079000,112.445,112.447,112.426,112.433,123360000,1
1500286080000,1500286139000,112.438,112.439,112.434,112.436,108430000,1
1500286140000,1500286199000,112.436,112.442,112.423,112.428,159500000,1
1500286200000,1500286259000,112.428,112.43,112.422,112.427,112120000,1
1500286260000,1500286319000,112.424,112.441,112.423,112.439,139160000,1
1500286320000,1500286379000,112.439,112.441,112.429,112.431,91030000,1
1500286380000,1500286439000,112.431,112.435,112.423,112.425,106130000,1
1500286440000,1500286499000,112.427,112.443,112.427,112.442,70730000,1
1500286500000,1500286559000,112.443,112.476,112.443,112.463,178460000,1
1500286560000,1500286619000,112.464,112.475,112.463,112.469,146890000,1
1500286620000,1500286679000,112.468,112.468,112.457,112.468,100560000,1
1500286680000,1500286739000,112.467,112.48,112.463,112.479,83480000,1
1500286740000,1500286799000,112.479,112.48,112.471,112.474,36610000,1
1500286800000,1500286859000,112.474,112.474,112.468,112.468,53540000,1
1500286860000,1500286919000,112.468,112.471,112.46,112.465,95980000,1
1500286920000,1500286979000,112.465,112.474,112.461,112.474,83370000,1
1500286980000,1500287039000,112.472,112.473,112.46,112.461,101860000,1
1500287040000,1500287099000,112.462,112.467,112.462,112.465,32370000,1
1500287100000,1500287159000,112.464,112.465,112.46,112.46,43690000,1
1500287160000,1500287219000,112.459,112.461,112.449,112.461,56760000,1
1500287220000,1500287279000,112.461,112.462,112.449,112.45,50360000,1
1500287280000,1500287339000,112.45,112.453,112.44,112.444,82200000,1
1500287340000,1500287399000,112.445,112.455,112.445,112.45,35490000,1
1500287400000,1500287459000,112.45,112.462,112.449,112.459,90250000,1
1500287460000,1500287519000,112.459,112.459,112.427,112.432,112870000,1
1500287520000,1500287579000,112.433,112.438,112.421,112.428,148760000,1
1500287580000,1500287639000,112.428,112.433,112.416,112.416,138010000,1
1500287640000,1500287699000,112.416,112.442,112.416,112.441,62470000,1
1500287700000,1500287759000,112.442,112.447,112.441,112.442,99570000,1
1500287760000,1500287819000,112.442,112.447,112.442,112.442,64530000,1
1500287820000,1500287879000,112.442,112.442,112.435,112.44,56720000,1
1500287880000,1500287939000,112.44,112.443,112.42,112.425,303310000,1
1500287940000,1500287999000,112.426,112.427,112.414,112.416,99730000,1
1500288000000,1500288059000,112.415,112.421,112.406,112.413,72800000,1
1500288060000,1500288119000,112.415,112.431,112.415,112.429,75510000,1
1500288120000,1500288179000,112.429,112.439,112.429,112.429,52330000,1
1500288180000,1500288239000,112.429,112.429,112.414,112.424,83480000,1
1500288240000,1500288299000,112.426,112.427,112.42,112.427,70020000,1
1500288300000,1500288359000,112.426,112.433,112.411,112.411,143620000,1
1500288360000,1500288419000,112.41,112.42,112.403,112.42,112870000,1
1500288420000,1500288479000,112.42,112.425,112.417,112.42,102430000,1
1500288480000,1500288539000,112.42,112.424,112.419,112.424,72940000,1
1500288540000,1500288599000,112.427,112.445,112.427,112.436,97890000,1
1500288600000,1500288659000,112.437,112.445,112.435,112.442,67760000,1
1500288660000,1500288719000,112.441,112.443,112.435,112.441,105450000,1
1500288720000,1500288779000,112.44,112.451,112.44,112.448,104240000,1
1500288780000,1500288839000,112.447,112.463,112.447,112.46,76530000,1
1500288840000,1500288899000,112.46,112.466,112.46,112.461,96400000,1
1500288900000,1500288959000,112.459,112.467,112.459,112.46,54350000,1
1500288960000,1500289019000,112.459,112.459,112.438,112.441,120480000,1
1500289020000,1500289079000,112.441,112.46,112.44,112.451,96500000,1
1500289080000,1500289139000,112.452,112.471,112.452,112.471,94390000,1
1500289140000,1500289199000,112.471,112.483,112.468,112.479,137180000,1
1500289200000,1500289259000,112.479,112.485,112.469,112.485,124700000,1
1500289260000,1500289319000,112.485,112.493,112.484,112.486,49840000,1
1500289320000,1500289379000,112.486,112.487,112.476,112.487,111760000,1
1500289380000,1500289439000,112.487,112.494,112.482,112.485,75160000,1
1500289440000,1500289499000,112.485,112.485,112.473,112.475,94940000,1
1500289500000,1500289559000,112.474,112.476,112.471,112.475,29110000,1
1500289560000,1500289619000,112.475,112.505,112.475,112.497,120010000,1
1500289620000,1500289679000,112.496,112.496,112.483,112.485,120970000,1
1500289680000,1500289739000,112.485,112.504,112.482,112.502,145630000,1
1500289740000,1500289799000,112.502,112.502,112.495,112.495,77280000,1
1500289800000,1500289859000,112.494,112.498,112.492,112.495,69790000,1
1500289860000,1500289919000,112.495,112.502,112.48,112.48,107160000,1
1500289920000,1500289979000,112.48,112.481,112.464,112.466,105440000,1
1500289980000,1500290039000,112.466,112.47,112.457,112.47,87390000,1
1500290040000,1500290099000,112.471,112.476,112.454,112.475,172220000,1
1500290100000,1500290159000,112.475,112.487,112.466,112.48,92680000,1
1500290160000,1500290219000,112.48,112.48,112.461,112.466,156920000,1
1500290220000,1500290279000,112.466,112.47,112.455,112.458,104210000,1
1500290280000,1500290339000,112.463,112.474,112.462,112.471,34840000,1
1500290340000,1500290399000,112.473,112.476,112.468,112.468,59090000,1
1500290400000,1500290459000,112.466,112.487,112.463,112.481,121050000,1
1500290460000,1500290519000,112.481,112.486,112.467,112.486,131140000,1
1500290520000,1500290579000,112.485,112.485,112.482,112.483,39230000,1
1500290580000,1500290639000,112.483,112.483,112.476,112.476,91450000,1
1500290640000,1500290699000,112.476,112.476,112.444,112.445,86380000,1
1500290700000,1500290759000,112.444,112.455,112.434,112.434,109290000,1
1500290760000,1500290819000,112.433,112.433,112.42,112.429,77220000,1
1500290820000,1500290879000,112.43,112.453,112.43,112.448,62270000,1
1500290880000,1500290939000,112.448,112.448,112.442,112.448,60690000,1
1500290940000,1500290999000,112.448,112.453,112.447,112.453,88410000,1
1500291000000,1500291059000,112.451,112.454,112.445,112.454,68830000,1
1500291060000,1500291119000,112.454,112.475,112.445,112.475,77440000,1
1500291120000,1500291179000,112.475,112.482,112.469,112.476,102230000,1
1500291180000,1500291239000,112.476,112.481,112.471,112.473,103410000,1
1500291240000,1500291299000,112.473,112.473,112.448,112.453,164250000,1
1500291300000,1500291359000,112.453,112.46,112.442,112.445,111450000,1
1500291360000,1500291419000,112.445,112.449,112.441,112.441,142260000,1
1500291420000,1500291479000,112.441,112.448,112.439,112.446,104120000,1
1500291480000,1500291539000,112.446,112.456,112.433,112.433,147860000,1
1500291540000,1500291599000,112.434,112.437,112.395,112.4,183550000,1
1500291600000,1500291659000,112.401,112.403,112.36,112.366,185180000,1
1500291660000,1500291719000,112.367,112.374,112.364,112.369,65810000,1
1500291720000,1500291779000,112.369,112.373,112.361,112.367,81660000,1
1500291780000,1500291839000,112.364,112.373,112.36,112.365,114120000,1
1500291840000,1500291899000,112.365,112.366,112.357,112.358,150610000,1
1500291900000,1500291959000,112.358,112.365,112.353,112.356,88560000,1
1500291960000,1500292019000,112.357,112.364,112.354,112.359,42900000,1
1500292020000,1500292079000,112.358,112.358,112.346,112.351,90700000,1
1500292080000,1500292139000,112.352,112.374,112.352,112.374,101800000,1
1500292140000,1500292199000,112.374,112.374,112.359,112.367,117510000,1
1500292200000,1500292259000,112.368,112.385,112.367,112.384,112450000,1
1500292260000,1500292319000,112.384,112.388,112.378,112.387,110470000,1
1500292320000,1500292379000,112.387,112.392,112.385,112.391,112610000,1
1500292380000,1500292439000,112.39,112.397,112.388,112.397,67150000,1
1500292440000,1500292499000,112.397,112.398,112.386,112.391,103610000,1
1500292500000,1500292559000,112.392,112.393,112.386,112.391,77080000,1
1500292560000,1500292619000,112.392,112.4,112.386,112.398,95800000,1
1500292620000,1500292679000,112.397,112.412,112.394,112.406,152950000,1
1500292680000,1500292739000,112.41,112.415,112.405,112.407,88540000,1
1500292740000,1500292799000,112.408,112.412,112.404,112.412,133330000,1
1500292800000,1500292859000,112.411,112.417,112.401,112.405,148110000,1
1500292860000,1500292919000,112.405,112.418,112.405,112.415,202350000,1
1500292920000,1500292979000,112.415,112.428,112.385,112.385,235150000,1
1500292980000,1500293039000,112.385,112.388,112.375,112.385,77270000,1
1500293040000,1500293099000,112.385,112.407,112.384,112.406,104120000,1
1500293100000,1500293159000,112.405,112.417,112.405,112.413,107530000,1
1500293160000,1500293219000,112.411,112.432,112.41,112.429,120870000,1
1500293220000,1500293279000,112.429,112.445,112.427,112.428,134200000,1
1500293280000,1500293339000,112.43,112.433,112.408,112.412,140360000,1
1500293340000,1500293399000,112.415,112.415,112.407,112.414,43470000,1
1500293400000,1500293459000,112.414,112.42,112.403,112.41,57250000,1
1500293460000,1500293519000,112.409,112.409,112.397,112.409,75270000,1
1500293520000,1500293579000,112.408,112.408,112.404,112.407,88170000,1
1500293580000,1500293639000,112.409,112.416,112.409,112.415,120420000,1
1500293640000,1500293699000,112.415,112.416,112.409,112.415,52100000,1
1500293700000,1500293759000,112.416,112.427,112.416,112.421,140420000,1
1500293760000,1500293819000,112.421,112.421,112.417,112.42,41480000,1
1500293820000,1500293879000,112.421,112.425,112.416,112.421,89010000,1
1500293880000,1500293939000,112.421,112.422,112.414,112.416,94650000,1
1500293940000,1500293999000,112.417,112.42,112.399,112.405,127520000,1
1500294000000,1500294059000,112.407,112.407,112.385,112.397,116830000,1
1500294060000,1500294119000,112.398,112.401,112.386,112.386,228440000,1
1500294120000,1500294179000,112.387,112.39,112.378,112.385,122970000,1
1500294180000,1500294239000,112.385,112.396,112.385,112.396,52820000,1
1500294240000,1500294299000,112.397,112.398,112.385,112.388,75580000,1
1500294300000,1500294359000,112.39,112.398,112.382,112.396,167850000,1
1500294360000,1500294419000,112.396,112.407,112.396,112.402,69570000,1
1500294420000,1500294479000,112.403,112.409,112.401,112.403,41380000,1
1500294480000,1500294539000,112.402,112.402,112.383,112.383,72010000,1
1500294540000,1500294599000,112.383,112.392,112.381,112.391,116220000,1
1500294600000,1500294659000,112.39,112.39,112.35,112.377,268600000,1
1500294660000,1500294719000,112.376,112.377,112.35,112.35,171460000,1
1500294720000,1500294779000,112.35,112.391,112.349,112.385,279820000,1
1500294780000,1500294839000,112.384,112.391,112.368,112.386,164550000,1
1500294840000,1500294899000,112.389,112.391,112.366,112.378,120220000,1
1500294900000,1500294959000,112.378,112.391,112.376,112.383,197030000,1
1500294960000,1500295019000,112.383,112.419,112.383,112.419,116940000,1
1500295020000,1500295079000,112.421,112.428,112.407,112.425,195240000,1
1500295080000,1500295139000,112.425,112.437,112.422,112.43,184600000,1
1500295140000,1500295199000,112.43,112.432,112.419,112.419,90290000,1
1500295200000,1500295259000,112.42,112.428,112.415,112.428,105760000,1
1500295260000,1500295319000,112.432,112.434,112.423,112.433,106180000,1
1500295320000,1500295379000,112.433,112.445,112.427,112.439,116450000,1
1500295380000,1500295439000,112.437,112.467,112.435,112.464,113730000,1
1500295440000,1500295499000,112.466,112.469,112.458,112.468,152350000,1
1500295500000,1500295559000,112.469,112.495,112.466,112.474,176390000,1
1500295560000,1500295619000,112.477,112.48,112.47,112.472,149400000,1
1500295620000,1500295679000,112.473,112.506,112.467,112.487,160790000,1
1500295680000,1500295739000,112.488,112.492,112.481,112.487,83180000,1
1500295740000,1500295799000,112.488,112.501,112.487,112.49,146430000,1
1500295800000,1500295859000,112.487,112.498,112.483,112.488,165150000,1
1500295860000,1500295919000,112.488,112.488,112.466,112.466,117220000,1
1500295920000,1500295979000,112.466,112.467,112.452,112.453,174360000,1
1500295980000,1500296039000,112.454,112.454,112.446,112.447,96260000,1
1500296040000,1500296099000,112.451,112.454,112.446,112.453,89960000,1
1500296100000,1500296159000,112.455,112.474,112.455,112.474,89020000,1
1500296160000,1500296219000,112.474,112.474,112.45,112.456,196210000,1
1500296220000,1500296279000,112.455,112.475,112.455,112.468,204710000,1
1500296280000,1500296339000,112.468,112.478,112.46,112.46,129130000,1
1500296340000,1500296399000,112.459,112.463,112.454,112.459,92710000,1
1500296400000,1500296459000,112.453,112.461,112.448,112.461,206590000,1
1500296460000,1500296519000,112.464,112.48,112.463,112.473,184010000,1
1500296520000,1500296579000,112.47,112.48,112.461,112.463,144820000,1
1500296580000,1500296639000,112.462,112.469,112.461,112.468,105410000,1
1500296640000,1500296699000,112.469,112.488,112.46,112.483,125130000,1
1500296700000,1500296759000,112.483,112.493,112.473,112.473,147860000,1
1500296760000,1500296819000,112.474,112.481,112.446,112.468,139310000,1
1500296820000,1500296879000,112.469,112.473,112.462,112.47,144650000,1
1500296880000,1500296939000,112.47,112.48,112.463,112.471,187680000,1
1500296940000,1500296999000,112.47,112.478,112.463,112.466,203910000,1
1500297000000,1500297059000,112.466,112.473,112.45,112.451,165050000,1
1500297060000,1500297119000,112.452,112.46,112.45,112.458,249960000,1
1500297120000,1500297179000,112.459,112.459,112.448,112.451,228670000,1
1500297180000,1500297239000,112.45,112.453,112.447,112.449,201630000,1
1500297240000,1500297299000,112.448,112.46,112.448,112.459,213790000,1
1500297300000,1500297359000,112.46,112.462,112.436,112.441,172270000,1
1500297360000,1500297419000,112.442,112.452,112.437,112.439,113170000,1
1500297420000,1500297479000,112.439,112.455,112.435,112.452,131180000,1
1500297480000,1500297539000,112.452,112.452,112.446,112.447,121930000,1
1500297540000,1500297599000,112.446,112.449,112.431,112.443,159730000,1
1500297600000,1500297659000,112.442,112.452,112.431,112.442,118410000,1
1500297660000,1500297719000,112.444,112.468,112.43,112.449,205620000,1
1500297720000,1500297779000,112.451,112.476,112.451,112.468,157080000,1
1500297780000,1500297839000,112.466,112.466,112.448,112.449,154180000,1
1500297840000,1500297899000,112.448,112.469,112.448,112.463,116220000,1
1500297900000,1500297959000,112.463,112.463,112.445,112.453,183110000,1
1500297960000,1500298019000,112.453,112.455,112.452,112.455,41010000,1
1500298020000,1500298079000,112.455,112.458,112.447,112.448,108090000,1
1500298080000,1500298139000,112.448,112.461,112.442,112.455,196810000,1
1500298140000,1500298199000,112.454,112.465,112.443,112.451,195200000,1
1500298200000,1500298259000,112.45,112.455,112.43,112.432,249860000,1
1500298260000,1500298319000,112.431,112.451,112.431,112.432,145160000,1
1500298320000,1500298379000,112.43,112.452,112.429,112.443,255740000,1
1500298380000,1500298439000,112.443,112.452,112.428,112.439,269290000,1
1500298440000,1500298499000,112.44,112.455,112.428,112.445,309180000,1
1500298500000,1500298559000,112.445,112.452,112.432,112.433,188830000,1
1500298560000,1500298619000,112.431,112.446,112.429,112.432,289450000,1
1500298620000,1500298679000,112.43,112.451,112.429,112.429,284760000,1
1500298680000,1500298739000,112.43,112.452,112.429,112.442,270750000,1
1500298740000,1500298799000,112.442,112.469,112.438,112.461,267490000,1
1500298800000,1500298859000,112.461,112.472,112.453,112.46,185630000,1
1500298860000,1500298919000,112.459,112.46,112.432,112.441,186250000,1
1500298920000,1500298979000,112.439,112.441,112.431,112.432,91790000,1
1500298980000,1500299039000,112.432,112.434,112.403,112.403,162920000,1
1500299040000,1500299099000,112.404,112.407,112.394,112.403,169750000,1
1500299100000,1500299159000,112.403,112.43,112.402,112.41,270390000,1
1500299160000,1500299219000,112.411,112.43,112.41,112.415,116390000,1
1500299220000,1500299279000,112.416,112.424,112.407,112.411,142750000,1
1500299280000,1500299339000,112.411,112.423,112.408,112.423,124400000,1
1500299340000,1500299399000,112.421,112.421,112.41,112.42,73300000,1
1500299400000,1500299459000,112.419,112.422,112.409,112.419,139190000,1
1500299460000,1500299519000,112.42,112.42,112.405,112.409,128150000,1
1500299520000,1500299579000,112.408,112.413,112.399,112.402,101590000,1
1500299580000,1500299639000,112.402,112.41,112.358,112.358,161530000,1
1500299640000,1500299699000,112.357,112.357,112.328,112.339,164510000,1
1500299700000,1500299759000,112.338,112.37,112.338,112.366,131070000,1
1500299760000,1500299819000,112.366,112.397,112.366,112.388,205510000,1
1500299820000,1500299879000,112.383,112.384,112.377,112.378,123400000,1
1500299880000,1500299939000,112.377,112.384,112.377,112.382,173840000,1
1500299940000,1500299999000,112.38,112.38,112.37,112.375,101710000,1
1500300000000,1500300059000,112.375,112.388,112.348,112.37,224880000,1
1500300060000,1500300119000,112.368,112.383,112.366,112.374,151730000,1
1500300120000,1500300179000,112.374,112.383,112.366,112.382,149150000,1
1500300180000,1500300239000,112.381,112.391,112.378,112.387,188340000,1
1500300240000,1500300299000,112.386,112.422,112.384,112.422,178310000,1
1500300300000,1500300359000,112.42,112.448,112.416,112.443,154420000,1
1500300360000,1500300419000,112.443,112.446,112.424,112.426,174710000,1
1500300420000,1500300479000,112.429,112.434,112.418,112.426,87720000,1
1500300480000,1500300539000,112.425,112.444,112.418,112.43,163290000,1
1500300540000,1500300599000,112.431,112.447,112.425,112.446,184320000,1
1500300600000,1500300659000,112.444,112.449,112.438,112.449,94540000,1
1500300660000,1500300719000,112.45,112.452,112.425,112.436,153390000,1
1500300720000,1500300779000,112.436,112.436,112.425,112.427,104980000,1
1500300780000,1500300839000,112.429,112.444,112.426,112.439,146540000,1
1500300840000,1500300899000,112.439,112.439,112.401,112.414,181020000,1
1500300900000,1500300959000,112.411,112.424,112.406,112.417,218450000,1
1500300960000,1500301019000,112.417,112.429,112.41,112.419,199610000,1
1500301020000,1500301079000,112.42,112.425,112.415,112.417,173020000,1
1500301080000,1500301139000,112.418,112.429,112.417,112.428,86950000,1
1500301140000,1500301199000,112.428,112.43,112.407,112.416,137660000,1
1500301200000,1500301259000,112.414,112.419,112.386,112.396,243710000,1
1500301260000,1500301319000,112.396,112.4,112.386,112.396,103330000,1
1500301320000,1500301379000,112.396,112.403,112.384,112.391,132210000,1
1500301380000,1500301439000,112.394,112.404,112.391,112.401,83190000,1
1500301440000,1500301499000,112.403,112.424,112.403,112.419,116500000,1
1500301500000,1500301559000,112.422,112.422,112.402,112.407,186780000,1
1500301560000,1500301619000,112.406,112.421,112.403,112.417,153850000,1
1500301620000,1500301679000,112.416,112.455,112.412,112.446,215140000,1
1500301680000,1500301739000,112.446,112.46,112.446,112.457,202610000,1
1500301740000,1500301799000,112.459,112.46,112.449,112.458,178380000,1
1500301800000,1500301859000,112.459,112.479,112.453,112.474,206640000,1
1500301860000,1500301919000,112.474,112.514,112.468,112.497,379860000,1
1500301920000,1500301979000,112.498,112.513,112.472,112.472,199110000,1
1500301980000,1500302039000,112.471,112.486,112.465,112.483,161950000,1
1500302040000,1500302099000,112.479,112.479,112.465,112.466,96290000,1
1500302100000,1500302159000,112.465,112.466,112.442,112.461,175500000,1
1500302160000,1500302219000,112.458,112.477,112.455,112.467,169020000,1
1500302220000,1500302279000,112.467,112.467,112.442,112.446,200350000,1
1500302280000,1500302339000,112.446,112.456,112.442,112.456,100170000,1
1500302340000,1500302399000,112.455,112.472,112.455,112.466,191350000,1
1500302400000,1500302459000,112.468,112.496,112.465,112.491,155490000,1
1500302460000,1500302519000,112.492,112.51,112.486,112.508,182120000,1
1500302520000,1500302579000,112.508,112.567,112.504,112.561,268690000,1
1500302580000,1500302639000,112.563,112.589,112.563,112.576,219930000,1
1500302640000,1500302699000,112.577,112.628,112.577,112.624,285500000,1
1500302700000,1500302759000,112.625,112.633,112.617,112.63,281970000,1
1500302760000,1500302819000,112.632,112.659,112.624,112.659,297940000,1
1500302820000,1500302879000,112.658,112.686,112.65,112.677,290080000,1
1500302880000,1500302939000,112.677,112.698,112.676,112.693,302090000,1
1500302940000,1500302999000,112.693,112.693,112.674,112.684,186940000,1
1500303000000,1500303059000,112.686,112.689,112.675,112.685,164280000,1
1500303060000,1500303119000,112.684,112.687,112.671,112.687,186780000,1
1500303120000,1500303179000,112.686,112.834,112.686,112.804,400540000,1
1500303180000,1500303239000,112.803,112.812,112.771,112.776,354040000,1
1500303240000,1500303299000,112.774,112.799,112.765,112.799,262970000,1
1500303300000,1500303359000,112.798,112.826,112.784,112.791,284590000,1
1500303360000,1500303419000,112.791,112.811,112.786,112.797,222780000,1
1500303420000,1500303479000,112.797,112.867,112.797,112.841,374380000,1
1500303480000,1500303539000,112.84,112.841,112.795,112.805,286300000,1
1500303540000,1500303599000,112.806,112.81,112.796,112.804,257870000,1
1500303600000,1500303659000,112.804,112.807,112.764,112.791,351810000,1
1500303660000,1500303719000,112.789,112.824,112.786,112.82,257600000,1
1500303720000,1500303779000,112.825,112.854,112.807,112.834,345910000,1
1500303780000,1500303839000,112.833,112.851,112.819,112.82,208550000,1
1500303840000,1500303899000,112.822,112.846,112.813,112.813,210950000,1
1500303900000,1500303959000,112.813,112.834,112.81,112.827,232550000,1
1500303960000,1500304019000,112.827,112.841,112.814,112.82,201440000,1
1500304020000,1500304079000,112.819,112.82,112.803,112.815,105000000,1
1500304080000,1500304139000,112.814,112.82,112.803,112.805,121180000,1
1500304140000,1500304199000,112.807,112.808,112.791,112.795,111610000,1
1500304200000,1500304259000,112.794,112.795,112.779,112.794,155140000,1
1500304260000,1500304319000,112.794,112.8,112.782,112.8,122350000,1
1500304320000,1500304379000,112.802,112.807,112.785,112.788,252970000,1
1500304380000,1500304439000,112.79,112.794,112.783,112.789,197970000,1
1500304440000,1500304499000,112.79,112.798,112.784,112.788,179090000,1
1500304500000,1500304559000,112.789,112.789,112.761,112.765,118010000,1
1500304560000,1500304619000,112.765,112.768,112.755,112.757,111070000,1
1500304620000,1500304679000,112.757,112.759,112.75,112.755,143050000,1
1500304680000,1500304739000,112.756,112.771,112.756,112.762,131940000,1
1500304740000,1500304799000,112.762,112.763,112.752,112.758,80970000,1
1500304800000,1500304859000,112.759,112.763,112.751,112.753,93310000,1
1500304860000,1500304919000,112.753,112.764,112.752,112.764,120160000,1
1500304920000,1500304979000,112.764,112.769,112.752,112.764,47410000,1
1500304980000,1500305039000,112.764,112.773,112.758,112.764,72260000,1
1500305040000,1500305099000,112.764,112.786,112.764,112.784,57740000,1
1500305100000,1500305159000,112.784,112.79,112.779,112.779,59920000,1
1500305160000,1500305219000,112.777,112.778,112.758,112.763,93090000,1
1500305220000,1500305279000,112.763,112.764,112.746,112.749,110910000,1
1500305280000,1500305339000,112.75,112.762,112.75,112.755,142150000,1
1500305340000,1500305399000,112.757,112.769,112.754,112.757,177420000,1
1500305400000,1500305459000,112.757,112.757,112.746,112.753,100990000,1
1500305460000,1500305519000,112.754,112.764,112.742,112.747,104060000,1
1500305520000,1500305579000,112.746,112.753,112.741,112.753,126990000,1
1500305580000,1500305639000,112.752,112.762,112.75,112.762,81130000,1
1500305640000,1500305699000,112.761,112.765,112.75,112.753,115050000,1
1500305700000,1500305759000,112.753,112.763,112.734,112.762,160130000,1
1500305760000,1500305819000,112.761,112.761,112.746,112.755,122080000,1
1500305820000,1500305879000,112.756,112.756,112.748,112.751,107980000,1
1500305880000,1500305939000,112.752,112.756,112.748,112.75,108890000,1
1500305940000,1500305999000,112.749,112.763,112.745,112.752,140090000,1
1500306000000,1500306059000,112.752,112.754,112.739,112.739,117290000,1
1500306060000,1500306119000,112.738,112.751,112.733,112.75,98720000,1
1500306120000,1500306179000,112.751,112.754,112.745,112.754,75960000,1
1500306180000,1500306239000,112.754,112.76,112.75,112.751,79450000,1
1500306240000,1500306299000,112.749,112.752,112.742,112.746,81170000,1
1500306300000,1500306359000,112.745,112.746,112.733,112.746,105900000,1
1500306360000,1500306419000,112.747,112.747,112.737,112.744,75870000,1
1500306420000,1500306479000,112.743,112.759,112.743,112.751,62410000,1
1500306480000,1500306539000,112.749,112.755,112.742,112.743,94680000,1
1500306540000,1500306599000,112.745,112.753,112.742,112.749,182590000,1
1500306600000,1500306659000,112.749,112.753,112.741,112.753,194660000,1
1500306660000,1500306719000,112.753,112.759,112.744,112.749,93200000,1
1500306720000,1500306779000,112.748,112.752,112.742,112.751,633980000,1
1500306780000,1500306839000,112.751,112.752,112.748,112.752,64230000,1
1500306840000,1500306899000,112.751,112.751,112.742,112.743,435170000,1
1500306900000,1500306959000,112.745,112.749,112.74,112.747,30590000,1
1500306960000,1500307019000,112.746,112.752,112.746,112.752,13000000,1
1500307020000,1500307079000,112.751,112.754,112.751,112.754,13320000,1
1500307080000,1500307139000,112.751,112.767,112.75,112.766,35720000,1
1500307140000,1500307199000,112.766,112.766,112.759,112.761,63180000,1
1500307200000,1500307259000,112.758,112.758,112.751,112.752,37590000,1
1500307260000,1500307319000,112.751,112.751,112.744,112.744,55440000,1
1500307320000,1500307379000,112.745,112.755,112.743,112.749,51000000,1
1500307380000,1500307439000,112.75,112.756,112.749,112.753,50410000,1
1500307440000,1500307499000,112.755,112.762,112.752,112.752,57020000,1
1500307500000,1500307559000,112.754,112.762,112.754,112.758,41570000,1
1500307560000,1500307619000,112.759,112.763,112.757,112.762,64780000,1
1500307620000,1500307679000,112.762,112.763,112.762,112.762,28450000,1
1500307680000,1500307739000,112.762,112.764,112.759,112.759,32670000,1
1500307740000,1500307799000,112.758,112.759,112.756,112.757,383680000,1
1500307800000,1500307859000,112.76,112.762,112.748,112.748,382900000,1
1500307860000,1500307919000,112.749,112.749,112.746,112.748,1659700000,1
1500307920000,1500307979000,112.749,112.749,112.742,112.743,40210000,1
1500307980000,1500308039000,112.743,112.749,112.743,112.743,89600000,1
1500308040000,1500308099000,112.743,112.749,112.742,112.742,128080000,1
1500308100000,1500308159000,112.741,112.742,112.737,112.742,87400000,1
1500308160000,1500308219000,112.743,112.743,112.736,112.737,62220000,1
1500308220000,1500308279000,112.738,112.743,112.737,112.738,53970000,1
1500308280000,1500308339000,112.738,112.738,112.737,112.737,32760000,1
1500308340000,1500308399000,112.737,112.743,112.736,112.742,36230000,1
1500308400000,1500308459000,112.743,112.747,112.737,112.737,132730000,1
1500308460000,1500308519000,112.737,112.737,112.736,112.736,20620000,1
1500308520000,1500308579000,112.736,112.742,112.736,112.736,78960000,1
1500308580000,1500308639000,112.734,112.735,112.731,112.733,18560000,1
1500308640000,1500308699000,112.733,112.743,112.733,112.743,61740000,1
1500308700000,1500308759000,112.742,112.742,112.742,112.742,55680000,1
1500308760000,1500308819000,112.742,112.742,112.736,112.736,95040000,1
1500308820000,1500308879000,112.736,112.737,112.736,112.737,111560000,1
1500308880000,1500308939000,112.737,112.739,112.736,112.737,48420000,1
1500308940000,1500308999000,112.737,112.75,112.737,112.75,34250000,1
1500309000000,1500309059000,112.749,112.755,112.747,112.752,42680000,1
1500309060000,1500309119000,112.752,112.752,112.742,112.742,139510000,1
1500309180000,1500309239000,112.738,112.741,112.723,112.723,75890000,1
1500309240000,1500309299000,112.727,112.73,112.724,112.725,68540000,1
1500309300000,1500309359000,112.724,112.724,112.719,112.719,69800000,1
1500309360000,1500309419000,112.721,112.723,112.72,112.721,87640000,1
1500309420000,1500309479000,112.721,112.73,112.721,112.73,67580000,1
1500309480000,1500309539000,112.73,112.733,112.73,112.731,14030000,1
1500309540000,1500309599000,112.73,112.732,112.73,112.73,28240000,1
1500309600000,1500309659000,112.73,112.731,112.72,112.72,41060000,1
1500309660000,1500309719000,112.72,112.723,112.718,112.72,53300000,1
1500309720000,1500309779000,112.719,112.724,112.719,112.724,21120000,1
1500309780000,1500309839000,112.725,112.725,112.72,112.723,87510000,1
1500309840000,1500309899000,112.723,112.723,112.72,112.72,64130000,1
1500309900000,1500309959000,112.723,112.724,112.72,112.723,45700000,1
1500309960000,1500310019000,112.724,112.724,112.712,112.713,98480000,1
1500310020000,1500310079000,112.713,112.716,112.713,112.714,69110000,1
1500310080000,1500310139000,112.716,112.719,112.713,112.714,18120000,1
1500310140000,1500310199000,112.714,112.724,112.714,112.722,91800000,1
1500310200000,1500310259000,112.721,112.724,112.71,112.71,84610000,1
1500310260000,1500310319000,112.709,112.709,112.663,112.677,462730000,1
1500310320000,1500310379000,112.677,112.69,112.677,112.68,87520000,1
1500310380000,1500310439000,112.681,112.716,112.678,112.716,68620000,1
1500310440000,1500310499000,112.714,112.715,112.7,112.7,45210000,1
1500310500000,1500310559000,112.703,112.727,112.703,112.725,114690000,1
1500310560000,1500310619000,112.726,112.726,112.716,112.716,48740000,1
1500310620000,1500310679000,112.717,112.731,112.713,112.713,100340000,1
1500310680000,1500310739000,112.715,112.72,112.713,112.719,72130000,1
1500310740000,1500310799000,112.723,112.725,112.723,112.723,39050000,1
1500310800000,1500310859000,112.723,112.729,112.723,112.725,41800000,1
1500310860000,1500310919000,112.725,112.729,112.723,112.724,66800000,1
1500310920000,1500310979000,112.724,112.729,112.724,112.727,42850000,1
1500310980000,1500311039000,112.727,112.727,112.713,112.713,47700000,1
1500311040000,1500311099000,112.712,112.716,112.71,112.71,189270000,1
1500311100000,1500311159000,112.707,112.712,112.702,112.71,93630000,1
1500311160000,1500311219000,112.71,112.712,112.705,112.705,48940000,1
1500311220000,1500311279000,112.705,112.712,112.705,112.712,23970000,1
1500311280000,1500311339000,112.71,112.71,112.701,112.701,770440000,1
1500311340000,1500311399000,112.7,112.7,112.693,112.693,21120000,1
1500311400000,1500311459000,112.693,112.698,112.692,112.695,257750000,1
1500311460000,1500311519000,112.695,112.698,112.693,112.698,176850000,1
1500311520000,1500311579000,112.698,112.705,112.694,112.704,117280000,1
1500311580000,1500311639000,112.703,112.704,112.693,112.698,118150000,1
1500311640000,1500311699000,112.698,112.698,112.692,112.693,67620000,1
1500311700000,1500311759000,112.695,112.701,112.692,112.692,46900000,1
1500311760000,1500311819000,112.692,112.692,112.675,112.685,119480000,1
1500311820000,1500311879000,112.685,112.685,112.674,112.675,81560000,1
1500311880000,1500311939000,112.676,112.682,112.673,112.673,52530000,1
1500311940000,1500311999000,112.673,112.673,112.662,112.662,75510000,1
1500312000000,1500312059000,112.663,112.668,112.662,112.662,75910000,1
1500312060000,1500312119000,112.66,112.663,112.659,112.663,35920000,1
1500312120000,1500312179000,112.665,112.668,112.661,112.662,39790000,1
1500312180000,1500312239000,112.663,112.663,112.652,112.656,57840000,1
1500312240000,1500312299000,112.655,112.662,112.65,112.65,80360000,1
1500312300000,1500312359000,112.653,112.654,112.65,112.654,37590000,1
1500312360000,1500312419000,112.653,112.659,112.651,112.658,85640000,1
1500312420000,1500312479000,112.66,112.661,112.655,112.658,72420000,1
1500312480000,1500312539000,112.657,112.67,112.657,112.663,110640000,1
1500312540000,1500312599000,112.662,112.666,112.662,112.663,38490000,1
1500312600000,1500312659000,112.662,112.665,112.657,112.657,39720000,1
1500312660000,1500312719000,112.658,112.661,112.656,112.659,56490000,1
1500312720000,1500312779000,112.66,112.668,112.658,112.668,64050000,1
1500312780000,1500312839000,112.667,112.668,112.663,112.663,33120000,1
1500312840000,1500312899000,112.662,112.663,112.657,112.663,67250000,1
1500312900000,1500312959000,112.663,112.667,112.659,112.662,54370000,1
1500312960000,1500313019000,112.662,112.662,112.651,112.657,68140000,1
1500313020000,1500313079000,112.656,112.657,112.649,112.649,40840000,1
1500313080000,1500313139000,112.649,112.649,112.642,112.644,34680000,1
1500313140000,1500313199000,112.643,112.648,112.642,112.648,16310000,1
1500313200000,1500313259000,112.647,112.647,112.642,112.642,27490000,1
1500313260000,1500313319000,112.641,112.643,112.641,112.642,13430000,1
1500313320000,1500313379000,112.64,112.64,112.623,112.634,338500000,1
1500313380000,1500313439000,112.632,112.638,112.632,112.636,3967750000,1
1500313440000,1500313499000,112.639,112.643,112.629,112.633,114020000,1
1500313500000,1500313559000,112.632,112.638,112.631,112.636,50080000,1
1500313560000,1500313619000,112.636,112.636,112.635,112.636,18970000,1
1500313620000,1500313679000,112.636,112.64,112.635,112.64,23960000,1
1500313680000,1500313739000,112.638,112.643,112.638,112.642,28970000,1
1500313740000,1500313799000,112.641,112.642,112.619,112.624,88650000,1
1500313800000,1500313859000,112.625,112.627,112.619,112.62,94880000,1
1500313860000,1500313919000,112.619,112.623,112.614,112.614,114410000,1
1500313920000,1500313979000,112.612,112.616,112.573,112.6,230770000,1
1500313980000,1500314039000,112.6,112.609,112.595,112.607,124330000,1
1500314040000,1500314099000,112.607,112.62,112.602,112.606,127750000,1
1500314100000,1500314159000,112.609,112.613,112.605,112.607,77810000,1
1500314160000,1500314219000,112.607,112.616,112.599,112.615,165260000,1
1500314220000,1500314279000,112.614,112.635,112.614,112.635,246370000,1
1500314280000,1500314339000,112.635,112.64,112.633,112.633,232380000,1
1500314340000,1500314399000,112.631,112.631,112.626,112.629,73920000,1
1500314400000,1500314459000,112.629,112.633,112.622,112.625,85010000,1
1500314460000,1500314519000,112.626,112.631,112.624,112.628,72420000,1
1500314520000,1500314579000,112.628,112.631,112.624,112.631,148160000,1
1500314580000,1500314639000,112.631,112.635,112.631,112.632,43730000,1
1500314640000,1500314699000,112.632,112.632,112.629,112.63,45470000,1
1500314700000,1500314759000,112.629,112.63,112.624,112.626,36580000,1
1500314760000,1500314819000,112.626,112.631,112.626,112.63,37360000,1
1500314820000,1500314879000,112.631,112.634,112.629,112.629,36580000,1
1500314880000,1500314939000,112.628,112.637,112.625,112.631,61470000,1
1500314940000,1500314999000,112.629,112.632,112.627,112.627,34760000,1
1500315000000,1500315059000,112.626,112.626,112.604,112.612,122020000,1
1500315060000,1500315119000,112.612,112.613,112.608,112.61,70100000,1
1500315120000,1500315179000,112.611,112.614,112.608,112.614,58500000,1
1500315180000,1500315239000,112.613,112.614,112.605,112.614,40730000,1
1500315240000,1500315299000,112.614,112.614,112.607,112.614,61020000,1
1500315300000,1500315359000,112.612,112.614,112.6,112.604,563660000,1
1500315360000,1500315419000,112.604,112.61,112.598,112.599,88540000,1
1500315420000,1500315479000,112.602,112.607,112.601,112.604,57080000,1
1500315480000,1500315539000,112.604,112.609,112.604,112.608,22720000,1
1500315540000,1500315599000,112.608,112.609,112.605,112.609,20330000,1
1500315600000,1500315659000,112.609,112.61,112.609,112.609,6000000,1
1500315660000,1500315719000,112.61,112.616,112.609,112.61,54650000,1
1500315720000,1500315779000,112.61,112.632,112.609,112.63,62390000,1
1500315780000,1500315839000,112.628,112.638,112.619,112.635,46670000,1
1500315840000,1500315899000,112.636,112.636,112.629,112.634,112450000,1
1500315900000,1500315959000,112.634,112.642,112.634,112.641,76690000,1
1500315960000,1500316019000,112.642,112.648,112.641,112.643,83900000,1
1500316020000,1500316079000,112.642,112.647,112.635,112.644,156130000,1
1500316080000,1500316139000,112.643,112.647,112.641,112.642,111330000,1
1500316140000,1500316199000,112.643,112.649,112.643,112.647,150030000,1
1500316200000,1500316259000,112.646,112.647,112.64,112.641,95960000,1
1500316260000,1500316319000,112.64,112.645,112.63,112.633,145060000,1
1500316320000,1500316379000,112.633,112.639,112.629,112.636,39230000,1
1500316380000,1500316439000,112.636,112.636,112.628,112.628,101700000,1
1500316440000,1500316499000,112.628,112.628,112.619,112.62,145930000,1
1500316500000,1500316559000,112.621,112.626,112.621,112.624,80270000,1
1500316560000,1500316619000,112.621,112.621,112.607,112.61,79480000,1
1500316620000,1500316679000,112.61,112.611,112.602,112.603,72140000,1
1500316680000,1500316739000,112.612,112.618,112.606,112.615,129260000,1
1500316740000,1500316799000,112.616,112.616,112.613,112.614,49720000,1
1500316800000,1500316859000,112.614,112.614,112.606,112.61,70740000,1
1500316860000,1500316919000,112.61,112.61,112.602,112.606,62110000,1
1500316920000,1500316979000,112.607,112.608,112.604,112.604,33400000,1
1500316980000,1500317039000,112.605,112.607,112.604,112.607,35230000,1
1500317040000,1500317099000,112.608,112.611,112.601,112.601,42360000,1
1500317100000,1500317159000,112.601,112.603,112.599,112.602,51690000,1
1500317160000,1500317219000,112.601,112.612,112.599,112.609,99670000,1
1500317220000,1500317279000,112.609,112.619,112.609,112.619,147570000,1
1500317280000,1500317339000,112.619,112.62,112.609,112.614,99590000,1
1500317340000,1500317399000,112.614,112.614,112.607,112.608,69730000,1
1500317400000,1500317459000,112.611,112.612,112.599,112.601,73560000,1
1500317460000,1500317519000,112.601,112.601,112.586,112.592,61410000,1
1500317520000,1500317579000,112.592,112.594,112.589,112.592,34590000,1
1500317580000,1500317639000,112.592,112.592,112.583,112.588,79900000,1
1500317640000,1500317699000,112.588,112.593,112.582,112.593,78980000,1
1500317700000,1500317759000,112.592,112.601,112.588,112.6,80670000,1
1500317760000,1500317819000,112.599,112.608,112.598,112.608,101490000,1
1500317820000,1500317879000,112.605,112.609,112.604,112.604,22560000,1
1500317880000,1500317939000,112.602,112.61,112.602,112.61,49280000,1
1500317940000,1500317999000,112.608,112.627,112.605,112.618,209540000,1
1500318000000,1500318059000,112.619,112.646,112.619,112.645,101530000,1
1500318060000,1500318119000,112.645,112.663,112.641,112.648,179760000,1
1500318120000,1500318179000,112.649,112.654,112.635,112.635,190510000,1
1500318180000,1500318239000,112.637,112.643,112.637,112.642,82830000,1
1500318240000,1500318299000,112.641,112.655,112.641,112.654,99360000,1
1500318300000,1500318359000,112.654,112.655,112.653,112.654,31350000,1
1500318360000,1500318419000,112.654,112.66,112.648,112.648,65350000,1
1500318420000,1500318479000,112.648,112.666,112.648,112.663,158440000,1
1500318480000,1500318539000,112.663,112.665,112.656,112.658,83630000,1
1500318540000,1500318599000,112.658,112.662,112.657,112.658,19180000,1
1500318600000,1500318659000,112.658,112.658,112.648,112.653,30040000,1
1500318660000,1500318719000,112.653,112.654,112.648,112.648,29870000,1
1500318720000,1500318779000,112.649,112.661,112.649,112.661,38870000,1
1500318780000,1500318839000,112.66,112.66,112.644,112.644,74420000,1
1500318840000,1500318899000,112.643,112.644,112.638,112.64,78520000,1
1500318900000,1500318959000,112.64,112.64,112.62,112.621,120530000,1
1500318960000,1500319019000,112.623,112.63,112.621,112.622,111260000,1
1500319020000,1500319079000,112.622,112.622,112.619,112.62,44030000,1
1500319080000,1500319139000,112.621,112.629,112.621,112.626,50300000,1
1500319140000,1500319199000,112.627,112.628,112.626,112.627,27360000,1
1500319200000,1500319259000,112.627,112.63,112.622,112.622,49610000,1
1500319260000,1500319319000,112.621,112.627,112.62,112.626,41500000,1
1500319320000,1500319379000,112.626,112.628,112.626,112.628,58570000,1
1500319380000,1500319439000,112.629,112.629,112.623,112.627,16240000,1
1500319440000,1500319499000,112.627,112.631,112.623,112.623,44790000,1
1500319500000,1500319559000,112.623,112.631,112.623,112.623,74080000,1
1500319560000,1500319619000,112.621,112.621,112.619,112.621,55640000,1
1500319620000,1500319679000,112.62,112.621,112.619,112.621,45730000,1
1500319680000,1500319739000,112.62,112.621,112.595,112.595,120490000,1
1500319740000,1500319799000,112.593,112.595,112.582,112.595,104420000,1
1500319800000,1500319859000,112.594,112.598,112.591,112.595,216560000,1
1500319860000,1500319919000,112.595,112.595,112.576,112.583,67300000,1
1500319920000,1500319979000,112.583,112.583,112.564,112.565,68360000,1
1500319980000,1500320039000,112.566,112.575,112.563,112.563,134480000,1
1500320040000,1500320099000,112.564,112.566,112.552,112.565,100210000,1
1500320100000,1500320159000,112.568,112.582,112.566,112.578,85530000,1
1500320160000,1500320219000,112.578,112.585,112.572,112.576,62000000,1
1500320220000,1500320279000,112.576,112.596,112.576,112.596,62410000,1
1500320280000,1500320339000,112.595,112.595,112.582,112.588,76370000,1
1500320340000,1500320399000,112.588,112.588,112.574,112.576,81100000,1
1500320400000,1500320459000,112.576,112.577,112.564,112.569,92650000,1
1500320460000,1500320519000,112.57,112.571,112.562,112.564,162490000,1
1500320520000,1500320579000,112.564,112.565,112.563,112.563,51620000,1
1500320580000,1500320639000,112.564,112.578,112.564,112.576,19370000,1
1500320640000,1500320699000,112.578,112.585,112.572,112.585,78480000,1
1500320700000,1500320759000,112.586,112.589,112.579,112.579,115660000,1
1500320760000,1500320819000,112.579,112.586,112.56,112.564,214150000,1
1500320820000,1500320879000,112.567,112.59,112.567,112.589,146130000,1
1500320880000,1500320939000,112.589,112.596,112.586,112.594,76620000,1
1500320940000,1500320999000,112.594,112.594,112.589,112.589,52860000,1
1500321000000,1500321059000,112.588,112.597,112.588,112.594,71490000,1
1500321060000,1500321119000,112.595,112.627,112.595,112.607,103300000,1
1500321120000,1500321179000,112.606,112.606,112.597,112.6,68970000,1
1500321180000,1500321239000,112.599,112.613,112.596,112.61,71520000,1
1500321240000,1500321299000,112.611,112.611,112.599,112.599,81630000,1
1500321300000,1500321359000,112.597,112.597,112.587,112.587,21730000,1
1500321360000,1500321419000,112.587,112.587,112.579,112.579,92290000,1
1500321420000,1500321479000,112.579,112.586,112.572,112.585,101320000,1
1500321480000,1500321539000,112.585,112.585,112.573,112.575,336300000,1
1500321540000,1500321599000,112.575,112.583,112.566,112.58,158340000,1
1500321600000,1500321659000,112.58,112.582,112.558,112.56,73430000,1
1500321660000,1500321719000,112.562,112.58,112.561,112.577,107010000,1
1500321720000,1500321779000,112.576,112.584,112.568,112.577,61960000,1
1500321780000,1500321839000,112.577,112.599,112.577,112.591,65400000,1
1500321840000,1500321899000,112.591,112.594,112.591,112.594,10990000,1
1500321900000,1500321959000,112.594,112.594,112.593,112.594,46780000,1
1500321960000,1500322019000,112.599,112.602,112.594,112.594,45480000,1
1500322020000,1500322079000,112.594,112.595,112.594,112.594,34580000,1
1500322080000,1500322139000,112.594,112.606,112.587,112.606,125550000,1
1500322140000,1500322199000,112.606,112.625,112.606,112.624,124880000,1
1500322200000,1500322259000,112.626,112.634,112.626,112.634,98660000,1
1500322260000,1500322319000,112.635,112.635,112.623,112.623,42410000,1
1500322320000,1500322379000,112.623,112.623,112.623,112.623,7130000,1
1500322380000,1500322439000,112.623,112.623,112.617,112.617,46240000,1
1500322440000,1500322499000,112.616,112.626,112.616,112.626,55540000,1
1500322500000,1500322559000,112.626,112.626,112.625,112.625,34870000,1
1500322560000,1500322619000,112.626,112.633,112.613,112.619,59820000,1
1500322620000,1500322679000,112.623,112.632,112.617,112.631,98700000,1
1500322680000,1500322739000,112.631,112.637,112.631,112.637,40780000,1
1500322740000,1500322799000,112.636,112.637,112.633,112.633,1385120000,1
1500322800000,1500322859000,112.633,112.637,112.624,112.625,175920000,1
1500322860000,1500322919000,112.625,112.626,112.62,112.62,6370000,1
1500322920000,1500322979000,112.621,112.621,112.62,112.62,25730000,1
1500322980000,1500323039000,112.62,112.62,112.605,112.605,47170000,1
1500323040000,1500323099000,112.605,112.614,112.605,112.612,36410000,1
1500323100000,1500323159000,112.613,112.614,112.606,112.61,47870000,1
1500323160000,1500323219000,112.61,112.619,112.61,112.618,61570000,1
1500323220000,1500323279000,112.618,112.63,112.618,112.618,58530000,1
1500323280000,1500323339000,112.619,112.625,112.619,112.62,58480000,1
1500323340000,1500323399000,112.62,112.622,112.607,112.612,113510000,1
1500323400000,1500323459000,112.613,112.613,112.601,112.601,58480000,1
1500323460000,1500323519000,112.601,112.609,112.601,112.607,34870000,1
1500323520000,1500323579000,112.607,112.608,112.599,112.603,77200000,1
1500323580000,1500323639000,112.602,112.606,112.601,112.603,64410000,1
1500323640000,1500323699000,112.603,112.612,112.603,112.608,56720000,1
1500323700000,1500323759000,112.607,112.611,112.599,112.6,49260000,1
1500323760000,1500323819000,112.6,112.601,112.599,112.6,21630000,1
1500323820000,1500323879000,112.601,112.601,112.593,112.6,53680000,1
1500323880000,1500323939000,112.6,112.603,112.6,112.601,11560000,1
1500323940000,1500323999000,112.601,112.605,112.595,112.596,70320000,1
1500324000000,1500324059000,112.596,112.596,112.594,112.596,22090000,1
1500324060000,1500324119000,112.596,112.612,112.596,112.607,60540000,1
1500324120000,1500324179000,112.606,112.608,112.601,112.607,25220000,1
1500324180000,1500324239000,112.608,112.609,112.607,112.607,51230000,1
1500324240000,1500324299000,112.607,112.608,112.601,112.603,197050000,1
1500324300000,1500324359000,112.603,112.606,112.601,112.601,654480000,1
1500324360000,1500324419000,112.605,112.607,112.605,112.606,22470000,1
1500324420000,1500324479000,112.607,112.609,112.606,112.607,2448730000,1
1500324480000,1500324539000,112.608,112.608,112.601,112.606,4209400000,1
1500324540000,1500324599000,112.607,112.607,112.606,112.606,9142560000,1
1500324600000,1500324659000,112.606,112.61,112.6,112.606,626410000,1
1500324660000,1500324719000,112.606,112.612,112.606,112.61,147000000,1
1500324720000,1500324779000,112.61,112.613,112.61,112.613,426420000,1
1500324780000,1500324839000,112.613,112.619,112.611,112.613,52120000,1
1500324840000,1500324899000,112.617,112.617,112.616,112.616,35100000,1
1500324900000,1500324959000,112.616,112.626,112.616,112.624,16600000,1
1500324960000,1500325019000,112.623,112.626,112.623,112.624,315180000,1
1500325020000,1500325079000,112.624,112.629,112.624,112.627,404190000,1
1500325080000,1500325139000,112.628,112.628,112.626,112.626,18620000,1
1500325140000,1500325199000,112.625,112.626,112.621,112.621,149930000,1
1500325200000,1500325259000,112.623,112.623,112.611,112.612,4870000,1
1500325260000,1500325319000,112.61,112.61,112.61,112.61,1120000,1
1500325320000,1500325379000,112.618,112.618,112.618,112.618,750000,1
1500325380000,1500325439000,112.61,112.61,112.61,112.61,1870000,1
1500325440000,1500325499000,112.613,112.619,112.61,112.615,7990000,1
1500325500000,1500325559000,112.615,112.62,112.615,112.616,128270000,1
1500325560000,1500325619000,112.614,112.621,112.614,112.617,216680000,1
1500325620000,1500325679000,112.616,112.62,112.616,112.619,40800000,1
1500325680000,1500325739000,112.618,112.622,112.618,112.618,9490000,1
1500325740000,1500325799000,112.619,112.622,112.618,112.619,14230000,1
1500325800000,1500325859000,112.619,112.633,112.619,112.626,83660000,1
1500325860000,1500325919000,112.626,112.626,112.626,112.626,2000000,1
1500325920000,1500325979000,112.626,112.626,112.626,112.626,11850000,1
1500325980000,1500326039000,112.626,112.63,112.626,112.626,119760000,1
1500326040000,1500326099000,112.626,112.627,112.618,112.626,124840000,1
1500326100000,1500326159000,112.626,112.628,112.626,112.626,53740000,1
1500326160000,1500326219000,112.626,112.626,112.626,112.626,105810000,1
1500326220000,1500326279000,112.626,112.627,112.626,112.626,31050000,1
1500326280000,1500326339000,112.627,112.635,112.626,112.635,47590000,1
1500326340000,1500326399000,112.635,112.635,112.633,112.633,52080000,1
1500326400000,1500326459000,112.633,112.635,112.633,112.633,53480000,1
1500326460000,1500326519000,112.633,112.643,112.633,112.643,27620000,1
1500326520000,1500326579000,112.646,112.68,112.646,112.67,115050000,1
1500326580000,1500326639000,112.671,112.671,112.642,112.642,99180000,1
1500326640000,1500326699000,112.642,112.643,112.641,112.641,48270000,1
1500326700000,1500326759000,112.641,112.647,112.632,112.644,36500000,1
1500326760000,1500326819000,112.642,112.642,112.634,112.634,22500000,1
1500326820000,1500326879000,112.635,112.635,112.617,112.624,91180000,1
1500326880000,1500326939000,112.624,112.624,112.621,112.621,33370000,1
1500326940000,1500326999000,112.621,112.686,112.621,112.664,212510000,1
1500327000000,1500327059000,112.663,112.663,112.633,112.645,67330000,1
1500327060000,1500327119000,112.634,112.654,112.615,112.643,179840000,1
1500327120000,1500327179000,112.629,112.671,112.623,112.664,291170000,1
1500327180000,1500327239000,112.661,112.663,112.617,112.637,128370000,1
1500327240000,1500327299000,112.634,112.648,112.627,112.633,71200000,1
1500327300000,1500327359000,112.633,112.653,112.633,112.643,66990000,1
1500327360000,1500327419000,112.643,112.647,112.643,112.647,13000000,1
1500327420000,1500327479000,112.647,112.65,112.645,112.647,53500000,1
1500327480000,1500327539000,112.648,112.659,112.634,112.657,113370000,1
1500327540000,1500327599000,112.657,112.671,112.657,112.662,46880000,1
1500327600000,1500327659000,112.665,112.669,112.66,112.664,41770000,1
1500327660000,1500327719000,112.66,112.66,112.639,112.656,59740000,1
1500327720000,1500327779000,112.656,112.656,112.64,112.653,40220000,1
1500327780000,1500327839000,112.652,112.652,112.652,112.652,1870000,1
1500327840000,1500327899000,112.653,112.654,112.652,112.652,4620000,1
1500327900000,1500327959000,112.653,112.653,112.653,112.653,2000000,1
1500327960000,1500328019000,112.654,112.654,112.653,112.653,2500000,1
1500328020000,1500328079000,112.654,112.654,112.653,112.653,15000000,1
1500328080000,1500328139000,112.653,112.658,112.651,112.651,27620000,1
1500328140000,1500328199000,112.655,112.661,112.655,112.66,25930000,1
1500328200000,1500328259000,112.66,112.66,112.66,112.66,132790000,1
1500328260000,1500328319000,112.66,112.677,112.659,112.676,44300000,1
1500328320000,1500328379000,112.676,112.677,112.652,112.652,61440000,1
1500328380000,1500328439000,112.652,112.656,112.651,112.651,11620000,1
1500328440000,1500328499000,112.639,112.653,112.628,112.641,75880000,1
1500328500000,1500328559000,112.642,112.655,112.626,112.638,98750000,1
1500328560000,1500328619000,112.637,112.653,112.625,112.641,137910000,1
1500328620000,1500328679000,112.64,112.641,112.625,112.625,48890000,1
1500328680000,1500328739000,112.626,112.64,112.622,112.639,94180000,1
1500328740000,1500328799000,112.637,112.639,112.624,112.632,34140000,1
1500328800000,1500328859000,112.633,112.644,112.623,112.624,49180000,1
1500328860000,1500328919000,112.623,112.647,112.621,112.631,110970000,1
1500328920000,1500328979000,112.631,112.643,112.627,112.639,196570000,1
1500328980000,1500329039000,112.641,112.643,112.632,112.634,291420000,1
1500329040000,1500329099000,112.636,112.636,112.621,112.634,282840000,1
1500329100000,1500329159000,112.633,112.635,112.621,112.623,209250000,1
1500329160000,1500329219000,112.622,112.636,112.621,112.632,209580000,1
1500329220000,1500329279000,112.633,112.634,112.63,112.634,145130000,1
1500329280000,1500329339000,112.634,112.635,112.63,112.632,188560000,1
1500329340000,1500329399000,112.632,112.634,112.631,112.632,288760000,1
1500329400000,1500329459000,112.632,112.634,112.629,112.632,209590000,1
1500329460000,1500329519000,112.631,112.634,112.629,112.631,296220000,1
1500329520000,1500329579000,112.631,112.634,112.629,112.634,273110000,1
1500329580000,1500329639000,112.634,112.636,112.633,112.635,94660000,1
1500329640000,1500329699000,112.634,112.638,112.633,112.634,75280000,1
1500329700000,1500329759000,112.634,112.634,112.628,112.63,89840000,1
1500329760000,1500329819000,112.63,112.632,112.625,112.632,64710000,1
1500329820000,1500329879000,112.632,112.633,112.63,112.633,7000000,1
1500329940000,1500329999000,112.632,112.633,112.623,112.627,94980000,1
1500330000000,1500330059000,112.625,112.632,112.622,112.622,39740000,1
1500330060000,1500330119000,112.621,112.621,112.608,112.608,115530000,1
1500330120000,1500330179000,112.61,112.613,112.601,112.602,98020000,1
1500330180000,1500330239000,112.601,112.605,112.601,112.605,52400000,1
1500330240000,1500330299000,112.604,112.621,112.604,112.617,75380000,1
1500330300000,1500330359000,112.618,112.618,112.617,112.618,13990000,1
1500330360000,1500330419000,112.617,112.618,112.594,112.601,56460000,1
1500330420000,1500330479000,112.605,112.606,112.6,112.605,28680000,1
1500330480000,1500330539000,112.605,112.61,112.599,112.605,53990000,1
1500330540000,1500330599000,112.606,112.612,112.606,112.612,12430000,1
1500330600000,1500330659000,112.613,112.613,112.58,112.585,69950000,1
1500330660000,1500330719000,112.587,112.593,112.584,112.588,51630000,1
1500330720000,1500330779000,112.589,112.592,112.587,112.592,24330000,1
1500330780000,1500330839000,112.591,112.599,112.591,112.599,77020000,1
1500330840000,1500330899000,112.599,112.606,112.593,112.593,31400000,1
1500330900000,1500330959000,112.593,112.597,112.593,112.597,31000000,1
1500331020000,1500331079000,112.598,112.598,112.597,112.597,5000000,1
1500331080000,1500331139000,112.598,112.598,112.581,112.589,36320000,1
1500331140000,1500331199000,112.589,112.589,112.575,112.575,38140000,1
1500331200000,1500331259000,112.576,112.577,112.56,112.57,67420000,1
1500331260000,1500331319000,112.569,112.576,112.569,112.573,31170000,1
1500331320000,1500331379000,112.574,112.574,112.567,112.571,26230000,1
1500331380000,1500331439000,112.571,112.579,112.569,112.576,25450000,1
1500331440000,1500331499000,112.578,112.578,112.575,112.576,15440000,1
1500331500000,1500331559000,112.577,112.616,112.577,112.616,143290000,1
1500331560000,1500331619000,112.616,112.635,112.594,112.621,126040000,1
1500331620000,1500331679000,112.621,112.653,112.619,112.653,88280000,1
1500331680000,1500331739000,112.653,112.653,112.639,112.643,70050000,1
1500331740000,1500331799000,112.642,112.644,112.638,112.638,71490000,1
1500331800000,1500331859000,112.638,112.638,112.636,112.636,64310000,1
1500331860000,1500331919000,112.636,112.636,112.635,112.635,26160000,1
1500331920000,1500331979000,112.635,112.635,112.616,112.618,76850000,1
1500331980000,1500332039000,112.619,112.622,112.619,112.62,22650000,1
1500332040000,1500332099000,112.621,112.636,112.621,112.634,16120000,1
1500332100000,1500332159000,112.633,112.648,112.633,112.648,29920000,1
1500332160000,1500332219000,112.648,112.648,112.639,112.64,79540000,1
1500332220000,1500332279000,112.641,112.641,112.624,112.625,101090000,1
1500332280000,1500332339000,112.624,112.624,112.611,112.612,30690000,1
1500332340000,1500332399000,112.612,112.612,112.602,112.603,21810000,1
1500332400000,1500332459000,112.604,112.61,112.603,112.607,61470000,1
1500332460000,1500332519000,112.609,112.621,112.608,112.613,95600000,1
1500332520000,1500332579000,112.613,112.626,112.613,112.621,77370000,1
1500332580000,1500332639000,112.621,112.627,112.621,112.626,58410000,1
1500332640000,1500332699000,112.626,112.628,112.619,112.623,39990000,1
1500332700000,1500332759000,112.623,112.624,112.617,112.624,13870000,1
1500332760000,1500332819000,112.624,112.632,112.623,112.63,21500000,1
1500332820000,1500332879000,112.63,112.63,112.621,112.622,19000000,1
1500332880000,1500332939000,112.623,112.632,112.623,112.632,23130000,1
1500332940000,1500332999000,112.632,112.636,112.628,112.636,29620000,1
1500333000000,1500333059000,112.636,112.645,112.628,112.628,72370000,1
1500333060000,1500333119000,112.629,112.642,112.625,112.642,54050000,1
1500333120000,1500333179000,112.64,112.647,112.627,112.639,132950000,1
1500333180000,1500333239000,112.639,112.641,112.625,112.638,96360000,1
1500333240000,1500333299000,112.641,112.653,112.634,112.653,72110000,1
1500333300000,1500333359000,112.653,112.653,112.65,112.652,15030000,1
1500333360000,1500333419000,112.651,112.653,112.641,112.647,43480000,1
1500333420000,1500333479000,112.647,112.647,112.639,112.644,20000000,1
1500333480000,1500333539000,112.643,112.651,112.643,112.646,32970000,1
1500333540000,1500333599000,112.646,112.654,112.635,112.651,95210000,1
1500333600000,1500333659000,112.652,112.654,112.642,112.647,58640000,1
1500333660000,1500333719000,112.647,112.647,112.64,112.642,20940000,1
1500333720000,1500333779000,112.646,112.659,112.646,112.652,52200000,1
1500333780000,1500333839000,112.651,112.651,112.643,112.644,27670000,1
1500333840000,1500333899000,112.644,112.644,112.642,112.642,30480000,1
1500333900000,1500333959000,112.642,112.642,112.632,112.633,39100000,1
1500333960000,1500334019000,112.631,112.631,112.626,112.627,32000000,1
1500334020000,1500334079000,112.628,112.628,112.622,112.622,17240000,1
1500334080000,1500334139000,112.623,112.629,112.622,112.629,37940000,1
1500334140000,1500334199000,112.629,112.636,112.623,112.627,52010000,1
1500334200000,1500334259000,112.626,112.641,112.621,112.635,82160000,1
1500334260000,1500334319000,112.633,112.636,112.629,112.633,44850000,1
1500334320000,1500334379000,112.633,112.635,112.633,112.634,28130000,1
1500334380000,1500334439000,112.634,112.635,112.631,112.635,45420000,1
1500334440000,1500334499000,112.634,112.639,112.632,112.638,95570000,1
1500334500000,1500334559000,112.638,112.638,112.633,112.637,35560000,1
1500334560000,1500334619000,112.638,112.638,112.636,112.638,46070000,1
1500334620000,1500334679000,112.637,112.638,112.637,112.638,22490000,1
1500334680000,1500334739000,112.637,112.637,112.637,112.637,12940000,1
1500334740000,1500334799000,112.636,112.636,112.631,112.632,28760000,1
1500334800000,1500334859000,112.633,112.634,112.633,112.633,20560000,1
1500334860000,1500334919000,112.632,112.634,112.614,112.614,39770000,1
1500334920000,1500334979000,112.613,112.627,112.613,112.619,45080000,1
1500334980000,1500335039000,112.617,112.617,112.612,112.612,51250000,1
1500335040000,1500335099000,112.613,112.614,112.606,112.607,111490000,1
1500335100000,1500335159000,112.609,112.613,112.583,112.599,147650000,1
1500335160000,1500335219000,112.599,112.616,112.599,112.612,94140000,1
1500335220000,1500335279000,112.611,112.614,112.599,112.602,62390000,1
1500335280000,1500335339000,112.6,112.609,112.591,112.601,175300000,1
1500335340000,1500335399000,112.6,112.6,112.59,112.59,43740000,1
1500335400000,1500335459000,112.589,112.594,112.587,112.59,71190000,1
1500335460000,1500335519000,112.59,112.593,112.588,112.589,41040000,1
1500335520000,1500335579000,112.588,112.59,112.585,112.588,78900000,1
1500335580000,1500335639000,112.589,112.597,112.588,112.59,51130000,1
1500335640000,1500335699000,112.59,112.596,112.588,112.596,63080000,1
1500335700000,1500335759000,112.597,112.603,112.588,112.601,111490000,1
1500335760000,1500335819000,112.601,112.601,112.589,112.59,25270000,1
1500335820000,1500335879000,112.59,112.59,112.582,112.584,70870000,1
1500335880000,1500335939000,112.582,112.583,112.581,112.583,33790000,1
1500335940000,1500335999000,112.582,112.602,112.582,112.602,77020000,1
1500336000000,1500336059000,112.601,112.615,112.596,112.615,123570000,1
1500336060000,1500336119000,112.615,112.622,112.613,112.617,69890000,1
1500336120000,1500336179000,112.616,112.616,112.613,112.616,46090000,1
1500336180000,1500336239000,112.617,112.621,112.617,112.617,57160000,1
1500336240000,1500336299000,112.618,112.618,112.575,112.58,157570000,1
1500336300000,1500336359000,112.583,112.587,112.565,112.565,86810000,1
1500336360000,1500336419000,112.564,112.568,112.542,112.542,138350000,1
1500336420000,1500336479000,112.542,112.542,112.51,112.539,245760000,1
1500336480000,1500336539000,112.54,112.554,112.529,112.543,152860000,1
1500336540000,1500336599000,112.543,112.546,112.539,112.54,139610000,1
1500336600000,1500336659000,112.542,112.55,112.54,112.541,89220000,1
1500336660000,1500336719000,112.54,112.54,112.507,112.516,173210000,1
1500336720000,1500336779000,112.515,112.518,112.496,112.51,219340000,1
1500336780000,1500336839000,112.51,112.516,112.499,112.515,227750000,1
1500336840000,1500336899000,112.516,112.523,112.51,112.516,61350000,1
1500336900000,1500336959000,112.518,112.537,112.516,112.526,152980000,1
1500336960000,1500337019000,112.525,112.525,112.506,112.507,117490000,1
1500337020000,1500337079000,112.507,112.529,112.506,112.529,86540000,1
1500337080000,1500337139000,112.529,112.553,112.529,112.547,103340000,1
1500337140000,1500337199000,112.545,112.558,112.54,112.545,104060000,1
1500337200000,1500337259000,112.546,112.548,112.539,112.547,49030000,1
1500337260000,1500337319000,112.548,112.572,112.548,112.558,109210000,1
1500337320000,1500337379000,112.558,112.572,112.553,112.553,161820000,1
1500337380000,1500337439000,112.552,112.562,112.547,112.555,77250000,1
1500337440000,1500337499000,112.554,112.555,112.544,112.549,109150000,1
1500337500000,1500337559000,112.549,112.553,112.544,112.547,49410000,1
1500337560000,1500337619000,112.548,112.551,112.519,112.519,112980000,1
1500337620000,1500337679000,112.518,112.531,112.505,112.526,180860000,1
1500337680000,1500337739000,112.526,112.533,112.524,112.527,56010000,1
1500337740000,1500337799000,112.525,112.553,112.513,112.546,126910000,1
1500337800000,1500337859000,112.546,112.55,112.438,112.438,298400000,1
1500337860000,1500337919000,112.439,112.464,112.431,112.45,488320000,1
1500337920000,1500337979000,112.451,112.471,112.451,112.471,192560000,1
1500337980000,1500338039000,112.471,112.484,112.469,112.476,214800000,1
1500338040000,1500338099000,112.475,112.475,112.447,112.448,182360000,1
1500338100000,1500338159000,112.449,112.477,112.448,112.468,109210000,1
1500338160000,1500338219000,112.469,112.469,112.453,112.457,64530000,1
1500338220000,1500338279000,112.457,112.504,112.457,112.502,175610000,1
1500338280000,1500338339000,112.501,112.52,112.487,112.493,222210000,1
1500338340000,1500338399000,112.494,112.494,112.49,112.491,82330000,1
1500338400000,1500338459000,112.492,112.492,112.477,112.484,148650000,1
1500338460000,1500338519000,112.483,112.495,112.481,112.49,61460000,1
1500338520000,1500338579000,112.49,112.502,112.49,112.497,106190000,1
1500338580000,1500338639000,112.497,112.513,112.491,112.508,99470000,1
1500338640000,1500338699000,112.508,112.517,112.504,112.513,89290000,1
1500338700000,1500338759000,112.513,112.52,112.506,112.507,98470000,1
1500338760000,1500338819000,112.51,112.521,112.507,112.511,125640000,1
1500338820000,1500338879000,112.511,112.518,112.502,112.508,84930000,1
1500338880000,1500338939000,112.507,112.508,112.455,112.461,245070000,1
1500338940000,1500338999000,112.46,112.475,112.446,112.474,356070000,1
1500339000000,1500339059000,112.475,112.475,112.452,112.47,213080000,1
1500339060000,1500339119000,112.473,112.495,112.465,112.493,147670000,1
1500339120000,1500339179000,112.49,112.498,112.47,112.477,216650000,1
1500339180000,1500339239000,112.476,112.481,112.432,112.432,277320000,1
1500339240000,1500339299000,112.432,112.441,112.4,112.41,367960000,1
1500339300000,1500339359000,112.409,112.418,112.399,112.418,214860000,1
1500339360000,1500339419000,112.417,112.417,112.387,112.396,228400000,1
1500339420000,1500339479000,112.395,112.414,112.395,112.414,158890000,1
1500339480000,1500339539000,112.413,112.423,112.409,112.42,118530000,1
1500339540000,1500339599000,112.42,112.427,112.414,112.415,53970000,1
1500339600000,1500339659000,112.416,112.416,112.379,112.386,166770000,1
1500339660000,1500339719000,112.387,112.399,112.369,112.373,169890000,1
1500339720000,1500339779000,112.373,112.409,112.371,112.408,115000000,1
1500339780000,1500339839000,112.408,112.422,112.401,112.409,202350000,1
1500339840000,1500339899000,112.408,112.408,112.401,112.403,75000000,1
1500339900000,1500339959000,112.403,112.403,112.358,112.363,206560000,1
1500339960000,1500340019000,112.366,112.377,112.343,112.349,249660000,1
1500340020000,1500340079000,112.347,112.349,112.308,112.317,345470000,1
1500340080000,1500340139000,112.319,112.328,112.212,112.248,362530000,1
1500340140000,1500340199000,112.247,112.281,112.236,112.276,481780000,1
1500340200000,1500340259000,112.274,112.284,112.255,112.275,264510000,1
1500340260000,1500340319000,112.276,112.289,112.274,112.282,175800000,1
1500340320000,1500340379000,112.282,112.288,112.268,112.268,161580000,1
1500340380000,1500340439000,112.268,112.281,112.243,112.243,206140000,1
1500340440000,1500340499000,112.246,112.272,112.246,112.25,303890000,1
1500340500000,1500340559000,112.252,112.282,112.248,112.265,227920000,1
1500340560000,1500340619000,112.265,112.297,112.253,112.296,196780000,1
1500340620000,1500340679000,112.296,112.308,112.284,112.306,249980000,1
1500340680000,1500340739000,112.305,112.329,112.275,112.293,419530000,1
1500340740000,1500340799000,112.293,112.31,112.291,112.302,122010000,1
1500340800000,1500340859000,112.303,112.315,112.296,112.302,382880000,1
1500340860000,1500340919000,112.301,112.302,112.271,112.271,122290000,1
1500340920000,1500340979000,112.271,112.277,112.251,112.252,137380000,1
1500340980000,1500341039000,112.253,112.267,112.25,112.264,198260000,1
1500341040000,1500341099000,112.264,112.264,112.217,112.237,278020000,1
1500341100000,1500341159000,112.239,112.239,112.191,112.203,212180000,1
1500341160000,1500341219000,112.203,112.225,112.184,112.217,264740000,1
1500341220000,1500341279000,112.218,112.23,112.204,112.223,151000000,1
1500341280000,1500341339000,112.222,112.246,112.215,112.237,152590000,1
1500341340000,1500341399000,112.237,112.242,112.231,112.231,83320000,1
1500341400000,1500341459000,112.231,112.239,112.229,112.237,111630000,1
1500341460000,1500341519000,112.236,112.238,112.231,112.231,82830000,1
1500341520000,1500341579000,112.231,112.242,112.231,112.24,105630000,1
1500341580000,1500341639000,112.24,112.24,112.206,112.218,142020000,1
1500341640000,1500341699000,112.218,112.245,112.218,112.225,187770000,1
1500341700000,1500341759000,112.225,112.241,112.213,112.219,178910000,1
1500341760000,1500341819000,112.219,112.22,112.189,112.196,228460000,1
1500341820000,1500341879000,112.194,112.194,112.161,112.174,211800000,1
1500341880000,1500341939000,112.175,112.179,112.159,112.176,267830000,1
1500341940000,1500341999000,112.175,112.194,112.174,112.175,174170000,1
1500342000000,1500342059000,112.177,112.201,112.176,112.197,180680000,1
1500342060000,1500342119000,112.197,112.202,112.178,112.181,195830000,1
1500342120000,1500342179000,112.181,112.183,112.159,112.161,264100000,1
1500342180000,1500342239000,112.162,112.207,112.162,112.2,134490000,1
1500342240000,1500342299000,112.199,112.226,112.199,112.218,196740000,1
1500342300000,1500342359000,112.218,112.218,112.196,112.204,137880000,1
1500342360000,1500342419000,112.204,112.204,112.185,112.194,89080000,1
1500342420000,1500342479000,112.194,112.203,112.194,112.202,94530000,1
1500342480000,1500342539000,112.202,112.214,112.197,112.198,143340000,1
1500342540000,1500342599000,112.2,112.224,112.197,112.223,113970000,1
1500342600000,1500342659000,112.224,112.235,112.215,112.235,118400000,1
1500342660000,1500342719000,112.235,112.236,112.221,112.229,99340000,1
1500342720000,1500342779000,112.229,112.235,112.22,112.22,121700000,1
1500342780000,1500342839000,112.219,112.219,112.203,112.215,171050000,1
1500342840000,1500342899000,112.215,112.268,112.215,112.265,237280000,1
1500342900000,1500342959000,112.263,112.265,112.246,112.249,190820000,1
1500342960000,1500343019000,112.25,112.271,112.25,112.271,143550000,1
1500343020000,1500343079000,112.27,112.279,112.248,112.27,210680000,1
1500343080000,1500343139000,112.269,112.274,112.211,112.212,252330000,1
1500343140000,1500343199000,112.211,112.226,112.211,112.215,181540000,1
1500343200000,1500343259000,112.214,112.233,112.207,112.232,189490000,1
1500343260000,1500343319000,112.233,112.249,112.232,112.243,134730000,1
1500343320000,1500343379000,112.241,112.261,112.241,112.259,116420000,1
1500343380000,1500343439000,112.26,112.308,112.256,112.302,156480000,1
1500343440000,1500343499000,112.301,112.317,112.284,112.297,201280000,1
1500343500000,1500343559000,112.295,112.311,112.275,112.277,224070000,1
1500343560000,1500343619000,112.28,112.28,112.254,112.254,157480000,1
1500343620000,1500343679000,112.252,112.261,112.239,112.254,168870000,1
1500343680000,1500343739000,112.251,112.261,112.227,112.236,185970000,1
1500343740000,1500343799000,112.235,112.248,112.233,112.241,184270000,1
1500343800000,1500343859000,112.241,112.245,112.236,112.236,83600000,1
1500343860000,1500343919000,112.237,112.25,112.221,112.249,134880000,1
1500343920000,1500343979000,112.25,112.25,112.23,112.236,111310000,1
1500343980000,1500344039000,112.236,112.243,112.236,112.237,117050000,1
1500344040000,1500344099000,112.237,112.241,112.212,112.23,159440000,1
1500344100000,1500344159000,112.229,112.24,112.224,112.239,68760000,1
1500344160000,1500344219000,112.237,112.251,112.232,112.251,61830000,1
1500344220000,1500344279000,112.25,112.25,112.171,112.179,155360000,1
1500344280000,1500344339000,112.179,112.181,112.154,112.171,174310000,1
1500344340000,1500344399000,112.175,112.193,112.175,112.189,118620000,1
1500344400000,1500344459000,112.19,112.204,112.19,112.195,89780000,1
1500344460000,1500344519000,112.195,112.218,112.195,112.217,94840000,1
1500344520000,1500344579000,112.218,112.218,112.207,112.214,78260000,1
1500344580000,1500344639000,112.217,112.22,112.212,112.217,106900000,1
1500344640000,1500344699000,112.217,112.218,112.191,112.191,129400000,1
1500344700000,1500344759000,112.191,112.207,112.191,112.205,125410000,1
1500344760000,1500344819000,112.204,112.207,112.196,112.196,197950000,1
1500344820000,1500344879000,112.195,112.201,112.176,112.178,167890000,1
1500344880000,1500344939000,112.18,112.219,112.18,112.21,125210000,1
1500344940000,1500344999000,112.21,112.211,112.195,112.196,185590000,1
1500345000000,1500345059000,112.196,112.201,112.194,112.194,207130000,1
1500345060000,1500345119000,112.195,112.2,112.195,112.199,80820000,1
1500345120000,1500345179000,112.199,112.199,112.174,112.178,96190000,1
1500345180000,1500345239000,112.178,112.214,112.177,112.214,148220000,1
1500345240000,1500345299000,112.213,112.218,112.206,112.206,86020000,1
1500345300000,1500345359000,112.205,112.208,112.183,112.199,79190000,1
1500345360000,1500345419000,112.199,112.2,112.181,112.191,79990000,1
1500345420000,1500345479000,112.19,112.202,112.189,112.195,74430000,1
1500345480000,1500345539000,112.195,112.195,112.169,112.18,133400000,1
1500345540000,1500345599000,112.18,112.184,112.153,112.156,137840000,1
1500345600000,1500345659000,112.155,112.189,112.155,112.186,129090000,1
1500345660000,1500345719000,112.185,112.195,112.174,112.174,152830000,1
1500345720000,1500345779000,112.177,112.181,112.141,112.141,150010000,1
1500345780000,1500345839000,112.139,112.149,112.122,112.137,144240000,1
1500345840000,1500345899000,112.138,112.143,112.08,112.091,211340000,1
1500345900000,1500345959000,112.093,112.101,112.08,112.095,175040000,1
1500345960000,1500346019000,112.096,112.119,112.095,112.106,141720000,1
1500346020000,1500346079000,112.111,112.116,112.098,112.103,99750000,1
1500346080000,1500346139000,112.102,112.107,112.099,112.106,139030000,1
1500346140000,1500346199000,112.106,112.145,112.106,112.142,85790000,1
1500346200000,1500346259000,112.141,112.143,112.134,112.135,160020000,1
1500346260000,1500346319000,112.135,112.135,112.124,112.125,101490000,1
1500346320000,1500346379000,112.125,112.132,112.124,112.127,102460000,1
1500346380000,1500346439000,112.126,112.132,112.126,112.129,86900000,1
1500346440000,1500346499000,112.128,112.129,112.101,112.107,168620000,1
1500346500000,1500346559000,112.109,112.126,112.107,112.126,94100000,1
1500346560000,1500346619000,112.126,112.127,112.11,112.117,74730000,1
1500346620000,1500346679000,112.117,112.121,112.113,112.113,63850000,1
1500346680000,1500346739000,112.113,112.122,112.113,112.122,61720000,1
1500346740000,1500346799000,112.124,112.151,112.124,112.141,203630000,1
1500346800000,1500346859000,112.143,112.15,112.137,112.15,152420000,1
1500346860000,1500346919000,112.15,112.159,112.145,112.159,148370000,1
1500346920000,1500346979000,112.158,112.16,112.158,112.158,67460000,1
1500346980000,1500347039000,112.159,112.159,112.144,112.153,123310000,1
1500347040000,1500347099000,112.155,112.159,112.146,112.146,116190000,1
1500347100000,1500347159000,112.147,112.147,112.131,112.139,52400000,1
1500347160000,1500347219000,112.139,112.142,112.137,112.139,40480000,1
1500347220000,1500347279000,112.137,112.14,112.132,112.138,62230000,1
1500347280000,1500347339000,112.139,112.141,112.137,112.137,78870000,1
1500347340000,1500347399000,112.137,112.146,112.135,112.146,124680000,1
1500347400000,1500347459000,112.146,112.156,112.146,112.154,229540000,1
1500347460000,1500347519000,112.153,112.158,112.153,112.158,48050000,1
1500347520000,1500347579000,112.159,112.159,112.133,112.133,114230000,1
1500347580000,1500347639000,112.134,112.141,112.134,112.139,94700000,1
1500347640000,1500347699000,112.139,112.163,112.139,112.158,89260000,1
1500347700000,1500347759000,112.158,112.165,112.158,112.16,116560000,1
1500347760000,1500347819000,112.161,112.161,112.16,112.16,28440000,1
1500347820000,1500347879000,112.16,112.16,112.158,112.159,52520000,1
1500347880000,1500347939000,112.159,112.16,112.127,112.135,64630000,1
1500347940000,1500347999000,112.135,112.135,112.114,112.118,90080000,1
1500348000000,1500348059000,112.119,112.12,112.1,112.102,118710000,1
1500348060000,1500348119000,112.103,112.112,112.101,112.111,207770000,1
1500348120000,1500348179000,112.111,112.112,112.096,112.096,83600000,1
1500348180000,1500348239000,112.098,112.101,112.096,112.098,77360000,1
1500348240000,1500348299000,112.1,112.109,112.091,112.096,74860000,1
1500348300000,1500348359000,112.097,112.116,112.095,112.096,105860000,1
1500348360000,1500348419000,112.095,112.095,112.079,112.087,127810000,1
1500348420000,1500348479000,112.086,112.086,112.032,112.048,190180000,1
1500348480000,1500348539000,112.051,112.066,112.051,112.055,106070000,1
1500348540000,1500348599000,112.054,112.054,112.026,112.033,142000000,1
1500348600000,1500348659000,112.031,112.043,112.017,112.017,110380000,1
1500348660000,1500348719000,112.017,112.032,112.012,112.021,175140000,1
1500348720000,1500348779000,112.019,112.028,112.009,112.011,176060000,1
1500348780000,1500348839000,112.011,112.027,111.986,112.026,252780000,1
1500348840000,1500348899000,112.026,112.039,112.019,112.032,185980000,1
1500348900000,1500348959000,112.035,112.049,112.023,112.027,136990000,1
1500348960000,1500349019000,112.027,112.039,112.025,112.039,71770000,1
1500349020000,1500349079000,112.04,112.053,112.04,112.052,83530000,1
1500349080000,1500349139000,112.051,112.051,112.045,112.045,40980000,1
1500349140000,1500349199000,112.044,112.053,112.041,112.047,145580000,1
1500349200000,1500349259000,112.046,112.063,112.046,112.061,101080000,1
1500349260000,1500349319000,112.063,112.067,112.056,112.064,115300000,1
1500349320000,1500349379000,112.064,112.084,112.063,112.084,53880000,1
1500349380000,1500349439000,112.081,112.104,112.076,112.102,124890000,1
1500349440000,1500349499000,112.102,112.109,112.096,112.098,103720000,1
1500349500000,1500349559000,112.098,112.098,112.087,112.088,67570000,1
1500349560000,1500349619000,112.088,112.101,112.088,112.101,75210000,1
1500349620000,1500349679000,112.101,112.114,112.101,112.108,119590000,1
1500349680000,1500349739000,112.108,112.113,112.108,112.113,20050000,1
1500349740000,1500349799000,112.113,112.115,112.109,112.115,38000000,1
1500349800000,1500349859000,112.117,112.176,112.115,112.159,232340000,1
1500349860000,1500349919000,112.159,112.168,112.146,112.164,169980000,1
1500349920000,1500349979000,112.163,112.165,112.154,112.154,148700000,1
1500349980000,1500350039000,112.153,112.155,112.13,112.13,109520000,1
1500350040000,1500350099000,112.133,112.153,112.133,112.153,168900000,1
1500350100000,1500350159000,112.152,112.156,112.149,112.151,116330000,1
1500350160000,1500350219000,112.151,112.151,112.146,112.149,82540000,1
1500350220000,1500350279000,112.149,112.156,112.133,112.155,61090000,1
1500350280000,1500350339000,112.155,112.164,112.151,112.153,47980000,1
1500350340000,1500350399000,112.153,112.154,112.151,112.152,23540000,1
1500350400000,1500350459000,112.152,112.156,112.151,112.152,35270000,1
1500350460000,1500350519000,112.153,112.16,112.153,112.153,32520000,1
1500350520000,1500350579000,112.153,112.16,112.143,112.147,78730000,1
1500350580000,1500350639000,112.146,112.163,112.145,112.161,38070000,1
1500350640000,1500350699000,112.16,112.161,112.159,112.16,14250000,1
1500350700000,1500350759000,112.16,112.178,112.159,112.172,170260000,1
1500350760000,1500350819000,112.172,112.174,112.166,112.171,68030000,1
1500350820000,1500350879000,112.17,112.177,112.16,112.16,68540000,1
1500350880000,1500350939000,112.16,112.16,112.15,112.158,33470000,1
1500350940000,1500350999000,112.157,112.16,112.153,112.16,37650000,1
1500351000000,1500351059000,112.161,112.165,112.16,112.165,38240000,1
1500351060000,1500351119000,112.166,112.168,112.165,112.166,37020000,1
1500351120000,1500351179000,112.165,112.165,112.146,112.146,61530000,1
1500351180000,1500351239000,112.146,112.15,112.14,112.146,55650000,1
1500351240000,1500351299000,112.146,112.151,112.145,112.151,78930000,1
1500351300000,1500351359000,112.152,112.152,112.14,112.149,99710000,1
1500351360000,1500351419000,112.149,112.153,112.149,112.151,56260000,1
1500351420000,1500351479000,112.152,112.153,112.132,112.133,114680000,1
1500351480000,1500351539000,112.133,112.17,112.133,112.167,87600000,1
1500351540000,1500351599000,112.168,112.19,112.168,112.186,143960000,1
1500351600000,1500351659000,112.183,112.201,112.179,112.183,139770000,1
1500351660000,1500351719000,112.182,112.184,112.178,112.183,98100000,1
1500351720000,1500351779000,112.182,112.183,112.179,112.182,78910000,1
1500351780000,1500351839000,112.181,112.181,112.173,112.177,77800000,1
1500351840000,1500351899000,112.177,112.189,112.177,112.189,108410000,1
1500351900000,1500351959000,112.189,112.189,112.165,112.171,120800000,1
1500351960000,1500352019000,112.172,112.172,112.165,112.165,78260000,1
1500352020000,1500352079000,112.166,112.166,112.153,112.158,67430000,1
1500352080000,1500352139000,112.158,112.158,112.145,112.152,85670000,1
1500352140000,1500352199000,112.152,112.181,112.152,112.175,83710000,1
1500352200000,1500352259000,112.171,112.188,112.171,112.182,75910000,1
1500352260000,1500352319000,112.182,112.183,112.173,112.176,36350000,1
1500352320000,1500352379000,112.176,112.176,112.17,112.171,53110000,1
1500352380000,1500352439000,112.174,112.181,112.17,112.172,83200000,1
1500352440000,1500352499000,112.172,112.174,112.166,112.166,41910000,1
1500352500000,1500352559000,112.164,112.164,112.16,112.163,35090000,1
1500352560000,1500352619000,112.161,112.163,112.157,112.158,68880000,1
1500352620000,1500352679000,112.157,112.162,112.139,112.16,109210000,1
1500352680000,1500352739000,112.16,112.163,112.156,112.156,81550000,1
1500352740000,1500352799000,112.152,112.154,112.142,112.148,79120000,1
1500352800000,1500352859000,112.148,112.15,112.142,112.147,63960000,1
1500352860000,1500352919000,112.149,112.175,112.149,112.172,56160000,1
1500352920000,1500352979000,112.172,112.173,112.171,112.171,17080000,1
1500352980000,1500353039000,112.172,112.173,112.166,112.173,46060000,1
1500353040000,1500353099000,112.172,112.178,112.171,112.171,63910000,1
1500353100000,1500353159000,112.171,112.171,112.154,112.158,112540000,1
1500353160000,1500353219000,112.159,112.178,112.159,112.171,168930000,1
1500353220000,1500353279000,112.17,112.172,112.163,112.163,126310000,1
1500353280000,1500353339000,112.163,112.163,112.145,112.153,128900000,1
1500353340000,1500353399000,112.154,112.154,112.146,112.15,88910000,1
1500353400000,1500353459000,112.15,112.151,112.14,112.141,48330000,1
1500353460000,1500353519000,112.14,112.14,112.138,112.139,12370000,1
1500353520000,1500353579000,112.141,112.148,112.139,112.148,99040000,1
1500353580000,1500353639000,112.148,112.151,112.138,112.138,52510000,1
1500353640000,1500353699000,112.138,112.145,112.131,112.144,72820000,1
1500353700000,1500353759000,112.144,112.15,112.144,112.15,77490000,1
1500353760000,1500353819000,112.149,112.15,112.138,112.138,60130000,1
1500353820000,1500353879000,112.139,112.139,112.076,112.08,126400000,1
1500353880000,1500353939000,112.078,112.083,112.053,112.057,203720000,1
1500353940000,1500353999000,112.057,112.074,112.057,112.07,165230000,1
1500354000000,1500354059000,112.069,112.07,112.048,112.058,91890000,1
1500354060000,1500354119000,112.057,112.072,112.054,112.066,73620000,1
1500354120000,1500354179000,112.065,112.066,112.046,112.046,98710000,1
1500354180000,1500354239000,112.045,112.054,112.038,112.048,117800000,1
1500354240000,1500354299000,112.048,112.05,112.039,112.04,77950000,1
1500354300000,1500354359000,112.04,112.053,112.04,112.048,156360000,1
1500354360000,1500354419000,112.048,112.074,112.048,112.071,167260000,1
1500354420000,1500354479000,112.072,112.08,112.07,112.073,116850000,1
1500354480000,1500354539000,112.074,112.085,112.074,112.083,111890000,1
1500354540000,1500354599000,112.083,112.085,112.079,112.085,65470000,1
1500354600000,1500354659000,112.084,112.09,112.083,112.084,89080000,1
1500354660000,1500354719000,112.083,112.105,112.083,112.105,63340000,1
1500354720000,1500354779000,112.105,112.105,112.097,112.1,118330000,1
1500354780000,1500354839000,112.099,112.107,112.099,112.104,21410000,1
1500354840000,1500354899000,112.104,112.105,112.096,112.098,90900000,1
1500354900000,1500354959000,112.095,112.103,112.077,112.084,107630000,1
1500354960000,1500355019000,112.084,112.096,112.059,112.087,183850000,1
1500355020000,1500355079000,112.086,112.095,112.086,112.091,64720000,1
1500355080000,1500355139000,112.09,112.134,112.09,112.128,45560000,1
1500355140000,1500355199000,112.126,112.126,112.105,112.106,102760000,1
1500355200000,1500355259000,112.106,112.109,112.091,112.097,78750000,1
1500355260000,1500355319000,112.097,112.125,112.096,112.118,132620000,1
1500355320000,1500355379000,112.118,112.123,112.109,112.109,91250000,1
1500355380000,1500355439000,112.109,112.11,112.102,112.11,87920000,1
1500355440000,1500355499000,112.11,112.11,112.088,112.088,89510000,1
1500355500000,1500355559000,112.086,112.086,112.081,112.083,19680000,1
1500355560000,1500355619000,112.083,112.087,112.083,112.083,34060000,1
1500355620000,1500355679000,112.083,112.083,112.07,112.077,57080000,1
1500355680000,1500355739000,112.077,112.077,112.07,112.071,36040000,1
1500355740000,1500355799000,112.071,112.073,112.063,112.071,49170000,1
1500355800000,1500355859000,112.076,112.086,112.076,112.086,79410000,1
1500355860000,1500355919000,112.087,112.096,112.082,112.09,57500000,1
1500355920000,1500355979000,112.088,112.097,112.085,112.09,54490000,1
1500355980000,1500356039000,112.09,112.094,112.083,112.083,43060000,1
1500356040000,1500356099000,112.083,112.085,112.082,112.085,67430000,1
1500356100000,1500356159000,112.084,112.093,112.076,112.09,119560000,1
1500356160000,1500356219000,112.091,112.091,112.079,112.088,110590000,1
1500356220000,1500356279000,112.088,112.089,112.077,112.078,94890000,1
1500356280000,1500356339000,112.077,112.077,112.056,112.058,81960000,1
1500356340000,1500356399000,112.059,112.067,112.057,112.067,116720000,1
1500356400000,1500356459000,112.065,112.069,112.057,112.057,148920000,1
1500356460000,1500356519000,112.057,112.058,112.054,112.057,58970000,1
1500356520000,1500356579000,112.057,112.057,112.032,112.033,134490000,1
1500356580000,1500356639000,112.033,112.059,112.032,112.058,119880000,1
1500356640000,1500356699000,112.057,112.058,112.055,112.058,133270000,1
1500356700000,1500356759000,112.057,112.07,112.053,112.07,49260000,1
1500356760000,1500356819000,112.07,112.078,112.07,112.071,93320000,1
1500356820000,1500356879000,112.071,112.092,112.071,112.092,102400000,1
1500356880000,1500356939000,112.091,112.103,112.086,112.095,95870000,1
1500356940000,1500356999000,112.096,112.101,112.094,112.1,129690000,1
1500357000000,1500357059000,112.098,112.109,112.095,112.104,186580000,1
1500357060000,1500357119000,112.104,112.115,112.101,112.109,132130000,1
1500357120000,1500357179000,112.109,112.151,112.109,112.138,156660000,1
1500357180000,1500357239000,112.139,112.153,112.125,112.129,230360000,1
1500357240000,1500357299000,112.128,112.132,112.126,112.129,102530000,1
1500357300000,1500357359000,112.129,112.135,112.122,112.135,143070000,1
1500357360000,1500357419000,112.134,112.142,112.129,112.135,155430000,1
1500357420000,1500357479000,112.133,112.135,112.123,112.129,140300000,1
1500357480000,1500357539000,112.129,112.13,112.122,112.126,99830000,1
1500357540000,1500357599000,112.127,112.134,112.1,112.108,168190000,1
1500357600000,1500357659000,112.106,112.113,112.082,112.095,172560000,1
1500357660000,1500357719000,112.095,112.098,112.082,112.085,125240000,1
1500357720000,1500357779000,112.084,112.138,112.073,112.119,216430000,1
1500357780000,1500357839000,112.118,112.148,112.118,112.136,118870000,1
1500357840000,1500357899000,112.136,112.14,112.095,112.119,245520000,1
1500357900000,1500357959000,112.12,112.133,112.113,112.12,73480000,1
1500357960000,1500358019000,112.119,112.126,112.113,112.115,114240000,1
1500358020000,1500358079000,112.115,112.139,112.112,112.112,164930000,1
1500358080000,1500358139000,112.115,112.136,112.113,112.131,210300000,1
1500358140000,1500358199000,112.132,112.146,112.126,112.14,198880000,1
1500358200000,1500358259000,112.139,112.145,112.137,112.138,125610000,1
1500358260000,1500358319000,112.137,112.137,112.108,112.117,123700000,1
1500358320000,1500358379000,112.118,112.135,112.08,112.083,161470000,1
1500358380000,1500358439000,112.083,112.115,112.076,112.085,159750000,1
1500358440000,1500358499000,112.085,112.092,112.08,112.081,101930000,1
1500358500000,1500358559000,112.08,112.084,112.075,112.083,120640000,1
1500358560000,1500358619000,112.084,112.096,112.07,112.088,102850000,1
1500358620000,1500358679000,112.087,112.108,112.087,112.096,111770000,1
1500358680000,1500358739000,112.095,112.098,112.062,112.062,178360000,1
1500358740000,1500358799000,112.062,112.083,112.062,112.071,135700000,1
1500358800000,1500358859000,112.071,112.091,112.071,112.091,87620000,1
1500358860000,1500358919000,112.091,112.103,112.086,112.091,78440000,1
1500358920000,1500358979000,112.091,112.107,112.09,112.1,88470000,1
1500358980000,1500359039000,112.1,112.114,112.09,112.09,92540000,1
1500359040000,1500359099000,112.09,112.099,112.084,112.086,128830000,1
1500359100000,1500359159000,112.085,112.116,112.085,112.116,108460000,1
1500359160000,1500359219000,112.117,112.122,112.115,112.12,100820000,1
1500359220000,1500359279000,112.119,112.122,112.103,112.103,129800000,1
1500359280000,1500359339000,112.102,112.102,112.084,112.085,161780000,1
1500359340000,1500359399000,112.086,112.099,112.086,112.093,140860000,1
1500359400000,1500359459000,112.092,112.1,112.079,112.1,121930000,1
1500359460000,1500359519000,112.1,112.106,112.098,112.106,33600000,1
1500359520000,1500359579000,112.105,112.12,112.101,112.102,127740000,1
1500359580000,1500359639000,112.102,112.123,112.102,112.107,111660000,1
1500359640000,1500359699000,112.109,112.118,112.102,112.111,114880000,1
1500359700000,1500359759000,112.11,112.115,112.105,112.112,67780000,1
1500359760000,1500359819000,112.111,112.112,112.104,112.104,78940000,1
1500359820000,1500359879000,112.102,112.123,112.098,112.122,123950000,1
1500359880000,1500359939000,112.123,112.153,112.123,112.148,179910000,1
1500359940000,1500359999000,112.147,112.149,112.135,112.138,108110000,1
1500360000000,1500360059000,112.138,112.151,112.127,112.15,205840000,1
1500360060000,1500360119000,112.15,112.173,112.139,112.164,167200000,1
1500360120000,1500360179000,112.165,112.176,112.164,112.172,100220000,1
1500360180000,1500360239000,112.172,112.177,112.168,112.175,143940000,1
1500360240000,1500360299000,112.175,112.175,112.153,112.171,110470000,1
1500360300000,1500360359000,112.17,112.173,112.166,112.169,142260000,1
1500360360000,1500360419000,112.167,112.171,112.158,112.164,125900000,1
1500360420000,1500360479000,112.162,112.194,112.161,112.191,206900000,1
1500360480000,1500360539000,112.19,112.198,112.171,112.171,223960000,1
1500360540000,1500360599000,112.172,112.184,112.166,112.182,188060000,1
1500360600000,1500360659000,112.181,112.181,112.157,112.168,120520000,1
1500360660000,1500360719000,112.168,112.198,112.168,112.198,117620000,1
1500360720000,1500360779000,112.199,112.199,112.174,112.181,183910000,1
1500360780000,1500360839000,112.181,112.202,112.181,112.2,126980000,1
1500360840000,1500360899000,112.199,112.213,112.179,112.183,260870000,1
1500360900000,1500360959000,112.184,112.185,112.155,112.155,242860000,1
1500360960000,1500361019000,112.154,112.163,112.141,112.158,166210000,1
1500361020000,1500361079000,112.158,112.167,112.156,112.156,88670000,1
1500361080000,1500361139000,112.157,112.173,112.157,112.173,133830000,1
1500361140000,1500361199000,112.173,112.173,112.157,112.164,194040000,1
1500361200000,1500361259000,112.164,112.165,112.143,112.157,203440000,1
1500361260000,1500361319000,112.158,112.217,112.158,112.217,191610000,1
1500361320000,1500361379000,112.218,112.248,112.209,112.231,235330000,1
1500361380000,1500361439000,112.234,112.274,112.217,112.264,299420000,1
1500361440000,1500361499000,112.266,112.267,112.24,112.24,173280000,1
1500361500000,1500361559000,112.238,112.256,112.237,112.256,143610000,1
1500361560000,1500361619000,112.257,112.268,112.243,112.267,141560000,1
1500361620000,1500361679000,112.267,112.27,112.255,112.259,186930000,1
1500361680000,1500361739000,112.259,112.307,112.257,112.293,236310000,1
1500361740000,1500361799000,112.292,112.324,112.282,112.312,286820000,1
1500361800000,1500361859000,112.31,112.334,112.302,112.325,291180000,1
1500361860000,1500361919000,112.324,112.329,112.316,112.329,118360000,1
1500361920000,1500361979000,112.329,112.338,112.317,112.338,159720000,1
1500361980000,1500362039000,112.337,112.346,112.328,112.337,141160000,1
1500362040000,1500362099000,112.335,112.336,112.323,112.324,191840000,1
1500362100000,1500362159000,112.323,112.328,112.317,112.323,159670000,1
1500362160000,1500362219000,112.322,112.323,112.316,112.322,187420000,1
1500362220000,1500362279000,112.323,112.333,112.319,112.321,148700000,1
1500362280000,1500362339000,112.321,112.325,112.312,112.319,139780000,1
1500362340000,1500362399000,112.318,112.323,112.297,112.304,117720000,1
1500362400000,1500362459000,112.306,112.31,112.295,112.309,105070000,1
1500362460000,1500362519000,112.309,112.331,112.304,112.32,159220000,1
1500362520000,1500362579000,112.321,112.322,112.313,112.313,122690000,1
1500362580000,1500362639000,112.312,112.324,112.312,112.323,129860000,1
1500362640000,1500362699000,112.324,112.328,112.32,112.326,169430000,1
1500362700000,1500362759000,112.327,112.341,112.324,112.324,124710000,1
1500362760000,1500362819000,112.324,112.324,112.309,112.309,110970000,1
1500362820000,1500362879000,112.31,112.315,112.291,112.298,125630000,1
1500362880000,1500362939000,112.298,112.304,112.288,112.292,142130000,1
1500362940000,1500362999000,112.291,112.299,112.277,112.277,216420000,1
1500363000000,1500363059000,112.277,112.284,112.265,112.27,208720000,1
1500363060000,1500363119000,112.27,112.273,112.255,112.263,166420000,1
1500363120000,1500363179000,112.264,112.268,112.256,112.259,90140000,1
1500363180000,1500363239000,112.256,112.272,112.256,112.259,176550000,1
1500363240000,1500363299000,112.258,112.277,112.258,112.276,162770000,1
1500363300000,1500363359000,112.275,112.29,112.271,112.288,77620000,1
1500363360000,1500363419000,112.288,112.288,112.273,112.281,118190000,1
1500363420000,1500363479000,112.28,112.282,112.268,112.274,88030000,1
1500363480000,1500363539000,112.275,112.282,112.27,112.276,147180000,1
1500363540000,1500363599000,112.276,112.291,112.276,112.29,119710000,1
1500363600000,1500363659000,112.291,112.3,112.29,112.297,74540000,1
1500363660000,1500363719000,112.296,112.309,112.271,112.289,170520000,1
1500363720000,1500363779000,112.291,112.293,112.279,112.282,94920000,1
1500363780000,1500363839000,112.282,112.284,112.273,112.274,109870000,1
1500363840000,1500363899000,112.273,112.274,112.26,112.263,123740000,1
1500363900000,1500363959000,112.264,112.272,112.26,112.266,128200000,1
1500363960000,1500364019000,112.268,112.269,112.255,112.262,93900000,1
1500364020000,1500364079000,112.262,112.271,112.257,112.262,120230000,1
1500364080000,1500364139000,112.261,112.272,112.261,112.271,129250000,1
1500364140000,1500364199000,112.271,112.278,112.269,112.273,122400000,1
1500364200000,1500364259000,112.273,112.277,112.256,112.257,128240000,1
1500364260000,1500364319000,112.257,112.273,112.254,112.266,83610000,1
1500364320000,1500364379000,112.264,112.264,112.254,112.256,162360000,1
1500364380000,1500364439000,112.256,112.261,112.254,112.258,132420000,1
1500364440000,1500364499000,112.259,112.261,112.254,112.255,107020000,1
1500364500000,1500364559000,112.255,112.259,112.239,112.245,181890000,1
1500364560000,1500364619000,112.245,112.25,112.231,112.239,159520000,1
1500364620000,1500364679000,112.238,112.246,112.236,112.242,88790000,1
1500364680000,1500364739000,112.241,112.243,112.232,112.237,99080000,1
1500364740000,1500364799000,112.235,112.24,112.234,112.239,93320000,1
1500364800000,1500364859000,112.238,112.261,112.233,112.258,132800000,1
1500364860000,1500364919000,112.258,112.26,112.236,112.236,108440000,1
1500364920000,1500364979000,112.237,112.237,112.228,112.234,100230000,1
1500364980000,1500365039000,112.234,112.243,112.231,112.232,97600000,1
1500365040000,1500365099000,112.231,112.24,112.226,112.231,103040000,1
1500365100000,1500365159000,112.233,112.237,112.229,112.233,137320000,1
1500365160000,1500365219000,112.233,112.259,112.232,112.259,114980000,1
1500365220000,1500365279000,112.258,112.258,112.246,112.249,73140000,1
1500365280000,1500365339000,112.249,112.267,112.249,112.263,172240000,1
1500365340000,1500365399000,112.263,112.265,112.249,112.265,94870000,1
1500365400000,1500365459000,112.265,112.276,112.265,112.275,132510000,1
1500365460000,1500365519000,112.275,112.289,112.271,112.282,124340000,1
1500365520000,1500365579000,112.282,112.284,112.281,112.284,51080000,1
1500365580000,1500365639000,112.282,112.284,112.276,112.284,106400000,1
1500365640000,1500365699000,112.283,112.306,112.282,112.3,131320000,1
1500365700000,1500365759000,112.3,112.304,112.291,112.292,116340000,1
1500365760000,1500365819000,112.295,112.316,112.295,112.312,101310000,1
1500365820000,1500365879000,112.313,112.324,112.309,112.324,92120000,1
1500365880000,1500365939000,112.324,112.368,112.323,112.348,196990000,1
1500365940000,1500365999000,112.347,112.359,112.34,112.358,133860000,1
1500366000000,1500366059000,112.357,112.375,112.356,112.362,113240000,1
1500366060000,1500366119000,112.364,112.376,112.363,112.369,106170000,1
1500366120000,1500366179000,112.369,112.37,112.352,112.352,164310000,1
1500366180000,1500366239000,112.352,112.357,112.346,112.346,72550000,1
1500366240000,1500366299000,112.347,112.357,112.342,112.351,164770000,1
1500366300000,1500366359000,112.353,112.357,112.34,112.344,112400000,1
1500366360000,1500366419000,112.344,112.351,112.333,112.334,152120000,1
1500366420000,1500366479000,112.334,112.344,112.334,112.341,89070000,1
1500366480000,1500366539000,112.341,112.351,112.341,112.351,160990000,1
1500366540000,1500366599000,112.351,112.367,112.349,112.35,161780000,1
1500366600000,1500366659000,112.349,112.35,112.299,112.303,206950000,1
1500366660000,1500366719000,112.301,112.301,112.268,112.293,236700000,1
1500366720000,1500366779000,112.293,112.299,112.293,112.294,162500000,1
1500366780000,1500366839000,112.293,112.299,112.274,112.291,208000000,1
1500366840000,1500366899000,112.292,112.297,112.282,112.295,132090000,1
1500366900000,1500366959000,112.297,112.307,112.258,112.268,200160000,1
1500366960000,1500367019000,112.269,112.284,112.263,112.284,185260000,1
1500367020000,1500367079000,112.284,112.296,112.281,112.284,138300000,1
1500367080000,1500367139000,112.284,112.297,112.282,112.297,286930000,1
1500367140000,1500367199000,112.296,112.322,112.293,112.295,325680000,1
1500367200000,1500367259000,112.295,112.296,112.281,112.284,125310000,1
1500367260000,1500367319000,112.284,112.326,112.283,112.312,196680000,1
1500367320000,1500367379000,112.312,112.33,112.309,112.319,190270000,1
1500367380000,1500367439000,112.321,112.324,112.314,112.323,175810000,1
1500367440000,1500367499000,112.322,112.323,112.315,112.32,127840000,1
1500367500000,1500367559000,112.32,112.33,112.317,112.322,165510000,1
1500367560000,1500367619000,112.324,112.337,112.323,112.333,117830000,1
1500367620000,1500367679000,112.332,112.36,112.332,112.347,127170000,1
1500367680000,1500367739000,112.348,112.37,112.347,112.353,190590000,1
1500367740000,1500367799000,112.352,112.354,112.341,112.349,135410000,1
1500367800000,1500367859000,112.348,112.348,112.333,112.333,151110000,1
1500367860000,1500367919000,112.334,112.344,112.333,112.334,199690000,1
1500367920000,1500367979000,112.336,112.34,112.326,112.331,97790000,1
1500367980000,1500368039000,112.331,112.336,112.329,112.331,68700000,1
1500368040000,1500368099000,112.33,112.342,112.329,112.34,47680000,1
1500368100000,1500368159000,112.339,112.339,112.326,112.334,89470000,1
1500368160000,1500368219000,112.334,112.334,112.308,112.32,102140000,1
1500368220000,1500368279000,112.32,112.322,112.293,112.298,118490000,1
1500368280000,1500368339000,112.298,112.311,112.291,112.293,109070000,1
1500368340000,1500368399000,112.293,112.302,112.293,112.301,97380000,1
1500368400000,1500368459000,112.301,112.31,112.292,112.293,203160000,1
1500368460000,1500368519000,112.292,112.294,112.283,112.293,168670000,1
1500368520000,1500368579000,112.294,112.301,112.294,112.298,125800000,1
1500368580000,1500368639000,112.297,112.306,112.282,112.297,157020000,1
1500368640000,1500368699000,112.298,112.304,112.287,112.292,177800000,1
1500368700000,1500368759000,112.29,112.307,112.284,112.3,167010000,1
1500368760000,1500368819000,112.299,112.301,112.282,112.288,223740000,1
1500368820000,1500368879000,112.288,112.307,112.277,112.304,147250000,1
1500368880000,1500368939000,112.303,112.307,112.3,112.3,100770000,1
1500368940000,1500368999000,112.302,112.302,112.273,112.283,162030000,1
1500369000000,1500369059000,112.283,112.294,112.281,112.291,85390000,1
1500369060000,1500369119000,112.292,112.306,112.288,112.302,156150000,1
1500369120000,1500369179000,112.308,112.314,112.298,112.307,89700000,1
1500369180000,1500369239000,112.307,112.307,112.281,112.289,113040000,1
1500369240000,1500369299000,112.288,112.302,112.28,112.289,132830000,1
1500369300000,1500369359000,112.29,112.304,112.29,112.296,122540000,1
1500369360000,1500369419000,112.296,112.297,112.287,112.287,93270000,1
1500369420000,1500369479000,112.287,112.293,112.277,112.277,154780000,1
1500369480000,1500369539000,112.277,112.278,112.262,112.262,76850000,1
1500369540000,1500369599000,112.262,112.278,112.256,112.278,148420000,1
1500369600000,1500369659000,112.278,112.278,112.251,112.252,167030000,1
1500369660000,1500369719000,112.254,112.255,112.248,112.252,108660000,1
1500369720000,1500369779000,112.25,112.264,112.249,112.256,200160000,1
1500369780000,1500369839000,112.255,112.273,112.255,112.267,146840000,1
1500369840000,1500369899000,112.267,112.268,112.249,112.255,190960000,1
1500369900000,1500369959000,112.256,112.258,112.249,112.256,120590000,1
1500369960000,1500370019000,112.255,112.255,112.247,112.25,114670000,1
1500370020000,1500370079000,112.251,112.277,112.249,112.271,116900000,1
1500370080000,1500370139000,112.273,112.274,112.257,112.263,152590000,1
1500370140000,1500370199000,112.263,112.264,112.258,112.26,85940000,1
1500370200000,1500370259000,112.258,112.276,112.258,112.27,70120000,1
1500370260000,1500370319000,112.269,112.271,112.256,112.271,104420000,1
1500370320000,1500370379000,112.27,112.285,112.27,112.271,116600000,1
1500370380000,1500370439000,112.271,112.271,112.245,112.247,135080000,1
1500370440000,1500370499000,112.246,112.246,112.225,112.225,157770000,1
1500370500000,1500370559000,112.227,112.237,112.21,112.234,201640000,1
1500370560000,1500370619000,112.232,112.263,112.232,112.239,258070000,1
1500370620000,1500370679000,112.242,112.253,112.242,112.242,159510000,1
1500370680000,1500370739000,112.242,112.249,112.236,112.245,175360000,1
1500370740000,1500370799000,112.245,112.255,112.228,112.229,126290000,1
1500370800000,1500370859000,112.229,112.243,112.229,112.239,116880000,1
1500370860000,1500370919000,112.241,112.254,112.236,112.248,115810000,1
1500370920000,1500370979000,112.246,112.248,112.234,112.234,103540000,1
1500370980000,1500371039000,112.235,112.235,112.224,112.224,62150000,1
1500371040000,1500371099000,112.224,112.229,112.211,112.212,118980000,1
1500371100000,1500371159000,112.211,112.216,112.2,112.211,154340000,1
1500371160000,1500371219000,112.21,112.223,112.201,112.222,130340000,1
1500371220000,1500371279000,112.224,112.229,112.214,112.222,95080000,1
1500371280000,1500371339000,112.22,112.239,112.218,112.226,107890000,1
1500371340000,1500371399000,112.227,112.251,112.224,112.237,93700000,1
1500371400000,1500371459000,112.236,112.241,112.227,112.236,87510000,1
1500371460000,1500371519000,112.236,112.245,112.236,112.244,75020000,1
1500371520000,1500371579000,112.245,112.245,112.225,112.231,88890000,1
1500371580000,1500371639000,112.23,112.23,112.223,112.223,53660000,1
1500371640000,1500371699000,112.223,112.229,112.213,112.227,173280000,1
1500371700000,1500371759000,112.225,112.23,112.219,112.229,126410000,1
1500371760000,1500371819000,112.23,112.23,112.213,112.223,92320000,1
1500371820000,1500371879000,112.223,112.23,112.222,112.225,79220000,1
1500371880000,1500371939000,112.226,112.234,112.225,112.231,41520000,1
1500371940000,1500371999000,112.231,112.231,112.193,112.199,145500000,1
1500372000000,1500372059000,112.199,112.211,112.195,112.199,174140000,1
1500372060000,1500372119000,112.199,112.201,112.179,112.179,117990000,1
1500372120000,1500372179000,112.179,112.182,112.164,112.176,159960000,1
1500372180000,1500372239000,112.177,112.185,112.175,112.179,128220000,1
1500372240000,1500372299000,112.178,112.197,112.175,112.187,126930000,1
1500372300000,1500372359000,112.187,112.192,112.173,112.192,90950000,1
1500372360000,1500372419000,112.192,112.207,112.191,112.207,119230000,1
1500372420000,1500372479000,112.207,112.213,112.206,112.206,79520000,1
1500372480000,1500372539000,112.205,112.221,112.2,112.216,128530000,1
1500372540000,1500372599000,112.216,112.219,112.211,112.219,91850000,1
1500372600000,1500372659000,112.219,112.219,112.198,112.198,95040000,1
1500372660000,1500372719000,112.198,112.198,112.184,112.188,104760000,1
1500372720000,1500372779000,112.191,112.194,112.183,112.189,120340000,1
1500372780000,1500372839000,112.187,112.189,112.163,112.172,120810000,1
1500372840000,1500372899000,112.173,112.19,112.17,112.19,77530000,1
1500372900000,1500372959000,112.189,112.193,112.185,112.19,84840000,1
1500372960000,1500373019000,112.19,112.191,112.165,112.172,149980000,1
1500373020000,1500373079000,112.173,112.174,112.153,112.155,129340000,1
1500373080000,1500373139000,112.155,112.161,112.148,112.154,95710000,1
1500373140000,1500373199000,112.154,112.155,112.147,112.148,113770000,1
1500373200000,1500373259000,112.149,112.15,112.145,112.147,126370000,1
1500373260000,1500373319000,112.147,112.157,112.145,112.15,134670000,1
1500373320000,1500373379000,112.152,112.172,112.152,112.17,137130000,1
1500373380000,1500373439000,112.17,112.175,112.168,112.171,92100000,1
1500373440000,1500373499000,112.172,112.174,112.157,112.159,90870000,1
1500373500000,1500373559000,112.159,112.162,112.15,112.157,102510000,1
1500373560000,1500373619000,112.157,112.168,112.126,112.133,205380000,1
1500373620000,1500373679000,112.132,112.147,112.114,112.143,209020000,1
1500373680000,1500373739000,112.145,112.145,112.131,112.133,134630000,1
1500373740000,1500373799000,112.132,112.159,112.132,112.156,156240000,1
1500373800000,1500373859000,112.155,112.157,112.149,112.15,149770000,1
1500373860000,1500373919000,112.15,112.15,112.117,112.122,163480000,1
1500373920000,1500373979000,112.122,112.137,112.12,112.132,264830000,1
1500373980000,1500374039000,112.131,112.132,112.123,112.132,179950000,1
1500374040000,1500374099000,112.132,112.148,112.123,112.126,121590000,1
1500374100000,1500374159000,112.126,112.127,112.116,112.116,64980000,1
1500374160000,1500374219000,112.119,112.128,112.119,112.128,94540000,1
1500374220000,1500374279000,112.128,112.134,112.125,112.125,59720000,1
1500374280000,1500374339000,112.125,112.128,112.108,112.108,98030000,1
1500374340000,1500374399000,112.109,112.115,112.106,112.112,118250000,1
1500374400000,1500374459000,112.111,112.114,112.087,112.095,187820000,1
1500374460000,1500374519000,112.097,112.098,112.08,112.087,101850000,1
1500374520000,1500374579000,112.087,112.089,112.081,112.085,129590000,1
1500374580000,1500374639000,112.085,112.098,112.081,112.098,152980000,1
1500374640000,1500374699000,112.098,112.113,112.098,112.108,123830000,1
1500374700000,1500374759000,112.108,112.108,112.084,112.094,109950000,1
1500374760000,1500374819000,112.094,112.097,112.093,112.094,54210000,1
1500374820000,1500374879000,112.095,112.104,112.094,112.104,133990000,1
1500374880000,1500374939000,112.105,112.138,112.102,112.134,111660000,1
1500374940000,1500374999000,112.134,112.144,112.126,112.143,121830000,1
1500375000000,1500375059000,112.142,112.149,112.13,112.136,105200000,1
1500375060000,1500375119000,112.137,112.144,112.13,112.132,84980000,1
1500375120000,1500375179000,112.132,112.139,112.13,112.136,113680000,1
1500375180000,1500375239000,112.137,112.142,112.129,112.142,92030000,1
1500375240000,1500375299000,112.14,112.143,112.138,112.14,102610000,1
1500375300000,1500375359000,112.14,112.15,112.14,112.149,48470000,1
1500375360000,1500375419000,112.15,112.161,112.149,112.149,94950000,1
1500375420000,1500375479000,112.149,112.149,112.142,112.142,77910000,1
1500375480000,1500375539000,112.142,112.143,112.118,112.122,109940000,1
1500375540000,1500375599000,112.122,112.127,112.111,112.124,156000000,1
1500375600000,1500375659000,112.123,112.123,112.115,112.116,112150000,1
1500375660000,1500375719000,112.116,112.118,112.112,112.117,85710000,1
1500375720000,1500375779000,112.117,112.117,112.083,112.086,172400000,1
1500375780000,1500375839000,112.088,112.093,112.081,112.092,103650000,1
1500375840000,1500375899000,112.09,112.092,112.061,112.065,190670000,1
1500375900000,1500375959000,112.063,112.078,112.061,112.069,133140000,1
1500375960000,1500376019000,112.069,112.074,112.065,112.074,129770000,1
1500376020000,1500376079000,112.074,112.079,112.061,112.061,124820000,1
1500376080000,1500376139000,112.062,112.072,112.061,112.061,109540000,1
1500376140000,1500376199000,112.061,112.062,112.04,112.048,224900000,1
1500376200000,1500376259000,112.047,112.048,112.039,112.041,88220000,1
1500376260000,1500376319000,112.04,112.064,112.039,112.06,127020000,1
1500376320000,1500376379000,112.06,112.081,112.06,112.072,182830000,1
1500376380000,1500376439000,112.074,112.083,112.066,112.071,91410000,1
1500376440000,1500376499000,112.069,112.073,112.068,112.071,86160000,1
1500376500000,1500376559000,112.072,112.095,112.071,112.09,147400000,1
1500376560000,1500376619000,112.089,112.097,112.086,112.095,110690000,1
1500376620000,1500376679000,112.098,112.099,112.077,112.098,144530000,1
1500376680000,1500376739000,112.098,112.1,112.089,112.1,111440000,1
1500376740000,1500376799000,112.101,112.142,112.097,112.137,165300000,1
1500376800000,1500376859000,112.137,112.137,112.113,112.121,167810000,1
1500376860000,1500376919000,112.12,112.126,112.12,112.125,181460000,1
1500376920000,1500376979000,112.125,112.13,112.124,112.126,123550000,1
1500376980000,1500377039000,112.127,112.136,112.12,112.136,131970000,1
1500377040000,1500377099000,112.135,112.15,112.135,112.142,156250000,1
1500377100000,1500377159000,112.14,112.149,112.139,112.14,144560000,1
1500377160000,1500377219000,112.141,112.144,112.132,112.135,115020000,1
1500377220000,1500377279000,112.135,112.144,112.135,112.142,81310000,1
1500377280000,1500377339000,112.14,112.154,112.138,112.153,217350000,1
1500377340000,1500377399000,112.152,112.183,112.143,112.183,182250000,1
1500377400000,1500377459000,112.182,112.182,112.159,112.162,178410000,1
1500377460000,1500377519000,112.161,112.162,112.127,112.136,208010000,1
1500377520000,1500377579000,112.134,112.147,112.131,112.147,152540000,1
1500377580000,1500377639000,112.148,112.148,112.13,112.133,115460000,1
1500377640000,1500377699000,112.133,112.143,112.133,112.14,147900000,1
1500377700000,1500377759000,112.14,112.14,112.11,112.116,118920000,1
1500377760000,1500377819000,112.117,112.117,112.099,112.104,141480000,1
1500377820000,1500377879000,112.105,112.106,112.089,112.093,139530000,1
1500377880000,1500377939000,112.091,112.092,112.064,112.067,127910000,1
1500377940000,1500377999000,112.066,112.073,112.061,112.061,144970000,1
1500378000000,1500378059000,112.061,112.078,112.037,112.037,165660000,1
1500378060000,1500378119000,112.036,112.037,111.996,112.012,228450000,1
1500378120000,1500378179000,112.012,112.018,111.998,112.01,206400000,1
1500378180000,1500378239000,112.01,112.026,112.01,112.024,203630000,1
1500378240000,1500378299000,112.024,112.029,112.011,112.018,136250000,1
1500378300000,1500378359000,112.018,112.04,112.016,112.033,150120000,1
1500378360000,1500378419000,112.034,112.054,112.034,112.04,108340000,1
1500378420000,1500378479000,112.04,112.044,112.039,112.039,70640000,1
1500378480000,1500378539000,112.037,112.037,111.996,111.996,150220000,1
1500378540000,1500378599000,112.0,112.031,111.996,112.03,168670000,1
1500378600000,1500378659000,112.031,112.034,112.019,112.026,198230000,1
1500378660000,1500378719000,112.026,112.048,111.963,112.029,217790000,1
1500378720000,1500378779000,112.031,112.072,112.031,112.057,235030000,1
1500378780000,1500378839000,112.058,112.066,112.05,112.06,111030000,1
1500378840000,1500378899000,112.059,112.09,112.059,112.077,166750000,1
1500378900000,1500378959000,112.077,112.088,112.077,112.083,143170000,1
1500378960000,1500379019000,112.083,112.087,112.076,112.076,117050000,1
1500379020000,1500379079000,112.076,112.082,112.071,112.077,144440000,1
1500379080000,1500379139000,112.078,112.098,112.078,112.094,92380000,1
1500379140000,1500379199000,112.095,112.098,112.089,112.089,127560000,1
1500379200000,1500379259000,112.089,112.089,112.042,112.067,198340000,1
1500379260000,1500379319000,112.067,112.068,112.036,112.036,150030000,1
1500379320000,1500379379000,112.042,112.059,112.038,112.046,165560000,1
1500379380000,1500379439000,112.046,112.054,112.042,112.045,128380000,1
1500379440000,1500379499000,112.045,112.058,112.038,112.039,132200000,1
1500379500000,1500379559000,112.038,112.039,112.0,112.018,261890000,1
1500379560000,1500379619000,112.018,112.024,112.001,112.02,167770000,1
1500379620000,1500379679000,112.019,112.019,111.962,111.987,245550000,1
1500379680000,1500379739000,111.986,112.007,111.983,112.004,124770000,1
1500379740000,1500379799000,112.006,112.026,111.996,112.0,243820000,1
1500379800000,1500379859000,112.0,112.023,112.0,112.022,134460000,1
1500379860000,1500379919000,112.025,112.035,112.019,112.021,237050000,1
1500379920000,1500379979000,112.023,112.034,112.02,112.033,78540000,1
1500379980000,1500380039000,112.031,112.032,112.02,112.023,163440000,1
1500380040000,1500380099000,112.024,112.042,112.02,112.03,113700000,1
1500380100000,1500380159000,112.029,112.046,112.028,112.034,130300000,1
1500380160000,1500380219000,112.034,112.051,112.034,112.039,115900000,1
1500380220000,1500380279000,112.039,112.043,112.032,112.034,134550000,1
1500380280000,1500380339000,112.034,112.042,112.028,112.028,168220000,1
1500380340000,1500380399000,112.028,112.028,112.013,112.022,131650000,1
1500380400000,1500380459000,112.021,112.026,112.008,112.014,138460000,1
1500380460000,1500380519000,112.015,112.027,111.985,112.019,126770000,1
1500380520000,1500380579000,112.018,112.041,112.016,112.041,161500000,1
1500380580000,1500380639000,112.041,112.121,112.041,112.116,279900000,1
1500380640000,1500380699000,112.116,112.124,112.099,112.114,267260000,1
1500380700000,1500380759000,112.112,112.125,112.095,112.096,161410000,1
1500380760000,1500380819000,112.096,112.103,112.085,112.087,188350000,1
1500380820000,1500380879000,112.089,112.091,112.059,112.062,103570000,1
1500380880000,1500380939000,112.06,112.066,112.059,112.061,114560000,1
1500380940000,1500380999000,112.061,112.066,112.051,112.061,161870000,1
1500381000000,1500381059000,112.061,112.063,112.049,112.054,178540000,1
1500381060000,1500381119000,112.053,112.115,112.053,112.11,178110000,1
1500381120000,1500381179000,112.114,112.152,112.113,112.152,187400000,1
1500381180000,1500381239000,112.154,112.157,112.133,112.146,218810000,1
1500381240000,1500381299000,112.145,112.147,112.113,112.127,167460000,1
1500381300000,1500381359000,112.127,112.134,112.12,112.127,106190000,1
1500381360000,1500381419000,112.128,112.128,112.105,112.11,129490000,1
1500381420000,1500381479000,112.111,112.115,112.1,112.103,203230000,1
1500381480000,1500381539000,112.104,112.11,111.939,111.941,225420000,1
1500381540000,1500381599000,111.945,111.977,111.878,111.917,410060000,1
1500381600000,1500381659000,111.906,111.926,111.86,111.9,318170000,1
1500381660000,1500381719000,111.9,111.925,111.873,111.873,308550000,1
1500381720000,1500381779000,111.876,111.921,111.864,111.896,345600000,1
1500381780000,1500381839000,111.894,111.894,111.85,111.864,287040000,1
1500381840000,1500381899000,111.865,111.873,111.831,111.842,288220000,1
1500381900000,1500381959000,111.846,111.847,111.771,111.821,409560000,1
1500381960000,1500382019000,111.819,111.819,111.775,111.813,382030000,1
1500382020000,1500382079000,111.817,111.844,111.814,111.838,226340000,1
1500382080000,1500382139000,111.838,111.863,111.818,111.839,312900000,1
1500382140000,1500382199000,111.84,111.869,111.84,111.856,262690000,1
1500382200000,1500382259000,111.857,111.864,111.81,111.836,263690000,1
1500382260000,1500382319000,111.839,111.861,111.836,111.851,231560000,1
1500382320000,1500382379000,111.852,111.854,111.841,111.848,181050000,1
1500382380000,1500382439000,111.849,111.879,111.83,111.869,186660000,1
1500382440000,1500382499000,111.871,111.891,111.865,111.876,223130000,1
1500382500000,1500382559000,111.876,111.886,111.831,111.841,209690000,1
1500382560000,1500382619000,111.842,111.85,111.813,111.814,340720000,1
1500382620000,1500382679000,111.814,111.838,111.796,111.828,273240000,1
1500382680000,1500382739000,111.829,111.895,111.828,111.878,239810000,1
1500382740000,1500382799000,111.876,111.894,111.851,111.864,270620000,1
1500382800000,1500382859000,111.863,111.925,111.858,111.898,306590000,1
1500382860000,1500382919000,111.897,111.897,111.861,111.869,311660000,1
1500382920000,1500382979000,111.869,111.892,111.869,111.883,230540000,1
1500382980000,1500383039000,111.885,111.897,111.873,111.89,214310000,1
1500383040000,1500383099000,111.889,111.912,111.884,111.894,175090000,1
1500383100000,1500383159000,111.892,111.897,111.869,111.892,164060000,1
1500383160000,1500383219000,111.891,111.908,111.88,111.902,228730000,1
1500383220000,1500383279000,111.9,111.917,111.893,111.915,239520000,1
1500383280000,1500383339000,111.917,111.95,111.909,111.949,277810000,1
1500383340000,1500383399000,111.948,111.962,111.93,111.93,205110000,1
1500383400000,1500383459000,111.932,111.94,111.918,111.918,213680000,1
1500383460000,1500383519000,111.917,111.943,111.896,111.908,173180000,1
1500383520000,1500383579000,111.908,111.913,111.885,111.892,219410000,1
1500383580000,1500383639000,111.891,111.903,111.879,111.886,210890000,1
1500383640000,1500383699000,111.888,111.895,111.877,111.891,156930000,1
1500383700000,1500383759000,111.891,111.898,111.888,111.893,109940000,1
1500383760000,1500383819000,111.892,111.905,111.89,111.896,88020000,1
1500383820000,1500383879000,111.898,111.917,111.897,111.897,186150000,1
1500383880000,1500383939000,111.897,111.903,111.875,111.878,179370000,1
1500383940000,1500383999000,111.877,111.9,111.856,111.899,243630000,1
1500384000000,1500384059000,111.899,111.913,111.882,111.895,146590000,1
1500384060000,1500384119000,111.895,111.902,111.883,111.884,124530000,1
1500384120000,1500384179000,111.883,111.936,111.879,111.918,169100000,1
1500384180000,1500384239000,111.919,111.93,111.895,111.899,207420000,1
1500384240000,1500384299000,111.899,111.9,111.888,111.891,157020000,1
1500384300000,1500384359000,111.891,111.93,111.891,111.917,111130000,1
1500384360000,1500384419000,111.917,111.918,111.861,111.88,174330000,1
1500384420000,1500384479000,111.881,111.894,111.877,111.877,124490000,1
1500384480000,1500384539000,111.876,111.879,111.855,111.868,230880000,1
1500384540000,1500384599000,111.868,111.917,111.862,111.897,184940000,1
1500384600000,1500384659000,111.896,111.897,111.851,111.856,285780000,1
1500384660000,1500384719000,111.858,111.868,111.835,111.844,320100000,1
1500384720000,1500384779000,111.844,111.844,111.78,111.807,335860000,1
1500384780000,1500384839000,111.809,111.858,111.804,111.849,326250000,1
1500384840000,1500384899000,111.852,111.864,111.829,111.845,223740000,1
1500384900000,1500384959000,111.845,111.876,111.837,111.872,211500000,1
1500384960000,1500385019000,111.872,111.938,111.86,111.927,312550000,1
1500385020000,1500385079000,111.929,111.935,111.911,111.916,272060000,1
1500385080000,1500385139000,111.917,111.933,111.903,111.921,219790000,1
1500385140000,1500385199000,111.92,111.97,111.918,111.953,268580000,1
1500385200000,1500385259000,111.953,112.013,111.948,111.993,313310000,1
1500385260000,1500385319000,111.993,112.008,111.987,111.997,282740000,1
1500385320000,1500385379000,111.997,112.0,111.971,111.979,184460000,1
1500385380000,1500385439000,111.977,111.979,111.954,111.961,184520000,1
1500385440000,1500385499000,111.96,111.96,111.939,111.949,233510000,1
1500385500000,1500385559000,111.949,111.966,111.943,111.945,241760000,1
1500385560000,1500385619000,111.946,111.964,111.941,111.961,196850000,1
1500385620000,1500385679000,111.961,111.992,111.943,111.974,231910000,1
1500385680000,1500385739000,111.976,111.986,111.965,111.977,185710000,1
1500385740000,1500385799000,111.974,111.992,111.966,111.966,215580000,1
1500385800000,1500385859000,111.968,111.995,111.968,111.982,140630000,1
1500385860000,1500385919000,111.982,111.99,111.965,111.972,208090000,1
1500385920000,1500385979000,111.972,111.991,111.949,111.991,252420000,1
1500385980000,1500386039000,111.99,112.007,111.988,112.007,185720000,1
1500386040000,1500386099000,112.008,112.016,111.992,111.992,176650000,1
1500386100000,1500386159000,111.991,111.991,111.968,111.987,197990000,1
1500386160000,1500386219000,111.989,111.998,111.974,111.981,121600000,1
1500386220000,1500386279000,111.981,111.982,111.97,111.971,82450000,1
1500386280000,1500386339000,111.97,111.976,111.963,111.965,62440000,1
1500386340000,1500386399000,111.965,111.965,111.943,111.955,171660000,1
1500386400000,1500386459000,111.954,111.956,111.917,111.917,186910000,1
1500386460000,1500386519000,111.916,111.931,111.899,111.905,261430000,1
1500386520000,1500386579000,111.905,111.923,111.887,111.907,280320000,1
1500386580000,1500386639000,111.907,111.923,111.88,111.898,217100000,1
1500386640000,1500386699000,111.897,111.923,111.893,111.916,192830000,1
1500386700000,1500386759000,111.914,111.921,111.884,111.894,205110000,1
1500386760000,1500386819000,111.893,111.921,111.884,111.917,227260000,1
1500386820000,1500386879000,111.918,111.919,111.907,111.914,193000000,1
1500386880000,1500386939000,111.913,111.913,111.871,111.884,253950000,1
1500386940000,1500386999000,111.88,111.912,111.879,111.911,185700000,1
1500387000000,1500387059000,111.911,111.935,111.904,111.923,194260000,1
1500387060000,1500387119000,111.923,111.957,111.893,111.942,234050000,1
1500387120000,1500387179000,111.943,111.959,111.943,111.946,201310000,1
1500387180000,1500387239000,111.938,111.951,111.927,111.938,212020000,1
1500387240000,1500387299000,111.939,111.958,111.93,111.942,209420000,1
1500387300000,1500387359000,111.931,111.95,111.914,111.929,170770000,1
1500387360000,1500387419000,111.928,111.936,111.911,111.923,138920000,1
1500387420000,1500387479000,111.922,111.943,111.917,111.932,162090000,1
1500387480000,1500387539000,111.933,111.943,111.924,111.935,90580000,1
1500387540000,1500387599000,111.933,111.94,111.908,111.911,182620000,1
1500387600000,1500387659000,111.911,111.911,111.832,111.84,358470000,1
1500387660000,1500387719000,111.84,111.863,111.838,111.849,193890000,1
1500387720000,1500387779000,111.849,111.861,111.838,111.841,158830000,1
1500387780000,1500387839000,111.842,111.856,111.818,111.856,183560000,1
1500387840000,1500387899000,111.852,111.874,111.85,111.866,191580000,1
1500387900000,1500387959000,111.868,111.882,111.862,111.879,193890000,1
1500387960000,1500388019000,111.866,111.919,111.862,111.918,260790000,1
1500388020000,1500388079000,111.917,111.934,111.909,111.917,171390000,1
1500388080000,1500388139000,111.918,111.934,111.911,111.927,172520000,1
1500388140000,1500388199000,111.926,111.96,111.926,111.945,193480000,1
1500388200000,1500388259000,111.944,111.951,111.924,111.933,237670000,1
1500388260000,1500388319000,111.931,111.932,111.905,111.91,222070000,1
1500388320000,1500388379000,111.909,111.909,111.879,111.887,162370000,1
1500388380000,1500388439000,111.888,111.894,111.883,111.887,99650000,1
1500388440000,1500388499000,111.886,111.893,111.87,111.873,162650000,1
1500388500000,1500388559000,111.872,111.878,111.867,111.874,114900000,1
1500388560000,1500388619000,111.874,111.888,111.863,111.886,122650000,1
1500388620000,1500388679000,111.885,111.919,111.883,111.911,165730000,1
1500388680000,1500388739000,111.91,111.91,111.836,111.843,233610000,1
1500388740000,1500388799000,111.841,111.848,111.719,111.762,311090000,1
1500388800000,1500388859000,111.761,111.778,111.711,111.733,402370000,1
1500388860000,1500388919000,111.733,111.756,111.707,111.728,301080000,1
1500388920000,1500388979000,111.728,111.731,111.688,111.707,326490000,1
1500388980000,1500389039000,111.708,111.72,111.686,111.713,290820000,1
1500389040000,1500389099000,111.714,111.74,111.713,111.74,239200000,1
1500389100000,1500389159000,111.738,111.762,111.719,111.745,282610000,1
1500389160000,1500389219000,111.746,111.769,111.738,111.738,322960000,1
1500389220000,1500389279000,111.737,111.767,111.737,111.757,227640000,1
1500389280000,1500389339000,111.756,111.762,111.735,111.749,158280000,1
1500389340000,1500389399000,111.75,111.781,111.75,111.761,201710000,1
1500389400000,1500389459000,111.76,111.777,111.754,111.777,209810000,1
1500389460000,1500389519000,111.776,111.776,111.755,111.774,227590000,1
1500389520000,1500389579000,111.775,111.806,111.768,111.803,237050000,1
1500389580000,1500389639000,111.803,111.842,111.8,111.831,231470000,1
1500389640000,1500389699000,111.829,111.837,111.816,111.837,169710000,1
1500389700000,1500389759000,111.828,111.835,111.81,111.819,283970000,1
1500389760000,1500389819000,111.823,111.833,111.815,111.828,148140000,1
1500389820000,1500389879000,111.828,111.847,111.805,111.815,256840000,1
1500389880000,1500389939000,111.817,111.821,111.798,111.799,194980000,1
1500389940000,1500389999000,111.799,111.818,111.796,111.818,215680000,1
1500390000000,1500390059000,111.817,111.823,111.807,111.814,254880000,1
1500390060000,1500390119000,111.813,111.826,111.807,111.818,241340000,1
1500390120000,1500390179000,111.819,111.85,111.819,111.836,174500000,1
1500390180000,1500390239000,111.834,111.857,111.834,111.856,93260000,1
1500390240000,1500390299000,111.856,111.864,111.853,111.855,110500000,1
1500390300000,1500390359000,111.855,111.886,111.854,111.86,194420000,1
1500390360000,1500390419000,111.859,111.862,111.852,111.859,137920000,1
1500390420000,1500390479000,111.859,111.879,111.851,111.878,217590000,1
1500390480000,1500390539000,111.877,111.898,111.87,111.898,169090000,1
1500390540000,1500390599000,111.897,111.901,111.884,111.89,152920000,1
1500390600000,1500390659000,111.889,111.89,111.865,111.876,158990000,1
1500390660000,1500390719000,111.878,111.882,111.872,111.872,104160000,1
1500390720000,1500390779000,111.872,111.881,111.862,111.881,89720000,1
1500390780000,1500390839000,111.881,111.886,111.869,111.882,201730000,1
1500390840000,1500390899000,111.881,111.888,111.877,111.881,119080000,1
1500390900000,1500390959000,111.88,111.906,111.88,111.893,264010000,1
1500390960000,1500391019000,111.893,111.902,111.884,111.89,118430000,1
1500391020000,1500391079000,111.889,111.915,111.887,111.907,114140000,1
1500391080000,1500391139000,111.906,111.924,111.906,111.911,154580000,1
1500391140000,1500391199000,111.911,111.917,111.897,111.903,195310000,1
1500391200000,1500391259000,111.903,111.903,111.893,111.896,184250000,1
1500391260000,1500391319000,111.896,111.909,111.879,111.909,206410000,1
1500391320000,1500391379000,111.909,111.938,111.909,111.93,175780000,1
1500391380000,1500391439000,111.93,111.933,111.92,111.926,98120000,1
1500391440000,1500391499000,111.926,111.927,111.91,111.911,108010000,1
1500391500000,1500391559000,111.911,111.924,111.908,111.911,167510000,1
1500391560000,1500391619000,111.911,111.913,111.885,111.892,190220000,1
1500391620000,1500391679000,111.892,111.912,111.892,111.906,120830000,1
1500391680000,1500391739000,111.908,111.924,111.908,111.918,187290000,1
1500391740000,1500391799000,111.918,111.929,111.918,111.919,130740000,1
1500391800000,1500391859000,111.918,111.927,111.915,111.927,95700000,1
1500391860000,1500391919000,111.926,111.926,111.91,111.912,217060000,1
1500391920000,1500391979000,111.913,111.919,111.873,111.91,275840000,1
1500391980000,1500392039000,111.91,111.911,111.893,111.908,141800000,1
1500392040000,1500392099000,111.91,111.912,111.898,111.899,169700000,1
1500392100000,1500392159000,111.9,111.904,111.897,111.901,139520000,1
1500392160000,1500392219000,111.9,111.911,111.891,111.898,156890000,1
1500392220000,1500392279000,111.9,111.904,111.894,111.894,93960000,1
1500392280000,1500392339000,111.894,111.894,111.868,111.882,178660000,1
1500392340000,1500392399000,111.88,111.882,111.868,111.87,129690000,1
1500392400000,1500392459000,111.869,111.893,111.867,111.882,120350000,1
1500392460000,1500392519000,111.884,111.889,111.867,111.874,110130000,1
1500392520000,1500392579000,111.872,111.877,111.871,111.873,86460000,1
1500392580000,1500392639000,111.873,111.88,111.869,111.88,125570000,1
1500392640000,1500392699000,111.879,111.896,111.879,111.893,121260000,1
1500392700000,1500392759000,111.893,111.9,111.883,111.887,174250000,1
1500392760000,1500392819000,111.887,111.9,111.887,111.897,95920000,1
1500392820000,1500392879000,111.896,111.906,111.889,111.898,159510000,1
1500392880000,1500392939000,111.899,111.912,111.894,111.908,100130000,1
1500392940000,1500392999000,111.906,111.911,111.903,111.903,96060000,1
1500393000000,1500393059000,111.903,111.918,111.903,111.912,102030000,1
1500393060000,1500393119000,111.915,111.947,111.915,111.934,152030000,1
1500393120000,1500393179000,111.936,111.951,111.936,111.944,130000000,1
1500393180000,1500393239000,111.945,111.946,111.932,111.932,103630000,1
1500393240000,1500393299000,111.934,111.936,111.917,111.926,70200000,1
1500393300000,1500393359000,111.925,111.925,111.892,111.892,119230000,1
1500393360000,1500393419000,111.893,111.893,111.877,111.885,105410000,1
1500393420000,1500393479000,111.884,111.888,111.88,111.882,69950000,1
1500393480000,1500393539000,111.881,111.921,111.881,111.902,113310000,1
1500393540000,1500393599000,111.902,111.903,111.892,111.896,131930000,1
1500393600000,1500393659000,111.893,111.905,111.892,111.901,147510000,1
1500393660000,1500393719000,111.901,111.905,111.892,111.892,125620000,1
1500393720000,1500393779000,111.892,111.895,111.887,111.892,79880000,1
1500393780000,1500393839000,111.892,111.899,111.888,111.892,102980000,1
1500393840000,1500393899000,111.892,111.897,111.886,111.897,76390000,1
1500393900000,1500393959000,111.896,111.896,111.873,111.873,93790000,1
1500393960000,1500394019000,111.867,111.874,111.86,111.872,69420000,1
1500394020000,1500394079000,111.872,111.873,111.855,111.855,140090000,1
1500394080000,1500394139000,111.857,111.877,111.857,111.873,62910000,1
1500394140000,1500394199000,111.873,111.874,111.866,111.866,76180000,1
1500394200000,1500394259000,111.866,111.873,111.866,111.873,92000000,1
1500394260000,1500394319000,111.873,111.881,111.873,111.878,73380000,1
1500394320000,1500394379000,111.877,111.878,111.871,111.873,61910000,1
1500394380000,1500394439000,111.871,111.871,111.824,111.848,229040000,1
1500394440000,1500394499000,111.85,111.864,111.838,111.863,179560000,1
1500394500000,1500394559000,111.864,111.891,111.861,111.886,145540000,1
1500394560000,1500394619000,111.887,111.9,111.887,111.893,154200000,1
1500394620000,1500394679000,111.892,111.904,111.891,111.901,97930000,1
1500394680000,1500394739000,111.9,111.901,111.887,111.891,73530000,1
1500394740000,1500394799000,111.891,111.897,111.882,111.884,131460000,1
1500394800000,1500394859000,111.885,111.893,111.881,111.892,103560000,1
1500394860000,1500394919000,111.894,111.9,111.892,111.9,56490000,1
1500394920000,1500394979000,111.899,111.899,111.893,111.898,128710000,1
1500394980000,1500395039000,111.898,111.931,111.898,111.924,137620000,1
1500395040000,1500395099000,111.925,111.955,111.925,111.955,136020000,1
1500395100000,1500395159000,111.955,111.981,111.955,111.981,170700000,1
1500395160000,1500395219000,111.985,112.069,111.984,112.027,302510000,1
1500395220000,1500395279000,112.029,112.041,112.026,112.039,113970000,1
1500395280000,1500395339000,112.04,112.041,112.026,112.028,93340000,1
1500395340000,1500395399000,112.03,112.048,112.022,112.039,137540000,1
1500395400000,1500395459000,112.04,112.04,112.028,112.035,109870000,1
1500395460000,1500395519000,112.034,112.035,112.025,112.027,90970000,1
1500395520000,1500395579000,112.029,112.082,112.029,112.082,112470000,1
1500395580000,1500395639000,112.081,112.1,112.073,112.074,240220000,1
1500395640000,1500395699000,112.073,112.087,112.065,112.082,147870000,1
1500395700000,1500395759000,112.082,112.091,112.059,112.059,151510000,1
1500395760000,1500395819000,112.058,112.067,112.049,112.055,171050000,1
1500395820000,1500395879000,112.056,112.075,112.055,112.075,54810000,1
1500395880000,1500395939000,112.079,112.079,112.063,112.063,55290000,1
1500395940000,1500395999000,112.063,112.08,112.063,112.077,126940000,1
1500396000000,1500396059000,112.075,112.08,112.061,112.067,102560000,1
1500396060000,1500396119000,112.066,112.066,112.041,112.054,237750000,1
1500396120000,1500396179000,112.057,112.067,112.054,112.059,140560000,1
1500396180000,1500396239000,112.062,112.068,112.054,112.061,131110000,1
1500396240000,1500396299000,112.06,112.061,112.056,112.057,141630000,1
1500396300000,1500396359000,112.057,112.073,112.053,112.068,184630000,1
1500396360000,1500396419000,112.067,112.067,112.056,112.06,111510000,1
1500396420000,1500396479000,112.06,112.061,112.049,112.054,80650000,1
1500396480000,1500396539000,112.053,112.056,112.047,112.047,70950000,1
1500396540000,1500396599000,112.048,112.055,112.047,112.047,110300000,1
1500396600000,1500396659000,112.047,112.047,112.042,112.045,68920000,1
1500396660000,1500396719000,112.046,112.055,112.039,112.041,101300000,1
1500396720000,1500396779000,112.041,112.059,112.039,112.052,78350000,1
1500396780000,1500396839000,112.052,112.055,112.051,112.052,39330000,1
1500396840000,1500396899000,112.052,112.052,112.032,112.033,80360000,1
1500396900000,1500396959000,112.034,112.041,112.03,112.036,64220000,1
1500396960000,1500397019000,112.036,112.037,112.036,112.037,13000000,1
1500397020000,1500397079000,112.036,112.054,112.032,112.051,68010000,1
1500397080000,1500397139000,112.051,112.054,112.048,112.052,101510000,1
1500397140000,1500397199000,112.052,112.067,112.042,112.047,146530000,1
1500397200000,1500397259000,112.047,112.063,112.047,112.061,99630000,1
1500397260000,1500397319000,112.061,112.061,112.025,112.046,148930000,1
1500397320000,1500397379000,112.046,112.046,112.03,112.036,108290000,1
1500397380000,1500397439000,112.036,112.041,112.029,112.035,68450000,1
1500397440000,1500397499000,112.038,112.043,112.035,112.035,83090000,1
1500397500000,1500397559000,112.037,112.047,112.037,112.047,96020000,1
1500397560000,1500397619000,112.047,112.047,112.029,112.041,159170000,1
1500397620000,1500397679000,112.041,112.041,112.023,112.027,341750000,1
1500397680000,1500397739000,112.027,112.027,112.022,112.023,117520000,1
1500397740000,1500397799000,112.022,112.022,111.989,112.004,83510000,1
1500397800000,1500397859000,112.005,112.014,112.004,112.01,69300000,1
1500397860000,1500397919000,112.01,112.022,112.009,112.022,85830000,1
1500397920000,1500397979000,112.016,112.022,112.007,112.011,131130000,1
1500397980000,1500398039000,112.012,112.027,112.01,112.023,113410000,1
1500398040000,1500398099000,112.022,112.033,112.016,112.016,130380000,1
1500398100000,1500398159000,112.016,112.027,112.016,112.024,68590000,1
1500398160000,1500398219000,112.024,112.041,112.024,112.041,65220000,1
1500398220000,1500398279000,112.04,112.053,112.035,112.053,79230000,1
1500398280000,1500398339000,112.053,112.06,112.042,112.042,99060000,1
1500398340000,1500398399000,112.041,112.042,112.036,112.039,38140000,1
1500398400000,1500398459000,112.036,112.054,112.034,112.054,97390000,1
1500398460000,1500398519000,112.053,112.071,112.05,112.068,99270000,1
1500398520000,1500398579000,112.07,112.075,112.07,112.074,96740000,1
1500398580000,1500398639000,112.073,112.074,112.063,112.063,98750000,1
1500398640000,1500398699000,112.063,112.08,112.062,112.08,24220000,1
1500398700000,1500398759000,112.078,112.081,112.071,112.078,60030000,1
1500398760000,1500398819000,112.079,112.082,112.073,112.077,72000000,1
1500398820000,1500398879000,112.075,112.075,112.067,112.067,34830000,1
1500398880000,1500398939000,112.066,112.111,112.066,112.098,66810000,1
1500398940000,1500398999000,112.099,112.099,112.081,112.087,170990000,1
1500399000000,1500399059000,112.086,112.099,112.085,112.09,141820000,1
1500399060000,1500399119000,112.089,112.091,112.085,112.091,59610000,1
1500399120000,1500399179000,112.091,112.103,112.09,112.099,65010000,1
1500399180000,1500399239000,112.099,112.104,112.092,112.092,82640000,1
1500399240000,1500399299000,112.091,112.1,112.091,112.099,71160000,1
1500399300000,1500399359000,112.098,112.099,112.092,112.099,79320000,1
1500399360000,1500399419000,112.1,112.104,112.097,112.102,126540000,1
1500399420000,1500399479000,112.103,112.103,112.095,112.096,82780000,1
1500399480000,1500399539000,112.094,112.094,112.082,112.089,69020000,1
1500399540000,1500399599000,112.089,112.089,112.07,112.07,61180000,1
1500399600000,1500399659000,112.069,112.075,112.065,112.075,82470000,1
1500399660000,1500399719000,112.075,112.083,112.075,112.083,46740000,1
1500399720000,1500399779000,112.084,112.097,112.083,112.083,61620000,1
1500399780000,1500399839000,112.083,112.083,112.065,112.065,42540000,1
1500399840000,1500399899000,112.066,112.071,112.066,112.071,11240000,1
1500399900000,1500399959000,112.071,112.077,112.067,112.073,65140000,1
1500399960000,1500400019000,112.073,112.081,112.073,112.079,45490000,1
1500400020000,1500400079000,112.078,112.091,112.066,112.066,73630000,1
1500400080000,1500400139000,112.068,112.09,112.068,112.083,116390000,1
1500400140000,1500400199000,112.083,112.084,112.072,112.072,91650000,1
1500400200000,1500400259000,112.074,112.085,112.072,112.078,59580000,1
1500400260000,1500400319000,112.077,112.083,112.076,112.08,71290000,1
1500400320000,1500400379000,112.079,112.086,112.078,112.084,133640000,1
1500400380000,1500400439000,112.084,112.097,112.084,112.089,125850000,1
1500400440000,1500400499000,112.089,112.09,112.071,112.072,103760000,1
1500400500000,1500400559000,112.072,112.073,112.058,112.061,113260000,1
1500400560000,1500400619000,112.061,112.061,112.053,112.059,109800000,1
1500400620000,1500400679000,112.059,112.064,112.057,112.062,79710000,1
1500400680000,1500400739000,112.062,112.085,112.061,112.085,111910000,1
1500400740000,1500400799000,112.086,112.096,112.083,112.091,76990000,1
1500400800000,1500400859000,112.091,112.091,112.071,112.078,138070000,1
1500400860000,1500400919000,112.078,112.078,112.058,112.059,118140000,1
1500400920000,1500400979000,112.061,112.061,112.036,112.04,80180000,1
1500400980000,1500401039000,112.039,112.044,112.034,112.04,43720000,1
1500401040000,1500401099000,112.042,112.046,112.035,112.04,105760000,1
1500401100000,1500401159000,112.041,112.05,112.041,112.048,51010000,1
1500401160000,1500401219000,112.049,112.052,112.047,112.052,41110000,1
1500401220000,1500401279000,112.052,112.071,112.052,112.054,65850000,1
1500401280000,1500401339000,112.053,112.055,112.047,112.05,96250000,1
1500401340000,1500401399000,112.049,112.049,112.039,112.044,76430000,1
1500401400000,1500401459000,112.044,112.05,112.044,112.046,42300000,1
1500401460000,1500401519000,112.051,112.062,112.033,112.038,96810000,1
1500401520000,1500401579000,112.038,112.041,112.037,112.041,400180000,1
1500401580000,1500401639000,112.043,112.046,112.04,112.04,41450000,1
1500401640000,1500401699000,112.04,112.04,112.024,112.024,52490000,1
1500401700000,1500401759000,112.023,112.033,112.021,112.021,48590000,1
1500401760000,1500401819000,112.021,112.026,112.021,112.024,26740000,1
1500401820000,1500401879000,112.024,112.027,112.022,112.027,59560000,1
1500401880000,1500401939000,112.027,112.027,112.018,112.021,57120000,1
1500401940000,1500401999000,112.021,112.035,112.021,112.035,123900000,1
1500402000000,1500402059000,112.035,112.044,112.035,112.042,32500000,1
1500402060000,1500402119000,112.04,112.041,112.034,112.039,72130000,1
1500402120000,1500402179000,112.039,112.039,112.035,112.036,42050000,1
1500402180000,1500402239000,112.036,112.036,112.017,112.017,116590000,1
1500402240000,1500402299000,112.017,112.017,112.008,112.01,75410000,1
1500402300000,1500402359000,112.009,112.009,111.991,112.003,108960000,1
1500402360000,1500402419000,112.003,112.003,111.984,111.985,85380000,1
1500402420000,1500402479000,111.985,111.991,111.985,111.991,38670000,1
1500402480000,1500402539000,111.992,111.993,111.99,111.991,24990000,1
1500402540000,1500402599000,111.991,111.994,111.987,111.992,40360000,1
1500402600000,1500402659000,111.991,111.995,111.985,111.988,76120000,1
1500402660000,1500402719000,111.987,111.996,111.977,111.994,68160000,1
1500402720000,1500402779000,111.994,111.997,111.989,111.995,55220000,1
1500402780000,1500402839000,111.996,112.004,111.995,111.995,35780000,1
1500402840000,1500402899000,111.996,111.998,111.995,111.995,41340000,1
1500402900000,1500402959000,111.995,112.007,111.995,112.005,39170000,1
1500402960000,1500403019000,112.005,112.011,112.004,112.009,60230000,1
1500403020000,1500403079000,112.009,112.01,112.004,112.004,37190000,1
1500403080000,1500403139000,112.003,112.021,112.003,112.016,103090000,1
1500403140000,1500403199000,112.012,112.012,112.001,112.001,54420000,1
1500403200000,1500403259000,112.001,112.002,111.994,111.996,69430000,1
1500403260000,1500403319000,111.995,111.998,111.983,111.989,171800000,1
1500403320000,1500403379000,111.992,112.014,111.992,112.01,116730000,1
1500403380000,1500403439000,112.011,112.021,112.005,112.017,69160000,1
1500403440000,1500403499000,112.018,112.022,112.01,112.016,62150000,1
1500403500000,1500403559000,112.016,112.016,112.011,112.011,61930000,1
1500403560000,1500403619000,112.012,112.012,111.996,111.997,78200000,1
1500403620000,1500403679000,111.996,111.997,111.985,111.993,86570000,1
1500403680000,1500403739000,111.991,111.999,111.987,111.989,61270000,1
1500403740000,1500403799000,111.99,111.992,111.973,111.973,35470000,1
1500403800000,1500403859000,111.974,111.995,111.972,111.995,88560000,1
1500403860000,1500403919000,111.994,112.0,111.98,111.98,62820000,1
1500403920000,1500403979000,111.981,111.981,111.969,111.974,53880000,1
1500403980000,1500404039000,111.974,111.988,111.974,111.987,142890000,1
1500404040000,1500404099000,111.987,111.988,111.984,111.984,64710000,1
1500404100000,1500404159000,111.985,111.992,111.984,111.99,64760000,1
1500404160000,1500404219000,111.989,111.993,111.989,111.991,49030000,1
1500404220000,1500404279000,111.994,111.999,111.99,111.991,46650000,1
1500404280000,1500404339000,111.991,111.991,111.977,111.984,90560000,1
1500404340000,1500404399000,111.983,111.984,111.968,111.971,140670000,1
1500404400000,1500404459000,111.971,111.974,111.97,111.974,56520000,1
1500404460000,1500404519000,111.973,111.983,111.972,111.98,68150000,1
1500404520000,1500404579000,111.98,111.992,111.98,111.989,88930000,1
1500404580000,1500404639000,111.991,111.996,111.991,111.996,34920000,1
1500404640000,1500404699000,111.997,111.997,111.983,111.983,85420000,1
1500404700000,1500404759000,111.982,111.984,111.973,111.983,104990000,1
1500404760000,1500404819000,111.983,111.983,111.978,111.982,50470000,1
1500404820000,1500404879000,111.984,111.997,111.984,111.993,171970000,1
1500404880000,1500404939000,111.991,111.991,111.983,111.983,54330000,1
1500404940000,1500404999000,111.983,111.989,111.981,111.989,53870000,1
1500405000000,1500405059000,111.989,111.999,111.989,111.996,92640000,1
1500405060000,1500405119000,111.998,111.998,111.989,111.997,114470000,1
1500405120000,1500405179000,111.998,111.999,111.996,111.998,138640000,1
1500405180000,1500405239000,111.998,111.998,111.984,111.989,126030000,1
1500405240000,1500405299000,111.989,111.994,111.985,111.989,147360000,1
1500405300000,1500405359000,111.989,111.993,111.988,111.99,75690000,1
1500405360000,1500405419000,111.99,111.996,111.984,111.985,65340000,1
1500405420000,1500405479000,111.986,111.99,111.985,111.986,17480000,1
1500405480000,1500405539000,111.988,112.018,111.988,112.012,96150000,1
1500405540000,1500405599000,112.012,112.026,112.012,112.024,63420000,1
1500405600000,1500405659000,112.025,112.025,112.009,112.021,74050000,1
1500405660000,1500405719000,112.021,112.027,112.019,112.023,62660000,1
1500405720000,1500405779000,112.022,112.036,112.02,112.036,78470000,1
1500405780000,1500405839000,112.035,112.036,112.029,112.03,12990000,1
1500405840000,1500405899000,112.028,112.035,112.021,112.021,106080000,1
1500405900000,1500405959000,112.021,112.031,112.016,112.028,93630000,1
1500405960000,1500406019000,112.028,112.028,112.022,112.024,68650000,1
1500406020000,1500406079000,112.022,112.022,112.015,112.015,73660000,1
1500406080000,1500406139000,112.015,112.017,112.007,112.013,98350000,1
1500406140000,1500406199000,112.013,112.027,112.013,112.015,91340000,1
1500406200000,1500406259000,112.015,112.033,112.008,112.033,123700000,1
1500406260000,1500406319000,112.033,112.033,112.016,112.017,119040000,1
1500406320000,1500406379000,112.018,112.038,112.018,112.035,94800000,1
1500406380000,1500406439000,112.035,112.055,112.035,112.055,138050000,1
1500406440000,1500406499000,112.054,112.064,112.04,112.046,262580000,1
1500406500000,1500406559000,112.048,112.06,112.044,112.057,354310000,1
1500406560000,1500406619000,112.059,112.062,112.049,112.053,118390000,1
1500406620000,1500406679000,112.053,112.054,112.047,112.048,83540000,1
1500406680000,1500406739000,112.044,112.044,112.03,112.031,50730000,1
1500406740000,1500406799000,112.031,112.037,112.031,112.036,76500000,1
1500406800000,1500406859000,112.035,112.06,112.035,112.06,38330000,1
1500406860000,1500406919000,112.059,112.059,112.048,112.048,81490000,1
1500406920000,1500406979000,112.048,112.052,112.045,112.046,53580000,1
1500406980000,1500407039000,112.047,112.051,112.046,112.047,65190000,1
1500407040000,1500407099000,112.047,112.065,112.046,112.065,128560000,1
1500407100000,1500407159000,112.066,112.066,112.055,112.057,75640000,1
1500407160000,1500407219000,112.058,112.065,112.058,112.063,68710000,1
1500407220000,1500407279000,112.063,112.064,112.046,112.052,49830000,1
1500407280000,1500407339000,112.053,112.057,112.047,112.053,75200000,1
1500407340000,1500407399000,112.054,112.065,112.047,112.064,89800000,1
1500407400000,1500407459000,112.065,112.066,112.063,112.063,38900000,1
1500407460000,1500407519000,112.063,112.063,112.045,112.046,37970000,1
1500407520000,1500407579000,112.046,112.046,112.028,112.034,67640000,1
1500407580000,1500407639000,112.035,112.036,112.029,112.033,48310000,1
1500407640000,1500407699000,112.033,112.033,112.023,112.025,136500000,1
1500407700000,1500407759000,112.024,112.03,112.014,112.017,93210000,1
1500407760000,1500407819000,112.017,112.023,112.015,112.017,74770000,1
1500407820000,1500407879000,112.017,112.031,112.017,112.031,43160000,1
1500407880000,1500407939000,112.03,112.03,112.019,112.023,106150000,1
1500407940000,1500407999000,112.025,112.03,112.013,112.015,72850000,1
1500408000000,1500408059000,112.013,112.018,112.011,112.012,126310000,1
1500408060000,1500408119000,112.012,112.013,112.005,112.007,208290000,1
1500408120000,1500408179000,112.008,112.011,112.005,112.007,34960000,1
1500408180000,1500408239000,112.007,112.016,112.005,112.01,48370000,1
1500408240000,1500408299000,112.01,112.01,112.007,112.008,20120000,1
1500408300000,1500408359000,112.01,112.022,112.01,112.022,44110000,1
1500408360000,1500408419000,112.021,112.021,112.014,112.016,57270000,1
1500408420000,1500408479000,112.017,112.031,112.017,112.031,47940000,1
1500408480000,1500408539000,112.029,112.032,112.028,112.032,62630000,1
1500408540000,1500408599000,112.032,112.033,112.029,112.029,61450000,1
1500408600000,1500408659000,112.029,112.032,112.029,112.03,61480000,1
1500408660000,1500408719000,112.029,112.029,112.028,112.028,59130000,1
1500408720000,1500408779000,112.03,112.031,112.018,112.018,38610000,1
1500408780000,1500408839000,112.019,112.028,112.019,112.028,29120000,1
1500408840000,1500408899000,112.027,112.028,112.014,112.015,99490000,1
1500408900000,1500408959000,112.013,112.014,112.004,112.004,56030000,1
1500408960000,1500409019000,112.006,112.01,112.004,112.008,110120000,1
1500409020000,1500409079000,112.008,112.009,112.007,112.008,3724290000,1
1500409080000,1500409139000,112.008,112.009,112.004,112.008,52460000,1
1500409140000,1500409199000,112.008,112.011,112.006,112.011,39060000,1
1500409200000,1500409259000,112.011,112.027,112.011,112.027,29320000,1
1500409260000,1500409319000,112.028,112.029,112.026,112.029,14500000,1
1500409320000,1500409379000,112.029,112.034,112.029,112.033,32640000,1
1500409380000,1500409439000,112.033,112.034,112.033,112.033,18490000,1
1500409440000,1500409499000,112.034,112.034,112.033,112.034,24150000,1
1500409500000,1500409559000,112.033,112.034,112.033,112.033,37790000,1
1500409560000,1500409619000,112.033,112.036,112.033,112.034,16790000,1
1500409620000,1500409679000,112.034,112.037,112.034,112.035,41480000,1
1500409680000,1500409739000,112.035,112.035,112.034,112.034,29980000,1
1500409740000,1500409799000,112.035,112.035,112.033,112.034,43870000,1
1500409800000,1500409859000,112.034,112.036,112.033,112.034,17250000,1
1500409860000,1500409919000,112.033,112.033,112.027,112.029,519610000,1
1500409920000,1500409979000,112.028,112.029,112.028,112.028,11730000,1
1500409980000,1500410039000,112.028,112.028,112.028,112.028,24550000,1
1500410040000,1500410099000,112.028,112.028,112.028,112.028,6750000,1
1500410100000,1500410159000,112.028,112.03,112.021,112.03,1979380000,1
1500410160000,1500410219000,112.03,112.03,112.023,112.027,42410000,1
1500410220000,1500410279000,112.027,112.03,112.003,112.005,104880000,1
1500410280000,1500410339000,112.005,112.005,112.003,112.004,27530000,1
1500410340000,1500410399000,112.004,112.011,112.004,112.011,24680000,1
1500410400000,1500410459000,112.01,112.037,112.01,112.037,134830000,1
1500410460000,1500410519000,112.037,112.038,112.033,112.036,60060000,1
1500410520000,1500410579000,112.038,112.038,112.033,112.033,50190000,1
1500410580000,1500410639000,112.033,112.037,112.033,112.035,89100000,1
1500410640000,1500410699000,112.037,112.039,112.033,112.033,58710000,1
1500410700000,1500410759000,112.037,112.037,112.03,112.035,52180000,1
1500410760000,1500410819000,112.035,112.035,112.035,112.035,6750000,1
1500410820000,1500410879000,112.035,112.039,112.035,112.038,77870000,1
1500410880000,1500410939000,112.037,112.038,112.036,112.038,29940000,1
1500410940000,1500410999000,112.038,112.063,112.038,112.06,59290000,1
1500411000000,1500411059000,112.06,112.073,112.06,112.07,93630000,1
1500411060000,1500411119000,112.07,112.073,112.053,112.062,88160000,1
1500411120000,1500411179000,112.062,112.078,112.062,112.075,154400000,1
1500411180000,1500411239000,112.076,112.08,112.075,112.079,33020000,1
1500411240000,1500411299000,112.078,112.078,112.078,112.078,2500000,1
1500411300000,1500411359000,112.078,112.082,112.076,112.081,31700000,1
1500411360000,1500411419000,112.08,112.084,112.064,112.066,80440000,1
1500411420000,1500411479000,112.066,112.067,112.05,112.052,136440000,1
1500411480000,1500411539000,112.052,112.053,112.05,112.053,40650000,1
1500411540000,1500411599000,112.052,112.061,112.051,112.061,19110000,1
1500411600000,1500411659000,112.064,112.065,112.025,112.063,15050000,1
1500411660000,1500411719000,112.063,112.08,112.05,112.064,20980000,1
1500411720000,1500411779000,112.064,112.08,112.035,112.08,8240000,1
1500411780000,1500411839000,112.081,112.105,112.027,112.027,19050000,1
1500411840000,1500411899000,112.02,112.036,112.02,112.02,16260000,1
1500411900000,1500411959000,112.02,112.066,112.02,112.066,230990000,1
1500411960000,1500412019000,112.062,112.079,112.062,112.075,47440000,1
1500412020000,1500412079000,112.075,112.09,112.072,112.084,197440000,1
1500412080000,1500412139000,112.082,112.086,112.072,112.086,55320000,1
1500412140000,1500412199000,112.086,112.086,112.086,112.086,34500000,1
1500412200000,1500412259000,112.086,112.101,112.085,112.096,65250000,1
1500412260000,1500412319000,112.096,112.104,112.083,112.083,59940000,1
1500412320000,1500412379000,112.083,112.083,112.063,112.063,67010000,1
1500412380000,1500412439000,112.063,112.065,112.031,112.042,118600000,1
1500412440000,1500412499000,112.041,112.043,112.038,112.04,88060000,1
1500412500000,1500412559000,112.038,112.042,112.038,112.04,57780000,1
1500412560000,1500412619000,112.05,112.052,112.039,112.04,43160000,1
1500412620000,1500412679000,112.041,112.041,112.023,112.023,44810000,1
1500412680000,1500412739000,112.025,112.029,112.009,112.009,108930000,1
1500412740000,1500412799000,112.009,112.009,112.006,112.006,23720000,1
1500412800000,1500412859000,112.006,112.015,112.002,112.015,192790000,1
1500412860000,1500412919000,112.015,112.023,111.978,111.99,119430000,1
1500412920000,1500412979000,111.99,112.053,111.99,112.048,126610000,1
1500412980000,1500413039000,112.048,112.065,112.046,112.053,32250000,1
1500413040000,1500413099000,112.063,112.068,112.063,112.063,7500000,1
1500413100000,1500413159000,112.063,112.063,112.049,112.056,182790000,1
1500413160000,1500413219000,112.05,112.05,112.02,112.027,73070000,1
1500413220000,1500413279000,112.026,112.027,112.024,112.024,48860000,1
1500413280000,1500413339000,112.025,112.025,112.02,112.02,76920000,1
1500413340000,1500413399000,112.02,112.021,112.02,112.02,40320000,1
1500413400000,1500413459000,112.024,112.03,112.02,112.024,365130000,1
1500413460000,1500413519000,112.027,112.035,112.023,112.026,282670000,1
1500413520000,1500413579000,112.026,112.033,112.022,112.022,76870000,1
1500413580000,1500413639000,112.022,112.022,112.022,112.022,64750000,1
1500413640000,1500413699000,112.022,112.022,112.022,112.022,25000000,1
1500413700000,1500413759000,112.022,112.025,112.022,112.025,544000000,1
1500413760000,1500413819000,112.025,112.025,112.025,112.025,292000000,1
1500413820000,1500413879000,112.025,112.025,112.025,112.025,218180000,1
1500413880000,1500413939000,112.025,112.026,112.02,112.026,368600000,1
1500413940000,1500413999000,112.026,112.026,112.024,112.026,521310000,1
1500414000000,1500414059000,112.026,112.032,112.025,112.032,536690000,1
1500414060000,1500414119000,112.031,112.032,112.029,112.031,298870000,1
1500414120000,1500414179000,112.031,112.032,112.03,112.03,544210000,1
1500414180000,1500414239000,112.03,112.03,112.028,112.028,257620000,1
1500414240000,1500414299000,112.028,112.028,112.02,112.025,328340000,1
1500414300000,1500414359000,112.025,112.049,112.025,112.035,275610000,1
1500414360000,1500414419000,112.035,112.035,112.029,112.033,251510000,1
1500414420000,1500414479000,112.033,112.044,112.033,112.041,53560000,1
1500414480000,1500414539000,112.042,112.042,112.027,112.028,50430000,1
1500414540000,1500414599000,112.029,112.034,112.026,112.028,29120000,1
1500414600000,1500414659000,112.029,112.032,112.026,112.032,30500000,1
1500414660000,1500414719000,112.033,112.037,112.032,112.032,19740000,1
1500414720000,1500414779000,112.033,112.05,112.026,112.05,56280000,1
1500414780000,1500414839000,112.054,112.055,112.026,112.033,203580000,1
1500414840000,1500414899000,112.033,112.033,112.028,112.028,205750000,1
1500414900000,1500414959000,112.028,112.073,112.028,112.048,195490000,1
1500414960000,1500415019000,112.048,112.048,112.033,112.033,123840000,1
1500415020000,1500415079000,112.033,112.071,112.033,112.071,63480000,1
1500415080000,1500415139000,112.073,112.075,112.041,112.041,144400000,1
1500415140000,1500415199000,112.044,112.075,112.044,112.056,81080000,1
1500415200000,1500415259000,112.056,112.056,112.032,112.048,54420000,1
1500415260000,1500415319000,112.05,112.072,112.045,112.071,91520000,1
1500415320000,1500415379000,112.072,112.085,112.066,112.073,105200000,1
1500415380000,1500415439000,112.073,112.083,112.071,112.083,59210000,1
1500415440000,1500415499000,112.083,112.101,112.077,112.101,70240000,1
1500415500000,1500415559000,112.1,112.107,112.093,112.094,106820000,1
1500415560000,1500415619000,112.098,112.098,112.085,112.088,64770000,1
1500415620000,1500415679000,112.089,112.095,112.085,112.091,37700000,1
1500415680000,1500415739000,112.092,112.104,112.092,112.102,73000000,1
1500415740000,1500415799000,112.103,112.106,112.101,112.106,24550000,1
1500415800000,1500415859000,112.106,112.109,112.105,112.109,26110000,1
1500415860000,1500415919000,112.108,112.112,112.102,112.109,57150000,1
1500415920000,1500415979000,112.109,112.109,112.101,112.101,55490000,1
1500415980000,1500416039000,112.101,112.107,112.09,112.09,43220000,1
1500416040000,1500416099000,112.095,112.103,112.084,112.084,25190000,1
1500416100000,1500416159000,112.085,112.086,112.081,112.081,15440000,1
1500416160000,1500416219000,112.083,112.084,112.08,112.081,25010000,1
1500416220000,1500416279000,112.08,112.086,112.08,112.085,45700000,1
1500416280000,1500416339000,112.083,112.088,112.083,112.088,36410000,1
1500416340000,1500416399000,112.089,112.089,112.083,112.083,47020000,1
1500416400000,1500416459000,112.083,112.087,112.083,112.083,17610000,1
1500416460000,1500416519000,112.083,112.086,112.083,112.083,9430000,1
1500416520000,1500416579000,112.083,112.086,112.083,112.083,8250000,1
1500416580000,1500416639000,112.083,112.085,112.083,112.084,10320000,1
1500416640000,1500416699000,112.083,112.086,112.083,112.084,12170000,1
1500416700000,1500416759000,112.083,112.096,112.083,112.09,50480000,1
1500416760000,1500416819000,112.09,112.09,112.079,112.079,21660000,1
1500416820000,1500416879000,112.079,112.082,112.078,112.08,22800000,1
1500416880000,1500416939000,112.079,112.079,112.077,112.078,7120000,1
1500416940000,1500416999000,112.078,112.078,112.077,112.077,2240000,1
1500417000000,1500417059000,112.078,112.083,112.078,112.082,12370000,1
1500417060000,1500417119000,112.086,112.088,112.081,112.082,12430000,1
1500417120000,1500417179000,112.081,112.083,112.08,112.082,14050000,1
1500417180000,1500417239000,112.082,112.082,112.081,112.081,5000000,1
1500417240000,1500417299000,112.082,112.088,112.082,112.082,33070000,1
1500417300000,1500417359000,112.081,112.081,112.076,112.077,17310000,1
1500417360000,1500417419000,112.077,112.077,112.064,112.065,31500000,1
1500417420000,1500417479000,112.065,112.066,112.046,112.057,72020000,1
1500417480000,1500417539000,112.057,112.057,112.034,112.034,46090000,1
1500417540000,1500417599000,112.034,112.048,112.034,112.045,24250000,1
1500417600000,1500417659000,112.044,112.051,112.044,112.044,33190000,1
1500417660000,1500417719000,112.044,112.044,112.044,112.044,13360000,1
1500417720000,1500417779000,112.044,112.046,112.044,112.046,11620000,1
1500417780000,1500417839000,112.05,112.052,112.039,112.039,59520000,1
1500417840000,1500417899000,112.039,112.044,112.038,112.039,43280000,1
1500417900000,1500417959000,112.039,112.049,112.031,112.047,20200000,1
1500417960000,1500418019000,112.047,112.051,112.024,112.032,88570000,1
1500418020000,1500418079000,112.033,112.034,112.032,112.034,9000000,1
1500418080000,1500418139000,112.038,112.041,112.037,112.04,18870000,1
1500418140000,1500418199000,112.04,112.042,112.04,112.042,16000000,1
1500418200000,1500418259000,112.042,112.054,112.042,112.051,48390000,1
1500418260000,1500418319000,112.051,112.053,112.051,112.052,11720000,1
1500418320000,1500418379000,112.052,112.066,112.052,112.065,71810000,1
1500418380000,1500418439000,112.064,112.065,112.057,112.064,80090000,1
1500418440000,1500418499000,112.065,112.079,112.065,112.079,29180000,1
1500418500000,1500418559000,112.079,112.092,112.077,112.09,69550000,1
1500418560000,1500418619000,112.09,112.09,112.084,112.085,46140000,1
1500418620000,1500418679000,112.085,112.09,112.085,112.086,20120000,1
1500418680000,1500418739000,112.085,112.088,112.085,112.087,4590000,1
1500418740000,1500418799000,112.086,112.086,112.076,112.076,43040000,1
1500418800000,1500418859000,112.076,112.08,112.073,112.078,37960000,1
1500418860000,1500418919000,112.077,112.077,112.06,112.061,29820000,1
1500418920000,1500418979000,112.061,112.061,112.046,112.049,27570000,1
1500418980000,1500419039000,112.05,112.061,112.034,112.044,65770000,1
1500419040000,1500419099000,112.047,112.051,112.042,112.044,15740000,1
1500419100000,1500419159000,112.045,112.051,112.043,112.045,26480000,1
1500419160000,1500419219000,112.045,112.05,112.045,112.046,27970000,1
1500419220000,1500419279000,112.044,112.049,112.042,112.047,25170000,1
1500419280000,1500419339000,112.048,112.052,112.046,112.048,36100000,1
1500419340000,1500419399000,112.049,112.058,112.039,112.058,74850000,1
1500419400000,1500419459000,112.058,112.06,112.045,112.047,52220000,1
1500419460000,1500419519000,112.048,112.048,112.045,112.046,10120000,1
1500419520000,1500419579000,112.046,112.053,112.045,112.048,23930000,1
1500419580000,1500419639000,112.049,112.053,112.049,112.049,9000000,1
1500419640000,1500419699000,112.051,112.053,112.048,112.048,11820000,1
1500419700000,1500419759000,112.049,112.052,112.036,112.039,115550000,1
1500419760000,1500419819000,112.037,112.043,112.037,112.041,77440000,1
1500419820000,1500419879000,112.041,112.056,112.041,112.048,43570000,1
1500419880000,1500419939000,112.048,112.05,112.048,112.05,56250000,1
1500420000000,1500420059000,112.052,112.053,112.05,112.051,25870000,1
1500420060000,1500420119000,112.051,112.052,112.046,112.048,81700000,1
1500420120000,1500420179000,112.047,112.048,112.046,112.047,27610000,1
1500420180000,1500420239000,112.047,112.047,112.016,112.033,147120000,1
1500420240000,1500420299000,112.034,112.036,111.996,111.996,141980000,1
1500420300000,1500420359000,111.998,112.008,111.997,112.001,159460000,1
1500420360000,1500420419000,112.003,112.011,111.999,112.009,91330000,1
1500420420000,1500420479000,112.01,112.019,112.008,112.017,141070000,1
1500420480000,1500420539000,112.02,112.029,112.018,112.028,111790000,1
1500420540000,1500420599000,112.029,112.029,112.023,112.028,52950000,1
1500420600000,1500420659000,112.028,112.03,112.022,112.022,64150000,1
1500420660000,1500420719000,112.022,112.027,112.011,112.024,54490000,1
1500420720000,1500420779000,112.024,112.024,112.015,112.017,39760000,1
1500420780000,1500420839000,112.017,112.025,112.017,112.022,25360000,1
1500420840000,1500420899000,112.024,112.024,112.017,112.023,41660000,1
1500420900000,1500420959000,112.023,112.024,112.016,112.024,97290000,1
1500420960000,1500421019000,112.026,112.039,112.016,112.034,79620000,1
1500421020000,1500421079000,112.034,112.046,112.024,112.034,89760000,1
1500421080000,1500421139000,112.034,112.04,112.034,112.04,34240000,1
1500421140000,1500421199000,112.04,112.064,112.036,112.058,72630000,1
1500421200000,1500421259000,112.057,112.057,112.04,112.044,103050000,1
1500421260000,1500421319000,112.044,112.048,112.021,112.026,93550000,1
1500421320000,1500421379000,112.025,112.027,112.02,112.027,24340000,1
1500421380000,1500421439000,112.027,112.027,111.997,112.016,76900000,1
1500421440000,1500421499000,112.021,112.024,111.994,111.995,78740000,1
1500421500000,1500421559000,111.995,111.996,111.971,111.984,139430000,1
1500421560000,1500421619000,111.985,111.992,111.975,111.978,164910000,1
1500421620000,1500421679000,111.981,111.985,111.973,111.977,97730000,1
1500421680000,1500421739000,111.977,111.981,111.958,111.96,79030000,1
1500421740000,1500421799000,111.96,111.967,111.944,111.947,137930000,1
1500421800000,1500421859000,111.951,111.966,111.945,111.964,85620000,1
1500421860000,1500421919000,111.964,111.964,111.951,111.952,60260000,1
1500421920000,1500421979000,111.955,111.959,111.951,111.959,36730000,1
1500421980000,1500422039000,111.958,111.958,111.957,111.957,49860000,1
1500422040000,1500422099000,111.957,111.968,111.957,111.964,96890000,1
1500422100000,1500422159000,111.965,111.98,111.965,111.977,65030000,1
1500422160000,1500422219000,111.976,111.98,111.976,111.978,62710000,1
1500422220000,1500422279000,111.977,111.998,111.977,111.996,81220000,1
1500422280000,1500422339000,111.996,111.997,111.989,111.995,83820000,1
1500422340000,1500422399000,111.995,111.997,111.98,111.992,70810000,1
1500422400000,1500422459000,111.993,111.996,111.975,111.98,114800000,1
1500422460000,1500422519000,111.978,111.981,111.933,111.944,186090000,1
1500422520000,1500422579000,111.943,111.953,111.94,111.95,97820000,1
1500422580000,1500422639000,111.95,111.966,111.947,111.966,79520000,1
1500422640000,1500422699000,111.967,111.969,111.954,111.969,103600000,1
1500422700000,1500422759000,111.972,111.976,111.961,111.966,147950000,1
1500422760000,1500422819000,111.965,111.976,111.954,111.976,83990000,1
1500422820000,1500422879000,111.981,111.99,111.971,111.978,128490000,1
1500422880000,1500422939000,111.979,111.991,111.97,111.976,133680000,1
1500422940000,1500422999000,111.975,111.976,111.955,111.975,86520000,1
1500423000000,1500423059000,111.975,111.975,111.938,111.945,139110000,1
1500423060000,1500423119000,111.945,111.955,111.94,111.948,103590000,1
1500423120000,1500423179000,111.948,111.96,111.946,111.946,88180000,1
1500423180000,1500423239000,111.946,111.959,111.946,111.955,85820000,1
1500423240000,1500423299000,111.955,111.972,111.954,111.966,82000000,1
1500423300000,1500423359000,111.965,111.98,111.956,111.956,110070000,1
1500423360000,1500423419000,111.956,111.958,111.942,111.95,139180000,1
1500423420000,1500423479000,111.95,111.954,111.944,111.951,121780000,1
1500423480000,1500423539000,111.95,111.958,111.948,111.952,84870000,1
1500423540000,1500423599000,111.953,111.953,111.935,111.935,165550000,1
1500423600000,1500423659000,111.934,111.937,111.922,111.934,153550000,1
1500423660000,1500423719000,111.934,111.94,111.928,111.931,81340000,1
1500423720000,1500423779000,111.93,111.942,111.919,111.94,91030000,1
1500423780000,1500423839000,111.942,111.953,111.942,111.946,99100000,1
1500423840000,1500423899000,111.947,111.959,111.942,111.951,169590000,1
1500423900000,1500423959000,111.954,111.966,111.946,111.959,111650000,1
1500423960000,1500424019000,111.959,111.962,111.945,111.955,79300000,1
1500424020000,1500424079000,111.953,111.955,111.935,111.946,116140000,1
1500424080000,1500424139000,111.949,111.956,111.947,111.947,63190000,1
1500424140000,1500424199000,111.951,111.952,111.945,111.948,38660000,1
1500424200000,1500424259000,111.948,111.953,111.929,111.949,115190000,1
1500424260000,1500424319000,111.95,111.954,111.936,111.936,72080000,1
1500424320000,1500424379000,111.935,111.945,111.918,111.922,131230000,1
1500424380000,1500424439000,111.92,111.92,111.889,111.898,180020000,1
1500424440000,1500424499000,111.9,111.918,111.899,111.916,136400000,1
1500424500000,1500424559000,111.916,111.917,111.908,111.908,144000000,1
1500424560000,1500424619000,111.907,111.907,111.883,111.888,110840000,1
1500424620000,1500424679000,111.888,111.902,111.884,111.895,135820000,1
1500424680000,1500424739000,111.896,111.912,111.885,111.91,122770000,1
1500424740000,1500424799000,111.908,111.908,111.902,111.905,96570000,1
1500424800000,1500424859000,111.907,111.91,111.902,111.904,95960000,1
1500424860000,1500424919000,111.905,111.92,111.904,111.918,166290000,1
1500424920000,1500424979000,111.918,111.926,111.906,111.924,147100000,1
1500424980000,1500425039000,111.926,111.927,111.92,111.921,104220000,1
1500425040000,1500425099000,111.922,111.928,111.922,111.924,74050000,1
1500425100000,1500425159000,111.925,111.927,111.917,111.922,99800000,1
1500425160000,1500425219000,111.925,111.941,111.925,111.938,134520000,1
1500425220000,1500425279000,111.938,111.941,111.936,111.937,146490000,1
1500425280000,1500425339000,111.936,111.939,111.928,111.928,164300000,1
1500425340000,1500425399000,111.929,111.95,111.928,111.948,74670000,1
1500425400000,1500425459000,111.948,111.948,111.936,111.94,65400000,1
1500425460000,1500425519000,111.941,111.947,111.935,111.939,150120000,1
1500425520000,1500425579000,111.947,111.959,111.947,111.954,129980000,1
1500425580000,1500425639000,111.955,111.958,111.952,111.956,61940000,1
1500425640000,1500425699000,111.956,111.965,111.951,111.955,211270000,1
1500425700000,1500425759000,111.958,111.963,111.941,111.953,180120000,1
1500425760000,1500425819000,111.953,111.953,111.943,111.946,267030000,1
1500425820000,1500425879000,111.946,111.95,111.94,111.948,166770000,1
1500425880000,1500425939000,111.949,111.969,111.945,111.968,85250000,1
1500425940000,1500425999000,111.968,112.021,111.966,112.01,212760000,1
1500426000000,1500426059000,112.012,112.012,111.99,111.99,131530000,1
1500426060000,1500426119000,111.992,112.015,111.992,112.015,162710000,1
1500426120000,1500426179000,112.015,112.024,112.012,112.024,158180000,1
1500426180000,1500426239000,112.024,112.024,112.009,112.016,113990000,1
1500426240000,1500426299000,112.016,112.045,112.016,112.034,114800000,1
1500426300000,1500426359000,112.035,112.073,112.035,112.06,280020000,1
1500426360000,1500426419000,112.061,112.062,112.052,112.053,100750000,1
1500426420000,1500426479000,112.053,112.053,112.033,112.037,116750000,1
1500426480000,1500426539000,112.037,112.054,112.033,112.052,181700000,1
1500426540000,1500426599000,112.053,112.055,112.036,112.036,117010000,1
1500426600000,1500426659000,112.036,112.062,112.036,112.049,92460000,1
1500426660000,1500426719000,112.05,112.056,112.047,112.047,76460000,1
1500426720000,1500426779000,112.047,112.055,112.047,112.048,83880000,1
1500426780000,1500426839000,112.047,112.048,112.035,112.046,141800000,1
1500426840000,1500426899000,112.047,112.068,112.044,112.061,336070000,1
1500426900000,1500426959000,112.061,112.08,112.057,112.075,107360000,1
1500426960000,1500427019000,112.075,112.077,112.066,112.074,66480000,1
1500427020000,1500427079000,112.074,112.096,112.074,112.095,133640000,1
1500427080000,1500427139000,112.094,112.096,112.081,112.088,155770000,1
1500427140000,1500427199000,112.089,112.119,112.087,112.116,161010000,1
1500427200000,1500427259000,112.113,112.115,112.09,112.097,178880000,1
1500427260000,1500427319000,112.099,112.102,112.083,112.091,150880000,1
1500427320000,1500427379000,112.092,112.092,112.083,112.083,48730000,1
1500427380000,1500427439000,112.082,112.085,112.072,112.077,105930000,1
1500427440000,1500427499000,112.078,112.085,112.067,112.067,109750000,1
1500427500000,1500427559000,112.068,112.072,112.048,112.052,139050000,1
1500427560000,1500427619000,112.051,112.074,112.048,112.073,308570000,1
1500427620000,1500427679000,112.073,112.075,112.063,112.067,118730000,1
1500427680000,1500427739000,112.068,112.076,112.06,112.068,119770000,1
1500427740000,1500427799000,112.067,112.07,112.062,112.066,99330000,1
1500427800000,1500427859000,112.066,112.066,112.054,112.055,182600000,1
1500427860000,1500427919000,112.057,112.067,112.055,112.067,95650000,1
1500427920000,1500427979000,112.067,112.072,112.062,112.068,100700000,1
1500427980000,1500428039000,112.069,112.069,112.058,112.062,19934040000,1
1500428040000,1500428099000,112.063,112.066,112.061,112.064,94200000,1
1500428100000,1500428159000,112.066,112.068,112.06,112.062,127390000,1
1500428160000,1500428219000,112.061,112.061,112.059,112.06,9000000,1
1500428220000,1500428279000,112.06,112.061,112.055,112.059,52570000,1
1500428280000,1500428339000,112.06,112.061,112.057,112.059,152160000,1
1500428340000,1500428399000,112.056,112.059,112.053,112.059,102430000,1
1500428400000,1500428459000,112.058,112.097,112.058,112.085,115210000,1
1500428460000,1500428519000,112.085,112.091,112.085,112.091,84170000,1
1500428520000,1500428579000,112.089,112.09,112.085,112.085,53470000,1
1500428580000,1500428639000,112.085,112.085,112.072,112.077,127850000,1
1500428640000,1500428699000,112.077,112.091,112.072,112.091,108940000,1
1500428700000,1500428759000,112.09,112.136,112.086,112.113,191760000,1
1500428760000,1500428819000,112.116,112.127,112.116,112.118,104330000,1
1500428820000,1500428879000,112.12,112.129,112.117,112.127,190510000,1
1500428880000,1500428939000,112.127,112.127,112.115,112.117,94500000,1
1500428940000,1500428999000,112.116,112.122,112.11,112.111,102960000,1
1500429000000,1500429059000,112.11,112.115,112.11,112.115,57790000,1
1500429060000,1500429119000,112.116,112.116,112.1,112.102,107810000,1
1500429120000,1500429179000,112.102,112.103,112.084,112.084,103640000,1
1500429180000,1500429239000,112.084,112.097,112.084,112.088,141240000,1
1500429240000,1500429299000,112.089,112.089,112.077,112.082,105180000,1
1500429300000,1500429359000,112.084,112.085,112.081,112.083,61430000,1
1500429360000,1500429419000,112.083,112.094,112.082,112.082,60740000,1
1500429420000,1500429479000,112.082,112.082,112.065,112.077,121060000,1
1500429480000,1500429539000,112.077,112.079,112.07,112.072,55480000,1
1500429540000,1500429599000,112.071,112.075,112.069,112.069,63870000,1
1500429600000,1500429659000,112.069,112.082,112.069,112.078,60240000,1
1500429660000,1500429719000,112.078,112.082,112.078,112.081,75410000,1
1500429720000,1500429779000,112.081,112.082,112.075,112.075,63360000,1
1500429780000,1500429839000,112.074,112.083,112.074,112.076,96100000,1
1500429840000,1500429899000,112.074,112.076,112.062,112.064,62700000,1
1500429900000,1500429959000,112.066,112.071,112.062,112.064,77450000,1
1500429960000,1500430019000,112.066,112.068,112.059,112.061,36370000,1
1500430020000,1500430079000,112.063,112.063,112.05,112.053,105010000,1
1500430080000,1500430139000,112.053,112.056,112.025,112.025,119430000,1
1500430140000,1500430199000,112.025,112.026,112.019,112.019,94740000,1
1500430200000,1500430259000,112.02,112.032,112.02,112.025,87760000,1
1500430260000,1500430319000,112.026,112.038,112.026,112.038,43110000,1
1500430320000,1500430379000,112.038,112.038,112.015,112.022,159720000,1
1500430380000,1500430439000,112.022,112.028,112.016,112.028,74580000,1
1500430440000,1500430499000,112.028,112.032,112.023,112.023,161420000,1
1500430500000,1500430559000,112.024,112.033,112.023,112.028,116520000,1
1500430560000,1500430619000,112.027,112.036,112.022,112.033,115350000,1
1500430620000,1500430679000,112.033,112.036,112.027,112.032,110270000,1
1500430680000,1500430739000,112.032,112.033,112.022,112.023,141940000,1
1500430740000,1500430799000,112.023,112.023,112.016,112.016,57900000,1
1500430800000,1500430859000,112.017,112.037,112.017,112.035,59740000,1
1500430860000,1500430919000,112.034,112.034,112.028,112.029,69580000,1
1500430920000,1500430979000,112.029,112.036,112.027,112.036,71900000,1
1500430980000,1500431039000,112.036,112.036,112.028,112.034,95850000,1
1500431040000,1500431099000,112.035,112.039,112.034,112.036,68500000,1
1500431100000,1500431159000,112.036,112.043,112.036,112.043,69060000,1
1500431160000,1500431219000,112.047,112.047,112.037,112.044,103530000,1
1500431220000,1500431279000,112.045,112.046,112.041,112.045,37730000,1
1500431280000,1500431339000,112.046,112.046,112.038,112.045,60990000,1
1500431340000,1500431399000,112.045,112.047,112.044,112.046,22290000,1
1500431400000,1500431459000,112.045,112.078,112.044,112.069,108060000,1
1500431460000,1500431519000,112.07,112.07,112.051,112.057,50160000,1
1500431520000,1500431579000,112.057,112.071,112.053,112.071,76740000,1
1500431580000,1500431639000,112.071,112.071,112.064,112.065,13160000,1
1500431640000,1500431699000,112.068,112.068,112.063,112.063,19690000,1
1500431700000,1500431759000,112.063,112.063,112.043,112.043,59570000,1
1500431760000,1500431819000,112.043,112.045,112.023,112.032,120010000,1
1500431820000,1500431879000,112.032,112.032,112.022,112.022,63080000,1
1500431880000,1500431939000,112.023,112.034,112.023,112.034,92560000,1
1500431940000,1500431999000,112.033,112.036,112.022,112.025,51570000,1
1500432000000,1500432059000,112.026,112.028,112.006,112.006,78050000,1
1500432060000,1500432119000,112.005,112.02,112.0,112.015,75250000,1
1500432120000,1500432179000,112.013,112.014,112.006,112.014,37730000,1
1500432180000,1500432239000,112.014,112.02,112.004,112.004,82440000,1
1500432240000,1500432299000,112.003,112.013,112.002,112.01,75070000,1
1500432300000,1500432359000,112.01,112.013,112.0,112.0,51360000,1
1500432360000,1500432419000,112.0,112.0,111.976,111.99,129420000,1
1500432420000,1500432479000,111.99,112.02,111.986,112.01,98120000,1
1500432480000,1500432539000,112.01,112.017,112.01,112.01,83630000,1
1500432540000,1500432599000,112.009,112.009,112.0,112.0,65920000,1
1500432600000,1500432659000,112.0,112.008,111.992,111.994,69500000,1
1500432660000,1500432719000,111.994,112.002,111.993,112.001,26670000,1
1500432720000,1500432779000,112.002,112.007,112.0,112.006,27050000,1
1500432780000,1500432839000,112.007,112.012,112.006,112.006,45310000,1
1500432840000,1500432899000,112.007,112.013,112.001,112.006,83240000,1
1500432900000,1500432959000,112.008,112.023,112.006,112.023,43160000,1
1500432960000,1500433019000,112.025,112.025,112.006,112.006,69720000,1
1500433020000,1500433079000,112.007,112.013,112.004,112.013,66490000,1
1500433080000,1500433139000,112.013,112.025,112.012,112.025,121790000,1
1500433140000,1500433199000,112.026,112.053,112.026,112.053,206750000,1
1500433200000,1500433259000,112.051,112.056,112.038,112.056,157900000,1
1500433260000,1500433319000,112.056,112.056,112.051,112.054,63980000,1
1500433320000,1500433379000,112.054,112.066,112.053,112.063,71710000,1
1500433380000,1500433439000,112.065,112.065,112.064,112.064,4000000,1
1500433440000,1500433499000,112.062,112.062,112.051,112.054,63950000,1
1500433500000,1500433559000,112.055,112.056,112.05,112.05,131180000,1
1500433560000,1500433619000,112.05,112.067,112.05,112.067,75250000,1
1500433620000,1500433679000,112.071,112.077,112.067,112.07,84490000,1
1500433680000,1500433739000,112.071,112.106,112.069,112.103,94370000,1
1500433740000,1500433799000,112.104,112.105,112.086,112.087,98200000,1
1500433800000,1500433859000,112.087,112.087,112.074,112.082,87480000,1
1500433860000,1500433919000,112.081,112.081,112.073,112.074,76180000,1
1500433920000,1500433979000,112.074,112.074,112.072,112.073,36640000,1
1500433980000,1500434039000,112.073,112.076,112.073,112.073,50380000,1
1500434040000,1500434099000,112.073,112.073,112.061,112.061,89310000,1
1500434100000,1500434159000,112.061,112.068,112.06,112.06,83380000,1
1500434160000,1500434219000,112.06,112.072,112.06,112.067,97090000,1
1500434220000,1500434279000,112.068,112.069,112.067,112.067,20790000,1
1500434280000,1500434339000,112.067,112.071,112.067,112.069,20820000,1
1500434340000,1500434399000,112.072,112.075,112.066,112.066,73150000,1
1500434400000,1500434459000,112.066,112.075,112.065,112.075,19370000,1
1500434460000,1500434519000,112.076,112.082,112.075,112.078,70780000,1
1500434520000,1500434579000,112.078,112.082,112.078,112.081,19860000,1
1500434580000,1500434639000,112.082,112.083,112.082,112.082,21000000,1
1500434640000,1500434699000,112.082,112.082,112.061,112.061,106290000,1
1500434700000,1500434759000,112.06,112.094,112.06,112.094,62810000,1
1500434760000,1500434819000,112.093,112.093,112.059,112.069,114220000,1
1500434820000,1500434879000,112.067,112.069,112.064,112.068,17450000,1
1500434880000,1500434939000,112.068,112.07,112.061,112.061,82910000,1
1500434940000,1500434999000,112.061,112.07,112.06,112.064,56670000,1
1500435000000,1500435059000,112.063,112.063,112.055,112.055,133910000,1
1500435060000,1500435119000,112.055,112.063,112.055,112.057,55670000,1
1500435120000,1500435179000,112.056,112.056,112.029,112.033,129640000,1
1500435180000,1500435239000,112.035,112.041,112.029,112.03,125830000,1
1500435240000,1500435299000,112.03,112.035,112.027,112.03,150600000,1
1500435300000,1500435359000,112.03,112.036,112.03,112.032,80730000,1
1500435360000,1500435419000,112.033,112.036,112.03,112.036,76240000,1
1500435420000,1500435479000,112.036,112.048,112.033,112.033,197320000,1
1500435480000,1500435539000,112.033,112.04,112.026,112.038,155720000,1
1500435540000,1500435599000,112.039,112.039,112.021,112.03,176210000,1
1500435600000,1500435659000,112.031,112.043,112.028,112.031,147790000,1
1500435660000,1500435719000,112.031,112.042,112.029,112.042,167710000,1
1500435720000,1500435779000,112.042,112.044,112.032,112.035,155690000,1
1500435780000,1500435839000,112.035,112.04,112.03,112.037,110930000,1
1500435840000,1500435899000,112.036,112.038,112.021,112.021,122370000,1
1500435900000,1500435959000,112.021,112.034,112.02,112.032,143370000,1
1500435960000,1500436019000,112.032,112.033,112.019,112.031,91910000,1
1500436020000,1500436079000,112.031,112.033,112.025,112.028,64530000,1
1500436080000,1500436139000,112.028,112.047,112.028,112.043,112870000,1
1500436140000,1500436199000,112.043,112.045,112.038,112.038,107060000,1
1500436200000,1500436259000,112.038,112.043,112.035,112.039,74100000,1
1500436260000,1500436319000,112.038,112.042,112.038,112.038,99960000,1
1500436320000,1500436379000,112.038,112.047,112.03,112.035,233830000,1
1500436380000,1500436439000,112.034,112.04,112.034,112.039,60430000,1
1500436440000,1500436499000,112.039,112.053,112.038,112.038,116860000,1
1500436500000,1500436559000,112.038,112.044,112.031,112.039,128640000,1
1500436560000,1500436619000,112.038,112.042,112.033,112.033,89650000,1
1500436620000,1500436679000,112.034,112.042,112.03,112.038,84520000,1
1500436680000,1500436739000,112.038,112.038,112.03,112.035,71950000,1
1500436740000,1500436799000,112.035,112.038,112.03,112.034,62920000,1
1500436800000,1500436859000,112.034,112.041,112.03,112.03,106160000,1
1500436860000,1500436919000,112.03,112.035,112.029,112.033,62700000,1
1500436920000,1500436979000,112.034,112.039,112.03,112.034,66260000,1
1500436980000,1500437039000,112.034,112.034,112.021,112.026,120240000,1
1500437040000,1500437099000,112.025,112.029,112.02,112.023,91900000,1
1500437100000,1500437159000,112.023,112.027,112.013,112.027,122130000,1
1500437160000,1500437219000,112.024,112.045,112.021,112.045,138640000,1
1500437220000,1500437279000,112.044,112.046,112.036,112.041,47640000,1
1500437280000,1500437339000,112.042,112.05,112.041,112.049,35460000,1
1500437340000,1500437399000,112.048,112.048,112.042,112.042,54020000,1
1500437400000,1500437459000,112.043,112.043,112.037,112.043,26500000,1
1500437460000,1500437519000,112.042,112.049,112.042,112.048,24120000,1
1500437520000,1500437579000,112.05,112.053,112.045,112.053,45360000,1
1500437580000,1500437639000,112.055,112.059,112.052,112.059,53270000,1
1500437640000,1500437699000,112.058,112.061,112.051,112.051,123010000,1
1500437700000,1500437759000,112.05,112.058,112.047,112.056,85890000,1
1500437760000,1500437819000,112.056,112.056,112.051,112.054,89050000,1
1500437820000,1500437879000,112.054,112.054,112.047,112.048,38900000,1
1500437880000,1500437939000,112.047,112.051,112.043,112.044,89700000,1
1500437940000,1500437999000,112.045,112.049,112.044,112.047,101110000,1
1500438000000,1500438059000,112.048,112.052,112.045,112.047,296090000,1
1500438060000,1500438119000,112.049,112.05,112.046,112.047,163790000,1
1500438120000,1500438179000,112.046,112.051,112.046,112.051,65590000,1
1500438180000,1500438239000,112.051,112.051,112.048,112.049,39070000,1
1500438240000,1500438299000,112.049,112.052,112.048,112.048,47930000,1
1500438300000,1500438359000,112.048,112.049,112.045,112.045,93090000,1
1500438360000,1500438419000,112.046,112.051,112.046,112.048,45090000,1
1500438420000,1500438479000,112.049,112.051,112.047,112.048,29850000,1
1500438480000,1500438539000,112.049,112.051,112.047,112.051,26470000,1
1500438540000,1500438599000,112.052,112.064,112.052,112.063,34970000,1
1500438600000,1500438659000,112.062,112.063,112.057,112.058,36550000,1
1500438660000,1500438719000,112.059,112.064,112.058,112.059,21680000,1
1500438720000,1500438779000,112.061,112.062,112.059,112.059,10820000,1
1500438780000,1500438839000,112.058,112.058,112.058,112.058,1310000,1
1500438840000,1500438899000,112.058,112.058,112.052,112.057,83580000,1
1500438900000,1500438959000,112.057,112.057,112.057,112.057,34520000,1
1500438960000,1500439019000,112.057,112.057,112.056,112.057,196410000,1
1500439020000,1500439079000,112.057,112.059,112.056,112.057,35800000,1
1500439080000,1500439139000,112.057,112.057,112.057,112.057,16440000,1
1500439140000,1500439199000,112.058,112.07,112.058,112.07,36330000,1
1500439200000,1500439259000,112.069,112.07,112.065,112.068,58350000,1
1500439260000,1500439319000,112.07,112.07,112.063,112.063,101540000,1
1500439320000,1500439379000,112.063,112.063,112.063,112.063,18520000,1
1500439380000,1500439439000,112.066,112.068,112.063,112.064,30660000,1
1500439440000,1500439499000,112.064,112.064,112.063,112.063,8950000,1
1500439500000,1500439559000,112.063,112.063,112.063,112.063,2320000,1
1500439560000,1500439619000,112.063,112.063,112.037,112.044,67590000,1
1500439620000,1500439679000,112.045,112.051,112.045,112.051,15860000,1
1500439680000,1500439739000,112.052,112.058,112.051,112.058,22010000,1
1500439740000,1500439799000,112.059,112.063,112.057,112.063,35950000,1
1500439800000,1500439859000,112.063,112.063,112.045,112.048,95880000,1
1500439860000,1500439919000,112.046,112.047,112.043,112.043,43330000,1
1500439920000,1500439979000,112.043,112.048,112.043,112.043,75590000,1
1500439980000,1500440039000,112.043,112.048,112.039,112.042,64990000,1
1500440040000,1500440099000,112.042,112.043,112.04,112.041,70050000,1
1500440100000,1500440159000,112.041,112.041,112.041,112.041,51070000,1
1500440160000,1500440219000,112.041,112.041,112.041,112.041,59810000,1
1500440220000,1500440279000,112.042,112.046,112.037,112.043,52870000,1
1500440280000,1500440339000,112.045,112.046,112.043,112.044,24290000,1
1500440340000,1500440399000,112.043,112.043,112.043,112.043,1310000,1
1500440400000,1500440459000,112.044,112.046,112.044,112.044,18220000,1
1500440460000,1500440519000,112.043,112.057,112.043,112.056,105990000,1
1500440520000,1500440579000,112.057,112.061,112.056,112.06,94640000,1
1500440580000,1500440639000,112.06,112.062,112.058,112.061,49480000,1
1500440640000,1500440699000,112.06,112.068,112.06,112.061,37380000,1
1500440700000,1500440759000,112.06,112.06,112.041,112.048,57460000,1
1500440760000,1500440819000,112.048,112.056,112.048,112.055,83080000,1
1500440820000,1500440879000,112.054,112.055,112.054,112.055,4990000,1
1500440880000,1500440939000,112.054,112.058,112.054,112.057,14240000,1
1500440940000,1500440999000,112.058,112.061,112.054,112.057,100340000,1
1500441000000,1500441059000,112.057,112.059,112.054,112.056,86230000,1
1500441060000,1500441119000,112.056,112.067,112.053,112.061,108230000,1
1500441120000,1500441179000,112.061,112.061,112.054,112.056,115720000,1
1500441180000,1500441239000,112.056,112.061,112.054,112.056,59600000,1
1500441240000,1500441299000,112.057,112.065,112.056,112.056,155310000,1
1500441300000,1500441359000,112.058,112.06,112.053,112.056,86850000,1
1500441360000,1500441419000,112.056,112.065,112.054,112.061,74810000,1
1500441420000,1500441479000,112.06,112.064,112.054,112.057,195410000,1
1500441480000,1500441539000,112.057,112.065,112.054,112.061,147220000,1
1500441540000,1500441599000,112.06,112.073,112.056,112.073,104600000,1
1500441600000,1500441659000,112.075,112.075,112.057,112.057,97480000,1
1500441660000,1500441719000,112.056,112.068,112.056,112.066,62670000,1
1500441720000,1500441779000,112.064,112.074,112.061,112.073,148410000,1
1500441780000,1500441839000,112.073,112.092,112.069,112.092,114240000,1
1500441840000,1500441899000,112.092,112.094,112.088,112.088,67920000,1
1500441900000,1500441959000,112.088,112.089,112.082,112.082,35150000,1
1500441960000,1500442019000,112.081,112.088,112.068,112.079,152230000,1
1500442020000,1500442079000,112.08,112.087,112.077,112.079,52450000,1
1500442080000,1500442139000,112.079,112.079,112.069,112.072,93350000,1
1500442140000,1500442199000,112.073,112.073,112.067,112.073,108660000,1
1500442200000,1500442259000,112.073,112.08,112.068,112.08,113050000,1
1500442260000,1500442319000,112.08,112.081,112.078,112.08,14940000,1
1500442320000,1500442379000,112.079,112.082,112.079,112.08,28590000,1
1500442380000,1500442439000,112.08,112.08,112.077,112.077,27590000,1
1500442440000,1500442499000,112.079,112.092,112.079,112.087,37380000,1
1500442500000,1500442559000,112.088,112.093,112.086,112.092,41090000,1
1500442560000,1500442619000,112.092,112.103,112.092,112.095,80800000,1
1500442620000,1500442679000,112.095,112.101,112.094,112.099,73020000,1
1500442680000,1500442739000,112.099,112.131,112.099,112.129,183050000,1
1500442740000,1500442799000,112.129,112.136,112.117,112.129,187770000,1
1500442800000,1500442859000,112.13,112.13,112.121,112.127,181790000,1
1500442860000,1500442919000,112.124,112.196,112.121,112.178,193880000,1
1500442920000,1500442979000,112.174,112.199,112.169,112.189,322130000,1
1500442980000,1500443039000,112.188,112.204,112.188,112.198,294780000,1
1500443040000,1500443099000,112.198,112.231,112.197,112.225,224110000,1
1500443100000,1500443159000,112.225,112.225,112.183,112.183,157450000,1
1500443160000,1500443219000,112.182,112.196,112.182,112.183,121310000,1
1500443220000,1500443279000,112.184,112.192,112.18,112.181,121840000,1
1500443280000,1500443339000,112.181,112.182,112.167,112.172,150720000,1
1500443340000,1500443399000,112.171,112.18,112.167,112.167,143860000,1
1500443400000,1500443459000,112.167,112.172,112.161,112.161,135780000,1
1500443460000,1500443519000,112.162,112.169,112.16,112.161,76520000,1
1500443520000,1500443579000,112.161,112.168,112.16,112.168,28920000,1
1500443580000,1500443639000,112.167,112.173,112.162,112.17,121520000,1
1500443640000,1500443699000,112.17,112.173,112.166,112.166,128590000,1
1500443700000,1500443759000,112.167,112.172,112.167,112.169,100120000,1
1500443760000,1500443819000,112.169,112.188,112.168,112.181,75600000,1
1500443820000,1500443879000,112.18,112.18,112.16,112.166,115210000,1
1500443880000,1500443939000,112.167,112.171,112.158,112.158,76150000,1
1500443940000,1500443999000,112.159,112.161,112.139,112.142,100550000,1
1500444000000,1500444059000,112.14,112.172,112.137,112.153,117420000,1
1500444060000,1500444119000,112.153,112.16,112.148,112.153,90950000,1
1500444120000,1500444179000,112.152,112.152,112.141,112.148,102330000,1
1500444180000,1500444239000,112.148,112.148,112.133,112.133,130590000,1
1500444240000,1500444299000,112.133,112.136,112.117,112.128,158930000,1
1500444300000,1500444359000,112.128,112.148,112.113,112.115,171350000,1
1500444360000,1500444419000,112.116,112.117,112.101,112.105,163700000,1
1500444420000,1500444479000,112.105,112.131,112.105,112.131,102290000,1
1500444480000,1500444539000,112.131,112.138,112.112,112.115,199530000,1
1500444540000,1500444599000,112.115,112.118,112.111,112.111,52180000,1
1500444600000,1500444659000,112.112,112.117,112.104,112.112,111740000,1
1500444660000,1500444719000,112.111,112.111,112.065,112.065,153640000,1
1500444720000,1500444779000,112.066,112.071,112.053,112.053,155590000,1
1500444780000,1500444839000,112.055,112.06,112.052,112.055,133210000,1
1500444840000,1500444899000,112.055,112.056,112.023,112.024,216070000,1
1500444900000,1500444959000,112.027,112.027,111.961,111.974,277900000,1
1500444960000,1500445019000,111.977,111.983,111.963,111.976,192590000,1
1500445020000,1500445079000,111.977,111.995,111.977,111.988,246260000,1
1500445080000,1500445139000,111.988,112.001,111.987,111.995,95050000,1
1500445140000,1500445199000,111.995,112.011,111.995,112.011,103990000,1
1500445200000,1500445259000,112.012,112.022,112.01,112.017,136950000,1
1500445260000,1500445319000,112.018,112.024,112.009,112.009,101340000,1
1500445320000,1500445379000,112.009,112.011,111.978,111.995,182520000,1
1500445380000,1500445439000,111.994,111.997,111.99,111.99,83890000,1
1500445440000,1500445499000,111.991,112.01,111.991,112.003,132500000,1
1500445500000,1500445559000,112.003,112.01,112.002,112.002,62590000,1
1500445560000,1500445619000,112.003,112.022,112.003,112.02,120950000,1
1500445620000,1500445679000,112.018,112.035,112.016,112.031,76680000,1
1500445680000,1500445739000,112.031,112.063,112.031,112.061,109420000,1
1500445740000,1500445799000,112.061,112.062,112.042,112.061,188010000,1
1500445800000,1500445859000,112.061,112.065,112.04,112.056,247440000,1
1500445860000,1500445919000,112.054,112.067,112.04,112.065,164360000,1
1500445920000,1500445979000,112.069,112.075,112.062,112.065,170150000,1
1500445980000,1500446039000,112.064,112.077,112.063,112.076,192610000,1
1500446040000,1500446099000,112.075,112.076,112.072,112.074,43720000,1
1500446100000,1500446159000,112.073,112.084,112.069,112.078,119300000,1
1500446160000,1500446219000,112.078,112.092,112.076,112.086,110940000,1
1500446220000,1500446279000,112.086,112.09,112.07,112.07,123410000,1
1500446280000,1500446339000,112.07,112.093,112.066,112.093,129050000,1
1500446340000,1500446399000,112.096,112.121,112.096,112.118,174380000,1
1500446400000,1500446459000,112.12,112.124,112.093,112.1,151590000,1
1500446460000,1500446519000,112.1,112.1,112.073,112.073,134760000,1
1500446520000,1500446579000,112.075,112.078,112.058,112.076,172360000,1
1500446580000,1500446639000,112.076,112.092,112.07,112.092,234580000,1
1500446640000,1500446699000,112.091,112.099,112.079,112.091,88110000,1
1500446700000,1500446759000,112.091,112.091,112.083,112.084,99940000,1
1500446760000,1500446819000,112.084,112.085,112.058,112.058,173090000,1
1500446820000,1500446879000,112.058,112.069,112.058,112.066,121080000,1
1500446880000,1500446939000,112.067,112.08,112.065,112.079,130630000,1
1500446940000,1500446999000,112.08,112.09,112.077,112.079,284830000,1
1500447000000,1500447059000,112.078,112.082,112.053,112.08,116180000,1
1500447060000,1500447119000,112.078,112.087,112.073,112.08,66330000,1
1500447120000,1500447179000,112.079,112.09,112.077,112.082,123410000,1
1500447180000,1500447239000,112.082,112.085,112.079,112.08,118200000,1
1500447240000,1500447299000,112.081,112.098,112.075,112.078,141860000,1
1500447300000,1500447359000,112.078,112.089,112.077,112.081,76740000,1
1500447360000,1500447419000,112.081,112.098,112.081,112.095,146640000,1
1500447420000,1500447479000,112.094,112.113,112.091,112.103,112690000,1
1500447480000,1500447539000,112.104,112.116,112.104,112.112,90080000,1
1500447540000,1500447599000,112.112,112.112,112.086,112.087,80260000,1
1500447600000,1500447659000,112.088,112.109,112.078,112.099,177950000,1
1500447660000,1500447719000,112.099,112.099,112.054,112.058,253030000,1
1500447720000,1500447779000,112.058,112.066,112.053,112.057,173780000,1
1500447780000,1500447839000,112.056,112.069,112.039,112.057,170530000,1
1500447840000,1500447899000,112.057,112.083,112.044,112.083,221180000,1
1500447900000,1500447959000,112.081,112.098,112.071,112.074,183900000,1
1500447960000,1500448019000,112.075,112.108,112.075,112.102,224020000,1
1500448020000,1500448079000,112.103,112.125,112.103,112.103,230340000,1
1500448080000,1500448139000,112.104,112.127,112.104,112.121,190240000,1
1500448140000,1500448199000,112.12,112.13,112.116,112.117,231780000,1
1500448200000,1500448259000,112.118,112.124,112.107,112.119,207820000,1
1500448260000,1500448319000,112.12,112.12,112.097,112.098,250080000,1
1500448320000,1500448379000,112.098,112.098,112.072,112.082,154170000,1
1500448380000,1500448439000,112.081,112.083,112.063,112.065,181340000,1
1500448440000,1500448499000,112.064,112.077,112.064,112.073,182860000,1
1500448500000,1500448559000,112.072,112.077,112.043,112.047,317510000,1
1500448560000,1500448619000,112.046,112.046,112.026,112.031,210380000,1
1500448620000,1500448679000,112.032,112.034,112.016,112.023,131530000,1
1500448680000,1500448739000,112.021,112.039,112.021,112.035,158680000,1
1500448740000,1500448799000,112.034,112.051,112.029,112.042,137690000,1
1500448800000,1500448859000,112.041,112.043,112.02,112.033,139140000,1
1500448860000,1500448919000,112.033,112.044,112.03,112.036,124600000,1
1500448920000,1500448979000,112.037,112.051,112.037,112.049,105900000,1
1500448980000,1500449039000,112.051,112.058,112.047,112.054,99620000,1
1500449040000,1500449099000,112.055,112.067,112.054,112.067,83230000,1
1500449100000,1500449159000,112.068,112.07,112.053,112.053,89480000,1
1500449160000,1500449219000,112.054,112.061,112.053,112.056,42430000,1
1500449220000,1500449279000,112.055,112.068,112.055,112.055,80850000,1
1500449280000,1500449339000,112.054,112.055,112.032,112.04,86320000,1
1500449340000,1500449399000,112.04,112.055,112.039,112.055,67710000,1
1500449400000,1500449459000,112.055,112.08,112.055,112.066,107920000,1
1500449460000,1500449519000,112.066,112.074,112.059,112.071,111320000,1
1500449520000,1500449579000,112.071,112.074,112.064,112.065,100710000,1
1500449580000,1500449639000,112.066,112.095,112.065,112.09,107670000,1
1500449640000,1500449699000,112.09,112.097,112.076,112.076,133190000,1
1500449700000,1500449759000,112.077,112.083,112.07,112.081,101570000,1
1500449760000,1500449819000,112.079,112.081,112.076,112.077,60690000,1
1500449820000,1500449879000,112.078,112.085,112.077,112.083,79600000,1
1500449880000,1500449939000,112.083,112.104,112.083,112.101,129590000,1
1500449940000,1500449999000,112.101,112.101,112.083,112.096,179390000,1
1500450000000,1500450059000,112.096,112.097,112.091,112.097,289310000,1
1500450060000,1500450119000,112.095,112.104,112.084,112.087,78900000,1
1500450120000,1500450179000,112.087,112.09,112.077,112.077,123250000,1
1500450180000,1500450239000,112.077,112.122,112.077,112.11,147960000,1
1500450240000,1500450299000,112.107,112.107,112.1,112.1,134790000,1
1500450300000,1500450359000,112.101,112.101,112.083,112.083,191750000,1
1500450360000,1500450419000,112.082,112.088,112.077,112.078,180510000,1
1500450420000,1500450479000,112.077,112.078,112.069,112.075,85610000,1
1500450480000,1500450539000,112.076,112.096,112.076,112.093,144070000,1
1500450540000,1500450599000,112.093,112.108,112.093,112.096,193450000,1
1500450600000,1500450659000,112.095,112.095,112.08,112.086,120250000,1
1500450660000,1500450719000,112.084,112.1,112.08,112.1,77340000,1
1500450720000,1500450779000,112.101,112.136,112.096,112.111,218450000,1
1500450780000,1500450839000,112.11,112.119,112.089,112.112,176550000,1
1500450840000,1500450899000,112.112,112.134,112.105,112.132,282730000,1
1500450900000,1500450959000,112.133,112.15,112.133,112.14,144430000,1
1500450960000,1500451019000,112.14,112.196,112.137,112.189,196290000,1
1500451020000,1500451079000,112.186,112.191,112.156,112.158,254960000,1
1500451080000,1500451139000,112.158,112.16,112.139,112.14,157560000,1
1500451140000,1500451199000,112.14,112.146,112.137,112.14,266980000,1
1500451200000,1500451259000,112.141,112.144,112.135,112.141,253090000,1
1500451260000,1500451319000,112.14,112.144,112.137,112.142,189520000,1
1500451320000,1500451379000,112.143,112.144,112.138,112.144,142860000,1
1500451380000,1500451439000,112.146,112.154,112.144,112.154,146100000,1
1500451440000,1500451499000,112.153,112.166,112.151,112.161,126700000,1
1500451500000,1500451559000,112.16,112.16,112.14,112.156,176110000,1
1500451560000,1500451619000,112.155,112.155,112.145,112.147,127770000,1
1500451620000,1500451679000,112.147,112.155,112.143,112.143,205630000,1
1500451680000,1500451739000,112.143,112.149,112.141,112.143,128450000,1
1500451740000,1500451799000,112.144,112.151,112.144,112.147,151600000,1
1500451800000,1500451859000,112.147,112.151,112.146,112.147,86050000,1
1500451860000,1500451919000,112.147,112.164,112.147,112.152,96850000,1
1500451920000,1500451979000,112.154,112.154,112.133,112.146,273700000,1
1500451980000,1500452039000,112.15,112.159,112.14,112.151,143770000,1
1500452040000,1500452099000,112.15,112.158,112.137,112.141,193110000,1
1500452100000,1500452159000,112.139,112.139,112.127,112.127,350490000,1
1500452160000,1500452219000,112.126,112.127,112.114,112.115,267340000,1
1500452220000,1500452279000,112.116,112.134,112.114,112.122,330570000,1
1500452280000,1500452339000,112.122,112.122,112.107,112.112,111270000,1
1500452340000,1500452399000,112.112,112.118,112.099,112.11,203130000,1
1500452400000,1500452459000,112.11,112.119,112.101,112.11,172730000,1
1500452460000,1500452519000,112.11,112.115,112.095,112.1,108980000,1
1500452520000,1500452579000,112.1,112.103,112.099,112.103,71380000,1
1500452580000,1500452639000,112.103,112.113,112.099,112.112,98030000,1
1500452640000,1500452699000,112.112,112.112,112.093,112.103,156690000,1
1500452700000,1500452759000,112.103,112.107,112.094,112.102,114970000,1
1500452760000,1500452819000,112.103,112.111,112.081,112.084,167680000,1
1500452820000,1500452879000,112.084,112.097,112.083,112.087,145790000,1
1500452880000,1500452939000,112.088,112.097,112.086,112.097,94400000,1
1500452940000,1500452999000,112.097,112.106,112.076,112.087,180120000,1
1500453000000,1500453059000,112.086,112.086,112.074,112.074,131080000,1
1500453060000,1500453119000,112.074,112.094,112.074,112.094,69250000,1
1500453120000,1500453179000,112.094,112.095,112.083,112.084,107350000,1
1500453180000,1500453239000,112.083,112.084,112.075,112.082,85580000,1
1500453240000,1500453299000,112.082,112.095,112.081,112.095,93970000,1
1500453300000,1500453359000,112.095,112.097,112.076,112.082,98970000,1
1500453360000,1500453419000,112.081,112.085,112.068,112.068,125870000,1
1500453420000,1500453479000,112.067,112.067,112.049,112.05,87500000,1
1500453480000,1500453539000,112.045,112.048,112.029,112.045,199820000,1
1500453540000,1500453599000,112.046,112.057,112.044,112.057,105160000,1
1500453600000,1500453659000,112.056,112.057,112.05,112.056,104770000,1
1500453660000,1500453719000,112.055,112.071,112.055,112.065,75500000,1
1500453720000,1500453779000,112.067,112.08,112.067,112.08,97300000,1
1500453780000,1500453839000,112.08,112.08,112.072,112.075,87010000,1
1500453840000,1500453899000,112.077,112.077,112.064,112.07,94300000,1
1500453900000,1500453959000,112.07,112.08,112.068,112.074,111990000,1
1500453960000,1500454019000,112.075,112.075,112.059,112.063,180270000,1
1500454020000,1500454079000,112.063,112.065,112.049,112.049,84110000,1
1500454080000,1500454139000,112.05,112.053,112.042,112.046,142160000,1
1500454140000,1500454199000,112.047,112.063,112.046,112.057,102980000,1
1500454200000,1500454259000,112.057,112.057,112.043,112.048,70870000,1
1500454260000,1500454319000,112.049,112.066,112.049,112.065,93060000,1
1500454320000,1500454379000,112.065,112.068,112.032,112.034,150430000,1
1500454380000,1500454439000,112.032,112.032,112.008,112.016,177250000,1
1500454440000,1500454499000,112.017,112.019,112.012,112.014,105020000,1
1500454500000,1500454559000,112.015,112.028,112.015,112.027,156710000,1
1500454560000,1500454619000,112.027,112.03,112.019,112.026,72500000,1
1500454620000,1500454679000,112.028,112.028,112.007,112.013,196820000,1
1500454680000,1500454739000,112.013,112.043,112.012,112.032,143550000,1
1500454740000,1500454799000,112.033,112.045,112.03,112.037,99740000,1
1500454800000,1500454859000,112.037,112.046,112.026,112.044,146080000,1
1500454860000,1500454919000,112.044,112.045,112.023,112.023,91630000,1
1500454920000,1500454979000,112.023,112.024,112.016,112.017,82310000,1
1500454980000,1500455039000,112.016,112.016,111.998,111.999,206140000,1
1500455040000,1500455099000,111.999,112.018,111.999,112.017,92310000,1
1500455100000,1500455159000,112.018,112.032,112.013,112.024,131000000,1
1500455160000,1500455219000,112.025,112.026,112.007,112.013,119420000,1
1500455220000,1500455279000,112.014,112.027,112.014,112.019,190860000,1
1500455280000,1500455339000,112.019,112.034,112.01,112.029,184360000,1
1500455340000,1500455399000,112.03,112.033,112.016,112.033,151010000,1
1500455400000,1500455459000,112.032,112.042,112.024,112.034,132710000,1
1500455460000,1500455519000,112.034,112.034,112.024,112.024,102990000,1
1500455520000,1500455579000,112.024,112.031,112.024,112.026,89140000,1
1500455580000,1500455639000,112.026,112.04,112.018,112.038,158700000,1
1500455640000,1500455699000,112.036,112.056,112.029,112.051,82220000,1
1500455700000,1500455759000,112.049,112.062,112.049,112.052,91430000,1
1500455760000,1500455819000,112.051,112.052,112.044,112.048,69950000,1
1500455820000,1500455879000,112.048,112.059,112.047,112.055,106620000,1
1500455880000,1500455939000,112.055,112.056,112.037,112.037,82260000,1
1500455940000,1500455999000,112.039,112.055,112.039,112.049,131610000,1
1500456000000,1500456059000,112.048,112.061,112.048,112.06,127020000,1
1500456060000,1500456119000,112.059,112.059,112.042,112.042,109300000,1
1500456120000,1500456179000,112.043,112.053,112.043,112.044,96400000,1
1500456180000,1500456239000,112.044,112.057,112.044,112.05,86980000,1
1500456240000,1500456299000,112.051,112.057,112.039,112.043,107280000,1
1500456300000,1500456359000,112.042,112.05,112.036,112.036,83460000,1
1500456360000,1500456419000,112.035,112.038,112.024,112.029,124480000,1
1500456420000,1500456479000,112.03,112.034,112.016,112.027,99800000,1
1500456480000,1500456539000,112.026,112.029,112.022,112.026,47270000,1
1500456540000,1500456599000,112.027,112.037,112.027,112.029,88340000,1
1500456600000,1500456659000,112.029,112.033,112.023,112.023,99360000,1
1500456660000,1500456719000,112.023,112.023,111.995,112.005,117350000,1
1500456720000,1500456779000,112.005,112.005,111.974,111.974,199180000,1
1500456780000,1500456839000,111.976,111.98,111.961,111.979,155550000,1
1500456840000,1500456899000,111.979,111.987,111.97,111.978,85800000,1
1500456900000,1500456959000,111.977,111.985,111.972,111.979,171740000,1
1500456960000,1500457019000,111.979,111.988,111.975,111.977,88350000,1
1500457020000,1500457079000,111.977,111.988,111.97,111.986,118810000,1
1500457080000,1500457139000,111.987,111.987,111.937,111.949,225770000,1
1500457140000,1500457199000,111.948,111.957,111.947,111.957,86170000,1
1500457200000,1500457259000,111.956,111.959,111.944,111.948,114660000,1
1500457260000,1500457319000,111.951,111.954,111.935,111.944,172000000,1
1500457320000,1500457379000,111.943,111.953,111.939,111.952,100490000,1
1500457380000,1500457439000,111.952,111.967,111.951,111.961,133320000,1
1500457440000,1500457499000,111.961,111.968,111.951,111.951,101620000,1
1500457500000,1500457559000,111.955,111.961,111.949,111.959,90860000,1
1500457560000,1500457619000,111.958,111.961,111.945,111.945,129380000,1
1500457620000,1500457679000,111.945,111.945,111.896,111.899,120420000,1
1500457680000,1500457739000,111.9,111.924,111.899,111.919,111860000,1
1500457740000,1500457799000,111.919,111.92,111.896,111.917,97860000,1
1500457800000,1500457859000,111.918,111.935,111.918,111.932,128460000,1
1500457860000,1500457919000,111.933,111.949,111.931,111.946,108430000,1
1500457920000,1500457979000,111.944,111.952,111.944,111.949,56190000,1
1500457980000,1500458039000,111.95,111.95,111.935,111.942,82440000,1
1500458040000,1500458099000,111.941,111.953,111.938,111.939,135990000,1
1500458100000,1500458159000,111.939,111.957,111.939,111.955,107150000,1
1500458160000,1500458219000,111.955,111.956,111.95,111.952,117630000,1
1500458220000,1500458279000,111.952,111.956,111.952,111.953,35960000,1
1500458280000,1500458339000,111.953,111.958,111.947,111.947,36700000,1
1500458340000,1500458399000,111.946,111.951,111.938,111.939,56420000,1
1500458400000,1500458459000,111.938,111.945,111.938,111.944,42190000,1
1500458460000,1500458519000,111.944,111.954,111.944,111.954,78320000,1
1500458520000,1500458579000,111.956,111.956,111.951,111.953,47440000,1
1500458580000,1500458639000,111.954,111.965,111.953,111.959,37180000,1
1500458640000,1500458699000,111.96,111.962,111.952,111.959,56120000,1
1500458700000,1500458759000,111.959,111.966,111.952,111.96,83330000,1
1500458760000,1500458819000,111.959,111.967,111.959,111.964,55790000,1
1500458820000,1500458879000,111.963,111.967,111.96,111.963,80260000,1
1500458880000,1500458939000,111.962,111.974,111.96,111.968,78890000,1
1500458940000,1500458999000,111.969,111.977,111.961,111.973,138760000,1
1500459000000,1500459059000,111.971,111.979,111.966,111.967,76190000,1
1500459060000,1500459119000,111.968,111.97,111.958,111.96,46990000,1
1500459120000,1500459179000,111.959,111.971,111.959,111.967,57520000,1
1500459180000,1500459239000,111.966,111.967,111.961,111.961,23100000,1
1500459240000,1500459299000,111.961,111.965,111.948,111.965,74590000,1
1500459300000,1500459359000,111.966,111.974,111.96,111.973,53760000,1
1500459360000,1500459419000,111.974,111.98,111.974,111.979,35720000,1
1500459420000,1500459479000,111.98,111.981,111.966,111.967,47240000,1
1500459480000,1500459539000,111.965,111.965,111.948,111.949,90400000,1
1500459540000,1500459599000,111.948,111.955,111.944,111.953,81740000,1
1500459600000,1500459659000,111.954,111.958,111.951,111.956,75530000,1
1500459660000,1500459719000,111.956,111.963,111.947,111.947,119530000,1
1500459720000,1500459779000,111.947,111.95,111.93,111.946,128940000,1
1500459780000,1500459839000,111.947,111.952,111.945,111.949,138420000,1
1500459840000,1500459899000,111.95,111.956,111.942,111.95,70850000,1
1500459900000,1500459959000,111.951,111.96,111.951,111.959,39600000,1
1500459960000,1500460019000,111.959,111.963,111.954,111.954,66310000,1
1500460020000,1500460079000,111.954,111.955,111.953,111.955,29660000,1
1500460080000,1500460139000,111.956,111.968,111.953,111.967,55810000,1
1500460140000,1500460199000,111.966,111.971,111.952,111.953,84300000,1
1500460200000,1500460259000,111.953,111.953,111.926,111.932,118830000,1
1500460260000,1500460319000,111.932,111.939,111.931,111.935,45050000,1
1500460320000,1500460379000,111.935,111.94,111.932,111.934,104350000,1
1500460380000,1500460439000,111.935,111.939,111.932,111.937,74710000,1
1500460440000,1500460499000,111.939,111.939,111.931,111.934,73390000,1
1500460500000,1500460559000,111.934,111.938,111.932,111.938,52650000,1
1500460560000,1500460619000,111.939,111.942,111.918,111.923,103090000,1
1500460620000,1500460679000,111.925,111.946,111.924,111.932,151440000,1
1500460680000,1500460739000,111.931,111.938,111.928,111.938,64410000,1
1500460740000,1500460799000,111.939,111.952,111.937,111.95,83490000,1
1500460800000,1500460859000,111.949,111.993,111.947,111.993,95120000,1
1500460860000,1500460919000,111.99,111.999,111.988,111.999,98320000,1
1500460920000,1500460979000,111.999,112.002,111.989,111.991,126100000,1
1500460980000,1500461039000,111.991,112.019,111.99,112.008,165160000,1
1500461040000,1500461099000,112.007,112.018,112.001,112.015,94210000,1
1500461100000,1500461159000,112.015,112.017,112.008,112.014,98340000,1
1500461160000,1500461219000,112.015,112.025,112.006,112.02,135010000,1
1500461220000,1500461279000,112.018,112.024,112.016,112.019,100220000,1
1500461280000,1500461339000,112.019,112.02,112.008,112.014,90200000,1
1500461340000,1500461399000,112.014,112.015,112.002,112.007,68950000,1
1500461400000,1500461459000,112.007,112.014,111.991,111.991,109550000,1
1500461460000,1500461519000,111.99,111.995,111.981,111.995,109270000,1
1500461520000,1500461579000,111.996,112.007,111.994,112.007,41750000,1
1500461580000,1500461639000,112.007,112.008,111.993,112.001,143380000,1
1500461640000,1500461699000,112.002,112.008,111.999,112.008,76510000,1
1500461700000,1500461759000,112.007,112.012,112.007,112.01,85700000,1
1500461760000,1500461819000,112.01,112.027,112.01,112.023,99130000,1
1500461820000,1500461879000,112.022,112.043,112.018,112.033,154940000,1
1500461880000,1500461939000,112.032,112.033,112.024,112.025,159150000,1
1500461940000,1500461999000,112.026,112.028,112.02,112.025,66790000,1
1500462000000,1500462059000,112.025,112.029,112.006,112.006,102290000,1
1500462060000,1500462119000,112.006,112.034,112.006,112.033,118530000,1
1500462120000,1500462179000,112.033,112.033,112.018,112.021,73560000,1
1500462180000,1500462239000,112.02,112.021,112.015,112.018,60440000,1
1500462240000,1500462299000,112.018,112.02,112.002,112.004,204380000,1
1500462300000,1500462359000,112.005,112.006,111.995,112.006,114020000,1
1500462360000,1500462419000,112.005,112.005,111.995,112.0,55770000,1
1500462420000,1500462479000,112.0,112.019,112.0,112.015,67260000,1
1500462480000,1500462539000,112.015,112.024,112.013,112.022,132200000,1
1500462540000,1500462599000,112.02,112.02,112.015,112.02,61510000,1
1500462600000,1500462659000,112.02,112.051,112.02,112.032,127120000,1
1500462660000,1500462719000,112.032,112.047,112.025,112.045,117310000,1
1500462720000,1500462779000,112.045,112.052,112.042,112.051,137240000,1
1500462780000,1500462839000,112.051,112.061,112.047,112.051,134030000,1
1500462840000,1500462899000,112.05,112.066,112.046,112.053,118800000,1
1500462900000,1500462959000,112.052,112.055,112.043,112.052,146100000,1
1500462960000,1500463019000,112.051,112.074,112.05,112.072,157500000,1
1500463020000,1500463079000,112.071,112.08,112.064,112.069,111350000,1
1500463080000,1500463139000,112.071,112.071,112.048,112.051,120580000,1
1500463140000,1500463199000,112.055,112.055,112.029,112.033,143740000,1
1500463200000,1500463259000,112.033,112.037,112.024,112.037,120080000,1
1500463260000,1500463319000,112.036,112.04,112.035,112.038,50110000,1
1500463320000,1500463379000,112.038,112.038,112.03,112.036,42490000,1
1500463380000,1500463439000,112.036,112.038,112.03,112.032,48890000,1
1500463440000,1500463499000,112.03,112.03,112.018,112.024,54600000,1
1500463500000,1500463559000,112.027,112.036,112.027,112.036,54330000,1
1500463560000,1500463619000,112.036,112.042,112.03,112.031,76830000,1
1500463620000,1500463679000,112.032,112.042,112.03,112.041,51460000,1
1500463680000,1500463739000,112.041,112.042,112.036,112.042,64220000,1
1500463740000,1500463799000,112.042,112.052,112.035,112.048,74800000,1
1500463800000,1500463859000,112.048,112.048,112.038,112.042,138480000,1
1500463860000,1500463919000,112.041,112.045,112.041,112.044,37590000,1
1500463920000,1500463979000,112.045,112.061,112.043,112.049,104890000,1
1500463980000,1500464039000,112.049,112.05,112.046,112.05,83690000,1
1500464040000,1500464099000,112.05,112.051,112.049,112.05,69050000,1
1500464100000,1500464159000,112.051,112.08,112.05,112.075,89880000,1
1500464160000,1500464219000,112.075,112.075,112.064,112.069,103620000,1
1500464220000,1500464279000,112.075,112.075,112.069,112.071,83720000,1
1500464280000,1500464339000,112.07,112.07,112.061,112.061,61370000,1
1500464340000,1500464399000,112.06,112.06,112.052,112.052,61290000,1
1500464400000,1500464459000,112.049,112.066,112.049,112.066,121560000,1
1500464460000,1500464519000,112.065,112.076,112.062,112.076,127590000,1
1500464520000,1500464579000,112.075,112.083,112.069,112.07,121580000,1
1500464580000,1500464639000,112.07,112.074,112.064,112.07,108250000,1
1500464640000,1500464699000,112.068,112.069,112.061,112.069,109200000,1
1500464700000,1500464759000,112.069,112.075,112.069,112.075,70540000,1
1500464760000,1500464819000,112.075,112.076,112.06,112.062,81550000,1
1500464820000,1500464879000,112.062,112.063,112.061,112.062,26220000,1
1500464880000,1500464939000,112.062,112.062,112.055,112.055,48070000,1
1500464940000,1500464999000,112.054,112.054,112.041,112.042,185680000,1
1500465000000,1500465059000,112.043,112.049,112.041,112.045,56800000,1
1500465060000,1500465119000,112.046,112.049,112.042,112.042,63010000,1
1500465120000,1500465179000,112.043,112.049,112.035,112.035,107270000,1
1500465180000,1500465239000,112.035,112.035,112.017,112.017,51770000,1
1500465240000,1500465299000,112.017,112.017,111.991,111.997,123970000,1
1500465300000,1500465359000,111.997,112.011,111.997,111.999,68910000,1
1500465360000,1500465419000,111.998,111.998,111.99,111.992,83690000,1
1500465420000,1500465479000,111.991,111.991,111.972,111.978,70410000,1
1500465480000,1500465539000,111.978,111.992,111.978,111.986,85910000,1
1500465540000,1500465599000,111.985,111.985,111.978,111.978,40660000,1
1500465600000,1500465659000,111.977,111.977,111.947,111.948,127760000,1
1500465660000,1500465719000,111.947,111.956,111.931,111.936,152260000,1
1500465720000,1500465779000,111.935,111.94,111.916,111.939,179850000,1
1500465780000,1500465839000,111.942,111.944,111.937,111.941,94800000,1
1500465840000,1500465899000,111.94,111.94,111.899,111.916,143920000,1
1500465900000,1500465959000,111.916,111.937,111.911,111.937,147500000,1
1500465960000,1500466019000,111.937,111.937,111.928,111.935,81920000,1
1500466020000,1500466079000,111.933,111.933,111.917,111.917,97370000,1
1500466080000,1500466139000,111.916,111.916,111.85,111.874,238920000,1
1500466140000,1500466199000,111.876,111.878,111.859,111.874,139010000,1
1500466200000,1500466259000,111.873,111.891,111.871,111.886,142200000,1
1500466260000,1500466319000,111.887,111.888,111.858,111.87,184970000,1
1500466320000,1500466379000,111.87,111.877,111.864,111.866,170850000,1
1500466380000,1500466439000,111.866,111.878,111.866,111.877,76690000,1
1500466440000,1500466499000,111.877,111.88,111.873,111.88,56680000,1
1500466500000,1500466559000,111.879,111.891,111.879,111.888,67340000,1
1500466560000,1500466619000,111.887,111.894,111.881,111.887,83450000,1
1500466620000,1500466679000,111.886,111.892,111.884,111.89,137850000,1
1500466680000,1500466739000,111.89,111.902,111.878,111.893,127960000,1
1500466740000,1500466799000,111.893,111.9,111.879,111.88,79810000,1
1500466800000,1500466859000,111.878,111.886,111.864,111.886,156940000,1
1500466860000,1500466919000,111.887,111.906,111.88,111.905,119320000,1
1500466920000,1500466979000,111.905,111.932,111.905,111.918,191620000,1
1500466980000,1500467039000,111.918,111.924,111.912,111.912,103980000,1
1500467040000,1500467099000,111.915,111.935,111.915,111.928,130690000,1
1500467100000,1500467159000,111.928,111.93,111.923,111.924,107970000,1
1500467160000,1500467219000,111.925,111.929,111.911,111.911,71500000,1
1500467220000,1500467279000,111.91,111.911,111.877,111.889,195110000,1
1500467280000,1500467339000,111.889,111.896,111.889,111.892,38180000,1
1500467340000,1500467399000,111.891,111.908,111.889,111.891,136360000,1
1500467400000,1500467459000,111.898,111.981,111.887,111.944,387610000,1
1500467460000,1500467519000,111.942,111.942,111.903,111.924,204430000,1
1500467520000,1500467579000,111.923,111.933,111.908,111.93,130270000,1
1500467580000,1500467639000,111.931,111.933,111.898,111.898,137880000,1
1500467640000,1500467699000,111.9,111.917,111.893,111.916,97630000,1
1500467700000,1500467759000,111.916,111.932,111.913,111.913,85000000,1
1500467760000,1500467819000,111.912,111.912,111.886,111.891,124570000,1
1500467820000,1500467879000,111.889,111.903,111.885,111.903,102200000,1
1500467880000,1500467939000,111.903,111.919,111.898,111.913,130410000,1
1500467940000,1500467999000,111.913,111.923,111.902,111.903,168850000,1
1500468000000,1500468059000,111.901,111.901,111.893,111.898,105220000,1
1500468060000,1500468119000,111.897,111.899,111.884,111.898,91640000,1
1500468120000,1500468179000,111.898,111.908,111.892,111.897,88780000,1
1500468180000,1500468239000,111.9,111.9,111.879,111.88,112340000,1
1500468240000,1500468299000,111.88,111.889,111.878,111.88,111190000,1
1500468300000,1500468359000,111.88,111.887,111.797,111.809,282830000,1
1500468360000,1500468419000,111.81,111.816,111.785,111.793,221040000,1
1500468420000,1500468479000,111.794,111.803,111.75,111.771,224420000,1
1500468480000,1500468539000,111.769,111.774,111.73,111.748,289060000,1
1500468540000,1500468599000,111.75,111.75,111.634,111.68,342970000,1
1500468600000,1500468659000,111.678,111.711,111.671,111.71,263530000,1
1500468660000,1500468719000,111.708,111.72,111.679,111.703,246420000,1
1500468720000,1500468779000,111.706,111.74,111.704,111.728,381270000,1
1500468780000,1500468839000,111.727,111.737,111.712,111.737,219260000,1
1500468840000,1500468899000,111.738,111.759,111.729,111.731,206050000,1
1500468900000,1500468959000,111.732,111.744,111.706,111.713,271550000,1
1500468960000,1500469019000,111.714,111.725,111.712,111.721,167740000,1
1500469020000,1500469079000,111.721,111.724,111.703,111.706,206950000,1
1500469080000,1500469139000,111.706,111.721,111.655,111.67,291380000,1
1500469140000,1500469199000,111.668,111.67,111.577,111.629,398920000,1
1500469200000,1500469259000,111.627,111.656,111.619,111.654,286800000,1
1500469260000,1500469319000,111.648,111.661,111.618,111.657,280720000,1
1500469320000,1500469379000,111.658,111.687,111.653,111.684,273700000,1
1500469380000,1500469439000,111.682,111.688,111.649,111.654,240420000,1
1500469440000,1500469499000,111.654,111.694,111.654,111.684,255210000,1
1500469500000,1500469559000,111.685,111.696,111.671,111.679,285110000,1
1500469560000,1500469619000,111.681,111.685,111.647,111.669,303660000,1
1500469620000,1500469679000,111.669,111.675,111.655,111.671,163700000,1
1500469680000,1500469739000,111.671,111.673,111.659,111.673,155010000,1
1500469740000,1500469799000,111.676,111.679,111.648,111.669,181000000,1
1500469800000,1500469859000,111.668,111.673,111.642,111.642,139270000,1
1500469860000,1500469919000,111.641,111.647,111.636,111.64,196580000,1
1500469920000,1500469979000,111.64,111.656,111.628,111.655,192000000,1
1500469980000,1500470039000,111.655,111.66,111.644,111.651,124090000,1
1500470040000,1500470099000,111.651,111.668,111.649,111.65,283630000,1
1500470100000,1500470159000,111.651,111.654,111.637,111.638,268700000,1
1500470160000,1500470219000,111.638,111.656,111.633,111.65,188130000,1
1500470220000,1500470279000,111.65,111.689,111.65,111.683,171960000,1
1500470280000,1500470339000,111.682,111.698,111.681,111.697,176980000,1
1500470340000,1500470399000,111.694,111.7,111.687,111.69,158470000,1
1500470400000,1500470459000,111.691,111.691,111.668,111.673,170250000,1
1500470460000,1500470519000,111.673,111.673,111.66,111.67,81990000,1
1500470520000,1500470579000,111.669,111.67,111.658,111.658,127550000,1
1500470580000,1500470639000,111.659,111.664,111.656,111.663,137490000,1
1500470640000,1500470699000,111.663,111.679,111.663,111.669,171350000,1
1500470700000,1500470759000,111.668,111.669,111.639,111.648,180580000,1
1500470760000,1500470819000,111.649,111.649,111.639,111.646,92190000,1
1500470820000,1500470879000,111.645,111.651,111.642,111.648,164790000,1
1500470880000,1500470939000,111.649,111.652,111.633,111.652,140650000,1
1500470940000,1500470999000,111.653,111.659,111.633,111.637,134290000,1
1500471000000,1500471059000,111.637,111.663,111.637,111.656,186490000,1
1500471060000,1500471119000,111.657,111.675,111.655,111.67,169340000,1
1500471120000,1500471179000,111.67,111.67,111.649,111.657,183360000,1
1500471180000,1500471239000,111.657,111.66,111.646,111.646,237600000,1
1500471240000,1500471299000,111.647,111.656,111.612,111.612,283850000,1
1500471300000,1500471359000,111.613,111.637,111.596,111.629,227270000,1
1500471360000,1500471419000,111.63,111.634,111.612,111.619,184270000,1
1500471420000,1500471479000,111.618,111.618,111.57,111.583,287670000,1
1500471480000,1500471539000,111.583,111.595,111.566,111.595,270220000,1
1500471540000,1500471599000,111.594,111.598,111.58,111.585,201180000,1
1500471600000,1500471659000,111.587,111.595,111.574,111.593,169640000,1
1500471660000,1500471719000,111.593,111.601,111.579,111.588,272150000,1
1500471720000,1500471779000,111.59,111.592,111.558,111.561,217310000,1
1500471780000,1500471839000,111.562,111.585,111.554,111.57,277010000,1
1500471840000,1500471899000,111.569,111.576,111.554,111.569,267790000,1
1500471900000,1500471959000,111.568,111.574,111.556,111.568,232380000,1
1500471960000,1500472019000,111.567,111.623,111.564,111.623,222560000,1
1500472020000,1500472079000,111.622,111.633,111.611,111.621,251120000,1
1500472080000,1500472139000,111.62,111.631,111.61,111.622,206790000,1
1500472140000,1500472199000,111.621,111.641,111.609,111.63,236260000,1
1500472200000,1500472259000,111.63,111.636,111.63,111.631,77770000,1
1500472260000,1500472319000,111.632,111.655,111.631,111.655,148260000,1
1500472320000,1500472379000,111.655,111.661,111.647,111.655,188230000,1
1500472380000,1500472439000,111.656,111.663,111.643,111.643,153950000,1
1500472440000,1500472499000,111.643,111.649,111.635,111.64,157150000,1
1500472500000,1500472559000,111.639,111.656,111.626,111.64,230240000,1
1500472560000,1500472619000,111.643,111.662,111.639,111.655,142360000,1
1500472620000,1500472679000,111.655,111.66,111.648,111.653,200890000,1
1500472680000,1500472739000,111.652,111.653,111.614,111.63,393560000,1
1500472740000,1500472799000,111.629,111.64,111.62,111.621,238360000,1
1500472800000,1500472859000,111.624,111.646,111.618,111.633,259280000,1
1500472860000,1500472919000,111.633,111.658,111.625,111.655,255030000,1
1500472920000,1500472979000,111.654,111.658,111.639,111.643,284900000,1
1500472980000,1500473039000,111.643,111.659,111.636,111.659,245400000,1
1500473040000,1500473099000,111.66,111.674,111.658,111.67,207450000,1
1500473100000,1500473159000,111.672,111.681,111.653,111.659,193360000,1
1500473160000,1500473219000,111.66,111.673,111.66,111.663,227970000,1
1500473220000,1500473279000,111.663,111.669,111.652,111.66,186990000,1
1500473280000,1500473339000,111.66,111.66,111.635,111.642,217390000,1
1500473340000,1500473399000,111.642,111.645,111.626,111.626,161130000,1
1500473400000,1500473459000,111.629,111.657,111.628,111.654,151230000,1
1500473460000,1500473519000,111.653,111.654,111.633,111.638,170530000,1
1500473520000,1500473579000,111.638,111.667,111.638,111.66,199810000,1
1500473580000,1500473639000,111.658,111.683,111.658,111.679,232550000,1
1500473640000,1500473699000,111.681,111.698,111.67,111.693,192630000,1
1500473700000,1500473759000,111.694,111.745,111.688,111.728,278240000,1
1500473760000,1500473819000,111.727,111.73,111.71,111.716,143210000,1
1500473820000,1500473879000,111.71,111.716,111.698,111.706,241040000,1
1500473880000,1500473939000,111.706,111.724,111.703,111.72,166860000,1
1500473940000,1500473999000,111.72,111.733,111.715,111.723,241990000,1
1500474000000,1500474059000,111.722,111.729,111.714,111.716,218300000,1
1500474060000,1500474119000,111.715,111.731,111.712,111.722,92850000,1
1500474120000,1500474179000,111.721,111.747,111.72,111.734,250400000,1
1500474180000,1500474239000,111.734,111.75,111.733,111.749,144420000,1
1500474240000,1500474299000,111.748,111.758,111.742,111.756,256800000,1
1500474300000,1500474359000,111.755,111.755,111.749,111.753,187050000,1
1500474360000,1500474419000,111.754,111.798,111.75,111.796,240950000,1
1500474420000,1500474479000,111.799,111.803,111.783,111.796,209810000,1
1500474480000,1500474539000,111.796,111.806,111.79,111.799,202390000,1
1500474540000,1500474599000,111.799,111.802,111.778,111.783,271340000,1
1500474600000,1500474659000,111.789,111.835,111.788,111.822,266140000,1
1500474660000,1500474719000,111.821,111.858,111.812,111.844,239450000,1
1500474720000,1500474779000,111.844,111.844,111.818,111.823,185400000,1
1500474780000,1500474839000,111.825,111.836,111.819,111.822,192450000,1
1500474840000,1500474899000,111.822,111.824,111.808,111.811,139370000,1
1500474900000,1500474959000,111.812,111.825,111.81,111.821,180520000,1
1500474960000,1500475019000,111.82,111.836,111.816,111.816,219830000,1
1500475020000,1500475079000,111.814,111.817,111.801,111.807,157550000,1
1500475080000,1500475139000,111.806,111.806,111.782,111.787,193280000,1
1500475140000,1500475199000,111.786,111.79,111.738,111.77,282980000,1
1500475200000,1500475259000,111.77,111.777,111.76,111.767,207170000,1
1500475260000,1500475319000,111.767,111.791,111.766,111.785,186540000,1
1500475320000,1500475379000,111.785,111.791,111.774,111.774,167540000,1
1500475380000,1500475439000,111.773,111.786,111.77,111.779,126590000,1
1500475440000,1500475499000,111.78,111.79,111.772,111.776,133610000,1
1500475500000,1500475559000,111.777,111.81,111.774,111.798,176110000,1
1500475560000,1500475619000,111.797,111.803,111.792,111.794,131190000,1
1500475620000,1500475679000,111.795,111.796,111.775,111.793,256480000,1
1500475680000,1500475739000,111.792,111.801,111.785,111.786,145510000,1
1500475740000,1500475799000,111.788,111.788,111.755,111.76,256590000,1
1500475800000,1500475859000,111.762,111.766,111.751,111.758,103330000,1
1500475860000,1500475919000,111.759,111.759,111.741,111.741,172250000,1
1500475920000,1500475979000,111.741,111.751,111.73,111.74,143090000,1
1500475980000,1500476039000,111.741,111.746,111.726,111.737,174700000,1
1500476040000,1500476099000,111.738,111.748,111.736,111.74,162660000,1
1500476100000,1500476159000,111.742,111.749,111.703,111.716,196340000,1
1500476160000,1500476219000,111.717,111.731,111.716,111.721,212380000,1
1500476220000,1500476279000,111.721,111.729,111.7,111.711,268020000,1
1500476280000,1500476339000,111.711,111.716,111.692,111.701,217660000,1
1500476340000,1500476399000,111.703,111.705,111.677,111.679,254300000,1
1500476400000,1500476459000,111.681,111.704,111.681,111.698,307120000,1
1500476460000,1500476519000,111.697,111.699,111.68,111.69,240790000,1
1500476520000,1500476579000,111.69,111.7,111.69,111.698,131270000,1
1500476580000,1500476639000,111.698,111.708,111.68,111.685,182200000,1
1500476640000,1500476699000,111.687,111.695,111.679,111.691,196980000,1
1500476700000,1500476759000,111.69,111.711,111.69,111.709,268120000,1
1500476760000,1500476819000,111.709,111.719,111.707,111.708,136240000,1
1500476820000,1500476879000,111.708,111.718,111.702,111.715,295720000,1
1500476880000,1500476939000,111.716,111.716,111.701,111.703,444740000,1
1500476940000,1500476999000,111.7,111.7,111.646,111.661,235590000,1
1500477000000,1500477059000,111.661,111.671,111.659,111.668,172760000,1
1500477060000,1500477119000,111.668,111.684,111.668,111.672,146740000,1
1500477120000,1500477179000,111.672,111.684,111.672,111.674,190710000,1
1500477180000,1500477239000,111.671,111.701,111.667,111.691,278900000,1
1500477240000,1500477299000,111.69,111.69,111.673,111.673,129090000,1
1500477300000,1500477359000,111.673,111.673,111.66,111.672,100000000,1
1500477360000,1500477419000,111.671,111.692,111.662,111.68,102860000,1
1500477420000,1500477479000,111.68,111.685,111.671,111.675,123020000,1
1500477480000,1500477539000,111.673,111.707,111.67,111.705,174670000,1
1500477540000,1500477599000,111.704,111.716,111.7,111.708,332600000,1
1500477600000,1500477659000,111.711,111.715,111.694,111.7,261070000,1
1500477660000,1500477719000,111.701,111.705,111.685,111.699,149510000,1
1500477720000,1500477779000,111.698,111.698,111.675,111.679,200430000,1
1500477780000,1500477839000,111.679,111.69,111.669,111.674,136080000,1
1500477840000,1500477899000,111.674,111.688,111.674,111.686,127490000,1
1500477900000,1500477959000,111.688,111.694,111.686,111.691,174170000,1
1500477960000,1500478019000,111.692,111.692,111.683,111.684,75150000,1
1500478020000,1500478079000,111.684,111.708,111.684,111.708,206510000,1
1500478080000,1500478139000,111.71,111.724,111.71,111.716,234640000,1
1500478140000,1500478199000,111.716,111.718,111.695,111.7,271140000,1
1500478200000,1500478259000,111.702,111.706,111.683,111.691,298230000,1
1500478260000,1500478319000,111.69,111.699,111.687,111.692,98390000,1
1500478320000,1500478379000,111.689,111.691,111.674,111.677,346540000,1
1500478380000,1500478439000,111.678,111.711,111.678,111.705,694670000,1
1500478440000,1500478499000,111.707,111.711,111.695,111.701,159160000,1
1500478500000,1500478559000,111.702,111.71,111.698,111.698,130490000,1
1500478560000,1500478619000,111.698,111.702,111.697,111.697,67890000,1
1500478620000,1500478679000,111.696,111.732,111.696,111.724,156110000,1
1500478680000,1500478739000,111.724,111.734,111.718,111.729,182610000,1
1500478740000,1500478799000,111.729,111.729,111.719,111.728,91480000,1
1500478800000,1500478859000,111.728,111.742,111.728,111.729,211480000,1
1500478860000,1500478919000,111.729,111.742,111.729,111.742,267200000,1
1500478920000,1500478979000,111.743,111.746,111.73,111.734,119480000,1
1500478980000,1500479039000,111.734,111.76,111.734,111.755,107530000,1
1500479040000,1500479099000,111.755,111.76,111.754,111.756,552050000,1
1500479100000,1500479159000,111.757,111.759,111.752,111.759,118430000,1
1500479160000,1500479219000,111.76,111.791,111.754,111.786,197070000,1
1500479220000,1500479279000,111.785,111.785,111.773,111.774,182480000,1
1500479280000,1500479339000,111.772,111.773,111.763,111.772,66570000,1
1500479340000,1500479399000,111.773,111.787,111.773,111.778,103210000,1
1500479400000,1500479459000,111.777,111.78,111.769,111.77,77580000,1
1500479460000,1500479519000,111.769,111.77,111.731,111.731,126050000,1
1500479520000,1500479579000,111.731,111.746,111.731,111.74,104900000,1
1500479580000,1500479639000,111.738,111.745,111.737,111.741,146490000,1
1500479640000,1500479699000,111.741,111.768,111.74,111.76,126700000,1
1500479700000,1500479759000,111.76,111.765,111.758,111.759,84490000,1
1500479760000,1500479819000,111.759,111.765,111.754,111.765,104720000,1
1500479820000,1500479879000,111.765,111.772,111.757,111.768,78000000,1
1500479880000,1500479939000,111.767,111.77,111.761,111.761,81140000,1
1500479940000,1500479999000,111.761,111.765,111.754,111.758,95940000,1
1500480000000,1500480059000,111.758,111.783,111.758,111.766,114530000,1
1500480060000,1500480119000,111.767,111.772,111.765,111.77,51030000,1
1500480120000,1500480179000,111.77,111.775,111.756,111.757,90500000,1
1500480180000,1500480239000,111.758,111.763,111.748,111.761,62790000,1
1500480240000,1500480299000,111.762,111.764,111.741,111.741,92420000,1
1500480300000,1500480359000,111.741,111.743,111.729,111.737,171220000,1
1500480360000,1500480419000,111.738,111.755,111.738,111.747,169440000,1
1500480420000,1500480479000,111.747,111.753,111.74,111.752,114030000,1
1500480480000,1500480539000,111.752,111.759,111.752,111.759,45670000,1
1500480540000,1500480599000,111.758,111.766,111.755,111.761,62080000,1
1500480600000,1500480659000,111.76,111.773,111.759,111.771,82760000,1
1500480660000,1500480719000,111.77,111.788,111.764,111.782,99760000,1
1500480720000,1500480779000,111.782,111.792,111.774,111.786,97270000,1
1500480780000,1500480839000,111.784,111.787,111.781,111.784,44840000,1
1500480840000,1500480899000,111.783,111.786,111.777,111.779,59300000,1
1500480900000,1500480959000,111.778,111.778,111.765,111.772,117790000,1
1500480960000,1500481019000,111.772,111.773,111.771,111.772,21140000,1
1500481020000,1500481079000,111.771,111.772,111.759,111.759,152840000,1
1500481080000,1500481139000,111.76,111.771,111.76,111.77,90750000,1
1500481140000,1500481199000,111.77,111.77,111.758,111.758,47400000,1
1500481200000,1500481259000,111.758,111.76,111.752,111.753,90620000,1
1500481260000,1500481319000,111.754,111.765,111.752,111.755,77800000,1
1500481320000,1500481379000,111.754,111.756,111.752,111.755,35960000,1
1500481380000,1500481439000,111.754,111.758,111.748,111.749,58490000,1
1500481440000,1500481499000,111.748,111.748,111.726,111.734,72500000,1
1500481500000,1500481559000,111.734,111.739,111.733,111.734,27100000,1
1500481560000,1500481619000,111.734,111.736,111.733,111.734,38340000,1
1500481620000,1500481679000,111.734,111.736,111.728,111.736,88110000,1
1500481680000,1500481739000,111.736,111.752,111.735,111.748,65470000,1
1500481740000,1500481799000,111.747,111.763,111.746,111.752,119570000,1
1500481800000,1500481859000,111.75,111.754,111.737,111.738,82210000,1
1500481860000,1500481919000,111.738,111.739,111.734,111.738,53810000,1
1500481920000,1500481979000,111.737,111.741,111.737,111.74,33820000,1
1500481980000,1500482039000,111.739,111.744,111.731,111.731,59130000,1
1500482040000,1500482099000,111.731,111.75,111.731,111.75,24090000,1
1500482100000,1500482159000,111.749,111.75,111.727,111.737,117410000,1
1500482160000,1500482219000,111.736,111.744,111.731,111.744,62960000,1
1500482220000,1500482279000,111.745,111.747,111.728,111.732,54430000,1
1500482280000,1500482339000,111.733,111.735,111.72,111.734,95910000,1
1500482340000,1500482399000,111.734,111.741,111.727,111.729,71190000,1
1500482400000,1500482459000,111.728,111.729,111.724,111.728,82420000,1
1500482460000,1500482519000,111.729,111.729,111.724,111.725,29750000,1
1500482520000,1500482579000,111.726,111.746,111.726,111.741,66050000,1
1500482580000,1500482639000,111.743,111.755,111.743,111.743,46090000,1
1500482640000,1500482699000,111.743,111.75,111.742,111.75,37360000,1
1500482700000,1500482759000,111.75,111.756,111.748,111.751,32690000,1
1500482760000,1500482819000,111.75,111.75,111.742,111.744,25220000,1
1500482820000,1500482879000,111.743,111.743,111.737,111.737,36560000,1
1500482880000,1500482939000,111.738,111.747,111.738,111.745,29080000,1
1500482940000,1500482999000,111.746,111.762,111.746,111.762,59700000,1
1500483000000,1500483059000,111.761,111.761,111.748,111.752,75690000,1
1500483060000,1500483119000,111.753,111.753,111.741,111.741,47850000,1
1500483120000,1500483179000,111.74,111.75,111.74,111.748,44060000,1
1500483180000,1500483239000,111.748,111.748,111.722,111.722,110540000,1
1500483240000,1500483299000,111.721,111.721,111.708,111.709,415710000,1
1500483300000,1500483359000,111.709,111.722,111.709,111.722,53590000,1
1500483360000,1500483419000,111.72,111.72,111.708,111.71,41240000,1
1500483420000,1500483479000,111.71,111.713,111.705,111.713,57530000,1
1500483480000,1500483539000,111.711,111.711,111.701,111.708,83820000,1
1500483540000,1500483599000,111.709,111.719,111.702,111.702,49470000,1
1500483600000,1500483659000,111.702,111.708,111.701,111.702,59580000,1
1500483660000,1500483719000,111.701,111.72,111.698,111.72,77130000,1
1500483720000,1500483779000,111.72,111.721,111.717,111.72,49870000,1
1500483780000,1500483839000,111.719,111.72,111.712,111.712,41800000,1
1500483840000,1500483899000,111.709,111.711,111.698,111.702,79450000,1
1500483900000,1500483959000,111.702,111.713,111.701,111.712,183470000,1
1500483960000,1500484019000,111.712,111.713,111.711,111.711,17600000,1
1500484020000,1500484079000,111.711,111.713,111.703,111.711,106960000,1
1500484080000,1500484139000,111.711,111.713,111.71,111.711,4745820000,1
1500484140000,1500484199000,111.711,111.711,111.708,111.708,16430000,1
1500484200000,1500484259000,111.71,111.727,111.71,111.724,54840000,1
1500484260000,1500484319000,111.724,111.743,111.724,111.742,53320000,1
1500484320000,1500484379000,111.742,111.75,111.74,111.748,63030000,1
1500484380000,1500484439000,111.748,111.748,111.734,111.735,61290000,1
1500484440000,1500484499000,111.734,111.736,111.726,111.726,75760000,1
1500484500000,1500484559000,111.727,111.732,111.723,111.726,69280000,1
1500484560000,1500484619000,111.728,111.733,111.726,111.733,62790000,1
1500484620000,1500484679000,111.733,111.738,111.726,111.728,73330000,1
1500484680000,1500484739000,111.729,111.734,111.723,111.723,66450000,1
1500484740000,1500484799000,111.723,111.724,111.719,111.723,27280000,1
1500484800000,1500484859000,111.724,111.724,111.712,111.718,37500000,1
1500484860000,1500484919000,111.717,111.719,111.716,111.716,11110000,1
1500484920000,1500484979000,111.717,111.724,111.716,111.722,14670000,1
1500484980000,1500485039000,111.723,111.724,111.721,111.722,42480000,1
1500485040000,1500485099000,111.722,111.722,111.717,111.717,1001660000,1
1500485100000,1500485159000,111.717,111.725,111.717,111.725,9360000,1
1500485160000,1500485219000,111.726,111.734,111.723,111.723,27090000,1
1500485220000,1500485279000,111.723,111.728,111.717,111.728,867830000,1
1500485280000,1500485339000,111.728,111.73,111.717,111.718,75510000,1
1500485340000,1500485399000,111.717,111.724,111.714,111.724,14980000,1
1500485400000,1500485459000,111.723,111.723,111.721,111.721,18870000,1
1500485460000,1500485519000,111.72,111.73,111.717,111.721,73470000,1
1500485520000,1500485579000,111.72,111.729,111.717,111.729,55480000,1
1500485580000,1500485639000,111.728,111.741,111.721,111.733,102600000,1
1500485640000,1500485699000,111.731,111.731,111.723,111.723,28430000,1
1500485700000,1500485759000,111.723,111.724,111.716,111.722,85330000,1
1500485760000,1500485819000,111.723,111.743,111.723,111.73,114740000,1
1500485820000,1500485879000,111.729,111.736,111.721,111.721,137420000,1
1500485880000,1500485939000,111.721,111.727,111.719,111.726,34100000,1
1500485940000,1500485999000,111.726,111.726,111.718,111.719,63960000,1
1500486000000,1500486059000,111.72,111.722,111.707,111.709,141140000,1
1500486060000,1500486119000,111.71,111.718,111.706,111.717,62900000,1
1500486120000,1500486179000,111.717,111.719,111.697,111.7,66640000,1
1500486180000,1500486239000,111.7,111.715,111.7,111.713,122080000,1
1500486240000,1500486299000,111.713,111.715,111.708,111.711,77680000,1
1500486300000,1500486359000,111.711,111.724,111.7,111.719,194900000,1
1500486360000,1500486419000,111.719,111.738,111.719,111.734,130070000,1
1500486420000,1500486479000,111.735,111.735,111.72,111.729,138270000,1
1500486480000,1500486539000,111.73,111.73,111.722,111.723,109510000,1
1500486540000,1500486599000,111.724,111.734,111.722,111.724,97970000,1
1500486600000,1500486659000,111.726,111.739,111.726,111.735,67150000,1
1500486660000,1500486719000,111.734,111.735,111.724,111.729,46620000,1
1500486720000,1500486779000,111.728,111.729,111.722,111.729,115590000,1
1500486780000,1500486839000,111.729,111.736,111.726,111.735,127210000,1
1500486840000,1500486899000,111.734,111.734,111.728,111.728,153710000,1
1500486900000,1500486959000,111.728,111.728,111.726,111.726,693100000,1
1500486960000,1500487019000,111.727,111.734,111.727,111.728,76670000,1
1500487020000,1500487079000,111.729,111.733,111.729,111.733,14350000,1
1500487080000,1500487139000,111.732,111.739,111.728,111.732,83270000,1
1500487140000,1500487199000,111.734,111.757,111.734,111.755,143630000,1
1500487200000,1500487259000,111.757,111.774,111.757,111.774,3246570000,1
1500487260000,1500487319000,111.778,111.792,111.774,111.787,463940000,1
1500487320000,1500487379000,111.784,111.789,111.775,111.778,292790000,1
1500487380000,1500487439000,111.776,111.779,111.772,111.773,61550000,1
1500487440000,1500487499000,111.775,111.775,111.764,111.768,75950000,1
1500487500000,1500487559000,111.767,111.773,111.763,111.773,581540000,1
1500487560000,1500487619000,111.773,111.774,111.767,111.771,44600000,1
1500487620000,1500487679000,111.772,111.778,111.772,111.778,44350000,1
1500487680000,1500487739000,111.778,111.78,111.769,111.769,3440950000,1
1500487740000,1500487799000,111.769,111.774,111.766,111.774,91050000,1
1500487800000,1500487859000,111.778,111.782,111.775,111.78,61350000,1
1500487860000,1500487919000,111.779,111.78,111.779,111.78,9300000,1
1500487920000,1500487979000,111.78,111.78,111.763,111.767,45400000,1
1500487980000,1500488039000,111.768,111.774,111.768,111.774,27070000,1
1500488040000,1500488099000,111.773,111.773,111.768,111.769,33590000,1
1500488100000,1500488159000,111.767,111.772,111.761,111.761,58030000,1
1500488160000,1500488219000,111.762,111.778,111.762,111.766,66630000,1
1500488220000,1500488279000,111.766,111.766,111.764,111.766,11840000,1
1500488280000,1500488339000,111.766,111.772,111.766,111.772,10600000,1
1500488340000,1500488399000,111.772,111.792,111.772,111.79,61120000,1
1500488400000,1500488459000,111.79,111.79,111.784,111.787,100170000,1
1500488460000,1500488519000,111.786,111.786,111.779,111.782,139350000,1
1500488520000,1500488579000,111.784,111.787,111.776,111.777,1086910000,1
1500488580000,1500488639000,111.778,111.789,111.778,111.787,20240000,1
1500488640000,1500488699000,111.786,111.793,111.78,111.79,67550000,1
1500488700000,1500488759000,111.789,111.791,111.759,111.767,118210000,1
1500488760000,1500488819000,111.767,111.782,111.767,111.778,55320000,1
1500488820000,1500488879000,111.778,111.787,111.777,111.783,106540000,1
1500488880000,1500488939000,111.782,111.785,111.777,111.785,75780000,1
1500488940000,1500488999000,111.787,111.792,111.786,111.79,67950000,1
1500489000000,1500489059000,111.789,111.791,111.784,111.789,148380000,1
1500489060000,1500489119000,111.789,111.79,111.784,111.784,16870000,1
1500489120000,1500489179000,111.785,111.802,111.779,111.797,1543550000,1
1500489180000,1500489239000,111.796,111.799,111.791,111.798,1650960000,1
1500489240000,1500489299000,111.798,111.81,111.798,111.808,317110000,1
1500489300000,1500489359000,111.808,111.808,111.78,111.783,103690000,1
1500489360000,1500489419000,111.784,111.784,111.774,111.774,44000000,1
1500489420000,1500489479000,111.776,111.787,111.776,111.784,44640000,1
1500489480000,1500489539000,111.786,111.789,111.782,111.786,29100000,1
1500489540000,1500489599000,111.786,111.795,111.784,111.792,45750000,1
1500489600000,1500489659000,111.791,111.801,111.79,111.799,55160000,1
1500489660000,1500489719000,111.801,111.819,111.801,111.809,94790000,1
1500489720000,1500489779000,111.808,111.81,111.803,111.808,57640000,1
1500489780000,1500489839000,111.808,111.808,111.803,111.804,53980000,1
1500489840000,1500489899000,111.803,111.806,111.798,111.802,104690000,1
1500489900000,1500489959000,111.801,111.803,111.794,111.796,155860000,1
1500489960000,1500490019000,111.795,111.795,111.789,111.789,54100000,1
1500490020000,1500490079000,111.789,111.801,111.784,111.801,58050000,1
1500490080000,1500490139000,111.802,111.808,111.8,111.805,94020000,1
1500490140000,1500490199000,111.804,111.816,111.804,111.814,71460000,1
1500490200000,1500490259000,111.813,111.815,111.801,111.801,80500000,1
1500490260000,1500490319000,111.801,111.802,111.801,111.801,14690000,1
1500490320000,1500490379000,111.801,111.807,111.8,111.806,55030000,1
1500490380000,1500490439000,111.806,111.815,111.806,111.814,53160000,1
1500490440000,1500490499000,111.814,111.814,111.802,111.803,59310000,1
1500490500000,1500490559000,111.803,111.803,111.79,111.796,39860000,1
1500490560000,1500490619000,111.794,111.798,111.789,111.798,40860000,1
1500490620000,1500490679000,111.797,111.802,111.796,111.801,38540000,1
1500490680000,1500490739000,111.802,111.805,111.802,111.802,24230000,1
1500490740000,1500490799000,111.801,111.801,111.781,111.791,136710000,1
1500490800000,1500490859000,111.791,111.793,111.776,111.784,104700000,1
1500490860000,1500490919000,111.784,111.787,111.774,111.787,113210000,1
1500490920000,1500490979000,111.787,111.792,111.784,111.792,50800000,1
1500490980000,1500491039000,111.791,111.793,111.785,111.793,83650000,1
1500491040000,1500491099000,111.793,111.801,111.792,111.799,60660000,1
1500491100000,1500491159000,111.799,111.8,111.798,111.799,42840000,1
1500491160000,1500491219000,111.799,111.805,111.799,111.805,30740000,1
1500491220000,1500491279000,111.805,111.836,111.803,111.83,37560000,1
1500491280000,1500491339000,111.828,111.837,111.825,111.826,188690000,1
1500491340000,1500491399000,111.826,111.84,111.826,111.84,95160000,1
1500491400000,1500491459000,111.84,111.84,111.83,111.834,398620000,1
1500491460000,1500491519000,111.833,111.836,111.831,111.836,74080000,1
1500491520000,1500491579000,111.835,111.853,111.834,111.853,63820000,1
1500491580000,1500491639000,111.853,111.854,111.839,111.842,44470000,1
1500491640000,1500491699000,111.842,111.848,111.835,111.842,110990000,1
1500491700000,1500491759000,111.842,111.842,111.838,111.841,59740000,1
1500491760000,1500491819000,111.839,111.839,111.826,111.826,220040000,1
1500491820000,1500491879000,111.824,111.827,111.821,111.822,81630000,1
1500491880000,1500491939000,111.826,111.848,111.825,111.847,58010000,1
1500491940000,1500491999000,111.848,111.857,111.848,111.852,40330000,1
1500492000000,1500492059000,111.852,111.852,111.844,111.844,62710000,1
1500492060000,1500492119000,111.843,111.843,111.832,111.835,159240000,1
1500492120000,1500492179000,111.833,111.835,111.832,111.833,166540000,1
1500492180000,1500492239000,111.835,111.839,111.833,111.839,46160000,1
1500492240000,1500492299000,111.838,111.84,111.833,111.833,85320000,1
1500492300000,1500492359000,111.833,111.833,111.828,111.829,109950000,1
1500492360000,1500492419000,111.832,111.838,111.819,111.823,86860000,1
1500492420000,1500492479000,111.822,111.84,111.822,111.829,114480000,1
1500492480000,1500492539000,111.829,111.832,111.824,111.83,77970000,1
1500492540000,1500492599000,111.831,111.842,111.831,111.842,27430000,1
1500492600000,1500492659000,111.84,111.844,111.834,111.837,72890000,1
1500492660000,1500492719000,111.837,111.841,111.834,111.839,63730000,1
1500492720000,1500492779000,111.839,111.84,111.834,111.84,41600000,1
1500492780000,1500492839000,111.841,111.849,111.826,111.827,148990000,1
1500492840000,1500492899000,111.827,111.829,111.822,111.822,79490000,1
1500492900000,1500492959000,111.821,111.823,111.804,111.823,80360000,1
1500492960000,1500493019000,111.823,111.823,111.815,111.816,71390000,1
1500493020000,1500493079000,111.816,111.822,111.815,111.82,56540000,1
1500493080000,1500493139000,111.82,111.822,111.815,111.821,95000000,1
1500493140000,1500493199000,111.822,111.823,111.821,111.823,32790000,1
1500493200000,1500493259000,111.825,111.828,111.825,111.828,44890000,1
1500493260000,1500493319000,111.828,111.828,111.828,111.828,10480000,1
1500493320000,1500493379000,111.828,111.832,111.828,111.828,45040000,1
1500493380000,1500493439000,111.827,111.83,111.825,111.827,21220000,1
1500493440000,1500493499000,111.828,111.831,111.827,111.828,32270000,1
1500493500000,1500493559000,111.828,111.832,111.828,111.831,66030000,1
1500493560000,1500493619000,111.831,111.838,111.829,111.838,88130000,1
1500493620000,1500493679000,111.839,111.848,111.839,111.844,41660000,1
1500493680000,1500493739000,111.843,111.843,111.831,111.831,76310000,1
1500493740000,1500493799000,111.831,111.832,111.831,111.832,18250000,1
1500493800000,1500493859000,111.833,111.835,111.823,111.823,65570000,1
1500493860000,1500493919000,111.823,111.824,111.812,111.818,60840000,1
1500493920000,1500493979000,111.819,111.82,111.808,111.818,80660000,1
1500493980000,1500494039000,111.819,111.836,111.819,111.834,57270000,1
1500494040000,1500494099000,111.834,111.834,111.817,111.818,180480000,1
1500494100000,1500494159000,111.817,111.833,111.817,111.83,89740000,1
1500494160000,1500494219000,111.83,111.836,111.83,111.833,251760000,1
1500494220000,1500494279000,111.833,111.833,111.818,111.821,108150000,1
1500494280000,1500494339000,111.823,111.828,111.819,111.828,88370000,1
1500494340000,1500494399000,111.828,111.837,111.82,111.824,358970000,1
1500494400000,1500494459000,111.823,111.823,111.804,111.807,113790000,1
1500494460000,1500494519000,111.807,111.816,111.806,111.807,56320000,1
1500494520000,1500494579000,111.807,111.811,111.807,111.81,46980000,1
1500494580000,1500494639000,111.811,111.812,111.809,111.812,36610000,1
1500494640000,1500494699000,111.814,111.814,111.809,111.81,69690000,1
1500494700000,1500494759000,111.811,111.813,111.808,111.813,43640000,1
1500494760000,1500494819000,111.813,111.813,111.811,111.813,11500000,1
1500494820000,1500494879000,111.812,111.817,111.812,111.816,20720000,1
1500494880000,1500494939000,111.815,111.817,111.813,111.816,22460000,1
1500494940000,1500494999000,111.816,111.816,111.808,111.808,33540000,1
1500495000000,1500495059000,111.808,111.813,111.806,111.809,72680000,1
1500495060000,1500495119000,111.809,111.81,111.809,111.81,24290000,1
1500495120000,1500495179000,111.809,111.81,111.809,111.81,11560000,1
1500495180000,1500495239000,111.811,111.812,111.81,111.812,41710000,1
1500495240000,1500495299000,111.812,111.823,111.806,111.819,131080000,1
1500495300000,1500495359000,111.817,111.824,111.811,111.823,113840000,1
1500495360000,1500495419000,111.823,111.831,111.82,111.83,62910000,1
1500495420000,1500495479000,111.829,111.83,111.828,111.83,36770000,1
1500495480000,1500495539000,111.829,111.831,111.825,111.829,69310000,1
1500495540000,1500495599000,111.83,111.831,111.828,111.828,35560000,1
1500495600000,1500495659000,111.828,111.834,111.828,111.834,18190000,1
1500495660000,1500495719000,111.833,111.837,111.833,111.837,17310000,1
1500495720000,1500495779000,111.838,111.841,111.836,111.84,38000000,1
1500495780000,1500495839000,111.84,111.841,111.838,111.838,18970000,1
1500495840000,1500495899000,111.838,111.838,111.836,111.838,20990000,1
1500495900000,1500495959000,111.836,111.837,111.831,111.832,76140000,1
1500495960000,1500496019000,111.831,111.842,111.831,111.842,48310000,1
1500496020000,1500496079000,111.841,111.841,111.833,111.834,94140000,1
1500496080000,1500496139000,111.834,111.834,111.828,111.829,69310000,1
1500496140000,1500496199000,111.829,111.838,111.829,111.834,79720000,1
1500496200000,1500496259000,111.834,111.843,111.834,111.841,78680000,1
1500496260000,1500496319000,111.842,111.844,111.841,111.842,87670000,1
1500496320000,1500496379000,111.843,111.843,111.841,111.841,98280000,1
1500496380000,1500496439000,111.842,111.843,111.841,111.842,43890000,1
1500496440000,1500496499000,111.843,111.843,111.841,111.842,25550000,1
1500496500000,1500496559000,111.842,111.843,111.841,111.841,20220000,1
1500496560000,1500496619000,111.841,111.841,111.836,111.836,19920000,1
1500496620000,1500496679000,111.836,111.84,111.836,111.836,51780000,1
1500496680000,1500496739000,111.836,111.841,111.836,111.841,54720000,1
1500496740000,1500496799000,111.841,111.847,111.841,111.847,92690000,1
1500496800000,1500496859000,111.846,111.846,111.832,111.836,56370000,1
1500496860000,1500496919000,111.837,111.862,111.834,111.856,75280000,1
1500496920000,1500496979000,111.856,111.861,111.851,111.861,62380000,1
1500496980000,1500497039000,111.864,111.878,111.864,111.875,57010000,1
1500497040000,1500497099000,111.875,111.885,111.874,111.875,147450000,1
1500497100000,1500497159000,111.874,111.881,111.872,111.881,113480000,1
1500497160000,1500497219000,111.881,111.884,111.875,111.879,88850000,1
1500497220000,1500497279000,111.88,111.881,111.876,111.879,56300000,1
1500497280000,1500497339000,111.88,111.891,111.879,111.888,155290000,1
1500497340000,1500497399000,111.889,111.897,111.885,111.89,118080000,1
1500497400000,1500497459000,111.892,111.908,111.88,111.903,124910000,1
1500497460000,1500497519000,111.904,111.906,111.899,111.901,99550000,1
1500497520000,1500497579000,111.901,111.901,111.89,111.89,64970000,1
1500497580000,1500497639000,111.89,111.891,111.879,111.88,193310000,1
1500497640000,1500497699000,111.88,111.88,111.866,111.872,147120000,1
1500497700000,1500497759000,111.871,111.901,111.871,111.9,97950000,1
1500497760000,1500497819000,111.9,111.91,111.899,111.909,127840000,1
1500497820000,1500497879000,111.909,111.912,111.908,111.91,61700000,1
1500497880000,1500497939000,111.913,111.936,111.912,111.933,110930000,1
1500497940000,1500497999000,111.936,111.968,111.936,111.968,61500000,1
1500498000000,1500498059000,111.968,111.993,111.925,111.928,45880000,1
1500498060000,1500498119000,111.928,111.931,111.876,111.881,42950000,1
1500498120000,1500498179000,111.886,111.935,111.874,111.885,23990000,1
1500498180000,1500498239000,111.884,111.916,111.884,111.916,5850000,1
1500498240000,1500498299000,111.916,111.916,111.899,111.916,4600000,1
1500498300000,1500498359000,111.916,111.921,111.884,111.906,139370000,1
1500498360000,1500498419000,111.905,111.908,111.904,111.908,6500000,1
1500498420000,1500498479000,111.91,111.911,111.906,111.909,15870000,1
1500498480000,1500498539000,111.91,111.91,111.909,111.909,4000000,1
1500498540000,1500498599000,111.909,111.91,111.908,111.91,18360000,1
1500498600000,1500498659000,111.91,111.91,111.91,111.91,5000000,1
1500498660000,1500498719000,111.91,111.91,111.91,111.91,11000000,1
1500498720000,1500498779000,111.91,111.91,111.91,111.91,3000000,1
1500498780000,1500498839000,111.91,111.915,111.905,111.915,10990000,1
1500498840000,1500498899000,111.921,111.922,111.913,111.913,18420000,1
1500498900000,1500498959000,111.913,111.916,111.913,111.916,5600000,1
1500498960000,1500499019000,111.916,111.916,111.881,111.884,47470000,1
1500499020000,1500499079000,111.884,111.884,111.859,111.862,65510000,1
1500499080000,1500499139000,111.864,111.89,111.854,111.874,66900000,1
1500499140000,1500499199000,111.873,111.882,111.873,111.876,48750000,1
1500499200000,1500499259000,111.878,111.905,111.877,111.905,41830000,1
1500499260000,1500499319000,111.891,111.905,111.879,111.881,55940000,1
1500499320000,1500499379000,111.88,111.92,111.88,111.906,61140000,1
1500499380000,1500499439000,111.906,111.906,111.875,111.886,71230000,1
1500499440000,1500499499000,111.884,111.885,111.883,111.885,29190000,1
1500499500000,1500499559000,111.884,111.887,111.884,111.885,85940000,1
1500499560000,1500499619000,111.884,111.886,111.883,111.884,42960000,1
1500499620000,1500499679000,111.883,111.885,111.883,111.884,43720000,1
1500499680000,1500499739000,111.885,111.886,111.883,111.883,49820000,1
1500499740000,1500499799000,111.884,111.884,111.883,111.883,58050000,1
1500499800000,1500499859000,111.88,111.882,111.878,111.881,43200000,1
1500499860000,1500499919000,111.881,111.887,111.877,111.882,62810000,1
1500499920000,1500499979000,111.883,111.883,111.878,111.879,78080000,1
1500499980000,1500500039000,111.879,111.88,111.878,111.879,185050000,1
1500500040000,1500500099000,111.878,111.908,111.878,111.905,193380000,1
1500500100000,1500500159000,111.905,111.905,111.88,111.882,101630000,1
1500500160000,1500500219000,111.885,111.886,111.876,111.878,57070000,1
1500500220000,1500500279000,111.878,111.878,111.874,111.876,31930000,1
1500500280000,1500500339000,111.876,111.876,111.873,111.874,27760000,1
1500500340000,1500500399000,111.875,111.878,111.871,111.874,34410000,1
1500500400000,1500500459000,111.872,111.877,111.843,111.865,48160000,1
1500500460000,1500500519000,111.865,111.865,111.848,111.849,19940000,1
1500500520000,1500500579000,111.853,111.854,111.852,111.854,20850000,1
1500500580000,1500500639000,111.852,111.858,111.848,111.856,39240000,1
1500500640000,1500500699000,111.855,111.856,111.853,111.855,11610000,1
1500500700000,1500500759000,111.855,111.857,111.855,111.857,8740000,1
1500500760000,1500500819000,111.857,111.859,111.857,111.858,20740000,1
1500500820000,1500500879000,111.858,111.86,111.858,111.86,35000000,1
1500500880000,1500500939000,111.86,111.86,111.859,111.86,22000000,1
1500500940000,1500500999000,111.86,111.906,111.86,111.884,104800000,1
1500501000000,1500501059000,111.885,111.885,111.865,111.875,30250000,1
1500501060000,1500501119000,111.873,111.875,111.873,111.875,2000000,1
1500501120000,1500501179000,111.875,111.875,111.869,111.869,6500000,1
1500501180000,1500501239000,111.869,111.898,111.869,111.893,37740000,1
1500501240000,1500501299000,111.893,111.893,111.874,111.881,30980000,1
1500501300000,1500501359000,111.881,111.881,111.88,111.88,5500000,1
1500501360000,1500501419000,111.88,111.88,111.876,111.876,2430000,1
1500501420000,1500501479000,111.875,111.878,111.875,111.878,26800000,1
1500501480000,1500501539000,111.879,111.88,111.879,111.879,5000000,1
1500501540000,1500501599000,111.88,111.884,111.874,111.884,10830000,1
1500501600000,1500501659000,111.883,111.907,111.88,111.889,61420000,1
1500501660000,1500501719000,111.889,111.892,111.882,111.883,46680000,1
1500501720000,1500501779000,111.882,111.887,111.871,111.875,139730000,1
1500501780000,1500501839000,111.877,111.907,111.872,111.904,166490000,1
1500501840000,1500501899000,111.904,111.906,111.896,111.902,214980000,1
1500501900000,1500501959000,111.903,111.912,111.896,111.912,172860000,1
1500501960000,1500502019000,111.912,111.913,111.891,111.893,241070000,1
1500502020000,1500502079000,111.892,111.904,111.877,111.898,257400000,1
1500502080000,1500502139000,111.897,111.901,111.876,111.883,194410000,1
1500502140000,1500502199000,111.883,111.895,111.882,111.894,94960000,1
1500502200000,1500502259000,111.894,111.897,111.89,111.89,55200000,1
1500502260000,1500502319000,111.89,111.901,111.89,111.901,78860000,1
1500502320000,1500502379000,111.899,111.903,111.898,111.899,67710000,1
1500502380000,1500502439000,111.899,111.9,111.894,111.897,99920000,1
1500502440000,1500502499000,111.898,111.904,111.898,111.901,29500000,1
1500502500000,1500502559000,111.902,111.91,111.902,111.908,46550000,1
1500502560000,1500502619000,111.908,111.908,111.903,111.906,47020000,1
1500502620000,1500502679000,111.909,111.926,111.907,111.916,92430000,1
1500502680000,1500502739000,111.916,111.918,111.907,111.907,37900000,1
1500502740000,1500502799000,111.908,111.91,111.907,111.907,26740000,1
1500502800000,1500502859000,111.907,111.91,111.904,111.906,68080000,1
1500502860000,1500502919000,111.907,111.91,111.9,111.901,35550000,1
1500502920000,1500502979000,111.902,111.904,111.897,111.901,51200000,1
1500502980000,1500503039000,111.901,111.903,111.894,111.895,43390000,1
1500503040000,1500503099000,111.894,111.897,111.894,111.897,36220000,1
1500503100000,1500503159000,111.897,111.898,111.893,111.894,51790000,1
1500503160000,1500503219000,111.895,111.897,111.889,111.897,37390000,1
1500503220000,1500503279000,111.897,111.897,111.894,111.894,31720000,1
1500503280000,1500503339000,111.894,111.895,111.889,111.89,28580000,1
1500503340000,1500503399000,111.888,111.891,111.887,111.887,21810000,1
1500503400000,1500503459000,111.889,111.896,111.868,111.888,97750000,1
1500503460000,1500503519000,111.888,111.911,111.879,111.911,106480000,1
1500503520000,1500503579000,111.911,111.915,111.901,111.914,73240000,1
1500503580000,1500503639000,111.915,111.916,111.908,111.908,27220000,1
1500503640000,1500503699000,111.909,111.913,111.906,111.906,28930000,1
1500503700000,1500503759000,111.907,111.908,111.88,111.88,55090000,1
1500503760000,1500503819000,111.88,111.885,111.88,111.882,51590000,1
1500503820000,1500503879000,111.881,111.881,111.871,111.871,49840000,1
1500503880000,1500503939000,111.869,111.886,111.869,111.884,37070000,1
1500503940000,1500503999000,111.884,111.886,111.881,111.882,43000000,1
1500504000000,1500504059000,111.88,111.884,111.876,111.884,22750000,1
1500504060000,1500504119000,111.886,111.887,111.88,111.884,44860000,1
1500504120000,1500504179000,111.887,111.894,111.885,111.887,26620000,1
1500504180000,1500504239000,111.886,111.891,111.886,111.891,22240000,1
1500504240000,1500504299000,111.89,111.89,111.884,111.89,80760000,1
1500504300000,1500504359000,111.891,111.896,111.884,111.889,89980000,1
1500504360000,1500504419000,111.89,111.896,111.889,111.895,81370000,1
1500504420000,1500504479000,111.895,111.898,111.894,111.897,39550000,1
1500504480000,1500504539000,111.896,111.897,111.891,111.894,41450000,1
1500504540000,1500504599000,111.894,111.899,111.894,111.899,37290000,1
1500504600000,1500504659000,111.899,111.9,111.88,111.884,85420000,1
1500504660000,1500504719000,111.885,111.886,111.883,111.884,26530000,1
1500504720000,1500504779000,111.885,111.892,111.885,111.89,27970000,1
1500504780000,1500504839000,111.891,111.898,111.891,111.892,45760000,1
1500504840000,1500504899000,111.895,111.895,111.888,111.888,52730000,1
1500504900000,1500504959000,111.888,111.895,111.888,111.895,23570000,1
1500504960000,1500505019000,111.895,111.895,111.894,111.894,30020000,1
1500505020000,1500505079000,111.894,111.895,111.894,111.895,17250000,1
1500505080000,1500505139000,111.895,111.896,111.894,111.895,41150000,1
1500505140000,1500505199000,111.895,111.895,111.888,111.892,20550000,1
1500505200000,1500505259000,111.889,111.891,111.881,111.883,45200000,1
1500505260000,1500505319000,111.884,111.885,111.871,111.878,85210000,1
1500505320000,1500505379000,111.879,111.882,111.877,111.877,34960000,1
1500505380000,1500505439000,111.878,111.879,111.875,111.876,27990000,1
1500505440000,1500505499000,111.875,111.879,111.871,111.877,38090000,1
1500505500000,1500505559000,111.877,111.877,111.862,111.864,56500000,1
1500505560000,1500505619000,111.863,111.863,111.857,111.86,15630000,1
1500505620000,1500505679000,111.859,111.863,111.838,111.845,97730000,1
1500505680000,1500505739000,111.845,111.851,111.829,111.831,94100000,1
1500505740000,1500505799000,111.833,111.847,111.831,111.832,64520000,1
1500505800000,1500505859000,111.832,111.85,111.831,111.847,87940000,1
1500505860000,1500505919000,111.846,111.846,111.819,111.822,101770000,1
1500505920000,1500505979000,111.825,111.835,111.82,111.835,37700000,1
1500505980000,1500506039000,111.834,111.846,111.831,111.833,41120000,1
1500506040000,1500506099000,111.832,111.834,111.823,111.827,39170000,1
1500506100000,1500506159000,111.828,111.853,111.828,111.837,80740000,1
1500506160000,1500506219000,111.836,111.851,111.831,111.846,57140000,1
1500506220000,1500506279000,111.847,111.849,111.825,111.837,71610000,1
1500506280000,1500506339000,111.838,111.838,111.838,111.838,7370000,1
1500506340000,1500506399000,111.838,111.84,111.838,111.838,13360000,1
1500506400000,1500506459000,111.837,111.839,111.837,111.838,31770000,1
1500506460000,1500506519000,111.838,111.841,111.818,111.825,98240000,1
1500506520000,1500506579000,111.825,111.828,111.818,111.822,50350000,1
1500506580000,1500506639000,111.821,111.821,111.816,111.818,46710000,1
1500506640000,1500506699000,111.818,111.827,111.817,111.827,70950000,1
1500506700000,1500506759000,111.826,111.826,111.816,111.82,73250000,1
1500506760000,1500506819000,111.822,111.825,111.814,111.82,174970000,1
1500506820000,1500506879000,111.818,111.827,111.816,111.826,126470000,1
1500506880000,1500506939000,111.825,111.828,111.81,111.826,142240000,1
1500506940000,1500506999000,111.825,111.83,111.809,111.827,68240000,1
1500507000000,1500507059000,111.829,111.829,111.815,111.816,78610000,1
1500507060000,1500507119000,111.817,111.825,111.811,111.823,71740000,1
1500507120000,1500507179000,111.823,111.823,111.808,111.809,66090000,1
1500507180000,1500507239000,111.809,111.816,111.805,111.805,93160000,1
1500507240000,1500507299000,111.806,111.806,111.796,111.801,68300000,1
1500507300000,1500507359000,111.802,111.817,111.801,111.802,96950000,1
1500507360000,1500507419000,111.803,111.822,111.803,111.822,37150000,1
1500507420000,1500507479000,111.822,111.83,111.816,111.83,54810000,1
1500507480000,1500507539000,111.829,111.831,111.816,111.822,151160000,1
1500507540000,1500507599000,111.822,111.824,111.822,111.823,10480000,1
1500507600000,1500507659000,111.821,111.822,111.82,111.822,25680000,1
1500507660000,1500507719000,111.821,111.824,111.818,111.823,47370000,1
1500507720000,1500507779000,111.824,111.836,111.824,111.827,93240000,1
1500507780000,1500507839000,111.827,111.835,111.826,111.832,44800000,1
1500507840000,1500507899000,111.833,111.834,111.83,111.83,34160000,1
1500507900000,1500507959000,111.829,111.836,111.829,111.836,46280000,1
1500507960000,1500508019000,111.835,111.836,111.828,111.834,69330000,1
1500508020000,1500508079000,111.833,111.835,111.827,111.83,83260000,1
1500508080000,1500508139000,111.831,111.836,111.823,111.824,35890000,1
1500508140000,1500508199000,111.824,111.828,111.824,111.827,15490000,1
1500508200000,1500508259000,111.827,111.837,111.827,111.835,83890000,1
1500508260000,1500508319000,111.835,111.839,111.832,111.838,62040000,1
1500508320000,1500508379000,111.838,111.839,111.835,111.836,31160000,1
1500508380000,1500508439000,111.836,111.848,111.835,111.848,87110000,1
1500508440000,1500508499000,111.847,111.847,111.841,111.841,41720000,1
1500508500000,1500508559000,111.842,111.855,111.842,111.854,40830000,1
1500508560000,1500508619000,111.854,111.875,111.848,111.872,86130000,1
1500508620000,1500508679000,111.872,111.877,111.87,111.877,32200000,1
1500508680000,1500508739000,111.878,111.887,111.878,111.884,31640000,1
1500508740000,1500508799000,111.884,111.885,111.883,111.883,27510000,1
1500508800000,1500508859000,111.883,111.883,111.853,111.858,141850000,1
1500508860000,1500508919000,111.858,111.858,111.839,111.839,80860000,1
1500508920000,1500508979000,111.839,111.845,111.821,111.827,196320000,1
1500508980000,1500509039000,111.827,111.832,111.809,111.813,124940000,1
1500509040000,1500509099000,111.812,111.812,111.788,111.796,157620000,1
1500509100000,1500509159000,111.799,111.802,111.797,111.797,77700000,1
1500509160000,1500509219000,111.797,111.834,111.796,111.822,127590000,1
1500509220000,1500509279000,111.82,111.832,111.82,111.828,100040000,1
1500509280000,1500509339000,111.827,111.839,111.822,111.833,69080000,1
1500509340000,1500509399000,111.833,111.847,111.825,111.825,52080000,1
1500509400000,1500509459000,111.821,111.843,111.819,111.843,114080000,1
1500509460000,1500509519000,111.84,111.862,111.834,111.858,111640000,1
1500509520000,1500509579000,111.857,111.868,111.845,111.85,169580000,1
1500509580000,1500509639000,111.851,111.852,111.835,111.835,118860000,1
1500509640000,1500509699000,111.834,111.852,111.831,111.849,195980000,1
1500509700000,1500509759000,111.849,111.853,111.845,111.849,86520000,1
1500509760000,1500509819000,111.849,111.854,111.84,111.843,120050000,1
1500509820000,1500509879000,111.843,111.843,111.806,111.814,196390000,1
1500509880000,1500509939000,111.814,111.817,111.795,111.797,159900000,1
1500509940000,1500509999000,111.795,111.822,111.795,111.821,139820000,1
1500510000000,1500510059000,111.822,111.833,111.816,111.831,334080000,1
1500510060000,1500510119000,111.832,111.832,111.816,111.822,132240000,1
1500510120000,1500510179000,111.821,111.837,111.82,111.832,53290000,1
1500510180000,1500510239000,111.833,111.833,111.826,111.827,229710000,1
1500510240000,1500510299000,111.826,111.833,111.816,111.828,117140000,1
1500510300000,1500510359000,111.827,111.845,111.824,111.845,79540000,1
1500510360000,1500510419000,111.846,111.847,111.835,111.841,58770000,1
1500510420000,1500510479000,111.841,111.851,111.84,111.851,57450000,1
1500510480000,1500510539000,111.849,111.849,111.839,111.844,90650000,1
1500510540000,1500510599000,111.846,111.846,111.83,111.836,96420000,1
1500510600000,1500510659000,111.836,111.846,111.832,111.833,166260000,1
1500510660000,1500510719000,111.834,111.837,111.831,111.831,72460000,1
1500510720000,1500510779000,111.83,111.83,111.799,111.799,87830000,1
1500510780000,1500510839000,111.801,111.812,111.8,111.812,109890000,1
1500510840000,1500510899000,111.811,111.83,111.811,111.828,100210000,1
1500510900000,1500510959000,111.827,111.839,111.827,111.833,58050000,1
1500510960000,1500511019000,111.832,111.836,111.832,111.832,68680000,1
1500511020000,1500511079000,111.833,111.842,111.831,111.834,83170000,1
1500511080000,1500511139000,111.836,111.852,111.836,111.844,108610000,1
1500511140000,1500511199000,111.844,111.844,111.824,111.843,148180000,1
1500511200000,1500511259000,111.841,111.85,111.827,111.827,179540000,1
1500511260000,1500511319000,111.826,111.833,111.819,111.826,109420000,1
1500511320000,1500511379000,111.825,111.834,111.825,111.834,66740000,1
1500511380000,1500511439000,111.835,111.835,111.828,111.831,63390000,1
1500511440000,1500511499000,111.829,111.832,111.826,111.83,80470000,1
1500511500000,1500511559000,111.83,111.831,111.821,111.831,69450000,1
1500511560000,1500511619000,111.833,111.848,111.831,111.838,99640000,1
1500511620000,1500511679000,111.839,111.853,111.838,111.852,278260000,1
1500511680000,1500511739000,111.853,111.86,111.836,111.837,173420000,1
1500511740000,1500511799000,111.837,111.841,111.829,111.83,89930000,1
1500511800000,1500511859000,111.83,111.852,111.83,111.849,109550000,1
1500511860000,1500511919000,111.849,111.883,111.849,111.88,213180000,1
1500511920000,1500511979000,111.88,111.89,111.871,111.882,260010000,1
1500511980000,1500512039000,111.886,111.89,111.872,111.881,172390000,1
1500512040000,1500512099000,111.879,111.882,111.869,111.879,131990000,1
1500512100000,1500512159000,111.881,111.881,111.832,111.855,262930000,1
1500512160000,1500512219000,111.854,111.856,111.847,111.852,125110000,1
1500512220000,1500512279000,111.851,111.853,111.846,111.847,115950000,1
1500512280000,1500512339000,111.847,111.847,111.833,111.833,78010000,1
1500512340000,1500512399000,111.835,111.835,111.821,111.824,70460000,1
1500512400000,1500512459000,111.825,111.826,111.807,111.808,150180000,1
1500512460000,1500512519000,111.806,111.806,111.771,111.778,163810000,1
1500512520000,1500512579000,111.777,111.789,111.773,111.786,122500000,1
1500512580000,1500512639000,111.787,111.798,111.786,111.798,207620000,1
1500512640000,1500512699000,111.8,111.803,111.784,111.788,208810000,1
1500512700000,1500512759000,111.789,111.81,111.789,111.804,103730000,1
1500512760000,1500512819000,111.805,111.807,111.8,111.8,104950000,1
1500512820000,1500512879000,111.8,111.807,111.799,111.802,52980000,1
1500512880000,1500512939000,111.802,111.823,111.802,111.819,95420000,1
1500512940000,1500512999000,111.819,111.836,111.817,111.826,111440000,1
1500513000000,1500513059000,111.827,111.846,111.827,111.829,62760000,1
1500513060000,1500513119000,111.83,111.843,111.83,111.834,108470000,1
1500513120000,1500513179000,111.835,111.841,111.834,111.835,113200000,1
1500513180000,1500513239000,111.835,111.856,111.835,111.848,159210000,1
1500513240000,1500513299000,111.849,111.871,111.848,111.866,151200000,1
1500513300000,1500513359000,111.867,111.872,111.859,111.863,187220000,1
1500513360000,1500513419000,111.863,111.866,111.845,111.845,135090000,1
1500513420000,1500513479000,111.845,111.855,111.845,111.847,101660000,1
1500513480000,1500513539000,111.846,111.849,111.828,111.835,84480000,1
1500513540000,1500513599000,111.836,111.846,111.836,111.84,26230000,1
1500513600000,1500513659000,111.842,111.843,111.823,111.829,39450000,1
1500513660000,1500513719000,111.83,111.83,111.822,111.827,39420000,1
1500513720000,1500513779000,111.826,111.832,111.826,111.832,123210000,1
1500513780000,1500513839000,111.83,111.84,111.83,111.83,86640000,1
1500513840000,1500513899000,111.83,111.842,111.83,111.839,50710000,1
1500513900000,1500513959000,111.84,111.848,111.84,111.848,66970000,1
1500513960000,1500514019000,111.848,111.85,111.835,111.836,44820000,1
1500514020000,1500514079000,111.837,111.841,111.815,111.815,110180000,1
1500514080000,1500514139000,111.815,111.833,111.815,111.831,92140000,1
1500514140000,1500514199000,111.831,111.843,111.828,111.84,69750000,1
1500514200000,1500514259000,111.84,111.844,111.802,111.815,156990000,1
1500514260000,1500514319000,111.816,111.841,111.799,111.83,137660000,1
1500514320000,1500514379000,111.832,111.865,111.832,111.847,171390000,1
1500514380000,1500514439000,111.847,111.877,111.844,111.863,211370000,1
1500514440000,1500514499000,111.864,111.872,111.863,111.866,140540000,1
1500514500000,1500514559000,111.866,111.877,111.856,111.873,118350000,1
1500514560000,1500514619000,111.873,111.876,111.861,111.862,160140000,1
1500514620000,1500514679000,111.862,111.878,111.859,111.873,180500000,1
1500514680000,1500514739000,111.872,111.874,111.849,111.849,106800000,1
1500514740000,1500514799000,111.845,111.861,111.841,111.849,82090000,1
1500514800000,1500514859000,111.849,111.858,111.845,111.848,220600000,1
1500514860000,1500514919000,111.848,111.849,111.838,111.848,206730000,1
1500514920000,1500514979000,111.849,111.858,111.833,111.835,303030000,1
1500514980000,1500515039000,111.834,111.841,111.832,111.837,63660000,1
1500515040000,1500515099000,111.839,111.843,111.838,111.839,111040000,1
1500515100000,1500515159000,111.838,111.842,111.837,111.839,117760000,1
1500515160000,1500515219000,111.838,111.874,111.838,111.862,224840000,1
1500515220000,1500515279000,111.864,111.868,111.85,111.855,228860000,1
1500515280000,1500515339000,111.854,111.875,111.843,111.875,205660000,1
1500515340000,1500515399000,111.874,111.893,111.866,111.893,185570000,1
1500515400000,1500515459000,111.894,111.959,111.892,111.94,266640000,1
1500515460000,1500515519000,111.939,111.953,111.933,111.939,154960000,1
1500515520000,1500515579000,111.939,111.951,111.937,111.951,110330000,1
1500515580000,1500515639000,111.951,111.952,111.934,111.945,100070000,1
1500515640000,1500515699000,111.944,111.951,111.94,111.94,81670000,1
1500515700000,1500515759000,111.942,111.943,111.924,111.929,172820000,1
1500515760000,1500515819000,111.929,111.938,111.924,111.932,188730000,1
1500515820000,1500515879000,111.931,111.952,111.931,111.95,132730000,1
1500515880000,1500515939000,111.95,111.961,111.95,111.96,148700000,1
1500515940000,1500515999000,111.958,111.965,111.954,111.965,214370000,1
1500516000000,1500516059000,111.967,111.969,111.95,111.95,107250000,1
1500516060000,1500516119000,111.95,111.98,111.95,111.955,179160000,1
1500516120000,1500516179000,111.954,111.958,111.941,111.943,133510000,1
1500516180000,1500516239000,111.942,111.945,111.94,111.942,85870000,1
1500516240000,1500516299000,111.941,111.957,111.94,111.956,126730000,1
1500516300000,1500516359000,111.954,111.958,111.95,111.955,94240000,1
1500516360000,1500516419000,111.954,111.955,111.926,111.932,158750000,1
1500516420000,1500516479000,111.93,111.931,111.919,111.919,172290000,1
1500516480000,1500516539000,111.92,111.921,111.899,111.908,192590000,1
1500516540000,1500516599000,111.908,111.929,111.899,111.921,163080000,1
1500516600000,1500516659000,111.922,111.927,111.911,111.911,89270000,1
1500516660000,1500516719000,111.91,111.918,111.903,111.908,105980000,1
1500516720000,1500516779000,111.908,111.918,111.903,111.906,126140000,1
1500516780000,1500516839000,111.906,111.911,111.901,111.91,93650000,1
1500516840000,1500516899000,111.911,111.931,111.911,111.93,90740000,1
1500516900000,1500516959000,111.928,111.95,111.924,111.944,85300000,1
1500516960000,1500517019000,111.944,111.945,111.916,111.922,109930000,1
1500517020000,1500517079000,111.923,111.938,111.923,111.924,73130000,1
1500517080000,1500517139000,111.923,111.932,111.921,111.924,52300000,1
1500517140000,1500517199000,111.925,111.926,111.922,111.923,22350000,1
1500517200000,1500517259000,111.923,111.927,111.916,111.916,59550000,1
1500517260000,1500517319000,111.914,111.932,111.898,111.932,345340000,1
1500517320000,1500517379000,111.931,111.947,111.928,111.941,203990000,1
1500517380000,1500517439000,111.946,111.955,111.944,111.945,108870000,1
1500517440000,1500517499000,111.945,111.968,111.945,111.959,155460000,1
1500517500000,1500517559000,111.959,111.968,111.953,111.957,147250000,1
1500517560000,1500517619000,111.956,111.956,111.945,111.945,69660000,1
1500517620000,1500517679000,111.949,112.005,111.949,111.988,168360000,1
1500517680000,1500517739000,111.991,112.03,111.991,112.024,227280000,1
1500517740000,1500517799000,112.024,112.068,112.024,112.061,266150000,1
1500517800000,1500517859000,112.061,112.062,112.022,112.028,244860000,1
1500517860000,1500517919000,112.028,112.037,112.024,112.034,107450000,1
1500517920000,1500517979000,112.034,112.046,112.017,112.046,205690000,1
1500517980000,1500518039000,112.045,112.06,112.044,112.059,103210000,1
1500518040000,1500518099000,112.059,112.059,112.047,112.047,113650000,1
1500518100000,1500518159000,112.047,112.054,112.04,112.047,138780000,1
1500518160000,1500518219000,112.046,112.058,112.036,112.036,150990000,1
1500518220000,1500518279000,112.034,112.034,112.004,112.007,167160000,1
1500518280000,1500518339000,112.007,112.023,112.004,112.014,140590000,1
1500518340000,1500518399000,112.012,112.015,112.009,112.011,75490000,1
1500518400000,1500518459000,112.01,112.014,111.968,111.972,187730000,1
1500518460000,1500518519000,111.972,111.995,111.972,111.986,112700000,1
1500518520000,1500518579000,111.985,111.988,111.973,111.977,47720000,1
1500518580000,1500518639000,111.978,111.985,111.974,111.983,90330000,1
1500518640000,1500518699000,111.984,111.993,111.981,111.985,93140000,1
1500518700000,1500518759000,111.985,111.988,111.984,111.985,84520000,1
1500518760000,1500518819000,111.985,112.013,111.983,111.999,150790000,1
1500518820000,1500518879000,111.999,112.013,111.895,111.972,320020000,1
1500518880000,1500518939000,111.973,111.996,111.963,111.976,232760000,1
1500518940000,1500518999000,111.978,111.983,111.974,111.977,48190000,1
1500519000000,1500519059000,111.979,111.982,111.938,111.941,155080000,1
1500519060000,1500519119000,111.942,111.961,111.935,111.944,194890000,1
1500519120000,1500519179000,111.947,111.948,111.922,111.948,114020000,1
1500519180000,1500519239000,111.947,111.948,111.914,111.922,120370000,1
1500519240000,1500519299000,111.922,111.96,111.922,111.959,119810000,1
1500519300000,1500519359000,111.959,111.965,111.945,111.965,84230000,1
1500519360000,1500519419000,111.965,111.965,111.939,111.944,143800000,1
1500519420000,1500519479000,111.94,111.955,111.94,111.955,75450000,1
1500519480000,1500519539000,111.957,111.994,111.957,111.972,213110000,1
1500519540000,1500519599000,111.977,111.996,111.957,111.965,145190000,1
1500519600000,1500519659000,111.964,111.971,111.95,111.968,99900000,1
1500519660000,1500519719000,111.97,111.987,111.969,111.982,99210000,1
1500519720000,1500519779000,111.981,111.983,111.974,111.982,72940000,1
1500519780000,1500519839000,111.983,111.983,111.96,111.971,105110000,1
1500519840000,1500519899000,111.97,111.971,111.919,111.96,203870000,1
1500519900000,1500519959000,111.962,111.994,111.956,111.968,264520000,1
1500519960000,1500520019000,111.966,111.977,111.94,111.97,201840000,1
1500520020000,1500520079000,111.971,111.988,111.957,111.982,143460000,1
1500520080000,1500520139000,111.982,111.982,111.965,111.972,205970000,1
1500520140000,1500520199000,111.972,111.979,111.968,111.978,78490000,1
1500520200000,1500520259000,111.978,112.081,111.95,111.955,513420000,1
1500520260000,1500520319000,111.954,112.011,111.894,112.005,545610000,1
1500520320000,1500520379000,112.005,112.126,112.005,112.075,451020000,1
1500520380000,1500520439000,112.069,112.076,112.023,112.057,298460000,1
1500520440000,1500520499000,112.056,112.058,112.016,112.041,279130000,1
1500520500000,1500520559000,112.041,112.06,112.025,112.028,237750000,1
1500520560000,1500520619000,112.03,112.031,112.001,112.002,206260000,1
1500520620000,1500520679000,112.002,112.044,112.001,112.039,209070000,1
1500520680000,1500520739000,112.04,112.086,112.036,112.049,291640000,1
1500520740000,1500520799000,112.044,112.067,112.039,112.041,182820000,1
1500520800000,1500520859000,112.041,112.056,112.034,112.035,157790000,1
1500520860000,1500520919000,112.039,112.047,112.0,112.005,232480000,1
1500520920000,1500520979000,112.006,112.022,111.977,112.013,198330000,1
1500520980000,1500521039000,112.013,112.034,112.008,112.034,273680000,1
1500521040000,1500521099000,112.034,112.052,112.028,112.052,145510000,1
1500521100000,1500521159000,112.05,112.106,112.039,112.091,304150000,1
1500521160000,1500521219000,112.09,112.095,112.075,112.077,168200000,1
1500521220000,1500521279000,112.077,112.092,112.056,112.084,173020000,1
1500521280000,1500521339000,112.083,112.109,112.057,112.108,163680000,1
1500521340000,1500521399000,112.106,112.117,112.082,112.097,253280000,1
1500521400000,1500521459000,112.097,112.11,112.082,112.088,163980000,1
1500521460000,1500521519000,112.087,112.094,112.071,112.084,109520000,1
1500521520000,1500521579000,112.084,112.154,112.084,112.119,234480000,1
1500521580000,1500521639000,112.121,112.129,112.113,112.116,137340000,1
1500521640000,1500521699000,112.116,112.117,112.098,112.1,148120000,1
1500521700000,1500521759000,112.101,112.129,112.1,112.128,117700000,1
1500521760000,1500521819000,112.129,112.129,112.097,112.101,152040000,1
1500521820000,1500521879000,112.102,112.107,112.096,112.103,119000000,1
1500521880000,1500521939000,112.103,112.13,112.102,112.104,162690000,1
1500521940000,1500521999000,112.106,112.119,112.097,112.103,127110000,1
1500522000000,1500522059000,112.104,112.115,112.096,112.103,61220000,1
1500522060000,1500522119000,112.106,112.116,112.096,112.108,72850000,1
1500522120000,1500522179000,112.109,112.109,112.092,112.093,213790000,1
1500522180000,1500522239000,112.091,112.091,112.082,112.088,94900000,1
1500522240000,1500522299000,112.088,112.092,112.076,112.09,100090000,1
1500522300000,1500522359000,112.088,112.088,112.06,112.072,153700000,1
1500522360000,1500522419000,112.071,112.079,112.067,112.078,31570000,1
1500522420000,1500522479000,112.082,112.091,112.081,112.083,34480000,1
1500522480000,1500522539000,112.084,112.101,112.082,112.086,98140000,1
1500522540000,1500522599000,112.087,112.102,112.082,112.1,86610000,1
1500522600000,1500522659000,112.099,112.126,112.094,112.108,253990000,1
1500522660000,1500522719000,112.108,112.143,112.095,112.142,220620000,1
1500522720000,1500522779000,112.142,112.177,112.142,112.155,289830000,1
1500522780000,1500522839000,112.155,112.163,112.143,112.149,228640000,1
1500522840000,1500522899000,112.15,112.168,112.149,112.164,180640000,1
1500522900000,1500522959000,112.164,112.173,112.164,112.17,122730000,1
1500522960000,1500523019000,112.171,112.177,112.15,112.157,435140000,1
1500523020000,1500523079000,112.157,112.162,112.144,112.147,153560000,1
1500523080000,1500523139000,112.148,112.159,112.143,112.154,64800000,1
1500523140000,1500523199000,112.153,112.172,112.153,112.155,166640000,1
1500523200000,1500523259000,112.153,112.165,112.149,112.151,142700000,1
1500523260000,1500523319000,112.15,112.155,112.142,112.148,178830000,1
1500523320000,1500523379000,112.15,112.15,112.13,112.13,181260000,1
1500523380000,1500523439000,112.129,112.129,112.12,112.127,94680000,1
1500523440000,1500523499000,112.128,112.14,112.123,112.14,101900000,1
1500523500000,1500523559000,112.139,112.142,112.124,112.127,158430000,1
1500523560000,1500523619000,112.127,112.132,112.127,112.13,61100000,1
1500523620000,1500523679000,112.13,112.132,112.12,112.125,111170000,1
1500523680000,1500523739000,112.125,112.129,112.113,112.115,83370000,1
1500523740000,1500523799000,112.114,112.127,112.114,112.12,55880000,1
1500523800000,1500523859000,112.119,112.124,112.105,112.106,171380000,1
1500523860000,1500523919000,112.107,112.113,112.107,112.109,51920000,1
1500523920000,1500523979000,112.108,112.113,112.107,112.113,98910000,1
1500523980000,1500524039000,112.113,112.118,112.101,112.103,121550000,1
1500524040000,1500524099000,112.103,112.104,112.072,112.081,103870000,1
1500524100000,1500524159000,112.08,112.101,112.076,112.096,72810000,1
1500524160000,1500524219000,112.096,112.102,112.084,112.101,67920000,1
1500524220000,1500524279000,112.101,112.107,112.101,112.103,57490000,1
1500524280000,1500524339000,112.103,112.107,112.101,112.102,24520000,1
1500524340000,1500524399000,112.101,112.109,112.1,112.1,118470000,1
1500524400000,1500524459000,112.1,112.1,112.082,112.087,64100000,1
1500524460000,1500524519000,112.086,112.089,112.075,112.087,163730000,1
1500524520000,1500524579000,112.087,112.088,112.081,112.082,87070000,1
1500524580000,1500524639000,112.081,112.102,112.077,112.099,131460000,1
1500524640000,1500524699000,112.099,112.102,112.09,112.095,84120000,1
1500524700000,1500524759000,112.094,112.104,112.067,112.067,82550000,1
1500524760000,1500524819000,112.067,112.086,112.055,112.065,143610000,1
1500524820000,1500524879000,112.066,112.076,112.066,112.074,41350000,1
1500524880000,1500524939000,112.074,112.109,112.071,112.105,182110000,1
1500524940000,1500524999000,112.106,112.109,112.087,112.108,134760000,1
1500525000000,1500525059000,112.108,112.132,112.108,112.116,146610000,1
1500525060000,1500525119000,112.117,112.123,112.098,112.1,110120000,1
1500525120000,1500525179000,112.099,112.102,112.088,112.093,91420000,1
1500525180000,1500525239000,112.095,112.1,112.092,112.094,57600000,1
1500525240000,1500525299000,112.093,112.106,112.093,112.1,67620000,1
1500525300000,1500525359000,112.098,112.107,112.098,112.107,25090000,1
1500525360000,1500525419000,112.106,112.106,112.066,112.074,163210000,1
1500525420000,1500525479000,112.074,112.087,112.074,112.085,38060000,1
1500525480000,1500525539000,112.084,112.087,112.076,112.081,105540000,1
1500525540000,1500525599000,112.082,112.083,112.073,112.073,125050000,1
1500525600000,1500525659000,112.073,112.085,112.073,112.08,97700000,1
1500525660000,1500525719000,112.08,112.08,112.074,112.077,120320000,1
1500525720000,1500525779000,112.079,112.102,112.079,112.098,78560000,1
1500525780000,1500525839000,112.099,112.102,112.094,112.095,96060000,1
1500525840000,1500525899000,112.097,112.107,112.094,112.105,113190000,1
1500525900000,1500525959000,112.105,112.108,112.104,112.105,48690000,1
1500525960000,1500526019000,112.106,112.118,112.104,112.118,96710000,1
1500526020000,1500526079000,112.118,112.118,112.104,112.112,117700000,1
1500526080000,1500526139000,112.111,112.112,112.104,112.112,117720000,1
1500526140000,1500526199000,112.112,112.112,112.092,112.103,77130000,1
1500526200000,1500526259000,112.104,112.11,112.098,112.099,73160000,1
1500526260000,1500526319000,112.099,112.104,112.097,112.097,40710000,1
1500526320000,1500526379000,112.098,112.105,112.094,112.098,86860000,1
1500526380000,1500526439000,112.098,112.102,112.098,112.098,49310000,1
1500526440000,1500526499000,112.098,112.098,112.097,112.097,14620000,1
1500526500000,1500526559000,112.098,112.098,112.092,112.095,98430000,1
1500526560000,1500526619000,112.095,112.095,112.079,112.085,91360000,1
1500526620000,1500526679000,112.084,112.084,112.066,112.079,81680000,1
1500526680000,1500526739000,112.079,112.089,112.075,112.085,104370000,1
1500526740000,1500526799000,112.084,112.084,112.049,112.049,95210000,1
1500526800000,1500526859000,112.05,112.078,112.05,112.073,112400000,1
1500526860000,1500526919000,112.072,112.075,112.065,112.075,62550000,1
1500526920000,1500526979000,112.075,112.08,112.062,112.062,69780000,1
1500526980000,1500527039000,112.062,112.066,112.061,112.066,65520000,1
1500527040000,1500527099000,112.065,112.077,112.061,112.077,67230000,1
1500527100000,1500527159000,112.078,112.086,112.067,112.08,135360000,1
1500527160000,1500527219000,112.081,112.081,112.059,112.064,94000000,1
1500527220000,1500527279000,112.064,112.067,112.064,112.067,56420000,1
1500527280000,1500527339000,112.067,112.084,112.067,112.079,133120000,1
1500527340000,1500527399000,112.08,112.089,112.08,112.089,47260000,1
1500527400000,1500527459000,112.089,112.101,112.088,112.101,118470000,1
1500527460000,1500527519000,112.101,112.132,112.093,112.114,234820000,1
1500527520000,1500527579000,112.113,112.117,112.111,112.111,113110000,1
1500527580000,1500527639000,112.111,112.111,112.106,112.108,354750000,1
1500527640000,1500527699000,112.108,112.117,112.107,112.116,36360000,1
1500527700000,1500527759000,112.116,112.136,112.111,112.116,145210000,1
1500527760000,1500527819000,112.115,112.116,112.11,112.111,115630000,1
1500527820000,1500527879000,112.112,112.123,112.112,112.117,79560000,1
1500527880000,1500527939000,112.118,112.13,112.111,112.113,640290000,1
1500527940000,1500527999000,112.113,112.113,112.104,112.106,73620000,1
1500528000000,1500528059000,112.106,112.11,112.096,112.11,59610000,1
1500528060000,1500528119000,112.111,112.129,112.111,112.124,135110000,1
1500528120000,1500528179000,112.127,112.133,112.115,112.122,87930000,1
1500528180000,1500528239000,112.12,112.127,112.117,112.124,88460000,1
1500528240000,1500528299000,112.124,112.131,112.123,112.125,152540000,1
1500528300000,1500528359000,112.123,112.124,112.12,112.123,164580000,1
1500528360000,1500528419000,112.123,112.123,112.119,112.122,51970000,1
1500528420000,1500528479000,112.121,112.123,112.117,112.121,90570000,1
1500528480000,1500528539000,112.122,112.122,112.106,112.109,53200000,1
1500528540000,1500528599000,112.109,112.121,112.103,112.109,127360000,1
1500528600000,1500528659000,112.108,112.12,112.106,112.118,103330000,1
1500528660000,1500528719000,112.118,112.121,112.116,112.119,212010000,1
1500528720000,1500528779000,112.12,112.122,112.111,112.113,85740000,1
1500528780000,1500528839000,112.113,112.113,112.105,112.109,46700000,1
1500528840000,1500528899000,112.11,112.124,112.11,112.117,93930000,1
1500528900000,1500528959000,112.117,112.121,112.111,112.111,38250000,1
1500528960000,1500529019000,112.11,112.117,112.108,112.11,80340000,1
1500529020000,1500529079000,112.11,112.119,112.109,112.117,34810000,1
1500529080000,1500529139000,112.116,112.116,112.108,112.108,61440000,1
1500529140000,1500529199000,112.111,112.118,112.089,112.09,90870000,1
1500529200000,1500529259000,112.089,112.105,112.085,112.105,54590000,1
1500529260000,1500529319000,112.105,112.108,112.102,112.105,99640000,1
1500529320000,1500529379000,112.104,112.106,112.101,112.104,59780000,1
1500529380000,1500529439000,112.105,112.106,112.101,112.105,82650000,1
1500529440000,1500529499000,112.105,112.105,112.099,112.099,49100000,1
1500529500000,1500529559000,112.104,112.124,112.104,112.113,164460000,1
1500529560000,1500529619000,112.112,112.114,112.102,112.114,118890000,1
1500529620000,1500529679000,112.112,112.123,112.11,112.123,95320000,1
1500529680000,1500529739000,112.121,112.142,112.115,112.138,81990000,1
1500529740000,1500529799000,112.138,112.164,112.126,112.164,146800000,1
1500529800000,1500529859000,112.165,112.184,112.162,112.178,192150000,1
1500529860000,1500529919000,112.179,112.18,112.149,112.149,143360000,1
1500529920000,1500529979000,112.149,112.161,112.149,112.161,189260000,1
1500529980000,1500530039000,112.161,112.169,112.151,112.151,171220000,1
1500530040000,1500530099000,112.152,112.157,112.142,112.142,183420000,1
1500530100000,1500530159000,112.145,112.162,112.145,112.153,147330000,1
1500530160000,1500530219000,112.154,112.164,112.147,112.164,61420000,1
1500530220000,1500530279000,112.163,112.169,112.154,112.164,66430000,1
1500530280000,1500530339000,112.161,112.163,112.148,112.163,113580000,1
1500530340000,1500530399000,112.162,112.19,112.162,112.175,164340000,1
1500530400000,1500530459000,112.175,112.219,112.169,112.204,191820000,1
1500530460000,1500530519000,112.203,112.203,112.174,112.179,171720000,1
1500530520000,1500530579000,112.179,112.184,112.169,112.177,156190000,1
1500530580000,1500530639000,112.177,112.178,112.162,112.17,223620000,1
1500530640000,1500530699000,112.168,112.176,112.166,112.176,100340000,1
1500530700000,1500530759000,112.177,112.181,112.169,112.175,111730000,1
1500530760000,1500530819000,112.175,112.18,112.166,112.167,179140000,1
1500530820000,1500530879000,112.168,112.168,112.129,112.143,184360000,1
1500530880000,1500530939000,112.143,112.147,112.118,112.131,205690000,1
1500530940000,1500530999000,112.133,112.145,112.126,112.135,123360000,1
1500531000000,1500531059000,112.136,112.14,112.128,112.133,147820000,1
1500531060000,1500531119000,112.134,112.134,112.116,112.13,228070000,1
1500531120000,1500531179000,112.129,112.154,112.129,112.151,186680000,1
1500531180000,1500531239000,112.15,112.162,112.143,112.16,109990000,1
1500531240000,1500531299000,112.161,112.162,112.148,112.148,112100000,1
1500531300000,1500531359000,112.148,112.169,112.148,112.167,101660000,1
1500531360000,1500531419000,112.166,112.172,112.164,112.167,65790000,1
1500531420000,1500531479000,112.167,112.167,112.13,112.151,152810000,1
1500531480000,1500531539000,112.153,112.157,112.147,112.15,160320000,1
1500531540000,1500531599000,112.15,112.158,112.146,112.15,97740000,1
1500531600000,1500531659000,112.151,112.177,112.151,112.17,121690000,1
1500531660000,1500531719000,112.169,112.169,112.144,112.145,134760000,1
1500531720000,1500531779000,112.145,112.158,112.139,112.148,207040000,1
1500531780000,1500531839000,112.148,112.158,112.137,112.139,244360000,1
1500531840000,1500531899000,112.138,112.147,112.118,112.147,175960000,1
1500531900000,1500531959000,112.147,112.147,112.131,112.134,164260000,1
1500531960000,1500532019000,112.135,112.135,112.122,112.134,117890000,1
1500532020000,1500532079000,112.134,112.15,112.133,112.147,168820000,1
1500532080000,1500532139000,112.147,112.174,112.145,112.15,181860000,1
1500532140000,1500532199000,112.15,112.153,112.134,112.134,114500000,1
1500532200000,1500532259000,112.135,112.135,112.109,112.115,233230000,1
1500532260000,1500532319000,112.114,112.119,112.106,112.106,135200000,1
1500532320000,1500532379000,112.106,112.11,112.078,112.095,211840000,1
1500532380000,1500532439000,112.097,112.105,112.089,112.093,250280000,1
1500532440000,1500532499000,112.094,112.098,112.083,112.087,115570000,1
1500532500000,1500532559000,112.088,112.099,112.078,112.094,164770000,1
1500532560000,1500532619000,112.094,112.104,112.094,112.102,81500000,1
1500532620000,1500532679000,112.104,112.115,112.103,112.114,100510000,1
1500532680000,1500532739000,112.114,112.125,112.114,112.121,82080000,1
1500532740000,1500532799000,112.12,112.12,112.115,112.118,103790000,1
1500532800000,1500532859000,112.119,112.119,112.111,112.111,31660000,1
1500532860000,1500532919000,112.109,112.109,112.097,112.099,89510000,1
1500532920000,1500532979000,112.1,112.126,112.096,112.124,192450000,1
1500532980000,1500533039000,112.124,112.127,112.11,112.11,91030000,1
1500533040000,1500533099000,112.11,112.112,112.096,112.108,115060000,1
1500533100000,1500533159000,112.108,112.11,112.099,112.103,116460000,1
1500533160000,1500533219000,112.104,112.106,112.078,112.08,173830000,1
1500533220000,1500533279000,112.079,112.088,112.055,112.06,166460000,1
1500533280000,1500533339000,112.058,112.066,112.046,112.065,137960000,1
1500533340000,1500533399000,112.066,112.072,112.056,112.057,109840000,1
1500533400000,1500533459000,112.057,112.065,112.044,112.044,184960000,1
1500533460000,1500533519000,112.042,112.047,112.011,112.015,240510000,1
1500533520000,1500533579000,112.02,112.053,112.02,112.053,189470000,1
1500533580000,1500533639000,112.054,112.054,112.035,112.042,134340000,1
1500533640000,1500533699000,112.044,112.056,112.044,112.046,168520000,1
1500533700000,1500533759000,112.047,112.06,112.045,112.057,122740000,1
1500533760000,1500533819000,112.055,112.055,112.038,112.047,94460000,1
1500533820000,1500533879000,112.047,112.084,112.047,112.08,197870000,1
1500533880000,1500533939000,112.082,112.097,112.081,112.097,103770000,1
1500533940000,1500533999000,112.095,112.113,112.093,112.101,137420000,1
1500534000000,1500534059000,112.104,112.117,112.093,112.116,216410000,1
1500534060000,1500534119000,112.113,112.133,112.101,112.128,220490000,1
1500534120000,1500534179000,112.131,112.149,112.127,112.137,150260000,1
1500534180000,1500534239000,112.135,112.143,112.132,112.134,161370000,1
1500534240000,1500534299000,112.135,112.135,112.115,112.119,141840000,1
1500534300000,1500534359000,112.12,112.133,112.117,112.13,377380000,1
1500534360000,1500534419000,112.13,112.143,112.13,112.135,189990000,1
1500534420000,1500534479000,112.135,112.138,112.13,112.137,119420000,1
1500534480000,1500534539000,112.136,112.137,112.119,112.119,165490000,1
1500534540000,1500534599000,112.117,112.133,112.117,112.13,97320000,1
1500534600000,1500534659000,112.131,112.137,112.131,112.131,99950000,1
1500534660000,1500534719000,112.131,112.132,112.109,112.109,110130000,1
1500534720000,1500534779000,112.11,112.11,112.098,112.109,135900000,1
1500534780000,1500534839000,112.109,112.128,112.109,112.126,72370000,1
1500534840000,1500534899000,112.126,112.14,112.12,112.139,102590000,1
1500534900000,1500534959000,112.137,112.148,112.129,112.133,174050000,1
1500534960000,1500535019000,112.13,112.134,112.12,112.121,119320000,1
1500535020000,1500535079000,112.121,112.132,112.112,112.132,138700000,1
1500535080000,1500535139000,112.131,112.153,112.124,112.146,247270000,1
1500535140000,1500535199000,112.148,112.166,112.147,112.156,129220000,1
1500535200000,1500535259000,112.155,112.17,112.155,112.163,163040000,1
1500535260000,1500535319000,112.163,112.174,112.161,112.165,133260000,1
1500535320000,1500535379000,112.165,112.192,112.163,112.185,193330000,1
1500535380000,1500535439000,112.187,112.188,112.174,112.174,96760000,1
1500535440000,1500535499000,112.174,112.217,112.172,112.185,286880000,1
1500535500000,1500535559000,112.185,112.196,112.18,112.182,174210000,1
1500535560000,1500535619000,112.181,112.188,112.159,112.163,181710000,1
1500535620000,1500535679000,112.163,112.172,112.147,112.148,165720000,1
1500535680000,1500535739000,112.148,112.158,112.147,112.15,169130000,1
1500535740000,1500535799000,112.15,112.15,112.109,112.133,169370000,1
1500535800000,1500535859000,112.131,112.15,112.128,112.147,223390000,1
1500535860000,1500535919000,112.147,112.162,112.133,112.16,181160000,1
1500535920000,1500535979000,112.16,112.177,112.159,112.173,155160000,1
1500535980000,1500536039000,112.173,112.176,112.165,112.172,143630000,1
1500536040000,1500536099000,112.174,112.195,112.173,112.187,264860000,1
1500536100000,1500536159000,112.186,112.192,112.174,112.192,190080000,1
1500536160000,1500536219000,112.19,112.318,112.19,112.285,295880000,1
1500536220000,1500536279000,112.285,112.321,112.282,112.306,361020000,1
1500536280000,1500536339000,112.306,112.306,112.289,112.299,273630000,1
1500536340000,1500536399000,112.3,112.302,112.269,112.28,249890000,1
1500536400000,1500536459000,112.279,112.28,112.268,112.273,130870000,1
1500536460000,1500536519000,112.273,112.275,112.25,112.262,195000000,1
1500536520000,1500536579000,112.265,112.273,112.247,112.255,256640000,1
1500536580000,1500536639000,112.255,112.258,112.244,112.249,268760000,1
1500536640000,1500536699000,112.249,112.283,112.249,112.283,216920000,1
1500536700000,1500536759000,112.282,112.282,112.255,112.263,231020000,1
1500536760000,1500536819000,112.262,112.268,112.256,112.264,97790000,1
1500536820000,1500536879000,112.264,112.275,112.254,112.263,126960000,1
1500536880000,1500536939000,112.262,112.262,112.232,112.236,145580000,1
1500536940000,1500536999000,112.236,112.237,112.224,112.229,172420000,1
1500537000000,1500537059000,112.228,112.229,112.216,112.225,178220000,1
1500537060000,1500537119000,112.226,112.248,112.225,112.244,143190000,1
1500537120000,1500537179000,112.243,112.252,112.243,112.25,119750000,1
1500537180000,1500537239000,112.249,112.258,112.244,112.245,174350000,1
1500537240000,1500537299000,112.245,112.248,112.226,112.228,109740000,1
1500537300000,1500537359000,112.23,112.25,112.23,112.242,100990000,1
1500537360000,1500537419000,112.241,112.263,112.238,112.262,129720000,1
1500537420000,1500537479000,112.26,112.278,112.26,112.274,154130000,1
1500537480000,1500537539000,112.274,112.276,112.262,112.274,167210000,1
1500537540000,1500537599000,112.274,112.283,112.265,112.283,163090000,1
1500537600000,1500537659000,112.282,112.283,112.257,112.262,149170000,1
1500537660000,1500537719000,112.262,112.281,112.257,112.273,150220000,1
1500537720000,1500537779000,112.273,112.274,112.259,112.261,200900000,1
1500537780000,1500537839000,112.26,112.263,112.252,112.257,110250000,1
1500537840000,1500537899000,112.257,112.275,112.254,112.27,105970000,1
1500537900000,1500537959000,112.27,112.275,112.267,112.269,52290000,1
1500537960000,1500538019000,112.27,112.27,112.263,112.265,91590000,1
1500538020000,1500538079000,112.266,112.29,112.263,112.279,208710000,1
1500538080000,1500538139000,112.28,112.291,112.278,112.288,203530000,1
1500538140000,1500538199000,112.29,112.294,112.28,112.293,145330000,1
1500538200000,1500538259000,112.293,112.297,112.293,112.294,127150000,1
1500538260000,1500538319000,112.293,112.303,112.289,112.303,193730000,1
1500538320000,1500538379000,112.303,112.312,112.288,112.311,180730000,1
1500538380000,1500538439000,112.311,112.338,112.311,112.337,163490000,1
1500538440000,1500538499000,112.337,112.355,112.33,112.355,226740000,1
1500538500000,1500538559000,112.357,112.389,112.34,112.376,292040000,1
1500538560000,1500538619000,112.375,112.375,112.358,112.359,308960000,1
1500538620000,1500538679000,112.359,112.359,112.348,112.349,99990000,1
1500538680000,1500538739000,112.349,112.349,112.338,112.339,225320000,1
1500538740000,1500538799000,112.34,112.35,112.323,112.343,174990000,1
1500538800000,1500538859000,112.344,112.353,112.319,112.323,170130000,1
1500538860000,1500538919000,112.324,112.345,112.323,112.341,195710000,1
1500538920000,1500538979000,112.342,112.348,112.337,112.347,134510000,1
1500538980000,1500539039000,112.348,112.366,112.336,112.348,125630000,1
1500539040000,1500539099000,112.348,112.357,112.34,112.352,94940000,1
1500539100000,1500539159000,112.355,112.364,112.348,112.36,137110000,1
1500539160000,1500539219000,112.359,112.36,112.334,112.34,115550000,1
1500539220000,1500539279000,112.343,112.354,112.342,112.343,100380000,1
1500539280000,1500539339000,112.343,112.368,112.34,112.363,117430000,1
1500539340000,1500539399000,112.364,112.364,112.346,112.352,110560000,1
1500539400000,1500539459000,112.351,112.371,112.35,112.351,201910000,1
1500539460000,1500539519000,112.351,112.364,112.351,112.356,131560000,1
1500539520000,1500539579000,112.357,112.379,112.354,112.372,148180000,1
1500539580000,1500539639000,112.371,112.376,112.363,112.367,142900000,1
1500539640000,1500539699000,112.365,112.383,112.356,112.356,146580000,1
1500539700000,1500539759000,112.356,112.377,112.343,112.374,142040000,1
1500539760000,1500539819000,112.374,112.386,112.374,112.383,175180000,1
1500539820000,1500539879000,112.383,112.387,112.378,112.387,165420000,1
1500539880000,1500539939000,112.387,112.387,112.369,112.372,220610000,1
1500539940000,1500539999000,112.375,112.384,112.366,112.369,166880000,1
1500540000000,1500540059000,112.368,112.369,112.349,112.351,142380000,1
1500540060000,1500540119000,112.35,112.369,112.349,112.368,127880000,1
1500540120000,1500540179000,112.368,112.369,112.359,112.359,96190000,1
1500540180000,1500540239000,112.359,112.365,112.347,112.362,148010000,1
1500540240000,1500540299000,112.363,112.37,112.361,112.367,125960000,1
1500540300000,1500540359000,112.368,112.368,112.356,112.356,52530000,1
1500540360000,1500540419000,112.356,112.362,112.354,112.356,122210000,1
1500540420000,1500540479000,112.355,112.357,112.316,112.317,197560000,1
1500540480000,1500540539000,112.317,112.327,112.313,112.316,260800000,1
1500540540000,1500540599000,112.318,112.325,112.316,112.317,137060000,1
1500540600000,1500540659000,112.317,112.322,112.309,112.316,171620000,1
1500540660000,1500540719000,112.317,112.317,112.286,112.309,310520000,1
1500540720000,1500540779000,112.311,112.336,112.311,112.331,240610000,1
1500540780000,1500540839000,112.334,112.344,112.33,112.338,200020000,1
1500540840000,1500540899000,112.337,112.34,112.328,112.331,186320000,1
1500540900000,1500540959000,112.334,112.341,112.33,112.338,107050000,1
1500540960000,1500541019000,112.339,112.341,112.315,112.317,195000000,1
1500541020000,1500541079000,112.32,112.33,112.306,112.319,203230000,1
1500541080000,1500541139000,112.322,112.324,112.318,112.318,193410000,1
1500541140000,1500541199000,112.321,112.334,112.321,112.334,118740000,1
1500541200000,1500541259000,112.336,112.336,112.317,112.324,124420000,1
1500541260000,1500541319000,112.323,112.33,112.319,112.32,86280000,1
1500541320000,1500541379000,112.32,112.324,112.303,112.305,173820000,1
1500541380000,1500541439000,112.304,112.316,112.304,112.316,136350000,1
1500541440000,1500541499000,112.315,112.323,112.309,112.317,155960000,1
1500541500000,1500541559000,112.318,112.338,112.318,112.334,139340000,1
1500541560000,1500541619000,112.334,112.335,112.318,112.324,97360000,1
1500541620000,1500541679000,112.325,112.33,112.317,112.319,110150000,1
1500541680000,1500541739000,112.319,112.319,112.307,112.311,99900000,1
1500541740000,1500541799000,112.31,112.31,112.302,112.304,141410000,1
1500541800000,1500541859000,112.305,112.328,112.305,112.328,156930000,1
1500541860000,1500541919000,112.328,112.328,112.32,112.322,146670000,1
1500541920000,1500541979000,112.322,112.322,112.308,112.314,120820000,1
1500541980000,1500542039000,112.315,112.317,112.307,112.315,64680000,1
1500542040000,1500542099000,112.316,112.319,112.308,112.311,69660000,1
1500542100000,1500542159000,112.309,112.317,112.309,112.315,89590000,1
1500542160000,1500542219000,112.314,112.318,112.311,112.316,53600000,1
1500542220000,1500542279000,112.316,112.317,112.308,112.314,123090000,1
1500542280000,1500542339000,112.314,112.319,112.312,112.318,106070000,1
1500542340000,1500542399000,112.318,112.339,112.315,112.339,112830000,1
1500542400000,1500542459000,112.342,112.366,112.342,112.355,139800000,1
1500542460000,1500542519000,112.355,112.357,112.338,112.355,110860000,1
1500542520000,1500542579000,112.353,112.353,112.342,112.347,98150000,1
1500542580000,1500542639000,112.348,112.354,112.344,112.351,129970000,1
1500542640000,1500542699000,112.35,112.356,112.349,112.351,67700000,1
1500542700000,1500542759000,112.352,112.357,112.348,112.35,111560000,1
1500542760000,1500542819000,112.35,112.362,112.349,112.359,81620000,1
1500542820000,1500542879000,112.361,112.366,112.36,112.364,34140000,1
1500542880000,1500542939000,112.364,112.364,112.351,112.355,83600000,1
1500542940000,1500542999000,112.355,112.362,112.355,112.358,39470000,1
1500543000000,1500543059000,112.358,112.359,112.348,112.359,110540000,1
1500543060000,1500543119000,112.359,112.383,112.355,112.371,163820000,1
1500543120000,1500543179000,112.37,112.385,112.367,112.378,88140000,1
1500543180000,1500543239000,112.377,112.389,112.368,112.368,135720000,1
1500543240000,1500543299000,112.366,112.38,112.358,112.378,85220000,1
1500543300000,1500543359000,112.378,112.415,112.372,112.415,107660000,1
1500543360000,1500543419000,112.418,112.418,112.396,112.398,160520000,1
1500543420000,1500543479000,112.4,112.412,112.393,112.403,155570000,1
1500543480000,1500543539000,112.403,112.41,112.398,112.406,152050000,1
1500543540000,1500543599000,112.406,112.406,112.4,112.401,91630000,1
1500543600000,1500543659000,112.402,112.411,112.402,112.411,133330000,1
1500543660000,1500543719000,112.41,112.41,112.399,112.4,143600000,1
1500543720000,1500543779000,112.401,112.405,112.399,112.403,45350000,1
1500543780000,1500543839000,112.403,112.403,112.375,112.377,146970000,1
1500543840000,1500543899000,112.376,112.377,112.369,112.373,156240000,1
1500543900000,1500543959000,112.373,112.377,112.368,112.373,106930000,1
1500543960000,1500544019000,112.375,112.377,112.364,112.369,169440000,1
1500544020000,1500544079000,112.37,112.374,112.367,112.372,98440000,1
1500544080000,1500544139000,112.373,112.385,112.365,112.371,209830000,1
1500544140000,1500544199000,112.373,112.373,112.339,112.344,215990000,1
1500544200000,1500544259000,112.349,112.351,112.336,112.339,113850000,1
1500544260000,1500544319000,112.339,112.339,112.331,112.331,164250000,1
1500544320000,1500544379000,112.336,112.338,112.326,112.329,271040000,1
1500544380000,1500544439000,112.328,112.329,112.319,112.326,142810000,1
1500544440000,1500544499000,112.328,112.331,112.319,112.329,114390000,1
1500544500000,1500544559000,112.329,112.348,112.329,112.337,171590000,1
1500544560000,1500544619000,112.337,112.354,112.336,112.35,91220000,1
1500544620000,1500544679000,112.35,112.35,112.343,112.344,99450000,1
1500544680000,1500544739000,112.344,112.36,112.34,112.359,106960000,1
1500544740000,1500544799000,112.36,112.365,112.343,112.349,133360000,1
1500544800000,1500544859000,112.349,112.368,112.345,112.364,161840000,1
1500544860000,1500544919000,112.365,112.37,112.363,112.368,122940000,1
1500544920000,1500544979000,112.367,112.372,112.364,112.368,127250000,1
1500544980000,1500545039000,112.369,112.369,112.36,112.367,164670000,1
1500545040000,1500545099000,112.367,112.37,112.348,112.348,122280000,1
1500545100000,1500545159000,112.349,112.354,112.334,112.353,154650000,1
1500545160000,1500545219000,112.355,112.365,112.352,112.364,125940000,1
1500545220000,1500545279000,112.364,112.368,112.355,112.357,106990000,1
1500545280000,1500545339000,112.358,112.367,112.358,112.363,114920000,1
1500545340000,1500545399000,112.363,112.363,112.346,112.347,101610000,1
1500545400000,1500545459000,112.347,112.349,112.341,112.341,49980000,1
1500545460000,1500545519000,112.342,112.348,112.342,112.347,104700000,1
1500545520000,1500545579000,112.348,112.353,112.345,112.347,105060000,1
1500545580000,1500545639000,112.346,112.357,112.346,112.352,79780000,1
1500545640000,1500545699000,112.352,112.355,112.346,112.353,31340000,1
1500545700000,1500545759000,112.353,112.355,112.332,112.335,80430000,1
1500545760000,1500545819000,112.336,112.349,112.336,112.345,81760000,1
1500545820000,1500545879000,112.346,112.36,112.346,112.354,46980000,1
1500545880000,1500545939000,112.354,112.369,112.354,112.367,71280000,1
1500545940000,1500545999000,112.367,112.38,112.366,112.379,68650000,1
1500546000000,1500546059000,112.379,112.379,112.367,112.369,92930000,1
1500546060000,1500546119000,112.369,112.37,112.358,112.363,51790000,1
1500546120000,1500546179000,112.365,112.367,112.338,112.338,74440000,1
1500546180000,1500546239000,112.338,112.348,112.338,112.343,65570000,1
1500546240000,1500546299000,112.345,112.351,112.342,112.344,93190000,1
1500546300000,1500546359000,112.344,112.346,112.328,112.336,113340000,1
1500546360000,1500546419000,112.337,112.354,112.336,112.349,98450000,1
1500546420000,1500546479000,112.348,112.359,112.344,112.348,79540000,1
1500546480000,1500546539000,112.348,112.359,112.347,112.353,166010000,1
1500546540000,1500546599000,112.354,112.358,112.337,112.337,95580000,1
1500546600000,1500546659000,112.337,112.345,112.334,112.345,80050000,1
1500546660000,1500546719000,112.345,112.348,112.344,112.345,105330000,1
1500546720000,1500546779000,112.344,112.347,112.34,112.345,141630000,1
1500546780000,1500546839000,112.344,112.353,112.338,112.341,136510000,1
1500546840000,1500546899000,112.342,112.343,112.327,112.328,101520000,1
1500546900000,1500546959000,112.327,112.334,112.327,112.333,66000000,1
1500546960000,1500547019000,112.333,112.343,112.329,112.341,87320000,1
1500547020000,1500547079000,112.34,112.351,112.332,112.346,87410000,1
1500547080000,1500547139000,112.346,112.364,112.339,112.356,122160000,1
1500547140000,1500547199000,112.356,112.363,112.347,112.347,94190000,1
1500547200000,1500547259000,112.347,112.347,112.339,112.343,127840000,1
1500547260000,1500547319000,112.345,112.345,112.339,112.344,78530000,1
1500547320000,1500547379000,112.345,112.345,112.339,112.342,44030000,1
1500547380000,1500547439000,112.342,112.342,112.333,112.334,118700000,1
1500547440000,1500547499000,112.334,112.346,112.334,112.345,98430000,1
1500547500000,1500547559000,112.345,112.346,112.339,112.339,91370000,1
1500547560000,1500547619000,112.339,112.345,112.339,112.345,32970000,1
1500547620000,1500547679000,112.346,112.358,112.342,112.344,164890000,1
1500547680000,1500547739000,112.344,112.344,112.333,112.339,82830000,1
1500547740000,1500547799000,112.341,112.343,112.339,112.341,57430000,1
1500547800000,1500547859000,112.34,112.34,112.326,112.327,67520000,1
1500547860000,1500547919000,112.326,112.33,112.322,112.329,34090000,1
1500547920000,1500547979000,112.329,112.329,112.32,112.32,80010000,1
1500547980000,1500548039000,112.319,112.325,112.308,112.309,142980000,1
1500548040000,1500548099000,112.31,112.326,112.309,112.326,110640000,1
1500548100000,1500548159000,112.325,112.327,112.311,112.322,152070000,1
1500548160000,1500548219000,112.321,112.326,112.319,112.326,104860000,1
1500548220000,1500548279000,112.326,112.326,112.301,112.303,188840000,1
1500548280000,1500548339000,112.302,112.313,112.301,112.307,135520000,1
1500548340000,1500548399000,112.308,112.311,112.305,112.308,141970000,1
1500548400000,1500548459000,112.307,112.308,112.265,112.283,227390000,1
1500548460000,1500548519000,112.283,112.296,112.28,112.28,105080000,1
1500548520000,1500548579000,112.28,112.282,112.272,112.272,80630000,1
1500548580000,1500548639000,112.272,112.29,112.272,112.289,47680000,1
1500548640000,1500548699000,112.288,112.288,112.269,112.277,106120000,1
1500548700000,1500548759000,112.28,112.291,112.28,112.29,115500000,1
1500548760000,1500548819000,112.29,112.29,112.272,112.279,105300000,1
1500548820000,1500548879000,112.28,112.286,112.278,112.281,54650000,1
1500548880000,1500548939000,112.281,112.281,112.269,112.271,76920000,1
1500548940000,1500548999000,112.27,112.281,112.263,112.279,65460000,1
1500549000000,1500549059000,112.279,112.291,112.277,112.283,129380000,1
1500549060000,1500549119000,112.283,112.287,112.277,112.278,104520000,1
1500549120000,1500549179000,112.28,112.291,112.28,112.283,109830000,1
1500549180000,1500549239000,112.283,112.291,112.28,112.284,94860000,1
1500549240000,1500549299000,112.284,112.298,112.284,112.295,135110000,1
1500549300000,1500549359000,112.295,112.299,112.285,112.293,134110000,1
1500549360000,1500549419000,112.291,112.296,112.288,112.288,90300000,1
1500549420000,1500549479000,112.288,112.29,112.279,112.284,114380000,1
1500549480000,1500549539000,112.284,112.286,112.276,112.279,103100000,1
1500549540000,1500549599000,112.279,112.283,112.271,112.271,144680000,1
1500549600000,1500549659000,112.27,112.27,112.249,112.25,233220000,1
1500549660000,1500549719000,112.252,112.253,112.213,112.234,242840000,1
1500549720000,1500549779000,112.235,112.239,112.201,112.226,238050000,1
1500549780000,1500549839000,112.227,112.227,112.156,112.17,306530000,1
1500549840000,1500549899000,112.169,112.185,112.137,112.169,269530000,1
1500549900000,1500549959000,112.173,112.213,112.173,112.206,256300000,1
1500549960000,1500550019000,112.208,112.222,112.207,112.218,199610000,1
1500550020000,1500550079000,112.219,112.233,112.216,112.228,132930000,1
1500550080000,1500550139000,112.229,112.234,112.214,112.227,208610000,1
1500550140000,1500550199000,112.226,112.235,112.224,112.228,140990000,1
1500550200000,1500550259000,112.226,112.232,112.226,112.231,109450000,1
1500550260000,1500550319000,112.231,112.243,112.213,112.242,147470000,1
1500550320000,1500550379000,112.246,112.247,112.236,112.239,173680000,1
1500550380000,1500550439000,112.239,112.245,112.23,112.243,165640000,1
1500550440000,1500550499000,112.243,112.266,112.243,112.254,189170000,1
1500550500000,1500550559000,112.253,112.259,112.244,112.244,133910000,1
1500550560000,1500550619000,112.246,112.265,112.246,112.258,154070000,1
1500550620000,1500550679000,112.259,112.264,112.242,112.246,177010000,1
1500550680000,1500550739000,112.246,112.274,112.246,112.267,156170000,1
1500550740000,1500550799000,112.267,112.277,112.264,112.276,83550000,1
1500550800000,1500550859000,112.277,112.28,112.27,112.27,128190000,1
1500550860000,1500550919000,112.272,112.278,112.272,112.278,50050000,1
1500550920000,1500550979000,112.278,112.279,112.253,112.267,77160000,1
1500550980000,1500551039000,112.266,112.279,112.266,112.272,99510000,1
1500551040000,1500551099000,112.275,112.276,112.253,112.268,248140000,1
1500551100000,1500551159000,112.268,112.287,112.203,112.254,353840000,1
1500551160000,1500551219000,112.252,112.263,112.218,112.231,231440000,1
1500551220000,1500551279000,112.232,112.237,112.193,112.219,185250000,1
1500551280000,1500551339000,112.22,112.236,112.196,112.196,233960000,1
1500551340000,1500551399000,112.196,112.217,112.178,112.195,269770000,1
1500551400000,1500551459000,112.195,112.221,112.189,112.213,196980000,1
1500551460000,1500551519000,112.212,112.217,112.194,112.2,142040000,1
1500551520000,1500551579000,112.199,112.219,112.191,112.205,241450000,1
1500551580000,1500551639000,112.204,112.224,112.188,112.22,154290000,1
1500551640000,1500551699000,112.22,112.237,112.19,112.225,245170000,1
1500551700000,1500551759000,112.225,112.243,112.212,112.213,172330000,1
1500551760000,1500551819000,112.214,112.239,112.204,112.238,240570000,1
1500551820000,1500551879000,112.238,112.238,112.218,112.233,190990000,1
1500551880000,1500551939000,112.235,112.236,112.221,112.231,77740000,1
1500551940000,1500551999000,112.232,112.245,112.21,112.213,154700000,1
1500552000000,1500552059000,112.214,112.227,112.213,112.221,167070000,1
1500552060000,1500552119000,112.222,112.247,112.222,112.236,186160000,1
1500552120000,1500552179000,112.236,112.255,112.234,112.241,203420000,1
1500552180000,1500552239000,112.241,112.241,112.227,112.238,115940000,1
1500552240000,1500552299000,112.238,112.249,112.212,112.223,121100000,1
1500552300000,1500552359000,112.225,112.254,112.223,112.253,140920000,1
1500552360000,1500552419000,112.251,112.251,112.229,112.241,160720000,1
1500552420000,1500552479000,112.241,112.287,112.233,112.272,245920000,1
1500552480000,1500552539000,112.271,112.273,112.254,112.268,143630000,1
1500552540000,1500552599000,112.268,112.275,112.248,112.253,169100000,1
1500552600000,1500552659000,112.251,112.271,112.25,112.264,120880000,1
1500552660000,1500552719000,112.263,112.267,112.255,112.262,162520000,1
1500552720000,1500552779000,112.26,112.262,112.237,112.238,153310000,1
1500552780000,1500552839000,112.238,112.242,112.227,112.238,105080000,1
1500552840000,1500552899000,112.236,112.242,112.221,112.242,150940000,1
1500552900000,1500552959000,112.243,112.253,112.204,112.204,263480000,1
1500552960000,1500553019000,112.203,112.203,112.186,112.201,133490000,1
1500553020000,1500553079000,112.203,112.21,112.186,112.206,166790000,1
1500553080000,1500553139000,112.204,112.215,112.186,112.205,198190000,1
1500553140000,1500553199000,112.205,112.205,112.197,112.204,100120000,1
1500553200000,1500553259000,112.207,112.207,112.152,112.174,182210000,1
1500553260000,1500553319000,112.173,112.173,112.147,112.163,168930000,1
1500553320000,1500553379000,112.162,112.166,112.148,112.159,166680000,1
1500553380000,1500553439000,112.16,112.181,112.16,112.176,174040000,1
1500553440000,1500553499000,112.176,112.183,112.167,112.178,180740000,1
1500553500000,1500553559000,112.178,112.181,112.167,112.181,83250000,1
1500553560000,1500553619000,112.181,112.188,112.176,112.187,94140000,1
1500553620000,1500553679000,112.188,112.198,112.186,112.192,74390000,1
1500553680000,1500553739000,112.193,112.203,112.193,112.2,120450000,1
1500553740000,1500553799000,112.201,112.23,112.197,112.216,214350000,1
1500553800000,1500553859000,112.216,112.256,112.209,112.237,291020000,1
1500553860000,1500553919000,112.239,112.245,112.214,112.224,201540000,1
1500553920000,1500553979000,112.225,112.235,112.199,112.234,245650000,1
1500553980000,1500554039000,112.234,112.234,112.199,112.2,230680000,1
1500554040000,1500554099000,112.201,112.206,112.16,112.17,337560000,1
1500554100000,1500554159000,112.17,112.196,112.152,112.196,235320000,1
1500554160000,1500554219000,112.198,112.283,112.198,112.223,515990000,1
1500554220000,1500554279000,112.218,112.249,112.192,112.218,468890000,1
1500554280000,1500554339000,112.216,112.234,112.179,112.228,447750000,1
1500554340000,1500554399000,112.228,112.258,112.216,112.245,411640000,1
1500554400000,1500554459000,112.243,112.255,112.167,112.227,440350000,1
1500554460000,1500554519000,112.228,112.259,112.21,112.256,483080000,1
1500554520000,1500554579000,112.255,112.278,112.24,112.26,448470000,1
1500554580000,1500554639000,112.26,112.271,112.248,112.256,321190000,1
1500554640000,1500554699000,112.255,112.258,112.229,112.248,334650000,1
1500554700000,1500554759000,112.248,112.269,112.217,112.248,717080000,1
1500554760000,1500554819000,112.246,112.253,112.213,112.219,552730000,1
1500554820000,1500554879000,112.216,112.244,112.165,112.183,561450000,1
1500554880000,1500554939000,112.181,112.254,112.181,112.246,557520000,1
1500554940000,1500554999000,112.247,112.262,112.196,112.206,568090000,1
1500555000000,1500555059000,112.209,112.239,112.193,112.203,411950000,1
1500555060000,1500555119000,112.203,112.254,112.168,112.218,525670000,1
1500555120000,1500555179000,112.218,112.249,112.206,112.246,448000000,1
1500555180000,1500555239000,112.243,112.274,112.24,112.263,326650000,1
1500555240000,1500555299000,112.259,112.332,112.259,112.327,275970000,1
1500555300000,1500555359000,112.324,112.338,112.312,112.329,302720000,1
1500555360000,1500555419000,112.33,112.337,112.299,112.305,265060000,1
1500555420000,1500555479000,112.305,112.306,112.249,112.253,266430000,1
1500555480000,1500555539000,112.253,112.257,112.231,112.234,285490000,1
1500555540000,1500555599000,112.234,112.25,112.214,112.226,272290000,1
1500555600000,1500555659000,112.226,112.234,112.2,112.217,439420000,1
1500555660000,1500555719000,112.218,112.247,112.197,112.246,331970000,1
1500555720000,1500555779000,112.248,112.269,112.231,112.235,368770000,1
1500555780000,1500555839000,112.235,112.237,112.191,112.208,283200000,1
1500555840000,1500555899000,112.206,112.209,112.157,112.172,290050000,1
1500555900000,1500555959000,112.171,112.186,112.151,112.168,337780000,1
1500555960000,1500556019000,112.169,112.19,112.169,112.182,110270000,1
1500556020000,1500556079000,112.182,112.206,112.175,112.184,213590000,1
1500556080000,1500556139000,112.184,112.184,112.131,112.158,249060000,1
1500556140000,1500556199000,112.162,112.162,112.13,112.146,143840000,1
1500556200000,1500556259000,112.144,112.144,112.079,112.095,358640000,1
1500556260000,1500556319000,112.096,112.103,112.065,112.074,366370000,1
1500556320000,1500556379000,112.073,112.116,112.069,112.116,203230000,1
1500556380000,1500556439000,112.115,112.128,112.107,112.125,180070000,1
1500556440000,1500556499000,112.124,112.126,112.074,112.076,238420000,1
1500556500000,1500556559000,112.077,112.121,112.077,112.12,163690000,1
1500556560000,1500556619000,112.12,112.128,112.101,112.126,186650000,1
1500556620000,1500556679000,112.127,112.152,112.122,112.143,160010000,1
1500556680000,1500556739000,112.141,112.183,112.136,112.166,184950000,1
1500556740000,1500556799000,112.164,112.175,112.15,112.164,299270000,1
1500556800000,1500556859000,112.163,112.183,112.158,112.173,184070000,1
1500556860000,1500556919000,112.173,112.183,112.163,112.168,150210000,1
1500556920000,1500556979000,112.169,112.169,112.137,112.139,135940000,1
1500556980000,1500557039000,112.139,112.148,112.122,112.125,125480000,1
1500557040000,1500557099000,112.125,112.136,112.097,112.102,186620000,1
1500557100000,1500557159000,112.101,112.115,112.089,112.093,116750000,1
1500557160000,1500557219000,112.093,112.1,112.086,112.091,163130000,1
1500557220000,1500557279000,112.088,112.112,112.085,112.108,231610000,1
1500557280000,1500557339000,112.108,112.124,112.095,112.105,219930000,1
1500557340000,1500557399000,112.104,112.139,112.098,112.139,201350000,1
1500557400000,1500557459000,112.14,112.14,112.102,112.103,304360000,1
1500557460000,1500557519000,112.104,112.129,112.1,112.111,189530000,1
1500557520000,1500557579000,112.111,112.121,112.096,112.121,275460000,1
1500557580000,1500557639000,112.125,112.149,112.118,112.138,222630000,1
1500557640000,1500557699000,112.138,112.16,112.108,112.113,197930000,1
1500557700000,1500557759000,112.112,112.124,112.094,112.119,207540000,1
1500557760000,1500557819000,112.119,112.134,112.104,112.123,237730000,1
1500557820000,1500557879000,112.122,112.126,112.101,112.109,197440000,1
1500557880000,1500557939000,112.109,112.112,112.092,112.096,172160000,1
1500557940000,1500557999000,112.096,112.124,112.094,112.123,183100000,1
1500558000000,1500558059000,112.118,112.141,112.098,112.106,246960000,1
1500558060000,1500558119000,112.108,112.109,112.06,112.069,300290000,1
1500558120000,1500558179000,112.069,112.093,112.058,112.076,279060000,1
1500558180000,1500558239000,112.076,112.08,112.058,112.079,315780000,1
1500558240000,1500558299000,112.08,112.08,112.06,112.063,222840000,1
1500558300000,1500558359000,112.062,112.063,112.035,112.045,236230000,1
1500558360000,1500558419000,112.044,112.066,112.037,112.048,326280000,1
1500558420000,1500558479000,112.047,112.066,112.047,112.057,218720000,1
1500558480000,1500558539000,112.058,112.068,112.051,112.068,129390000,1
1500558540000,1500558599000,112.066,112.066,112.057,112.066,181690000,1
1500558600000,1500558659000,112.067,112.07,112.059,112.068,164650000,1
1500558660000,1500558719000,112.069,112.069,112.054,112.058,157020000,1
1500558720000,1500558779000,112.059,112.09,112.057,112.074,177440000,1
1500558780000,1500558839000,112.075,112.096,112.073,112.091,158780000,1
1500558840000,1500558899000,112.091,112.093,112.073,112.076,182420000,1
1500558900000,1500558959000,112.076,112.081,112.068,112.071,151670000,1
1500558960000,1500559019000,112.068,112.091,112.067,112.09,127660000,1
1500559020000,1500559079000,112.09,112.128,112.09,112.125,112360000,1
1500559080000,1500559139000,112.125,112.135,112.116,112.132,119750000,1
1500559140000,1500559199000,112.132,112.137,112.118,112.118,157280000,1
1500559200000,1500559259000,112.12,112.153,112.119,112.119,240340000,1
1500559260000,1500559319000,112.118,112.138,112.118,112.138,206380000,1
1500559320000,1500559379000,112.14,112.144,112.126,112.143,208720000,1
1500559380000,1500559439000,112.142,112.157,112.13,112.155,241090000,1
1500559440000,1500559499000,112.155,112.175,112.155,112.16,135820000,1
1500559500000,1500559559000,112.161,112.171,112.161,112.169,105000000,1
1500559560000,1500559619000,112.169,112.169,112.137,112.153,176680000,1
1500559620000,1500559679000,112.153,112.171,112.153,112.161,225150000,1
1500559680000,1500559739000,112.16,112.164,112.147,112.147,173830000,1
1500559740000,1500559799000,112.146,112.149,112.129,112.13,150220000,1
1500559800000,1500559859000,112.131,112.15,112.123,112.135,153060000,1
1500559860000,1500559919000,112.135,112.136,112.106,112.131,145110000,1
1500559920000,1500559979000,112.131,112.19,112.131,112.183,216890000,1
1500559980000,1500560039000,112.183,112.186,112.173,112.175,133630000,1
1500560040000,1500560099000,112.175,112.18,112.168,112.177,116140000,1
1500560100000,1500560159000,112.176,112.177,112.161,112.165,163960000,1
1500560160000,1500560219000,112.167,112.168,112.154,112.166,256060000,1
1500560220000,1500560279000,112.165,112.185,112.159,112.164,223080000,1
1500560280000,1500560339000,112.165,112.187,112.161,112.168,309410000,1
1500560340000,1500560399000,112.168,112.179,112.159,112.175,215210000,1
1500560400000,1500560459000,112.177,112.19,112.169,112.171,262470000,1
1500560460000,1500560519000,112.172,112.184,112.168,112.184,136960000,1
1500560520000,1500560579000,112.185,112.192,112.174,112.174,147210000,1
1500560580000,1500560639000,112.177,112.194,112.173,112.194,158440000,1
1500560640000,1500560699000,112.196,112.197,112.166,112.166,189800000,1
1500560700000,1500560759000,112.164,112.169,112.144,112.144,229290000,1
1500560760000,1500560819000,112.142,112.152,112.12,112.135,267110000,1
1500560820000,1500560879000,112.135,112.14,112.124,112.135,220370000,1
1500560880000,1500560939000,112.136,112.161,112.131,112.154,207840000,1
1500560940000,1500560999000,112.152,112.187,112.142,112.175,406230000,1
1500561000000,1500561059000,112.175,112.215,112.112,112.138,344430000,1
1500561060000,1500561119000,112.132,112.134,111.865,111.926,590840000,1
1500561120000,1500561179000,111.927,111.993,111.881,111.907,517960000,1
1500561180000,1500561239000,111.906,111.967,111.904,111.958,313000000,1
1500561240000,1500561299000,111.959,112.01,111.952,112.005,314460000,1
1500561300000,1500561359000,112.004,112.046,111.987,111.989,345180000,1
1500561360000,1500561419000,111.989,111.989,111.898,111.93,374910000,1
1500561420000,1500561479000,111.932,111.935,111.834,111.869,403740000,1
1500561480000,1500561539000,111.871,111.88,111.816,111.82,375020000,1
1500561540000,1500561599000,111.819,111.833,111.815,111.826,264110000,1
1500561600000,1500561659000,111.827,111.828,111.737,111.737,464390000,1
1500561660000,1500561719000,111.739,111.808,111.737,111.779,308250000,1
1500561720000,1500561779000,111.777,111.806,111.74,111.753,449060000,1
1500561780000,1500561839000,111.752,111.763,111.718,111.736,355130000,1
1500561840000,1500561899000,111.737,111.769,111.72,111.733,463050000,1
1500561900000,1500561959000,111.733,111.749,111.666,111.666,489020000,1
1500561960000,1500562019000,111.668,111.672,111.622,111.665,414820000,1
1500562020000,1500562079000,111.666,111.705,111.666,111.689,281970000,1
1500562080000,1500562139000,111.688,111.725,111.653,111.707,376370000,1
1500562140000,1500562199000,111.708,111.733,111.701,111.71,350880000,1
1500562200000,1500562259000,111.707,111.72,111.686,111.7,449560000,1
1500562260000,1500562319000,111.699,111.732,111.693,111.732,218580000,1
1500562320000,1500562379000,111.731,111.759,111.708,111.74,453570000,1
1500562380000,1500562439000,111.742,111.768,111.728,111.744,262380000,1
1500562440000,1500562499000,111.743,111.764,111.739,111.749,256990000,1
1500562500000,1500562559000,111.75,111.79,111.75,111.774,280120000,1
1500562560000,1500562619000,111.772,111.787,111.755,111.787,286510000,1
1500562620000,1500562679000,111.785,111.82,111.785,111.819,281580000,1
1500562680000,1500562739000,111.818,111.824,111.769,111.782,239880000,1
1500562740000,1500562799000,111.779,111.786,111.747,111.751,261400000,1
1500562800000,1500562859000,111.744,111.768,111.731,111.759,247640000,1
1500562860000,1500562919000,111.759,111.76,111.732,111.754,397970000,1
1500562920000,1500562979000,111.755,111.804,111.754,111.804,289690000,1
1500562980000,1500563039000,111.805,111.812,111.78,111.79,223690000,1
1500563040000,1500563099000,111.791,111.803,111.786,111.789,238510000,1
1500563100000,1500563159000,111.789,111.804,111.736,111.74,276860000,1
1500563160000,1500563219000,111.741,111.741,111.71,111.728,212020000,1
1500563220000,1500563279000,111.728,111.736,111.708,111.724,247570000,1
1500563280000,1500563339000,111.722,111.729,111.698,111.706,200720000,1
1500563340000,1500563399000,111.706,111.746,111.703,111.705,288180000,1
1500563400000,1500563459000,111.706,111.715,111.677,111.689,298450000,1
1500563460000,1500563519000,111.688,111.718,111.688,111.716,197490000,1
1500563520000,1500563579000,111.716,111.725,111.696,111.697,380200000,1
1500563580000,1500563639000,111.698,111.704,111.671,111.681,338090000,1
1500563640000,1500563699000,111.68,111.701,111.677,111.692,327290000,1
1500563700000,1500563759000,111.688,111.701,111.685,111.695,190420000,1
1500563760000,1500563819000,111.695,111.716,111.692,111.713,218620000,1
1500563820000,1500563879000,111.712,111.713,111.694,111.699,191210000,1
1500563880000,1500563939000,111.7,111.709,111.682,111.689,192670000,1
1500563940000,1500563999000,111.688,111.694,111.643,111.647,206500000,1
1500564000000,1500564059000,111.646,111.655,111.638,111.647,271590000,1
1500564060000,1500564119000,111.648,111.648,111.635,111.646,189850000,1
1500564120000,1500564179000,111.647,111.684,111.647,111.654,234450000,1
1500564180000,1500564239000,111.655,111.661,111.605,111.605,255760000,1
1500564240000,1500564299000,111.606,111.62,111.516,111.577,300390000,1
1500564300000,1500564359000,111.578,111.581,111.538,111.551,255730000,1
1500564360000,1500564419000,111.552,111.552,111.477,111.514,484460000,1
1500564420000,1500564479000,111.519,111.559,111.519,111.554,253950000,1
1500564480000,1500564539000,111.549,111.565,111.548,111.557,217730000,1
1500564540000,1500564599000,111.558,111.564,111.531,111.559,353400000,1
1500564600000,1500564659000,111.559,111.564,111.525,111.552,327440000,1
1500564660000,1500564719000,111.552,111.577,111.552,111.577,374440000,1
1500564720000,1500564779000,111.576,111.581,111.558,111.572,271620000,1
1500564780000,1500564839000,111.568,111.576,111.563,111.569,182370000,1
1500564840000,1500564899000,111.57,111.592,111.567,111.579,242460000,1
1500564900000,1500564959000,111.576,111.583,111.569,111.571,251820000,1
1500564960000,1500565019000,111.569,111.575,111.523,111.523,233760000,1
1500565020000,1500565079000,111.523,111.526,111.494,111.52,325370000,1
1500565080000,1500565139000,111.522,111.554,111.522,111.533,254440000,1
1500565140000,1500565199000,111.536,111.559,111.536,111.556,221700000,1
1500565200000,1500565259000,111.556,111.572,111.549,111.55,206590000,1
1500565260000,1500565319000,111.548,111.562,111.531,111.531,189490000,1
1500565320000,1500565379000,111.531,111.559,111.527,111.54,197170000,1
1500565380000,1500565439000,111.539,111.561,111.53,111.556,357700000,1
1500565440000,1500565499000,111.556,111.606,111.553,111.594,238540000,1
1500565500000,1500565559000,111.594,111.605,111.583,111.601,236620000,1
1500565560000,1500565619000,111.6,111.602,111.571,111.59,169880000,1
1500565620000,1500565679000,111.589,111.589,111.554,111.569,272680000,1
1500565680000,1500565739000,111.569,111.591,111.569,111.59,170930000,1
1500565740000,1500565799000,111.589,111.613,111.584,111.613,230770000,1
1500565800000,1500565859000,111.613,111.671,111.612,111.663,255640000,1
1500565860000,1500565919000,111.664,111.666,111.653,111.656,176490000,1
1500565920000,1500565979000,111.654,111.66,111.651,111.654,133270000,1
1500565980000,1500566039000,111.654,111.673,111.654,111.669,150550000,1
1500566040000,1500566099000,111.67,111.682,111.661,111.669,155910000,1
1500566100000,1500566159000,111.669,111.68,111.659,111.68,167500000,1
1500566160000,1500566219000,111.682,111.694,111.671,111.675,130930000,1
1500566220000,1500566279000,111.673,111.674,111.659,111.668,155890000,1
1500566280000,1500566339000,111.668,111.694,111.667,111.672,198450000,1
1500566340000,1500566399000,111.671,111.682,111.666,111.676,157090000,1
1500566400000,1500566459000,111.675,111.698,111.672,111.675,204880000,1
1500566460000,1500566519000,111.675,111.679,111.666,111.671,136500000,1
1500566520000,1500566579000,111.671,111.687,111.671,111.681,228260000,1
1500566580000,1500566639000,111.681,111.682,111.655,111.655,171630000,1
1500566640000,1500566699000,111.655,111.658,111.648,111.656,92390000,1
1500566700000,1500566759000,111.658,111.658,111.642,111.643,76890000,1
1500566760000,1500566819000,111.643,111.644,111.633,111.638,92870000,1
1500566820000,1500566879000,111.638,111.638,111.622,111.622,166060000,1
1500566880000,1500566939000,111.621,111.622,111.605,111.611,137980000,1
1500566940000,1500566999000,111.611,111.621,111.604,111.605,155520000,1
1500567000000,1500567059000,111.605,111.628,111.605,111.627,79790000,1
1500567060000,1500567119000,111.627,111.647,111.627,111.645,79560000,1
1500567120000,1500567179000,111.644,111.648,111.638,111.647,92180000,1
1500567180000,1500567239000,111.647,111.665,111.647,111.657,81910000,1
1500567240000,1500567299000,111.655,111.655,111.638,111.652,87740000,1
1500567300000,1500567359000,111.652,111.652,111.641,111.646,105750000,1
1500567360000,1500567419000,111.647,111.663,111.643,111.649,117420000,1
1500567420000,1500567479000,111.648,111.665,111.645,111.657,123000000,1
1500567480000,1500567539000,111.657,111.671,111.653,111.671,85890000,1
1500567540000,1500567599000,111.672,111.684,111.67,111.677,160760000,1
1500567600000,1500567659000,111.678,111.679,111.654,111.666,74760000,1
1500567660000,1500567719000,111.665,111.67,111.657,111.662,94470000,1
1500567720000,1500567779000,111.661,111.669,111.654,111.659,150090000,1
1500567780000,1500567839000,111.659,111.664,111.649,111.65,139550000,1
1500567840000,1500567899000,111.65,111.663,111.625,111.628,195080000,1
1500567900000,1500567959000,111.631,111.646,111.631,111.645,119430000,1
1500567960000,1500568019000,111.644,111.659,111.638,111.649,115070000,1
1500568020000,1500568079000,111.648,111.657,111.638,111.657,124160000,1
1500568080000,1500568139000,111.654,111.658,111.649,111.649,92530000,1
1500568140000,1500568199000,111.649,111.659,111.639,111.656,89950000,1
1500568200000,1500568259000,111.653,111.658,111.648,111.652,205980000,1
1500568260000,1500568319000,111.653,111.66,111.642,111.658,119350000,1
1500568320000,1500568379000,111.657,111.67,111.657,111.67,99560000,1
1500568380000,1500568439000,111.669,111.67,111.648,111.67,69220000,1
1500568440000,1500568499000,111.669,111.684,111.666,111.684,87200000,1
1500568500000,1500568559000,111.684,111.694,111.684,111.693,83340000,1
1500568560000,1500568619000,111.693,111.698,111.688,111.691,112930000,1
1500568620000,1500568679000,111.691,111.692,111.687,111.688,65940000,1
1500568680000,1500568739000,111.688,111.693,111.686,111.692,88240000,1
1500568740000,1500568799000,111.692,111.713,111.691,111.713,121210000,1
1500568800000,1500568859000,111.712,111.724,111.706,111.724,121780000,1
1500568860000,1500568919000,111.723,111.732,111.715,111.732,107920000,1
1500568920000,1500568979000,111.731,111.731,111.722,111.725,82610000,1
1500568980000,1500569039000,111.725,111.725,111.713,111.716,47190000,1
1500569040000,1500569099000,111.717,111.717,111.692,111.692,644680000,1
1500569100000,1500569159000,111.691,111.692,111.684,111.687,107990000,1
1500569160000,1500569219000,111.69,111.693,111.678,111.678,134190000,1
1500569220000,1500569279000,111.678,111.69,111.678,111.687,79010000,1
1500569280000,1500569339000,111.691,111.712,111.691,111.712,67480000,1
1500569340000,1500569399000,111.712,111.744,111.712,111.744,176910000,1
1500569400000,1500569459000,111.745,111.747,111.725,111.731,84960000,1
1500569460000,1500569519000,111.729,111.74,111.729,111.739,82660000,1
1500569520000,1500569579000,111.738,111.739,111.731,111.737,97720000,1
1500569580000,1500569639000,111.735,111.735,111.719,111.724,102030000,1
1500569640000,1500569699000,111.724,111.726,111.72,111.726,67800000,1
1500569700000,1500569759000,111.731,111.731,111.721,111.725,62320000,1
1500569760000,1500569819000,111.726,111.733,111.724,111.726,51280000,1
1500569820000,1500569879000,111.723,111.74,111.719,111.74,63380000,1
1500569880000,1500569939000,111.739,111.742,111.727,111.729,81700000,1
1500569940000,1500569999000,111.73,111.737,111.722,111.736,95020000,1
1500570000000,1500570059000,111.736,111.736,111.728,111.73,95080000,1
1500570060000,1500570119000,111.73,111.747,111.726,111.743,97220000,1
1500570120000,1500570179000,111.744,111.826,111.743,111.786,316690000,1
1500570180000,1500570239000,111.782,111.787,111.76,111.765,185730000,1
1500570240000,1500570299000,111.764,111.765,111.749,111.753,154350000,1
1500570300000,1500570359000,111.752,111.752,111.736,111.739,147240000,1
1500570360000,1500570419000,111.74,111.74,111.721,111.721,167890000,1
1500570420000,1500570479000,111.728,111.738,111.71,111.717,166830000,1
1500570480000,1500570539000,111.717,111.722,111.716,111.722,74490000,1
1500570540000,1500570599000,111.721,111.754,111.721,111.74,247870000,1
1500570600000,1500570659000,111.74,111.756,111.724,111.753,221000000,1
1500570660000,1500570719000,111.752,111.782,111.752,111.773,69850000,1
1500570720000,1500570779000,111.773,111.78,111.767,111.767,118250000,1
1500570780000,1500570839000,111.766,111.784,111.765,111.778,147060000,1
1500570840000,1500570899000,111.78,111.81,111.78,111.81,184360000,1
1500570900000,1500570959000,111.811,111.813,111.784,111.791,132270000,1
1500570960000,1500571019000,111.792,111.82,111.791,111.819,127030000,1
1500571020000,1500571079000,111.82,111.822,111.808,111.816,152650000,1
1500571080000,1500571139000,111.815,111.828,111.808,111.818,137960000,1
1500571140000,1500571199000,111.819,111.819,111.81,111.81,120270000,1
1500571200000,1500571259000,111.81,111.815,111.791,111.796,138290000,1
1500571260000,1500571319000,111.796,111.796,111.772,111.773,101860000,1
1500571320000,1500571379000,111.774,111.774,111.759,111.759,75410000,1
1500571380000,1500571439000,111.76,111.762,111.757,111.759,86830000,1
1500571440000,1500571499000,111.759,111.765,111.753,111.754,41920000,1
1500571500000,1500571559000,111.754,111.759,111.753,111.753,53370000,1
1500571560000,1500571619000,111.752,111.759,111.734,111.737,68170000,1
1500571620000,1500571679000,111.737,111.748,111.734,111.734,56140000,1
1500571680000,1500571739000,111.734,111.74,111.724,111.726,87300000,1
1500571740000,1500571799000,111.725,111.728,111.709,111.716,143380000,1
1500571800000,1500571859000,111.718,111.74,111.716,111.738,115690000,1
1500571860000,1500571919000,111.739,111.739,111.727,111.731,70110000,1
1500571920000,1500571979000,111.729,111.742,111.729,111.741,96920000,1
1500571980000,1500572039000,111.741,111.741,111.733,111.734,97280000,1
1500572040000,1500572099000,111.734,111.734,111.733,111.733,15630000,1
1500572100000,1500572159000,111.733,111.733,111.727,111.727,57380000,1
1500572160000,1500572219000,111.727,111.733,111.722,111.722,56060000,1
1500572220000,1500572279000,111.722,111.736,111.722,111.735,130610000,1
1500572280000,1500572339000,111.736,111.741,111.722,111.722,70420000,1
1500572340000,1500572399000,111.727,111.741,111.727,111.736,63290000,1
1500572400000,1500572459000,111.734,111.76,111.734,111.76,50300000,1
1500572460000,1500572519000,111.76,111.775,111.76,111.767,100200000,1
1500572520000,1500572579000,111.767,111.815,111.767,111.814,165560000,1
1500572580000,1500572639000,111.815,111.825,111.814,111.824,116420000,1
1500572640000,1500572699000,111.824,111.824,111.816,111.821,138730000,1
1500572700000,1500572759000,111.821,111.833,111.814,111.816,135720000,1
1500572760000,1500572819000,111.815,111.816,111.809,111.814,81560000,1
1500572820000,1500572879000,111.814,111.834,111.808,111.834,104180000,1
1500572880000,1500572939000,111.834,111.86,111.834,111.846,158390000,1
1500572940000,1500572999000,111.848,111.884,111.846,111.87,395050000,1
1500573000000,1500573059000,111.871,111.875,111.866,111.869,190010000,1
1500573060000,1500573119000,111.869,111.88,111.866,111.88,243990000,1
1500573120000,1500573179000,111.882,111.886,111.871,111.871,99700000,1
1500573180000,1500573239000,111.871,111.871,111.859,111.865,127200000,1
1500573240000,1500573299000,111.863,111.872,111.854,111.869,96940000,1
1500573300000,1500573359000,111.868,111.868,111.854,111.854,52110000,1
1500573360000,1500573419000,111.854,111.858,111.853,111.858,121290000,1
1500573420000,1500573479000,111.857,111.86,111.854,111.859,54000000,1
1500573480000,1500573539000,111.868,111.888,111.868,111.888,137920000,1
1500573540000,1500573599000,111.888,111.889,111.864,111.864,143120000,1
1500573600000,1500573659000,111.867,111.876,111.866,111.876,64230000,1
1500573660000,1500573719000,111.876,111.89,111.874,111.876,76500000,1
1500573720000,1500573779000,111.877,111.878,111.873,111.876,57690000,1
1500573780000,1500573839000,111.879,111.889,111.879,111.888,70190000,1
1500573840000,1500573899000,111.886,111.898,111.884,111.898,81230000,1
1500573900000,1500573959000,111.897,111.897,111.885,111.885,45390000,1
1500573960000,1500574019000,111.887,111.888,111.864,111.864,49940000,1
1500574020000,1500574079000,111.864,111.864,111.863,111.863,38460000,1
1500574080000,1500574139000,111.865,111.887,111.865,111.883,57310000,1
1500574140000,1500574199000,111.884,111.886,111.875,111.875,54030000,1
1500574200000,1500574259000,111.875,111.875,111.863,111.863,46940000,1
1500574260000,1500574319000,111.863,111.868,111.857,111.858,84730000,1
1500574320000,1500574379000,111.86,111.871,111.858,111.87,79640000,1
1500574380000,1500574439000,111.872,111.882,111.865,111.876,119290000,1
1500574440000,1500574499000,111.878,111.883,111.877,111.883,67570000,1
1500574500000,1500574559000,111.883,111.896,111.883,111.894,46840000,1
1500574560000,1500574619000,111.895,111.895,111.88,111.883,80770000,1
1500574620000,1500574679000,111.882,111.896,111.873,111.876,144420000,1
1500574680000,1500574739000,111.881,111.883,111.863,111.863,106300000,1
1500574740000,1500574799000,111.863,111.871,111.852,111.858,190430000,1
1500574800000,1500574859000,111.859,111.867,111.856,111.863,49010000,1
1500574860000,1500574919000,111.865,111.883,111.862,111.883,97290000,1
1500574920000,1500574979000,111.882,111.888,111.88,111.887,38630000,1
1500574980000,1500575039000,111.889,111.898,111.889,111.89,100090000,1
1500575040000,1500575099000,111.889,111.896,111.884,111.885,127380000,1
1500575100000,1500575159000,111.884,111.891,111.884,111.885,37980000,1
1500575160000,1500575219000,111.88,111.89,111.88,111.885,64460000,1
1500575220000,1500575279000,111.885,111.89,111.878,111.883,70780000,1
1500575280000,1500575339000,111.883,111.89,111.883,111.89,49140000,1
1500575340000,1500575399000,111.89,111.917,111.89,111.917,89270000,1
1500575400000,1500575459000,111.916,111.916,111.901,111.908,102140000,1
1500575460000,1500575519000,111.909,111.91,111.904,111.908,26320000,1
1500575520000,1500575579000,111.909,111.926,111.909,111.921,67460000,1
1500575580000,1500575639000,111.921,111.927,111.915,111.918,67130000,1
1500575640000,1500575699000,111.919,111.934,111.916,111.934,64080000,1
1500575700000,1500575759000,111.932,111.956,111.932,111.952,170110000,1
1500575760000,1500575819000,111.951,111.956,111.924,111.926,186860000,1
1500575820000,1500575879000,111.928,111.944,111.928,111.944,135900000,1
1500575880000,1500575939000,111.944,111.952,111.93,111.934,188430000,1
1500575940000,1500575999000,111.933,111.966,111.932,111.963,116680000,1
1500576000000,1500576059000,111.963,111.991,111.959,111.987,153100000,1
1500576060000,1500576119000,111.987,111.987,111.973,111.978,161710000,1
1500576120000,1500576179000,111.978,111.993,111.978,111.991,182900000,1
1500576180000,1500576239000,111.989,111.999,111.986,111.997,108590000,1
1500576240000,1500576299000,111.996,111.996,111.982,111.983,71870000,1
1500576300000,1500576359000,111.982,111.988,111.975,111.988,156370000,1
1500576360000,1500576419000,111.988,111.997,111.988,111.997,51030000,1
1500576420000,1500576479000,111.997,112.003,111.975,111.983,146020000,1
1500576480000,1500576539000,111.982,111.984,111.963,111.969,99080000,1
1500576540000,1500576599000,111.973,111.975,111.948,111.957,173450000,1
1500576600000,1500576659000,111.957,111.965,111.943,111.965,113780000,1
1500576660000,1500576719000,111.967,111.972,111.958,111.958,83720000,1
1500576720000,1500576779000,111.958,111.971,111.95,111.963,131770000,1
1500576780000,1500576839000,111.966,111.973,111.965,111.97,25600000,1
1500576840000,1500576899000,111.971,111.977,111.968,111.974,36090000,1
1500576900000,1500576959000,111.974,111.986,111.973,111.984,86070000,1
1500576960000,1500577019000,111.986,111.987,111.983,111.984,76240000,1
1500577020000,1500577079000,111.984,111.984,111.962,111.974,76540000,1
1500577080000,1500577139000,111.975,111.988,111.962,111.988,99080000,1
1500577140000,1500577199000,111.988,111.999,111.962,111.965,177770000,1
1500577200000,1500577259000,111.969,111.993,111.967,111.991,87200000,1
1500577260000,1500577319000,111.992,111.997,111.991,111.992,41190000,1
1500577320000,1500577379000,111.991,111.994,111.972,111.994,127160000,1
1500577380000,1500577439000,111.993,111.993,111.978,111.979,97810000,1
1500577440000,1500577499000,111.978,111.992,111.97,111.97,91760000,1
1500577500000,1500577559000,111.97,111.973,111.962,111.969,52840000,1
1500577560000,1500577619000,111.969,111.969,111.959,111.959,77340000,1
1500577620000,1500577679000,111.959,111.989,111.953,111.989,136550000,1
1500577680000,1500577739000,111.991,111.996,111.971,111.971,106510000,1
1500577740000,1500577799000,111.971,111.977,111.971,111.972,36180000,1
1500577800000,1500577859000,111.971,111.977,111.971,111.977,9870000,1
1500577860000,1500577919000,111.98,111.984,111.963,111.968,97210000,1
1500577920000,1500577979000,111.967,111.974,111.964,111.965,79830000,1
1500577980000,1500578039000,111.965,111.972,111.965,111.97,68190000,1
1500578040000,1500578099000,111.968,111.969,111.954,111.964,96660000,1
1500578100000,1500578159000,111.963,111.963,111.961,111.961,30850000,1
1500578160000,1500578219000,111.962,111.962,111.953,111.957,36730000,1
1500578220000,1500578279000,111.958,111.963,111.957,111.957,53930000,1
1500578280000,1500578339000,111.958,111.958,111.952,111.953,45680000,1
1500578340000,1500578399000,111.953,111.963,111.952,111.958,100740000,1
1500578400000,1500578459000,111.96,111.964,111.958,111.96,64400000,1
1500578460000,1500578519000,111.96,111.965,111.958,111.958,48390000,1
1500578520000,1500578579000,111.958,111.959,111.957,111.959,69640000,1
1500578580000,1500578639000,111.959,111.959,111.957,111.959,39710000,1
1500578640000,1500578699000,111.962,111.976,111.962,111.971,43370000,1
1500578700000,1500578759000,111.971,111.983,111.971,111.979,32290000,1
1500578760000,1500578819000,111.979,111.98,111.966,111.966,87730000,1
1500578820000,1500578879000,111.967,111.977,111.967,111.976,79410000,1
1500578880000,1500578939000,111.976,111.977,111.971,111.972,81330000,1
1500578940000,1500578999000,111.972,111.975,111.968,111.969,76190000,1
1500579000000,1500579059000,111.969,111.971,111.968,111.97,72360000,1
1500579060000,1500579119000,111.97,111.977,111.969,111.97,43680000,1
1500579120000,1500579179000,111.971,111.994,111.971,111.993,109610000,1
1500579180000,1500579239000,111.993,112.011,111.988,112.01,156210000,1
1500579240000,1500579299000,112.01,112.01,111.994,111.996,110150000,1
1500579300000,1500579359000,111.995,112.025,111.995,112.021,108520000,1
1500579360000,1500579419000,112.021,112.023,112.0,112.001,133720000,1
1500579420000,1500579479000,112.0,112.023,112.0,112.019,57850000,1
1500579480000,1500579539000,112.018,112.032,112.016,112.018,79030000,1
1500579540000,1500579599000,112.023,112.024,112.011,112.014,120410000,1
1500579600000,1500579659000,112.014,112.018,111.994,111.994,121690000,1
1500579660000,1500579719000,111.991,112.0,111.988,111.997,98100000,1
1500579720000,1500579779000,111.998,112.001,111.992,111.993,81490000,1
1500579780000,1500579839000,111.994,111.994,111.983,111.991,80680000,1
1500579840000,1500579899000,111.991,112.001,111.989,111.99,56940000,1
1500579900000,1500579959000,111.989,111.989,111.976,111.988,113590000,1
1500579960000,1500580019000,111.987,111.994,111.968,111.972,124060000,1
1500580020000,1500580079000,111.975,111.989,111.975,111.989,114980000,1
1500580080000,1500580139000,111.989,112.002,111.989,112.002,58320000,1
1500580140000,1500580199000,112.0,112.002,111.994,112.0,92240000,1
1500580200000,1500580259000,112.0,112.0,111.974,111.975,88850000,1
1500580260000,1500580319000,111.974,111.984,111.969,111.969,75390000,1
1500580320000,1500580379000,111.973,111.973,111.968,111.968,62640000,1
1500580380000,1500580439000,111.967,111.967,111.944,111.944,79700000,1
1500580440000,1500580499000,111.943,111.953,111.943,111.947,121660000,1
1500580500000,1500580559000,111.948,111.95,111.94,111.94,105350000,1
1500580560000,1500580619000,111.94,111.941,111.927,111.938,64090000,1
1500580620000,1500580679000,111.94,111.94,111.92,111.922,69130000,1
1500580680000,1500580739000,111.925,111.928,111.921,111.927,45560000,1
1500580740000,1500580799000,111.929,111.929,111.908,111.913,129570000,1
1500580800000,1500580859000,111.913,111.93,111.913,111.925,86150000,1
1500580860000,1500580919000,111.925,111.944,111.925,111.942,40300000,1
1500580920000,1500580979000,111.943,111.953,111.943,111.948,92480000,1
1500580980000,1500581039000,111.948,111.95,111.946,111.95,38880000,1
1500581040000,1500581099000,111.95,111.952,111.947,111.947,37720000,1
1500581100000,1500581159000,111.947,111.948,111.945,111.945,37420000,1
1500581160000,1500581219000,111.945,111.945,111.94,111.943,69360000,1
1500581220000,1500581279000,111.943,111.947,111.943,111.945,75120000,1
1500581280000,1500581339000,111.945,111.945,111.928,111.928,99630000,1
1500581340000,1500581399000,111.928,111.929,111.927,111.928,18750000,1
1500581400000,1500581459000,111.924,111.943,111.924,111.941,117160000,1
1500581460000,1500581519000,111.941,111.947,111.941,111.945,77230000,1
1500581520000,1500581579000,111.945,111.945,111.945,111.945,24250000,1
1500581580000,1500581639000,111.945,111.945,111.941,111.944,33930000,1
1500581640000,1500581699000,111.944,111.947,111.94,111.944,54870000,1
1500581700000,1500581759000,111.944,111.944,111.936,111.938,42600000,1
1500581760000,1500581819000,111.938,111.938,111.933,111.933,15270000,1
1500581820000,1500581879000,111.933,111.933,111.933,111.933,3910000,1
1500581880000,1500581939000,111.933,111.933,111.932,111.933,986870000,1
1500581940000,1500581999000,111.933,111.933,111.927,111.927,292670000,1
1500582000000,1500582059000,111.928,111.929,111.921,111.929,75630000,1
1500582060000,1500582119000,111.928,111.933,111.926,111.927,54620000,1
1500582120000,1500582179000,111.927,111.927,111.921,111.921,34550000,1
1500582180000,1500582239000,111.922,111.946,111.922,111.945,55840000,1
1500582240000,1500582299000,111.946,111.946,111.927,111.927,64460000,1
1500582300000,1500582359000,111.931,111.931,111.92,111.921,11870000,1
1500582360000,1500582419000,111.921,111.921,111.911,111.921,27520000,1
1500582420000,1500582479000,111.919,111.921,111.914,111.921,107950000,1
1500582480000,1500582539000,111.92,111.92,111.919,111.919,11210000,1
1500582540000,1500582599000,111.919,111.919,111.886,111.889,85490000,1
1500582600000,1500582659000,111.889,111.897,111.889,111.891,55570000,1
1500582660000,1500582719000,111.895,111.897,111.891,111.891,50450000,1
1500582720000,1500582779000,111.89,111.898,111.878,111.878,61180000,1
1500582780000,1500582839000,111.882,111.889,111.882,111.889,7990000,1
1500582840000,1500582899000,111.889,111.889,111.889,111.889,8570000,1
1500582900000,1500582959000,111.889,111.89,111.889,111.889,16070000,1
1500582960000,1500583019000,111.889,111.889,111.882,111.882,51410000,1
1500583020000,1500583079000,111.884,111.886,111.877,111.883,69700000,1
1500583080000,1500583139000,111.883,111.889,111.882,111.889,10670000,1
1500583140000,1500583199000,111.888,111.888,111.876,111.876,49890000,1
1500583200000,1500583259000,111.876,111.876,111.863,111.864,70790000,1
1500583260000,1500583319000,111.864,111.867,111.86,111.863,52560000,1
1500583320000,1500583379000,111.863,111.864,111.86,111.864,22230000,1
1500583380000,1500583439000,111.863,111.876,111.863,111.876,24100000,1
1500583440000,1500583499000,111.877,111.877,111.876,111.876,20780000,1
1500583500000,1500583559000,111.88,111.888,111.875,111.887,91340000,1
1500583560000,1500583619000,111.888,111.901,111.888,111.901,49190000,1
1500583620000,1500583679000,111.901,111.901,111.9,111.901,11290000,1
1500583680000,1500583739000,111.901,111.917,111.901,111.91,62870000,1
1500583740000,1500583799000,111.91,111.912,111.882,111.885,97590000,1
1500583800000,1500583859000,111.884,111.891,111.874,111.876,101070000,1
1500583860000,1500583919000,111.877,111.877,111.876,111.876,15490000,1
1500583920000,1500583979000,111.877,111.877,111.86,111.861,62050000,1
1500583980000,1500584039000,111.861,111.869,111.859,111.859,77290000,1
1500584040000,1500584099000,111.86,111.865,111.86,111.865,44000000,1
1500584100000,1500584159000,111.866,111.867,111.863,111.864,28210000,1
1500584160000,1500584219000,111.864,111.869,111.864,111.869,9490000,1
1500584220000,1500584279000,111.868,111.88,111.868,111.88,37430000,1
1500584280000,1500584339000,111.88,111.898,111.88,111.895,80770000,1
1500584340000,1500584399000,111.894,111.907,111.886,111.887,69410000,1
1500584400000,1500584459000,111.888,111.892,111.888,111.889,4110000,1
1500584460000,1500584519000,111.889,111.89,111.889,111.89,4490000,1
1500584520000,1500584579000,111.901,111.901,111.89,111.893,4120000,1
1500584580000,1500584639000,111.89,111.932,111.89,111.932,8460000,1
1500584640000,1500584699000,111.922,111.922,111.86,111.861,26500000,1
1500584700000,1500584759000,111.861,111.879,111.857,111.873,192000000,1
1500584760000,1500584819000,111.868,111.88,111.868,111.88,237500000,1
1500584820000,1500584879000,111.875,111.912,111.875,111.893,112990000,1
1500584880000,1500584939000,111.902,111.908,111.871,111.877,233990000,1
1500584940000,1500584999000,111.871,111.9,111.871,111.9,118080000,1
1500585000000,1500585059000,111.9,111.9,111.9,111.9,324740000,1
1500585060000,1500585119000,111.9,111.904,111.9,111.903,15860000,1
1500585120000,1500585179000,111.903,111.903,111.902,111.902,2000000,1
1500585180000,1500585239000,111.901,111.901,111.865,111.865,29790000,1
1500585240000,1500585299000,111.865,111.868,111.861,111.862,58840000,1
1500585300000,1500585359000,111.862,111.872,111.862,111.864,54980000,1
1500585360000,1500585419000,111.863,111.879,111.862,111.878,75930000,1
1500585420000,1500585479000,111.878,111.879,111.878,111.878,26940000,1
1500585480000,1500585539000,111.878,111.881,111.878,111.878,21050000,1
1500585540000,1500585599000,111.879,111.885,111.878,111.878,22690000,1
1500585600000,1500585659000,111.876,111.876,111.866,111.866,14720000,1
1500585660000,1500585719000,111.866,111.866,111.862,111.866,15070000,1
1500585720000,1500585779000,111.866,111.866,111.862,111.864,101210000,1
1500585780000,1500585839000,111.864,111.866,111.862,111.866,186400000,1
1500585840000,1500585899000,111.865,111.867,111.864,111.866,26190000,1
1500585900000,1500585959000,111.864,111.866,111.863,111.863,59890000,1
1500585960000,1500586019000,111.863,111.863,111.863,111.863,29750000,1
1500586020000,1500586079000,111.863,111.863,111.86,111.86,25110000,1
1500586080000,1500586139000,111.859,111.86,111.859,111.859,76860000,1
1500586140000,1500586199000,111.859,111.86,111.856,111.857,24690000,1
1500586200000,1500586259000,111.857,111.862,111.855,111.855,35540000,1
1500586260000,1500586319000,111.855,111.863,111.843,111.863,81170000,1
1500586320000,1500586379000,111.862,111.868,111.862,111.866,19510000,1
1500586380000,1500586439000,111.866,111.866,111.862,111.864,101250000,1
1500586440000,1500586499000,111.864,111.864,111.862,111.862,74150000,1
1500586500000,1500586559000,111.864,111.864,111.843,111.846,46060000,1
1500586560000,1500586619000,111.847,111.851,111.839,111.84,80290000,1
1500586620000,1500586679000,111.84,111.842,111.835,111.837,40900000,1
1500586680000,1500586739000,111.84,111.844,111.833,111.833,27690000,1
1500586740000,1500586799000,111.833,111.834,111.833,111.834,5250000,1
1500586800000,1500586859000,111.834,111.836,111.834,111.834,11130000,1
1500586860000,1500586919000,111.835,111.835,111.834,111.834,12000000,1
1500586920000,1500586979000,111.832,111.832,111.832,111.832,5250000,1
1500586980000,1500587039000,111.833,111.835,111.833,111.834,6770000,1
1500587040000,1500587099000,111.834,111.843,111.831,111.843,27070000,1
1500587100000,1500587159000,111.842,111.844,111.839,111.84,22160000,1
1500587160000,1500587219000,111.839,111.84,111.836,111.836,17350000,1
1500587220000,1500587279000,111.837,111.837,111.836,111.837,7870000,1
1500587280000,1500587339000,111.837,111.845,111.837,111.843,42210000,1
1500587340000,1500587399000,111.843,111.844,111.841,111.841,32410000,1
1500587400000,1500587459000,111.84,111.841,111.84,111.84,19870000,1
1500587460000,1500587519000,111.84,111.844,111.84,111.844,25200000,1
1500587520000,1500587579000,111.844,111.846,111.843,111.846,26810000,1
1500587580000,1500587639000,111.845,111.85,111.845,111.849,42620000,1
1500587640000,1500587699000,111.849,111.85,111.842,111.844,43920000,1
1500587700000,1500587759000,111.844,111.847,111.844,111.845,41160000,1
1500587760000,1500587819000,111.844,111.844,111.836,111.844,104060000,1
1500587820000,1500587879000,111.844,111.848,111.844,111.846,77730000,1
1500587880000,1500587939000,111.846,111.848,111.839,111.84,54070000,1
1500587940000,1500587999000,111.84,111.85,111.84,111.844,41360000,1
1500588000000,1500588059000,111.844,111.878,111.844,111.848,125280000,1
1500588060000,1500588119000,111.853,111.862,111.853,111.859,46660000,1
1500588120000,1500588179000,111.859,111.862,111.856,111.856,7550000,1
1500588180000,1500588239000,111.855,111.859,111.846,111.846,52050000,1
1500588240000,1500588299000,111.845,111.845,111.841,111.841,39180000,1
1500588300000,1500588359000,111.845,111.852,111.845,111.85,65070000,1
1500588360000,1500588419000,111.849,111.852,111.849,111.851,26820000,1
1500588420000,1500588479000,111.852,111.855,111.852,111.855,5120000,1
1500588480000,1500588539000,111.855,111.857,111.852,111.857,39510000,1
1500588540000,1500588599000,111.857,111.861,111.848,111.848,71240000,1
1500588600000,1500588659000,111.847,111.855,111.847,111.854,26560000,1
1500588660000,1500588719000,111.855,111.862,111.855,111.858,21340000,1
1500588720000,1500588779000,111.86,111.86,111.858,111.858,22080000,1
1500588780000,1500588839000,111.859,111.859,111.855,111.856,26900000,1
1500588840000,1500588899000,111.857,111.857,111.848,111.848,14810000,1
1500588900000,1500588959000,111.849,111.85,111.847,111.849,18890000,1
1500588960000,1500589019000,111.848,111.849,111.834,111.841,24260000,1
1500589020000,1500589079000,111.84,111.84,111.824,111.831,43550000,1
1500589080000,1500589139000,111.83,111.835,111.828,111.83,192470000,1
1500589140000,1500589199000,111.832,111.833,111.827,111.828,64200000,1
1500589200000,1500589259000,111.828,111.828,111.813,111.816,52030000,1
1500589260000,1500589319000,111.817,111.824,111.815,111.816,34320000,1
1500589320000,1500589379000,111.816,111.816,111.814,111.814,26600000,1
1500589380000,1500589439000,111.815,111.818,111.815,111.816,6000000,1
1500589440000,1500589499000,111.817,111.82,111.815,111.816,13990000,1
1500589500000,1500589559000,111.817,111.822,111.804,111.805,34290000,1
1500589560000,1500589619000,111.804,111.813,111.804,111.813,59790000,1
1500589620000,1500589679000,111.813,111.818,111.811,111.812,30440000,1
1500589680000,1500589739000,111.813,111.824,111.813,111.824,15500000,1
1500589740000,1500589799000,111.825,111.83,111.823,111.824,42130000,1
1500589800000,1500589859000,111.822,111.832,111.822,111.832,79540000,1
1500589860000,1500589919000,111.832,111.835,111.832,111.835,20120000,1
1500589920000,1500589979000,111.834,111.858,111.832,111.856,83180000,1
1500589980000,1500590039000,111.858,111.876,111.858,111.876,142140000,1
1500590040000,1500590099000,111.877,111.892,111.877,111.887,124160000,1
1500590100000,1500590159000,111.887,111.892,111.875,111.885,131420000,1
1500590160000,1500590219000,111.887,111.895,111.878,111.884,82820000,1
1500590220000,1500590279000,111.884,111.886,111.884,111.886,57590000,1
1500590280000,1500590339000,111.886,111.894,111.885,111.894,44750000,1
1500590340000,1500590399000,111.894,111.902,111.894,111.901,30120000,1
1500590400000,1500590459000,111.899,111.901,111.892,111.892,60830000,1
1500590460000,1500590519000,111.891,111.892,111.885,111.888,64250000,1
1500590520000,1500590579000,111.889,111.895,111.888,111.888,11740000,1
1500590580000,1500590639000,111.888,111.888,111.886,111.887,18130000,1
1500590640000,1500590699000,111.887,111.898,111.887,111.896,59640000,1
1500590700000,1500590759000,111.895,111.895,111.885,111.886,41350000,1
1500590760000,1500590819000,111.886,111.895,111.886,111.891,40600000,1
1500590820000,1500590879000,111.89,111.898,111.89,111.897,29690000,1
1500590880000,1500590939000,111.897,111.902,111.896,111.901,49080000,1
1500590940000,1500590999000,111.902,111.904,111.89,111.891,67390000,1
1500591000000,1500591059000,111.892,111.892,111.885,111.885,44560000,1
1500591060000,1500591119000,111.884,111.884,111.877,111.88,32950000,1
1500591120000,1500591179000,111.88,111.88,111.878,111.878,39480000,1
1500591180000,1500591239000,111.878,111.878,111.85,111.855,81770000,1
1500591240000,1500591299000,111.855,111.863,111.855,111.86,51070000,1
1500591300000,1500591359000,111.859,111.87,111.856,111.87,33680000,1
1500591360000,1500591419000,111.87,111.87,111.863,111.864,63460000,1
1500591420000,1500591479000,111.866,111.87,111.864,111.868,75800000,1
1500591480000,1500591539000,111.867,111.874,111.867,111.868,47840000,1
1500591540000,1500591599000,111.868,111.883,111.868,111.882,41430000,1
1500591600000,1500591659000,111.882,111.886,111.876,111.886,36350000,1
1500591660000,1500591719000,111.886,111.908,111.883,111.895,48920000,1
1500591720000,1500591779000,111.895,111.902,111.893,111.894,34320000,1
1500591780000,1500591839000,111.894,111.915,111.887,111.913,50780000,1
1500591840000,1500591899000,111.913,111.917,111.89,111.892,103120000,1
1500591900000,1500591959000,111.891,111.892,111.884,111.89,45630000,1
1500592020000,1500592079000,111.89,111.891,111.888,111.89,16430000,1
1500592080000,1500592139000,111.889,111.89,111.888,111.89,16630000,1
1500592140000,1500592199000,111.889,111.896,111.889,111.895,23160000,1
1500592200000,1500592259000,111.894,111.896,111.89,111.896,27630000,1
1500592260000,1500592319000,111.895,111.906,111.895,111.905,28850000,1
1500592320000,1500592379000,111.904,111.906,111.904,111.906,5440000,1
1500592380000,1500592439000,111.906,111.918,111.906,111.917,12100000,1
1500592440000,1500592499000,111.918,111.918,111.903,111.905,51930000,1
1500592500000,1500592559000,111.906,111.913,111.906,111.913,11500000,1
1500592560000,1500592619000,111.913,111.925,111.913,111.921,41360000,1
1500592620000,1500592679000,111.921,111.933,111.92,111.933,67310000,1
1500592680000,1500592739000,111.932,111.932,111.919,111.92,42420000,1
1500592740000,1500592799000,111.92,111.92,111.91,111.912,42490000,1
1500592800000,1500592859000,111.912,111.912,111.91,111.91,16360000,1
1500592860000,1500592919000,111.911,111.912,111.903,111.906,57850000,1
1500592920000,1500592979000,111.906,111.906,111.903,111.904,29050000,1
1500592980000,1500593039000,111.903,111.903,111.89,111.894,91050000,1
1500593040000,1500593099000,111.895,111.895,111.887,111.888,21170000,1
1500593100000,1500593159000,111.888,111.895,111.888,111.894,26670000,1
1500593160000,1500593219000,111.894,111.895,111.894,111.895,22060000,1
1500593220000,1500593279000,111.895,111.895,111.894,111.895,11770000,1
1500593280000,1500593339000,111.894,111.895,111.892,111.895,34210000,1
1500593340000,1500593399000,111.893,111.895,111.889,111.892,56940000,1
1500593400000,1500593459000,111.892,111.894,111.89,111.894,11390000,1
1500593460000,1500593519000,111.894,111.895,111.891,111.892,29140000,1
1500593520000,1500593579000,111.893,111.897,111.89,111.891,19310000,1
1500593580000,1500593639000,111.892,111.895,111.881,111.889,43800000,1
1500593640000,1500593699000,111.889,111.894,111.889,111.891,19820000,1
1500593700000,1500593759000,111.891,111.891,111.883,111.884,21490000,1
1500593760000,1500593819000,111.885,111.889,111.883,111.889,38530000,1
1500593820000,1500593879000,111.888,111.888,111.883,111.883,20350000,1
1500593880000,1500593939000,111.883,111.884,111.871,111.874,59390000,1
1500593940000,1500593999000,111.87,111.872,111.86,111.863,51490000,1
1500594000000,1500594059000,111.864,111.87,111.86,111.87,37790000,1
1500594060000,1500594119000,111.869,111.878,111.869,111.878,11110000,1
1500594120000,1500594179000,111.877,111.883,111.869,111.872,55750000,1
1500594180000,1500594239000,111.871,111.871,111.862,111.869,28830000,1
1500594240000,1500594299000,111.869,111.871,111.852,111.863,52320000,1
1500594300000,1500594359000,111.864,111.865,111.855,111.861,138550000,1
1500594360000,1500594419000,111.861,111.868,111.84,111.85,269220000,1
1500594420000,1500594479000,111.849,111.865,111.843,111.851,81770000,1
1500594480000,1500594539000,111.852,111.858,111.843,111.858,92360000,1
1500594540000,1500594599000,111.858,111.861,111.845,111.859,48320000,1
1500594600000,1500594659000,111.86,111.865,111.846,111.846,95470000,1
1500594660000,1500594719000,111.847,111.858,111.834,111.856,123910000,1
1500594720000,1500594779000,111.854,111.854,111.837,111.843,76720000,1
1500594780000,1500594839000,111.844,111.845,111.835,111.845,43400000,1
1500594840000,1500594899000,111.844,111.845,111.836,111.845,64940000,1
1500594900000,1500594959000,111.844,111.865,111.844,111.865,62420000,1
1500594960000,1500595019000,111.864,111.883,111.864,111.883,146380000,1
1500595020000,1500595079000,111.883,111.902,111.873,111.886,162750000,1
1500595080000,1500595139000,111.886,111.899,111.881,111.889,128650000,1
1500595140000,1500595199000,111.89,111.892,111.869,111.89,66490000,1
1500595200000,1500595259000,111.89,111.904,111.89,111.894,117530000,1
1500595260000,1500595319000,111.894,111.898,111.879,111.887,139490000,1
1500595320000,1500595379000,111.887,111.887,111.855,111.869,133830000,1
1500595380000,1500595439000,111.869,111.87,111.838,111.848,88740000,1
1500595440000,1500595499000,111.85,111.883,111.85,111.882,64960000,1
1500595500000,1500595559000,111.869,111.881,111.862,111.88,69020000,1
1500595560000,1500595619000,111.88,111.882,111.86,111.874,105860000,1
1500595620000,1500595679000,111.874,111.895,111.87,111.89,77320000,1
1500595680000,1500595739000,111.89,111.89,111.881,111.887,51170000,1
1500595740000,1500595799000,111.89,111.893,111.881,111.888,104120000,1
1500595800000,1500595859000,111.889,111.893,111.866,111.876,143530000,1
1500595860000,1500595919000,111.878,111.884,111.863,111.87,97490000,1
1500595920000,1500595979000,111.87,111.879,111.861,111.862,81300000,1
1500595980000,1500596039000,111.862,111.871,111.862,111.864,66260000,1
1500596040000,1500596099000,111.865,111.876,111.863,111.869,82590000,1
1500596100000,1500596159000,111.869,111.87,111.863,111.864,29380000,1
1500596160000,1500596219000,111.866,111.896,111.866,111.892,110940000,1
1500596220000,1500596279000,111.892,111.896,111.89,111.891,41270000,1
1500596280000,1500596339000,111.891,111.907,111.89,111.907,49750000,1
1500596340000,1500596399000,111.908,111.943,111.908,111.923,219960000,1
1500596400000,1500596459000,111.92,111.923,111.917,111.919,48170000,1
1500596460000,1500596519000,111.919,111.925,111.909,111.915,100080000,1
1500596520000,1500596579000,111.915,111.919,111.909,111.917,73980000,1
1500596580000,1500596639000,111.917,111.921,111.913,111.915,51220000,1
1500596640000,1500596699000,111.918,111.935,111.917,111.927,142230000,1
1500596700000,1500596759000,111.927,111.933,111.917,111.926,152590000,1
1500596760000,1500596819000,111.928,111.938,111.925,111.931,107120000,1
1500596820000,1500596879000,111.931,111.946,111.924,111.943,66880000,1
1500596880000,1500596939000,111.943,111.973,111.938,111.958,156210000,1
1500596940000,1500596999000,111.957,111.975,111.948,111.961,115930000,1
1500597000000,1500597059000,111.961,111.981,111.96,111.975,160740000,1
1500597060000,1500597119000,111.978,111.992,111.975,111.976,156010000,1
1500597120000,1500597179000,111.975,111.982,111.953,111.963,180300000,1
1500597180000,1500597239000,111.964,111.964,111.943,111.956,119520000,1
1500597240000,1500597299000,111.957,111.964,111.95,111.956,106620000,1
1500597300000,1500597359000,111.957,111.958,111.933,111.938,104180000,1
1500597360000,1500597419000,111.938,111.948,111.935,111.937,118480000,1
1500597420000,1500597479000,111.937,111.941,111.924,111.937,84690000,1
1500597480000,1500597539000,111.937,111.94,111.937,111.94,20690000,1
1500597540000,1500597599000,111.937,111.939,111.915,111.924,111740000,1
1500597600000,1500597659000,111.923,111.923,111.913,111.917,89130000,1
1500597660000,1500597719000,111.917,111.933,111.917,111.933,118270000,1
1500597720000,1500597779000,111.933,111.939,111.925,111.929,74650000,1
1500597780000,1500597839000,111.929,111.958,111.923,111.947,125430000,1
1500597840000,1500597899000,111.948,111.958,111.942,111.956,92360000,1
1500597900000,1500597959000,111.959,111.959,111.95,111.951,71050000,1
1500597960000,1500598019000,111.95,111.953,111.944,111.947,136400000,1
1500598020000,1500598079000,111.948,111.948,111.933,111.933,81090000,1
1500598080000,1500598139000,111.934,111.945,111.928,111.94,75770000,1
1500598140000,1500598199000,111.94,111.945,111.939,111.941,46870000,1
1500598200000,1500598259000,111.94,111.94,111.935,111.936,29990000,1
1500598260000,1500598319000,111.936,111.988,111.936,111.976,138860000,1
1500598320000,1500598379000,111.979,111.986,111.971,111.98,160440000,1
1500598380000,1500598439000,111.979,112.0,111.971,111.997,239810000,1
1500598440000,1500598499000,111.998,112.04,111.995,112.014,328080000,1
1500598500000,1500598559000,112.01,112.024,112.001,112.01,261830000,1
1500598560000,1500598619000,112.009,112.027,112.009,112.021,167500000,1
1500598620000,1500598679000,112.021,112.021,111.991,112.007,153820000,1
1500598680000,1500598739000,112.006,112.021,112.003,112.021,55890000,1
1500598740000,1500598799000,112.02,112.02,111.983,111.989,205430000,1
1500598800000,1500598859000,111.987,111.988,111.984,111.986,53460000,1
1500598860000,1500598919000,111.985,111.989,111.981,111.987,103540000,1
1500598920000,1500598979000,111.987,111.996,111.985,111.996,57520000,1
1500598980000,1500599039000,111.997,111.999,111.995,111.998,18530000,1
1500599040000,1500599099000,111.998,111.998,111.985,111.993,66340000,1
1500599100000,1500599159000,111.992,112.002,111.992,112.002,45370000,1
1500599160000,1500599219000,112.001,112.001,111.996,111.998,14770000,1
1500599220000,1500599279000,111.996,112.0,111.991,111.991,67690000,1
1500599280000,1500599339000,111.991,112.072,111.991,112.058,249980000,1
1500599340000,1500599399000,112.058,112.059,112.036,112.047,214860000,1
1500599400000,1500599459000,112.048,112.065,112.04,112.065,161180000,1
1500599460000,1500599519000,112.065,112.071,112.052,112.057,367050000,1
1500599520000,1500599579000,112.058,112.065,112.037,112.039,134480000,1
1500599580000,1500599639000,112.039,112.04,112.019,112.02,110420000,1
1500599640000,1500599699000,112.02,112.021,112.012,112.02,177400000,1
1500599700000,1500599759000,112.018,112.022,112.009,112.012,327430000,1
1500599760000,1500599819000,112.011,112.023,112.001,112.023,175440000,1
1500599820000,1500599879000,112.023,112.037,112.021,112.036,127190000,1
1500599880000,1500599939000,112.036,112.039,112.033,112.036,55890000,1
1500599940000,1500599999000,112.038,112.047,112.035,112.042,141930000,1
1500600000000,1500600059000,112.043,112.043,112.008,112.012,223990000,1
1500600060000,1500600119000,112.011,112.011,111.995,112.008,141880000,1
1500600120000,1500600179000,112.008,112.009,111.994,112.001,97050000,1
1500600180000,1500600239000,112.001,112.005,111.983,111.987,195980000,1
1500600240000,1500600299000,111.987,111.987,111.982,111.982,78580000,1
1500600300000,1500600359000,111.982,111.984,111.961,111.968,103740000,1
1500600360000,1500600419000,111.967,111.973,111.966,111.967,72770000,1
1500600420000,1500600479000,111.968,111.968,111.955,111.955,144240000,1
1500600480000,1500600539000,111.953,111.97,111.953,111.968,141070000,1
1500600540000,1500600599000,111.966,111.969,111.959,111.962,113320000,1
1500600600000,1500600659000,111.962,111.97,111.943,111.945,118600000,1
1500600660000,1500600719000,111.946,111.972,111.943,111.962,138820000,1
1500600720000,1500600779000,111.963,111.972,111.962,111.971,65250000,1
1500600780000,1500600839000,111.971,111.998,111.958,111.995,172770000,1
1500600840000,1500600899000,111.994,111.995,111.956,111.963,215330000,1
1500600900000,1500600959000,111.963,111.968,111.956,111.966,108020000,1
1500600960000,1500601019000,111.964,111.994,111.963,111.982,133190000,1
1500601020000,1500601079000,111.982,112.0,111.982,111.999,104340000,1
1500601080000,1500601139000,111.998,112.008,111.99,111.996,107000000,1
1500601140000,1500601199000,111.996,112.0,111.991,111.993,118960000,1
1500601200000,1500601259000,111.993,111.996,111.989,111.989,50540000,1
1500601260000,1500601319000,111.989,111.989,111.98,111.983,56370000,1
1500601320000,1500601379000,111.982,111.995,111.981,111.994,65980000,1
1500601380000,1500601439000,111.995,112.006,111.991,112.001,103700000,1
1500601440000,1500601499000,112.003,112.021,112.002,112.02,44740000,1
1500601500000,1500601559000,112.021,112.023,112.013,112.014,97110000,1
1500601560000,1500601619000,112.014,112.021,112.014,112.019,51310000,1
1500601620000,1500601679000,112.019,112.019,112.013,112.014,17740000,1
1500601680000,1500601739000,112.014,112.027,112.014,112.026,66380000,1
1500601740000,1500601799000,112.026,112.032,112.023,112.032,44970000,1
1500601800000,1500601859000,112.033,112.033,112.026,112.027,38870000,1
1500601860000,1500601919000,112.026,112.032,112.02,112.026,65690000,1
1500601920000,1500601979000,112.025,112.025,112.012,112.014,140760000,1
1500601980000,1500602039000,112.017,112.025,112.015,112.018,98270000,1
1500602040000,1500602099000,112.018,112.018,112.012,112.018,99070000,1
1500602100000,1500602159000,112.017,112.018,112.016,112.018,44640000,1
1500602160000,1500602219000,112.019,112.021,112.001,112.008,100380000,1
1500602220000,1500602279000,112.005,112.007,112.001,112.003,83850000,1
1500602280000,1500602339000,112.003,112.004,112.001,112.002,28690000,1
1500602340000,1500602399000,112.001,112.006,112.0,112.002,28910000,1
1500602400000,1500602459000,112.002,112.002,111.989,111.995,63130000,1
1500602460000,1500602519000,111.994,111.995,111.981,111.988,50380000,1
1500602520000,1500602579000,111.986,111.987,111.974,111.979,71320000,1
1500602580000,1500602639000,111.979,111.979,111.956,111.956,150480000,1
1500602640000,1500602699000,111.956,111.956,111.906,111.92,125510000,1
1500602700000,1500602759000,111.92,111.921,111.894,111.902,184290000,1
1500602760000,1500602819000,111.901,111.904,111.888,111.895,141150000,1
1500602820000,1500602879000,111.895,111.895,111.876,111.881,156390000,1
1500602880000,1500602939000,111.881,111.883,111.875,111.879,120530000,1
1500602940000,1500602999000,111.88,111.89,111.875,111.883,151800000,1
1500603000000,1500603059000,111.882,111.882,111.865,111.872,139770000,1
1500603060000,1500603119000,111.873,111.873,111.861,111.87,107150000,1
1500603120000,1500603179000,111.871,111.876,111.868,111.869,118140000,1
1500603180000,1500603239000,111.869,111.887,111.864,111.875,111800000,1
1500603240000,1500603299000,111.875,111.875,111.856,111.858,77220000,1
1500603300000,1500603359000,111.857,111.873,111.856,111.87,91740000,1
1500603360000,1500603419000,111.87,111.882,111.869,111.88,73860000,1
1500603420000,1500603479000,111.881,111.889,111.876,111.876,103280000,1
1500603480000,1500603539000,111.876,111.881,111.875,111.875,40970000,1
1500603540000,1500603599000,111.875,111.878,111.866,111.876,52320000,1
1500603600000,1500603659000,111.877,111.893,111.876,111.889,103660000,1
1500603660000,1500603719000,111.889,111.89,111.88,111.884,74750000,1
1500603720000,1500603779000,111.885,111.889,111.883,111.888,65770000,1
1500603780000,1500603839000,111.888,111.892,111.881,111.882,42240000,1
1500603840000,1500603899000,111.882,111.888,111.881,111.888,60820000,1
1500603900000,1500603959000,111.888,111.889,111.881,111.882,28420000,1
1500603960000,1500604019000,111.881,111.882,111.878,111.882,12340000,1
1500604020000,1500604079000,111.882,111.889,111.882,111.886,19830000,1
1500604080000,1500604139000,111.886,111.89,111.883,111.889,27710000,1
1500604140000,1500604199000,111.888,111.89,111.882,111.883,40120000,1
1500604200000,1500604259000,111.886,111.888,111.863,111.876,103120000,1
1500604260000,1500604319000,111.876,111.876,111.858,111.862,77590000,1
1500604320000,1500604379000,111.862,111.863,111.855,111.863,97380000,1
1500604380000,1500604439000,111.867,111.876,111.867,111.876,139890000,1
1500604440000,1500604499000,111.875,111.876,111.868,111.874,39110000,1
1500604500000,1500604559000,111.874,111.882,111.874,111.882,41720000,1
1500604560000,1500604619000,111.882,111.891,111.88,111.88,55550000,1
1500604620000,1500604679000,111.879,111.883,111.878,111.882,30510000,1
1500604680000,1500604739000,111.882,111.894,111.882,111.892,116330000,1
1500604740000,1500604799000,111.892,111.893,111.885,111.889,55310000,1
1500604800000,1500604859000,111.889,111.94,111.889,111.901,233640000,1
1500604860000,1500604919000,111.9,111.934,111.896,111.921,251740000,1
1500604920000,1500604979000,111.918,111.944,111.912,111.941,231380000,1
1500604980000,1500605039000,111.942,111.943,111.915,111.92,116350000,1
1500605040000,1500605099000,111.919,111.92,111.906,111.91,52430000,1
1500605100000,1500605159000,111.909,111.948,111.902,111.937,140810000,1
1500605160000,1500605219000,111.936,111.952,111.93,111.949,102760000,1
1500605220000,1500605279000,111.949,111.951,111.943,111.948,72650000,1
1500605280000,1500605339000,111.948,111.951,111.93,111.943,103430000,1
1500605340000,1500605399000,111.942,111.955,111.937,111.954,70440000,1
1500605400000,1500605459000,111.953,111.954,111.942,111.943,129180000,1
1500605460000,1500605519000,111.942,111.943,111.935,111.935,39950000,1
1500605520000,1500605579000,111.934,111.935,111.928,111.93,109610000,1
1500605580000,1500605639000,111.93,111.952,111.929,111.939,104420000,1
1500605640000,1500605699000,111.941,111.953,111.936,111.948,105600000,1
1500605700000,1500605759000,111.949,111.962,111.949,111.961,61870000,1
1500605760000,1500605819000,111.963,111.963,111.928,111.929,190140000,1
1500605820000,1500605879000,111.929,111.943,111.929,111.943,103990000,1
1500605880000,1500605939000,111.943,111.943,111.941,111.941,12600000,1
1500605940000,1500605999000,111.94,111.946,111.928,111.93,74340000,1
1500606000000,1500606059000,111.929,111.949,111.929,111.943,93100000,1
1500606060000,1500606119000,111.944,111.955,111.936,111.943,87080000,1
1500606120000,1500606179000,111.943,111.948,111.941,111.943,61990000,1
1500606180000,1500606239000,111.943,111.948,111.933,111.937,72020000,1
1500606240000,1500606299000,111.941,111.946,111.931,111.936,49120000,1
1500606300000,1500606359000,111.936,111.947,111.935,111.942,81550000,1
1500606360000,1500606419000,111.941,111.948,111.936,111.948,72560000,1
1500606420000,1500606479000,111.951,111.951,111.941,111.941,56140000,1
1500606480000,1500606539000,111.943,111.957,111.943,111.945,169930000,1
1500606540000,1500606599000,111.944,111.952,111.943,111.943,59330000,1
1500606600000,1500606659000,111.944,111.949,111.933,111.935,85430000,1
1500606660000,1500606719000,111.936,111.947,111.923,111.939,121230000,1
1500606720000,1500606779000,111.94,111.95,111.94,111.95,49820000,1
1500606780000,1500606839000,111.949,111.954,111.947,111.949,73740000,1
1500606840000,1500606899000,111.949,111.954,111.939,111.943,110290000,1
1500606900000,1500606959000,111.942,111.947,111.94,111.946,94570000,1
1500606960000,1500607019000,111.946,111.946,111.94,111.943,54780000,1
1500607020000,1500607079000,111.942,111.955,111.94,111.952,34610000,1
1500607080000,1500607139000,111.952,111.952,111.939,111.94,116300000,1
1500607140000,1500607199000,111.941,111.948,111.94,111.948,121530000,1
1500607200000,1500607259000,111.948,111.955,111.947,111.953,119060000,1
1500607260000,1500607319000,111.954,111.957,111.949,111.956,79840000,1
1500607320000,1500607379000,111.957,111.968,111.955,111.968,52080000,1
1500607380000,1500607439000,111.968,111.975,111.968,111.969,28740000,1
1500607440000,1500607499000,111.971,111.973,111.967,111.968,42750000,1
1500607500000,1500607559000,111.969,111.974,111.962,111.971,86210000,1
1500607560000,1500607619000,111.973,112.003,111.973,111.992,102610000,1
1500607620000,1500607679000,111.993,112.002,111.985,111.989,102330000,1
1500607680000,1500607739000,111.989,111.994,111.979,111.984,134620000,1
1500607740000,1500607799000,111.985,111.985,111.979,111.983,75990000,1
1500607800000,1500607859000,111.982,111.992,111.979,111.982,181570000,1
1500607860000,1500607919000,111.982,111.994,111.982,111.994,58460000,1
1500607920000,1500607979000,111.994,111.994,111.978,111.979,61430000,1
1500607980000,1500608039000,111.978,111.987,111.976,111.98,102990000,1
1500608040000,1500608099000,111.979,111.981,111.965,111.97,116030000,1
1500608100000,1500608159000,111.969,111.979,111.969,111.973,52790000,1
1500608160000,1500608219000,111.974,111.985,111.974,111.979,88620000,1
1500608220000,1500608279000,111.976,111.984,111.972,111.977,79770000,1
1500608280000,1500608339000,111.978,111.983,111.969,111.969,46820000,1
1500608340000,1500608399000,111.969,111.972,111.952,111.959,95650000,1
1500608400000,1500608459000,111.959,111.963,111.952,111.961,85540000,1
1500608460000,1500608519000,111.959,111.965,111.952,111.959,178290000,1
1500608520000,1500608579000,111.959,111.963,111.951,111.951,93080000,1
1500608580000,1500608639000,111.951,111.952,111.945,111.946,65550000,1
1500608640000,1500608699000,111.947,111.954,111.946,111.946,69600000,1
1500608700000,1500608759000,111.945,111.96,111.945,111.952,35420000,1
1500608760000,1500608819000,111.954,111.961,111.952,111.952,80850000,1
1500608820000,1500608879000,111.953,111.958,111.951,111.951,53420000,1
1500608880000,1500608939000,111.951,111.958,111.948,111.953,60160000,1
1500608940000,1500608999000,111.954,111.959,111.952,111.952,51470000,1
1500609000000,1500609059000,111.952,111.96,111.952,111.96,62780000,1
1500609060000,1500609119000,111.959,111.96,111.953,111.953,13320000,1
1500609120000,1500609179000,111.956,111.959,111.945,111.954,58050000,1
1500609180000,1500609239000,111.954,111.965,111.954,111.959,79300000,1
1500609240000,1500609299000,111.96,111.963,111.958,111.959,45500000,1
1500609300000,1500609359000,111.958,111.96,111.952,111.959,34540000,1
1500609360000,1500609419000,111.96,111.965,111.96,111.96,35670000,1
1500609420000,1500609479000,111.958,111.958,111.955,111.956,42000000,1
1500609480000,1500609539000,111.956,111.961,111.952,111.958,62640000,1
1500609540000,1500609599000,111.958,111.967,111.946,111.967,118770000,1
1500609600000,1500609659000,111.966,111.968,111.96,111.967,124780000,1
1500609660000,1500609719000,111.967,111.974,111.959,111.974,109100000,1
1500609720000,1500609779000,111.973,111.987,111.973,111.98,99080000,1
1500609780000,1500609839000,111.979,112.001,111.978,111.989,117830000,1
1500609840000,1500609899000,111.99,111.994,111.986,111.991,78330000,1
1500609900000,1500609959000,111.991,112.0,111.986,112.0,67430000,1
1500609960000,1500610019000,111.998,112.012,111.998,112.003,111900000,1
1500610020000,1500610079000,112.003,112.015,112.003,112.014,52020000,1
1500610080000,1500610139000,112.013,112.013,112.009,112.01,25920000,1
1500610140000,1500610199000,112.011,112.011,112.009,112.011,30580000,1
1500610200000,1500610259000,112.011,112.077,112.011,112.063,237210000,1
1500610260000,1500610319000,112.063,112.063,112.039,112.039,93450000,1
1500610320000,1500610379000,112.04,112.04,112.029,112.035,89740000,1
1500610380000,1500610439000,112.035,112.042,112.034,112.041,78270000,1
1500610440000,1500610499000,112.04,112.04,112.03,112.036,94330000,1
1500610500000,1500610559000,112.037,112.048,112.037,112.047,68100000,1
1500610560000,1500610619000,112.049,112.049,112.038,112.038,50030000,1
1500610620000,1500610679000,112.037,112.044,112.034,112.041,72990000,1
1500610680000,1500610739000,112.04,112.04,112.029,112.032,86170000,1
1500610740000,1500610799000,112.032,112.044,112.032,112.033,125410000,1
1500610800000,1500610859000,112.034,112.034,112.027,112.028,48730000,1
1500610860000,1500610919000,112.028,112.034,112.028,112.033,76020000,1
1500610920000,1500610979000,112.033,112.039,112.02,112.022,115800000,1
1500610980000,1500611039000,112.022,112.027,112.022,112.026,19640000,1
1500611040000,1500611099000,112.025,112.029,112.02,112.028,83510000,1
1500611100000,1500611159000,112.028,112.029,112.027,112.028,17940000,1
1500611160000,1500611219000,112.029,112.04,112.027,112.038,58860000,1
1500611220000,1500611279000,112.038,112.038,112.037,112.037,35750000,1
1500611280000,1500611339000,112.037,112.045,112.032,112.044,137760000,1
1500611340000,1500611399000,112.044,112.045,112.038,112.039,75980000,1
1500611400000,1500611459000,112.038,112.045,112.038,112.045,25330000,1
1500611460000,1500611519000,112.046,112.046,112.038,112.039,43190000,1
1500611520000,1500611579000,112.04,112.04,112.039,112.04,12930000,1
1500611580000,1500611639000,112.039,112.048,112.039,112.047,59890000,1
1500611640000,1500611699000,112.046,112.051,112.044,112.051,45350000,1
1500611700000,1500611759000,112.051,112.052,112.051,112.051,12210000,1
1500611760000,1500611819000,112.052,112.068,112.051,112.052,60450000,1
1500611820000,1500611879000,112.052,112.053,112.051,112.051,73070000,1
1500611880000,1500611939000,112.051,112.054,112.044,112.048,106550000,1
1500611940000,1500611999000,112.048,112.053,112.032,112.032,69550000,1
1500612000000,1500612059000,112.032,112.034,112.031,112.032,32130000,1
1500612060000,1500612119000,112.032,112.037,112.032,112.037,80140000,1
1500612120000,1500612179000,112.037,112.038,112.032,112.032,29790000,1
1500612180000,1500612239000,112.033,112.037,112.033,112.035,31510000,1
1500612240000,1500612299000,112.037,112.038,112.032,112.032,59280000,1
1500612300000,1500612359000,112.033,112.033,112.021,112.024,82650000,1
1500612360000,1500612419000,112.024,112.026,112.013,112.018,163420000,1
1500612420000,1500612479000,112.016,112.019,112.013,112.018,95350000,1
1500612480000,1500612539000,112.018,112.027,112.018,112.021,79480000,1
1500612540000,1500612599000,112.023,112.03,112.018,112.025,139470000,1
1500612600000,1500612659000,112.024,112.032,112.021,112.032,58560000,1
1500612660000,1500612719000,112.036,112.052,112.036,112.039,138090000,1
1500612720000,1500612779000,112.039,112.04,112.024,112.027,60530000,1
1500612780000,1500612839000,112.026,112.026,112.015,112.016,72640000,1
1500612840000,1500612899000,112.018,112.02,111.996,111.997,85160000,1
1500612900000,1500612959000,111.997,111.998,111.969,111.971,126770000,1
1500612960000,1500613019000,111.972,111.975,111.938,111.938,160390000,1
1500613020000,1500613079000,111.939,111.953,111.938,111.942,124850000,1
1500613080000,1500613139000,111.942,111.953,111.941,111.953,126220000,1
1500613140000,1500613199000,111.954,111.954,111.932,111.932,230970000,1
1500613200000,1500613259000,111.933,111.939,111.921,111.933,240500000,1
1500613260000,1500613319000,111.933,111.953,111.925,111.945,151540000,1
1500613320000,1500613379000,111.946,111.95,111.938,111.945,77530000,1
1500613380000,1500613439000,111.945,111.96,111.945,111.954,132000000,1
1500613440000,1500613499000,111.954,111.963,111.954,111.96,72710000,1
1500613500000,1500613559000,111.96,111.985,111.96,111.972,160970000,1
1500613560000,1500613619000,111.971,111.971,111.958,111.958,43580000,1
1500613620000,1500613679000,111.958,111.96,111.952,111.952,37030000,1
1500613680000,1500613739000,111.949,111.96,111.946,111.96,39490000,1
1500613740000,1500613799000,111.959,111.96,111.952,111.959,29050000,1
1500613800000,1500613859000,111.959,111.966,111.959,111.965,17560000,1
1500613860000,1500613919000,111.966,111.966,111.965,111.965,7840000,1
1500613980000,1500614039000,111.967,111.971,111.967,111.97,22980000,1
1500614040000,1500614099000,111.97,111.97,111.962,111.963,40890000,1
1500614100000,1500614159000,111.966,111.971,111.966,111.97,949000000,1
1500614160000,1500614219000,111.968,111.971,111.959,111.965,1977440000,1
1500614220000,1500614279000,111.966,111.966,111.966,111.966,5000000,1
1500614280000,1500614339000,111.967,111.972,111.967,111.97,9970000,1
1500614340000,1500614399000,111.97,111.971,111.97,111.971,6610000,1
1500614400000,1500614459000,111.971,111.972,111.95,111.95,48340000,1
1500614460000,1500614519000,111.95,111.958,111.95,111.957,32470000,1
1500614520000,1500614579000,111.958,111.958,111.958,111.958,3890000,1
1500614580000,1500614639000,111.957,111.957,111.951,111.951,43020000,1
1500614640000,1500614699000,111.952,111.952,111.944,111.95,36170000,1
1500614700000,1500614759000,111.95,111.958,111.946,111.952,55210000,1
1500614760000,1500614819000,111.952,111.953,111.949,111.949,90760000,1
1500614820000,1500614879000,111.95,111.95,111.937,111.943,159420000,1
1500614880000,1500614939000,111.943,111.946,111.942,111.942,53080000,1
1500614940000,1500614999000,111.942,111.945,111.942,111.944,44500000,1
1500615000000,1500615059000,111.944,111.963,111.944,111.95,92610000,1
1500615060000,1500615119000,111.95,111.951,111.94,111.944,138280000,1
1500615120000,1500615179000,111.943,111.943,111.9,111.908,189860000,1
1500615180000,1500615239000,111.907,111.916,111.904,111.916,91070000,1
1500615240000,1500615299000,111.916,111.921,111.914,111.92,19810000,1
1500615300000,1500615359000,111.92,111.92,111.919,111.919,75180000,1
1500615360000,1500615419000,111.918,111.927,111.914,111.914,115630000,1
1500615420000,1500615479000,111.917,111.918,111.913,111.913,67810000,1
1500615480000,1500615539000,111.917,111.922,111.915,111.92,78230000,1
1500615540000,1500615599000,111.919,111.919,111.907,111.912,58410000,1
1500615600000,1500615659000,111.913,111.914,111.907,111.912,55420000,1
1500615660000,1500615719000,111.913,111.914,111.907,111.907,36500000,1
1500615720000,1500615779000,111.907,111.914,111.907,111.914,7690000,1
1500615780000,1500615839000,111.915,111.915,111.894,111.901,86920000,1
1500615840000,1500615899000,111.901,111.912,111.901,111.909,68440000,1
1500615900000,1500615959000,111.909,111.923,111.909,111.922,108180000,1
1500615960000,1500616019000,111.921,111.922,111.917,111.92,55560000,1
1500616020000,1500616079000,111.921,111.921,111.903,111.904,91000000,1
1500616080000,1500616139000,111.905,111.91,111.903,111.91,66180000,1
1500616140000,1500616199000,111.909,111.918,111.907,111.918,43430000,1
1500616200000,1500616259000,111.916,111.933,111.916,111.933,84880000,1
1500616260000,1500616319000,111.934,111.934,111.926,111.93,47140000,1
1500616320000,1500616379000,111.929,111.93,111.921,111.921,38500000,1
1500616380000,1500616439000,111.917,111.917,111.909,111.915,20150000,1
1500616440000,1500616499000,111.918,111.935,111.913,111.935,85750000,1
1500616500000,1500616559000,111.934,111.934,111.921,111.924,40100000,1
1500616560000,1500616619000,111.924,111.928,111.92,111.92,34660000,1
1500616620000,1500616679000,111.917,111.917,111.901,111.911,107110000,1
1500616680000,1500616739000,111.91,111.911,111.901,111.903,48520000,1
1500616740000,1500616799000,111.901,111.903,111.878,111.889,149730000,1
1500616800000,1500616859000,111.887,111.898,111.885,111.897,161970000,1
1500616860000,1500616919000,111.896,111.898,111.883,111.883,114610000,1
1500616920000,1500616979000,111.884,111.889,111.838,111.84,186690000,1
1500616980000,1500617039000,111.839,111.858,111.839,111.852,152750000,1
1500617040000,1500617099000,111.854,111.854,111.836,111.837,134690000,1
1500617100000,1500617159000,111.837,111.839,111.826,111.838,179960000,1
1500617160000,1500617219000,111.84,111.843,111.8,111.805,200360000,1
1500617220000,1500617279000,111.805,111.815,111.79,111.801,307650000,1
1500617280000,1500617339000,111.802,111.815,111.794,111.795,247710000,1
1500617340000,1500617399000,111.794,111.815,111.794,111.802,230530000,1
1500617400000,1500617459000,111.805,111.812,111.794,111.812,170980000,1
1500617460000,1500617519000,111.813,111.836,111.809,111.836,232690000,1
1500617520000,1500617579000,111.836,111.838,111.822,111.828,125980000,1
1500617580000,1500617639000,111.827,111.851,111.827,111.846,188630000,1
1500617640000,1500617699000,111.845,111.846,111.815,111.816,244760000,1
1500617700000,1500617759000,111.816,111.816,111.758,111.761,316050000,1
1500617760000,1500617819000,111.762,111.767,111.75,111.765,107020000,1
1500617820000,1500617879000,111.765,111.776,111.75,111.756,198890000,1
1500617880000,1500617939000,111.755,111.756,111.718,111.725,245980000,1
1500617940000,1500617999000,111.726,111.746,111.726,111.744,145330000,1
1500618000000,1500618059000,111.743,111.748,111.725,111.725,144640000,1
1500618060000,1500618119000,111.725,111.746,111.723,111.744,144700000,1
1500618120000,1500618179000,111.746,111.751,111.733,111.751,150730000,1
1500618180000,1500618239000,111.754,111.783,111.753,111.783,170290000,1
1500618240000,1500618299000,111.784,111.791,111.78,111.787,233340000,1
1500618300000,1500618359000,111.789,111.81,111.789,111.802,138230000,1
1500618360000,1500618419000,111.802,111.805,111.777,111.777,161100000,1
1500618420000,1500618479000,111.774,111.775,111.751,111.761,172940000,1
1500618480000,1500618539000,111.76,111.777,111.756,111.763,119810000,1
1500618540000,1500618599000,111.765,111.779,111.744,111.75,134090000,1
1500618600000,1500618659000,111.753,111.796,111.753,111.789,204530000,1
1500618660000,1500618719000,111.789,111.804,111.789,111.802,152290000,1
1500618720000,1500618779000,111.802,111.802,111.787,111.801,193470000,1
1500618780000,1500618839000,111.8,111.854,111.798,111.845,183850000,1
1500618840000,1500618899000,111.844,111.844,111.819,111.823,133350000,1
1500618900000,1500618959000,111.821,111.828,111.808,111.826,180440000,1
1500618960000,1500619019000,111.825,111.827,111.808,111.814,153880000,1
1500619020000,1500619079000,111.814,111.849,111.814,111.846,142640000,1
1500619080000,1500619139000,111.846,111.846,111.82,111.832,139810000,1
1500619140000,1500619199000,111.833,111.862,111.831,111.834,155250000,1
1500619200000,1500619259000,111.834,111.838,111.816,111.83,186190000,1
1500619260000,1500619319000,111.829,111.83,111.814,111.826,121100000,1
1500619320000,1500619379000,111.823,111.823,111.771,111.784,198300000,1
1500619380000,1500619439000,111.781,111.783,111.768,111.777,201250000,1
1500619440000,1500619499000,111.773,111.782,111.763,111.768,166130000,1
1500619500000,1500619559000,111.77,111.778,111.718,111.724,301600000,1
1500619560000,1500619619000,111.724,111.743,111.718,111.727,172920000,1
1500619620000,1500619679000,111.727,111.734,111.72,111.732,123560000,1
1500619680000,1500619739000,111.73,111.735,111.718,111.735,239260000,1
1500619740000,1500619799000,111.733,111.733,111.71,111.729,234180000,1
1500619800000,1500619859000,111.728,111.776,111.721,111.768,179370000,1
1500619860000,1500619919000,111.769,111.784,111.763,111.772,119260000,1
1500619920000,1500619979000,111.773,111.79,111.772,111.778,176290000,1
1500619980000,1500620039000,111.777,111.778,111.76,111.769,126580000,1
1500620040000,1500620099000,111.767,111.778,111.763,111.776,113410000,1
1500620100000,1500620159000,111.775,111.791,111.764,111.77,166790000,1
1500620160000,1500620219000,111.772,111.772,111.747,111.747,105510000,1
1500620220000,1500620279000,111.746,111.747,111.728,111.737,180280000,1
1500620280000,1500620339000,111.74,111.757,111.732,111.748,205820000,1
1500620340000,1500620399000,111.749,111.774,111.744,111.771,171740000,1
1500620400000,1500620459000,111.77,111.77,111.725,111.758,384250000,1
1500620460000,1500620519000,111.759,111.771,111.746,111.75,183910000,1
1500620520000,1500620579000,111.751,111.771,111.741,111.742,125640000,1
1500620580000,1500620639000,111.742,111.75,111.729,111.744,247210000,1
1500620640000,1500620699000,111.742,111.763,111.739,111.739,164120000,1
1500620700000,1500620759000,111.74,111.763,111.74,111.757,152390000,1
1500620760000,1500620819000,111.758,111.776,111.756,111.768,168350000,1
1500620820000,1500620879000,111.768,111.772,111.76,111.763,112570000,1
1500620880000,1500620939000,111.762,111.762,111.713,111.725,202010000,1
1500620940000,1500620999000,111.725,111.755,111.725,111.754,212770000,1
1500621000000,1500621059000,111.754,111.759,111.71,111.71,198500000,1
1500621060000,1500621119000,111.709,111.758,111.707,111.75,225370000,1
1500621120000,1500621179000,111.751,111.751,111.732,111.746,181060000,1
1500621180000,1500621239000,111.746,111.802,111.746,111.802,260740000,1
1500621240000,1500621299000,111.8,111.816,111.787,111.809,217780000,1
1500621300000,1500621359000,111.808,111.809,111.783,111.79,192860000,1
1500621360000,1500621419000,111.789,111.789,111.763,111.778,122110000,1
1500621420000,1500621479000,111.778,111.813,111.77,111.809,207420000,1
1500621480000,1500621539000,111.808,111.815,111.8,111.815,126540000,1
1500621540000,1500621599000,111.816,111.828,111.804,111.807,208350000,1
1500621600000,1500621659000,111.806,111.811,111.795,111.809,112580000,1
1500621660000,1500621719000,111.809,111.811,111.791,111.797,105450000,1
1500621720000,1500621779000,111.798,111.824,111.798,111.818,62190000,1
1500621780000,1500621839000,111.82,111.82,111.802,111.814,122760000,1
1500621840000,1500621899000,111.814,111.814,111.795,111.798,116830000,1
1500621900000,1500621959000,111.798,111.811,111.797,111.804,205530000,1
1500621960000,1500622019000,111.802,111.802,111.79,111.79,103010000,1
1500622020000,1500622079000,111.789,111.828,111.785,111.824,246180000,1
1500622080000,1500622139000,111.824,111.838,111.809,111.819,136150000,1
1500622140000,1500622199000,111.819,111.819,111.798,111.818,126710000,1
1500622200000,1500622259000,111.818,111.818,111.804,111.804,89990000,1
1500622260000,1500622319000,111.802,111.81,111.798,111.808,119850000,1
1500622320000,1500622379000,111.808,111.827,111.808,111.819,210890000,1
1500622380000,1500622439000,111.819,111.821,111.793,111.811,172180000,1
1500622440000,1500622499000,111.81,111.816,111.799,111.799,162840000,1
1500622500000,1500622559000,111.8,111.808,111.785,111.793,167460000,1
1500622560000,1500622619000,111.793,111.807,111.79,111.806,138930000,1
1500622620000,1500622679000,111.807,111.811,111.801,111.81,115570000,1
1500622680000,1500622739000,111.811,111.829,111.802,111.804,148310000,1
1500622740000,1500622799000,111.805,111.817,111.805,111.81,63980000,1
1500622800000,1500622859000,111.811,111.826,111.809,111.825,108780000,1
1500622860000,1500622919000,111.824,111.832,111.82,111.823,81800000,1
1500622920000,1500622979000,111.824,111.826,111.813,111.814,113650000,1
1500622980000,1500623039000,111.814,111.818,111.806,111.811,151350000,1
1500623040000,1500623099000,111.812,111.819,111.806,111.819,138550000,1
1500623100000,1500623159000,111.819,111.819,111.797,111.806,143530000,1
1500623160000,1500623219000,111.807,111.818,111.807,111.818,133340000,1
1500623220000,1500623279000,111.818,111.823,111.811,111.819,161750000,1
1500623280000,1500623339000,111.82,111.82,111.795,111.798,156200000,1
1500623340000,1500623399000,111.798,111.798,111.765,111.767,219640000,1
1500623400000,1500623459000,111.768,111.774,111.732,111.742,161430000,1
1500623460000,1500623519000,111.742,111.751,111.742,111.749,111470000,1
1500623520000,1500623579000,111.749,111.751,111.741,111.743,122330000,1
1500623580000,1500623639000,111.742,111.749,111.732,111.747,138270000,1
1500623640000,1500623699000,111.747,111.748,111.724,111.748,201130000,1
1500623700000,1500623759000,111.749,111.749,111.736,111.742,123600000,1
1500623760000,1500623819000,111.743,111.748,111.74,111.74,59780000,1
1500623820000,1500623879000,111.742,111.75,111.742,111.75,130940000,1
1500623880000,1500623939000,111.749,111.751,111.741,111.744,109910000,1
1500623940000,1500623999000,111.743,111.75,111.727,111.747,120660000,1
1500624000000,1500624059000,111.747,111.748,111.731,111.736,125180000,1
1500624060000,1500624119000,111.736,111.738,111.709,111.738,269070000,1
1500624120000,1500624179000,111.74,111.757,111.74,111.746,128630000,1
1500624180000,1500624239000,111.744,111.744,111.689,111.706,269650000,1
1500624240000,1500624299000,111.706,111.724,111.683,111.724,275630000,1
1500624300000,1500624359000,111.725,111.756,111.724,111.743,224670000,1
1500624360000,1500624419000,111.743,111.755,111.739,111.748,1074040000,1
1500624420000,1500624479000,111.748,111.756,111.743,111.748,289670000,1
1500624480000,1500624539000,111.749,111.749,111.74,111.742,199170000,1
1500624540000,1500624599000,111.742,111.747,111.732,111.747,139320000,1
1500624600000,1500624659000,111.748,111.776,111.748,111.774,140740000,1
1500624660000,1500624719000,111.775,111.775,111.769,111.77,67340000,1
1500624720000,1500624779000,111.77,111.784,111.766,111.781,99990000,1
1500624780000,1500624839000,111.781,111.781,111.769,111.771,113660000,1
1500624840000,1500624899000,111.773,111.775,111.748,111.749,171990000,1
1500624900000,1500624959000,111.749,111.758,111.742,111.755,90040000,1
1500624960000,1500625019000,111.755,111.764,111.75,111.756,73650000,1
1500625020000,1500625079000,111.755,111.782,111.754,111.777,83030000,1
1500625080000,1500625139000,111.778,111.791,111.775,111.783,121580000,1
1500625140000,1500625199000,111.782,111.783,111.763,111.77,101930000,1
1500625200000,1500625259000,111.771,111.774,111.755,111.768,142340000,1
1500625260000,1500625319000,111.767,111.772,111.762,111.764,107230000,1
1500625320000,1500625379000,111.764,111.774,111.763,111.769,109690000,1
1500625380000,1500625439000,111.77,111.779,111.768,111.777,77460000,1
1500625440000,1500625499000,111.778,111.784,111.776,111.782,54980000,1
1500625500000,1500625559000,111.781,111.784,111.768,111.768,140610000,1
1500625560000,1500625619000,111.769,111.769,111.758,111.759,91680000,1
1500625620000,1500625679000,111.758,111.773,111.756,111.756,116170000,1
1500625680000,1500625739000,111.758,111.759,111.746,111.755,68440000,1
1500625740000,1500625799000,111.756,111.769,111.751,111.751,76230000,1
1500625800000,1500625859000,111.752,111.762,111.751,111.751,59590000,1
1500625860000,1500625919000,111.75,111.75,111.74,111.743,66190000,1
1500625920000,1500625979000,111.743,111.751,111.742,111.742,54090000,1
1500625980000,1500626039000,111.743,111.743,111.722,111.722,105180000,1
1500626040000,1500626099000,111.723,111.736,111.723,111.734,80530000,1
1500626100000,1500626159000,111.735,111.736,111.728,111.732,75730000,1
1500626160000,1500626219000,111.731,111.733,111.726,111.73,72160000,1
1500626220000,1500626279000,111.729,111.733,111.727,111.728,50570000,1
1500626280000,1500626339000,111.727,111.735,111.721,111.734,40740000,1
1500626340000,1500626399000,111.734,111.741,111.733,111.734,48350000,1
1500626400000,1500626459000,111.735,111.745,111.734,111.74,46610000,1
1500626460000,1500626519000,111.739,111.744,111.737,111.739,58180000,1
1500626520000,1500626579000,111.738,111.746,111.738,111.744,47000000,1
1500626580000,1500626639000,111.745,111.745,111.732,111.734,64720000,1
1500626640000,1500626699000,111.732,111.732,111.715,111.715,45890000,1
1500626700000,1500626759000,111.717,111.739,111.717,111.735,115050000,1
1500626760000,1500626819000,111.736,111.745,111.73,111.741,99780000,1
1500626820000,1500626879000,111.741,111.746,111.733,111.738,88890000,1
1500626880000,1500626939000,111.737,111.737,111.726,111.731,86190000,1
1500626940000,1500626999000,111.731,111.732,111.726,111.726,62900000,1
1500627000000,1500627059000,111.728,111.732,111.724,111.726,48040000,1
1500627060000,1500627119000,111.726,111.726,111.724,111.724,31390000,1
1500627120000,1500627179000,111.725,111.725,111.711,111.713,50810000,1
1500627180000,1500627239000,111.713,111.714,111.707,111.712,58330000,1
1500627240000,1500627299000,111.713,111.737,111.712,111.736,86110000,1
1500627300000,1500627359000,111.736,111.737,111.732,111.736,60570000,1
1500627360000,1500627419000,111.735,111.744,111.735,111.735,168120000,1
1500627420000,1500627479000,111.735,111.746,111.732,111.745,93710000,1
1500627480000,1500627539000,111.746,111.754,111.745,111.752,45900000,1
1500627540000,1500627599000,111.751,111.768,111.751,111.752,96440000,1
1500627600000,1500627659000,111.753,111.753,111.74,111.74,113960000,1
1500627660000,1500627719000,111.741,111.748,111.728,111.73,129800000,1
1500627720000,1500627779000,111.73,111.74,111.726,111.738,162450000,1
1500627780000,1500627839000,111.738,111.739,111.719,111.724,129720000,1
1500627840000,1500627899000,111.724,111.724,111.689,111.691,248860000,1
1500627900000,1500627959000,111.689,111.692,111.686,111.689,78470000,1
1500627960000,1500628019000,111.688,111.689,111.673,111.679,114630000,1
1500628020000,1500628079000,111.68,111.681,111.679,111.681,97390000,1
1500628080000,1500628139000,111.681,111.693,111.681,111.689,155620000,1
1500628140000,1500628199000,111.689,111.693,111.687,111.689,89860000,1
1500628200000,1500628259000,111.691,111.702,111.691,111.701,83020000,1
1500628260000,1500628319000,111.7,111.701,111.695,111.695,77820000,1
1500628320000,1500628379000,111.694,111.699,111.688,111.691,96850000,1
1500628380000,1500628439000,111.692,111.707,111.691,111.706,182710000,1
1500628440000,1500628499000,111.706,111.706,111.701,111.701,176490000,1
1500628500000,1500628559000,111.701,111.702,111.69,111.69,104660000,1
1500628560000,1500628619000,111.69,111.69,111.682,111.683,47810000,1
1500628620000,1500628679000,111.683,111.694,111.683,111.694,82540000,1
1500628680000,1500628739000,111.695,111.703,111.695,111.696,80730000,1
1500628740000,1500628799000,111.696,111.704,111.689,111.692,56950000,1
1500628800000,1500628859000,111.691,111.694,111.685,111.686,106180000,1
1500628860000,1500628919000,111.685,111.691,111.685,111.688,50270000,1
1500628920000,1500628979000,111.688,111.691,111.683,111.689,67700000,1
1500628980000,1500629039000,111.689,111.696,111.689,111.695,87210000,1
1500629040000,1500629099000,111.694,111.698,111.694,111.697,161380000,1
1500629100000,1500629159000,111.697,111.704,111.689,111.697,63890000,1
1500629160000,1500629219000,111.697,111.697,111.697,111.697,14580000,1
1500629220000,1500629279000,111.698,111.698,111.696,111.696,19830000,1
1500629280000,1500629339000,111.696,111.696,111.681,111.684,74760000,1
1500629340000,1500629399000,111.685,111.692,111.685,111.69,90450000,1
1500629400000,1500629459000,111.69,111.693,111.674,111.693,67320000,1
1500629460000,1500629519000,111.693,111.698,111.691,111.696,98710000,1
1500629520000,1500629579000,111.696,111.711,111.693,111.707,107840000,1
1500629580000,1500629639000,111.707,111.716,111.697,111.71,133000000,1
1500629640000,1500629699000,111.708,111.72,111.705,111.716,68080000,1
1500629700000,1500629759000,111.716,111.72,111.711,111.72,74650000,1
1500629760000,1500629819000,111.72,111.729,111.715,111.718,90740000,1
1500629820000,1500629879000,111.717,111.717,111.705,111.706,55960000,1
1500629880000,1500629939000,111.706,111.718,111.695,111.715,178910000,1
1500629940000,1500629999000,111.713,111.717,111.707,111.714,119060000,1
1500630000000,1500630059000,111.715,111.716,111.704,111.713,120200000,1
1500630060000,1500630119000,111.712,111.716,111.703,111.704,120480000,1
1500630120000,1500630179000,111.706,111.708,111.697,111.705,135850000,1
1500630180000,1500630239000,111.708,111.712,111.699,111.699,166950000,1
1500630240000,1500630299000,111.698,111.698,111.691,111.694,125680000,1
1500630300000,1500630359000,111.693,111.694,111.686,111.693,101250000,1
1500630360000,1500630419000,111.695,111.705,111.693,111.695,104550000,1
1500630420000,1500630479000,111.695,111.699,111.689,111.689,90280000,1
1500630480000,1500630539000,111.691,111.701,111.691,111.697,125450000,1
1500630540000,1500630599000,111.698,111.705,111.692,111.704,77470000,1
1500630600000,1500630659000,111.703,111.706,111.667,111.678,191480000,1
1500630660000,1500630719000,111.676,111.68,111.65,111.65,247730000,1
1500630720000,1500630779000,111.648,111.657,111.598,111.6,274670000,1
1500630780000,1500630839000,111.6,111.613,111.595,111.606,182360000,1
1500630840000,1500630899000,111.6,111.621,111.587,111.613,181170000,1
1500630900000,1500630959000,111.612,111.631,111.612,111.621,150140000,1
1500630960000,1500631019000,111.62,111.624,111.609,111.619,165280000,1
1500631020000,1500631079000,111.619,111.622,111.606,111.606,141180000,1
1500631080000,1500631139000,111.608,111.62,111.608,111.613,122060000,1
1500631140000,1500631199000,111.612,111.612,111.586,111.59,205270000,1
1500631200000,1500631259000,111.589,111.604,111.587,111.587,174310000,1
1500631260000,1500631319000,111.587,111.605,111.586,111.593,189710000,1
1500631320000,1500631379000,111.591,111.593,111.581,111.59,166680000,1
1500631380000,1500631439000,111.59,111.591,111.554,111.554,253100000,1
1500631440000,1500631499000,111.557,111.563,111.543,111.547,160820000,1
1500631500000,1500631559000,111.546,111.559,111.545,111.559,224520000,1
1500631560000,1500631619000,111.559,111.563,111.557,111.563,86680000,1
1500631620000,1500631679000,111.564,111.59,111.564,111.59,163250000,1
1500631680000,1500631739000,111.59,111.59,111.58,111.585,59040000,1
1500631740000,1500631799000,111.585,111.607,111.579,111.595,89540000,1
1500631800000,1500631859000,111.595,111.595,111.555,111.562,199750000,1
1500631860000,1500631919000,111.562,111.569,111.556,111.561,158530000,1
1500631920000,1500631979000,111.562,111.568,111.562,111.563,94740000,1
1500631980000,1500632039000,111.563,111.57,111.562,111.569,60590000,1
1500632040000,1500632099000,111.567,111.575,111.563,111.575,88910000,1
1500632100000,1500632159000,111.574,111.575,111.565,111.57,100330000,1
1500632160000,1500632219000,111.57,111.577,111.567,111.569,80700000,1
1500632220000,1500632279000,111.57,111.57,111.55,111.56,119590000,1
1500632280000,1500632339000,111.56,111.56,111.547,111.554,137250000,1
1500632340000,1500632399000,111.554,111.56,111.548,111.558,104820000,1
1500632400000,1500632459000,111.558,111.568,111.551,111.565,118350000,1
1500632460000,1500632519000,111.564,111.567,111.548,111.548,128510000,1
1500632520000,1500632579000,111.549,111.553,111.534,111.544,155230000,1
1500632580000,1500632639000,111.545,111.547,111.508,111.51,256070000,1
1500632640000,1500632699000,111.51,111.512,111.495,111.5,386990000,1
1500632700000,1500632759000,111.501,111.515,111.496,111.5,194250000,1
1500632760000,1500632819000,111.5,111.519,111.494,111.496,125390000,1
1500632820000,1500632879000,111.496,111.5,111.447,111.493,301440000,1
1500632880000,1500632939000,111.493,111.509,111.488,111.507,121790000,1
1500632940000,1500632999000,111.507,111.507,111.476,111.48,159150000,1
1500633000000,1500633059000,111.48,111.498,111.475,111.481,172710000,1
1500633060000,1500633119000,111.48,111.495,111.48,111.494,132270000,1
1500633120000,1500633179000,111.494,111.498,111.488,111.492,126250000,1
1500633180000,1500633239000,111.492,111.493,111.48,111.488,62370000,1
1500633240000,1500633299000,111.488,111.488,111.468,111.468,148770000,1
1500633300000,1500633359000,111.467,111.471,111.435,111.458,251310000,1
1500633360000,1500633419000,111.459,111.46,111.437,111.44,137140000,1
1500633420000,1500633479000,111.44,111.453,111.44,111.448,150440000,1
1500633480000,1500633539000,111.448,111.464,111.446,111.46,137550000,1
1500633540000,1500633599000,111.46,111.465,111.457,111.459,119840000,1
1500633600000,1500633659000,111.459,111.464,111.447,111.464,157110000,1
1500633660000,1500633719000,111.463,111.479,111.453,111.478,117890000,1
1500633720000,1500633779000,111.477,111.481,111.477,111.479,73700000,1
1500633780000,1500633839000,111.479,111.489,111.479,111.488,205190000,1
1500633840000,1500633899000,111.488,111.522,111.487,111.515,184840000,1
1500633900000,1500633959000,111.514,111.537,111.506,111.517,231810000,1
1500633960000,1500634019000,111.518,111.528,111.497,111.506,229260000,1
1500634020000,1500634079000,111.504,111.51,111.494,111.499,181080000,1
1500634080000,1500634139000,111.499,111.53,111.499,111.53,171750000,1
1500634140000,1500634199000,111.531,111.539,111.527,111.534,169000000,1
1500634200000,1500634259000,111.533,111.552,111.53,111.545,143430000,1
1500634260000,1500634319000,111.545,111.545,111.512,111.518,167830000,1
1500634320000,1500634379000,111.518,111.518,111.497,111.503,159190000,1
1500634380000,1500634439000,111.503,111.505,111.477,111.504,213950000,1
1500634440000,1500634499000,111.508,111.508,111.485,111.497,107270000,1
1500634500000,1500634559000,111.497,111.522,111.497,111.513,147390000,1
1500634560000,1500634619000,111.512,111.512,111.483,111.485,167210000,1
1500634620000,1500634679000,111.484,111.485,111.473,111.477,137800000,1
1500634680000,1500634739000,111.475,111.483,111.471,111.473,116940000,1
1500634740000,1500634799000,111.473,111.473,111.461,111.471,112710000,1
1500634800000,1500634859000,111.47,111.495,111.469,111.492,163650000,1
1500634860000,1500634919000,111.492,111.5,111.488,111.497,53240000,1
1500634920000,1500634979000,111.497,111.506,111.495,111.499,124640000,1
1500634980000,1500635039000,111.498,111.499,111.491,111.492,100120000,1
1500635040000,1500635099000,111.491,111.496,111.481,111.484,118650000,1
1500635100000,1500635159000,111.483,111.49,111.479,111.49,128030000,1
1500635160000,1500635219000,111.491,111.512,111.491,111.511,115800000,1
1500635220000,1500635279000,111.512,111.525,111.502,111.502,135230000,1
1500635280000,1500635339000,111.502,111.527,111.502,111.514,167870000,1
1500635340000,1500635399000,111.513,111.513,111.501,111.505,111010000,1
1500635400000,1500635459000,111.506,111.511,111.501,111.506,61110000,1
1500635460000,1500635519000,111.505,111.51,111.497,111.505,124290000,1
1500635520000,1500635579000,111.506,111.506,111.485,111.486,172640000,1
1500635580000,1500635639000,111.485,111.494,111.481,111.485,81290000,1
1500635640000,1500635699000,111.485,111.505,111.485,111.498,101740000,1
1500635700000,1500635759000,111.498,111.506,111.494,111.506,104810000,1
1500635760000,1500635819000,111.506,111.51,111.482,111.485,105980000,1
1500635820000,1500635879000,111.485,111.492,111.482,111.49,135640000,1
1500635880000,1500635939000,111.491,111.513,111.491,111.512,84990000,1
1500635940000,1500635999000,111.511,111.521,111.508,111.517,236260000,1
1500636000000,1500636059000,111.519,111.531,111.514,111.529,154490000,1
1500636060000,1500636119000,111.527,111.527,111.51,111.513,111400000,1
1500636120000,1500636179000,111.511,111.525,111.51,111.524,107620000,1
1500636180000,1500636239000,111.524,111.539,111.522,111.53,181600000,1
1500636240000,1500636299000,111.529,111.552,111.529,111.538,159900000,1
1500636300000,1500636359000,111.538,111.541,111.53,111.534,116150000,1
1500636360000,1500636419000,111.53,111.546,111.529,111.531,136700000,1
1500636420000,1500636479000,111.53,111.547,111.528,111.547,159570000,1
1500636480000,1500636539000,111.547,111.58,111.546,111.571,130800000,1
1500636540000,1500636599000,111.571,111.577,111.546,111.548,137660000,1
1500636600000,1500636659000,111.547,111.555,111.525,111.555,174420000,1
1500636660000,1500636719000,111.554,111.563,111.541,111.549,183680000,1
1500636720000,1500636779000,111.548,111.55,111.54,111.542,54330000,1
1500636780000,1500636839000,111.543,111.549,111.532,111.536,99420000,1
1500636840000,1500636899000,111.536,111.542,111.534,111.534,123670000,1
1500636900000,1500636959000,111.534,111.539,111.529,111.53,90590000,1
1500636960000,1500637019000,111.531,111.534,111.522,111.525,100660000,1
1500637020000,1500637079000,111.526,111.534,111.516,111.516,48110000,1
1500637080000,1500637139000,111.516,111.518,111.508,111.509,136900000,1
1500637140000,1500637199000,111.51,111.524,111.51,111.522,39970000,1
1500637200000,1500637259000,111.522,111.522,111.505,111.508,120980000,1
1500637260000,1500637319000,111.507,111.528,111.507,111.51,136040000,1
1500637320000,1500637379000,111.51,111.513,111.498,111.502,75690000,1
1500637380000,1500637439000,111.502,111.504,111.499,111.504,54290000,1
1500637440000,1500637499000,111.506,111.51,111.503,111.508,78140000,1
1500637500000,1500637559000,111.508,111.508,111.491,111.494,118030000,1
1500637560000,1500637619000,111.493,111.511,111.472,111.511,123450000,1
1500637620000,1500637679000,111.512,111.52,111.504,111.516,126660000,1
1500637680000,1500637739000,111.516,111.516,111.505,111.516,135530000,1
1500637740000,1500637799000,111.52,111.523,111.511,111.523,80860000,1
1500637800000,1500637859000,111.523,111.523,111.516,111.518,117230000,1
1500637860000,1500637919000,111.518,111.522,111.513,111.522,153030000,1
1500637920000,1500637979000,111.522,111.549,111.52,111.548,83550000,1
1500637980000,1500638039000,111.548,111.553,111.533,111.553,182300000,1
1500638040000,1500638099000,111.553,111.576,111.553,111.568,140590000,1
1500638100000,1500638159000,111.57,111.573,111.564,111.569,163020000,1
1500638160000,1500638219000,111.569,111.569,111.554,111.557,150080000,1
1500638220000,1500638279000,111.56,111.567,111.556,111.557,96640000,1
1500638280000,1500638339000,111.555,111.555,111.536,111.539,107780000,1
1500638340000,1500638399000,111.539,111.558,111.538,111.553,114760000,1
1500638400000,1500638459000,111.556,111.557,111.518,111.529,185110000,1
1500638460000,1500638519000,111.528,111.54,111.52,111.521,171770000,1
1500638520000,1500638579000,111.523,111.531,111.509,111.51,128920000,1
1500638580000,1500638639000,111.511,111.551,111.509,111.55,87050000,1
1500638640000,1500638699000,111.551,111.558,111.51,111.515,321500000,1
1500638700000,1500638759000,111.514,111.515,111.5,111.505,556620000,1
1500638760000,1500638819000,111.506,111.507,111.475,111.475,108460000,1
1500638820000,1500638879000,111.475,111.495,111.471,111.49,189620000,1
1500638880000,1500638939000,111.49,111.494,111.467,111.475,204120000,1
1500638940000,1500638999000,111.475,111.494,111.475,111.488,93770000,1
1500639000000,1500639059000,111.488,111.496,111.488,111.494,103300000,1
1500639060000,1500639119000,111.494,111.494,111.463,111.471,98480000,1
1500639120000,1500639179000,111.471,111.477,111.45,111.451,136550000,1
1500639180000,1500639239000,111.449,111.458,111.416,111.424,231040000,1
1500639240000,1500639299000,111.425,111.427,111.402,111.414,206300000,1
1500639300000,1500639359000,111.414,111.423,111.414,111.419,132470000,1
1500639360000,1500639419000,111.419,111.447,111.418,111.44,121640000,1
1500639420000,1500639479000,111.441,111.441,111.418,111.429,74650000,1
1500639480000,1500639539000,111.429,111.43,111.406,111.416,142010000,1
1500639540000,1500639599000,111.416,111.417,111.389,111.405,240630000,1
1500639600000,1500639659000,111.404,111.446,111.404,111.442,200090000,1
1500639660000,1500639719000,111.441,111.453,111.431,111.432,198830000,1
1500639720000,1500639779000,111.432,111.509,111.429,111.476,249260000,1
1500639780000,1500639839000,111.478,111.482,111.465,111.469,185880000,1
1500639840000,1500639899000,111.472,111.516,111.472,111.516,116960000,1
1500639900000,1500639959000,111.513,111.529,111.502,111.521,154520000,1
1500639960000,1500640019000,111.523,111.53,111.498,111.5,125010000,1
1500640020000,1500640079000,111.502,111.519,111.496,111.514,118970000,1
1500640080000,1500640139000,111.515,111.533,111.507,111.525,130610000,1
1500640140000,1500640199000,111.525,111.528,111.52,111.526,58330000,1
1500640200000,1500640259000,111.525,111.527,111.506,111.506,153050000,1
1500640260000,1500640319000,111.507,111.526,111.497,111.519,135970000,1
1500640320000,1500640379000,111.519,111.53,111.484,111.49,155500000,1
1500640380000,1500640439000,111.488,111.508,111.475,111.508,140370000,1
1500640440000,1500640499000,111.508,111.519,111.502,111.519,91710000,1
1500640500000,1500640559000,111.52,111.52,111.496,111.501,143330000,1
1500640560000,1500640619000,111.499,111.506,111.488,111.496,155030000,1
1500640620000,1500640679000,111.497,111.514,111.496,111.502,135850000,1
1500640680000,1500640739000,111.503,111.533,111.485,111.531,148070000,1
1500640740000,1500640799000,111.53,111.537,111.514,111.514,118780000,1
1500640800000,1500640859000,111.513,111.533,111.512,111.533,110650000,1
1500640860000,1500640919000,111.533,111.534,111.515,111.515,82820000,1
1500640920000,1500640979000,111.516,111.521,111.508,111.516,115550000,1
1500640980000,1500641039000,111.516,111.539,111.513,111.535,72440000,1
1500641040000,1500641099000,111.535,111.548,111.523,111.528,202920000,1
1500641100000,1500641159000,111.528,111.533,111.489,111.491,151670000,1
1500641160000,1500641219000,111.49,111.495,111.461,111.482,175820000,1
1500641220000,1500641279000,111.481,111.481,111.402,111.409,258460000,1
1500641280000,1500641339000,111.409,111.409,111.365,111.367,220060000,1
1500641340000,1500641399000,111.365,111.378,111.355,111.358,190530000,1
1500641400000,1500641459000,111.357,111.358,111.32,111.326,274400000,1
1500641460000,1500641519000,111.326,111.338,111.309,111.309,183110000,1
1500641520000,1500641579000,111.301,111.316,111.3,111.301,177500000,1
1500641580000,1500641639000,111.301,111.302,111.272,111.299,264270000,1
1500641640000,1500641699000,111.298,111.298,111.272,111.292,237950000,1
1500641700000,1500641759000,111.292,111.31,111.28,111.308,198090000,1
1500641760000,1500641819000,111.309,111.33,111.299,111.33,210880000,1
1500641820000,1500641879000,111.329,111.343,111.315,111.328,231850000,1
1500641880000,1500641939000,111.326,111.358,111.325,111.348,172580000,1
1500641940000,1500641999000,111.348,111.349,111.339,111.339,62940000,1
1500642000000,1500642059000,111.339,111.353,111.33,111.342,167560000,1
1500642060000,1500642119000,111.342,111.356,111.335,111.335,149510000,1
1500642120000,1500642179000,111.335,111.335,111.312,111.33,181460000,1
1500642180000,1500642239000,111.327,111.331,111.311,111.33,166280000,1
1500642240000,1500642299000,111.33,111.348,111.33,111.345,127450000,1
1500642300000,1500642359000,111.345,111.367,111.341,111.365,149470000,1
1500642360000,1500642419000,111.363,111.366,111.354,111.365,133420000,1
1500642420000,1500642479000,111.365,111.365,111.353,111.359,99170000,1
1500642480000,1500642539000,111.359,111.362,111.346,111.362,99050000,1
1500642540000,1500642599000,111.362,111.388,111.36,111.386,98500000,1
1500642600000,1500642659000,111.388,111.389,111.361,111.365,87980000,1
1500642660000,1500642719000,111.366,111.368,111.362,111.363,84910000,1
1500642720000,1500642779000,111.363,111.4,111.363,111.39,126180000,1
1500642780000,1500642839000,111.388,111.392,111.38,111.384,103860000,1
1500642840000,1500642899000,111.381,111.397,111.379,111.397,70610000,1
1500642900000,1500642959000,111.396,111.416,111.392,111.415,137870000,1
1500642960000,1500643019000,111.414,111.415,111.408,111.408,101420000,1
1500643020000,1500643079000,111.407,111.409,111.401,111.407,78910000,1
1500643080000,1500643139000,111.407,111.407,111.382,111.398,166780000,1
1500643140000,1500643199000,111.398,111.401,111.385,111.401,97520000,1
1500643200000,1500643259000,111.401,111.401,111.379,111.382,120990000,1
1500643260000,1500643319000,111.382,111.389,111.382,111.383,122490000,1
1500643320000,1500643379000,111.385,111.388,111.378,111.378,142830000,1
1500643380000,1500643439000,111.379,111.388,111.369,111.377,165990000,1
1500643440000,1500643499000,111.376,111.378,111.354,111.357,113960000,1
1500643500000,1500643559000,111.358,111.372,111.355,111.366,106430000,1
1500643560000,1500643619000,111.367,111.376,111.358,111.359,82760000,1
1500643620000,1500643679000,111.359,111.366,111.339,111.345,185230000,1
1500643680000,1500643739000,111.343,111.343,111.318,111.32,230040000,1
1500643740000,1500643799000,111.318,111.335,111.309,111.315,166550000,1
1500643800000,1500643859000,111.313,111.352,111.313,111.345,273210000,1
1500643860000,1500643919000,111.344,111.349,111.328,111.334,202900000,1
1500643920000,1500643979000,111.333,111.333,111.303,111.317,210660000,1
1500643980000,1500644039000,111.318,111.335,111.303,111.315,224970000,1
1500644040000,1500644099000,111.314,111.324,111.262,111.285,236710000,1
1500644100000,1500644159000,111.286,111.302,111.278,111.29,241100000,1
1500644160000,1500644219000,111.291,111.309,111.278,111.278,213940000,1
1500644220000,1500644279000,111.278,111.311,111.278,111.311,195440000,1
1500644280000,1500644339000,111.31,111.315,111.298,111.298,194130000,1
1500644340000,1500644399000,111.297,111.306,111.285,111.299,231710000,1
1500644400000,1500644459000,111.298,111.302,111.27,111.288,218690000,1
1500644460000,1500644519000,111.287,111.321,111.283,111.306,185070000,1
1500644520000,1500644579000,111.306,111.331,111.304,111.33,156320000,1
1500644580000,1500644639000,111.33,111.345,111.329,111.342,169930000,1
1500644640000,1500644699000,111.342,111.363,111.339,111.352,223960000,1
1500644700000,1500644759000,111.351,111.353,111.327,111.328,176710000,1
1500644760000,1500644819000,111.328,111.34,111.328,111.338,130690000,1
1500644820000,1500644879000,111.339,111.347,111.331,111.338,106040000,1
1500644880000,1500644939000,111.336,111.365,111.328,111.357,154190000,1
1500644940000,1500644999000,111.353,111.363,111.347,111.359,164340000,1
1500645000000,1500645059000,111.359,111.359,111.332,111.338,180460000,1
1500645060000,1500645119000,111.34,111.34,111.285,111.294,266370000,1
1500645120000,1500645179000,111.294,111.324,111.289,111.321,275510000,1
1500645180000,1500645239000,111.322,111.372,111.322,111.367,196400000,1
1500645240000,1500645299000,111.366,111.366,111.341,111.341,204110000,1
1500645300000,1500645359000,111.339,111.339,111.304,111.308,243210000,1
1500645360000,1500645419000,111.306,111.313,111.289,111.311,257830000,1
1500645420000,1500645479000,111.313,111.33,111.312,111.315,182010000,1
1500645480000,1500645539000,111.317,111.318,111.255,111.258,307650000,1
1500645540000,1500645599000,111.253,111.259,111.199,111.213,328050000,1
1500645600000,1500645659000,111.215,111.244,111.201,111.233,225720000,1
1500645660000,1500645719000,111.232,111.236,111.182,111.186,272690000,1
1500645720000,1500645779000,111.188,111.267,111.188,111.262,252350000,1
1500645780000,1500645839000,111.262,111.266,111.238,111.241,224610000,1
1500645840000,1500645899000,111.242,111.271,111.24,111.259,191770000,1
1500645900000,1500645959000,111.258,111.258,111.196,111.201,233350000,1
1500645960000,1500646019000,111.202,111.216,111.193,111.215,190760000,1
1500646020000,1500646079000,111.214,111.224,111.205,111.21,170910000,1
1500646080000,1500646139000,111.209,111.238,111.2,111.221,227140000,1
1500646140000,1500646199000,111.222,111.234,111.211,111.226,222970000,1
1500646200000,1500646259000,111.226,111.248,111.22,111.236,245610000,1
1500646260000,1500646319000,111.236,111.268,111.236,111.262,157450000,1
1500646320000,1500646379000,111.262,111.269,111.255,111.255,147310000,1
1500646380000,1500646439000,111.253,111.259,111.245,111.253,122780000,1
1500646440000,1500646499000,111.252,111.265,111.236,111.252,250620000,1
1500646500000,1500646559000,111.253,111.253,111.229,111.235,159100000,1
1500646560000,1500646619000,111.235,111.244,111.228,111.242,179800000,1
1500646620000,1500646679000,111.242,111.253,111.233,111.235,208390000,1
1500646680000,1500646739000,111.235,111.248,111.233,111.248,104490000,1
1500646740000,1500646799000,111.247,111.25,111.226,111.227,131170000,1
1500646800000,1500646859000,111.226,111.23,111.218,111.226,137680000,1
1500646860000,1500646919000,111.226,111.228,111.213,111.221,137840000,1
1500646920000,1500646979000,111.221,111.246,111.209,111.238,232020000,1
1500646980000,1500647039000,111.239,111.246,111.236,111.241,156080000,1
1500647040000,1500647099000,111.241,111.247,111.229,111.23,118370000,1
1500647100000,1500647159000,111.23,111.237,111.217,111.218,252440000,1
1500647160000,1500647219000,111.219,111.23,111.219,111.224,109020000,1
1500647220000,1500647279000,111.226,111.236,111.223,111.228,147900000,1
1500647280000,1500647339000,111.228,111.234,111.215,111.215,181790000,1
1500647340000,1500647399000,111.215,111.215,111.197,111.199,131200000,1
1500647400000,1500647459000,111.199,111.22,111.199,111.22,121420000,1
1500647460000,1500647519000,111.221,111.229,111.216,111.224,107640000,1
1500647520000,1500647579000,111.225,111.225,111.198,111.2,167720000,1
1500647580000,1500647639000,111.2,111.22,111.198,111.212,66450000,1
1500647640000,1500647699000,111.213,111.215,111.16,111.162,158190000,1
1500647700000,1500647759000,111.162,111.185,111.162,111.171,132130000,1
1500647760000,1500647819000,111.173,111.18,111.168,111.172,204810000,1
1500647820000,1500647879000,111.171,111.173,111.143,111.161,232570000,1
1500647880000,1500647939000,111.161,111.18,111.159,111.178,154900000,1
1500647940000,1500647999000,111.179,111.202,111.179,111.2,151280000,1
1500648000000,1500648059000,111.2,111.201,111.191,111.192,128900000,1
1500648060000,1500648119000,111.192,111.198,111.173,111.176,86680000,1
1500648120000,1500648179000,111.179,111.188,111.179,111.18,184950000,1
1500648180000,1500648239000,111.18,111.181,111.155,111.181,130770000,1
1500648240000,1500648299000,111.181,111.193,111.18,111.187,108380000,1
1500648300000,1500648359000,111.187,111.187,111.168,111.174,120370000,1
1500648360000,1500648419000,111.174,111.181,111.16,111.168,223550000,1
1500648420000,1500648479000,111.167,111.187,111.166,111.168,151870000,1
1500648480000,1500648539000,111.168,111.172,111.163,111.169,145650000,1
1500648540000,1500648599000,111.17,111.17,111.142,111.154,139610000,1
1500648600000,1500648659000,111.154,111.156,111.121,111.143,202950000,1
1500648660000,1500648719000,111.144,111.153,111.143,111.148,164030000,1
1500648720000,1500648779000,111.149,111.149,111.119,111.13,190520000,1
1500648780000,1500648839000,111.131,111.14,111.125,111.137,186700000,1
1500648840000,1500648899000,111.137,111.137,111.12,111.122,145800000,1
1500648900000,1500648959000,111.122,111.122,111.103,111.115,259510000,1
1500648960000,1500649019000,111.116,111.136,111.107,111.131,170540000,1
1500649020000,1500649079000,111.134,111.137,111.087,111.104,184150000,1
1500649080000,1500649139000,111.103,111.109,111.091,111.107,265640000,1
1500649140000,1500649199000,111.106,111.126,111.103,111.126,372140000,1
1500649200000,1500649259000,111.125,111.151,111.11,111.144,304670000,1
1500649260000,1500649319000,111.142,111.175,111.141,111.175,193230000,1
1500649320000,1500649379000,111.175,111.188,111.165,111.187,168660000,1
1500649380000,1500649439000,111.187,111.206,111.187,111.2,230520000,1
1500649440000,1500649499000,111.199,111.201,111.173,111.179,138560000,1
1500649500000,1500649559000,111.18,111.18,111.161,111.168,109630000,1
1500649560000,1500649619000,111.167,111.169,111.161,111.165,115110000,1
1500649620000,1500649679000,111.166,111.168,111.156,111.158,110790000,1
1500649680000,1500649739000,111.161,111.187,111.156,111.181,136220000,1
1500649740000,1500649799000,111.182,111.188,111.156,111.166,185160000,1
1500649800000,1500649859000,111.167,111.186,111.163,111.176,174350000,1
1500649860000,1500649919000,111.177,111.199,111.176,111.192,175700000,1
1500649920000,1500649979000,111.192,111.204,111.187,111.192,190340000,1
1500649980000,1500650039000,111.192,111.2,111.16,111.167,243320000,1
1500650040000,1500650099000,111.166,111.172,111.156,111.161,134770000,1
1500650100000,1500650159000,111.16,111.179,111.16,111.175,121570000,1
1500650160000,1500650219000,111.176,111.179,111.165,111.168,86290000,1
1500650220000,1500650279000,111.168,111.184,111.164,111.182,114870000,1
1500650280000,1500650339000,111.183,111.184,111.169,111.173,129610000,1
1500650340000,1500650399000,111.173,111.187,111.169,111.172,189340000,1
1500650400000,1500650459000,111.173,111.173,111.151,111.158,129730000,1
1500650460000,1500650519000,111.156,111.156,111.15,111.156,113980000,1
1500650520000,1500650579000,111.156,111.168,111.155,111.16,173170000,1
1500650580000,1500650639000,111.16,111.174,111.159,111.159,166830000,1
1500650640000,1500650699000,111.158,111.175,111.156,111.174,94440000,1
1500650700000,1500650759000,111.175,111.203,111.175,111.203,84610000,1
1500650760000,1500650819000,111.202,111.202,111.189,111.196,91100000,1
1500650820000,1500650879000,111.196,111.205,111.195,111.2,77470000,1
1500650880000,1500650939000,111.201,111.215,111.201,111.214,93740000,1
1500650940000,1500650999000,111.215,111.238,111.214,111.238,77880000,1
1500651000000,1500651059000,111.238,111.238,111.21,111.219,167910000,1
1500651060000,1500651119000,111.219,111.23,111.215,111.218,108950000,1
1500651120000,1500651179000,111.22,111.222,111.197,111.198,118850000,1
1500651180000,1500651239000,111.199,111.206,111.193,111.194,100410000,1
1500651240000,1500651299000,111.195,111.205,111.195,111.204,118020000,1
1500651300000,1500651359000,111.204,111.227,111.204,111.212,157620000,1
1500651360000,1500651419000,111.212,111.213,111.207,111.212,95710000,1
1500651420000,1500651479000,111.21,111.213,111.199,111.2,65650000,1
1500651480000,1500651539000,111.199,111.2,111.195,111.199,51500000,1
1500651540000,1500651599000,111.196,111.197,111.189,111.193,55070000,1
1500651600000,1500651659000,111.193,111.193,111.191,111.191,49000000,1
1500651660000,1500651719000,111.195,111.202,111.192,111.199,117930000,1
1500651720000,1500651779000,111.198,111.206,111.193,111.193,115320000,1
1500651780000,1500651839000,111.192,111.202,111.189,111.201,125290000,1
1500651840000,1500651899000,111.201,111.203,111.192,111.201,107460000,1
1500651900000,1500651959000,111.201,111.202,111.188,111.189,107560000,1
1500651960000,1500652019000,111.188,111.188,111.178,111.181,85810000,1
1500652020000,1500652079000,111.182,111.189,111.174,111.175,136110000,1
1500652080000,1500652139000,111.174,111.174,111.166,111.169,45990000,1
1500652140000,1500652199000,111.17,111.173,111.144,111.154,137190000,1
1500652200000,1500652259000,111.156,111.163,111.152,111.161,148920000,1
1500652260000,1500652319000,111.162,111.166,111.154,111.158,211910000,1
1500652320000,1500652379000,111.158,111.163,111.141,111.149,124430000,1
1500652380000,1500652439000,111.15,111.175,111.15,111.174,92100000,1
1500652440000,1500652499000,111.175,111.175,111.163,111.169,46520000,1
1500652500000,1500652559000,111.169,111.201,111.16,111.198,135200000,1
1500652560000,1500652619000,111.2,111.218,111.189,111.212,198420000,1
1500652620000,1500652679000,111.213,111.221,111.2,111.201,186240000,1
1500652680000,1500652739000,111.2,111.2,111.179,111.187,138190000,1
1500652740000,1500652799000,111.186,111.187,111.171,111.18,66120000,1
1500652800000,1500652859000,111.184,111.207,111.184,111.2,186990000,1
1500652860000,1500652919000,111.2,111.207,111.199,111.2,158530000,1
1500652920000,1500652979000,111.2,111.2,111.181,111.181,106740000,1
1500652980000,1500653039000,111.184,111.198,111.184,111.193,102730000,1
1500653040000,1500653099000,111.193,111.195,111.187,111.192,96780000,1
1500653100000,1500653159000,111.188,111.194,111.186,111.194,52160000,1
1500653160000,1500653219000,111.195,111.198,111.186,111.187,42500000,1
1500653220000,1500653279000,111.186,111.186,111.178,111.185,87010000,1
1500653280000,1500653339000,111.191,111.21,111.191,111.207,104380000,1
1500653340000,1500653399000,111.21,111.223,111.21,111.213,82800000,1
1500653400000,1500653459000,111.212,111.212,111.205,111.205,62390000,1
1500653460000,1500653519000,111.204,111.205,111.199,111.203,70740000,1
1500653520000,1500653579000,111.204,111.209,111.182,111.186,92040000,1
1500653580000,1500653639000,111.19,111.193,111.19,111.191,57720000,1
1500653640000,1500653699000,111.192,111.192,111.178,111.184,76850000,1
1500653700000,1500653759000,111.183,111.187,111.18,111.185,49970000,1
1500653760000,1500653819000,111.184,111.186,111.172,111.172,55820000,1
1500653820000,1500653879000,111.172,111.178,111.168,111.178,58400000,1
1500653880000,1500653939000,111.177,111.179,111.173,111.177,70260000,1
1500653940000,1500653999000,111.178,111.179,111.167,111.167,83950000,1
1500654000000,1500654059000,111.167,111.173,111.166,111.168,135600000,1
1500654060000,1500654119000,111.172,111.178,111.172,111.175,75140000,1
1500654120000,1500654179000,111.176,111.186,111.152,111.152,66440000,1
1500654180000,1500654239000,111.152,111.164,111.15,111.16,72550000,1
1500654240000,1500654299000,111.159,111.16,111.152,111.158,91610000,1
1500654300000,1500654359000,111.157,111.157,111.153,111.153,86930000,1
1500654360000,1500654419000,111.153,111.153,111.144,111.144,36220000,1
1500654420000,1500654479000,111.144,111.147,111.128,111.128,111320000,1
1500654480000,1500654539000,111.128,111.128,111.099,111.11,101730000,1
1500654540000,1500654599000,111.109,111.125,111.109,111.119,82150000,1
1500654600000,1500654659000,111.121,111.143,111.121,111.143,54810000,1
1500654660000,1500654719000,111.145,111.15,111.142,111.142,84190000,1
1500654720000,1500654779000,111.143,111.143,111.136,111.14,54220000,1
1500654780000,1500654839000,111.14,111.143,111.138,111.143,31990000,1
1500654840000,1500654899000,111.143,111.144,111.129,111.135,107090000,1
1500654900000,1500654959000,111.135,111.136,111.124,111.124,103800000,1
1500654960000,1500655019000,111.124,111.124,111.112,111.113,141130000,1
1500655020000,1500655079000,111.116,111.116,111.095,111.097,130990000,1
1500655080000,1500655139000,111.097,111.112,111.095,111.106,168030000,1
1500655140000,1500655199000,111.106,111.117,111.105,111.112,82380000,1
1500655200000,1500655259000,111.114,111.114,111.098,111.103,66840000,1
1500655260000,1500655319000,111.103,111.108,111.101,111.107,113700000,1
1500655320000,1500655379000,111.106,111.106,111.091,111.091,97960000,1
1500655380000,1500655439000,111.091,111.092,111.074,111.074,99220000,1
1500655440000,1500655499000,111.074,111.083,111.065,111.083,181110000,1
1500655500000,1500655559000,111.082,111.103,111.082,111.103,111840000,1
1500655560000,1500655619000,111.104,111.126,111.104,111.119,129550000,1
1500655620000,1500655679000,111.119,111.119,111.106,111.106,55940000,1
1500655680000,1500655739000,111.108,111.114,111.104,111.104,62070000,1
1500655740000,1500655799000,111.107,111.109,111.104,111.105,55580000,1
1500655800000,1500655859000,111.103,111.103,111.086,111.09,133810000,1
1500655860000,1500655919000,111.09,111.09,111.077,111.077,136690000,1
1500655920000,1500655979000,111.077,111.093,111.075,111.084,81460000,1
1500655980000,1500656039000,111.084,111.084,111.064,111.074,103840000,1
1500656040000,1500656099000,111.074,111.074,111.055,111.055,155780000,1
1500656100000,1500656159000,111.055,111.068,111.055,111.068,101460000,1
1500656160000,1500656219000,111.069,111.095,111.068,111.079,171630000,1
1500656220000,1500656279000,111.081,111.086,111.077,111.079,94290000,1
1500656280000,1500656339000,111.079,111.081,111.069,111.081,170500000,1
1500656340000,1500656399000,111.081,111.084,111.075,111.081,108450000,1
1500656400000,1500656459000,111.082,111.084,111.073,111.075,130780000,1
1500656460000,1500656519000,111.075,111.075,111.064,111.068,121280000,1
1500656520000,1500656579000,111.068,111.083,111.068,111.08,123110000,1
1500656580000,1500656639000,111.081,111.081,111.061,111.061,82810000,1
1500656640000,1500656699000,111.061,111.069,111.055,111.069,106140000,1
1500656700000,1500656759000,111.068,111.07,111.057,111.068,82450000,1
1500656760000,1500656819000,111.069,111.075,111.065,111.067,70600000,1
1500656820000,1500656879000,111.068,111.074,111.043,111.047,114860000,1
1500656880000,1500656939000,111.048,111.059,111.047,111.056,132570000,1
1500656940000,1500656999000,111.056,111.063,111.049,111.05,152540000,1
1500657000000,1500657059000,111.053,111.069,111.053,111.066,75510000,1
1500657060000,1500657119000,111.068,111.085,111.065,111.084,45740000,1
1500657120000,1500657179000,111.085,111.097,111.083,111.093,60290000,1
1500657180000,1500657239000,111.093,111.115,111.093,111.107,133360000,1
1500657240000,1500657299000,111.105,111.115,111.104,111.105,60980000,1
1500657300000,1500657359000,111.108,111.112,111.082,111.089,88030000,1
1500657360000,1500657419000,111.087,111.087,111.084,111.086,45980000,1
1500657420000,1500657479000,111.086,111.086,111.076,111.08,77310000,1
1500657480000,1500657539000,111.08,111.08,111.069,111.073,89590000,1
1500657540000,1500657599000,111.073,111.076,111.07,111.076,108820000,1
1500657600000,1500657659000,111.074,111.076,111.054,111.061,79410000,1
1500657660000,1500657719000,111.059,111.063,111.047,111.052,158890000,1
1500657720000,1500657779000,111.053,111.069,111.053,111.068,131850000,1
1500657780000,1500657839000,111.068,111.084,111.063,111.083,207160000,1
1500657840000,1500657899000,111.083,111.083,111.052,111.053,216390000,1
1500657900000,1500657959000,111.05,111.059,111.049,111.053,129420000,1
1500657960000,1500658019000,111.052,111.053,111.05,111.051,82380000,1
1500658020000,1500658079000,111.051,111.061,111.05,111.054,140370000,1
1500658080000,1500658139000,111.054,111.069,111.054,111.06,165380000,1
1500658140000,1500658199000,111.059,111.063,111.055,111.06,120910000,1
1500658200000,1500658259000,111.06,111.063,111.052,111.052,75350000,1
1500658260000,1500658319000,111.053,111.063,111.053,111.059,78710000,1
1500658320000,1500658379000,111.059,111.073,111.059,111.066,140320000,1
1500658380000,1500658439000,111.067,111.078,111.067,111.076,154840000,1
1500658440000,1500658499000,111.077,111.078,111.075,111.077,163760000,1
1500658500000,1500658559000,111.077,111.079,111.064,111.074,133760000,1
1500658560000,1500658619000,111.074,111.074,111.062,111.063,127940000,1
1500658620000,1500658679000,111.064,111.065,111.061,111.063,40500000,1
1500658680000,1500658739000,111.062,111.07,111.059,111.067,146600000,1
1500658740000,1500658799000,111.069,111.069,111.051,111.051,104030000,1
1500658800000,1500658859000,111.051,111.08,111.051,111.076,146450000,1
1500658860000,1500658919000,111.076,111.09,111.073,111.073,164410000,1
1500658920000,1500658979000,111.074,111.078,111.073,111.073,113230000,1
1500658980000,1500659039000,111.073,111.073,111.066,111.068,153020000,1
1500659040000,1500659099000,111.068,111.08,111.068,111.069,114420000,1
1500659100000,1500659159000,111.069,111.098,111.069,111.091,156780000,1
1500659160000,1500659219000,111.092,111.104,111.091,111.101,275870000,1
1500659220000,1500659279000,111.101,111.129,111.101,111.121,169230000,1
1500659280000,1500659339000,111.122,111.135,111.115,111.132,151030000,1
1500659340000,1500659399000,111.128,111.133,111.121,111.131,98380000,1
1500659400000,1500659459000,111.131,111.131,111.117,111.121,120040000,1
1500659460000,1500659519000,111.121,111.121,111.102,111.107,65810000,1
1500659520000,1500659579000,111.107,111.114,111.1,111.109,67700000,1
1500659580000,1500659639000,111.11,111.115,111.103,111.104,33160000,1
1500659640000,1500659699000,111.11,111.113,111.103,111.11,51050000,1
1500659700000,1500659759000,111.109,111.116,111.107,111.116,49610000,1
1500659760000,1500659819000,111.116,111.121,111.115,111.12,34860000,1
1500659820000,1500659879000,111.119,111.119,111.103,111.103,70050000,1
1500659880000,1500659939000,111.103,111.103,111.082,111.082,120660000,1
1500659940000,1500659999000,111.082,111.092,111.079,111.086,100210000,1
1500660000000,1500660059000,111.088,111.096,111.085,111.096,87540000,1
1500660060000,1500660119000,111.096,111.109,111.095,111.108,98700000,1
1500660120000,1500660179000,111.108,111.11,111.097,111.101,71510000,1
1500660180000,1500660239000,111.102,111.11,111.088,111.11,81440000,1
1500660240000,1500660299000,111.109,111.109,111.092,111.094,81170000,1
1500660300000,1500660359000,111.093,111.097,111.086,111.094,77380000,1
1500660360000,1500660419000,111.095,111.096,111.082,111.084,70510000,1
1500660420000,1500660479000,111.084,111.084,111.078,111.082,166040000,1
1500660480000,1500660539000,111.083,111.093,111.083,111.091,67640000,1
1500660540000,1500660599000,111.09,111.107,111.085,111.107,34750000,1
1500660600000,1500660659000,111.107,111.121,111.107,111.121,88390000,1
1500660660000,1500660719000,111.121,111.125,111.113,111.117,73710000,1
1500660720000,1500660779000,111.118,111.137,111.113,111.13,106490000,1
1500660780000,1500660839000,111.13,111.132,111.121,111.121,121550000,1
1500660840000,1500660899000,111.124,111.133,111.12,111.132,86640000,1
1500660900000,1500660959000,111.132,111.133,111.112,111.119,122780000,1
1500660960000,1500661019000,111.121,111.127,111.117,111.121,107170000,1
1500661020000,1500661079000,111.12,111.121,111.109,111.114,113700000,1
1500661080000,1500661139000,111.113,111.113,111.104,111.109,93240000,1
1500661140000,1500661199000,111.109,111.111,111.102,111.103,73020000,1
1500661200000,1500661259000,111.103,111.112,111.092,111.093,155080000,1
1500661260000,1500661319000,111.093,111.094,111.085,111.086,131110000,1
1500661320000,1500661379000,111.087,111.089,111.068,111.071,147970000,1
1500661380000,1500661439000,111.07,111.074,111.061,111.065,77540000,1
1500661440000,1500661499000,111.065,111.077,111.062,111.074,84940000,1
1500661500000,1500661559000,111.073,111.073,111.055,111.058,106220000,1
1500661560000,1500661619000,111.061,111.066,111.056,111.064,96940000,1
1500661620000,1500661679000,111.064,111.07,111.06,111.063,91570000,1
1500661680000,1500661739000,111.063,111.063,111.053,111.057,38670000,1
1500661740000,1500661799000,111.058,111.058,111.048,111.05,107890000,1
1500661800000,1500661859000,111.052,111.065,111.049,111.065,48420000,1
1500661860000,1500661919000,111.067,111.073,111.066,111.072,74810000,1
1500661920000,1500661979000,111.073,111.073,111.067,111.068,73560000,1
1500661980000,1500662039000,111.068,111.073,111.067,111.07,175930000,1
1500662040000,1500662099000,111.069,111.069,111.051,111.053,82520000,1
1500662100000,1500662159000,111.057,111.074,111.057,111.072,38620000,1
1500662160000,1500662219000,111.071,111.077,111.071,111.071,102850000,1
1500662220000,1500662279000,111.071,111.072,111.063,111.063,80520000,1
1500662280000,1500662339000,111.063,111.063,111.06,111.061,52780000,1
1500662340000,1500662399000,111.061,111.063,111.052,111.053,57020000,1
1500662400000,1500662459000,111.053,111.054,111.052,111.054,44660000,1
1500662460000,1500662519000,111.055,111.067,111.054,111.06,48930000,1
1500662520000,1500662579000,111.06,111.077,111.06,111.077,153660000,1
1500662580000,1500662639000,111.076,111.077,111.061,111.064,112890000,1
1500662640000,1500662699000,111.063,111.063,111.038,111.039,98290000,1
1500662700000,1500662759000,111.038,111.04,111.033,111.034,105270000,1
1500662760000,1500662819000,111.035,111.035,111.018,111.02,129790000,1
1500662820000,1500662879000,111.019,111.027,111.012,111.021,127060000,1
1500662880000,1500662939000,111.022,111.028,111.019,111.026,174010000,1
1500662940000,1500662999000,111.026,111.034,111.026,111.034,77790000,1
1500663000000,1500663059000,111.036,111.046,111.036,111.041,151480000,1
1500663060000,1500663119000,111.042,111.044,111.038,111.04,59790000,1
1500663120000,1500663179000,111.04,111.062,111.039,111.057,151070000,1
1500663180000,1500663239000,111.056,111.071,111.053,111.068,110090000,1
1500663240000,1500663299000,111.068,111.068,111.052,111.057,96870000,1
1500663300000,1500663359000,111.057,111.06,111.05,111.059,53910000,1
1500663360000,1500663419000,111.06,111.062,111.053,111.053,25560000,1
1500663420000,1500663479000,111.057,111.062,111.044,111.05,83340000,1
1500663480000,1500663539000,111.05,111.05,111.043,111.044,45960000,1
1500663540000,1500663599000,111.043,111.053,111.031,111.032,220780000,1
1500663600000,1500663659000,111.031,111.036,111.022,111.035,54030000,1
1500663660000,1500663719000,111.034,111.041,111.034,111.04,104180000,1
1500663720000,1500663779000,111.04,111.05,111.038,111.039,106750000,1
1500663780000,1500663839000,111.04,111.04,111.034,111.035,37190000,1
1500663840000,1500663899000,111.034,111.045,111.034,111.042,85730000,1
1500663900000,1500663959000,111.043,111.048,111.041,111.042,33810000,1
1500663960000,1500664019000,111.042,111.042,111.04,111.04,22390000,1
1500664020000,1500664079000,111.04,111.049,111.038,111.048,57210000,1
1500664080000,1500664139000,111.048,111.063,111.048,111.06,41640000,1
1500664140000,1500664199000,111.06,111.06,111.053,111.054,20060000,1
1500664200000,1500664259000,111.055,111.061,111.048,111.061,24360000,1
1500664260000,1500664319000,111.06,111.066,111.053,111.058,33490000,1
1500664320000,1500664379000,111.058,111.062,111.052,111.052,51450000,1
1500664380000,1500664439000,111.053,111.056,111.052,111.054,43720000,1
1500664440000,1500664499000,111.055,111.055,111.049,111.054,29870000,1
1500664500000,1500664559000,111.051,111.054,111.051,111.053,47500000,1
1500664560000,1500664619000,111.052,111.058,111.02,111.025,81310000,1
1500664620000,1500664679000,111.026,111.032,111.026,111.027,83910000,1
1500664680000,1500664739000,111.026,111.03,111.021,111.03,98150000,1
1500664740000,1500664799000,111.031,111.036,111.031,111.036,44290000,1
1500664800000,1500664859000,111.036,111.041,111.035,111.036,77980000,1
1500664860000,1500664919000,111.036,111.036,111.028,111.033,27910000,1
1500664920000,1500664979000,111.033,111.043,111.03,111.042,31440000,1
1500664980000,1500665039000,111.042,111.05,111.042,111.049,41820000,1
1500665040000,1500665099000,111.048,111.058,111.048,111.058,53890000,1
1500665100000,1500665159000,111.058,111.063,111.053,111.054,51960000,1
1500665160000,1500665219000,111.054,111.058,111.052,111.052,54080000,1
1500665220000,1500665279000,111.054,111.066,111.053,111.065,126680000,1
1500665280000,1500665339000,111.063,111.066,111.058,111.064,77670000,1
1500665340000,1500665399000,111.064,111.07,111.063,111.065,93010000,1
1500665400000,1500665459000,111.064,111.078,111.064,111.072,85990000,1
1500665460000,1500665519000,111.072,111.08,111.072,111.08,76340000,1
1500665520000,1500665579000,111.083,111.091,111.072,111.075,93390000,1
1500665580000,1500665639000,111.071,111.072,111.062,111.062,82100000,1
1500665640000,1500665699000,111.063,111.063,111.057,111.057,44720000,1
1500665700000,1500665759000,111.057,111.062,111.049,111.051,63740000,1
1500665760000,1500665819000,111.053,111.053,111.05,111.05,56300000,1
1500665820000,1500665879000,111.051,111.052,111.045,111.048,59150000,1
1500665880000,1500665939000,111.048,111.048,111.044,111.044,36270000,1
1500665940000,1500665999000,111.044,111.045,111.044,111.045,22170000,1
1500666000000,1500666059000,111.046,111.054,111.036,111.047,128120000,1
1500666060000,1500666119000,111.047,111.052,111.036,111.037,57320000,1
1500666120000,1500666179000,111.038,111.046,111.038,111.045,62470000,1
1500666180000,1500666239000,111.046,111.052,111.042,111.052,34750000,1
1500666240000,1500666299000,111.051,111.051,111.043,111.046,76430000,1
1500666300000,1500666359000,111.046,111.058,111.046,111.052,51930000,1
1500666360000,1500666419000,111.052,111.061,111.052,111.06,111020000,1
1500666420000,1500666479000,111.06,111.068,111.059,111.065,58870000,1
1500666480000,1500666539000,111.065,111.077,111.063,111.065,213230000,1
1500666540000,1500666599000,111.064,111.071,111.061,111.062,150680000,1
1500666600000,1500666659000,111.066,111.078,111.057,111.057,163580000,1
1500666660000,1500666719000,111.058,111.07,111.057,111.062,65520000,1
1500666720000,1500666779000,111.064,111.073,111.064,111.067,65670000,1
1500666780000,1500666839000,111.067,111.073,111.063,111.067,96860000,1
1500666840000,1500666899000,111.066,111.077,111.062,111.071,88810000,1
1500666900000,1500666959000,111.074,111.076,111.061,111.061,144000000,1
1500666960000,1500667019000,111.06,111.064,111.059,111.062,45850000,1
1500667020000,1500667079000,111.062,111.067,111.061,111.063,51890000,1
1500667080000,1500667139000,111.062,111.071,111.062,111.069,72000000,1
1500667140000,1500667199000,111.068,111.077,111.068,111.075,200350000,1
1500667200000,1500667259000,111.075,111.109,111.072,111.092,135800000,1
1500667260000,1500667319000,111.092,111.106,111.088,111.096,153230000,1
1500667320000,1500667379000,111.095,111.099,111.093,111.093,164940000,1
1500667380000,1500667439000,111.094,111.104,111.092,111.104,136290000,1
1500667440000,1500667499000,111.107,111.111,111.091,111.104,180040000,1
1500667500000,1500667559000,111.104,111.123,111.098,111.118,124840000,1
1500667560000,1500667619000,111.117,111.128,111.113,111.118,103400000,1
1500667620000,1500667679000,111.117,111.122,111.11,111.119,138790000,1
1500667680000,1500667739000,111.118,111.122,111.115,111.117,55820000,1
1500667740000,1500667799000,111.116,111.128,111.116,111.125,106630000,1
1500667800000,1500667859000,111.128,111.128,111.124,111.128,36830000,1
1500667860000,1500667919000,111.127,111.133,111.124,111.127,52780000,1
1500667920000,1500667979000,111.128,111.135,111.128,111.135,28960000,1
1500667980000,1500668039000,111.135,111.14,111.131,111.131,59920000,1
1500668040000,1500668099000,111.132,111.133,111.126,111.131,54460000,1
1500668100000,1500668159000,111.131,111.134,111.117,111.128,84750000,1
1500668160000,1500668219000,111.128,111.134,111.128,111.129,42190000,1
1500668220000,1500668279000,111.129,111.131,111.128,111.131,40560000,1
1500668280000,1500668339000,111.131,111.131,111.128,111.129,99000000,1
1500668340000,1500668399000,111.129,111.13,111.128,111.129,111490000,1
1500668400000,1500668459000,111.129,111.136,111.128,111.131,93110000,1
1500668460000,1500668519000,111.13,111.131,111.128,111.128,41540000,1
1500668520000,1500668579000,111.128,111.129,111.128,111.128,61980000,1
1500668580000,1500668639000,111.128,111.13,111.128,111.129,21220000,1
1500668640000,1500668699000,111.129,111.13,111.129,111.129,11480000,1
1500668700000,1500668759000,111.129,111.13,111.128,111.129,130340000,1
1500668760000,1500668819000,111.129,111.13,111.128,111.13,20550000,1
1500668820000,1500668879000,111.13,111.13,111.129,111.129,13480000,1
1500668880000,1500668939000,111.128,111.128,111.116,111.116,88810000,1
1500668940000,1500668999000,111.116,111.116,111.113,111.114,78550000,1
1500669000000,1500669059000,111.114,111.128,111.109,111.121,172410000,1
1500669060000,1500669119000,111.121,111.133,111.121,111.128,199100000,1
1500669120000,1500669179000,111.128,111.128,111.116,111.121,161230000,1
1500669180000,1500669239000,111.121,111.122,111.098,111.108,123320000,1
1500669240000,1500669299000,111.108,111.11,111.108,111.11,96810000,1
1500669300000,1500669359000,111.109,111.11,111.099,111.1,124630000,1
1500669360000,1500669419000,111.1,111.106,111.099,111.101,195030000,1
1500669420000,1500669479000,111.101,111.105,111.1,111.101,166050000,1
1500669480000,1500669539000,111.101,111.101,111.093,111.099,132750000,1
1500669540000,1500669599000,111.1,111.101,111.095,111.101,53610000,1
1500669600000,1500669659000,111.101,111.101,111.08,111.081,144260000,1
1500669660000,1500669719000,111.081,111.087,111.08,111.08,121370000,1
1500669720000,1500669779000,111.08,111.08,111.067,111.068,98450000,1
1500669780000,1500669839000,111.068,111.078,111.067,111.075,136420000,1
1500669840000,1500669899000,111.075,111.085,111.075,111.081,169810000,1
1500669900000,1500669959000,111.088,111.135,111.088,111.124,180620000,1
1500669960000,1500670019000,111.124,111.126,111.121,111.122,122010000,1
1500670020000,1500670079000,111.123,111.125,111.12,111.122,164420000,1
1500670080000,1500670139000,111.121,111.122,111.12,111.121,48400000,1
1500670140000,1500670199000,111.121,111.121,111.116,111.117,29460000,1
1500670200000,1500670259000,111.117,111.138,111.117,111.131,94980000,1
1500670260000,1500670319000,111.131,111.139,111.126,111.138,86730000,1
1500670320000,1500670379000,111.139,111.139,111.135,111.139,19460000,1
1500670380000,1500670439000,111.138,111.138,111.129,111.137,55990000,1
1500670440000,1500670499000,111.137,111.142,111.135,111.136,70200000,1
1500670500000,1500670559000,111.136,111.146,111.136,111.136,41520000,1
1500670560000,1500670619000,111.139,111.144,111.127,111.127,38590000,1
1500670620000,1500670679000,111.127,111.127,111.114,111.119,42640000,1
1500670680000,1500670739000,111.118,111.123,111.118,111.122,26750000,1
1500670740000,1500670799000,111.122,111.133,111.12,111.121,34300000,1
1500843600000,1500843659000,111.101,111.112,111.1,111.112,4120000,1
1500843660000,1500843719000,111.1,111.1,111.1,111.1,4480000,1
1500843720000,1500843779000,111.1,111.1,111.1,111.1,1120000,1
1500843900000,1500843959000,111.1,111.101,111.1,111.101,2120000,1
1500843960000,1500844019000,111.1,111.101,111.1,111.101,4370000,1
1500844020000,1500844079000,111.101,111.101,111.101,111.101,3380000,1
1500844140000,1500844199000,111.106,111.106,111.106,111.106,4440000,1
1500844200000,1500844259000,111.106,111.106,111.106,111.106,1190000,1
1500844260000,1500844319000,111.105,111.105,111.104,111.104,3630000,1
1500844320000,1500844379000,111.11,111.11,111.11,111.11,3750000,1
1500844440000,1500844499000,111.117,111.118,111.117,111.118,7500000,1
1500844500000,1500844559000,111.118,111.118,111.112,111.118,22000000,1
1500844620000,1500844679000,111.118,111.118,111.118,111.118,3750000,1
1500844680000,1500844739000,111.118,111.118,111.113,111.113,13250000,1
1500844740000,1500844799000,111.118,111.118,111.113,111.118,27250000,1
1500844800000,1500844859000,111.118,111.118,111.118,111.118,15000000,1
1500844860000,1500844919000,111.118,111.118,111.118,111.118,11250000,1
1500844920000,1500844979000,111.118,111.118,111.118,111.118,3750000,1
1500844980000,1500845039000,111.118,111.118,111.118,111.118,18940000,1
1500845040000,1500845099000,111.118,111.118,111.117,111.117,15760000,1
1500845160000,1500845219000,111.117,111.117,111.117,111.117,7690000,1
1500845220000,1500845279000,111.117,111.133,111.117,111.133,13250000,1
1500845280000,1500845339000,111.132,111.132,111.132,111.132,5990000,1
1500845340000,1500845399000,111.132,111.132,111.132,111.132,5990000,1
1500845400000,1500845459000,111.132,111.132,111.132,111.132,7110000,1
1500845460000,1500845519000,111.132,111.152,111.132,111.145,23300000,1
1500845520000,1500845579000,111.144,111.144,111.128,111.131,20000000,1
1500845580000,1500845639000,111.131,111.131,111.131,111.131,1000000,1
1500845640000,1500845699000,111.131,111.131,111.131,111.131,2000000,1
1500845700000,1500845759000,111.131,111.131,111.129,111.129,2000000,1
1500845760000,1500845819000,111.131,111.131,111.131,111.131,2000000,1
1500845820000,1500845879000,111.127,111.127,111.127,111.127,1000000,1
1500845880000,1500845939000,111.127,111.145,111.127,111.145,19690000,1
1500845940000,1500845999000,111.145,111.2,111.145,111.157,112860000,1
1500846000000,1500846059000,111.151,111.157,111.151,111.157,4190000,1
1500846060000,1500846119000,111.155,111.155,111.153,111.153,8760000,1
1500846300000,1500846359000,111.153,111.154,111.153,111.154,4380000,1
1500846360000,1500846419000,111.154,111.154,111.154,111.154,1690000,1
1500846420000,1500846479000,111.154,111.154,111.154,111.154,1940000,1
1500846480000,1500846539000,111.154,111.154,111.154,111.154,3880000,1
1500846540000,1500846599000,111.154,111.154,111.151,111.151,3880000,1
1500846600000,1500846659000,111.154,111.154,111.154,111.154,1310000,1
1500846660000,1500846719000,111.153,111.153,111.153,111.153,4880000,1
1500846720000,1500846779000,111.151,111.156,111.15,111.153,90320000,1
1500846780000,1500846839000,111.153,111.153,111.151,111.151,23090000,1
1500846840000,1500846899000,111.152,111.152,111.152,111.152,5070000,1
1500846900000,1500846959000,111.152,111.152,111.152,111.152,6570000,1
1500847020000,1500847079000,111.152,111.152,111.152,111.152,4130000,1
1500847140000,1500847199000,111.151,111.154,111.151,111.153,34540000,1
1500847200000,1500847259000,111.153,111.153,111.094,111.096,206460000,1
1500847260000,1500847319000,111.098,111.098,111.081,111.093,140000000,1
1500847320000,1500847379000,111.093,111.1,111.089,111.091,126480000,1
1500847380000,1500847439000,111.092,111.105,111.089,111.094,206060000,1
1500847440000,1500847499000,111.094,111.128,111.091,111.128,134690000,1
1500847500000,1500847559000,111.127,111.134,111.123,111.123,82610000,1
1500847560000,1500847619000,111.126,111.138,111.125,111.138,27500000,1
1500847620000,1500847679000,111.139,111.144,111.119,111.122,172690000,1
1500847680000,1500847739000,111.123,111.127,111.119,111.127,158990000,1
1500847740000,1500847799000,111.128,111.144,111.128,111.144,30000000,1
1500847800000,1500847859000,111.144,111.146,111.136,111.146,28200000,1
1500847860000,1500847919000,111.145,111.147,111.145,111.146,5730000,1
1500847920000,1500847979000,111.145,111.147,111.145,111.147,3500000,1
1500847980000,1500848039000,111.148,111.148,111.148,111.148,1000000,1
1500848040000,1500848099000,111.149,111.152,111.149,111.151,10500000,1
1500848100000,1500848159000,111.15,111.171,111.15,111.166,60320000,1
1500848160000,1500848219000,111.166,111.167,111.161,111.165,34730000,1
1500848220000,1500848279000,111.167,111.169,111.167,111.168,30290000,1
1500848280000,1500848339000,111.166,111.169,111.165,111.169,29500000,1
1500848340000,1500848399000,111.169,111.169,111.159,111.159,59040000,1
1500848400000,1500848459000,111.16,111.16,111.147,111.148,49220000,1
1500848460000,1500848519000,111.148,111.154,111.143,111.154,91680000,1
1500848520000,1500848579000,111.152,111.154,111.152,111.152,12050000,1
1500848580000,1500848639000,111.152,111.155,111.152,111.154,22900000,1
1500848640000,1500848699000,111.154,111.156,111.154,111.156,23750000,1
1500848700000,1500848759000,111.155,111.156,111.155,111.156,10810000,1
1500848760000,1500848819000,111.156,111.156,111.155,111.156,6500000,1
1500848820000,1500848879000,111.153,111.153,111.138,111.139,32420000,1
1500848880000,1500848939000,111.138,111.14,111.137,111.138,14000000,1
1500848940000,1500848999000,111.137,111.138,111.126,111.126,31100000,1
1500849000000,1500849059000,111.129,111.141,111.129,111.134,34040000,1
1500849060000,1500849119000,111.135,111.14,111.135,111.14,17310000,1
1500849120000,1500849179000,111.14,111.141,111.14,111.141,6000000,1
1500849180000,1500849239000,111.142,111.149,111.142,111.144,30250000,1
1500849240000,1500849299000,111.145,111.146,111.142,111.142,45790000,1
1500849300000,1500849359000,111.143,111.143,111.136,111.136,14800000,1
1500849360000,1500849419000,111.136,111.138,111.136,111.137,11130000,1
1500849420000,1500849479000,111.135,111.135,111.127,111.13,103180000,1
1500849480000,1500849539000,111.131,111.137,111.13,111.137,31880000,1
1500849540000,1500849599000,111.136,111.142,111.136,111.141,60580000,1
1500849600000,1500849659000,111.142,111.142,111.141,111.141,38050000,1
1500849660000,1500849719000,111.142,111.143,111.14,111.141,97430000,1
1500849720000,1500849779000,111.141,111.141,111.134,111.134,31670000,1
1500849780000,1500849839000,111.134,111.134,111.119,111.122,81710000,1
1500849840000,1500849899000,111.121,111.121,111.103,111.104,80890000,1
1500849900000,1500849959000,111.103,111.104,111.103,111.103,16140000,1
1500849960000,1500850019000,111.104,111.106,111.097,111.099,56790000,1
1500850020000,1500850079000,111.098,111.111,111.098,111.11,34710000,1
1500850080000,1500850139000,111.11,111.119,111.11,111.117,40190000,1
1500850140000,1500850199000,111.117,111.122,111.117,111.119,25560000,1
1500850200000,1500850259000,111.118,111.148,111.118,111.148,72050000,1
1500850260000,1500850319000,111.147,111.154,111.147,111.154,38660000,1
1500850320000,1500850379000,111.154,111.154,111.154,111.154,2000000,1
1500850380000,1500850439000,111.154,111.161,111.134,111.134,137930000,1
1500850440000,1500850499000,111.134,111.135,111.123,111.127,72230000,1
1500850500000,1500850559000,111.128,111.134,111.127,111.134,45080000,1
1500850560000,1500850619000,111.135,111.136,111.133,111.136,47510000,1
1500850620000,1500850679000,111.135,111.142,111.135,111.142,26380000,1
1500850680000,1500850739000,111.142,111.155,111.142,111.151,78760000,1
1500850740000,1500850799000,111.151,111.156,111.12,111.122,95040000,1
1500850800000,1500850859000,111.122,111.126,111.093,111.097,205620000,1
1500850860000,1500850919000,111.097,111.102,111.092,111.101,91500000,1
1500850920000,1500850979000,111.103,111.114,111.102,111.114,58200000,1
1500850980000,1500851039000,111.113,111.113,111.106,111.11,51990000,1
1500851040000,1500851099000,111.11,111.112,111.11,111.111,13120000,1
1500851100000,1500851159000,111.112,111.127,111.111,111.122,89760000,1
1500851160000,1500851219000,111.121,111.125,111.105,111.111,74100000,1
1500851220000,1500851279000,111.113,111.117,111.106,111.114,39060000,1
1500851280000,1500851339000,111.114,111.129,111.112,111.128,49610000,1
1500851340000,1500851399000,111.128,111.128,111.12,111.124,78680000,1
1500851400000,1500851459000,111.124,111.124,111.123,111.124,12980000,1
1500851460000,1500851519000,111.124,111.126,111.123,111.123,30630000,1
1500851520000,1500851579000,111.124,111.126,111.124,111.125,24000000,1
1500851640000,1500851699000,111.126,111.142,111.126,111.138,42730000,1
1500851700000,1500851759000,111.138,111.138,111.13,111.131,58520000,1
1500851760000,1500851819000,111.131,111.131,111.13,111.13,25170000,1
1500851820000,1500851879000,111.131,111.132,111.129,111.13,33760000,1
1500851880000,1500851939000,111.13,111.13,111.123,111.123,23180000,1
1500851940000,1500851999000,111.123,111.123,111.123,111.123,3190000,1
1500852000000,1500852059000,111.123,111.123,111.118,111.118,4810000,1
1500852060000,1500852119000,111.118,111.118,111.089,111.113,108180000,1
1500852120000,1500852179000,111.114,111.114,111.112,111.112,268310000,1
1500852180000,1500852239000,111.112,111.113,111.112,111.112,17490000,1
1500852240000,1500852299000,111.112,111.112,111.111,111.111,13120000,1
1500852300000,1500852359000,111.112,111.112,111.11,111.111,59140000,1
1500852360000,1500852419000,111.111,111.111,111.099,111.1,80820000,1
1500852420000,1500852479000,111.098,111.102,111.095,111.101,37080000,1
1500852480000,1500852539000,111.1,111.1,111.073,111.075,109210000,1
1500852540000,1500852599000,111.075,111.078,111.062,111.062,82020000,1
1500852600000,1500852659000,111.062,111.065,111.044,111.044,101490000,1
1500852660000,1500852719000,111.044,111.046,111.023,111.046,122000000,1
1500852720000,1500852779000,111.045,111.051,111.005,111.023,167390000,1
1500852780000,1500852839000,111.022,111.023,111.008,111.008,133580000,1
1500852840000,1500852899000,111.008,111.026,111.007,111.026,72040000,1
1500852900000,1500852959000,111.027,111.038,111.026,111.038,48220000,1
1500852960000,1500853019000,111.037,111.048,111.0,111.014,161230000,1
1500853020000,1500853079000,111.014,111.014,110.994,110.996,96050000,1
1500853080000,1500853139000,110.998,110.998,110.992,110.995,65160000,1
1500853140000,1500853199000,110.997,110.997,110.979,110.986,97010000,1
1500853200000,1500853259000,110.986,110.986,110.95,110.95,186330000,1
1500853260000,1500853319000,110.948,110.952,110.926,110.94,161860000,1
1500853320000,1500853379000,110.938,110.951,110.933,110.936,149390000,1
1500853380000,1500853439000,110.938,110.938,110.922,110.934,210680000,1
1500853440000,1500853499000,110.935,110.941,110.928,110.938,162600000,1
1500853500000,1500853559000,110.933,110.946,110.933,110.945,96900000,1
1500853560000,1500853619000,110.945,110.949,110.945,110.948,79330000,1
1500853620000,1500853679000,110.949,110.961,110.947,110.949,134160000,1
1500853680000,1500853739000,110.949,110.953,110.945,110.953,138210000,1
1500853740000,1500853799000,110.953,110.957,110.947,110.957,97490000,1
1500853800000,1500853859000,110.957,110.976,110.952,110.962,181970000,1
1500853860000,1500853919000,110.962,110.971,110.96,110.965,94290000,1
1500853920000,1500853979000,110.965,110.975,110.962,110.971,129860000,1
1500853980000,1500854039000,110.971,110.981,110.966,110.981,97440000,1
1500854040000,1500854099000,110.98,110.98,110.968,110.968,75820000,1
1500854100000,1500854159000,110.968,110.968,110.96,110.96,30440000,1
1500854160000,1500854219000,110.961,110.961,110.951,110.957,92690000,1
1500854220000,1500854279000,110.957,110.958,110.94,110.94,101760000,1
1500854280000,1500854339000,110.941,110.95,110.941,110.943,193410000,1
1500854340000,1500854399000,110.942,110.942,110.926,110.932,132220000,1
1500854400000,1500854459000,110.934,110.949,110.924,110.932,185020000,1
1500854460000,1500854519000,110.929,110.929,110.847,110.878,318100000,1
1500854520000,1500854579000,110.877,110.907,110.876,110.901,190900000,1
1500854580000,1500854639000,110.902,110.948,110.897,110.942,207700000,1
1500854640000,1500854699000,110.942,110.944,110.922,110.939,100750000,1
1500854700000,1500854759000,110.939,110.94,110.921,110.923,130510000,1
1500854760000,1500854819000,110.922,110.925,110.866,110.877,263930000,1
1500854820000,1500854879000,110.877,110.891,110.873,110.884,214200000,1
1500854880000,1500854939000,110.886,110.893,110.878,110.885,143340000,1
1500854940000,1500854999000,110.885,110.897,110.88,110.885,203680000,1
1500855000000,1500855059000,110.889,110.896,110.886,110.893,97890000,1
1500855060000,1500855119000,110.893,110.893,110.846,110.886,224740000,1
1500855120000,1500855179000,110.885,110.885,110.828,110.835,247160000,1
1500855180000,1500855239000,110.832,110.854,110.827,110.849,233310000,1
1500855240000,1500855299000,110.849,110.849,110.834,110.849,98490000,1
1500855300000,1500855359000,110.85,110.85,110.768,110.771,307280000,1
1500855360000,1500855419000,110.77,110.797,110.77,110.779,194190000,1
1500855420000,1500855479000,110.779,110.798,110.776,110.794,137840000,1
1500855480000,1500855539000,110.795,110.799,110.783,110.791,166640000,1
1500855540000,1500855599000,110.79,110.803,110.79,110.799,111820000,1
1500855600000,1500855659000,110.798,110.829,110.795,110.829,203970000,1
1500855660000,1500855719000,110.829,110.846,110.823,110.837,220370000,1
1500855720000,1500855779000,110.838,110.841,110.823,110.829,192660000,1
1500855780000,1500855839000,110.829,110.836,110.828,110.829,60460000,1
1500855840000,1500855899000,110.83,110.837,110.828,110.833,838400000,1
1500855900000,1500855959000,110.833,110.843,110.831,110.834,128190000,1
1500855960000,1500856019000,110.833,110.848,110.815,110.845,136310000,1
1500856020000,1500856079000,110.844,110.851,110.839,110.845,128230000,1
1500856080000,1500856139000,110.845,110.886,110.845,110.882,278470000,1
1500856140000,1500856199000,110.881,110.896,110.877,110.882,126530000,1
1500856200000,1500856259000,110.88,110.894,110.879,110.893,163190000,1
1500856260000,1500856319000,110.894,110.914,110.89,110.908,166090000,1
1500856320000,1500856379000,110.909,110.915,110.888,110.893,178580000,1
1500856380000,1500856439000,110.896,110.898,110.879,110.89,142020000,1
1500856440000,1500856499000,110.89,110.891,110.879,110.889,91340000,1
1500856500000,1500856559000,110.89,110.899,110.889,110.895,84440000,1
1500856560000,1500856619000,110.894,110.898,110.887,110.894,63130000,1
1500856620000,1500856679000,110.894,110.894,110.866,110.89,152040000,1
1500856680000,1500856739000,110.889,110.902,110.881,110.901,79390000,1
1500856740000,1500856799000,110.903,110.919,110.903,110.916,110120000,1
1500856800000,1500856859000,110.919,110.933,110.914,110.933,217470000,1
1500856860000,1500856919000,110.931,110.933,110.919,110.925,99210000,1
1500856920000,1500856979000,110.926,110.941,110.922,110.937,121310000,1
1500856980000,1500857039000,110.935,110.944,110.926,110.931,185880000,1
1500857040000,1500857099000,110.931,110.932,110.922,110.924,155820000,1
1500857100000,1500857159000,110.924,110.944,110.924,110.944,75550000,1
1500857160000,1500857219000,110.943,110.951,110.94,110.94,91230000,1
1500857220000,1500857279000,110.941,110.941,110.919,110.919,49570000,1
1500857280000,1500857339000,110.922,110.927,110.919,110.925,81320000,1
1500857340000,1500857399000,110.925,110.929,110.919,110.922,197430000,1
1500857400000,1500857459000,110.92,110.926,110.9,110.905,183880000,1
1500857460000,1500857519000,110.902,110.902,110.877,110.893,176080000,1
1500857520000,1500857579000,110.894,110.899,110.885,110.89,198970000,1
1500857580000,1500857639000,110.891,110.903,110.889,110.9,198540000,1
1500857640000,1500857699000,110.901,110.901,110.874,110.875,301170000,1
1500857700000,1500857759000,110.876,110.916,110.876,110.915,224550000,1
1500857760000,1500857819000,110.914,110.914,110.9,110.906,135180000,1
1500857820000,1500857879000,110.906,110.914,110.894,110.913,130210000,1
1500857880000,1500857939000,110.913,110.918,110.905,110.913,104320000,1
1500857940000,1500857999000,110.913,110.915,110.91,110.911,51390000,1
1500858000000,1500858059000,110.91,110.938,110.883,110.938,164280000,1
1500858060000,1500858119000,110.938,110.944,110.927,110.927,115300000,1
1500858120000,1500858179000,110.929,110.937,110.917,110.923,163520000,1
1500858180000,1500858239000,110.922,110.922,110.892,110.896,110050000,1
1500858240000,1500858299000,110.896,110.908,110.894,110.902,105320000,1
1500858300000,1500858359000,110.903,110.921,110.903,110.907,137220000,1
1500858360000,1500858419000,110.906,110.92,110.906,110.919,56670000,1
1500858420000,1500858479000,110.918,110.941,110.918,110.94,559750000,1
1500858480000,1500858539000,110.941,110.949,110.941,110.948,106340000,1
1500858540000,1500858599000,110.947,110.992,110.946,110.986,258940000,1
1500858600000,1500858659000,110.989,110.993,110.955,110.963,184550000,1
1500858660000,1500858719000,110.963,110.974,110.948,110.954,156870000,1
1500858720000,1500858779000,110.955,110.955,110.927,110.932,179100000,1
1500858780000,1500858839000,110.934,110.938,110.924,110.938,115080000,1
1500858840000,1500858899000,110.937,110.952,110.935,110.947,115750000,1
1500858900000,1500858959000,110.943,110.951,110.909,110.909,181110000,1
1500858960000,1500859019000,110.908,110.919,110.888,110.888,156610000,1
1500859020000,1500859079000,110.888,110.907,110.871,110.884,250420000,1
1500859080000,1500859139000,110.883,110.889,110.876,110.882,143320000,1
1500859140000,1500859199000,110.882,110.887,110.863,110.878,126800000,1
1500859200000,1500859259000,110.876,110.88,110.851,110.859,168470000,1
1500859260000,1500859319000,110.859,110.863,110.837,110.846,122720000,1
1500859320000,1500859379000,110.844,110.862,110.839,110.858,183490000,1
1500859380000,1500859439000,110.859,110.862,110.815,110.83,103930000,1
1500859440000,1500859499000,110.831,110.852,110.831,110.851,163140000,1
1500859500000,1500859559000,110.851,110.857,110.845,110.849,80370000,1
1500859560000,1500859619000,110.85,110.872,110.85,110.869,92660000,1
1500859620000,1500859679000,110.869,110.871,110.866,110.87,71580000,1
1500859680000,1500859739000,110.87,110.873,110.865,110.87,76970000,1
1500859740000,1500859799000,110.87,110.877,110.869,110.876,83930000,1
1500859800000,1500859859000,110.876,110.895,110.876,110.878,173970000,1
1500859860000,1500859919000,110.878,110.879,110.868,110.875,111330000,1
1500859920000,1500859979000,110.875,110.876,110.864,110.865,109400000,1
1500859980000,1500860039000,110.866,110.876,110.848,110.875,125070000,1
1500860040000,1500860099000,110.873,110.873,110.861,110.864,115370000,1
1500860100000,1500860159000,110.864,110.89,110.864,110.884,136500000,1
1500860160000,1500860219000,110.883,110.897,110.882,110.895,218540000,1
1500860220000,1500860279000,110.895,110.895,110.882,110.885,85490000,1
1500860280000,1500860339000,110.885,110.89,110.87,110.877,83770000,1
1500860340000,1500860399000,110.876,110.876,110.865,110.872,47980000,1
1500860400000,1500860459000,110.872,110.886,110.872,110.882,96970000,1
1500860460000,1500860519000,110.891,110.909,110.891,110.895,154090000,1
1500860520000,1500860579000,110.894,110.922,110.894,110.922,73750000,1
1500860580000,1500860639000,110.922,110.928,110.913,110.914,65410000,1
1500860640000,1500860699000,110.914,110.953,110.913,110.927,141680000,1
1500860700000,1500860759000,110.925,110.932,110.918,110.919,96140000,1
1500860760000,1500860819000,110.919,110.924,110.918,110.92,73770000,1
1500860820000,1500860879000,110.918,110.918,110.902,110.916,112030000,1
1500860880000,1500860939000,110.916,110.928,110.916,110.928,82800000,1
1500860940000,1500860999000,110.929,110.95,110.928,110.946,129040000,1
1500861000000,1500861059000,110.946,110.954,110.944,110.953,112470000,1
1500861060000,1500861119000,110.952,110.959,110.946,110.948,66500000,1
1500861120000,1500861179000,110.946,110.971,110.946,110.965,95210000,1
1500861180000,1500861239000,110.966,110.977,110.963,110.967,52230000,1
1500861240000,1500861299000,110.969,110.978,110.968,110.969,70390000,1
1500861300000,1500861359000,110.967,110.967,110.951,110.953,112160000,1
1500861360000,1500861419000,110.954,110.956,110.948,110.95,64340000,1
1500861420000,1500861479000,110.95,110.952,110.945,110.951,67910000,1
1500861480000,1500861539000,110.952,110.963,110.949,110.959,55700000,1
1500861540000,1500861599000,110.959,110.964,110.931,110.936,124860000,1
1500861600000,1500861659000,110.936,110.936,110.919,110.92,134790000,1
1500861660000,1500861719000,110.92,110.922,110.9,110.916,107290000,1
1500861720000,1500861779000,110.917,110.939,110.913,110.915,110560000,1
1500861780000,1500861839000,110.916,110.922,110.916,110.917,69310000,1
1500861840000,1500861899000,110.917,110.934,110.917,110.933,61220000,1
1500861900000,1500861959000,110.934,110.935,110.921,110.932,92060000,1
1500861960000,1500862019000,110.932,110.94,110.93,110.94,123880000,1
1500862020000,1500862079000,110.938,110.941,110.934,110.94,45860000,1
1500862080000,1500862139000,110.944,110.952,110.94,110.94,97460000,1
1500862140000,1500862199000,110.941,110.95,110.932,110.937,129720000,1
1500862200000,1500862259000,110.939,110.963,110.937,110.963,115860000,1
1500862260000,1500862319000,110.963,110.978,110.958,110.978,106890000,1
1500862320000,1500862379000,110.98,110.989,110.967,110.968,129340000,1
1500862380000,1500862439000,110.968,110.968,110.951,110.951,84470000,1
1500862440000,1500862499000,110.951,110.965,110.951,110.963,45650000,1
1500862500000,1500862559000,110.962,110.963,110.947,110.957,110570000,1
1500862560000,1500862619000,110.957,110.982,110.956,110.979,91110000,1
1500862620000,1500862679000,110.979,110.979,110.965,110.968,122270000,1
1500862680000,1500862739000,110.969,110.972,110.962,110.969,133580000,1
1500862740000,1500862799000,110.968,110.97,110.96,110.96,46370000,1
1500862800000,1500862859000,110.961,110.981,110.961,110.974,106230000,1
1500862860000,1500862919000,110.974,110.984,110.974,110.983,78380000,1
1500862920000,1500862979000,110.983,110.984,110.978,110.98,59690000,1
1500862980000,1500863039000,110.981,110.984,110.979,110.98,59500000,1
1500863040000,1500863099000,110.98,110.98,110.961,110.969,219570000,1
1500863100000,1500863159000,110.969,110.989,110.969,110.989,59040000,1
1500863160000,1500863219000,110.989,111.019,110.989,111.018,82490000,1
1500863220000,1500863279000,111.016,111.032,111.005,111.024,171490000,1
1500863280000,1500863339000,111.025,111.027,111.015,111.024,160830000,1
1500863340000,1500863399000,111.022,111.032,111.021,111.032,117840000,1
1500863400000,1500863459000,111.029,111.03,111.019,111.019,102010000,1
1500863460000,1500863519000,111.019,111.025,111.017,111.017,92850000,1
1500863520000,1500863579000,111.018,111.029,111.014,111.024,70940000,1
1500863580000,1500863639000,111.023,111.025,111.011,111.013,91240000,1
1500863640000,1500863699000,111.013,111.013,111.007,111.009,58970000,1
1500863700000,1500863759000,111.008,111.011,111.006,111.01,50770000,1
1500863760000,1500863819000,111.01,111.01,110.987,110.993,114380000,1
1500863820000,1500863879000,110.994,110.995,110.989,110.995,31250000,1
1500863880000,1500863939000,110.993,111.003,110.993,111.001,62370000,1
1500863940000,1500863999000,111.002,111.007,111.001,111.005,74110000,1
1500864000000,1500864059000,111.005,111.005,110.996,110.998,100820000,1
1500864060000,1500864119000,110.998,110.998,110.98,110.981,112700000,1
1500864120000,1500864179000,110.981,110.989,110.979,110.983,116840000,1
1500864180000,1500864239000,110.982,110.985,110.966,110.975,78500000,1
1500864240000,1500864299000,110.977,110.982,110.974,110.978,95970000,1
1500864300000,1500864359000,110.978,110.99,110.975,110.988,65320000,1
1500864360000,1500864419000,110.989,110.99,110.986,110.989,56720000,1
1500864420000,1500864479000,110.989,110.997,110.986,110.994,78170000,1
1500864480000,1500864539000,110.994,110.999,110.991,110.995,109220000,1
1500864540000,1500864599000,110.995,111.007,110.995,111.007,76960000,1
1500864600000,1500864659000,111.008,111.02,111.007,111.02,29280000,1
1500864660000,1500864719000,111.021,111.025,111.007,111.007,44120000,1
1500864720000,1500864779000,111.007,111.009,111.002,111.008,61020000,1
1500864780000,1500864839000,111.009,111.02,111.007,111.014,54840000,1
1500864840000,1500864899000,111.014,111.014,111.008,111.012,67760000,1
1500864900000,1500864959000,111.012,111.013,111.003,111.007,38640000,1
1500864960000,1500865019000,111.007,111.01,111.006,111.006,20550000,1
1500865020000,1500865079000,111.006,111.009,111.002,111.007,58360000,1
1500865080000,1500865139000,111.008,111.019,111.007,111.019,58650000,1
1500865140000,1500865199000,111.023,111.033,111.019,111.02,116010000,1
1500865200000,1500865259000,111.021,111.032,111.014,111.029,84030000,1
1500865260000,1500865319000,111.034,111.057,111.034,111.051,114160000,1
1500865320000,1500865379000,111.051,111.059,111.045,111.05,145940000,1
1500865380000,1500865439000,111.049,111.049,111.039,111.041,102890000,1
1500865440000,1500865499000,111.04,111.043,111.038,111.043,114090000,1
1500865500000,1500865559000,111.043,111.049,111.042,111.046,156370000,1
1500865560000,1500865619000,111.047,111.049,111.035,111.04,134900000,1
1500865620000,1500865679000,111.038,111.042,111.034,111.042,67970000,1
1500865680000,1500865739000,111.04,111.043,111.037,111.041,45870000,1
1500865740000,1500865799000,111.04,111.042,111.036,111.039,75280000,1
1500865800000,1500865859000,111.04,111.042,111.03,111.033,102580000,1
1500865860000,1500865919000,111.034,111.035,111.028,111.028,69970000,1
1500865920000,1500865979000,111.028,111.029,111.027,111.028,47130000,1
1500865980000,1500866039000,111.028,111.031,111.026,111.03,67370000,1
1500866040000,1500866099000,111.03,111.037,111.03,111.037,36230000,1
1500866100000,1500866159000,111.037,111.042,111.034,111.035,46400000,1
1500866160000,1500866219000,111.035,111.035,111.003,111.004,99450000,1
1500866220000,1500866279000,111.005,111.005,110.98,110.985,153210000,1
1500866280000,1500866339000,110.985,110.985,110.972,110.973,90530000,1
1500866340000,1500866399000,110.973,110.977,110.973,110.976,52430000,1
1500866400000,1500866459000,110.976,110.982,110.966,110.973,145650000,1
1500866460000,1500866519000,110.974,110.974,110.961,110.963,104400000,1
1500866520000,1500866579000,110.963,110.969,110.956,110.962,212020000,1
1500866580000,1500866639000,110.961,110.964,110.957,110.964,113070000,1
1500866640000,1500866699000,110.963,110.963,110.956,110.957,111910000,1
1500866700000,1500866759000,110.958,110.962,110.954,110.956,97220000,1
1500866760000,1500866819000,110.955,110.97,110.952,110.97,83100000,1
1500866820000,1500866879000,110.97,110.97,110.965,110.967,48580000,1
1500866880000,1500866939000,110.967,110.975,110.966,110.974,64960000,1
1500866940000,1500866999000,110.974,110.979,110.974,110.978,42190000,1
1500867000000,1500867059000,110.977,110.98,110.973,110.975,60780000,1
1500867060000,1500867119000,110.975,110.978,110.972,110.975,52230000,1
1500867120000,1500867179000,110.975,110.978,110.972,110.972,18750000,1
1500867180000,1500867239000,110.975,110.987,110.975,110.987,54880000,1
1500867240000,1500867299000,110.988,111.0,110.987,111.0,83040000,1
1500867300000,1500867359000,110.998,110.998,110.993,110.995,118870000,1
1500867360000,1500867419000,110.993,110.999,110.993,110.996,82390000,1
1500867420000,1500867479000,110.997,111.003,110.993,110.997,210260000,1
1500867480000,1500867539000,110.996,110.996,110.938,110.94,154470000,1
1500867540000,1500867599000,110.941,110.941,110.918,110.932,282430000,1
1500867600000,1500867659000,110.933,110.951,110.933,110.949,137520000,1
1500867660000,1500867719000,110.947,110.949,110.924,110.925,137400000,1
1500867720000,1500867779000,110.924,110.937,110.922,110.935,127040000,1
1500867780000,1500867839000,110.936,110.95,110.936,110.95,81110000,1
1500867840000,1500867899000,110.949,110.956,110.943,110.955,110310000,1
1500867900000,1500867959000,110.955,110.974,110.953,110.972,105820000,1
1500867960000,1500868019000,110.973,110.974,110.961,110.973,88430000,1
1500868020000,1500868079000,110.973,110.978,110.971,110.974,64180000,1
1500868080000,1500868139000,110.974,110.984,110.971,110.978,135860000,1
1500868140000,1500868199000,110.979,110.98,110.974,110.979,129250000,1
1500868200000,1500868259000,110.979,110.985,110.976,110.977,92030000,1
1500868260000,1500868319000,110.976,110.979,110.965,110.965,63130000,1
1500868320000,1500868379000,110.966,110.966,110.947,110.95,149080000,1
1500868380000,1500868439000,110.95,110.95,110.934,110.942,163510000,1
1500868440000,1500868499000,110.942,110.948,110.935,110.944,163440000,1
1500868500000,1500868559000,110.945,110.945,110.935,110.937,118540000,1
1500868560000,1500868619000,110.937,110.947,110.935,110.947,68870000,1
1500868620000,1500868679000,110.946,110.951,110.945,110.945,53470000,1
1500868680000,1500868739000,110.945,110.947,110.935,110.946,81570000,1
1500868740000,1500868799000,110.947,110.947,110.94,110.943,48940000,1
1500868800000,1500868859000,110.944,110.945,110.941,110.942,84580000,1
1500868860000,1500868919000,110.941,110.941,110.934,110.935,125470000,1
1500868920000,1500868979000,110.935,110.949,110.935,110.947,35240000,1
1500868980000,1500869039000,110.946,110.949,110.944,110.949,71590000,1
1500869040000,1500869099000,110.949,110.951,110.94,110.944,95070000,1
1500869100000,1500869159000,110.946,110.948,110.945,110.946,34450000,1
1500869160000,1500869219000,110.945,110.945,110.936,110.937,41030000,1
1500869220000,1500869279000,110.937,110.948,110.933,110.946,98940000,1
1500869280000,1500869339000,110.948,110.948,110.942,110.942,64030000,1
1500869340000,1500869399000,110.941,110.941,110.907,110.927,271380000,1
1500869400000,1500869459000,110.927,110.932,110.924,110.931,72940000,1
1500869460000,1500869519000,110.931,110.937,110.931,110.936,66940000,1
1500869520000,1500869579000,110.935,110.935,110.924,110.931,80470000,1
1500869580000,1500869639000,110.932,110.943,110.927,110.935,80500000,1
1500869640000,1500869699000,110.934,110.944,110.933,110.935,86670000,1
1500869700000,1500869759000,110.933,110.933,110.917,110.917,76370000,1
1500869760000,1500869819000,110.918,110.93,110.915,110.924,107960000,1
1500869820000,1500869879000,110.923,110.924,110.907,110.91,134180000,1
1500869880000,1500869939000,110.91,110.922,110.91,110.912,56100000,1
1500869940000,1500869999000,110.913,110.925,110.913,110.918,49280000,1
1500870000000,1500870059000,110.919,110.931,110.919,110.93,82160000,1
1500870060000,1500870119000,110.93,110.931,110.914,110.914,81980000,1
1500870120000,1500870179000,110.915,110.93,110.915,110.93,73780000,1
1500870180000,1500870239000,110.93,110.93,110.921,110.922,69960000,1
1500870240000,1500870299000,110.921,110.932,110.921,110.924,66040000,1
1500870300000,1500870359000,110.924,110.929,110.92,110.921,98920000,1
1500870360000,1500870419000,110.921,110.93,110.92,110.925,58070000,1
1500870420000,1500870479000,110.926,110.926,110.914,110.915,71930000,1
1500870480000,1500870539000,110.915,110.918,110.911,110.913,42060000,1
1500870540000,1500870599000,110.912,110.922,110.912,110.919,31930000,1
1500870600000,1500870659000,110.919,110.93,110.918,110.93,46980000,1
1500870660000,1500870719000,110.93,110.964,110.93,110.955,102060000,1
1500870720000,1500870779000,110.955,110.979,110.954,110.968,343190000,1
1500870780000,1500870839000,110.969,110.982,110.967,110.979,91090000,1
1500870840000,1500870899000,110.978,110.992,110.974,110.991,823730000,1
1500870900000,1500870959000,110.991,110.997,110.989,110.994,147630000,1
1500870960000,1500871019000,110.994,111.005,110.993,111.005,105190000,1
1500871020000,1500871079000,111.005,111.005,110.997,111.003,77490000,1
1500871080000,1500871139000,111.003,111.003,110.996,110.997,57820000,1
1500871140000,1500871199000,110.997,111.006,110.997,111.0,28150000,1
1500871200000,1500871259000,110.999,111.006,110.998,111.001,39390000,1
1500871260000,1500871319000,110.998,110.998,110.992,110.992,40530000,1
1500871320000,1500871379000,110.992,111.003,110.991,111.0,66050000,1
1500871380000,1500871439000,110.999,111.01,110.998,111.007,105450000,1
1500871440000,1500871499000,111.009,111.01,110.998,111.005,135170000,1
1500871500000,1500871559000,111.004,111.012,110.999,111.0,88200000,1
1500871560000,1500871619000,111.0,111.005,110.991,110.993,111500000,1
1500871620000,1500871679000,110.992,111.002,110.992,111.002,69230000,1
1500871680000,1500871739000,111.002,111.002,110.997,111.0,60390000,1
1500871740000,1500871799000,110.998,111.002,110.997,111.002,43330000,1
1500871800000,1500871859000,111.003,111.003,110.996,110.997,30350000,1
1500871860000,1500871919000,110.997,110.998,110.996,110.998,42540000,1
1500871920000,1500871979000,110.998,110.999,110.99,110.99,81480000,1
1500871980000,1500872039000,110.99,110.997,110.985,110.99,157770000,1
1500872040000,1500872099000,110.99,110.991,110.99,110.991,45320000,1
1500872100000,1500872159000,110.994,111.001,110.994,111.0,64200000,1
1500872160000,1500872219000,111.0,111.011,111.0,111.01,97660000,1
1500872220000,1500872279000,111.011,111.037,111.011,111.035,73760000,1
1500872280000,1500872339000,111.035,111.036,111.027,111.029,79390000,1
1500872340000,1500872399000,111.03,111.034,111.027,111.034,96780000,1
1500872400000,1500872459000,111.035,111.035,111.014,111.027,83780000,1
1500872460000,1500872519000,111.027,111.027,111.015,111.023,58620000,1
1500872520000,1500872579000,111.023,111.024,111.019,111.023,58070000,1
1500872580000,1500872639000,111.022,111.022,111.012,111.014,65500000,1
1500872640000,1500872699000,111.013,111.015,110.997,111.015,140190000,1
1500872700000,1500872759000,111.014,111.02,111.01,111.02,120030000,1
1500872760000,1500872819000,111.021,111.022,111.003,111.004,155160000,1
1500872820000,1500872879000,111.004,111.027,111.003,111.024,156310000,1
1500872880000,1500872939000,111.026,111.039,111.025,111.033,109170000,1
1500872940000,1500872999000,111.035,111.047,111.035,111.046,116570000,1
1500873000000,1500873059000,111.047,111.047,111.039,111.044,86920000,1
1500873060000,1500873119000,111.045,111.047,111.039,111.046,59830000,1
1500873120000,1500873179000,111.046,111.047,111.039,111.042,86320000,1
1500873180000,1500873239000,111.041,111.045,111.039,111.044,47710000,1
1500873240000,1500873299000,111.045,111.047,111.034,111.044,96560000,1
1500873300000,1500873359000,111.045,111.05,111.038,111.039,142120000,1
1500873360000,1500873419000,111.039,111.046,111.039,111.041,70830000,1
1500873420000,1500873479000,111.039,111.042,111.038,111.04,41570000,1
1500873480000,1500873539000,111.04,111.053,111.04,111.05,75100000,1
1500873540000,1500873599000,111.05,111.051,111.033,111.033,122650000,1
1500873600000,1500873659000,111.034,111.038,111.03,111.032,93730000,1
1500873660000,1500873719000,111.031,111.033,111.031,111.033,19840000,1
1500873720000,1500873779000,111.033,111.039,111.032,111.038,51330000,1
1500873780000,1500873839000,111.039,111.058,111.034,111.057,111030000,1
1500873840000,1500873899000,111.056,111.067,111.055,111.055,120040000,1
1500873900000,1500873959000,111.056,111.079,111.054,111.079,152540000,1
1500873960000,1500874019000,111.076,111.118,111.072,111.116,223480000,1
1500874020000,1500874079000,111.116,111.131,111.108,111.117,160330000,1
1500874080000,1500874139000,111.117,111.117,111.094,111.101,178480000,1
1500874140000,1500874199000,111.101,111.101,111.089,111.091,76880000,1
1500874200000,1500874259000,111.09,111.117,111.089,111.117,194000000,1
1500874260000,1500874319000,111.115,111.14,111.111,111.117,230170000,1
1500874320000,1500874379000,111.119,111.12,111.1,111.101,170890000,1
1500874380000,1500874439000,111.101,111.103,111.089,111.093,109290000,1
1500874440000,1500874499000,111.093,111.095,111.084,111.091,155420000,1
1500874500000,1500874559000,111.091,111.102,111.089,111.091,98180000,1
1500874560000,1500874619000,111.091,111.091,111.085,111.085,37420000,1
1500874620000,1500874679000,111.085,111.091,111.085,111.09,66290000,1
1500874680000,1500874739000,111.091,111.091,111.086,111.086,14010000,1
1500874740000,1500874799000,111.086,111.086,111.065,111.073,102810000,1
1500874800000,1500874859000,111.069,111.07,111.056,111.059,211830000,1
1500874860000,1500874919000,111.059,111.076,111.049,111.051,159000000,1
1500874920000,1500874979000,111.051,111.057,111.049,111.053,53600000,1
1500874980000,1500875039000,111.054,111.059,111.049,111.059,97450000,1
1500875040000,1500875099000,111.058,111.058,111.044,111.046,59850000,1
1500875100000,1500875159000,111.046,111.053,111.04,111.042,87950000,1
1500875160000,1500875219000,111.042,111.045,111.014,111.016,159800000,1
1500875220000,1500875279000,111.016,111.021,111.01,111.021,130640000,1
1500875280000,1500875339000,111.02,111.03,111.02,111.02,115110000,1
1500875340000,1500875399000,111.02,111.036,111.016,111.028,85720000,1
1500875400000,1500875459000,111.028,111.036,111.028,111.036,76870000,1
1500875460000,1500875519000,111.036,111.038,111.034,111.038,37210000,1
1500875520000,1500875579000,111.038,111.04,111.033,111.037,109770000,1
1500875580000,1500875639000,111.039,111.049,111.039,111.041,124490000,1
1500875640000,1500875699000,111.043,111.058,111.042,111.058,75090000,1
1500875700000,1500875759000,111.058,111.078,111.058,111.078,158510000,1
1500875760000,1500875819000,111.078,111.107,111.078,111.087,144050000,1
1500875820000,1500875879000,111.086,111.087,111.076,111.086,93260000,1
1500875880000,1500875939000,111.086,111.097,111.079,111.094,71120000,1
1500875940000,1500875999000,111.096,111.104,111.08,111.089,229920000,1
1500876000000,1500876059000,111.092,111.102,111.086,111.098,117220000,1
1500876060000,1500876119000,111.099,111.108,111.088,111.089,242760000,1
1500876120000,1500876179000,111.09,111.094,111.072,111.072,90630000,1
1500876180000,1500876239000,111.072,111.079,111.041,111.047,290950000,1
1500876240000,1500876299000,111.047,111.053,111.023,111.041,184040000,1
1500876300000,1500876359000,111.048,111.058,111.046,111.057,129560000,1
1500876360000,1500876419000,111.056,111.07,111.055,111.058,126540000,1
1500876420000,1500876479000,111.058,111.078,111.058,111.078,108470000,1
1500876480000,1500876539000,111.077,111.102,111.067,111.1,114680000,1
1500876540000,1500876599000,111.099,111.122,111.098,111.116,162690000,1
1500876600000,1500876659000,111.113,111.14,111.112,111.134,184210000,1
1500876660000,1500876719000,111.135,111.163,111.135,111.157,204720000,1
1500876720000,1500876779000,111.155,111.157,111.144,111.155,223720000,1
1500876780000,1500876839000,111.155,111.166,111.143,111.147,271400000,1
1500876840000,1500876899000,111.148,111.149,111.122,111.127,180720000,1
1500876900000,1500876959000,111.127,111.146,111.112,111.141,152160000,1
1500876960000,1500877019000,111.14,111.146,111.122,111.146,159330000,1
1500877020000,1500877079000,111.146,111.147,111.127,111.132,101420000,1
1500877080000,1500877139000,111.133,111.147,111.128,111.143,85350000,1
1500877140000,1500877199000,111.145,111.148,111.128,111.132,171630000,1
1500877200000,1500877259000,111.132,111.146,111.132,111.143,133350000,1
1500877260000,1500877319000,111.143,111.15,111.138,111.15,143460000,1
1500877320000,1500877379000,111.151,111.153,111.128,111.133,228700000,1
1500877380000,1500877439000,111.133,111.133,111.118,111.125,118430000,1
1500877440000,1500877499000,111.124,111.139,111.118,111.135,60920000,1
1500877500000,1500877559000,111.133,111.147,111.119,111.146,211010000,1
1500877560000,1500877619000,111.146,111.176,111.146,111.161,202610000,1
1500877620000,1500877679000,111.16,111.16,111.119,111.125,225970000,1
1500877680000,1500877739000,111.126,111.139,111.126,111.132,213250000,1
1500877740000,1500877799000,111.132,111.132,111.115,111.123,207990000,1
1500877800000,1500877859000,111.122,111.122,111.097,111.1,119290000,1
1500877860000,1500877919000,111.1,111.113,111.095,111.113,178620000,1
1500877920000,1500877979000,111.112,111.136,111.108,111.117,164900000,1
1500877980000,1500878039000,111.118,111.12,111.114,111.118,70090000,1
1500878040000,1500878099000,111.117,111.12,111.107,111.108,171590000,1
1500878100000,1500878159000,111.108,111.111,111.107,111.108,18430000,1
1500878160000,1500878219000,111.108,111.114,111.08,111.081,126060000,1
1500878220000,1500878279000,111.081,111.081,111.063,111.068,100810000,1
1500878280000,1500878339000,111.068,111.089,111.068,111.078,85640000,1
1500878340000,1500878399000,111.079,111.084,111.077,111.079,97970000,1
1500878400000,1500878459000,111.078,111.122,111.078,111.115,194670000,1
1500878460000,1500878519000,111.113,111.121,111.102,111.115,130100000,1
1500878520000,1500878579000,111.115,111.115,111.096,111.097,66210000,1
1500878580000,1500878639000,111.097,111.102,111.094,111.094,58910000,1
1500878640000,1500878699000,111.095,111.109,111.093,111.102,88820000,1
1500878700000,1500878759000,111.102,111.102,111.093,111.098,86490000,1
1500878760000,1500878819000,111.099,111.104,111.087,111.103,150500000,1
1500878820000,1500878879000,111.102,111.127,111.101,111.119,146310000,1
1500878880000,1500878939000,111.118,111.128,111.113,111.128,106040000,1
1500878940000,1500878999000,111.128,111.139,111.127,111.135,90770000,1
1500879000000,1500879059000,111.135,111.147,111.125,111.125,118300000,1
1500879060000,1500879119000,111.125,111.126,111.099,111.1,111210000,1
1500879120000,1500879179000,111.1,111.1,111.085,111.095,163760000,1
1500879180000,1500879239000,111.095,111.097,111.091,111.093,134140000,1
1500879240000,1500879299000,111.094,111.103,111.093,111.1,129560000,1
1500879300000,1500879359000,111.099,111.104,111.064,111.069,213270000,1
1500879360000,1500879419000,111.069,111.074,111.064,111.071,166550000,1
1500879420000,1500879479000,111.07,111.08,111.07,111.071,122300000,1
1500879480000,1500879539000,111.072,111.096,111.07,111.089,108540000,1
1500879540000,1500879599000,111.089,111.097,111.067,111.067,105360000,1
1500879600000,1500879659000,111.067,111.095,111.062,111.083,249510000,1
1500879660000,1500879719000,111.082,111.09,111.071,111.071,198030000,1
1500879720000,1500879779000,111.069,111.072,111.051,111.051,244940000,1
1500879780000,1500879839000,111.049,111.053,111.038,111.046,210000000,1
1500879840000,1500879899000,111.046,111.046,110.984,110.984,183270000,1
1500879900000,1500879959000,110.988,110.997,110.94,110.94,292610000,1
1500879960000,1500880019000,110.94,110.949,110.918,110.92,246620000,1
1500880020000,1500880079000,110.921,110.923,110.868,110.91,396160000,1
1500880080000,1500880139000,110.909,110.913,110.886,110.898,201640000,1
1500880140000,1500880199000,110.899,110.907,110.891,110.891,181820000,1
1500880200000,1500880259000,110.892,110.906,110.858,110.87,319550000,1
1500880260000,1500880319000,110.873,110.883,110.857,110.881,184460000,1
1500880320000,1500880379000,110.882,110.896,110.876,110.88,144030000,1
1500880380000,1500880439000,110.881,110.891,110.878,110.882,173020000,1
1500880440000,1500880499000,110.881,110.884,110.864,110.872,206110000,1
1500880500000,1500880559000,110.873,110.876,110.828,110.831,321040000,1
1500880560000,1500880619000,110.832,110.857,110.831,110.857,138750000,1
1500880620000,1500880679000,110.856,110.856,110.814,110.826,212120000,1
1500880680000,1500880739000,110.827,110.839,110.798,110.815,217220000,1
1500880740000,1500880799000,110.817,110.856,110.814,110.85,171760000,1
1500880800000,1500880859000,110.852,110.863,110.823,110.823,182560000,1
1500880860000,1500880919000,110.825,110.841,110.822,110.829,198640000,1
1500880920000,1500880979000,110.828,110.831,110.809,110.827,269280000,1
1500880980000,1500881039000,110.827,110.828,110.809,110.809,198660000,1
1500881040000,1500881099000,110.809,110.848,110.807,110.834,210680000,1
1500881100000,1500881159000,110.834,110.845,110.818,110.819,248270000,1
1500881160000,1500881219000,110.82,110.825,110.809,110.818,233860000,1
1500881220000,1500881279000,110.818,110.834,110.812,110.832,151100000,1
1500881280000,1500881339000,110.831,110.847,110.818,110.846,107120000,1
1500881340000,1500881399000,110.847,110.848,110.825,110.826,144260000,1
1500881400000,1500881459000,110.827,110.827,110.748,110.775,295140000,1
1500881460000,1500881519000,110.775,110.795,110.774,110.795,145200000,1
1500881520000,1500881579000,110.795,110.82,110.795,110.812,176180000,1
1500881580000,1500881639000,110.813,110.839,110.806,110.838,218790000,1
1500881640000,1500881699000,110.839,110.839,110.795,110.806,228900000,1
1500881700000,1500881759000,110.806,110.806,110.783,110.796,200090000,1
1500881760000,1500881819000,110.797,110.821,110.749,110.749,336720000,1
1500881820000,1500881879000,110.751,110.755,110.719,110.748,304420000,1
1500881880000,1500881939000,110.748,110.751,110.747,110.748,185330000,1
1500881940000,1500881999000,110.747,110.778,110.747,110.764,204460000,1
1500882000000,1500882059000,110.763,110.767,110.728,110.728,132480000,1
1500882060000,1500882119000,110.728,110.75,110.728,110.735,180790000,1
1500882120000,1500882179000,110.735,110.773,110.735,110.764,225410000,1
1500882180000,1500882239000,110.765,110.786,110.765,110.786,306160000,1
1500882240000,1500882299000,110.787,110.82,110.787,110.798,302760000,1
1500882300000,1500882359000,110.798,110.817,110.793,110.814,183500000,1
1500882360000,1500882419000,110.812,110.846,110.803,110.839,343050000,1
1500882420000,1500882479000,110.838,110.838,110.815,110.817,207270000,1
1500882480000,1500882539000,110.815,110.832,110.804,110.824,166520000,1
1500882540000,1500882599000,110.822,110.843,110.805,110.821,234390000,1
1500882600000,1500882659000,110.821,110.841,110.821,110.835,231990000,1
1500882660000,1500882719000,110.837,110.843,110.825,110.825,98170000,1
1500882720000,1500882779000,110.824,110.829,110.822,110.828,336220000,1
1500882780000,1500882839000,110.83,110.842,110.827,110.827,180470000,1
1500882840000,1500882899000,110.827,110.833,110.813,110.826,163330000,1
1500882900000,1500882959000,110.826,110.828,110.803,110.803,110940000,1
1500882960000,1500883019000,110.802,110.822,110.802,110.822,161990000,1
1500883020000,1500883079000,110.822,110.831,110.821,110.825,109240000,1
1500883080000,1500883139000,110.828,110.835,110.822,110.834,141650000,1
1500883140000,1500883199000,110.835,110.836,110.817,110.824,89170000,1
1500883200000,1500883259000,110.823,110.823,110.807,110.814,164050000,1
1500883260000,1500883319000,110.814,110.814,110.775,110.783,166180000,1
1500883320000,1500883379000,110.785,110.807,110.785,110.807,308290000,1
1500883380000,1500883439000,110.809,110.838,110.809,110.813,226180000,1
1500883440000,1500883499000,110.814,110.834,110.814,110.833,133090000,1
1500883500000,1500883559000,110.832,110.844,110.828,110.836,199670000,1
1500883560000,1500883619000,110.836,110.853,110.832,110.85,179270000,1
1500883620000,1500883679000,110.849,110.852,110.836,110.844,180050000,1
1500883680000,1500883739000,110.844,110.85,110.819,110.822,238980000,1
1500883740000,1500883799000,110.82,110.83,110.809,110.82,153850000,1
1500883800000,1500883859000,110.82,110.847,110.806,110.847,136950000,1
1500883860000,1500883919000,110.846,110.852,110.841,110.85,123250000,1
1500883920000,1500883979000,110.851,110.9,110.846,110.871,245680000,1
1500883980000,1500884039000,110.87,110.89,110.867,110.871,124350000,1
1500884040000,1500884099000,110.872,110.877,110.865,110.871,122560000,1
1500884100000,1500884159000,110.872,110.872,110.865,110.866,55460000,1
1500884160000,1500884219000,110.864,110.866,110.858,110.86,112170000,1
1500884220000,1500884279000,110.861,110.865,110.846,110.851,104770000,1
1500884280000,1500884339000,110.851,110.852,110.845,110.852,125340000,1
1500884340000,1500884399000,110.851,110.852,110.838,110.838,84750000,1
1500884400000,1500884459000,110.84,110.847,110.834,110.845,83770000,1
1500884460000,1500884519000,110.845,110.845,110.834,110.835,94570000,1
1500884520000,1500884579000,110.834,110.842,110.829,110.834,62520000,1
1500884580000,1500884639000,110.833,110.833,110.818,110.829,142210000,1
1500884640000,1500884699000,110.831,110.834,110.819,110.82,110470000,1
1500884700000,1500884759000,110.82,110.83,110.82,110.821,130470000,1
1500884760000,1500884819000,110.821,110.827,110.819,110.823,128630000,1
1500884820000,1500884879000,110.824,110.855,110.823,110.855,142650000,1
1500884880000,1500884939000,110.856,110.877,110.854,110.872,154730000,1
1500884940000,1500884999000,110.871,110.887,110.869,110.882,116310000,1
1500885000000,1500885059000,110.882,110.882,110.866,110.868,142980000,1
1500885060000,1500885119000,110.869,110.871,110.858,110.863,124010000,1
1500885120000,1500885179000,110.864,110.866,110.856,110.858,117900000,1
1500885180000,1500885239000,110.856,110.879,110.848,110.877,159020000,1
1500885240000,1500885299000,110.876,110.884,110.871,110.871,108360000,1
1500885300000,1500885359000,110.871,110.881,110.863,110.881,217760000,1
1500885360000,1500885419000,110.882,110.882,110.855,110.855,194690000,1
1500885420000,1500885479000,110.857,110.859,110.843,110.844,215510000,1
1500885480000,1500885539000,110.844,110.845,110.833,110.84,171300000,1
1500885540000,1500885599000,110.842,110.844,110.834,110.835,140100000,1
1500885600000,1500885659000,110.834,110.839,110.831,110.832,135750000,1
1500885660000,1500885719000,110.832,110.836,110.819,110.821,114330000,1
1500885720000,1500885779000,110.819,110.819,110.797,110.797,156740000,1
1500885780000,1500885839000,110.797,110.797,110.776,110.779,167740000,1
1500885840000,1500885899000,110.779,110.784,110.747,110.763,218750000,1
1500885900000,1500885959000,110.761,110.771,110.75,110.752,187650000,1
1500885960000,1500886019000,110.75,110.785,110.749,110.778,126270000,1
1500886020000,1500886079000,110.779,110.786,110.772,110.776,114130000,1
1500886080000,1500886139000,110.778,110.785,110.771,110.778,127300000,1
1500886140000,1500886199000,110.777,110.783,110.77,110.772,163940000,1
1500886200000,1500886259000,110.772,110.806,110.772,110.803,142340000,1
1500886260000,1500886319000,110.802,110.805,110.791,110.792,117860000,1
1500886320000,1500886379000,110.792,110.803,110.773,110.773,122770000,1
1500886380000,1500886439000,110.774,110.775,110.754,110.773,163120000,1
1500886440000,1500886499000,110.773,110.778,110.769,110.774,84770000,1
1500886500000,1500886559000,110.776,110.787,110.773,110.785,60920000,1
1500886560000,1500886619000,110.785,110.793,110.778,110.784,147260000,1
1500886620000,1500886679000,110.783,110.785,110.753,110.766,146930000,1
1500886680000,1500886739000,110.765,110.77,110.727,110.727,214920000,1
1500886740000,1500886799000,110.731,110.74,110.698,110.711,244210000,1
1500886800000,1500886859000,110.711,110.717,110.698,110.705,206710000,1
1500886860000,1500886919000,110.704,110.729,110.699,110.726,258610000,1
1500886920000,1500886979000,110.727,110.748,110.72,110.746,135090000,1
1500886980000,1500887039000,110.748,110.748,110.734,110.739,167340000,1
1500887040000,1500887099000,110.741,110.743,110.728,110.736,161660000,1
1500887100000,1500887159000,110.736,110.744,110.736,110.743,134540000,1
1500887160000,1500887219000,110.745,110.745,110.723,110.732,84890000,1
1500887220000,1500887279000,110.732,110.751,110.73,110.742,95820000,1
1500887280000,1500887339000,110.742,110.755,110.739,110.748,120240000,1
1500887340000,1500887399000,110.75,110.756,110.748,110.756,49680000,1
1500887400000,1500887459000,110.757,110.769,110.757,110.76,139530000,1
1500887460000,1500887519000,110.759,110.76,110.753,110.759,122770000,1
1500887520000,1500887579000,110.758,110.759,110.722,110.722,138610000,1
1500887580000,1500887639000,110.721,110.721,110.661,110.668,246040000,1
1500887640000,1500887699000,110.671,110.683,110.66,110.66,175400000,1
1500887700000,1500887759000,110.661,110.697,110.661,110.673,187030000,1
1500887760000,1500887819000,110.675,110.69,110.675,110.679,158190000,1
1500887820000,1500887879000,110.679,110.688,110.673,110.678,130090000,1
1500887880000,1500887939000,110.679,110.679,110.642,110.665,169030000,1
1500887940000,1500887999000,110.662,110.666,110.637,110.655,238060000,1
1500888000000,1500888059000,110.657,110.67,110.654,110.665,155070000,1
1500888060000,1500888119000,110.664,110.664,110.651,110.654,137150000,1
1500888120000,1500888179000,110.655,110.659,110.653,110.653,144730000,1
1500888180000,1500888239000,110.655,110.66,110.648,110.655,93930000,1
1500888240000,1500888299000,110.655,110.684,110.645,110.678,112330000,1
1500888300000,1500888359000,110.678,110.687,110.677,110.678,149740000,1
1500888360000,1500888419000,110.679,110.686,110.669,110.685,139730000,1
1500888420000,1500888479000,110.686,110.687,110.673,110.68,83630000,1
1500888480000,1500888539000,110.679,110.685,110.655,110.659,165830000,1
1500888540000,1500888599000,110.659,110.663,110.653,110.653,119420000,1
1500888600000,1500888659000,110.653,110.661,110.638,110.64,126710000,1
1500888660000,1500888719000,110.64,110.648,110.622,110.635,167760000,1
1500888720000,1500888779000,110.635,110.643,110.634,110.637,195170000,1
1500888780000,1500888839000,110.637,110.655,110.631,110.655,129390000,1
1500888840000,1500888899000,110.655,110.681,110.655,110.674,127490000,1
1500888900000,1500888959000,110.673,110.679,110.664,110.678,197150000,1
1500888960000,1500889019000,110.678,110.692,110.676,110.683,160630000,1
1500889020000,1500889079000,110.683,110.683,110.667,110.676,115150000,1
1500889080000,1500889139000,110.676,110.688,110.676,110.682,153450000,1
1500889140000,1500889199000,110.68,110.693,110.678,110.69,151800000,1
1500889200000,1500889259000,110.692,110.692,110.681,110.687,126640000,1
1500889260000,1500889319000,110.687,110.699,110.687,110.696,176800000,1
1500889320000,1500889379000,110.696,110.704,110.694,110.7,158970000,1
1500889380000,1500889439000,110.7,110.714,110.699,110.705,143280000,1
1500889440000,1500889499000,110.704,110.725,110.696,110.723,170410000,1
1500889500000,1500889559000,110.722,110.722,110.703,110.703,129940000,1
1500889560000,1500889619000,110.704,110.708,110.688,110.694,141180000,1
1500889620000,1500889679000,110.695,110.696,110.685,110.69,126120000,1
1500889680000,1500889739000,110.692,110.693,110.683,110.683,82510000,1
1500889740000,1500889799000,110.683,110.695,110.683,110.69,96590000,1
1500889800000,1500889859000,110.69,110.694,110.684,110.694,120580000,1
1500889860000,1500889919000,110.693,110.694,110.685,110.693,98120000,1
1500889920000,1500889979000,110.692,110.714,110.692,110.698,116860000,1
1500889980000,1500890039000,110.698,110.712,110.698,110.711,84860000,1
1500890040000,1500890099000,110.712,110.718,110.696,110.698,108470000,1
1500890100000,1500890159000,110.696,110.713,110.691,110.713,107370000,1
1500890160000,1500890219000,110.712,110.713,110.692,110.698,129240000,1
1500890220000,1500890279000,110.699,110.713,110.697,110.709,84650000,1
1500890280000,1500890339000,110.709,110.712,110.693,110.711,126370000,1
1500890340000,1500890399000,110.71,110.711,110.702,110.707,89710000,1
1500890400000,1500890459000,110.706,110.719,110.706,110.718,105300000,1
1500890460000,1500890519000,110.718,110.726,110.717,110.726,96840000,1
1500890520000,1500890579000,110.722,110.722,110.687,110.694,113740000,1
1500890580000,1500890639000,110.694,110.695,110.669,110.669,116800000,1
1500890640000,1500890699000,110.67,110.706,110.67,110.695,121770000,1
1500890700000,1500890759000,110.699,110.714,110.698,110.714,99850000,1
1500890760000,1500890819000,110.713,110.714,110.707,110.711,83050000,1
1500890820000,1500890879000,110.711,110.711,110.652,110.664,196400000,1
1500890880000,1500890939000,110.66,110.688,110.653,110.688,195640000,1
1500890940000,1500890999000,110.687,110.699,110.687,110.695,104240000,1
1500891000000,1500891059000,110.694,110.706,110.688,110.701,126230000,1
1500891060000,1500891119000,110.701,110.71,110.698,110.704,112220000,1
1500891120000,1500891179000,110.704,110.707,110.694,110.707,139180000,1
1500891180000,1500891239000,110.707,110.712,110.701,110.711,53110000,1
1500891240000,1500891299000,110.711,110.713,110.7,110.705,87730000,1
1500891300000,1500891359000,110.704,110.705,110.685,110.687,97890000,1
1500891360000,1500891419000,110.687,110.699,110.686,110.699,107540000,1
1500891420000,1500891479000,110.697,110.709,110.696,110.703,76580000,1
1500891480000,1500891539000,110.704,110.705,110.693,110.693,123430000,1
1500891540000,1500891599000,110.693,110.699,110.691,110.699,78760000,1
1500891600000,1500891659000,110.699,110.71,110.698,110.71,48220000,1
1500891660000,1500891719000,110.708,110.708,110.698,110.704,91320000,1
1500891720000,1500891779000,110.703,110.711,110.698,110.71,134530000,1
1500891780000,1500891839000,110.709,110.713,110.709,110.711,76000000,1
1500891840000,1500891899000,110.709,110.723,110.706,110.71,89770000,1
1500891900000,1500891959000,110.71,110.711,110.699,110.711,87160000,1
1500891960000,1500892019000,110.71,110.724,110.71,110.718,99310000,1
1500892020000,1500892079000,110.72,110.726,110.72,110.725,23100000,1
1500892080000,1500892139000,110.726,110.742,110.726,110.741,98630000,1
1500892140000,1500892199000,110.741,110.741,110.721,110.723,145300000,1
1500892200000,1500892259000,110.723,110.723,110.708,110.716,143370000,1
1500892260000,1500892319000,110.716,110.718,110.71,110.716,71240000,1
1500892320000,1500892379000,110.717,110.717,110.707,110.712,65810000,1
1500892380000,1500892439000,110.712,110.722,110.703,110.704,67450000,1
1500892440000,1500892499000,110.704,110.706,110.694,110.697,43590000,1
1500892500000,1500892559000,110.696,110.711,110.696,110.71,49840000,1
1500892560000,1500892619000,110.709,110.709,110.694,110.697,71440000,1
1500892620000,1500892679000,110.698,110.703,110.684,110.684,88510000,1
1500892680000,1500892739000,110.684,110.685,110.678,110.678,60050000,1
1500892740000,1500892799000,110.678,110.678,110.671,110.678,90040000,1
1500892800000,1500892859000,110.679,110.704,110.679,110.696,100210000,1
1500892860000,1500892919000,110.696,110.696,110.68,110.691,100540000,1
1500892920000,1500892979000,110.692,110.709,110.692,110.709,98790000,1
1500892980000,1500893039000,110.709,110.712,110.705,110.711,58740000,1
1500893040000,1500893099000,110.711,110.717,110.703,110.713,136520000,1
1500893100000,1500893159000,110.716,110.722,110.691,110.694,149750000,1
1500893160000,1500893219000,110.694,110.699,110.685,110.693,77340000,1
1500893220000,1500893279000,110.694,110.705,110.694,110.704,59980000,1
1500893280000,1500893339000,110.703,110.705,110.693,110.693,39650000,1
1500893340000,1500893399000,110.692,110.698,110.68,110.686,86770000,1
1500893400000,1500893459000,110.685,110.706,110.685,110.706,59410000,1
1500893460000,1500893519000,110.705,110.713,110.704,110.713,137110000,1
1500893520000,1500893579000,110.714,110.716,110.709,110.716,80560000,1
1500893580000,1500893639000,110.716,110.731,110.715,110.73,92010000,1
1500893640000,1500893699000,110.733,110.742,110.727,110.729,101030000,1
1500893700000,1500893759000,110.729,110.732,110.704,110.707,121300000,1
1500893760000,1500893819000,110.707,110.714,110.701,110.704,101320000,1
1500893820000,1500893879000,110.704,110.706,110.692,110.693,86850000,1
1500893880000,1500893939000,110.693,110.694,110.688,110.694,55140000,1
1500893940000,1500893999000,110.695,110.719,110.695,110.719,82800000,1
1500894000000,1500894059000,110.719,110.735,110.717,110.731,139650000,1
1500894060000,1500894119000,110.732,110.732,110.72,110.722,61560000,1
1500894120000,1500894179000,110.722,110.732,110.72,110.732,126290000,1
1500894180000,1500894239000,110.731,110.761,110.726,110.756,132360000,1
1500894240000,1500894299000,110.755,110.76,110.75,110.76,55380000,1
1500894300000,1500894359000,110.76,110.769,110.756,110.757,68490000,1
1500894360000,1500894419000,110.756,110.769,110.756,110.763,99510000,1
1500894420000,1500894479000,110.763,110.763,110.75,110.756,95110000,1
1500894480000,1500894539000,110.755,110.772,110.752,110.769,71600000,1
1500894540000,1500894599000,110.769,110.78,110.768,110.769,122130000,1
1500894600000,1500894659000,110.769,110.769,110.762,110.763,72410000,1
1500894660000,1500894719000,110.765,110.774,110.765,110.768,112340000,1
1500894720000,1500894779000,110.766,110.766,110.755,110.755,72090000,1
1500894780000,1500894839000,110.754,110.754,110.749,110.749,61970000,1
1500894840000,1500894899000,110.749,110.757,110.749,110.757,90870000,1
1500894900000,1500894959000,110.758,110.776,110.758,110.761,126730000,1
1500894960000,1500895019000,110.76,110.76,110.75,110.751,56080000,1
1500895020000,1500895079000,110.75,110.751,110.747,110.749,23120000,1
1500895080000,1500895139000,110.749,110.75,110.749,110.75,14120000,1
1500895140000,1500895199000,110.751,110.754,110.747,110.754,55530000,1
1500895200000,1500895259000,110.754,110.798,110.749,110.786,151190000,1
1500895260000,1500895319000,110.786,110.792,110.783,110.784,104190000,1
1500895320000,1500895379000,110.786,110.793,110.785,110.791,58700000,1
1500895380000,1500895439000,110.791,110.792,110.785,110.786,42040000,1
1500895440000,1500895499000,110.783,110.803,110.78,110.797,137800000,1
1500895500000,1500895559000,110.797,110.797,110.785,110.792,76130000,1
1500895560000,1500895619000,110.796,110.808,110.784,110.803,112430000,1
1500895620000,1500895679000,110.803,110.807,110.789,110.807,131880000,1
1500895680000,1500895739000,110.807,110.812,110.8,110.807,145010000,1
1500895740000,1500895799000,110.807,110.819,110.807,110.808,97190000,1
1500895800000,1500895859000,110.81,110.813,110.806,110.807,152840000,1
1500895860000,1500895919000,110.808,110.813,110.79,110.794,182670000,1
1500895920000,1500895979000,110.796,110.796,110.775,110.779,168220000,1
1500895980000,1500896039000,110.778,110.795,110.778,110.792,122200000,1
1500896040000,1500896099000,110.79,110.79,110.771,110.772,116650000,1
1500896100000,1500896159000,110.771,110.781,110.764,110.766,139940000,1
1500896160000,1500896219000,110.768,110.769,110.764,110.765,95520000,1
1500896220000,1500896279000,110.765,110.771,110.765,110.77,53890000,1
1500896280000,1500896339000,110.77,110.77,110.767,110.769,44920000,1
1500896340000,1500896399000,110.771,110.777,110.77,110.777,58280000,1
1500896400000,1500896459000,110.777,110.781,110.773,110.779,49030000,1
1500896460000,1500896519000,110.781,110.79,110.78,110.787,47660000,1
1500896520000,1500896579000,110.786,110.802,110.786,110.802,48760000,1
1500896580000,1500896639000,110.804,110.817,110.799,110.809,183760000,1
1500896640000,1500896699000,110.81,110.831,110.81,110.825,188900000,1
1500896700000,1500896759000,110.823,110.828,110.822,110.825,96820000,1
1500896760000,1500896819000,110.825,110.826,110.82,110.82,75120000,1
1500896820000,1500896879000,110.82,110.822,110.817,110.817,99910000,1
1500896880000,1500896939000,110.817,110.822,110.817,110.822,85070000,1
1500896940000,1500896999000,110.824,110.826,110.82,110.826,12120000,1
1500897000000,1500897059000,110.823,110.828,110.802,110.802,120450000,1
1500897060000,1500897119000,110.803,110.817,110.803,110.803,141810000,1
1500897120000,1500897179000,110.803,110.803,110.803,110.803,62600000,1
1500897180000,1500897239000,110.806,110.808,110.806,110.807,43750000,1
1500897240000,1500897299000,110.806,110.82,110.806,110.82,65130000,1
1500897300000,1500897359000,110.82,110.829,110.82,110.826,101290000,1
1500897360000,1500897419000,110.826,110.829,110.813,110.816,79360000,1
1500897420000,1500897479000,110.816,110.828,110.815,110.827,38300000,1
1500897480000,1500897539000,110.827,110.832,110.824,110.826,84290000,1
1500897540000,1500897599000,110.825,110.836,110.817,110.835,82710000,1
1500897600000,1500897659000,110.834,110.836,110.813,110.82,109650000,1
1500897660000,1500897719000,110.819,110.819,110.811,110.814,88850000,1
1500897720000,1500897779000,110.813,110.834,110.81,110.831,91560000,1
1500897780000,1500897839000,110.83,110.832,110.825,110.832,65660000,1
1500897840000,1500897899000,110.833,110.866,110.833,110.857,82080000,1
1500897900000,1500897959000,110.857,110.877,110.857,110.863,100850000,1
1500897960000,1500898019000,110.864,110.888,110.863,110.879,173240000,1
1500898020000,1500898079000,110.878,110.888,110.87,110.87,142190000,1
1500898080000,1500898139000,110.87,110.872,110.86,110.87,116780000,1
1500898140000,1500898199000,110.871,110.883,110.871,110.878,86640000,1
1500898200000,1500898259000,110.877,110.88,110.871,110.871,42800000,1
1500898260000,1500898319000,110.869,110.869,110.862,110.863,82080000,1
1500898320000,1500898379000,110.867,110.87,110.866,110.869,39460000,1
1500898380000,1500898439000,110.869,110.869,110.855,110.856,65120000,1
1500898440000,1500898499000,110.855,110.856,110.826,110.827,157080000,1
1500898500000,1500898559000,110.826,110.833,110.813,110.821,116830000,1
1500898560000,1500898619000,110.821,110.821,110.812,110.818,90970000,1
1500898620000,1500898679000,110.816,110.818,110.799,110.805,135800000,1
1500898680000,1500898739000,110.806,110.814,110.8,110.808,105580000,1
1500898740000,1500898799000,110.806,110.82,110.805,110.819,101290000,1
1500898800000,1500898859000,110.816,110.835,110.815,110.833,121410000,1
1500898860000,1500898919000,110.832,110.865,110.832,110.852,97160000,1
1500898920000,1500898979000,110.853,110.853,110.824,110.825,144130000,1
1500898980000,1500899039000,110.826,110.833,110.816,110.822,118140000,1
1500899040000,1500899099000,110.822,110.828,110.814,110.827,104680000,1
1500899100000,1500899159000,110.826,110.826,110.782,110.782,134710000,1
1500899160000,1500899219000,110.782,110.789,110.773,110.785,169100000,1
1500899220000,1500899279000,110.784,110.787,110.774,110.775,80200000,1
1500899280000,1500899339000,110.775,110.804,110.773,110.803,116550000,1
1500899340000,1500899399000,110.806,110.83,110.806,110.821,139110000,1
1500899400000,1500899459000,110.821,110.828,110.81,110.819,206600000,1
1500899460000,1500899519000,110.819,110.848,110.819,110.83,108480000,1
1500899520000,1500899579000,110.825,110.832,110.818,110.83,99500000,1
1500899580000,1500899639000,110.83,110.832,110.807,110.827,196400000,1
1500899640000,1500899699000,110.829,110.833,110.81,110.814,201570000,1
1500899700000,1500899759000,110.813,110.822,110.81,110.81,150960000,1
1500899760000,1500899819000,110.81,110.811,110.775,110.776,143610000,1
1500899820000,1500899879000,110.776,110.801,110.775,110.796,70920000,1
1500899880000,1500899939000,110.796,110.816,110.777,110.777,182250000,1
1500899940000,1500899999000,110.777,110.798,110.775,110.798,107150000,1
1500900000000,1500900059000,110.8,110.803,110.784,110.797,118010000,1
1500900060000,1500900119000,110.797,110.803,110.794,110.797,79280000,1
1500900120000,1500900179000,110.796,110.803,110.789,110.802,91550000,1
1500900180000,1500900239000,110.802,110.803,110.796,110.803,127290000,1
1500900240000,1500900299000,110.802,110.804,110.792,110.804,83400000,1
1500900300000,1500900359000,110.803,110.813,110.785,110.786,108330000,1
1500900360000,1500900419000,110.789,110.801,110.785,110.789,146960000,1
1500900420000,1500900479000,110.79,110.811,110.788,110.803,107950000,1
1500900480000,1500900539000,110.803,110.803,110.786,110.786,118350000,1
1500900540000,1500900599000,110.79,110.806,110.786,110.8,77520000,1
1500900600000,1500900659000,110.801,110.803,110.79,110.798,109400000,1
1500900660000,1500900719000,110.797,110.815,110.792,110.815,97730000,1
1500900720000,1500900779000,110.817,110.827,110.815,110.825,153990000,1
1500900780000,1500900839000,110.825,110.826,110.82,110.826,57830000,1
1500900840000,1500900899000,110.826,110.826,110.816,110.823,100450000,1
1500900900000,1500900959000,110.822,110.825,110.816,110.82,95200000,1
1500900960000,1500901019000,110.818,110.818,110.804,110.809,86520000,1
1500901020000,1500901079000,110.81,110.82,110.809,110.809,86490000,1
1500901080000,1500901139000,110.809,110.817,110.808,110.815,62250000,1
1500901140000,1500901199000,110.815,110.827,110.814,110.821,41570000,1
1500901200000,1500901259000,110.821,110.843,110.82,110.838,98530000,1
1500901260000,1500901319000,110.838,110.839,110.832,110.834,42470000,1
1500901320000,1500901379000,110.835,110.842,110.825,110.827,62970000,1
1500901380000,1500901439000,110.829,110.832,110.813,110.821,83910000,1
1500901440000,1500901499000,110.822,110.838,110.82,110.838,130690000,1
1500901500000,1500901559000,110.837,110.837,110.82,110.821,124200000,1
1500901560000,1500901619000,110.821,110.821,110.815,110.815,74010000,1
1500901620000,1500901679000,110.814,110.818,110.811,110.812,110350000,1
1500901680000,1500901739000,110.812,110.813,110.795,110.796,114260000,1
1500901740000,1500901799000,110.795,110.813,110.794,110.81,125780000,1
1500901800000,1500901859000,110.809,110.827,110.809,110.827,128500000,1
1500901860000,1500901919000,110.826,110.853,110.826,110.838,174380000,1
1500901920000,1500901979000,110.838,110.845,110.825,110.829,102640000,1
1500901980000,1500902039000,110.831,110.833,110.822,110.823,92160000,1
1500902040000,1500902099000,110.824,110.833,110.824,110.829,40970000,1
1500902100000,1500902159000,110.83,110.849,110.83,110.846,105300000,1
1500902160000,1500902219000,110.846,110.883,110.846,110.871,212210000,1
1500902220000,1500902279000,110.871,110.875,110.865,110.868,135920000,1
1500902280000,1500902339000,110.868,110.881,110.862,110.876,130480000,1
1500902340000,1500902399000,110.877,110.883,110.871,110.875,91240000,1
1500902400000,1500902459000,110.873,110.883,110.871,110.882,140760000,1
1500902460000,1500902519000,110.882,110.882,110.864,110.864,131130000,1
1500902520000,1500902579000,110.864,110.873,110.863,110.868,97830000,1
1500902580000,1500902639000,110.868,110.877,110.868,110.875,66650000,1
1500902640000,1500902699000,110.876,110.9,110.875,110.897,58170000,1
1500902700000,1500902759000,110.899,110.957,110.896,110.952,207540000,1
1500902760000,1500902819000,110.95,110.95,110.935,110.943,146330000,1
1500902820000,1500902879000,110.943,110.943,110.922,110.932,81290000,1
1500902880000,1500902939000,110.933,110.942,110.932,110.938,100800000,1
1500902940000,1500902999000,110.937,110.937,110.929,110.936,59010000,1
1500903000000,1500903059000,110.937,110.938,110.929,110.931,101910000,1
1500903060000,1500903119000,110.93,110.951,110.93,110.949,136040000,1
1500903120000,1500903179000,110.947,110.994,110.946,110.987,280950000,1
1500903180000,1500903239000,110.987,111.021,110.979,110.998,279070000,1
1500903240000,1500903299000,110.999,111.029,110.991,111.026,239620000,1
1500903300000,1500903359000,111.025,111.026,111.004,111.005,190680000,1
1500903360000,1500903419000,111.004,111.012,110.989,111.01,149290000,1
1500903420000,1500903479000,111.009,111.014,110.978,110.978,179320000,1
1500903480000,1500903539000,110.978,110.984,110.958,110.958,253640000,1
1500903540000,1500903599000,110.958,110.974,110.955,110.956,116210000,1
1500903600000,1500903659000,110.957,110.96,110.936,110.941,171580000,1
1500903660000,1500903719000,110.941,110.948,110.93,110.932,118840000,1
1500903720000,1500903779000,110.933,110.937,110.922,110.933,112650000,1
1500903780000,1500903839000,110.935,110.937,110.928,110.933,60560000,1
1500903840000,1500903899000,110.934,110.949,110.929,110.946,185300000,1
1500903900000,1500903959000,110.947,110.986,110.947,110.954,271510000,1
1500903960000,1500904019000,110.953,110.956,110.915,110.915,237160000,1
1500904020000,1500904079000,110.915,110.935,110.903,110.923,221950000,1
1500904080000,1500904139000,110.923,110.944,110.923,110.924,173410000,1
1500904140000,1500904199000,110.924,110.949,110.924,110.938,139640000,1
1500904200000,1500904259000,110.938,110.949,110.931,110.931,137270000,1
1500904260000,1500904319000,110.93,110.942,110.93,110.941,110570000,1
1500904320000,1500904379000,110.942,110.949,110.939,110.943,43780000,1
1500904380000,1500904439000,110.944,110.95,110.942,110.943,54820000,1
1500904440000,1500904499000,110.944,110.96,110.942,110.952,137860000,1
1500904500000,1500904559000,110.953,110.968,110.95,110.963,88930000,1
1500904560000,1500904619000,110.963,110.964,110.947,110.956,70320000,1
1500904620000,1500904679000,110.957,110.957,110.947,110.949,81110000,1
1500904680000,1500904739000,110.949,110.955,110.937,110.938,95560000,1
1500904740000,1500904799000,110.937,110.956,110.93,110.946,90430000,1
1500904800000,1500904859000,110.946,110.951,110.911,110.939,198930000,1
1500904860000,1500904919000,110.94,110.945,110.917,110.922,90760000,1
1500904920000,1500904979000,110.921,110.924,110.901,110.901,129550000,1
1500904980000,1500905039000,110.901,110.918,110.901,110.917,143910000,1
1500905040000,1500905099000,110.916,110.943,110.916,110.936,139880000,1
1500905100000,1500905159000,110.936,110.959,110.936,110.949,198030000,1
1500905160000,1500905219000,110.949,110.949,110.936,110.936,128660000,1
1500905220000,1500905279000,110.936,110.946,110.936,110.942,162230000,1
1500905280000,1500905339000,110.942,110.951,110.942,110.949,85470000,1
1500905340000,1500905399000,110.948,110.95,110.938,110.938,154810000,1
1500905400000,1500905459000,110.939,110.958,110.935,110.937,226530000,1
1500905460000,1500905519000,110.936,110.936,110.92,110.922,113590000,1
1500905520000,1500905579000,110.92,110.921,110.898,110.898,157930000,1
1500905580000,1500905639000,110.898,110.904,110.89,110.893,192920000,1
1500905640000,1500905699000,110.894,110.902,110.888,110.895,85790000,1
1500905700000,1500905759000,110.895,110.896,110.856,110.856,234350000,1
1500905760000,1500905819000,110.857,110.873,110.856,110.87,195200000,1
1500905820000,1500905879000,110.869,110.869,110.854,110.863,127640000,1
1500905880000,1500905939000,110.863,110.873,110.853,110.863,118280000,1
1500905940000,1500905999000,110.864,110.878,110.863,110.876,61870000,1
1500906000000,1500906059000,110.876,110.881,110.869,110.87,95710000,1
1500906060000,1500906119000,110.87,110.873,110.865,110.869,106460000,1
1500906120000,1500906179000,110.868,110.87,110.858,110.859,80770000,1
1500906180000,1500906239000,110.859,110.87,110.85,110.87,96820000,1
1500906240000,1500906299000,110.87,110.879,110.864,110.875,92480000,1
1500906300000,1500906359000,110.875,110.878,110.87,110.874,52430000,1
1500906360000,1500906419000,110.871,110.894,110.867,110.894,135550000,1
1500906420000,1500906479000,110.893,110.908,110.892,110.906,124290000,1
1500906480000,1500906539000,110.907,110.919,110.9,110.915,102820000,1
1500906540000,1500906599000,110.915,110.933,110.915,110.925,71780000,1
1500906600000,1500906659000,110.925,110.925,110.905,110.909,83120000,1
1500906660000,1500906719000,110.908,110.92,110.892,110.92,77640000,1
1500906720000,1500906779000,110.921,110.926,110.918,110.926,67980000,1
1500906780000,1500906839000,110.929,110.957,110.928,110.957,77620000,1
1500906840000,1500906899000,110.954,110.989,110.954,110.989,167320000,1
1500906900000,1500906959000,110.99,110.998,110.979,110.995,143420000,1
1500906960000,1500907019000,110.996,110.998,110.982,110.988,139480000,1
1500907020000,1500907079000,110.991,110.993,110.976,110.98,98530000,1
1500907080000,1500907139000,110.98,110.991,110.973,110.99,161980000,1
1500907140000,1500907199000,110.99,110.997,110.986,110.986,78870000,1
1500907200000,1500907259000,110.984,111.002,110.974,110.999,187320000,1
1500907260000,1500907319000,111.003,111.005,110.967,110.967,165110000,1
1500907320000,1500907379000,110.967,110.978,110.965,110.978,141620000,1
1500907380000,1500907439000,110.978,110.994,110.974,110.994,127870000,1
1500907440000,1500907499000,110.994,111.006,110.992,111.005,64040000,1
1500907500000,1500907559000,111.005,111.005,110.99,110.997,82500000,1
1500907560000,1500907619000,110.997,110.997,110.986,110.996,84750000,1
1500907620000,1500907679000,110.995,111.063,110.995,111.045,205200000,1
1500907680000,1500907739000,111.045,111.058,111.035,111.052,179950000,1
1500907740000,1500907799000,111.053,111.07,111.051,111.067,153220000,1
1500907800000,1500907859000,111.068,111.076,111.062,111.064,95260000,1
1500907860000,1500907919000,111.065,111.072,111.059,111.063,176050000,1
1500907920000,1500907979000,111.063,111.067,111.032,111.034,176150000,1
1500907980000,1500908039000,111.033,111.048,111.032,111.047,109820000,1
1500908040000,1500908099000,111.047,111.051,111.031,111.038,140610000,1
1500908100000,1500908159000,111.036,111.059,111.031,111.054,136330000,1
1500908160000,1500908219000,111.053,111.053,111.035,111.039,133560000,1
1500908220000,1500908279000,111.04,111.075,111.034,111.075,279950000,1
1500908280000,1500908339000,111.077,111.098,111.07,111.089,224550000,1
1500908340000,1500908399000,111.089,111.1,111.086,111.09,225530000,1
1500908400000,1500908459000,111.089,111.121,111.087,111.11,237450000,1
1500908460000,1500908519000,111.109,111.125,111.102,111.122,226020000,1
1500908520000,1500908579000,111.122,111.122,111.09,111.095,162850000,1
1500908580000,1500908639000,111.094,111.103,111.08,111.089,204060000,1
1500908640000,1500908699000,111.09,111.098,111.084,111.093,117790000,1
1500908700000,1500908759000,111.092,111.092,111.07,111.072,123500000,1
1500908760000,1500908819000,111.072,111.078,111.054,111.059,105650000,1
1500908820000,1500908879000,111.06,111.083,111.06,111.071,98210000,1
1500908880000,1500908939000,111.07,111.071,111.057,111.065,101690000,1
1500908940000,1500908999000,111.065,111.067,111.051,111.052,107680000,1
1500909000000,1500909059000,111.052,111.058,111.047,111.053,110030000,1
1500909060000,1500909119000,111.052,111.059,111.05,111.055,63020000,1
1500909120000,1500909179000,111.053,111.062,111.044,111.06,133780000,1
1500909180000,1500909239000,111.059,111.06,111.044,111.047,97360000,1
1500909240000,1500909299000,111.044,111.076,111.043,111.076,155450000,1
1500909300000,1500909359000,111.074,111.103,111.07,111.094,147500000,1
1500909360000,1500909419000,111.091,111.101,111.088,111.101,158310000,1
1500909420000,1500909479000,111.099,111.099,111.083,111.088,101150000,1
1500909480000,1500909539000,111.087,111.122,111.084,111.114,144250000,1
1500909540000,1500909599000,111.115,111.115,111.105,111.11,107340000,1
1500909600000,1500909659000,111.108,111.114,111.083,111.083,146680000,1
1500909660000,1500909719000,111.083,111.083,111.074,111.079,62840000,1
1500909720000,1500909779000,111.079,111.079,111.015,111.023,138640000,1
1500909780000,1500909839000,111.024,111.031,111.019,111.026,133490000,1
1500909840000,1500909899000,111.028,111.031,111.022,111.022,116290000,1
1500909900000,1500909959000,111.022,111.031,111.022,111.03,61230000,1
1500909960000,1500910019000,111.027,111.031,111.01,111.018,91400000,1
1500910020000,1500910079000,111.017,111.018,110.976,110.984,146350000,1
1500910080000,1500910139000,110.988,111.0,110.986,110.999,96070000,1
1500910140000,1500910199000,110.998,111.038,110.998,111.031,142150000,1
1500910200000,1500910259000,111.031,111.045,111.019,111.039,96050000,1
1500910260000,1500910319000,111.038,111.051,111.027,111.051,94160000,1
1500910320000,1500910379000,111.05,111.067,111.046,111.062,123890000,1
1500910380000,1500910439000,111.061,111.097,111.061,111.096,181670000,1
1500910440000,1500910499000,111.096,111.111,111.093,111.105,186000000,1
1500910500000,1500910559000,111.104,111.104,111.089,111.094,116430000,1
1500910560000,1500910619000,111.096,111.109,111.08,111.08,135620000,1
1500910620000,1500910679000,111.079,111.095,111.078,111.095,75150000,1
1500910680000,1500910739000,111.095,111.096,111.073,111.075,99280000,1
1500910740000,1500910799000,111.077,111.099,111.067,111.098,95390000,1
1500910800000,1500910859000,111.098,111.117,111.097,111.116,120840000,1
1500910860000,1500910919000,111.115,111.116,111.094,111.097,136480000,1
1500910920000,1500910979000,111.097,111.118,111.097,111.117,75020000,1
1500910980000,1500911039000,111.117,111.129,111.095,111.097,86880000,1
1500911040000,1500911099000,111.096,111.098,111.067,111.083,113170000,1
1500911100000,1500911159000,111.082,111.082,111.068,111.07,62980000,1
1500911160000,1500911219000,111.069,111.079,111.065,111.079,84060000,1
1500911220000,1500911279000,111.079,111.099,111.078,111.079,108540000,1
1500911280000,1500911339000,111.078,111.079,111.078,111.079,5870000,1
1500911340000,1500911399000,111.078,111.079,111.066,111.069,109640000,1
1500911400000,1500911459000,111.07,111.077,111.059,111.061,107390000,1
1500911460000,1500911519000,111.063,111.078,111.062,111.078,54260000,1
1500911520000,1500911579000,111.077,111.083,111.067,111.083,104210000,1
1500911580000,1500911639000,111.082,111.082,111.07,111.071,49830000,1
1500911640000,1500911699000,111.072,111.086,111.071,111.078,73960000,1
1500911700000,1500911759000,111.078,111.096,111.077,111.096,72350000,1
1500911760000,1500911819000,111.096,111.111,111.096,111.099,110050000,1
1500911820000,1500911879000,111.099,111.102,111.085,111.088,65310000,1
1500911880000,1500911939000,111.088,111.096,111.085,111.09,51760000,1
1500911940000,1500911999000,111.09,111.09,111.078,111.09,74890000,1
1500912000000,1500912059000,111.092,111.264,111.092,111.214,351530000,1
1500912060000,1500912119000,111.215,111.226,111.206,111.215,178710000,1
1500912120000,1500912179000,111.215,111.232,111.201,111.203,178130000,1
1500912180000,1500912239000,111.202,111.204,111.186,111.186,184090000,1
1500912240000,1500912299000,111.184,111.184,111.174,111.177,98390000,1
1500912300000,1500912359000,111.176,111.194,111.175,111.175,124380000,1
1500912360000,1500912419000,111.174,111.178,111.161,111.161,141860000,1
1500912420000,1500912479000,111.162,111.193,111.162,111.187,215470000,1
1500912480000,1500912539000,111.187,111.199,111.179,111.193,220220000,1
1500912540000,1500912599000,111.194,111.207,111.19,111.207,63620000,1
1500912600000,1500912659000,111.207,111.215,111.201,111.215,83840000,1
1500912660000,1500912719000,111.215,111.221,111.208,111.213,125730000,1
1500912720000,1500912779000,111.213,111.213,111.203,111.205,78550000,1
1500912780000,1500912839000,111.205,111.211,111.202,111.205,108390000,1
1500912840000,1500912899000,111.204,111.226,111.201,111.225,121740000,1
1500912900000,1500912959000,111.224,111.317,111.213,111.297,250210000,1
1500912960000,1500913019000,111.298,111.298,111.243,111.244,239150000,1
1500913020000,1500913079000,111.244,111.255,111.226,111.255,154360000,1
1500913080000,1500913139000,111.256,111.257,111.247,111.254,97880000,1
1500913140000,1500913199000,111.255,111.259,111.247,111.254,94750000,1
1500913200000,1500913259000,111.253,111.253,111.231,111.235,95760000,1
1500913260000,1500913319000,111.235,111.243,111.229,111.23,67510000,1
1500913320000,1500913379000,111.231,111.231,111.213,111.219,90000000,1
1500913380000,1500913439000,111.22,111.232,111.215,111.218,50650000,1
1500913440000,1500913499000,111.218,111.218,111.207,111.208,59330000,1
1500913500000,1500913559000,111.207,111.221,111.207,111.221,44900000,1
1500913560000,1500913619000,111.22,111.228,111.22,111.227,45570000,1
1500913620000,1500913679000,111.226,111.232,111.221,111.231,90930000,1
1500913680000,1500913739000,111.233,111.233,111.212,111.213,182980000,1
1500913740000,1500913799000,111.211,111.226,111.211,111.226,56540000,1
1500913800000,1500913859000,111.227,111.232,111.226,111.232,26910000,1
1500913860000,1500913919000,111.232,111.232,111.212,111.214,70270000,1
1500913920000,1500913979000,111.214,111.215,111.205,111.205,77000000,1
1500913980000,1500914039000,111.206,111.207,111.206,111.206,7000000,1
1500914040000,1500914099000,111.206,111.214,111.183,111.213,148730000,1
1500914100000,1500914159000,111.217,111.233,111.215,111.227,166470000,1
1500914160000,1500914219000,111.227,111.231,111.226,111.231,62830000,1
1500914220000,1500914279000,111.23,111.23,111.218,111.224,64700000,1
1500914280000,1500914339000,111.225,111.251,111.219,111.219,149830000,1
1500914340000,1500914399000,111.22,111.224,111.216,111.219,47800000,1
1500914400000,1500914459000,111.219,111.219,111.201,111.201,85270000,1
1500914460000,1500914519000,111.203,111.203,111.179,111.188,130940000,1
1500914520000,1500914579000,111.188,111.195,111.184,111.195,94000000,1
1500914580000,1500914639000,111.195,111.203,111.195,111.202,29380000,1
1500914640000,1500914699000,111.201,111.202,111.178,111.179,53490000,1
1500914700000,1500914759000,111.178,111.181,111.168,111.173,67320000,1
1500914760000,1500914819000,111.173,111.183,111.173,111.174,46840000,1
1500914820000,1500914879000,111.176,111.188,111.176,111.176,82220000,1
1500914880000,1500914939000,111.177,111.194,111.172,111.193,62450000,1
1500914940000,1500914999000,111.193,111.193,111.169,111.178,69800000,1
1500915000000,1500915059000,111.177,111.183,111.168,111.168,59510000,1
1500915060000,1500915119000,111.17,111.174,111.165,111.171,97010000,1
1500915120000,1500915179000,111.17,111.175,111.154,111.157,72120000,1
1500915180000,1500915239000,111.156,111.177,111.156,111.169,92050000,1
1500915240000,1500915299000,111.17,111.182,111.164,111.164,109610000,1
1500915300000,1500915359000,111.164,111.183,111.16,111.18,123990000,1
1500915360000,1500915419000,111.182,111.19,111.178,111.188,97910000,1
1500915420000,1500915479000,111.189,111.19,111.181,111.19,81220000,1
1500915480000,1500915539000,111.191,111.217,111.191,111.208,99740000,1
1500915540000,1500915599000,111.207,111.21,111.192,111.206,94080000,1
1500915600000,1500915659000,111.205,111.219,111.202,111.218,76070000,1
1500915660000,1500915719000,111.216,111.232,111.216,111.221,99800000,1
1500915720000,1500915779000,111.221,111.221,111.214,111.214,32530000,1
1500915780000,1500915839000,111.215,111.217,111.209,111.216,69330000,1
1500915840000,1500915899000,111.216,111.217,111.208,111.212,79600000,1
1500915900000,1500915959000,111.211,111.211,111.201,111.201,89990000,1
1500915960000,1500916019000,111.204,111.23,111.187,111.23,168810000,1
1500916020000,1500916079000,111.235,111.242,111.22,111.222,87170000,1
1500916080000,1500916139000,111.222,111.237,111.218,111.226,86530000,1
1500916140000,1500916199000,111.225,111.227,111.202,111.202,158970000,1
1500916200000,1500916259000,111.202,111.202,111.172,111.176,136410000,1
1500916260000,1500916319000,111.176,111.179,111.168,111.169,26650000,1
1500916320000,1500916379000,111.169,111.172,111.164,111.169,52620000,1
1500916380000,1500916439000,111.169,111.182,111.163,111.169,112430000,1
1500916440000,1500916499000,111.17,111.195,111.17,111.183,106840000,1
1500916500000,1500916559000,111.182,111.207,111.169,111.207,155860000,1
1500916560000,1500916619000,111.207,111.218,111.183,111.188,86920000,1
1500916620000,1500916679000,111.189,111.2,111.18,111.2,89820000,1
1500916680000,1500916739000,111.195,111.199,111.184,111.185,53360000,1
1500916740000,1500916799000,111.185,111.19,111.181,111.183,45730000,1
1500916800000,1500916859000,111.181,111.199,111.18,111.184,96690000,1
1500916860000,1500916919000,111.184,111.184,111.177,111.179,46760000,1
1500916920000,1500916979000,111.18,111.187,111.174,111.187,502800000,1
1500916980000,1500917039000,111.188,111.197,111.188,111.189,51440000,1
1500917040000,1500917099000,111.188,111.188,111.175,111.179,92370000,1
1500917100000,1500917159000,111.18,111.198,111.175,111.198,1508110000,1
1500917160000,1500917219000,111.198,111.261,111.198,111.254,526190000,1
1500917220000,1500917279000,111.254,111.27,111.252,111.261,152190000,1
1500917280000,1500917339000,111.261,111.261,111.246,111.248,123750000,1
1500917340000,1500917399000,111.247,111.253,111.237,111.239,109820000,1
1500917400000,1500917459000,111.239,111.242,111.225,111.226,76550000,1
1500917460000,1500917519000,111.225,111.225,111.218,111.218,40050000,1
1500917520000,1500917579000,111.219,111.219,111.213,111.219,25470000,1
1500917580000,1500917639000,111.217,111.222,111.205,111.205,76380000,1
1500917640000,1500917699000,111.206,111.236,111.206,111.233,119610000,1
1500917700000,1500917759000,111.235,111.243,111.228,111.228,95220000,1
1500917760000,1500917819000,111.228,111.232,111.224,111.232,77370000,1
1500917820000,1500917879000,111.231,111.231,111.198,111.199,99420000,1
1500917880000,1500917939000,111.2,111.21,111.186,111.187,112490000,1
1500917940000,1500917999000,111.187,111.189,111.183,111.188,80240000,1
1500918000000,1500918059000,111.187,111.207,111.185,111.201,66090000,1
1500918060000,1500918119000,111.201,111.203,111.196,111.2,65680000,1
1500918120000,1500918179000,111.2,111.206,111.199,111.203,79210000,1
1500918180000,1500918239000,111.203,111.203,111.182,111.182,90810000,1
1500918240000,1500918299000,111.182,111.187,111.182,111.183,109890000,1
1500918300000,1500918359000,111.185,111.196,111.18,111.196,94490000,1
1500918360000,1500918419000,111.197,111.198,111.182,111.182,48940000,1
1500918420000,1500918479000,111.182,111.187,111.176,111.181,36370000,1
1500918480000,1500918539000,111.18,111.181,111.18,111.18,18780000,1
1500918540000,1500918599000,111.18,111.181,111.175,111.181,37400000,1
1500918600000,1500918659000,111.181,111.194,111.167,111.194,46440000,1
1500918660000,1500918719000,111.193,111.199,111.193,111.199,45640000,1
1500918720000,1500918779000,111.2,111.201,111.194,111.201,72120000,1
1500918780000,1500918839000,111.201,111.201,111.176,111.176,69790000,1
1500918840000,1500918899000,111.177,111.181,111.168,111.178,112460000,1
1500918900000,1500918959000,111.178,111.179,111.175,111.177,68510000,1
1500918960000,1500919019000,111.177,111.181,111.172,111.172,34760000,1
1500919020000,1500919079000,111.173,111.185,111.172,111.183,58850000,1
1500919080000,1500919139000,111.184,111.184,111.176,111.177,55600000,1
1500919140000,1500919199000,111.177,111.177,111.167,111.167,64240000,1
1500919200000,1500919259000,111.166,111.166,111.152,111.162,92550000,1
1500919260000,1500919319000,111.164,111.173,111.163,111.172,68780000,1
1500919320000,1500919379000,111.171,111.178,111.167,111.178,71660000,1
1500919380000,1500919439000,111.18,111.185,111.176,111.177,34660000,1
1500919440000,1500919499000,111.176,111.177,111.143,111.143,70530000,1
1500919500000,1500919559000,111.142,111.142,111.136,111.137,110550000,1
1500919560000,1500919619000,111.136,111.155,111.136,111.149,129750000,1
1500919620000,1500919679000,111.149,111.15,111.143,111.143,91900000,1
1500919680000,1500919739000,111.144,111.159,111.144,111.155,88760000,1
1500919740000,1500919799000,111.155,111.158,111.152,111.158,33610000,1
1500919800000,1500919859000,111.157,111.157,111.148,111.152,49770000,1
1500919860000,1500919919000,111.152,111.152,111.138,111.139,42450000,1
1500919920000,1500919979000,111.139,111.145,111.139,111.144,63950000,1
1500919980000,1500920039000,111.144,111.148,111.143,111.148,38930000,1
1500920040000,1500920099000,111.15,111.167,111.143,111.143,103140000,1
1500920100000,1500920159000,111.143,111.15,111.142,111.15,71910000,1
1500920160000,1500920219000,111.151,111.152,111.148,111.15,19990000,1
1500920220000,1500920279000,111.149,111.15,111.138,111.138,68250000,1
1500920280000,1500920339000,111.138,111.145,111.138,111.142,39190000,1
1500920340000,1500920399000,111.143,111.143,111.112,111.112,91580000,1
1500920400000,1500920459000,111.112,111.149,111.112,111.146,107740000,1
1500920460000,1500920519000,111.144,111.145,111.138,111.144,87830000,1
1500920520000,1500920579000,111.144,111.145,111.131,111.131,82760000,1
1500920580000,1500920639000,111.131,111.141,111.124,111.141,74880000,1
1500920640000,1500920699000,111.14,111.143,111.127,111.132,101470000,1
1500920700000,1500920759000,111.131,111.15,111.131,111.15,82600000,1
1500920760000,1500920819000,111.152,111.152,111.137,111.141,86580000,1
1500920820000,1500920879000,111.14,111.147,111.14,111.147,93540000,1
1500920880000,1500920939000,111.149,111.162,111.148,111.149,81550000,1
1500920940000,1500920999000,111.149,111.149,111.122,111.125,135810000,1
1500921000000,1500921059000,111.126,111.132,111.121,111.132,60170000,1
1500921060000,1500921119000,111.133,111.137,111.131,111.132,70420000,1
1500921120000,1500921179000,111.132,111.132,111.131,111.132,7670000,1
1500921180000,1500921239000,111.132,111.139,111.132,111.137,24340000,1
1500921240000,1500921299000,111.136,111.139,111.13,111.131,65960000,1
1500921300000,1500921359000,111.131,111.132,111.118,111.118,43820000,1
1500921360000,1500921419000,111.121,111.124,111.117,111.117,42020000,1
1500921420000,1500921479000,111.117,111.13,111.117,111.123,70630000,1
1500921480000,1500921539000,111.123,111.128,111.123,111.123,80620000,1
1500921540000,1500921599000,111.123,111.134,111.123,111.134,60390000,1
1500921600000,1500921659000,111.135,111.152,111.135,111.146,70020000,1
1500921660000,1500921719000,111.146,111.146,111.146,111.146,3360000,1
1500921720000,1500921779000,111.149,111.151,111.149,111.151,16590000,1
1500921780000,1500921839000,111.153,111.168,111.153,111.163,70960000,1
1500921840000,1500921899000,111.164,111.164,111.157,111.157,24510000,1
1500921900000,1500921959000,111.156,111.156,111.119,111.119,70660000,1
1500921960000,1500922019000,111.124,111.137,111.124,111.136,103920000,1
1500922020000,1500922079000,111.135,111.137,111.132,111.137,29380000,1
1500922080000,1500922139000,111.137,111.138,111.132,111.137,39790000,1
1500922140000,1500922199000,111.137,111.143,111.13,111.143,56370000,1
1500922200000,1500922259000,111.145,111.145,111.134,111.138,66740000,1
1500922260000,1500922319000,111.138,111.138,111.131,111.133,75330000,1
1500922320000,1500922379000,111.135,111.139,111.133,111.139,86760000,1
1500922380000,1500922439000,111.139,111.14,111.125,111.132,78330000,1
1500922440000,1500922499000,111.134,111.144,111.121,111.122,60770000,1
1500922500000,1500922559000,111.123,111.129,111.12,111.127,93770000,1
1500922560000,1500922619000,111.127,111.128,111.117,111.118,81670000,1
1500922620000,1500922679000,111.118,111.12,111.113,111.12,107920000,1
1500922680000,1500922739000,111.122,111.126,111.119,111.125,50040000,1
1500922740000,1500922799000,111.126,111.129,111.098,111.101,384840000,1
1500922800000,1500922859000,111.101,111.11,111.095,111.101,62370000,1
1500922860000,1500922919000,111.1,111.105,111.091,111.101,81650000,1
1500922920000,1500922979000,111.101,111.118,111.101,111.118,74280000,1
1500922980000,1500923039000,111.116,111.127,111.116,111.126,54600000,1
1500923040000,1500923099000,111.127,111.127,111.114,111.126,79590000,1
1500923100000,1500923159000,111.126,111.133,111.121,111.121,92250000,1
1500923160000,1500923219000,111.12,111.123,111.114,111.119,90900000,1
1500923220000,1500923279000,111.12,111.12,111.111,111.115,52570000,1
1500923280000,1500923339000,111.113,111.118,111.11,111.11,133560000,1
1500923340000,1500923399000,111.111,111.112,111.11,111.11,88980000,1
1500923400000,1500923459000,111.11,111.113,111.105,111.108,66280000,1
1500923460000,1500923519000,111.108,111.115,111.102,111.115,47800000,1
1500923520000,1500923579000,111.113,111.113,111.1,111.1,79140000,1
1500923580000,1500923639000,111.1,111.1,111.092,111.095,81270000,1
1500923640000,1500923699000,111.094,111.101,111.094,111.094,85140000,1
1500923700000,1500923759000,111.093,111.106,111.09,111.104,96500000,1
1500923760000,1500923819000,111.103,111.109,111.101,111.108,61330000,1
1500923820000,1500923879000,111.108,111.111,111.108,111.108,38490000,1
1500923880000,1500923939000,111.109,111.111,111.108,111.11,25040000,1
1500923940000,1500923999000,111.111,111.112,111.103,111.103,36650000,1
1500924000000,1500924059000,111.103,111.105,111.099,111.104,33890000,1
1500924060000,1500924119000,111.102,111.107,111.102,111.107,123300000,1
1500924120000,1500924179000,111.106,111.106,111.101,111.101,66870000,1
1500924180000,1500924239000,111.102,111.106,111.1,111.102,83320000,1
1500924240000,1500924299000,111.103,111.106,111.102,111.106,49530000,1
1500924300000,1500924359000,111.106,111.107,111.096,111.096,62960000,1
1500924360000,1500924419000,111.097,111.099,111.096,111.097,14660000,1
1500924420000,1500924479000,111.097,111.105,111.096,111.099,138040000,1
1500924480000,1500924539000,111.099,111.113,111.099,111.108,94180000,1
1500924540000,1500924599000,111.11,111.111,111.102,111.107,39500000,1
1500924600000,1500924659000,111.107,111.107,111.101,111.101,42960000,1
1500924660000,1500924719000,111.101,111.101,111.097,111.097,37690000,1
1500924720000,1500924779000,111.097,111.097,111.085,111.093,69520000,1
1500924780000,1500924839000,111.093,111.093,111.082,111.082,63800000,1
1500924840000,1500924899000,111.082,111.084,111.073,111.079,104030000,1
1500924900000,1500924959000,111.08,111.082,111.078,111.08,79620000,1
1500924960000,1500925019000,111.079,111.088,111.079,111.084,58210000,1
1500925020000,1500925079000,111.086,111.088,111.073,111.075,74110000,1
1500925080000,1500925139000,111.076,111.078,111.071,111.075,86300000,1
1500925140000,1500925199000,111.075,111.076,111.073,111.074,103530000,1
1500925200000,1500925259000,111.074,111.076,111.072,111.074,45660000,1
1500925260000,1500925319000,111.074,111.078,111.074,111.075,40700000,1
1500925320000,1500925379000,111.076,111.089,111.075,111.089,62170000,1
1500925380000,1500925439000,111.088,111.089,111.077,111.078,79160000,1
1500925440000,1500925499000,111.079,111.083,111.077,111.082,101290000,1
1500925500000,1500925559000,111.082,111.084,111.072,111.072,78900000,1
1500925560000,1500925619000,111.072,111.083,111.072,111.082,82980000,1
1500925620000,1500925679000,111.082,111.084,111.078,111.084,134400000,1
1500925680000,1500925739000,111.084,111.09,111.08,111.08,34620000,1
1500925740000,1500925799000,111.08,111.084,111.076,111.083,83410000,1
1500925800000,1500925859000,111.082,111.082,111.075,111.076,60760000,1
1500925860000,1500925919000,111.077,111.078,111.076,111.078,28900000,1
1500925920000,1500925979000,111.079,111.091,111.079,111.081,56690000,1
1500925980000,1500926039000,111.082,111.087,111.077,111.077,87240000,1
1500926040000,1500926099000,111.081,111.087,111.078,111.078,71060000,1
1500926100000,1500926159000,111.079,111.099,111.076,111.097,93490000,1
1500926160000,1500926219000,111.097,111.107,111.096,111.107,79280000,1
1500926220000,1500926279000,111.109,111.11,111.097,111.103,110010000,1
1500926280000,1500926339000,111.105,111.105,111.096,111.1,101480000,1
1500926340000,1500926399000,111.1,111.116,111.1,111.111,138470000,1
1500926400000,1500926459000,111.108,111.116,111.108,111.115,16070000,1
1500926460000,1500926519000,111.115,111.116,111.112,111.115,40660000,1
1500926520000,1500926579000,111.116,111.116,111.113,111.113,25610000,1
1500926580000,1500926639000,111.114,111.116,111.109,111.109,42480000,1
1500926640000,1500926699000,111.109,111.115,111.109,111.11,71580000,1
1500926700000,1500926759000,111.109,111.112,111.109,111.109,74160000,1
1500926760000,1500926819000,111.112,111.116,111.093,111.096,105960000,1
1500926820000,1500926879000,111.098,111.102,111.096,111.101,34740000,1
1500926880000,1500926939000,111.101,111.104,111.098,111.103,90740000,1
1500926940000,1500926999000,111.102,111.108,111.101,111.107,106150000,1
1500927000000,1500927059000,111.107,111.108,111.101,111.103,60340000,1
1500927060000,1500927119000,111.103,111.104,111.097,111.098,45950000,1
1500927120000,1500927179000,111.098,111.105,111.098,111.105,32730000,1
1500927180000,1500927239000,111.105,111.108,111.105,111.108,59550000,1
1500927240000,1500927299000,111.108,111.113,111.108,111.113,24950000,1
1500927300000,1500927359000,111.113,111.117,111.112,111.112,22670000,1
1500927360000,1500927419000,111.112,111.112,111.107,111.107,10910000,1
1500927420000,1500927479000,111.107,111.107,111.107,111.107,2120000,1
1500927480000,1500927539000,111.107,111.107,111.106,111.106,4500000,1
1500927540000,1500927599000,111.106,111.108,111.106,111.108,10110000,1
1500927600000,1500927659000,111.108,111.108,111.107,111.107,4000000,1
1500927660000,1500927719000,111.105,111.105,111.101,111.102,47950000,1
1500927720000,1500927779000,111.101,111.104,111.101,111.104,54730000,1
1500927780000,1500927839000,111.104,111.106,111.1,111.101,63060000,1
1500927840000,1500927899000,111.101,111.106,111.101,111.106,29730000,1
1500927900000,1500927959000,111.106,111.108,111.103,111.104,27940000,1
1500927960000,1500928019000,111.106,111.106,111.103,111.106,31000000,1
1500928020000,1500928079000,111.106,111.107,111.106,111.107,19140000,1
1500928080000,1500928139000,111.107,111.107,111.107,111.107,10120000,1
1500928140000,1500928199000,111.107,111.108,111.095,111.096,55350000,1
1500928200000,1500928259000,111.096,111.103,111.095,111.096,53800000,1
1500928260000,1500928319000,111.095,111.098,111.089,111.091,86200000,1
1500928320000,1500928379000,111.09,111.096,111.088,111.09,52490000,1
1500928380000,1500928439000,111.09,111.09,111.09,111.09,14810000,1
1500928440000,1500928499000,111.09,111.095,111.09,111.094,60300000,1
1500928500000,1500928559000,111.094,111.096,111.092,111.092,40420000,1
1500928560000,1500928619000,111.09,111.098,111.09,111.095,78120000,1
1500928620000,1500928679000,111.095,111.095,111.09,111.093,38810000,1
1500928680000,1500928739000,111.094,111.096,111.094,111.096,21610000,1
1500928740000,1500928799000,111.096,111.096,111.096,111.096,4310000,1
1500928800000,1500928859000,111.096,111.099,111.087,111.087,51210000,1
1500928860000,1500928919000,111.087,111.104,111.087,111.101,43820000,1
1500928920000,1500928979000,111.101,111.106,111.101,111.104,31700000,1
1500928980000,1500929039000,111.105,111.106,111.104,111.106,25680000,1
1500929040000,1500929099000,111.105,111.106,111.104,111.106,21130000,1
1500929100000,1500929159000,111.11,111.111,111.11,111.11,35330000,1
1500929160000,1500929219000,111.111,111.119,111.106,111.119,69430000,1
1500929220000,1500929279000,111.119,111.121,111.118,111.12,22560000,1
1500929280000,1500929339000,111.121,111.126,111.121,111.126,10370000,1
1500929340000,1500929399000,111.128,111.137,111.128,111.137,14000000,1
1500929400000,1500929459000,111.136,111.136,111.131,111.132,53880000,1
1500929460000,1500929519000,111.132,111.132,111.12,111.122,48130000,1
1500929520000,1500929579000,111.123,111.123,111.121,111.121,24760000,1
1500929580000,1500929639000,111.121,111.122,111.121,111.121,32860000,1
1500929640000,1500929699000,111.121,111.121,111.117,111.117,21900000,1
1500929700000,1500929759000,111.115,111.119,111.115,111.117,8370000,1
1500929760000,1500929819000,111.117,111.118,111.115,111.115,11030000,1
1500929820000,1500929879000,111.115,111.115,111.1,111.103,24250000,1
1500929880000,1500929939000,111.103,111.103,111.099,111.103,16740000,1
1500929940000,1500929999000,111.103,111.103,111.086,111.086,47500000,1
1500930000000,1500930059000,111.086,111.096,111.086,111.096,5100000,1
1500930060000,1500930119000,111.098,111.098,111.098,111.098,750000,1
1500930120000,1500930179000,111.103,111.104,111.101,111.101,2100000,1
1500930180000,1500930239000,111.101,111.112,111.096,111.112,6450000,1
1500930240000,1500930299000,111.112,111.13,111.112,111.13,22010000,1
1500930300000,1500930359000,111.13,111.13,111.108,111.108,120290000,1
1500930360000,1500930419000,111.108,111.111,111.104,111.105,11670000,1
1500930420000,1500930479000,111.105,111.105,111.102,111.103,3000000,1
1500930480000,1500930539000,111.104,111.104,111.101,111.104,18720000,1
1500930540000,1500930599000,111.104,111.104,111.103,111.103,67500000,1
1500930600000,1500930659000,111.103,111.103,111.099,111.099,96960000,1
1500930660000,1500930719000,111.099,111.1,111.099,111.099,137820000,1
1500930720000,1500930779000,111.099,111.1,111.099,111.099,57540000,1
1500930780000,1500930839000,111.099,111.101,111.099,111.099,53280000,1
1500930840000,1500930899000,111.099,111.103,111.099,111.099,55310000,1
1500930900000,1500930959000,111.101,111.102,111.099,111.101,85710000,1
1500930960000,1500931019000,111.101,111.102,111.099,111.101,143500000,1
1500931020000,1500931079000,111.101,111.102,111.099,111.102,196980000,1
1500931080000,1500931139000,111.1,111.103,111.1,111.103,17420000,1
1500931140000,1500931199000,111.1,111.103,111.1,111.1,17860000,1
1500931200000,1500931259000,111.103,111.104,111.094,111.097,71010000,1
1500931260000,1500931319000,111.097,111.098,111.077,111.084,68250000,1
1500931320000,1500931379000,111.084,111.099,111.083,111.098,40000000,1
1500931380000,1500931439000,111.098,111.143,111.098,111.126,104430000,1
1500931440000,1500931499000,111.132,111.136,111.108,111.114,77570000,1
1500931500000,1500931559000,111.111,111.115,111.107,111.109,51310000,1
1500931560000,1500931619000,111.107,111.113,111.107,111.11,65990000,1
1500931620000,1500931679000,111.11,111.113,111.11,111.111,35660000,1
1500931680000,1500931739000,111.113,111.116,111.111,111.113,89770000,1
1500931740000,1500931799000,111.114,111.122,111.114,111.122,190520000,1
1500931800000,1500931859000,111.12,111.127,111.12,111.127,85580000,1
1500931860000,1500931919000,111.127,111.129,111.126,111.127,48680000,1
1500931920000,1500931979000,111.127,111.132,111.126,111.126,45110000,1
1500931980000,1500932039000,111.126,111.16,111.126,111.16,41970000,1
1500932040000,1500932099000,111.151,111.175,111.15,111.169,53250000,1
1500932100000,1500932159000,111.168,111.17,111.117,111.14,215240000,1
1500932160000,1500932219000,111.142,111.168,111.141,111.154,223810000,1
1500932220000,1500932279000,111.154,111.155,111.144,111.147,129200000,1
1500932280000,1500932339000,111.148,111.16,111.141,111.156,240100000,1
1500932340000,1500932399000,111.157,111.159,111.141,111.154,131270000,1
1500932400000,1500932459000,111.159,111.159,111.148,111.149,66480000,1
1500932460000,1500932519000,111.149,111.156,111.145,111.149,126470000,1
1500932520000,1500932579000,111.149,111.151,111.147,111.15,33450000,1
1500932580000,1500932639000,111.15,111.15,111.148,111.149,31350000,1
1500932640000,1500932699000,111.148,111.151,111.146,111.147,86880000,1
1500932700000,1500932759000,111.147,111.149,111.146,111.149,144550000,1
1500932760000,1500932819000,111.149,111.151,111.149,111.15,76880000,1
1500932820000,1500932879000,111.151,111.158,111.151,111.155,60190000,1
1500932880000,1500932939000,111.155,111.19,111.155,111.157,142210000,1
1500932940000,1500932999000,111.157,111.179,111.151,111.174,49000000,1
1500933000000,1500933059000,111.179,111.18,111.177,111.177,18250000,1
1500933060000,1500933119000,111.176,111.177,111.175,111.175,18000000,1
1500933120000,1500933179000,111.176,111.183,111.176,111.179,11000000,1
1500933180000,1500933239000,111.178,111.183,111.156,111.183,49730000,1
1500933240000,1500933299000,111.183,111.191,111.176,111.179,65320000,1
1500933300000,1500933359000,111.18,111.188,111.177,111.179,51000000,1
1500933360000,1500933419000,111.18,111.186,111.166,111.186,60480000,1
1500933420000,1500933479000,111.186,111.193,111.185,111.193,52320000,1
1500933480000,1500933539000,111.191,111.192,111.176,111.176,50580000,1
1500933540000,1500933599000,111.175,111.188,111.167,111.176,50660000,1
1500933600000,1500933659000,111.175,111.175,111.166,111.172,36810000,1
1500933660000,1500933719000,111.17,111.172,111.162,111.162,36650000,1
1500933720000,1500933779000,111.165,111.176,111.165,111.173,29980000,1
1500933780000,1500933839000,111.174,111.175,111.17,111.171,55290000,1
1500933840000,1500933899000,111.172,111.172,111.159,111.166,153760000,1
1500933900000,1500933959000,111.167,111.168,111.163,111.166,160270000,1
1500933960000,1500934019000,111.168,111.168,111.162,111.166,32450000,1
1500934020000,1500934079000,111.166,111.166,111.163,111.163,143840000,1
1500934080000,1500934139000,111.163,111.164,111.157,111.158,64290000,1
1500934140000,1500934199000,111.158,111.16,111.157,111.16,59060000,1
1500934200000,1500934259000,111.16,111.16,111.157,111.159,42310000,1
1500934260000,1500934319000,111.159,111.168,111.159,111.162,62380000,1
1500934320000,1500934379000,111.162,111.164,111.159,111.159,61570000,1
1500934380000,1500934439000,111.159,111.164,111.158,111.158,46720000,1
1500934440000,1500934499000,111.158,111.16,111.156,111.156,16250000,1
1500934500000,1500934559000,111.158,111.158,111.153,111.158,23880000,1
1500934560000,1500934619000,111.158,111.173,111.156,111.156,51770000,1
1500934620000,1500934679000,111.156,111.156,111.151,111.151,15740000,1
1500934680000,1500934739000,111.15,111.15,111.136,111.148,68190000,1
1500934740000,1500934799000,111.148,111.155,111.148,111.149,30890000,1
1500934800000,1500934859000,111.148,111.149,111.136,111.149,65080000,1
1500934860000,1500934919000,111.149,111.16,111.148,111.159,67480000,1
1500934920000,1500934979000,111.156,111.16,111.154,111.157,21570000,1
1500934980000,1500935039000,111.155,111.16,111.154,111.159,40360000,1
1500935040000,1500935099000,111.159,111.159,111.159,111.159,9180000,1
1500935100000,1500935159000,111.16,111.16,111.159,111.16,8990000,1
1500935160000,1500935219000,111.16,111.16,111.159,111.159,38120000,1
1500935220000,1500935279000,111.159,111.167,111.156,111.167,40860000,1
1500935280000,1500935339000,111.167,111.2,111.167,111.19,119740000,1
1500935340000,1500935399000,111.189,111.208,111.187,111.196,181200000,1
1500935400000,1500935459000,111.195,111.21,111.189,111.199,89510000,1
1500935460000,1500935519000,111.199,111.201,111.187,111.189,78510000,1
1500935520000,1500935579000,111.187,111.187,111.181,111.183,17930000,1
1500935580000,1500935639000,111.183,111.184,111.183,111.183,3250000,1
1500935640000,1500935699000,111.182,111.182,111.168,111.168,12900000,1
1500935700000,1500935759000,111.167,111.17,111.166,111.166,21400000,1
1500935760000,1500935819000,111.165,111.165,111.164,111.164,2090000,1
1500935820000,1500935879000,111.164,111.18,111.164,111.179,28400000,1
1500935880000,1500935939000,111.179,111.208,111.179,111.185,71730000,1
1500935940000,1500935999000,111.184,111.188,111.183,111.183,49970000,1
1500936000000,1500936059000,111.182,111.182,111.172,111.172,20780000,1
1500936060000,1500936119000,111.173,111.188,111.173,111.188,39660000,1
1500936120000,1500936179000,111.188,111.188,111.181,111.182,21750000,1
1500936180000,1500936239000,111.182,111.182,111.175,111.178,19130000,1
1500936240000,1500936299000,111.176,111.177,111.175,111.177,7270000,1
1500936300000,1500936359000,111.176,111.176,111.171,111.171,33300000,1
1500936360000,1500936419000,111.171,111.171,111.164,111.165,49840000,1
1500936420000,1500936479000,111.165,111.168,111.165,111.167,24920000,1
1500936480000,1500936539000,111.167,111.168,111.167,111.167,8050000,1
1500936540000,1500936599000,111.166,111.168,111.166,111.167,6820000,1
1500936600000,1500936659000,111.166,111.167,111.165,111.167,40130000,1
1500936660000,1500936719000,111.167,111.167,111.166,111.167,8250000,1
1500936720000,1500936779000,111.167,111.167,111.165,111.165,7270000,1
1500936780000,1500936839000,111.166,111.166,111.166,111.166,4690000,1
1500936840000,1500936899000,111.166,111.167,111.165,111.167,10780000,1
1500936900000,1500936959000,111.167,111.169,111.167,111.169,8000000,1
1500936960000,1500937019000,111.171,111.176,111.171,111.174,10440000,1
1500937020000,1500937079000,111.173,111.178,111.167,111.173,38200000,1
1500937080000,1500937139000,111.173,111.186,111.173,111.186,25560000,1
1500937140000,1500937199000,111.185,111.211,111.185,111.198,72450000,1
1500937200000,1500937259000,111.197,111.2,111.182,111.185,59940000,1
1500937260000,1500937319000,111.186,111.199,111.179,111.181,88120000,1
1500937320000,1500937379000,111.182,111.19,111.172,111.177,43830000,1
1500937380000,1500937439000,111.177,111.18,111.157,111.174,57880000,1
1500937440000,1500937499000,111.176,111.176,111.174,111.174,11580000,1
1500937500000,1500937559000,111.174,111.174,111.174,111.174,1120000,1
1500937620000,1500937679000,111.175,111.175,111.175,111.175,2870000,1
1500937740000,1500937799000,111.175,111.176,111.174,111.174,17820000,1
1500937800000,1500937859000,111.173,111.173,111.17,111.173,13340000,1
1500937860000,1500937919000,111.173,111.174,111.173,111.174,17920000,1
1500937920000,1500937979000,111.175,111.181,111.17,111.173,47960000,1
1500937980000,1500938039000,111.173,111.185,111.173,111.176,39620000,1
1500938040000,1500938099000,111.176,111.176,111.174,111.176,24840000,1
1500938100000,1500938159000,111.175,111.186,111.175,111.186,42090000,1
1500938160000,1500938219000,111.185,111.198,111.185,111.198,28100000,1
1500938220000,1500938279000,111.198,111.213,111.195,111.211,51540000,1
1500938280000,1500938339000,111.212,111.242,111.209,111.228,96230000,1
1500938340000,1500938399000,111.228,111.243,111.225,111.233,144190000,1
1500938400000,1500938459000,111.232,111.234,111.214,111.215,88780000,1
1500938460000,1500938519000,111.214,111.215,111.209,111.209,19000000,1
1500938520000,1500938579000,111.208,111.23,111.202,111.23,43250000,1
1500938580000,1500938639000,111.229,111.237,111.221,111.236,90330000,1
1500938640000,1500938699000,111.234,111.241,111.219,111.239,118700000,1
1500938700000,1500938759000,111.238,111.242,111.209,111.212,86420000,1
1500938760000,1500938819000,111.213,111.231,111.213,111.231,48270000,1
1500938820000,1500938879000,111.233,111.252,111.228,111.247,100520000,1
1500938880000,1500938939000,111.248,111.249,111.246,111.248,17140000,1
1500938940000,1500938999000,111.248,111.256,111.246,111.255,33060000,1
1500939000000,1500939059000,111.253,111.275,111.253,111.26,85920000,1
1500939060000,1500939119000,111.258,111.258,111.236,111.236,46020000,1
1500939120000,1500939179000,111.236,111.237,111.227,111.228,50790000,1
1500939180000,1500939239000,111.228,111.243,111.224,111.227,97770000,1
1500939240000,1500939299000,111.226,111.228,111.221,111.224,48730000,1
1500939300000,1500939359000,111.224,111.238,111.224,111.234,58090000,1
1500939360000,1500939419000,111.233,111.236,111.224,111.235,41480000,1
1500939420000,1500939479000,111.236,111.241,111.23,111.235,50650000,1
1500939480000,1500939539000,111.237,111.24,111.226,111.228,211820000,1
1500939540000,1500939599000,111.229,111.237,111.228,111.231,70630000,1
1500939600000,1500939659000,111.231,111.233,111.226,111.228,154990000,1
1500939660000,1500939719000,111.227,111.227,111.22,111.221,27960000,1
1500939720000,1500939779000,111.221,111.222,111.216,111.216,38970000,1
1500939780000,1500939839000,111.214,111.214,111.194,111.199,76610000,1
1500939840000,1500939899000,111.197,111.211,111.194,111.205,90060000,1
1500939900000,1500939959000,111.206,111.213,111.203,111.21,74280000,1
1500939960000,1500940019000,111.211,111.234,111.21,111.233,63340000,1
1500940020000,1500940079000,111.236,111.253,111.235,111.252,52330000,1
1500940080000,1500940139000,111.252,111.253,111.235,111.251,89410000,1
1500940140000,1500940199000,111.25,111.252,111.246,111.251,32550000,1
1500940200000,1500940259000,111.251,111.252,111.239,111.239,50980000,1
1500940260000,1500940319000,111.239,111.239,111.22,111.224,75090000,1
1500940320000,1500940379000,111.224,111.242,111.22,111.241,74550000,1
1500940380000,1500940439000,111.241,111.242,111.235,111.235,42020000,1
1500940440000,1500940499000,111.235,111.253,111.231,111.242,126740000,1
1500940500000,1500940559000,111.241,111.242,111.194,111.224,224740000,1
1500940560000,1500940619000,111.224,111.232,111.219,111.225,49370000,1
1500940620000,1500940679000,111.225,111.234,111.222,111.23,72350000,1
1500940680000,1500940739000,111.23,111.233,111.23,111.233,43550000,1
1500940740000,1500940799000,111.233,111.235,111.226,111.235,89840000,1
1500940800000,1500940859000,111.24,111.248,111.207,111.207,283690000,1
1500940860000,1500940919000,111.207,111.247,111.207,111.247,125460000,1
1500940920000,1500940979000,111.248,111.29,111.248,111.271,285750000,1
1500940980000,1500941039000,111.272,111.28,111.264,111.273,134050000,1
1500941040000,1500941099000,111.274,111.275,111.264,111.266,157000000,1
1500941100000,1500941159000,111.268,111.277,111.252,111.26,193260000,1
1500941160000,1500941219000,111.259,111.288,111.252,111.286,102480000,1
1500941220000,1500941279000,111.286,111.3,111.27,111.273,161040000,1
1500941280000,1500941339000,111.273,111.281,111.272,111.273,131030000,1
1500941340000,1500941399000,111.275,111.281,111.269,111.269,120880000,1
1500941400000,1500941459000,111.269,111.301,111.269,111.296,172250000,1
1500941460000,1500941519000,111.295,111.308,111.295,111.308,192100000,1
1500941520000,1500941579000,111.31,111.325,111.304,111.306,209390000,1
1500941580000,1500941639000,111.304,111.319,111.3,111.308,208620000,1
1500941640000,1500941699000,111.31,111.32,111.289,111.289,184450000,1
1500941700000,1500941759000,111.288,111.29,111.27,111.279,193180000,1
1500941760000,1500941819000,111.278,111.295,111.278,111.28,85480000,1
1500941820000,1500941879000,111.28,111.281,111.275,111.279,53490000,1
1500941880000,1500941939000,111.279,111.282,111.261,111.265,92970000,1
1500941940000,1500941999000,111.265,111.271,111.251,111.271,131200000,1
1500942000000,1500942059000,111.271,111.271,111.262,111.266,89740000,1
1500942060000,1500942119000,111.265,111.267,111.251,111.264,78760000,1
1500942120000,1500942179000,111.264,111.267,111.248,111.255,128170000,1
1500942180000,1500942239000,111.255,111.269,111.255,111.269,53800000,1
1500942240000,1500942299000,111.268,111.275,111.263,111.273,142090000,1
1500942300000,1500942359000,111.273,111.298,111.265,111.297,157160000,1
1500942360000,1500942419000,111.297,111.297,111.288,111.292,85470000,1
1500942420000,1500942479000,111.29,111.306,111.29,111.301,102580000,1
1500942480000,1500942539000,111.299,111.299,111.293,111.294,118460000,1
1500942540000,1500942599000,111.294,111.308,111.292,111.308,73090000,1
1500942600000,1500942659000,111.308,111.311,111.297,111.298,170740000,1
1500942660000,1500942719000,111.298,111.298,111.282,111.284,111870000,1
1500942720000,1500942779000,111.284,111.29,111.276,111.276,84950000,1
1500942780000,1500942839000,111.276,111.278,111.269,111.273,55760000,1
1500942840000,1500942899000,111.273,111.281,111.265,111.265,41070000,1
1500942900000,1500942959000,111.265,111.291,111.265,111.289,93940000,1
1500942960000,1500943019000,111.287,111.296,111.281,111.282,138950000,1
1500943020000,1500943079000,111.282,111.283,111.273,111.276,92520000,1
1500943080000,1500943139000,111.277,111.278,111.271,111.271,55000000,1
1500943140000,1500943199000,111.271,111.277,111.268,111.277,119440000,1
1500943200000,1500943259000,111.275,111.294,111.271,111.286,62060000,1
1500943260000,1500943319000,111.287,111.292,111.273,111.273,128520000,1
1500943320000,1500943379000,111.275,111.294,111.275,111.291,83070000,1
1500943380000,1500943439000,111.291,111.291,111.278,111.29,158610000,1
1500943440000,1500943499000,111.289,111.3,111.282,111.296,93110000,1
1500943500000,1500943559000,111.297,111.325,111.295,111.32,182020000,1
1500943560000,1500943619000,111.321,111.342,111.321,111.332,212200000,1
1500943620000,1500943679000,111.332,111.332,111.314,111.314,137440000,1
1500943680000,1500943739000,111.316,111.316,111.307,111.308,177870000,1
1500943740000,1500943799000,111.308,111.32,111.305,111.314,85980000,1
1500943800000,1500943859000,111.315,111.32,111.303,111.303,118390000,1
1500943860000,1500943919000,111.304,111.307,111.285,111.285,129300000,1
1500943920000,1500943979000,111.287,111.294,111.283,111.289,88820000,1
1500943980000,1500944039000,111.289,111.329,111.289,111.32,193020000,1
1500944040000,1500944099000,111.321,111.329,111.298,111.307,294200000,1
1500944100000,1500944159000,111.308,111.322,111.297,111.302,185140000,1
1500944160000,1500944219000,111.302,111.32,111.3,111.308,191250000,1
1500944220000,1500944279000,111.309,111.314,111.295,111.295,119700000,1
1500944280000,1500944339000,111.296,111.296,111.288,111.291,81420000,1
1500944340000,1500944399000,111.289,111.289,111.276,111.281,128220000,1
1500944400000,1500944459000,111.281,111.297,111.277,111.282,116270000,1
1500944460000,1500944519000,111.283,111.288,111.275,111.276,73840000,1
1500944520000,1500944579000,111.276,111.276,111.257,111.257,70280000,1
1500944580000,1500944639000,111.257,111.269,111.254,111.258,94180000,1
1500944640000,1500944699000,111.258,111.263,111.254,111.255,42920000,1
1500944700000,1500944759000,111.254,111.258,111.246,111.254,75750000,1
1500944760000,1500944819000,111.254,111.254,111.248,111.248,45150000,1
1500944820000,1500944879000,111.248,111.258,111.245,111.256,86670000,1
1500944880000,1500944939000,111.256,111.257,111.251,111.253,75310000,1
1500944940000,1500944999000,111.252,111.259,111.251,111.257,56370000,1
1500945000000,1500945059000,111.257,111.262,111.252,111.259,60250000,1
1500945060000,1500945119000,111.259,111.29,111.259,111.29,108200000,1
1500945120000,1500945179000,111.291,111.291,111.275,111.277,100350000,1
1500945180000,1500945239000,111.276,111.276,111.264,111.268,83480000,1
1500945240000,1500945299000,111.267,111.277,111.264,111.274,131480000,1
1500945300000,1500945359000,111.274,111.297,111.266,111.289,119030000,1
1500945360000,1500945419000,111.291,111.292,111.267,111.278,132350000,1
1500945420000,1500945479000,111.278,111.285,111.269,111.283,64880000,1
1500945480000,1500945539000,111.281,111.284,111.277,111.278,69130000,1
1500945540000,1500945599000,111.28,111.288,111.279,111.284,55060000,1
1500945600000,1500945659000,111.284,111.285,111.275,111.278,64080000,1
1500945660000,1500945719000,111.278,111.29,111.278,111.29,51380000,1
1500945720000,1500945779000,111.29,111.327,111.289,111.321,189540000,1
1500945780000,1500945839000,111.321,111.329,111.321,111.321,69060000,1
1500945840000,1500945899000,111.32,111.321,111.309,111.313,77210000,1
1500945900000,1500945959000,111.312,111.312,111.294,111.296,110220000,1
1500945960000,1500946019000,111.298,111.302,111.289,111.289,73370000,1
1500946020000,1500946079000,111.288,111.295,111.282,111.285,110500000,1
1500946080000,1500946139000,111.285,111.285,111.28,111.284,47740000,1
1500946140000,1500946199000,111.285,111.291,111.285,111.291,43340000,1
1500946200000,1500946259000,111.297,111.302,111.293,111.295,95510000,1
1500946260000,1500946319000,111.296,111.296,111.277,111.283,148890000,1
1500946320000,1500946379000,111.283,111.288,111.277,111.283,119150000,1
1500946380000,1500946439000,111.282,111.283,111.276,111.277,122280000,1
1500946440000,1500946499000,111.276,111.281,111.269,111.278,95770000,1
1500946500000,1500946559000,111.276,111.279,111.27,111.278,46810000,1
1500946560000,1500946619000,111.278,111.278,111.271,111.278,37060000,1
1500946620000,1500946679000,111.276,111.284,111.271,111.275,62560000,1
1500946680000,1500946739000,111.274,111.28,111.271,111.277,57280000,1
1500946740000,1500946799000,111.276,111.278,111.275,111.278,32090000,1
1500946800000,1500946859000,111.278,111.278,111.272,111.275,39980000,1
1500946860000,1500946919000,111.275,111.277,111.27,111.27,31780000,1
1500946920000,1500946979000,111.273,111.273,111.264,111.264,33360000,1
1500946980000,1500947039000,111.262,111.265,111.255,111.258,63650000,1
1500947040000,1500947099000,111.258,111.258,111.256,111.258,32950000,1
1500947100000,1500947159000,111.256,111.258,111.239,111.248,116610000,1
1500947160000,1500947219000,111.248,111.248,111.237,111.239,114280000,1
1500947220000,1500947279000,111.239,111.24,111.225,111.231,220060000,1
1500947280000,1500947339000,111.23,111.25,111.228,111.25,121220000,1
1500947340000,1500947399000,111.249,111.251,111.241,111.248,100630000,1
1500947400000,1500947459000,111.248,111.251,111.235,111.243,159140000,1
1500947460000,1500947519000,111.241,111.241,111.233,111.235,67020000,1
1500947520000,1500947579000,111.234,111.241,111.229,111.237,96300000,1
1500947580000,1500947639000,111.238,111.242,111.228,111.228,101230000,1
1500947640000,1500947699000,111.228,111.228,111.199,111.2,183180000,1
1500947700000,1500947759000,111.2,111.21,111.2,111.207,125020000,1
1500947760000,1500947819000,111.208,111.224,111.204,111.219,87170000,1
1500947820000,1500947879000,111.22,111.227,111.219,111.224,72180000,1
1500947880000,1500947939000,111.224,111.224,111.217,111.222,49990000,1
1500947940000,1500947999000,111.224,111.224,111.218,111.218,32400000,1
1500948000000,1500948059000,111.215,111.22,111.198,111.22,107450000,1
1500948060000,1500948119000,111.221,111.227,111.221,111.222,23120000,1
1500948120000,1500948179000,111.222,111.234,111.222,111.228,74520000,1
1500948180000,1500948239000,111.229,111.229,111.221,111.221,102720000,1
1500948240000,1500948299000,111.222,111.226,111.22,111.223,62050000,1
1500948300000,1500948359000,111.221,111.229,111.221,111.225,80100000,1
1500948360000,1500948419000,111.224,111.226,111.214,111.217,116970000,1
1500948420000,1500948479000,111.217,111.256,111.217,111.253,123240000,1
1500948480000,1500948539000,111.253,111.253,111.239,111.241,113950000,1
1500948540000,1500948599000,111.241,111.244,111.234,111.236,104720000,1
1500948600000,1500948659000,111.238,111.241,111.23,111.232,117010000,1
1500948660000,1500948719000,111.232,111.232,111.219,111.222,93640000,1
1500948720000,1500948779000,111.222,111.222,111.206,111.211,61880000,1
1500948780000,1500948839000,111.212,111.214,111.158,111.16,240090000,1
1500948840000,1500948899000,111.161,111.162,111.137,111.144,249180000,1
1500948900000,1500948959000,111.144,111.152,111.14,111.146,189450000,1
1500948960000,1500949019000,111.145,111.145,111.11,111.128,190570000,1
1500949020000,1500949079000,111.128,111.145,111.121,111.142,169510000,1
1500949080000,1500949139000,111.141,111.143,111.118,111.127,225810000,1
1500949140000,1500949199000,111.128,111.133,111.117,111.129,123690000,1
1500949200000,1500949259000,111.13,111.13,111.094,111.111,125290000,1
1500949260000,1500949319000,111.111,111.118,111.104,111.118,175930000,1
1500949320000,1500949379000,111.119,111.12,111.092,111.104,158990000,1
1500949380000,1500949439000,111.104,111.108,111.081,111.087,166720000,1
1500949440000,1500949499000,111.088,111.093,111.076,111.085,233000000,1
1500949500000,1500949559000,111.087,111.101,111.085,111.094,132980000,1
1500949560000,1500949619000,111.095,111.107,111.079,111.079,114640000,1
1500949620000,1500949679000,111.078,111.084,111.063,111.075,262500000,1
1500949680000,1500949739000,111.076,111.093,111.076,111.086,146230000,1
1500949740000,1500949799000,111.086,111.093,111.081,111.088,170080000,1
1500949800000,1500949859000,111.089,111.093,111.083,111.09,127520000,1
1500949860000,1500949919000,111.09,111.09,111.083,111.083,124110000,1
1500949920000,1500949979000,111.083,111.103,111.08,111.101,134100000,1
1500949980000,1500950039000,111.1,111.112,111.097,111.11,114000000,1
1500950040000,1500950099000,111.11,111.11,111.104,111.106,97460000,1
1500950100000,1500950159000,111.107,111.107,111.098,111.1,65810000,1
1500950160000,1500950219000,111.098,111.098,111.068,111.083,193750000,1
1500950220000,1500950279000,111.084,111.093,111.083,111.087,129040000,1
1500950280000,1500950339000,111.088,111.088,111.051,111.059,167970000,1
1500950340000,1500950399000,111.057,111.076,111.05,111.06,178130000,1
1500950400000,1500950459000,111.061,111.061,111.035,111.047,150210000,1
1500950460000,1500950519000,111.049,111.055,111.042,111.052,136820000,1
1500950520000,1500950579000,111.052,111.053,111.043,111.05,111600000,1
1500950580000,1500950639000,111.051,111.061,111.049,111.055,128430000,1
1500950640000,1500950699000,111.056,111.069,111.055,111.057,171300000,1
1500950700000,1500950759000,111.059,111.062,111.022,111.028,116030000,1
1500950760000,1500950819000,111.031,111.038,111.019,111.037,127780000,1
1500950820000,1500950879000,111.034,111.058,111.034,111.057,119770000,1
1500950880000,1500950939000,111.056,111.066,111.049,111.063,160900000,1
1500950940000,1500950999000,111.063,111.067,111.058,111.058,69870000,1
1500951000000,1500951059000,111.057,111.057,111.041,111.043,108150000,1
1500951060000,1500951119000,111.044,111.061,111.043,111.06,82120000,1
1500951120000,1500951179000,111.061,111.069,111.061,111.066,69200000,1
1500951180000,1500951239000,111.067,111.069,111.064,111.067,40550000,1
1500951240000,1500951299000,111.067,111.075,111.064,111.074,84170000,1
1500951300000,1500951359000,111.074,111.075,111.071,111.074,81380000,1
1500951360000,1500951419000,111.075,111.076,111.067,111.067,47640000,1
1500951420000,1500951479000,111.067,111.069,111.061,111.065,43180000,1
1500951480000,1500951539000,111.065,111.065,111.061,111.061,32710000,1
1500951540000,1500951599000,111.063,111.075,111.053,111.069,108000000,1
1500951600000,1500951659000,111.068,111.069,111.065,111.068,86850000,1
1500951660000,1500951719000,111.071,111.071,111.064,111.065,82200000,1
1500951720000,1500951779000,111.064,111.065,111.06,111.061,64460000,1
1500951780000,1500951839000,111.061,111.062,111.046,111.055,84120000,1
1500951840000,1500951899000,111.054,111.061,111.052,111.06,42830000,1
1500951900000,1500951959000,111.06,111.062,111.057,111.06,49530000,1
1500951960000,1500952019000,111.06,111.077,111.06,111.073,55760000,1
1500952020000,1500952079000,111.073,111.087,111.073,111.08,100390000,1
1500952080000,1500952139000,111.079,111.083,111.076,111.078,110610000,1
1500952140000,1500952199000,111.078,111.088,111.078,111.088,100420000,1
1500952200000,1500952259000,111.088,111.088,111.072,111.077,92360000,1
1500952260000,1500952319000,111.078,111.078,111.067,111.067,75750000,1
1500952320000,1500952379000,111.069,111.076,111.069,111.074,51030000,1
1500952380000,1500952439000,111.075,111.075,111.067,111.067,34680000,1
1500952440000,1500952499000,111.066,111.066,111.054,111.06,118070000,1
1500952500000,1500952559000,111.062,111.068,111.061,111.067,48770000,1
1500952560000,1500952619000,111.067,111.068,111.061,111.064,60100000,1
1500952620000,1500952679000,111.065,111.067,111.058,111.059,65130000,1
1500952680000,1500952739000,111.06,111.066,111.052,111.063,69220000,1
1500952740000,1500952799000,111.063,111.063,111.052,111.055,59680000,1
1500952800000,1500952859000,111.056,111.061,111.052,111.056,99910000,1
1500952860000,1500952919000,111.056,111.058,111.056,111.056,15890000,1
1500952920000,1500952979000,111.056,111.06,111.054,111.055,43790000,1
1500952980000,1500953039000,111.055,111.06,111.052,111.053,45130000,1
1500953040000,1500953099000,111.053,111.055,111.048,111.055,53570000,1
1500953100000,1500953159000,111.054,111.056,111.049,111.053,108410000,1
1500953160000,1500953219000,111.054,111.054,111.05,111.054,77170000,1
1500953220000,1500953279000,111.052,111.053,111.049,111.051,80430000,1
1500953280000,1500953339000,111.052,111.06,111.052,111.058,128880000,1
1500953340000,1500953399000,111.06,111.06,111.055,111.056,50190000,1
1500953400000,1500953459000,111.055,111.061,111.052,111.059,65270000,1
1500953460000,1500953519000,111.06,111.068,111.06,111.062,58520000,1
1500953520000,1500953579000,111.062,111.066,111.062,111.062,30470000,1
1500953580000,1500953639000,111.062,111.068,111.062,111.068,28040000,1
1500953640000,1500953699000,111.067,111.068,111.067,111.068,2990000,1
1500953700000,1500953759000,111.068,111.07,111.067,111.068,26450000,1
1500953760000,1500953819000,111.068,111.072,111.067,111.068,41240000,1
1500953820000,1500953879000,111.068,111.068,111.062,111.062,44760000,1
1500953880000,1500953939000,111.063,111.071,111.063,111.069,45940000,1
1500953940000,1500953999000,111.07,111.074,111.07,111.073,78280000,1
1500954000000,1500954059000,111.073,111.073,111.06,111.063,66870000,1
1500954060000,1500954119000,111.06,111.062,111.06,111.061,47290000,1
1500954120000,1500954179000,111.062,111.064,111.048,111.049,38060000,1
1500954180000,1500954239000,111.05,111.056,111.049,111.053,59050000,1
1500954240000,1500954299000,111.054,111.057,111.048,111.054,67120000,1
1500954300000,1500954359000,111.053,111.053,111.05,111.051,34950000,1
1500954360000,1500954419000,111.052,111.062,111.052,111.062,41380000,1
1500954420000,1500954479000,111.065,111.073,111.065,111.071,44300000,1
1500954480000,1500954539000,111.069,111.069,111.063,111.065,43610000,1
1500954540000,1500954599000,111.066,111.072,111.066,111.072,14950000,1
1500954600000,1500954659000,111.071,111.071,111.067,111.068,15950000,1
1500954660000,1500954719000,111.068,111.071,111.056,111.06,68270000,1
1500954720000,1500954779000,111.061,111.065,111.06,111.064,69830000,1
1500954780000,1500954839000,111.065,111.069,111.063,111.063,50650000,1
1500954840000,1500954899000,111.064,111.064,111.057,111.058,34050000,1
1500954900000,1500954959000,111.058,111.063,111.056,111.063,31580000,1
1500954960000,1500955019000,111.062,111.063,111.057,111.062,27450000,1
1500955020000,1500955079000,111.062,111.065,111.062,111.064,27810000,1
1500955080000,1500955139000,111.063,111.064,111.063,111.064,14550000,1
1500955140000,1500955199000,111.064,111.069,111.062,111.063,61820000,1
1500955200000,1500955259000,111.063,111.066,111.061,111.062,36220000,1
1500955260000,1500955319000,111.062,111.062,111.056,111.06,85840000,1
1500955320000,1500955379000,111.06,111.06,111.05,111.052,69770000,1
1500955380000,1500955439000,111.052,111.058,111.048,111.049,60220000,1
1500955440000,1500955499000,111.049,111.053,110.997,110.997,221300000,1
1500955500000,1500955559000,110.997,111.007,110.989,111.007,183750000,1
1500955560000,1500955619000,111.008,111.021,111.004,111.015,134550000,1
1500955620000,1500955679000,111.015,111.021,111.006,111.006,82260000,1
1500955680000,1500955739000,111.008,111.029,111.008,111.021,117750000,1
1500955740000,1500955799000,111.02,111.028,111.019,111.026,103500000,1
1500955800000,1500955859000,111.027,111.047,111.011,111.04,187380000,1
1500955860000,1500955919000,111.041,111.047,111.034,111.035,117170000,1
1500955920000,1500955979000,111.035,111.042,111.016,111.018,91840000,1
1500955980000,1500956039000,111.018,111.018,110.991,110.996,141210000,1
1500956040000,1500956099000,110.995,110.995,110.946,110.963,276030000,1
1500956100000,1500956159000,110.965,110.975,110.956,110.964,109970000,1
1500956160000,1500956219000,110.963,110.968,110.956,110.965,88750000,1
1500956220000,1500956279000,110.967,110.984,110.965,110.968,73550000,1
1500956280000,1500956339000,110.968,110.98,110.954,110.961,113490000,1
1500956340000,1500956399000,110.961,110.977,110.953,110.974,102780000,1
1500956400000,1500956459000,110.973,110.975,110.969,110.974,42630000,1
1500956460000,1500956519000,110.973,110.983,110.969,110.974,80170000,1
1500956520000,1500956579000,110.976,110.979,110.972,110.972,39070000,1
1500956580000,1500956639000,110.972,110.974,110.968,110.974,42420000,1
1500956640000,1500956699000,110.974,110.988,110.974,110.984,69510000,1
1500956700000,1500956759000,110.983,110.994,110.983,110.994,81830000,1
1500956760000,1500956819000,110.995,110.997,110.987,110.993,53700000,1
1500956820000,1500956879000,110.993,110.993,110.987,110.987,55800000,1
1500956880000,1500956939000,110.987,110.993,110.987,110.993,21390000,1
1500956940000,1500956999000,110.992,110.992,110.986,110.986,37660000,1
1500957000000,1500957059000,110.986,110.992,110.981,110.988,97150000,1
1500957060000,1500957119000,110.988,110.997,110.988,110.997,38040000,1
1500957120000,1500957179000,110.995,110.999,110.992,110.999,36970000,1
1500957180000,1500957239000,110.999,110.999,110.991,110.997,61260000,1
1500957240000,1500957299000,110.996,110.996,110.991,110.992,26630000,1
1500957300000,1500957359000,110.992,110.993,110.973,110.982,154220000,1
1500957360000,1500957419000,110.982,110.996,110.978,110.996,133910000,1
1500957420000,1500957479000,110.996,110.998,110.99,110.99,65350000,1
1500957480000,1500957539000,110.99,110.994,110.984,110.988,36470000,1
1500957540000,1500957599000,110.988,110.994,110.988,110.99,40250000,1
1500957600000,1500957659000,110.99,110.995,110.99,110.994,24740000,1
1500957660000,1500957719000,110.993,110.994,110.981,110.986,55530000,1
1500957720000,1500957779000,110.986,110.999,110.986,110.995,34880000,1
1500957780000,1500957839000,110.994,111.006,110.993,111.002,40020000,1
1500957840000,1500957899000,111.002,111.007,110.996,111.006,111390000,1
1500957900000,1500957959000,111.007,111.015,111.007,111.014,68260000,1
1500957960000,1500958019000,111.015,111.027,111.015,111.019,69150000,1
1500958020000,1500958079000,111.02,111.028,111.02,111.025,52440000,1
1500958080000,1500958139000,111.023,111.023,111.001,111.002,94660000,1
1500958140000,1500958199000,111.001,111.013,110.999,111.013,56300000,1
1500958200000,1500958259000,111.014,111.022,111.014,111.022,22870000,1
1500958260000,1500958319000,111.023,111.028,111.023,111.025,34580000,1
1500958320000,1500958379000,111.025,111.026,111.019,111.026,69090000,1
1500958380000,1500958439000,111.026,111.028,111.018,111.027,67920000,1
1500958440000,1500958499000,111.029,111.046,111.029,111.044,77590000,1
1500958500000,1500958559000,111.043,111.043,111.018,111.025,60760000,1
1500958560000,1500958619000,111.026,111.026,110.997,110.999,88910000,1
1500958620000,1500958679000,110.999,110.999,110.985,110.993,136540000,1
1500958680000,1500958739000,110.993,110.996,110.988,110.996,21690000,1
1500958740000,1500958799000,110.996,110.996,110.987,110.991,23130000,1
1500958800000,1500958859000,110.993,111.002,110.988,111.002,44150000,1
1500958860000,1500958919000,111.002,111.002,110.993,110.995,50930000,1
1500958920000,1500958979000,110.996,110.998,110.995,110.996,15690000,1
1500958980000,1500959039000,110.995,110.995,110.987,110.987,35000000,1
1500959040000,1500959099000,110.989,110.993,110.986,110.993,48930000,1
1500959100000,1500959159000,110.993,111.001,110.992,111.001,56820000,1
1500959160000,1500959219000,111.004,111.013,111.004,111.008,47420000,1
1500959220000,1500959279000,111.006,111.009,111.005,111.006,37050000,1
1500959280000,1500959339000,111.006,111.007,110.997,110.999,45880000,1
1500959340000,1500959399000,110.999,111.013,110.996,111.009,81030000,1
1500959400000,1500959459000,111.008,111.008,111.001,111.001,38460000,1
1500959460000,1500959519000,111.002,111.009,111.002,111.007,20690000,1
1500959520000,1500959579000,111.007,111.013,110.999,111.0,99290000,1
1500959580000,1500959639000,111.0,111.004,110.997,111.0,92580000,1
1500959640000,1500959699000,111.0,111.031,110.997,111.031,185050000,1
1500959700000,1500959759000,111.03,111.031,111.029,111.029,118270000,1
1500959760000,1500959819000,111.03,111.03,111.016,111.018,77370000,1
1500959820000,1500959879000,111.018,111.026,111.018,111.024,26530000,1
1500959880000,1500959939000,111.024,111.038,111.024,111.031,63020000,1
1500959940000,1500959999000,111.031,111.044,111.031,111.043,48710000,1
1500960000000,1500960059000,111.043,111.043,111.037,111.039,48010000,1
1500960060000,1500960119000,111.038,111.039,111.03,111.03,65080000,1
1500960120000,1500960179000,111.032,111.037,111.03,111.037,29420000,1
1500960180000,1500960239000,111.037,111.077,111.037,111.051,100910000,1
1500960240000,1500960299000,111.051,111.051,111.043,111.05,51590000,1
1500960300000,1500960359000,111.05,111.051,111.043,111.045,15760000,1
1500960360000,1500960419000,111.046,111.047,111.038,111.044,28490000,1
1500960420000,1500960479000,111.045,111.045,111.038,111.04,9160000,1
1500960480000,1500960539000,111.038,111.047,111.038,111.046,9910000,1
1500960540000,1500960599000,111.045,111.046,111.04,111.04,25610000,1
1500960600000,1500960659000,111.039,111.04,111.039,111.04,5620000,1
1500960660000,1500960719000,111.04,111.05,111.04,111.045,54570000,1
1500960720000,1500960779000,111.046,111.046,111.041,111.043,27070000,1
1500960780000,1500960839000,111.042,111.042,111.038,111.038,30260000,1
1500960840000,1500960899000,111.038,111.039,111.036,111.037,26540000,1
1500960900000,1500960959000,111.038,111.043,111.038,111.04,32230000,1
1500960960000,1500961019000,111.039,111.042,111.038,111.04,25460000,1
1500961020000,1500961079000,111.04,111.044,111.019,111.019,65370000,1
1500961080000,1500961139000,111.02,111.036,111.02,111.036,55160000,1
1500961140000,1500961199000,111.036,111.036,111.028,111.035,79650000,1
1500961200000,1500961259000,111.034,111.053,111.033,111.051,101970000,1
1500961260000,1500961319000,111.053,111.072,111.052,111.069,73390000,1
1500961320000,1500961379000,111.068,111.069,111.057,111.06,61020000,1
1500961380000,1500961439000,111.061,111.061,111.06,111.061,32230000,1
1500961440000,1500961499000,111.062,111.079,111.061,111.07,76100000,1
1500961500000,1500961559000,111.069,111.073,111.065,111.07,135730000,1
1500961560000,1500961619000,111.07,111.094,111.07,111.083,102900000,1
1500961620000,1500961679000,111.083,111.088,111.068,111.076,106730000,1
1500961680000,1500961739000,111.079,111.092,111.063,111.073,174060000,1
1500961740000,1500961799000,111.073,111.087,111.072,111.086,111100000,1
1500961800000,1500961859000,111.087,111.109,111.087,111.1,157830000,1
1500961860000,1500961919000,111.1,111.107,111.087,111.095,123950000,1
1500961920000,1500961979000,111.097,111.1,111.085,111.086,118980000,1
1500961980000,1500962039000,111.085,111.09,111.085,111.086,53600000,1
1500962040000,1500962099000,111.087,111.091,111.073,111.073,106120000,1
1500962100000,1500962159000,111.073,111.073,111.061,111.068,110940000,1
1500962160000,1500962219000,111.068,111.073,111.063,111.068,109680000,1
1500962220000,1500962279000,111.068,111.068,111.035,111.035,86550000,1
1500962280000,1500962339000,111.035,111.041,111.028,111.033,133000000,1
1500962340000,1500962399000,111.035,111.036,111.004,111.019,185710000,1
1500962400000,1500962459000,111.02,111.024,110.994,110.999,176530000,1
1500962460000,1500962519000,110.998,111.0,110.92,110.93,286190000,1
1500962520000,1500962579000,110.931,110.934,110.906,110.925,208920000,1
1500962580000,1500962639000,110.925,110.928,110.912,110.917,169840000,1
1500962640000,1500962699000,110.916,110.933,110.915,110.919,439050000,1
1500962700000,1500962759000,110.92,110.948,110.92,110.935,216470000,1
1500962760000,1500962819000,110.932,110.935,110.874,110.889,184400000,1
1500962820000,1500962879000,110.888,110.892,110.874,110.88,243050000,1
1500962880000,1500962939000,110.88,110.894,110.875,110.889,172590000,1
1500962940000,1500962999000,110.89,110.891,110.866,110.878,142010000,1
1500963000000,1500963059000,110.877,110.88,110.868,110.877,181000000,1
1500963060000,1500963119000,110.877,110.887,110.868,110.884,143110000,1
1500963120000,1500963179000,110.884,110.892,110.883,110.891,101000000,1
1500963180000,1500963239000,110.89,110.906,110.89,110.906,55260000,1
1500963240000,1500963299000,110.906,110.91,110.88,110.886,150910000,1
1500963300000,1500963359000,110.887,110.889,110.859,110.863,169330000,1
1500963360000,1500963419000,110.863,110.866,110.856,110.861,173510000,1
1500963420000,1500963479000,110.861,110.878,110.858,110.876,144250000,1
1500963480000,1500963539000,110.876,110.886,110.875,110.877,148820000,1
1500963540000,1500963599000,110.878,110.885,110.875,110.876,300950000,1
1500963600000,1500963659000,110.876,110.893,110.875,110.893,245230000,1
1500963660000,1500963719000,110.894,110.897,110.87,110.874,103370000,1
1500963720000,1500963779000,110.873,110.899,110.869,110.895,176890000,1
1500963780000,1500963839000,110.896,110.908,110.896,110.901,157270000,1
1500963840000,1500963899000,110.901,110.909,110.9,110.906,79660000,1
1500963900000,1500963959000,110.907,110.918,110.895,110.896,90870000,1
1500963960000,1500964019000,110.896,110.918,110.896,110.917,53070000,1
1500964020000,1500964079000,110.915,110.925,110.915,110.918,76860000,1
1500964080000,1500964139000,110.917,110.917,110.891,110.892,80240000,1
1500964140000,1500964199000,110.893,110.895,110.859,110.866,118380000,1
1500964200000,1500964259000,110.865,110.87,110.855,110.856,150200000,1
1500964260000,1500964319000,110.856,110.872,110.846,110.871,211380000,1
1500964320000,1500964379000,110.872,110.879,110.858,110.861,196000000,1
1500964380000,1500964439000,110.863,110.881,110.863,110.875,133610000,1
1500964440000,1500964499000,110.874,110.874,110.859,110.863,127490000,1
1500964500000,1500964559000,110.862,110.863,110.839,110.85,155040000,1
1500964560000,1500964619000,110.85,110.85,110.831,110.831,216600000,1
1500964620000,1500964679000,110.832,110.852,110.831,110.848,242300000,1
1500964680000,1500964739000,110.846,110.852,110.833,110.833,173040000,1
1500964740000,1500964799000,110.832,110.849,110.832,110.841,138270000,1
1500964800000,1500964859000,110.842,110.842,110.828,110.834,178340000,1
1500964860000,1500964919000,110.834,110.853,110.832,110.851,197380000,1
1500964920000,1500964979000,110.852,110.871,110.85,110.87,108300000,1
1500964980000,1500965039000,110.869,110.891,110.867,110.881,172830000,1
1500965040000,1500965099000,110.881,110.882,110.87,110.871,62750000,1
1500965100000,1500965159000,110.871,110.873,110.866,110.87,75430000,1
1500965160000,1500965219000,110.872,110.872,110.858,110.862,98360000,1
1500965220000,1500965279000,110.861,110.891,110.861,110.889,158870000,1
1500965280000,1500965339000,110.887,110.937,110.883,110.919,312750000,1
1500965340000,1500965399000,110.916,110.92,110.889,110.894,125000000,1
1500965400000,1500965459000,110.894,110.905,110.894,110.895,131320000,1
1500965460000,1500965519000,110.895,110.895,110.881,110.881,136060000,1
1500965520000,1500965579000,110.881,110.882,110.87,110.872,102610000,1
1500965580000,1500965639000,110.871,110.873,110.857,110.857,186940000,1
1500965640000,1500965699000,110.858,110.87,110.856,110.869,93400000,1
1500965700000,1500965759000,110.869,110.871,110.851,110.861,101300000,1
1500965760000,1500965819000,110.86,110.895,110.86,110.889,142360000,1
1500965820000,1500965879000,110.888,110.893,110.877,110.891,114320000,1
1500965880000,1500965939000,110.89,110.902,110.877,110.9,167760000,1
1500965940000,1500965999000,110.9,110.935,110.895,110.909,254910000,1
1500966000000,1500966059000,110.908,110.928,110.898,110.92,228630000,1
1500966060000,1500966119000,110.919,110.94,110.917,110.937,143740000,1
1500966120000,1500966179000,110.936,110.952,110.932,110.942,188610000,1
1500966180000,1500966239000,110.941,110.964,110.941,110.946,196120000,1
1500966240000,1500966299000,110.945,110.945,110.921,110.931,169710000,1
1500966300000,1500966359000,110.93,110.949,110.93,110.941,151920000,1
1500966360000,1500966419000,110.94,110.986,110.938,110.986,223760000,1
1500966420000,1500966479000,110.986,111.007,110.979,111.0,247720000,1
1500966480000,1500966539000,110.999,111.005,110.984,110.988,206370000,1
1500966540000,1500966599000,110.988,111.006,110.984,110.986,193890000,1
1500966600000,1500966659000,110.987,111.032,110.976,111.032,301200000,1
1500966660000,1500966719000,111.03,111.031,111.017,111.03,171850000,1
1500966720000,1500966779000,111.029,111.03,111.019,111.025,144180000,1
1500966780000,1500966839000,111.025,111.032,111.02,111.031,125060000,1
1500966840000,1500966899000,111.031,111.031,111.007,111.01,214700000,1
1500966900000,1500966959000,111.008,111.024,110.999,111.002,165370000,1
1500966960000,1500967019000,111.002,111.002,110.989,110.989,182750000,1
1500967020000,1500967079000,110.989,111.005,110.989,111.001,89730000,1
1500967080000,1500967139000,111.0,111.002,110.987,110.987,93790000,1
1500967140000,1500967199000,110.987,110.994,110.968,110.994,194040000,1
1500967200000,1500967259000,110.992,110.994,110.963,110.972,180320000,1
1500967260000,1500967319000,110.974,110.982,110.973,110.974,157480000,1
1500967320000,1500967379000,110.975,110.983,110.97,110.983,148080000,1
1500967380000,1500967439000,110.983,110.998,110.983,110.998,158820000,1
1500967440000,1500967499000,110.997,110.997,110.99,110.995,91790000,1
1500967500000,1500967559000,110.995,111.003,110.991,110.996,132490000,1
1500967560000,1500967619000,110.997,111.0,110.992,110.998,122920000,1
1500967620000,1500967679000,110.999,111.002,110.992,111.002,85600000,1
1500967680000,1500967739000,111.001,111.02,110.998,111.019,134870000,1
1500967740000,1500967799000,111.02,111.059,111.02,111.056,167620000,1
1500967800000,1500967859000,111.06,111.068,111.057,111.058,150640000,1
1500967860000,1500967919000,111.058,111.062,111.043,111.045,145090000,1
1500967920000,1500967979000,111.044,111.056,111.043,111.05,229690000,1
1500967980000,1500968039000,111.05,111.051,111.035,111.042,171000000,1
1500968040000,1500968099000,111.042,111.057,111.039,111.055,242670000,1
1500968100000,1500968159000,111.054,111.098,111.05,111.087,234840000,1
1500968160000,1500968219000,111.088,111.094,111.084,111.086,133110000,1
1500968220000,1500968279000,111.086,111.127,111.082,111.127,204960000,1
1500968280000,1500968339000,111.127,111.149,111.115,111.147,302900000,1
1500968340000,1500968399000,111.147,111.171,111.143,111.157,277320000,1
1500968400000,1500968459000,111.156,111.174,111.15,111.167,269770000,1
1500968460000,1500968519000,111.166,111.185,111.148,111.171,247140000,1
1500968520000,1500968579000,111.173,111.173,111.155,111.162,209000000,1
1500968580000,1500968639000,111.161,111.168,111.158,111.158,198820000,1
1500968640000,1500968699000,111.158,111.161,111.152,111.161,161160000,1
1500968700000,1500968759000,111.161,111.176,111.159,111.161,133220000,1
1500968760000,1500968819000,111.161,111.164,111.153,111.154,144590000,1
1500968820000,1500968879000,111.154,111.162,111.14,111.144,209740000,1
1500968880000,1500968939000,111.146,111.163,111.146,111.157,147390000,1
1500968940000,1500968999000,111.158,111.173,111.156,111.17,125010000,1
1500969000000,1500969059000,111.17,111.202,111.164,111.202,154110000,1
1500969060000,1500969119000,111.201,111.229,111.191,111.223,288480000,1
1500969120000,1500969179000,111.221,111.241,111.214,111.235,206050000,1
1500969180000,1500969239000,111.234,111.248,111.226,111.23,179020000,1
1500969240000,1500969299000,111.229,111.229,111.203,111.215,241710000,1
1500969300000,1500969359000,111.212,111.212,111.195,111.197,290320000,1
1500969360000,1500969419000,111.196,111.207,111.195,111.197,172050000,1
1500969420000,1500969479000,111.199,111.209,111.194,111.195,101410000,1
1500969480000,1500969539000,111.194,111.196,111.19,111.194,102100000,1
1500969540000,1500969599000,111.195,111.207,111.185,111.201,87990000,1
1500969600000,1500969659000,111.199,111.225,111.185,111.202,250540000,1
1500969660000,1500969719000,111.202,111.211,111.195,111.203,152210000,1
1500969720000,1500969779000,111.204,111.237,111.196,111.232,196140000,1
1500969780000,1500969839000,111.231,111.266,111.223,111.261,245900000,1
1500969840000,1500969899000,111.262,111.274,111.257,111.274,194910000,1
1500969900000,1500969959000,111.275,111.303,111.265,111.301,329140000,1
1500969960000,1500970019000,111.3,111.305,111.283,111.287,342920000,1
1500970020000,1500970079000,111.286,111.317,111.285,111.286,280620000,1
1500970080000,1500970139000,111.289,111.29,111.277,111.28,153760000,1
1500970140000,1500970199000,111.28,111.291,111.273,111.275,143050000,1
1500970200000,1500970259000,111.275,111.276,111.263,111.265,127500000,1
1500970260000,1500970319000,111.264,111.274,111.264,111.267,134200000,1
1500970320000,1500970379000,111.267,111.273,111.258,111.26,251290000,1
1500970380000,1500970439000,111.26,111.268,111.249,111.251,136880000,1
1500970440000,1500970499000,111.249,111.259,111.246,111.247,207500000,1
1500970500000,1500970559000,111.248,111.254,111.238,111.242,86750000,1
1500970560000,1500970619000,111.246,111.254,111.24,111.248,171450000,1
1500970620000,1500970679000,111.251,111.258,111.228,111.238,192640000,1
1500970680000,1500970739000,111.237,111.243,111.231,111.241,157750000,1
1500970740000,1500970799000,111.24,111.241,111.233,111.239,155040000,1
1500970800000,1500970859000,111.238,111.254,111.229,111.234,224010000,1
1500970860000,1500970919000,111.236,111.249,111.234,111.244,162480000,1
1500970920000,1500970979000,111.243,111.246,111.233,111.244,93490000,1
1500970980000,1500971039000,111.246,111.252,111.232,111.233,177540000,1
1500971040000,1500971099000,111.234,111.237,111.231,111.231,52270000,1
1500971100000,1500971159000,111.23,111.23,111.22,111.225,175780000,1
1500971160000,1500971219000,111.227,111.239,111.227,111.234,124450000,1
1500971220000,1500971279000,111.233,111.238,111.231,111.233,138520000,1
1500971280000,1500971339000,111.235,111.237,111.229,111.233,118230000,1
1500971340000,1500971399000,111.237,111.247,111.23,111.246,98270000,1
1500971400000,1500971459000,111.248,111.282,111.244,111.274,148760000,1
1500971460000,1500971519000,111.275,111.287,111.273,111.275,140570000,1
1500971520000,1500971579000,111.276,111.297,111.276,111.287,198080000,1
1500971580000,1500971639000,111.29,111.292,111.272,111.279,110200000,1
1500971640000,1500971699000,111.28,111.284,111.276,111.28,80890000,1
1500971700000,1500971759000,111.28,111.28,111.273,111.279,92180000,1
1500971760000,1500971819000,111.278,111.317,111.273,111.308,153480000,1
1500971820000,1500971879000,111.307,111.309,111.295,111.299,171410000,1
1500971880000,1500971939000,111.299,111.302,111.281,111.292,183570000,1
1500971940000,1500971999000,111.291,111.328,111.291,111.319,124650000,1
1500972000000,1500972059000,111.318,111.318,111.244,111.25,235130000,1
1500972060000,1500972119000,111.25,111.26,111.244,111.255,132060000,1
1500972120000,1500972179000,111.255,111.259,111.247,111.251,107210000,1
1500972180000,1500972239000,111.248,111.254,111.236,111.239,150870000,1
1500972240000,1500972299000,111.239,111.245,111.231,111.232,129080000,1
1500972300000,1500972359000,111.231,111.247,111.22,111.245,148190000,1
1500972360000,1500972419000,111.248,111.252,111.231,111.238,147270000,1
1500972420000,1500972479000,111.236,111.239,111.22,111.229,147060000,1
1500972480000,1500972539000,111.227,111.234,111.219,111.234,93960000,1
1500972540000,1500972599000,111.235,111.251,111.228,111.246,133020000,1
1500972600000,1500972659000,111.247,111.258,111.235,111.247,131910000,1
1500972660000,1500972719000,111.25,111.263,111.24,111.263,149180000,1
1500972720000,1500972779000,111.262,111.267,111.247,111.263,124180000,1
1500972780000,1500972839000,111.262,111.274,111.258,111.266,163500000,1
1500972840000,1500972899000,111.265,111.269,111.232,111.242,152300000,1
1500972900000,1500972959000,111.24,111.258,111.24,111.246,150750000,1
1500972960000,1500973019000,111.249,111.266,111.243,111.265,155560000,1
1500973020000,1500973079000,111.262,111.273,111.258,111.271,86080000,1
1500973080000,1500973139000,111.27,111.27,111.25,111.252,164120000,1
1500973140000,1500973199000,111.251,111.26,111.244,111.258,82170000,1
1500973200000,1500973259000,111.259,111.272,111.255,111.255,113450000,1
1500973260000,1500973319000,111.254,111.263,111.238,111.241,127310000,1
1500973320000,1500973379000,111.24,111.254,111.24,111.253,94280000,1
1500973380000,1500973439000,111.253,111.254,111.245,111.245,87060000,1
1500973440000,1500973499000,111.246,111.261,111.243,111.249,161530000,1
1500973500000,1500973559000,111.249,111.258,111.244,111.255,130030000,1
1500973560000,1500973619000,111.255,111.296,111.246,111.294,143360000,1
1500973620000,1500973679000,111.294,111.307,111.279,111.285,213180000,1
1500973680000,1500973739000,111.286,111.296,111.282,111.296,133940000,1
1500973740000,1500973799000,111.296,111.32,111.295,111.317,202940000,1
1500973800000,1500973859000,111.317,111.373,111.306,111.363,260920000,1
1500973860000,1500973919000,111.362,111.364,111.335,111.338,220130000,1
1500973920000,1500973979000,111.34,111.344,111.332,111.339,140200000,1
1500973980000,1500974039000,111.338,111.341,111.332,111.339,257790000,1
1500974040000,1500974099000,111.34,111.345,111.331,111.331,169920000,1
1500974100000,1500974159000,111.331,111.337,111.326,111.331,92430000,1
1500974160000,1500974219000,111.329,111.357,111.323,111.352,167500000,1
1500974220000,1500974279000,111.352,111.355,111.332,111.333,145720000,1
1500974280000,1500974339000,111.332,111.336,111.323,111.328,154410000,1
1500974340000,1500974399000,111.33,111.359,111.33,111.357,149290000,1
1500974400000,1500974459000,111.358,111.361,111.338,111.343,186710000,1
1500974460000,1500974519000,111.343,111.351,111.336,111.338,92130000,1
1500974520000,1500974579000,111.338,111.349,111.338,111.348,124310000,1
1500974580000,1500974639000,111.347,111.347,111.339,111.339,119930000,1
1500974640000,1500974699000,111.339,111.363,111.332,111.356,155870000,1
1500974700000,1500974759000,111.359,111.373,111.349,111.356,169880000,1
1500974760000,1500974819000,111.356,111.356,111.335,111.343,142190000,1
1500974820000,1500974879000,111.343,111.351,111.325,111.351,1749800000,1
1500974880000,1500974939000,111.35,111.356,111.338,111.342,99630000,1
1500974940000,1500974999000,111.342,111.344,111.323,111.344,171050000,1
1500975000000,1500975059000,111.344,111.364,111.337,111.358,187820000,1
1500975060000,1500975119000,111.358,111.398,111.358,111.398,185220000,1
1500975120000,1500975179000,111.399,111.425,111.391,111.42,242250000,1
1500975180000,1500975239000,111.42,111.423,111.407,111.407,164390000,1
1500975240000,1500975299000,111.408,111.411,111.404,111.404,108610000,1
1500975300000,1500975359000,111.404,111.409,111.392,111.409,147130000,1
1500975360000,1500975419000,111.404,111.414,111.392,111.413,127070000,1
1500975420000,1500975479000,111.411,111.417,111.401,111.407,135780000,1
1500975480000,1500975539000,111.406,111.407,111.393,111.394,124610000,1
1500975540000,1500975599000,111.394,111.396,111.379,111.379,101470000,1
1500975600000,1500975659000,111.381,111.394,111.373,111.39,109930000,1
1500975660000,1500975719000,111.39,111.402,111.38,111.393,175480000,1
1500975720000,1500975779000,111.393,111.397,111.386,111.393,64880000,1
1500975780000,1500975839000,111.393,111.396,111.381,111.391,117470000,1
1500975840000,1500975899000,111.391,111.396,111.387,111.387,142500000,1
1500975900000,1500975959000,111.387,111.402,111.375,111.398,95150000,1
1500975960000,1500976019000,111.399,111.414,111.394,111.409,126380000,1
1500976020000,1500976079000,111.408,111.418,111.405,111.41,115070000,1
1500976080000,1500976139000,111.411,111.418,111.406,111.412,223580000,1
1500976140000,1500976199000,111.412,111.417,111.409,111.413,78950000,1
1500976200000,1500976259000,111.414,111.42,111.408,111.417,203560000,1
1500976260000,1500976319000,111.418,111.418,111.406,111.416,60390000,1
1500976320000,1500976379000,111.416,111.416,111.4,111.405,173130000,1
1500976380000,1500976439000,111.407,111.42,111.4,111.412,108890000,1
1500976440000,1500976499000,111.413,111.419,111.413,111.415,109320000,1
1500976500000,1500976559000,111.416,111.422,111.414,111.416,99880000,1
1500976560000,1500976619000,111.416,111.419,111.414,111.418,66700000,1
1500976620000,1500976679000,111.419,111.424,111.418,111.424,84910000,1
1500976680000,1500976739000,111.427,111.44,111.426,111.432,115200000,1
1500976740000,1500976799000,111.433,111.443,111.433,111.443,62310000,1
1500976800000,1500976859000,111.444,111.464,111.44,111.459,159610000,1
1500976860000,1500976919000,111.459,111.46,111.453,111.454,114020000,1
1500976920000,1500976979000,111.453,111.455,111.442,111.448,169080000,1
1500976980000,1500977039000,111.448,111.455,111.44,111.44,157750000,1
1500977040000,1500977099000,111.44,111.442,111.427,111.429,159610000,1
1500977100000,1500977159000,111.429,111.435,111.423,111.428,65540000,1
1500977160000,1500977219000,111.429,111.43,111.428,111.428,34600000,1
1500977220000,1500977279000,111.428,111.434,111.427,111.432,33820000,1
1500977280000,1500977339000,111.431,111.452,111.43,111.443,185760000,1
1500977340000,1500977399000,111.443,111.447,111.427,111.427,137820000,1
1500977400000,1500977459000,111.427,111.433,111.415,111.415,149920000,1
1500977460000,1500977519000,111.415,111.421,111.415,111.421,104860000,1
1500977520000,1500977579000,111.421,111.422,111.409,111.409,113770000,1
1500977580000,1500977639000,111.409,111.415,111.403,111.409,164470000,1
1500977640000,1500977699000,111.408,111.408,111.397,111.403,175900000,1
1500977700000,1500977759000,111.404,111.409,111.402,111.409,104070000,1
1500977760000,1500977819000,111.411,111.411,111.39,111.396,100130000,1
1500977820000,1500977879000,111.396,111.404,111.391,111.391,164810000,1
1500977880000,1500977939000,111.392,111.407,111.39,111.397,107320000,1
1500977940000,1500977999000,111.398,111.403,111.398,111.403,45250000,1
1500978000000,1500978059000,111.403,111.417,111.401,111.414,40870000,1
1500978060000,1500978119000,111.412,111.415,111.406,111.412,122700000,1
1500978120000,1500978179000,111.412,111.417,111.407,111.407,84320000,1
1500978180000,1500978239000,111.406,111.409,111.405,111.408,134950000,1
1500978240000,1500978299000,111.408,111.415,111.403,111.408,130090000,1
1500978300000,1500978359000,111.409,111.409,111.403,111.406,153350000,1
1500978360000,1500978419000,111.408,111.411,111.397,111.398,51430000,1
1500978420000,1500978479000,111.399,111.402,111.397,111.402,46560000,1
1500978480000,1500978539000,111.401,111.406,111.385,111.387,142640000,1
1500978540000,1500978599000,111.386,111.399,111.386,111.39,136920000,1
1500978600000,1500978659000,111.39,111.39,111.379,111.383,100610000,1
1500978660000,1500978719000,111.384,111.397,111.384,111.396,120920000,1
1500978720000,1500978779000,111.396,111.416,111.396,111.408,205260000,1
1500978780000,1500978839000,111.41,111.424,111.41,111.422,94160000,1
1500978840000,1500978899000,111.423,111.43,111.421,111.428,71600000,1
1500978900000,1500978959000,111.428,111.43,111.421,111.421,53570000,1
1500978960000,1500979019000,111.421,111.427,111.411,111.415,126990000,1
1500979020000,1500979079000,111.416,111.416,111.408,111.415,39800000,1
1500979080000,1500979139000,111.414,111.414,111.406,111.408,148770000,1
1500979140000,1500979199000,111.408,111.409,111.405,111.405,38830000,1
1500979200000,1500979259000,111.404,111.418,111.404,111.405,92590000,1
1500979260000,1500979319000,111.404,111.404,111.398,111.402,95930000,1
1500979320000,1500979379000,111.402,111.41,111.402,111.405,119320000,1
1500979380000,1500979439000,111.405,111.416,111.404,111.409,58010000,1
1500979440000,1500979499000,111.409,111.412,111.405,111.405,78280000,1
1500979500000,1500979559000,111.404,111.404,111.398,111.403,98530000,1
1500979560000,1500979619000,111.403,111.409,111.402,111.402,101510000,1
1500979620000,1500979679000,111.405,111.405,111.396,111.397,60330000,1
1500979680000,1500979739000,111.401,111.413,111.4,111.412,101730000,1
1500979740000,1500979799000,111.41,111.412,111.364,111.368,204780000,1
1500979800000,1500979859000,111.368,111.387,111.367,111.367,141790000,1
1500979860000,1500979919000,111.367,111.378,111.367,111.378,71550000,1
1500979920000,1500979979000,111.377,111.377,111.361,111.367,126770000,1
1500979980000,1500980039000,111.368,111.368,111.359,111.359,80640000,1
1500980040000,1500980099000,111.363,111.368,111.361,111.365,167930000,1
1500980100000,1500980159000,111.365,111.368,111.357,111.36,96450000,1
1500980160000,1500980219000,111.359,111.374,111.359,111.364,102180000,1
1500980220000,1500980279000,111.364,111.375,111.361,111.374,148430000,1
1500980280000,1500980339000,111.375,111.391,111.364,111.364,129930000,1
1500980340000,1500980399000,111.364,111.366,111.358,111.366,182830000,1
1500980400000,1500980459000,111.371,111.39,111.368,111.389,122640000,1
1500980460000,1500980519000,111.388,111.394,111.385,111.389,129260000,1
1500980520000,1500980579000,111.39,111.393,111.385,111.385,125100000,1
1500980580000,1500980639000,111.385,111.385,111.364,111.384,134200000,1
1500980640000,1500980699000,111.385,111.386,111.375,111.375,107470000,1
1500980700000,1500980759000,111.375,111.387,111.375,111.384,124040000,1
1500980760000,1500980819000,111.383,111.391,111.378,111.385,148190000,1
1500980820000,1500980879000,111.385,111.389,111.382,111.387,104920000,1
1500980880000,1500980939000,111.388,111.398,111.386,111.393,71360000,1
1500980940000,1500980999000,111.394,111.41,111.393,111.401,118380000,1
1500981000000,1500981059000,111.401,111.402,111.391,111.392,64990000,1
1500981060000,1500981119000,111.392,111.393,111.389,111.39,98940000,1
1500981120000,1500981179000,111.392,111.395,111.381,111.385,109760000,1
1500981180000,1500981239000,111.388,111.389,111.381,111.383,109680000,1
1500981240000,1500981299000,111.384,111.385,111.374,111.374,61810000,1
1500981300000,1500981359000,111.375,111.375,111.373,111.373,35470000,1
1500981360000,1500981419000,111.372,111.373,111.365,111.373,42710000,1
1500981420000,1500981479000,111.372,111.376,111.361,111.364,94580000,1
1500981480000,1500981539000,111.366,111.375,111.362,111.375,104080000,1
1500981540000,1500981599000,111.375,111.379,111.37,111.372,131150000,1
1500981600000,1500981659000,111.374,111.387,111.374,111.387,104970000,1
1500981660000,1500981719000,111.388,111.404,111.388,111.396,112260000,1
1500981720000,1500981779000,111.396,111.41,111.395,111.4,103300000,1
1500981780000,1500981839000,111.399,111.403,111.397,111.4,83260000,1
1500981840000,1500981899000,111.401,111.43,111.401,111.428,124760000,1
1500981900000,1500981959000,111.428,111.429,111.409,111.423,238150000,1
1500981960000,1500982019000,111.422,111.433,111.417,111.424,104720000,1
1500982020000,1500982079000,111.426,111.426,111.419,111.422,64460000,1
1500982080000,1500982139000,111.424,111.435,111.421,111.429,59570000,1
1500982140000,1500982199000,111.429,111.441,111.425,111.441,112490000,1
1500982200000,1500982259000,111.441,111.462,111.441,111.455,235140000,1
1500982260000,1500982319000,111.454,111.455,111.445,111.445,131360000,1
1500982320000,1500982379000,111.445,111.454,111.436,111.441,156620000,1
1500982380000,1500982439000,111.44,111.443,111.438,111.44,110470000,1
1500982440000,1500982499000,111.439,111.44,111.435,111.436,100900000,1
1500982500000,1500982559000,111.436,111.442,111.428,111.434,99820000,1
1500982560000,1500982619000,111.435,111.436,111.416,111.417,105720000,1
1500982620000,1500982679000,111.417,111.423,111.416,111.422,45670000,1
1500982680000,1500982739000,111.422,111.433,111.421,111.43,40830000,1
1500982740000,1500982799000,111.429,111.43,111.414,111.423,94150000,1
1500982800000,1500982859000,111.42,111.434,111.417,111.424,125350000,1
1500982860000,1500982919000,111.423,111.429,111.418,111.428,123090000,1
1500982920000,1500982979000,111.428,111.435,111.425,111.433,91180000,1
1500982980000,1500983039000,111.432,111.432,111.416,111.416,130460000,1
1500983040000,1500983099000,111.421,111.431,111.419,111.429,108740000,1
1500983100000,1500983159000,111.429,111.437,111.427,111.434,211840000,1
1500983160000,1500983219000,111.434,111.437,111.43,111.437,100650000,1
1500983220000,1500983279000,111.437,111.444,111.434,111.443,87020000,1
1500983280000,1500983339000,111.443,111.452,111.44,111.447,122000000,1
1500983340000,1500983399000,111.447,111.46,111.431,111.46,135500000,1
1500983400000,1500983459000,111.46,111.497,111.459,111.476,159090000,1
1500983460000,1500983519000,111.48,111.481,111.467,111.473,129860000,1
1500983520000,1500983579000,111.474,111.494,111.468,111.494,88120000,1
1500983580000,1500983639000,111.494,111.528,111.469,111.472,245580000,1
1500983640000,1500983699000,111.472,111.482,111.468,111.473,187080000,1
1500983700000,1500983759000,111.474,111.485,111.469,111.477,213320000,1
1500983760000,1500983819000,111.478,111.497,111.472,111.487,207480000,1
1500983820000,1500983879000,111.487,111.51,111.471,111.472,275310000,1
1500983880000,1500983939000,111.472,111.48,111.46,111.473,259000000,1
1500983940000,1500983999000,111.474,111.475,111.453,111.455,186220000,1
1500984000000,1500984059000,111.455,111.459,111.432,111.448,320810000,1
1500984060000,1500984119000,111.451,111.454,111.431,111.441,193370000,1
1500984120000,1500984179000,111.442,111.45,111.437,111.442,117400000,1
1500984180000,1500984239000,111.442,111.444,111.428,111.433,118820000,1
1500984240000,1500984299000,111.43,111.435,111.415,111.428,135450000,1
1500984300000,1500984359000,111.429,111.448,111.422,111.436,152460000,1
1500984360000,1500984419000,111.435,111.445,111.402,111.404,216140000,1
1500984420000,1500984479000,111.404,111.417,111.385,111.417,155760000,1
1500984480000,1500984539000,111.419,111.457,111.417,111.442,161510000,1
1500984540000,1500984599000,111.442,111.443,111.43,111.432,436240000,1
1500984600000,1500984659000,111.432,111.454,111.432,111.451,216480000,1
1500984660000,1500984719000,111.45,111.45,111.439,111.444,127990000,1
1500984720000,1500984779000,111.443,111.443,111.382,111.391,246150000,1
1500984780000,1500984839000,111.391,111.431,111.388,111.407,265010000,1
1500984840000,1500984899000,111.407,111.412,111.398,111.409,171410000,1
1500984900000,1500984959000,111.411,111.413,111.365,111.365,281560000,1
1500984960000,1500985019000,111.366,111.383,111.349,111.362,227950000,1
1500985020000,1500985079000,111.362,111.378,111.362,111.378,158740000,1
1500985080000,1500985139000,111.377,111.384,111.358,111.382,127110000,1
1500985140000,1500985199000,111.381,111.381,111.354,111.363,172300000,1
1500985200000,1500985259000,111.362,111.362,111.338,111.345,204320000,1
1500985260000,1500985319000,111.348,111.348,111.318,111.343,194060000,1
1500985320000,1500985379000,111.343,111.343,111.314,111.327,196820000,1
1500985380000,1500985439000,111.327,111.336,111.325,111.333,190110000,1
1500985440000,1500985499000,111.332,111.334,111.305,111.305,203490000,1
1500985500000,1500985559000,111.306,111.353,111.305,111.349,148130000,1
1500985560000,1500985619000,111.35,111.351,111.326,111.34,173350000,1
1500985620000,1500985679000,111.34,111.364,111.34,111.347,209770000,1
1500985680000,1500985739000,111.347,111.359,111.34,111.348,146340000,1
1500985740000,1500985799000,111.349,111.354,111.341,111.346,88760000,1
1500985800000,1500985859000,111.345,111.365,111.342,111.358,143790000,1
1500985860000,1500985919000,111.357,111.357,111.325,111.329,146790000,1
1500985920000,1500985979000,111.328,111.346,111.326,111.342,65270000,1
1500985980000,1500986039000,111.343,111.345,111.332,111.344,95830000,1
1500986040000,1500986099000,111.344,111.347,111.324,111.338,119140000,1
1500986100000,1500986159000,111.338,111.346,111.326,111.338,138720000,1
1500986160000,1500986219000,111.347,111.363,111.344,111.344,98140000,1
1500986220000,1500986279000,111.345,111.35,111.335,111.336,84050000,1
1500986280000,1500986339000,111.335,111.339,111.332,111.332,44780000,1
1500986340000,1500986399000,111.333,111.349,111.331,111.343,97630000,1
1500986400000,1500986459000,111.344,111.362,111.339,111.357,123600000,1
1500986460000,1500986519000,111.357,111.362,111.352,111.352,56620000,1
1500986520000,1500986579000,111.351,111.389,111.351,111.388,131610000,1
1500986580000,1500986639000,111.387,111.397,111.374,111.374,242680000,1
1500986640000,1500986699000,111.373,111.377,111.357,111.366,204370000,1
1500986700000,1500986759000,111.367,111.367,111.357,111.362,91960000,1
1500986760000,1500986819000,111.361,111.379,111.361,111.375,108590000,1
1500986820000,1500986879000,111.375,111.409,111.375,111.402,171580000,1
1500986880000,1500986939000,111.402,111.445,111.401,111.421,175710000,1
1500986940000,1500986999000,111.422,111.434,111.412,111.433,99930000,1
1500987000000,1500987059000,111.432,111.44,111.424,111.433,116980000,1
1500987060000,1500987119000,111.433,111.446,111.43,111.445,145870000,1
1500987120000,1500987179000,111.445,111.452,111.435,111.445,265250000,1
1500987180000,1500987239000,111.444,111.444,111.411,111.413,145380000,1
1500987240000,1500987299000,111.411,111.414,111.4,111.408,163050000,1
1500987300000,1500987359000,111.408,111.422,111.397,111.415,121530000,1
1500987360000,1500987419000,111.415,111.464,111.415,111.464,84470000,1
1500987420000,1500987479000,111.463,111.568,111.463,111.558,241640000,1
1500987480000,1500987539000,111.56,111.567,111.541,111.542,223600000,1
1500987540000,1500987599000,111.542,111.56,111.536,111.54,236590000,1
1500987600000,1500987659000,111.539,111.541,111.51,111.522,182320000,1
1500987660000,1500987719000,111.522,111.522,111.481,111.484,195010000,1
1500987720000,1500987779000,111.486,111.5,111.479,111.491,206680000,1
1500987780000,1500987839000,111.495,111.517,111.495,111.502,264410000,1
1500987840000,1500987899000,111.502,111.511,111.492,111.499,207800000,1
1500987900000,1500987959000,111.5,111.5,111.481,111.488,236940000,1
1500987960000,1500988019000,111.489,111.499,111.472,111.491,219990000,1
1500988020000,1500988079000,111.486,111.526,111.486,111.513,213050000,1
1500988080000,1500988139000,111.513,111.538,111.5,111.523,280590000,1
1500988140000,1500988199000,111.523,111.553,111.514,111.526,235930000,1
1500988200000,1500988259000,111.527,111.535,111.491,111.492,249840000,1
1500988260000,1500988319000,111.493,111.508,111.488,111.493,207900000,1
1500988320000,1500988379000,111.491,111.493,111.48,111.485,187880000,1
1500988380000,1500988439000,111.486,111.486,111.473,111.483,151770000,1
1500988440000,1500988499000,111.483,111.485,111.47,111.481,165160000,1
1500988500000,1500988559000,111.483,111.486,111.468,111.48,136620000,1
1500988560000,1500988619000,111.481,111.491,111.478,111.478,245850000,1
1500988620000,1500988679000,111.478,111.479,111.451,111.461,189970000,1
1500988680000,1500988739000,111.459,111.479,111.459,111.474,177970000,1
1500988740000,1500988799000,111.473,111.477,111.435,111.448,295140000,1
1500988800000,1500988859000,111.448,111.448,111.426,111.431,224770000,1
1500988860000,1500988919000,111.431,111.458,111.428,111.44,182300000,1
1500988920000,1500988979000,111.44,111.44,111.432,111.438,85870000,1
1500988980000,1500989039000,111.438,111.443,111.437,111.441,70660000,1
1500989040000,1500989099000,111.44,111.445,111.436,111.438,444360000,1
1500989100000,1500989159000,111.438,111.468,111.436,111.462,271840000,1
1500989160000,1500989219000,111.462,111.492,111.458,111.492,122470000,1
1500989220000,1500989279000,111.491,111.502,111.474,111.497,160530000,1
1500989280000,1500989339000,111.498,111.531,111.497,111.516,230100000,1
1500989340000,1500989399000,111.514,111.538,111.509,111.527,218990000,1
1500989400000,1500989459000,111.528,111.533,111.492,111.504,284940000,1
1500989460000,1500989519000,111.505,111.506,111.471,111.493,231820000,1
1500989520000,1500989579000,111.494,111.561,111.488,111.557,262510000,1
1500989580000,1500989639000,111.555,111.558,111.539,111.541,278720000,1
1500989640000,1500989699000,111.541,111.547,111.507,111.529,230640000,1
1500989700000,1500989759000,111.528,111.538,111.505,111.511,185540000,1
1500989760000,1500989819000,111.511,111.511,111.452,111.461,306970000,1
1500989820000,1500989879000,111.461,111.499,111.453,111.485,186200000,1
1500989880000,1500989939000,111.484,111.485,111.451,111.46,208650000,1
1500989940000,1500989999000,111.457,111.475,111.452,111.474,209410000,1
1500990000000,1500990059000,111.474,111.474,111.431,111.458,250620000,1
1500990060000,1500990119000,111.46,111.467,111.439,111.467,249270000,1
1500990120000,1500990179000,111.468,111.494,111.461,111.493,311100000,1
1500990180000,1500990239000,111.492,111.492,111.454,111.46,220350000,1
1500990240000,1500990299000,111.46,111.475,111.453,111.471,179700000,1
1500990300000,1500990359000,111.47,111.495,111.467,111.49,182440000,1
1500990360000,1500990419000,111.492,111.495,111.465,111.488,239380000,1
1500990420000,1500990479000,111.486,111.486,111.46,111.471,183400000,1
1500990480000,1500990539000,111.473,111.477,111.44,111.454,302450000,1
1500990540000,1500990599000,111.454,111.461,111.444,111.455,197170000,1
1500990600000,1500990659000,111.456,111.464,111.442,111.449,147020000,1
1500990660000,1500990719000,111.451,111.462,111.408,111.411,176200000,1
1500990720000,1500990779000,111.411,111.411,111.384,111.387,197530000,1
1500990780000,1500990839000,111.386,111.405,111.379,111.392,205300000,1
1500990840000,1500990899000,111.393,111.393,111.367,111.392,158200000,1
1500990900000,1500990959000,111.392,111.402,111.387,111.4,169920000,1
1500990960000,1500991019000,111.399,111.405,111.386,111.386,252820000,1
1500991020000,1500991079000,111.388,111.398,111.387,111.397,103250000,1
1500991080000,1500991139000,111.397,111.426,111.397,111.417,167390000,1
1500991140000,1500991199000,111.417,111.462,111.412,111.442,263110000,1
1500991200000,1500991259000,111.448,111.538,111.428,111.46,581730000,1
1500991260000,1500991319000,111.459,111.508,111.459,111.496,362240000,1
1500991320000,1500991379000,111.495,111.502,111.467,111.493,302250000,1
1500991380000,1500991439000,111.493,111.535,111.492,111.534,283260000,1
1500991440000,1500991499000,111.533,111.541,111.514,111.528,260250000,1
1500991500000,1500991559000,111.528,111.583,111.528,111.566,422010000,1
1500991560000,1500991619000,111.567,111.599,111.559,111.587,361430000,1
1500991620000,1500991679000,111.589,111.591,111.534,111.54,436220000,1
1500991680000,1500991739000,111.541,111.557,111.529,111.553,193510000,1
1500991740000,1500991799000,111.555,111.562,111.541,111.548,204890000,1
1500991800000,1500991859000,111.551,111.569,111.533,111.538,280670000,1
1500991860000,1500991919000,111.54,111.551,111.51,111.521,249840000,1
1500991920000,1500991979000,111.521,111.523,111.504,111.51,276900000,1
1500991980000,1500992039000,111.51,111.511,111.482,111.501,192100000,1
1500992040000,1500992099000,111.5,111.505,111.467,111.473,138390000,1
1500992100000,1500992159000,111.473,111.519,111.473,111.519,264690000,1
1500992160000,1500992219000,111.521,111.535,111.51,111.535,233600000,1
1500992220000,1500992279000,111.535,111.537,111.522,111.535,158160000,1
1500992280000,1500992339000,111.533,111.536,111.526,111.535,196650000,1
1500992340000,1500992399000,111.534,111.546,111.524,111.546,164050000,1
1500992400000,1500992459000,111.55,111.554,111.53,111.53,215540000,1
1500992460000,1500992519000,111.529,111.531,111.5,111.514,264060000,1
1500992520000,1500992579000,111.514,111.523,111.514,111.521,128240000,1
1500992580000,1500992639000,111.521,111.537,111.52,111.537,121650000,1
1500992640000,1500992699000,111.536,111.538,111.53,111.537,81170000,1
1500992700000,1500992759000,111.542,111.542,111.52,111.522,168140000,1
1500992760000,1500992819000,111.523,111.53,111.511,111.526,173320000,1
1500992820000,1500992879000,111.527,111.528,111.499,111.51,192700000,1
1500992880000,1500992939000,111.513,111.535,111.506,111.524,264610000,1
1500992940000,1500992999000,111.526,111.533,111.515,111.531,242320000,1
1500993000000,1500993059000,111.532,111.54,111.508,111.511,208370000,1
1500993060000,1500993119000,111.512,111.52,111.508,111.515,167800000,1
1500993120000,1500993179000,111.513,111.516,111.504,111.51,96130000,1
1500993180000,1500993239000,111.512,111.518,111.504,111.504,80220000,1
1500993240000,1500993299000,111.506,111.523,111.504,111.523,118180000,1
1500993300000,1500993359000,111.522,111.541,111.514,111.528,140280000,1
1500993360000,1500993419000,111.529,111.559,111.528,111.559,192850000,1
1500993420000,1500993479000,111.561,111.576,111.552,111.557,232960000,1
1500993480000,1500993539000,111.557,111.564,111.527,111.538,283250000,1
1500993540000,1500993599000,111.537,111.541,111.521,111.524,407650000,1
1500993600000,1500993659000,111.524,111.53,111.518,111.527,265850000,1
1500993660000,1500993719000,111.528,111.528,111.514,111.519,107100000,1
1500993720000,1500993779000,111.519,111.522,111.487,111.493,204640000,1
1500993780000,1500993839000,111.493,111.503,111.489,111.502,137460000,1
1500993840000,1500993899000,111.501,111.542,111.501,111.526,283670000,1
1500993900000,1500993959000,111.528,111.537,111.518,111.53,132020000,1
1500993960000,1500994019000,111.531,111.552,111.526,111.54,229500000,1
1500994020000,1500994079000,111.54,111.596,111.54,111.574,244220000,1
1500994080000,1500994139000,111.576,111.634,111.573,111.619,287300000,1
1500994140000,1500994199000,111.621,111.621,111.585,111.595,227470000,1
1500994200000,1500994259000,111.595,111.601,111.575,111.601,245600000,1
1500994260000,1500994319000,111.601,111.601,111.563,111.566,181240000,1
1500994320000,1500994379000,111.565,111.571,111.557,111.571,160480000,1
1500994380000,1500994439000,111.574,111.601,111.568,111.585,213990000,1
1500994440000,1500994499000,111.583,111.624,111.583,111.601,173760000,1
1500994500000,1500994559000,111.601,111.619,111.59,111.605,240190000,1
1500994560000,1500994619000,111.603,111.631,111.602,111.605,253970000,1
1500994620000,1500994679000,111.604,111.622,111.594,111.596,167160000,1
1500994680000,1500994739000,111.597,111.598,111.59,111.597,177030000,1
1500994740000,1500994799000,111.595,111.619,111.581,111.619,310650000,1
1500994800000,1500994859000,111.619,111.628,111.588,111.591,301130000,1
1500994860000,1500994919000,111.591,111.614,111.591,111.602,221930000,1
1500994920000,1500994979000,111.6,111.602,111.586,111.591,137760000,1
1500994980000,1500995039000,111.591,111.608,111.591,111.605,284310000,1
1500995040000,1500995099000,111.606,111.607,111.58,111.582,171850000,1
1500995100000,1500995159000,111.582,111.59,111.559,111.568,206030000,1
1500995160000,1500995219000,111.567,111.571,111.554,111.568,123570000,1
1500995220000,1500995279000,111.567,111.57,111.553,111.553,108540000,1
1500995280000,1500995339000,111.554,111.567,111.544,111.544,150050000,1
1500995340000,1500995399000,111.54,111.559,111.54,111.554,182800000,1
1500995400000,1500995459000,111.555,111.58,111.555,111.579,142410000,1
1500995460000,1500995519000,111.578,111.586,111.572,111.584,86550000,1
1500995520000,1500995579000,111.585,111.598,111.581,111.597,208380000,1
1500995580000,1500995639000,111.597,111.603,111.59,111.595,136370000,1
1500995640000,1500995699000,111.595,111.622,111.592,111.622,133740000,1
1500995700000,1500995759000,111.622,111.629,111.61,111.629,172310000,1
1500995760000,1500995819000,111.63,111.637,111.618,111.636,169110000,1
1500995820000,1500995879000,111.637,111.688,111.637,111.687,163830000,1
1500995880000,1500995939000,111.685,111.687,111.656,111.663,181390000,1
1500995940000,1500995999000,111.663,111.668,111.642,111.668,220800000,1
1500996000000,1500996059000,111.666,111.671,111.653,111.656,168490000,1
1500996060000,1500996119000,111.656,111.672,111.65,111.65,177780000,1
1500996120000,1500996179000,111.65,111.652,111.631,111.637,169340000,1
1500996180000,1500996239000,111.637,111.646,111.626,111.636,145460000,1
1500996240000,1500996299000,111.635,111.65,111.634,111.65,152760000,1
1500996300000,1500996359000,111.65,111.65,111.626,111.627,168880000,1
1500996360000,1500996419000,111.626,111.626,111.603,111.607,135050000,1
1500996420000,1500996479000,111.607,111.617,111.588,111.614,184110000,1
1500996480000,1500996539000,111.615,111.627,111.61,111.61,137680000,1
1500996540000,1500996599000,111.609,111.619,111.605,111.609,92940000,1
1500996600000,1500996659000,111.609,111.638,111.609,111.621,225960000,1
1500996660000,1500996719000,111.621,111.621,111.584,111.593,188680000,1
1500996720000,1500996779000,111.593,111.594,111.577,111.577,136660000,1
1500996780000,1500996839000,111.577,111.598,111.577,111.598,270240000,1
1500996840000,1500996899000,111.598,111.624,111.597,111.624,154650000,1
1500996900000,1500996959000,111.623,111.625,111.591,111.603,121240000,1
1500996960000,1500997019000,111.604,111.612,111.598,111.598,119200000,1
1500997020000,1500997079000,111.596,111.6,111.548,111.556,225500000,1
1500997080000,1500997139000,111.558,111.588,111.551,111.588,196930000,1
1500997140000,1500997199000,111.589,111.601,111.565,111.565,178370000,1
1500997200000,1500997259000,111.565,111.565,111.551,111.561,142960000,1
1500997260000,1500997319000,111.562,111.564,111.538,111.544,162320000,1
1500997320000,1500997379000,111.545,111.558,111.545,111.553,108940000,1
1500997380000,1500997439000,111.553,111.558,111.547,111.558,53300000,1
1500997440000,1500997499000,111.56,111.594,111.553,111.582,170040000,1
1500997500000,1500997559000,111.58,111.608,111.58,111.598,181900000,1
1500997560000,1500997619000,111.598,111.622,111.576,111.616,230820000,1
1500997620000,1500997679000,111.615,111.616,111.608,111.609,112300000,1
1500997680000,1500997739000,111.609,111.618,111.607,111.615,87260000,1
1500997740000,1500997799000,111.613,111.613,111.601,111.603,109230000,1
1500997800000,1500997859000,111.604,111.614,111.591,111.591,140580000,1
1500997860000,1500997919000,111.594,111.603,111.577,111.589,200570000,1
1500997920000,1500997979000,111.588,111.59,111.572,111.578,158120000,1
1500997980000,1500998039000,111.578,111.591,111.576,111.579,138400000,1
1500998040000,1500998099000,111.577,111.577,111.563,111.569,171940000,1
1500998100000,1500998159000,111.562,111.567,111.558,111.558,59970000,1
1500998160000,1500998219000,111.558,111.583,111.558,111.583,1138250000,1
1500998220000,1500998279000,111.582,111.594,111.576,111.582,92760000,1
1500998280000,1500998339000,111.582,111.586,111.58,111.582,74850000,1
1500998340000,1500998399000,111.581,111.582,111.572,111.578,140740000,1
1500998400000,1500998459000,111.579,111.586,111.57,111.571,140220000,1
1500998460000,1500998519000,111.571,111.58,111.565,111.576,143160000,1
1500998520000,1500998579000,111.577,111.579,111.571,111.579,85050000,1
1500998580000,1500998639000,111.579,111.59,111.577,111.578,57030000,1
1500998640000,1500998699000,111.578,111.595,111.577,111.59,67310000,1
1500998700000,1500998759000,111.592,111.596,111.576,111.576,81700000,1
1500998760000,1500998819000,111.574,111.58,111.574,111.58,75790000,1
1500998820000,1500998879000,111.58,111.58,111.571,111.571,66480000,1
1500998880000,1500998939000,111.572,111.605,111.568,111.6,137610000,1
1500998940000,1500998999000,111.6,111.605,111.593,111.604,125840000,1
1500999000000,1500999059000,111.604,111.63,111.602,111.623,152300000,1
1500999060000,1500999119000,111.622,111.628,111.616,111.627,78780000,1
1500999120000,1500999179000,111.627,111.629,111.611,111.627,4602730000,1
1500999180000,1500999239000,111.627,111.631,111.615,111.63,131360000,1
1500999240000,1500999299000,111.629,111.648,111.629,111.643,135180000,1
1500999300000,1500999359000,111.643,111.647,111.627,111.638,113300000,1
1500999360000,1500999419000,111.638,111.654,111.631,111.643,185300000,1
1500999420000,1500999479000,111.645,111.653,111.642,111.645,80790000,1
1500999480000,1500999539000,111.644,111.646,111.638,111.638,98760000,1
1500999540000,1500999599000,111.637,111.645,111.633,111.635,139830000,1
1500999600000,1500999659000,111.634,111.635,111.628,111.631,165680000,1
1500999660000,1500999719000,111.631,111.645,111.631,111.642,58770000,1
1500999720000,1500999779000,111.642,111.647,111.63,111.633,93680000,1
1500999780000,1500999839000,111.634,111.648,111.634,111.642,78210000,1
1500999840000,1500999899000,111.641,111.683,111.628,111.632,171210000,1
1500999900000,1500999959000,111.631,111.655,111.629,111.649,140010000,1
1500999960000,1501000019000,111.649,111.676,111.649,111.674,88820000,1
1501000020000,1501000079000,111.674,111.674,111.668,111.672,79430000,1
1501000080000,1501000139000,111.673,111.684,111.66,111.66,140660000,1
1501000140000,1501000199000,111.662,111.668,111.655,111.664,127230000,1
1501000200000,1501000259000,111.664,111.672,111.661,111.665,105630000,1
1501000260000,1501000319000,111.666,111.678,111.665,111.672,129650000,1
1501000320000,1501000379000,111.672,111.672,111.661,111.669,72690000,1
1501000380000,1501000439000,111.669,111.67,111.658,111.66,85400000,1
1501000440000,1501000499000,111.659,111.669,111.658,111.66,88090000,1
1501000500000,1501000559000,111.66,111.672,111.66,111.663,121100000,1
1501000560000,1501000619000,111.662,111.663,111.657,111.66,101760000,1
1501000620000,1501000679000,111.66,111.661,111.652,111.652,58230000,1
1501000680000,1501000739000,111.653,111.654,111.648,111.648,52750000,1
1501000740000,1501000799000,111.648,111.651,111.641,111.641,58460000,1
1501000800000,1501000859000,111.64,111.642,111.629,111.641,84450000,1
1501000860000,1501000919000,111.64,111.641,111.636,111.639,73910000,1
1501000920000,1501000979000,111.638,111.648,111.638,111.641,112830000,1
1501000980000,1501001039000,111.643,111.646,111.641,111.642,45900000,1
1501001040000,1501001099000,111.642,111.642,111.626,111.64,145240000,1
1501001100000,1501001159000,111.639,111.639,111.615,111.618,97020000,1
1501001160000,1501001219000,111.618,111.627,111.618,111.618,130640000,1
1501001220000,1501001279000,111.618,111.621,111.607,111.62,120960000,1
1501001280000,1501001339000,111.619,111.626,111.618,111.625,126040000,1
1501001340000,1501001399000,111.626,111.628,111.62,111.626,89420000,1
1501001400000,1501001459000,111.626,111.648,111.611,111.616,130720000,1
1501001460000,1501001519000,111.618,111.625,111.612,111.613,117570000,1
1501001520000,1501001579000,111.614,111.614,111.608,111.612,145680000,1
1501001580000,1501001639000,111.612,111.614,111.605,111.61,76690000,1
1501001640000,1501001699000,111.61,111.623,111.61,111.623,23800000,1
1501001700000,1501001759000,111.623,111.637,111.623,111.637,50620000,1
1501001760000,1501001819000,111.636,111.637,111.621,111.621,52100000,1
1501001820000,1501001879000,111.622,111.625,111.621,111.621,39920000,1
1501001880000,1501001939000,111.625,111.626,111.622,111.623,75390000,1
1501001940000,1501001999000,111.623,111.636,111.623,111.635,53620000,1
1501002000000,1501002059000,111.633,111.633,111.62,111.627,85180000,1
1501002060000,1501002119000,111.631,111.633,111.61,111.612,136260000,1
1501002120000,1501002179000,111.612,111.615,111.594,111.615,147990000,1
1501002180000,1501002239000,111.615,111.621,111.596,111.616,128230000,1
1501002240000,1501002299000,111.616,111.628,111.609,111.609,85920000,1
1501002300000,1501002359000,111.611,111.625,111.611,111.616,90090000,1
1501002360000,1501002419000,111.619,111.619,111.603,111.603,79920000,1
1501002420000,1501002479000,111.606,111.609,111.584,111.585,160740000,1
1501002480000,1501002539000,111.584,111.597,111.584,111.594,113360000,1
1501002540000,1501002599000,111.595,111.6,111.588,111.59,85230000,1
1501002600000,1501002659000,111.593,111.597,111.589,111.59,72270000,1
1501002660000,1501002719000,111.589,111.589,111.574,111.583,88940000,1
1501002720000,1501002779000,111.584,111.585,111.571,111.571,91500000,1
1501002780000,1501002839000,111.571,111.577,111.571,111.577,19720000,1
1501002840000,1501002899000,111.578,111.585,111.578,111.58,52950000,1
1501002900000,1501002959000,111.58,111.598,111.579,111.597,81160000,1
1501002960000,1501003019000,111.597,111.603,111.597,111.597,88210000,1
1501003020000,1501003079000,111.595,111.603,111.593,111.594,118370000,1
1501003080000,1501003139000,111.595,111.597,111.595,111.596,90880000,1
1501003140000,1501003199000,111.596,111.597,111.59,111.594,166050000,1
1501003200000,1501003259000,111.593,111.598,111.589,111.595,58720000,1
1501003260000,1501003319000,111.597,111.607,111.588,111.599,89220000,1
1501003320000,1501003379000,111.594,111.594,111.58,111.587,55420000,1
1501003380000,1501003439000,111.584,111.589,111.584,111.584,47720000,1
1501003440000,1501003499000,111.588,111.614,111.588,111.598,158920000,1
1501003500000,1501003559000,111.599,111.599,111.592,111.597,76350000,1
1501003560000,1501003619000,111.597,111.607,111.594,111.602,66410000,1
1501003620000,1501003679000,111.601,111.603,111.589,111.592,75910000,1
1501003680000,1501003739000,111.592,111.593,111.588,111.591,94300000,1
1501003740000,1501003799000,111.591,111.597,111.58,111.585,82500000,1
1501003800000,1501003859000,111.584,111.587,111.581,111.583,108560000,1
1501003860000,1501003919000,111.583,111.586,111.578,111.579,69180000,1
1501003920000,1501003979000,111.578,111.597,111.576,111.597,72690000,1
1501003980000,1501004039000,111.597,111.603,111.597,111.599,45540000,1
1501004040000,1501004099000,111.598,111.617,111.596,111.617,59010000,1
1501004100000,1501004159000,111.618,111.639,111.616,111.635,95450000,1
1501004160000,1501004219000,111.635,111.635,111.617,111.618,62590000,1
1501004220000,1501004279000,111.618,111.621,111.613,111.616,40320000,1
1501004280000,1501004339000,111.614,111.63,111.614,111.63,85590000,1
1501004340000,1501004399000,111.629,111.646,111.629,111.646,88940000,1
1501004400000,1501004459000,111.647,111.647,111.635,111.635,54370000,1
1501004460000,1501004519000,111.637,111.638,111.632,111.636,109620000,1
1501004520000,1501004579000,111.636,111.636,111.622,111.622,85070000,1
1501004580000,1501004639000,111.621,111.628,111.621,111.622,57940000,1
1501004640000,1501004699000,111.623,111.624,111.618,111.622,38630000,1
1501004700000,1501004759000,111.623,111.623,111.615,111.616,42740000,1
1501004760000,1501004819000,111.615,111.615,111.599,111.602,72450000,1
1501004820000,1501004879000,111.602,111.603,111.591,111.591,94630000,1
1501004880000,1501004939000,111.591,111.591,111.572,111.578,96410000,1
1501004940000,1501004999000,111.576,111.577,111.574,111.577,36120000,1
1501005000000,1501005059000,111.577,111.586,111.567,111.571,115590000,1
1501005060000,1501005119000,111.571,111.579,111.563,111.576,74570000,1
1501005120000,1501005179000,111.576,111.578,111.568,111.578,84820000,1
1501005180000,1501005239000,111.578,111.58,111.574,111.575,54060000,1
1501005240000,1501005299000,111.576,111.588,111.574,111.587,83460000,1
1501005300000,1501005359000,111.588,111.613,111.588,111.606,89180000,1
1501005360000,1501005419000,111.607,111.612,111.596,111.599,70680000,1
1501005420000,1501005479000,111.6,111.611,111.6,111.605,57990000,1
1501005480000,1501005539000,111.605,111.62,111.604,111.62,51060000,1
1501005540000,1501005599000,111.619,111.619,111.599,111.601,105560000,1
1501005600000,1501005659000,111.602,111.602,111.592,111.592,60930000,1
1501005660000,1501005719000,111.591,111.611,111.582,111.61,116990000,1
1501005720000,1501005779000,111.61,111.611,111.603,111.603,42530000,1
1501005780000,1501005839000,111.603,111.629,111.603,111.629,74260000,1
1501005840000,1501005899000,111.629,111.644,111.629,111.643,197500000,1
1501005900000,1501005959000,111.649,111.655,111.641,111.643,135880000,1
1501005960000,1501006019000,111.651,111.655,111.637,111.637,87540000,1
1501006020000,1501006079000,111.637,111.637,111.628,111.632,60240000,1
1501006080000,1501006139000,111.632,111.643,111.632,111.636,48970000,1
1501006140000,1501006199000,111.638,111.655,111.638,111.655,126380000,1
1501006200000,1501006259000,111.656,111.668,111.653,111.667,76070000,1
1501006260000,1501006319000,111.664,111.676,111.662,111.674,45750000,1
1501006320000,1501006379000,111.675,111.675,111.664,111.675,55710000,1
1501006380000,1501006439000,111.675,111.682,111.674,111.674,64760000,1
1501006440000,1501006499000,111.674,111.676,111.666,111.673,83560000,1
1501006500000,1501006559000,111.672,111.679,111.668,111.671,79690000,1
1501006560000,1501006619000,111.67,111.673,111.665,111.665,70770000,1
1501006620000,1501006679000,111.663,111.674,111.66,111.669,115040000,1
1501006680000,1501006739000,111.671,111.676,111.668,111.669,40960000,1
1501006740000,1501006799000,111.667,111.668,111.654,111.668,87100000,1
1501006800000,1501006859000,111.669,111.809,111.666,111.773,145150000,1
1501006860000,1501006919000,111.774,111.802,111.755,111.776,370180000,1
1501006920000,1501006979000,111.777,111.823,111.766,111.818,241470000,1
1501006980000,1501007039000,111.82,111.83,111.789,111.796,250200000,1
1501007040000,1501007099000,111.8,111.829,111.794,111.813,247020000,1
1501007100000,1501007159000,111.811,111.823,111.809,111.818,248330000,1
1501007160000,1501007219000,111.82,111.835,111.808,111.809,166130000,1
1501007220000,1501007279000,111.811,111.851,111.797,111.851,173140000,1
1501007280000,1501007339000,111.852,111.879,111.852,111.86,180380000,1
1501007340000,1501007399000,111.86,111.876,111.858,111.87,184230000,1
1501007400000,1501007459000,111.869,111.869,111.839,111.839,145920000,1
1501007460000,1501007519000,111.839,111.839,111.794,111.8,150780000,1
1501007520000,1501007579000,111.8,111.8,111.769,111.769,206050000,1
1501007580000,1501007639000,111.769,111.807,111.763,111.803,118260000,1
1501007640000,1501007699000,111.804,111.804,111.771,111.799,199700000,1
1501007700000,1501007759000,111.802,111.803,111.783,111.783,161270000,1
1501007760000,1501007819000,111.784,111.798,111.773,111.798,112960000,1
1501007820000,1501007879000,111.803,111.807,111.794,111.795,98780000,1
1501007880000,1501007939000,111.796,111.802,111.776,111.78,64690000,1
1501007940000,1501007999000,111.779,111.788,111.77,111.788,84670000,1
1501008000000,1501008059000,111.79,111.796,111.79,111.795,42850000,1
1501008060000,1501008119000,111.795,111.795,111.784,111.784,65160000,1
1501008120000,1501008179000,111.788,111.79,111.77,111.771,57510000,1
1501008180000,1501008239000,111.772,111.789,111.764,111.783,150680000,1
1501008240000,1501008299000,111.783,111.787,111.773,111.777,152850000,1
1501008300000,1501008359000,111.778,111.794,111.772,111.794,108090000,1
1501008360000,1501008419000,111.795,111.81,111.781,111.81,105660000,1
1501008420000,1501008479000,111.809,111.816,111.795,111.81,132850000,1
1501008480000,1501008539000,111.809,111.819,111.8,111.819,183810000,1
1501008540000,1501008599000,111.818,111.853,111.809,111.849,167400000,1
1501008600000,1501008659000,111.848,111.856,111.838,111.854,334340000,1
1501008660000,1501008719000,111.853,111.855,111.834,111.848,169290000,1
1501008720000,1501008779000,111.849,111.857,111.833,111.841,176320000,1
1501008780000,1501008839000,111.839,111.848,111.824,111.836,219070000,1
1501008840000,1501008899000,111.836,111.841,111.82,111.828,1582310000,1
1501008900000,1501008959000,111.829,111.837,111.826,111.837,97420000,1
1501008960000,1501009019000,111.835,111.853,111.835,111.85,139320000,1
1501009020000,1501009079000,111.85,111.85,111.832,111.837,69720000,1
1501009080000,1501009139000,111.836,111.858,111.836,111.854,113150000,1
1501009140000,1501009199000,111.854,111.906,111.85,111.885,353390000,1
1501009200000,1501009259000,111.886,111.924,111.884,111.909,217030000,1
1501009260000,1501009319000,111.908,111.909,111.882,111.883,161170000,1
1501009320000,1501009379000,111.883,111.886,111.877,111.877,123510000,1
1501009380000,1501009439000,111.879,111.883,111.857,111.857,96440000,1
1501009440000,1501009499000,111.857,111.861,111.842,111.859,154100000,1
1501009500000,1501009559000,111.857,111.857,111.84,111.845,131030000,1
1501009560000,1501009619000,111.847,111.861,111.843,111.861,107110000,1
1501009620000,1501009679000,111.859,111.865,111.851,111.851,65820000,1
1501009680000,1501009739000,111.851,111.856,111.851,111.851,43040000,1
1501009740000,1501009799000,111.849,111.863,111.836,111.858,129080000,1
1501009800000,1501009859000,111.859,111.861,111.832,111.834,116300000,1
1501009860000,1501009919000,111.833,111.845,111.833,111.837,130370000,1
1501009920000,1501009979000,111.837,111.845,111.833,111.845,66850000,1
1501009980000,1501010039000,111.847,111.847,111.842,111.845,101430000,1
1501010040000,1501010099000,111.846,111.846,111.825,111.825,108420000,1
1501010100000,1501010159000,111.825,111.832,111.825,111.832,51280000,1
1501010160000,1501010219000,111.831,111.833,111.826,111.833,39270000,1
1501010220000,1501010279000,111.832,111.856,111.832,111.847,78950000,1
1501010280000,1501010339000,111.848,111.876,111.848,111.872,157110000,1
1501010340000,1501010399000,111.871,111.875,111.862,111.863,96570000,1
1501010400000,1501010459000,111.864,111.864,111.837,111.855,83500000,1
1501010460000,1501010519000,111.856,111.88,111.855,111.874,125930000,1
1501010520000,1501010579000,111.874,111.875,111.87,111.87,45330000,1
1501010580000,1501010639000,111.87,111.871,111.845,111.869,135760000,1
1501010640000,1501010699000,111.869,111.869,111.855,111.856,108660000,1
1501010700000,1501010759000,111.857,111.876,111.837,111.837,197890000,1
1501010760000,1501010819000,111.841,111.854,111.838,111.849,124270000,1
1501010820000,1501010879000,111.849,111.88,111.848,111.874,163150000,1
1501010880000,1501010939000,111.873,111.921,111.863,111.916,185660000,1
1501010940000,1501010999000,111.919,111.919,111.9,111.901,133220000,1
1501011000000,1501011059000,111.9,111.9,111.888,111.896,135750000,1
1501011060000,1501011119000,111.895,111.903,111.894,111.901,32870000,1
1501011120000,1501011179000,111.9,111.939,111.9,111.931,97880000,1
1501011180000,1501011239000,111.93,111.943,111.928,111.936,64530000,1
1501011240000,1501011299000,111.936,111.938,111.923,111.923,158400000,1
1501011300000,1501011359000,111.925,111.931,111.915,111.919,167710000,1
1501011360000,1501011419000,111.919,111.928,111.918,111.925,145750000,1
1501011420000,1501011479000,111.925,111.926,111.915,111.915,88380000,1
1501011480000,1501011539000,111.915,111.92,111.915,111.919,54930000,1
1501011540000,1501011599000,111.919,111.92,111.914,111.914,79570000,1
1501011600000,1501011659000,111.912,111.913,111.903,111.907,124080000,1
1501011660000,1501011719000,111.907,111.912,111.895,111.901,147900000,1
1501011720000,1501011779000,111.901,111.901,111.888,111.893,85200000,1
1501011780000,1501011839000,111.894,111.894,111.888,111.888,115880000,1
1501011840000,1501011899000,111.892,111.904,111.89,111.89,176040000,1
1501011900000,1501011959000,111.89,111.89,111.875,111.875,145820000,1
1501011960000,1501012019000,111.873,111.882,111.868,111.868,114760000,1
1501012020000,1501012079000,111.868,111.868,111.862,111.863,106610000,1
1501012080000,1501012139000,111.863,111.868,111.863,111.868,145020000,1
1501012140000,1501012199000,111.868,111.883,111.866,111.883,125470000,1
1501012200000,1501012259000,111.883,111.911,111.879,111.909,137210000,1
1501012260000,1501012319000,111.908,111.919,111.896,111.901,186170000,1
1501012320000,1501012379000,111.905,111.905,111.894,111.895,149380000,1
1501012380000,1501012439000,111.895,111.902,111.885,111.886,148650000,1
1501012440000,1501012499000,111.886,111.891,111.881,111.885,193450000,1
1501012500000,1501012559000,111.884,111.884,111.871,111.871,142290000,1
1501012560000,1501012619000,111.873,111.879,111.864,111.878,146950000,1
1501012620000,1501012679000,111.879,111.879,111.874,111.876,91060000,1
1501012680000,1501012739000,111.88,111.896,111.88,111.894,90200000,1
1501012740000,1501012799000,111.893,111.898,111.885,111.892,183120000,1
1501012800000,1501012859000,111.894,111.895,111.887,111.894,71570000,1
1501012860000,1501012919000,111.895,111.895,111.887,111.888,76630000,1
1501012920000,1501012979000,111.889,111.889,111.861,111.863,76310000,1
1501012980000,1501013039000,111.862,111.876,111.858,111.875,35940000,1
1501013040000,1501013099000,111.875,111.877,111.869,111.869,38330000,1
1501013100000,1501013159000,111.868,111.868,111.85,111.855,77590000,1
1501013160000,1501013219000,111.855,111.858,111.855,111.858,426600000,1
1501013220000,1501013279000,111.857,111.868,111.857,111.867,59660000,1
1501013280000,1501013339000,111.866,111.868,111.866,111.868,15680000,1
1501013340000,1501013399000,111.868,111.874,111.868,111.874,38770000,1
1501013400000,1501013459000,111.874,111.88,111.874,111.88,24190000,1
1501013460000,1501013519000,111.88,111.88,111.876,111.876,36980000,1
1501013520000,1501013579000,111.878,111.88,111.877,111.88,35110000,1
1501013580000,1501013639000,111.88,111.883,111.88,111.88,97470000,1
1501013640000,1501013699000,111.881,111.894,111.879,111.894,85940000,1
1501013700000,1501013759000,111.894,111.895,111.893,111.895,20990000,1
1501013760000,1501013819000,111.894,111.894,111.893,111.893,10490000,1
1501013820000,1501013879000,111.896,111.921,111.896,111.919,73220000,1
1501013880000,1501013939000,111.919,111.919,111.905,111.905,62380000,1
1501013940000,1501013999000,111.905,111.905,111.899,111.9,74680000,1
1501014000000,1501014059000,111.901,111.901,111.895,111.898,29160000,1
1501014060000,1501014119000,111.899,111.903,111.897,111.901,24960000,1
1501014120000,1501014179000,111.901,111.901,111.9,111.9,22820000,1
1501014180000,1501014239000,111.9,111.902,111.9,111.901,21050000,1
1501014240000,1501014299000,111.901,111.901,111.896,111.897,57080000,1
1501014300000,1501014359000,111.896,111.903,111.896,111.9,49200000,1
1501014360000,1501014419000,111.901,111.907,111.9,111.906,27070000,1
1501014420000,1501014479000,111.907,111.917,111.907,111.917,59140000,1
1501014480000,1501014539000,111.916,111.92,111.916,111.919,22600000,1
1501014540000,1501014599000,111.92,111.921,111.918,111.921,50250000,1
1501014600000,1501014659000,111.919,111.933,111.919,111.933,54030000,1
1501014660000,1501014719000,111.933,111.948,111.933,111.948,43980000,1
1501014720000,1501014779000,111.949,111.949,111.939,111.939,21410000,1
1501014780000,1501014839000,111.939,111.942,111.937,111.937,73340000,1
1501014840000,1501014899000,111.937,111.938,111.926,111.926,14780000,1
1501014900000,1501014959000,111.928,111.928,111.921,111.921,37090000,1
1501014960000,1501015019000,111.921,111.924,111.919,111.921,55210000,1
1501015020000,1501015079000,111.919,111.921,111.913,111.913,33710000,1
1501015080000,1501015139000,111.908,111.913,111.908,111.913,7610000,1
1501015140000,1501015199000,111.913,111.913,111.913,111.913,3000000,1
1501015200000,1501015259000,111.915,111.915,111.915,111.915,8240000,1
1501015260000,1501015319000,111.918,111.92,111.918,111.919,19800000,1
1501015320000,1501015379000,111.921,111.934,111.921,111.934,19490000,1
1501015380000,1501015439000,111.935,111.942,111.934,111.938,46720000,1
1501015440000,1501015499000,111.938,111.958,111.938,111.942,651300000,1
1501015500000,1501015559000,111.942,111.944,111.936,111.938,580430000,1
1501015560000,1501015619000,111.939,111.955,111.939,111.95,89630000,1
1501015620000,1501015679000,111.95,111.95,111.937,111.938,69650000,1
1501015680000,1501015739000,111.94,111.944,111.937,111.937,36210000,1
1501015740000,1501015799000,111.936,111.937,111.934,111.937,30590000,1
1501015800000,1501015859000,111.938,111.942,111.922,111.923,122090000,1
1501015860000,1501015919000,111.924,111.924,111.911,111.911,86350000,1
1501015920000,1501015979000,111.912,111.93,111.911,111.928,62340000,1
1501015980000,1501016039000,111.929,111.93,111.928,111.93,71350000,1
1501016040000,1501016099000,111.929,111.93,111.918,111.918,55970000,1
1501016100000,1501016159000,111.918,111.921,111.918,111.918,116350000,1
1501016160000,1501016219000,111.918,111.921,111.91,111.91,58990000,1
1501016220000,1501016279000,111.91,111.916,111.892,111.894,97130000,1
1501016280000,1501016339000,111.895,111.899,111.88,111.883,100850000,1
1501016340000,1501016399000,111.883,111.89,111.88,111.885,45250000,1
1501016400000,1501016459000,111.879,111.888,111.879,111.888,11170000,1
1501016460000,1501016519000,111.889,111.899,111.889,111.899,9060000,1
1501016520000,1501016579000,111.916,111.918,111.889,111.89,12000000,1
1501016580000,1501016639000,111.89,111.91,111.89,111.91,3750000,1
1501016640000,1501016699000,111.898,111.9,111.898,111.899,4500000,1
1501016700000,1501016759000,111.9,111.909,111.9,111.9,127500000,1
1501016760000,1501016819000,111.907,111.907,111.9,111.906,216000000,1
1501016820000,1501016879000,111.905,111.906,111.891,111.891,310900000,1
1501016880000,1501016939000,111.892,111.894,111.89,111.891,83240000,1
1501016940000,1501016999000,111.892,111.894,111.891,111.891,138500000,1
1501017000000,1501017059000,111.892,111.894,111.891,111.891,102740000,1
1501017060000,1501017119000,111.891,111.891,111.89,111.89,21360000,1
1501017120000,1501017179000,111.89,111.891,111.859,111.863,110190000,1
1501017180000,1501017239000,111.867,111.886,111.86,111.886,67370000,1
1501017240000,1501017299000,111.885,111.887,111.883,111.887,25500000,1
1501017300000,1501017359000,111.887,111.887,111.868,111.871,22110000,1
1501017360000,1501017419000,111.871,111.872,111.87,111.872,36370000,1
1501017420000,1501017479000,111.872,111.872,111.87,111.87,4740000,1
1501017480000,1501017539000,111.87,111.87,111.861,111.863,61670000,1
1501017540000,1501017599000,111.864,111.865,111.863,111.864,53210000,1
1501017600000,1501017659000,111.864,111.866,111.863,111.863,71610000,1
1501017660000,1501017719000,111.864,111.866,111.859,111.86,92470000,1
1501017720000,1501017779000,111.863,111.864,111.859,111.862,53040000,1
1501017780000,1501017839000,111.862,111.862,111.832,111.85,104010000,1
1501017840000,1501017899000,111.851,111.853,111.849,111.85,18850000,1
1501017900000,1501017959000,111.85,111.85,111.846,111.846,11970000,1
1501017960000,1501018019000,111.847,111.847,111.846,111.846,15340000,1
1501018020000,1501018079000,111.846,111.848,111.846,111.848,20980000,1
1501018080000,1501018139000,111.848,111.848,111.847,111.847,33870000,1
1501018140000,1501018199000,111.847,111.85,111.846,111.846,37850000,1
1501018200000,1501018259000,111.845,111.861,111.845,111.861,53410000,1
1501018260000,1501018319000,111.861,111.863,111.86,111.863,52580000,1
1501018320000,1501018379000,111.863,111.869,111.854,111.856,45570000,1
1501018380000,1501018439000,111.857,111.858,111.852,111.857,99270000,1
1501018440000,1501018499000,111.857,111.868,111.854,111.868,167090000,1
1501018500000,1501018559000,111.868,111.871,111.867,111.867,58470000,1
1501018560000,1501018619000,111.867,111.867,111.865,111.865,117660000,1
1501018620000,1501018679000,111.865,111.867,111.864,111.864,144240000,1
1501018680000,1501018739000,111.865,111.867,111.861,111.862,123500000,1
1501018740000,1501018799000,111.862,111.863,111.861,111.863,57310000,1
1501018800000,1501018859000,111.863,111.863,111.86,111.862,76010000,1
1501018860000,1501018919000,111.863,111.863,111.862,111.862,49590000,1
1501018920000,1501018979000,111.862,111.862,111.861,111.861,38020000,1
1501018980000,1501019039000,111.861,111.864,111.861,111.862,25560000,1
1501019040000,1501019099000,111.863,111.863,111.861,111.861,20070000,1
1501019100000,1501019159000,111.861,111.864,111.861,111.864,39050000,1
1501019160000,1501019219000,111.863,111.865,111.863,111.864,36780000,1
1501019220000,1501019279000,111.864,111.865,111.861,111.863,72370000,1
1501019280000,1501019339000,111.862,111.867,111.862,111.867,23570000,1
1501019400000,1501019459000,111.867,111.867,111.867,111.867,4000000,1
1501019460000,1501019519000,111.867,111.867,111.867,111.867,2370000,1
1501019520000,1501019579000,111.867,111.867,111.867,111.867,7110000,1
1501019580000,1501019639000,111.867,111.867,111.867,111.867,2370000,1
1501019640000,1501019699000,111.87,111.871,111.869,111.869,35500000,1
1501019700000,1501019759000,111.869,111.869,111.868,111.869,24000000,1
1501019760000,1501019819000,111.869,111.869,111.864,111.869,11500000,1
1501019820000,1501019879000,111.869,111.872,111.868,111.87,16750000,1
1501019880000,1501019939000,111.869,111.87,111.869,111.87,9000000,1
1501019940000,1501019999000,111.87,111.87,111.869,111.869,4000000,1
1501020000000,1501020059000,111.867,111.882,111.866,111.882,49040000,1
1501020060000,1501020119000,111.883,111.894,111.881,111.881,29090000,1
1501020120000,1501020179000,111.882,111.887,111.874,111.874,18660000,1
1501020180000,1501020239000,111.874,111.879,111.873,111.879,11210000,1
1501020240000,1501020299000,111.879,111.886,111.879,111.881,30290000,1
1501020300000,1501020359000,111.881,111.888,111.879,111.879,51980000,1
1501020360000,1501020419000,111.879,111.886,111.879,111.884,59210000,1
1501020420000,1501020479000,111.884,111.885,111.879,111.885,61860000,1
1501020480000,1501020539000,111.884,111.884,111.879,111.879,53990000,1
1501020540000,1501020599000,111.883,111.887,111.879,111.879,58380000,1
1501020600000,1501020659000,111.879,111.879,111.874,111.874,65170000,1
1501020660000,1501020719000,111.874,111.874,111.869,111.869,58450000,1
1501020720000,1501020779000,111.869,111.873,111.869,111.872,48480000,1
1501020780000,1501020839000,111.871,111.872,111.87,111.872,52450000,1
1501020840000,1501020899000,111.872,111.88,111.872,111.876,34250000,1
1501020900000,1501020959000,111.877,111.878,111.873,111.877,40580000,1
1501020960000,1501021019000,111.88,111.881,111.879,111.88,23930000,1
1501021020000,1501021079000,111.88,111.896,111.88,111.894,31940000,1
1501021080000,1501021139000,111.894,111.899,111.894,111.894,21280000,1
1501021140000,1501021199000,111.895,111.895,111.878,111.878,51850000,1
1501021200000,1501021259000,111.88,111.883,111.878,111.881,31750000,1
1501021260000,1501021319000,111.881,111.881,111.88,111.88,9500000,1
1501021320000,1501021379000,111.88,111.886,111.88,111.884,28110000,1
1501021380000,1501021439000,111.884,111.888,111.884,111.885,111670000,1
1501021440000,1501021499000,111.884,111.897,111.883,111.897,47730000,1
1501021500000,1501021559000,111.896,111.897,111.884,111.886,78080000,1
1501021560000,1501021619000,111.886,111.888,111.886,111.888,7120000,1
1501021620000,1501021679000,111.887,111.89,111.887,111.889,11000000,1
1501021680000,1501021739000,111.888,111.889,111.883,111.885,15800000,1
1501021740000,1501021799000,111.883,111.887,111.878,111.886,35920000,1
1501021800000,1501021859000,111.885,111.886,111.867,111.868,53140000,1
1501021860000,1501021919000,111.868,111.869,111.865,111.867,25050000,1
1501021920000,1501021979000,111.868,111.879,111.864,111.864,55240000,1
1501021980000,1501022039000,111.863,111.869,111.863,111.869,39470000,1
1501022040000,1501022099000,111.869,111.87,111.868,111.869,37460000,1
1501022100000,1501022159000,111.869,111.877,111.869,111.877,21820000,1
1501022160000,1501022219000,111.874,111.886,111.874,111.877,32170000,1
1501022220000,1501022279000,111.876,111.877,111.876,111.877,3240000,1
1501022280000,1501022339000,111.877,111.879,111.876,111.877,28380000,1
1501022340000,1501022399000,111.878,111.884,111.878,111.884,12990000,1
1501022400000,1501022459000,111.884,111.895,111.883,111.883,33400000,1
1501022460000,1501022519000,111.883,111.89,111.882,111.884,31310000,1
1501022520000,1501022579000,111.884,111.894,111.883,111.891,84430000,1
1501022580000,1501022639000,111.894,111.899,111.894,111.895,72970000,1
1501022640000,1501022699000,111.895,111.906,111.893,111.906,94550000,1
1501022700000,1501022759000,111.906,111.906,111.894,111.9,135380000,1
1501022760000,1501022819000,111.899,111.9,111.899,111.9,86910000,1
1501022820000,1501022879000,111.899,111.899,111.889,111.898,48930000,1
1501022880000,1501022939000,111.9,111.908,111.9,111.908,41090000,1
1501022940000,1501022999000,111.907,111.907,111.904,111.905,21000000,1
1501023000000,1501023059000,111.904,111.906,111.902,111.906,18250000,1
1501023060000,1501023119000,111.906,111.907,111.903,111.903,14000000,1
1501023120000,1501023179000,111.902,111.903,111.892,111.893,35870000,1
1501023180000,1501023239000,111.893,111.896,111.876,111.885,65220000,1
1501023240000,1501023299000,111.885,111.885,111.882,111.882,14000000,1
1501023300000,1501023359000,111.882,111.882,111.878,111.881,20970000,1
1501023360000,1501023419000,111.881,111.884,111.881,111.884,13000000,1
1501023420000,1501023479000,111.883,111.892,111.883,111.887,38990000,1
1501023480000,1501023539000,111.885,111.885,111.878,111.879,43170000,1
1501023540000,1501023599000,111.879,111.881,111.87,111.876,40340000,1
1501023600000,1501023659000,111.876,111.876,111.871,111.871,17190000,1
1501023660000,1501023719000,111.871,111.877,111.87,111.87,38140000,1
1501023720000,1501023779000,111.87,111.873,111.868,111.873,27620000,1
1501023780000,1501023839000,111.872,111.874,111.872,111.872,14000000,1
1501023840000,1501023899000,111.872,111.873,111.871,111.873,6740000,1
1501023900000,1501023959000,111.874,111.879,111.871,111.872,56910000,1
1501023960000,1501024019000,111.872,111.88,111.871,111.878,10310000,1
1501024020000,1501024079000,111.882,111.885,111.877,111.885,56580000,1
1501024080000,1501024139000,111.884,111.885,111.882,111.882,14550000,1
1501024140000,1501024199000,111.882,111.882,111.877,111.879,16050000,1
1501024200000,1501024259000,111.879,111.881,111.878,111.881,14000000,1
1501024260000,1501024319000,111.88,111.885,111.88,111.882,30360000,1
1501024320000,1501024379000,111.882,111.882,111.874,111.878,30560000,1
1501024380000,1501024439000,111.879,111.879,111.866,111.867,32030000,1
1501024440000,1501024499000,111.868,111.871,111.862,111.863,39250000,1
1501024500000,1501024559000,111.864,111.875,111.859,111.872,189830000,1
1501024560000,1501024619000,111.872,111.873,111.866,111.868,118360000,1
1501024620000,1501024679000,111.867,111.873,111.867,111.869,86090000,1
1501024680000,1501024739000,111.869,111.869,111.863,111.868,118650000,1
1501024740000,1501024799000,111.868,111.873,111.868,111.871,28410000,1
1501024800000,1501024859000,111.872,111.912,111.87,111.895,156280000,1
1501024860000,1501024919000,111.895,111.897,111.89,111.892,64070000,1
1501024920000,1501024979000,111.893,111.914,111.892,111.906,126470000,1
1501024980000,1501025039000,111.906,111.926,111.904,111.91,48320000,1
1501025040000,1501025099000,111.909,111.927,111.909,111.916,80470000,1
1501025100000,1501025159000,111.916,111.929,111.906,111.91,83310000,1
1501025160000,1501025219000,111.91,111.948,111.91,111.933,111060000,1
1501025220000,1501025279000,111.935,111.964,111.935,111.955,186470000,1
1501025280000,1501025339000,111.955,111.97,111.947,111.964,190120000,1
1501025340000,1501025399000,111.964,111.967,111.954,111.954,47400000,1
1501025400000,1501025459000,111.954,111.954,111.945,111.949,56960000,1
1501025460000,1501025519000,111.949,111.956,111.945,111.945,64350000,1
1501025520000,1501025579000,111.945,111.949,111.94,111.941,48940000,1
1501025580000,1501025639000,111.941,111.942,111.938,111.938,32270000,1
1501025640000,1501025699000,111.938,111.94,111.931,111.934,82910000,1
1501025700000,1501025759000,111.933,111.935,111.932,111.932,13440000,1
1501025760000,1501025819000,111.933,111.935,111.925,111.927,17690000,1
1501025820000,1501025879000,111.927,111.931,111.919,111.921,66900000,1
1501025880000,1501025939000,111.921,111.938,111.921,111.938,54080000,1
1501025940000,1501025999000,111.937,111.937,111.932,111.933,42480000,1
1501026000000,1501026059000,111.936,111.942,111.933,111.938,38860000,1
1501026060000,1501026119000,111.938,111.943,111.933,111.942,32770000,1
1501026120000,1501026179000,111.942,111.95,111.941,111.95,10360000,1
1501026180000,1501026239000,111.951,111.955,111.948,111.949,24990000,1
1501026240000,1501026299000,111.949,111.966,111.949,111.952,69780000,1
1501026300000,1501026359000,111.955,111.97,111.954,111.96,125880000,1
1501026360000,1501026419000,111.961,111.961,111.955,111.956,54130000,1
1501026420000,1501026479000,111.956,111.966,111.95,111.951,96920000,1
1501026480000,1501026539000,111.951,111.954,111.95,111.951,52840000,1
1501026540000,1501026599000,111.952,111.985,111.952,111.982,84080000,1
1501026600000,1501026659000,111.984,111.998,111.977,111.985,169070000,1
1501026660000,1501026719000,111.986,111.987,111.972,111.982,115080000,1
1501026720000,1501026779000,111.979,111.994,111.973,111.973,146450000,1
1501026780000,1501026839000,111.972,111.998,111.972,111.996,128840000,1
1501026840000,1501026899000,111.996,112.026,111.993,111.996,187160000,1
1501026900000,1501026959000,111.998,112.001,111.99,111.997,152010000,1
1501026960000,1501027019000,111.997,112.007,111.997,112.003,90660000,1
1501027020000,1501027079000,112.004,112.012,112.003,112.012,124910000,1
1501027080000,1501027139000,112.011,112.023,112.002,112.023,200400000,1
1501027140000,1501027199000,112.025,112.029,112.008,112.009,149570000,1
1501027200000,1501027259000,112.012,112.042,112.004,112.007,210060000,1
1501027260000,1501027319000,112.007,112.023,112.005,112.022,174310000,1
1501027320000,1501027379000,112.022,112.084,112.016,112.04,229610000,1
1501027380000,1501027439000,112.04,112.041,112.026,112.028,142720000,1
1501027440000,1501027499000,112.028,112.045,112.028,112.036,166690000,1
1501027500000,1501027559000,112.036,112.067,112.036,112.036,214980000,1
1501027560000,1501027619000,112.037,112.048,112.025,112.042,133640000,1
1501027620000,1501027679000,112.041,112.045,112.035,112.038,141130000,1
1501027680000,1501027739000,112.038,112.072,112.038,112.052,227640000,1
1501027740000,1501027799000,112.052,112.06,112.038,112.051,201070000,1
1501027800000,1501027859000,112.05,112.085,112.049,112.084,140140000,1
1501027860000,1501027919000,112.083,112.084,112.041,112.053,216210000,1
1501027920000,1501027979000,112.054,112.054,112.044,112.047,81700000,1
1501027980000,1501028039000,112.047,112.047,112.038,112.045,102810000,1
1501028040000,1501028099000,112.043,112.043,112.007,112.026,171010000,1
1501028100000,1501028159000,112.025,112.028,112.016,112.026,83510000,1
1501028160000,1501028219000,112.027,112.027,112.009,112.017,84820000,1
1501028220000,1501028279000,112.018,112.028,112.007,112.011,115330000,1
1501028280000,1501028339000,112.011,112.013,111.981,111.983,166900000,1
1501028340000,1501028399000,111.981,111.99,111.96,111.967,215250000,1
1501028400000,1501028459000,111.969,111.99,111.965,111.978,169890000,1
1501028460000,1501028519000,111.981,111.981,111.971,111.975,173240000,1
1501028520000,1501028579000,111.975,111.989,111.971,111.984,77900000,1
1501028580000,1501028639000,111.984,111.99,111.983,111.983,55040000,1
1501028640000,1501028699000,111.984,111.991,111.981,111.984,46270000,1
1501028700000,1501028759000,111.983,112.003,111.983,112.002,78160000,1
1501028760000,1501028819000,112.001,112.006,111.995,112.001,146260000,1
1501028820000,1501028879000,112.001,112.004,111.987,111.987,142650000,1
1501028880000,1501028939000,111.987,111.999,111.987,111.991,114940000,1
1501028940000,1501028999000,111.99,112.002,111.984,111.997,69440000,1
1501029000000,1501029059000,111.996,112.0,111.996,112.0,52700000,1
1501029060000,1501029119000,111.999,112.017,111.99,112.017,86090000,1
1501029120000,1501029179000,112.017,112.017,112.0,112.0,145510000,1
1501029180000,1501029239000,112.0,112.004,111.995,111.995,113380000,1
1501029240000,1501029299000,111.995,112.022,111.995,112.022,86310000,1
1501029300000,1501029359000,112.021,112.026,112.02,112.02,54440000,1
1501029360000,1501029419000,112.02,112.034,112.018,112.026,111150000,1
1501029420000,1501029479000,112.024,112.033,112.023,112.03,46190000,1
1501029480000,1501029539000,112.03,112.036,112.02,112.02,167030000,1
1501029540000,1501029599000,112.019,112.022,112.018,112.02,39490000,1
1501029600000,1501029659000,112.019,112.024,112.019,112.021,27000000,1
1501029660000,1501029719000,112.021,112.032,112.018,112.021,54230000,1
1501029720000,1501029779000,112.02,112.022,111.998,111.998,104090000,1
1501029780000,1501029839000,111.997,111.999,111.963,111.963,123960000,1
1501029840000,1501029899000,111.963,111.978,111.963,111.976,62750000,1
1501029900000,1501029959000,111.974,111.988,111.969,111.976,86660000,1
1501029960000,1501030019000,111.976,111.99,111.971,111.98,185970000,1
1501030020000,1501030079000,111.981,111.983,111.966,111.97,60910000,1
1501030080000,1501030139000,111.97,111.97,111.927,111.945,268690000,1
1501030140000,1501030199000,111.945,111.95,111.925,111.939,134030000,1
1501030200000,1501030259000,111.939,111.939,111.889,111.898,246120000,1
1501030260000,1501030319000,111.903,111.911,111.89,111.906,329900000,1
1501030320000,1501030379000,111.907,111.91,111.889,111.9,164830000,1
1501030380000,1501030439000,111.901,111.941,111.901,111.941,233760000,1
1501030440000,1501030499000,111.94,111.948,111.903,111.908,332080000,1
1501030500000,1501030559000,111.912,111.941,111.904,111.937,253260000,1
1501030560000,1501030619000,111.937,111.939,111.926,111.926,146700000,1
1501030620000,1501030679000,111.926,111.938,111.925,111.937,86340000,1
1501030680000,1501030739000,111.936,111.949,111.936,111.939,60290000,1
1501030740000,1501030799000,111.94,111.94,111.906,111.912,121220000,1
1501030800000,1501030859000,111.913,111.93,111.902,111.926,137440000,1
1501030860000,1501030919000,111.928,111.948,111.921,111.933,125180000,1
1501030920000,1501030979000,111.933,111.938,111.926,111.932,65870000,1
1501030980000,1501031039000,111.932,111.959,111.93,111.959,73560000,1
1501031040000,1501031099000,111.958,111.97,111.955,111.96,63160000,1
1501031100000,1501031159000,111.959,111.983,111.949,111.95,164580000,1
1501031160000,1501031219000,111.949,111.954,111.946,111.951,88690000,1
1501031220000,1501031279000,111.951,111.998,111.949,111.979,129590000,1
1501031280000,1501031339000,111.977,111.977,111.954,111.962,163230000,1
1501031340000,1501031399000,111.962,111.964,111.931,111.932,98380000,1
1501031400000,1501031459000,111.933,111.944,111.927,111.943,80940000,1
1501031460000,1501031519000,111.942,111.943,111.935,111.94,55320000,1
1501031520000,1501031579000,111.94,111.94,111.928,111.928,61030000,1
1501031580000,1501031639000,111.928,111.954,111.927,111.949,109570000,1
1501031640000,1501031699000,111.948,111.985,111.945,111.964,214550000,1
1501031700000,1501031759000,111.964,111.965,111.953,111.954,131240000,1
1501031760000,1501031819000,111.954,111.958,111.952,111.958,67440000,1
1501031820000,1501031879000,111.957,111.966,111.952,111.963,128240000,1
1501031880000,1501031939000,111.964,111.973,111.964,111.971,77550000,1
1501031940000,1501031999000,111.97,111.974,111.968,111.97,104300000,1
1501032000000,1501032059000,111.969,111.975,111.965,111.973,74080000,1
1501032060000,1501032119000,111.973,111.976,111.971,111.972,28450000,1
1501032120000,1501032179000,111.971,111.972,111.963,111.971,56440000,1
1501032180000,1501032239000,111.971,111.971,111.966,111.968,36180000,1
1501032240000,1501032299000,111.966,111.987,111.964,111.985,150820000,1
1501032300000,1501032359000,111.985,112.008,111.985,112.005,156020000,1
1501032360000,1501032419000,112.007,112.016,112.001,112.004,129540000,1
1501032420000,1501032479000,112.01,112.01,112.002,112.002,55050000,1
1501032480000,1501032539000,112.002,112.002,111.995,111.996,121420000,1
1501032540000,1501032599000,111.996,111.996,111.952,111.969,119910000,1
1501032600000,1501032659000,111.97,111.972,111.942,111.944,312830000,1
1501032660000,1501032719000,111.944,111.96,111.929,111.949,143680000,1
1501032720000,1501032779000,111.949,111.949,111.929,111.941,184650000,1
1501032780000,1501032839000,111.94,111.951,111.935,111.949,134660000,1
1501032840000,1501032899000,111.949,111.953,111.941,111.95,75370000,1
1501032900000,1501032959000,111.95,111.977,111.95,111.972,87780000,1
1501032960000,1501033019000,111.971,111.991,111.967,111.991,147850000,1
1501033020000,1501033079000,111.989,112.0,111.977,111.996,101530000,1
1501033080000,1501033139000,111.996,112.011,111.996,112.006,70550000,1
1501033140000,1501033199000,112.006,112.022,112.006,112.016,140780000,1
1501033200000,1501033259000,112.017,112.046,112.017,112.032,181600000,1
1501033260000,1501033319000,112.031,112.039,112.025,112.025,172070000,1
1501033320000,1501033379000,112.025,112.034,112.009,112.01,126840000,1
1501033380000,1501033439000,112.011,112.018,111.985,111.985,188760000,1
1501033440000,1501033499000,111.985,111.997,111.965,111.972,176770000,1
1501033500000,1501033559000,111.971,111.983,111.965,111.966,165310000,1
1501033560000,1501033619000,111.967,111.984,111.965,111.984,87970000,1
1501033620000,1501033679000,111.984,111.987,111.962,111.963,163340000,1
1501033680000,1501033739000,111.964,111.965,111.945,111.956,99430000,1
1501033740000,1501033799000,111.957,111.962,111.936,111.946,246580000,1
1501033800000,1501033859000,111.948,111.953,111.938,111.948,64800000,1
1501033860000,1501033919000,111.949,111.959,111.948,111.958,36840000,1
1501033920000,1501033979000,111.957,111.957,111.94,111.942,95910000,1
1501033980000,1501034039000,111.941,111.941,111.921,111.927,114560000,1
1501034040000,1501034099000,111.926,111.939,111.92,111.934,101330000,1
1501034100000,1501034159000,111.934,111.939,111.892,111.9,173880000,1
1501034160000,1501034219000,111.9,111.903,111.862,111.871,189410000,1
1501034220000,1501034279000,111.871,111.88,111.859,111.873,119600000,1
1501034280000,1501034339000,111.873,111.882,111.867,111.88,94110000,1
1501034340000,1501034399000,111.881,111.885,111.864,111.873,142520000,1
1501034400000,1501034459000,111.873,111.897,111.873,111.886,116300000,1
1501034460000,1501034519000,111.885,111.888,111.868,111.868,124310000,1
1501034520000,1501034579000,111.869,111.887,111.869,111.876,115600000,1
1501034580000,1501034639000,111.876,111.888,111.876,111.881,69810000,1
1501034640000,1501034699000,111.882,111.887,111.877,111.882,79080000,1
1501034700000,1501034759000,111.881,111.897,111.881,111.892,105530000,1
1501034760000,1501034819000,111.891,111.921,111.889,111.92,90090000,1
1501034820000,1501034879000,111.921,111.921,111.907,111.909,175160000,1
1501034880000,1501034939000,111.908,111.921,111.898,111.92,118970000,1
1501034940000,1501034999000,111.922,111.926,111.915,111.915,85710000,1
1501035000000,1501035059000,111.914,111.915,111.894,111.902,76300000,1
1501035060000,1501035119000,111.904,111.907,111.899,111.903,82400000,1
1501035120000,1501035179000,111.902,111.911,111.899,111.908,112110000,1
1501035180000,1501035239000,111.909,111.926,111.908,111.923,62320000,1
1501035240000,1501035299000,111.923,111.923,111.91,111.911,71830000,1
1501035300000,1501035359000,111.912,111.925,111.907,111.925,91990000,1
1501035360000,1501035419000,111.926,111.932,111.921,111.928,65300000,1
1501035420000,1501035479000,111.929,111.932,111.926,111.932,59010000,1
1501035480000,1501035539000,111.931,111.937,111.923,111.936,110900000,1
1501035540000,1501035599000,111.936,111.945,111.93,111.939,78590000,1
1501035600000,1501035659000,111.94,111.942,111.915,111.915,107040000,1
1501035660000,1501035719000,111.915,111.92,111.913,111.915,78310000,1
1501035720000,1501035779000,111.914,111.914,111.903,111.909,86010000,1
1501035780000,1501035839000,111.907,111.912,111.899,111.912,75190000,1
1501035840000,1501035899000,111.912,111.915,111.894,111.898,84970000,1
1501035900000,1501035959000,111.898,111.898,111.891,111.897,137310000,1
1501035960000,1501036019000,111.897,111.903,111.892,111.894,130690000,1
1501036020000,1501036079000,111.895,111.903,111.893,111.894,50340000,1
1501036080000,1501036139000,111.893,111.899,111.887,111.895,59740000,1
1501036140000,1501036199000,111.894,111.895,111.891,111.892,60750000,1
1501036200000,1501036259000,111.892,111.893,111.878,111.887,96600000,1
1501036260000,1501036319000,111.888,111.892,111.878,111.878,103330000,1
1501036320000,1501036379000,111.879,111.886,111.879,111.885,56800000,1
1501036380000,1501036439000,111.885,111.885,111.874,111.876,63060000,1
1501036440000,1501036499000,111.879,111.892,111.879,111.888,54470000,1
1501036500000,1501036559000,111.887,111.888,111.878,111.887,34320000,1
1501036560000,1501036619000,111.887,111.905,111.886,111.902,54680000,1
1501036620000,1501036679000,111.904,111.919,111.903,111.917,56230000,1
1501036680000,1501036739000,111.918,111.92,111.913,111.913,39460000,1
1501036740000,1501036799000,111.914,111.915,111.912,111.912,88290000,1
1501036800000,1501036859000,111.912,111.919,111.911,111.914,26380000,1
1501036860000,1501036919000,111.913,111.927,111.904,111.905,71570000,1
1501036920000,1501036979000,111.906,111.915,111.904,111.909,75320000,1
1501036980000,1501037039000,111.91,111.912,111.904,111.905,41100000,1
1501037040000,1501037099000,111.904,111.905,111.897,111.898,42400000,1
1501037100000,1501037159000,111.899,111.91,111.897,111.905,115250000,1
1501037160000,1501037219000,111.907,111.908,111.897,111.897,96880000,1
1501037220000,1501037279000,111.895,111.908,111.891,111.903,105980000,1
1501037280000,1501037339000,111.902,111.911,111.893,111.893,102880000,1
1501037340000,1501037399000,111.893,111.904,111.882,111.886,239380000,1
1501037400000,1501037459000,111.886,111.886,111.868,111.874,73080000,1
1501037460000,1501037519000,111.876,111.881,111.873,111.881,66550000,1
1501037520000,1501037579000,111.881,111.893,111.881,111.891,193930000,1
1501037580000,1501037639000,111.891,111.897,111.891,111.897,113640000,1
1501037640000,1501037699000,111.897,111.903,111.897,111.903,83800000,1
1501037700000,1501037759000,111.903,111.904,111.896,111.898,64770000,1
1501037760000,1501037819000,111.897,111.921,111.896,111.919,78850000,1
1501037820000,1501037879000,111.919,111.925,111.917,111.922,173980000,1
1501037880000,1501037939000,111.922,111.929,111.92,111.925,98290000,1
1501037940000,1501037999000,111.925,111.926,111.921,111.921,77460000,1
1501038000000,1501038059000,111.921,111.921,111.898,111.898,63730000,1
1501038060000,1501038119000,111.897,111.905,111.896,111.905,43870000,1
1501038120000,1501038179000,111.904,111.916,111.904,111.916,100300000,1
1501038180000,1501038239000,111.919,111.92,111.915,111.915,81220000,1
1501038240000,1501038299000,111.916,111.918,111.91,111.911,54630000,1
1501038300000,1501038359000,111.911,111.928,111.903,111.905,251460000,1
1501038360000,1501038419000,111.904,111.909,111.895,111.898,137930000,1
1501038420000,1501038479000,111.898,111.914,111.896,111.906,195430000,1
1501038480000,1501038539000,111.906,111.923,111.906,111.919,159590000,1
1501038540000,1501038599000,111.92,111.92,111.904,111.91,182550000,1
1501038600000,1501038659000,111.91,111.91,111.894,111.895,69100000,1
1501038660000,1501038719000,111.895,111.906,111.895,111.899,66480000,1
1501038720000,1501038779000,111.901,111.912,111.899,111.903,92470000,1
1501038780000,1501038839000,111.903,111.903,111.896,111.896,113380000,1
1501038840000,1501038899000,111.896,111.896,111.884,111.889,106330000,1
1501038900000,1501038959000,111.89,111.892,111.884,111.89,131650000,1
1501038960000,1501039019000,111.89,111.898,111.889,111.898,60410000,1
1501039020000,1501039079000,111.898,111.904,111.896,111.9,115940000,1
1501039080000,1501039139000,111.901,111.902,111.885,111.892,108380000,1
1501039140000,1501039199000,111.894,111.897,111.889,111.89,61620000,1
1501039200000,1501039259000,111.89,111.894,111.889,111.892,55900000,1
1501039260000,1501039319000,111.892,111.895,111.89,111.893,54650000,1
1501039320000,1501039379000,111.893,111.897,111.888,111.892,65640000,1
1501039380000,1501039439000,111.892,111.896,111.891,111.892,56140000,1
1501039440000,1501039499000,111.894,111.897,111.891,111.891,42430000,1
1501039500000,1501039559000,111.892,111.909,111.892,111.909,43380000,1
1501039560000,1501039619000,111.91,111.914,111.902,111.909,70490000,1
1501039620000,1501039679000,111.908,111.914,111.902,111.911,99650000,1
1501039680000,1501039739000,111.911,111.915,111.909,111.91,32020000,1
1501039740000,1501039799000,111.91,111.914,111.906,111.911,38640000,1
1501039800000,1501039859000,111.913,111.941,111.911,111.938,124070000,1
1501039860000,1501039919000,111.94,111.97,111.936,111.949,284500000,1
1501039920000,1501039979000,111.951,111.954,111.94,111.941,112100000,1
1501039980000,1501040039000,111.941,111.947,111.941,111.947,71440000,1
1501040040000,1501040099000,111.948,111.953,111.948,111.951,32470000,1
1501040100000,1501040159000,111.952,111.958,111.945,111.946,78020000,1
1501040160000,1501040219000,111.947,111.96,111.946,111.953,80460000,1
1501040220000,1501040279000,111.952,111.962,111.945,111.956,73710000,1
1501040280000,1501040339000,111.956,111.975,111.955,111.965,83550000,1
1501040340000,1501040399000,111.966,111.973,111.965,111.97,75720000,1
1501040400000,1501040459000,111.971,111.973,111.96,111.965,80530000,1
1501040460000,1501040519000,111.965,111.965,111.959,111.959,63120000,1
1501040520000,1501040579000,111.959,111.959,111.953,111.959,61710000,1
1501040580000,1501040639000,111.96,111.966,111.96,111.965,26980000,1
1501040640000,1501040699000,111.965,111.966,111.947,111.949,120230000,1
1501040700000,1501040759000,111.948,111.953,111.947,111.952,162380000,1
1501040760000,1501040819000,111.951,111.951,111.939,111.939,123080000,1
1501040820000,1501040879000,111.94,111.941,111.934,111.934,115080000,1
1501040880000,1501040939000,111.934,111.936,111.93,111.935,73240000,1
1501040940000,1501040999000,111.938,111.946,111.933,111.945,107700000,1
1501041000000,1501041059000,111.943,111.947,111.94,111.947,61810000,1
1501041060000,1501041119000,111.947,111.947,111.941,111.944,32610000,1
1501041120000,1501041179000,111.944,111.947,111.936,111.941,54730000,1
1501041180000,1501041239000,111.94,111.948,111.939,111.946,73870000,1
1501041240000,1501041299000,111.945,111.95,111.938,111.941,116340000,1
1501041300000,1501041359000,111.941,111.941,111.928,111.93,54840000,1
1501041360000,1501041419000,111.929,111.942,111.929,111.942,52360000,1
1501041420000,1501041479000,111.943,111.943,111.938,111.938,117010000,1
1501041480000,1501041539000,111.939,111.952,111.928,111.933,179240000,1
1501041540000,1501041599000,111.933,111.933,111.889,111.896,166050000,1
1501041600000,1501041659000,111.898,111.902,111.885,111.886,145600000,1
1501041660000,1501041719000,111.887,111.897,111.886,111.897,91960000,1
1501041720000,1501041779000,111.898,111.901,111.884,111.884,108960000,1
1501041780000,1501041839000,111.884,111.884,111.868,111.868,168300000,1
1501041840000,1501041899000,111.869,111.876,111.867,111.874,49140000,1
1501041900000,1501041959000,111.875,111.896,111.874,111.893,69860000,1
1501041960000,1501042019000,111.892,111.897,111.886,111.891,53740000,1
1501042020000,1501042079000,111.89,111.898,111.889,111.896,29250000,1
1501042080000,1501042139000,111.896,111.896,111.885,111.888,54530000,1
1501042140000,1501042199000,111.888,111.892,111.885,111.891,71940000,1
1501042200000,1501042259000,111.891,111.904,111.888,111.899,46670000,1
1501042260000,1501042319000,111.901,111.901,111.881,111.886,77870000,1
1501042320000,1501042379000,111.887,111.892,111.877,111.881,64430000,1
1501042380000,1501042439000,111.881,111.894,111.866,111.889,86780000,1
1501042440000,1501042499000,111.889,111.889,111.881,111.886,49060000,1
1501042500000,1501042559000,111.885,111.887,111.865,111.884,115690000,1
1501042560000,1501042619000,111.883,111.885,111.871,111.877,65320000,1
1501042620000,1501042679000,111.878,111.885,111.873,111.885,65110000,1
1501042680000,1501042739000,111.885,111.907,111.88,111.905,94850000,1
1501042740000,1501042799000,111.904,111.904,111.893,111.901,71680000,1
1501042800000,1501042859000,111.9,111.901,111.891,111.893,119040000,1
1501042860000,1501042919000,111.895,111.899,111.891,111.891,53040000,1
1501042920000,1501042979000,111.891,111.893,111.891,111.892,21330000,1
1501042980000,1501043039000,111.893,111.904,111.893,111.898,66680000,1
1501043040000,1501043099000,111.898,111.898,111.887,111.896,126020000,1
1501043100000,1501043159000,111.896,111.896,111.889,111.893,68350000,1
1501043160000,1501043219000,111.893,111.904,111.888,111.904,70590000,1
1501043220000,1501043279000,111.905,111.907,111.884,111.894,57780000,1
1501043280000,1501043339000,111.894,111.905,111.891,111.893,74420000,1
1501043340000,1501043399000,111.894,111.898,111.888,111.891,42640000,1
1501043400000,1501043459000,111.891,111.891,111.891,111.891,4800000,1
1501043460000,1501043519000,111.891,111.891,111.88,111.88,51930000,1
1501043520000,1501043579000,111.878,111.883,111.865,111.868,80570000,1
1501043580000,1501043639000,111.869,111.874,111.869,111.874,17750000,1
1501043640000,1501043699000,111.874,111.874,111.868,111.869,25020000,1
1501043700000,1501043759000,111.87,111.874,111.867,111.868,41120000,1
1501043760000,1501043819000,111.87,111.871,111.868,111.869,17990000,1
1501043820000,1501043879000,111.869,111.869,111.815,111.828,134890000,1
1501043880000,1501043939000,111.829,111.845,111.829,111.836,89050000,1
1501043940000,1501043999000,111.838,111.839,111.816,111.826,109460000,1
1501044000000,1501044059000,111.826,111.836,111.818,111.828,138080000,1
1501044060000,1501044119000,111.828,111.844,111.815,111.844,84590000,1
1501044120000,1501044179000,111.845,111.846,111.835,111.843,129170000,1
1501044180000,1501044239000,111.845,111.856,111.845,111.847,73930000,1
1501044240000,1501044299000,111.847,111.861,111.847,111.861,96140000,1
1501044300000,1501044359000,111.861,111.864,111.857,111.862,44000000,1
1501044360000,1501044419000,111.862,111.89,111.862,111.889,80820000,1
1501044420000,1501044479000,111.888,111.894,111.875,111.876,72670000,1
1501044480000,1501044539000,111.875,111.894,111.873,111.887,101790000,1
1501044540000,1501044599000,111.886,111.902,111.886,111.894,139240000,1
1501044600000,1501044659000,111.897,111.916,111.897,111.913,125600000,1
1501044660000,1501044719000,111.913,111.913,111.896,111.903,96190000,1
1501044720000,1501044779000,111.903,111.905,111.901,111.901,26310000,1
1501044780000,1501044839000,111.903,111.904,111.897,111.897,43370000,1
1501044840000,1501044899000,111.898,111.898,111.88,111.893,60670000,1
1501044900000,1501044959000,111.893,111.898,111.893,111.893,24870000,1
1501044960000,1501045019000,111.894,111.894,111.886,111.89,44870000,1
1501045020000,1501045079000,111.889,111.895,111.887,111.894,20200000,1
1501045080000,1501045139000,111.894,111.905,111.894,111.9,70020000,1
1501045140000,1501045199000,111.9,111.905,111.899,111.904,55800000,1
1501045200000,1501045259000,111.904,111.911,111.902,111.904,48710000,1
1501045260000,1501045319000,111.903,111.906,111.891,111.9,64410000,1
1501045320000,1501045379000,111.9,111.909,111.899,111.906,53570000,1
1501045380000,1501045439000,111.906,111.911,111.904,111.904,66200000,1
1501045440000,1501045499000,111.903,111.916,111.903,111.911,54420000,1
1501045500000,1501045559000,111.91,111.926,111.91,111.919,42070000,1
1501045560000,1501045619000,111.919,111.925,111.917,111.924,92060000,1
1501045620000,1501045679000,111.925,111.935,111.924,111.93,63270000,1
1501045680000,1501045739000,111.927,111.927,111.91,111.91,66170000,1
1501045740000,1501045799000,111.911,111.917,111.898,111.917,71100000,1
1501045800000,1501045859000,111.917,111.917,111.908,111.91,85840000,1
1501045860000,1501045919000,111.911,111.94,111.911,111.935,104360000,1
1501045920000,1501045979000,111.935,111.936,111.929,111.931,61150000,1
1501045980000,1501046039000,111.931,111.931,111.921,111.922,71760000,1
1501046040000,1501046099000,111.921,111.929,111.921,111.929,30960000,1
1501046100000,1501046159000,111.929,111.933,111.928,111.931,22000000,1
1501046160000,1501046219000,111.932,111.937,111.925,111.929,55450000,1
1501046220000,1501046279000,111.928,111.931,111.924,111.924,40760000,1
1501046280000,1501046339000,111.924,111.924,111.915,111.916,50480000,1
1501046340000,1501046399000,111.917,111.932,111.917,111.931,29190000,1
1501046400000,1501046459000,111.931,111.932,111.922,111.923,37620000,1
1501046460000,1501046519000,111.922,111.93,111.922,111.925,57540000,1
1501046520000,1501046579000,111.924,111.936,111.924,111.935,46480000,1
1501046580000,1501046639000,111.934,111.937,111.931,111.933,27160000,1
1501046640000,1501046699000,111.933,111.934,111.933,111.934,23850000,1
1501046700000,1501046759000,111.935,111.941,111.935,111.936,44870000,1
1501046760000,1501046819000,111.936,111.936,111.928,111.929,47740000,1
1501046820000,1501046879000,111.93,111.93,111.92,111.926,76720000,1
1501046880000,1501046939000,111.926,111.927,111.924,111.924,36940000,1
1501046940000,1501046999000,111.926,111.926,111.924,111.926,53560000,1
1501047000000,1501047059000,111.927,111.927,111.923,111.927,75020000,1
1501047060000,1501047119000,111.927,111.951,111.927,111.946,107760000,1
1501047120000,1501047179000,111.948,111.955,111.945,111.949,70430000,1
1501047180000,1501047239000,111.951,111.954,111.945,111.945,45380000,1
1501047240000,1501047299000,111.945,111.948,111.935,111.948,67060000,1
1501047300000,1501047359000,111.951,111.997,111.951,111.991,138050000,1
1501047360000,1501047419000,111.99,111.99,111.976,111.987,159320000,1
1501047420000,1501047479000,111.986,111.986,111.971,111.976,125490000,1
1501047480000,1501047539000,111.976,111.976,111.96,111.961,212680000,1
1501047540000,1501047599000,111.961,111.966,111.957,111.959,51510000,1
1501047600000,1501047659000,111.961,111.978,111.961,111.976,102560000,1
1501047660000,1501047719000,111.976,111.978,111.97,111.972,54090000,1
1501047720000,1501047779000,111.971,111.972,111.964,111.969,100590000,1
1501047780000,1501047839000,111.969,111.986,111.969,111.978,44990000,1
1501047840000,1501047899000,111.977,111.98,111.977,111.978,28830000,1
1501047900000,1501047959000,111.977,111.992,111.972,111.972,87490000,1
1501047960000,1501048019000,111.974,111.974,111.959,111.964,146820000,1
1501048020000,1501048079000,111.964,111.964,111.953,111.956,101340000,1
1501048080000,1501048139000,111.957,111.958,111.94,111.951,118730000,1
1501048140000,1501048199000,111.951,111.951,111.92,111.92,136810000,1
1501048200000,1501048259000,111.918,111.921,111.901,111.92,150970000,1
1501048260000,1501048319000,111.921,111.921,111.901,111.901,69240000,1
1501048320000,1501048379000,111.897,111.905,111.894,111.902,112700000,1
1501048380000,1501048439000,111.9,111.903,111.894,111.901,158800000,1
1501048440000,1501048499000,111.902,111.916,111.902,111.908,77950000,1
1501048500000,1501048559000,111.908,111.908,111.883,111.89,132720000,1
1501048560000,1501048619000,111.89,111.923,111.89,111.916,106090000,1
1501048620000,1501048679000,111.914,111.914,111.89,111.89,176870000,1
1501048680000,1501048739000,111.892,111.908,111.889,111.893,128360000,1
1501048740000,1501048799000,111.894,111.911,111.893,111.903,129400000,1
1501048800000,1501048859000,111.902,111.902,111.882,111.889,212020000,1
1501048860000,1501048919000,111.89,111.895,111.858,111.862,157980000,1
1501048920000,1501048979000,111.861,111.874,111.845,111.86,246820000,1
1501048980000,1501049039000,111.86,111.865,111.857,111.857,99800000,1
1501049040000,1501049099000,111.857,111.881,111.851,111.874,162730000,1
1501049100000,1501049159000,111.873,111.881,111.838,111.838,135730000,1
1501049160000,1501049219000,111.839,111.875,111.836,111.865,148180000,1
1501049220000,1501049279000,111.868,111.884,111.868,111.881,80900000,1
1501049280000,1501049339000,111.879,111.897,111.878,111.893,89870000,1
1501049340000,1501049399000,111.893,111.917,111.892,111.91,115770000,1
1501049400000,1501049459000,111.91,111.914,111.864,111.88,163940000,1
1501049460000,1501049519000,111.88,111.901,111.88,111.892,85350000,1
1501049520000,1501049579000,111.892,111.892,111.864,111.869,156620000,1
1501049580000,1501049639000,111.87,111.883,111.861,111.871,231830000,1
1501049640000,1501049699000,111.871,111.894,111.868,111.893,87920000,1
1501049700000,1501049759000,111.896,111.905,111.892,111.899,113490000,1
1501049760000,1501049819000,111.901,111.913,111.887,111.89,122160000,1
1501049820000,1501049879000,111.891,111.892,111.885,111.886,57000000,1
1501049880000,1501049939000,111.886,111.886,111.869,111.883,129460000,1
1501049940000,1501049999000,111.882,111.884,111.866,111.87,155550000,1
1501050000000,1501050059000,111.87,111.872,111.859,111.869,61350000,1
1501050060000,1501050119000,111.869,111.871,111.865,111.866,49120000,1
1501050120000,1501050179000,111.866,111.871,111.865,111.865,29270000,1
1501050180000,1501050239000,111.864,111.864,111.856,111.86,60700000,1
1501050240000,1501050299000,111.86,111.866,111.86,111.862,77440000,1
1501050300000,1501050359000,111.861,111.899,111.861,111.891,130680000,1
1501050360000,1501050419000,111.892,111.901,111.883,111.893,143210000,1
1501050420000,1501050479000,111.893,111.898,111.879,111.898,107250000,1
1501050480000,1501050539000,111.897,111.919,111.897,111.917,114870000,1
1501050540000,1501050599000,111.917,111.921,111.897,111.905,140590000,1
1501050600000,1501050659000,111.904,111.923,111.891,111.923,187540000,1
1501050660000,1501050719000,111.923,111.936,111.916,111.933,122930000,1
1501050720000,1501050779000,111.934,111.946,111.927,111.941,116200000,1
1501050780000,1501050839000,111.942,111.948,111.93,111.937,110360000,1
1501050840000,1501050899000,111.936,111.958,111.935,111.954,319200000,1
1501050900000,1501050959000,111.954,111.963,111.947,111.954,195810000,1
1501050960000,1501051019000,111.953,111.966,111.948,111.953,139860000,1
1501051020000,1501051079000,111.953,111.961,111.946,111.948,109160000,1
1501051080000,1501051139000,111.949,111.949,111.922,111.923,172300000,1
1501051140000,1501051199000,111.923,111.929,111.914,111.922,129160000,1
1501051200000,1501051259000,111.921,111.921,111.909,111.913,83540000,1
1501051260000,1501051319000,111.919,111.919,111.891,111.891,123080000,1
1501051320000,1501051379000,111.894,111.894,111.873,111.891,97540000,1
1501051380000,1501051439000,111.889,111.92,111.889,111.917,120980000,1
1501051440000,1501051499000,111.917,111.933,111.916,111.927,139010000,1
1501051500000,1501051559000,111.927,111.932,111.921,111.927,146860000,1
1501051560000,1501051619000,111.927,111.929,111.917,111.928,51230000,1
1501051620000,1501051679000,111.928,111.933,111.927,111.93,49750000,1
1501051680000,1501051739000,111.928,111.929,111.92,111.929,87250000,1
1501051740000,1501051799000,111.931,111.933,111.917,111.917,111100000,1
1501051800000,1501051859000,111.917,111.918,111.905,111.905,135250000,1
1501051860000,1501051919000,111.906,111.906,111.871,111.875,137780000,1
1501051920000,1501051979000,111.874,111.884,111.87,111.882,89820000,1
1501051980000,1501052039000,111.882,111.884,111.846,111.868,186050000,1
1501052040000,1501052099000,111.866,111.867,111.842,111.844,118110000,1
1501052100000,1501052159000,111.845,111.848,111.833,111.846,89200000,1
1501052160000,1501052219000,111.847,111.861,111.843,111.856,75020000,1
1501052220000,1501052279000,111.858,111.86,111.842,111.848,249460000,1
1501052280000,1501052339000,111.85,111.855,111.843,111.848,101600000,1
1501052340000,1501052399000,111.847,111.849,111.818,111.824,272920000,1
1501052400000,1501052459000,111.825,111.846,111.806,111.835,291430000,1
1501052460000,1501052519000,111.834,111.861,111.834,111.841,152260000,1
1501052520000,1501052579000,111.841,111.852,111.835,111.849,117170000,1
1501052580000,1501052639000,111.848,111.856,111.836,111.851,124980000,1
1501052640000,1501052699000,111.85,111.858,111.837,111.84,126220000,1
1501052700000,1501052759000,111.84,111.863,111.833,111.863,134680000,1
1501052760000,1501052819000,111.866,111.88,111.853,111.877,215730000,1
1501052820000,1501052879000,111.877,111.888,111.868,111.879,188650000,1
1501052880000,1501052939000,111.879,111.885,111.867,111.882,167040000,1
1501052940000,1501052999000,111.882,111.892,111.88,111.892,135240000,1
1501053000000,1501053059000,111.892,111.899,111.88,111.888,178080000,1
1501053060000,1501053119000,111.888,111.896,111.885,111.886,134520000,1
1501053120000,1501053179000,111.887,111.896,111.885,111.891,160430000,1
1501053180000,1501053239000,111.891,111.893,111.883,111.884,117610000,1
1501053240000,1501053299000,111.883,111.89,111.883,111.889,111080000,1
1501053300000,1501053359000,111.889,111.892,111.884,111.888,60290000,1
1501053360000,1501053419000,111.888,111.891,111.85,111.858,156090000,1
1501053420000,1501053479000,111.86,111.862,111.846,111.853,230410000,1
1501053480000,1501053539000,111.854,111.855,111.846,111.846,127050000,1
1501053540000,1501053599000,111.846,111.846,111.835,111.836,100230000,1
1501053600000,1501053659000,111.838,111.848,111.825,111.83,102600000,1
1501053660000,1501053719000,111.831,111.837,111.821,111.827,81730000,1
1501053720000,1501053779000,111.826,111.836,111.824,111.828,99520000,1
1501053780000,1501053839000,111.828,111.836,111.824,111.836,89000000,1
1501053840000,1501053899000,111.835,111.836,111.831,111.835,62100000,1
1501053900000,1501053959000,111.835,111.848,111.83,111.846,98780000,1
1501053960000,1501054019000,111.847,111.854,111.843,111.845,161410000,1
1501054020000,1501054079000,111.845,111.854,111.845,111.849,119070000,1
1501054080000,1501054139000,111.85,111.851,111.834,111.837,117220000,1
1501054140000,1501054199000,111.836,111.851,111.835,111.847,116740000,1
1501054200000,1501054259000,111.847,111.868,111.847,111.858,143290000,1
1501054260000,1501054319000,111.854,111.859,111.842,111.853,156370000,1
1501054320000,1501054379000,111.853,111.855,111.834,111.848,133060000,1
1501054380000,1501054439000,111.849,111.856,111.847,111.855,105380000,1
1501054440000,1501054499000,111.855,111.855,111.842,111.843,84410000,1
1501054500000,1501054559000,111.842,111.842,111.83,111.837,137500000,1
1501054560000,1501054619000,111.836,111.838,111.833,111.835,91650000,1
1501054620000,1501054679000,111.837,111.84,111.832,111.835,100090000,1
1501054680000,1501054739000,111.836,111.855,111.835,111.853,83330000,1
1501054740000,1501054799000,111.855,111.868,111.83,111.83,221260000,1
1501054800000,1501054859000,111.83,111.83,111.785,111.793,247910000,1
1501054860000,1501054919000,111.793,111.825,111.793,111.803,202660000,1
1501054920000,1501054979000,111.804,111.825,111.795,111.815,129760000,1
1501054980000,1501055039000,111.81,111.839,111.804,111.833,205590000,1
1501055040000,1501055099000,111.835,111.861,111.835,111.848,204070000,1
1501055100000,1501055159000,111.848,111.848,111.801,111.806,236570000,1
1501055160000,1501055219000,111.808,111.834,111.808,111.823,177400000,1
1501055220000,1501055279000,111.82,111.836,111.816,111.831,148240000,1
1501055280000,1501055339000,111.832,111.839,111.828,111.838,145350000,1
1501055340000,1501055399000,111.838,111.844,111.827,111.832,163550000,1
1501055400000,1501055459000,111.833,111.842,111.83,111.835,149160000,1
1501055460000,1501055519000,111.837,111.837,111.821,111.821,132250000,1
1501055520000,1501055579000,111.813,111.829,111.811,111.829,170630000,1
1501055580000,1501055639000,111.83,111.832,111.82,111.831,92860000,1
1501055640000,1501055699000,111.832,111.845,111.832,111.835,148870000,1
1501055700000,1501055759000,111.835,111.843,111.833,111.839,131380000,1
1501055760000,1501055819000,111.839,111.84,111.827,111.831,106560000,1
1501055820000,1501055879000,111.831,111.842,111.83,111.832,84630000,1
1501055880000,1501055939000,111.834,111.838,111.826,111.832,140020000,1
1501055940000,1501055999000,111.831,111.838,111.827,111.835,123630000,1
1501056000000,1501056059000,111.835,111.855,111.831,111.849,174930000,1
1501056060000,1501056119000,111.851,111.857,111.843,111.849,109190000,1
1501056120000,1501056179000,111.849,111.863,111.849,111.854,238990000,1
1501056180000,1501056239000,111.852,111.852,111.831,111.831,94060000,1
1501056240000,1501056299000,111.83,111.839,111.818,111.826,177050000,1
1501056300000,1501056359000,111.827,111.827,111.812,111.816,157070000,1
1501056360000,1501056419000,111.818,111.824,111.785,111.788,207960000,1
1501056420000,1501056479000,111.787,111.794,111.78,111.78,174620000,1
1501056480000,1501056539000,111.78,111.791,111.778,111.778,135040000,1
1501056540000,1501056599000,111.778,111.793,111.776,111.793,115520000,1
1501056600000,1501056659000,111.791,111.825,111.787,111.821,142590000,1
1501056660000,1501056719000,111.822,111.824,111.818,111.823,170150000,1
1501056720000,1501056779000,111.822,111.836,111.821,111.834,110760000,1
1501056780000,1501056839000,111.833,111.843,111.829,111.83,131210000,1
1501056840000,1501056899000,111.829,111.832,111.818,111.818,193720000,1
1501056900000,1501056959000,111.816,111.822,111.798,111.819,157380000,1
1501056960000,1501057019000,111.82,111.831,111.812,111.823,187770000,1
1501057020000,1501057079000,111.823,111.824,111.807,111.815,182890000,1
1501057080000,1501057139000,111.814,111.816,111.793,111.811,132560000,1
1501057140000,1501057199000,111.811,111.819,111.806,111.809,73790000,1
1501057200000,1501057259000,111.808,111.811,111.799,111.799,54050000,1
1501057260000,1501057319000,111.799,111.805,111.798,111.803,86000000,1
1501057320000,1501057379000,111.802,111.808,111.801,111.801,75880000,1
1501057380000,1501057439000,111.801,111.811,111.793,111.808,182770000,1
1501057440000,1501057499000,111.806,111.833,111.798,111.831,191580000,1
1501057500000,1501057559000,111.831,111.836,111.82,111.822,181370000,1
1501057560000,1501057619000,111.822,111.822,111.813,111.818,156690000,1
1501057620000,1501057679000,111.818,111.83,111.818,111.826,100710000,1
1501057680000,1501057739000,111.826,111.832,111.826,111.829,39180000,1
1501057740000,1501057799000,111.829,111.837,111.824,111.836,73370000,1
1501057800000,1501057859000,111.837,111.856,111.836,111.85,87810000,1
1501057860000,1501057919000,111.85,111.862,111.85,111.855,113880000,1
1501057920000,1501057979000,111.854,111.862,111.853,111.861,133210000,1
1501057980000,1501058039000,111.86,111.873,111.853,111.863,157580000,1
1501058040000,1501058099000,111.866,111.894,111.841,111.892,227590000,1
1501058100000,1501058159000,111.891,111.898,111.886,111.886,128180000,1
1501058160000,1501058219000,111.886,111.891,111.877,111.877,8917520000,1
1501058220000,1501058279000,111.876,111.877,111.861,111.866,116680000,1
1501058280000,1501058339000,111.865,111.872,111.865,111.867,141730000,1
1501058340000,1501058399000,111.867,111.872,111.861,111.865,70980000,1
1501058400000,1501058459000,111.866,111.868,111.86,111.868,86150000,1
1501058460000,1501058519000,111.87,111.889,111.87,111.875,110490000,1
1501058520000,1501058579000,111.875,111.883,111.875,111.88,46220000,1
1501058580000,1501058639000,111.881,111.895,111.875,111.894,93280000,1
1501058640000,1501058699000,111.894,111.895,111.86,111.863,131980000,1
1501058700000,1501058759000,111.861,111.864,111.855,111.864,72510000,1
1501058760000,1501058819000,111.864,111.887,111.864,111.887,139010000,1
1501058820000,1501058879000,111.887,111.887,111.87,111.875,105960000,1
1501058880000,1501058939000,111.875,111.884,111.873,111.878,106330000,1
1501058940000,1501058999000,111.878,111.879,111.868,111.874,148820000,1
1501059000000,1501059059000,111.874,111.879,111.867,111.867,81920000,1
1501059060000,1501059119000,111.867,111.871,111.861,111.863,173390000,1
1501059120000,1501059179000,111.863,111.863,111.841,111.848,177460000,1
1501059180000,1501059239000,111.846,111.849,111.843,111.844,67700000,1
1501059240000,1501059299000,111.844,111.857,111.84,111.857,97080000,1
1501059300000,1501059359000,111.856,111.859,111.85,111.853,68920000,1
1501059360000,1501059419000,111.853,111.87,111.853,111.861,109890000,1
1501059420000,1501059479000,111.861,111.865,111.855,111.86,122330000,1
1501059480000,1501059539000,111.857,111.857,111.838,111.849,148380000,1
1501059540000,1501059599000,111.85,111.866,111.849,111.86,142680000,1
1501059600000,1501059659000,111.86,111.876,111.858,111.873,176770000,1
1501059660000,1501059719000,111.876,111.881,111.871,111.872,128660000,1
1501059720000,1501059779000,111.872,111.873,111.86,111.865,139330000,1
1501059780000,1501059839000,111.865,111.868,111.859,111.866,78300000,1
1501059840000,1501059899000,111.866,111.868,111.865,111.868,58980000,1
1501059900000,1501059959000,111.867,111.868,111.86,111.86,43620000,1
1501059960000,1501060019000,111.861,111.871,111.854,111.858,116000000,1
1501060020000,1501060079000,111.857,111.858,111.854,111.858,42980000,1
1501060080000,1501060139000,111.857,111.858,111.845,111.853,80510000,1
1501060140000,1501060199000,111.854,111.867,111.853,111.866,149730000,1
1501060200000,1501060259000,111.869,111.873,111.863,111.868,123070000,1
1501060260000,1501060319000,111.869,111.884,111.869,111.88,69940000,1
1501060320000,1501060379000,111.88,111.895,111.88,111.891,217910000,1
1501060380000,1501060439000,111.892,111.898,111.89,111.895,155220000,1
1501060440000,1501060499000,111.895,111.896,111.88,111.893,185240000,1
1501060500000,1501060559000,111.893,111.896,111.885,111.888,144340000,1
1501060560000,1501060619000,111.886,111.886,111.874,111.881,102050000,1
1501060620000,1501060679000,111.88,111.889,111.88,111.889,113170000,1
1501060680000,1501060739000,111.889,111.916,111.889,111.908,188360000,1
1501060740000,1501060799000,111.908,111.911,111.902,111.911,174320000,1
1501060800000,1501060859000,111.91,111.923,111.909,111.922,84130000,1
1501060860000,1501060919000,111.922,111.924,111.907,111.909,69590000,1
1501060920000,1501060979000,111.909,111.914,111.909,111.912,123390000,1
1501060980000,1501061039000,111.912,111.927,111.909,111.909,129190000,1
1501061040000,1501061099000,111.903,111.903,111.89,111.898,143810000,1
1501061100000,1501061159000,111.898,111.901,111.883,111.884,136690000,1
1501061160000,1501061219000,111.886,111.886,111.883,111.883,27160000,1
1501061220000,1501061279000,111.882,111.884,111.862,111.878,169690000,1
1501061280000,1501061339000,111.877,111.877,111.865,111.868,116250000,1
1501061340000,1501061399000,111.867,111.867,111.853,111.855,169250000,1
1501061400000,1501061459000,111.857,111.86,111.853,111.853,115500000,1
1501061460000,1501061519000,111.853,111.853,111.835,111.835,151680000,1
1501061520000,1501061579000,111.836,111.853,111.835,111.853,140770000,1
1501061580000,1501061639000,111.854,111.855,111.839,111.844,102210000,1
1501061640000,1501061699000,111.844,111.852,111.839,111.852,166850000,1
1501061700000,1501061759000,111.859,111.866,111.853,111.866,109620000,1
1501061760000,1501061819000,111.866,111.867,111.859,111.866,83250000,1
1501061820000,1501061879000,111.867,111.879,111.867,111.874,65360000,1
1501061880000,1501061939000,111.874,111.893,111.868,111.889,125070000,1
1501061940000,1501061999000,111.889,111.901,111.884,111.885,205740000,1
1501062000000,1501062059000,111.885,111.887,111.87,111.874,158940000,1
1501062060000,1501062119000,111.875,111.89,111.875,111.889,141810000,1
1501062120000,1501062179000,111.891,111.893,111.875,111.879,131570000,1
1501062180000,1501062239000,111.879,111.896,111.873,111.874,113780000,1
1501062240000,1501062299000,111.873,111.878,111.872,111.872,100300000,1
1501062300000,1501062359000,111.872,111.872,111.854,111.865,1104280000,1
1501062360000,1501062419000,111.866,111.869,111.862,111.866,45020000,1
1501062420000,1501062479000,111.866,111.868,111.861,111.866,90290000,1
1501062480000,1501062539000,111.867,111.867,111.861,111.864,65230000,1
1501062540000,1501062599000,111.862,111.862,111.848,111.854,75010000,1
1501062600000,1501062659000,111.853,111.86,111.839,111.842,137400000,1
1501062660000,1501062719000,111.842,111.857,111.836,111.85,81460000,1
1501062720000,1501062779000,111.85,111.856,111.846,111.856,75330000,1
1501062780000,1501062839000,111.855,111.873,111.854,111.864,49080000,1
1501062840000,1501062899000,111.864,111.864,111.855,111.856,79490000,1
1501062900000,1501062959000,111.855,111.856,111.848,111.855,106400000,1
1501062960000,1501063019000,111.856,111.859,111.85,111.85,74270000,1
1501063020000,1501063079000,111.85,111.858,111.848,111.856,120690000,1
1501063080000,1501063139000,111.858,111.858,111.849,111.857,82480000,1
1501063140000,1501063199000,111.857,111.871,111.853,111.864,68260000,1
1501063200000,1501063259000,111.864,111.867,111.853,111.853,114450000,1
1501063260000,1501063319000,111.853,111.864,111.853,111.857,107520000,1
1501063320000,1501063379000,111.859,111.863,111.856,111.86,126270000,1
1501063380000,1501063439000,111.86,111.861,111.856,111.856,45260000,1
1501063440000,1501063499000,111.856,111.856,111.807,111.815,180920000,1
1501063500000,1501063559000,111.81,111.827,111.81,111.824,86480000,1
1501063560000,1501063619000,111.823,111.829,111.813,111.821,151420000,1
1501063620000,1501063679000,111.822,111.838,111.814,111.822,199640000,1
1501063680000,1501063739000,111.822,111.837,111.821,111.824,140670000,1
1501063740000,1501063799000,111.82,111.83,111.813,111.82,143680000,1
1501063800000,1501063859000,111.818,111.823,111.814,111.822,167850000,1
1501063860000,1501063919000,111.823,111.828,111.82,111.824,192370000,1
1501063920000,1501063979000,111.824,111.826,111.82,111.821,104500000,1
1501063980000,1501064039000,111.822,111.823,111.807,111.808,128250000,1
1501064040000,1501064099000,111.809,111.811,111.805,111.808,146370000,1
1501064100000,1501064159000,111.808,111.811,111.799,111.81,136690000,1
1501064160000,1501064219000,111.809,111.818,111.809,111.815,188980000,1
1501064220000,1501064279000,111.815,111.815,111.806,111.808,104680000,1
1501064280000,1501064339000,111.808,111.812,111.795,111.798,151630000,1
1501064340000,1501064399000,111.798,111.812,111.796,111.808,162830000,1
1501064400000,1501064459000,111.809,111.824,111.808,111.823,124510000,1
1501064460000,1501064519000,111.823,111.823,111.809,111.809,58940000,1
1501064520000,1501064579000,111.808,111.81,111.805,111.81,68340000,1
1501064580000,1501064639000,111.811,111.811,111.795,111.811,99520000,1
1501064640000,1501064699000,111.81,111.812,111.789,111.792,110150000,1
1501064700000,1501064759000,111.792,111.8,111.782,111.787,100010000,1
1501064760000,1501064819000,111.786,111.793,111.771,111.777,138320000,1
1501064820000,1501064879000,111.777,111.783,111.774,111.779,75160000,1
1501064880000,1501064939000,111.778,111.779,111.734,111.753,164890000,1
1501064940000,1501064999000,111.753,111.764,111.753,111.76,128500000,1
1501065000000,1501065059000,111.759,111.761,111.737,111.745,143590000,1
1501065060000,1501065119000,111.745,111.757,111.742,111.753,97310000,1
1501065120000,1501065179000,111.753,111.755,111.745,111.752,202320000,1
1501065180000,1501065239000,111.752,111.76,111.745,111.756,144010000,1
1501065240000,1501065299000,111.755,111.76,111.755,111.755,90120000,1
1501065300000,1501065359000,111.755,111.761,111.749,111.752,73460000,1
1501065360000,1501065419000,111.753,111.758,111.752,111.758,90420000,1
1501065420000,1501065479000,111.76,111.762,111.742,111.744,109060000,1
1501065480000,1501065539000,111.743,111.76,111.743,111.755,168980000,1
1501065540000,1501065599000,111.755,111.776,111.743,111.747,196120000,1
1501065600000,1501065659000,111.747,111.801,111.746,111.798,175670000,1
1501065660000,1501065719000,111.797,111.797,111.775,111.782,81500000,1
1501065720000,1501065779000,111.781,111.781,111.762,111.768,93770000,1
1501065780000,1501065839000,111.768,111.773,111.768,111.773,54180000,1
1501065840000,1501065899000,111.77,111.77,111.752,111.753,45740000,1
1501065900000,1501065959000,111.755,111.777,111.753,111.776,103290000,1
1501065960000,1501066019000,111.776,111.787,111.775,111.783,71170000,1
1501066020000,1501066079000,111.783,111.783,111.776,111.781,53840000,1
1501066080000,1501066139000,111.78,111.782,111.773,111.78,53600000,1
1501066140000,1501066199000,111.781,111.788,111.769,111.775,150770000,1
1501066200000,1501066259000,111.774,111.774,111.76,111.761,131950000,1
1501066260000,1501066319000,111.761,111.775,111.761,111.768,127210000,1
1501066320000,1501066379000,111.768,111.771,111.75,111.763,96820000,1
1501066380000,1501066439000,111.764,111.786,111.764,111.785,114560000,1
1501066440000,1501066499000,111.785,111.785,111.778,111.781,102820000,1
1501066500000,1501066559000,111.781,111.795,111.78,111.787,211340000,1
1501066560000,1501066619000,111.787,111.788,111.779,111.787,87300000,1
1501066620000,1501066679000,111.787,111.791,111.774,111.791,64670000,1
1501066680000,1501066739000,111.792,111.795,111.788,111.79,42150000,1
1501066740000,1501066799000,111.79,111.795,111.788,111.789,87100000,1
1501066800000,1501066859000,111.787,111.801,111.787,111.79,107560000,1
1501066860000,1501066919000,111.79,111.804,111.787,111.803,79950000,1
1501066920000,1501066979000,111.804,111.811,111.787,111.788,172960000,1
1501066980000,1501067039000,111.787,111.788,111.76,111.761,197650000,1
1501067040000,1501067099000,111.761,111.773,111.757,111.773,121050000,1
1501067100000,1501067159000,111.773,111.778,111.765,111.775,112400000,1
1501067160000,1501067219000,111.775,111.788,111.772,111.787,77330000,1
1501067220000,1501067279000,111.787,111.792,111.78,111.785,104590000,1
1501067280000,1501067339000,111.783,111.793,111.783,111.789,96670000,1
1501067340000,1501067399000,111.788,111.788,111.779,111.78,53440000,1
1501067400000,1501067459000,111.78,111.78,111.778,111.779,36420000,1
1501067460000,1501067519000,111.777,111.78,111.767,111.773,86830000,1
1501067520000,1501067579000,111.773,111.782,111.755,111.782,147710000,1
1501067580000,1501067639000,111.782,111.792,111.766,111.766,129030000,1
1501067640000,1501067699000,111.767,111.768,111.758,111.763,50560000,1
1501067700000,1501067759000,111.762,111.772,111.761,111.766,96840000,1
1501067760000,1501067819000,111.767,111.799,111.766,111.793,102430000,1
1501067820000,1501067879000,111.793,111.793,111.769,111.774,102280000,1
1501067880000,1501067939000,111.774,111.778,111.769,111.778,95770000,1
1501067940000,1501067999000,111.778,111.784,111.765,111.767,117580000,1
1501068000000,1501068059000,111.767,111.776,111.758,111.761,91210000,1
1501068060000,1501068119000,111.764,111.766,111.751,111.757,214550000,1
1501068120000,1501068179000,111.756,111.76,111.737,111.741,123680000,1
1501068180000,1501068239000,111.743,111.743,111.726,111.727,78660000,1
1501068240000,1501068299000,111.725,111.735,111.725,111.731,83180000,1
1501068300000,1501068359000,111.731,111.736,111.728,111.73,167240000,1
1501068360000,1501068419000,111.731,111.732,111.721,111.728,88910000,1
1501068420000,1501068479000,111.727,111.729,111.724,111.725,78210000,1
1501068480000,1501068539000,111.725,111.744,111.725,111.743,135980000,1
1501068540000,1501068599000,111.742,111.743,111.721,111.731,131570000,1
1501068600000,1501068659000,111.731,111.738,111.73,111.736,117790000,1
1501068660000,1501068719000,111.738,111.756,111.738,111.755,138400000,1
1501068720000,1501068779000,111.756,111.763,111.755,111.759,88260000,1
1501068780000,1501068839000,111.758,111.782,111.744,111.767,183840000,1
1501068840000,1501068899000,111.767,111.777,111.765,111.766,88000000,1
1501068900000,1501068959000,111.765,111.765,111.738,111.747,170820000,1
1501068960000,1501069019000,111.746,111.75,111.746,111.75,69200000,1
1501069020000,1501069079000,111.75,111.763,111.743,111.755,127050000,1
1501069080000,1501069139000,111.755,111.756,111.746,111.747,138610000,1
1501069140000,1501069199000,111.747,111.749,111.72,111.728,108360000,1
1501069200000,1501069259000,111.728,111.731,111.721,111.724,156970000,1
1501069260000,1501069319000,111.724,111.737,111.722,111.737,49210000,1
1501069320000,1501069379000,111.736,111.736,111.727,111.728,89930000,1
1501069380000,1501069439000,111.727,111.743,111.725,111.74,130820000,1
1501069440000,1501069499000,111.738,111.742,111.734,111.737,131710000,1
1501069500000,1501069559000,111.737,111.751,111.737,111.75,182820000,1
1501069560000,1501069619000,111.75,111.751,111.736,111.749,134730000,1
1501069620000,1501069679000,111.749,111.763,111.747,111.75,138240000,1
1501069680000,1501069739000,111.75,111.752,111.746,111.746,81640000,1
1501069740000,1501069799000,111.744,111.748,111.738,111.741,117160000,1
1501069800000,1501069859000,111.74,111.745,111.739,111.745,62950000,1
1501069860000,1501069919000,111.746,111.763,111.746,111.754,139840000,1
1501069920000,1501069979000,111.752,111.767,111.752,111.767,45350000,1
1501069980000,1501070039000,111.765,111.766,111.748,111.749,107090000,1
1501070040000,1501070099000,111.749,111.757,111.747,111.755,136170000,1
1501070100000,1501070159000,111.756,111.763,111.755,111.76,126280000,1
1501070160000,1501070219000,111.761,111.79,111.756,111.783,173080000,1
1501070220000,1501070279000,111.784,111.804,111.784,111.785,159800000,1
1501070280000,1501070339000,111.784,111.816,111.782,111.811,212970000,1
1501070340000,1501070399000,111.81,111.826,111.81,111.82,109850000,1
1501070400000,1501070459000,111.82,111.82,111.811,111.817,76900000,1
1501070460000,1501070519000,111.815,111.815,111.796,111.81,207750000,1
1501070520000,1501070579000,111.809,111.812,111.805,111.81,154230000,1
1501070580000,1501070639000,111.811,111.811,111.808,111.811,132410000,1
1501070640000,1501070699000,111.811,111.811,111.81,111.811,91610000,1
1501070700000,1501070759000,111.811,111.823,111.808,111.821,90920000,1
1501070760000,1501070819000,111.821,111.825,111.805,111.816,129380000,1
1501070820000,1501070879000,111.816,111.825,111.814,111.825,100310000,1
1501070880000,1501070939000,111.824,111.849,111.824,111.843,141850000,1
1501070940000,1501070999000,111.843,111.843,111.836,111.836,93350000,1
1501071000000,1501071059000,111.834,111.842,111.829,111.842,160070000,1
1501071060000,1501071119000,111.842,111.854,111.835,111.854,80440000,1
1501071120000,1501071179000,111.854,111.873,111.853,111.861,128240000,1
1501071180000,1501071239000,111.861,111.904,111.861,111.903,268330000,1
1501071240000,1501071299000,111.903,111.903,111.865,111.88,144220000,1
1501071300000,1501071359000,111.88,111.88,111.858,111.86,159930000,1
1501071360000,1501071419000,111.859,111.867,111.854,111.857,147240000,1
1501071420000,1501071479000,111.857,111.873,111.856,111.873,96170000,1
1501071480000,1501071539000,111.873,111.883,111.861,111.863,145310000,1
1501071540000,1501071599000,111.862,111.871,111.859,111.859,110500000,1
1501071600000,1501071659000,111.863,111.881,111.861,111.861,219610000,1
1501071660000,1501071719000,111.86,111.863,111.805,111.818,234680000,1
1501071720000,1501071779000,111.818,111.83,111.818,111.828,138300000,1
1501071780000,1501071839000,111.828,111.828,111.796,111.804,162470000,1
1501071840000,1501071899000,111.803,111.803,111.796,111.802,147980000,1
1501071900000,1501071959000,111.802,111.809,111.786,111.792,186880000,1
1501071960000,1501072019000,111.796,111.797,111.779,111.785,174650000,1
1501072020000,1501072079000,111.785,111.798,111.78,111.795,122590000,1
1501072080000,1501072139000,111.796,111.811,111.784,111.811,106300000,1
1501072140000,1501072199000,111.811,111.811,111.795,111.804,138010000,1
1501072200000,1501072259000,111.804,111.804,111.783,111.789,114650000,1
1501072260000,1501072319000,111.791,111.799,111.765,111.785,144050000,1
1501072320000,1501072379000,111.786,111.791,111.767,111.787,100850000,1
1501072380000,1501072439000,111.788,111.798,111.787,111.788,87100000,1
1501072440000,1501072499000,111.786,111.799,111.784,111.792,95960000,1
1501072500000,1501072559000,111.793,111.804,111.793,111.797,51630000,1
1501072560000,1501072619000,111.799,111.822,111.797,111.821,154200000,1
1501072620000,1501072679000,111.82,111.822,111.801,111.803,88340000,1
1501072680000,1501072739000,111.804,111.811,111.791,111.798,162550000,1
1501072740000,1501072799000,111.797,111.798,111.791,111.792,36440000,1
1501072800000,1501072859000,111.793,111.81,111.779,111.792,117350000,1
1501072860000,1501072919000,111.792,111.81,111.78,111.798,134520000,1
1501072920000,1501072979000,111.799,111.804,111.79,111.797,154260000,1
1501072980000,1501073039000,111.798,111.809,111.797,111.808,89210000,1
1501073040000,1501073099000,111.808,111.808,111.767,111.772,178460000,1
1501073100000,1501073159000,111.773,111.792,111.771,111.791,172450000,1
1501073160000,1501073219000,111.791,111.802,111.778,111.792,147420000,1
1501073220000,1501073279000,111.791,111.792,111.766,111.773,189380000,1
1501073280000,1501073339000,111.772,111.785,111.772,111.772,211990000,1
1501073340000,1501073399000,111.772,111.773,111.749,111.753,357700000,1
1501073400000,1501073459000,111.753,111.761,111.746,111.748,163970000,1
1501073460000,1501073519000,111.75,111.757,111.748,111.754,85480000,1
1501073520000,1501073579000,111.754,111.761,111.75,111.761,65910000,1
1501073580000,1501073639000,111.761,111.762,111.751,111.754,173830000,1
1501073640000,1501073699000,111.753,111.753,111.742,111.742,71750000,1
1501073700000,1501073759000,111.742,111.766,111.742,111.759,139920000,1
1501073760000,1501073819000,111.758,111.767,111.73,111.766,123670000,1
1501073820000,1501073879000,111.766,111.766,111.753,111.759,112120000,1
1501073880000,1501073939000,111.759,111.777,111.759,111.766,111060000,1
1501073940000,1501073999000,111.766,111.767,111.756,111.756,111510000,1
1501074000000,1501074059000,111.755,111.761,111.746,111.753,175830000,1
1501074060000,1501074119000,111.75,111.754,111.729,111.739,127410000,1
1501074120000,1501074179000,111.741,111.752,111.737,111.741,129820000,1
1501074180000,1501074239000,111.739,111.742,111.731,111.739,114510000,1
1501074240000,1501074299000,111.736,111.742,111.725,111.729,86420000,1
1501074300000,1501074359000,111.731,111.752,111.72,111.737,189080000,1
1501074360000,1501074419000,111.735,111.762,111.735,111.762,122790000,1
1501074420000,1501074479000,111.764,111.781,111.761,111.77,158080000,1
1501074480000,1501074539000,111.77,111.776,111.758,111.758,74420000,1
1501074540000,1501074599000,111.758,111.77,111.75,111.77,100590000,1
1501074600000,1501074659000,111.77,111.789,111.766,111.786,1685930000,1
1501074660000,1501074719000,111.786,111.799,111.78,111.794,2050510000,1
1501074720000,1501074779000,111.795,111.795,111.785,111.787,75840000,1
1501074780000,1501074839000,111.788,111.797,111.783,111.794,89870000,1
1501074840000,1501074899000,111.794,111.798,111.788,111.788,109500000,1
1501074900000,1501074959000,111.788,111.803,111.788,111.793,173540000,1
1501074960000,1501075019000,111.793,111.871,111.792,111.848,224130000,1
1501075020000,1501075079000,111.851,111.874,111.844,111.846,255380000,1
1501075080000,1501075139000,111.846,111.847,111.834,111.842,130380000,1
1501075140000,1501075199000,111.841,111.873,111.836,111.869,135900000,1
1501075200000,1501075259000,111.87,111.884,111.868,111.877,177050000,1
1501075260000,1501075319000,111.878,111.88,111.861,111.868,116270000,1
1501075320000,1501075379000,111.867,111.874,111.856,111.867,102790000,1
1501075380000,1501075439000,111.868,111.87,111.862,111.87,104070000,1
1501075440000,1501075499000,111.871,111.885,111.871,111.878,129280000,1
1501075500000,1501075559000,111.877,111.882,111.863,111.868,154480000,1
1501075560000,1501075619000,111.867,111.869,111.847,111.847,199460000,1
1501075620000,1501075679000,111.851,111.855,111.842,111.85,80620000,1
1501075680000,1501075739000,111.852,111.859,111.848,111.85,170070000,1
1501075740000,1501075799000,111.851,111.86,111.847,111.847,135010000,1
1501075800000,1501075859000,111.847,111.853,111.825,111.851,216360000,1
1501075860000,1501075919000,111.852,111.87,111.851,111.86,255470000,1
1501075920000,1501075979000,111.86,111.876,111.85,111.874,167630000,1
1501075980000,1501076039000,111.874,111.876,111.85,111.865,161070000,1
1501076040000,1501076099000,111.863,111.866,111.842,111.856,162130000,1
1501076100000,1501076159000,111.855,111.856,111.817,111.825,139770000,1
1501076160000,1501076219000,111.825,111.827,111.805,111.815,140810000,1
1501076220000,1501076279000,111.821,111.855,111.821,111.849,214680000,1
1501076280000,1501076339000,111.848,111.856,111.842,111.856,166700000,1
1501076340000,1501076399000,111.856,111.856,111.825,111.837,209910000,1
1501076400000,1501076459000,111.838,111.844,111.817,111.828,248320000,1
1501076460000,1501076519000,111.829,111.851,111.819,111.838,207760000,1
1501076520000,1501076579000,111.835,111.835,111.821,111.826,191210000,1
1501076580000,1501076639000,111.828,111.857,111.821,111.853,202060000,1
1501076640000,1501076699000,111.852,111.878,111.849,111.875,265690000,1
1501076700000,1501076759000,111.875,111.875,111.843,111.852,148860000,1
1501076760000,1501076819000,111.855,111.857,111.841,111.845,159950000,1
1501076820000,1501076879000,111.842,111.858,111.842,111.845,122440000,1
1501076880000,1501076939000,111.843,111.871,111.84,111.85,217230000,1
1501076940000,1501076999000,111.851,111.872,111.851,111.871,105600000,1
1501077000000,1501077059000,111.871,111.903,111.867,111.889,297630000,1
1501077060000,1501077119000,111.889,111.895,111.874,111.891,141900000,1
1501077120000,1501077179000,111.892,111.892,111.875,111.89,146440000,1
1501077180000,1501077239000,111.888,111.892,111.838,111.842,178440000,1
1501077240000,1501077299000,111.841,111.864,111.833,111.863,255150000,1
1501077300000,1501077359000,111.863,111.877,111.862,111.867,142910000,1
1501077360000,1501077419000,111.866,111.868,111.851,111.859,108270000,1
1501077420000,1501077479000,111.858,111.886,111.852,111.884,153100000,1
1501077480000,1501077539000,111.882,111.885,111.852,111.882,118620000,1
1501077540000,1501077599000,111.882,111.884,111.869,111.877,194540000,1
1501077600000,1501077659000,111.879,111.907,111.862,111.903,290220000,1
1501077660000,1501077719000,111.901,111.916,111.886,111.896,170780000,1
1501077720000,1501077779000,111.897,111.897,111.872,111.883,168220000,1
1501077780000,1501077839000,111.882,111.882,111.84,111.845,250730000,1
1501077840000,1501077899000,111.846,111.871,111.846,111.869,166200000,1
1501077900000,1501077959000,111.867,111.872,111.849,111.855,159330000,1
1501077960000,1501078019000,111.856,111.861,111.85,111.852,238750000,1
1501078020000,1501078079000,111.851,111.859,111.842,111.857,238130000,1
1501078080000,1501078139000,111.856,111.878,111.853,111.876,290380000,1
1501078140000,1501078199000,111.875,111.875,111.849,111.856,160570000,1
1501078200000,1501078259000,111.855,111.858,111.845,111.847,151350000,1
1501078260000,1501078319000,111.846,111.847,111.838,111.841,163150000,1
1501078320000,1501078379000,111.842,111.871,111.842,111.866,125050000,1
1501078380000,1501078439000,111.867,111.916,111.867,111.914,269590000,1
1501078440000,1501078499000,111.912,111.932,111.908,111.914,213590000,1
1501078500000,1501078559000,111.913,111.943,111.912,111.921,192460000,1
1501078560000,1501078619000,111.921,111.921,111.9,111.902,129370000,1
1501078620000,1501078679000,111.902,111.929,111.901,111.927,115700000,1
1501078680000,1501078739000,111.926,111.932,111.925,111.928,136090000,1
1501078740000,1501078799000,111.929,111.933,111.924,111.931,142290000,1
1501078800000,1501078859000,111.931,111.931,111.884,111.901,116110000,1
1501078860000,1501078919000,111.899,111.922,111.895,111.922,191700000,1
1501078920000,1501078979000,111.917,111.935,111.911,111.931,214660000,1
1501078980000,1501079039000,111.931,111.932,111.916,111.924,294240000,1
1501079040000,1501079099000,111.925,111.925,111.914,111.914,228950000,1
1501079100000,1501079159000,111.92,111.928,111.907,111.912,153200000,1
1501079160000,1501079219000,111.913,111.915,111.896,111.91,149890000,1
1501079220000,1501079279000,111.911,111.927,111.907,111.907,161290000,1
1501079280000,1501079339000,111.906,111.919,111.896,111.913,189310000,1
1501079340000,1501079399000,111.912,111.926,111.909,111.924,188670000,1
1501079400000,1501079459000,111.927,111.961,111.927,111.957,303820000,1
1501079460000,1501079519000,111.958,111.96,111.918,111.926,139380000,1
1501079520000,1501079579000,111.927,111.943,111.927,111.936,162400000,1
1501079580000,1501079639000,111.936,111.944,111.928,111.943,232040000,1
1501079640000,1501079699000,111.941,111.953,111.933,111.945,254800000,1
1501079700000,1501079759000,111.945,111.945,111.931,111.94,136420000,1
1501079760000,1501079819000,111.94,111.968,111.94,111.958,134220000,1
1501079820000,1501079879000,111.958,111.964,111.951,111.952,137030000,1
1501079880000,1501079939000,111.952,111.971,111.95,111.971,143130000,1
1501079940000,1501079999000,111.971,111.976,111.947,111.963,158680000,1
1501080000000,1501080059000,111.965,111.971,111.949,111.951,176290000,1
1501080060000,1501080119000,111.951,111.957,111.917,111.948,249860000,1
1501080120000,1501080179000,111.948,111.953,111.933,111.952,148790000,1
1501080180000,1501080239000,111.953,111.968,111.949,111.956,177110000,1
1501080240000,1501080299000,111.956,111.962,111.939,111.943,273860000,1
1501080300000,1501080359000,111.941,111.955,111.941,111.945,260140000,1
1501080360000,1501080419000,111.947,111.953,111.908,111.94,240960000,1
1501080420000,1501080479000,111.94,111.948,111.918,111.921,198290000,1
1501080480000,1501080539000,111.922,111.952,111.922,111.941,198660000,1
1501080540000,1501080599000,111.942,111.943,111.937,111.94,120200000,1
1501080600000,1501080659000,111.939,111.962,111.921,111.922,191940000,1
1501080660000,1501080719000,111.921,111.934,111.918,111.926,155160000,1
1501080720000,1501080779000,111.927,111.928,111.909,111.914,187030000,1
1501080780000,1501080839000,111.911,111.926,111.897,111.92,233280000,1
1501080840000,1501080899000,111.918,111.918,111.898,111.906,208430000,1
1501080900000,1501080959000,111.906,111.919,111.906,111.918,173190000,1
1501080960000,1501081019000,111.916,111.927,111.913,111.918,136730000,1
1501081020000,1501081079000,111.919,111.957,111.913,111.95,167730000,1
1501081080000,1501081139000,111.95,111.977,111.95,111.966,332610000,1
1501081140000,1501081199000,111.964,112.003,111.962,111.994,265530000,1
1501081200000,1501081259000,111.994,111.998,111.982,111.982,223720000,1
1501081260000,1501081319000,111.981,112.027,111.976,112.015,256990000,1
1501081320000,1501081379000,112.016,112.016,111.982,111.984,202830000,1
1501081380000,1501081439000,111.984,111.999,111.983,111.989,153040000,1
1501081440000,1501081499000,111.99,112.0,111.981,111.996,152310000,1
1501081500000,1501081559000,111.996,111.997,111.981,111.983,165800000,1
1501081560000,1501081619000,111.987,112.0,111.975,111.993,141860000,1
1501081620000,1501081679000,111.995,112.055,111.986,112.041,250500000,1
1501081680000,1501081739000,112.039,112.065,112.032,112.054,358670000,1
1501081740000,1501081799000,112.053,112.059,112.025,112.038,171310000,1
1501081800000,1501081859000,112.04,112.051,112.033,112.036,241570000,1
1501081860000,1501081919000,112.037,112.058,112.037,112.056,217910000,1
1501081920000,1501081979000,112.055,112.06,112.051,112.052,173900000,1
1501081980000,1501082039000,112.053,112.057,112.032,112.033,255750000,1
1501082040000,1501082099000,112.035,112.064,112.035,112.049,192620000,1
1501082100000,1501082159000,112.049,112.053,112.043,112.048,90680000,1
1501082160000,1501082219000,112.047,112.054,112.038,112.04,146500000,1
1501082220000,1501082279000,112.04,112.045,112.034,112.036,117180000,1
1501082280000,1501082339000,112.037,112.038,112.03,112.038,98200000,1
1501082340000,1501082399000,112.039,112.04,112.031,112.032,106070000,1
1501082400000,1501082459000,112.033,112.047,112.03,112.04,150280000,1
1501082460000,1501082519000,112.041,112.041,112.021,112.031,160910000,1
1501082520000,1501082579000,112.029,112.042,112.029,112.032,126940000,1
1501082580000,1501082639000,112.033,112.059,112.032,112.059,116220000,1
1501082640000,1501082699000,112.06,112.063,112.046,112.051,179550000,1
1501082700000,1501082759000,112.05,112.058,112.045,112.054,287870000,1
1501082760000,1501082819000,112.054,112.056,112.039,112.043,120740000,1
1501082820000,1501082879000,112.043,112.049,112.035,112.048,134600000,1
1501082880000,1501082939000,112.05,112.063,112.044,112.044,107240000,1
1501082940000,1501082999000,112.045,112.045,112.032,112.04,171420000,1
1501083000000,1501083059000,112.039,112.056,112.031,112.035,155860000,1
1501083060000,1501083119000,112.036,112.049,112.036,112.039,199060000,1
1501083120000,1501083179000,112.038,112.051,112.031,112.032,208060000,1
1501083180000,1501083239000,112.032,112.048,112.03,112.038,92610000,1
1501083240000,1501083299000,112.039,112.05,112.033,112.035,124010000,1
1501083300000,1501083359000,112.035,112.062,112.035,112.045,149570000,1
1501083360000,1501083419000,112.045,112.048,112.033,112.044,166360000,1
1501083420000,1501083479000,112.045,112.055,112.035,112.052,115550000,1
1501083480000,1501083539000,112.051,112.062,112.044,112.046,110610000,1
1501083540000,1501083599000,112.048,112.053,112.039,112.04,96260000,1
1501083600000,1501083659000,112.04,112.054,112.039,112.053,125850000,1
1501083660000,1501083719000,112.053,112.161,112.046,112.14,162760000,1
1501083720000,1501083779000,112.135,112.137,112.096,112.096,279940000,1
1501083780000,1501083839000,112.095,112.104,112.083,112.094,201290000,1
1501083840000,1501083899000,112.095,112.096,112.081,112.088,150120000,1
1501083900000,1501083959000,112.087,112.093,112.081,112.089,136060000,1
1501083960000,1501084019000,112.089,112.112,112.082,112.103,171600000,1
1501084020000,1501084079000,112.102,112.138,112.102,112.13,159520000,1
1501084080000,1501084139000,112.131,112.148,112.122,112.139,188220000,1
1501084140000,1501084199000,112.14,112.155,112.138,112.146,198780000,1
1501084200000,1501084259000,112.146,112.148,112.132,112.132,177450000,1
1501084260000,1501084319000,112.133,112.138,112.118,112.138,128740000,1
1501084320000,1501084379000,112.139,112.154,112.138,112.154,125700000,1
1501084380000,1501084439000,112.154,112.155,112.134,112.134,149920000,1
1501084440000,1501084499000,112.133,112.145,112.12,112.121,354050000,1
1501084500000,1501084559000,112.12,112.147,112.111,112.145,302510000,1
1501084560000,1501084619000,112.146,112.15,112.125,112.128,149910000,1
1501084620000,1501084679000,112.129,112.134,112.129,112.129,125970000,1
1501084680000,1501084739000,112.129,112.129,112.121,112.121,253150000,1
1501084740000,1501084799000,112.12,112.131,112.108,112.108,207850000,1
1501084800000,1501084859000,112.111,112.111,112.09,112.091,128750000,1
1501084860000,1501084919000,112.092,112.094,112.075,112.078,103840000,1
1501084920000,1501084979000,112.079,112.094,112.076,112.09,87810000,1
1501084980000,1501085039000,112.089,112.089,112.07,112.078,66100000,1
1501085040000,1501085099000,112.082,112.085,112.082,112.085,20000000,1
1501085100000,1501085159000,112.083,112.084,112.073,112.078,27210000,1
1501085160000,1501085219000,112.078,112.079,112.071,112.072,100760000,1
1501085220000,1501085279000,112.072,112.076,112.064,112.065,76980000,1
1501085280000,1501085339000,112.066,112.083,112.064,112.081,124010000,1
1501085340000,1501085399000,112.082,112.107,112.082,112.098,124890000,1
1501085400000,1501085459000,112.098,112.11,112.098,112.104,63240000,1
1501085460000,1501085519000,112.102,112.113,112.102,112.108,81650000,1
1501085520000,1501085579000,112.107,112.107,112.098,112.101,84260000,1
1501085580000,1501085639000,112.101,112.102,112.099,112.101,63790000,1
1501085640000,1501085699000,112.101,112.118,112.098,112.117,166180000,1
1501085700000,1501085759000,112.116,112.116,112.114,112.115,34540000,1
1501085760000,1501085819000,112.116,112.116,112.107,112.107,97020000,1
1501085820000,1501085879000,112.106,112.113,112.101,112.101,115050000,1
1501085880000,1501085939000,112.101,112.127,112.098,112.126,113090000,1
1501085940000,1501085999000,112.125,112.125,112.116,112.116,87710000,1
1501086000000,1501086059000,112.115,112.115,112.1,112.103,143980000,1
1501086060000,1501086119000,112.103,112.105,112.1,112.103,153110000,1
1501086120000,1501086179000,112.103,112.115,112.103,112.107,95910000,1
1501086180000,1501086239000,112.108,112.117,112.107,112.112,116680000,1
1501086240000,1501086299000,112.113,112.125,112.11,112.123,84660000,1
1501086300000,1501086359000,112.123,112.126,112.119,112.122,67050000,1
1501086360000,1501086419000,112.121,112.13,112.12,112.13,147030000,1
1501086420000,1501086479000,112.132,112.149,112.132,112.147,136140000,1
1501086480000,1501086539000,112.146,112.15,112.136,112.149,108310000,1
1501086540000,1501086599000,112.149,112.149,112.132,112.146,151620000,1
1501086600000,1501086659000,112.144,112.147,112.138,112.141,81690000,1
1501086660000,1501086719000,112.139,112.154,112.136,112.153,115280000,1
1501086720000,1501086779000,112.152,112.154,112.111,112.123,129820000,1
1501086780000,1501086839000,112.123,112.179,112.123,112.172,203160000,1
1501086840000,1501086899000,112.171,112.172,112.166,112.168,116540000,1
1501086900000,1501086959000,112.168,112.168,112.151,112.152,103400000,1
1501086960000,1501087019000,112.152,112.163,112.15,112.154,70000000,1
1501087020000,1501087079000,112.155,112.183,112.155,112.171,124950000,1
1501087080000,1501087139000,112.171,112.174,112.17,112.172,51380000,1
1501087140000,1501087199000,112.171,112.173,112.164,112.164,54050000,1
1501087200000,1501087259000,112.165,112.165,112.153,112.163,133100000,1
1501087260000,1501087319000,112.163,112.163,112.151,112.152,88550000,1
1501087320000,1501087379000,112.155,112.156,112.151,112.156,43130000,1
1501087380000,1501087439000,112.156,112.158,112.141,112.141,72630000,1
1501087440000,1501087499000,112.143,112.149,112.143,112.144,34250000,1
1501087500000,1501087559000,112.143,112.162,112.143,112.162,103550000,1
1501087560000,1501087619000,112.162,112.166,112.16,112.166,54260000,1
1501087620000,1501087679000,112.167,112.185,112.162,112.184,58250000,1
1501087680000,1501087739000,112.183,112.183,112.17,112.171,66740000,1
1501087740000,1501087799000,112.171,112.171,112.162,112.166,77010000,1
1501087800000,1501087859000,112.167,112.167,112.157,112.159,65740000,1
1501087860000,1501087919000,112.159,112.159,112.154,112.157,48910000,1
1501087920000,1501087979000,112.157,112.157,112.147,112.152,138440000,1
1501087980000,1501088039000,112.152,112.155,112.145,112.146,288210000,1
1501088040000,1501088099000,112.146,112.163,112.144,112.16,73620000,1
1501088100000,1501088159000,112.16,112.161,112.151,112.153,67470000,1
1501088160000,1501088219000,112.153,112.162,112.153,112.158,71070000,1
1501088220000,1501088279000,112.158,112.163,112.158,112.163,26580000,1
1501088280000,1501088339000,112.162,112.162,112.15,112.15,107550000,1
1501088340000,1501088399000,112.151,112.155,112.138,112.152,208640000,1
1501088400000,1501088459000,112.152,112.153,112.13,112.151,261390000,1
1501088460000,1501088519000,112.149,112.151,112.103,112.108,180660000,1
1501088520000,1501088579000,112.107,112.126,112.095,112.102,220230000,1
1501088580000,1501088639000,112.101,112.128,112.101,112.114,91830000,1
1501088640000,1501088699000,112.114,112.118,112.102,112.105,105470000,1
1501088700000,1501088759000,112.104,112.104,112.083,112.084,164610000,1
1501088760000,1501088819000,112.084,112.094,112.077,112.077,112320000,1
1501088820000,1501088879000,112.078,112.079,112.063,112.065,120170000,1
1501088880000,1501088939000,112.068,112.079,112.063,112.074,122090000,1
1501088940000,1501088999000,112.075,112.076,112.064,112.069,122680000,1
1501089000000,1501089059000,112.069,112.071,112.053,112.059,95280000,1
1501089060000,1501089119000,112.062,112.063,112.048,112.051,157390000,1
1501089120000,1501089179000,112.052,112.098,112.052,112.097,168680000,1
1501089180000,1501089239000,112.097,112.097,112.068,112.068,121330000,1
1501089240000,1501089299000,112.063,112.076,112.06,112.074,129490000,1
1501089300000,1501089359000,112.075,112.088,112.075,112.078,161550000,1
1501089360000,1501089419000,112.078,112.085,112.077,112.081,154850000,1
1501089420000,1501089479000,112.081,112.085,112.075,112.082,146760000,1
1501089480000,1501089539000,112.081,112.081,112.056,112.059,104190000,1
1501089540000,1501089599000,112.059,112.062,112.052,112.053,158100000,1
1501089600000,1501089659000,112.052,112.059,112.032,112.04,96990000,1
1501089660000,1501089719000,112.039,112.04,112.025,112.026,143490000,1
1501089720000,1501089779000,112.028,112.047,112.027,112.046,70370000,1
1501089780000,1501089839000,112.045,112.07,112.045,112.07,91880000,1
1501089840000,1501089899000,112.068,112.068,112.045,112.059,127590000,1
1501089900000,1501089959000,112.058,112.058,112.046,112.051,64830000,1
1501089960000,1501090019000,112.051,112.053,112.038,112.044,66980000,1
1501090020000,1501090079000,112.043,112.048,112.038,112.048,116460000,1
1501090080000,1501090139000,112.048,112.051,112.047,112.048,44320000,1
1501090140000,1501090199000,112.046,112.065,112.042,112.053,84050000,1
1501090200000,1501090259000,112.054,112.067,112.052,112.059,93570000,1
1501090260000,1501090319000,112.059,112.059,112.045,112.048,79490000,1
1501090320000,1501090379000,112.048,112.054,112.039,112.046,125240000,1
1501090380000,1501090439000,112.045,112.045,111.999,112.007,235190000,1
1501090440000,1501090499000,112.008,112.013,112.005,112.01,97750000,1
1501090500000,1501090559000,112.01,112.021,111.98,111.98,147960000,1
1501090560000,1501090619000,111.986,111.993,111.968,111.988,187640000,1
1501090620000,1501090679000,111.988,112.008,111.986,112.005,116210000,1
1501090680000,1501090739000,112.005,112.01,111.996,112.006,104970000,1
1501090740000,1501090799000,112.005,112.012,112.004,112.01,204810000,1
1501090800000,1501090859000,112.01,112.036,112.01,112.025,157490000,1
1501090860000,1501090919000,112.025,112.025,111.994,112.005,115150000,1
1501090920000,1501090979000,112.003,112.008,111.985,111.997,182820000,1
1501090980000,1501091039000,111.998,112.003,111.996,112.001,129020000,1
1501091040000,1501091099000,112.0,112.015,111.998,111.998,115110000,1
1501091100000,1501091159000,111.998,112.014,111.991,111.994,103690000,1
1501091160000,1501091219000,111.995,111.995,111.941,111.945,359430000,1
1501091220000,1501091279000,111.945,111.982,111.945,111.982,101690000,1
1501091280000,1501091339000,111.981,111.989,111.97,111.974,188030000,1
1501091340000,1501091399000,111.978,111.979,111.95,111.963,190080000,1
1501091400000,1501091459000,111.962,111.975,111.949,111.953,285520000,1
1501091460000,1501091519000,111.952,111.968,111.952,111.966,138510000,1
1501091520000,1501091579000,111.967,111.978,111.947,111.975,88400000,1
1501091580000,1501091639000,111.974,111.978,111.965,111.974,207210000,1
1501091640000,1501091699000,111.975,111.986,111.975,111.979,107260000,1
1501091700000,1501091759000,111.978,111.983,111.971,111.983,110500000,1
1501091760000,1501091819000,111.983,112.01,111.979,112.003,166700000,1
1501091820000,1501091879000,112.002,112.002,111.989,111.99,117820000,1
1501091880000,1501091939000,111.989,112.001,111.969,111.971,169950000,1
1501091940000,1501091999000,111.971,111.979,111.924,111.959,271570000,1
1501092000000,1501092059000,111.959,112.199,111.959,111.997,674730000,1
1501092060000,1501092119000,111.99,111.995,111.756,111.84,783590000,1
1501092120000,1501092179000,111.843,111.898,111.791,111.857,454140000,1
1501092180000,1501092239000,111.859,111.911,111.859,111.904,461820000,1
1501092240000,1501092299000,111.904,111.911,111.721,111.725,358280000,1
1501092300000,1501092359000,111.721,111.726,111.662,111.701,498930000,1
1501092360000,1501092419000,111.702,111.768,111.702,111.761,386320000,1
1501092420000,1501092479000,111.76,111.795,111.711,111.74,308310000,1
1501092480000,1501092539000,111.739,111.74,111.678,111.688,310380000,1
1501092540000,1501092599000,111.688,111.695,111.581,111.581,353580000,1
1501092600000,1501092659000,111.581,111.599,111.551,111.582,412180000,1
1501092660000,1501092719000,111.581,111.661,111.579,111.609,327810000,1
1501092720000,1501092779000,111.61,111.61,111.514,111.542,394830000,1
1501092780000,1501092839000,111.543,111.594,111.536,111.588,366940000,1
1501092840000,1501092899000,111.588,111.612,111.587,111.599,216220000,1
1501092900000,1501092959000,111.601,111.601,111.524,111.554,518220000,1
1501092960000,1501093019000,111.553,111.584,111.472,111.515,543970000,1
1501093020000,1501093079000,111.51,111.542,111.497,111.513,391200000,1
1501093080000,1501093139000,111.511,111.526,111.477,111.52,395870000,1
1501093140000,1501093199000,111.522,111.595,111.516,111.534,466950000,1
1501093200000,1501093259000,111.534,111.534,111.493,111.513,365970000,1
1501093260000,1501093319000,111.515,111.561,111.474,111.483,382990000,1
1501093320000,1501093379000,111.485,111.497,111.459,111.46,310160000,1
1501093380000,1501093439000,111.459,111.467,111.436,111.448,350280000,1
1501093440000,1501093499000,111.446,111.45,111.403,111.422,355430000,1
1501093500000,1501093559000,111.422,111.461,111.418,111.461,256650000,1
1501093560000,1501093619000,111.46,111.486,111.453,111.486,312460000,1
1501093620000,1501093679000,111.484,111.487,111.459,111.477,236230000,1
1501093680000,1501093739000,111.477,111.477,111.422,111.451,329620000,1
1501093740000,1501093799000,111.45,111.456,111.417,111.437,213860000,1
1501093800000,1501093859000,111.435,111.444,111.419,111.429,270110000,1
1501093860000,1501093919000,111.43,111.486,111.43,111.485,237280000,1
1501093920000,1501093979000,111.485,111.496,111.464,111.496,300150000,1
1501093980000,1501094039000,111.493,111.517,111.488,111.516,282240000,1
1501094040000,1501094099000,111.517,111.542,111.496,111.528,263990000,1
1501094100000,1501094159000,111.528,111.528,111.466,111.466,206110000,1
1501094160000,1501094219000,111.462,111.498,111.452,111.489,270610000,1
1501094220000,1501094279000,111.491,111.497,111.467,111.481,183310000,1
1501094280000,1501094339000,111.482,111.5,111.468,111.497,137800000,1
1501094340000,1501094399000,111.496,111.497,111.479,111.48,166640000,1
1501094400000,1501094459000,111.481,111.481,111.423,111.425,191250000,1
1501094460000,1501094519000,111.427,111.449,111.413,111.416,144400000,1
1501094520000,1501094579000,111.416,111.451,111.406,111.448,153670000,1
1501094580000,1501094639000,111.448,111.47,111.448,111.461,132640000,1
1501094640000,1501094699000,111.46,111.46,111.424,111.431,129260000,1
1501094700000,1501094759000,111.431,111.447,111.41,111.439,248300000,1
1501094760000,1501094819000,111.439,111.45,111.437,111.45,121880000,1
1501094820000,1501094879000,111.45,111.46,111.436,111.436,147690000,1
1501094880000,1501094939000,111.434,111.455,111.429,111.431,153650000,1
1501094940000,1501094999000,111.43,111.464,111.422,111.449,192990000,1
1501095000000,1501095059000,111.449,111.457,111.426,111.426,160030000,1
1501095060000,1501095119000,111.423,111.423,111.368,111.417,311900000,1
1501095120000,1501095179000,111.417,111.422,111.406,111.417,151540000,1
1501095180000,1501095239000,111.416,111.437,111.415,111.424,174700000,1
1501095240000,1501095299000,111.425,111.425,111.404,111.406,144800000,1
1501095300000,1501095359000,111.408,111.412,111.379,111.387,146860000,1
1501095360000,1501095419000,111.388,111.413,111.388,111.394,116530000,1
1501095420000,1501095479000,111.394,111.395,111.366,111.381,177660000,1
1501095480000,1501095539000,111.38,111.38,111.33,111.345,231080000,1
1501095540000,1501095599000,111.345,111.357,111.306,111.322,234630000,1
1501095600000,1501095659000,111.323,111.327,111.273,111.276,323950000,1
1501095660000,1501095719000,111.276,111.308,111.216,111.226,454130000,1
1501095720000,1501095779000,111.231,111.284,111.231,111.269,327170000,1
1501095780000,1501095839000,111.268,111.273,111.201,111.22,301750000,1
1501095840000,1501095899000,111.221,111.253,111.211,111.213,218860000,1
1501095900000,1501095959000,111.215,111.217,111.114,111.146,361520000,1
1501095960000,1501096019000,111.142,111.179,111.135,111.176,346830000,1
1501096020000,1501096079000,111.187,111.202,111.17,111.176,441720000,1
1501096080000,1501096139000,111.175,111.197,111.151,111.158,568200000,1
1501096140000,1501096199000,111.157,111.165,111.069,111.09,349660000,1
1501096200000,1501096259000,111.092,111.104,111.06,111.097,333700000,1
1501096260000,1501096319000,111.096,111.128,111.096,111.128,243040000,1
1501096320000,1501096379000,111.126,111.159,111.118,111.154,240760000,1
1501096380000,1501096439000,111.154,111.177,111.154,111.166,213850000,1
1501096440000,1501096499000,111.166,111.166,111.144,111.149,241400000,1
1501096500000,1501096559000,111.149,111.149,111.125,111.14,190210000,1
1501096560000,1501096619000,111.137,111.139,111.113,111.127,137990000,1
1501096620000,1501096679000,111.126,111.179,111.123,111.173,220600000,1
1501096680000,1501096739000,111.173,111.188,111.167,111.188,238770000,1
1501096740000,1501096799000,111.188,111.209,111.171,111.207,230890000,1
1501096800000,1501096859000,111.205,111.246,111.204,111.246,224450000,1
1501096860000,1501096919000,111.245,111.249,111.237,111.244,186280000,1
1501096920000,1501096979000,111.244,111.247,111.213,111.231,206310000,1
1501096980000,1501097039000,111.23,111.243,111.224,111.232,111620000,1
1501097040000,1501097099000,111.232,111.251,111.225,111.235,215750000,1
1501097100000,1501097159000,111.237,111.257,111.225,111.229,275440000,1
1501097160000,1501097219000,111.226,111.233,111.22,111.225,140590000,1
1501097220000,1501097279000,111.226,111.228,111.193,111.228,131810000,1
1501097280000,1501097339000,111.229,111.241,111.189,111.194,403930000,1
1501097340000,1501097399000,111.195,111.195,111.163,111.171,158920000,1
1501097400000,1501097459000,111.168,111.193,111.163,111.188,185810000,1
1501097460000,1501097519000,111.188,111.21,111.188,111.208,142480000,1
1501097520000,1501097579000,111.209,111.239,111.209,111.239,189350000,1
1501097580000,1501097639000,111.237,111.241,111.226,111.237,127650000,1
1501097640000,1501097699000,111.237,111.237,111.214,111.221,160100000,1
1501097700000,1501097759000,111.223,111.232,111.22,111.23,266650000,1
1501097760000,1501097819000,111.232,111.257,111.232,111.242,167830000,1
1501097820000,1501097879000,111.243,111.243,111.218,111.225,114950000,1
1501097880000,1501097939000,111.225,111.23,111.212,111.216,190260000,1
1501097940000,1501097999000,111.219,111.23,111.219,111.226,86410000,1
1501098000000,1501098059000,111.226,111.226,111.215,111.217,106300000,1
1501098060000,1501098119000,111.218,111.219,111.211,111.218,112360000,1
1501098120000,1501098179000,111.218,111.232,111.216,111.22,208460000,1
1501098180000,1501098239000,111.22,111.227,111.212,111.219,166950000,1
1501098240000,1501098299000,111.221,111.227,111.196,111.219,185530000,1
1501098300000,1501098359000,111.216,111.216,111.188,111.189,363330000,1
1501098360000,1501098419000,111.189,111.189,111.146,111.147,121240000,1
1501098420000,1501098479000,111.151,111.176,111.146,111.151,206810000,1
1501098480000,1501098539000,111.156,111.156,111.144,111.146,127770000,1
1501098540000,1501098599000,111.147,111.148,111.13,111.13,177500000,1
1501098600000,1501098659000,111.129,111.15,111.127,111.136,215750000,1
1501098660000,1501098719000,111.136,111.164,111.135,111.148,214770000,1
1501098720000,1501098779000,111.147,111.169,111.146,111.164,199240000,1
1501098780000,1501098839000,111.17,111.2,111.168,111.17,165300000,1
1501098840000,1501098899000,111.17,111.17,111.159,111.165,105640000,1
1501098900000,1501098959000,111.165,111.2,111.165,111.2,298950000,1
1501098960000,1501099019000,111.202,111.208,111.194,111.198,197470000,1
1501099020000,1501099079000,111.198,111.199,111.187,111.193,226060000,1
1501099080000,1501099139000,111.193,111.206,111.191,111.202,182200000,1
1501099140000,1501099199000,111.203,111.228,111.198,111.228,166230000,1
1501099200000,1501099259000,111.226,111.255,111.222,111.247,298300000,1
1501099260000,1501099319000,111.247,111.258,111.244,111.254,111610000,1
1501099320000,1501099379000,111.254,111.254,111.242,111.244,139220000,1
1501099380000,1501099439000,111.244,111.247,111.225,111.225,306230000,1
1501099440000,1501099499000,111.225,111.23,111.224,111.228,46800000,1
1501099500000,1501099559000,111.229,111.239,111.226,111.226,97910000,1
1501099560000,1501099619000,111.228,111.233,111.221,111.231,121260000,1
1501099620000,1501099679000,111.23,111.23,111.22,111.221,81250000,1
1501099680000,1501099739000,111.22,111.223,111.215,111.216,25790000,1
1501099740000,1501099799000,111.217,111.235,111.217,111.231,73140000,1
1501099800000,1501099859000,111.232,111.232,111.168,111.181,146460000,1
1501099860000,1501099919000,111.182,111.188,111.182,111.186,124390000,1
1501099920000,1501099979000,111.187,111.187,111.176,111.177,99440000,1
1501099980000,1501100039000,111.176,111.176,111.17,111.172,68670000,1
1501100040000,1501100099000,111.172,111.175,111.167,111.167,52700000,1
1501100100000,1501100159000,111.168,111.169,111.123,111.14,150740000,1
1501100160000,1501100219000,111.139,111.154,111.139,111.152,60500000,1
1501100220000,1501100279000,111.152,111.155,111.152,111.152,78710000,1
1501100280000,1501100339000,111.153,111.158,111.149,111.149,61900000,1
1501100340000,1501100399000,111.15,111.161,111.15,111.161,19850000,1
1501100400000,1501100459000,111.161,111.188,111.161,111.188,44350000,1
1501100460000,1501100519000,111.188,111.203,111.188,111.198,36770000,1
1501100520000,1501100579000,111.198,111.199,111.198,111.199,11000000,1
1501100580000,1501100639000,111.197,111.213,111.197,111.213,87870000,1
1501100640000,1501100699000,111.213,111.222,111.207,111.222,124200000,1
1501100700000,1501100759000,111.222,111.247,111.222,111.243,99780000,1
1501100760000,1501100819000,111.243,111.244,111.233,111.234,35930000,1
1501100820000,1501100879000,111.237,111.259,111.237,111.254,48750000,1
1501100880000,1501100939000,111.254,111.257,111.246,111.257,66310000,1
1501100940000,1501100999000,111.256,111.256,111.249,111.25,38270000,1
1501101000000,1501101059000,111.25,111.25,111.248,111.249,185150000,1
1501101060000,1501101119000,111.25,111.25,111.25,111.25,15870000,1
1501101120000,1501101179000,111.249,111.254,111.248,111.254,28800000,1
1501101180000,1501101239000,111.254,111.254,111.247,111.247,12560000,1
1501101240000,1501101299000,111.245,111.249,111.245,111.249,38020000,1
1501101300000,1501101359000,111.248,111.262,111.248,111.261,36440000,1
1501101360000,1501101419000,111.262,111.266,111.249,111.25,40780000,1
1501101420000,1501101479000,111.252,111.252,111.225,111.225,126840000,1
1501101480000,1501101539000,111.226,111.231,111.223,111.223,34110000,1
1501101540000,1501101599000,111.222,111.224,111.212,111.215,60090000,1
1501101600000,1501101659000,111.216,111.216,111.201,111.201,121900000,1
1501101660000,1501101719000,111.201,111.201,111.193,111.193,64940000,1
1501101720000,1501101779000,111.193,111.199,111.192,111.199,36220000,1
1501101780000,1501101839000,111.201,111.207,111.201,111.207,99860000,1
1501101840000,1501101899000,111.207,111.219,111.196,111.2,69420000,1
1501101900000,1501101959000,111.199,111.199,111.196,111.198,141940000,1
1501101960000,1501102019000,111.198,111.199,111.196,111.198,204400000,1
1501102020000,1501102079000,111.199,111.201,111.198,111.199,181890000,1
1501102080000,1501102139000,111.199,111.201,111.198,111.2,117510000,1
1501102140000,1501102199000,111.199,111.2,111.196,111.198,54820000,1
1501102200000,1501102259000,111.199,111.211,111.197,111.208,240900000,1
1501102260000,1501102319000,111.21,111.21,111.195,111.195,80820000,1
1501102320000,1501102379000,111.195,111.195,111.162,111.163,86340000,1
1501102380000,1501102439000,111.163,111.164,111.151,111.151,48840000,1
1501102440000,1501102499000,111.15,111.153,111.139,111.14,22470000,1
1501102500000,1501102559000,111.142,111.148,111.132,111.136,117400000,1
1501102560000,1501102619000,111.135,111.151,111.134,111.151,120540000,1
1501102620000,1501102679000,111.15,111.166,111.147,111.161,140290000,1
1501102680000,1501102739000,111.162,111.176,111.16,111.176,268640000,1
1501102740000,1501102799000,111.175,111.177,111.166,111.166,66120000,1
1501102800000,1501102859000,111.166,111.169,111.15,111.168,8990000,1
1501102860000,1501102919000,111.168,111.168,111.168,111.168,750000,1
1501102920000,1501102979000,111.166,111.166,111.166,111.166,3000000,1
1501102980000,1501103039000,111.145,111.145,111.123,111.144,18750000,1
1501103040000,1501103099000,111.136,111.138,111.136,111.138,6000000,1
1501103100000,1501103159000,111.138,111.223,111.138,111.217,257870000,1
1501103160000,1501103219000,111.217,111.217,111.184,111.186,23830000,1
1501103220000,1501103279000,111.187,111.194,111.165,111.172,70000000,1
1501103280000,1501103339000,111.165,111.171,111.161,111.169,31680000,1
1501103340000,1501103399000,111.169,111.175,111.168,111.17,87590000,1
1501103400000,1501103459000,111.17,111.178,111.167,111.176,238370000,1
1501103460000,1501103519000,111.177,111.183,111.175,111.183,197500000,1
1501103520000,1501103579000,111.183,111.192,111.179,111.183,184310000,1
1501103580000,1501103639000,111.183,111.195,111.175,111.195,43250000,1
1501103640000,1501103699000,111.19,111.207,111.18,111.207,98960000,1
1501103700000,1501103759000,111.206,111.213,111.202,111.202,118430000,1
1501103760000,1501103819000,111.2,111.203,111.155,111.166,137990000,1
1501103820000,1501103879000,111.166,111.169,111.136,111.137,173170000,1
1501103880000,1501103939000,111.137,111.139,111.131,111.136,164280000,1
1501103940000,1501103999000,111.136,111.139,111.135,111.138,131970000,1
1501104000000,1501104059000,111.138,111.142,111.137,111.139,85480000,1
1501104060000,1501104119000,111.139,111.139,111.125,111.128,392010000,1
1501104120000,1501104179000,111.128,111.132,111.126,111.129,389770000,1
1501104180000,1501104239000,111.127,111.13,111.115,111.119,159330000,1
1501104240000,1501104299000,111.12,111.121,111.106,111.114,365300000,1
1501104300000,1501104359000,111.114,111.121,111.106,111.117,383450000,1
1501104360000,1501104419000,111.116,111.123,111.103,111.111,302420000,1
1501104420000,1501104479000,111.112,111.116,111.102,111.113,104750000,1
1501104480000,1501104539000,111.112,111.112,111.103,111.11,143130000,1
1501104540000,1501104599000,111.109,111.111,111.101,111.107,98550000,1
1501104600000,1501104659000,111.105,111.111,111.099,111.111,157220000,1
1501104660000,1501104719000,111.111,111.111,111.101,111.102,49950000,1
1501104720000,1501104779000,111.102,111.106,111.102,111.105,40600000,1
1501104780000,1501104839000,111.105,111.107,111.105,111.106,23420000,1
1501104840000,1501104899000,111.106,111.106,111.099,111.099,57970000,1
1501104900000,1501104959000,111.1,111.1,111.098,111.098,56340000,1
1501104960000,1501105019000,111.098,111.1,111.069,111.07,132160000,1
1501105020000,1501105079000,111.072,111.078,111.052,111.062,82420000,1
1501105080000,1501105139000,111.062,111.07,111.062,111.069,53500000,1
1501105140000,1501105199000,111.068,111.072,111.064,111.064,67490000,1
1501105200000,1501105259000,111.062,111.069,111.062,111.069,9280000,1
1501105260000,1501105319000,111.068,111.077,111.068,111.074,107520000,1
1501105320000,1501105379000,111.075,111.112,111.072,111.112,145480000,1
1501105380000,1501105439000,111.112,111.116,111.085,111.098,292910000,1
1501105440000,1501105499000,111.1,111.102,111.08,111.08,212500000,1
1501105500000,1501105559000,111.081,111.088,111.08,111.086,130830000,1
1501105560000,1501105619000,111.087,111.096,111.083,111.086,122940000,1
1501105620000,1501105679000,111.086,111.089,111.086,111.086,60820000,1
1501105680000,1501105739000,111.086,111.09,111.08,111.087,93900000,1
1501105740000,1501105799000,111.087,111.088,111.084,111.084,50980000,1
1501105800000,1501105859000,111.084,111.089,111.084,111.089,34580000,1
1501105860000,1501105919000,111.089,111.091,111.089,111.091,24980000,1
1501105920000,1501105979000,111.091,111.092,111.089,111.092,15000000,1
1501105980000,1501106039000,111.092,111.094,111.092,111.094,26700000,1
1501106040000,1501106099000,111.094,111.094,111.091,111.094,18240000,1
1501106100000,1501106159000,111.094,111.107,111.092,111.107,67680000,1
1501106160000,1501106219000,111.108,111.113,111.104,111.11,71370000,1
1501106220000,1501106279000,111.111,111.123,111.111,111.123,55820000,1
1501106280000,1501106339000,111.122,111.127,111.116,111.123,50700000,1
1501106340000,1501106399000,111.124,111.124,111.117,111.123,40020000,1
1501106400000,1501106459000,111.123,111.142,111.113,111.132,166200000,1
1501106460000,1501106519000,111.132,111.154,111.132,111.154,53950000,1
1501106520000,1501106579000,111.154,111.155,111.142,111.15,55620000,1
1501106580000,1501106639000,111.15,111.153,111.137,111.137,56330000,1
1501106640000,1501106699000,111.137,111.146,111.134,111.146,55200000,1
1501106700000,1501106759000,111.145,111.146,111.137,111.141,37610000,1
1501106760000,1501106819000,111.142,111.145,111.138,111.138,51510000,1
1501106820000,1501106879000,111.138,111.149,111.136,111.149,59380000,1
1501106880000,1501106939000,111.149,111.153,111.147,111.149,24250000,1
1501106940000,1501106999000,111.149,111.164,111.149,111.162,40050000,1
1501107000000,1501107059000,111.161,111.166,111.158,111.162,45560000,1
1501107060000,1501107119000,111.162,111.17,111.162,111.163,50330000,1
1501107120000,1501107179000,111.162,111.175,111.162,111.174,96130000,1
1501107180000,1501107239000,111.173,111.177,111.17,111.175,108640000,1
1501107240000,1501107299000,111.173,111.178,111.172,111.173,73690000,1
1501107300000,1501107359000,111.17,111.174,111.169,111.17,94040000,1
1501107360000,1501107419000,111.169,111.171,111.166,111.166,202350000,1
1501107420000,1501107479000,111.166,111.169,111.162,111.164,92610000,1
1501107480000,1501107539000,111.164,111.169,111.158,111.161,88870000,1
1501107540000,1501107599000,111.162,111.162,111.156,111.156,87670000,1
1501107600000,1501107659000,111.158,111.159,111.155,111.158,88920000,1
1501107660000,1501107719000,111.159,111.159,111.146,111.146,156600000,1
1501107720000,1501107779000,111.148,111.15,111.146,111.146,24180000,1
1501107780000,1501107839000,111.146,111.146,111.146,111.146,8110000,1
1501107840000,1501107899000,111.149,111.15,111.148,111.149,9500000,1
1501107900000,1501107959000,111.148,111.149,111.131,111.131,74440000,1
1501107960000,1501108019000,111.132,111.139,111.131,111.139,17190000,1
1501108020000,1501108079000,111.138,111.139,111.138,111.139,7820000,1
1501108080000,1501108139000,111.137,111.152,111.137,111.15,33640000,1
1501108140000,1501108199000,111.152,111.162,111.152,111.162,14320000,1
1501108200000,1501108259000,111.162,111.165,111.159,111.164,25700000,1
1501108260000,1501108319000,111.163,111.165,111.163,111.165,8870000,1
1501108320000,1501108379000,111.164,111.164,111.164,111.164,3870000,1
1501108380000,1501108439000,111.164,111.167,111.163,111.167,5810000,1
1501108440000,1501108499000,111.168,111.184,111.168,111.178,31240000,1
1501108500000,1501108559000,111.178,111.178,111.166,111.166,63070000,1
1501108560000,1501108619000,111.168,111.171,111.168,111.169,37090000,1
1501108620000,1501108679000,111.173,111.179,111.17,111.174,32540000,1
1501108680000,1501108739000,111.173,111.174,111.169,111.169,15110000,1
1501108740000,1501108799000,111.168,111.171,111.168,111.171,6000000,1
1501108800000,1501108859000,111.168,111.18,111.168,111.177,21900000,1
1501108860000,1501108919000,111.178,111.179,111.175,111.175,22440000,1
1501108920000,1501108979000,111.175,111.175,111.16,111.16,49270000,1
1501108980000,1501109039000,111.162,111.162,111.126,111.142,57570000,1
1501109040000,1501109099000,111.143,111.145,111.139,111.142,48090000,1
1501109100000,1501109159000,111.143,111.143,111.138,111.139,42140000,1
1501109160000,1501109219000,111.14,111.15,111.14,111.15,39930000,1
1501109220000,1501109279000,111.147,111.169,111.147,111.168,78870000,1
1501109280000,1501109339000,111.167,111.168,111.155,111.155,66220000,1
1501109340000,1501109399000,111.155,111.155,111.128,111.128,123100000,1
1501109400000,1501109459000,111.126,111.141,111.125,111.138,171270000,1
1501109460000,1501109519000,111.139,111.148,111.129,111.129,163160000,1
1501109520000,1501109579000,111.126,111.126,111.095,111.108,122460000,1
1501109580000,1501109639000,111.107,111.108,111.099,111.106,51590000,1
1501109640000,1501109699000,111.104,111.117,111.103,111.116,42240000,1
1501109700000,1501109759000,111.115,111.124,111.114,111.123,45350000,1
1501109760000,1501109819000,111.122,111.122,111.112,111.117,45500000,1
1501109820000,1501109879000,111.117,111.122,111.115,111.116,49470000,1
1501109880000,1501109939000,111.117,111.118,111.111,111.114,75670000,1
1501109940000,1501109999000,111.116,111.122,111.116,111.119,37270000,1
1501110000000,1501110059000,111.12,111.138,111.11,111.136,95610000,1
1501110060000,1501110119000,111.136,111.145,111.124,111.13,123230000,1
1501110120000,1501110179000,111.128,111.152,111.123,111.145,117080000,1
1501110180000,1501110239000,111.145,111.158,111.142,111.158,45690000,1
1501110240000,1501110299000,111.158,111.158,111.146,111.157,84650000,1
1501110300000,1501110359000,111.16,111.166,111.14,111.141,79330000,1
1501110360000,1501110419000,111.142,111.149,111.142,111.146,25690000,1
1501110420000,1501110479000,111.146,111.16,111.146,111.149,28800000,1
1501110480000,1501110539000,111.15,111.166,111.15,111.164,43930000,1
1501110540000,1501110599000,111.163,111.165,111.15,111.157,66860000,1
1501110600000,1501110659000,111.158,111.162,111.153,111.16,30300000,1
1501110660000,1501110719000,111.162,111.162,111.154,111.154,25550000,1
1501110720000,1501110779000,111.154,111.154,111.154,111.154,12750000,1
1501110780000,1501110839000,111.155,111.155,111.154,111.155,17430000,1
1501110840000,1501110899000,111.156,111.157,111.156,111.157,14790000,1
1501110900000,1501110959000,111.157,111.163,111.156,111.159,38850000,1
1501110960000,1501111019000,111.159,111.162,111.159,111.161,44250000,1
1501111020000,1501111079000,111.16,111.165,111.157,111.165,105080000,1
1501111080000,1501111139000,111.165,111.167,111.157,111.167,71830000,1
1501111140000,1501111199000,111.168,111.189,111.168,111.189,90320000,1
1501111200000,1501111259000,111.188,111.192,111.181,111.192,58430000,1
1501111260000,1501111319000,111.193,111.196,111.19,111.196,68050000,1
1501111320000,1501111379000,111.193,111.193,111.19,111.19,17110000,1
1501111380000,1501111439000,111.19,111.19,111.188,111.188,5000000,1
1501111440000,1501111499000,111.186,111.195,111.178,111.192,66450000,1
1501111500000,1501111559000,111.194,111.207,111.193,111.207,65130000,1
1501111560000,1501111619000,111.206,111.209,111.203,111.203,69430000,1
1501111620000,1501111679000,111.204,111.207,111.182,111.182,75070000,1
1501111680000,1501111739000,111.181,111.187,111.175,111.181,86550000,1
1501111740000,1501111799000,111.181,111.181,111.172,111.172,48520000,1
1501111800000,1501111859000,111.171,111.187,111.16,111.183,119880000,1
1501111860000,1501111919000,111.182,111.183,111.181,111.183,35100000,1
1501111920000,1501111979000,111.183,111.192,111.183,111.192,31030000,1
1501111980000,1501112039000,111.192,111.192,111.189,111.192,34800000,1
1501112040000,1501112099000,111.191,111.217,111.191,111.21,95160000,1
1501112100000,1501112159000,111.209,111.216,111.2,111.2,84740000,1
1501112160000,1501112219000,111.2,111.2,111.192,111.193,10520000,1
1501112220000,1501112279000,111.192,111.193,111.191,111.191,17550000,1
1501112280000,1501112339000,111.188,111.194,111.181,111.194,104600000,1
1501112340000,1501112399000,111.195,111.195,111.188,111.188,105620000,1
1501112400000,1501112459000,111.188,111.195,111.188,111.191,50350000,1
1501112460000,1501112519000,111.19,111.195,111.179,111.184,84080000,1
1501112520000,1501112579000,111.184,111.193,111.184,111.192,29130000,1
1501112580000,1501112639000,111.192,111.197,111.182,111.191,43030000,1
1501112640000,1501112699000,111.189,111.2,111.189,111.195,100860000,1
1501112700000,1501112759000,111.193,111.204,111.177,111.196,309660000,1
1501112760000,1501112819000,111.197,111.206,111.191,111.194,101990000,1
1501112820000,1501112879000,111.195,111.207,111.193,111.204,80440000,1
1501112880000,1501112939000,111.204,111.215,111.199,111.2,128000000,1
1501112940000,1501112999000,111.2,111.217,111.184,111.199,139480000,1
1501113000000,1501113059000,111.199,111.207,111.188,111.198,92420000,1
1501113060000,1501113119000,111.198,111.198,111.184,111.195,44920000,1
1501113120000,1501113179000,111.196,111.196,111.193,111.193,33550000,1
1501113180000,1501113239000,111.192,111.193,111.186,111.186,76770000,1
1501113240000,1501113299000,111.188,111.188,111.165,111.166,95860000,1
1501113300000,1501113359000,111.166,111.169,111.161,111.168,74670000,1
1501113360000,1501113419000,111.167,111.168,111.158,111.158,57490000,1
1501113420000,1501113479000,111.158,111.158,111.137,111.137,142080000,1
1501113480000,1501113539000,111.137,111.138,111.129,111.138,131950000,1
1501113540000,1501113599000,111.138,111.158,111.138,111.157,135200000,1
1501113600000,1501113659000,111.156,111.196,111.127,111.151,270980000,1
1501113660000,1501113719000,111.151,111.151,111.095,111.099,283120000,1
1501113720000,1501113779000,111.099,111.121,111.098,111.117,235900000,1
1501113780000,1501113839000,111.116,111.121,111.103,111.105,1013920000,1
1501113840000,1501113899000,111.105,111.106,111.074,111.079,188270000,1
1501113900000,1501113959000,111.078,111.095,111.078,111.093,155870000,1
1501113960000,1501114019000,111.092,111.092,111.066,111.087,175440000,1
1501114020000,1501114079000,111.086,111.092,111.077,111.085,126530000,1
1501114080000,1501114139000,111.087,111.088,111.083,111.088,68520000,1
1501114140000,1501114199000,111.087,111.096,111.052,111.085,281690000,1
1501114200000,1501114259000,111.085,111.088,111.062,111.072,197790000,1
1501114260000,1501114319000,111.073,111.073,111.033,111.054,235360000,1
1501114320000,1501114379000,111.053,111.055,111.03,111.035,203140000,1
1501114380000,1501114439000,111.036,111.041,111.021,111.039,103820000,1
1501114440000,1501114499000,111.039,111.052,111.037,111.051,106290000,1
1501114500000,1501114559000,111.052,111.052,111.024,111.032,138300000,1
1501114560000,1501114619000,111.033,111.038,111.018,111.031,216560000,1
1501114620000,1501114679000,111.03,111.037,111.018,111.022,176630000,1
1501114680000,1501114739000,111.021,111.026,110.991,111.003,158840000,1
1501114740000,1501114799000,111.003,111.027,110.999,111.017,363410000,1
1501114800000,1501114859000,111.017,111.017,111.002,111.015,81660000,1
1501114860000,1501114919000,111.016,111.025,111.016,111.023,125060000,1
1501114920000,1501114979000,111.024,111.037,111.022,111.029,246980000,1
1501114980000,1501115039000,111.029,111.03,110.965,110.975,292710000,1
1501115040000,1501115099000,110.975,110.986,110.938,110.955,365150000,1
1501115100000,1501115159000,110.961,110.965,110.941,110.952,239710000,1
1501115160000,1501115219000,110.954,110.956,110.927,110.945,190170000,1
1501115220000,1501115279000,110.947,110.992,110.945,110.989,196820000,1
1501115280000,1501115339000,110.987,111.004,110.97,110.97,311300000,1
1501115340000,1501115399000,110.968,110.985,110.966,110.985,96090000,1
1501115400000,1501115459000,110.984,111.001,110.963,110.97,223040000,1
1501115460000,1501115519000,110.971,110.992,110.97,110.974,124530000,1
1501115520000,1501115579000,110.972,110.986,110.971,110.98,107840000,1
1501115580000,1501115639000,110.98,110.98,110.951,110.974,155240000,1
1501115640000,1501115699000,110.975,110.995,110.96,110.985,119250000,1
1501115700000,1501115759000,110.986,110.99,110.957,110.962,126180000,1
1501115760000,1501115819000,110.964,110.964,110.928,110.942,230870000,1
1501115820000,1501115879000,110.942,110.952,110.94,110.951,192530000,1
1501115880000,1501115939000,110.95,110.974,110.95,110.953,179490000,1
1501115940000,1501115999000,110.953,110.964,110.942,110.954,234330000,1
1501116000000,1501116059000,110.954,110.975,110.954,110.973,244790000,1
1501116060000,1501116119000,110.974,111.018,110.974,111.017,333150000,1
1501116120000,1501116179000,111.018,111.022,111.002,111.002,212900000,1
1501116180000,1501116239000,111.002,111.017,110.996,111.011,109130000,1
1501116240000,1501116299000,111.01,111.01,111.009,111.009,13100000,1
1501116300000,1501116359000,111.009,111.017,110.988,110.995,194620000,1
1501116360000,1501116419000,110.995,111.041,110.99,111.036,224640000,1
1501116420000,1501116479000,111.038,111.06,111.033,111.054,190520000,1
1501116480000,1501116539000,111.054,111.058,111.039,111.041,122610000,1
1501116540000,1501116599000,111.039,111.042,111.012,111.02,204660000,1
1501116600000,1501116659000,111.019,111.022,111.006,111.012,202320000,1
1501116660000,1501116719000,111.011,111.015,110.967,110.98,307980000,1
1501116720000,1501116779000,110.981,111.025,110.98,111.025,228100000,1
1501116780000,1501116839000,111.025,111.025,110.93,110.939,329290000,1
1501116840000,1501116899000,110.934,110.946,110.9,110.914,386780000,1
1501116900000,1501116959000,110.91,110.966,110.908,110.948,274780000,1
1501116960000,1501117019000,110.948,110.953,110.917,110.929,226050000,1
1501117020000,1501117079000,110.929,110.968,110.929,110.968,215350000,1
1501117080000,1501117139000,110.968,110.992,110.967,110.988,191950000,1
1501117140000,1501117199000,110.988,110.999,110.983,110.993,117270000,1
1501117200000,1501117259000,110.993,110.993,110.97,110.976,137520000,1
1501117260000,1501117319000,110.976,110.987,110.964,110.974,216670000,1
1501117320000,1501117379000,110.975,111.018,110.975,111.017,224880000,1
1501117380000,1501117439000,111.016,111.055,111.016,111.028,144470000,1
1501117440000,1501117499000,111.028,111.03,111.022,111.028,121280000,1
1501117500000,1501117559000,111.028,111.047,111.028,111.033,136550000,1
1501117560000,1501117619000,111.033,111.046,111.031,111.04,84850000,1
1501117620000,1501117679000,111.039,111.066,111.038,111.064,194050000,1
1501117680000,1501117739000,111.065,111.079,111.063,111.074,192980000,1
1501117740000,1501117799000,111.076,111.087,111.065,111.066,215450000,1
1501117800000,1501117859000,111.066,111.072,111.055,111.066,192170000,1
1501117860000,1501117919000,111.066,111.068,111.055,111.066,190760000,1
1501117920000,1501117979000,111.065,111.066,111.051,111.059,165380000,1
1501117980000,1501118039000,111.06,111.07,111.051,111.053,176530000,1
1501118040000,1501118099000,111.054,111.069,111.054,111.06,123320000,1
1501118100000,1501118159000,111.06,111.068,111.017,111.037,201460000,1
1501118160000,1501118219000,111.036,111.055,111.019,111.038,215260000,1
1501118220000,1501118279000,111.039,111.044,111.033,111.038,99500000,1
1501118280000,1501118339000,111.04,111.044,111.031,111.041,173310000,1
1501118340000,1501118399000,111.042,111.062,111.04,111.062,122560000,1
1501118400000,1501118459000,111.063,111.07,111.047,111.056,144620000,1
1501118460000,1501118519000,111.057,111.058,111.047,111.047,145240000,1
1501118520000,1501118579000,111.047,111.053,111.032,111.036,82930000,1
1501118580000,1501118639000,111.037,111.045,111.026,111.027,81270000,1
1501118640000,1501118699000,111.026,111.031,111.003,111.013,178750000,1
1501118700000,1501118759000,111.013,111.037,111.006,111.035,153730000,1
1501118760000,1501118819000,111.033,111.033,111.019,111.031,104980000,1
1501118820000,1501118879000,111.031,111.033,111.019,111.021,66240000,1
1501118880000,1501118939000,111.022,111.033,111.019,111.032,55830000,1
1501118940000,1501118999000,111.031,111.036,111.018,111.019,108010000,1
1501119000000,1501119059000,111.019,111.022,110.988,110.994,133240000,1
1501119060000,1501119119000,110.993,111.008,110.992,111.006,141220000,1
1501119120000,1501119179000,111.005,111.014,111.001,111.009,109620000,1
1501119180000,1501119239000,111.008,111.014,111.008,111.013,125800000,1
1501119240000,1501119299000,111.011,111.022,111.011,111.013,89130000,1
1501119300000,1501119359000,111.013,111.015,111.012,111.013,54230000,1
1501119360000,1501119419000,111.012,111.012,110.982,110.985,117540000,1
1501119420000,1501119479000,110.985,110.991,110.955,110.968,163630000,1
1501119480000,1501119539000,110.966,110.973,110.953,110.966,147900000,1
1501119540000,1501119599000,110.965,110.968,110.958,110.961,113210000,1
1501119600000,1501119659000,110.961,110.985,110.961,110.981,179410000,1
1501119660000,1501119719000,110.981,110.997,110.977,110.996,146470000,1
1501119720000,1501119779000,110.997,111.027,110.997,111.025,123570000,1
1501119780000,1501119839000,111.024,111.026,111.001,111.003,108630000,1
1501119840000,1501119899000,111.002,111.013,111.001,111.008,84620000,1
1501119900000,1501119959000,111.008,111.009,110.998,110.999,90250000,1
1501119960000,1501120019000,111.0,111.003,110.995,110.995,67700000,1
1501120020000,1501120079000,110.996,111.001,110.989,110.994,84130000,1
1501120080000,1501120139000,110.994,111.009,110.989,110.999,147040000,1
1501120140000,1501120199000,111.0,111.001,110.952,110.959,191760000,1
1501120200000,1501120259000,110.96,110.961,110.939,110.946,110960000,1
1501120260000,1501120319000,110.947,110.947,110.933,110.947,129680000,1
1501120320000,1501120379000,110.948,110.953,110.945,110.947,105120000,1
1501120380000,1501120439000,110.947,110.974,110.947,110.968,241400000,1
1501120440000,1501120499000,110.969,110.97,110.927,110.94,111980000,1
1501120500000,1501120559000,110.941,110.945,110.937,110.937,122660000,1
1501120560000,1501120619000,110.937,110.941,110.902,110.911,117960000,1
1501120620000,1501120679000,110.911,110.913,110.885,110.9,203390000,1
1501120680000,1501120739000,110.9,110.927,110.875,110.927,219960000,1
1501120740000,1501120799000,110.93,110.935,110.921,110.926,126710000,1
1501120800000,1501120859000,110.925,110.928,110.898,110.918,151800000,1
1501120860000,1501120919000,110.918,110.933,110.908,110.925,157000000,1
1501120920000,1501120979000,110.926,110.95,110.926,110.943,116510000,1
1501120980000,1501121039000,110.943,110.947,110.929,110.929,55570000,1
1501121040000,1501121099000,110.931,110.931,110.914,110.917,72750000,1
1501121100000,1501121159000,110.917,110.918,110.897,110.905,111490000,1
1501121160000,1501121219000,110.907,110.916,110.905,110.905,153140000,1
1501121220000,1501121279000,110.905,110.917,110.903,110.914,176520000,1
1501121280000,1501121339000,110.914,110.94,110.912,110.933,106590000,1
1501121340000,1501121399000,110.935,110.948,110.927,110.93,140210000,1
1501121400000,1501121459000,110.93,110.931,110.914,110.919,126330000,1
1501121460000,1501121519000,110.919,110.934,110.912,110.923,229250000,1
1501121520000,1501121579000,110.923,110.926,110.909,110.911,121970000,1
1501121580000,1501121639000,110.912,110.922,110.903,110.92,161100000,1
1501121640000,1501121699000,110.92,110.94,110.92,110.926,245860000,1
1501121700000,1501121759000,110.925,110.935,110.923,110.934,166220000,1
1501121760000,1501121819000,110.934,110.948,110.925,110.94,124610000,1
1501121820000,1501121879000,110.941,110.951,110.935,110.95,112560000,1
1501121880000,1501121939000,110.95,110.95,110.932,110.934,140820000,1
1501121940000,1501121999000,110.934,110.936,110.926,110.935,91110000,1
1501122000000,1501122059000,110.934,110.942,110.933,110.937,115600000,1
1501122060000,1501122119000,110.936,110.936,110.928,110.934,81460000,1
1501122120000,1501122179000,110.934,110.943,110.934,110.941,78710000,1
1501122180000,1501122239000,110.941,110.942,110.938,110.941,69160000,1
1501122240000,1501122299000,110.941,110.951,110.926,110.948,100590000,1
1501122300000,1501122359000,110.947,110.949,110.939,110.943,140350000,1
1501122360000,1501122419000,110.942,110.951,110.942,110.95,120170000,1
1501122420000,1501122479000,110.949,110.955,110.947,110.947,133400000,1
1501122480000,1501122539000,110.947,110.963,110.946,110.963,387410000,1
1501122540000,1501122599000,110.965,110.977,110.961,110.969,253550000,1
1501122600000,1501122659000,110.97,110.975,110.956,110.967,168530000,1
1501122660000,1501122719000,110.967,110.971,110.955,110.958,151400000,1
1501122720000,1501122779000,110.959,110.964,110.956,110.958,100490000,1
1501122780000,1501122839000,110.958,110.959,110.955,110.957,74890000,1
1501122840000,1501122899000,110.957,110.962,110.954,110.954,36680000,1
1501122900000,1501122959000,110.954,110.955,110.946,110.951,67390000,1
1501122960000,1501123019000,110.951,110.952,110.937,110.942,137510000,1
1501123020000,1501123079000,110.942,110.952,110.94,110.945,110740000,1
1501123080000,1501123139000,110.946,110.955,110.946,110.954,32780000,1
1501123140000,1501123199000,110.955,110.956,110.954,110.955,82870000,1
1501123200000,1501123259000,110.955,110.96,110.95,110.96,215750000,1
1501123260000,1501123319000,110.961,110.961,110.952,110.953,49160000,1
1501123320000,1501123379000,110.953,110.955,110.945,110.945,73340000,1
1501123380000,1501123439000,110.945,110.945,110.932,110.939,59050000,1
1501123440000,1501123499000,110.94,110.942,110.911,110.915,126140000,1
1501123500000,1501123559000,110.916,110.921,110.911,110.921,53480000,1
1501123560000,1501123619000,110.921,110.926,110.92,110.924,55940000,1
1501123620000,1501123679000,110.923,110.927,110.921,110.922,82090000,1
1501123680000,1501123739000,110.922,110.93,110.921,110.93,50570000,1
1501123740000,1501123799000,110.928,110.934,110.911,110.914,127280000,1
1501123800000,1501123859000,110.913,110.931,110.912,110.919,153720000,1
1501123860000,1501123919000,110.919,110.919,110.896,110.907,151910000,1
1501123920000,1501123979000,110.906,110.916,110.896,110.896,118440000,1
1501123980000,1501124039000,110.895,110.904,110.891,110.903,125710000,1
1501124040000,1501124099000,110.902,110.908,110.891,110.896,173280000,1
1501124100000,1501124159000,110.895,110.903,110.885,110.891,95540000,1
1501124160000,1501124219000,110.893,110.896,110.885,110.888,65470000,1
1501124220000,1501124279000,110.887,110.89,110.873,110.878,134880000,1
1501124280000,1501124339000,110.878,110.884,110.875,110.878,96110000,1
1501124340000,1501124399000,110.878,110.882,110.875,110.881,128750000,1
1501124400000,1501124459000,110.882,110.888,110.877,110.888,233310000,1
1501124460000,1501124519000,110.888,110.905,110.887,110.89,175120000,1
1501124520000,1501124579000,110.888,110.9,110.885,110.885,168090000,1
1501124580000,1501124639000,110.885,110.891,110.882,110.885,126300000,1
1501124640000,1501124699000,110.885,110.893,110.885,110.891,69030000,1
1501124700000,1501124759000,110.89,110.904,110.89,110.9,234440000,1
1501124760000,1501124819000,110.9,110.906,110.898,110.903,105700000,1
1501124820000,1501124879000,110.903,110.906,110.899,110.902,49750000,1
1501124880000,1501124939000,110.903,110.905,110.902,110.905,32650000,1
1501124940000,1501124999000,110.904,110.904,110.886,110.886,64520000,1
1501125000000,1501125059000,110.887,110.888,110.884,110.886,64180000,1
1501125060000,1501125119000,110.886,110.887,110.884,110.884,35540000,1
1501125120000,1501125179000,110.883,110.887,110.881,110.887,81050000,1
1501125180000,1501125239000,110.888,110.899,110.888,110.899,27190000,1
1501125240000,1501125299000,110.9,110.907,110.9,110.906,60200000,1
1501125300000,1501125359000,110.907,110.924,110.907,110.924,86530000,1
1501125360000,1501125419000,110.923,110.925,110.917,110.924,71900000,1
1501125420000,1501125479000,110.921,110.922,110.917,110.922,98660000,1
1501125480000,1501125539000,110.921,110.922,110.908,110.91,66050000,1
1501125540000,1501125599000,110.911,110.917,110.91,110.912,98030000,1
1501125600000,1501125659000,110.913,110.913,110.912,110.913,19040000,1
1501125660000,1501125719000,110.912,110.913,110.911,110.912,26350000,1
1501125720000,1501125779000,110.911,110.912,110.904,110.904,24090000,1
1501125780000,1501125839000,110.905,110.905,110.898,110.899,31760000,1
1501125840000,1501125899000,110.898,110.902,110.895,110.9,75550000,1
1501125900000,1501125959000,110.899,110.901,110.894,110.899,68320000,1
1501125960000,1501126019000,110.9,110.901,110.899,110.901,23520000,1
1501126020000,1501126079000,110.901,110.903,110.899,110.903,56280000,1
1501126080000,1501126139000,110.903,110.918,110.903,110.917,69430000,1
1501126140000,1501126199000,110.916,110.917,110.915,110.917,11490000,1
1501126200000,1501126259000,110.915,110.916,110.875,110.881,118520000,1
1501126260000,1501126319000,110.88,110.88,110.858,110.863,123700000,1
1501126320000,1501126379000,110.864,110.867,110.848,110.864,108320000,1
1501126380000,1501126439000,110.862,110.867,110.854,110.863,200320000,1
1501126440000,1501126499000,110.864,110.865,110.852,110.852,183940000,1
1501126500000,1501126559000,110.852,110.859,110.846,110.858,86460000,1
1501126560000,1501126619000,110.857,110.863,110.799,110.817,217270000,1
1501126620000,1501126679000,110.816,110.832,110.797,110.823,350310000,1
1501126680000,1501126739000,110.822,110.822,110.795,110.796,311460000,1
1501126740000,1501126799000,110.796,110.807,110.787,110.796,215720000,1
1501126800000,1501126859000,110.796,110.799,110.781,110.797,196250000,1
1501126860000,1501126919000,110.798,110.824,110.798,110.809,320820000,1
1501126920000,1501126979000,110.81,110.822,110.807,110.818,128970000,1
1501126980000,1501127039000,110.818,110.828,110.817,110.818,147040000,1
1501127040000,1501127099000,110.82,110.82,110.808,110.808,170840000,1
1501127100000,1501127159000,110.81,110.824,110.808,110.817,148350000,1
1501127160000,1501127219000,110.816,110.825,110.816,110.823,151760000,1
1501127220000,1501127279000,110.822,110.823,110.816,110.817,86390000,1
1501127280000,1501127339000,110.817,110.824,110.809,110.821,114090000,1
1501127340000,1501127399000,110.82,110.861,110.814,110.86,106790000,1
1501127400000,1501127459000,110.859,110.867,110.852,110.859,185470000,1
1501127460000,1501127519000,110.859,110.859,110.843,110.844,156780000,1
1501127520000,1501127579000,110.843,110.843,110.83,110.834,102550000,1
1501127580000,1501127639000,110.833,110.843,110.833,110.842,99930000,1
1501127640000,1501127699000,110.842,110.843,110.823,110.824,88130000,1
1501127700000,1501127759000,110.822,110.849,110.817,110.842,72450000,1
1501127760000,1501127819000,110.844,110.856,110.843,110.856,53330000,1
1501127820000,1501127879000,110.855,110.869,110.849,110.869,116540000,1
1501127880000,1501127939000,110.868,110.869,110.855,110.86,89240000,1
1501127940000,1501127999000,110.86,110.914,110.857,110.894,291590000,1
1501128000000,1501128059000,110.892,110.892,110.863,110.87,148050000,1
1501128060000,1501128119000,110.868,110.875,110.854,110.875,88820000,1
1501128120000,1501128179000,110.876,110.887,110.873,110.882,104220000,1
1501128180000,1501128239000,110.879,110.913,110.872,110.912,157330000,1
1501128240000,1501128299000,110.912,110.916,110.9,110.902,112780000,1
1501128300000,1501128359000,110.903,110.917,110.903,110.909,82070000,1
1501128360000,1501128419000,110.908,110.91,110.905,110.907,102520000,1
1501128420000,1501128479000,110.908,110.914,110.894,110.895,174240000,1
1501128480000,1501128539000,110.896,110.898,110.883,110.883,91510000,1
1501128540000,1501128599000,110.884,110.893,110.884,110.892,98300000,1
1501128600000,1501128659000,110.891,110.893,110.888,110.892,86340000,1
1501128660000,1501128719000,110.891,110.892,110.885,110.886,149320000,1
1501128720000,1501128779000,110.885,110.889,110.883,110.884,160710000,1
1501128780000,1501128839000,110.885,110.892,110.883,110.887,123250000,1
1501128840000,1501128899000,110.887,110.894,110.887,110.89,51870000,1
1501128900000,1501128959000,110.891,110.898,110.888,110.894,66210000,1
1501128960000,1501129019000,110.894,110.9,110.891,110.9,50700000,1
1501129020000,1501129079000,110.901,110.901,110.874,110.874,85120000,1
1501129080000,1501129139000,110.874,110.875,110.87,110.874,53950000,1
1501129140000,1501129199000,110.873,110.876,110.862,110.864,80790000,1
1501129200000,1501129259000,110.865,110.869,110.861,110.868,95120000,1
1501129260000,1501129319000,110.867,110.871,110.861,110.87,67010000,1
1501129320000,1501129379000,110.871,110.875,110.869,110.869,69630000,1
1501129380000,1501129439000,110.87,110.901,110.864,110.895,89280000,1
1501129440000,1501129499000,110.895,110.895,110.879,110.893,92680000,1
1501129500000,1501129559000,110.892,110.895,110.89,110.895,45710000,1
1501129560000,1501129619000,110.895,110.906,110.892,110.893,91950000,1
1501129620000,1501129679000,110.893,110.904,110.89,110.901,68620000,1
1501129680000,1501129739000,110.9,110.9,110.874,110.887,133710000,1
1501129740000,1501129799000,110.887,110.894,110.873,110.875,156790000,1
1501129800000,1501129859000,110.874,110.906,110.874,110.9,189500000,1
1501129860000,1501129919000,110.902,110.907,110.901,110.901,133630000,1
1501129920000,1501129979000,110.904,110.913,110.904,110.911,112540000,1
1501129980000,1501130039000,110.91,110.917,110.906,110.913,166580000,1
1501130040000,1501130099000,110.914,110.918,110.911,110.918,4601760000,1
1501130100000,1501130159000,110.917,110.92,110.911,110.92,47480000,1
1501130160000,1501130219000,110.922,110.924,110.914,110.915,66740000,1
1501130220000,1501130279000,110.915,110.926,110.915,110.926,68040000,1
1501130280000,1501130339000,110.926,110.938,110.902,110.938,138620000,1
1501130340000,1501130399000,110.935,110.939,110.927,110.932,203050000,1
1501130400000,1501130459000,110.932,110.936,110.925,110.933,112660000,1
1501130460000,1501130519000,110.934,110.943,110.927,110.931,207600000,1
1501130520000,1501130579000,110.931,110.934,110.923,110.933,185970000,1
1501130580000,1501130639000,110.932,110.932,110.926,110.928,77720000,1
1501130640000,1501130699000,110.931,110.98,110.931,110.978,328590000,1
1501130700000,1501130759000,110.978,110.978,110.947,110.947,174410000,1
1501130760000,1501130819000,110.949,110.982,110.949,110.976,158830000,1
1501130820000,1501130879000,110.977,111.004,110.975,110.997,211310000,1
1501130880000,1501130939000,110.997,111.009,110.995,110.998,179490000,1
1501130940000,1501130999000,110.997,110.998,110.985,110.987,144460000,1
1501131000000,1501131059000,110.986,111.022,110.985,111.018,178810000,1
1501131060000,1501131119000,111.018,111.035,111.003,111.035,261040000,1
1501131120000,1501131179000,111.034,111.049,111.028,111.045,335260000,1
1501131180000,1501131239000,111.044,111.055,111.031,111.032,186750000,1
1501131240000,1501131299000,111.033,111.045,111.018,111.025,161580000,1
1501131300000,1501131359000,111.024,111.028,111.012,111.013,134580000,1
1501131360000,1501131419000,111.014,111.026,111.007,111.026,112250000,1
1501131420000,1501131479000,111.027,111.027,111.016,111.022,113420000,1
1501131480000,1501131539000,111.022,111.026,111.015,111.025,83090000,1
1501131540000,1501131599000,111.024,111.027,111.009,111.01,83980000,1
1501131600000,1501131659000,111.011,111.014,111.008,111.008,148530000,1
1501131660000,1501131719000,111.009,111.013,111.001,111.001,243210000,1
1501131720000,1501131779000,111.001,111.023,111.001,111.017,225010000,1
1501131780000,1501131839000,111.02,111.043,111.02,111.034,179060000,1
1501131840000,1501131899000,111.033,111.035,111.026,111.028,95950000,1
1501131900000,1501131959000,111.027,111.046,111.027,111.045,105310000,1
1501131960000,1501132019000,111.046,111.064,111.039,111.055,199550000,1
1501132020000,1501132079000,111.054,111.087,111.049,111.082,155980000,1
1501132080000,1501132139000,111.082,111.082,111.068,111.071,158240000,1
1501132140000,1501132199000,111.07,111.076,111.057,111.057,120370000,1
1501132200000,1501132259000,111.058,111.063,111.053,111.053,87460000,1
1501132260000,1501132319000,111.052,111.058,111.052,111.056,130700000,1
1501132320000,1501132379000,111.056,111.061,111.055,111.058,81110000,1
1501132380000,1501132439000,111.058,111.087,111.056,111.078,117280000,1
1501132440000,1501132499000,111.078,111.082,111.07,111.076,129000000,1
1501132500000,1501132559000,111.075,111.084,111.07,111.084,183630000,1
1501132560000,1501132619000,111.084,111.084,111.058,111.059,237920000,1
1501132620000,1501132679000,111.061,111.07,111.061,111.069,35000000,1
1501132680000,1501132739000,111.07,111.07,111.049,111.049,128500000,1
1501132740000,1501132799000,111.049,111.05,111.026,111.038,135800000,1
1501132800000,1501132859000,111.037,111.037,111.031,111.031,47520000,1
1501132860000,1501132919000,111.031,111.04,111.03,111.04,56040000,1
1501132920000,1501132979000,111.039,111.039,111.028,111.031,112240000,1
1501132980000,1501133039000,111.031,111.048,111.031,111.043,75270000,1
1501133040000,1501133099000,111.042,111.045,111.038,111.04,43640000,1
1501133100000,1501133159000,111.039,111.04,111.033,111.035,33170000,1
1501133160000,1501133219000,111.034,111.034,111.026,111.026,66440000,1
1501133220000,1501133279000,111.026,111.026,111.006,111.006,90830000,1
1501133280000,1501133339000,111.005,111.022,111.005,111.017,82060000,1
1501133340000,1501133399000,111.017,111.019,111.012,111.014,60300000,1
1501133400000,1501133459000,111.013,111.014,111.003,111.006,90500000,1
1501133460000,1501133519000,111.008,111.008,111.001,111.001,60280000,1
1501133520000,1501133579000,111.0,111.001,110.969,110.976,229920000,1
1501133580000,1501133639000,110.978,110.995,110.978,110.995,115570000,1
1501133640000,1501133699000,110.995,111.003,110.991,110.998,72060000,1
1501133700000,1501133759000,110.999,111.0,110.987,110.988,182930000,1
1501133760000,1501133819000,110.989,110.995,110.988,110.993,99230000,1
1501133820000,1501133879000,110.994,110.995,110.973,110.98,155160000,1
1501133880000,1501133939000,110.979,110.985,110.96,110.972,186750000,1
1501133940000,1501133999000,110.971,110.976,110.971,110.972,87310000,1
1501134000000,1501134059000,110.975,110.976,110.949,110.954,85170000,1
1501134060000,1501134119000,110.954,110.97,110.952,110.964,123710000,1
1501134120000,1501134179000,110.964,110.968,110.956,110.964,146510000,1
1501134180000,1501134239000,110.963,110.969,110.959,110.959,55670000,1
1501134240000,1501134299000,110.957,110.991,110.955,110.982,191380000,1
1501134300000,1501134359000,110.982,110.982,110.955,110.961,190200000,1
1501134360000,1501134419000,110.961,110.963,110.951,110.955,224570000,1
1501134420000,1501134479000,110.955,110.97,110.955,110.968,172800000,1
1501134480000,1501134539000,110.968,110.97,110.957,110.961,145730000,1
1501134540000,1501134599000,110.959,110.969,110.959,110.969,97720000,1
1501134600000,1501134659000,110.968,110.968,110.954,110.962,117410000,1
1501134660000,1501134719000,110.962,110.98,110.958,110.978,98930000,1
1501134720000,1501134779000,110.978,110.99,110.978,110.99,143350000,1
1501134780000,1501134839000,110.991,110.995,110.989,110.991,44720000,1
1501134840000,1501134899000,110.99,111.002,110.976,110.977,96850000,1
1501134900000,1501134959000,110.978,111.02,110.978,111.012,293010000,1
1501134960000,1501135019000,111.013,111.026,111.012,111.02,133160000,1
1501135020000,1501135079000,111.02,111.029,111.014,111.028,120740000,1
1501135080000,1501135139000,111.028,111.029,111.018,111.018,86010000,1
1501135140000,1501135199000,111.019,111.042,111.015,111.035,157480000,1
1501135200000,1501135259000,111.034,111.042,111.007,111.036,136510000,1
1501135260000,1501135319000,111.036,111.036,111.017,111.023,122040000,1
1501135320000,1501135379000,111.022,111.033,110.975,110.978,184880000,1
1501135380000,1501135439000,110.977,110.977,110.939,110.952,249230000,1
1501135440000,1501135499000,110.951,110.976,110.951,110.976,176120000,1
1501135500000,1501135559000,110.977,111.007,110.977,111.004,218860000,1
1501135560000,1501135619000,111.005,111.041,111.005,111.038,222110000,1
1501135620000,1501135679000,111.037,111.07,111.037,111.067,263780000,1
1501135680000,1501135739000,111.069,111.072,111.051,111.057,187580000,1
1501135740000,1501135799000,111.058,111.059,111.038,111.043,132000000,1
1501135800000,1501135859000,111.04,111.04,111.019,111.032,133170000,1
1501135860000,1501135919000,111.03,111.038,111.026,111.037,118000000,1
1501135920000,1501135979000,111.035,111.035,110.996,111.006,157320000,1
1501135980000,1501136039000,111.006,111.026,111.006,111.026,107410000,1
1501136040000,1501136099000,111.026,111.041,111.025,111.032,141270000,1
1501136100000,1501136159000,111.033,111.075,111.028,111.074,172020000,1
1501136160000,1501136219000,111.073,111.082,111.06,111.062,335910000,1
1501136220000,1501136279000,111.061,111.075,111.05,111.075,155020000,1
1501136280000,1501136339000,111.075,111.083,111.06,111.079,319310000,1
1501136340000,1501136399000,111.079,111.129,111.076,111.111,179220000,1
1501136400000,1501136459000,111.112,111.151,111.108,111.141,256450000,1
1501136460000,1501136519000,111.138,111.142,111.124,111.133,276870000,1
1501136520000,1501136579000,111.134,111.138,111.119,111.135,222410000,1
1501136580000,1501136639000,111.139,111.147,111.116,111.124,173620000,1
1501136640000,1501136699000,111.124,111.135,111.123,111.13,151970000,1
1501136700000,1501136759000,111.129,111.136,111.117,111.12,122420000,1
1501136760000,1501136819000,111.12,111.123,111.107,111.121,133310000,1
1501136820000,1501136879000,111.12,111.125,111.097,111.098,164250000,1
1501136880000,1501136939000,111.098,111.112,111.077,111.077,204370000,1
1501136940000,1501136999000,111.078,111.096,111.07,111.092,195750000,1
1501137000000,1501137059000,111.093,111.116,111.093,111.116,147500000,1
1501137060000,1501137119000,111.116,111.123,111.11,111.116,266430000,1
1501137120000,1501137179000,111.117,111.147,111.113,111.139,349470000,1
1501137180000,1501137239000,111.138,111.138,111.118,111.122,168210000,1
1501137240000,1501137299000,111.122,111.126,111.093,111.122,190310000,1
1501137300000,1501137359000,111.123,111.134,111.12,111.123,162300000,1
1501137360000,1501137419000,111.123,111.131,111.109,111.112,128140000,1
1501137420000,1501137479000,111.111,111.114,111.075,111.08,221900000,1
1501137480000,1501137539000,111.081,111.096,111.071,111.089,203670000,1
1501137540000,1501137599000,111.089,111.094,111.071,111.08,153380000,1
1501137600000,1501137659000,111.079,111.094,111.066,111.069,144670000,1
1501137660000,1501137719000,111.07,111.076,111.057,111.058,182050000,1
1501137720000,1501137779000,111.058,111.075,111.058,111.069,169890000,1
1501137780000,1501137839000,111.069,111.082,111.069,111.081,125650000,1
1501137840000,1501137899000,111.08,111.081,111.067,111.076,201870000,1
1501137900000,1501137959000,111.078,111.085,111.07,111.085,115880000,1
1501137960000,1501138019000,111.084,111.119,111.084,111.115,173710000,1
1501138020000,1501138079000,111.115,111.115,111.1,111.105,140040000,1
1501138080000,1501138139000,111.105,111.113,111.081,111.113,201180000,1
1501138140000,1501138199000,111.111,111.111,111.075,111.079,172370000,1
1501138200000,1501138259000,111.079,111.106,111.078,111.088,171800000,1
1501138260000,1501138319000,111.089,111.089,111.068,111.073,178880000,1
1501138320000,1501138379000,111.073,111.084,111.07,111.082,112670000,1
1501138380000,1501138439000,111.083,111.134,111.083,111.123,168700000,1
1501138440000,1501138499000,111.123,111.123,111.083,111.083,198230000,1
1501138500000,1501138559000,111.085,111.091,111.069,111.074,172900000,1
1501138560000,1501138619000,111.074,111.106,111.074,111.102,125890000,1
1501138620000,1501138679000,111.102,111.102,111.084,111.088,64120000,1
1501138680000,1501138739000,111.089,111.102,111.074,111.1,210310000,1
1501138740000,1501138799000,111.1,111.116,111.096,111.101,177370000,1
1501138800000,1501138859000,111.102,111.134,111.092,111.12,315260000,1
1501138860000,1501138919000,111.118,111.129,111.101,111.108,253870000,1
1501138920000,1501138979000,111.109,111.123,111.102,111.115,195330000,1
1501138980000,1501139039000,111.119,111.151,111.114,111.142,204800000,1
1501139040000,1501139099000,111.141,111.196,111.139,111.181,267520000,1
1501139100000,1501139159000,111.184,111.184,111.163,111.165,196630000,1
1501139160000,1501139219000,111.168,111.171,111.145,111.151,212450000,1
1501139220000,1501139279000,111.15,111.187,111.15,111.176,292600000,1
1501139280000,1501139339000,111.176,111.187,111.171,111.18,177870000,1
1501139340000,1501139399000,111.181,111.197,111.18,111.189,320800000,1
1501139400000,1501139459000,111.188,111.201,111.176,111.178,252940000,1
1501139460000,1501139519000,111.178,111.181,111.145,111.163,227740000,1
1501139520000,1501139579000,111.164,111.194,111.159,111.188,180720000,1
1501139580000,1501139639000,111.186,111.194,111.178,111.188,115040000,1
1501139640000,1501139699000,111.188,111.194,111.183,111.187,169420000,1
1501139700000,1501139759000,111.188,111.227,111.187,111.215,211340000,1
1501139760000,1501139819000,111.215,111.241,111.213,111.236,284490000,1
1501139820000,1501139879000,111.236,111.244,111.224,111.243,206110000,1
1501139880000,1501139939000,111.244,111.264,111.239,111.25,244000000,1
1501139940000,1501139999000,111.249,111.256,111.223,111.224,281450000,1
1501140000000,1501140059000,111.225,111.234,111.224,111.232,187300000,1
1501140060000,1501140119000,111.232,111.253,111.232,111.237,183400000,1
1501140120000,1501140179000,111.238,111.258,111.238,111.249,199280000,1
1501140180000,1501140239000,111.25,111.263,111.228,111.25,176160000,1
1501140240000,1501140299000,111.25,111.267,111.249,111.249,231270000,1
1501140300000,1501140359000,111.249,111.255,111.236,111.241,189060000,1
1501140360000,1501140419000,111.239,111.263,111.239,111.263,87600000,1
1501140420000,1501140479000,111.261,111.276,111.253,111.254,191990000,1
1501140480000,1501140539000,111.253,111.265,111.23,111.25,212080000,1
1501140540000,1501140599000,111.249,111.254,111.235,111.243,169530000,1
1501140600000,1501140659000,111.242,111.242,111.223,111.23,199390000,1
1501140660000,1501140719000,111.228,111.231,111.204,111.217,211360000,1
1501140720000,1501140779000,111.215,111.215,111.191,111.203,254320000,1
1501140780000,1501140839000,111.202,111.212,111.191,111.196,172080000,1
1501140840000,1501140899000,111.192,111.205,111.186,111.198,207100000,1
1501140900000,1501140959000,111.198,111.218,111.196,111.216,123060000,1
1501140960000,1501141019000,111.216,111.217,111.203,111.207,112390000,1
1501141020000,1501141079000,111.207,111.218,111.193,111.197,180530000,1
1501141080000,1501141139000,111.197,111.202,111.178,111.18,160800000,1
1501141140000,1501141199000,111.181,111.191,111.175,111.177,191640000,1
1501141200000,1501141259000,111.179,111.184,111.173,111.173,165030000,1
1501141260000,1501141319000,111.172,111.186,111.172,111.182,111620000,1
1501141320000,1501141379000,111.183,111.19,111.165,111.166,137220000,1
1501141380000,1501141439000,111.167,111.167,111.148,111.15,193810000,1
1501141440000,1501141499000,111.149,111.167,111.148,111.166,187490000,1
1501141500000,1501141559000,111.165,111.196,111.156,111.191,211670000,1
1501141560000,1501141619000,111.19,111.19,111.167,111.171,143370000,1
1501141620000,1501141679000,111.17,111.171,111.159,111.162,81420000,1
1501141680000,1501141739000,111.162,111.18,111.157,111.173,112450000,1
1501141740000,1501141799000,111.174,111.179,111.168,111.174,92010000,1
1501141800000,1501141859000,111.174,111.174,111.155,111.161,188060000,1
1501141860000,1501141919000,111.162,111.165,111.145,111.164,189870000,1
1501141920000,1501141979000,111.165,111.195,111.163,111.188,120510000,1
1501141980000,1501142039000,111.187,111.191,111.174,111.183,138910000,1
1501142040000,1501142099000,111.182,111.184,111.168,111.171,156160000,1
1501142100000,1501142159000,111.169,111.213,111.169,111.206,195120000,1
1501142160000,1501142219000,111.206,111.213,111.187,111.207,170280000,1
1501142220000,1501142279000,111.208,111.218,111.206,111.211,155050000,1
1501142280000,1501142339000,111.211,111.216,111.206,111.208,81570000,1
1501142340000,1501142399000,111.207,111.207,111.192,111.204,174710000,1
1501142400000,1501142459000,111.208,111.217,111.205,111.211,192650000,1
1501142460000,1501142519000,111.211,111.216,111.197,111.198,106160000,1
1501142520000,1501142579000,111.198,111.198,111.182,111.184,147470000,1
1501142580000,1501142639000,111.185,111.186,111.18,111.182,59470000,1
1501142640000,1501142699000,111.182,111.204,111.18,111.196,97010000,1
1501142700000,1501142759000,111.194,111.194,111.181,111.181,97940000,1
1501142760000,1501142819000,111.182,111.19,111.172,111.187,169090000,1
1501142820000,1501142879000,111.187,111.201,111.187,111.192,113790000,1
1501142880000,1501142939000,111.192,111.195,111.187,111.192,120590000,1
1501142940000,1501142999000,111.191,111.197,111.185,111.186,153080000,1
1501143000000,1501143059000,111.186,111.186,111.169,111.172,182040000,1
1501143060000,1501143119000,111.172,111.197,111.172,111.194,145960000,1
1501143120000,1501143179000,111.194,111.196,111.181,111.186,127500000,1
1501143180000,1501143239000,111.186,111.208,111.186,111.208,212160000,1
1501143240000,1501143299000,111.208,111.258,111.208,111.246,251110000,1
1501143300000,1501143359000,111.246,111.286,111.246,111.28,153280000,1
1501143360000,1501143419000,111.28,111.281,111.273,111.273,121190000,1
1501143420000,1501143479000,111.273,111.283,111.271,111.278,144350000,1
1501143480000,1501143539000,111.279,111.288,111.275,111.278,133350000,1
1501143540000,1501143599000,111.278,111.284,111.271,111.272,172360000,1
1501143600000,1501143659000,111.273,111.33,111.273,111.32,389940000,1
1501143660000,1501143719000,111.32,111.333,111.313,111.314,266570000,1
1501143720000,1501143779000,111.315,111.315,111.285,111.286,284750000,1
1501143780000,1501143839000,111.285,111.291,111.28,111.285,132920000,1
1501143840000,1501143899000,111.285,111.31,111.285,111.293,154610000,1
1501143900000,1501143959000,111.293,111.296,111.286,111.295,123950000,1
1501143960000,1501144019000,111.295,111.305,111.29,111.291,165340000,1
1501144020000,1501144079000,111.293,111.293,111.269,111.273,104310000,1
1501144080000,1501144139000,111.271,111.275,111.259,111.261,101840000,1
1501144140000,1501144199000,111.26,111.266,111.256,111.264,86120000,1
1501144200000,1501144259000,111.264,111.264,111.251,111.254,163680000,1
1501144260000,1501144319000,111.255,111.255,111.246,111.251,196210000,1
1501144320000,1501144379000,111.251,111.269,111.251,111.256,195510000,1
1501144380000,1501144439000,111.256,111.258,111.22,111.22,225070000,1
1501144440000,1501144499000,111.22,111.229,111.21,111.222,160730000,1
1501144500000,1501144559000,111.221,111.222,111.21,111.221,24246080000,1
1501144560000,1501144619000,111.221,111.233,111.21,111.223,129100000,1
1501144620000,1501144679000,111.224,111.231,111.219,111.229,132070000,1
1501144680000,1501144739000,111.228,111.275,111.228,111.273,132190000,1
1501144740000,1501144799000,111.271,111.271,111.243,111.243,255090000,1
1501144800000,1501144859000,111.243,111.256,111.24,111.252,97890000,1
1501144860000,1501144919000,111.253,111.253,111.235,111.24,134200000,1
1501144920000,1501144979000,111.241,111.242,111.233,111.237,176210000,1
1501144980000,1501145039000,111.238,111.252,111.238,111.252,261010000,1
1501145040000,1501145099000,111.25,111.251,111.241,111.243,193820000,1
1501145100000,1501145159000,111.243,111.26,111.243,111.255,144910000,1
1501145160000,1501145219000,111.255,111.256,111.238,111.238,140600000,1
1501145220000,1501145279000,111.238,111.247,111.238,111.245,99380000,1
1501145280000,1501145339000,111.244,111.245,111.233,111.238,116170000,1
1501145340000,1501145399000,111.238,111.253,111.236,111.252,132510000,1
1501145400000,1501145459000,111.252,111.273,111.245,111.271,159340000,1
1501145460000,1501145519000,111.271,111.271,111.261,111.261,135970000,1
1501145520000,1501145579000,111.263,111.267,111.258,111.259,113510000,1
1501145580000,1501145639000,111.26,111.26,111.245,111.248,97570000,1
1501145640000,1501145699000,111.248,111.264,111.247,111.255,80700000,1
1501145700000,1501145759000,111.254,111.256,111.227,111.228,135600000,1
1501145760000,1501145819000,111.229,111.232,111.217,111.225,149450000,1
1501145820000,1501145879000,111.225,111.239,111.222,111.232,103610000,1
1501145880000,1501145939000,111.233,111.235,111.223,111.226,87350000,1
1501145940000,1501145999000,111.226,111.233,111.216,111.233,141100000,1
1501146000000,1501146059000,111.233,111.235,111.215,111.216,207240000,1
1501146060000,1501146119000,111.215,111.216,111.207,111.207,108280000,1
1501146120000,1501146179000,111.207,111.214,111.204,111.213,186520000,1
1501146180000,1501146239000,111.213,111.22,111.212,111.219,50560000,1
1501146240000,1501146299000,111.22,111.226,111.212,111.212,81010000,1
1501146300000,1501146359000,111.213,111.22,111.213,111.216,90120000,1
1501146360000,1501146419000,111.216,111.22,111.21,111.219,122970000,1
1501146420000,1501146479000,111.218,111.233,111.218,111.226,100050000,1
1501146480000,1501146539000,111.226,111.24,111.223,111.233,105890000,1
1501146540000,1501146599000,111.233,111.256,111.231,111.253,89930000,1
1501146600000,1501146659000,111.252,111.252,111.237,111.239,139120000,1
1501146660000,1501146719000,111.24,111.258,111.238,111.256,148340000,1
1501146720000,1501146779000,111.256,111.257,111.251,111.253,160700000,1
1501146780000,1501146839000,111.253,111.256,111.249,111.25,93800000,1
1501146840000,1501146899000,111.249,111.267,111.248,111.261,141230000,1
1501146900000,1501146959000,111.26,111.274,111.26,111.272,102570000,1
1501146960000,1501147019000,111.273,111.273,111.261,111.262,78380000,1
1501147020000,1501147079000,111.263,111.265,111.245,111.254,221460000,1
1501147080000,1501147139000,111.254,111.271,111.254,111.269,88060000,1
1501147140000,1501147199000,111.269,111.279,111.255,111.265,136290000,1
1501147200000,1501147259000,111.265,111.27,111.262,111.268,109330000,1
1501147260000,1501147319000,111.267,111.287,111.267,111.283,143720000,1
1501147320000,1501147379000,111.283,111.298,111.282,111.292,128480000,1
1501147380000,1501147439000,111.293,111.293,111.265,111.266,154860000,1
1501147440000,1501147499000,111.266,111.285,111.264,111.278,222210000,1
1501147500000,1501147559000,111.279,111.296,111.278,111.29,173710000,1
1501147560000,1501147619000,111.289,111.291,111.278,111.283,126700000,1
1501147620000,1501147679000,111.282,111.286,111.275,111.278,111380000,1
1501147680000,1501147739000,111.276,111.281,111.27,111.277,173490000,1
1501147740000,1501147799000,111.277,111.283,111.276,111.278,143900000,1
1501147800000,1501147859000,111.281,111.281,111.27,111.28,128250000,1
1501147860000,1501147919000,111.28,111.291,111.243,111.287,251640000,1
1501147920000,1501147979000,111.289,111.291,111.28,111.28,155200000,1
1501147980000,1501148039000,111.281,111.286,111.281,111.281,182960000,1
1501148040000,1501148099000,111.281,111.282,111.262,111.268,109460000,1
1501148100000,1501148159000,111.269,111.301,111.268,111.301,172060000,1
1501148160000,1501148219000,111.3,111.303,111.275,111.28,251600000,1
1501148220000,1501148279000,111.281,111.293,111.278,111.286,258980000,1
1501148280000,1501148339000,111.287,111.296,111.27,111.276,177100000,1
1501148340000,1501148399000,111.277,111.283,111.256,111.257,248300000,1
1501148400000,1501148459000,111.256,111.282,111.256,111.273,202750000,1
1501148460000,1501148519000,111.272,111.282,111.27,111.279,161430000,1
1501148520000,1501148579000,111.278,111.278,111.27,111.27,62820000,1
1501148580000,1501148639000,111.274,111.276,111.271,111.272,106740000,1
1501148640000,1501148699000,111.274,111.292,111.274,111.284,118450000,1
1501148700000,1501148759000,111.285,111.299,111.281,111.297,95850000,1
1501148760000,1501148819000,111.297,111.308,111.293,111.296,121870000,1
1501148820000,1501148879000,111.295,111.295,111.278,111.283,171420000,1
1501148880000,1501148939000,111.284,111.289,111.283,111.289,140190000,1
1501148940000,1501148999000,111.289,111.301,111.288,111.29,140440000,1
1501149000000,1501149059000,111.29,111.301,111.286,111.296,143210000,1
1501149060000,1501149119000,111.296,111.316,111.294,111.307,124570000,1
1501149120000,1501149179000,111.307,111.314,111.3,111.307,156180000,1
1501149180000,1501149239000,111.308,111.317,111.307,111.313,132060000,1
1501149240000,1501149299000,111.313,111.333,111.307,111.324,157450000,1
1501149300000,1501149359000,111.324,111.327,111.312,111.318,212260000,1
1501149360000,1501149419000,111.317,111.386,111.314,111.385,301110000,1
1501149420000,1501149479000,111.386,111.411,111.38,111.398,286600000,1
1501149480000,1501149539000,111.398,111.399,111.386,111.387,172580000,1
1501149540000,1501149599000,111.388,111.4,111.388,111.399,107340000,1
1501149600000,1501149659000,111.404,111.437,111.404,111.416,160160000,1
1501149660000,1501149719000,111.416,111.431,111.409,111.431,202170000,1
1501149720000,1501149779000,111.43,111.43,111.399,111.4,178660000,1
1501149780000,1501149839000,111.399,111.4,111.377,111.383,161560000,1
1501149840000,1501149899000,111.382,111.388,111.374,111.374,139720000,1
1501149900000,1501149959000,111.373,111.38,111.362,111.371,131900000,1
1501149960000,1501150019000,111.37,111.383,111.368,111.383,147900000,1
1501150020000,1501150079000,111.385,111.385,111.373,111.376,84440000,1
1501150080000,1501150139000,111.375,111.378,111.356,111.361,140010000,1
1501150140000,1501150199000,111.361,111.368,111.355,111.364,169600000,1
1501150200000,1501150259000,111.362,111.381,111.362,111.375,105350000,1
1501150260000,1501150319000,111.373,111.387,111.369,111.382,105840000,1
1501150320000,1501150379000,111.381,111.389,111.38,111.387,145400000,1
1501150380000,1501150439000,111.386,111.392,111.373,111.38,202530000,1
1501150440000,1501150499000,111.38,111.397,111.379,111.393,168710000,1
1501150500000,1501150559000,111.392,111.402,111.376,111.376,201440000,1
1501150560000,1501150619000,111.376,111.396,111.376,111.39,105340000,1
1501150620000,1501150679000,111.392,111.402,111.388,111.393,172370000,1
1501150680000,1501150739000,111.393,111.41,111.387,111.391,232920000,1
1501150740000,1501150799000,111.39,111.411,111.39,111.407,165370000,1
1501150800000,1501150859000,111.407,111.414,111.393,111.403,161160000,1
1501150860000,1501150919000,111.403,111.417,111.398,111.409,150110000,1
1501150920000,1501150979000,111.41,111.415,111.381,111.386,187410000,1
1501150980000,1501151039000,111.386,111.39,111.367,111.379,194100000,1
1501151040000,1501151099000,111.378,111.394,111.377,111.392,104430000,1
1501151100000,1501151159000,111.393,111.393,111.373,111.375,178790000,1
1501151160000,1501151219000,111.376,111.377,111.367,111.367,167570000,1
1501151220000,1501151279000,111.367,111.367,111.346,111.349,187500000,1
1501151280000,1501151339000,111.349,111.355,111.343,111.348,122840000,1
1501151340000,1501151399000,111.348,111.353,111.342,111.352,74610000,1
1501151400000,1501151459000,111.352,111.355,111.342,111.342,153280000,1
1501151460000,1501151519000,111.344,111.348,111.34,111.347,141370000,1
1501151520000,1501151579000,111.348,111.359,111.347,111.359,174330000,1
1501151580000,1501151639000,111.357,111.362,111.348,111.356,218550000,1
1501151640000,1501151699000,111.355,111.366,111.35,111.364,106900000,1
1501151700000,1501151759000,111.364,111.367,111.36,111.367,193160000,1
1501151760000,1501151819000,111.372,111.386,111.372,111.385,111380000,1
1501151820000,1501151879000,111.386,111.391,111.374,111.375,65980000,1
1501151880000,1501151939000,111.374,111.374,111.349,111.353,115890000,1
1501151940000,1501151999000,111.353,111.386,111.353,111.374,135940000,1
1501152000000,1501152059000,111.374,111.376,111.342,111.344,166790000,1
1501152060000,1501152119000,111.344,111.355,111.336,111.35,186320000,1
1501152120000,1501152179000,111.351,111.362,111.35,111.35,81650000,1
1501152180000,1501152239000,111.351,111.356,111.343,111.346,87810000,1
1501152240000,1501152299000,111.346,111.351,111.341,111.348,196200000,1
1501152300000,1501152359000,111.347,111.355,111.335,111.335,121080000,1
1501152360000,1501152419000,111.335,111.34,111.317,111.338,121680000,1
1501152420000,1501152479000,111.337,111.342,111.333,111.339,126950000,1
1501152480000,1501152539000,111.339,111.343,111.337,111.339,113590000,1
1501152540000,1501152599000,111.338,111.354,111.337,111.354,93210000,1
1501152600000,1501152659000,111.353,111.353,111.328,111.331,76060000,1
1501152660000,1501152719000,111.331,111.341,111.331,111.338,117030000,1
1501152720000,1501152779000,111.338,111.341,111.336,111.336,65610000,1
1501152780000,1501152839000,111.336,111.344,111.335,111.341,84150000,1
1501152840000,1501152899000,111.34,111.348,111.336,111.343,74330000,1
1501152900000,1501152959000,111.344,111.347,111.335,111.335,88060000,1
1501152960000,1501153019000,111.334,111.335,111.323,111.33,159780000,1
1501153020000,1501153079000,111.331,111.331,111.317,111.322,74170000,1
1501153080000,1501153139000,111.323,111.338,111.322,111.336,167170000,1
1501153140000,1501153199000,111.336,111.352,111.336,111.35,161960000,1
1501153200000,1501153259000,111.35,111.374,111.35,111.364,137610000,1
1501153260000,1501153319000,111.363,111.386,111.363,111.371,153470000,1
1501153320000,1501153379000,111.371,111.394,111.367,111.378,147820000,1
1501153380000,1501153439000,111.38,111.38,111.345,111.345,134770000,1
1501153440000,1501153499000,111.346,111.355,111.318,111.318,148890000,1
1501153500000,1501153559000,111.318,111.325,111.313,111.314,148280000,1
1501153560000,1501153619000,111.316,111.32,111.305,111.305,121840000,1
1501153620000,1501153679000,111.304,111.305,111.282,111.286,130140000,1
1501153680000,1501153739000,111.286,111.291,111.273,111.283,175410000,1
1501153740000,1501153799000,111.285,111.301,111.285,111.293,105880000,1
1501153800000,1501153859000,111.291,111.307,111.282,111.282,169570000,1
1501153860000,1501153919000,111.282,111.304,111.282,111.286,166430000,1
1501153920000,1501153979000,111.287,111.291,111.28,111.291,181650000,1
1501153980000,1501154039000,111.292,111.304,111.29,111.298,159460000,1
1501154040000,1501154099000,111.298,111.315,111.298,111.313,150760000,1
1501154100000,1501154159000,111.312,111.313,111.303,111.311,97010000,1
1501154160000,1501154219000,111.31,111.315,111.295,111.298,167610000,1
1501154220000,1501154279000,111.299,111.319,111.299,111.313,124650000,1
1501154280000,1501154339000,111.313,111.319,111.31,111.313,117670000,1
1501154340000,1501154399000,111.312,111.323,111.307,111.308,113580000,1
1501154400000,1501154459000,111.307,111.308,111.297,111.307,147100000,1
1501154460000,1501154519000,111.307,111.325,111.302,111.325,170310000,1
1501154520000,1501154579000,111.323,111.326,111.309,111.314,120580000,1
1501154580000,1501154639000,111.314,111.315,111.309,111.313,108920000,1
1501154640000,1501154699000,111.313,111.317,111.313,111.317,63270000,1
1501154700000,1501154759000,111.316,111.32,111.298,111.311,101760000,1
1501154760000,1501154819000,111.313,111.326,111.313,111.325,86680000,1
1501154820000,1501154879000,111.325,111.326,111.317,111.318,132010000,1
1501154880000,1501154939000,111.318,111.338,111.318,111.334,175890000,1
1501154940000,1501154999000,111.336,111.346,111.332,111.339,152850000,1
1501155000000,1501155059000,111.339,111.359,111.339,111.353,100680000,1
1501155060000,1501155119000,111.351,111.352,111.328,111.333,152840000,1
1501155120000,1501155179000,111.332,111.378,111.332,111.361,155570000,1
1501155180000,1501155239000,111.354,111.381,111.352,111.374,126080000,1
1501155240000,1501155299000,111.374,111.387,111.368,111.37,137840000,1
1501155300000,1501155359000,111.369,111.376,111.348,111.357,96130000,1
1501155360000,1501155419000,111.357,111.365,111.35,111.361,133190000,1
1501155420000,1501155479000,111.361,111.363,111.355,111.355,155790000,1
1501155480000,1501155539000,111.355,111.375,111.351,111.375,133130000,1
1501155540000,1501155599000,111.375,111.388,111.374,111.382,186060000,1
1501155600000,1501155659000,111.382,111.386,111.369,111.375,76680000,1
1501155660000,1501155719000,111.375,111.382,111.367,111.373,213350000,1
1501155720000,1501155779000,111.373,111.378,111.371,111.372,221610000,1
1501155780000,1501155839000,111.372,111.383,111.366,111.38,101230000,1
1501155840000,1501155899000,111.379,111.431,111.379,111.411,224520000,1
1501155900000,1501155959000,111.413,111.452,111.404,111.437,243830000,1
1501155960000,1501156019000,111.437,111.448,111.415,111.428,232540000,1
1501156020000,1501156079000,111.428,111.429,111.404,111.416,201400000,1
1501156080000,1501156139000,111.416,111.436,111.416,111.433,187180000,1
1501156140000,1501156199000,111.435,111.437,111.425,111.434,174350000,1
1501156200000,1501156259000,111.435,111.438,111.411,111.413,166450000,1
1501156260000,1501156319000,111.413,111.427,111.41,111.414,165250000,1
1501156320000,1501156379000,111.414,111.422,111.39,111.393,153610000,1
1501156380000,1501156439000,111.393,111.398,111.382,111.391,136600000,1
1501156440000,1501156499000,111.391,111.407,111.388,111.39,127850000,1
1501156500000,1501156559000,111.39,111.409,111.386,111.404,99760000,1
1501156560000,1501156619000,111.405,111.421,111.397,111.403,185640000,1
1501156620000,1501156679000,111.403,111.41,111.401,111.403,163840000,1
1501156680000,1501156739000,111.406,111.428,111.405,111.419,219790000,1
1501156740000,1501156799000,111.42,111.424,111.409,111.416,141260000,1
1501156800000,1501156859000,111.416,111.424,111.407,111.418,95930000,1
1501156860000,1501156919000,111.417,111.444,111.405,111.405,267450000,1
1501156920000,1501156979000,111.403,111.404,111.386,111.393,178180000,1
1501156980000,1501157039000,111.394,111.411,111.391,111.41,146600000,1
1501157040000,1501157099000,111.408,111.41,111.394,111.404,136430000,1
1501157100000,1501157159000,111.404,111.418,111.404,111.416,112420000,1
1501157160000,1501157219000,111.419,111.419,111.387,111.392,144690000,1
1501157220000,1501157279000,111.392,111.404,111.391,111.398,158470000,1
1501157280000,1501157339000,111.398,111.398,111.381,111.383,139610000,1
1501157340000,1501157399000,111.382,111.396,111.38,111.393,61850000,1
1501157400000,1501157459000,111.393,111.396,111.385,111.393,93410000,1
1501157460000,1501157519000,111.392,111.414,111.391,111.407,136700000,1
1501157520000,1501157579000,111.409,111.414,111.406,111.411,60480000,1
1501157580000,1501157639000,111.412,111.424,111.406,111.413,117550000,1
1501157640000,1501157699000,111.415,111.436,111.415,111.436,178410000,1
1501157700000,1501157759000,111.436,111.451,111.43,111.43,166240000,1
1501157760000,1501157819000,111.431,111.434,111.418,111.418,116910000,1
1501157820000,1501157879000,111.419,111.433,111.405,111.433,103320000,1
1501157880000,1501157939000,111.433,111.448,111.416,111.418,219970000,1
1501157940000,1501157999000,111.418,111.424,111.407,111.408,142770000,1
1501158000000,1501158059000,111.409,111.418,111.402,111.406,118620000,1
1501158060000,1501158119000,111.406,111.406,111.389,111.394,142420000,1
1501158120000,1501158179000,111.394,111.396,111.373,111.385,190950000,1
1501158180000,1501158239000,111.383,111.392,111.369,111.376,123390000,1
1501158240000,1501158299000,111.375,111.378,111.358,111.358,105890000,1
1501158300000,1501158359000,111.358,111.365,111.344,111.347,177750000,1
1501158360000,1501158419000,111.347,111.367,111.347,111.359,119850000,1
1501158420000,1501158479000,111.358,111.359,111.327,111.344,71270000,1
1501158480000,1501158539000,111.344,111.355,111.34,111.342,150550000,1
1501158540000,1501158599000,111.345,111.345,111.321,111.322,209000000,1
1501158600000,1501158659000,111.337,111.438,111.334,111.354,393170000,1
1501158660000,1501158719000,111.355,111.375,111.351,111.375,191100000,1
1501158720000,1501158779000,111.375,111.407,111.355,111.407,188600000,1
1501158780000,1501158839000,111.408,111.477,111.403,111.47,340270000,1
1501158840000,1501158899000,111.47,111.47,111.449,111.45,214490000,1
1501158900000,1501158959000,111.45,111.456,111.406,111.42,206800000,1
1501158960000,1501159019000,111.422,111.425,111.4,111.406,156520000,1
1501159020000,1501159079000,111.403,111.418,111.399,111.401,143750000,1
1501159080000,1501159139000,111.4,111.413,111.389,111.41,197190000,1
1501159140000,1501159199000,111.411,111.45,111.371,111.384,320050000,1
1501159200000,1501159259000,111.386,111.405,111.373,111.404,241910000,1
1501159260000,1501159319000,111.405,111.406,111.395,111.405,220950000,1
1501159320000,1501159379000,111.409,111.436,111.406,111.431,208700000,1
1501159380000,1501159439000,111.432,111.433,111.398,111.405,202670000,1
1501159440000,1501159499000,111.404,111.411,111.376,111.385,235880000,1
1501159500000,1501159559000,111.383,111.387,111.364,111.377,186450000,1
1501159560000,1501159619000,111.378,111.411,111.366,111.411,213240000,1
1501159620000,1501159679000,111.413,111.413,111.4,111.41,169800000,1
1501159680000,1501159739000,111.408,111.408,111.388,111.388,111340000,1
1501159740000,1501159799000,111.39,111.402,111.382,111.382,196550000,1
1501159800000,1501159859000,111.383,111.386,111.375,111.381,147260000,1
1501159860000,1501159919000,111.381,111.418,111.381,111.398,191320000,1
1501159920000,1501159979000,111.398,111.412,111.386,111.397,198800000,1
1501159980000,1501160039000,111.397,111.405,111.392,111.393,146980000,1
1501160040000,1501160099000,111.393,111.418,111.392,111.4,160350000,1
1501160100000,1501160159000,111.4,111.412,111.4,111.412,102870000,1
1501160160000,1501160219000,111.419,111.449,111.419,111.438,124970000,1
1501160220000,1501160279000,111.438,111.441,111.414,111.425,214000000,1
1501160280000,1501160339000,111.426,111.442,111.406,111.413,207280000,1
1501160340000,1501160399000,111.414,111.446,111.414,111.437,176730000,1
1501160400000,1501160459000,111.439,111.444,111.414,111.424,197640000,1
1501160460000,1501160519000,111.424,111.442,111.423,111.442,129050000,1
1501160520000,1501160579000,111.442,111.473,111.439,111.471,181090000,1
1501160580000,1501160639000,111.472,111.491,111.455,111.488,287810000,1
1501160640000,1501160699000,111.488,111.488,111.473,111.479,159180000,1
1501160700000,1501160759000,111.479,111.479,111.458,111.47,221410000,1
1501160760000,1501160819000,111.469,111.472,111.451,111.454,130940000,1
1501160820000,1501160879000,111.454,111.47,111.454,111.467,234300000,1
1501160880000,1501160939000,111.466,111.474,111.463,111.468,130500000,1
1501160940000,1501160999000,111.468,111.472,111.459,111.465,186390000,1
1501161000000,1501161059000,111.466,111.49,111.466,111.49,158100000,1
1501161060000,1501161119000,111.489,111.526,111.488,111.526,264420000,1
1501161120000,1501161179000,111.529,111.541,111.51,111.528,271830000,1
1501161180000,1501161239000,111.529,111.531,111.51,111.515,198820000,1
1501161240000,1501161299000,111.514,111.517,111.496,111.504,384200000,1
1501161300000,1501161359000,111.504,111.533,111.504,111.532,105130000,1
1501161360000,1501161419000,111.53,111.536,111.5,111.501,124670000,1
1501161420000,1501161479000,111.502,111.504,111.467,111.471,171890000,1
1501161480000,1501161539000,111.47,111.48,111.454,111.455,217550000,1
1501161540000,1501161599000,111.455,111.503,111.455,111.478,170460000,1
1501161600000,1501161659000,111.478,111.499,111.475,111.496,153140000,1
1501161660000,1501161719000,111.495,111.495,111.475,111.478,164160000,1
1501161720000,1501161779000,111.477,111.518,111.474,111.511,173380000,1
1501161780000,1501161839000,111.511,111.515,111.48,111.481,173470000,1
1501161840000,1501161899000,111.48,111.503,111.472,111.497,194950000,1
1501161900000,1501161959000,111.497,111.524,111.495,111.518,237230000,1
1501161960000,1501162019000,111.519,111.519,111.508,111.513,139510000,1
1501162020000,1501162079000,111.513,111.525,111.51,111.52,136870000,1
1501162080000,1501162139000,111.52,111.532,111.516,111.523,218800000,1
1501162140000,1501162199000,111.522,111.532,111.508,111.515,217810000,1
1501162200000,1501162259000,111.516,111.517,111.5,111.504,291110000,1
1501162260000,1501162319000,111.504,111.509,111.485,111.492,263460000,1
1501162320000,1501162379000,111.492,111.493,111.481,111.485,223450000,1
1501162380000,1501162439000,111.486,111.498,111.455,111.467,244140000,1
1501162440000,1501162499000,111.466,111.477,111.459,111.461,138150000,1
1501162500000,1501162559000,111.46,111.493,111.459,111.473,203800000,1
1501162560000,1501162619000,111.472,111.479,111.457,111.473,194020000,1
1501162620000,1501162679000,111.472,111.475,111.46,111.469,322090000,1
1501162680000,1501162739000,111.467,111.475,111.463,111.475,137710000,1
1501162740000,1501162799000,111.474,111.488,111.46,111.467,132780000,1
1501162800000,1501162859000,111.466,111.485,111.435,111.438,196200000,1
1501162860000,1501162919000,111.44,111.451,111.435,111.444,179170000,1
1501162920000,1501162979000,111.443,111.465,111.441,111.452,207050000,1
1501162980000,1501163039000,111.451,111.461,111.45,111.453,202430000,1
1501163040000,1501163099000,111.453,111.455,111.442,111.446,182260000,1
1501163100000,1501163159000,111.447,111.447,111.435,111.435,253200000,1
1501163160000,1501163219000,111.435,111.439,111.428,111.43,241390000,1
1501163220000,1501163279000,111.431,111.447,111.43,111.443,182640000,1
1501163280000,1501163339000,111.444,111.445,111.424,111.428,178030000,1
1501163340000,1501163399000,111.429,111.442,111.425,111.428,192470000,1
1501163400000,1501163459000,111.428,111.428,111.403,111.413,215200000,1
1501163460000,1501163519000,111.413,111.426,111.412,111.424,208020000,1
1501163520000,1501163579000,111.423,111.423,111.385,111.389,243090000,1
1501163580000,1501163639000,111.388,111.39,111.367,111.367,199050000,1
1501163640000,1501163699000,111.367,111.37,111.335,111.335,216010000,1
1501163700000,1501163759000,111.332,111.341,111.292,111.305,269210000,1
1501163760000,1501163819000,111.305,111.322,111.303,111.315,212130000,1
1501163820000,1501163879000,111.316,111.327,111.304,111.304,137460000,1
1501163880000,1501163939000,111.305,111.323,111.278,111.295,239400000,1
1501163940000,1501163999000,111.296,111.302,111.276,111.291,250790000,1
1501164000000,1501164059000,111.29,111.29,111.26,111.272,294800000,1
1501164060000,1501164119000,111.271,111.311,111.271,111.299,215960000,1
1501164120000,1501164179000,111.299,111.302,111.277,111.295,200380000,1
1501164180000,1501164239000,111.296,111.296,111.278,111.291,227160000,1
1501164240000,1501164299000,111.292,111.31,111.28,111.302,182640000,1
1501164300000,1501164359000,111.302,111.307,111.295,111.303,171200000,1
1501164360000,1501164419000,111.303,111.306,111.29,111.298,116750000,1
1501164420000,1501164479000,111.299,111.312,111.296,111.304,160240000,1
1501164480000,1501164539000,111.306,111.347,111.306,111.33,174320000,1
1501164540000,1501164599000,111.329,111.349,111.324,111.343,193280000,1
1501164600000,1501164659000,111.344,111.355,111.334,111.339,216750000,1
1501164660000,1501164719000,111.342,111.348,111.333,111.347,118780000,1
1501164720000,1501164779000,111.347,111.367,111.342,111.35,217090000,1
1501164780000,1501164839000,111.351,111.379,111.351,111.366,194680000,1
1501164840000,1501164899000,111.367,111.374,111.344,111.344,219840000,1
1501164900000,1501164959000,111.347,111.349,111.343,111.348,113380000,1
1501164960000,1501165019000,111.348,111.35,111.332,111.346,180700000,1
1501165020000,1501165079000,111.346,111.35,111.335,111.348,195670000,1
1501165080000,1501165139000,111.348,111.351,111.336,111.337,196590000,1
1501165140000,1501165199000,111.338,111.363,111.338,111.361,96560000,1
1501165200000,1501165259000,111.359,111.375,111.355,111.357,145850000,1
1501165260000,1501165319000,111.357,111.362,111.348,111.349,136960000,1
1501165320000,1501165379000,111.349,111.371,111.345,111.368,200060000,1
1501165380000,1501165439000,111.369,111.402,111.369,111.398,173390000,1
1501165440000,1501165499000,111.399,111.437,111.395,111.41,221600000,1
1501165500000,1501165559000,111.41,111.471,111.41,111.461,281380000,1
1501165560000,1501165619000,111.46,111.475,111.449,111.472,254610000,1
1501165620000,1501165679000,111.472,111.477,111.452,111.471,233770000,1
1501165680000,1501165739000,111.47,111.49,111.467,111.486,222750000,1
1501165740000,1501165799000,111.486,111.511,111.485,111.511,187520000,1
1501165800000,1501165859000,111.509,111.535,111.496,111.503,339430000,1
1501165860000,1501165919000,111.501,111.506,111.495,111.502,217670000,1
1501165920000,1501165979000,111.501,111.51,111.483,111.496,266560000,1
1501165980000,1501166039000,111.497,111.513,111.489,111.491,245280000,1
1501166040000,1501166099000,111.49,111.498,111.489,111.493,194820000,1
1501166100000,1501166159000,111.493,111.499,111.485,111.496,171930000,1
1501166160000,1501166219000,111.497,111.519,111.489,111.5,187380000,1
1501166220000,1501166279000,111.499,111.508,111.489,111.501,160210000,1
1501166280000,1501166339000,111.502,111.508,111.489,111.503,107940000,1
1501166340000,1501166399000,111.502,111.508,111.49,111.498,151030000,1
1501166400000,1501166459000,111.497,111.497,111.466,111.495,173530000,1
1501166460000,1501166519000,111.495,111.548,111.486,111.503,230890000,1
1501166520000,1501166579000,111.504,111.593,111.497,111.577,241440000,1
1501166580000,1501166639000,111.577,111.635,111.572,111.612,414840000,1
1501166640000,1501166699000,111.612,111.629,111.595,111.628,280990000,1
1501166700000,1501166759000,111.626,111.64,111.616,111.629,202440000,1
1501166760000,1501166819000,111.631,111.632,111.606,111.611,196080000,1
1501166820000,1501166879000,111.611,111.621,111.599,111.614,142130000,1
1501166880000,1501166939000,111.616,111.628,111.602,111.615,197060000,1
1501166940000,1501166999000,111.616,111.652,111.613,111.651,199820000,1
1501167000000,1501167059000,111.651,111.663,111.638,111.655,288760000,1
1501167060000,1501167119000,111.656,111.669,111.634,111.649,280470000,1
1501167120000,1501167179000,111.65,111.651,111.632,111.646,276480000,1
1501167180000,1501167239000,111.645,111.651,111.613,111.613,261760000,1
1501167240000,1501167299000,111.612,111.627,111.609,111.627,185070000,1
1501167300000,1501167359000,111.626,111.626,111.611,111.625,154760000,1
1501167360000,1501167419000,111.625,111.643,111.621,111.632,234680000,1
1501167420000,1501167479000,111.632,111.647,111.625,111.631,206580000,1
1501167480000,1501167539000,111.626,111.632,111.619,111.63,290270000,1
1501167540000,1501167599000,111.631,111.646,111.588,111.588,385390000,1
1501167600000,1501167659000,111.586,111.616,111.586,111.593,385900000,1
1501167660000,1501167719000,111.591,111.601,111.575,111.583,280570000,1
1501167720000,1501167779000,111.583,111.599,111.574,111.581,200770000,1
1501167780000,1501167839000,111.582,111.59,111.571,111.571,195250000,1
1501167840000,1501167899000,111.573,111.581,111.565,111.565,189460000,1
1501167900000,1501167959000,111.566,111.598,111.566,111.587,237630000,1
1501167960000,1501168019000,111.588,111.596,111.576,111.577,237540000,1
1501168020000,1501168079000,111.576,111.588,111.575,111.581,141710000,1
1501168080000,1501168139000,111.581,111.604,111.578,111.594,262710000,1
1501168140000,1501168199000,111.594,111.599,111.588,111.588,140870000,1
1501168200000,1501168259000,111.588,111.598,111.586,111.586,84570000,1
1501168260000,1501168319000,111.586,111.586,111.541,111.543,256210000,1
1501168320000,1501168379000,111.542,111.552,111.514,111.516,185310000,1
1501168380000,1501168439000,111.516,111.527,111.513,111.515,123830000,1
1501168440000,1501168499000,111.515,111.542,111.514,111.54,199980000,1
1501168500000,1501168559000,111.54,111.575,111.54,111.56,188810000,1
1501168560000,1501168619000,111.56,111.581,111.559,111.578,166750000,1
1501168620000,1501168679000,111.578,111.578,111.564,111.568,138200000,1
1501168680000,1501168739000,111.569,111.579,111.565,111.578,108870000,1
1501168740000,1501168799000,111.578,111.582,111.564,111.57,161910000,1
1501168800000,1501168859000,111.57,111.59,111.564,111.584,120580000,1
1501168860000,1501168919000,111.585,111.585,111.553,111.556,163580000,1
1501168920000,1501168979000,111.555,111.558,111.542,111.553,106030000,1
1501168980000,1501169039000,111.553,111.578,111.552,111.57,112350000,1
1501169040000,1501169099000,111.569,111.569,111.55,111.557,115070000,1
1501169100000,1501169159000,111.558,111.578,111.55,111.577,174720000,1
1501169160000,1501169219000,111.577,111.577,111.55,111.564,111630000,1
1501169220000,1501169279000,111.563,111.583,111.558,111.582,125960000,1
1501169280000,1501169339000,111.58,111.587,111.569,111.586,149080000,1
1501169340000,1501169399000,111.585,111.597,111.558,111.596,182030000,1
1501169400000,1501169459000,111.597,111.614,111.596,111.611,168790000,1
1501169460000,1501169519000,111.611,111.626,111.611,111.614,184970000,1
1501169520000,1501169579000,111.615,111.62,111.599,111.607,168590000,1
1501169580000,1501169639000,111.606,111.606,111.584,111.587,135670000,1
1501169640000,1501169699000,111.586,111.593,111.57,111.587,134280000,1
1501169700000,1501169759000,111.588,111.601,111.579,111.585,140080000,1
1501169760000,1501169819000,111.585,111.59,111.576,111.577,90580000,1
1501169820000,1501169879000,111.577,111.577,111.56,111.564,148850000,1
1501169880000,1501169939000,111.564,111.587,111.563,111.576,135520000,1
1501169940000,1501169999000,111.575,111.577,111.559,111.567,104460000,1
1501170000000,1501170059000,111.568,111.585,111.568,111.585,89790000,1
1501170060000,1501170119000,111.587,111.588,111.586,111.587,35240000,1
1501170120000,1501170179000,111.587,111.619,111.587,111.605,127270000,1
1501170180000,1501170239000,111.605,111.608,111.589,111.589,134550000,1
1501170240000,1501170299000,111.588,111.591,111.581,111.582,102700000,1
1501170300000,1501170359000,111.582,111.59,111.581,111.59,71570000,1
1501170360000,1501170419000,111.589,111.599,111.583,111.585,61630000,1
1501170420000,1501170479000,111.586,111.604,111.586,111.599,89320000,1
1501170480000,1501170539000,111.599,111.614,111.598,111.611,124660000,1
1501170540000,1501170599000,111.611,111.622,111.608,111.609,101790000,1
1501170600000,1501170659000,111.609,111.624,111.592,111.592,126940000,1
1501170660000,1501170719000,111.591,111.613,111.591,111.613,99260000,1
1501170720000,1501170779000,111.614,111.628,111.607,111.612,117450000,1
1501170780000,1501170839000,111.614,111.627,111.614,111.623,77510000,1
1501170840000,1501170899000,111.621,111.645,111.619,111.638,141510000,1
1501170900000,1501170959000,111.639,111.666,111.639,111.658,243780000,1
1501170960000,1501171019000,111.656,111.658,111.641,111.645,111660000,1
1501171020000,1501171079000,111.644,111.652,111.639,111.652,66280000,1
1501171080000,1501171139000,111.651,111.653,111.643,111.644,142300000,1
1501171140000,1501171199000,111.643,111.643,111.626,111.63,117360000,1
1501171200000,1501171259000,111.629,111.629,111.609,111.61,170370000,1
1501171260000,1501171319000,111.607,111.615,111.602,111.609,102260000,1
1501171320000,1501171379000,111.61,111.613,111.593,111.596,150160000,1
1501171380000,1501171439000,111.595,111.6,111.591,111.596,114380000,1
1501171440000,1501171499000,111.597,111.615,111.592,111.601,120500000,1
1501171500000,1501171559000,111.601,111.603,111.596,111.6,105820000,1
1501171560000,1501171619000,111.599,111.618,111.598,111.615,72510000,1
1501171620000,1501171679000,111.615,111.652,111.613,111.652,149350000,1
1501171680000,1501171739000,111.652,111.658,111.645,111.648,193190000,1
1501171740000,1501171799000,111.648,111.648,111.614,111.623,126020000,1
1501171800000,1501171859000,111.624,111.642,111.624,111.638,63630000,1
1501171860000,1501171919000,111.638,111.645,111.633,111.645,61280000,1
1501171920000,1501171979000,111.644,111.646,111.642,111.645,55430000,1
1501171980000,1501172039000,111.644,111.652,111.639,111.652,91330000,1
1501172040000,1501172099000,111.651,111.658,111.647,111.647,45400000,1
1501172100000,1501172159000,111.647,111.685,111.647,111.677,109490000,1
1501172160000,1501172219000,111.677,111.682,111.675,111.676,122880000,1
1501172220000,1501172279000,111.676,111.676,111.666,111.67,107740000,1
1501172280000,1501172339000,111.668,111.682,111.664,111.678,60310000,1
1501172340000,1501172399000,111.678,111.679,111.668,111.668,68280000,1
1501172400000,1501172459000,111.669,111.689,111.669,111.686,50350000,1
1501172460000,1501172519000,111.684,111.696,111.669,111.67,145420000,1
1501172520000,1501172579000,111.67,111.684,111.665,111.678,191840000,1
1501172580000,1501172639000,111.677,111.687,111.675,111.685,96360000,1
1501172640000,1501172699000,111.684,111.686,111.672,111.672,123540000,1
1501172700000,1501172759000,111.671,111.676,111.666,111.669,75240000,1
1501172760000,1501172819000,111.669,111.683,111.669,111.68,104290000,1
1501172820000,1501172879000,111.68,111.684,111.676,111.679,76430000,1
1501172880000,1501172939000,111.679,111.691,111.679,111.69,97800000,1
1501172940000,1501172999000,111.693,111.697,111.689,111.697,93230000,1
1501173000000,1501173059000,111.697,111.711,111.689,111.699,207520000,1
1501173060000,1501173119000,111.699,111.699,111.664,111.67,180020000,1
1501173120000,1501173179000,111.67,111.67,111.647,111.657,181960000,1
1501173180000,1501173239000,111.655,111.66,111.651,111.651,98110000,1
1501173240000,1501173299000,111.651,111.653,111.648,111.649,88730000,1
1501173300000,1501173359000,111.649,111.654,111.627,111.629,111890000,1
1501173360000,1501173419000,111.628,111.63,111.617,111.618,125360000,1
1501173420000,1501173479000,111.619,111.619,111.596,111.596,215020000,1
1501173480000,1501173539000,111.596,111.596,111.582,111.582,122930000,1
1501173540000,1501173599000,111.58,111.581,111.559,111.563,197610000,1
1501173600000,1501173659000,111.564,111.57,111.557,111.558,170340000,1
1501173660000,1501173719000,111.559,111.559,111.405,111.417,582980000,1
1501173720000,1501173779000,111.42,111.462,111.415,111.46,635130000,1
1501173780000,1501173839000,111.46,111.46,111.438,111.451,155940000,1
1501173840000,1501173899000,111.451,111.451,111.408,111.409,154230000,1
1501173900000,1501173959000,111.414,111.44,111.409,111.427,221450000,1
1501173960000,1501174019000,111.429,111.441,111.421,111.44,192700000,1
1501174020000,1501174079000,111.439,111.446,111.423,111.44,159370000,1
1501174080000,1501174139000,111.44,111.444,111.417,111.42,122110000,1
1501174140000,1501174199000,111.419,111.419,111.397,111.403,126870000,1
1501174200000,1501174259000,111.404,111.437,111.404,111.429,117540000,1
1501174260000,1501174319000,111.424,111.443,111.424,111.429,140590000,1
1501174320000,1501174379000,111.429,111.441,111.429,111.433,147890000,1
1501174380000,1501174439000,111.431,111.431,111.404,111.405,169840000,1
1501174440000,1501174499000,111.404,111.423,111.354,111.363,252700000,1
1501174500000,1501174559000,111.365,111.387,111.365,111.368,192930000,1
1501174560000,1501174619000,111.369,111.383,111.361,111.371,196950000,1
1501174620000,1501174679000,111.37,111.37,111.351,111.355,181110000,1
1501174680000,1501174739000,111.355,111.374,111.352,111.358,201010000,1
1501174740000,1501174799000,111.358,111.359,111.31,111.314,182320000,1
1501174800000,1501174859000,111.315,111.321,111.292,111.312,162830000,1
1501174860000,1501174919000,111.31,111.314,111.295,111.309,257960000,1
1501174920000,1501174979000,111.308,111.351,111.308,111.35,237640000,1
1501174980000,1501175039000,111.351,111.37,111.337,111.361,163100000,1
1501175040000,1501175099000,111.362,111.366,111.356,111.362,182030000,1
1501175100000,1501175159000,111.364,111.366,111.337,111.345,275950000,1
1501175160000,1501175219000,111.345,111.345,111.321,111.34,424180000,1
1501175220000,1501175279000,111.341,111.379,111.338,111.373,161680000,1
1501175280000,1501175339000,111.372,111.385,111.352,111.373,241000000,1
1501175340000,1501175399000,111.374,111.378,111.345,111.345,151220000,1
1501175400000,1501175459000,111.348,111.354,111.331,111.341,153290000,1
1501175460000,1501175519000,111.339,111.362,111.326,111.355,130720000,1
1501175520000,1501175579000,111.354,111.36,111.344,111.352,183270000,1
1501175580000,1501175639000,111.353,111.357,111.315,111.322,140980000,1
1501175640000,1501175699000,111.322,111.324,111.295,111.298,181390000,1
1501175700000,1501175759000,111.298,111.3,111.236,111.237,248050000,1
1501175760000,1501175819000,111.239,111.265,111.2,111.215,267230000,1
1501175820000,1501175879000,111.215,111.231,111.201,111.204,189210000,1
1501175880000,1501175939000,111.203,111.21,111.179,111.195,237330000,1
1501175940000,1501175999000,111.191,111.193,111.175,111.182,174770000,1
1501176000000,1501176059000,111.186,111.218,111.186,111.205,207780000,1
1501176060000,1501176119000,111.207,111.212,111.15,111.171,246800000,1
1501176120000,1501176179000,111.171,111.186,111.146,111.158,224990000,1
1501176180000,1501176239000,111.157,111.167,111.131,111.142,266650000,1
1501176240000,1501176299000,111.141,111.146,111.126,111.131,229030000,1
1501176300000,1501176359000,111.131,111.143,111.113,111.141,190460000,1
1501176360000,1501176419000,111.141,111.148,111.11,111.114,256100000,1
1501176420000,1501176479000,111.119,111.121,111.072,111.079,316080000,1
1501176480000,1501176539000,111.077,111.094,111.055,111.084,268220000,1
1501176540000,1501176599000,111.083,111.12,111.082,111.117,174730000,1
1501176600000,1501176659000,111.117,111.117,111.086,111.092,224620000,1
1501176660000,1501176719000,111.09,111.105,111.079,111.104,136650000,1
1501176720000,1501176779000,111.104,111.121,111.086,111.101,185440000,1
1501176780000,1501176839000,111.101,111.102,111.07,111.075,242640000,1
1501176840000,1501176899000,111.076,111.092,111.046,111.059,407680000,1
1501176900000,1501176959000,111.061,111.069,111.045,111.046,329630000,1
1501176960000,1501177019000,111.05,111.05,111.018,111.02,366060000,1
1501177020000,1501177079000,111.019,111.024,110.979,110.992,286090000,1
1501177080000,1501177139000,110.992,111.025,110.966,110.998,341310000,1
1501177140000,1501177199000,110.998,111.023,110.956,110.977,342510000,1
1501177200000,1501177259000,110.976,111.005,110.974,110.991,207630000,1
1501177260000,1501177319000,110.99,111.043,110.99,111.043,309020000,1
1501177320000,1501177379000,111.044,111.064,111.035,111.053,295830000,1
1501177380000,1501177439000,111.053,111.081,111.053,111.078,343920000,1
1501177440000,1501177499000,111.076,111.114,111.073,111.099,267020000,1
1501177500000,1501177559000,111.099,111.115,111.082,111.111,292010000,1
1501177560000,1501177619000,111.111,111.144,111.109,111.128,241540000,1
1501177620000,1501177679000,111.126,111.128,111.098,111.116,247410000,1
1501177680000,1501177739000,111.116,111.156,111.094,111.096,283530000,1
1501177740000,1501177799000,111.097,111.115,111.082,111.113,327940000,1
1501177800000,1501177859000,111.115,111.183,111.114,111.181,280830000,1
1501177860000,1501177919000,111.179,111.179,111.137,111.137,192390000,1
1501177920000,1501177979000,111.139,111.139,111.119,111.123,203590000,1
1501177980000,1501178039000,111.122,111.155,111.107,111.146,177030000,1
1501178040000,1501178099000,111.145,111.147,111.121,111.142,178890000,1
1501178100000,1501178159000,111.143,111.156,111.136,111.149,211410000,1
1501178160000,1501178219000,111.15,111.151,111.111,111.111,145510000,1
1501178220000,1501178279000,111.108,111.145,111.107,111.136,173240000,1
1501178280000,1501178339000,111.135,111.158,111.121,111.122,189560000,1
1501178340000,1501178399000,111.124,111.124,110.993,111.074,378180000,1
1501178400000,1501178459000,111.087,111.152,111.08,111.106,464820000,1
1501178460000,1501178519000,111.103,111.152,111.092,111.152,335840000,1
1501178520000,1501178579000,111.15,111.15,111.125,111.132,239540000,1
1501178580000,1501178639000,111.13,111.136,111.059,111.089,346570000,1
1501178640000,1501178699000,111.088,111.12,111.075,111.111,354750000,1
1501178700000,1501178759000,111.113,111.127,111.099,111.125,221950000,1
1501178760000,1501178819000,111.124,111.152,111.115,111.137,317050000,1
1501178820000,1501178879000,111.138,111.143,111.102,111.121,228410000,1
1501178880000,1501178939000,111.123,111.151,111.118,111.14,171090000,1
1501178940000,1501178999000,111.141,111.145,111.127,111.145,325210000,1
1501179000000,1501179059000,111.148,111.162,111.122,111.138,244190000,1
1501179060000,1501179119000,111.138,111.146,111.128,111.128,125970000,1
1501179120000,1501179179000,111.13,111.138,111.116,111.118,211280000,1
1501179180000,1501179239000,111.118,111.131,111.115,111.129,164200000,1
1501179240000,1501179299000,111.13,111.131,111.108,111.108,176800000,1
1501179300000,1501179359000,111.106,111.128,111.105,111.128,154390000,1
1501179360000,1501179419000,111.128,111.13,111.104,111.11,160650000,1
1501179420000,1501179479000,111.11,111.141,111.104,111.134,199260000,1
1501179480000,1501179539000,111.134,111.134,111.111,111.12,137740000,1
1501179540000,1501179599000,111.117,111.122,111.11,111.116,188850000,1
1501179600000,1501179659000,111.116,111.116,111.097,111.108,200030000,1
1501179660000,1501179719000,111.11,111.134,111.101,111.127,233300000,1
1501179720000,1501179779000,111.125,111.125,111.053,111.059,235850000,1
1501179780000,1501179839000,111.059,111.081,111.056,111.079,173240000,1
1501179840000,1501179899000,111.079,111.083,111.061,111.083,114270000,1
1501179900000,1501179959000,111.086,111.086,111.059,111.084,200860000,1
1501179960000,1501180019000,111.083,111.092,111.079,111.09,134060000,1
1501180020000,1501180079000,111.089,111.09,111.044,111.046,167970000,1
1501180080000,1501180139000,111.046,111.053,111.028,111.029,215370000,1
1501180140000,1501180199000,111.028,111.058,111.028,111.05,133330000,1
1501180200000,1501180259000,111.05,111.057,111.044,111.05,179610000,1
1501180260000,1501180319000,111.049,111.053,111.021,111.033,218320000,1
1501180320000,1501180379000,111.034,111.047,111.029,111.046,130350000,1
1501180380000,1501180439000,111.045,111.048,111.036,111.036,93240000,1
1501180440000,1501180499000,111.039,111.046,111.009,111.009,153960000,1
1501180500000,1501180559000,111.01,111.023,111.01,111.022,176860000,1
1501180560000,1501180619000,111.022,111.03,111.012,111.03,92680000,1
1501180620000,1501180679000,111.03,111.091,111.03,111.066,239130000,1
1501180680000,1501180739000,111.066,111.072,111.051,111.054,192060000,1
1501180740000,1501180799000,111.055,111.076,111.055,111.067,121780000,1
1501180800000,1501180859000,111.068,111.068,111.034,111.034,191270000,1
1501180860000,1501180919000,111.037,111.042,111.006,111.016,213540000,1
1501180920000,1501180979000,111.015,111.018,110.996,111.016,186140000,1
1501180980000,1501181039000,111.015,111.041,111.015,111.028,202900000,1
1501181040000,1501181099000,111.028,111.035,111.013,111.025,170850000,1
1501181100000,1501181159000,111.025,111.042,111.018,111.041,131330000,1
1501181160000,1501181219000,111.042,111.056,111.031,111.054,146490000,1
1501181220000,1501181279000,111.054,111.067,111.049,111.06,133020000,1
1501181280000,1501181339000,111.059,111.063,111.034,111.044,131400000,1
1501181340000,1501181399000,111.044,111.046,111.017,111.021,116630000,1
1501181400000,1501181459000,111.022,111.035,111.021,111.035,102730000,1
1501181460000,1501181519000,111.033,111.034,111.02,111.023,142840000,1
1501181520000,1501181579000,111.023,111.032,111.018,111.027,108300000,1
1501181580000,1501181639000,111.025,111.061,111.015,111.059,234760000,1
1501181640000,1501181699000,111.063,111.069,111.059,111.065,104980000,1
1501181700000,1501181759000,111.067,111.078,111.063,111.078,138570000,1
1501181760000,1501181819000,111.077,111.095,111.066,111.095,174830000,1
1501181820000,1501181879000,111.096,111.102,111.084,111.092,159940000,1
1501181880000,1501181939000,111.09,111.09,111.078,111.082,109180000,1
1501181940000,1501181999000,111.084,111.103,111.075,111.078,253830000,1
1501182000000,1501182059000,111.078,111.088,111.067,111.084,201860000,1
1501182060000,1501182119000,111.086,111.091,111.073,111.083,174180000,1
1501182120000,1501182179000,111.084,111.088,111.079,111.084,120260000,1
1501182180000,1501182239000,111.084,111.097,111.084,111.086,137070000,1
1501182240000,1501182299000,111.086,111.086,111.055,111.065,193570000,1
1501182300000,1501182359000,111.065,111.116,111.065,111.116,140300000,1
1501182360000,1501182419000,111.114,111.12,111.104,111.11,141540000,1
1501182420000,1501182479000,111.111,111.121,111.098,111.113,170470000,1
1501182480000,1501182539000,111.113,111.113,111.094,111.105,153450000,1
1501182540000,1501182599000,111.106,111.12,111.106,111.115,128600000,1
1501182600000,1501182659000,111.114,111.115,111.085,111.088,204690000,1
1501182660000,1501182719000,111.088,111.095,111.085,111.087,107530000,1
1501182720000,1501182779000,111.086,111.088,111.059,111.064,144040000,1
1501182780000,1501182839000,111.065,111.08,111.058,111.076,133860000,1
1501182840000,1501182899000,111.078,111.082,111.072,111.079,136400000,1
1501182900000,1501182959000,111.079,111.102,111.079,111.1,187210000,1
1501182960000,1501183019000,111.1,111.1,111.08,111.088,152070000,1
1501183020000,1501183079000,111.09,111.09,111.075,111.079,131630000,1
1501183080000,1501183139000,111.082,111.084,111.071,111.076,61190000,1
1501183140000,1501183199000,111.075,111.076,111.066,111.071,132470000,1
1501183200000,1501183259000,111.07,111.077,111.065,111.071,149090000,1
1501183260000,1501183319000,111.072,111.08,111.067,111.078,114350000,1
1501183320000,1501183379000,111.078,111.091,111.066,111.088,119940000,1
1501183380000,1501183439000,111.087,111.116,111.087,111.11,176640000,1
1501183440000,1501183499000,111.109,111.117,111.108,111.11,73610000,1
1501183500000,1501183559000,111.11,111.121,111.104,111.121,78110000,1
1501183560000,1501183619000,111.118,111.128,111.118,111.123,134560000,1
1501183620000,1501183679000,111.122,111.133,111.118,111.133,118760000,1
1501183680000,1501183739000,111.136,111.137,111.126,111.131,174190000,1
1501183740000,1501183799000,111.13,111.145,111.13,111.138,102380000,1
1501183800000,1501183859000,111.141,111.144,111.125,111.133,162080000,1
1501183860000,1501183919000,111.132,111.141,111.132,111.141,78010000,1
1501183920000,1501183979000,111.14,111.148,111.14,111.147,107670000,1
1501183980000,1501184039000,111.148,111.148,111.143,111.144,116730000,1
1501184040000,1501184099000,111.145,111.16,111.144,111.155,122920000,1
1501184100000,1501184159000,111.155,111.158,111.142,111.157,137680000,1
1501184160000,1501184219000,111.158,111.163,111.149,111.159,123860000,1
1501184220000,1501184279000,111.159,111.164,111.144,111.152,117870000,1
1501184280000,1501184339000,111.152,111.16,111.149,111.157,45180000,1
1501184340000,1501184399000,111.157,111.166,111.156,111.165,121190000,1
1501184400000,1501184459000,111.165,111.165,111.158,111.16,82410000,1
1501184460000,1501184519000,111.159,111.16,111.141,111.144,182460000,1
1501184520000,1501184579000,111.145,111.148,111.142,111.148,50350000,1
1501184580000,1501184639000,111.149,111.153,111.149,111.153,55890000,1
1501184640000,1501184699000,111.155,111.179,111.155,111.168,223730000,1
1501184700000,1501184759000,111.169,111.171,111.158,111.16,141800000,1
1501184760000,1501184819000,111.162,111.182,111.16,111.18,136760000,1
1501184820000,1501184879000,111.183,111.194,111.176,111.184,237210000,1
1501184880000,1501184939000,111.186,111.209,111.186,111.206,193380000,1
1501184940000,1501184999000,111.206,111.229,111.201,111.215,187360000,1
1501185000000,1501185059000,111.217,111.227,111.214,111.22,181330000,1
1501185060000,1501185119000,111.22,111.22,111.209,111.209,95350000,1
1501185120000,1501185179000,111.208,111.214,111.204,111.209,147110000,1
1501185180000,1501185239000,111.208,111.211,111.199,111.199,98270000,1
1501185240000,1501185299000,111.198,111.2,111.191,111.197,126810000,1
1501185300000,1501185359000,111.197,111.203,111.178,111.178,130230000,1
1501185360000,1501185419000,111.18,111.181,111.151,111.169,158530000,1
1501185420000,1501185479000,111.169,111.188,111.169,111.183,162840000,1
1501185480000,1501185539000,111.183,111.2,111.183,111.2,155460000,1
1501185540000,1501185599000,111.2,111.211,111.184,111.199,187200000,1
1501185600000,1501185659000,111.199,111.293,111.183,111.293,164480000,1
1501185660000,1501185719000,111.295,111.297,111.245,111.253,214940000,1
1501185720000,1501185779000,111.251,111.262,111.237,111.25,143660000,1
1501185780000,1501185839000,111.25,111.251,111.243,111.25,60660000,1
1501185840000,1501185899000,111.25,111.25,111.23,111.23,67610000,1
1501185900000,1501185959000,111.231,111.233,111.23,111.233,35650000,1
1501185960000,1501186019000,111.233,111.235,111.228,111.233,45240000,1
1501186020000,1501186079000,111.231,111.231,111.217,111.218,29160000,1
1501186080000,1501186139000,111.216,111.216,111.208,111.209,66530000,1
1501186140000,1501186199000,111.208,111.209,111.2,111.2,100840000,1
1501186200000,1501186259000,111.201,111.201,111.185,111.19,89810000,1
1501186260000,1501186319000,111.189,111.206,111.189,111.206,108950000,1
1501186320000,1501186379000,111.21,111.234,111.21,111.218,301290000,1
1501186380000,1501186439000,111.218,111.223,111.218,111.221,94480000,1
1501186440000,1501186499000,111.221,111.226,111.218,111.226,52110000,1
1501186500000,1501186559000,111.229,111.243,111.229,111.241,61710000,1
1501186560000,1501186619000,111.241,111.241,111.236,111.238,11310000,1
1501186620000,1501186679000,111.236,111.241,111.236,111.241,37130000,1
1501186680000,1501186739000,111.243,111.245,111.241,111.244,67560000,1
1501186740000,1501186799000,111.244,111.258,111.242,111.258,104010000,1
1501186800000,1501186859000,111.258,111.273,111.25,111.266,162690000,1
1501186860000,1501186919000,111.264,111.268,111.256,111.268,91090000,1
1501186920000,1501186979000,111.268,111.283,111.268,111.278,104210000,1
1501186980000,1501187039000,111.278,111.278,111.266,111.272,54120000,1
1501187040000,1501187099000,111.272,111.275,111.261,111.261,87370000,1
1501187100000,1501187159000,111.262,111.264,111.254,111.254,59930000,1
1501187160000,1501187219000,111.253,111.254,111.253,111.253,31290000,1
1501187220000,1501187279000,111.253,111.255,111.25,111.25,62930000,1
1501187280000,1501187339000,111.25,111.254,111.248,111.252,65240000,1
1501187340000,1501187399000,111.252,111.256,111.247,111.253,84650000,1
1501187400000,1501187459000,111.252,111.253,111.235,111.236,69460000,1
1501187460000,1501187519000,111.238,111.246,111.236,111.245,77660000,1
1501187520000,1501187579000,111.245,111.246,111.243,111.245,47970000,1
1501187580000,1501187639000,111.246,111.249,111.238,111.247,70860000,1
1501187640000,1501187699000,111.247,111.247,111.239,111.24,149330000,1
1501187700000,1501187759000,111.24,111.244,111.234,111.234,127050000,1
1501187760000,1501187819000,111.234,111.238,111.233,111.237,58770000,1
1501187820000,1501187879000,111.237,111.241,111.236,111.241,55240000,1
1501187880000,1501187939000,111.241,111.244,111.241,111.244,37150000,1
1501187940000,1501187999000,111.243,111.252,111.243,111.25,195540000,1
1501188000000,1501188059000,111.251,111.273,111.248,111.272,135650000,1
1501188060000,1501188119000,111.272,111.3,111.272,111.299,149930000,1
1501188120000,1501188179000,111.3,111.336,111.298,111.333,161870000,1
1501188180000,1501188239000,111.329,111.33,111.322,111.323,74420000,1
1501188240000,1501188299000,111.323,111.323,111.302,111.304,77680000,1
1501188300000,1501188359000,111.302,111.305,111.299,111.303,47170000,1
1501188360000,1501188419000,111.305,111.309,111.303,111.308,68050000,1
1501188420000,1501188479000,111.308,111.321,111.308,111.317,105250000,1
1501188480000,1501188539000,111.317,111.317,111.293,111.295,57570000,1
1501188540000,1501188599000,111.294,111.296,111.288,111.292,60080000,1
1501188600000,1501188659000,111.293,111.325,111.293,111.325,78300000,1
1501188660000,1501188719000,111.325,111.332,111.317,111.319,94720000,1
1501188720000,1501188779000,111.319,111.325,111.319,111.323,120490000,1
1501188780000,1501188839000,111.321,111.326,111.316,111.325,232510000,1
1501188840000,1501188899000,111.323,111.333,111.293,111.293,205040000,1
1501188900000,1501188959000,111.291,111.292,111.28,111.281,171840000,1
1501188960000,1501189019000,111.281,111.285,111.274,111.278,133440000,1
1501189020000,1501189079000,111.278,111.291,111.277,111.279,137580000,1
1501189080000,1501189139000,111.28,111.288,111.264,111.278,217870000,1
1501189140000,1501189199000,111.278,111.278,111.225,111.227,110310000,1
1501189200000,1501189259000,111.228,111.253,111.228,111.252,16100000,1
1501189260000,1501189319000,111.257,111.262,111.247,111.26,7860000,1
1501189320000,1501189379000,111.267,111.27,111.245,111.27,4840000,1
1501189380000,1501189439000,111.272,111.275,111.23,111.231,5600000,1
1501189440000,1501189499000,111.232,111.236,111.232,111.236,14210000,1
1501189500000,1501189559000,111.245,111.246,111.239,111.243,42600000,1
1501189560000,1501189619000,111.242,111.284,111.242,111.279,176580000,1
1501189620000,1501189679000,111.279,111.282,111.279,111.279,61670000,1
1501189680000,1501189739000,111.279,111.279,111.229,111.241,297670000,1
1501189740000,1501189799000,111.244,111.245,111.23,111.23,195890000,1
1501189800000,1501189859000,111.234,111.243,111.23,111.237,154430000,1
1501189860000,1501189919000,111.241,111.255,111.232,111.242,215390000,1
1501189920000,1501189979000,111.242,111.279,111.242,111.275,270650000,1
1501189980000,1501190039000,111.276,111.28,111.215,111.219,136040000,1
1501190040000,1501190099000,111.218,111.254,111.215,111.253,99390000,1
1501190100000,1501190159000,111.254,111.259,111.249,111.258,85750000,1
1501190160000,1501190219000,111.257,111.259,111.236,111.245,127120000,1
1501190220000,1501190279000,111.243,111.245,111.24,111.243,48560000,1
1501190280000,1501190339000,111.241,111.244,111.24,111.241,65560000,1
1501190340000,1501190399000,111.241,111.278,111.237,111.278,86880000,1
1501190400000,1501190459000,111.278,111.278,111.255,111.278,74350000,1
1501190460000,1501190519000,111.278,111.288,111.259,111.265,40240000,1
1501190520000,1501190579000,111.272,111.274,111.258,111.274,46950000,1
1501190580000,1501190639000,111.274,111.274,111.262,111.274,48610000,1
1501190640000,1501190699000,111.274,111.279,111.274,111.274,19830000,1
1501190700000,1501190759000,111.265,111.266,111.263,111.264,106030000,1
1501190760000,1501190819000,111.264,111.265,111.263,111.263,80260000,1
1501190820000,1501190879000,111.257,111.265,111.257,111.263,31380000,1
1501190880000,1501190939000,111.264,111.274,111.262,111.274,20370000,1
1501190940000,1501190999000,111.275,111.276,111.273,111.274,35960000,1
1501191000000,1501191059000,111.274,111.278,111.272,111.273,111220000,1
1501191060000,1501191119000,111.273,111.28,111.266,111.28,57150000,1
1501191120000,1501191179000,111.281,111.281,111.275,111.275,20960000,1
1501191180000,1501191239000,111.274,111.274,111.274,111.274,10960000,1
1501191240000,1501191299000,111.274,111.274,111.269,111.271,21900000,1
1501191300000,1501191359000,111.273,111.284,111.273,111.284,26510000,1
1501191360000,1501191419000,111.284,111.286,111.275,111.275,61330000,1
1501191420000,1501191479000,111.275,111.275,111.271,111.271,53170000,1
1501191480000,1501191539000,111.271,111.275,111.267,111.267,56910000,1
1501191540000,1501191599000,111.271,111.288,111.271,111.287,59120000,1
1501191600000,1501191659000,111.287,111.289,111.282,111.288,15620000,1
1501191660000,1501191719000,111.287,111.288,111.287,111.288,2500000,1
1501191720000,1501191779000,111.287,111.303,111.287,111.303,37970000,1
1501191780000,1501191839000,111.304,111.313,111.304,111.313,51880000,1
1501191840000,1501191899000,111.313,111.318,111.307,111.308,76870000,1
1501191900000,1501191959000,111.309,111.309,111.288,111.288,50950000,1
1501191960000,1501192019000,111.288,111.299,111.288,111.298,86430000,1
1501192020000,1501192079000,111.298,111.305,111.294,111.303,67620000,1
1501192080000,1501192139000,111.303,111.324,111.303,111.314,44980000,1
1501192140000,1501192199000,111.314,111.314,111.309,111.309,29180000,1
1501192200000,1501192259000,111.309,111.313,111.306,111.309,65460000,1
1501192260000,1501192319000,111.309,111.309,111.305,111.305,21760000,1
1501192320000,1501192379000,111.306,111.315,111.306,111.311,62910000,1
1501192380000,1501192439000,111.311,111.329,111.31,111.313,74570000,1
1501192440000,1501192499000,111.312,111.313,111.311,111.311,204740000,1
1501192500000,1501192559000,111.311,111.312,111.311,111.312,198220000,1
1501192560000,1501192619000,111.311,111.315,111.311,111.315,114400000,1
1501192620000,1501192679000,111.315,111.315,111.314,111.314,63250000,1
1501192680000,1501192739000,111.314,111.328,111.314,111.328,41690000,1
1501192740000,1501192799000,111.328,111.329,111.315,111.324,46200000,1
1501192800000,1501192859000,111.325,111.325,111.277,111.277,58140000,1
1501192860000,1501192919000,111.283,111.3,111.283,111.3,19390000,1
1501192920000,1501192979000,111.3,111.3,111.274,111.293,50460000,1
1501192980000,1501193039000,111.293,111.293,111.266,111.271,32890000,1
1501193040000,1501193099000,111.272,111.274,111.263,111.266,53150000,1
1501193100000,1501193159000,111.266,111.275,111.262,111.275,57860000,1
1501193160000,1501193219000,111.275,111.275,111.26,111.264,78020000,1
1501193220000,1501193279000,111.264,111.269,111.263,111.264,41880000,1
1501193280000,1501193339000,111.263,111.264,111.251,111.254,60550000,1
1501193340000,1501193399000,111.254,111.268,111.254,111.263,98310000,1
1501193400000,1501193459000,111.262,111.262,111.239,111.248,56880000,1
1501193460000,1501193519000,111.247,111.273,111.247,111.27,107290000,1
1501193520000,1501193579000,111.271,111.272,111.256,111.262,85110000,1
1501193580000,1501193639000,111.263,111.27,111.263,111.268,59610000,1
1501193640000,1501193699000,111.269,111.269,111.26,111.262,66900000,1
1501193700000,1501193759000,111.261,111.262,111.258,111.259,41590000,1
1501193760000,1501193819000,111.259,111.27,111.259,111.269,54620000,1
1501193820000,1501193879000,111.27,111.278,111.269,111.275,36180000,1
1501193880000,1501193939000,111.275,111.28,111.275,111.28,79860000,1
1501193940000,1501193999000,111.281,111.287,111.279,111.285,111340000,1
1501194000000,1501194059000,111.29,111.295,111.284,111.286,164530000,1
1501194060000,1501194119000,111.284,111.285,111.278,111.279,109050000,1
1501194120000,1501194179000,111.278,111.278,111.269,111.273,73610000,1
1501194180000,1501194239000,111.272,111.277,111.269,111.27,62690000,1
1501194240000,1501194299000,111.269,111.27,111.251,111.251,38880000,1
1501194300000,1501194359000,111.252,111.261,111.248,111.248,107880000,1
1501194360000,1501194419000,111.249,111.252,111.248,111.252,18690000,1
1501194420000,1501194479000,111.25,111.252,111.25,111.25,5500000,1
1501194480000,1501194539000,111.25,111.251,111.229,111.235,95500000,1
1501194540000,1501194599000,111.235,111.239,111.224,111.227,50380000,1
1501194600000,1501194659000,111.227,111.228,111.224,111.226,137450000,1
1501194660000,1501194719000,111.227,111.227,111.214,111.217,107770000,1
1501194720000,1501194779000,111.218,111.218,111.21,111.211,65600000,1
1501194780000,1501194839000,111.208,111.212,111.191,111.202,125620000,1
1501194840000,1501194899000,111.203,111.208,111.203,111.208,8860000,1
1501194900000,1501194959000,111.207,111.212,111.202,111.212,50610000,1
1501194960000,1501195019000,111.212,111.223,111.208,111.209,83770000,1
1501195020000,1501195079000,111.209,111.218,111.196,111.218,138840000,1
1501195080000,1501195139000,111.22,111.221,111.211,111.211,102690000,1
1501195140000,1501195199000,111.211,111.213,111.202,111.205,91130000,1
1501195200000,1501195259000,111.206,111.206,111.201,111.203,126010000,1
1501195260000,1501195319000,111.202,111.206,111.198,111.201,74880000,1
1501195320000,1501195379000,111.2,111.202,111.195,111.201,79620000,1
1501195380000,1501195439000,111.201,111.201,111.186,111.193,59490000,1
1501195440000,1501195499000,111.192,111.192,111.179,111.183,86710000,1
1501195500000,1501195559000,111.182,111.183,111.177,111.182,59770000,1
1501195560000,1501195619000,111.181,111.185,111.175,111.183,86650000,1
1501195620000,1501195679000,111.182,111.182,111.159,111.163,111860000,1
1501195680000,1501195739000,111.16,111.174,111.154,111.172,57320000,1
1501195740000,1501195799000,111.171,111.171,111.16,111.165,79520000,1
1501195800000,1501195859000,111.165,111.176,111.154,111.166,112490000,1
1501195860000,1501195919000,111.166,111.166,111.151,111.164,139430000,1
1501195920000,1501195979000,111.161,111.175,111.16,111.175,119210000,1
1501195980000,1501196039000,111.176,111.187,111.175,111.184,93360000,1
1501196040000,1501196099000,111.181,111.19,111.181,111.187,37290000,1
1501196100000,1501196159000,111.186,111.193,111.186,111.193,97800000,1
1501196160000,1501196219000,111.193,111.193,111.193,111.193,45000000,1
1501196220000,1501196279000,111.193,111.202,111.192,111.201,140080000,1
1501196280000,1501196339000,111.203,111.227,111.202,111.226,178640000,1
1501196340000,1501196399000,111.226,111.247,111.225,111.236,158890000,1
1501196400000,1501196459000,111.235,111.235,111.206,111.212,97530000,1
1501196460000,1501196519000,111.213,111.213,111.181,111.196,145420000,1
1501196520000,1501196579000,111.196,111.196,111.173,111.177,94190000,1
1501196580000,1501196639000,111.177,111.187,111.171,111.184,50880000,1
1501196640000,1501196699000,111.186,111.191,111.186,111.191,22930000,1
1501196700000,1501196759000,111.191,111.192,111.189,111.192,13570000,1
1501196760000,1501196819000,111.192,111.204,111.191,111.202,37660000,1
1501196820000,1501196879000,111.202,111.205,111.202,111.205,79990000,1
1501196880000,1501196939000,111.205,111.206,111.198,111.201,51730000,1
1501196940000,1501196999000,111.201,111.201,111.19,111.191,30040000,1
1501197000000,1501197059000,111.191,111.191,111.183,111.184,33530000,1
1501197060000,1501197119000,111.183,111.183,111.172,111.175,25900000,1
1501197120000,1501197179000,111.179,111.187,111.179,111.184,19780000,1
1501197180000,1501197239000,111.185,111.195,111.184,111.189,65390000,1
1501197240000,1501197299000,111.19,111.191,111.183,111.183,27130000,1
1501197300000,1501197359000,111.182,111.183,111.178,111.182,33980000,1
1501197360000,1501197419000,111.181,111.181,111.178,111.179,45050000,1
1501197420000,1501197479000,111.18,111.18,111.164,111.164,76200000,1
1501197480000,1501197539000,111.163,111.17,111.149,111.149,98070000,1
1501197540000,1501197599000,111.15,111.166,111.15,111.161,59730000,1
1501197600000,1501197659000,111.164,111.178,111.162,111.167,56480000,1
1501197660000,1501197719000,111.166,111.166,111.153,111.166,45630000,1
1501197720000,1501197779000,111.168,111.172,111.163,111.168,111730000,1
1501197780000,1501197839000,111.168,111.171,111.166,111.171,31580000,1
1501197840000,1501197899000,111.171,111.172,111.17,111.172,54850000,1
1501197900000,1501197959000,111.172,111.174,111.171,111.174,10720000,1
1501197960000,1501198019000,111.173,111.173,111.169,111.172,26220000,1
1501198020000,1501198079000,111.172,111.173,111.172,111.173,4000000,1
1501198080000,1501198139000,111.173,111.178,111.173,111.177,13090000,1
1501198140000,1501198199000,111.177,111.181,111.176,111.181,47100000,1
1501198200000,1501198259000,111.181,111.181,111.127,111.13,114120000,1
1501198260000,1501198319000,111.13,111.134,111.117,111.122,131440000,1
1501198320000,1501198379000,111.121,111.122,111.116,111.117,26180000,1
1501198380000,1501198439000,111.119,111.125,111.111,111.112,184630000,1
1501198440000,1501198499000,111.112,111.137,111.112,111.136,40670000,1
1501198500000,1501198559000,111.137,111.155,111.135,111.15,143270000,1
1501198560000,1501198619000,111.148,111.149,111.136,111.137,74660000,1
1501198620000,1501198679000,111.137,111.144,111.136,111.143,18250000,1
1501198680000,1501198739000,111.142,111.166,111.137,111.165,92480000,1
1501198740000,1501198799000,111.162,111.17,111.144,111.15,103150000,1
1501198800000,1501198859000,111.15,111.176,111.14,111.174,80680000,1
1501198860000,1501198919000,111.173,111.175,111.168,111.173,48050000,1
1501198920000,1501198979000,111.173,111.181,111.171,111.174,118660000,1
1501198980000,1501199039000,111.174,111.174,111.16,111.165,88790000,1
1501199040000,1501199099000,111.164,111.191,111.164,111.185,87610000,1
1501199100000,1501199159000,111.188,111.196,111.163,111.165,117620000,1
1501199160000,1501199219000,111.165,111.175,111.152,111.153,104040000,1
1501199220000,1501199279000,111.153,111.163,111.152,111.153,59740000,1
1501199280000,1501199339000,111.153,111.156,111.139,111.139,88800000,1
1501199340000,1501199399000,111.14,111.14,111.132,111.133,93820000,1
1501199400000,1501199459000,111.135,111.141,111.133,111.139,118930000,1
1501199460000,1501199519000,111.138,111.141,111.137,111.141,26000000,1
1501199520000,1501199579000,111.141,111.152,111.137,111.137,96920000,1
1501199580000,1501199639000,111.133,111.136,111.121,111.13,64010000,1
1501199640000,1501199699000,111.129,111.135,111.126,111.126,49390000,1
1501199700000,1501199759000,111.126,111.126,111.079,111.081,218480000,1
1501199760000,1501199819000,111.083,111.084,111.072,111.08,124290000,1
1501199820000,1501199879000,111.08,111.099,111.061,111.099,178940000,1
1501199880000,1501199939000,111.098,111.106,111.086,111.104,144900000,1
1501199940000,1501199999000,111.105,111.107,111.073,111.092,193050000,1
1501200000000,1501200059000,111.09,111.098,111.056,111.07,290890000,1
1501200060000,1501200119000,111.07,111.081,111.07,111.076,185780000,1
1501200120000,1501200179000,111.076,111.078,111.06,111.078,201820000,1
1501200180000,1501200239000,111.081,111.085,111.055,111.056,167030000,1
1501200240000,1501200299000,111.056,111.082,111.056,111.074,126770000,1
1501200300000,1501200359000,111.074,111.074,111.063,111.067,123020000,1
1501200360000,1501200419000,111.067,111.067,111.051,111.063,77530000,1
1501200420000,1501200479000,111.064,111.076,111.06,111.062,143360000,1
1501200480000,1501200539000,111.06,111.067,111.052,111.052,149560000,1
1501200540000,1501200599000,111.053,111.053,111.038,111.042,110780000,1
1501200600000,1501200659000,111.045,111.066,111.045,111.065,149290000,1
1501200660000,1501200719000,111.064,111.083,111.061,111.075,145220000,1
1501200720000,1501200779000,111.075,111.081,111.059,111.065,73960000,1
1501200780000,1501200839000,111.065,111.065,111.047,111.058,77910000,1
1501200840000,1501200899000,111.058,111.112,111.058,111.11,116810000,1
1501200900000,1501200959000,111.109,111.109,111.086,111.089,156110000,1
1501200960000,1501201019000,111.088,111.105,111.079,111.098,138960000,1
1501201020000,1501201079000,111.099,111.12,111.099,111.112,75160000,1
1501201080000,1501201139000,111.114,111.133,111.114,111.127,106850000,1
1501201140000,1501201199000,111.126,111.126,111.113,111.115,101810000,1
1501201200000,1501201259000,111.115,111.117,111.105,111.106,89090000,1
1501201260000,1501201319000,111.106,111.106,111.101,111.101,25830000,1
1501201320000,1501201379000,111.101,111.104,111.096,111.096,42220000,1
1501201380000,1501201439000,111.096,111.104,111.077,111.077,73190000,1
1501201440000,1501201499000,111.077,111.089,111.048,111.05,228830000,1
1501201500000,1501201559000,111.05,111.051,111.03,111.031,197120000,1
1501201560000,1501201619000,111.031,111.037,111.009,111.011,162630000,1
1501201620000,1501201679000,111.012,111.043,111.012,111.039,135160000,1
1501201680000,1501201739000,111.039,111.047,111.03,111.031,73860000,1
1501201740000,1501201799000,111.027,111.031,111.01,111.02,80680000,1
1501201800000,1501201859000,111.02,111.043,111.02,111.029,186230000,1
1501201860000,1501201919000,111.028,111.035,111.023,111.024,144990000,1
1501201920000,1501201979000,111.024,111.032,111.015,111.029,102490000,1
1501201980000,1501202039000,111.03,111.042,111.028,111.039,112990000,1
1501202040000,1501202099000,111.038,111.057,111.033,111.033,152680000,1
1501202100000,1501202159000,111.034,111.035,111.013,111.022,147870000,1
1501202160000,1501202219000,111.023,111.03,110.988,111.01,177110000,1
1501202220000,1501202279000,111.01,111.033,111.006,111.033,192220000,1
1501202280000,1501202339000,111.031,111.034,111.023,111.025,140310000,1
1501202340000,1501202399000,111.025,111.035,111.024,111.035,172060000,1
1501202400000,1501202459000,111.036,111.041,111.016,111.016,220490000,1
1501202460000,1501202519000,111.017,111.018,110.998,111.015,127900000,1
1501202520000,1501202579000,111.02,111.029,111.015,111.021,177970000,1
1501202580000,1501202639000,111.021,111.021,110.98,110.982,93310000,1
1501202640000,1501202699000,110.984,110.993,110.977,110.984,182200000,1
1501202700000,1501202759000,110.986,110.987,110.938,110.971,205480000,1
1501202760000,1501202819000,110.969,110.98,110.957,110.967,247390000,1
1501202820000,1501202879000,110.967,110.969,110.953,110.968,185850000,1
1501202880000,1501202939000,110.969,110.991,110.969,110.98,154990000,1
1501202940000,1501202999000,110.98,110.983,110.966,110.972,144310000,1
1501203000000,1501203059000,110.971,110.971,110.938,110.943,144470000,1
1501203060000,1501203119000,110.943,110.974,110.943,110.972,214650000,1
1501203120000,1501203179000,110.971,110.971,110.941,110.948,183510000,1
1501203180000,1501203239000,110.948,111.014,110.946,111.011,274430000,1
1501203240000,1501203299000,111.011,111.046,111.009,111.046,299200000,1
1501203300000,1501203359000,111.044,111.056,111.021,111.035,258720000,1
1501203360000,1501203419000,111.035,111.075,111.035,111.061,242590000,1
1501203420000,1501203479000,111.062,111.084,111.057,111.077,335450000,1
1501203480000,1501203539000,111.076,111.076,111.038,111.04,290650000,1
1501203540000,1501203599000,111.04,111.042,110.997,111.0,381210000,1
1501203600000,1501203659000,110.998,111.0,110.967,110.967,313030000,1
1501203660000,1501203719000,110.966,110.981,110.922,110.929,269980000,1
1501203720000,1501203779000,110.928,110.972,110.928,110.97,243970000,1
1501203780000,1501203839000,110.97,110.999,110.968,110.989,187480000,1
1501203840000,1501203899000,110.99,110.999,110.984,110.994,120560000,1
1501203900000,1501203959000,110.997,111.04,110.997,111.017,255670000,1
1501203960000,1501204019000,111.016,111.035,111.016,111.021,131830000,1
1501204020000,1501204079000,111.021,111.021,110.989,110.997,212690000,1
1501204080000,1501204139000,110.997,111.037,110.992,111.037,184900000,1
1501204140000,1501204199000,111.036,111.045,111.025,111.028,87180000,1
1501204200000,1501204259000,111.027,111.036,111.012,111.026,146690000,1
1501204260000,1501204319000,111.027,111.037,111.027,111.03,103710000,1
1501204320000,1501204379000,111.03,111.031,111.011,111.011,88140000,1
1501204380000,1501204439000,111.011,111.027,110.996,111.024,87660000,1
1501204440000,1501204499000,111.024,111.032,111.015,111.032,155590000,1
1501204500000,1501204559000,111.032,111.066,111.028,111.064,74190000,1
1501204560000,1501204619000,111.064,111.064,111.051,111.052,43910000,1
1501204620000,1501204679000,111.052,111.058,111.037,111.037,108630000,1
1501204680000,1501204739000,111.034,111.065,111.029,111.064,136680000,1
1501204740000,1501204799000,111.071,111.124,111.071,111.108,214850000,1
1501204800000,1501204859000,111.107,111.108,111.08,111.083,192650000,1
1501204860000,1501204919000,111.082,111.084,111.077,111.084,83450000,1
1501204920000,1501204979000,111.084,111.084,111.072,111.08,115450000,1
1501204980000,1501205039000,111.081,111.114,111.081,111.109,122000000,1
1501205040000,1501205099000,111.109,111.141,111.107,111.141,237590000,1
1501205100000,1501205159000,111.142,111.154,111.136,111.146,177710000,1
1501205160000,1501205219000,111.146,111.15,111.136,111.136,223210000,1
1501205220000,1501205279000,111.137,111.144,111.134,111.136,156800000,1
1501205280000,1501205339000,111.136,111.138,111.129,111.13,108980000,1
1501205340000,1501205399000,111.131,111.132,111.118,111.119,124260000,1
1501205400000,1501205459000,111.119,111.121,111.113,111.117,77180000,1
1501205460000,1501205519000,111.117,111.117,111.084,111.085,126640000,1
1501205520000,1501205579000,111.084,111.091,111.075,111.081,147240000,1
1501205580000,1501205639000,111.08,111.085,111.074,111.075,116280000,1
1501205640000,1501205699000,111.074,111.09,111.072,111.088,103170000,1
1501205700000,1501205759000,111.087,111.088,111.08,111.083,113270000,1
1501205760000,1501205819000,111.084,111.085,111.078,111.083,86840000,1
1501205820000,1501205879000,111.084,111.093,111.083,111.087,188790000,1
1501205880000,1501205939000,111.087,111.092,111.077,111.081,74260000,1
1501205940000,1501205999000,111.081,111.115,111.081,111.108,97280000,1
1501206000000,1501206059000,111.108,111.112,111.105,111.109,85590000,1
1501206060000,1501206119000,111.109,111.111,111.091,111.105,149440000,1
1501206120000,1501206179000,111.104,111.154,111.1,111.149,176360000,1
1501206180000,1501206239000,111.148,111.16,111.141,111.141,158940000,1
1501206240000,1501206299000,111.142,111.161,111.141,111.147,112070000,1
1501206300000,1501206359000,111.146,111.151,111.134,111.151,153930000,1
1501206360000,1501206419000,111.151,111.152,111.143,111.143,117570000,1
1501206420000,1501206479000,111.145,111.154,111.133,111.134,102380000,1
1501206480000,1501206539000,111.136,111.151,111.134,111.15,182110000,1
1501206540000,1501206599000,111.152,111.158,111.141,111.144,110380000,1
1501206600000,1501206659000,111.144,111.154,111.139,111.143,175440000,1
1501206660000,1501206719000,111.143,111.152,111.141,111.143,118570000,1
1501206720000,1501206779000,111.145,111.151,111.145,111.148,85070000,1
1501206780000,1501206839000,111.148,111.15,111.136,111.149,122140000,1
1501206840000,1501206899000,111.15,111.15,111.141,111.143,96080000,1
1501206900000,1501206959000,111.142,111.144,111.129,111.129,208470000,1
1501206960000,1501207019000,111.129,111.137,111.112,111.117,101530000,1
1501207020000,1501207079000,111.117,111.117,111.098,111.104,170040000,1
1501207080000,1501207139000,111.106,111.107,111.092,111.092,137430000,1
1501207140000,1501207199000,111.09,111.106,111.086,111.103,96500000,1
1501207200000,1501207259000,111.101,111.123,111.101,111.121,86260000,1
1501207260000,1501207319000,111.121,111.136,111.121,111.129,112250000,1
1501207320000,1501207379000,111.129,111.146,111.126,111.129,163530000,1
1501207380000,1501207439000,111.13,111.131,111.109,111.112,72290000,1
1501207440000,1501207499000,111.112,111.12,111.109,111.118,122090000,1
1501207500000,1501207559000,111.118,111.118,111.098,111.111,166840000,1
1501207560000,1501207619000,111.112,111.12,111.111,111.116,114770000,1
1501207620000,1501207679000,111.116,111.126,111.115,111.125,101320000,1
1501207680000,1501207739000,111.124,111.125,111.095,111.105,115890000,1
1501207740000,1501207799000,111.104,111.114,111.103,111.111,84280000,1
1501207800000,1501207859000,111.111,111.111,111.102,111.102,131610000,1
1501207860000,1501207919000,111.102,111.103,111.09,111.091,196670000,1
1501207920000,1501207979000,111.09,111.095,111.089,111.092,198000000,1
1501207980000,1501208039000,111.091,111.092,111.065,111.076,167740000,1
1501208040000,1501208099000,111.076,111.099,111.076,111.099,33990000,1
1501208100000,1501208159000,111.099,111.101,111.092,111.092,44340000,1
1501208160000,1501208219000,111.092,111.092,111.072,111.082,174480000,1
1501208220000,1501208279000,111.081,111.086,111.081,111.082,149890000,1
1501208280000,1501208339000,111.083,111.093,111.083,111.092,150680000,1
1501208340000,1501208399000,111.092,111.096,111.091,111.092,126440000,1
1501208400000,1501208459000,111.093,111.116,111.093,111.115,121990000,1
1501208460000,1501208519000,111.115,111.117,111.108,111.113,106230000,1
1501208520000,1501208579000,111.113,111.116,111.103,111.104,97830000,1
1501208580000,1501208639000,111.104,111.109,111.102,111.107,113370000,1
1501208640000,1501208699000,111.106,111.106,111.091,111.097,154080000,1
1501208700000,1501208759000,111.098,111.098,111.088,111.092,111000000,1
1501208760000,1501208819000,111.091,111.096,111.091,111.094,133520000,1
1501208820000,1501208879000,111.095,111.104,111.095,111.099,94750000,1
1501208880000,1501208939000,111.099,111.1,111.097,111.098,122230000,1
1501208940000,1501208999000,111.098,111.101,111.097,111.101,177510000,1
1501209000000,1501209059000,111.102,111.102,111.073,111.082,154640000,1
1501209060000,1501209119000,111.082,111.086,111.081,111.085,58210000,1
1501209120000,1501209179000,111.085,111.086,111.08,111.085,65310000,1
1501209180000,1501209239000,111.083,111.084,111.077,111.083,128750000,1
1501209240000,1501209299000,111.083,111.102,111.08,111.091,106820000,1
1501209300000,1501209359000,111.091,111.107,111.091,111.105,99230000,1
1501209360000,1501209419000,111.106,111.124,111.101,111.123,138230000,1
1501209420000,1501209479000,111.123,111.124,111.107,111.11,110330000,1
1501209480000,1501209539000,111.109,111.112,111.105,111.11,31300000,1
1501209540000,1501209599000,111.109,111.109,111.104,111.104,38720000,1
1501209600000,1501209659000,111.104,111.112,111.103,111.112,67150000,1
1501209660000,1501209719000,111.113,111.121,111.112,111.118,107260000,1
1501209720000,1501209779000,111.12,111.12,111.111,111.112,244760000,1
1501209780000,1501209839000,111.111,111.114,111.097,111.1,106460000,1
1501209840000,1501209899000,111.101,111.106,111.098,111.104,170510000,1
1501209900000,1501209959000,111.102,111.104,111.096,111.101,223910000,1
1501209960000,1501210019000,111.101,111.111,111.101,111.108,168750000,1
1501210020000,1501210079000,111.109,111.109,111.102,111.106,72640000,1
1501210080000,1501210139000,111.105,111.124,111.102,111.114,71140000,1
1501210140000,1501210199000,111.115,111.12,111.114,111.116,112350000,1
1501210200000,1501210259000,111.116,111.12,111.114,111.116,84950000,1
1501210260000,1501210319000,111.116,111.116,111.091,111.092,215730000,1
1501210320000,1501210379000,111.093,111.104,111.09,111.104,51080000,1
1501210380000,1501210439000,111.102,111.102,111.097,111.099,83090000,1
1501210440000,1501210499000,111.099,111.104,111.098,111.104,38330000,1
1501210500000,1501210559000,111.102,111.105,111.097,111.098,62250000,1
1501210560000,1501210619000,111.098,111.098,111.097,111.098,10080000,1
1501210620000,1501210679000,111.098,111.098,111.071,111.071,113530000,1
1501210680000,1501210739000,111.071,111.071,111.053,111.069,133320000,1
1501210740000,1501210799000,111.07,111.08,111.07,111.073,129760000,1
1501210800000,1501210859000,111.073,111.073,111.065,111.066,50620000,1
1501210860000,1501210919000,111.065,111.073,111.065,111.068,67530000,1
1501210920000,1501210979000,111.07,111.073,111.065,111.067,38370000,1
1501210980000,1501211039000,111.066,111.074,111.065,111.068,71240000,1
1501211040000,1501211099000,111.068,111.068,111.061,111.061,73400000,1
1501211100000,1501211159000,111.06,111.062,111.059,111.06,34660000,1
1501211160000,1501211219000,111.061,111.065,111.061,111.062,61010000,1
1501211220000,1501211279000,111.062,111.062,111.05,111.052,100060000,1
1501211280000,1501211339000,111.052,111.06,111.052,111.057,89790000,1
1501211340000,1501211399000,111.057,111.065,111.056,111.06,76050000,1
1501211400000,1501211459000,111.06,111.064,111.042,111.05,56910000,1
1501211460000,1501211519000,111.049,111.052,111.036,111.036,49700000,1
1501211520000,1501211579000,111.036,111.048,111.033,111.046,135020000,1
1501211580000,1501211639000,111.046,111.047,111.041,111.047,59720000,1
1501211640000,1501211699000,111.046,111.055,111.045,111.055,82230000,1
1501211700000,1501211759000,111.053,111.087,111.048,111.086,123460000,1
1501211760000,1501211819000,111.087,111.09,111.082,111.09,55860000,1
1501211820000,1501211879000,111.089,111.093,111.088,111.093,31950000,1
1501211880000,1501211939000,111.092,111.093,111.083,111.083,36330000,1
1501211940000,1501211999000,111.084,111.091,111.071,111.088,76920000,1
1501212000000,1501212059000,111.088,111.089,111.081,111.083,102440000,1
1501212060000,1501212119000,111.083,111.125,111.083,111.123,138220000,1
1501212120000,1501212179000,111.123,111.135,111.123,111.133,94620000,1
1501212180000,1501212239000,111.135,111.153,111.135,111.141,153120000,1
1501212240000,1501212299000,111.141,111.142,111.138,111.139,84680000,1
1501212300000,1501212359000,111.139,111.139,111.11,111.121,139350000,1
1501212360000,1501212419000,111.121,111.129,111.121,111.127,112540000,1
1501212420000,1501212479000,111.128,111.131,111.125,111.128,92260000,1
1501212480000,1501212539000,111.128,111.13,111.126,111.128,101750000,1
1501212540000,1501212599000,111.128,111.128,111.123,111.123,78430000,1
1501212600000,1501212659000,111.121,111.128,111.112,111.128,137590000,1
1501212660000,1501212719000,111.128,111.153,111.128,111.143,112660000,1
1501212720000,1501212779000,111.142,111.142,111.131,111.136,100210000,1
1501212780000,1501212839000,111.136,111.141,111.127,111.127,99960000,1
1501212840000,1501212899000,111.127,111.13,111.121,111.123,72390000,1
1501212900000,1501212959000,111.124,111.124,111.12,111.12,29440000,1
1501212960000,1501213019000,111.12,111.123,111.115,111.117,73460000,1
1501213020000,1501213079000,111.117,111.128,111.117,111.124,40390000,1
1501213080000,1501213139000,111.124,111.133,111.123,111.133,32160000,1
1501213140000,1501213199000,111.133,111.133,111.128,111.128,74330000,1
1501213200000,1501213259000,111.128,111.133,111.128,111.13,55640000,1
1501213260000,1501213319000,111.13,111.136,111.128,111.136,36290000,1
1501213320000,1501213379000,111.136,111.136,111.132,111.134,16480000,1
1501213380000,1501213439000,111.133,111.141,111.133,111.134,89770000,1
1501213440000,1501213499000,111.137,111.141,111.123,111.128,197770000,1
1501213500000,1501213559000,111.128,111.14,111.124,111.134,112530000,1
1501213560000,1501213619000,111.134,111.141,111.125,111.131,178120000,1
1501213620000,1501213679000,111.13,111.13,111.117,111.118,161460000,1
1501213680000,1501213739000,111.118,111.156,111.118,111.141,141790000,1
1501213740000,1501213799000,111.139,111.139,111.118,111.124,118090000,1
1501213800000,1501213859000,111.124,111.131,111.121,111.131,60630000,1
1501213860000,1501213919000,111.13,111.131,111.125,111.126,47000000,1
1501213920000,1501213979000,111.125,111.128,111.125,111.126,51560000,1
1501213980000,1501214039000,111.126,111.131,111.113,111.119,78600000,1
1501214040000,1501214099000,111.118,111.118,111.109,111.111,89040000,1
1501214100000,1501214159000,111.11,111.144,111.108,111.142,170750000,1
1501214160000,1501214219000,111.141,111.141,111.119,111.122,177040000,1
1501214220000,1501214279000,111.122,111.124,111.118,111.123,149540000,1
1501214280000,1501214339000,111.122,111.122,111.103,111.103,199970000,1
1501214340000,1501214399000,111.104,111.122,111.103,111.115,78540000,1
1501214400000,1501214459000,111.117,111.122,111.098,111.098,137000000,1
1501214460000,1501214519000,111.098,111.106,111.089,111.089,130020000,1
1501214520000,1501214579000,111.089,111.101,111.089,111.097,133570000,1
1501214580000,1501214639000,111.098,111.102,111.096,111.096,65900000,1
1501214640000,1501214699000,111.097,111.111,111.097,111.111,43440000,1
1501214700000,1501214759000,111.111,111.112,111.103,111.103,57270000,1
1501214760000,1501214819000,111.103,111.105,111.103,111.105,87000000,1
1501214820000,1501214879000,111.105,111.106,111.103,111.105,47790000,1
1501214880000,1501214939000,111.103,111.11,111.103,111.108,48870000,1
1501214940000,1501214999000,111.108,111.115,111.106,111.113,38190000,1
1501215000000,1501215059000,111.112,111.113,111.08,111.08,85290000,1
1501215060000,1501215119000,111.08,111.088,111.073,111.078,104900000,1
1501215120000,1501215179000,111.077,111.083,111.076,111.083,44190000,1
1501215180000,1501215239000,111.085,111.086,111.077,111.077,59470000,1
1501215240000,1501215299000,111.076,111.078,111.058,111.059,106740000,1
1501215300000,1501215359000,111.059,111.066,111.05,111.057,63140000,1
1501215360000,1501215419000,111.059,111.06,111.025,111.029,152140000,1
1501215420000,1501215479000,111.028,111.038,111.022,111.022,103070000,1
1501215480000,1501215539000,111.022,111.03,111.012,111.023,102080000,1
1501215540000,1501215599000,111.023,111.042,111.023,111.042,122280000,1
1501215600000,1501215659000,111.041,111.041,111.023,111.035,147950000,1
1501215660000,1501215719000,111.035,111.041,111.032,111.039,78810000,1
1501215720000,1501215779000,111.039,111.054,111.039,111.05,76770000,1
1501215780000,1501215839000,111.05,111.05,111.028,111.031,199230000,1
1501215840000,1501215899000,111.03,111.039,111.029,111.039,68850000,1
1501215900000,1501215959000,111.04,111.049,111.04,111.044,60960000,1
1501215960000,1501216019000,111.044,111.055,111.043,111.053,68160000,1
1501216020000,1501216079000,111.054,111.055,111.046,111.05,72340000,1
1501216080000,1501216139000,111.05,111.064,111.048,111.058,109600000,1
1501216140000,1501216199000,111.059,111.071,111.054,111.058,83780000,1
1501216200000,1501216259000,111.056,111.065,111.056,111.064,47530000,1
1501216260000,1501216319000,111.063,111.068,111.06,111.066,59090000,1
1501216320000,1501216379000,111.068,111.086,111.067,111.085,56010000,1
1501216380000,1501216439000,111.085,111.088,111.081,111.082,89050000,1
1501216440000,1501216499000,111.082,111.082,111.071,111.072,139920000,1
1501216500000,1501216559000,111.073,111.081,111.073,111.081,27440000,1
1501216560000,1501216619000,111.08,111.08,111.063,111.07,88380000,1
1501216620000,1501216679000,111.07,111.073,111.068,111.071,35970000,1
1501216680000,1501216739000,111.068,111.068,111.066,111.066,44820000,1
1501216740000,1501216799000,111.067,111.08,111.067,111.073,59850000,1
1501216800000,1501216859000,111.075,111.078,111.058,111.067,132880000,1
1501216860000,1501216919000,111.067,111.096,111.067,111.093,133310000,1
1501216920000,1501216979000,111.094,111.097,111.09,111.09,152480000,1
1501216980000,1501217039000,111.09,111.096,111.089,111.092,125210000,1
1501217040000,1501217099000,111.091,111.096,111.086,111.096,180600000,1
1501217100000,1501217159000,111.096,111.102,111.065,111.065,81620000,1
1501217160000,1501217219000,111.067,111.073,111.066,111.067,114980000,1
1501217220000,1501217279000,111.068,111.07,111.065,111.069,49760000,1
1501217280000,1501217339000,111.07,111.075,111.067,111.072,62660000,1
1501217340000,1501217399000,111.072,111.085,111.072,111.085,95510000,1
1501217400000,1501217459000,111.086,111.095,111.086,111.086,71970000,1
1501217460000,1501217519000,111.086,111.092,111.081,111.081,113540000,1
1501217520000,1501217579000,111.083,111.091,111.082,111.085,121980000,1
1501217580000,1501217639000,111.085,111.092,111.077,111.078,100150000,1
1501217640000,1501217699000,111.078,111.086,111.078,111.085,45920000,1
1501217700000,1501217759000,111.085,111.093,111.082,111.09,108230000,1
1501217760000,1501217819000,111.09,111.106,111.09,111.102,51250000,1
1501217820000,1501217879000,111.101,111.105,111.086,111.086,99600000,1
1501217880000,1501217939000,111.085,111.091,111.085,111.085,46860000,1
1501217940000,1501217999000,111.085,111.09,111.084,111.084,103550000,1
1501218000000,1501218059000,111.087,111.087,111.049,111.058,226080000,1
1501218060000,1501218119000,111.06,111.072,111.06,111.067,87080000,1
1501218120000,1501218179000,111.068,111.068,111.066,111.066,48830000,1
1501218180000,1501218239000,111.066,111.075,111.066,111.067,87750000,1
1501218240000,1501218299000,111.067,111.071,111.054,111.054,145070000,1
1501218300000,1501218359000,111.053,111.054,111.049,111.049,43000000,1
1501218360000,1501218419000,111.048,111.053,111.042,111.044,189520000,1
1501218420000,1501218479000,111.043,111.046,111.031,111.031,97350000,1
1501218480000,1501218539000,111.031,111.053,111.031,111.048,99070000,1
1501218540000,1501218599000,111.049,111.053,111.043,111.053,81510000,1
1501218600000,1501218659000,111.053,111.06,111.047,111.047,52700000,1
1501218660000,1501218719000,111.048,111.056,111.035,111.041,82470000,1
1501218720000,1501218779000,111.04,111.047,111.037,111.04,105520000,1
1501218780000,1501218839000,111.041,111.048,111.037,111.042,87880000,1
1501218840000,1501218899000,111.043,111.045,111.018,111.019,92060000,1
1501218900000,1501218959000,111.02,111.034,111.019,111.029,176510000,1
1501218960000,1501219019000,111.029,111.031,111.024,111.024,97730000,1
1501219020000,1501219079000,111.025,111.032,111.025,111.03,64100000,1
1501219080000,1501219139000,111.03,111.033,111.02,111.021,85140000,1
1501219140000,1501219199000,111.021,111.024,111.016,111.016,217000000,1
1501219200000,1501219259000,111.016,111.022,111.01,111.018,400740000,1
1501219260000,1501219319000,111.018,111.018,111.008,111.01,137900000,1
1501219320000,1501219379000,111.01,111.013,111.007,111.012,78330000,1
1501219380000,1501219439000,111.011,111.037,111.01,111.036,75250000,1
1501219440000,1501219499000,111.036,111.041,111.027,111.035,118860000,1
1501219500000,1501219559000,111.035,111.036,111.029,111.033,166470000,1
1501219560000,1501219619000,111.034,111.052,111.026,111.045,123020000,1
1501219620000,1501219679000,111.046,111.048,111.033,111.037,262450000,1
1501219680000,1501219739000,111.037,111.044,111.037,111.043,140520000,1
1501219740000,1501219799000,111.043,111.045,111.032,111.038,120240000,1
1501219800000,1501219859000,111.038,111.039,111.022,111.025,167140000,1
1501219860000,1501219919000,111.023,111.023,110.965,110.977,182790000,1
1501219920000,1501219979000,110.977,110.978,110.96,110.971,175010000,1
1501219980000,1501220039000,110.974,110.981,110.972,110.974,116510000,1
1501220040000,1501220099000,110.976,110.99,110.971,110.981,121280000,1
1501220100000,1501220159000,110.981,110.983,110.964,110.965,97860000,1
1501220160000,1501220219000,110.964,110.975,110.956,110.974,123210000,1
1501220220000,1501220279000,110.974,111.002,110.974,110.998,191520000,1
1501220280000,1501220339000,110.999,110.999,110.962,110.97,367980000,1
1501220340000,1501220399000,110.968,110.975,110.962,110.974,742230000,1
1501220400000,1501220459000,110.974,110.974,110.955,110.955,558270000,1
1501220460000,1501220519000,110.956,110.987,110.955,110.975,145020000,1
1501220520000,1501220579000,110.975,110.991,110.975,110.986,153180000,1
1501220580000,1501220639000,110.984,110.99,110.98,110.987,122890000,1
1501220640000,1501220699000,110.987,110.989,110.978,110.978,161930000,1
1501220700000,1501220759000,110.979,110.979,110.967,110.969,52220000,1
1501220760000,1501220819000,110.971,110.98,110.968,110.978,170390000,1
1501220820000,1501220879000,110.981,110.982,110.974,110.981,97420000,1
1501220880000,1501220939000,110.981,110.983,110.963,110.963,99220000,1
1501220940000,1501220999000,110.962,110.968,110.957,110.958,107670000,1
1501221000000,1501221059000,110.957,110.962,110.956,110.961,77070000,1
1501221060000,1501221119000,110.961,110.961,110.951,110.957,95570000,1
1501221120000,1501221179000,110.957,110.965,110.952,110.961,64160000,1
1501221180000,1501221239000,110.962,111.005,110.962,111.005,86460000,1
1501221240000,1501221299000,111.005,111.006,110.992,110.995,98960000,1
1501221300000,1501221359000,110.995,111.019,110.995,111.016,136230000,1
1501221360000,1501221419000,111.015,111.034,111.014,111.022,204670000,1
1501221420000,1501221479000,111.022,111.026,111.018,111.018,70520000,1
1501221480000,1501221539000,111.017,111.017,110.974,110.975,141520000,1
1501221540000,1501221599000,110.977,110.981,110.944,110.96,225000000,1
1501221600000,1501221659000,110.961,110.986,110.96,110.969,190200000,1
1501221660000,1501221719000,110.966,110.966,110.943,110.944,120950000,1
1501221720000,1501221779000,110.946,110.955,110.942,110.944,194660000,1
1501221780000,1501221839000,110.945,110.99,110.942,110.987,266620000,1
1501221840000,1501221899000,110.987,111.037,110.986,111.018,261270000,1
1501221900000,1501221959000,111.018,111.019,110.999,111.015,174830000,1
1501221960000,1501222019000,111.013,111.016,110.996,110.996,139250000,1
1501222020000,1501222079000,110.997,111.006,110.983,110.985,159870000,1
1501222080000,1501222139000,110.984,110.987,110.967,110.976,153480000,1
1501222140000,1501222199000,110.977,110.98,110.949,110.949,226030000,1
1501222200000,1501222259000,110.949,110.949,110.874,110.894,337950000,1
1501222260000,1501222319000,110.894,110.927,110.889,110.913,140870000,1
1501222320000,1501222379000,110.913,110.951,110.9,110.946,193940000,1
1501222380000,1501222439000,110.945,110.963,110.937,110.952,193880000,1
1501222440000,1501222499000,110.949,110.972,110.942,110.955,197660000,1
1501222500000,1501222559000,110.955,110.968,110.944,110.952,178950000,1
1501222560000,1501222619000,110.951,110.964,110.943,110.957,115500000,1
1501222620000,1501222679000,110.956,110.977,110.956,110.965,122230000,1
1501222680000,1501222739000,110.967,110.983,110.966,110.982,95570000,1
1501222740000,1501222799000,110.98,111.0,110.974,110.997,124130000,1
1501222800000,1501222859000,110.999,111.059,110.998,111.041,337740000,1
1501222860000,1501222919000,111.039,111.044,111.028,111.033,135220000,1
1501222920000,1501222979000,111.033,111.037,111.027,111.033,95620000,1
1501222980000,1501223039000,111.033,111.033,111.015,111.024,98950000,1
1501223040000,1501223099000,111.025,111.035,111.02,111.028,105350000,1
1501223100000,1501223159000,111.028,111.028,110.998,111.005,135290000,1
1501223160000,1501223219000,111.006,111.013,111.006,111.012,85510000,1
1501223220000,1501223279000,111.011,111.038,111.011,111.036,137940000,1
1501223280000,1501223339000,111.035,111.038,111.027,111.032,133930000,1
1501223340000,1501223399000,111.032,111.048,111.024,111.024,171360000,1
1501223400000,1501223459000,111.025,111.033,111.021,111.029,80970000,1
1501223460000,1501223519000,111.028,111.028,111.007,111.015,116130000,1
1501223520000,1501223579000,111.014,111.014,111.0,111.0,122790000,1
1501223580000,1501223639000,111.001,111.03,111.0,111.022,245370000,1
1501223640000,1501223699000,111.022,111.036,111.02,111.033,122530000,1
1501223700000,1501223759000,111.032,111.061,111.032,111.038,189930000,1
1501223760000,1501223819000,111.037,111.037,111.01,111.011,182560000,1
1501223820000,1501223879000,111.012,111.024,110.999,111.024,123830000,1
1501223880000,1501223939000,111.022,111.022,110.979,110.999,172560000,1
1501223940000,1501223999000,110.998,111.007,110.988,111.007,127710000,1
1501224000000,1501224059000,111.008,111.016,110.993,111.01,161200000,1
1501224060000,1501224119000,111.008,111.03,111.004,111.03,131910000,1
1501224120000,1501224179000,111.029,111.053,111.028,111.052,149170000,1
1501224180000,1501224239000,111.052,111.055,111.042,111.049,99160000,1
1501224240000,1501224299000,111.049,111.055,111.042,111.042,67120000,1
1501224300000,1501224359000,111.042,111.05,111.036,111.036,105500000,1
1501224360000,1501224419000,111.037,111.041,111.024,111.04,109410000,1
1501224420000,1501224479000,111.041,111.041,111.028,111.035,101700000,1
1501224480000,1501224539000,111.033,111.04,111.024,111.028,102870000,1
1501224540000,1501224599000,111.029,111.036,111.028,111.032,98260000,1
1501224600000,1501224659000,111.032,111.047,111.023,111.034,93650000,1
1501224660000,1501224719000,111.035,111.035,111.021,111.022,137950000,1
1501224720000,1501224779000,111.022,111.028,111.015,111.021,101860000,1
1501224780000,1501224839000,111.022,111.023,111.009,111.015,80160000,1
1501224840000,1501224899000,111.014,111.014,111.009,111.011,104790000,1
1501224900000,1501224959000,111.011,111.013,111.011,111.012,43210000,1
1501224960000,1501225019000,111.012,111.017,111.011,111.011,45500000,1
1501225020000,1501225079000,111.011,111.017,111.0,111.0,72000000,1
1501225080000,1501225139000,111.0,111.007,110.997,111.003,173530000,1
1501225140000,1501225199000,111.003,111.008,110.998,111.005,124140000,1
1501225200000,1501225259000,111.006,111.022,110.947,110.947,293190000,1
1501225260000,1501225319000,110.946,110.969,110.935,110.964,197870000,1
1501225320000,1501225379000,110.967,110.971,110.947,110.956,208350000,1
1501225380000,1501225439000,110.953,110.963,110.941,110.957,179050000,1
1501225440000,1501225499000,110.955,110.966,110.951,110.954,202060000,1
1501225500000,1501225559000,110.954,110.964,110.944,110.959,196570000,1
1501225560000,1501225619000,110.958,110.96,110.942,110.95,175740000,1
1501225620000,1501225679000,110.95,110.983,110.937,110.983,234820000,1
1501225680000,1501225739000,110.982,111.031,110.979,111.029,286310000,1
1501225740000,1501225799000,111.026,111.056,111.023,111.05,256870000,1
1501225800000,1501225859000,111.051,111.076,111.051,111.056,142670000,1
1501225860000,1501225919000,111.057,111.079,111.057,111.079,145480000,1
1501225920000,1501225979000,111.081,111.102,111.079,111.079,205570000,1
1501225980000,1501226039000,111.078,111.098,111.062,111.096,195820000,1
1501226040000,1501226099000,111.095,111.095,111.062,111.068,249920000,1
1501226100000,1501226159000,111.068,111.079,111.056,111.058,178060000,1
1501226160000,1501226219000,111.058,111.058,111.044,111.053,183920000,1
1501226220000,1501226279000,111.053,111.055,111.043,111.052,116590000,1
1501226280000,1501226339000,111.054,111.068,111.054,111.058,126460000,1
1501226340000,1501226399000,111.056,111.06,111.044,111.044,101620000,1
1501226400000,1501226459000,111.045,111.056,111.045,111.054,100230000,1
1501226460000,1501226519000,111.055,111.09,111.054,111.085,209910000,1
1501226520000,1501226579000,111.087,111.09,111.076,111.087,140730000,1
1501226580000,1501226639000,111.088,111.145,111.085,111.145,273040000,1
1501226640000,1501226699000,111.145,111.145,111.125,111.128,206180000,1
1501226700000,1501226759000,111.128,111.128,111.093,111.093,156270000,1
1501226760000,1501226819000,111.092,111.109,111.084,111.102,98720000,1
1501226820000,1501226879000,111.1,111.1,111.086,111.092,84670000,1
1501226880000,1501226939000,111.091,111.093,111.083,111.085,68360000,1
1501226940000,1501226999000,111.084,111.086,111.079,111.081,93790000,1
1501227000000,1501227059000,111.081,111.09,111.065,111.09,226570000,1
1501227060000,1501227119000,111.089,111.09,111.067,111.07,142860000,1
1501227120000,1501227179000,111.07,111.09,111.07,111.09,90540000,1
1501227180000,1501227239000,111.09,111.091,111.07,111.072,176480000,1
1501227240000,1501227299000,111.071,111.08,111.065,111.08,114550000,1
1501227300000,1501227359000,111.083,111.084,111.06,111.06,86550000,1
1501227360000,1501227419000,111.06,111.07,111.06,111.064,87670000,1
1501227420000,1501227479000,111.064,111.09,111.064,111.089,119340000,1
1501227480000,1501227539000,111.088,111.089,111.082,111.088,83620000,1
1501227540000,1501227599000,111.089,111.116,111.085,111.106,150210000,1
1501227600000,1501227659000,111.106,111.138,111.1,111.12,191230000,1
1501227660000,1501227719000,111.121,111.121,111.096,111.106,98060000,1
1501227720000,1501227779000,111.104,111.105,111.094,111.097,137590000,1
1501227780000,1501227839000,111.096,111.103,111.093,111.096,103220000,1
1501227840000,1501227899000,111.095,111.098,111.089,111.094,104040000,1
1501227900000,1501227959000,111.095,111.096,111.082,111.089,123550000,1
1501227960000,1501228019000,111.09,111.107,111.084,111.106,120150000,1
1501228020000,1501228079000,111.105,111.106,111.098,111.1,71250000,1
1501228080000,1501228139000,111.099,111.099,111.089,111.089,73420000,1
1501228140000,1501228199000,111.089,111.093,111.086,111.09,96070000,1
1501228200000,1501228259000,111.09,111.091,111.077,111.088,151040000,1
1501228260000,1501228319000,111.088,111.098,111.075,111.094,158600000,1
1501228320000,1501228379000,111.096,111.097,111.093,111.097,46700000,1
1501228380000,1501228439000,111.099,111.131,111.099,111.115,134800000,1
1501228440000,1501228499000,111.117,111.117,111.088,111.088,166460000,1
1501228500000,1501228559000,111.087,111.088,111.075,111.085,191870000,1
1501228560000,1501228619000,111.086,111.091,111.075,111.09,157390000,1
1501228620000,1501228679000,111.09,111.094,111.082,111.086,193920000,1
1501228680000,1501228739000,111.087,111.097,111.083,111.091,136100000,1
1501228740000,1501228799000,111.09,111.099,111.083,111.098,115540000,1
1501228800000,1501228859000,111.098,111.126,111.098,111.118,271770000,1
1501228860000,1501228919000,111.119,111.119,111.086,111.1,240160000,1
1501228920000,1501228979000,111.102,111.106,111.067,111.074,204050000,1
1501228980000,1501229039000,111.074,111.079,111.06,111.072,159460000,1
1501229040000,1501229099000,111.07,111.077,111.064,111.067,184520000,1
1501229100000,1501229159000,111.07,111.074,111.062,111.067,165310000,1
1501229160000,1501229219000,111.068,111.068,111.06,111.06,78930000,1
1501229220000,1501229279000,111.058,111.083,111.056,111.083,109490000,1
1501229280000,1501229339000,111.083,111.126,111.083,111.126,157930000,1
1501229340000,1501229399000,111.127,111.151,111.113,111.15,226270000,1
1501229400000,1501229459000,111.15,111.178,111.134,111.172,172570000,1
1501229460000,1501229519000,111.169,111.204,111.169,111.204,288020000,1
1501229520000,1501229579000,111.203,111.209,111.174,111.209,246760000,1
1501229580000,1501229639000,111.203,111.238,111.196,111.204,297480000,1
1501229640000,1501229699000,111.204,111.211,111.184,111.206,164900000,1
1501229700000,1501229759000,111.208,111.23,111.19,111.219,220050000,1
1501229760000,1501229819000,111.217,111.221,111.194,111.208,214310000,1
1501229820000,1501229879000,111.209,111.222,111.204,111.222,111410000,1
1501229880000,1501229939000,111.222,111.228,111.197,111.198,199160000,1
1501229940000,1501229999000,111.197,111.211,111.191,111.206,137320000,1
1501230000000,1501230059000,111.204,111.208,111.186,111.188,147130000,1
1501230060000,1501230119000,111.189,111.196,111.183,111.194,114830000,1
1501230120000,1501230179000,111.194,111.196,111.176,111.178,148270000,1
1501230180000,1501230239000,111.179,111.184,111.164,111.168,130870000,1
1501230240000,1501230299000,111.168,111.172,111.158,111.17,131520000,1
1501230300000,1501230359000,111.17,111.192,111.168,111.183,137590000,1
1501230360000,1501230419000,111.185,111.185,111.166,111.18,123630000,1
1501230420000,1501230479000,111.18,111.19,111.178,111.186,72030000,1
1501230480000,1501230539000,111.189,111.207,111.183,111.201,157890000,1
1501230540000,1501230599000,111.202,111.202,111.19,111.191,174300000,1
1501230600000,1501230659000,111.191,111.196,111.187,111.191,138800000,1
1501230660000,1501230719000,111.19,111.207,111.19,111.201,154360000,1
1501230720000,1501230779000,111.199,111.202,111.191,111.198,140660000,1
1501230780000,1501230839000,111.198,111.198,111.171,111.183,158110000,1
1501230840000,1501230899000,111.183,111.193,111.181,111.184,136010000,1
1501230900000,1501230959000,111.183,111.184,111.169,111.171,106340000,1
1501230960000,1501231019000,111.171,111.175,111.17,111.175,99920000,1
1501231020000,1501231079000,111.176,111.179,111.162,111.178,124220000,1
1501231080000,1501231139000,111.178,111.188,111.178,111.186,138550000,1
1501231140000,1501231199000,111.185,111.185,111.166,111.172,118410000,1
1501231200000,1501231259000,111.172,111.184,111.166,111.169,144310000,1
1501231260000,1501231319000,111.17,111.186,111.167,111.183,113300000,1
1501231320000,1501231379000,111.183,111.191,111.16,111.169,153600000,1
1501231380000,1501231439000,111.167,111.185,111.167,111.18,135300000,1
1501231440000,1501231499000,111.18,111.205,111.171,111.205,230550000,1
1501231500000,1501231559000,111.205,111.249,111.201,111.233,117240000,1
1501231560000,1501231619000,111.235,111.235,111.204,111.206,216960000,1
1501231620000,1501231679000,111.206,111.216,111.203,111.209,183540000,1
1501231680000,1501231739000,111.206,111.227,111.203,111.211,174550000,1
1501231740000,1501231799000,111.212,111.213,111.183,111.189,159980000,1
1501231800000,1501231859000,111.19,111.203,111.188,111.199,124250000,1
1501231860000,1501231919000,111.197,111.199,111.186,111.189,141320000,1
1501231920000,1501231979000,111.189,111.214,111.188,111.209,148270000,1
1501231980000,1501232039000,111.209,111.214,111.192,111.214,124550000,1
1501232040000,1501232099000,111.213,111.214,111.199,111.2,73240000,1
1501232100000,1501232159000,111.2,111.207,111.186,111.188,92600000,1
1501232160000,1501232219000,111.188,111.222,111.188,111.213,88170000,1
1501232220000,1501232279000,111.213,111.232,111.207,111.231,106040000,1
1501232280000,1501232339000,111.231,111.252,111.226,111.248,143150000,1
1501232340000,1501232399000,111.25,111.27,111.241,111.263,152010000,1
1501232400000,1501232459000,111.265,111.277,111.25,111.25,177700000,1
1501232460000,1501232519000,111.251,111.269,111.249,111.256,200370000,1
1501232520000,1501232579000,111.257,111.263,111.249,111.257,131520000,1
1501232580000,1501232639000,111.261,111.268,111.25,111.259,181530000,1
1501232640000,1501232699000,111.261,111.282,111.258,111.282,188870000,1
1501232700000,1501232759000,111.283,111.286,111.267,111.271,231890000,1
1501232760000,1501232819000,111.273,111.273,111.251,111.252,201560000,1
1501232820000,1501232879000,111.251,111.258,111.244,111.258,128530000,1
1501232880000,1501232939000,111.258,111.269,111.256,111.258,193580000,1
1501232940000,1501232999000,111.257,111.281,111.252,111.279,123570000,1
1501233000000,1501233059000,111.279,111.281,111.256,111.27,97490000,1
1501233060000,1501233119000,111.271,111.277,111.259,111.259,153740000,1
1501233120000,1501233179000,111.259,111.259,111.241,111.242,193140000,1
1501233180000,1501233239000,111.242,111.244,111.23,111.236,212540000,1
1501233240000,1501233299000,111.236,111.243,111.225,111.239,184290000,1
1501233300000,1501233359000,111.24,111.252,111.238,111.243,119110000,1
1501233360000,1501233419000,111.243,111.255,111.243,111.243,120340000,1
1501233420000,1501233479000,111.244,111.244,111.223,111.223,93420000,1
1501233480000,1501233539000,111.224,111.239,111.224,111.237,88680000,1
1501233540000,1501233599000,111.239,111.243,111.234,111.236,98540000,1
1501233600000,1501233659000,111.236,111.236,111.198,111.202,132150000,1
1501233660000,1501233719000,111.202,111.217,111.202,111.213,110330000,1
1501233720000,1501233779000,111.212,111.214,111.209,111.211,103820000,1
1501233780000,1501233839000,111.211,111.217,111.204,111.204,136290000,1
1501233840000,1501233899000,111.203,111.214,111.203,111.213,97080000,1
1501233900000,1501233959000,111.214,111.225,111.209,111.219,121240000,1
1501233960000,1501234019000,111.218,111.218,111.208,111.21,83380000,1
1501234020000,1501234079000,111.211,111.226,111.204,111.212,225590000,1
1501234080000,1501234139000,111.212,111.225,111.212,111.221,112100000,1
1501234140000,1501234199000,111.219,111.219,111.212,111.213,125530000,1
1501234200000,1501234259000,111.215,111.238,111.213,111.233,144340000,1
1501234260000,1501234319000,111.231,111.234,111.223,111.226,170520000,1
1501234320000,1501234379000,111.226,111.239,111.226,111.237,119000000,1
1501234380000,1501234439000,111.237,111.238,111.234,111.235,104090000,1
1501234440000,1501234499000,111.235,111.235,111.21,111.219,101380000,1
1501234500000,1501234559000,111.218,111.228,111.208,111.217,126010000,1
1501234560000,1501234619000,111.218,111.232,111.218,111.221,138670000,1
1501234620000,1501234679000,111.222,111.23,111.221,111.229,60240000,1
1501234680000,1501234739000,111.228,111.231,111.221,111.227,66950000,1
1501234740000,1501234799000,111.228,111.239,111.225,111.225,117590000,1
1501234800000,1501234859000,111.226,111.227,111.219,111.224,106740000,1
1501234860000,1501234919000,111.223,111.223,111.215,111.215,45680000,1
1501234920000,1501234979000,111.216,111.223,111.207,111.213,92370000,1
1501234980000,1501235039000,111.213,111.22,111.207,111.219,63520000,1
1501235040000,1501235099000,111.219,111.226,111.216,111.218,83520000,1
1501235100000,1501235159000,111.218,111.239,111.218,111.233,149850000,1
1501235160000,1501235219000,111.233,111.25,111.233,111.25,87360000,1
1501235220000,1501235279000,111.25,111.252,111.239,111.241,104370000,1
1501235280000,1501235339000,111.242,111.248,111.239,111.245,52930000,1
1501235340000,1501235399000,111.247,111.25,111.236,111.25,76660000,1
1501235400000,1501235459000,111.25,111.251,111.239,111.248,83140000,1
1501235460000,1501235519000,111.246,111.246,111.239,111.24,82620000,1
1501235520000,1501235579000,111.24,111.25,111.235,111.245,75090000,1
1501235580000,1501235639000,111.246,111.254,111.244,111.248,213650000,1
1501235640000,1501235699000,111.247,111.247,111.234,111.247,170420000,1
1501235700000,1501235759000,111.247,111.249,111.238,111.238,118000000,1
1501235760000,1501235819000,111.238,111.238,111.234,111.236,147730000,1
1501235820000,1501235879000,111.236,111.24,111.223,111.228,85730000,1
1501235880000,1501235939000,111.229,111.238,111.224,111.23,178760000,1
1501235940000,1501235999000,111.23,111.237,111.223,111.235,182680000,1
1501236000000,1501236059000,111.236,111.254,111.223,111.254,238680000,1
1501236060000,1501236119000,111.256,111.259,111.244,111.245,148390000,1
1501236120000,1501236179000,111.246,111.246,111.209,111.23,141830000,1
1501236180000,1501236239000,111.231,111.236,111.222,111.227,138530000,1
1501236240000,1501236299000,111.227,111.241,111.227,111.236,119650000,1
1501236300000,1501236359000,111.236,111.242,111.231,111.236,227130000,1
1501236360000,1501236419000,111.236,111.237,111.224,111.234,120120000,1
1501236420000,1501236479000,111.233,111.233,111.203,111.203,174680000,1
1501236480000,1501236539000,111.205,111.21,111.195,111.195,97740000,1
1501236540000,1501236599000,111.194,111.197,111.19,111.193,127840000,1
1501236600000,1501236659000,111.193,111.202,111.193,111.195,94360000,1
1501236660000,1501236719000,111.194,111.199,111.187,111.189,151110000,1
1501236720000,1501236779000,111.188,111.193,111.181,111.183,128820000,1
1501236780000,1501236839000,111.185,111.189,111.181,111.185,125510000,1
1501236840000,1501236899000,111.184,111.188,111.177,111.188,73210000,1
1501236900000,1501236959000,111.188,111.207,111.187,111.188,90610000,1
1501236960000,1501237019000,111.188,111.195,111.176,111.177,67490000,1
1501237020000,1501237079000,111.176,111.182,111.173,111.178,48200000,1
1501237080000,1501237139000,111.179,111.184,111.168,111.176,115090000,1
1501237140000,1501237199000,111.176,111.183,111.17,111.183,109020000,1
1501237200000,1501237259000,111.183,111.194,111.183,111.194,121640000,1
1501237260000,1501237319000,111.195,111.195,111.157,111.162,101650000,1
1501237320000,1501237379000,111.164,111.169,111.143,111.143,131130000,1
1501237380000,1501237439000,111.144,111.149,111.126,111.144,175810000,1
1501237440000,1501237499000,111.144,111.148,111.117,111.138,151870000,1
1501237500000,1501237559000,111.138,111.16,111.137,111.153,119310000,1
1501237560000,1501237619000,111.153,111.17,111.152,111.167,355030000,1
1501237620000,1501237679000,111.166,111.171,111.161,111.161,117980000,1
1501237680000,1501237739000,111.161,111.165,111.16,111.165,60030000,1
1501237740000,1501237799000,111.166,111.172,111.159,111.159,107340000,1
1501237800000,1501237859000,111.159,111.182,111.159,111.179,56490000,1
1501237860000,1501237919000,111.18,111.191,111.18,111.184,99700000,1
1501237920000,1501237979000,111.184,111.195,111.174,111.176,100850000,1
1501237980000,1501238039000,111.176,111.183,111.171,111.179,75560000,1
1501238040000,1501238099000,111.178,111.181,111.169,111.172,96500000,1
1501238100000,1501238159000,111.172,111.181,111.164,111.164,95660000,1
1501238160000,1501238219000,111.163,111.17,111.162,111.169,51660000,1
1501238220000,1501238279000,111.169,111.178,111.168,111.168,84770000,1
1501238280000,1501238339000,111.169,111.187,111.169,111.184,71400000,1
1501238340000,1501238399000,111.183,111.195,111.178,111.194,115730000,1
1501238400000,1501238459000,111.195,111.198,111.188,111.197,141310000,1
1501238460000,1501238519000,111.198,111.214,111.194,111.207,108500000,1
1501238520000,1501238579000,111.208,111.208,111.192,111.197,123940000,1
1501238580000,1501238639000,111.196,111.222,111.193,111.221,180140000,1
1501238640000,1501238699000,111.219,111.229,111.213,111.229,170990000,1
1501238700000,1501238759000,111.228,111.228,111.219,111.22,116800000,1
1501238760000,1501238819000,111.22,111.221,111.21,111.219,121710000,1
1501238820000,1501238879000,111.219,111.219,111.213,111.213,43060000,1
1501238880000,1501238939000,111.215,111.229,111.215,111.224,97450000,1
1501238940000,1501238999000,111.224,111.224,111.199,111.199,136780000,1
1501239000000,1501239059000,111.201,111.209,111.198,111.208,125480000,1
1501239060000,1501239119000,111.208,111.209,111.2,111.201,56620000,1
1501239120000,1501239179000,111.2,111.205,111.2,111.202,91320000,1
1501239180000,1501239239000,111.202,111.225,111.202,111.22,98510000,1
1501239240000,1501239299000,111.22,111.228,111.214,111.22,142620000,1
1501239300000,1501239359000,111.223,111.23,111.222,111.226,98040000,1
1501239360000,1501239419000,111.226,111.237,111.222,111.235,92300000,1
1501239420000,1501239479000,111.235,111.235,111.213,111.233,58320000,1
1501239480000,1501239539000,111.23,111.236,111.22,111.22,133490000,1
1501239540000,1501239599000,111.22,111.23,111.22,111.222,118370000,1
1501239600000,1501239659000,111.226,111.229,111.207,111.208,116250000,1
1501239660000,1501239719000,111.209,111.213,111.207,111.213,70560000,1
1501239720000,1501239779000,111.214,111.214,111.201,111.207,100040000,1
1501239780000,1501239839000,111.207,111.211,111.204,111.21,88930000,1
1501239840000,1501239899000,111.209,111.23,111.209,111.23,104760000,1
1501239900000,1501239959000,111.231,111.234,111.218,111.22,120170000,1
1501239960000,1501240019000,111.223,111.227,111.207,111.209,75940000,1
1501240020000,1501240079000,111.208,111.212,111.203,111.204,60060000,1
1501240080000,1501240139000,111.204,111.205,111.197,111.2,84070000,1
1501240140000,1501240199000,111.2,111.205,111.2,111.201,59820000,1
1501240200000,1501240259000,111.2,111.202,111.198,111.2,64650000,1
1501240260000,1501240319000,111.2,111.2,111.193,111.196,78840000,1
1501240320000,1501240379000,111.198,111.199,111.193,111.194,116890000,1
1501240380000,1501240439000,111.196,111.21,111.192,111.2,155420000,1
1501240440000,1501240499000,111.198,111.209,111.187,111.203,188360000,1
1501240500000,1501240559000,111.203,111.232,111.201,111.232,179010000,1
1501240560000,1501240619000,111.231,111.233,111.221,111.221,163310000,1
1501240620000,1501240679000,111.222,111.225,111.213,111.219,154060000,1
1501240680000,1501240739000,111.218,111.219,111.211,111.214,135920000,1
1501240740000,1501240799000,111.215,111.224,111.215,111.222,124300000,1
1501240800000,1501240859000,111.224,111.228,111.213,111.214,76310000,1
1501240860000,1501240919000,111.213,111.215,111.207,111.214,88470000,1
1501240920000,1501240979000,111.215,111.226,111.213,111.221,140290000,1
1501240980000,1501241039000,111.22,111.221,111.201,111.209,159480000,1
1501241040000,1501241099000,111.209,111.223,111.209,111.22,165550000,1
1501241100000,1501241159000,111.221,111.232,111.217,111.217,188720000,1
1501241160000,1501241219000,111.217,111.218,111.213,111.218,69660000,1
1501241220000,1501241279000,111.22,111.247,111.213,111.245,112120000,1
1501241280000,1501241339000,111.245,111.271,111.243,111.266,102300000,1
1501241340000,1501241399000,111.267,111.288,111.266,111.267,214880000,1
1501241400000,1501241459000,111.267,111.273,111.262,111.273,82930000,1
1501241460000,1501241519000,111.272,111.272,111.261,111.267,121310000,1
1501241520000,1501241579000,111.267,111.267,111.262,111.262,139750000,1
1501241580000,1501241639000,111.263,111.276,111.262,111.262,130490000,1
1501241640000,1501241699000,111.264,111.265,111.254,111.254,83340000,1
1501241700000,1501241759000,111.254,111.257,111.252,111.256,76010000,1
1501241760000,1501241819000,111.255,111.259,111.244,111.247,185860000,1
1501241820000,1501241879000,111.248,111.262,111.248,111.257,136080000,1
1501241880000,1501241939000,111.256,111.258,111.253,111.254,137820000,1
1501241940000,1501241999000,111.255,111.255,111.244,111.246,104770000,1
1501242000000,1501242059000,111.246,111.246,111.242,111.245,47320000,1
1501242060000,1501242119000,111.246,111.253,111.242,111.243,93500000,1
1501242120000,1501242179000,111.244,111.247,111.241,111.242,93780000,1
1501242180000,1501242239000,111.241,111.241,111.234,111.239,149130000,1
1501242240000,1501242299000,111.24,111.241,111.23,111.231,109470000,1
1501242300000,1501242359000,111.231,111.239,111.23,111.235,67690000,1
1501242360000,1501242419000,111.235,111.238,111.234,111.237,65640000,1
1501242420000,1501242479000,111.238,111.256,111.238,111.256,112340000,1
1501242480000,1501242539000,111.258,111.262,111.244,111.254,152180000,1
1501242540000,1501242599000,111.253,111.254,111.249,111.25,54090000,1
1501242600000,1501242659000,111.251,111.257,111.248,111.249,61920000,1
1501242660000,1501242719000,111.248,111.253,111.247,111.25,57180000,1
1501242720000,1501242779000,111.249,111.25,111.24,111.241,159070000,1
1501242780000,1501242839000,111.242,111.243,111.215,111.226,187460000,1
1501242840000,1501242899000,111.225,111.225,111.214,111.223,174280000,1
1501242900000,1501242959000,111.22,111.224,111.212,111.217,155290000,1
1501242960000,1501243019000,111.218,111.227,111.215,111.224,111760000,1
1501243020000,1501243079000,111.225,111.23,111.222,111.23,57530000,1
1501243080000,1501243139000,111.229,111.24,111.229,111.23,125690000,1
1501243140000,1501243199000,111.23,111.243,111.229,111.242,119490000,1
1501243200000,1501243259000,111.244,111.244,111.225,111.23,107810000,1
1501243260000,1501243319000,111.23,111.253,111.23,111.245,163000000,1
1501243320000,1501243379000,111.244,111.244,111.225,111.229,182090000,1
1501243380000,1501243439000,111.229,111.231,111.215,111.222,161630000,1
1501243440000,1501243499000,111.222,111.227,111.211,111.215,136540000,1
1501243500000,1501243559000,111.215,111.215,111.193,111.206,147030000,1
1501243560000,1501243619000,111.207,111.207,111.194,111.206,110320000,1
1501243620000,1501243679000,111.207,111.21,111.2,111.206,97150000,1
1501243680000,1501243739000,111.207,111.209,111.195,111.198,99200000,1
1501243740000,1501243799000,111.199,111.205,111.193,111.195,59100000,1
1501243800000,1501243859000,111.196,111.198,111.165,111.172,157500000,1
1501243860000,1501243919000,111.173,111.192,111.173,111.175,133900000,1
1501243920000,1501243979000,111.175,111.178,111.163,111.171,89990000,1
1501243980000,1501244039000,111.172,111.176,111.164,111.165,82330000,1
1501244040000,1501244099000,111.164,111.164,111.14,111.156,82480000,1
1501244100000,1501244159000,111.155,111.163,111.117,111.122,170420000,1
1501244160000,1501244219000,111.126,111.136,111.107,111.115,150080000,1
1501244220000,1501244279000,111.114,111.115,111.096,111.102,213130000,1
1501244280000,1501244339000,111.102,111.108,111.096,111.104,98830000,1
1501244340000,1501244399000,111.104,111.123,111.104,111.123,152030000,1
1501244400000,1501244459000,111.12,111.12,111.067,111.073,212780000,1
1501244460000,1501244519000,111.074,111.089,111.073,111.088,154970000,1
1501244520000,1501244579000,111.088,111.107,111.08,111.103,135350000,1
1501244580000,1501244639000,111.103,111.124,111.094,111.123,128440000,1
1501244640000,1501244699000,111.123,111.135,111.12,111.13,156440000,1
1501244700000,1501244759000,111.129,111.14,111.105,111.138,230480000,1
1501244760000,1501244819000,111.139,111.183,111.132,111.175,230490000,1
1501244820000,1501244879000,111.174,111.179,111.16,111.178,127760000,1
1501244880000,1501244939000,111.178,111.191,111.175,111.18,166160000,1
1501244940000,1501244999000,111.18,111.189,111.155,111.177,293510000,1
1501245000000,1501245059000,111.177,111.182,110.975,111.028,551200000,1
1501245060000,1501245119000,111.028,111.04,110.857,110.901,443650000,1
1501245120000,1501245179000,110.903,110.917,110.839,110.891,453000000,1
1501245180000,1501245239000,110.889,110.896,110.853,110.861,409460000,1
1501245240000,1501245299000,110.861,110.913,110.861,110.907,328150000,1
1501245300000,1501245359000,110.909,110.92,110.89,110.897,371250000,1
1501245360000,1501245419000,110.899,110.996,110.894,110.995,442220000,1
1501245420000,1501245479000,110.997,111.012,110.979,110.98,371840000,1
1501245480000,1501245539000,110.979,110.999,110.957,110.999,317410000,1
1501245540000,1501245599000,111.006,111.052,111.005,111.051,364850000,1
1501245600000,1501245659000,111.051,111.053,110.999,110.999,366460000,1
1501245660000,1501245719000,111.0,111.011,110.969,110.989,360050000,1
1501245720000,1501245779000,111.0,111.041,110.999,111.025,384840000,1
1501245780000,1501245839000,111.024,111.031,110.999,110.999,321600000,1
1501245840000,1501245899000,110.997,111.013,110.98,110.994,265380000,1
1501245900000,1501245959000,110.993,110.993,110.948,110.966,330540000,1
1501245960000,1501246019000,110.967,110.986,110.95,110.958,268650000,1
1501246020000,1501246079000,110.958,111.005,110.953,110.953,216310000,1
1501246080000,1501246139000,110.953,110.976,110.924,110.963,235690000,1
1501246140000,1501246199000,110.965,111.048,110.965,111.035,242050000,1
1501246200000,1501246259000,111.038,111.054,111.026,111.026,201820000,1
1501246260000,1501246319000,111.026,111.097,111.02,111.09,312330000,1
1501246320000,1501246379000,111.089,111.092,111.038,111.038,243370000,1
1501246380000,1501246439000,111.039,111.054,111.034,111.044,161880000,1
1501246440000,1501246499000,111.043,111.099,111.036,111.08,269530000,1
1501246500000,1501246559000,111.083,111.083,111.067,111.075,224680000,1
1501246560000,1501246619000,111.076,111.077,111.028,111.063,215350000,1
1501246620000,1501246679000,111.064,111.09,111.059,111.083,182510000,1
1501246680000,1501246739000,111.082,111.129,111.066,111.103,355570000,1
1501246740000,1501246799000,111.103,111.14,111.1,111.126,304620000,1
1501246800000,1501246859000,111.124,111.147,111.104,111.111,258200000,1
1501246860000,1501246919000,111.108,111.108,111.083,111.107,233540000,1
1501246920000,1501246979000,111.108,111.118,111.066,111.081,260540000,1
1501246980000,1501247039000,111.081,111.104,111.073,111.089,208570000,1
1501247040000,1501247099000,111.089,111.114,111.089,111.099,138740000,1
1501247100000,1501247159000,111.098,111.1,111.049,111.052,195550000,1
1501247160000,1501247219000,111.055,111.08,111.048,111.073,102980000,1
1501247220000,1501247279000,111.072,111.073,111.042,111.054,200090000,1
1501247280000,1501247339000,111.053,111.071,111.046,111.069,133670000,1
1501247340000,1501247399000,111.069,111.069,111.059,111.068,101030000,1
1501247400000,1501247459000,111.072,111.112,111.071,111.109,187640000,1
1501247460000,1501247519000,111.108,111.15,111.097,111.15,307630000,1
1501247520000,1501247579000,111.152,111.185,111.151,111.157,289450000,1
1501247580000,1501247639000,111.156,111.158,111.127,111.132,270070000,1
1501247640000,1501247699000,111.131,111.135,111.122,111.126,265870000,1
1501247700000,1501247759000,111.128,111.147,111.128,111.132,306220000,1
1501247760000,1501247819000,111.132,111.138,111.079,111.087,319070000,1
1501247820000,1501247879000,111.086,111.091,111.06,111.091,288070000,1
1501247880000,1501247939000,111.095,111.1,111.071,111.071,214530000,1
1501247940000,1501247999000,111.07,111.08,111.049,111.05,136550000,1
1501248000000,1501248059000,111.05,111.088,111.05,111.084,174980000,1
1501248060000,1501248119000,111.085,111.106,111.08,111.103,130230000,1
1501248120000,1501248179000,111.103,111.126,111.079,111.084,249220000,1
1501248180000,1501248239000,111.083,111.084,111.051,111.067,195830000,1
1501248240000,1501248299000,111.067,111.092,111.047,111.048,201710000,1
1501248300000,1501248359000,111.049,111.058,111.019,111.058,169870000,1
1501248360000,1501248419000,111.058,111.066,111.05,111.059,106020000,1
1501248420000,1501248479000,111.058,111.082,111.056,111.082,122850000,1
1501248480000,1501248539000,111.081,111.085,111.075,111.081,201960000,1
1501248540000,1501248599000,111.081,111.091,111.08,111.083,201480000,1
1501248600000,1501248659000,111.083,111.112,111.054,111.073,307110000,1
1501248660000,1501248719000,111.071,111.076,111.053,111.067,347740000,1
1501248720000,1501248779000,111.063,111.08,111.041,111.054,208860000,1
1501248780000,1501248839000,111.052,111.052,111.038,111.047,165080000,1
1501248840000,1501248899000,111.046,111.055,111.007,111.007,220790000,1
1501248900000,1501248959000,111.008,111.049,111.008,111.026,324200000,1
1501248960000,1501249019000,111.028,111.036,111.018,111.025,372130000,1
1501249020000,1501249079000,111.021,111.032,111.004,111.028,256650000,1
1501249080000,1501249139000,111.028,111.035,111.008,111.018,273990000,1
1501249140000,1501249199000,111.018,111.031,111.0,111.022,251700000,1
1501249200000,1501249259000,111.024,111.041,111.002,111.013,228460000,1
1501249260000,1501249319000,111.015,111.026,111.005,111.02,287480000,1
1501249320000,1501249379000,111.02,111.055,111.019,111.043,280870000,1
1501249380000,1501249439000,111.044,111.052,111.011,111.018,319370000,1
1501249440000,1501249499000,111.018,111.025,110.997,111.019,283920000,1
1501249500000,1501249559000,111.018,111.023,110.999,111.002,223450000,1
1501249560000,1501249619000,111.001,111.014,111.001,111.008,97350000,1
1501249620000,1501249679000,111.011,111.03,111.011,111.021,122200000,1
1501249680000,1501249739000,111.022,111.033,110.955,110.969,228130000,1
1501249740000,1501249799000,110.966,110.993,110.965,110.992,339920000,1
1501249800000,1501249859000,110.994,111.0,110.979,110.982,280650000,1
1501249860000,1501249919000,110.984,110.996,110.966,110.987,248500000,1
1501249920000,1501249979000,110.986,111.003,110.974,110.988,201340000,1
1501249980000,1501250039000,110.989,111.012,110.988,110.994,245280000,1
1501250040000,1501250099000,110.993,111.012,110.977,111.0,226260000,1
1501250100000,1501250159000,111.0,111.025,110.991,111.016,241630000,1
1501250160000,1501250219000,111.017,111.026,111.007,111.025,111510000,1
1501250220000,1501250279000,111.024,111.024,110.998,110.999,156600000,1
1501250280000,1501250339000,110.999,111.002,110.989,110.991,124310000,1
1501250340000,1501250399000,110.991,111.008,110.99,110.995,138410000,1
1501250400000,1501250459000,110.996,111.043,110.975,111.029,253680000,1
1501250460000,1501250519000,111.03,111.039,110.92,110.943,291160000,1
1501250520000,1501250579000,110.944,110.964,110.94,110.951,172770000,1
1501250580000,1501250639000,110.952,110.963,110.906,110.906,304610000,1
1501250640000,1501250699000,110.906,110.94,110.9,110.932,249290000,1
1501250700000,1501250759000,110.932,110.936,110.92,110.932,111420000,1
1501250760000,1501250819000,110.935,110.943,110.923,110.931,234670000,1
1501250820000,1501250879000,110.931,110.937,110.89,110.896,325950000,1
1501250880000,1501250939000,110.896,110.91,110.884,110.909,227740000,1
1501250940000,1501250999000,110.908,110.941,110.906,110.939,260130000,1
1501251000000,1501251059000,110.938,110.951,110.934,110.946,123500000,1
1501251060000,1501251119000,110.945,110.952,110.918,110.95,184400000,1
1501251120000,1501251179000,110.948,110.987,110.939,110.979,306380000,1
1501251180000,1501251239000,110.982,110.987,110.975,110.981,280490000,1
1501251240000,1501251299000,110.98,111.022,110.974,111.006,213070000,1
1501251300000,1501251359000,111.009,111.01,110.987,110.992,143730000,1
1501251360000,1501251419000,110.992,111.006,110.981,110.999,142050000,1
1501251420000,1501251479000,110.999,110.999,110.969,110.976,285650000,1
1501251480000,1501251539000,110.976,110.978,110.956,110.968,238310000,1
1501251540000,1501251599000,110.967,111.0,110.958,110.976,172620000,1
1501251600000,1501251659000,110.979,110.979,110.968,110.973,205790000,1
1501251660000,1501251719000,110.971,110.974,110.955,110.957,162960000,1
1501251720000,1501251779000,110.958,110.962,110.925,110.95,255440000,1
1501251780000,1501251839000,110.95,110.958,110.938,110.958,114260000,1
1501251840000,1501251899000,110.957,110.981,110.956,110.97,164520000,1
1501251900000,1501251959000,110.968,110.998,110.964,110.982,206750000,1
1501251960000,1501252019000,110.981,110.983,110.954,110.965,241150000,1
1501252020000,1501252079000,110.966,110.97,110.932,110.969,221460000,1
1501252080000,1501252139000,110.969,110.987,110.96,110.979,213450000,1
1501252140000,1501252199000,110.978,110.996,110.975,110.977,178130000,1
1501252200000,1501252259000,110.976,110.999,110.968,110.992,224790000,1
1501252260000,1501252319000,110.992,111.008,110.984,111.006,238970000,1
1501252320000,1501252379000,111.007,111.015,110.996,111.012,189210000,1
1501252380000,1501252439000,111.012,111.042,110.973,110.973,220490000,1
1501252440000,1501252499000,110.973,110.977,110.877,110.883,382740000,1
1501252500000,1501252559000,110.886,110.905,110.867,110.903,304510000,1
1501252560000,1501252619000,110.905,110.914,110.87,110.88,245170000,1
1501252620000,1501252679000,110.881,110.938,110.881,110.917,259340000,1
1501252680000,1501252739000,110.915,110.924,110.905,110.915,208280000,1
1501252740000,1501252799000,110.914,110.921,110.881,110.899,236520000,1
1501252800000,1501252859000,110.899,110.982,110.881,110.975,256690000,1
1501252860000,1501252919000,110.975,110.989,110.957,110.976,209470000,1
1501252920000,1501252979000,110.977,110.998,110.975,110.977,241480000,1
1501252980000,1501253039000,110.975,111.015,110.97,111.015,197090000,1
1501253040000,1501253099000,111.014,111.032,110.994,111.032,175270000,1
1501253100000,1501253159000,111.032,111.042,111.008,111.008,273690000,1
1501253160000,1501253219000,111.01,111.011,110.99,110.991,207730000,1
1501253220000,1501253279000,110.991,110.999,110.982,110.99,144450000,1
1501253280000,1501253339000,110.989,111.015,110.985,110.988,186600000,1
1501253340000,1501253399000,110.988,110.994,110.983,110.99,116480000,1
1501253400000,1501253459000,110.992,110.995,110.943,110.952,195000000,1
1501253460000,1501253519000,110.954,110.97,110.953,110.963,153150000,1
1501253520000,1501253579000,110.963,110.967,110.928,110.931,240130000,1
1501253580000,1501253639000,110.929,110.947,110.914,110.941,158500000,1
1501253640000,1501253699000,110.943,110.943,110.9,110.925,214370000,1
1501253700000,1501253759000,110.924,110.969,110.921,110.957,356970000,1
1501253760000,1501253819000,110.957,110.967,110.946,110.957,207270000,1
1501253820000,1501253879000,110.96,110.963,110.872,110.922,304170000,1
1501253880000,1501253939000,110.921,110.958,110.921,110.952,274420000,1
1501253940000,1501253999000,110.951,110.997,110.935,110.943,341980000,1
1501254000000,1501254059000,110.939,110.99,110.929,110.968,360560000,1
1501254060000,1501254119000,110.968,110.973,110.926,110.956,325480000,1
1501254120000,1501254179000,110.955,110.96,110.927,110.953,147090000,1
1501254180000,1501254239000,110.954,110.964,110.912,110.917,236310000,1
1501254240000,1501254299000,110.916,110.934,110.901,110.92,197320000,1
1501254300000,1501254359000,110.92,110.928,110.893,110.914,223710000,1
1501254360000,1501254419000,110.913,110.946,110.913,110.926,202570000,1
1501254420000,1501254479000,110.925,110.925,110.734,110.803,387350000,1
1501254480000,1501254539000,110.803,110.824,110.725,110.824,534790000,1
1501254540000,1501254599000,110.823,110.857,110.819,110.836,352690000,1
1501254600000,1501254659000,110.836,110.84,110.759,110.786,413060000,1
1501254660000,1501254719000,110.784,110.811,110.774,110.802,269210000,1
1501254720000,1501254779000,110.801,110.801,110.751,110.78,317410000,1
1501254780000,1501254839000,110.779,110.81,110.779,110.809,307510000,1
1501254840000,1501254899000,110.812,110.821,110.719,110.792,381930000,1
1501254900000,1501254959000,110.794,110.802,110.732,110.798,407660000,1
1501254960000,1501255019000,110.796,110.822,110.775,110.795,304670000,1
1501255020000,1501255079000,110.794,110.843,110.794,110.8,281890000,1
1501255080000,1501255139000,110.8,110.822,110.759,110.784,266980000,1
1501255140000,1501255199000,110.784,110.787,110.754,110.78,246020000,1
1501255200000,1501255259000,110.779,110.779,110.74,110.774,269870000,1
1501255260000,1501255319000,110.769,110.782,110.752,110.764,191950000,1
1501255320000,1501255379000,110.765,110.766,110.695,110.731,347550000,1
1501255380000,1501255439000,110.731,110.764,110.731,110.742,263640000,1
1501255440000,1501255499000,110.743,110.753,110.724,110.739,197850000,1
1501255500000,1501255559000,110.741,110.75,110.697,110.697,239170000,1
1501255560000,1501255619000,110.694,110.739,110.694,110.718,246120000,1
1501255620000,1501255679000,110.72,110.748,110.718,110.742,211620000,1
1501255680000,1501255739000,110.741,110.753,110.728,110.743,236170000,1
1501255740000,1501255799000,110.743,110.75,110.734,110.741,152430000,1
1501255800000,1501255859000,110.741,110.742,110.69,110.734,280470000,1
1501255860000,1501255919000,110.734,110.743,110.713,110.738,261760000,1
1501255920000,1501255979000,110.735,110.744,110.723,110.738,173820000,1
1501255980000,1501256039000,110.737,110.745,110.712,110.715,205350000,1
1501256040000,1501256099000,110.714,110.729,110.698,110.698,240050000,1
1501256100000,1501256159000,110.692,110.731,110.69,110.727,240890000,1
1501256160000,1501256219000,110.729,110.729,110.67,110.694,293360000,1
1501256220000,1501256279000,110.698,110.703,110.67,110.681,198390000,1
1501256280000,1501256339000,110.683,110.725,110.681,110.712,241670000,1
1501256340000,1501256399000,110.711,110.725,110.708,110.717,188690000,1
1501256400000,1501256459000,110.713,110.713,110.682,110.697,195030000,1
1501256460000,1501256519000,110.699,110.713,110.69,110.704,181980000,1
1501256520000,1501256579000,110.704,110.753,110.704,110.741,202150000,1
1501256580000,1501256639000,110.742,110.751,110.733,110.735,147490000,1
1501256640000,1501256699000,110.736,110.741,110.701,110.719,135470000,1
1501256700000,1501256759000,110.719,110.738,110.718,110.738,66960000,1
1501256760000,1501256819000,110.737,110.767,110.733,110.765,123320000,1
1501256820000,1501256879000,110.766,110.836,110.762,110.817,299370000,1
1501256880000,1501256939000,110.815,110.825,110.81,110.812,133970000,1
1501256940000,1501256999000,110.81,110.825,110.807,110.818,160000000,1
1501257000000,1501257059000,110.818,110.832,110.809,110.819,130890000,1
1501257060000,1501257119000,110.818,110.823,110.809,110.816,114230000,1
1501257120000,1501257179000,110.816,110.816,110.795,110.797,149380000,1
1501257180000,1501257239000,110.796,110.808,110.795,110.797,124890000,1
1501257240000,1501257299000,110.798,110.803,110.793,110.803,99540000,1
1501257300000,1501257359000,110.805,110.807,110.798,110.804,95650000,1
1501257360000,1501257419000,110.803,110.823,110.794,110.818,181370000,1
1501257420000,1501257479000,110.819,110.823,110.79,110.792,106650000,1
1501257480000,1501257539000,110.792,110.809,110.789,110.792,125970000,1
1501257540000,1501257599000,110.791,110.836,110.783,110.835,178570000,1
1501257600000,1501257659000,110.84,110.873,110.827,110.827,200590000,1
1501257660000,1501257719000,110.826,110.83,110.812,110.822,231280000,1
1501257720000,1501257779000,110.823,110.833,110.811,110.811,177290000,1
1501257780000,1501257839000,110.811,110.813,110.792,110.797,155260000,1
1501257840000,1501257899000,110.798,110.833,110.798,110.83,117020000,1
1501257900000,1501257959000,110.829,110.867,110.824,110.855,224620000,1
1501257960000,1501258019000,110.853,110.855,110.841,110.849,124020000,1
1501258020000,1501258079000,110.849,110.849,110.837,110.84,68210000,1
1501258080000,1501258139000,110.838,110.849,110.83,110.843,77630000,1
1501258140000,1501258199000,110.843,110.859,110.836,110.859,194540000,1
1501258200000,1501258259000,110.859,110.88,110.859,110.865,208230000,1
1501258260000,1501258319000,110.866,110.879,110.86,110.86,107630000,1
1501258320000,1501258379000,110.86,110.881,110.859,110.873,110440000,1
1501258380000,1501258439000,110.874,110.914,110.874,110.888,154740000,1
1501258440000,1501258499000,110.886,110.886,110.861,110.865,97750000,1
1501258500000,1501258559000,110.864,110.869,110.853,110.859,88440000,1
1501258560000,1501258619000,110.858,110.868,110.856,110.864,92420000,1
1501258620000,1501258679000,110.865,110.872,110.855,110.858,424390000,1
1501258680000,1501258739000,110.857,110.863,110.856,110.86,85280000,1
1501258740000,1501258799000,110.86,110.86,110.851,110.851,64930000,1
1501258800000,1501258859000,110.852,110.858,110.845,110.851,167380000,1
1501258860000,1501258919000,110.851,110.856,110.845,110.847,60740000,1
1501258920000,1501258979000,110.847,110.869,110.827,110.828,176420000,1
1501258980000,1501259039000,110.829,110.831,110.809,110.815,109850000,1
1501259040000,1501259099000,110.816,110.828,110.816,110.823,99560000,1
1501259100000,1501259159000,110.822,110.823,110.809,110.809,77370000,1
1501259160000,1501259219000,110.81,110.827,110.81,110.826,78450000,1
1501259220000,1501259279000,110.827,110.838,110.82,110.823,76530000,1
1501259280000,1501259339000,110.825,110.836,110.822,110.834,84090000,1
1501259340000,1501259399000,110.834,110.838,110.833,110.834,61270000,1
1501259400000,1501259459000,110.833,110.859,110.833,110.836,139070000,1
1501259460000,1501259519000,110.834,110.839,110.833,110.834,77780000,1
1501259520000,1501259579000,110.833,110.838,110.828,110.828,72710000,1
1501259580000,1501259639000,110.827,110.832,110.82,110.824,87830000,1
1501259640000,1501259699000,110.823,110.836,110.823,110.828,46590000,1
1501259700000,1501259759000,110.828,110.833,110.825,110.833,57020000,1
1501259760000,1501259819000,110.83,110.83,110.82,110.82,116530000,1
1501259820000,1501259879000,110.82,110.82,110.801,110.808,137970000,1
1501259880000,1501259939000,110.808,110.816,110.808,110.816,40830000,1
1501259940000,1501259999000,110.819,110.826,110.814,110.826,77420000,1
1501260000000,1501260059000,110.825,110.829,110.821,110.822,46530000,1
1501260060000,1501260119000,110.819,110.821,110.816,110.821,40480000,1
1501260120000,1501260179000,110.82,110.823,110.8,110.805,84970000,1
1501260180000,1501260239000,110.805,110.805,110.794,110.795,81930000,1
1501260240000,1501260299000,110.795,110.803,110.784,110.791,100800000,1
1501260300000,1501260359000,110.791,110.797,110.791,110.796,68150000,1
1501260360000,1501260419000,110.797,110.822,110.797,110.81,106310000,1
1501260420000,1501260479000,110.81,110.812,110.798,110.801,104590000,1
1501260480000,1501260539000,110.803,110.809,110.803,110.808,89430000,1
1501260540000,1501260599000,110.808,110.816,110.794,110.803,99270000,1
1501260600000,1501260659000,110.802,110.804,110.788,110.801,65740000,1
1501260660000,1501260719000,110.801,110.833,110.801,110.823,92340000,1
1501260720000,1501260779000,110.822,110.829,110.804,110.805,112100000,1
1501260780000,1501260839000,110.806,110.824,110.804,110.81,86420000,1
1501260840000,1501260899000,110.814,110.814,110.794,110.809,83050000,1
1501260900000,1501260959000,110.813,110.828,110.809,110.827,124450000,1
1501260960000,1501261019000,110.827,110.833,110.816,110.817,100630000,1
1501261020000,1501261079000,110.816,110.835,110.816,110.835,79320000,1
1501261080000,1501261139000,110.836,110.846,110.834,110.84,120030000,1
1501261140000,1501261199000,110.839,110.847,110.831,110.841,106690000,1
1501261200000,1501261259000,110.837,110.84,110.833,110.834,68620000,1
1501261260000,1501261319000,110.832,110.833,110.822,110.833,80850000,1
1501261320000,1501261379000,110.831,110.831,110.822,110.822,124350000,1
1501261380000,1501261439000,110.818,110.834,110.816,110.834,103340000,1
1501261440000,1501261499000,110.833,110.834,110.803,110.809,78020000,1
1501261500000,1501261559000,110.809,110.809,110.791,110.796,48150000,1
1501261560000,1501261619000,110.797,110.803,110.791,110.791,74760000,1
1501261620000,1501261679000,110.79,110.8,110.78,110.798,86330000,1
1501261680000,1501261739000,110.799,110.799,110.787,110.792,82080000,1
1501261740000,1501261799000,110.791,110.791,110.785,110.787,97490000,1
1501261800000,1501261859000,110.786,110.79,110.778,110.779,100560000,1
1501261860000,1501261919000,110.779,110.803,110.779,110.795,103100000,1
1501261920000,1501261979000,110.797,110.824,110.796,110.822,149930000,1
1501261980000,1501262039000,110.822,110.822,110.817,110.817,52660000,1
1501262040000,1501262099000,110.817,110.822,110.814,110.816,116670000,1
1501262100000,1501262159000,110.817,110.817,110.809,110.81,118010000,1
1501262160000,1501262219000,110.81,110.82,110.81,110.815,112640000,1
1501262220000,1501262279000,110.816,110.821,110.814,110.82,72810000,1
1501262280000,1501262339000,110.821,110.821,110.815,110.817,33560000,1
1501262340000,1501262399000,110.816,110.821,110.813,110.819,118630000,1
1501262400000,1501262459000,110.818,110.822,110.81,110.81,92760000,1
1501262460000,1501262519000,110.81,110.811,110.806,110.809,35920000,1
1501262520000,1501262579000,110.81,110.826,110.797,110.822,87430000,1
1501262580000,1501262639000,110.823,110.832,110.81,110.81,119460000,1
1501262640000,1501262699000,110.808,110.82,110.803,110.82,92250000,1
1501262700000,1501262759000,110.82,110.837,110.818,110.827,73610000,1
1501262760000,1501262819000,110.827,110.827,110.815,110.82,90080000,1
1501262820000,1501262879000,110.819,110.82,110.81,110.815,96260000,1
1501262880000,1501262939000,110.815,110.816,110.813,110.816,46160000,1
1501262940000,1501262999000,110.815,110.822,110.799,110.814,147340000,1
1501263000000,1501263059000,110.814,110.826,110.813,110.826,113560000,1
1501263060000,1501263119000,110.826,110.838,110.82,110.82,101180000,1
1501263120000,1501263179000,110.819,110.82,110.809,110.809,110890000,1
1501263180000,1501263239000,110.808,110.814,110.784,110.786,101630000,1
1501263240000,1501263299000,110.785,110.814,110.784,110.814,128800000,1
1501263300000,1501263359000,110.812,110.816,110.804,110.814,83290000,1
1501263360000,1501263419000,110.814,110.816,110.808,110.814,89420000,1
1501263420000,1501263479000,110.814,110.822,110.814,110.82,45030000,1
1501263480000,1501263539000,110.82,110.82,110.814,110.815,71640000,1
1501263540000,1501263599000,110.814,110.832,110.814,110.827,68190000,1
1501263600000,1501263659000,110.828,110.838,110.827,110.838,72910000,1
1501263660000,1501263719000,110.837,110.841,110.832,110.834,106650000,1
1501263720000,1501263779000,110.838,110.839,110.826,110.826,187810000,1
1501263780000,1501263839000,110.827,110.831,110.822,110.824,58850000,1
1501263840000,1501263899000,110.821,110.828,110.821,110.828,50660000,1
1501263900000,1501263959000,110.83,110.83,110.803,110.813,51470000,1
1501263960000,1501264019000,110.815,110.827,110.814,110.824,83150000,1
1501264020000,1501264079000,110.824,110.827,110.821,110.823,71170000,1
1501264080000,1501264139000,110.825,110.825,110.816,110.819,76030000,1
1501264140000,1501264199000,110.819,110.819,110.819,110.819,25120000,1
1501264200000,1501264259000,110.819,110.828,110.818,110.818,65550000,1
1501264260000,1501264319000,110.817,110.82,110.802,110.815,51860000,1
1501264320000,1501264379000,110.815,110.823,110.811,110.819,55830000,1
1501264380000,1501264439000,110.819,110.827,110.813,110.827,94280000,1
1501264440000,1501264499000,110.827,110.838,110.822,110.822,107610000,1
1501264500000,1501264559000,110.824,110.825,110.807,110.807,54820000,1
1501264560000,1501264619000,110.807,110.814,110.805,110.813,78240000,1
1501264620000,1501264679000,110.813,110.816,110.811,110.811,75710000,1
1501264680000,1501264739000,110.809,110.82,110.809,110.82,80350000,1
1501264740000,1501264799000,110.822,110.828,110.814,110.815,53760000,1
1501264800000,1501264859000,110.814,110.825,110.812,110.823,65760000,1
1501264860000,1501264919000,110.825,110.845,110.821,110.845,93120000,1
1501264920000,1501264979000,110.845,110.853,110.833,110.833,113040000,1
1501264980000,1501265039000,110.833,110.833,110.825,110.828,44460000,1
1501265040000,1501265099000,110.828,110.839,110.828,110.833,61320000,1
1501265100000,1501265159000,110.834,110.838,110.829,110.838,65500000,1
1501265160000,1501265219000,110.838,110.838,110.831,110.832,61280000,1
1501265220000,1501265279000,110.831,110.832,110.826,110.826,74550000,1
1501265280000,1501265339000,110.826,110.827,110.825,110.826,20810000,1
1501265340000,1501265399000,110.826,110.826,110.813,110.816,61010000,1
1501265400000,1501265459000,110.817,110.831,110.816,110.829,66850000,1
1501265460000,1501265519000,110.829,110.829,110.815,110.821,40320000,1
1501265520000,1501265579000,110.82,110.823,110.811,110.821,51450000,1
1501265580000,1501265639000,110.822,110.822,110.814,110.815,48930000,1
1501265640000,1501265699000,110.815,110.815,110.808,110.81,45890000,1
1501265700000,1501265759000,110.81,110.821,110.81,110.82,73880000,1
1501265760000,1501265819000,110.819,110.819,110.803,110.807,79170000,1
1501265820000,1501265879000,110.807,110.815,110.8,110.813,130490000,1
1501265880000,1501265939000,110.814,110.814,110.802,110.802,100730000,1
1501265940000,1501265999000,110.804,110.807,110.796,110.796,172130000,1
1501266000000,1501266059000,110.795,110.799,110.789,110.795,83680000,1
1501266060000,1501266119000,110.795,110.798,110.79,110.796,87820000,1
1501266120000,1501266179000,110.798,110.798,110.789,110.789,44350000,1
1501266180000,1501266239000,110.788,110.797,110.783,110.797,121400000,1
1501266240000,1501266299000,110.795,110.796,110.79,110.796,123380000,1
1501266300000,1501266359000,110.796,110.798,110.785,110.793,35230000,1
1501266360000,1501266419000,110.796,110.803,110.777,110.777,103550000,1
1501266420000,1501266479000,110.777,110.777,110.742,110.753,162550000,1
1501266480000,1501266539000,110.754,110.766,110.753,110.756,106210000,1
1501266540000,1501266599000,110.756,110.764,110.755,110.764,100840000,1
1501266600000,1501266659000,110.763,110.778,110.755,110.77,95310000,1
1501266660000,1501266719000,110.769,110.783,110.769,110.783,96470000,1
1501266720000,1501266779000,110.786,110.791,110.785,110.786,39320000,1
1501266780000,1501266839000,110.786,110.792,110.785,110.785,77770000,1
1501266840000,1501266899000,110.783,110.787,110.771,110.772,109660000,1
1501266900000,1501266959000,110.773,110.773,110.765,110.765,121050000,1
1501266960000,1501267019000,110.765,110.765,110.735,110.741,79670000,1
1501267020000,1501267079000,110.742,110.748,110.741,110.748,18820000,1
1501267080000,1501267139000,110.749,110.755,110.747,110.747,22240000,1
1501267140000,1501267199000,110.748,110.748,110.747,110.748,34600000,1
1501267200000,1501267259000,110.747,110.77,110.747,110.754,192480000,1
1501267260000,1501267319000,110.75,110.753,110.745,110.753,115410000,1
1501267320000,1501267379000,110.752,110.752,110.734,110.74,109610000,1
1501267380000,1501267439000,110.739,110.744,110.735,110.74,72200000,1
1501267440000,1501267499000,110.741,110.741,110.711,110.722,122710000,1
1501267500000,1501267559000,110.722,110.728,110.716,110.721,98880000,1
1501267560000,1501267619000,110.721,110.721,110.697,110.711,111020000,1
1501267620000,1501267679000,110.714,110.721,110.709,110.716,54650000,1
1501267680000,1501267739000,110.717,110.721,110.709,110.711,79650000,1
1501267740000,1501267799000,110.71,110.711,110.705,110.706,67640000,1
1501267800000,1501267859000,110.707,110.709,110.698,110.698,204440000,1
1501267860000,1501267919000,110.699,110.704,110.697,110.697,119270000,1
1501267920000,1501267979000,110.697,110.697,110.69,110.69,186300000,1
1501267980000,1501268039000,110.69,110.691,110.678,110.679,152180000,1
1501268040000,1501268099000,110.679,110.679,110.601,110.605,239190000,1
1501268100000,1501268159000,110.606,110.633,110.605,110.631,236400000,1
1501268160000,1501268219000,110.631,110.651,110.63,110.636,109610000,1
1501268220000,1501268279000,110.635,110.635,110.618,110.62,337700000,1
1501268280000,1501268339000,110.619,110.621,110.602,110.603,72460000,1
1501268340000,1501268399000,110.604,110.614,110.582,110.59,250570000,1
1501268400000,1501268459000,110.59,110.597,110.548,110.596,184930000,1
1501268460000,1501268519000,110.597,110.635,110.596,110.634,109350000,1
1501268520000,1501268579000,110.633,110.645,110.627,110.64,151810000,1
1501268580000,1501268639000,110.64,110.647,110.623,110.625,181550000,1
1501268640000,1501268699000,110.624,110.642,110.621,110.631,233710000,1
1501268700000,1501268759000,110.632,110.637,110.621,110.625,203470000,1
1501268760000,1501268819000,110.625,110.638,110.62,110.625,71950000,1
1501268820000,1501268879000,110.625,110.625,110.613,110.614,67260000,1
1501268880000,1501268939000,110.613,110.626,110.61,110.62,105710000,1
1501268940000,1501268999000,110.623,110.623,110.615,110.617,79230000,1
1501269000000,1501269059000,110.617,110.617,110.599,110.607,90580000,1
1501269060000,1501269119000,110.608,110.608,110.594,110.595,92240000,1
1501269120000,1501269179000,110.595,110.606,110.591,110.596,94610000,1
1501269180000,1501269239000,110.596,110.597,110.584,110.587,68580000,1
1501269240000,1501269299000,110.585,110.606,110.576,110.596,176810000,1
1501269300000,1501269359000,110.596,110.601,110.573,110.577,181470000,1
1501269360000,1501269419000,110.58,110.596,110.58,110.595,97240000,1
1501269420000,1501269479000,110.594,110.594,110.587,110.588,60060000,1
1501269480000,1501269539000,110.588,110.594,110.581,110.592,75270000,1
1501269540000,1501269599000,110.591,110.614,110.591,110.606,108130000,1
1501269600000,1501269659000,110.607,110.607,110.59,110.593,65720000,1
1501269660000,1501269719000,110.594,110.595,110.587,110.588,81840000,1
1501269720000,1501269779000,110.588,110.591,110.58,110.591,182910000,1
1501269780000,1501269839000,110.591,110.593,110.589,110.591,59460000,1
1501269840000,1501269899000,110.591,110.615,110.583,110.603,171710000,1
1501269900000,1501269959000,110.603,110.605,110.599,110.603,134110000,1
1501269960000,1501270019000,110.603,110.628,110.603,110.628,120540000,1
1501270020000,1501270079000,110.626,110.635,110.614,110.628,113980000,1
1501270080000,1501270139000,110.628,110.629,110.607,110.607,103980000,1
1501270140000,1501270199000,110.608,110.614,110.603,110.607,93840000,1
1501270200000,1501270259000,110.606,110.614,110.602,110.606,159540000,1
1501270260000,1501270319000,110.607,110.609,110.591,110.591,263260000,1
1501270320000,1501270379000,110.591,110.595,110.584,110.591,214640000,1
1501270380000,1501270439000,110.592,110.592,110.584,110.584,360340000,1
1501270440000,1501270499000,110.577,110.597,110.573,110.596,208850000,1
1501270500000,1501270559000,110.601,110.604,110.591,110.592,159820000,1
1501270560000,1501270619000,110.591,110.596,110.59,110.596,133140000,1
1501270620000,1501270679000,110.597,110.6,110.572,110.578,98510000,1
1501270680000,1501270739000,110.577,110.584,110.573,110.584,230300000,1
1501270740000,1501270799000,110.584,110.584,110.579,110.583,132650000,1
1501270800000,1501270859000,110.585,110.6,110.58,110.598,167320000,1
1501270860000,1501270919000,110.598,110.609,110.598,110.608,108960000,1
1501270920000,1501270979000,110.608,110.609,110.603,110.603,118590000,1
1501270980000,1501271039000,110.603,110.609,110.602,110.609,57090000,1
1501271040000,1501271099000,110.609,110.61,110.59,110.591,125980000,1
1501271100000,1501271159000,110.592,110.62,110.59,110.612,131840000,1
1501271160000,1501271219000,110.612,110.612,110.601,110.603,56250000,1
1501271220000,1501271279000,110.603,110.61,110.595,110.606,104530000,1
1501271280000,1501271339000,110.608,110.614,110.606,110.608,95130000,1
1501271340000,1501271399000,110.607,110.609,110.598,110.607,104900000,1
1501271400000,1501271459000,110.604,110.622,110.604,110.61,65250000,1
1501271460000,1501271519000,110.609,110.611,110.606,110.609,99090000,1
1501271520000,1501271579000,110.609,110.609,110.6,110.601,44820000,1
1501271580000,1501271639000,110.602,110.602,110.583,110.589,167820000,1
1501271640000,1501271699000,110.588,110.588,110.578,110.584,94300000,1
1501271700000,1501271759000,110.585,110.607,110.585,110.603,131640000,1
1501271760000,1501271819000,110.602,110.607,110.596,110.602,149340000,1
1501271820000,1501271879000,110.603,110.603,110.588,110.593,180670000,1
1501271880000,1501271939000,110.592,110.603,110.588,110.603,141100000,1
1501271940000,1501271999000,110.602,110.602,110.571,110.577,258050000,1
1501272000000,1501272059000,110.577,110.585,110.572,110.572,164540000,1
1501272060000,1501272119000,110.573,110.58,110.57,110.575,148440000,1
1501272120000,1501272179000,110.575,110.582,110.575,110.579,115470000,1
1501272180000,1501272239000,110.579,110.59,110.577,110.589,113020000,1
1501272240000,1501272299000,110.59,110.591,110.58,110.582,104990000,1
1501272300000,1501272359000,110.581,110.586,110.579,110.584,189820000,1
1501272360000,1501272419000,110.584,110.587,110.58,110.585,169240000,1
1501272420000,1501272479000,110.585,110.6,110.585,110.598,66940000,1
1501272480000,1501272539000,110.599,110.619,110.596,110.619,70360000,1
1501272540000,1501272599000,110.621,110.624,110.613,110.616,138330000,1
1501272600000,1501272659000,110.618,110.647,110.618,110.646,113370000,1
1501272660000,1501272719000,110.648,110.65,110.646,110.646,54360000,1
1501272720000,1501272779000,110.646,110.652,110.642,110.652,119850000,1
1501272780000,1501272839000,110.651,110.653,110.65,110.65,67710000,1
1501272840000,1501272899000,110.649,110.649,110.642,110.644,60020000,1
1501272900000,1501272959000,110.643,110.646,110.643,110.643,11190000,1
1501272960000,1501273019000,110.645,110.649,110.643,110.643,31090000,1
1501273020000,1501273079000,110.642,110.642,110.642,110.642,24800000,1
1501273080000,1501273139000,110.643,110.649,110.638,110.64,210590000,1
1501273140000,1501273199000,110.64,110.643,110.638,110.641,110310000,1
1501273200000,1501273259000,110.64,110.643,110.636,110.636,80260000,1
1501273260000,1501273319000,110.638,110.638,110.62,110.622,143130000,1
1501273320000,1501273379000,110.62,110.622,110.613,110.613,69750000,1
1501273380000,1501273439000,110.612,110.617,110.612,110.616,33300000,1
1501273440000,1501273499000,110.617,110.617,110.612,110.614,73910000,1
1501273500000,1501273559000,110.612,110.616,110.612,110.614,45920000,1
1501273560000,1501273619000,110.614,110.615,110.612,110.613,41570000,1
1501273620000,1501273679000,110.612,110.619,110.612,110.614,116100000,1
1501273680000,1501273739000,110.613,110.613,110.611,110.612,28590000,1
1501273740000,1501273799000,110.611,110.618,110.611,110.618,86690000,1
1501273800000,1501273859000,110.619,110.628,110.617,110.625,78640000,1
1501273860000,1501273919000,110.623,110.63,110.623,110.625,46720000,1
1501273920000,1501273979000,110.624,110.625,110.624,110.625,28170000,1
1501273980000,1501274039000,110.625,110.632,110.623,110.632,58940000,1
1501274040000,1501274099000,110.632,110.633,110.631,110.633,10990000,1
1501274100000,1501274159000,110.633,110.664,110.633,110.662,58790000,1
1501274160000,1501274219000,110.662,110.679,110.662,110.671,143570000,1
1501274220000,1501274279000,110.67,110.675,110.658,110.659,148510000,1
1501274280000,1501274339000,110.658,110.658,110.638,110.643,145400000,1
1501274340000,1501274399000,110.643,110.652,110.642,110.646,56130000,1
1501274400000,1501274459000,110.645,110.664,110.641,110.663,92010000,1
1501274460000,1501274519000,110.663,110.663,110.646,110.654,73120000,1
1501274520000,1501274579000,110.651,110.673,110.651,110.673,52330000,1
1501274580000,1501274639000,110.673,110.681,110.673,110.677,71100000,1
1501274640000,1501274699000,110.675,110.681,110.673,110.679,59120000,1
1501274700000,1501274759000,110.683,110.684,110.671,110.671,105620000,1
1501274760000,1501274819000,110.672,110.679,110.67,110.679,40360000,1
1501274820000,1501274879000,110.678,110.678,110.676,110.677,10240000,1
1501274880000,1501274939000,110.677,110.683,110.677,110.677,57300000,1
1501274940000,1501274999000,110.68,110.698,110.68,110.695,37340000,1
1501275000000,1501275059000,110.695,110.718,110.688,110.718,59600000,1
1501275060000,1501275119000,110.719,110.719,110.707,110.71,69540000,1
1501275120000,1501275179000,110.708,110.711,110.705,110.705,72410000,1
1501275180000,1501275239000,110.705,110.713,110.698,110.713,109650000,1
1501275240000,1501275299000,110.711,110.732,110.707,110.718,94500000,1
1501275300000,1501275359000,110.724,110.746,110.715,110.715,110240000,1
1501275360000,1501275419000,110.715,110.715,110.685,110.694,44890000,1
1501275420000,1501275479000,110.695,110.699,110.685,110.697,53160000,1
1501275480000,1501275539000,110.697,110.697,110.674,110.692,52650000,1
1501275540000,1501275599000,110.699,110.699,110.69,110.69,6660000,1
1501448400000,1501448459000,110.629,110.644,110.581,110.624,11240000,1
1501448460000,1501448519000,110.623,110.627,110.62,110.62,3750000,1
1501448520000,1501448579000,110.62,110.622,110.62,110.622,3000000,1
1501448580000,1501448639000,110.621,110.621,110.621,110.621,750000,1
1501448640000,1501448699000,110.621,110.621,110.621,110.621,1000000,1
1501448700000,1501448759000,110.621,110.624,110.619,110.62,12250000,1
1501448760000,1501448819000,110.621,110.621,110.62,110.62,2000000,1
1501448820000,1501448879000,110.621,110.622,110.621,110.621,3000000,1
1501448880000,1501448939000,110.62,110.649,110.619,110.646,9120000,1
1501448940000,1501448999000,110.651,110.651,110.644,110.644,9000000,1
1501449000000,1501449059000,110.648,110.648,110.648,110.648,4000000,1
1501449060000,1501449119000,110.648,110.649,110.648,110.648,5500000,1
1501449120000,1501449179000,110.647,110.657,110.647,110.653,11250000,1
1501449180000,1501449239000,110.661,110.661,110.652,110.653,10750000,1
1501449240000,1501449299000,110.654,110.654,110.653,110.653,5250000,1
1501449300000,1501449359000,110.653,110.653,110.651,110.652,9500000,1
1501449360000,1501449419000,110.652,110.655,110.652,110.655,5000000,1
1501449420000,1501449479000,110.655,110.665,110.655,110.665,8750000,1
1501449480000,1501449539000,110.665,110.665,110.665,110.665,8750000,1
1501449540000,1501449599000,110.659,110.659,110.635,110.648,17500000,1
1501449600000,1501449659000,110.667,110.667,110.667,110.667,8000000,1
1501449660000,1501449719000,110.667,110.667,110.662,110.663,7500000,1
1501449720000,1501449779000,110.661,110.661,110.661,110.661,1500000,1
1501449780000,1501449839000,110.662,110.662,110.662,110.662,1000000,1
1501449840000,1501449899000,110.659,110.667,110.659,110.667,6750000,1
1501449900000,1501449959000,110.668,110.673,110.668,110.673,12750000,1
1501449960000,1501450019000,110.674,110.675,110.674,110.675,3750000,1
1501450020000,1501450079000,110.656,110.664,110.65,110.654,16120000,1
1501450080000,1501450139000,110.654,110.654,110.653,110.654,10500000,1
1501450140000,1501450199000,110.653,110.653,110.653,110.653,8250000,1
1501450200000,1501450259000,110.653,110.653,110.649,110.651,15500000,1
1501450260000,1501450319000,110.651,110.651,110.646,110.647,19120000,1
1501450320000,1501450379000,110.647,110.647,110.647,110.647,3250000,1
1501450380000,1501450439000,110.645,110.645,110.644,110.644,3000000,1
1501450440000,1501450499000,110.643,110.643,110.642,110.642,5570000,1
1501450500000,1501450559000,110.643,110.646,110.643,110.646,5940000,1
1501450620000,1501450679000,110.647,110.648,110.647,110.648,3880000,1
1501450680000,1501450739000,110.648,110.648,110.648,110.648,1500000,1
1501450740000,1501450799000,110.647,110.647,110.647,110.647,3250000,1
1501450800000,1501450859000,110.647,110.648,110.645,110.645,11630000,1
1501450860000,1501450919000,110.645,110.645,110.645,110.645,2000000,1
1501450920000,1501450979000,110.644,110.644,110.644,110.644,1940000,1
1501450980000,1501451039000,110.643,110.643,110.643,110.643,3930000,1
1501451040000,1501451099000,110.643,110.644,110.643,110.644,2620000,1
1501451100000,1501451159000,110.644,110.645,110.644,110.645,8780000,1
1501451160000,1501451219000,110.645,110.645,110.645,110.645,2000000,1
1501451220000,1501451279000,110.646,110.646,110.646,110.646,1750000,1
1501451280000,1501451339000,110.646,110.647,110.646,110.647,2870000,1
1501451340000,1501451399000,110.646,110.646,110.645,110.645,5250000,1
1501451400000,1501451459000,110.645,110.649,110.645,110.649,5000000,1
1501451460000,1501451519000,110.649,110.649,110.649,110.649,3750000,1
1501451580000,1501451639000,110.65,110.65,110.65,110.65,3250000,1
1501451640000,1501451699000,110.65,110.65,110.65,110.65,1500000,1
1501451700000,1501451759000,110.649,110.649,110.649,110.649,1750000,1
1501451820000,1501451879000,110.652,110.66,110.651,110.656,13240000,1
1501451880000,1501451939000,110.655,110.655,110.654,110.654,4750000,1
1501451940000,1501451999000,110.655,110.657,110.654,110.656,5460000,1
1501452000000,1501452059000,110.655,110.662,110.654,110.654,62550000,1
1501452060000,1501452119000,110.652,110.657,110.649,110.655,52880000,1
1501452120000,1501452179000,110.655,110.661,110.654,110.66,73750000,1
1501452180000,1501452239000,110.66,110.664,110.655,110.664,17470000,1
1501452240000,1501452299000,110.663,110.67,110.659,110.663,102860000,1
1501452300000,1501452359000,110.663,110.667,110.661,110.663,93480000,1
1501452360000,1501452419000,110.663,110.664,110.661,110.664,39700000,1
1501452420000,1501452479000,110.664,110.668,110.661,110.667,112450000,1
1501452480000,1501452539000,110.666,110.673,110.656,110.664,110320000,1
1501452540000,1501452599000,110.664,110.665,110.634,110.635,238510000,1
1501452600000,1501452659000,110.636,110.64,110.473,110.606,306380000,1
1501452660000,1501452719000,110.606,110.625,110.602,110.62,112360000,1
1501452720000,1501452779000,110.62,110.624,110.535,110.547,197670000,1
1501452780000,1501452839000,110.55,110.607,110.548,110.598,98390000,1
1501452840000,1501452899000,110.597,110.597,110.544,110.564,131960000,1
1501452900000,1501452959000,110.56,110.577,110.551,110.573,136760000,1
1501452960000,1501453019000,110.573,110.58,110.568,110.574,105030000,1
1501453020000,1501453079000,110.573,110.576,110.563,110.565,88810000,1
1501453080000,1501453139000,110.564,110.567,110.563,110.567,43300000,1
1501453140000,1501453199000,110.568,110.577,110.568,110.576,50000000,1
1501453200000,1501453259000,110.576,110.578,110.573,110.573,25870000,1
1501453260000,1501453319000,110.573,110.589,110.573,110.588,40590000,1
1501453320000,1501453379000,110.587,110.594,110.587,110.591,28330000,1
1501453380000,1501453439000,110.593,110.606,110.591,110.606,86210000,1
1501453440000,1501453499000,110.609,110.61,110.597,110.599,74960000,1
1501453500000,1501453559000,110.596,110.603,110.596,110.597,65270000,1
1501453560000,1501453619000,110.596,110.598,110.596,110.598,19720000,1
1501453620000,1501453679000,110.598,110.602,110.598,110.601,74360000,1
1501453680000,1501453739000,110.601,110.601,110.595,110.598,57770000,1
1501453740000,1501453799000,110.6,110.621,110.6,110.62,142210000,1
1501453800000,1501453859000,110.621,110.656,110.617,110.654,96560000,1
1501453860000,1501453919000,110.654,110.654,110.615,110.616,123190000,1
1501453920000,1501453979000,110.616,110.619,110.597,110.604,79360000,1
1501453980000,1501454039000,110.604,110.615,110.604,110.613,67110000,1
1501454040000,1501454099000,110.615,110.629,110.613,110.625,83660000,1
1501454100000,1501454159000,110.625,110.628,110.619,110.619,51830000,1
1501454160000,1501454219000,110.619,110.631,110.618,110.629,42520000,1
1501454220000,1501454279000,110.631,110.652,110.631,110.646,75320000,1
1501454280000,1501454339000,110.646,110.646,110.638,110.64,26860000,1
1501454340000,1501454399000,110.64,110.662,110.639,110.662,40240000,1
1501454400000,1501454459000,110.656,110.658,110.64,110.642,48490000,1
1501454460000,1501454519000,110.642,110.654,110.642,110.654,61120000,1
1501454520000,1501454579000,110.654,110.655,110.648,110.649,23680000,1
1501454580000,1501454639000,110.648,110.664,110.648,110.663,149260000,1
1501454640000,1501454699000,110.664,110.668,110.66,110.662,59690000,1
1501454700000,1501454759000,110.66,110.663,110.655,110.66,28350000,1
1501454760000,1501454819000,110.66,110.66,110.653,110.653,161910000,1
1501454820000,1501454879000,110.653,110.654,110.635,110.637,60110000,1
1501454880000,1501454939000,110.637,110.638,110.616,110.619,104290000,1
1501454940000,1501454999000,110.619,110.633,110.617,110.632,79370000,1
1501455000000,1501455059000,110.631,110.632,110.628,110.63,42610000,1
1501455060000,1501455119000,110.63,110.63,110.628,110.628,9870000,1
1501455120000,1501455179000,110.628,110.628,110.606,110.606,99380000,1
1501455180000,1501455239000,110.604,110.604,110.566,110.566,149210000,1
1501455240000,1501455299000,110.568,110.568,110.545,110.555,134760000,1
1501455300000,1501455359000,110.554,110.555,110.536,110.536,159380000,1
1501455360000,1501455419000,110.537,110.537,110.523,110.525,89930000,1
1501455420000,1501455479000,110.526,110.53,110.518,110.521,85220000,1
1501455480000,1501455539000,110.521,110.529,110.513,110.526,78840000,1
1501455540000,1501455599000,110.526,110.539,110.521,110.537,98710000,1
1501455600000,1501455659000,110.537,110.578,110.526,110.573,197210000,1
1501455660000,1501455719000,110.572,110.572,110.544,110.546,122930000,1
1501455720000,1501455779000,110.547,110.552,110.534,110.536,83540000,1
1501455780000,1501455839000,110.535,110.535,110.529,110.529,39880000,1
1501455840000,1501455899000,110.529,110.529,110.522,110.524,69370000,1
1501455900000,1501455959000,110.525,110.543,110.52,110.535,100680000,1
1501455960000,1501456019000,110.535,110.54,110.535,110.54,29800000,1
1501456020000,1501456079000,110.536,110.536,110.532,110.534,36940000,1
1501456080000,1501456139000,110.534,110.553,110.528,110.553,134910000,1
1501456140000,1501456199000,110.553,110.561,110.551,110.552,130030000,1
1501456200000,1501456259000,110.554,110.554,110.55,110.551,45230000,1
1501456260000,1501456319000,110.551,110.551,110.53,110.53,85300000,1
1501456320000,1501456379000,110.533,110.538,110.518,110.519,83830000,1
1501456380000,1501456439000,110.519,110.538,110.519,110.537,89880000,1
1501456440000,1501456499000,110.537,110.545,110.535,110.541,86290000,1
1501456500000,1501456559000,110.541,110.542,110.533,110.535,105650000,1
1501456560000,1501456619000,110.534,110.541,110.533,110.539,53760000,1
1501456620000,1501456679000,110.538,110.541,110.535,110.535,53580000,1
1501456680000,1501456739000,110.534,110.535,110.528,110.528,75870000,1
1501456740000,1501456799000,110.529,110.532,110.519,110.53,103260000,1
1501456800000,1501456859000,110.529,110.548,110.525,110.547,60710000,1
1501456860000,1501456919000,110.547,110.581,110.547,110.563,167030000,1
1501456920000,1501456979000,110.565,110.571,110.556,110.556,65370000,1
1501456980000,1501457039000,110.556,110.561,110.552,110.552,43220000,1
1501457040000,1501457099000,110.548,110.557,110.546,110.557,69310000,1
1501457100000,1501457159000,110.562,110.573,110.561,110.57,67280000,1
1501457160000,1501457219000,110.57,110.57,110.541,110.541,97640000,1
1501457220000,1501457279000,110.541,110.541,110.54,110.54,62810000,1
1501457280000,1501457339000,110.537,110.546,110.534,110.545,39290000,1
1501457340000,1501457399000,110.545,110.546,110.543,110.543,21380000,1
1501457400000,1501457459000,110.543,110.548,110.534,110.536,91450000,1
1501457460000,1501457519000,110.535,110.542,110.521,110.537,106000000,1
1501457520000,1501457579000,110.537,110.546,110.531,110.546,48830000,1
1501457580000,1501457639000,110.543,110.555,110.536,110.539,89130000,1
1501457640000,1501457699000,110.54,110.543,110.54,110.543,17250000,1
1501457700000,1501457759000,110.543,110.551,110.543,110.551,49770000,1
1501457760000,1501457819000,110.551,110.551,110.549,110.551,7070000,1
1501457820000,1501457879000,110.551,110.556,110.551,110.555,87970000,1
1501457880000,1501457939000,110.555,110.555,110.525,110.525,65680000,1
1501457940000,1501457999000,110.526,110.53,110.524,110.524,29160000,1
1501458000000,1501458059000,110.524,110.534,110.52,110.534,50530000,1
1501458060000,1501458119000,110.535,110.54,110.526,110.531,92660000,1
1501458120000,1501458179000,110.532,110.532,110.523,110.53,20500000,1
1501458180000,1501458239000,110.53,110.532,110.528,110.528,28120000,1
1501458240000,1501458299000,110.527,110.555,110.526,110.553,174590000,1
1501458300000,1501458359000,110.552,110.552,110.519,110.549,123860000,1
1501458360000,1501458419000,110.549,110.554,110.546,110.553,60400000,1
1501458420000,1501458479000,110.553,110.553,110.547,110.551,52000000,1
1501458480000,1501458539000,110.552,110.554,110.545,110.554,149820000,1
1501458540000,1501458599000,110.554,110.554,110.54,110.541,59110000,1
1501458600000,1501458659000,110.54,110.54,110.509,110.528,140260000,1
1501458660000,1501458719000,110.527,110.527,110.519,110.52,66900000,1
1501458720000,1501458779000,110.522,110.557,110.521,110.553,148730000,1
1501458780000,1501458839000,110.553,110.565,110.551,110.563,129200000,1
1501458840000,1501458899000,110.562,110.565,110.554,110.554,170280000,1
1501458900000,1501458959000,110.555,110.556,110.542,110.545,71940000,1
1501458960000,1501459019000,110.543,110.543,110.522,110.524,114020000,1
1501459020000,1501459079000,110.524,110.53,110.51,110.51,101130000,1
1501459080000,1501459139000,110.51,110.522,110.489,110.514,286240000,1
1501459140000,1501459199000,110.515,110.52,110.496,110.505,226270000,1
1501459200000,1501459259000,110.505,110.542,110.488,110.531,271720000,1
1501459260000,1501459319000,110.53,110.533,110.518,110.521,124760000,1
1501459320000,1501459379000,110.524,110.534,110.476,110.486,219140000,1
1501459380000,1501459439000,110.486,110.51,110.473,110.494,231890000,1
1501459440000,1501459499000,110.495,110.518,110.488,110.504,154300000,1
1501459500000,1501459559000,110.503,110.512,110.493,110.504,106640000,1
1501459560000,1501459619000,110.504,110.545,110.502,110.526,126470000,1
1501459620000,1501459679000,110.525,110.548,110.525,110.54,101690000,1
1501459680000,1501459739000,110.54,110.548,110.505,110.509,184710000,1
1501459740000,1501459799000,110.507,110.526,110.507,110.526,79810000,1
1501459800000,1501459859000,110.528,110.545,110.515,110.521,158650000,1
1501459860000,1501459919000,110.522,110.534,110.522,110.531,101780000,1
1501459920000,1501459979000,110.532,110.534,110.515,110.515,74760000,1
1501459980000,1501460039000,110.516,110.556,110.516,110.548,148570000,1
1501460040000,1501460099000,110.547,110.576,110.535,110.57,243330000,1
1501460100000,1501460159000,110.57,110.578,110.546,110.56,168720000,1
1501460160000,1501460219000,110.559,110.579,110.557,110.568,167970000,1
1501460220000,1501460279000,110.568,110.575,110.549,110.55,165930000,1
1501460280000,1501460339000,110.553,110.56,110.523,110.538,188590000,1
1501460340000,1501460399000,110.537,110.537,110.518,110.518,84500000,1
1501460400000,1501460459000,110.519,110.546,110.517,110.546,148060000,1
1501460460000,1501460519000,110.546,110.553,110.526,110.542,118420000,1
1501460520000,1501460579000,110.541,110.546,110.53,110.537,105400000,1
1501460580000,1501460639000,110.537,110.545,110.529,110.545,110340000,1
1501460640000,1501460699000,110.547,110.552,110.534,110.55,98960000,1
1501460700000,1501460759000,110.551,110.552,110.537,110.549,89480000,1
1501460760000,1501460819000,110.548,110.558,110.538,110.538,129450000,1
1501460820000,1501460879000,110.538,110.538,110.527,110.527,60520000,1
1501460880000,1501460939000,110.528,110.535,110.523,110.524,116510000,1
1501460940000,1501460999000,110.525,110.529,110.515,110.517,101710000,1
1501461000000,1501461059000,110.516,110.517,110.482,110.483,119470000,1
1501461060000,1501461119000,110.483,110.483,110.437,110.437,249120000,1
1501461120000,1501461179000,110.435,110.449,110.43,110.449,153480000,1
1501461180000,1501461239000,110.448,110.45,110.437,110.44,108990000,1
1501461240000,1501461299000,110.44,110.452,110.44,110.452,89470000,1
1501461300000,1501461359000,110.453,110.472,110.453,110.457,93000000,1
1501461360000,1501461419000,110.457,110.473,110.457,110.47,76270000,1
1501461420000,1501461479000,110.47,110.47,110.454,110.467,70330000,1
1501461480000,1501461539000,110.466,110.473,110.441,110.467,145600000,1
1501461540000,1501461599000,110.467,110.468,110.446,110.46,114250000,1
1501461600000,1501461659000,110.458,110.474,110.458,110.473,80970000,1
1501461660000,1501461719000,110.472,110.486,110.467,110.477,99320000,1
1501461720000,1501461779000,110.478,110.485,110.471,110.474,67880000,1
1501461780000,1501461839000,110.473,110.499,110.468,110.491,126140000,1
1501461840000,1501461899000,110.488,110.52,110.479,110.507,128100000,1
1501461900000,1501461959000,110.509,110.521,110.5,110.503,151470000,1
1501461960000,1501462019000,110.503,110.509,110.493,110.494,100210000,1
1501462020000,1501462079000,110.495,110.516,110.488,110.51,100680000,1
1501462080000,1501462139000,110.508,110.535,110.507,110.525,85150000,1
1501462140000,1501462199000,110.525,110.537,110.524,110.526,163870000,1
1501462200000,1501462259000,110.528,110.532,110.502,110.51,178490000,1
1501462260000,1501462319000,110.51,110.51,110.488,110.493,144790000,1
1501462320000,1501462379000,110.495,110.51,110.492,110.504,125500000,1
1501462380000,1501462439000,110.504,110.51,110.453,110.464,310690000,1
1501462440000,1501462499000,110.463,110.463,110.309,110.323,521760000,1
1501462500000,1501462559000,110.314,110.372,110.314,110.351,398720000,1
1501462560000,1501462619000,110.352,110.368,110.344,110.365,245880000,1
1501462620000,1501462679000,110.364,110.37,110.347,110.356,191840000,1
1501462680000,1501462739000,110.358,110.387,110.35,110.378,225220000,1
1501462740000,1501462799000,110.378,110.402,110.368,110.402,154920000,1
1501462800000,1501462859000,110.405,110.43,110.397,110.397,175660000,1
1501462860000,1501462919000,110.398,110.412,110.387,110.402,140890000,1
1501462920000,1501462979000,110.403,110.435,110.402,110.431,200350000,1
1501462980000,1501463039000,110.43,110.438,110.421,110.421,156950000,1
1501463040000,1501463099000,110.421,110.427,110.418,110.427,146470000,1
1501463100000,1501463159000,110.426,110.433,110.419,110.421,171740000,1
1501463160000,1501463219000,110.421,110.422,110.382,110.406,205760000,1
1501463220000,1501463279000,110.404,110.433,110.381,110.431,206150000,1
1501463280000,1501463339000,110.428,110.436,110.418,110.424,196820000,1
1501463340000,1501463399000,110.421,110.426,110.405,110.405,99630000,1
1501463400000,1501463459000,110.405,110.41,110.375,110.395,172870000,1
1501463460000,1501463519000,110.396,110.407,110.394,110.394,107740000,1
1501463520000,1501463579000,110.397,110.413,110.394,110.398,70480000,1
1501463580000,1501463639000,110.397,110.408,110.395,110.396,58750000,1
1501463640000,1501463699000,110.396,110.418,110.396,110.415,110830000,1
1501463700000,1501463759000,110.419,110.429,110.398,110.4,133960000,1
1501463760000,1501463819000,110.399,110.4,110.371,110.394,123450000,1
1501463820000,1501463879000,110.394,110.396,110.389,110.394,87660000,1
1501463880000,1501463939000,110.394,110.395,110.383,110.387,82850000,1
1501463940000,1501463999000,110.387,110.388,110.358,110.372,178930000,1
1501464000000,1501464059000,110.372,110.375,110.365,110.372,163680000,1
1501464060000,1501464119000,110.372,110.387,110.372,110.387,113910000,1
1501464120000,1501464179000,110.386,110.4,110.386,110.395,109840000,1
1501464180000,1501464239000,110.394,110.396,110.385,110.388,52310000,1
1501464240000,1501464299000,110.39,110.422,110.39,110.417,181790000,1
1501464300000,1501464359000,110.418,110.426,110.415,110.417,253020000,1
1501464360000,1501464419000,110.418,110.42,110.403,110.409,182100000,1
1501464420000,1501464479000,110.409,110.411,110.408,110.408,60080000,1
1501464480000,1501464539000,110.409,110.411,110.403,110.405,99850000,1
1501464540000,1501464599000,110.405,110.405,110.393,110.398,148390000,1
1501464600000,1501464659000,110.399,110.435,110.399,110.425,185270000,1
1501464660000,1501464719000,110.425,110.44,110.425,110.435,110730000,1
1501464720000,1501464779000,110.434,110.442,110.422,110.431,176510000,1
1501464780000,1501464839000,110.431,110.434,110.42,110.426,109080000,1
1501464840000,1501464899000,110.424,110.424,110.416,110.419,162850000,1
1501464900000,1501464959000,110.419,110.435,110.419,110.428,115420000,1
1501464960000,1501465019000,110.428,110.435,110.422,110.429,94140000,1
1501465020000,1501465079000,110.43,110.44,110.43,110.436,48820000,1
1501465080000,1501465139000,110.436,110.449,110.434,110.448,56420000,1
1501465140000,1501465199000,110.446,110.455,110.44,110.455,113700000,1
1501465200000,1501465259000,110.456,110.456,110.449,110.455,83850000,1
1501465260000,1501465319000,110.454,110.461,110.453,110.461,61570000,1
1501465320000,1501465379000,110.462,110.467,110.453,110.46,152480000,1
1501465380000,1501465439000,110.461,110.471,110.461,110.467,82060000,1
1501465440000,1501465499000,110.466,110.478,110.457,110.458,127600000,1
1501465500000,1501465559000,110.457,110.457,110.428,110.428,227810000,1
1501465560000,1501465619000,110.429,110.45,110.429,110.446,82030000,1
1501465620000,1501465679000,110.445,110.45,110.439,110.443,80900000,1
1501465680000,1501465739000,110.444,110.447,110.415,110.417,110020000,1
1501465740000,1501465799000,110.417,110.437,110.417,110.43,84120000,1
1501465800000,1501465859000,110.43,110.44,110.43,110.43,112650000,1
1501465860000,1501465919000,110.431,110.436,110.428,110.433,102760000,1
1501465920000,1501465979000,110.434,110.435,110.427,110.433,81040000,1
1501465980000,1501466039000,110.433,110.453,110.433,110.445,204740000,1
1501466040000,1501466099000,110.446,110.45,110.441,110.45,84510000,1
1501466100000,1501466159000,110.449,110.451,110.445,110.449,169410000,1
1501466160000,1501466219000,110.45,110.481,110.447,110.48,159650000,1
1501466220000,1501466279000,110.48,110.49,110.476,110.487,77170000,1
1501466280000,1501466339000,110.485,110.486,110.473,110.477,111130000,1
1501466340000,1501466399000,110.477,110.481,110.476,110.481,125030000,1
1501466400000,1501466459000,110.48,110.481,110.46,110.461,140550000,1
1501466460000,1501466519000,110.459,110.459,110.452,110.454,124560000,1
1501466520000,1501466579000,110.454,110.463,110.454,110.458,54660000,1
1501466580000,1501466639000,110.458,110.458,110.441,110.445,158770000,1
1501466640000,1501466699000,110.446,110.446,110.439,110.441,27470000,1
1501466700000,1501466759000,110.441,110.447,110.441,110.442,39070000,1
1501466760000,1501466819000,110.443,110.446,110.44,110.443,69500000,1
1501466820000,1501466879000,110.445,110.451,110.441,110.448,58020000,1
1501466880000,1501466939000,110.448,110.451,110.436,110.44,66640000,1
1501466940000,1501466999000,110.439,110.439,110.43,110.43,43260000,1
1501467000000,1501467059000,110.431,110.431,110.429,110.43,23520000,1
1501467060000,1501467119000,110.43,110.431,110.417,110.429,69270000,1
1501467120000,1501467179000,110.428,110.437,110.425,110.427,64300000,1
1501467180000,1501467239000,110.428,110.443,110.427,110.443,75110000,1
1501467240000,1501467299000,110.44,110.444,110.438,110.439,63400000,1
1501467300000,1501467359000,110.438,110.449,110.437,110.441,64320000,1
1501467360000,1501467419000,110.441,110.45,110.44,110.45,62500000,1
1501467420000,1501467479000,110.451,110.455,110.449,110.455,53770000,1
1501467480000,1501467539000,110.456,110.457,110.436,110.436,94550000,1
1501467540000,1501467599000,110.436,110.442,110.405,110.405,151960000,1
1501467600000,1501467659000,110.405,110.411,110.402,110.406,88600000,1
1501467660000,1501467719000,110.407,110.408,110.403,110.403,59100000,1
1501467720000,1501467779000,110.405,110.41,110.403,110.41,56550000,1
1501467780000,1501467839000,110.409,110.42,110.406,110.42,140860000,1
1501467840000,1501467899000,110.419,110.426,110.417,110.422,89270000,1
1501467900000,1501467959000,110.42,110.444,110.419,110.438,108490000,1
1501467960000,1501468019000,110.438,110.447,110.438,110.446,78450000,1
1501468020000,1501468079000,110.445,110.462,110.445,110.448,60290000,1
1501468080000,1501468139000,110.45,110.466,110.447,110.466,64020000,1
1501468140000,1501468199000,110.465,110.465,110.451,110.454,75300000,1
1501468200000,1501468259000,110.457,110.461,110.453,110.46,134520000,1
1501468260000,1501468319000,110.459,110.465,110.455,110.458,166030000,1
1501468320000,1501468379000,110.458,110.463,110.457,110.463,84290000,1
1501468380000,1501468439000,110.461,110.474,110.46,110.473,141070000,1
1501468440000,1501468499000,110.476,110.484,110.473,110.473,206840000,1
1501468500000,1501468559000,110.473,110.474,110.467,110.467,76750000,1
1501468560000,1501468619000,110.466,110.467,110.454,110.455,97490000,1
1501468620000,1501468679000,110.455,110.466,110.455,110.466,126830000,1
1501468680000,1501468739000,110.464,110.467,110.441,110.452,107950000,1
1501468740000,1501468799000,110.449,110.454,110.444,110.45,91970000,1
1501468800000,1501468859000,110.449,110.453,110.449,110.45,55010000,1
1501468860000,1501468919000,110.449,110.45,110.436,110.444,156410000,1
1501468920000,1501468979000,110.445,110.448,110.434,110.435,132460000,1
1501468980000,1501469039000,110.435,110.448,110.435,110.445,72790000,1
1501469040000,1501469099000,110.444,110.448,110.435,110.441,99170000,1
1501469100000,1501469159000,110.444,110.446,110.435,110.437,70160000,1
1501469160000,1501469219000,110.439,110.454,110.438,110.45,67160000,1
1501469220000,1501469279000,110.45,110.453,110.438,110.441,106780000,1
1501469280000,1501469339000,110.44,110.445,110.436,110.442,80350000,1
1501469340000,1501469399000,110.443,110.448,110.438,110.442,77030000,1
1501469400000,1501469459000,110.441,110.443,110.417,110.417,75040000,1
1501469460000,1501469519000,110.417,110.432,110.417,110.429,108470000,1
1501469520000,1501469579000,110.429,110.441,110.424,110.435,94980000,1
1501469580000,1501469639000,110.437,110.442,110.436,110.442,129030000,1
1501469640000,1501469699000,110.445,110.451,110.445,110.448,155400000,1
1501469700000,1501469759000,110.448,110.453,110.446,110.451,106310000,1
1501469760000,1501469819000,110.452,110.458,110.448,110.453,86420000,1
1501469820000,1501469879000,110.453,110.465,110.453,110.459,56660000,1
1501469880000,1501469939000,110.458,110.466,110.458,110.466,100890000,1
1501469940000,1501469999000,110.466,110.471,110.463,110.464,71500000,1
1501470000000,1501470059000,110.465,110.477,110.464,110.475,86010000,1
1501470060000,1501470119000,110.473,110.479,110.473,110.475,67380000,1
1501470120000,1501470179000,110.475,110.483,110.474,110.48,76030000,1
1501470180000,1501470239000,110.481,110.482,110.473,110.478,65950000,1
1501470240000,1501470299000,110.478,110.484,110.476,110.478,66670000,1
1501470300000,1501470359000,110.479,110.486,110.475,110.476,102320000,1
1501470360000,1501470419000,110.476,110.476,110.46,110.469,75550000,1
1501470420000,1501470479000,110.469,110.486,110.468,110.483,58110000,1
1501470480000,1501470539000,110.483,110.51,110.483,110.51,96750000,1
1501470540000,1501470599000,110.511,110.567,110.511,110.545,247440000,1
1501470600000,1501470659000,110.545,110.557,110.538,110.54,156800000,1
1501470660000,1501470719000,110.54,110.55,110.54,110.549,83410000,1
1501470720000,1501470779000,110.548,110.549,110.534,110.537,77610000,1
1501470780000,1501470839000,110.537,110.537,110.525,110.533,63240000,1
1501470840000,1501470899000,110.532,110.536,110.526,110.534,76600000,1
1501470900000,1501470959000,110.534,110.55,110.534,110.546,128730000,1
1501470960000,1501471019000,110.545,110.545,110.538,110.541,114500000,1
1501471020000,1501471079000,110.542,110.592,110.541,110.58,171450000,1
1501471080000,1501471139000,110.58,110.58,110.556,110.567,85130000,1
1501471140000,1501471199000,110.567,110.577,110.565,110.572,67240000,1
1501471200000,1501471259000,110.571,110.598,110.559,110.594,142370000,1
1501471260000,1501471319000,110.596,110.596,110.56,110.566,153890000,1
1501471320000,1501471379000,110.566,110.567,110.558,110.561,182030000,1
1501471380000,1501471439000,110.561,110.572,110.553,110.554,124170000,1
1501471440000,1501471499000,110.555,110.566,110.554,110.559,124890000,1
1501471500000,1501471559000,110.56,110.56,110.551,110.555,139940000,1
1501471560000,1501471619000,110.556,110.556,110.546,110.549,88350000,1
1501471620000,1501471679000,110.55,110.556,110.547,110.553,59140000,1
1501471680000,1501471739000,110.55,110.555,110.549,110.549,83140000,1
1501471740000,1501471799000,110.552,110.554,110.547,110.547,109070000,1
1501471800000,1501471859000,110.547,110.555,110.547,110.553,77720000,1
1501471860000,1501471919000,110.553,110.554,110.543,110.549,100410000,1
1501471920000,1501471979000,110.549,110.549,110.541,110.541,48930000,1
1501471980000,1501472039000,110.542,110.542,110.535,110.536,72840000,1
1501472040000,1501472099000,110.539,110.542,110.532,110.539,77930000,1
1501472100000,1501472159000,110.538,110.539,110.536,110.537,57560000,1
1501472160000,1501472219000,110.536,110.549,110.536,110.539,58680000,1
1501472220000,1501472279000,110.539,110.547,110.537,110.547,50110000,1
1501472280000,1501472339000,110.547,110.547,110.537,110.537,27100000,1
1501472340000,1501472399000,110.538,110.548,110.538,110.546,59150000,1
1501472400000,1501472459000,110.546,110.548,110.536,110.538,111930000,1
1501472460000,1501472519000,110.538,110.539,110.535,110.536,44860000,1
1501472520000,1501472579000,110.537,110.556,110.526,110.527,123960000,1
1501472580000,1501472639000,110.528,110.535,110.527,110.534,112690000,1
1501472640000,1501472699000,110.536,110.551,110.534,110.54,105490000,1
1501472700000,1501472759000,110.539,110.55,110.539,110.549,68220000,1
1501472760000,1501472819000,110.55,110.555,110.55,110.555,51690000,1
1501472820000,1501472879000,110.554,110.556,110.554,110.556,23190000,1
1501472880000,1501472939000,110.557,110.573,110.556,110.57,109870000,1
1501472940000,1501472999000,110.571,110.581,110.571,110.575,105290000,1
1501473000000,1501473059000,110.575,110.58,110.549,110.55,195070000,1
1501473060000,1501473119000,110.553,110.567,110.545,110.561,159560000,1
1501473120000,1501473179000,110.56,110.56,110.554,110.555,42020000,1
1501473180000,1501473239000,110.555,110.557,110.542,110.556,67060000,1
1501473240000,1501473299000,110.556,110.566,110.552,110.558,100000000,1
1501473300000,1501473359000,110.556,110.556,110.543,110.543,87580000,1
1501473360000,1501473419000,110.544,110.559,110.54,110.557,157300000,1
1501473420000,1501473479000,110.556,110.556,110.548,110.554,88500000,1
1501473480000,1501473539000,110.555,110.561,110.548,110.561,76910000,1
1501473540000,1501473599000,110.56,110.562,110.555,110.557,63570000,1
1501473600000,1501473659000,110.557,110.566,110.553,110.553,159080000,1
1501473660000,1501473719000,110.555,110.555,110.548,110.553,152300000,1
1501473720000,1501473779000,110.553,110.563,110.538,110.558,91180000,1
1501473780000,1501473839000,110.56,110.56,110.544,110.545,72900000,1
1501473840000,1501473899000,110.546,110.551,110.544,110.551,93420000,1
1501473900000,1501473959000,110.55,110.556,110.55,110.554,41610000,1
1501473960000,1501474019000,110.554,110.559,110.545,110.545,67090000,1
1501474020000,1501474079000,110.545,110.564,110.545,110.563,70450000,1
1501474080000,1501474139000,110.563,110.566,110.558,110.561,79920000,1
1501474140000,1501474199000,110.563,110.564,110.556,110.556,69730000,1
1501474200000,1501474259000,110.557,110.563,110.555,110.557,42320000,1
1501474260000,1501474319000,110.558,110.575,110.558,110.563,70250000,1
1501474320000,1501474379000,110.563,110.575,110.561,110.573,80550000,1
1501474380000,1501474439000,110.574,110.578,110.562,110.563,138740000,1
1501474440000,1501474499000,110.563,110.563,110.556,110.561,50530000,1
1501474500000,1501474559000,110.561,110.576,110.561,110.566,64150000,1
1501474560000,1501474619000,110.566,110.569,110.556,110.556,45070000,1
1501474620000,1501474679000,110.557,110.564,110.555,110.562,95120000,1
1501474680000,1501474739000,110.561,110.565,110.561,110.561,67750000,1
1501474740000,1501474799000,110.559,110.559,110.552,110.552,53510000,1
1501474800000,1501474859000,110.551,110.556,110.544,110.554,115030000,1
1501474860000,1501474919000,110.554,110.556,110.543,110.543,39960000,1
1501474920000,1501474979000,110.543,110.55,110.543,110.549,52980000,1
1501474980000,1501475039000,110.549,110.549,110.529,110.529,86530000,1
1501475040000,1501475099000,110.529,110.539,110.529,110.538,57780000,1
1501475100000,1501475159000,110.537,110.541,110.536,110.539,60240000,1
1501475160000,1501475219000,110.537,110.544,110.536,110.54,49840000,1
1501475220000,1501475279000,110.54,110.543,110.539,110.543,45590000,1
1501475280000,1501475339000,110.543,110.543,110.543,110.543,4860000,1
1501475340000,1501475399000,110.543,110.543,110.529,110.533,72850000,1
1501475400000,1501475459000,110.531,110.534,110.527,110.528,59790000,1
1501475460000,1501475519000,110.528,110.544,110.528,110.542,59360000,1
1501475520000,1501475579000,110.543,110.545,110.539,110.544,43500000,1
1501475580000,1501475639000,110.543,110.559,110.533,110.551,79350000,1
1501475640000,1501475699000,110.55,110.556,110.532,110.532,103610000,1
1501475700000,1501475759000,110.534,110.544,110.534,110.54,51010000,1
1501475760000,1501475819000,110.539,110.555,110.539,110.552,47220000,1
1501475820000,1501475879000,110.552,110.555,110.548,110.554,40930000,1
1501475880000,1501475939000,110.555,110.555,110.535,110.537,67000000,1
1501475940000,1501475999000,110.536,110.542,110.536,110.542,58560000,1
1501476000000,1501476059000,110.54,110.542,110.536,110.537,77830000,1
1501476060000,1501476119000,110.537,110.54,110.532,110.537,88980000,1
1501476120000,1501476179000,110.536,110.543,110.536,110.539,57600000,1
1501476180000,1501476239000,110.539,110.54,110.538,110.538,11720000,1
1501476240000,1501476299000,110.538,110.541,110.53,110.53,29480000,1
1501476300000,1501476359000,110.53,110.536,110.518,110.525,93120000,1
1501476360000,1501476419000,110.524,110.534,110.524,110.53,71120000,1
1501476420000,1501476479000,110.529,110.538,110.517,110.537,107010000,1
1501476480000,1501476539000,110.535,110.543,110.53,110.53,109690000,1
1501476540000,1501476599000,110.53,110.533,110.517,110.519,159640000,1
1501476600000,1501476659000,110.52,110.521,110.506,110.514,152070000,1
1501476660000,1501476719000,110.514,110.524,110.513,110.513,74990000,1
1501476720000,1501476779000,110.514,110.519,110.512,110.518,76220000,1
1501476780000,1501476839000,110.518,110.518,110.508,110.51,45810000,1
1501476840000,1501476899000,110.509,110.513,110.495,110.501,119620000,1
1501476900000,1501476959000,110.501,110.512,110.499,110.504,92350000,1
1501476960000,1501477019000,110.503,110.504,110.495,110.5,65210000,1
1501477020000,1501477079000,110.5,110.513,110.498,110.507,75330000,1
1501477080000,1501477139000,110.507,110.513,110.507,110.512,90180000,1
1501477140000,1501477199000,110.512,110.521,110.512,110.512,92730000,1
1501477200000,1501477259000,110.513,110.517,110.506,110.516,63100000,1
1501477260000,1501477319000,110.514,110.519,110.509,110.518,51860000,1
1501477320000,1501477379000,110.519,110.519,110.508,110.511,46770000,1
1501477380000,1501477439000,110.513,110.513,110.5,110.5,31620000,1
1501477440000,1501477499000,110.5,110.502,110.495,110.5,61050000,1
1501477500000,1501477559000,110.5,110.5,110.494,110.494,71430000,1
1501477560000,1501477619000,110.494,110.496,110.494,110.495,9680000,1
1501477620000,1501477679000,110.495,110.495,110.488,110.488,43630000,1
1501477680000,1501477739000,110.486,110.486,110.477,110.477,58010000,1
1501477740000,1501477799000,110.479,110.483,110.479,110.481,115540000,1
1501477800000,1501477859000,110.481,110.481,110.476,110.477,96620000,1
1501477860000,1501477919000,110.477,110.483,110.468,110.478,136260000,1
1501477920000,1501477979000,110.479,110.484,110.479,110.484,75560000,1
1501477980000,1501478039000,110.485,110.496,110.485,110.494,53160000,1
1501478040000,1501478099000,110.493,110.498,110.493,110.498,26930000,1
1501478100000,1501478159000,110.498,110.498,110.488,110.496,64240000,1
1501478160000,1501478219000,110.496,110.504,110.495,110.503,50320000,1
1501478220000,1501478279000,110.502,110.514,110.5,110.514,136100000,1
1501478280000,1501478339000,110.513,110.513,110.501,110.501,96910000,1
1501478340000,1501478399000,110.5,110.501,110.494,110.496,92270000,1
1501478400000,1501478459000,110.496,110.506,110.483,110.506,67300000,1
1501478460000,1501478519000,110.506,110.521,110.506,110.52,101260000,1
1501478520000,1501478579000,110.516,110.516,110.502,110.507,47930000,1
1501478580000,1501478639000,110.507,110.507,110.498,110.5,65010000,1
1501478640000,1501478699000,110.501,110.504,110.499,110.504,31880000,1
1501478700000,1501478759000,110.504,110.509,110.504,110.508,20580000,1
1501478760000,1501478819000,110.509,110.516,110.503,110.503,56610000,1
1501478820000,1501478879000,110.503,110.513,110.503,110.513,50670000,1
1501478880000,1501478939000,110.514,110.516,110.507,110.507,49810000,1
1501478940000,1501478999000,110.508,110.513,110.508,110.513,28360000,1
1501479000000,1501479059000,110.512,110.515,110.507,110.511,52240000,1
1501479060000,1501479119000,110.511,110.513,110.502,110.508,63550000,1
1501479120000,1501479179000,110.508,110.51,110.507,110.51,26910000,1
1501479180000,1501479239000,110.508,110.518,110.508,110.518,38580000,1
1501479240000,1501479299000,110.518,110.52,110.509,110.511,51700000,1
1501479300000,1501479359000,110.512,110.515,110.509,110.514,35190000,1
1501479360000,1501479419000,110.513,110.515,110.504,110.514,73760000,1
1501479420000,1501479479000,110.514,110.516,110.51,110.514,64240000,1
1501479480000,1501479539000,110.514,110.531,110.51,110.529,116380000,1
1501479540000,1501479599000,110.53,110.549,110.53,110.546,153570000,1
1501479600000,1501479659000,110.546,110.546,110.534,110.545,59710000,1
1501479660000,1501479719000,110.546,110.548,110.545,110.545,28050000,1
1501479720000,1501479779000,110.543,110.543,110.533,110.54,48290000,1
1501479780000,1501479839000,110.539,110.545,110.539,110.545,50430000,1
1501479840000,1501479899000,110.546,110.549,110.54,110.549,51430000,1
1501479900000,1501479959000,110.549,110.55,110.545,110.546,24950000,1
1501479960000,1501480019000,110.545,110.547,110.54,110.54,45860000,1
1501480020000,1501480079000,110.541,110.541,110.533,110.539,45830000,1
1501480080000,1501480139000,110.54,110.54,110.52,110.527,85940000,1
1501480140000,1501480199000,110.528,110.533,110.528,110.53,44910000,1
1501480200000,1501480259000,110.531,110.533,110.528,110.532,71790000,1
1501480260000,1501480319000,110.53,110.532,110.525,110.527,56400000,1
1501480320000,1501480379000,110.527,110.529,110.506,110.509,103350000,1
1501480380000,1501480439000,110.51,110.522,110.51,110.514,107980000,1
1501480440000,1501480499000,110.513,110.519,110.495,110.498,80420000,1
1501480500000,1501480559000,110.497,110.509,110.496,110.506,79510000,1
1501480560000,1501480619000,110.507,110.51,110.495,110.499,135540000,1
1501480620000,1501480679000,110.498,110.506,110.497,110.503,101850000,1
1501480680000,1501480739000,110.502,110.512,110.501,110.502,93150000,1
1501480740000,1501480799000,110.502,110.516,110.499,110.514,133890000,1
1501480800000,1501480859000,110.513,110.517,110.489,110.514,192410000,1
1501480860000,1501480919000,110.513,110.514,110.501,110.514,96330000,1
1501480920000,1501480979000,110.514,110.532,110.514,110.516,165440000,1
1501480980000,1501481039000,110.515,110.534,110.515,110.527,137880000,1
1501481040000,1501481099000,110.529,110.544,110.51,110.527,135570000,1
1501481100000,1501481159000,110.527,110.533,110.498,110.498,125950000,1
1501481160000,1501481219000,110.498,110.527,110.498,110.521,148680000,1
1501481220000,1501481279000,110.519,110.52,110.507,110.513,124960000,1
1501481280000,1501481339000,110.513,110.523,110.508,110.521,84660000,1
1501481340000,1501481399000,110.521,110.548,110.516,110.545,94980000,1
1501481400000,1501481459000,110.545,110.585,110.539,110.583,233650000,1
1501481460000,1501481519000,110.582,110.589,110.576,110.582,138210000,1
1501481520000,1501481579000,110.58,110.581,110.556,110.557,95890000,1
1501481580000,1501481639000,110.557,110.582,110.557,110.58,124850000,1
1501481640000,1501481699000,110.578,110.613,110.576,110.607,208090000,1
1501481700000,1501481759000,110.607,110.609,110.587,110.593,212940000,1
1501481760000,1501481819000,110.593,110.607,110.588,110.607,142130000,1
1501481820000,1501481879000,110.608,110.612,110.597,110.606,165290000,1
1501481880000,1501481939000,110.606,110.638,110.603,110.624,132000000,1
1501481940000,1501481999000,110.623,110.645,110.62,110.625,137700000,1
1501482000000,1501482059000,110.624,110.629,110.604,110.616,171400000,1
1501482060000,1501482119000,110.616,110.616,110.602,110.603,124750000,1
1501482120000,1501482179000,110.603,110.607,110.593,110.594,96260000,1
1501482180000,1501482239000,110.592,110.601,110.59,110.601,127930000,1
1501482240000,1501482299000,110.6,110.6,110.594,110.595,67890000,1
1501482300000,1501482359000,110.596,110.615,110.593,110.613,105010000,1
1501482360000,1501482419000,110.613,110.621,110.604,110.621,107090000,1
1501482420000,1501482479000,110.621,110.628,110.616,110.62,121090000,1
1501482480000,1501482539000,110.619,110.619,110.604,110.604,137680000,1
1501482540000,1501482599000,110.603,110.606,110.584,110.585,161910000,1
1501482600000,1501482659000,110.586,110.595,110.57,110.591,248370000,1
1501482660000,1501482719000,110.592,110.594,110.582,110.589,103860000,1
1501482720000,1501482779000,110.589,110.594,110.589,110.594,63170000,1
1501482780000,1501482839000,110.594,110.594,110.586,110.593,53640000,1
1501482840000,1501482899000,110.592,110.614,110.592,110.596,145660000,1
1501482900000,1501482959000,110.596,110.634,110.593,110.63,148310000,1
1501482960000,1501483019000,110.63,110.644,110.625,110.644,103960000,1
1501483020000,1501483079000,110.644,110.678,110.644,110.674,157920000,1
1501483080000,1501483139000,110.675,110.695,110.668,110.69,135320000,1
1501483140000,1501483199000,110.688,110.694,110.659,110.667,161230000,1
1501483200000,1501483259000,110.668,110.669,110.652,110.66,92500000,1
1501483260000,1501483319000,110.659,110.663,110.635,110.66,121740000,1
1501483320000,1501483379000,110.661,110.673,110.658,110.669,209130000,1
1501483380000,1501483439000,110.669,110.681,110.663,110.668,192320000,1
1501483440000,1501483499000,110.666,110.672,110.662,110.663,126120000,1
1501483500000,1501483559000,110.663,110.67,110.661,110.665,102300000,1
1501483560000,1501483619000,110.666,110.668,110.649,110.649,80100000,1
1501483620000,1501483679000,110.65,110.661,110.644,110.644,107350000,1
1501483680000,1501483739000,110.643,110.644,110.631,110.639,100870000,1
1501483740000,1501483799000,110.639,110.64,110.627,110.637,56860000,1
1501483800000,1501483859000,110.636,110.645,110.63,110.645,105110000,1
1501483860000,1501483919000,110.646,110.657,110.646,110.651,86440000,1
1501483920000,1501483979000,110.649,110.649,110.636,110.642,116150000,1
1501483980000,1501484039000,110.641,110.656,110.636,110.636,81070000,1
1501484040000,1501484099000,110.636,110.646,110.636,110.644,89870000,1
1501484100000,1501484159000,110.644,110.644,110.638,110.644,54010000,1
1501484160000,1501484219000,110.645,110.671,110.643,110.671,104840000,1
1501484220000,1501484279000,110.671,110.681,110.668,110.679,60150000,1
1501484280000,1501484339000,110.677,110.681,110.663,110.669,90350000,1
1501484340000,1501484399000,110.669,110.669,110.651,110.656,217630000,1
1501484400000,1501484459000,110.658,110.682,110.644,110.679,270160000,1
1501484460000,1501484519000,110.68,110.684,110.67,110.672,194270000,1
1501484520000,1501484579000,110.673,110.69,110.67,110.684,180320000,1
1501484580000,1501484639000,110.684,110.692,110.676,110.683,106200000,1
1501484640000,1501484699000,110.682,110.682,110.669,110.679,122490000,1
1501484700000,1501484759000,110.678,110.691,110.665,110.689,127760000,1
1501484760000,1501484819000,110.69,110.691,110.686,110.689,231690000,1
1501484820000,1501484879000,110.69,110.755,110.69,110.75,217290000,1
1501484880000,1501484939000,110.751,110.774,110.74,110.752,252550000,1
1501484940000,1501484999000,110.751,110.752,110.735,110.748,174270000,1
1501485000000,1501485059000,110.747,110.758,110.741,110.743,253220000,1
1501485060000,1501485119000,110.745,110.752,110.741,110.741,210070000,1
1501485120000,1501485179000,110.74,110.747,110.722,110.722,305200000,1
1501485180000,1501485239000,110.722,110.737,110.72,110.736,105000000,1
1501485240000,1501485299000,110.735,110.735,110.714,110.721,142890000,1
1501485300000,1501485359000,110.721,110.74,110.719,110.738,130310000,1
1501485360000,1501485419000,110.737,110.739,110.731,110.732,69720000,1
1501485420000,1501485479000,110.732,110.734,110.723,110.725,125710000,1
1501485480000,1501485539000,110.724,110.726,110.713,110.724,127370000,1
1501485540000,1501485599000,110.725,110.726,110.712,110.712,101590000,1
1501485600000,1501485659000,110.713,110.726,110.709,110.714,258830000,1
1501485660000,1501485719000,110.716,110.716,110.701,110.703,131080000,1
1501485720000,1501485779000,110.704,110.708,110.693,110.706,135580000,1
1501485780000,1501485839000,110.705,110.708,110.694,110.694,87020000,1
1501485840000,1501485899000,110.693,110.701,110.691,110.692,44270000,1
1501485900000,1501485959000,110.692,110.694,110.685,110.685,93880000,1
1501485960000,1501486019000,110.686,110.699,110.686,110.687,118460000,1
1501486020000,1501486079000,110.686,110.696,110.685,110.694,71310000,1
1501486080000,1501486139000,110.695,110.705,110.695,110.699,71100000,1
1501486140000,1501486199000,110.7,110.7,110.691,110.692,107200000,1
1501486200000,1501486259000,110.692,110.697,110.687,110.688,136740000,1
1501486260000,1501486319000,110.688,110.693,110.681,110.684,120870000,1
1501486320000,1501486379000,110.683,110.683,110.649,110.655,215710000,1
1501486380000,1501486439000,110.656,110.675,110.655,110.669,184120000,1
1501486440000,1501486499000,110.669,110.67,110.654,110.662,121340000,1
1501486500000,1501486559000,110.662,110.671,110.651,110.656,419050000,1
1501486560000,1501486619000,110.656,110.656,110.633,110.633,155190000,1
1501486620000,1501486679000,110.632,110.646,110.631,110.646,136150000,1
1501486680000,1501486739000,110.645,110.647,110.622,110.629,123610000,1
1501486740000,1501486799000,110.627,110.632,110.622,110.631,103110000,1
1501486800000,1501486859000,110.63,110.633,110.621,110.633,146860000,1
1501486860000,1501486919000,110.633,110.636,110.624,110.633,92080000,1
1501486920000,1501486979000,110.633,110.634,110.623,110.628,134160000,1
1501486980000,1501487039000,110.628,110.629,110.617,110.623,128510000,1
1501487040000,1501487099000,110.623,110.634,110.622,110.633,58500000,1
1501487100000,1501487159000,110.631,110.633,110.623,110.633,110020000,1
1501487160000,1501487219000,110.635,110.64,110.635,110.636,78560000,1
1501487220000,1501487279000,110.637,110.651,110.637,110.641,96960000,1
1501487280000,1501487339000,110.643,110.644,110.632,110.64,92920000,1
1501487340000,1501487399000,110.64,110.658,110.629,110.632,121680000,1
1501487400000,1501487459000,110.632,110.632,110.612,110.612,122760000,1
1501487460000,1501487519000,110.612,110.619,110.611,110.616,96540000,1
1501487520000,1501487579000,110.616,110.631,110.613,110.63,62830000,1
1501487580000,1501487639000,110.631,110.632,110.617,110.617,90040000,1
1501487640000,1501487699000,110.616,110.621,110.611,110.616,91730000,1
1501487700000,1501487759000,110.616,110.616,110.593,110.598,151640000,1
1501487760000,1501487819000,110.599,110.618,110.597,110.617,131470000,1
1501487820000,1501487879000,110.617,110.622,110.608,110.608,102210000,1
1501487880000,1501487939000,110.608,110.618,110.605,110.616,93840000,1
1501487940000,1501487999000,110.616,110.632,110.614,110.628,147300000,1
1501488000000,1501488059000,110.626,110.631,110.609,110.621,150810000,1
1501488060000,1501488119000,110.622,110.643,110.622,110.639,135600000,1
1501488120000,1501488179000,110.639,110.646,110.633,110.646,94350000,1
1501488180000,1501488239000,110.646,110.646,110.633,110.633,58500000,1
1501488240000,1501488299000,110.633,110.638,110.628,110.631,88370000,1
1501488300000,1501488359000,110.633,110.64,110.627,110.64,101970000,1
1501488360000,1501488419000,110.64,110.651,110.633,110.651,123290000,1
1501488420000,1501488479000,110.65,110.656,110.646,110.656,85200000,1
1501488480000,1501488539000,110.654,110.654,110.644,110.646,86060000,1
1501488540000,1501488599000,110.646,110.656,110.644,110.644,124480000,1
1501488600000,1501488659000,110.643,110.657,110.639,110.654,89230000,1
1501488660000,1501488719000,110.652,110.663,110.651,110.663,80530000,1
1501488720000,1501488779000,110.663,110.666,110.656,110.662,96960000,1
1501488780000,1501488839000,110.663,110.692,110.663,110.685,152820000,1
1501488840000,1501488899000,110.688,110.69,110.67,110.686,139580000,1
1501488900000,1501488959000,110.687,110.687,110.681,110.683,93390000,1
1501488960000,1501489019000,110.682,110.685,110.68,110.684,72940000,1
1501489020000,1501489079000,110.685,110.695,110.682,110.683,104640000,1
1501489080000,1501489139000,110.684,110.687,110.679,110.68,80270000,1
1501489140000,1501489199000,110.68,110.689,110.677,110.689,110610000,1
1501489200000,1501489259000,110.688,110.688,110.679,110.688,75700000,1
1501489260000,1501489319000,110.687,110.696,110.678,110.695,97270000,1
1501489320000,1501489379000,110.694,110.694,110.683,110.693,87580000,1
1501489380000,1501489439000,110.693,110.696,110.676,110.691,125280000,1
1501489440000,1501489499000,110.692,110.693,110.681,110.682,109080000,1
1501489500000,1501489559000,110.683,110.687,110.68,110.683,79860000,1
1501489560000,1501489619000,110.681,110.683,110.676,110.677,119560000,1
1501489620000,1501489679000,110.677,110.694,110.677,110.692,71330000,1
1501489680000,1501489739000,110.692,110.696,110.69,110.696,89910000,1
1501489740000,1501489799000,110.698,110.706,110.695,110.7,108890000,1
1501489800000,1501489859000,110.7,110.702,110.68,110.68,89110000,1
1501489860000,1501489919000,110.683,110.693,110.683,110.686,55160000,1
1501489920000,1501489979000,110.687,110.687,110.676,110.68,125840000,1
1501489980000,1501490039000,110.681,110.685,110.678,110.68,94220000,1
1501490040000,1501490099000,110.68,110.681,110.675,110.675,54100000,1
1501490100000,1501490159000,110.679,110.68,110.674,110.675,51250000,1
1501490160000,1501490219000,110.674,110.675,110.659,110.662,111460000,1
1501490220000,1501490279000,110.663,110.663,110.65,110.651,101440000,1
1501490280000,1501490339000,110.65,110.655,110.633,110.633,98010000,1
1501490340000,1501490399000,110.633,110.648,110.631,110.643,86460000,1
1501490400000,1501490459000,110.643,110.65,110.643,110.647,45420000,1
1501490460000,1501490519000,110.647,110.647,110.618,110.624,119200000,1
1501490520000,1501490579000,110.623,110.625,110.62,110.62,188970000,1
1501490580000,1501490639000,110.62,110.626,110.62,110.626,135010000,1
1501490640000,1501490699000,110.624,110.639,110.624,110.639,52010000,1
1501490700000,1501490759000,110.64,110.646,110.616,110.624,93660000,1
1501490760000,1501490819000,110.624,110.634,110.622,110.622,73400000,1
1501490820000,1501490879000,110.621,110.628,110.619,110.628,109140000,1
1501490880000,1501490939000,110.628,110.638,110.628,110.629,149310000,1
1501490940000,1501490999000,110.629,110.633,110.629,110.632,47710000,1
1501491000000,1501491059000,110.632,110.635,110.63,110.634,73770000,1
1501491060000,1501491119000,110.634,110.655,110.627,110.651,153640000,1
1501491120000,1501491179000,110.65,110.663,110.649,110.663,114420000,1
1501491180000,1501491239000,110.662,110.675,110.651,110.668,147660000,1
1501491240000,1501491299000,110.668,110.671,110.663,110.663,96050000,1
1501491300000,1501491359000,110.664,110.673,110.664,110.668,104890000,1
1501491360000,1501491419000,110.668,110.668,110.655,110.661,82190000,1
1501491420000,1501491479000,110.661,110.663,110.647,110.648,98600000,1
1501491480000,1501491539000,110.648,110.651,110.617,110.618,182360000,1
1501491540000,1501491599000,110.617,110.644,110.617,110.641,204920000,1
1501491600000,1501491659000,110.641,110.647,110.621,110.629,233340000,1
1501491660000,1501491719000,110.629,110.638,110.627,110.628,342310000,1
1501491720000,1501491779000,110.629,110.639,110.62,110.639,193810000,1
1501491780000,1501491839000,110.638,110.645,110.633,110.641,184880000,1
1501491840000,1501491899000,110.64,110.645,110.614,110.628,182500000,1
1501491900000,1501491959000,110.628,110.661,110.627,110.66,169890000,1
1501491960000,1501492019000,110.66,110.665,110.649,110.651,118500000,1
1501492020000,1501492079000,110.65,110.653,110.64,110.642,97960000,1
1501492080000,1501492139000,110.643,110.643,110.623,110.627,107100000,1
1501492140000,1501492199000,110.627,110.627,110.608,110.617,110310000,1
1501492200000,1501492259000,110.616,110.632,110.616,110.628,98420000,1
1501492260000,1501492319000,110.629,110.661,110.626,110.66,94460000,1
1501492320000,1501492379000,110.659,110.659,110.634,110.635,111440000,1
1501492380000,1501492439000,110.635,110.641,110.633,110.635,87540000,1
1501492440000,1501492499000,110.635,110.645,110.635,110.643,89610000,1
1501492500000,1501492559000,110.642,110.647,110.634,110.643,127060000,1
1501492560000,1501492619000,110.645,110.666,110.642,110.646,166980000,1
1501492620000,1501492679000,110.643,110.645,110.636,110.641,66160000,1
1501492680000,1501492739000,110.642,110.642,110.63,110.641,114190000,1
1501492740000,1501492799000,110.641,110.654,110.641,110.644,118890000,1
1501492800000,1501492859000,110.644,110.653,110.643,110.651,96290000,1
1501492860000,1501492919000,110.652,110.653,110.645,110.646,41330000,1
1501492920000,1501492979000,110.647,110.648,110.627,110.647,124830000,1
1501492980000,1501493039000,110.647,110.654,110.643,110.653,81120000,1
1501493040000,1501493099000,110.652,110.653,110.627,110.638,87250000,1
1501493100000,1501493159000,110.639,110.657,110.626,110.65,134900000,1
1501493160000,1501493219000,110.65,110.656,110.643,110.649,176180000,1
1501493220000,1501493279000,110.649,110.651,110.636,110.642,310400000,1
1501493280000,1501493339000,110.64,110.64,110.627,110.636,179860000,1
1501493340000,1501493399000,110.636,110.648,110.634,110.641,56540000,1
1501493400000,1501493459000,110.639,110.666,110.639,110.653,157280000,1
1501493460000,1501493519000,110.651,110.651,110.639,110.641,108730000,1
1501493520000,1501493579000,110.643,110.643,110.613,110.614,121880000,1
1501493580000,1501493639000,110.613,110.617,110.607,110.616,115710000,1
1501493640000,1501493699000,110.617,110.626,110.616,110.626,94220000,1
1501493700000,1501493759000,110.626,110.626,110.604,110.605,121810000,1
1501493760000,1501493819000,110.605,110.611,110.569,110.57,168420000,1
1501493820000,1501493879000,110.571,110.576,110.551,110.562,156910000,1
1501493880000,1501493939000,110.563,110.565,110.55,110.555,174330000,1
1501493940000,1501493999000,110.555,110.572,110.555,110.567,145920000,1
1501494000000,1501494059000,110.566,110.583,110.565,110.582,119410000,1
1501494060000,1501494119000,110.583,110.583,110.551,110.563,77310000,1
1501494120000,1501494179000,110.564,110.581,110.563,110.571,85330000,1
1501494180000,1501494239000,110.572,110.572,110.557,110.563,113040000,1
1501494240000,1501494299000,110.564,110.567,110.558,110.567,54720000,1
1501494300000,1501494359000,110.567,110.585,110.567,110.582,88340000,1
1501494360000,1501494419000,110.582,110.582,110.571,110.579,155910000,1
1501494420000,1501494479000,110.579,110.579,110.563,110.565,196450000,1
1501494480000,1501494539000,110.564,110.569,110.56,110.563,214080000,1
1501494540000,1501494599000,110.563,110.568,110.562,110.565,144970000,1
1501494600000,1501494659000,110.565,110.571,110.565,110.57,151200000,1
1501494660000,1501494719000,110.57,110.573,110.569,110.57,53530000,1
1501494720000,1501494779000,110.569,110.569,110.551,110.553,145170000,1
1501494780000,1501494839000,110.553,110.564,110.553,110.56,86470000,1
1501494840000,1501494899000,110.563,110.568,110.553,110.558,156690000,1
1501494900000,1501494959000,110.561,110.564,110.55,110.561,117490000,1
1501494960000,1501495019000,110.561,110.564,110.55,110.553,180740000,1
1501495020000,1501495079000,110.555,110.561,110.555,110.556,39260000,1
1501495080000,1501495139000,110.555,110.561,110.543,110.559,100990000,1
1501495140000,1501495199000,110.557,110.56,110.551,110.553,60090000,1
1501495200000,1501495259000,110.552,110.572,110.551,110.572,65180000,1
1501495260000,1501495319000,110.571,110.586,110.57,110.585,80080000,1
1501495320000,1501495379000,110.586,110.586,110.578,110.58,89270000,1
1501495380000,1501495439000,110.581,110.582,110.543,110.548,183350000,1
1501495440000,1501495499000,110.551,110.551,110.516,110.521,185590000,1
1501495500000,1501495559000,110.519,110.544,110.518,110.542,172670000,1
1501495560000,1501495619000,110.543,110.554,110.536,110.538,121430000,1
1501495620000,1501495679000,110.538,110.557,110.534,110.549,148410000,1
1501495680000,1501495739000,110.548,110.55,110.527,110.527,150610000,1
1501495740000,1501495799000,110.528,110.547,110.523,110.539,59380000,1
1501495800000,1501495859000,110.538,110.544,110.537,110.538,74380000,1
1501495860000,1501495919000,110.538,110.547,110.536,110.536,97880000,1
1501495920000,1501495979000,110.537,110.55,110.537,110.545,58890000,1
1501495980000,1501496039000,110.543,110.544,110.536,110.536,86070000,1
1501496040000,1501496099000,110.538,110.539,110.526,110.538,70800000,1
1501496100000,1501496159000,110.538,110.541,110.529,110.541,112500000,1
1501496160000,1501496219000,110.541,110.553,110.536,110.55,106200000,1
1501496220000,1501496279000,110.548,110.552,110.546,110.551,44580000,1
1501496280000,1501496339000,110.551,110.551,110.528,110.536,129750000,1
1501496340000,1501496399000,110.536,110.539,110.516,110.529,160530000,1
1501496400000,1501496459000,110.529,110.536,110.526,110.536,126990000,1
1501496460000,1501496519000,110.536,110.536,110.521,110.524,50210000,1
1501496520000,1501496579000,110.523,110.528,110.518,110.526,81600000,1
1501496580000,1501496639000,110.526,110.531,110.522,110.53,68750000,1
1501496640000,1501496699000,110.53,110.541,110.527,110.539,71280000,1
1501496700000,1501496759000,110.539,110.539,110.521,110.53,91490000,1
1501496760000,1501496819000,110.529,110.532,110.518,110.525,134610000,1
1501496820000,1501496879000,110.525,110.552,110.523,110.546,83820000,1
1501496880000,1501496939000,110.548,110.55,110.541,110.546,87910000,1
1501496940000,1501496999000,110.547,110.553,110.545,110.553,44640000,1
1501497000000,1501497059000,110.552,110.561,110.55,110.56,61220000,1
1501497060000,1501497119000,110.56,110.56,110.555,110.559,33150000,1
1501497120000,1501497179000,110.558,110.566,110.556,110.561,98470000,1
1501497180000,1501497239000,110.562,110.567,110.561,110.565,96240000,1
1501497240000,1501497299000,110.564,110.568,110.564,110.567,65980000,1
1501497300000,1501497359000,110.567,110.574,110.564,110.573,88670000,1
1501497360000,1501497419000,110.572,110.573,110.556,110.559,67280000,1
1501497420000,1501497479000,110.559,110.561,110.554,110.554,38810000,1
1501497480000,1501497539000,110.55,110.573,110.55,110.571,68040000,1
1501497540000,1501497599000,110.573,110.58,110.571,110.572,70190000,1
1501497600000,1501497659000,110.571,110.573,110.565,110.572,95250000,1
1501497660000,1501497719000,110.572,110.572,110.56,110.56,65850000,1
1501497720000,1501497779000,110.56,110.561,110.542,110.549,50060000,1
1501497780000,1501497839000,110.55,110.554,110.548,110.551,67690000,1
1501497840000,1501497899000,110.552,110.56,110.551,110.56,64290000,1
1501497900000,1501497959000,110.56,110.569,110.56,110.569,63920000,1
1501497960000,1501498019000,110.569,110.574,110.555,110.559,88280000,1
1501498020000,1501498079000,110.559,110.571,110.559,110.564,133520000,1
1501498080000,1501498139000,110.562,110.564,110.56,110.562,43630000,1
1501498140000,1501498199000,110.564,110.573,110.564,110.573,61170000,1
1501498200000,1501498259000,110.572,110.572,110.566,110.571,47060000,1
1501498260000,1501498319000,110.571,110.571,110.569,110.57,34990000,1
1501498320000,1501498379000,110.571,110.572,110.569,110.57,70640000,1
1501498380000,1501498439000,110.57,110.573,110.564,110.569,97040000,1
1501498440000,1501498499000,110.569,110.573,110.568,110.572,86510000,1
1501498500000,1501498559000,110.572,110.58,110.572,110.575,80570000,1
1501498560000,1501498619000,110.573,110.573,110.569,110.57,96500000,1
1501498620000,1501498679000,110.569,110.576,110.567,110.572,128340000,1
1501498680000,1501498739000,110.571,110.571,110.558,110.563,73800000,1
1501498740000,1501498799000,110.565,110.573,110.565,110.566,80300000,1
1501498800000,1501498859000,110.566,110.578,110.566,110.57,99470000,1
1501498860000,1501498919000,110.571,110.571,110.552,110.558,61320000,1
1501498920000,1501498979000,110.558,110.566,110.551,110.566,67470000,1
1501498980000,1501499039000,110.566,110.571,110.565,110.569,66730000,1
1501499040000,1501499099000,110.569,110.57,110.565,110.565,89280000,1
1501499100000,1501499159000,110.565,110.569,110.564,110.566,85180000,1
1501499160000,1501499219000,110.565,110.567,110.56,110.565,44470000,1
1501499220000,1501499279000,110.564,110.566,110.529,110.53,158520000,1
1501499280000,1501499339000,110.532,110.547,110.519,110.519,157980000,1
1501499340000,1501499399000,110.521,110.531,110.52,110.531,114480000,1
1501499400000,1501499459000,110.532,110.542,110.528,110.538,113190000,1
1501499460000,1501499519000,110.538,110.541,110.538,110.541,72600000,1
1501499520000,1501499579000,110.541,110.541,110.53,110.535,51090000,1
1501499580000,1501499639000,110.536,110.547,110.536,110.547,49590000,1
1501499640000,1501499699000,110.548,110.548,110.54,110.546,49760000,1
1501499700000,1501499759000,110.546,110.549,110.536,110.541,60030000,1
1501499760000,1501499819000,110.54,110.543,110.533,110.534,40720000,1
1501499820000,1501499879000,110.533,110.533,110.528,110.53,38410000,1
1501499880000,1501499939000,110.531,110.531,110.499,110.505,143050000,1
1501499940000,1501499999000,110.504,110.511,110.501,110.509,61130000,1
1501500000000,1501500059000,110.51,110.515,110.497,110.499,100940000,1
1501500060000,1501500119000,110.499,110.51,110.499,110.502,96580000,1
1501500120000,1501500179000,110.503,110.51,110.503,110.51,57450000,1
1501500180000,1501500239000,110.509,110.509,110.499,110.502,107340000,1
1501500240000,1501500299000,110.502,110.511,110.501,110.511,151800000,1
1501500300000,1501500359000,110.511,110.531,110.51,110.523,74010000,1
1501500360000,1501500419000,110.522,110.522,110.504,110.507,74500000,1
1501500420000,1501500479000,110.508,110.517,110.508,110.515,81760000,1
1501500480000,1501500539000,110.515,110.515,110.505,110.508,58220000,1
1501500540000,1501500599000,110.509,110.521,110.509,110.52,116570000,1
1501500600000,1501500659000,110.519,110.525,110.517,110.525,74270000,1
1501500660000,1501500719000,110.527,110.528,110.513,110.513,73430000,1
1501500720000,1501500779000,110.513,110.518,110.503,110.509,100330000,1
1501500780000,1501500839000,110.51,110.531,110.505,110.505,261130000,1
1501500840000,1501500899000,110.506,110.506,110.503,110.503,34010000,1
1501500900000,1501500959000,110.505,110.544,110.505,110.533,98500000,1
1501500960000,1501501019000,110.533,110.536,110.53,110.532,116650000,1
1501501020000,1501501079000,110.53,110.544,110.53,110.543,69050000,1
1501501080000,1501501139000,110.544,110.544,110.538,110.538,57300000,1
1501501140000,1501501199000,110.538,110.543,110.529,110.541,147930000,1
1501501200000,1501501259000,110.542,110.562,110.542,110.551,91670000,1
1501501260000,1501501319000,110.552,110.562,110.545,110.545,93540000,1
1501501320000,1501501379000,110.546,110.555,110.545,110.548,103610000,1
1501501380000,1501501439000,110.55,110.55,110.544,110.544,52370000,1
1501501440000,1501501499000,110.545,110.547,110.54,110.542,75610000,1
1501501500000,1501501559000,110.542,110.546,110.538,110.538,52190000,1
1501501560000,1501501619000,110.538,110.538,110.528,110.538,51910000,1
1501501620000,1501501679000,110.538,110.548,110.536,110.547,56130000,1
1501501680000,1501501739000,110.548,110.551,110.542,110.55,54300000,1
1501501740000,1501501799000,110.549,110.552,110.547,110.547,33040000,1
1501501800000,1501501859000,110.547,110.557,110.545,110.552,57600000,1
1501501860000,1501501919000,110.553,110.553,110.537,110.538,75830000,1
1501501920000,1501501979000,110.538,110.544,110.538,110.543,25450000,1
1501501980000,1501502039000,110.542,110.543,110.539,110.542,63890000,1
1501502040000,1501502099000,110.542,110.546,110.538,110.542,47710000,1
1501502100000,1501502159000,110.545,110.559,110.545,110.553,130410000,1
1501502160000,1501502219000,110.553,110.556,110.551,110.556,93980000,1
1501502220000,1501502279000,110.556,110.561,110.556,110.56,27020000,1
1501502280000,1501502339000,110.56,110.56,110.557,110.559,43680000,1
1501502340000,1501502399000,110.559,110.572,110.559,110.569,108860000,1
1501502400000,1501502459000,110.57,110.581,110.554,110.581,139100000,1
1501502460000,1501502519000,110.583,110.585,110.566,110.567,81010000,1
1501502520000,1501502579000,110.568,110.57,110.557,110.564,93380000,1
1501502580000,1501502639000,110.563,110.587,110.56,110.582,190760000,1
1501502640000,1501502699000,110.582,110.584,110.578,110.579,197430000,1
1501502700000,1501502759000,110.579,110.602,110.578,110.602,122970000,1
1501502760000,1501502819000,110.602,110.602,110.591,110.591,62550000,1
1501502820000,1501502879000,110.591,110.603,110.591,110.598,123270000,1
1501502880000,1501502939000,110.598,110.602,110.591,110.592,70890000,1
1501502940000,1501502999000,110.591,110.597,110.589,110.59,61470000,1
1501503000000,1501503059000,110.589,110.595,110.58,110.595,118330000,1
1501503060000,1501503119000,110.595,110.604,110.593,110.598,131970000,1
1501503120000,1501503179000,110.598,110.602,110.59,110.598,121140000,1
1501503180000,1501503239000,110.598,110.604,110.594,110.604,45160000,1
1501503240000,1501503299000,110.605,110.605,110.6,110.6,67380000,1
1501503300000,1501503359000,110.6,110.635,110.6,110.635,99310000,1
1501503360000,1501503419000,110.634,110.636,110.612,110.634,208480000,1
1501503420000,1501503479000,110.633,110.633,110.624,110.625,115560000,1
1501503480000,1501503539000,110.625,110.632,110.618,110.618,153890000,1
1501503540000,1501503599000,110.617,110.619,110.601,110.602,167010000,1
1501503600000,1501503659000,110.602,110.603,110.577,110.59,165980000,1
1501503660000,1501503719000,110.59,110.592,110.576,110.577,178610000,1
1501503720000,1501503779000,110.58,110.593,110.577,110.583,156510000,1
1501503780000,1501503839000,110.582,110.589,110.572,110.577,103160000,1
1501503840000,1501503899000,110.578,110.585,110.578,110.578,113660000,1
1501503900000,1501503959000,110.576,110.586,110.576,110.584,67140000,1
1501503960000,1501504019000,110.585,110.598,110.584,110.598,98080000,1
1501504020000,1501504079000,110.6,110.61,110.596,110.604,220230000,1
1501504080000,1501504139000,110.603,110.614,110.602,110.614,120990000,1
1501504140000,1501504199000,110.614,110.615,110.594,110.594,203170000,1
1501504200000,1501504259000,110.594,110.598,110.566,110.566,89810000,1
1501504260000,1501504319000,110.567,110.571,110.54,110.553,149960000,1
1501504320000,1501504379000,110.552,110.577,110.552,110.577,210370000,1
1501504380000,1501504439000,110.577,110.578,110.567,110.578,96560000,1
1501504440000,1501504499000,110.579,110.579,110.573,110.576,73050000,1
1501504500000,1501504559000,110.577,110.581,110.567,110.567,100190000,1
1501504560000,1501504619000,110.566,110.571,110.558,110.565,61860000,1
1501504620000,1501504679000,110.564,110.565,110.561,110.564,58150000,1
1501504680000,1501504739000,110.568,110.578,110.554,110.555,130680000,1
1501504740000,1501504799000,110.556,110.576,110.555,110.562,126850000,1
1501504800000,1501504859000,110.561,110.564,110.557,110.559,88290000,1
1501504860000,1501504919000,110.56,110.57,110.56,110.567,92330000,1
1501504920000,1501504979000,110.567,110.569,110.563,110.565,107350000,1
1501504980000,1501505039000,110.564,110.571,110.562,110.568,97740000,1
1501505040000,1501505099000,110.568,110.57,110.556,110.559,160660000,1
1501505100000,1501505159000,110.557,110.561,110.546,110.557,123120000,1
1501505160000,1501505219000,110.559,110.571,110.559,110.57,90490000,1
1501505220000,1501505279000,110.57,110.576,110.565,110.573,74230000,1
1501505280000,1501505339000,110.572,110.573,110.565,110.572,116890000,1
1501505340000,1501505399000,110.571,110.583,110.54,110.548,167410000,1
1501505400000,1501505459000,110.549,110.552,110.536,110.548,141840000,1
1501505460000,1501505519000,110.549,110.552,110.54,110.54,197290000,1
1501505520000,1501505579000,110.541,110.545,110.528,110.53,139530000,1
1501505580000,1501505639000,110.53,110.536,110.529,110.532,156840000,1
1501505640000,1501505699000,110.533,110.542,110.533,110.54,91280000,1
1501505700000,1501505759000,110.541,110.544,110.528,110.543,129380000,1
1501505760000,1501505819000,110.544,110.549,110.535,110.536,143590000,1
1501505820000,1501505879000,110.538,110.543,110.525,110.529,113460000,1
1501505880000,1501505939000,110.53,110.53,110.512,110.528,160250000,1
1501505940000,1501505999000,110.529,110.529,110.522,110.529,130840000,1
1501506000000,1501506059000,110.529,110.548,110.527,110.548,242260000,1
1501506060000,1501506119000,110.547,110.552,110.536,110.544,180460000,1
1501506120000,1501506179000,110.544,110.547,110.538,110.541,60760000,1
1501506180000,1501506239000,110.542,110.547,110.537,110.538,53460000,1
1501506240000,1501506299000,110.541,110.56,110.541,110.557,129520000,1
1501506300000,1501506359000,110.557,110.562,110.54,110.549,165860000,1
1501506360000,1501506419000,110.549,110.558,110.54,110.558,105670000,1
1501506420000,1501506479000,110.558,110.558,110.542,110.552,127480000,1
1501506480000,1501506539000,110.55,110.564,110.538,110.56,101580000,1
1501506540000,1501506599000,110.56,110.576,110.559,110.574,84660000,1
1501506600000,1501506659000,110.573,110.596,110.573,110.579,165500000,1
1501506660000,1501506719000,110.578,110.583,110.576,110.579,88030000,1
1501506720000,1501506779000,110.579,110.585,110.577,110.578,88640000,1
1501506780000,1501506839000,110.577,110.578,110.57,110.572,166780000,1
1501506840000,1501506899000,110.572,110.582,110.571,110.577,169620000,1
1501506900000,1501506959000,110.576,110.589,110.575,110.583,182360000,1
1501506960000,1501507019000,110.584,110.593,110.582,110.583,71230000,1
1501507020000,1501507079000,110.582,110.584,110.571,110.571,114790000,1
1501507080000,1501507139000,110.572,110.577,110.565,110.575,166670000,1
1501507140000,1501507199000,110.574,110.574,110.566,110.572,64480000,1
1501507200000,1501507259000,110.57,110.57,110.534,110.534,160230000,1
1501507260000,1501507319000,110.534,110.549,110.534,110.549,126270000,1
1501507320000,1501507379000,110.549,110.552,110.541,110.542,94340000,1
1501507380000,1501507439000,110.541,110.551,110.541,110.542,113810000,1
1501507440000,1501507499000,110.538,110.549,110.538,110.547,72470000,1
1501507500000,1501507559000,110.547,110.571,110.546,110.553,130560000,1
1501507560000,1501507619000,110.551,110.553,110.533,110.539,171540000,1
1501507620000,1501507679000,110.541,110.553,110.534,110.553,137000000,1
1501507680000,1501507739000,110.553,110.564,110.553,110.559,84020000,1
1501507740000,1501507799000,110.556,110.557,110.539,110.546,102420000,1
1501507800000,1501507859000,110.542,110.551,110.533,110.55,210590000,1
1501507860000,1501507919000,110.549,110.56,110.545,110.552,176610000,1
1501507920000,1501507979000,110.551,110.561,110.535,110.538,138460000,1
1501507980000,1501508039000,110.539,110.547,110.531,110.536,122200000,1
1501508040000,1501508099000,110.536,110.552,110.535,110.55,152440000,1
1501508100000,1501508159000,110.549,110.552,110.52,110.525,258360000,1
1501508160000,1501508219000,110.527,110.55,110.523,110.546,239420000,1
1501508220000,1501508279000,110.546,110.564,110.543,110.564,175490000,1
1501508280000,1501508339000,110.564,110.596,110.558,110.589,157210000,1
1501508340000,1501508399000,110.589,110.607,110.588,110.604,171770000,1
1501508400000,1501508459000,110.604,110.631,110.604,110.621,150370000,1
1501508460000,1501508519000,110.621,110.63,110.619,110.63,81220000,1
1501508520000,1501508579000,110.63,110.635,110.599,110.625,259880000,1
1501508580000,1501508639000,110.625,110.651,110.625,110.635,233980000,1
1501508640000,1501508699000,110.635,110.641,110.616,110.639,165780000,1
1501508700000,1501508759000,110.638,110.641,110.592,110.592,287970000,1
1501508760000,1501508819000,110.593,110.6,110.574,110.589,189450000,1
1501508820000,1501508879000,110.588,110.6,110.573,110.586,207210000,1
1501508880000,1501508939000,110.587,110.598,110.58,110.593,305590000,1
1501508940000,1501508999000,110.592,110.598,110.569,110.589,259470000,1
1501509000000,1501509059000,110.588,110.588,110.564,110.568,376180000,1
1501509060000,1501509119000,110.567,110.577,110.536,110.544,321710000,1
1501509120000,1501509179000,110.547,110.56,110.53,110.532,215610000,1
1501509180000,1501509239000,110.532,110.547,110.528,110.545,209670000,1
1501509240000,1501509299000,110.543,110.543,110.523,110.528,197330000,1
1501509300000,1501509359000,110.529,110.563,110.529,110.547,170730000,1
1501509360000,1501509419000,110.547,110.551,110.527,110.536,139790000,1
1501509420000,1501509479000,110.536,110.541,110.52,110.53,108050000,1
1501509480000,1501509539000,110.532,110.532,110.513,110.516,80410000,1
1501509540000,1501509599000,110.517,110.526,110.506,110.519,183700000,1
1501509600000,1501509659000,110.52,110.548,110.452,110.461,373020000,1
1501509660000,1501509719000,110.46,110.472,110.431,110.454,354080000,1
1501509720000,1501509779000,110.454,110.463,110.436,110.446,350600000,1
1501509780000,1501509839000,110.446,110.497,110.446,110.491,359710000,1
1501509840000,1501509899000,110.495,110.51,110.47,110.508,322830000,1
1501509900000,1501509959000,110.508,110.55,110.503,110.547,461130000,1
1501509960000,1501510019000,110.546,110.559,110.532,110.536,239200000,1
1501510020000,1501510079000,110.538,110.541,110.52,110.528,161870000,1
1501510080000,1501510139000,110.528,110.537,110.511,110.515,224420000,1
1501510140000,1501510199000,110.515,110.526,110.507,110.526,162800000,1
1501510200000,1501510259000,110.526,110.532,110.514,110.514,194600000,1
1501510260000,1501510319000,110.511,110.516,110.5,110.5,114280000,1
1501510320000,1501510379000,110.5,110.5,110.449,110.468,350390000,1
1501510380000,1501510439000,110.467,110.491,110.467,110.48,206010000,1
1501510440000,1501510499000,110.48,110.48,110.464,110.467,117750000,1
1501510500000,1501510559000,110.467,110.49,110.449,110.483,174170000,1
1501510560000,1501510619000,110.483,110.498,110.464,110.476,195620000,1
1501510620000,1501510679000,110.476,110.491,110.464,110.466,160850000,1
1501510680000,1501510739000,110.466,110.479,110.46,110.474,142120000,1
1501510740000,1501510799000,110.474,110.48,110.472,110.474,104300000,1
1501510800000,1501510859000,110.47,110.477,110.452,110.468,305160000,1
1501510860000,1501510919000,110.468,110.481,110.44,110.472,213330000,1
1501510920000,1501510979000,110.474,110.479,110.467,110.469,113050000,1
1501510980000,1501511039000,110.47,110.48,110.468,110.472,119340000,1
1501511040000,1501511099000,110.472,110.483,110.45,110.454,175890000,1
1501511100000,1501511159000,110.452,110.47,110.442,110.446,134000000,1
1501511160000,1501511219000,110.448,110.481,110.448,110.474,191460000,1
1501511220000,1501511279000,110.474,110.484,110.473,110.478,139890000,1
1501511280000,1501511339000,110.477,110.484,110.475,110.483,117240000,1
1501511340000,1501511399000,110.48,110.496,110.473,110.478,188220000,1
1501511400000,1501511459000,110.477,110.478,110.46,110.461,166730000,1
1501511460000,1501511519000,110.459,110.473,110.445,110.466,128360000,1
1501511520000,1501511579000,110.466,110.472,110.454,110.463,165710000,1
1501511580000,1501511639000,110.465,110.473,110.458,110.472,144960000,1
1501511640000,1501511699000,110.473,110.485,110.471,110.476,155150000,1
1501511700000,1501511759000,110.477,110.485,110.468,110.48,138870000,1
1501511760000,1501511819000,110.48,110.497,110.46,110.472,198650000,1
1501511820000,1501511879000,110.473,110.484,110.469,110.483,212210000,1
1501511880000,1501511939000,110.484,110.484,110.461,110.468,244120000,1
1501511940000,1501511999000,110.471,110.477,110.464,110.477,125280000,1
1501512000000,1501512059000,110.477,110.505,110.477,110.494,147660000,1
1501512060000,1501512119000,110.493,110.493,110.47,110.474,103120000,1
1501512120000,1501512179000,110.473,110.479,110.461,110.472,96190000,1
1501512180000,1501512239000,110.47,110.471,110.446,110.464,176150000,1
1501512240000,1501512299000,110.463,110.466,110.449,110.449,144100000,1
1501512300000,1501512359000,110.447,110.461,110.434,110.461,144960000,1
1501512360000,1501512419000,110.46,110.478,110.459,110.459,123670000,1
1501512420000,1501512479000,110.461,110.461,110.429,110.431,166220000,1
1501512480000,1501512539000,110.432,110.443,110.41,110.429,373760000,1
1501512540000,1501512599000,110.429,110.44,110.42,110.429,172220000,1
1501512600000,1501512659000,110.431,110.435,110.416,110.416,242460000,1
1501512660000,1501512719000,110.417,110.426,110.4,110.416,261130000,1
1501512720000,1501512779000,110.419,110.424,110.404,110.404,191890000,1
1501512780000,1501512839000,110.404,110.416,110.4,110.4,144180000,1
1501512840000,1501512899000,110.401,110.426,110.4,110.422,164870000,1
1501512900000,1501512959000,110.422,110.422,110.388,110.415,433010000,1
1501512960000,1501513019000,110.415,110.416,110.39,110.396,421280000,1
1501513020000,1501513079000,110.398,110.417,110.398,110.405,456150000,1
1501513080000,1501513139000,110.404,110.479,110.404,110.479,316530000,1
1501513140000,1501513199000,110.478,110.526,110.475,110.505,470060000,1
1501513200000,1501513259000,110.501,110.529,110.495,110.499,451430000,1
1501513260000,1501513319000,110.497,110.497,110.483,110.484,1269550000,1
1501513320000,1501513379000,110.485,110.498,110.471,110.484,221650000,1
1501513380000,1501513439000,110.485,110.497,110.472,110.478,332940000,1
1501513440000,1501513499000,110.478,110.479,110.457,110.465,236130000,1
1501513500000,1501513559000,110.466,110.466,110.439,110.444,179230000,1
1501513560000,1501513619000,110.444,110.461,110.434,110.461,160880000,1
1501513620000,1501513679000,110.46,110.462,110.447,110.459,137910000,1
1501513680000,1501513739000,110.46,110.46,110.442,110.451,162340000,1
1501513740000,1501513799000,110.452,110.462,110.445,110.462,156830000,1
1501513800000,1501513859000,110.463,110.481,110.463,110.469,134670000,1
1501513860000,1501513919000,110.47,110.47,110.44,110.452,162840000,1
1501513920000,1501513979000,110.453,110.484,110.449,110.483,139970000,1
1501513980000,1501514039000,110.483,110.484,110.47,110.476,255410000,1
1501514040000,1501514099000,110.476,110.509,110.47,110.487,216150000,1
1501514100000,1501514159000,110.487,110.487,110.472,110.485,143270000,1
1501514160000,1501514219000,110.487,110.501,110.487,110.495,152720000,1
1501514220000,1501514279000,110.497,110.499,110.477,110.486,197040000,1
1501514280000,1501514339000,110.486,110.511,110.468,110.469,265180000,1
1501514340000,1501514399000,110.469,110.473,110.458,110.458,154500000,1
1501514400000,1501514459000,110.458,110.465,110.438,110.447,213730000,1
1501514460000,1501514519000,110.447,110.458,110.447,110.452,176080000,1
1501514520000,1501514579000,110.453,110.464,110.453,110.464,169370000,1
1501514580000,1501514639000,110.464,110.488,110.463,110.488,119800000,1
1501514640000,1501514699000,110.488,110.488,110.444,110.444,154560000,1
1501514700000,1501514759000,110.444,110.47,110.437,110.466,201730000,1
1501514760000,1501514819000,110.464,110.477,110.46,110.462,157000000,1
1501514820000,1501514879000,110.463,110.48,110.463,110.475,211330000,1
1501514880000,1501514939000,110.475,110.486,110.47,110.474,108320000,1
1501514940000,1501514999000,110.474,110.49,110.474,110.483,143790000,1
1501515000000,1501515059000,110.483,110.486,110.474,110.476,170340000,1
1501515060000,1501515119000,110.477,110.483,110.456,110.464,144280000,1
1501515120000,1501515179000,110.463,110.466,110.444,110.444,123420000,1
1501515180000,1501515239000,110.446,110.471,110.445,110.464,130210000,1
1501515240000,1501515299000,110.464,110.477,110.464,110.473,102290000,1
1501515300000,1501515359000,110.474,110.474,110.436,110.442,147690000,1
1501515360000,1501515419000,110.44,110.456,110.44,110.449,114420000,1
1501515420000,1501515479000,110.447,110.463,110.447,110.459,200730000,1
1501515480000,1501515539000,110.462,110.47,110.451,110.452,86140000,1
1501515540000,1501515599000,110.452,110.463,110.452,110.459,120830000,1
1501515600000,1501515659000,110.458,110.478,110.457,110.475,68580000,1
1501515660000,1501515719000,110.474,110.477,110.463,110.475,180840000,1
1501515720000,1501515779000,110.473,110.475,110.469,110.469,83330000,1
1501515780000,1501515839000,110.47,110.485,110.47,110.472,381920000,1
1501515840000,1501515899000,110.472,110.476,110.47,110.472,158730000,1
1501515900000,1501515959000,110.471,110.476,110.47,110.471,128800000,1
1501515960000,1501516019000,110.473,110.473,110.468,110.47,88710000,1
1501516020000,1501516079000,110.471,110.48,110.462,110.462,56770000,1
1501516080000,1501516139000,110.462,110.462,110.436,110.436,123100000,1
1501516140000,1501516199000,110.437,110.449,110.435,110.44,113030000,1
1501516200000,1501516259000,110.441,110.448,110.43,110.447,141830000,1
1501516260000,1501516319000,110.447,110.447,110.428,110.429,178700000,1
1501516320000,1501516379000,110.429,110.432,110.421,110.429,139110000,1
1501516380000,1501516439000,110.429,110.439,110.424,110.435,115080000,1
1501516440000,1501516499000,110.435,110.446,110.425,110.426,140650000,1
1501516500000,1501516559000,110.425,110.463,110.424,110.456,127750000,1
1501516560000,1501516619000,110.457,110.461,110.451,110.451,117900000,1
1501516620000,1501516679000,110.451,110.461,110.451,110.46,133960000,1
1501516680000,1501516739000,110.46,110.463,110.41,110.416,300830000,1
1501516740000,1501516799000,110.415,110.418,110.359,110.375,434880000,1
1501516800000,1501516859000,110.377,110.379,110.359,110.363,473610000,1
1501516860000,1501516919000,110.363,110.38,110.357,110.376,148560000,1
1501516920000,1501516979000,110.376,110.422,110.374,110.422,209030000,1
1501516980000,1501517039000,110.42,110.42,110.396,110.403,1200720000,1
1501517040000,1501517099000,110.402,110.418,110.397,110.404,187530000,1
1501517100000,1501517159000,110.404,110.427,110.401,110.421,182650000,1
1501517160000,1501517219000,110.422,110.422,110.386,110.387,119170000,1
1501517220000,1501517279000,110.388,110.392,110.379,110.386,105110000,1
1501517280000,1501517339000,110.388,110.402,110.381,110.398,141980000,1
1501517340000,1501517399000,110.398,110.416,110.398,110.411,74270000,1
1501517400000,1501517459000,110.411,110.413,110.403,110.406,97470000,1
1501517460000,1501517519000,110.405,110.419,110.4,110.419,66240000,1
1501517520000,1501517579000,110.418,110.429,110.401,110.422,147400000,1
1501517580000,1501517639000,110.422,110.422,110.402,110.414,109450000,1
1501517640000,1501517699000,110.414,110.427,110.414,110.421,98110000,1
1501517700000,1501517759000,110.422,110.436,110.422,110.436,110110000,1
1501517760000,1501517819000,110.437,110.441,110.427,110.439,156530000,1
1501517820000,1501517879000,110.438,110.444,110.42,110.42,139460000,1
1501517880000,1501517939000,110.419,110.435,110.414,110.433,141410000,1
1501517940000,1501517999000,110.433,110.433,110.413,110.415,127880000,1
1501518000000,1501518059000,110.413,110.413,110.401,110.403,133660000,1
1501518060000,1501518119000,110.404,110.409,110.401,110.404,122550000,1
1501518120000,1501518179000,110.403,110.407,110.391,110.396,105700000,1
1501518180000,1501518239000,110.396,110.399,110.391,110.396,83620000,1
1501518240000,1501518299000,110.397,110.413,110.397,110.41,146510000,1
1501518300000,1501518359000,110.41,110.414,110.396,110.403,88610000,1
1501518360000,1501518419000,110.403,110.416,110.401,110.411,123790000,1
1501518420000,1501518479000,110.41,110.426,110.407,110.415,114980000,1
1501518480000,1501518539000,110.415,110.415,110.405,110.405,75310000,1
1501518540000,1501518599000,110.405,110.407,110.403,110.406,79430000,1
1501518600000,1501518659000,110.407,110.407,110.403,110.405,54470000,1
1501518660000,1501518719000,110.404,110.409,110.402,110.405,98940000,1
1501518720000,1501518779000,110.404,110.407,110.395,110.399,79150000,1
1501518780000,1501518839000,110.399,110.401,110.383,110.389,109460000,1
1501518840000,1501518899000,110.388,110.388,110.383,110.384,67670000,1
1501518900000,1501518959000,110.383,110.387,110.368,110.368,577600000,1
1501518960000,1501519019000,110.369,110.371,110.36,110.36,171400000,1
1501519020000,1501519079000,110.36,110.37,110.358,110.369,170460000,1
1501519080000,1501519139000,110.37,110.374,110.367,110.373,74360000,1
1501519140000,1501519199000,110.373,110.382,110.372,110.379,105120000,1
1501519200000,1501519259000,110.379,110.39,110.378,110.386,73790000,1
1501519260000,1501519319000,110.387,110.391,110.384,110.391,87850000,1
1501519320000,1501519379000,110.39,110.397,110.38,110.384,78540000,1
1501519380000,1501519439000,110.384,110.389,110.383,110.385,101100000,1
1501519440000,1501519499000,110.385,110.385,110.364,110.37,140840000,1
1501519500000,1501519559000,110.372,110.384,110.371,110.384,114650000,1
1501519560000,1501519619000,110.385,110.395,110.384,110.391,79600000,1
1501519620000,1501519679000,110.391,110.396,110.387,110.391,132110000,1
1501519680000,1501519739000,110.389,110.39,110.381,110.382,108520000,1
1501519740000,1501519799000,110.383,110.384,110.377,110.38,84660000,1
1501519800000,1501519859000,110.38,110.385,110.379,110.385,133390000,1
1501519860000,1501519919000,110.384,110.387,110.383,110.384,74520000,1
1501519920000,1501519979000,110.384,110.395,110.384,110.394,106810000,1
1501519980000,1501520039000,110.394,110.401,110.394,110.401,75540000,1
1501520040000,1501520099000,110.401,110.402,110.396,110.402,111950000,1
1501520100000,1501520159000,110.402,110.403,110.401,110.401,75300000,1
1501520160000,1501520219000,110.403,110.408,110.403,110.408,63150000,1
1501520220000,1501520279000,110.408,110.425,110.396,110.425,141820000,1
1501520280000,1501520339000,110.426,110.427,110.419,110.421,57000000,1
1501520340000,1501520399000,110.42,110.421,110.412,110.412,39600000,1
1501520400000,1501520459000,110.413,110.413,110.392,110.398,101840000,1
1501520460000,1501520519000,110.398,110.408,110.398,110.408,77730000,1
1501520520000,1501520579000,110.408,110.429,110.408,110.428,99470000,1
1501520580000,1501520639000,110.43,110.435,110.422,110.428,141260000,1
1501520640000,1501520699000,110.428,110.431,110.421,110.43,67640000,1
1501520700000,1501520759000,110.432,110.451,110.432,110.448,55830000,1
1501520760000,1501520819000,110.447,110.447,110.431,110.439,95400000,1
1501520820000,1501520879000,110.438,110.442,110.432,110.432,41330000,1
1501520880000,1501520939000,110.437,110.44,110.437,110.44,31060000,1
1501520940000,1501520999000,110.44,110.45,110.425,110.43,111100000,1
1501521000000,1501521059000,110.429,110.437,110.429,110.434,103640000,1
1501521060000,1501521119000,110.433,110.433,110.427,110.429,80560000,1
1501521120000,1501521179000,110.428,110.44,110.428,110.433,76650000,1
1501521180000,1501521239000,110.433,110.439,110.428,110.439,73810000,1
1501521240000,1501521299000,110.438,110.447,110.433,110.446,83770000,1
1501521300000,1501521359000,110.445,110.45,110.445,110.45,75270000,1
1501521360000,1501521419000,110.452,110.452,110.446,110.447,50690000,1
1501521420000,1501521479000,110.446,110.448,110.427,110.448,52810000,1
1501521480000,1501521539000,110.45,110.453,110.449,110.452,17590000,1
1501521540000,1501521599000,110.452,110.453,110.446,110.448,61520000,1
1501521600000,1501521659000,110.448,110.448,110.445,110.445,21180000,1
1501521660000,1501521719000,110.445,110.446,110.442,110.445,66930000,1
1501521720000,1501521779000,110.445,110.449,110.445,110.447,79740000,1
1501521780000,1501521839000,110.448,110.452,110.444,110.445,151750000,1
1501521840000,1501521899000,110.444,110.444,110.433,110.439,64820000,1
1501521900000,1501521959000,110.439,110.439,110.414,110.415,89390000,1
1501521960000,1501522019000,110.416,110.447,110.415,110.446,84590000,1
1501522020000,1501522079000,110.445,110.465,110.445,110.463,88370000,1
1501522080000,1501522139000,110.462,110.462,110.451,110.452,125730000,1
1501522140000,1501522199000,110.451,110.466,110.451,110.462,104960000,1
1501522200000,1501522259000,110.462,110.463,110.443,110.447,107630000,1
1501522260000,1501522319000,110.446,110.451,110.445,110.451,97130000,1
1501522320000,1501522379000,110.451,110.451,110.441,110.442,47200000,1
1501522380000,1501522439000,110.442,110.445,110.431,110.434,68670000,1
1501522440000,1501522499000,110.433,110.439,110.433,110.433,46110000,1
1501522500000,1501522559000,110.433,110.434,110.421,110.423,73640000,1
1501522560000,1501522619000,110.423,110.425,110.413,110.414,126020000,1
1501522620000,1501522679000,110.414,110.425,110.413,110.422,79500000,1
1501522680000,1501522739000,110.422,110.422,110.418,110.419,39980000,1
1501522740000,1501522799000,110.419,110.42,110.413,110.413,73180000,1
1501522800000,1501522859000,110.413,110.413,110.396,110.407,138610000,1
1501522860000,1501522919000,110.407,110.408,110.395,110.396,105820000,1
1501522920000,1501522979000,110.396,110.399,110.389,110.395,101610000,1
1501522980000,1501523039000,110.395,110.401,110.389,110.401,155450000,1
1501523040000,1501523099000,110.4,110.403,110.391,110.403,117620000,1
1501523100000,1501523159000,110.402,110.402,110.401,110.402,30460000,1
1501523160000,1501523219000,110.402,110.416,110.402,110.41,138030000,1
1501523220000,1501523279000,110.41,110.415,110.392,110.392,175090000,1
1501523280000,1501523339000,110.394,110.398,110.386,110.395,139450000,1
1501523340000,1501523399000,110.395,110.41,110.395,110.41,97030000,1
1501523400000,1501523459000,110.41,110.421,110.407,110.421,89160000,1
1501523460000,1501523519000,110.421,110.421,110.42,110.421,43830000,1
1501523520000,1501523579000,110.425,110.425,110.412,110.414,68160000,1
1501523580000,1501523639000,110.414,110.419,110.41,110.415,144190000,1
1501523640000,1501523699000,110.415,110.425,110.415,110.425,78770000,1
1501523700000,1501523759000,110.426,110.433,110.425,110.433,84340000,1
1501523760000,1501523819000,110.433,110.433,110.418,110.419,92790000,1
1501523820000,1501523879000,110.42,110.438,110.42,110.433,91990000,1
1501523880000,1501523939000,110.433,110.433,110.426,110.427,46950000,1
1501523940000,1501523999000,110.428,110.434,110.415,110.421,133810000,1
1501524000000,1501524059000,110.422,110.424,110.414,110.415,80770000,1
1501524060000,1501524119000,110.416,110.426,110.416,110.425,63340000,1
1501524120000,1501524179000,110.425,110.425,110.414,110.414,62710000,1
1501524180000,1501524239000,110.414,110.414,110.409,110.409,75490000,1
1501524240000,1501524299000,110.41,110.412,110.398,110.401,78720000,1
1501524300000,1501524359000,110.398,110.402,110.391,110.391,117980000,1
1501524360000,1501524419000,110.39,110.395,110.385,110.387,185550000,1
1501524420000,1501524479000,110.387,110.396,110.386,110.392,72920000,1
1501524480000,1501524539000,110.393,110.404,110.393,110.402,17240000,1
1501524540000,1501524599000,110.403,110.403,110.39,110.392,90020000,1
1501524600000,1501524659000,110.393,110.403,110.389,110.39,110230000,1
1501524660000,1501524719000,110.39,110.39,110.378,110.388,71590000,1
1501524720000,1501524779000,110.389,110.392,110.384,110.384,71740000,1
1501524780000,1501524839000,110.383,110.384,110.378,110.378,100810000,1
1501524840000,1501524899000,110.378,110.385,110.378,110.382,80580000,1
1501524900000,1501524959000,110.38,110.383,110.378,110.379,117830000,1
1501524960000,1501525019000,110.379,110.385,110.379,110.384,54080000,1
1501525020000,1501525079000,110.384,110.384,110.363,110.367,79930000,1
1501525080000,1501525139000,110.367,110.368,110.361,110.367,114890000,1
1501525140000,1501525199000,110.366,110.368,110.364,110.364,41230000,1
1501525200000,1501525259000,110.366,110.377,110.366,110.372,82470000,1
1501525260000,1501525319000,110.371,110.377,110.369,110.373,105520000,1
1501525320000,1501525379000,110.373,110.374,110.36,110.36,97910000,1
1501525380000,1501525439000,110.36,110.364,110.354,110.354,71580000,1
1501525440000,1501525499000,110.353,110.355,110.346,110.354,88680000,1
1501525500000,1501525559000,110.354,110.356,110.347,110.353,37550000,1
1501525560000,1501525619000,110.352,110.363,110.352,110.36,63870000,1
1501525620000,1501525679000,110.357,110.366,110.354,110.366,69690000,1
1501525680000,1501525739000,110.367,110.371,110.363,110.367,130380000,1
1501525740000,1501525799000,110.369,110.387,110.369,110.374,105800000,1
1501525800000,1501525859000,110.373,110.373,110.359,110.36,100380000,1
1501525860000,1501525919000,110.361,110.365,110.349,110.35,109010000,1
1501525920000,1501525979000,110.349,110.352,110.348,110.349,104470000,1
1501525980000,1501526039000,110.35,110.351,110.343,110.35,68710000,1
1501526040000,1501526099000,110.35,110.37,110.35,110.369,269490000,1
1501526100000,1501526159000,110.368,110.368,110.284,110.334,229030000,1
1501526160000,1501526219000,110.334,110.334,110.302,110.302,179500000,1
1501526220000,1501526279000,110.302,110.302,110.286,110.288,126640000,1
1501526280000,1501526339000,110.287,110.302,110.284,110.302,128010000,1
1501526340000,1501526399000,110.302,110.319,110.301,110.309,178370000,1
1501526400000,1501526459000,110.311,110.319,110.306,110.315,180130000,1
1501526460000,1501526519000,110.314,110.314,110.295,110.296,141760000,1
1501526520000,1501526579000,110.295,110.306,110.284,110.304,143140000,1
1501526580000,1501526639000,110.303,110.306,110.292,110.295,123930000,1
1501526640000,1501526699000,110.294,110.295,110.285,110.288,51740000,1
1501526700000,1501526759000,110.289,110.289,110.281,110.281,82270000,1
1501526760000,1501526819000,110.282,110.296,110.274,110.295,194010000,1
1501526820000,1501526879000,110.295,110.297,110.292,110.295,81890000,1
1501526880000,1501526939000,110.294,110.294,110.282,110.288,395640000,1
1501526940000,1501526999000,110.288,110.289,110.265,110.268,400560000,1
1501527000000,1501527059000,110.268,110.275,110.263,110.275,135850000,1
1501527060000,1501527119000,110.275,110.275,110.259,110.26,138570000,1
1501527120000,1501527179000,110.26,110.269,110.252,110.259,191180000,1
1501527180000,1501527239000,110.261,110.264,110.251,110.254,190860000,1
1501527240000,1501527299000,110.253,110.256,110.246,110.246,147780000,1
1501527300000,1501527359000,110.248,110.296,110.224,110.28,145940000,1
1501527360000,1501527419000,110.279,110.279,110.259,110.265,136970000,1
1501527420000,1501527479000,110.264,110.264,110.244,110.246,129260000,1
1501527480000,1501527539000,110.246,110.253,110.239,110.253,161880000,1
1501527540000,1501527599000,110.251,110.255,110.225,110.231,228430000,1
1501527600000,1501527659000,110.234,110.248,110.231,110.235,233030000,1
1501527660000,1501527719000,110.239,110.25,110.223,110.25,187090000,1
1501527720000,1501527779000,110.25,110.257,110.215,110.223,157070000,1
1501527780000,1501527839000,110.222,110.231,110.217,110.231,126240000,1
1501527840000,1501527899000,110.23,110.242,110.23,110.241,111350000,1
1501527900000,1501527959000,110.24,110.247,110.227,110.236,144890000,1
1501527960000,1501528019000,110.236,110.256,110.234,110.255,158780000,1
1501528020000,1501528079000,110.255,110.278,110.242,110.272,156990000,1
1501528080000,1501528139000,110.272,110.291,110.27,110.286,161510000,1
1501528140000,1501528199000,110.286,110.292,110.284,110.291,68610000,1
1501528200000,1501528259000,110.291,110.297,110.279,110.282,185170000,1
1501528260000,1501528319000,110.281,110.292,110.28,110.291,101170000,1
1501528320000,1501528379000,110.293,110.304,110.283,110.301,138550000,1
1501528380000,1501528439000,110.301,110.301,110.279,110.294,141110000,1
1501528440000,1501528499000,110.296,110.302,110.291,110.296,121700000,1
1501528500000,1501528559000,110.3,110.31,110.3,110.304,69360000,1
1501528560000,1501528619000,110.303,110.329,110.301,110.315,85330000,1
1501528620000,1501528679000,110.315,110.315,110.29,110.29,137020000,1
1501528680000,1501528739000,110.29,110.291,110.282,110.285,107930000,1
1501528740000,1501528799000,110.285,110.285,110.276,110.284,129650000,1
1501528800000,1501528859000,110.284,110.287,110.273,110.278,126450000,1
1501528860000,1501528919000,110.277,110.279,110.265,110.27,97970000,1
1501528920000,1501528979000,110.27,110.278,110.263,110.275,83000000,1
1501528980000,1501529039000,110.274,110.276,110.27,110.273,47700000,1
1501529040000,1501529099000,110.273,110.292,110.273,110.289,52170000,1
1501529100000,1501529159000,110.289,110.289,110.261,110.261,98210000,1
1501529160000,1501529219000,110.262,110.265,110.258,110.265,57770000,1
1501529220000,1501529279000,110.266,110.28,110.263,110.278,62020000,1
1501529280000,1501529339000,110.278,110.294,110.277,110.291,99250000,1
1501529340000,1501529399000,110.289,110.298,110.282,110.296,89640000,1
1501529400000,1501529459000,110.296,110.303,110.296,110.303,42530000,1
1501529460000,1501529519000,110.303,110.309,110.301,110.301,87640000,1
1501529520000,1501529579000,110.304,110.304,110.294,110.295,87140000,1
1501529580000,1501529639000,110.294,110.297,110.292,110.295,83740000,1
1501529640000,1501529699000,110.295,110.295,110.289,110.291,132430000,1
1501529700000,1501529759000,110.29,110.293,110.284,110.286,61270000,1
1501529760000,1501529819000,110.286,110.294,110.284,110.294,120860000,1
1501529820000,1501529879000,110.292,110.294,110.27,110.27,100060000,1
1501529880000,1501529939000,110.271,110.282,110.269,110.282,84100000,1
1501529940000,1501529999000,110.282,110.283,110.279,110.282,61100000,1
1501530000000,1501530059000,110.283,110.29,110.282,110.29,27270000,1
1501530060000,1501530119000,110.289,110.294,110.286,110.294,92260000,1
1501530120000,1501530179000,110.294,110.295,110.291,110.295,76910000,1
1501530180000,1501530239000,110.295,110.295,110.283,110.283,85680000,1
1501530240000,1501530299000,110.282,110.283,110.264,110.271,83910000,1
1501530300000,1501530359000,110.271,110.275,110.269,110.275,72220000,1
1501530360000,1501530419000,110.275,110.275,110.25,110.255,102120000,1
1501530420000,1501530479000,110.256,110.266,110.256,110.263,70050000,1
1501530480000,1501530539000,110.263,110.266,110.247,110.247,92080000,1
1501530540000,1501530599000,110.248,110.254,110.241,110.241,83430000,1
1501530600000,1501530659000,110.239,110.239,110.231,110.233,213680000,1
1501530660000,1501530719000,110.233,110.234,110.222,110.225,192550000,1
1501530720000,1501530779000,110.224,110.227,110.216,110.219,111520000,1
1501530780000,1501530839000,110.217,110.227,110.216,110.22,98350000,1
1501530840000,1501530899000,110.22,110.227,110.22,110.224,81400000,1
1501530900000,1501530959000,110.224,110.253,110.224,110.249,119920000,1
1501530960000,1501531019000,110.249,110.25,110.235,110.244,107340000,1
1501531020000,1501531079000,110.243,110.246,110.23,110.246,185820000,1
1501531080000,1501531139000,110.245,110.256,110.244,110.25,170870000,1
1501531140000,1501531199000,110.25,110.254,110.234,110.237,173780000,1
1501531200000,1501531259000,110.233,110.233,110.22,110.224,118970000,1
1501531260000,1501531319000,110.225,110.225,110.22,110.221,103550000,1
1501531320000,1501531379000,110.221,110.231,110.221,110.222,135710000,1
1501531380000,1501531439000,110.222,110.224,110.222,110.223,50340000,1
1501531440000,1501531499000,110.223,110.223,110.219,110.22,58800000,1
1501531500000,1501531559000,110.219,110.225,110.219,110.225,70570000,1
1501531560000,1501531619000,110.224,110.229,110.224,110.229,58320000,1
1501531620000,1501531679000,110.228,110.23,110.225,110.228,100160000,1
1501531680000,1501531739000,110.228,110.24,110.227,110.234,70810000,1
1501531740000,1501531799000,110.231,110.255,110.229,110.254,56540000,1
1501531800000,1501531859000,110.254,110.259,110.254,110.258,33500000,1
1501531860000,1501531919000,110.258,110.267,110.258,110.266,132140000,1
1501531920000,1501531979000,110.268,110.271,110.265,110.268,89630000,1
1501531980000,1501532039000,110.27,110.288,110.269,110.287,92810000,1
1501532040000,1501532099000,110.285,110.294,110.282,110.287,118460000,1
1501532100000,1501532159000,110.287,110.295,110.286,110.288,56770000,1
1501532160000,1501532219000,110.288,110.289,110.286,110.286,40020000,1
1501532220000,1501532279000,110.286,110.286,110.276,110.276,60520000,1
1501532280000,1501532339000,110.276,110.277,110.274,110.277,49460000,1
1501532340000,1501532399000,110.276,110.282,110.275,110.278,82900000,1
1501532400000,1501532459000,110.278,110.28,110.277,110.278,67890000,1
1501532460000,1501532519000,110.279,110.28,110.278,110.279,31390000,1
1501532520000,1501532579000,110.279,110.282,110.272,110.275,56270000,1
1501532580000,1501532639000,110.276,110.277,110.267,110.267,31970000,1
1501532640000,1501532699000,110.266,110.278,110.266,110.273,42450000,1
1501532700000,1501532759000,110.273,110.279,110.272,110.278,1123200000,1
1501532760000,1501532819000,110.278,110.278,110.272,110.275,22530000,1
1501532820000,1501532879000,110.274,110.274,110.269,110.27,22680000,1
1501532880000,1501532939000,110.27,110.271,110.266,110.271,44570000,1
1501532940000,1501532999000,110.271,110.282,110.271,110.278,57910000,1
1501533000000,1501533059000,110.277,110.277,110.27,110.27,53150000,1
1501533060000,1501533119000,110.27,110.271,110.269,110.27,114410000,1
1501533120000,1501533179000,110.27,110.277,110.269,110.271,105980000,1
1501533180000,1501533239000,110.271,110.274,110.271,110.272,31070000,1
1501533240000,1501533299000,110.272,110.274,110.268,110.273,56040000,1
1501533300000,1501533359000,110.272,110.272,110.266,110.268,71560000,1
1501533360000,1501533419000,110.268,110.269,110.253,110.256,108910000,1
1501533420000,1501533479000,110.256,110.261,110.255,110.257,159640000,1
1501533480000,1501533539000,110.256,110.26,110.251,110.251,42410000,1
1501533540000,1501533599000,110.251,110.254,110.251,110.253,45720000,1
1501533600000,1501533659000,110.253,110.255,110.253,110.254,97870000,1
1501533660000,1501533719000,110.253,110.262,110.253,110.259,60950000,1
1501533720000,1501533779000,110.26,110.26,110.255,110.258,28000000,1
1501533780000,1501533839000,110.258,110.272,110.255,110.257,71130000,1
1501533840000,1501533899000,110.255,110.26,110.253,110.254,98030000,1
1501533900000,1501533959000,110.254,110.261,110.254,110.257,53370000,1
1501533960000,1501534019000,110.257,110.258,110.254,110.254,51560000,1
1501534020000,1501534079000,110.255,110.257,110.253,110.255,64180000,1
1501534080000,1501534139000,110.256,110.257,110.253,110.253,59080000,1
1501534140000,1501534199000,110.255,110.259,110.253,110.257,41740000,1
1501534200000,1501534259000,110.257,110.258,110.25,110.252,67190000,1
1501534260000,1501534319000,110.252,110.255,110.252,110.253,38000000,1
1501534320000,1501534379000,110.252,110.256,110.252,110.253,30190000,1
1501534380000,1501534439000,110.252,110.256,110.252,110.256,34440000,1
1501534440000,1501534499000,110.256,110.257,110.252,110.253,29130000,1
1501534500000,1501534559000,110.252,110.254,110.249,110.25,153420000,1
1501534560000,1501534619000,110.251,110.253,110.248,110.252,86500000,1
1501534620000,1501534679000,110.248,110.266,110.247,110.255,75550000,1
1501534680000,1501534739000,110.255,110.261,110.245,110.254,164150000,1
1501534740000,1501534799000,110.255,110.259,110.248,110.253,64800000,1
1501534800000,1501534859000,110.246,110.255,110.246,110.255,5810000,1
1501534860000,1501534919000,110.248,110.248,110.247,110.248,4120000,1
1501534920000,1501534979000,110.243,110.254,110.243,110.254,4500000,1
1501534980000,1501535039000,110.258,110.258,110.258,110.258,750000,1
1501535040000,1501535099000,110.254,110.255,110.253,110.253,4000000,1
1501535100000,1501535159000,110.254,110.254,110.248,110.248,34200000,1
1501535160000,1501535219000,110.248,110.252,110.246,110.25,98540000,1
1501535220000,1501535279000,110.248,110.251,110.248,110.249,41550000,1
1501535280000,1501535339000,110.249,110.251,110.244,110.244,209250000,1
1501535340000,1501535399000,110.245,110.249,110.244,110.248,277160000,1
1501535400000,1501535459000,110.245,110.247,110.222,110.227,327040000,1
1501535460000,1501535519000,110.225,110.229,110.223,110.225,63940000,1
1501535520000,1501535579000,110.225,110.238,110.225,110.233,133400000,1
1501535580000,1501535639000,110.233,110.25,110.227,110.24,134490000,1
1501535640000,1501535699000,110.24,110.244,110.223,110.23,327050000,1
1501535700000,1501535759000,110.231,110.235,110.227,110.231,250990000,1
1501535760000,1501535819000,110.23,110.238,110.211,110.238,334390000,1
1501535820000,1501535879000,110.235,110.241,110.233,110.24,236570000,1
1501535880000,1501535939000,110.24,110.247,110.23,110.243,226350000,1
1501535940000,1501535999000,110.243,110.244,110.239,110.242,291420000,1
1501536000000,1501536059000,110.241,110.244,110.24,110.243,369430000,1
1501536060000,1501536119000,110.242,110.245,110.241,110.243,391880000,1
1501536120000,1501536179000,110.244,110.247,110.242,110.243,324940000,1
1501536180000,1501536239000,110.245,110.247,110.241,110.244,398100000,1
1501536240000,1501536299000,110.246,110.249,110.243,110.246,300980000,1
1501536300000,1501536359000,110.246,110.25,110.244,110.246,345840000,1
1501536360000,1501536419000,110.248,110.251,110.244,110.248,246610000,1
1501536420000,1501536479000,110.248,110.25,110.248,110.249,249910000,1
1501536480000,1501536539000,110.249,110.252,110.248,110.25,133550000,1
1501536540000,1501536599000,110.251,110.256,110.248,110.255,157480000,1
1501536600000,1501536659000,110.254,110.255,110.247,110.25,206330000,1
1501536660000,1501536719000,110.249,110.254,110.248,110.252,130110000,1
1501536720000,1501536779000,110.252,110.253,110.25,110.252,328000000,1
1501536780000,1501536839000,110.252,110.253,110.244,110.246,377540000,1
1501536840000,1501536899000,110.245,110.25,110.243,110.243,170210000,1
1501536900000,1501536959000,110.243,110.246,110.227,110.237,304940000,1
1501536960000,1501537019000,110.238,110.246,110.238,110.245,50770000,1
1501537020000,1501537079000,110.246,110.258,110.243,110.258,66190000,1
1501537080000,1501537139000,110.258,110.259,110.258,110.258,42500000,1
1501537140000,1501537199000,110.256,110.258,110.256,110.258,6170000,1
1501537200000,1501537259000,110.258,110.267,110.258,110.267,36460000,1
1501537260000,1501537319000,110.267,110.267,110.263,110.263,16320000,1
1501537320000,1501537379000,110.262,110.268,110.257,110.26,256850000,1
1501537380000,1501537439000,110.26,110.262,110.258,110.26,313520000,1
1501537440000,1501537499000,110.259,110.268,110.258,110.265,153180000,1
1501537500000,1501537559000,110.265,110.265,110.256,110.259,406370000,1
1501537560000,1501537619000,110.258,110.262,110.256,110.262,451460000,1
1501537620000,1501537679000,110.259,110.264,110.257,110.262,424600000,1
1501537680000,1501537739000,110.262,110.262,110.254,110.261,795290000,1
1501537740000,1501537799000,110.26,110.266,110.252,110.258,796870000,1
1501537800000,1501537859000,110.254,110.263,110.254,110.258,899580000,1
1501537860000,1501537919000,110.258,110.265,110.25,110.256,726870000,1
1501537920000,1501537979000,110.253,110.269,110.237,110.238,629410000,1
1501537980000,1501538039000,110.238,110.252,110.234,110.248,312490000,1
1501538040000,1501538099000,110.248,110.252,110.237,110.247,265160000,1
1501538100000,1501538159000,110.247,110.25,110.246,110.246,295670000,1
1501538160000,1501538219000,110.248,110.278,110.24,110.253,149740000,1
1501538220000,1501538279000,110.256,110.278,110.256,110.263,33700000,1
1501538280000,1501538339000,110.262,110.262,110.246,110.256,345130000,1
1501538340000,1501538399000,110.256,110.278,110.247,110.25,84430000,1
1501538400000,1501538459000,110.253,110.262,110.253,110.259,105950000,1
1501538460000,1501538519000,110.259,110.259,110.252,110.255,67360000,1
1501538520000,1501538579000,110.255,110.258,110.253,110.256,156680000,1
1501538580000,1501538639000,110.256,110.259,110.252,110.257,73960000,1
1501538640000,1501538699000,110.258,110.264,110.249,110.264,63510000,1
1501538700000,1501538759000,110.263,110.266,110.254,110.255,78720000,1
1501538760000,1501538819000,110.255,110.257,110.249,110.253,98100000,1
1501538820000,1501538879000,110.252,110.261,110.251,110.255,112910000,1
1501538880000,1501538939000,110.255,110.26,110.254,110.257,305010000,1
1501538940000,1501538999000,110.258,110.259,110.253,110.258,269510000,1
1501539000000,1501539059000,110.258,110.278,110.257,110.27,236270000,1
1501539060000,1501539119000,110.271,110.282,110.27,110.282,57970000,1
1501539120000,1501539179000,110.281,110.289,110.281,110.287,97830000,1
1501539180000,1501539239000,110.286,110.294,110.286,110.289,111970000,1
1501539240000,1501539299000,110.289,110.307,110.289,110.306,262320000,1
1501539300000,1501539359000,110.304,110.33,110.293,110.324,198670000,1
1501539360000,1501539419000,110.32,110.335,110.277,110.286,244760000,1
1501539420000,1501539479000,110.287,110.3,110.287,110.298,77050000,1
1501539480000,1501539539000,110.298,110.308,110.298,110.307,60020000,1
1501539540000,1501539599000,110.307,110.319,110.307,110.319,89800000,1
1501539600000,1501539659000,110.322,110.331,110.319,110.323,102160000,1
1501539660000,1501539719000,110.322,110.328,110.321,110.325,80930000,1
1501539720000,1501539779000,110.325,110.329,110.318,110.326,76140000,1
1501539780000,1501539839000,110.325,110.325,110.32,110.325,47580000,1
1501539840000,1501539899000,110.324,110.324,110.32,110.321,21600000,1
1501539900000,1501539959000,110.32,110.321,110.272,110.289,89940000,1
1501539960000,1501540019000,110.288,110.297,110.284,110.297,24870000,1
1501540020000,1501540079000,110.298,110.318,110.298,110.315,85460000,1
1501540080000,1501540139000,110.315,110.325,110.315,110.316,72580000,1
1501540140000,1501540199000,110.316,110.321,110.313,110.314,67950000,1
1501540200000,1501540259000,110.313,110.315,110.312,110.313,77260000,1
1501540260000,1501540319000,110.312,110.312,110.294,110.295,123700000,1
1501540320000,1501540379000,110.296,110.299,110.293,110.294,23930000,1
1501540380000,1501540439000,110.298,110.299,110.292,110.292,33970000,1
1501540440000,1501540499000,110.291,110.297,110.291,110.297,15520000,1
1501540500000,1501540559000,110.297,110.307,110.297,110.307,16810000,1
1501540560000,1501540619000,110.307,110.308,110.307,110.307,13000000,1
1501540620000,1501540679000,110.307,110.309,110.301,110.304,26190000,1
1501540680000,1501540739000,110.304,110.314,110.301,110.314,34870000,1
1501540740000,1501540799000,110.314,110.314,110.302,110.303,20780000,1
1501540800000,1501540859000,110.302,110.304,110.294,110.295,41080000,1
1501540860000,1501540919000,110.296,110.303,110.296,110.303,17840000,1
1501540920000,1501540979000,110.303,110.31,110.303,110.309,6000000,1
1501540980000,1501541039000,110.309,110.33,110.309,110.328,48680000,1
1501541040000,1501541099000,110.327,110.327,110.315,110.317,59550000,1
1501541100000,1501541159000,110.316,110.319,110.316,110.317,23310000,1
1501541160000,1501541219000,110.319,110.319,110.312,110.312,60230000,1
1501541220000,1501541279000,110.311,110.311,110.291,110.298,54380000,1
1501541280000,1501541339000,110.297,110.298,110.297,110.297,7940000,1
1501541340000,1501541399000,110.298,110.312,110.297,110.311,77790000,1
1501541400000,1501541459000,110.311,110.312,110.308,110.308,37720000,1
1501541460000,1501541519000,110.308,110.309,110.297,110.298,60220000,1
1501541520000,1501541579000,110.301,110.303,110.301,110.303,10360000,1
1501541580000,1501541639000,110.301,110.302,110.296,110.296,33830000,1
1501541640000,1501541699000,110.294,110.295,110.292,110.293,41930000,1
1501541700000,1501541759000,110.293,110.295,110.289,110.289,31160000,1
1501541760000,1501541819000,110.29,110.29,110.286,110.286,29890000,1
1501541820000,1501541879000,110.286,110.29,110.286,110.29,36730000,1
1501541880000,1501541939000,110.288,110.288,110.287,110.287,34670000,1
1501541940000,1501541999000,110.288,110.303,110.288,110.303,34310000,1
1501542000000,1501542059000,110.303,110.322,110.303,110.313,67990000,1
1501542060000,1501542119000,110.313,110.313,110.297,110.303,68490000,1
1501542120000,1501542179000,110.302,110.323,110.298,110.318,92970000,1
1501542180000,1501542239000,110.318,110.321,110.316,110.317,44910000,1
1501542240000,1501542299000,110.317,110.327,110.306,110.321,61670000,1
1501542300000,1501542359000,110.321,110.326,110.317,110.317,41830000,1
1501542360000,1501542419000,110.317,110.327,110.317,110.327,43320000,1
1501542420000,1501542479000,110.326,110.326,110.314,110.317,46410000,1
1501542480000,1501542539000,110.317,110.322,110.311,110.321,35740000,1
1501542540000,1501542599000,110.323,110.332,110.323,110.326,32260000,1
1501542600000,1501542659000,110.326,110.334,110.323,110.334,43900000,1
1501542660000,1501542719000,110.331,110.355,110.331,110.352,70070000,1
1501542720000,1501542779000,110.348,110.354,110.343,110.351,102850000,1
1501542780000,1501542839000,110.349,110.353,110.345,110.352,41900000,1
1501542840000,1501542899000,110.351,110.364,110.349,110.362,31060000,1
1501542900000,1501542959000,110.362,110.408,110.362,110.399,200150000,1
1501542960000,1501543019000,110.395,110.395,110.382,110.384,48440000,1
1501543020000,1501543079000,110.384,110.39,110.373,110.374,125780000,1
1501543080000,1501543139000,110.375,110.378,110.364,110.375,76610000,1
1501543140000,1501543199000,110.374,110.384,110.371,110.378,78260000,1
1501543200000,1501543259000,110.378,110.381,110.372,110.38,114380000,1
1501543260000,1501543319000,110.378,110.382,110.37,110.38,70440000,1
1501543320000,1501543379000,110.38,110.392,110.379,110.38,151190000,1
1501543380000,1501543439000,110.381,110.403,110.381,110.4,180890000,1
1501543440000,1501543499000,110.399,110.406,110.388,110.388,153610000,1
1501543500000,1501543559000,110.389,110.4,110.388,110.389,214200000,1
1501543560000,1501543619000,110.389,110.39,110.379,110.38,142370000,1
1501543620000,1501543679000,110.38,110.403,110.38,110.398,133700000,1
1501543680000,1501543739000,110.396,110.408,110.385,110.385,180330000,1
1501543740000,1501543799000,110.385,110.398,110.385,110.393,75670000,1
1501543800000,1501543859000,110.395,110.398,110.366,110.381,156430000,1
1501543860000,1501543919000,110.38,110.381,110.375,110.381,57170000,1
1501543920000,1501543979000,110.381,110.386,110.38,110.381,71800000,1
1501543980000,1501544039000,110.381,110.382,110.365,110.369,86470000,1
1501544040000,1501544099000,110.368,110.373,110.356,110.363,86670000,1
1501544100000,1501544159000,110.362,110.362,110.35,110.35,55670000,1
1501544160000,1501544219000,110.35,110.354,110.35,110.352,34200000,1
1501544220000,1501544279000,110.353,110.364,110.351,110.352,64200000,1
1501544280000,1501544339000,110.352,110.357,110.352,110.356,75680000,1
1501544340000,1501544399000,110.355,110.355,110.336,110.344,79940000,1
1501544400000,1501544459000,110.347,110.353,110.347,110.349,44160000,1
1501544460000,1501544519000,110.349,110.356,110.348,110.354,47120000,1
1501544520000,1501544579000,110.354,110.357,110.348,110.354,108810000,1
1501544580000,1501544639000,110.354,110.354,110.335,110.343,124460000,1
1501544640000,1501544699000,110.343,110.348,110.336,110.336,103980000,1
1501544700000,1501544759000,110.337,110.342,110.333,110.336,106820000,1
1501544760000,1501544819000,110.336,110.349,110.336,110.347,83100000,1
1501544820000,1501544879000,110.348,110.349,110.343,110.348,95360000,1
1501544880000,1501544939000,110.348,110.356,110.348,110.355,67280000,1
1501544940000,1501544999000,110.356,110.367,110.355,110.357,125340000,1
1501545000000,1501545059000,110.358,110.364,110.338,110.345,108060000,1
1501545060000,1501545119000,110.346,110.351,110.331,110.339,59230000,1
1501545120000,1501545179000,110.339,110.343,110.33,110.33,53500000,1
1501545180000,1501545239000,110.33,110.331,110.324,110.33,71110000,1
1501545240000,1501545299000,110.33,110.336,110.324,110.335,75960000,1
1501545300000,1501545359000,110.336,110.357,110.336,110.357,124370000,1
1501545360000,1501545419000,110.359,110.378,110.359,110.369,93230000,1
1501545420000,1501545479000,110.369,110.369,110.36,110.362,49790000,1
1501545480000,1501545539000,110.363,110.366,110.352,110.353,79250000,1
1501545540000,1501545599000,110.353,110.366,110.351,110.356,108380000,1
