openEpochMillis,closeEpochMillis,open,high,low,close,volume,sourceBars
1448928000000,1448928479000,123.211,123.24,123.168,123.237,724460000,8
1448928480000,1448928959000,123.238,123.267,123.23,123.265,596170000,8
1448928960000,1448929439000,123.266,123.275,123.251,123.254,654040000,8
1448929440000,1448929919000,123.254,123.266,123.238,123.244,490840000,8
1448929920000,1448930399000,123.247,123.266,123.236,123.242,650450000,8
1448930400000,1448930879000,123.242,123.268,123.241,123.252,465280000,8
1448930880000,1448931359000,123.253,123.255,123.105,123.135,991300000,8
1448931360000,1448931839000,123.135,123.182,123.132,123.164,770820000,8
1448931840000,1448932319000,123.165,123.182,123.15,123.164,485980000,8
1448932320000,1448932799000,123.164,123.174,123.093,123.099,723930000,8
1448932800000,1448933279000,123.1,123.161,123.1,123.137,690220000,8
1448933280000,1448933759000,123.135,123.153,123.131,123.132,416850000,8
1448933760000,1448934239000,123.13,123.156,123.11,123.114,555860000,8
1448934240000,1448934719000,123.114,123.19,123.107,123.173,790580000,8
1448934720000,1448935199000,123.173,123.174,123.068,123.101,724970000,8
1448935200000,1448935679000,123.101,123.106,122.956,122.967,1220200000,8
1448935680000,1448936159000,122.967,122.978,122.875,122.921,1356150000,8
1448936160000,1448936639000,122.92,122.942,122.811,122.852,1076180000,8
1448936640000,1448937119000,122.852,122.884,122.814,122.818,1136120000,8
1448937120000,1448937599000,122.817,122.817,122.681,122.708,1475540000,8
1448937600000,1448938079000,122.707,122.736,122.669,122.714,1360390000,8
1448938080000,1448938559000,122.713,122.736,122.643,122.707,1033470000,8
1448938560000,1448939039000,122.707,122.755,122.701,122.743,859510000,8
1448939040000,1448939519000,122.744,122.824,122.733,122.801,832330000,8
1448939520000,1448939999000,122.801,122.817,122.762,122.771,507300000,8
1448940000000,1448940479000,122.771,122.785,122.759,122.779,305580000,8
1448940480000,1448940959000,122.78,122.807,122.772,122.793,687570000,8
1448940960000,1448941439000,122.793,122.844,122.791,122.843,513600000,8
1448941440000,1448941919000,122.842,122.855,122.818,122.822,566080000,8
1448941920000,1448942399000,122.822,122.867,122.816,122.862,475160000,8
1448942400000,1448942879000,122.861,122.951,122.86,122.947,786620000,8
1448942880000,1448943359000,122.947,122.954,122.916,122.916,578560000,8
1448943360000,1448943839000,122.916,122.921,122.901,122.902,404070000,8
1448943840000,1448944319000,122.902,122.906,122.854,122.859,514300000,8
1448944320000,1448944799000,122.858,122.876,122.858,122.874,249010000,8
1448944800000,1448945279000,122.876,122.916,122.874,122.914,287610000,8
1448945280000,1448945759000,122.916,122.954,122.916,122.939,541030000,8
1448945760000,1448946239000,122.939,122.95,122.903,122.912,555880000,8
1448946240000,1448946719000,122.911,122.94,122.904,122.907,410880000,8
1448946720000,1448947199000,122.906,122.925,122.88,122.89,415300000,8
1448947200000,1448947679000,122.889,122.906,122.862,122.866,432180000,8
1448947680000,1448948159000,122.867,122.892,122.863,122.879,374760000,8
1448948160000,1448948639000,122.878,122.897,122.872,122.897,381100000,8
1448948640000,1448949119000,122.896,122.936,122.883,122.915,578090000,8
1448949120000,1448949599000,122.916,122.941,122.909,122.929,738620000,8
1448949600000,1448950079000,122.93,122.975,122.927,122.973,559430000,8
1448950080000,1448950559000,122.972,122.987,122.932,122.949,534850000,8
1448950560000,1448951039000,122.95,122.977,122.95,122.977,375660000,8
1448951040000,1448951519000,122.977,122.992,122.936,122.936,644000000,8
1448951520000,1448951999000,122.936,122.949,122.881,122.887,703380000,8
1448952000000,1448952479000,122.887,122.928,122.879,122.891,413210000,8
1448952480000,1448952959000,122.89,122.916,122.89,122.905,446920000,8
1448952960000,1448953439000,122.906,122.942,122.903,122.917,461600000,8
1448953440000,1448953919000,122.917,122.928,122.907,122.908,401000000,8
1448953920000,1448954399000,122.909,122.921,122.887,122.908,390890000,8
1448954400000,1448954879000,122.907,122.944,122.902,122.911,514920000,8
1448954880000,1448955359000,122.913,122.974,122.911,122.965,629420000,8
1448955360000,1448955839000,122.966,122.978,122.929,122.941,622210000,8
1448955840000,1448956319000,122.942,122.943,122.888,122.888,917110000,8
1448956320000,1448956799000,122.888,122.898,122.839,122.867,641540000,8
1448956800000,1448957279000,122.865,122.928,122.842,122.912,1049460000,8
1448957280000,1448957759000,122.911,122.93,122.897,122.91,823520000,8
1448957760000,1448958239000,122.911,122.914,122.838,122.878,928270000,8
1448958240000,1448958719000,122.876,122.908,122.851,122.898,726440000,8
1448958720000,1448959199000,122.897,122.922,122.887,122.91,687950000,8
1448959200000,1448959679000,122.911,122.929,122.888,122.891,885240000,8
1448959680000,1448960159000,122.89,122.972,122.876,122.955,1013700000,8
1448960160000,1448960639000,122.953,123.003,122.949,122.979,1116520000,8
1448960640000,1448961119000,122.98,122.987,122.962,122.971,767070000,8
1448961120000,1448961599000,122.971,122.999,122.969,122.979,658960000,8
1448961600000,1448962079000,122.979,123.065,122.979,123.05,629630000,8
1448962080000,1448962559000,123.05,123.104,123.04,123.088,797240000,8
1448962560000,1448963039000,123.088,123.138,123.079,123.129,682340000,8
1448963040000,1448963519000,123.128,123.14,123.101,123.106,714160000,8
1448963520000,1448963999000,123.105,123.106,123.08,123.1,567770000,8
1448964000000,1448964479000,123.101,123.161,123.095,123.142,760430000,8
1448964480000,1448964959000,123.142,123.154,123.114,123.121,522500000,8
1448964960000,1448965439000,123.12,123.124,123.09,123.121,470910000,8
1448965440000,1448965919000,123.121,123.127,123.067,123.067,493010000,8
1448965920000,1448966399000,123.067,123.08,123.059,123.071,370240000,8
1448966400000,1448966879000,123.071,123.112,123.07,123.111,374770000,8
1448966880000,1448967359000,123.112,123.132,123.108,123.122,474900000,8
1448967360000,1448967839000,123.121,123.151,123.121,123.141,435630000,8
1448967840000,1448968319000,123.14,123.188,123.113,123.159,622280000,8
1448968320000,1448968799000,123.16,123.179,123.151,123.152,375130000,8
1448968800000,1448969279000,123.152,123.153,123.133,123.142,338300000,8
1448969280000,1448969759000,123.141,123.143,123.121,123.127,408810000,8
1448969760000,1448970239000,123.125,123.152,123.125,123.135,340640000,8
1448970240000,1448970719000,123.135,123.172,123.132,123.161,257360000,8
1448970720000,1448971199000,123.16,123.171,123.138,123.138,450900000,8
1448971200000,1448971679000,123.138,123.152,123.113,123.131,523530000,8
1448971680000,1448972159000,123.131,123.136,123.119,123.123,266290000,8
1448972160000,1448972639000,123.122,123.139,123.117,123.129,284670000,8
1448972640000,1448973119000,123.129,123.131,123.104,123.129,494440000,8
1448973120000,1448973599000,123.128,123.147,123.126,123.144,408360000,8
1448973600000,1448974079000,123.144,123.155,123.133,123.148,500990000,8
1448974080000,1448974559000,123.148,123.171,123.146,123.163,479600000,8
1448974560000,1448975039000,123.164,123.178,123.156,123.175,516470000,8
1448975040000,1448975519000,123.174,123.197,123.174,123.184,563620000,8
1448975520000,1448975999000,123.183,123.183,123.143,123.161,621340000,8
1448976000000,1448976479000,123.162,123.171,123.105,123.105,679090000,8
1448976480000,1448976959000,123.105,123.126,123.091,123.103,594460000,8
1448976960000,1448977439000,123.102,123.156,123.102,123.141,745060000,8
1448977440000,1448977919000,123.143,123.144,123.097,123.112,638280000,8
1448977920000,1448978399000,123.113,123.136,123.106,123.136,508840000,8
1448978400000,1448978879000,123.135,123.182,123.11,123.157,1045990000,8
1448978880000,1448979359000,123.157,123.168,123.072,123.088,1099470000,8
1448979360000,1448979839000,123.088,123.094,123.067,123.073,917620000,8
1448979840000,1448980319000,123.072,123.101,123.065,123.084,1044470000,8
1448980320000,1448980799000,123.083,123.134,123.079,123.114,797370000,8
1448980800000,1448981279000,123.114,123.146,123.106,123.115,859830000,8
1448981280000,1448981759000,123.116,123.134,123.091,123.101,983500000,8
1448981760000,1448982239000,123.101,123.142,122.976,123.018,1439470000,8
1448982240000,1448982719000,123.016,123.016,122.856,122.869,1795720000,8
1448982720000,1448983199000,122.871,122.888,122.806,122.85,1623600000,8
1448983200000,1448983679000,122.85,122.877,122.822,122.866,1388650000,8
1448983680000,1448984159000,122.868,122.9,122.828,122.839,1253690000,8
1448984160000,1448984639000,122.838,122.906,122.838,122.892,1451970000,8
1448984640000,1448985119000,122.892,122.926,122.856,122.906,1139050000,8
1448985120000,1448985599000,122.907,122.924,122.865,122.866,1531740000,8
1448985600000,1448986079000,122.866,122.879,122.833,122.841,1219010000,8
1448986080000,1448986559000,122.841,122.9,122.817,122.896,1295120000,8
1448986560000,1448987039000,122.896,122.903,122.863,122.897,1103600000,8
1448987040000,1448987519000,122.898,122.899,122.849,122.861,1086360000,8
1448987520000,1448987999000,122.86,122.864,122.815,122.838,934090000,8
1448988000000,1448988479000,122.84,122.877,122.823,122.874,763230000,8
1448988480000,1448988959000,122.874,122.889,122.863,122.886,886500000,8
1448988960000,1448989439000,122.886,122.931,122.875,122.912,770370000,8
1448989440000,1448989919000,122.912,122.952,122.895,122.942,533020000,8
1448989920000,1448990399000,122.942,122.962,122.924,122.941,734550000,8
1448990400000,1448990879000,122.945,122.945,122.896,122.897,497540000,8
1448990880000,1448991359000,122.897,122.91,122.869,122.903,636280000,8
1448991360000,1448991839000,122.902,122.927,122.891,122.918,425080000,8
1448991840000,1448992319000,122.918,122.931,122.902,122.929,429650000,8
1448992320000,1448992799000,122.928,122.936,122.912,122.918,430310000,8
1448992800000,1448993279000,122.918,122.919,122.88,122.88,393330000,8
1448993280000,1448993759000,122.88,122.884,122.865,122.87,326340000,8
1448993760000,1448994239000,122.87,122.881,122.857,122.864,387630000,8
1448994240000,1448994719000,122.864,122.873,122.838,122.844,424250000,8
1448994720000,1448995199000,122.846,122.868,122.818,122.821,361440000,8
1448995200000,1448995679000,122.821,122.837,122.78,122.806,585420000,8
1448995680000,1448996159000,122.805,122.823,122.769,122.823,425000000,8
1448996160000,1448996639000,122.823,122.839,122.8,122.828,490370000,8
1448996640000,1448997119000,122.827,122.845,122.82,122.828,212950000,8
1448997120000,1448997599000,122.828,122.832,122.801,122.825,422510000,8
1448997600000,1448998079000,122.826,122.859,122.823,122.829,464640000,8
1448998080000,1448998559000,122.826,122.846,122.822,122.845,305780000,8
1448998560000,1448999039000,122.846,122.873,122.844,122.866,424120000,8
1448999040000,1448999519000,122.867,122.882,122.865,122.882,237960000,8
1448999520000,1448999999000,122.882,122.882,122.827,122.832,418540000,8
1449000000000,1449000479000,122.83,122.84,122.814,122.824,484030000,8
1449000480000,1449000959000,122.823,122.879,122.823,122.86,442550000,8
1449000960000,1449001439000,122.859,122.866,122.845,122.853,379450000,8
1449001440000,1449001919000,122.852,122.868,122.834,122.859,320360000,8
1449001920000,1449002399000,122.86,122.883,122.842,122.845,342040000,8
1449002400000,1449002879000,122.845,122.845,122.821,122.827,361900000,8
1449002880000,1449003359000,122.827,122.865,122.822,122.863,749040000,8
1449003360000,1449003839000,122.864,122.876,122.86,122.866,224340000,8
1449003840000,1449004319000,122.866,122.881,122.85,122.854,192030000,8
1449004320000,1449004799000,122.853,122.881,122.85,122.88,185600000,8
1449004800000,1449005279000,122.879,122.899,122.878,122.895,202180000,8
1449005280000,1449005759000,122.898,122.899,122.887,122.89,218310000,8
1449005760000,1449006239000,122.889,122.893,122.884,122.886,305110000,8
1449006240000,1449006719000,122.884,122.885,122.852,122.865,232730000,8
1449006720000,1449007199000,122.865,122.88,122.856,122.86,465030000,8
1449007200000,1449007679000,122.848,122.863,122.835,122.856,75170000,8
1449008160000,1449008639000,122.858,122.866,122.856,122.866,54060000,8
1449008640000,1449009119000,122.866,122.891,122.86,122.888,226480000,8
1449009120000,1449009599000,122.889,122.894,122.873,122.881,195130000,8
1449009600000,1449010079000,122.881,122.899,122.881,122.888,174180000,8
1449010080000,1449010559000,122.886,122.907,122.885,122.904,577840000,8
1449010560000,1449011039000,122.903,122.913,122.902,122.912,167510000,8
1449011040000,1449011519000,122.912,122.943,122.912,122.931,227870000,8
1449011520000,1449011999000,122.93,122.931,122.923,122.924,69520000,8
1449012480000,1449012959000,122.92,122.931,122.915,122.924,446600000,8
1449012960000,1449013439000,122.924,122.927,122.919,122.919,314980000,8
1449014400000,1449014879000,122.91,122.927,122.88,122.917,508170000,8
1449014880000,1449015359000,122.917,122.925,122.879,122.882,392850000,8
1449015360000,1449015839000,122.885,122.905,122.881,122.895,581110000,8
1449015840000,1449016319000,122.894,122.909,122.894,122.903,442520000,8
1449016320000,1449016799000,122.905,122.927,122.902,122.907,470210000,8
1449016800000,1449017279000,122.907,122.908,122.826,122.855,788840000,8
1449017280000,1449017759000,122.856,122.89,122.854,122.873,678520000,8
1449017760000,1449018239000,122.873,122.893,122.866,122.893,459530000,8
1449018240000,1449018719000,122.894,122.928,122.893,122.915,784900000,8
1449018720000,1449019199000,122.916,122.922,122.893,122.894,373870000,8
1449019200000,1449019679000,122.895,122.914,122.883,122.895,459610000,8
1449019680000,1449020159000,122.894,122.9,122.871,122.899,606320000,8
1449020160000,1449020639000,122.9,122.916,122.886,122.915,362930000,8
1449020640000,1449021119000,122.915,122.922,122.903,122.918,369440000,8
1449021120000,1449021599000,122.917,122.93,122.902,122.928,629880000,8
1449021600000,1449022079000,122.928,122.952,122.926,122.947,437830000,8
1449022080000,1449022559000,122.946,122.967,122.936,122.954,549880000,8
1449022560000,1449023039000,122.955,122.976,122.953,122.97,571430000,8
1449023040000,1449023519000,122.97,122.978,122.96,122.972,448470000,8
1449023520000,1449023999000,122.972,123.016,122.96,123.009,570230000,8
1449024000000,1449024479000,123.01,123.024,122.997,123.0,477680000,8
1449024480000,1449024959000,123.0,123.001,122.974,122.978,406370000,8
1449024960000,1449025439000,122.979,123.034,122.976,123.028,451040000,8
1449025440000,1449025919000,123.028,123.041,123.02,123.03,417890000,8
1449025920000,1449026399000,123.03,123.052,123.019,123.042,512050000,8
1449026400000,1449026879000,123.042,123.067,123.022,123.045,586630000,8
1449026880000,1449027359000,123.04,123.057,123.028,123.029,358430000,8
1449027360000,1449027839000,123.028,123.043,123.02,123.022,230650000,8
1449027840000,1449028319000,123.022,123.037,123.007,123.034,297540000,8
1449028320000,1449028799000,123.033,123.037,123.023,123.032,324560000,8
1449028800000,1449029279000,123.032,123.032,123.005,123.01,396000000,8
1449029760000,1449030239000,123.022,123.033,123.02,123.03,246670000,8
1449030240000,1449030719000,123.03,123.043,123.019,123.036,345640000,8
1449030720000,1449031199000,123.036,123.042,123.03,123.038,233330000,8
1449031200000,1449031679000,123.038,123.046,123.032,123.041,135340000,8
1449031680000,1449032159000,123.041,123.082,123.037,123.047,430990000,8
1449032160000,1449032639000,123.048,123.067,123.037,123.044,449990000,8
1449032640000,1449033119000,123.046,123.074,123.042,123.064,431850000,8
1449033120000,1449033599000,123.064,123.071,123.064,123.068,356720000,8
1449033600000,1449034079000,123.068,123.074,123.057,123.067,316120000,8
1449034080000,1449034559000,123.066,123.074,123.057,123.057,232060000,8
1449034560000,1449035039000,123.057,123.085,123.051,123.084,292610000,8
1449035040000,1449035519000,123.083,123.087,123.075,123.077,298390000,8
1449035520000,1449035999000,123.078,123.089,123.067,123.078,380380000,8
1449036000000,1449036479000,123.078,123.084,123.061,123.084,492580000,8
1449036480000,1449036959000,123.084,123.084,123.043,123.044,560990000,8
1449036960000,1449037439000,123.044,123.129,123.042,123.115,525750000,8
1449037440000,1449037919000,123.115,123.135,123.098,123.103,507380000,8
1449037920000,1449038399000,123.103,123.109,123.086,123.099,286410000,8
1449038400000,1449038879000,123.1,123.137,123.1,123.126,395470000,8
1449038880000,1449039359000,123.127,123.129,123.112,123.119,290740000,8
1449039360000,1449039839000,123.12,123.125,123.094,123.095,414200000,8
1449039840000,1449040319000,123.096,123.097,123.052,123.057,501760000,8
1449040320000,1449040799000,123.057,123.064,123.036,123.064,452300000,8
1449040800000,1449041279000,123.064,123.09,123.051,123.084,580960000,8
1449041280000,1449041759000,123.083,123.097,123.074,123.097,467810000,8
1449041760000,1449042239000,123.096,123.11,123.044,123.057,623720000,8
1449042240000,1449042719000,123.057,123.091,123.057,123.074,478620000,8
1449042720000,1449043199000,123.074,123.084,123.04,123.057,662460000,8
1449043200000,1449043679000,123.057,123.072,123.012,123.027,979330000,8
1449043680000,1449044159000,123.027,123.083,123.02,123.06,1119200000,8
1449044160000,1449044639000,123.06,123.115,123.06,123.08,1124080000,8
1449044640000,1449045119000,123.08,123.116,123.074,123.11,765590000,8
1449045120000,1449045599000,123.109,123.116,123.087,123.106,895380000,8
1449045600000,1449046079000,123.107,123.166,123.106,123.144,915960000,8
1449046080000,1449046559000,123.143,123.165,123.123,123.125,631070000,8
1449046560000,1449047039000,123.126,123.138,123.118,123.134,592080000,8
1449047040000,1449047519000,123.134,123.19,123.134,123.172,1087200000,8
1449047520000,1449047999000,123.172,123.191,123.158,123.191,680640000,8
1449048000000,1449048479000,123.191,123.203,123.16,123.16,773990000,8
1449048480000,1449048959000,123.16,123.175,123.141,123.164,633080000,8
1449048960000,1449049439000,123.162,123.185,123.153,123.169,652300000,8
1449049440000,1449049919000,123.166,123.184,123.143,123.155,679510000,8
1449049920000,1449050399000,123.155,123.158,123.119,123.133,644430000,8
1449050400000,1449050879000,123.135,123.178,123.135,123.158,1265750000,8
1449050880000,1449051359000,123.158,123.174,123.134,123.166,903260000,8
1449051360000,1449051839000,123.167,123.188,123.149,123.154,1185440000,8
1449051840000,1449052319000,123.154,123.162,123.13,123.152,758380000,8
1449052320000,1449052799000,123.151,123.154,123.111,123.112,686300000,8
1449052800000,1449053279000,123.111,123.157,123.11,123.142,440530000,8
1449053280000,1449053759000,123.142,123.145,123.114,123.121,514150000,8
1449053760000,1449054239000,123.121,123.125,123.101,123.114,527730000,8
1449054240000,1449054719000,123.112,123.151,123.111,123.143,673330000,8
1449054720000,1449055199000,123.143,123.149,123.133,123.138,465860000,8
1449055200000,1449055679000,123.138,123.139,123.099,123.101,444100000,8
1449055680000,1449056159000,123.1,123.113,123.099,123.106,349630000,8
1449056160000,1449056639000,123.105,123.124,123.101,123.113,261730000,8
1449056640000,1449057119000,123.112,123.131,123.111,123.128,288940000,8
1449057120000,1449057599000,123.129,123.131,123.111,123.117,444990000,8
1449057600000,1449058079000,123.117,123.129,123.114,123.117,416170000,8
1449058080000,1449058559000,123.116,123.136,123.113,123.132,695950000,8
1449058560000,1449059039000,123.133,123.149,123.124,123.141,431760000,8
1449059040000,1449059519000,123.142,123.152,123.123,123.132,700310000,8
1449059520000,1449059999000,123.132,123.137,123.113,123.134,577600000,8
1449060000000,1449060479000,123.133,123.138,123.117,123.129,588970000,8
1449060480000,1449060959000,123.128,123.143,123.119,123.138,759950000,8
1449060960000,1449061439000,123.139,123.161,123.128,123.147,458990000,8
1449061440000,1449061919000,123.147,123.164,123.137,123.149,513940000,8
1449061920000,1449062399000,123.15,123.288,123.109,123.232,1636280000,8
1449062400000,1449062879000,123.226,123.271,123.222,123.26,975170000,8
1449062880000,1449063359000,123.262,123.346,123.259,123.345,1467270000,8
1449063360000,1449063839000,123.344,123.357,123.318,123.326,1027900000,8
1449063840000,1449064319000,123.326,123.33,123.276,123.291,755290000,8
1449064320000,1449064799000,123.29,123.37,123.289,123.362,1132110000,8
1449064800000,1449065279000,123.363,123.385,123.29,123.296,1139550000,8
1449065280000,1449065759000,123.297,123.34,123.295,123.301,1539660000,8
1449065760000,1449066239000,123.301,123.339,123.296,123.305,864750000,8
1449066240000,1449066719000,123.305,123.347,123.299,123.327,795770000,8
1449066720000,1449067199000,123.327,123.368,123.312,123.34,1216040000,8
1449067200000,1449067679000,123.339,123.367,123.326,123.353,1067350000,8
1449067680000,1449068159000,123.353,123.4,123.352,123.397,1117790000,8
1449068160000,1449068639000,123.396,123.41,123.382,123.403,1092600000,8
1449068640000,1449069119000,123.404,123.412,123.37,123.383,1185740000,8
1449069120000,1449069599000,123.383,123.398,123.361,123.38,1213410000,8
1449069600000,1449070079000,123.379,123.394,123.356,123.392,1552050000,8
1449070080000,1449070559000,123.393,123.42,123.385,123.416,1270900000,8
1449070560000,1449071039000,123.415,123.441,123.406,123.433,1018190000,8
1449071040000,1449071519000,123.434,123.443,123.411,123.434,1142340000,8
1449071520000,1449071999000,123.434,123.475,123.391,123.467,1158410000,8
1449072000000,1449072479000,123.463,123.488,123.456,123.484,1271060000,8
1449072480000,1449072959000,123.485,123.494,123.457,123.459,900820000,8
1449072960000,1449073439000,123.46,123.501,123.454,123.495,832950000,8
1449073440000,1449073919000,123.495,123.501,123.455,123.458,833900000,8
1449073920000,1449074399000,123.458,123.484,123.457,123.482,861360000,8
1449074400000,1449074879000,123.484,123.518,123.48,123.502,831680000,8
1449074880000,1449075359000,123.502,123.525,123.472,123.51,723620000,8
1449075360000,1449075839000,123.51,123.557,123.501,123.544,647810000,8
1449075840000,1449076319000,123.543,123.558,123.52,123.545,576030000,8
1449076320000,1449076799000,123.544,123.571,123.544,123.564,485480000,8
1449076800000,1449077279000,123.562,123.67,123.526,123.663,1150770000,8
1449077280000,1449077759000,123.662,123.665,123.573,123.607,1166070000,8
1449077760000,1449078239000,123.607,123.614,123.55,123.557,1032020000,8
1449078240000,1449078719000,123.559,123.569,123.519,123.534,843520000,8
1449078720000,1449079199000,123.535,123.558,123.497,123.517,970130000,8
1449079200000,1449079679000,123.516,123.542,123.505,123.515,783420000,8
1449079680000,1449080159000,123.516,123.535,123.474,123.481,727860000,8
1449080160000,1449080639000,123.482,123.486,123.432,123.458,1026380000,8
1449080640000,1449081119000,123.458,123.492,123.457,123.474,610290000,8
1449081120000,1449081599000,123.474,123.501,123.457,123.481,533030000,8
1449081600000,1449082079000,123.481,123.491,123.44,123.442,602080000,8
1449082080000,1449082559000,123.441,123.466,123.421,123.458,661380000,8
1449082560000,1449083039000,123.458,123.459,123.308,123.313,840440000,8
1449083040000,1449083519000,123.313,123.346,123.283,123.331,968280000,8
1449083520000,1449083999000,123.331,123.346,123.29,123.3,513630000,8
1449084000000,1449084479000,123.299,123.315,123.237,123.247,857410000,8
1449084480000,1449084959000,123.246,123.257,123.215,123.248,711910000,8
1449084960000,1449085439000,123.249,123.275,123.172,123.176,864950000,8
1449085440000,1449085919000,123.177,123.178,123.105,123.145,983120000,8
1449085920000,1449086399000,123.144,123.199,123.143,123.151,1557650000,8
1449086400000,1449086879000,123.15,123.202,123.143,123.201,674910000,8
1449086880000,1449087359000,123.201,123.226,123.181,123.226,663800000,8
1449087360000,1449087839000,123.225,123.238,123.209,123.223,684280000,8
1449087840000,1449088319000,123.223,123.234,123.193,123.201,681370000,8
1449088320000,1449088799000,123.202,123.206,123.156,123.165,713120000,8
1449088800000,1449089279000,123.165,123.208,123.165,123.179,710110000,8
1449089280000,1449089759000,123.181,123.226,123.175,123.21,570910000,8
1449089760000,1449090239000,123.21,123.234,123.195,123.227,256780000,8
1449090240000,1449090719000,123.226,123.229,123.208,123.228,172250000,8
1449090720000,1449091199000,123.228,123.246,123.228,123.243,562870000,8
1449091200000,1449091679000,123.241,123.254,123.235,123.238,202730000,8
1449091680000,1449092159000,123.24,123.243,123.198,123.227,256530000,8
1449092160000,1449092639000,123.227,123.252,123.224,123.23,191910000,8
1449092640000,1449093119000,123.231,123.231,123.196,123.211,279830000,8
1449093120000,1449093599000,123.211,123.246,123.209,123.246,236660000,8
1449093600000,1449094079000,123.246,123.247,123.233,123.24,169290000,8
1449094080000,1449094559000,123.242,123.245,123.235,123.238,178040000,8
1449094560000,1449095039000,123.238,123.246,123.219,123.231,125400000,8
1449095040000,1449095519000,123.23,123.252,123.23,123.249,229390000,8
1449095520000,1449095999000,123.249,123.259,123.245,123.25,390460000,8
1449096000000,1449096479000,123.251,123.252,123.223,123.244,586390000,8
1449096480000,1449096959000,123.246,123.257,123.236,123.251,497630000,8
1449096960000,1449097439000,123.253,123.29,123.248,123.285,915560000,8
1449097440000,1449097919000,123.284,123.296,123.28,123.283,420450000,8
1449098400000,1449098879000,123.267,123.289,123.267,123.289,221560000,8
1449098880000,1449099359000,123.289,123.289,123.267,123.267,285960000,8
1449099360000,1449099839000,123.268,123.269,123.251,123.253,217570000,8
1449099840000,1449100319000,123.254,123.265,123.223,123.265,361660000,8
1449100320000,1449100799000,123.264,123.265,123.23,123.241,259980000,8
1449100800000,1449101279000,123.239,123.258,123.239,123.249,657060000,8
1449101280000,1449101759000,123.249,123.259,123.235,123.238,662640000,8
1449101760000,1449102239000,123.237,123.242,123.215,123.229,797110000,8
1449102240000,1449102719000,123.23,123.281,123.224,123.28,470150000,8
1449102720000,1449103199000,123.281,123.296,123.259,123.292,639960000,8
1449103200000,1449103679000,123.291,123.291,123.262,123.284,456640000,8
1449103680000,1449104159000,123.284,123.299,123.267,123.269,612860000,8
1449104160000,1449104639000,123.27,123.293,123.264,123.285,517360000,8
1449104640000,1449105119000,123.286,123.328,123.286,123.316,433590000,8
1449105120000,1449105599000,123.315,123.325,123.281,123.282,579020000,8
1449105600000,1449106079000,123.281,123.298,123.279,123.295,346070000,8
1449106080000,1449106559000,123.295,123.295,123.276,123.279,281100000,8
1449106560000,1449107039000,123.277,123.298,123.277,123.285,328060000,8
1449107040000,1449107519000,123.286,123.296,123.268,123.279,327070000,8
1449107520000,1449107999000,123.278,123.286,123.253,123.26,463870000,8
1449108000000,1449108479000,123.26,123.276,123.254,123.274,563430000,8
1449108480000,1449108959000,123.274,123.298,123.273,123.278,489710000,8
1449108960000,1449109439000,123.277,123.294,123.272,123.287,323970000,8
1449109440000,1449109919000,123.288,123.298,123.284,123.286,300690000,8
1449109920000,1449110399000,123.286,123.307,123.284,123.306,402240000,8
1449110400000,1449110879000,123.307,123.337,123.3,123.326,420820000,8
1449110880000,1449111359000,123.325,123.334,123.301,123.322,387880000,8
1449111360000,1449111839000,123.321,123.341,123.314,123.338,349690000,8
1449111840000,1449112319000,123.337,123.341,123.286,123.288,367320000,8
1449112320000,1449112799000,123.288,123.301,123.277,123.29,408910000,8
1449112800000,1449113279000,123.289,123.307,123.286,123.306,357360000,8
1449113280000,1449113759000,123.305,123.331,123.294,123.33,347280000,8
1449113760000,1449114239000,123.33,123.336,123.313,123.33,515780000,8
1449114240000,1449114719000,123.331,123.339,123.316,123.331,432160000,8
1449114720000,1449115199000,123.331,123.345,123.331,123.339,306630000,8
1449115200000,1449115679000,123.339,123.342,123.329,123.341,289540000,8
1449115680000,1449116159000,123.34,123.349,123.329,123.337,265590000,8
1449116160000,1449116639000,123.337,123.356,123.329,123.339,483450000,8
1449116640000,1449117119000,123.34,123.359,123.34,123.356,233920000,8
1449117120000,1449117599000,123.358,123.373,123.357,123.367,313240000,8
1449117600000,1449118079000,123.367,123.38,123.358,123.371,346460000,8
1449118080000,1449118559000,123.373,123.397,123.313,123.377,874700000,8
1449118560000,1449119039000,123.377,123.426,123.367,123.42,656010000,8
1449119040000,1449119519000,123.421,123.458,123.421,123.429,668580000,8
1449119520000,1449119999000,123.429,123.447,123.412,123.432,684670000,8
1449120000000,1449120479000,123.432,123.454,123.425,123.43,512560000,8
1449120480000,1449120959000,123.429,123.444,123.417,123.426,369770000,8
1449120960000,1449121439000,123.426,123.448,123.411,123.444,555510000,8
1449121440000,1449121919000,123.443,123.449,123.427,123.439,442980000,8
1449121920000,1449122399000,123.438,123.455,123.408,123.428,616450000,8
1449122400000,1449122879000,123.428,123.461,123.422,123.458,474990000,8
1449122880000,1449123359000,123.458,123.472,123.452,123.452,379590000,8
1449123360000,1449123839000,123.453,123.473,123.451,123.466,269420000,8
1449123840000,1449124319000,123.466,123.485,123.464,123.472,418960000,8
1449124320000,1449124799000,123.47,123.493,123.469,123.493,255040000,8
1449124800000,1449125279000,123.491,123.493,123.471,123.475,283390000,8
1449125280000,1449125759000,123.473,123.473,123.442,123.443,482250000,8
1449125760000,1449126239000,123.442,123.474,123.434,123.467,450700000,8
1449126240000,1449126719000,123.466,123.486,123.449,123.483,669500000,8
1449126720000,1449127199000,123.483,123.487,123.445,123.456,573880000,8
1449127200000,1449127679000,123.456,123.474,123.436,123.437,507820000,8
1449127680000,1449128159000,123.436,123.453,123.423,123.442,542080000,8
1449128160000,1449128639000,123.442,123.457,123.418,123.427,600460000,8
1449128640000,1449129119000,123.428,123.445,123.378,123.389,522250000,8
1449129120000,1449129599000,123.388,123.404,123.379,123.382,501140000,8
1449129600000,1449130079000,123.382,123.466,123.378,123.463,896420000,8
1449130080000,1449130559000,123.461,123.477,123.441,123.471,1146830000,8
1449130560000,1449131039000,123.471,123.495,123.467,123.476,790980000,8
1449131040000,1449131519000,123.474,123.495,123.47,123.492,674690000,8
1449131520000,1449131999000,123.493,123.493,123.453,123.473,667870000,8
1449132000000,1449132479000,123.473,123.493,123.469,123.486,799320000,8
1449132480000,1449132959000,123.487,123.494,123.481,123.493,773300000,8
1449132960000,1449133439000,123.489,123.536,123.481,123.527,841680000,8
1449133440000,1449133919000,123.527,123.561,123.516,123.521,713270000,8
1449133920000,1449134399000,123.521,123.524,123.499,123.502,902320000,8
1449134400000,1449134879000,123.502,123.506,123.479,123.496,711600000,8
1449134880000,1449135359000,123.495,123.505,123.486,123.502,744510000,8
1449135360000,1449135839000,123.502,123.505,123.483,123.489,609150000,8
1449135840000,1449136319000,123.489,123.498,123.463,123.464,542920000,8
1449136320000,1449136799000,123.466,123.49,123.442,123.475,680630000,8
1449136800000,1449137279000,123.474,123.479,123.457,123.468,877690000,8
1449137280000,1449137759000,123.469,123.491,123.457,123.46,547370000,8
1449137760000,1449138239000,123.46,123.464,123.435,123.45,528240000,8
1449138240000,1449138719000,123.451,123.469,123.435,123.443,760270000,8
1449138720000,1449139199000,123.444,123.454,123.436,123.454,386640000,8
1449139200000,1449139679000,123.453,123.472,123.453,123.46,494980000,8
1449139680000,1449140159000,123.461,123.469,123.456,123.461,486360000,8
1449140160000,1449140639000,123.46,123.474,123.446,123.447,562210000,8
1449140640000,1449141119000,123.448,123.469,123.444,123.451,480290000,8
1449141120000,1449141599000,123.45,123.481,123.443,123.476,715650000,8
1449141600000,1449142079000,123.475,123.482,123.455,123.462,475910000,8
1449142080000,1449142559000,123.461,123.482,123.454,123.465,559240000,8
1449142560000,1449143039000,123.465,123.478,123.456,123.463,623160000,8
1449143040000,1449143519000,123.464,123.474,123.455,123.459,642730000,8
1449143520000,1449143999000,123.458,123.477,123.452,123.477,578810000,8
1449144000000,1449144479000,123.477,123.486,123.465,123.477,994570000,8
1449144480000,1449144959000,123.477,123.492,123.457,123.468,753450000,8
1449144960000,1449145439000,123.468,123.477,123.452,123.474,670550000,8
1449145440000,1449145919000,123.475,123.477,123.445,123.449,925460000,8
1449145920000,1449146399000,123.448,123.477,123.343,123.404,1373620000,8
1449146400000,1449146879000,123.404,123.454,123.229,123.344,2434460000,8
1449146880000,1449147359000,123.349,123.45,123.314,123.318,1775840000,8
1449147360000,1449147839000,123.317,123.32,123.142,123.172,1792610000,8
1449147840000,1449148319000,123.173,123.261,123.09,123.245,1887410000,8
1449148320000,1449148799000,123.245,123.353,123.232,123.353,1618850000,8
1449148800000,1449149279000,123.349,123.404,123.338,123.352,1382410000,8
1449149280000,1449149759000,123.351,123.402,123.066,123.116,2676160000,8
1449149760000,1449150239000,123.109,123.179,123.019,123.042,2616280000,8
1449150240000,1449150719000,123.042,123.042,122.863,122.996,2363000000,8
1449150720000,1449151199000,122.996,123.165,122.984,123.126,1871390000,8
1449151200000,1449151679000,123.125,123.181,123.087,123.162,1803180000,8
1449151680000,1449152159000,123.162,123.188,123.126,123.163,1719030000,8
1449152160000,1449152639000,123.163,123.305,123.158,123.284,1806880000,8
1449152640000,1449153119000,123.284,123.304,123.261,123.284,1665950000,8
1449153120000,1449153599000,123.284,123.39,123.262,123.356,1962570000,8
1449153600000,1449154079000,123.357,123.377,123.311,123.324,1421100000,8
1449154080000,1449154559000,123.326,123.354,123.271,123.351,2044540000,8
1449154560000,1449155039000,123.35,123.385,123.156,123.182,2567180000,8
1449155040000,1449155519000,123.182,123.207,123.077,123.118,2169990000,8
1449155520000,1449155999000,123.118,123.21,123.113,123.151,1708070000,8
1449156000000,1449156479000,123.15,123.15,123.015,123.04,1771130000,8
1449156480000,1449156959000,123.043,123.111,122.994,123.067,1854460000,8
1449156960000,1449157439000,123.066,123.1,123.031,123.09,1604500000,8
1449157440000,1449157919000,123.09,123.151,123.05,123.15,1606840000,8
1449157920000,1449158399000,123.15,123.201,123.123,123.184,2010990000,8
1449158400000,1449158879000,123.183,123.199,123.134,123.17,1735290000,8
1449158880000,1449159359000,123.17,123.205,123.16,123.161,1176460000,8
1449159360000,1449159839000,123.162,123.175,123.097,123.097,1378880000,8
1449159840000,1449160319000,123.097,123.128,123.039,123.042,1803070000,8
1449160320000,1449160799000,123.042,123.063,122.92,122.938,1923480000,8
1449160800000,1449161279000,122.938,123.039,122.919,123.03,1483710000,8
1449161280000,1449161759000,123.03,123.071,123.019,123.042,1123680000,8
1449161760000,1449162239000,123.043,123.083,123.027,123.037,1141640000,8
1449162240000,1449162719000,123.037,123.045,122.955,122.956,919070000,8
1449162720000,1449163199000,122.957,122.959,122.716,122.749,1750150000,8
1449163200000,1449163679000,122.749,122.761,122.668,122.706,1941410000,8
1449163680000,1449164159000,122.705,122.76,122.679,122.723,1680620000,8
1449164160000,1449164639000,122.72,122.817,122.718,122.813,1059150000,8
1449164640000,1449165119000,122.814,122.82,122.775,122.777,1247740000,8
1449165120000,1449165599000,122.777,122.777,122.726,122.76,861120000,8
1449165600000,1449166079000,122.758,122.764,122.688,122.761,927010000,8
1449166080000,1449166559000,122.761,122.781,122.734,122.778,826010000,8
1449166560000,1449167039000,122.777,122.782,122.692,122.717,832330000,8
1449167040000,1449167519000,122.718,122.747,122.614,122.648,860810000,8
1449167520000,1449167999000,122.649,122.652,122.563,122.592,950750000,8
1449168000000,1449168479000,122.59,122.65,122.564,122.632,1121610000,8
1449168480000,1449168959000,122.633,122.639,122.548,122.562,1342780000,8
1449168960000,1449169439000,122.563,122.662,122.563,122.633,1431640000,8
1449169440000,1449169919000,122.633,122.67,122.612,122.662,778260000,8
1449169920000,1449170399000,122.663,122.684,122.652,122.677,620940000,8
1449170400000,1449170879000,122.678,122.698,122.552,122.599,1073220000,8
1449170880000,1449171359000,122.598,122.599,122.328,122.391,1812190000,8
1449171360000,1449171839000,122.39,122.508,122.368,122.397,1688670000,8
1449171840000,1449172319000,122.398,122.452,122.349,122.435,1127780000,8
1449172320000,1449172799000,122.436,122.443,122.297,122.303,1432160000,8
1449172800000,1449173279000,122.302,122.435,122.298,122.359,1686950000,8
1449173280000,1449173759000,122.36,122.458,122.353,122.426,1208200000,8
1449173760000,1449174239000,122.425,122.456,122.386,122.446,964900000,8
1449174240000,1449174719000,122.445,122.471,122.415,122.433,1040130000,8
1449174720000,1449175199000,122.432,122.507,122.403,122.464,1053150000,8
1449175200000,1449175679000,122.459,122.478,122.421,122.466,941120000,8
1449175680000,1449176159000,122.468,122.525,122.463,122.501,737280000,8
1449176160000,1449176639000,122.502,122.507,122.468,122.485,478620000,8
1449176640000,1449177119000,122.484,122.511,122.477,122.485,338390000,8
1449177120000,1449177599000,122.485,122.492,122.423,122.463,556660000,8
1449177600000,1449178079000,122.464,122.522,122.464,122.522,236290000,8
1449178080000,1449178559000,122.523,122.571,122.495,122.567,384860000,8
1449178560000,1449179039000,122.57,122.574,122.54,122.57,532140000,8
1449179040000,1449179519000,122.57,122.613,122.546,122.598,534500000,8
1449179520000,1449179999000,122.597,122.605,122.586,122.594,291790000,8
1449180000000,1449180479000,122.592,122.613,122.538,122.568,112030000,8
1449180480000,1449180959000,122.57,122.592,122.567,122.586,143200000,8
1449180960000,1449181439000,122.585,122.63,122.582,122.624,308230000,8
1449181440000,1449181919000,122.623,122.689,122.623,122.663,395850000,8
1449181920000,1449182399000,122.663,122.686,122.663,122.674,298830000,8
1449182400000,1449182879000,122.674,122.677,122.65,122.651,646790000,8
1449182880000,1449183359000,122.651,122.653,122.629,122.646,157500000,8
1449183360000,1449183839000,122.645,122.662,122.637,122.661,652140000,8
1449183840000,1449184319000,122.659,122.673,122.655,122.672,435980000,8
1449184320000,1449184799000,122.672,122.684,122.671,122.68,232120000,8
1449184800000,1449185279000,122.68,122.706,122.674,122.706,253860000,8
1449185280000,1449185759000,122.705,122.726,122.692,122.725,303510000,8
1449185760000,1449186239000,122.726,122.766,122.7,122.702,561370000,8
1449186240000,1449186719000,122.701,122.702,122.676,122.692,268160000,8
1449186720000,1449187199000,122.692,122.713,122.644,122.648,666230000,8
1449187200000,1449187679000,122.648,122.655,122.552,122.578,1318020000,8
1449187680000,1449188159000,122.58,122.597,122.486,122.553,1192090000,8
1449188160000,1449188639000,122.553,122.582,122.499,122.582,1040460000,8
1449188640000,1449189119000,122.582,122.598,122.522,122.583,833800000,8
1449189120000,1449189599000,122.583,122.622,122.569,122.612,941200000,8
1449189600000,1449190079000,122.613,122.675,122.612,122.634,1125980000,8
1449190080000,1449190559000,122.634,122.693,122.625,122.665,1003220000,8
1449190560000,1449191039000,122.665,122.712,122.639,122.641,1008400000,8
1449191040000,1449191519000,122.641,122.688,122.634,122.687,795290000,8
1449191520000,1449191999000,122.687,122.716,122.665,122.699,793800000,8
1449192000000,1449192479000,122.699,122.849,122.698,122.77,1397960000,8
1449192480000,1449192959000,122.771,122.808,122.749,122.753,976680000,8
1449192960000,1449193439000,122.753,122.814,122.752,122.782,742550000,8
1449193440000,1449193919000,122.78,122.785,122.702,122.723,841960000,8
1449193920000,1449194399000,122.724,122.732,122.679,122.689,827050000,8
1449194400000,1449194879000,122.689,122.728,122.646,122.656,751350000,8
1449194880000,1449195359000,122.657,122.672,122.631,122.631,563620000,8
1449195360000,1449195839000,122.631,122.634,122.599,122.628,660630000,8
1449195840000,1449196319000,122.629,122.653,122.616,122.649,629790000,8
1449196320000,1449196799000,122.65,122.661,122.606,122.612,610620000,8
1449196800000,1449197279000,122.612,122.615,122.559,122.565,695090000,8
1449197280000,1449197759000,122.564,122.6,122.564,122.591,686810000,8
1449197760000,1449198239000,122.589,122.614,122.577,122.602,530530000,8
1449198240000,1449198719000,122.602,122.606,122.545,122.546,553420000,8
1449198720000,1449199199000,122.546,122.601,122.541,122.595,576420000,8
1449199200000,1449199679000,122.593,122.598,122.551,122.567,509170000,8
1449199680000,1449200159000,122.569,122.634,122.567,122.626,694470000,8
1449200160000,1449200639000,122.624,122.624,122.57,122.573,718700000,8
1449200640000,1449201119000,122.573,122.583,122.544,122.568,455470000,8
1449201120000,1449201599000,122.567,122.601,122.55,122.601,762360000,8
1449201600000,1449202079000,122.601,122.61,122.549,122.574,701670000,8
1449202080000,1449202559000,122.575,122.626,122.575,122.585,675730000,8
1449202560000,1449203039000,122.585,122.595,122.565,122.577,369040000,8
1449203040000,1449203519000,122.577,122.596,122.571,122.573,590740000,8
1449203520000,1449203999000,122.573,122.577,122.554,122.562,527090000,8
1449204000000,1449204479000,122.561,122.568,122.544,122.552,302250000,8
1449204480000,1449204959000,122.552,122.552,122.5,122.525,623340000,8
1449204960000,1449205439000,122.526,122.575,122.525,122.574,394350000,8
1449205440000,1449205919000,122.576,122.59,122.565,122.574,384490000,8
1449205920000,1449206399000,122.573,122.573,122.521,122.537,585570000,8
1449206400000,1449206879000,122.537,122.543,122.494,122.5,622390000,8
1449206880000,1449207359000,122.5,122.509,122.476,122.491,588790000,8
1449207360000,1449207839000,122.491,122.527,122.482,122.52,569590000,8
1449207840000,1449208319000,122.52,122.533,122.506,122.531,428450000,8
1449208320000,1449208799000,122.533,122.602,122.53,122.602,498300000,8
1449208800000,1449209279000,122.602,122.612,122.578,122.582,691040000,8
1449209280000,1449209759000,122.583,122.599,122.567,122.583,682220000,8
1449209760000,1449210239000,122.583,122.641,122.575,122.636,484590000,8
1449210240000,1449210719000,122.635,122.655,122.611,122.655,563150000,8
1449210720000,1449211199000,122.656,122.697,122.652,122.671,493250000,8
1449211200000,1449211679000,122.671,122.671,122.648,122.666,457500000,8
1449211680000,1449212159000,122.667,122.671,122.637,122.646,416050000,8
1449212160000,1449212639000,122.646,122.646,122.59,122.618,810770000,8
1449212640000,1449213119000,122.618,122.682,122.599,122.682,1130140000,8
1449213120000,1449213599000,122.682,122.697,122.661,122.696,845200000,8
1449213600000,1449214079000,122.696,122.75,122.685,122.75,784100000,8
1449214080000,1449214559000,122.75,122.762,122.723,122.731,788250000,8
1449214560000,1449215039000,122.729,122.758,122.708,122.722,935650000,8
1449215040000,1449215519000,122.722,122.787,122.716,122.777,765540000,8
1449215520000,1449215999000,122.778,122.801,122.77,122.78,685050000,8
1449216000000,1449216479000,122.779,122.797,122.745,122.782,1081200000,8
1449216480000,1449216959000,122.782,122.789,122.744,122.759,1212040000,8
1449216960000,1449217439000,122.762,122.774,122.748,122.768,915700000,8
1449217440000,1449217919000,122.767,122.776,122.729,122.741,856740000,8
1449217920000,1449218399000,122.74,122.743,122.69,122.707,1035370000,8
1449218400000,1449218879000,122.706,122.765,122.705,122.765,1158520000,8
1449218880000,1449219359000,122.764,122.804,122.763,122.792,1009140000,8
1449219360000,1449219839000,122.791,122.824,122.772,122.777,922140000,8
1449219840000,1449220319000,122.776,122.824,122.772,122.802,719520000,8
1449220320000,1449220799000,122.802,122.812,122.736,122.739,953570000,8
1449220800000,1449221279000,122.738,122.776,122.736,122.752,759140000,8
1449221280000,1449221759000,122.753,122.763,122.72,122.732,724140000,8
1449221760000,1449222239000,122.731,122.748,122.722,122.73,921440000,8
1449222240000,1449222719000,122.729,122.749,122.704,122.748,629270000,8
1449222720000,1449223199000,122.748,122.756,122.735,122.755,753920000,8
1449223200000,1449223679000,122.755,122.791,122.74,122.789,693320000,8
1449223680000,1449224159000,122.788,122.806,122.77,122.797,811280000,8
1449224160000,1449224639000,122.797,122.812,122.771,122.773,1122350000,8
1449224640000,1449225119000,122.774,122.806,122.774,122.784,724520000,8
1449225120000,1449225599000,122.784,122.828,122.779,122.827,746720000,8
1449225600000,1449226079000,122.826,122.867,122.821,122.864,788990000,8
1449226080000,1449226559000,122.865,122.89,122.851,122.86,891390000,8
1449226560000,1449227039000,122.859,122.875,122.85,122.85,1108360000,8
1449227040000,1449227519000,122.851,122.852,122.818,122.849,780120000,8
1449227520000,1449227999000,122.849,122.87,122.836,122.859,1198190000,8
1449228000000,1449228479000,122.859,122.872,122.851,122.858,789650000,8
1449228480000,1449228959000,122.858,122.871,122.844,122.867,942810000,8
1449228960000,1449229439000,122.868,122.885,122.862,122.862,824400000,8
1449229440000,1449229919000,122.862,122.873,122.835,122.849,743930000,8
1449229920000,1449230399000,122.849,122.85,122.823,122.841,765250000,8
1449230400000,1449230879000,122.842,122.85,122.815,122.844,912170000,8
1449230880000,1449231359000,122.845,122.846,122.812,122.812,967000000,8
1449231360000,1449231839000,122.812,122.813,122.78,122.788,660420000,8
1449231840000,1449232319000,122.789,122.816,122.78,122.814,592840000,8
1449232320000,1449232799000,122.815,122.846,122.815,122.846,793290000,8
1449232800000,1449233279000,122.845,122.943,122.842,122.931,940640000,8
1449233280000,1449233759000,122.931,122.949,122.915,122.947,1012950000,8
1449233760000,1449234239000,122.947,122.97,122.917,122.925,1014820000,8
1449234240000,1449234719000,122.924,123.011,122.919,122.994,1240180000,8
1449234720000,1449235199000,122.994,123.001,122.929,122.99,1326350000,8
1449235200000,1449235679000,122.989,122.998,122.945,122.956,1377830000,8
1449235680000,1449236159000,122.957,123.375,122.697,123.348,2659310000,8
1449236160000,1449236639000,123.346,123.346,123.148,123.19,2107420000,8
1449236640000,1449237119000,123.192,123.23,123.019,123.091,2061280000,8
1449237120000,1449237599000,123.091,123.11,122.857,122.884,2160010000,8
1449237600000,1449238079000,122.884,122.93,122.758,122.795,2280010000,8
1449238080000,1449238559000,122.794,122.949,122.779,122.906,1974120000,8
1449238560000,1449239039000,122.907,123.046,122.898,123.025,1835040000,8
1449239040000,1449239519000,123.025,123.106,123.025,123.092,1675350000,8
1449239520000,1449239999000,123.094,123.162,122.926,122.958,1977900000,8
1449240000000,1449240479000,122.957,123.063,122.922,122.968,2029450000,8
1449240480000,1449240959000,122.969,123.051,122.969,123.03,1700500000,8
1449240960000,1449241439000,123.03,123.042,122.902,122.936,1537240000,8
1449241440000,1449241919000,122.936,122.939,122.784,122.86,1667090000,8
1449241920000,1449242399000,122.86,122.938,122.843,122.937,1503320000,8
1449242400000,1449242879000,122.937,122.992,122.932,122.985,1463960000,8
1449242880000,1449243359000,122.986,123.024,122.923,122.971,1381070000,8
1449243360000,1449243839000,122.972,123.055,122.972,123.055,1469630000,8
1449243840000,1449244319000,123.055,123.103,123.051,123.089,1366070000,8
1449244320000,1449244799000,123.088,123.171,123.07,123.116,1436580000,8
1449244800000,1449245279000,123.114,123.204,123.105,123.175,1523130000,8
1449245280000,1449245759000,123.174,123.199,123.113,123.132,1357810000,8
1449245760000,1449246239000,123.132,123.208,123.114,123.198,1080840000,8
1449246240000,1449246719000,123.198,123.227,123.108,123.113,1182090000,8
1449246720000,1449247199000,123.111,123.151,123.089,123.151,1054500000,8
1449247200000,1449247679000,123.151,123.151,123.075,123.075,969990000,8
1449247680000,1449248159000,123.075,123.103,123.051,123.082,1015330000,8
1449248160000,1449248639000,123.083,123.12,123.075,123.098,865220000,8
1449248640000,1449249119000,123.098,123.143,123.081,123.129,705540000,8
1449249120000,1449249599000,123.129,123.145,123.113,123.121,568680000,8
1449249600000,1449250079000,123.122,123.162,123.111,123.154,750030000,8
1449250080000,1449250559000,123.155,123.265,123.122,123.247,1056610000,8
1449250560000,1449251039000,123.25,123.25,123.194,123.232,1161570000,8
1449251040000,1449251519000,123.232,123.238,123.163,123.18,879820000,8
1449251520000,1449251999000,123.18,123.213,123.175,123.186,673970000,8
1449252000000,1449252479000,123.188,123.253,123.174,123.228,653690000,8
1449252480000,1449252959000,123.247,123.288,123.209,123.235,728650000,8
1449252960000,1449253439000,123.232,123.247,123.209,123.21,610230000,8
1449253440000,1449253919000,123.21,123.212,123.188,123.205,832680000,8
1449253920000,1449254399000,123.207,123.209,123.164,123.173,508780000,8
1449254400000,1449254879000,123.174,123.189,123.158,123.17,618110000,8
1449254880000,1449255359000,123.17,123.229,123.17,123.215,617210000,8
1449255360000,1449255839000,123.216,123.224,123.187,123.202,453270000,8
1449255840000,1449256319000,123.204,123.209,123.164,123.174,366240000,8
1449256320000,1449256799000,123.172,123.182,123.163,123.164,446720000,8
1449256800000,1449257279000,123.164,123.195,123.164,123.189,625870000,8
1449257280000,1449257759000,123.19,123.209,123.18,123.2,407260000,8
1449257760000,1449258239000,123.202,123.216,123.202,123.21,458700000,8
1449258240000,1449258719000,123.211,123.226,123.195,123.209,449720000,8
1449258720000,1449259199000,123.21,123.213,123.14,123.213,693510000,8
1449259200000,1449259679000,123.211,123.216,123.179,123.202,368800000,8
1449259680000,1449260159000,123.202,123.218,123.182,123.183,317080000,8
1449260160000,1449260639000,123.183,123.2,123.173,123.186,427440000,8
1449260640000,1449261119000,123.186,123.187,123.176,123.183,252400000,8
1449261120000,1449261599000,123.183,123.195,123.177,123.187,286860000,8
1449261600000,1449262079000,123.186,123.212,123.183,123.192,504320000,8
1449262080000,1449262559000,123.192,123.203,123.171,123.188,367320000,8
1449262560000,1449263039000,123.187,123.193,123.169,123.177,294360000,8
1449263040000,1449263519000,123.175,123.177,123.125,123.137,326880000,8
1449263520000,1449263999000,123.14,123.15,123.131,123.136,231380000,8
1449264000000,1449264479000,123.137,123.152,123.13,123.152,153880000,8
1449264960000,1449265439000,123.143,123.17,123.143,123.161,90400000,8
1449265440000,1449265919000,123.161,123.163,123.107,123.108,172160000,8
1449265920000,1449266399000,123.111,123.119,123.087,123.087,654220000,8
1449439200000,1449439679000,123.171,123.222,123.171,123.183,57910000,8
1449439680000,1449440159000,123.183,123.22,123.16,123.214,321400000,8
1449440160000,1449440639000,123.221,123.221,123.166,123.18,216240000,8
1449440640000,1449441119000,123.192,123.219,123.17,123.198,364550000,8
1449441120000,1449441599000,123.199,123.21,123.185,123.196,203520000,8
1449441600000,1449442079000,123.197,123.197,123.179,123.18,134490000,8
1449442080000,1449442559000,123.18,123.224,123.179,123.211,214480000,8
1449442560000,1449443039000,123.212,123.218,123.181,123.189,517090000,8
1449443040000,1449443519000,123.188,123.209,123.178,123.188,885150000,8
1449443520000,1449443999000,123.187,123.196,123.169,123.17,408130000,8
1449444000000,1449444479000,123.167,123.187,123.157,123.161,493720000,8
1449444480000,1449444959000,123.161,123.197,123.149,123.19,456810000,8
1449444960000,1449445439000,123.191,123.227,123.18,123.206,408520000,8
1449445440000,1449445919000,123.206,123.226,123.189,123.197,296410000,8
1449445920000,1449446399000,123.197,123.209,123.186,123.195,234290000,8
1449446400000,1449446879000,123.197,123.229,123.181,123.226,653290000,8
1449446880000,1449447359000,123.226,123.227,123.172,123.179,644850000,8
1449447360000,1449447839000,123.181,123.195,123.157,123.16,528660000,8
1449447840000,1449448319000,123.161,123.192,123.152,123.186,537680000,8
1449448320000,1449448799000,123.186,123.225,123.186,123.218,407210000,8
1449448800000,1449449279000,123.219,123.224,123.186,123.186,401030000,8
1449449280000,1449449759000,123.187,123.228,123.186,123.226,603320000,8
1449449760000,1449450239000,123.226,123.234,123.185,123.204,575160000,8
1449450240000,1449450719000,123.204,123.238,123.191,123.204,630570000,8
1449450720000,1449451199000,123.204,123.233,123.202,123.207,465230000,8
1449451200000,1449451679000,123.205,123.224,123.205,123.224,267190000,8
1449451680000,1449452159000,123.225,123.226,123.204,123.225,392620000,8
1449452160000,1449452639000,123.225,123.226,123.188,123.217,483800000,8
1449452640000,1449453119000,123.216,123.231,123.2,123.219,442240000,8
1449453120000,1449453599000,123.218,123.245,123.203,123.242,542320000,8
1449453600000,1449454079000,123.242,123.253,123.226,123.246,668220000,8
1449454080000,1449454559000,123.246,123.261,123.229,123.251,534000000,8
1449454560000,1449455039000,123.251,123.292,123.247,123.273,523640000,8
1449455040000,1449455519000,123.273,123.288,123.268,123.277,452390000,8
1449455520000,1449455999000,123.277,123.286,123.266,123.272,380970000,8
1449456000000,1449456479000,123.272,123.276,123.256,123.263,292170000,8
1449456480000,1449456959000,123.265,123.275,123.255,123.266,404520000,8
1449456960000,1449457439000,123.267,123.317,123.263,123.315,500310000,8
1449457440000,1449457919000,123.315,123.323,123.293,123.296,375290000,8
1449457920000,1449458399000,123.296,123.296,123.284,123.289,211030000,8
1449458400000,1449458879000,123.289,123.294,123.265,123.266,172260000,8
1449458880000,1449459359000,123.265,123.294,123.248,123.287,320180000,8
1449459360000,1449459839000,123.287,123.287,123.272,123.275,242040000,8
1449459840000,1449460319000,123.274,123.301,123.272,123.296,183300000,8
1449460320000,1449460799000,123.295,123.297,123.286,123.288,279370000,8
1449460800000,1449461279000,123.288,123.288,123.255,123.257,311730000,8
1449461280000,1449461759000,123.257,123.273,123.241,123.248,374630000,8
1449461760000,1449462239000,123.248,123.273,123.247,123.267,333220000,8
1449462720000,1449463199000,123.27,123.294,123.265,123.285,502650000,8
1449463200000,1449463679000,123.284,123.294,123.272,123.277,472630000,8
1449463680000,1449464159000,123.277,123.295,123.276,123.287,229990000,8
1449464160000,1449464639000,123.287,123.305,123.264,123.264,368440000,8
1449464640000,1449465119000,123.264,123.281,123.254,123.28,328760000,8
1449465120000,1449465599000,123.279,123.299,123.272,123.295,379310000,8
1449465600000,1449466079000,123.294,123.302,123.291,123.295,236690000,8
1449466080000,1449466559000,123.295,123.312,123.293,123.302,333300000,8
1449466560000,1449467039000,123.302,123.302,123.27,123.279,417050000,8
1449467040000,1449467519000,123.281,123.303,123.272,123.291,414130000,8
1449467520000,1449467999000,123.291,123.296,123.266,123.276,633480000,8
1449468000000,1449468479000,123.274,123.306,123.274,123.297,590910000,8
1449468480000,1449468959000,123.297,123.302,123.266,123.271,431470000,8
1449468960000,1449469439000,123.271,123.303,123.269,123.295,306950000,8
1449469440000,1449469919000,123.295,123.3,123.283,123.295,321500000,8
1449469920000,1449470399000,123.296,123.301,123.293,123.293,97800000,8
1449470400000,1449470879000,123.292,123.301,123.271,123.295,229370000,8
1449470880000,1449471359000,123.295,123.295,123.27,123.273,267490000,8
1449471360000,1449471839000,123.274,123.286,123.269,123.28,259440000,8
1449471840000,1449472319000,123.28,123.28,123.245,123.259,403590000,8
1449472320000,1449472799000,123.259,123.285,123.257,123.282,490610000,8
1449472800000,1449473279000,123.282,123.293,123.27,123.273,249790000,8
1449473280000,1449473759000,123.272,123.281,123.258,123.274,363390000,8
1449473760000,1449474239000,123.273,123.292,123.272,123.286,365230000,8
1449474240000,1449474719000,123.286,123.293,123.277,123.287,269610000,8
1449474720000,1449475199000,123.287,123.292,123.271,123.28,376410000,8
1449475200000,1449475679000,123.281,123.292,123.25,123.273,725190000,8
1449475680000,1449476159000,123.274,123.356,123.273,123.331,842110000,8
1449476160000,1449476639000,123.331,123.372,123.331,123.342,817890000,8
1449476640000,1449477119000,123.343,123.395,123.333,123.393,703400000,8
1449477120000,1449477599000,123.393,123.417,123.371,123.417,588550000,8
1449477600000,1449478079000,123.416,123.444,123.416,123.427,706040000,8
1449478080000,1449478559000,123.427,123.429,123.382,123.401,685060000,8
1449478560000,1449479039000,123.4,123.433,123.381,123.386,731970000,8
1449479040000,1449479519000,123.382,123.396,123.343,123.395,876510000,8
1449479520000,1449479999000,123.395,123.405,123.377,123.401,492790000,8
1449480000000,1449480479000,123.4,123.43,123.393,123.43,658760000,8
1449480480000,1449480959000,123.43,123.446,123.417,123.439,560940000,8
1449480960000,1449481439000,123.439,123.441,123.416,123.437,437880000,8
1449481440000,1449481919000,123.437,123.453,123.432,123.438,520450000,8
1449481920000,1449482399000,123.438,123.444,123.415,123.417,412040000,8
1449482400000,1449482879000,123.417,123.447,123.417,123.443,432250000,8
1449482880000,1449483359000,123.443,123.446,123.423,123.436,335790000,8
1449483360000,1449483839000,123.438,123.475,123.438,123.475,431410000,8
1449483840000,1449484319000,123.475,123.476,123.429,123.431,557810000,8
1449484320000,1449484799000,123.429,123.442,123.423,123.432,466910000,8
1449484800000,1449485279000,123.434,123.442,123.416,123.417,316220000,8
1449485280000,1449485759000,123.418,123.425,123.393,123.424,459430000,8
1449485760000,1449486239000,123.424,123.424,123.382,123.402,528540000,8
1449486240000,1449486719000,123.402,123.417,123.393,123.403,310010000,8
1449486720000,1449487199000,123.403,123.403,123.356,123.365,416550000,8
1449487200000,1449487679000,123.365,123.368,123.333,123.35,356230000,8
1449487680000,1449488159000,123.348,123.367,123.348,123.367,459880000,8
1449488160000,1449488639000,123.369,123.391,123.356,123.389,630640000,8
1449488640000,1449489119000,123.389,123.428,123.389,123.419,419450000,8
1449489120000,1449489599000,123.42,123.458,123.42,123.446,651590000,8
1449489600000,1449490079000,123.446,123.465,123.437,123.453,620990000,8
1449490080000,1449490559000,123.453,123.469,123.448,123.453,601250000,8
1449490560000,1449491039000,123.454,123.47,123.437,123.456,480280000,8
1449491040000,1449491519000,123.457,123.468,123.423,123.423,671700000,8
1449491520000,1449491999000,123.423,123.438,123.406,123.409,676840000,8
1449492000000,1449492479000,123.409,123.447,123.409,123.439,503790000,8
1449492480000,1449492959000,123.438,123.439,123.399,123.421,387280000,8
1449492960000,1449493439000,123.423,123.445,123.402,123.441,573590000,8
1449493440000,1449493919000,123.439,123.447,123.386,123.41,662680000,8
1449493920000,1449494399000,123.409,123.435,123.397,123.426,634160000,8
1449494400000,1449494879000,123.425,123.45,123.42,123.442,568360000,8
1449494880000,1449495359000,123.442,123.447,123.408,123.421,609600000,8
1449495360000,1449495839000,123.421,123.459,123.402,123.455,928680000,8
1449495840000,1449496319000,123.455,123.462,123.423,123.424,607770000,8
1449496320000,1449496799000,123.424,123.451,123.415,123.43,548080000,8
1449496800000,1449497279000,123.43,123.441,123.415,123.42,707360000,8
1449497280000,1449497759000,123.42,123.449,123.418,123.432,642460000,8
1449497760000,1449498239000,123.432,123.443,123.416,123.433,635320000,8
1449498240000,1449498719000,123.433,123.448,123.405,123.442,708030000,8
1449498720000,1449499199000,123.441,123.442,123.369,123.413,1373790000,8
1449499200000,1449499679000,123.413,123.416,123.357,123.392,1460540000,8
1449499680000,1449500159000,123.392,123.401,123.311,123.326,1416050000,8
1449500160000,1449500639000,123.326,123.37,123.312,123.313,1005050000,8
1449500640000,1449501119000,123.314,123.404,123.312,123.404,1387860000,8
1449501120000,1449501599000,123.406,123.413,123.367,123.367,1304730000,8
1449501600000,1449502079000,123.367,123.376,123.32,123.322,1155420000,8
1449502080000,1449502559000,123.321,123.325,123.276,123.28,1050290000,8
1449502560000,1449503039000,123.281,123.282,123.232,123.243,1465850000,8
1449503040000,1449503519000,123.242,123.26,123.214,123.244,1602280000,8
1449503520000,1449503999000,123.244,123.273,123.222,123.267,1327470000,8
1449504000000,1449504479000,123.269,123.291,123.215,123.228,1216530000,8
1449504480000,1449504959000,123.228,123.245,123.207,123.23,986070000,8
1449504960000,1449505439000,123.23,123.25,123.204,123.229,1095450000,8
1449505440000,1449505919000,123.228,123.298,123.219,123.283,1092760000,8
1449505920000,1449506399000,123.283,123.322,123.271,123.283,1004010000,8
1449506400000,1449506879000,123.283,123.292,123.255,123.273,757050000,8
1449506880000,1449507359000,123.274,123.321,123.263,123.305,943220000,8
1449507360000,1449507839000,123.305,123.339,123.299,123.329,781340000,8
1449507840000,1449508319000,123.329,123.335,123.273,123.275,576710000,8
1449508320000,1449508799000,123.275,123.288,123.268,123.271,508300000,8
1449508800000,1449509279000,123.272,123.274,123.234,123.235,591700000,8
1449509280000,1449509759000,123.235,123.247,123.222,123.237,1076730000,8
1449509760000,1449510239000,123.238,123.247,123.217,123.22,503780000,8
1449510240000,1449510719000,123.219,123.256,123.217,123.228,513010000,8
1449510720000,1449511199000,123.228,123.246,123.213,123.244,445510000,8
1449511200000,1449511679000,123.244,123.27,123.215,123.266,601660000,8
1449511680000,1449512159000,123.267,123.286,123.229,123.245,826470000,8
1449512160000,1449512639000,123.243,123.285,123.24,123.257,858350000,8
1449512640000,1449513119000,123.259,123.268,123.235,123.261,797180000,8
1449513120000,1449513599000,123.261,123.298,123.259,123.284,566010000,8
1449513600000,1449514079000,123.284,123.299,123.265,123.296,489800000,8
1449514080000,1449514559000,123.294,123.304,123.258,123.27,476080000,8
1449514560000,1449515039000,123.274,123.324,123.274,123.319,601440000,8
1449515040000,1449515519000,123.318,123.335,123.303,123.307,524060000,8
1449515520000,1449515999000,123.307,123.316,123.294,123.313,378900000,8
1449516000000,1449516479000,123.312,123.337,123.286,123.299,630680000,8
1449516480000,1449516959000,123.302,123.343,123.286,123.303,679130000,8
1449516960000,1449517439000,123.303,123.315,123.276,123.295,574730000,8
1449517440000,1449517919000,123.296,123.31,123.273,123.291,564990000,8
1449517920000,1449518399000,123.291,123.321,123.27,123.31,857850000,8
1449518400000,1449518879000,123.311,123.334,123.307,123.321,494220000,8
1449518880000,1449519359000,123.32,123.339,123.308,123.32,365020000,8
1449519360000,1449519839000,123.32,123.344,123.312,123.344,447080000,8
1449519840000,1449520319000,123.344,123.361,123.315,123.322,422880000,8
1449520320000,1449520799000,123.322,123.325,123.29,123.316,466080000,8
1449520800000,1449521279000,123.314,123.344,123.299,123.331,372490000,8
1449521280000,1449521759000,123.33,123.347,123.313,123.334,397300000,8
1449521760000,1449522239000,123.334,123.367,123.325,123.364,213000000,8
1449522240000,1449522719000,123.364,123.364,123.339,123.339,163700000,8
1449522720000,1449523199000,123.339,123.341,123.317,123.319,198160000,8
1449523200000,1449523679000,123.318,123.329,123.311,123.328,117240000,8
1449523680000,1449524159000,123.328,123.348,123.328,123.348,142100000,8
1449524160000,1449524639000,123.347,123.356,123.341,123.353,103820000,8
1449524640000,1449525119000,123.352,123.362,123.349,123.362,102180000,8
1449525120000,1449525599000,123.362,123.384,123.36,123.363,329100000,8
1449525600000,1449526079000,123.366,123.373,123.356,123.363,77320000,8
1449526080000,1449526559000,123.363,123.367,123.351,123.351,98140000,8
1449527040000,1449527519000,123.357,123.364,123.348,123.358,165400000,8
1449527520000,1449527999000,123.357,123.365,123.353,123.357,535800000,8
1449528000000,1449528479000,123.357,123.362,123.348,123.354,819450000,8
1449528480000,1449528959000,123.355,123.36,123.353,123.354,228820000,8
1449528960000,1449529439000,123.354,123.391,123.354,123.373,347170000,8
1449529440000,1449529919000,123.371,123.39,123.371,123.379,267900000,8
1449529920000,1449530399000,123.38,123.382,123.374,123.378,151190000,8
1449530400000,1449530879000,123.374,123.374,123.354,123.36,212860000,8
1449530880000,1449531359000,123.36,123.36,123.344,123.346,252230000,8
1449531360000,1449531839000,123.346,123.362,123.335,123.336,158100000,8
1449531840000,1449532319000,123.336,123.35,123.292,123.294,359600000,8
1449532320000,1449532799000,123.296,123.321,123.293,123.296,544910000,8
1449532800000,1449533279000,123.297,123.305,123.251,123.279,722430000,8
1449533280000,1449533759000,123.277,123.291,123.244,123.245,670270000,8
1449533760000,1449534239000,123.245,123.276,123.226,123.276,785010000,8
1449534240000,1449534719000,123.276,123.314,123.268,123.296,1134170000,8
1449534720000,1449535199000,123.296,123.31,123.28,123.29,481330000,8
1449535200000,1449535679000,123.291,123.326,123.289,123.31,548220000,8
1449535680000,1449536159000,123.31,123.321,123.272,123.275,705020000,8
1449536160000,1449536639000,123.276,123.287,123.259,123.278,520980000,8
1449536640000,1449537119000,123.278,123.288,123.255,123.281,542170000,8
1449537120000,1449537599000,123.281,123.283,123.259,123.263,505730000,8
1449537600000,1449538079000,123.264,123.277,123.246,123.276,477030000,8
1449538080000,1449538559000,123.277,123.278,123.215,123.215,564470000,8
1449538560000,1449539039000,123.216,123.239,123.21,123.228,640610000,8
1449539040000,1449539519000,123.23,123.238,123.215,123.233,581640000,8
1449539520000,1449539999000,123.234,123.235,123.184,123.197,611160000,8
1449540000000,1449540479000,123.197,123.198,123.128,123.149,828010000,8
1449540480000,1449540959000,123.15,123.171,123.13,123.163,560470000,8
1449540960000,1449541439000,123.164,123.179,123.152,123.165,434850000,8
1449541440000,1449541919000,123.165,123.176,123.138,123.166,457040000,8
1449541920000,1449542399000,123.166,123.166,123.134,123.152,459740000,8
1449542400000,1449542879000,123.152,123.167,123.116,123.117,519890000,8
1449542880000,1449543359000,123.118,123.129,123.114,123.114,344770000,8
1449543360000,1449543839000,123.114,123.137,123.087,123.091,575800000,8
1449543840000,1449544319000,123.09,123.092,123.06,123.08,657250000,8
1449544320000,1449544799000,123.081,123.081,123.055,123.075,487740000,8
1449544800000,1449545279000,123.076,123.117,123.075,123.115,399710000,8
1449545280000,1449545759000,123.115,123.131,123.108,123.114,233700000,8
1449545760000,1449546239000,123.114,123.13,123.104,123.126,307160000,8
1449546240000,1449546719000,123.127,123.163,123.124,123.163,424310000,8
1449546720000,1449547199000,123.164,123.17,123.139,123.147,337160000,8
1449547200000,1449547679000,123.147,123.151,123.135,123.14,282150000,8
1449547680000,1449548159000,123.138,123.153,123.132,123.133,319580000,8
1449548160000,1449548639000,123.134,123.137,123.12,123.128,342710000,8
1449548640000,1449549119000,123.129,123.146,123.128,123.146,171130000,8
1449549120000,1449549599000,123.147,123.156,123.113,123.114,219960000,8
1449549600000,1449550079000,123.114,123.12,123.101,123.106,309890000,8
1449550080000,1449550559000,123.106,123.127,123.09,123.124,291470000,8
1449550560000,1449551039000,123.123,123.146,123.12,123.146,364070000,8
1449551040000,1449551519000,123.146,123.155,123.134,123.149,531830000,8
1449551520000,1449551999000,123.151,123.154,123.132,123.133,357420000,8
1449552000000,1449552479000,123.134,123.135,123.107,123.122,340540000,8
1449552480000,1449552959000,123.122,123.147,123.121,123.13,381730000,8
1449552960000,1449553439000,123.129,123.129,123.106,123.108,339280000,8
1449553440000,1449553919000,123.109,123.122,123.094,123.103,438840000,8
1449553920000,1449554399000,123.104,123.12,123.085,123.085,585670000,8
1449554400000,1449554879000,123.084,123.122,123.082,123.107,315770000,8
1449554880000,1449555359000,123.107,123.115,123.081,123.09,487180000,8
1449555360000,1449555839000,123.091,123.116,123.079,123.116,388290000,8
1449555840000,1449556319000,123.117,123.122,123.095,123.095,315360000,8
1449556320000,1449556799000,123.095,123.106,123.08,123.106,259720000,8
1449556800000,1449557279000,123.107,123.123,123.102,123.121,194390000,8
1449557280000,1449557759000,123.122,123.133,123.093,123.133,336690000,8
1449557760000,1449558239000,123.133,123.137,123.075,123.077,459870000,8
1449558240000,1449558719000,123.077,123.078,123.05,123.066,560020000,8
1449558720000,1449559199000,123.068,123.092,123.052,123.089,379820000,8
1449559200000,1449559679000,123.088,123.092,123.053,123.086,436050000,8
1449559680000,1449560159000,123.087,123.09,123.047,123.08,447230000,8
1449560160000,1449560639000,123.078,123.094,123.078,123.088,383300000,8
1449560640000,1449561119000,123.088,123.117,123.088,123.109,390670000,8
1449561120000,1449561599000,123.108,123.114,123.089,123.1,434040000,8
1449561600000,1449562079000,123.1,123.105,123.051,123.066,840450000,8
1449562080000,1449562559000,123.068,123.102,123.049,123.049,1023200000,8
1449562560000,1449563039000,123.05,123.072,123.005,123.021,1020610000,8
1449563040000,1449563519000,123.022,123.062,122.997,123.056,930720000,8
1449563520000,1449563999000,123.056,123.071,123.042,123.062,791410000,8
1449564000000,1449564479000,123.062,123.081,123.043,123.043,986740000,8
1449564480000,1449564959000,123.046,123.051,123.012,123.026,802480000,8
1449564960000,1449565439000,123.024,123.035,123.008,123.026,1107760000,8
1449565440000,1449565919000,123.025,123.108,123.024,123.096,875610000,8
1449565920000,1449566399000,123.094,123.094,123.031,123.032,805340000,8
1449566400000,1449566879000,123.034,123.086,123.034,123.076,597640000,8
1449566880000,1449567359000,123.077,123.085,123.018,123.039,844520000,8
1449567360000,1449567839000,123.04,123.049,123.01,123.046,896560000,8
1449567840000,1449568319000,123.046,123.074,123.032,123.069,649580000,8
1449568320000,1449568799000,123.068,123.097,123.067,123.081,629880000,8
1449568800000,1449569279000,123.08,123.121,123.08,123.087,713290000,8
1449569280000,1449569759000,123.087,123.13,123.085,123.119,634140000,8
1449569760000,1449570239000,123.119,123.142,123.114,123.13,616090000,8
1449570240000,1449570719000,123.13,123.171,123.12,123.171,674220000,8
1449570720000,1449571199000,123.17,123.177,123.148,123.157,390950000,8
1449571200000,1449571679000,123.157,123.157,123.123,123.143,397430000,8
1449571680000,1449572159000,123.143,123.168,123.142,123.167,504340000,8
1449572160000,1449572639000,123.168,123.182,123.155,123.174,628980000,8
1449572640000,1449573119000,123.174,123.189,123.169,123.177,515560000,8
1449573120000,1449573599000,123.176,123.179,123.146,123.157,459130000,8
1449573600000,1449574079000,123.157,123.184,123.151,123.154,371950000,8
1449574080000,1449574559000,123.152,123.161,123.121,123.125,670750000,8
1449574560000,1449575039000,123.125,123.154,123.112,123.149,704890000,8
1449575040000,1449575519000,123.149,123.165,123.13,123.139,463010000,8
1449575520000,1449575999000,123.14,123.145,123.106,123.112,453580000,8
1449576000000,1449576479000,123.108,123.114,123.083,123.107,653790000,8
1449576480000,1449576959000,123.108,123.115,123.052,123.083,1132650000,8
1449576960000,1449577439000,123.083,123.09,123.019,123.021,733330000,8
1449577440000,1449577919000,123.023,123.032,122.967,122.978,736150000,8
1449577920000,1449578399000,122.978,123.011,122.968,122.985,862870000,8
1449578400000,1449578879000,122.984,122.986,122.899,122.91,947310000,8
1449578880000,1449579359000,122.911,122.999,122.908,122.999,902340000,8
1449579360000,1449579839000,122.998,122.998,122.865,122.901,1048460000,8
1449579840000,1449580319000,122.905,122.925,122.877,122.88,1138100000,8
1449580320000,1449580799000,122.883,122.91,122.845,122.855,1112120000,8
1449580800000,1449581279000,122.857,122.925,122.851,122.892,911020000,8
1449581280000,1449581759000,122.891,122.914,122.862,122.875,820060000,8
1449581760000,1449582239000,122.876,122.888,122.852,122.871,1147650000,8
1449582240000,1449582719000,122.872,122.902,122.854,122.888,1026680000,8
1449582720000,1449583199000,122.887,122.887,122.81,122.822,889640000,8
1449583200000,1449583679000,122.822,122.827,122.762,122.811,1107440000,8
1449583680000,1449584159000,122.811,122.848,122.804,122.835,877840000,8
1449584160000,1449584639000,122.835,122.836,122.769,122.776,976970000,8
1449584640000,1449585119000,122.777,122.797,122.763,122.782,1058540000,8
1449585120000,1449585599000,122.781,122.786,122.721,122.76,1319500000,8
1449585600000,1449586079000,122.76,122.853,122.746,122.833,1558890000,8
1449586080000,1449586559000,122.832,122.877,122.827,122.855,1599910000,8
1449586560000,1449587039000,122.852,122.886,122.809,122.86,1422810000,8
1449587040000,1449587519000,122.859,122.911,122.851,122.88,1740410000,8
1449587520000,1449587999000,122.881,122.89,122.782,122.788,1662900000,8
1449588000000,1449588479000,122.79,122.806,122.747,122.776,1534880000,8
1449588480000,1449588959000,122.776,122.848,122.742,122.812,1473750000,8
1449588960000,1449589439000,122.814,122.882,122.799,122.854,1410670000,8
1449589440000,1449589919000,122.853,122.877,122.832,122.871,1494540000,8
1449589920000,1449590399000,122.871,122.924,122.866,122.922,1266240000,8
1449590400000,1449590879000,122.922,122.957,122.913,122.931,1309810000,8
1449590880000,1449591359000,122.932,122.955,122.906,122.939,1234670000,8
1449591360000,1449591839000,122.941,123.002,122.921,122.954,1027280000,8
1449591840000,1449592319000,122.955,122.958,122.904,122.927,1091790000,8
1449592320000,1449592799000,122.927,122.942,122.902,122.924,995190000,8
1449592800000,1449593279000,122.923,122.949,122.914,122.949,995620000,8
1449593280000,1449593759000,122.949,122.988,122.931,122.984,1110160000,8
1449593760000,1449594239000,122.984,123.011,122.983,122.993,688840000,8
1449594240000,1449594719000,122.993,122.993,122.97,122.978,528340000,8
1449594720000,1449595199000,122.978,122.987,122.933,122.94,686830000,8
1449595200000,1449595679000,122.941,122.967,122.933,122.965,836850000,8
1449595680000,1449596159000,122.965,122.977,122.934,122.956,729650000,8
1449596160000,1449596639000,122.955,122.97,122.947,122.963,460670000,8
1449596640000,1449597119000,122.963,122.978,122.923,122.924,516000000,8
1449597120000,1449597599000,122.924,122.957,122.924,122.95,534650000,8
1449597600000,1449598079000,122.948,122.955,122.912,122.918,529510000,8
1449598080000,1449598559000,122.918,122.936,122.885,122.885,594340000,8
1449598560000,1449599039000,122.885,122.924,122.874,122.881,862290000,8
1449599040000,1449599519000,122.88,122.897,122.863,122.894,870960000,8
1449599520000,1449599999000,122.894,122.913,122.893,122.896,935220000,8
1449600000000,1449600479000,122.896,122.901,122.857,122.887,772680000,8
1449600480000,1449600959000,122.887,122.925,122.871,122.918,581810000,8
1449600960000,1449601439000,122.917,122.956,122.908,122.954,599860000,8
1449601440000,1449601919000,122.955,123.008,122.941,122.987,608730000,8
1449601920000,1449602399000,122.987,123.025,122.977,123.018,733880000,8
1449602400000,1449602879000,123.018,123.036,122.979,122.988,917690000,8
1449602880000,1449603359000,122.988,123.032,122.986,123.03,724530000,8
1449603360000,1449603839000,123.032,123.049,123.008,123.032,550260000,8
1449603840000,1449604319000,123.033,123.072,123.031,123.053,580230000,8
1449604320000,1449604799000,123.054,123.087,123.047,123.054,509570000,8
1449604800000,1449605279000,123.054,123.066,123.008,123.008,616500000,8
1449605280000,1449605759000,123.008,123.028,122.987,123.016,629940000,8
1449605760000,1449606239000,123.014,123.024,122.987,123.018,441590000,8
1449606240000,1449606719000,123.018,123.032,123.007,123.016,602750000,8
1449606720000,1449607199000,123.016,123.052,123.012,123.032,460200000,8
1449607200000,1449607679000,123.032,123.049,123.006,123.025,698890000,8
1449607680000,1449608159000,123.024,123.047,123.023,123.026,440640000,8
1449608160000,1449608639000,123.028,123.031,122.968,122.971,171950000,8
1449608640000,1449609119000,122.969,122.991,122.963,122.97,218400000,8
1449609120000,1449609599000,122.971,122.985,122.965,122.966,257790000,8
1449609600000,1449610079000,122.964,122.976,122.954,122.96,272710000,8
1449610080000,1449610559000,122.96,122.976,122.957,122.958,318970000,8
1449610560000,1449611039000,122.959,122.96,122.949,122.955,143500000,8
1449611040000,1449611519000,122.956,122.974,122.95,122.968,217580000,8
1449611520000,1449611999000,122.968,122.968,122.913,122.926,278840000,8
1449612000000,1449612479000,122.922,122.927,122.871,122.909,366710000,8
1449612480000,1449612959000,122.908,122.949,122.901,122.924,273150000,8
1449612960000,1449613439000,122.924,122.926,122.9,122.903,188560000,8
1449613440000,1449613919000,122.903,122.905,122.889,122.892,292680000,8
1449613920000,1449614399000,122.892,122.901,122.87,122.878,419450000,8
1449614400000,1449614879000,122.878,122.878,122.835,122.859,506790000,8
1449614880000,1449615359000,122.858,122.869,122.842,122.859,359890000,8
1449615360000,1449615839000,122.858,122.908,122.857,122.894,668220000,8
1449615840000,1449616319000,122.893,122.894,122.874,122.881,176670000,8
1449616320000,1449616799000,122.881,122.881,122.863,122.864,203440000,8
1449616800000,1449617279000,122.865,122.879,122.864,122.867,112220000,8
1449617280000,1449617759000,122.869,122.904,122.869,122.895,141890000,8
1449617760000,1449618239000,122.895,122.924,122.895,122.914,301550000,8
1449618240000,1449618719000,122.915,122.924,122.909,122.909,150020000,8
1449619200000,1449619679000,122.928,122.975,122.911,122.954,583330000,8
1449619680000,1449620159000,122.956,122.972,122.926,122.934,358150000,8
1449620160000,1449620639000,122.934,122.962,122.932,122.949,451500000,8
1449620640000,1449621119000,122.95,122.985,122.94,122.978,396950000,8
1449621120000,1449621599000,122.98,123.0,122.969,122.969,416740000,8
1449621600000,1449622079000,122.969,122.986,122.962,122.985,420750000,8
1449622080000,1449622559000,122.985,122.985,122.946,122.969,667030000,8
1449622560000,1449623039000,122.97,123.013,122.969,122.999,389860000,8
1449623040000,1449623519000,122.999,122.999,122.971,122.974,359760000,8
1449623520000,1449623999000,122.974,123.039,122.969,123.037,464520000,8
1449624000000,1449624479000,123.037,123.046,122.971,122.971,473040000,8
1449624480000,1449624959000,122.971,122.991,122.958,122.961,531580000,8
1449624960000,1449625439000,122.96,122.985,122.93,122.944,581710000,8
1449625440000,1449625919000,122.945,122.971,122.9,122.902,505180000,8
1449625920000,1449626399000,122.902,122.903,122.86,122.883,720140000,8
1449626400000,1449626879000,122.882,122.882,122.852,122.86,557540000,8
1449626880000,1449627359000,122.859,122.871,122.81,122.827,568970000,8
1449627360000,1449627839000,122.826,122.831,122.787,122.79,664480000,8
1449627840000,1449628319000,122.791,122.821,122.76,122.761,753300000,8
1449628320000,1449628799000,122.762,122.794,122.757,122.775,460220000,8
1449628800000,1449629279000,122.775,122.818,122.76,122.76,494620000,8
1449629280000,1449629759000,122.759,122.796,122.742,122.796,450020000,8
1449629760000,1449630239000,122.796,122.813,122.771,122.783,350630000,8
1449630240000,1449630719000,122.783,122.787,122.77,122.779,336500000,8
1449630720000,1449631199000,122.779,122.828,122.779,122.82,334000000,8
1449631200000,1449631679000,122.82,122.821,122.807,122.813,257920000,8
1449631680000,1449632159000,122.812,122.83,122.8,122.829,358740000,8
1449632160000,1449632639000,122.828,122.845,122.806,122.81,480980000,8
1449632640000,1449633119000,122.811,122.811,122.775,122.79,317840000,8
1449633120000,1449633599000,122.791,122.822,122.791,122.795,314550000,8
1449633600000,1449634079000,122.795,122.813,122.779,122.805,410080000,8
1449634080000,1449634559000,122.805,122.813,122.798,122.798,305490000,8
1449634560000,1449635039000,122.799,122.804,122.754,122.766,303760000,8
1449635040000,1449635519000,122.766,122.783,122.753,122.783,325390000,8
1449635520000,1449635999000,122.781,122.783,122.769,122.774,291370000,8
1449636000000,1449636479000,122.773,122.79,122.752,122.754,322520000,8
1449636480000,1449636959000,122.754,122.758,122.695,122.724,545420000,8
1449636960000,1449637439000,122.724,122.731,122.7,122.719,279610000,8
1449637440000,1449637919000,122.72,122.721,122.676,122.677,510670000,8
1449637920000,1449638399000,122.679,122.679,122.655,122.663,392390000,8
1449638400000,1449638879000,122.663,122.677,122.638,122.66,455080000,8
1449638880000,1449639359000,122.661,122.723,122.655,122.714,455410000,8
1449639840000,1449640319000,122.7,122.743,122.7,122.743,312940000,8
1449640320000,1449640799000,122.742,122.751,122.731,122.733,434620000,8
1449640800000,1449641279000,122.733,122.762,122.727,122.761,286020000,8
1449641280000,1449641759000,122.759,122.771,122.752,122.768,370810000,8
1449641760000,1449642239000,122.768,122.774,122.744,122.744,223820000,8
1449642240000,1449642719000,122.742,122.75,122.722,122.722,330720000,8
1449642720000,1449643199000,122.721,122.728,122.682,122.705,372190000,8
1449643200000,1449643679000,122.705,122.737,122.689,122.735,264100000,8
1449643680000,1449644159000,122.735,122.751,122.717,122.746,290260000,8
1449644160000,1449644639000,122.746,122.76,122.693,122.707,402500000,8
1449644640000,1449645119000,122.707,122.739,122.698,122.712,351860000,8
1449645120000,1449645599000,122.713,122.713,122.64,122.647,539740000,8
1449645600000,1449646079000,122.647,122.709,122.646,122.708,343720000,8
1449646080000,1449646559000,122.709,122.738,122.701,122.714,584640000,8
1449646560000,1449647039000,122.714,122.767,122.706,122.752,764900000,8
1449647040000,1449647519000,122.752,122.756,122.727,122.74,560010000,8
1449647520000,1449647999000,122.739,122.755,122.726,122.727,325480000,8
1449648000000,1449648479000,122.726,122.765,122.717,122.751,973670000,8
1449648480000,1449648959000,122.756,122.829,122.754,122.812,821480000,8
1449648960000,1449649439000,122.811,122.827,122.767,122.813,1062950000,8
1449649440000,1449649919000,122.813,122.837,122.774,122.781,1258770000,8
1449649920000,1449650399000,122.779,122.795,122.731,122.751,783080000,8
1449650400000,1449650879000,122.751,122.812,122.746,122.805,871010000,8
1449650880000,1449651359000,122.804,122.812,122.738,122.738,970160000,8
1449651360000,1449651839000,122.739,122.79,122.722,122.782,910460000,8
1449651840000,1449652319000,122.782,122.806,122.766,122.795,584050000,8
1449652320000,1449652799000,122.798,122.801,122.735,122.735,738870000,8
1449652800000,1449653279000,122.735,122.745,122.689,122.722,1114610000,8
1449653280000,1449653759000,122.722,122.743,122.713,122.729,839840000,8
1449653760000,1449654239000,122.732,122.735,122.688,122.695,775270000,8
1449654240000,1449654719000,122.694,122.706,122.656,122.669,1000580000,8
1449654720000,1449655199000,122.669,122.717,122.669,122.701,743210000,8
1449655200000,1449655679000,122.702,122.73,122.68,122.689,797200000,8
1449655680000,1449656159000,122.689,122.696,122.616,122.624,807320000,8
1449656160000,1449656639000,122.624,122.63,122.607,122.613,816100000,8
1449656640000,1449657119000,122.612,122.637,122.604,122.632,650060000,8
1449657120000,1449657599000,122.633,122.634,122.61,122.63,614310000,8
1449657600000,1449658079000,122.629,122.656,122.623,122.645,711650000,8
1449658080000,1449658559000,122.646,122.658,122.63,122.658,544200000,8
1449658560000,1449659039000,122.66,122.665,122.617,122.617,620400000,8
1449659040000,1449659519000,122.617,122.632,122.602,122.603,609000000,8
1449659520000,1449659999000,122.604,122.647,122.604,122.632,647630000,8
1449660000000,1449660479000,122.632,122.673,122.617,122.67,757900000,8
1449660480000,1449660959000,122.67,122.703,122.664,122.695,821430000,8
1449660960000,1449661439000,122.697,122.701,122.67,122.671,880630000,8
1449661440000,1449661919000,122.672,122.676,122.637,122.64,401910000,8
1449661920000,1449662399000,122.642,122.647,122.623,122.623,551440000,8
1449662400000,1449662879000,122.622,122.625,122.599,122.616,527400000,8
1449662880000,1449663359000,122.616,122.622,122.597,122.601,509540000,8
1449663360000,1449663839000,122.601,122.601,122.519,122.526,714260000,8
1449663840000,1449664319000,122.526,122.528,122.489,122.489,611590000,8
1449664320000,1449664799000,122.489,122.542,122.481,122.542,730960000,8
1449664800000,1449665279000,122.544,122.557,122.509,122.538,667140000,8
1449665280000,1449665759000,122.536,122.536,122.442,122.496,994710000,8
1449665760000,1449666239000,122.496,122.499,122.474,122.482,543980000,8
1449666240000,1449666719000,122.482,122.499,122.456,122.489,861530000,8
1449666720000,1449667199000,122.489,122.497,122.446,122.457,781160000,8
1449667200000,1449667679000,122.458,122.458,122.425,122.44,1063170000,8
1449667680000,1449668159000,122.439,122.444,122.381,122.385,1181350000,8
1449668160000,1449668639000,122.385,122.389,122.331,122.348,1210010000,8
1449668640000,1449669119000,122.347,122.353,122.004,122.103,1849320000,8
1449669120000,1449669599000,122.104,122.189,122.059,122.101,1344210000,8
1449669600000,1449670079000,122.093,122.106,121.831,121.981,1877070000,8
1449670080000,1449670559000,121.981,122.047,121.91,121.925,1331290000,8
1449670560000,1449671039000,121.922,121.993,121.854,121.927,1193650000,8
1449671040000,1449671519000,121.932,122.145,121.925,122.137,1283550000,8
1449671520000,1449671999000,122.138,122.151,122.064,122.118,1557990000,8
1449672000000,1449672479000,122.119,122.167,122.075,122.106,1579960000,8
1449672480000,1449672959000,122.106,122.137,122.011,122.049,1315130000,8
1449672960000,1449673439000,122.049,122.073,121.988,122.005,1082110000,8
1449673440000,1449673919000,122.006,122.098,121.991,122.098,1465380000,8
1449673920000,1449674399000,122.099,122.113,122.019,122.04,1290070000,8
1449674400000,1449674879000,122.04,122.102,122.04,122.098,1796090000,8
1449674880000,1449675359000,122.099,122.189,122.072,122.134,1647720000,8
1449675360000,1449675839000,122.135,122.197,122.132,122.177,1334280000,8
1449675840000,1449676319000,122.178,122.263,122.124,122.131,1313400000,8
1449676320000,1449676799000,122.133,122.149,122.079,122.087,1213760000,8
1449676800000,1449677279000,122.087,122.099,122.048,122.051,1065570000,8
1449677280000,1449677759000,122.051,122.066,122.019,122.019,931120000,8
1449677760000,1449678239000,122.02,122.039,121.988,122.011,1139170000,8
1449678240000,1449678719000,122.011,122.015,121.9,121.945,1176980000,8
1449678720000,1449679199000,121.943,121.954,121.77,121.796,1230820000,8
1449679200000,1449679679000,121.797,121.829,121.76,121.783,1147860000,8
1449679680000,1449680159000,121.783,121.852,121.772,121.835,897790000,8
1449680160000,1449680639000,121.839,121.904,121.825,121.889,970300000,8
1449680640000,1449681119000,121.89,121.933,121.855,121.933,938950000,8
1449681120000,1449681599000,121.933,121.933,121.803,121.805,1066340000,8
1449681600000,1449682079000,121.807,121.808,121.612,121.62,1589430000,8
1449682080000,1449682559000,121.62,121.676,121.571,121.645,1398860000,8
1449682560000,1449683039000,121.645,121.662,121.525,121.609,1217380000,8
1449683040000,1449683519000,121.607,121.67,121.565,121.623,1171510000,8
1449683520000,1449683999000,121.625,121.639,121.39,121.398,1654360000,8
1449684000000,1449684479000,121.398,121.497,121.225,121.24,1960570000,8
1449684480000,1449684959000,121.24,121.383,121.2,121.311,1890190000,8
1449684960000,1449685439000,121.309,121.433,121.306,121.39,1505760000,8
1449685440000,1449685919000,121.39,121.468,121.278,121.328,1911550000,8
1449685920000,1449686399000,121.326,121.406,121.292,121.365,1912560000,8
1449686400000,1449686879000,121.363,121.382,121.252,121.314,1415170000,8
1449686880000,1449687359000,121.314,121.447,121.269,121.366,1533980000,8
1449687360000,1449687839000,121.37,121.382,121.089,121.168,1519530000,8
1449687840000,1449688319000,121.168,121.181,121.082,121.173,1268220000,8
1449688320000,1449688799000,121.173,121.245,121.153,121.174,1134840000,8
1449688800000,1449689279000,121.176,121.188,121.121,121.171,1080710000,8
1449689280000,1449689759000,121.17,121.233,121.1,121.118,1129250000,8
1449689760000,1449690239000,121.116,121.175,121.075,121.081,1020260000,8
1449690240000,1449690719000,121.08,121.204,121.075,121.198,1277130000,8
1449690720000,1449691199000,121.197,121.25,121.149,121.166,1086440000,8
1449691200000,1449691679000,121.166,121.256,121.163,121.232,1059780000,8
1449691680000,1449692159000,121.234,121.274,121.213,121.264,822680000,8
1449692160000,1449692639000,121.264,121.349,121.237,121.343,808980000,8
1449692640000,1449693119000,121.342,121.392,121.31,121.388,1114940000,8
1449693120000,1449693599000,121.388,121.408,121.32,121.345,1130370000,8
1449693600000,1449694079000,121.344,121.38,121.321,121.338,1119570000,8
1449694080000,1449694559000,121.337,121.418,121.315,121.414,761550000,8
1449694560000,1449695039000,121.412,121.436,121.393,121.432,535690000,8
1449695040000,1449695519000,121.433,121.493,121.433,121.479,437420000,8
1449695520000,1449695999000,121.477,121.484,121.393,121.395,420300000,8
1449696000000,1449696479000,121.395,121.404,121.382,121.403,278380000,8
1449696480000,1449696959000,121.404,121.444,121.388,121.441,415770000,8
1449696960000,1449697439000,121.44,121.441,121.397,121.408,438030000,8
1449697440000,1449697919000,121.407,121.415,121.383,121.388,353140000,8
1449697920000,1449698399000,121.388,121.443,121.388,121.437,453870000,8
1449698400000,1449698879000,121.439,121.479,121.435,121.479,70650000,8
1449698880000,1449699359000,121.477,121.534,121.474,121.521,238340000,8
1449699840000,1449700319000,121.47,121.547,121.47,121.519,264370000,8
1449700320000,1449700799000,121.52,121.555,121.518,121.546,331500000,8
1449700800000,1449701279000,121.546,121.583,121.533,121.572,849770000,8
1449701280000,1449701759000,121.572,121.589,121.57,121.584,737570000,8
1449701760000,1449702239000,121.584,121.655,121.583,121.62,884560000,8
1449702240000,1449702719000,121.621,121.628,121.574,121.602,786070000,8
1449702720000,1449703199000,121.602,121.631,121.576,121.608,590410000,8
1449703200000,1449703679000,121.61,121.644,121.608,121.616,334750000,8
1449703680000,1449704159000,121.616,121.665,121.602,121.656,354930000,8
1449704160000,1449704639000,121.655,121.674,121.632,121.67,292890000,8
1449704640000,1449705119000,121.671,121.729,121.664,121.729,516060000,8
1449705120000,1449705599000,121.729,121.746,121.677,121.692,469780000,8
1449705600000,1449706079000,121.69,121.721,121.57,121.638,1194800000,8
1449706080000,1449706559000,121.639,121.648,121.599,121.603,747910000,8
1449706560000,1449707039000,121.603,121.64,121.598,121.599,730960000,8
1449707040000,1449707519000,121.6,121.676,121.569,121.619,911930000,8
1449707520000,1449707999000,121.62,121.651,121.528,121.531,1063730000,8
1449708000000,1449708479000,121.531,121.603,121.526,121.544,932580000,8
1449708480000,1449708959000,121.547,121.557,121.446,121.446,945230000,8
1449708960000,1449709439000,121.447,121.495,121.447,121.466,703730000,8
1449709440000,1449709919000,121.467,121.479,121.278,121.313,1385950000,8
1449709920000,1449710399000,121.314,121.366,121.291,121.361,919320000,8
1449710400000,1449710879000,121.361,121.431,121.33,121.428,1202970000,8
1449710880000,1449711359000,121.427,121.493,121.414,121.486,1249810000,8
1449711360000,1449711839000,121.486,121.55,121.48,121.55,759630000,8
1449711840000,1449712319000,121.547,121.578,121.512,121.558,647360000,8
1449712320000,1449712799000,121.557,121.584,121.545,121.546,558320000,8
1449712800000,1449713279000,121.544,121.558,121.497,121.526,560640000,8
1449713280000,1449713759000,121.524,121.526,121.467,121.476,735220000,8
1449713760000,1449714239000,121.475,121.501,121.463,121.496,552170000,8
1449714240000,1449714719000,121.496,121.534,121.496,121.527,485880000,8
1449714720000,1449715199000,121.527,121.567,121.507,121.553,480300000,8
1449715200000,1449715679000,121.553,121.562,121.541,121.545,466540000,8
1449715680000,1449716159000,121.544,121.553,121.521,121.523,384890000,8
1449716160000,1449716639000,121.524,121.638,121.52,121.626,795710000,8
1449716640000,1449717119000,121.625,121.644,121.623,121.633,821130000,8
1449717120000,1449717599000,121.632,121.632,121.613,121.617,403700000,8
1449717600000,1449718079000,121.617,121.617,121.567,121.588,387280000,8
1449718080000,1449718559000,121.588,121.655,121.586,121.638,388230000,8
1449718560000,1449719039000,121.637,121.671,121.636,121.667,427280000,8
1449719040000,1449719519000,121.667,121.67,121.608,121.614,497330000,8
1449719520000,1449719999000,121.614,121.622,121.604,121.613,311540000,8
1449720000000,1449720479000,121.614,121.645,121.613,121.644,300140000,8
1449720480000,1449720959000,121.643,121.653,121.614,121.616,362360000,8
1449720960000,1449721439000,121.616,121.645,121.602,121.645,447980000,8
1449721440000,1449721919000,121.645,121.655,121.642,121.648,437420000,8
1449721920000,1449722399000,121.648,121.683,121.646,121.655,355050000,8
1449722400000,1449722879000,121.653,121.665,121.646,121.654,288720000,8
1449722880000,1449723359000,121.655,121.676,121.637,121.668,450200000,8
1449723360000,1449723839000,121.669,121.698,121.665,121.686,233060000,8
1449723840000,1449724319000,121.686,121.705,121.676,121.698,491610000,8
1449724320000,1449724799000,121.699,121.701,121.645,121.649,309310000,8
1449724800000,1449725279000,121.649,121.658,121.625,121.626,333140000,8
1449725280000,1449725759000,121.625,121.639,121.615,121.62,472680000,8
1449725760000,1449726239000,121.621,121.628,121.581,121.587,508200000,8
1449726240000,1449726719000,121.586,121.605,121.564,121.564,377600000,8
1449726720000,1449727199000,121.565,121.686,121.562,121.662,518250000,8
1449727200000,1449727679000,121.663,121.697,121.658,121.675,807620000,8
1449727680000,1449728159000,121.675,121.689,121.629,121.629,725360000,8
1449728160000,1449728639000,121.631,121.652,121.622,121.64,338190000,8
1449728640000,1449729119000,121.639,121.651,121.624,121.624,377710000,8
1449729120000,1449729599000,121.624,121.626,121.607,121.625,246100000,8
1449729600000,1449730079000,121.626,121.673,121.623,121.673,462860000,8
1449730080000,1449730559000,121.673,121.673,121.634,121.634,359980000,8
1449730560000,1449731039000,121.634,121.684,121.623,121.682,399130000,8
1449731040000,1449731519000,121.684,121.703,121.667,121.691,678460000,8
1449731520000,1449731999000,121.691,121.698,121.665,121.692,491480000,8
1449732000000,1449732479000,121.691,121.82,121.691,121.766,875250000,8
1449732480000,1449732959000,121.764,121.774,121.738,121.772,652690000,8
1449732960000,1449733439000,121.772,121.821,121.761,121.799,793050000,8
1449733440000,1449733919000,121.8,121.802,121.746,121.753,1135520000,8
1449733920000,1449734399000,121.755,121.773,121.733,121.749,625840000,8
1449734400000,1449734879000,121.75,121.756,121.65,121.665,860860000,8
1449734880000,1449735359000,121.664,121.742,121.635,121.73,1057630000,8
1449735360000,1449735839000,121.73,121.843,121.726,121.818,1226970000,8
1449735840000,1449736319000,121.818,121.868,121.784,121.822,1164740000,8
1449736320000,1449736799000,121.824,121.824,121.745,121.816,1030770000,8
1449736800000,1449737279000,121.816,121.833,121.779,121.807,1054980000,8
1449737280000,1449737759000,121.806,121.808,121.739,121.769,747250000,8
1449737760000,1449738239000,121.767,121.783,121.73,121.753,1017820000,8
1449738240000,1449738719000,121.753,121.754,121.721,121.736,741170000,8
1449738720000,1449739199000,121.736,121.809,121.705,121.79,891740000,8
1449739200000,1449739679000,121.788,121.808,121.767,121.783,849790000,8
1449739680000,1449740159000,121.784,121.821,121.771,121.794,640260000,8
1449740160000,1449740639000,121.794,121.811,121.759,121.767,812850000,8
1449740640000,1449741119000,121.767,121.785,121.761,121.761,643370000,8
1449741120000,1449741599000,121.761,121.785,121.735,121.747,580190000,8
1449741600000,1449742079000,121.747,121.793,121.73,121.764,839990000,8
1449742080000,1449742559000,121.765,121.772,121.724,121.74,1061920000,8
1449742560000,1449743039000,121.739,121.761,121.649,121.666,1006940000,8
1449743040000,1449743519000,121.666,121.69,121.636,121.656,1082700000,8
1449743520000,1449743999000,121.656,121.742,121.647,121.728,1027870000,8
1449744000000,1449744479000,121.727,121.73,121.701,121.714,798750000,8
1449744480000,1449744959000,121.716,121.734,121.68,121.686,746600000,8
1449744960000,1449745439000,121.685,121.688,121.645,121.652,858840000,8
1449745440000,1449745919000,121.653,121.672,121.64,121.65,663060000,8
1449745920000,1449746399000,121.651,121.651,121.506,121.525,906040000,8
1449746400000,1449746879000,121.524,121.538,121.467,121.477,915740000,8
1449746880000,1449747359000,121.476,121.486,121.344,121.392,1036380000,8
1449747360000,1449747839000,121.392,121.444,121.39,121.426,898550000,8
1449747840000,1449748319000,121.425,121.455,121.38,121.4,754170000,8
1449748320000,1449748799000,121.4,121.418,121.349,121.408,757190000,8
1449748800000,1449749279000,121.408,121.441,121.382,121.391,1018780000,8
1449749280000,1449749759000,121.391,121.391,121.254,121.277,1103570000,8
1449749760000,1449750239000,121.275,121.335,121.243,121.335,980710000,8
1449750240000,1449750719000,121.334,121.358,121.303,121.326,1159200000,8
1449750720000,1449751199000,121.328,121.383,121.32,121.379,866260000,8
1449751200000,1449751679000,121.38,121.436,121.357,121.426,853100000,8
1449751680000,1449752159000,121.429,121.441,121.385,121.392,879280000,8
1449752160000,1449752639000,121.393,121.497,121.384,121.494,793920000,8
1449752640000,1449753119000,121.494,121.54,121.465,121.527,898040000,8
1449753120000,1449753599000,121.528,121.536,121.444,121.473,1054390000,8
1449753600000,1449754079000,121.472,121.481,121.398,121.416,899900000,8
1449754080000,1449754559000,121.415,121.476,121.367,121.413,1066230000,8
1449754560000,1449755039000,121.413,121.416,121.272,121.297,1419130000,8
1449755040000,1449755519000,121.296,121.371,121.26,121.368,1348810000,8
1449755520000,1449755999000,121.369,121.374,121.291,121.304,1022540000,8
1449756000000,1449756479000,121.304,121.399,121.303,121.386,1213380000,8
1449756480000,1449756959000,121.385,121.411,121.322,121.371,1046320000,8
1449756960000,1449757439000,121.373,121.41,121.33,121.346,1124230000,8
1449757440000,1449757919000,121.348,121.434,121.336,121.406,1058940000,8
1449757920000,1449758399000,121.408,121.512,121.38,121.492,2063520000,8
1449758400000,1449758879000,121.492,121.533,121.429,121.442,1823960000,8
1449758880000,1449759359000,121.445,121.464,121.384,121.428,1467600000,8
1449759360000,1449759839000,121.427,121.469,121.387,121.426,1388990000,8
1449759840000,1449760319000,121.425,121.464,121.363,121.373,1329770000,8
1449760320000,1449760799000,121.373,121.453,121.361,121.426,1413980000,8
1449760800000,1449761279000,121.426,121.501,121.424,121.501,1670320000,8
1449761280000,1449761759000,121.502,121.511,121.447,121.457,1061390000,8
1449761760000,1449762239000,121.459,121.545,121.448,121.544,1262760000,8
1449762240000,1449762719000,121.545,121.595,121.524,121.57,1120870000,8
1449762720000,1449763199000,121.568,121.62,121.514,121.515,1417880000,8
1449763200000,1449763679000,121.514,121.519,121.482,121.488,1320970000,8
1449763680000,1449764159000,121.488,121.498,121.445,121.486,1244180000,8
1449764160000,1449764639000,121.487,121.515,121.481,121.506,1235750000,8
1449764640000,1449765119000,121.505,121.509,121.465,121.487,955320000,8
1449765120000,1449765599000,121.488,121.49,121.418,121.438,860770000,8
1449765600000,1449766079000,121.438,121.447,121.402,121.445,849480000,8
1449766080000,1449766559000,121.445,121.459,121.42,121.424,957190000,8
1449766560000,1449767039000,121.425,121.462,121.416,121.431,837430000,8
1449767040000,1449767519000,121.431,121.457,121.403,121.407,670490000,8
1449767520000,1449767999000,121.407,121.417,121.372,121.376,626610000,8
1449768000000,1449768479000,121.379,121.422,121.378,121.407,629800000,8
1449768480000,1449768959000,121.408,121.432,121.395,121.418,679580000,8
1449768960000,1449769439000,121.421,121.449,121.408,121.447,642570000,8
1449769440000,1449769919000,121.445,121.453,121.403,121.41,680760000,8
1449769920000,1449770399000,121.409,121.464,121.406,121.452,646940000,8
1449770400000,1449770879000,121.452,121.46,121.409,121.41,644800000,8
1449770880000,1449771359000,121.411,121.421,121.385,121.405,597800000,8
1449771360000,1449771839000,121.404,121.454,121.401,121.444,776760000,8
1449771840000,1449772319000,121.444,121.496,121.442,121.494,765960000,8
1449772320000,1449772799000,121.494,121.546,121.494,121.525,671540000,8
1449772800000,1449773279000,121.526,121.533,121.499,121.526,734670000,8
1449773280000,1449773759000,121.525,121.531,121.477,121.489,667970000,8
1449773760000,1449774239000,121.49,121.549,121.472,121.549,1175030000,8
1449774240000,1449774719000,121.549,121.582,121.548,121.579,715990000,8
1449774720000,1449775199000,121.578,121.625,121.564,121.621,509930000,8
1449775200000,1449775679000,121.619,121.623,121.602,121.615,390000000,8
1449775680000,1449776159000,121.614,121.644,121.611,121.622,444900000,8
1449776160000,1449776639000,121.622,121.633,121.615,121.63,213610000,8
1449776640000,1449777119000,121.63,121.63,121.615,121.622,277240000,8
1449777120000,1449777599000,121.622,121.649,121.614,121.623,399700000,8
1449777600000,1449778079000,121.623,121.659,121.618,121.659,488730000,8
1449778080000,1449778559000,121.659,121.664,121.624,121.631,450600000,8
1449778560000,1449779039000,121.631,121.654,121.619,121.63,397970000,8
1449779040000,1449779519000,121.63,121.662,121.616,121.636,386700000,8
1449779520000,1449779999000,121.636,121.655,121.621,121.624,414560000,8
1449780000000,1449780479000,121.625,121.663,121.624,121.635,412900000,8
1449780480000,1449780959000,121.632,121.638,121.574,121.582,499310000,8
1449780960000,1449781439000,121.581,121.62,121.561,121.611,335250000,8
1449781440000,1449781919000,121.611,121.631,121.6,121.631,124970000,8
1449781920000,1449782399000,121.634,121.653,121.634,121.639,189180000,8
1449782400000,1449782879000,121.638,121.639,121.593,121.621,256690000,8
1449782880000,1449783359000,121.62,121.628,121.604,121.621,189370000,8
1449783360000,1449783839000,121.621,121.63,121.608,121.617,149310000,8
1449784800000,1449785279000,121.55,121.584,121.535,121.583,65350000,8
1449785280000,1449785759000,121.583,121.588,121.572,121.588,139320000,8
1449785760000,1449786239000,121.588,121.604,121.583,121.602,196020000,8
1449786240000,1449786719000,121.598,121.602,121.585,121.599,264260000,8
1449786720000,1449787199000,121.599,121.604,121.587,121.596,316970000,8
1449787200000,1449787679000,121.596,121.641,121.596,121.63,834380000,8
1449787680000,1449788159000,121.631,121.665,121.628,121.659,1232670000,8
1449788160000,1449788639000,121.66,121.664,121.6,121.636,892880000,8
1449788640000,1449789119000,121.637,121.655,121.625,121.646,452160000,8
1449789120000,1449789599000,121.646,121.659,121.638,121.639,169240000,8
1449789600000,1449790079000,121.638,121.649,121.632,121.644,103340000,8
1449790080000,1449790559000,121.644,121.674,121.643,121.67,312830000,8
1449790560000,1449791039000,121.668,121.672,121.661,121.665,336010000,8
1449791040000,1449791519000,121.664,121.717,121.644,121.711,606080000,8
1449791520000,1449791999000,121.712,121.734,121.691,121.704,498580000,8
1449792000000,1449792479000,121.704,121.836,121.693,121.808,1077260000,8
1449792480000,1449792959000,121.808,121.899,121.8,121.883,939600000,8
1449792960000,1449793439000,121.884,121.956,121.879,121.952,1008230000,8
1449793440000,1449793919000,121.953,121.994,121.931,121.942,805970000,8
1449793920000,1449794399000,121.943,121.967,121.91,121.939,522450000,8
1449794400000,1449794879000,121.937,121.947,121.895,121.9,540540000,8
1449794880000,1449795359000,121.898,121.946,121.885,121.944,785620000,8
1449795360000,1449795839000,121.943,122.041,121.925,122.024,818170000,8
1449795840000,1449796319000,122.023,122.07,122.023,122.061,582000000,8
1449796320000,1449796799000,122.06,122.064,122.03,122.051,483000000,8
1449796800000,1449797279000,122.051,122.058,122.03,122.044,588500000,8
1449797280000,1449797759000,122.044,122.112,122.036,122.087,684210000,8
1449797760000,1449798239000,122.082,122.135,122.08,122.122,918610000,8
1449798240000,1449798719000,122.122,122.156,122.114,122.115,519010000,8
1449798720000,1449799199000,122.115,122.118,122.076,122.095,438060000,8
1449799200000,1449799679000,122.094,122.111,122.069,122.069,601290000,8
1449799680000,1449800159000,122.069,122.084,122.063,122.071,368940000,8
1449800160000,1449800639000,122.07,122.098,122.065,122.065,341790000,8
1449800640000,1449801119000,122.065,122.071,122.041,122.049,419430000,8
1449801120000,1449801599000,122.05,122.094,122.047,122.086,321710000,8
1449801600000,1449802079000,122.086,122.096,122.063,122.078,308260000,8
1449802080000,1449802559000,122.08,122.086,122.066,122.072,262780000,8
1449802560000,1449803039000,122.072,122.092,122.065,122.092,250960000,8
1449803040000,1449803519000,122.093,122.099,122.076,122.087,245700000,8
1449803520000,1449803999000,122.086,122.123,122.086,122.123,331490000,8
1449804000000,1449804479000,122.121,122.139,122.112,122.112,361070000,8
1449804480000,1449804959000,122.112,122.116,122.09,122.113,445990000,8
1449804960000,1449805439000,122.113,122.229,122.112,122.18,683490000,8
1449805440000,1449805919000,122.181,122.199,122.159,122.165,432820000,8
1449805920000,1449806399000,122.164,122.173,122.126,122.131,279500000,8
1449806400000,1449806879000,122.129,122.165,122.126,122.142,240200000,8
1449806880000,1449807359000,122.141,122.154,122.124,122.124,260860000,8
1449807360000,1449807839000,122.124,122.139,122.105,122.12,289160000,8
1449807840000,1449808319000,122.121,122.124,122.089,122.123,294280000,8
1449808320000,1449808799000,122.121,122.125,122.094,122.11,272210000,8
1449808800000,1449809279000,122.108,122.113,122.089,122.09,190570000,8
1449809280000,1449809759000,122.088,122.101,122.041,122.05,464500000,8
1449809760000,1449810239000,122.05,122.081,122.037,122.071,513260000,8
1449810240000,1449810719000,122.07,122.101,122.059,122.074,300840000,8
1449810720000,1449811199000,122.073,122.084,122.051,122.08,396330000,8
1449811200000,1449811679000,122.08,122.098,122.055,122.085,458120000,8
1449811680000,1449812159000,122.087,122.087,122.051,122.052,401780000,8
1449812160000,1449812639000,122.054,122.06,121.993,122.019,572480000,8
1449812640000,1449813119000,122.022,122.054,122.022,122.05,435570000,8
1449813120000,1449813599000,122.049,122.066,122.023,122.063,462170000,8
1449813600000,1449814079000,122.063,122.068,122.027,122.037,490280000,8
1449814080000,1449814559000,122.037,122.069,122.017,122.017,405000000,8
1449814560000,1449815039000,122.016,122.034,121.971,121.973,358160000,8
1449815040000,1449815519000,121.976,121.995,121.945,121.978,567440000,8
1449815520000,1449815999000,121.979,122.018,121.977,122.009,441280000,8
1449816000000,1449816479000,122.009,122.041,122.009,122.026,363750000,8
1449816480000,1449816959000,122.026,122.032,121.961,121.965,471550000,8
1449816960000,1449817439000,121.965,121.984,121.942,121.978,529350000,8
1449817440000,1449817919000,121.981,121.983,121.921,121.94,612340000,8
1449817920000,1449818399000,121.94,121.94,121.904,121.912,535270000,8
1449818400000,1449818879000,121.912,121.943,121.905,121.936,352670000,8
1449818880000,1449819359000,121.936,121.941,121.908,121.921,609050000,8
1449819360000,1449819839000,121.921,121.923,121.895,121.912,626690000,8
1449819840000,1449820319000,121.913,121.949,121.884,121.899,724020000,8
1449820320000,1449820799000,121.899,121.945,121.897,121.934,578720000,8
1449820800000,1449821279000,121.932,121.969,121.906,121.955,761460000,8
1449821280000,1449821759000,121.957,121.972,121.929,121.952,916040000,8
1449821760000,1449822239000,121.951,121.995,121.928,121.993,631320000,8
1449822240000,1449822719000,121.992,122.057,121.987,122.021,871980000,8
1449822720000,1449823199000,122.019,122.039,121.949,121.982,1022270000,8
1449823200000,1449823679000,121.982,122.048,121.975,122.0,924250000,8
1449823680000,1449824159000,122.0,122.006,121.922,121.928,874640000,8
1449824160000,1449824639000,121.927,121.93,121.853,121.878,1096220000,8
1449824640000,1449825119000,121.877,121.887,121.845,121.847,922660000,8
1449825120000,1449825599000,121.848,121.868,121.831,121.857,797360000,8
1449825600000,1449826079000,121.859,121.885,121.83,121.88,848550000,8
1449826080000,1449826559000,121.88,121.953,121.88,121.953,692490000,8
1449826560000,1449827039000,121.953,121.973,121.916,121.937,903270000,8
1449827040000,1449827519000,121.937,121.989,121.933,121.939,794030000,8
1449827520000,1449827999000,121.94,121.946,121.916,121.937,632000000,8
1449828000000,1449828479000,121.937,121.937,121.811,121.814,767980000,8
1449828480000,1449828959000,121.814,121.815,121.748,121.797,957130000,8
1449828960000,1449829439000,121.797,121.807,121.725,121.729,840430000,8
1449829440000,1449829919000,121.727,121.734,121.687,121.695,940190000,8
1449829920000,1449830399000,121.695,121.717,121.626,121.659,817790000,8
1449830400000,1449830879000,121.66,121.734,121.655,121.687,893880000,8
1449830880000,1449831359000,121.686,121.694,121.563,121.57,1076100000,8
1449831360000,1449831839000,121.57,121.611,121.494,121.525,1352590000,8
1449831840000,1449832319000,121.525,121.529,121.435,121.464,1174760000,8
1449832320000,1449832799000,121.464,121.53,121.464,121.483,948030000,8
1449832800000,1449833279000,121.481,121.552,121.467,121.537,867030000,8
1449833280000,1449833759000,121.536,121.551,121.481,121.512,826000000,8
1449833760000,1449834239000,121.512,121.542,121.48,121.487,906250000,8
1449834240000,1449834719000,121.487,121.497,121.354,121.398,1068440000,8
1449834720000,1449835199000,121.398,121.409,121.347,121.395,1013460000,8
1449835200000,1449835679000,121.396,121.438,121.372,121.429,1044070000,8
1449835680000,1449836159000,121.429,121.465,121.412,121.437,957670000,8
1449836160000,1449836639000,121.438,121.454,121.417,121.431,805500000,8
1449836640000,1449837119000,121.43,121.436,121.331,121.354,972610000,8
1449837120000,1449837599000,121.354,121.381,121.293,121.315,1055500000,8
1449837600000,1449838079000,121.314,121.409,121.313,121.395,1295190000,8
1449838080000,1449838559000,121.395,121.414,121.37,121.403,816700000,8
1449838560000,1449839039000,121.404,121.439,121.382,121.433,912880000,8
1449839040000,1449839519000,121.433,121.501,121.426,121.492,846870000,8
1449839520000,1449839999000,121.489,121.504,121.437,121.46,876060000,8
1449840000000,1449840479000,121.459,121.508,121.449,121.502,779930000,8
1449840480000,1449840959000,121.503,121.64,121.482,121.514,1478610000,8
1449840960000,1449841439000,121.515,121.548,121.392,121.444,1558990000,8
1449841440000,1449841919000,121.443,121.483,121.407,121.476,1061450000,8
1449841920000,1449842399000,121.475,121.54,121.468,121.512,984020000,8
1449842400000,1449842879000,121.512,121.514,121.331,121.336,1314940000,8
1449842880000,1449843359000,121.337,121.375,121.212,121.251,1515900000,8
1449843360000,1449843839000,121.252,121.278,120.954,121.037,2173360000,8
1449843840000,1449844319000,121.039,121.139,120.96,121.1,1716360000,8
1449844320000,1449844799000,121.1,121.153,121.025,121.081,1928130000,8
1449844800000,1449845279000,121.083,121.171,121.046,121.069,1920710000,8
1449845280000,1449845759000,121.069,121.069,120.832,120.974,2173310000,8
1449845760000,1449846239000,120.973,121.164,120.907,121.126,1817150000,8
1449846240000,1449846719000,121.125,121.31,121.113,121.28,2045780000,8
1449846720000,1449847199000,121.28,121.298,121.198,121.219,1915600000,8
1449847200000,1449847679000,121.219,121.252,121.112,121.182,1730030000,8
1449847680000,1449848159000,121.182,121.268,121.16,121.162,1718370000,8
1449848160000,1449848639000,121.163,121.221,121.113,121.209,1787580000,8
1449848640000,1449849119000,121.207,121.221,121.041,121.054,1690090000,8
1449849120000,1449849599000,121.053,121.125,120.963,120.994,1695280000,8
1449849600000,1449850079000,120.992,121.11,120.92,121.104,1827260000,8
1449850080000,1449850559000,121.104,121.118,121.036,121.051,1656520000,8
1449850560000,1449851039000,121.051,121.187,121.041,121.171,1504210000,8
1449851040000,1449851519000,121.169,121.174,121.044,121.049,1657100000,8
1449851520000,1449851999000,121.048,121.078,121.011,121.015,1616100000,8
1449852000000,1449852479000,121.019,121.093,121.015,121.039,1126660000,8
1449852480000,1449852959000,121.041,121.065,120.954,120.974,1106760000,8
1449852960000,1449853439000,120.975,121.019,120.949,120.961,1364710000,8
1449853440000,1449853919000,120.959,120.959,120.868,120.91,1189660000,8
1449853920000,1449854399000,120.91,120.914,120.681,120.725,1547770000,8
1449854400000,1449854879000,120.725,120.736,120.591,120.6,1444030000,8
1449854880000,1449855359000,120.601,120.804,120.581,120.768,1422900000,8
1449855360000,1449855839000,120.768,120.771,120.692,120.756,1101580000,8
1449855840000,1449856319000,120.757,120.868,120.753,120.764,1054150000,8
1449856320000,1449856799000,120.764,120.81,120.738,120.809,1025440000,8
1449856800000,1449857279000,120.809,120.879,120.774,120.814,1225280000,8
1449857280000,1449857759000,120.815,120.866,120.799,120.838,830610000,8
1449857760000,1449858239000,120.838,120.881,120.793,120.795,878360000,8
1449858240000,1449858719000,120.794,120.805,120.706,120.717,1050630000,8
1449858720000,1449859199000,120.715,120.74,120.69,120.719,1136620000,8
1449859200000,1449859679000,120.719,120.741,120.696,120.734,906780000,8
1449859680000,1449860159000,120.732,120.74,120.654,120.733,1210700000,8
1449860160000,1449860639000,120.733,120.765,120.71,120.735,1099190000,8
1449860640000,1449861119000,120.734,120.734,120.688,120.732,841470000,8
1449861120000,1449861599000,120.733,120.818,120.728,120.76,1031960000,8
1449861600000,1449862079000,120.761,120.773,120.728,120.768,907980000,8
1449862080000,1449862559000,120.768,120.777,120.737,120.753,909590000,8
1449862560000,1449863039000,120.756,120.791,120.741,120.791,857480000,8
1449863040000,1449863519000,120.791,120.793,120.751,120.764,728160000,8
1449863520000,1449863999000,120.763,120.802,120.758,120.781,873910000,8
1449864000000,1449864479000,120.782,120.809,120.769,120.777,594840000,8
1449864480000,1449864959000,120.778,120.801,120.753,120.783,765050000,8
1449864960000,1449865439000,120.785,120.792,120.757,120.763,827880000,8
1449865440000,1449865919000,120.762,120.814,120.747,120.813,895190000,8
1449865920000,1449866399000,120.811,120.856,120.784,120.828,822510000,8
1449866400000,1449866879000,120.828,120.837,120.796,120.826,760770000,8
1449866880000,1449867359000,120.828,120.863,120.822,120.854,1052940000,8
1449867360000,1449867839000,120.855,120.882,120.851,120.87,555200000,8
1449867840000,1449868319000,120.87,120.895,120.869,120.893,438720000,8
1449868320000,1449868799000,120.893,120.918,120.887,120.889,497750000,8
1449868800000,1449869279000,120.89,120.903,120.844,120.846,395250000,8
1449869280000,1449869759000,120.846,120.864,120.841,120.855,267060000,8
1449869760000,1449870239000,120.852,120.862,120.836,120.838,198780000,8
1449870240000,1449870719000,120.839,120.853,120.838,120.848,256270000,8
1449870720000,1449871199000,120.848,120.995,120.823,120.994,486940000,8
1450044000000,1450044479000,121.148,121.151,120.986,121.003,350930000,8
1450044480000,1450044959000,121.003,121.01,120.925,121.009,335180000,8
1450044960000,1450045439000,121.007,121.078,120.986,121.066,249090000,8
1450045440000,1450045919000,121.067,121.093,121.045,121.086,294250000,8
1450045920000,1450046399000,121.086,121.1,121.038,121.045,254110000,8
1450046400000,1450046879000,121.043,121.083,121.043,121.074,183800000,8
1450046880000,1450047359000,121.074,121.08,121.071,121.073,139920000,8
1450047360000,1450047839000,121.074,121.082,121.022,121.06,433030000,8
1450047840000,1450048319000,121.06,121.075,121.056,121.068,222080000,8
1450048320000,1450048799000,121.068,121.07,121.052,121.061,202880000,8
1450048800000,1450049279000,121.064,121.08,120.985,121.0,510800000,8
1450049280000,1450049759000,120.999,121.004,120.82,120.821,688090000,8
1450049760000,1450050239000,120.82,120.878,120.637,120.815,893160000,8
1450050240000,1450050719000,120.815,120.932,120.815,120.923,661750000,8
1450050720000,1450051199000,120.922,120.946,120.875,120.891,509200000,8
1450051200000,1450051679000,120.889,120.924,120.802,120.867,1136850000,8
1450051680000,1450052159000,120.867,120.872,120.773,120.821,1088570000,8
1450052160000,1450052639000,120.822,120.905,120.818,120.887,807530000,8
1450052640000,1450053119000,120.887,120.94,120.881,120.909,668300000,8
1450053120000,1450053599000,120.91,120.946,120.885,120.93,688510000,8
1450053600000,1450054079000,120.93,120.93,120.838,120.868,709440000,8
1450054080000,1450054559000,120.867,120.873,120.793,120.802,876020000,8
1450054560000,1450055039000,120.801,120.819,120.742,120.758,1100190000,8
1450055040000,1450055519000,120.758,120.793,120.72,120.77,917620000,8
1450055520000,1450055999000,120.769,120.903,120.753,120.897,1410790000,8
1450056000000,1450056479000,120.897,120.955,120.869,120.923,982980000,8
1450056480000,1450056959000,120.923,120.962,120.914,120.935,766450000,8
1450056960000,1450057439000,120.937,120.986,120.91,120.917,900240000,8
1450057440000,1450057919000,120.917,120.921,120.849,120.856,847980000,8
1450057920000,1450058399000,120.856,120.96,120.849,120.956,733870000,8
1450058400000,1450058879000,120.955,120.981,120.908,120.942,1185690000,8
1450058880000,1450059359000,120.941,120.978,120.927,120.933,690470000,8
1450059360000,1450059839000,120.933,120.991,120.915,120.979,672860000,8
1450059840000,1450060319000,120.979,121.027,120.941,120.957,821950000,8
1450060320000,1450060799000,120.957,121.036,120.945,121.036,594440000,8
1450060800000,1450061279000,121.036,121.091,121.025,121.061,706900000,8
1450061280000,1450061759000,121.062,121.139,121.049,121.058,1026130000,8
1450061760000,1450062239000,121.058,121.076,121.032,121.045,913840000,8
1450062240000,1450062719000,121.045,121.099,121.03,121.067,421330000,8
1450062720000,1450063199000,121.066,121.127,121.065,121.111,578580000,8
1450063200000,1450063679000,121.113,121.155,121.075,121.075,487300000,8
1450063680000,1450064159000,121.077,121.127,121.06,121.092,670260000,8
1450064160000,1450064639000,121.091,121.113,121.06,121.089,520500000,8
1450064640000,1450065119000,121.09,121.171,121.063,121.17,788740000,8
1450065120000,1450065599000,121.171,121.2,121.161,121.17,763280000,8
1450065600000,1450066079000,121.169,121.193,121.145,121.151,615450000,8
1450066080000,1450066559000,121.151,121.173,121.138,121.152,458260000,8
1450066560000,1450067039000,121.153,121.165,121.085,121.089,671310000,8
1450067040000,1450067519000,121.09,121.128,121.084,121.126,565940000,8
1450067520000,1450067999000,121.126,121.163,121.126,121.141,491120000,8
1450068000000,1450068479000,121.14,121.149,121.107,121.112,803790000,8
1450068480000,1450068959000,121.112,121.149,121.109,121.135,606790000,8
1450068960000,1450069439000,121.135,121.154,121.107,121.129,406100000,8
1450069440000,1450069919000,121.129,121.133,121.074,121.097,520000000,8
1450069920000,1450070399000,121.097,121.098,121.043,121.059,557630000,8
1450070400000,1450070879000,121.058,121.12,121.052,121.097,470740000,8
1450070880000,1450071359000,121.098,121.126,121.09,121.117,411040000,8
1450071360000,1450071839000,121.117,121.163,121.096,121.147,540050000,8
1450071840000,1450072319000,121.147,121.201,121.132,121.201,597310000,8
1450072320000,1450072799000,121.201,121.201,121.165,121.184,706470000,8
1450072800000,1450073279000,121.185,121.227,121.17,121.17,721180000,8
1450073280000,1450073759000,121.17,121.21,121.143,121.168,860350000,8
1450073760000,1450074239000,121.168,121.171,121.143,121.146,348940000,8
1450074240000,1450074719000,121.148,121.196,121.145,121.194,329820000,8
1450074720000,1450075199000,121.194,121.227,121.192,121.213,479290000,8
1450075200000,1450075679000,121.214,121.256,121.201,121.235,414150000,8
1450075680000,1450076159000,121.235,121.235,121.187,121.216,396660000,8
1450076160000,1450076639000,121.216,121.276,121.209,121.257,695670000,8
1450076640000,1450077119000,121.258,121.287,121.247,121.285,730940000,8
1450077120000,1450077599000,121.286,121.313,121.267,121.31,743820000,8
1450077600000,1450078079000,121.306,121.353,121.287,121.29,757120000,8
1450078080000,1450078559000,121.29,121.324,121.27,121.298,856280000,8
1450078560000,1450079039000,121.299,121.327,121.262,121.327,879030000,8
1450079040000,1450079519000,121.327,121.334,121.275,121.288,818930000,8
1450079520000,1450079999000,121.288,121.288,121.212,121.231,663170000,8
1450080000000,1450080479000,121.236,121.332,121.236,121.3,1415590000,8
1450080480000,1450080959000,121.302,121.319,121.242,121.298,1414020000,8
1450080960000,1450081439000,121.298,121.336,121.258,121.26,1357180000,8
1450081440000,1450081919000,121.261,121.339,121.26,121.31,1176140000,8
1450081920000,1450082399000,121.309,121.339,121.291,121.314,1026630000,8
1450082400000,1450082879000,121.315,121.321,121.272,121.277,1230650000,8
1450082880000,1450083359000,121.278,121.281,121.212,121.235,1147020000,8
1450083360000,1450083839000,121.233,121.243,121.178,121.217,1215030000,8
1450083840000,1450084319000,121.217,121.217,121.085,121.095,1066950000,8
1450084320000,1450084799000,121.095,121.13,121.082,121.111,1085860000,8
1450084800000,1450085279000,121.112,121.152,121.08,121.107,892840000,8
1450085280000,1450085759000,121.109,121.112,121.046,121.073,1128850000,8
1450085760000,1450086239000,121.075,121.144,121.075,121.141,1040410000,8
1450086240000,1450086719000,121.14,121.18,121.126,121.141,932580000,8
1450086720000,1450087199000,121.142,121.154,121.101,121.111,769280000,8
1450087200000,1450087679000,121.111,121.115,121.043,121.046,1038860000,8
1450087680000,1450088159000,121.047,121.081,121.016,121.064,869720000,8
1450088160000,1450088639000,121.064,121.111,121.047,121.108,848620000,8
1450088640000,1450089119000,121.108,121.108,121.04,121.068,881330000,8
1450089120000,1450089599000,121.067,121.153,121.067,121.153,851600000,8
1450089600000,1450090079000,121.151,121.238,121.144,121.144,1039890000,8
1450090080000,1450090559000,121.144,121.176,121.136,121.149,684220000,8
1450090560000,1450091039000,121.15,121.19,121.142,121.168,677720000,8
1450091040000,1450091519000,121.169,121.17,121.105,121.11,677800000,8
1450091520000,1450091999000,121.109,121.123,121.019,121.027,859600000,8
1450092000000,1450092479000,121.028,121.053,120.915,120.923,1108790000,8
1450092480000,1450092959000,120.921,120.933,120.832,120.877,1327530000,8
1450092960000,1450093439000,120.877,120.89,120.804,120.839,1246220000,8
1450093440000,1450093919000,120.839,120.883,120.805,120.859,1346790000,8
1450093920000,1450094399000,120.859,120.93,120.854,120.907,1454670000,8
1450094400000,1450094879000,120.901,120.934,120.774,120.803,1256700000,8
1450094880000,1450095359000,120.803,120.834,120.75,120.751,1367920000,8
1450095360000,1450095839000,120.751,120.776,120.689,120.728,1406390000,8
1450095840000,1450096319000,120.727,120.76,120.67,120.739,1306190000,8
1450096320000,1450096799000,120.739,120.794,120.732,120.774,1062320000,8
1450096800000,1450097279000,120.772,120.782,120.715,120.727,819150000,8
1450097280000,1450097759000,120.727,120.751,120.699,120.751,1012430000,8
1450097760000,1450098239000,120.752,120.839,120.745,120.838,1203990000,8
1450098240000,1450098719000,120.838,120.86,120.759,120.759,991860000,8
1450098720000,1450099199000,120.757,120.76,120.642,120.657,1488900000,8
1450099200000,1450099679000,120.654,120.766,120.649,120.731,1135910000,8
1450099680000,1450100159000,120.73,120.859,120.73,120.843,1572750000,8
1450100160000,1450100639000,120.843,120.919,120.801,120.905,1430590000,8
1450100640000,1450101119000,120.906,120.936,120.852,120.862,1207270000,8
1450101120000,1450101599000,120.862,120.91,120.839,120.84,1325590000,8
1450101600000,1450102079000,120.84,120.915,120.835,120.835,1535940000,8
1450102080000,1450102559000,120.835,120.846,120.757,120.802,1100790000,8
1450102560000,1450103039000,120.802,120.829,120.757,120.758,1074700000,8
1450103040000,1450103519000,120.759,120.852,120.747,120.793,1327050000,8
1450103520000,1450103999000,120.793,120.922,120.788,120.837,1877970000,8
1450104000000,1450104479000,120.836,120.855,120.761,120.843,1678320000,8
1450104480000,1450104959000,120.843,120.903,120.822,120.841,2230710000,8
1450104960000,1450105439000,120.843,120.861,120.747,120.801,1729810000,8
1450105440000,1450105919000,120.801,120.869,120.765,120.781,1905190000,8
1450105920000,1450106399000,120.783,120.899,120.697,120.749,2739990000,8
1450106400000,1450106879000,120.75,120.807,120.715,120.72,2072270000,8
1450106880000,1450107359000,120.718,120.77,120.692,120.717,1944930000,8
1450107360000,1450107839000,120.718,120.793,120.673,120.751,1636250000,8
1450107840000,1450108319000,120.753,120.802,120.741,120.752,1477630000,8
1450108320000,1450108799000,120.754,120.813,120.702,120.725,1757280000,8
1450108800000,1450109279000,120.722,120.743,120.599,120.696,1989560000,8
1450109280000,1450109759000,120.697,120.716,120.401,120.455,2151820000,8
1450109760000,1450110239000,120.453,120.453,120.352,120.418,1692020000,8
1450110240000,1450110719000,120.418,120.433,120.343,120.397,1399390000,8
1450110720000,1450111199000,120.399,120.462,120.364,120.415,1481020000,8
1450111200000,1450111679000,120.415,120.509,120.388,120.439,1555440000,8
1450111680000,1450112159000,120.44,120.565,120.426,120.551,1452320000,8
1450112160000,1450112639000,120.551,120.587,120.491,120.497,1370760000,8
1450112640000,1450113119000,120.498,120.6,120.455,120.599,1170930000,8
1450113120000,1450113599000,120.595,120.608,120.532,120.563,1182510000,8
1450113600000,1450114079000,120.563,120.621,120.532,120.6,1414250000,8
1450114080000,1450114559000,120.6,120.675,120.589,120.627,1174530000,8
1450114560000,1450115039000,120.626,120.673,120.603,120.625,1216800000,8
1450115040000,1450115519000,120.626,120.639,120.579,120.587,1011370000,8
1450115520000,1450115999000,120.588,120.709,120.579,120.705,1037580000,8
1450116000000,1450116479000,120.704,120.737,120.654,120.697,1452090000,8
1450116480000,1450116959000,120.697,120.725,120.662,120.669,1039560000,8
1450116960000,1450117439000,120.669,120.726,120.669,120.7,697830000,8
1450117440000,1450117919000,120.698,120.708,120.662,120.707,924360000,8
1450117920000,1450118399000,120.708,120.72,120.68,120.684,966570000,8
1450118400000,1450118879000,120.684,120.706,120.666,120.669,980420000,8
1450118880000,1450119359000,120.668,120.706,120.653,120.692,858040000,8
1450119360000,1450119839000,120.692,120.756,120.692,120.743,822760000,8
1450119840000,1450120319000,120.744,120.788,120.741,120.761,972870000,8
1450120320000,1450120799000,120.762,120.789,120.755,120.785,1252200000,8
1450120800000,1450121279000,120.784,120.786,120.756,120.771,836810000,8
1450121280000,1450121759000,120.77,120.792,120.756,120.785,819280000,8
1450121760000,1450122239000,120.784,120.816,120.776,120.813,687620000,8
1450122240000,1450122719000,120.809,120.833,120.796,120.82,751630000,8
1450122720000,1450123199000,120.82,120.837,120.79,120.833,733000000,8
1450123200000,1450123679000,120.832,120.863,120.797,120.813,873070000,8
1450123680000,1450124159000,120.812,120.873,120.812,120.849,691890000,8
1450124160000,1450124639000,120.849,120.871,120.841,120.845,749190000,8
1450124640000,1450125119000,120.846,120.921,120.833,120.872,745850000,8
1450125120000,1450125599000,120.873,120.917,120.872,120.893,720320000,8
1450125600000,1450126079000,120.897,120.96,120.88,120.955,857300000,8
1450126080000,1450126559000,120.955,121.003,120.943,120.992,965040000,8
1450126560000,1450127039000,120.992,121.034,120.979,120.992,445030000,8
1450127040000,1450127519000,120.991,120.993,120.933,120.981,716400000,8
1450127520000,1450127999000,120.981,120.983,120.958,120.974,259320000,8
1450128000000,1450128479000,120.973,121.04,120.973,121.037,287880000,8
1450128480000,1450128959000,121.036,121.038,121.027,121.027,253920000,8
1450128960000,1450129439000,121.027,121.028,121.002,121.007,229470000,8
1450129440000,1450129919000,121.008,121.011,120.969,120.97,340620000,8
1450129920000,1450130399000,120.97,121.04,120.957,121.027,451560000,8
1450130400000,1450130879000,121.019,121.077,120.946,121.04,193500000,8
1450130880000,1450131359000,121.042,121.058,121.03,121.052,183660000,8
1450131360000,1450131839000,121.046,121.046,120.967,120.978,258080000,8
1450131840000,1450132319000,120.979,120.992,120.977,120.982,122550000,8
1450132320000,1450132799000,120.982,120.983,120.914,120.914,375520000,8
1450132800000,1450133279000,120.911,120.92,120.896,120.899,739470000,8
1450133280000,1450133759000,120.899,120.922,120.899,120.906,496770000,8
1450133760000,1450134239000,120.906,120.944,120.904,120.942,1116530000,8
1450134240000,1450134719000,120.943,120.997,120.939,120.976,802790000,8
1450134720000,1450135199000,120.977,120.989,120.959,120.963,221640000,8
1450135200000,1450135679000,120.961,121.002,120.961,120.988,516240000,8
1450135680000,1450136159000,120.988,120.988,120.962,120.976,411270000,8
1450136160000,1450136639000,120.976,121.038,120.976,121.021,581790000,8
1450136640000,1450137119000,121.022,121.097,121.022,121.06,551340000,8
1450137120000,1450137599000,121.06,121.117,121.043,121.116,418960000,8
1450137600000,1450138079000,121.121,121.123,121.025,121.065,819450000,8
1450138080000,1450138559000,121.065,121.116,121.041,121.097,768690000,8
1450138560000,1450139039000,121.098,121.142,121.071,121.11,589270000,8
1450139040000,1450139519000,121.108,121.11,121.056,121.082,679250000,8
1450139520000,1450139999000,121.082,121.096,121.038,121.077,583300000,8
1450140000000,1450140479000,121.078,121.119,121.041,121.041,805630000,8
1450140480000,1450140959000,121.044,121.132,121.034,121.121,1057750000,8
1450140960000,1450141439000,121.121,121.181,121.095,121.169,1015050000,8
1450141440000,1450141919000,121.169,121.169,121.136,121.145,643510000,8
1450141920000,1450142399000,121.144,121.145,121.089,121.113,446300000,8
1450142400000,1450142879000,121.114,121.143,121.111,121.122,677500000,8
1450142880000,1450143359000,121.122,121.134,121.067,121.071,528640000,8
1450143360000,1450143839000,121.071,121.088,121.049,121.057,981030000,8
1450143840000,1450144319000,121.056,121.057,120.959,120.966,718790000,8
1450144320000,1450144799000,120.968,120.992,120.948,120.964,714800000,8
1450144800000,1450145279000,120.964,121.001,120.951,120.974,604480000,8
1450145280000,1450145759000,120.977,121.017,120.952,121.011,485280000,8
1450145760000,1450146239000,121.012,121.045,121.012,121.037,420350000,8
1450146240000,1450146719000,121.037,121.058,121.034,121.037,545630000,8
1450146720000,1450147199000,121.039,121.043,121.014,121.014,364760000,8
1450147200000,1450147679000,121.014,121.015,120.976,120.996,458880000,8
1450147680000,1450148159000,120.994,121.021,120.984,121.002,468710000,8
1450148160000,1450148639000,121.005,121.065,121.003,121.065,484720000,8
1450148640000,1450149119000,121.064,121.065,121.042,121.045,295810000,8
1450149120000,1450149599000,121.044,121.075,121.038,121.063,370940000,8
1450149600000,1450150079000,121.064,121.096,121.064,121.073,306960000,8
1450150080000,1450150559000,121.072,121.072,121.02,121.042,610630000,8
1450150560000,1450151039000,121.044,121.075,121.032,121.072,468070000,8
1450151040000,1450151519000,121.072,121.08,121.031,121.036,300670000,8
1450151520000,1450151999000,121.034,121.041,121.002,121.008,539490000,8
1450152000000,1450152479000,121.008,121.015,120.907,120.908,905780000,8
1450152480000,1450152959000,120.908,120.955,120.907,120.948,656430000,8
1450152960000,1450153439000,120.947,120.975,120.938,120.943,473720000,8
1450153440000,1450153919000,120.943,120.951,120.919,120.932,496030000,8
1450153920000,1450154399000,120.932,121.014,120.93,121.0,532780000,8
1450154400000,1450154879000,121.0,121.005,120.969,120.97,331840000,8
1450154880000,1450155359000,120.969,120.972,120.946,120.958,398890000,8
1450155360000,1450155839000,120.958,120.963,120.941,120.941,238010000,8
1450155840000,1450156319000,120.943,120.962,120.91,120.945,423450000,8
1450156320000,1450156799000,120.945,120.945,120.895,120.937,576880000,8
1450156800000,1450157279000,120.937,120.938,120.856,120.88,566830000,8
1450157280000,1450157759000,120.878,120.894,120.83,120.833,638180000,8
1450157760000,1450158239000,120.833,120.845,120.787,120.817,994500000,8
1450158240000,1450158719000,120.816,120.856,120.796,120.827,617940000,8
1450158720000,1450159199000,120.826,120.842,120.811,120.818,648180000,8
1450159200000,1450159679000,120.818,120.839,120.764,120.813,851570000,8
1450159680000,1450160159000,120.813,120.84,120.755,120.776,756430000,8
1450160160000,1450160639000,120.777,120.809,120.764,120.786,562070000,8
1450160640000,1450161119000,120.787,120.788,120.741,120.76,651550000,8
1450161120000,1450161599000,120.76,120.842,120.76,120.831,589070000,8
1450161600000,1450162079000,120.831,120.841,120.798,120.8,473150000,8
1450162080000,1450162559000,120.8,120.842,120.792,120.834,509140000,8
1450162560000,1450163039000,120.833,120.833,120.769,120.811,607230000,8
1450163040000,1450163519000,120.812,120.831,120.798,120.802,591600000,8
1450163520000,1450163999000,120.804,120.804,120.764,120.787,560240000,8
1450164000000,1450164479000,120.786,120.831,120.778,120.809,724000000,8
1450164480000,1450164959000,120.809,120.81,120.644,120.654,1091070000,8
1450164960000,1450165439000,120.653,120.68,120.616,120.62,1088930000,8
1450165440000,1450165919000,120.62,120.652,120.605,120.618,1177170000,8
1450165920000,1450166399000,120.617,120.63,120.574,120.608,971110000,8
1450166400000,1450166879000,120.612,120.681,120.589,120.673,1198060000,8
1450166880000,1450167359000,120.673,120.801,120.672,120.801,1454400000,8
1450167360000,1450167839000,120.801,120.855,120.786,120.842,1267100000,8
1450167840000,1450168319000,120.841,120.878,120.792,120.871,1272890000,8
1450168320000,1450168799000,120.873,120.936,120.867,120.911,1324680000,8
1450168800000,1450169279000,120.911,120.958,120.861,120.875,1378930000,8
1450169280000,1450169759000,120.876,120.967,120.875,120.939,1106220000,8
1450169760000,1450170239000,120.941,120.983,120.934,120.954,1312630000,8
1450170240000,1450170719000,120.954,120.999,120.951,120.987,891900000,8
1450170720000,1450171199000,120.988,120.995,120.965,120.986,876480000,8
1450171200000,1450171679000,120.985,120.999,120.971,120.987,590350000,8
1450171680000,1450172159000,120.988,121.003,120.954,120.954,887780000,8
1450172160000,1450172639000,120.953,120.963,120.924,120.933,784960000,8
1450172640000,1450173119000,120.931,120.988,120.931,120.946,923080000,8
1450173120000,1450173599000,120.948,120.959,120.936,120.957,690010000,8
1450173600000,1450174079000,120.958,121.019,120.949,120.992,940930000,8
1450174080000,1450174559000,120.993,121.025,120.975,121.018,934620000,8
1450174560000,1450175039000,121.019,121.041,120.955,120.957,1270200000,8
1450175040000,1450175519000,120.956,120.97,120.942,120.956,958280000,8
1450175520000,1450175999000,120.956,121.025,120.948,121.024,779330000,8
1450176000000,1450176479000,121.024,121.028,120.97,121.002,826330000,8
1450176480000,1450176959000,121.002,121.002,120.967,120.99,782610000,8
1450176960000,1450177439000,120.99,121.074,120.99,121.071,1285510000,8
1450177440000,1450177919000,121.072,121.088,121.041,121.043,873930000,8
1450177920000,1450178399000,121.043,121.069,121.036,121.052,835620000,8
1450178400000,1450178879000,121.053,121.069,121.026,121.03,861820000,8
1450178880000,1450179359000,121.03,121.053,121.021,121.035,735250000,8
1450179360000,1450179839000,121.034,121.106,121.02,121.097,698450000,8
1450179840000,1450180319000,121.097,121.184,121.097,121.173,999110000,8
1450180320000,1450180799000,121.174,121.218,121.149,121.151,869330000,8
1450180800000,1450181279000,121.15,121.171,121.098,121.109,814780000,8
1450181280000,1450181759000,121.11,121.135,121.076,121.08,937180000,8
1450181760000,1450182239000,121.081,121.109,121.053,121.074,804780000,8
1450182240000,1450182719000,121.074,121.112,121.069,121.1,947420000,8
1450182720000,1450183199000,121.1,121.134,121.065,121.089,941000000,8
1450183200000,1450183679000,121.09,121.113,121.061,121.1,867210000,8
1450183680000,1450184159000,121.101,121.119,121.082,121.088,871320000,8
1450184160000,1450184639000,121.088,121.096,121.034,121.057,836830000,8
1450184640000,1450185119000,121.058,121.069,120.989,120.998,927030000,8
1450185120000,1450185599000,120.998,121.004,120.933,120.962,982260000,8
1450185600000,1450186079000,120.962,120.997,120.938,120.978,868480000,8
1450186080000,1450186559000,120.979,121.141,120.978,121.062,1537630000,8
1450186560000,1450187039000,121.062,121.145,121.001,121.113,1828180000,8
1450187040000,1450187519000,121.115,121.17,121.09,121.118,1754010000,8
1450187520000,1450187999000,121.12,121.275,121.118,121.251,1591420000,8
1450188000000,1450188479000,121.251,121.304,121.233,121.26,1817190000,8
1450188480000,1450188959000,121.26,121.271,121.209,121.225,1541430000,8
1450188960000,1450189439000,121.224,121.307,121.206,121.283,1538930000,8
1450189440000,1450189919000,121.282,121.326,121.253,121.326,1377570000,8
1450189920000,1450190399000,121.327,121.404,121.325,121.398,2011660000,8
1450190400000,1450190879000,121.398,121.438,121.368,121.384,1836580000,8
1450190880000,1450191359000,121.384,121.432,121.361,121.418,1624630000,8
1450191360000,1450191839000,121.417,121.457,121.366,121.384,1372460000,8
1450191840000,1450192319000,121.384,121.424,121.362,121.424,1339690000,8
1450192320000,1450192799000,121.422,121.446,121.369,121.4,1497500000,8
1450192800000,1450193279000,121.399,121.512,121.377,121.49,1427900000,8
1450193280000,1450193759000,121.49,121.534,121.468,121.487,1246750000,8
1450193760000,1450194239000,121.486,121.541,121.47,121.53,1314560000,8
1450194240000,1450194719000,121.531,121.576,121.509,121.561,1529230000,8
1450194720000,1450195199000,121.561,121.745,121.546,121.724,1950820000,8
1450195200000,1450195679000,121.724,121.748,121.651,121.651,1586380000,8
1450195680000,1450196159000,121.652,121.696,121.617,121.654,1274150000,8
1450196160000,1450196639000,121.654,121.684,121.619,121.651,1523250000,8
1450196640000,1450197119000,121.652,121.712,121.639,121.658,1234660000,8
1450197120000,1450197599000,121.659,121.681,121.612,121.615,904100000,8
1450197600000,1450198079000,121.615,121.639,121.589,121.594,797290000,8
1450198080000,1450198559000,121.59,121.638,121.567,121.626,875190000,8
1450198560000,1450199039000,121.626,121.702,121.617,121.694,1198650000,8
1450199040000,1450199519000,121.694,121.73,121.674,121.692,868660000,8
1450199520000,1450199999000,121.692,121.698,121.619,121.623,643240000,8
1450200000000,1450200479000,121.623,121.687,121.611,121.642,649900000,8
1450200480000,1450200959000,121.642,121.709,121.625,121.705,770480000,8
1450200960000,1450201439000,121.704,121.728,121.66,121.694,813180000,8
1450201440000,1450201919000,121.695,121.72,121.667,121.72,614160000,8
1450201920000,1450202399000,121.719,121.755,121.699,121.755,896550000,8
1450202400000,1450202879000,121.755,121.755,121.713,121.728,606180000,8
1450202880000,1450203359000,121.727,121.74,121.671,121.686,750210000,8
1450203360000,1450203839000,121.686,121.71,121.661,121.673,538640000,8
1450203840000,1450204319000,121.673,121.696,121.651,121.654,577170000,8
1450204320000,1450204799000,121.654,121.679,121.639,121.671,579690000,8
1450204800000,1450205279000,121.67,121.707,121.669,121.704,660100000,8
1450205280000,1450205759000,121.704,121.775,121.698,121.769,697220000,8
1450205760000,1450206239000,121.769,121.793,121.754,121.762,709920000,8
1450206240000,1450206719000,121.762,121.775,121.736,121.736,724100000,8
1450206720000,1450207199000,121.736,121.762,121.724,121.741,651940000,8
1450207200000,1450207679000,121.742,121.746,121.716,121.719,596620000,8
1450207680000,1450208159000,121.719,121.725,121.682,121.69,781530000,8
1450208160000,1450208639000,121.69,121.726,121.681,121.719,550540000,8
1450208640000,1450209119000,121.72,121.736,121.706,121.714,518060000,8
1450209120000,1450209599000,121.714,121.755,121.693,121.745,680330000,8
1450209600000,1450210079000,121.745,121.784,121.729,121.752,690040000,8
1450210080000,1450210559000,121.752,121.774,121.742,121.742,497560000,8
1450210560000,1450211039000,121.743,121.762,121.742,121.746,671290000,8
1450211040000,1450211519000,121.746,121.749,121.69,121.697,735260000,8
1450211520000,1450211999000,121.697,121.751,121.69,121.734,578550000,8
1450212000000,1450212479000,121.732,121.75,121.702,121.745,745470000,8
1450212480000,1450212959000,121.745,121.745,121.703,121.705,558490000,8
1450212960000,1450213439000,121.705,121.722,121.686,121.711,321310000,8
1450213440000,1450213919000,121.71,121.735,121.685,121.732,374690000,8
1450213920000,1450214399000,121.732,121.741,121.731,121.733,324290000,8
1450214400000,1450214879000,121.733,121.733,121.676,121.69,347700000,8
1450214880000,1450215359000,121.693,121.697,121.682,121.685,264890000,8
1450215360000,1450215839000,121.685,121.694,121.668,121.668,278610000,8
1450215840000,1450216319000,121.67,121.676,121.65,121.665,324740000,8
1450216320000,1450216799000,121.666,121.703,121.657,121.658,359310000,8
1450216800000,1450217279000,121.658,121.675,121.633,121.675,86640000,8
1450217760000,1450218239000,121.672,121.696,121.653,121.659,85430000,8
1450218240000,1450218719000,121.659,121.684,121.651,121.664,212210000,8
1450218720000,1450219199000,121.666,121.666,121.635,121.643,414000000,8
1450219200000,1450219679000,121.644,121.644,121.59,121.602,581550000,8
1450219680000,1450220159000,121.602,121.611,121.591,121.603,770930000,8
1450220160000,1450220639000,121.602,121.678,121.6,121.646,880800000,8
1450220640000,1450221119000,121.646,121.655,121.617,121.619,412740000,8
1450221120000,1450221599000,121.619,121.634,121.619,121.633,570710000,8
1450221600000,1450222079000,121.633,121.653,121.629,121.653,170260000,8
1450222080000,1450222559000,121.652,121.684,121.652,121.681,206070000,8
1450222560000,1450223039000,121.68,121.7,121.675,121.681,176590000,8
1450223040000,1450223519000,121.682,121.689,121.659,121.683,329460000,8
1450223520000,1450223999000,121.683,121.688,121.669,121.671,215250000,8
1450224000000,1450224479000,121.672,121.807,121.665,121.791,880110000,8
1450224480000,1450224959000,121.791,121.829,121.784,121.793,817760000,8
1450224960000,1450225439000,121.793,121.834,121.785,121.813,672540000,8
1450225440000,1450225919000,121.812,121.895,121.805,121.83,901220000,8
1450225920000,1450226399000,121.829,121.84,121.8,121.818,526540000,8
1450226400000,1450226879000,121.819,121.819,121.78,121.785,554140000,8
1450226880000,1450227359000,121.787,121.795,121.735,121.752,757490000,8
1450227360000,1450227839000,121.752,121.766,121.741,121.766,480480000,8
1450227840000,1450228319000,121.766,121.787,121.756,121.778,331200000,8
1450228320000,1450228799000,121.778,121.788,121.766,121.774,660830000,8
1450228800000,1450229279000,121.776,121.776,121.641,121.644,912860000,8
1450229280000,1450229759000,121.644,121.669,121.59,121.604,1017690000,8
1450229760000,1450230239000,121.604,121.665,121.604,121.645,809980000,8
1450230240000,1450230719000,121.646,121.691,121.644,121.652,678360000,8
1450230720000,1450231199000,121.651,121.756,121.65,121.725,976980000,8
1450231200000,1450231679000,121.725,121.728,121.669,121.669,599340000,8
1450231680000,1450232159000,121.669,121.671,121.629,121.659,650880000,8
1450232160000,1450232639000,121.659,121.704,121.659,121.667,621670000,8
1450232640000,1450233119000,121.667,121.693,121.66,121.669,542490000,8
1450233120000,1450233599000,121.67,121.723,121.664,121.723,387610000,8
1450233600000,1450234079000,121.721,121.721,121.674,121.707,443860000,8
1450234080000,1450234559000,121.704,121.729,121.682,121.719,608630000,8
1450234560000,1450235039000,121.72,121.736,121.708,121.733,350350000,8
1450235040000,1450235519000,121.733,121.735,121.709,121.71,396790000,8
1450235520000,1450235999000,121.71,121.728,121.705,121.726,193770000,8
1450236000000,1450236479000,121.725,121.74,121.72,121.734,177900000,8
1450236480000,1450236959000,121.734,121.749,121.711,121.727,470740000,8
1450236960000,1450237439000,121.727,121.74,121.719,121.727,479060000,8
1450237440000,1450237919000,121.726,121.732,121.711,121.716,386010000,8
1450237920000,1450238399000,121.718,121.736,121.716,121.733,255090000,8
1450238400000,1450238879000,121.732,121.804,121.728,121.788,450720000,8
1450238880000,1450239359000,121.787,121.795,121.77,121.786,360670000,8
1450239360000,1450239839000,121.787,121.853,121.787,121.831,520870000,8
1450239840000,1450240319000,121.832,121.899,121.825,121.874,517270000,8
1450240320000,1450240799000,121.875,121.941,121.875,121.91,657120000,8
1450240800000,1450241279000,121.91,121.942,121.888,121.891,470080000,8
1450241280000,1450241759000,121.891,121.942,121.876,121.922,526730000,8
1450241760000,1450242239000,121.921,121.924,121.857,121.862,492830000,8
1450242240000,1450242719000,121.862,121.903,121.862,121.9,484860000,8
1450242720000,1450243199000,121.9,121.901,121.864,121.876,492210000,8
1450243200000,1450243679000,121.876,121.911,121.871,121.898,423230000,8
1450243680000,1450244159000,121.898,121.903,121.838,121.868,576180000,8
1450244160000,1450244639000,121.868,121.885,121.847,121.854,508670000,8
1450244640000,1450245119000,121.854,121.862,121.838,121.84,383670000,8
1450245120000,1450245599000,121.841,121.853,121.801,121.835,446390000,8
1450245600000,1450246079000,121.837,121.883,121.837,121.869,603890000,8
1450246080000,1450246559000,121.869,121.914,121.86,121.9,653650000,8
1450246560000,1450247039000,121.9,121.908,121.873,121.873,580630000,8
1450247040000,1450247519000,121.871,121.892,121.86,121.882,434690000,8
1450247520000,1450247999000,121.884,121.91,121.884,121.896,294540000,8
1450248000000,1450248479000,121.896,121.903,121.876,121.884,401710000,8
1450248480000,1450248959000,121.884,121.884,121.861,121.863,238910000,8
1450248960000,1450249439000,121.861,121.861,121.816,121.835,596530000,8
1450249440000,1450249919000,121.836,121.876,121.826,121.874,574620000,8
1450249920000,1450250399000,121.874,121.88,121.797,121.84,698240000,8
1450250400000,1450250879000,121.84,121.857,121.82,121.844,670700000,8
1450250880000,1450251359000,121.844,121.879,121.841,121.847,530500000,8
1450251360000,1450251839000,121.846,121.969,121.834,121.943,768040000,8
1450251840000,1450252319000,121.941,122.007,121.931,121.958,1230310000,8
1450252320000,1450252799000,121.958,121.962,121.887,121.917,941590000,8
1450252800000,1450253279000,121.92,121.982,121.898,121.916,1174350000,8
1450253280000,1450253759000,121.917,121.967,121.905,121.917,1652310000,8
1450253760000,1450254239000,121.916,121.956,121.907,121.916,1621030000,8
1450254240000,1450254719000,121.915,121.939,121.885,121.897,997720000,8
1450254720000,1450255199000,121.895,121.957,121.886,121.945,1414230000,8
1450255200000,1450255679000,121.945,121.951,121.904,121.913,1025450000,8
1450255680000,1450256159000,121.914,121.919,121.856,121.912,1054460000,8
1450256160000,1450256639000,121.91,121.957,121.895,121.902,1035610000,8
1450256640000,1450257119000,121.902,121.998,121.902,121.997,1182780000,8
1450257120000,1450257599000,121.997,122.092,121.974,122.075,1334500000,8
1450257600000,1450258079000,122.074,122.104,121.997,122.044,1190970000,8
1450258080000,1450258559000,122.044,122.076,122.016,122.064,1119010000,8
1450258560000,1450259039000,122.064,122.107,122.039,122.067,1080560000,8
1450259040000,1450259519000,122.066,122.086,122.041,122.067,1134850000,8
1450259520000,1450259999000,122.068,122.077,121.958,121.963,869070000,8
1450260000000,1450260479000,121.964,121.999,121.95,121.981,806860000,8
1450260480000,1450260959000,121.982,121.998,121.965,121.966,750140000,8
1450260960000,1450261439000,121.965,122.038,121.964,121.982,951490000,8
1450261440000,1450261919000,121.981,122.024,121.981,122.02,623440000,8
1450261920000,1450262399000,122.019,122.065,121.996,122.019,779150000,8
1450262400000,1450262879000,122.02,122.051,121.978,121.98,918380000,8
1450262880000,1450263359000,121.98,122.011,121.97,121.991,902050000,8
1450263360000,1450263839000,121.991,122.001,121.955,121.955,713620000,8
1450263840000,1450264319000,121.954,121.976,121.919,121.952,693830000,8
1450264320000,1450264799000,121.951,122.001,121.949,121.994,703640000,8
1450264800000,1450265279000,121.997,122.01,121.969,121.989,829380000,8
1450265280000,1450265759000,121.988,122.006,121.981,121.99,764670000,8
1450265760000,1450266239000,121.989,121.99,121.918,121.928,782590000,8
1450266240000,1450266719000,121.93,121.945,121.913,121.94,552840000,8
1450266720000,1450267199000,121.94,121.947,121.873,121.887,828360000,8
1450267200000,1450267679000,121.885,121.911,121.882,121.91,635070000,8
1450267680000,1450268159000,121.91,121.942,121.812,121.814,841650000,8
1450268160000,1450268639000,121.817,121.835,121.756,121.804,853330000,8
1450268640000,1450269119000,121.805,121.846,121.788,121.833,1130400000,8
1450269120000,1450269599000,121.835,121.868,121.8,121.812,824560000,8
1450269600000,1450270079000,121.814,121.824,121.736,121.738,944230000,8
1450270080000,1450270559000,121.738,121.774,121.731,121.772,681240000,8
1450270560000,1450271039000,121.772,121.813,121.762,121.769,753380000,8
1450271040000,1450271519000,121.769,121.85,121.765,121.838,889080000,8
1450271520000,1450271999000,121.838,121.926,121.789,121.843,1390970000,8
1450272000000,1450272479000,121.841,121.892,121.823,121.873,1029840000,8
1450272480000,1450272959000,121.873,121.93,121.843,121.906,858000000,8
1450272960000,1450273439000,121.905,121.932,121.899,121.908,902030000,8
1450273440000,1450273919000,121.908,121.915,121.817,121.821,787700000,8
1450273920000,1450274399000,121.821,121.906,121.802,121.893,848700000,8
1450274400000,1450274879000,121.893,121.911,121.86,121.872,836730000,8
1450274880000,1450275359000,121.87,121.901,121.85,121.85,701910000,8
1450275360000,1450275839000,121.851,121.884,121.844,121.851,1037670000,8
1450275840000,1450276319000,121.851,121.902,121.813,121.881,1013800000,8
1450276320000,1450276799000,121.881,121.908,121.849,121.862,1246770000,8
1450276800000,1450277279000,121.862,121.882,121.826,121.827,975310000,8
1450277280000,1450277759000,121.827,121.827,121.768,121.807,1051920000,8
1450277760000,1450278239000,121.806,121.867,121.791,121.861,1281600000,8
1450278240000,1450278719000,121.862,121.894,121.837,121.887,1182570000,8
1450278720000,1450279199000,121.887,121.907,121.835,121.873,966500000,8
1450279200000,1450279679000,121.871,121.885,121.83,121.851,1021690000,8
1450279680000,1450280159000,121.851,121.884,121.844,121.866,1063430000,8
1450280160000,1450280639000,121.867,121.886,121.844,121.866,1105360000,8
1450280640000,1450281119000,121.867,121.87,121.8,121.808,1156760000,8
1450281120000,1450281599000,121.808,121.874,121.794,121.794,1488970000,8
1450281600000,1450282079000,121.794,121.837,121.79,121.812,1339240000,8
1450282080000,1450282559000,121.811,121.83,121.796,121.822,1071300000,8
1450282560000,1450283039000,121.822,121.825,121.768,121.81,1125320000,8
1450283040000,1450283519000,121.811,121.844,121.79,121.799,1093150000,8
1450283520000,1450283999000,121.8,121.842,121.796,121.835,914470000,8
1450284000000,1450284479000,121.835,121.848,121.81,121.823,794990000,8
1450284480000,1450284959000,121.825,121.839,121.793,121.834,779350000,8
1450284960000,1450285439000,121.832,121.891,121.824,121.88,935180000,8
1450285440000,1450285919000,121.881,121.904,121.876,121.898,592420000,8
1450285920000,1450286399000,121.897,121.899,121.835,121.844,612140000,8
1450286400000,1450286879000,121.845,121.884,121.842,121.876,641200000,8
1450286880000,1450287359000,121.876,121.895,121.864,121.886,611760000,8
1450287360000,1450287839000,121.886,121.894,121.852,121.887,468450000,8
1450287840000,1450288319000,121.886,121.928,121.885,121.926,741490000,8
1450288320000,1450288799000,121.926,121.93,121.837,121.847,734590000,8
1450288800000,1450289279000,121.847,121.856,121.793,121.793,988680000,8
1450289280000,1450289759000,121.792,121.824,121.777,121.808,810020000,8
1450289760000,1450290239000,121.808,121.818,121.791,121.791,749690000,8
1450290240000,1450290719000,121.791,121.809,121.744,121.746,699530000,8
1450290720000,1450291199000,121.747,121.75,121.636,121.673,1116440000,8
1450291200000,1450291679000,121.682,121.744,121.668,121.733,1045040000,8
1450291680000,1450292159000,121.734,121.825,121.706,121.707,1012230000,8
1450292160000,1450292639000,121.708,122.233,121.668,122.029,2708990000,8
1450292640000,1450293119000,122.034,122.297,121.989,122.085,3043290000,8
1450293120000,1450293599000,122.085,122.085,121.708,121.826,2745040000,8
1450293600000,1450294079000,121.824,121.997,121.786,121.87,1651890000,8
1450294080000,1450294559000,121.87,121.909,121.521,121.635,2439540000,8
1450294560000,1450295039000,121.641,121.798,121.631,121.632,2245810000,8
1450295040000,1450295519000,121.631,121.684,121.377,121.599,2184610000,8
1450295520000,1450295999000,121.599,121.815,121.59,121.801,1781370000,8
1450296000000,1450296479000,121.805,121.909,121.782,121.861,1645020000,8
1450296480000,1450296959000,121.858,122.039,121.794,121.994,1814440000,8
1450296960000,1450297439000,121.99,122.191,121.955,122.093,1846970000,8
1450297440000,1450297919000,122.092,122.331,122.09,122.274,1872910000,8
1450297920000,1450298399000,122.275,122.43,122.152,122.404,1845650000,8
1450298400000,1450298879000,122.406,122.412,122.21,122.214,1651500000,8
1450298880000,1450299359000,122.215,122.219,122.133,122.161,1121480000,8
1450299360000,1450299839000,122.163,122.204,122.133,122.204,684110000,8
1450299840000,1450300319000,122.203,122.248,122.19,122.223,631680000,8
1450300320000,1450300799000,122.224,122.279,122.224,122.277,422980000,8
1450300800000,1450301279000,122.278,122.28,122.2,122.204,384790000,8
1450301280000,1450301759000,122.204,122.267,122.197,122.241,320720000,8
1450301760000,1450302239000,122.24,122.284,122.239,122.261,290740000,8
1450302240000,1450302719000,122.261,122.261,122.229,122.23,246740000,8
1450302720000,1450303199000,122.232,122.232,122.2,122.203,472710000,8
1450303200000,1450303679000,122.2,122.24,122.2,122.206,132240000,8
1450303680000,1450304159000,122.205,122.222,122.197,122.222,163820000,8
1450304160000,1450304639000,122.222,122.245,122.198,122.207,263950000,8
1450304640000,1450305119000,122.207,122.23,122.207,122.211,226310000,8
1450305120000,1450305599000,122.211,122.23,122.207,122.229,322030000,8
1450305600000,1450306079000,122.229,122.266,122.224,122.255,532200000,8
1450306080000,1450306559000,122.255,122.284,122.253,122.284,189220000,8
1450306560000,1450307039000,122.286,122.377,122.286,122.348,652930000,8
1450307040000,1450307519000,122.349,122.434,122.349,122.431,528680000,8
1450307520000,1450307999000,122.431,122.458,122.41,122.423,551810000,8
1450308000000,1450308479000,122.422,122.467,122.412,122.437,416420000,8
1450308480000,1450308959000,122.437,122.49,122.436,122.474,494670000,8
1450308960000,1450309439000,122.476,122.491,122.452,122.484,458460000,8
1450309440000,1450309919000,122.482,122.487,122.419,122.42,318040000,8
1450309920000,1450310399000,122.42,122.494,122.41,122.482,547400000,8
1450310400000,1450310879000,122.48,122.513,122.323,122.335,1332190000,8
1450310880000,1450311359000,122.333,122.408,122.283,122.392,1125910000,8
1450311360000,1450311839000,122.391,122.426,122.373,122.402,1056840000,8
1450311840000,1450312319000,122.403,122.428,122.375,122.409,658830000,8
1450312320000,1450312799000,122.408,122.419,122.355,122.413,758530000,8
1450312800000,1450313279000,122.414,122.546,122.406,122.484,1040810000,8
1450313280000,1450313759000,122.483,122.541,122.475,122.499,1151120000,8
1450313760000,1450314239000,122.499,122.499,122.406,122.415,737080000,8
1450314240000,1450314719000,122.416,122.459,122.416,122.437,528230000,8
1450314720000,1450315199000,122.438,122.546,122.436,122.514,845460000,8
1450315200000,1450315679000,122.513,122.55,122.467,122.495,926270000,8
1450315680000,1450316159000,122.495,122.507,122.474,122.5,737370000,8
1450316160000,1450316639000,122.499,122.508,122.449,122.449,616170000,8
1450316640000,1450317119000,122.45,122.59,122.447,122.56,1074900000,8
1450317120000,1450317599000,122.562,122.597,122.557,122.568,619720000,8
1450317600000,1450318079000,122.568,122.599,122.552,122.574,788850000,8
1450318080000,1450318559000,122.574,122.574,122.543,122.548,605900000,8
1450318560000,1450319039000,122.548,122.594,122.531,122.569,808700000,8
1450319040000,1450319519000,122.569,122.595,122.55,122.59,564600000,8
1450319520000,1450319999000,122.591,122.606,122.519,122.593,682590000,8
1450320000000,1450320479000,122.593,122.642,122.579,122.623,722290000,8
1450320480000,1450320959000,122.622,122.622,122.586,122.594,521410000,8
1450320960000,1450321439000,122.594,122.624,122.585,122.603,411850000,8
1450321440000,1450321919000,122.602,122.604,122.57,122.593,509980000,8
1450321920000,1450322399000,122.594,122.594,122.548,122.553,407990000,8
1450322400000,1450322879000,122.553,122.606,122.544,122.597,462080000,8
1450322880000,1450323359000,122.597,122.639,122.582,122.633,531450000,8
1450323360000,1450323839000,122.633,122.633,122.586,122.591,513400000,8
1450323840000,1450324319000,122.591,122.614,122.58,122.597,552040000,8
1450324320000,1450324799000,122.596,122.597,122.536,122.537,434860000,8
1450324800000,1450325279000,122.537,122.546,122.517,122.517,619670000,8
1450325280000,1450325759000,122.518,122.549,122.484,122.485,613160000,8
1450325760000,1450326239000,122.486,122.497,122.425,122.426,441770000,8
1450326240000,1450326719000,122.426,122.483,122.406,122.477,603010000,8
1450326720000,1450327199000,122.479,122.479,122.453,122.477,370700000,8
1450327200000,1450327679000,122.476,122.477,122.419,122.451,673280000,8
1450327680000,1450328159000,122.451,122.452,122.406,122.436,498550000,8
1450328160000,1450328639000,122.436,122.465,122.433,122.461,509550000,8
1450328640000,1450329119000,122.46,122.481,122.445,122.476,548570000,8
1450329120000,1450329599000,122.476,122.517,122.466,122.476,520140000,8
1450329600000,1450330079000,122.476,122.494,122.459,122.483,426540000,8
1450330080000,1450330559000,122.483,122.494,122.46,122.472,523940000,8
1450330560000,1450331039000,122.471,122.472,122.417,122.42,484490000,8
1450331040000,1450331519000,122.42,122.475,122.416,122.466,636220000,8
1450331520000,1450331999000,122.469,122.483,122.45,122.457,514640000,8
1450332000000,1450332479000,122.457,122.457,122.43,122.44,663440000,8
1450332480000,1450332959000,122.439,122.445,122.394,122.428,509710000,8
1450332960000,1450333439000,122.428,122.432,122.353,122.365,645360000,8
1450333440000,1450333919000,122.365,122.372,122.323,122.353,595150000,8
1450333920000,1450334399000,122.354,122.39,122.354,122.368,479560000,8
1450334400000,1450334879000,122.368,122.375,122.321,122.321,476660000,8
1450334880000,1450335359000,122.319,122.321,122.301,122.307,498280000,8
1450335360000,1450335839000,122.307,122.346,122.274,122.275,828060000,8
1450335840000,1450336319000,122.276,122.289,122.22,122.256,1042480000,8
1450336320000,1450336799000,122.257,122.303,122.248,122.303,935150000,8
1450336800000,1450337279000,122.304,122.352,122.299,122.348,891000000,8
1450337280000,1450337759000,122.349,122.369,122.331,122.353,708010000,8
1450337760000,1450338239000,122.352,122.451,122.352,122.437,1099760000,8
1450338240000,1450338719000,122.436,122.489,122.417,122.46,984330000,8
1450338720000,1450339199000,122.46,122.471,122.426,122.426,745850000,8
1450339200000,1450339679000,122.425,122.456,122.356,122.371,1349220000,8
1450339680000,1450340159000,122.37,122.396,122.342,122.369,1375480000,8
1450340160000,1450340639000,122.371,122.392,122.34,122.342,1376530000,8
1450340640000,1450341119000,122.342,122.342,122.306,122.316,1204210000,8
1450341120000,1450341599000,122.315,122.402,122.311,122.389,797410000,8
1450341600000,1450342079000,122.388,122.446,122.376,122.434,956550000,8
1450342080000,1450342559000,122.435,122.442,122.378,122.398,955430000,8
1450342560000,1450343039000,122.397,122.443,122.382,122.382,786710000,8
1450343040000,1450343519000,122.383,122.392,122.338,122.347,926720000,8
1450343520000,1450343999000,122.347,122.412,122.347,122.402,1029760000,8
1450344000000,1450344479000,122.402,122.407,122.35,122.351,954780000,8
1450344480000,1450344959000,122.352,122.445,122.346,122.433,1409810000,8
1450344960000,1450345439000,122.433,122.441,122.397,122.412,883400000,8
1450345440000,1450345919000,122.409,122.447,122.393,122.421,1125600000,8
1450345920000,1450346399000,122.422,122.437,122.403,122.432,695810000,8
1450346400000,1450346879000,122.429,122.434,122.373,122.373,820570000,8
1450346880000,1450347359000,122.374,122.374,122.312,122.316,870310000,8
1450347360000,1450347839000,122.316,122.341,122.299,122.34,1037330000,8
1450347840000,1450348319000,122.34,122.384,122.339,122.372,1068340000,8
1450348320000,1450348799000,122.373,122.378,122.329,122.332,751020000,8
1450348800000,1450349279000,122.331,122.37,122.326,122.347,931060000,8
1450349280000,1450349759000,122.347,122.406,122.346,122.405,708450000,8
1450349760000,1450350239000,122.405,122.43,122.387,122.413,687610000,8
1450350240000,1450350719000,122.413,122.424,122.392,122.406,668260000,8
1450350720000,1450351199000,122.407,122.433,122.402,122.432,448870000,8
1450351200000,1450351679000,122.432,122.448,122.421,122.432,529100000,8
1450351680000,1450352159000,122.432,122.45,122.41,122.436,649680000,8
1450352160000,1450352639000,122.437,122.446,122.423,122.439,387780000,8
1450352640000,1450353119000,122.441,122.441,122.422,122.44,428220000,8
1450353120000,1450353599000,122.439,122.508,122.427,122.508,930840000,8
1450353600000,1450354079000,122.509,122.528,122.497,122.501,716200000,8
1450354080000,1450354559000,122.501,122.546,122.499,122.536,687540000,8
1450354560000,1450355039000,122.537,122.589,122.532,122.56,803150000,8
1450355040000,1450355519000,122.561,122.575,122.545,122.55,556080000,8
1450355520000,1450355999000,122.549,122.55,122.514,122.523,668680000,8
1450356000000,1450356479000,122.523,122.529,122.485,122.487,551420000,8
1450356480000,1450356959000,122.487,122.488,122.456,122.463,634020000,8
1450356960000,1450357439000,122.462,122.484,122.444,122.467,647180000,8
1450357440000,1450357919000,122.467,122.522,122.467,122.488,832660000,8
1450357920000,1450358399000,122.487,122.553,122.487,122.506,922000000,8
1450358400000,1450358879000,122.509,122.541,122.502,122.538,851280000,8
1450358880000,1450359359000,122.538,122.565,122.427,122.485,1164710000,8
1450359360000,1450359839000,122.485,122.532,122.478,122.486,946460000,8
1450359840000,1450360319000,122.488,122.551,122.479,122.535,947860000,8
1450360320000,1450360799000,122.535,122.555,122.523,122.554,1087850000,8
1450360800000,1450361279000,122.554,122.603,122.518,122.574,1080930000,8
1450361280000,1450361759000,122.574,122.599,122.551,122.576,753840000,8
1450361760000,1450362239000,122.575,122.655,122.572,122.635,1149330000,8
1450362240000,1450362719000,122.635,122.744,122.635,122.675,1271810000,8
1450362720000,1450363199000,122.675,122.719,122.627,122.631,1260040000,8
1450363200000,1450363679000,122.634,122.681,122.613,122.669,1502850000,8
1450363680000,1450364159000,122.667,122.702,122.593,122.692,1327160000,8
1450364160000,1450364639000,122.69,122.724,122.644,122.691,1289250000,8
1450364640000,1450365119000,122.69,122.769,122.69,122.71,1462320000,8
1450365120000,1450365599000,122.709,122.749,122.635,122.638,1573690000,8
1450365600000,1450366079000,122.636,122.69,122.627,122.654,1409280000,8
1450366080000,1450366559000,122.655,122.706,122.647,122.67,1253940000,8
1450366560000,1450367039000,122.67,122.708,122.669,122.707,1077140000,8
1450367040000,1450367519000,122.706,122.717,122.612,122.621,1334950000,8
1450367520000,1450367999000,122.621,122.681,122.541,122.681,1512230000,8
1450368000000,1450368479000,122.68,122.764,122.658,122.764,1640460000,8
1450368480000,1450368959000,122.764,122.773,122.719,122.722,1209140000,8
1450368960000,1450369439000,122.721,122.728,122.66,122.683,1063070000,8
1450369440000,1450369919000,122.684,122.689,122.619,122.62,1085490000,8
1450369920000,1450370399000,122.62,122.741,122.614,122.704,1110390000,8
1450370400000,1450370879000,122.704,122.743,122.672,122.705,1009420000,8
1450370880000,1450371359000,122.705,122.756,122.705,122.743,1117200000,8
1450371360000,1450371839000,122.744,122.76,122.73,122.743,942640000,8
1450371840000,1450372319000,122.743,122.796,122.729,122.779,731700000,8
1450372320000,1450372799000,122.779,122.801,122.758,122.801,631400000,8
1450372800000,1450373279000,122.8,122.802,122.733,122.757,799790000,8
1450373280000,1450373759000,122.757,122.8,122.742,122.745,861080000,8
1450373760000,1450374239000,122.745,122.746,122.686,122.703,800760000,8
1450374240000,1450374719000,122.704,122.717,122.635,122.657,736870000,8
1450374720000,1450375199000,122.658,122.667,122.627,122.633,728960000,8
1450375200000,1450375679000,122.633,122.673,122.625,122.645,847760000,8
1450375680000,1450376159000,122.646,122.674,122.636,122.66,849730000,8
1450376160000,1450376639000,122.661,122.678,122.608,122.631,797060000,8
1450376640000,1450377119000,122.631,122.679,122.631,122.674,716160000,8
1450377120000,1450377599000,122.675,122.739,122.666,122.735,754840000,8
1450377600000,1450378079000,122.734,122.793,122.725,122.782,700150000,8
1450378080000,1450378559000,122.782,122.806,122.769,122.779,502100000,8
1450378560000,1450379039000,122.778,122.798,122.74,122.759,533940000,8
1450379040000,1450379519000,122.758,122.779,122.743,122.764,654180000,8
1450379520000,1450379999000,122.764,122.849,122.758,122.84,757680000,8
1450380000000,1450380479000,122.84,122.848,122.783,122.831,604860000,8
1450380480000,1450380959000,122.831,122.838,122.786,122.815,681930000,8
1450380960000,1450381439000,122.815,122.836,122.808,122.83,587080000,8
1450381440000,1450381919000,122.83,122.847,122.805,122.806,598870000,8
1450381920000,1450382399000,122.806,122.876,122.796,122.873,954710000,8
1450382400000,1450382879000,122.873,122.874,122.826,122.845,694380000,8
1450382880000,1450383359000,122.846,122.866,122.836,122.861,534540000,8
1450383360000,1450383839000,122.862,122.874,122.799,122.821,489710000,8
1450383840000,1450384319000,122.82,122.855,122.809,122.852,610770000,8
1450384320000,1450384799000,122.852,122.874,122.843,122.85,768230000,8
1450384800000,1450385279000,122.85,122.853,122.798,122.8,879440000,8
1450385280000,1450385759000,122.799,122.815,122.764,122.764,543150000,8
1450385760000,1450386239000,122.763,122.763,122.696,122.715,442270000,8
1450386240000,1450386719000,122.713,122.725,122.706,122.718,282290000,8
1450386720000,1450387199000,122.717,122.72,122.689,122.689,237600000,8
1450387200000,1450387679000,122.69,122.698,122.679,122.69,212870000,8
1450387680000,1450388159000,122.691,122.693,122.671,122.676,295290000,8
1450388160000,1450388639000,122.677,122.683,122.649,122.649,342950000,8
1450388640000,1450389119000,122.648,122.651,122.571,122.572,454190000,8
1450389120000,1450389599000,122.572,122.577,122.545,122.55,355750000,8
1450389600000,1450390079000,122.55,122.555,122.474,122.492,265460000,8
1450390080000,1450390559000,122.495,122.504,122.466,122.467,307140000,8
1450390560000,1450391039000,122.469,122.49,122.428,122.487,354890000,8
1450391040000,1450391519000,122.484,122.534,122.477,122.527,266290000,8
1450391520000,1450391999000,122.528,122.551,122.52,122.537,300180000,8
1450392000000,1450392479000,122.537,122.57,122.52,122.52,450100000,8
1450392480000,1450392959000,122.521,122.526,122.515,122.517,160070000,8
1450392960000,1450393439000,122.518,122.603,122.513,122.595,458650000,8
1450393440000,1450393919000,122.595,122.606,122.588,122.59,212280000,8
1450393920000,1450394399000,122.59,122.599,122.558,122.582,347640000,8
1450394400000,1450394879000,122.582,122.582,122.53,122.532,246810000,8
1450394880000,1450395359000,122.532,122.555,122.532,122.547,109250000,8
1450395360000,1450395839000,122.546,122.547,122.483,122.5,325680000,8
1450395840000,1450396319000,122.5,122.5,122.445,122.474,436210000,8
1450396320000,1450396799000,122.474,122.474,122.431,122.454,383220000,8
1450396800000,1450397279000,122.456,122.522,122.454,122.494,766840000,8
1450397280000,1450397759000,122.494,122.539,122.476,122.524,917900000,8
1450397760000,1450398239000,122.522,122.549,122.496,122.549,529580000,8
1450398240000,1450398719000,122.548,122.591,122.53,122.589,601290000,8
1450398720000,1450399199000,122.589,122.604,122.498,122.516,649480000,8
1450399200000,1450399679000,122.516,122.523,122.452,122.485,1082120000,8
1450399680000,1450400159000,122.482,122.529,122.419,122.477,1123820000,8
1450400160000,1450400639000,122.474,122.512,122.438,122.51,713310000,8
1450400640000,1450401119000,122.509,122.511,122.482,122.486,808450000,8
1450401120000,1450401599000,122.487,122.488,122.422,122.454,666770000,8
1450401600000,1450402079000,122.453,122.514,122.453,122.485,881790000,8
1450402080000,1450402559000,122.485,122.544,122.474,122.537,616300000,8
1450402560000,1450403039000,122.537,122.541,122.511,122.519,358010000,8
1450403040000,1450403519000,122.52,122.525,122.473,122.496,747070000,8
1450403520000,1450403999000,122.495,122.514,122.47,122.49,548430000,8
1450404000000,1450404479000,122.489,122.517,122.47,122.494,614750000,8
1450404480000,1450404959000,122.493,122.509,122.485,122.508,384190000,8
1450404960000,1450405439000,122.507,122.509,122.453,122.453,436910000,8
1450405440000,1450405919000,122.455,122.486,122.455,122.478,322060000,8
1450405920000,1450406399000,122.478,122.481,122.421,122.421,418630000,8
1450406400000,1450406879000,122.421,122.447,122.35,122.421,1093160000,8
1450406880000,1450407359000,122.421,122.461,122.412,122.415,699520000,8
1450407360000,1450407839000,122.415,122.475,122.412,122.444,349590000,8
1450407840000,1450408319000,122.447,122.467,122.437,122.447,411230000,8
1450408320000,1450408799000,122.445,122.572,122.431,122.479,980510000,8
1450408800000,1450409279000,122.482,122.53,122.455,122.47,735700000,8
1450409280000,1450409759000,122.466,122.526,122.455,122.508,935730000,8
1450409760000,1450410239000,122.508,122.628,122.498,122.6,827230000,8
1450410240000,1450410719000,122.6,123.394,122.354,123.357,2075640000,8
1450410720000,1450411199000,123.35,123.559,122.927,122.998,3139920000,8
1450411200000,1450411679000,122.998,123.117,122.175,122.479,2697140000,8
1450411680000,1450412159000,122.479,122.662,122.461,122.538,1424780000,8
1450412160000,1450412639000,122.54,122.541,122.124,122.175,2186770000,8
1450412640000,1450413119000,122.178,122.213,121.974,122.165,2531160000,8
1450413120000,1450413599000,122.166,122.318,122.126,122.204,1886830000,8
1450413600000,1450414079000,122.203,122.307,122.165,122.241,1347280000,8
1450414080000,1450414559000,122.246,122.376,122.24,122.312,1125870000,8
1450414560000,1450415039000,122.312,122.317,122.146,122.146,1063820000,8
1450415040000,1450415519000,122.148,122.186,122.05,122.122,1567550000,8
1450415520000,1450415999000,122.122,122.178,121.987,122.054,1667510000,8
1450416000000,1450416479000,122.053,122.185,122.011,122.179,1335380000,8
1450416480000,1450416959000,122.178,122.186,122.095,122.122,1070340000,8
1450416960000,1450417439000,122.123,122.154,122.054,122.1,1000250000,8
1450417440000,1450417919000,122.099,122.137,121.846,121.919,1168150000,8
1450417920000,1450418399000,121.919,121.961,121.824,121.886,1421860000,8
1450418400000,1450418879000,121.888,122.0,121.881,121.929,1283460000,8
1450418880000,1450419359000,121.927,121.981,121.866,121.896,852500000,8
1450419360000,1450419839000,121.896,121.963,121.821,121.957,1020500000,8
1450419840000,1450420319000,121.956,121.97,121.892,121.943,856630000,8
1450420320000,1450420799000,121.942,122.111,121.94,122.064,1121200000,8
1450420800000,1450421279000,122.062,122.062,121.883,121.907,1028600000,8
1450421280000,1450421759000,121.907,121.957,121.78,121.789,1168560000,8
1450421760000,1450422239000,121.786,121.922,121.757,121.916,1240160000,8
1450422240000,1450422719000,121.918,121.976,121.859,121.917,887950000,8
1450422720000,1450423199000,121.917,121.917,121.781,121.829,1016470000,8
1450423200000,1450423679000,121.83,121.887,121.738,121.871,1241760000,8
1450423680000,1450424159000,121.869,121.901,121.805,121.808,1013770000,8
1450424160000,1450424639000,121.809,121.896,121.745,121.77,1130080000,8
1450424640000,1450425119000,121.77,121.844,121.717,121.838,1538610000,8
1450425120000,1450425599000,121.837,121.837,121.776,121.798,1036920000,8
1450425600000,1450426079000,121.796,121.797,121.646,121.724,1814730000,8
1450426080000,1450426559000,121.727,121.82,121.698,121.781,1597990000,8
1450426560000,1450427039000,121.782,121.845,121.751,121.821,1438950000,8
1450427040000,1450427519000,121.82,121.868,121.741,121.761,1428500000,8
1450427520000,1450427999000,121.761,121.774,121.716,121.739,1158230000,8
1450428000000,1450428479000,121.739,121.767,121.65,121.68,1536900000,8
1450428480000,1450428959000,121.68,121.693,121.326,121.336,1800350000,8
1450428960000,1450429439000,121.349,121.405,121.136,121.298,2147270000,8
1450429440000,1450429919000,121.3,121.309,121.054,121.263,2025720000,8
1450429920000,1450430399000,121.259,121.362,121.228,121.33,1303070000,8
1450430400000,1450430879000,121.332,121.386,121.287,121.348,1218760000,8
1450430880000,1450431359000,121.349,121.389,121.259,121.264,1058100000,8
1450431360000,1450431839000,121.262,121.392,121.249,121.373,1154830000,8
1450431840000,1450432319000,121.373,121.42,121.353,121.388,1074960000,8
1450432320000,1450432799000,121.385,121.436,121.384,121.435,1157360000,8
1450432800000,1450433279000,121.435,121.477,121.413,121.466,947160000,8
1450433280000,1450433759000,121.467,121.572,121.464,121.487,1185730000,8
1450433760000,1450434239000,121.486,121.508,121.47,121.505,917270000,8
1450434240000,1450434719000,121.504,121.547,121.486,121.499,795430000,8
1450434720000,1450435199000,121.499,121.528,121.497,121.514,642590000,8
1450435200000,1450435679000,121.514,121.604,121.514,121.545,884630000,8
1450435680000,1450436159000,121.546,121.625,121.545,121.612,988010000,8
1450436160000,1450436639000,121.609,121.618,121.542,121.557,835900000,8
1450436640000,1450437119000,121.56,121.575,121.502,121.541,738460000,8
1450437120000,1450437599000,121.539,121.539,121.357,121.375,879240000,8
1450437600000,1450438079000,121.374,121.382,121.284,121.337,838230000,8
1450438080000,1450438559000,121.337,121.39,121.315,121.363,824360000,8
1450438560000,1450439039000,121.362,121.364,121.301,121.338,690460000,8
1450439040000,1450439519000,121.337,121.348,121.235,121.245,988840000,8
1450439520000,1450439999000,121.244,121.269,121.161,121.217,882620000,8
1450440000000,1450440479000,121.216,121.224,121.123,121.214,1156950000,8
1450440480000,1450440959000,121.214,121.233,121.058,121.1,1226450000,8
1450440960000,1450441439000,121.101,121.211,121.077,121.204,1254640000,8
1450441440000,1450441919000,121.203,121.333,121.17,121.331,1054200000,8
1450441920000,1450442399000,121.331,121.379,121.306,121.313,1028710000,8
1450442400000,1450442879000,121.313,121.364,121.296,121.322,931330000,8
1450442880000,1450443359000,121.322,121.366,121.296,121.366,736140000,8
1450443360000,1450443839000,121.367,121.479,121.358,121.478,786240000,8
1450443840000,1450444319000,121.48,121.537,121.453,121.514,1202580000,8
1450444320000,1450444799000,121.513,121.514,121.398,121.427,1033460000,8
1450444800000,1450445279000,121.429,121.49,121.421,121.468,802860000,8
1450445280000,1450445759000,121.469,121.576,121.463,121.554,1167970000,8
1450445760000,1450446239000,121.554,121.612,121.442,121.455,905380000,8
1450446240000,1450446719000,121.456,121.489,121.408,121.43,958980000,8
1450446720000,1450447199000,121.43,121.525,121.409,121.493,1012460000,8
1450447200000,1450447679000,121.493,121.504,121.425,121.487,963220000,8
1450447680000,1450448159000,121.487,121.646,121.479,121.631,1002100000,8
1450448160000,1450448639000,121.632,121.716,121.631,121.673,1145200000,8
1450448640000,1450449119000,121.67,121.752,121.651,121.673,1407960000,8
1450449120000,1450449599000,121.673,121.697,121.601,121.613,1497390000,8
1450449600000,1450450079000,121.615,121.671,121.542,121.565,1221330000,8
1450450080000,1450450559000,121.567,121.625,121.544,121.576,1537710000,8
1450450560000,1450451039000,121.578,121.621,121.4,121.429,1739390000,8
1450451040000,1450451519000,121.431,121.448,121.344,121.369,1586750000,8
1450451520000,1450451999000,121.369,121.485,121.366,121.457,1308250000,8
1450452000000,1450452479000,121.456,121.535,121.4,121.444,1565100000,8
1450452480000,1450452959000,121.442,121.477,121.357,121.448,1264390000,8
1450452960000,1450453439000,121.445,121.482,121.388,121.458,1491790000,8
1450453440000,1450453919000,121.459,121.486,121.423,121.462,974250000,8
1450453920000,1450454399000,121.458,121.554,121.457,121.526,1394270000,8
1450454400000,1450454879000,121.524,121.538,121.434,121.5,1182850000,8
1450454880000,1450455359000,121.499,121.499,121.447,121.465,883880000,8
1450455360000,1450455839000,121.464,121.48,121.366,121.367,953040000,8
1450455840000,1450456319000,121.369,121.427,121.344,121.379,913740000,8
1450456320000,1450456799000,121.378,121.395,121.322,121.365,855980000,8
1450456800000,1450457279000,121.364,121.372,121.301,121.302,744200000,8
1450457280000,1450457759000,121.302,121.312,121.253,121.274,813850000,8
1450457760000,1450458239000,121.271,121.271,121.185,121.227,907570000,8
1450458240000,1450458719000,121.227,121.27,121.212,121.27,951480000,8
1450458720000,1450459199000,121.271,121.323,121.253,121.261,1198280000,8
1450459200000,1450459679000,121.261,121.318,121.261,121.303,609880000,8
1450459680000,1450460159000,121.302,121.351,121.302,121.329,757270000,8
1450460160000,1450460639000,121.329,121.388,121.303,121.388,693320000,8
1450460640000,1450461119000,121.388,121.4,121.365,121.366,704290000,8
1450461120000,1450461599000,121.366,121.419,121.349,121.415,885690000,8
1450461600000,1450462079000,121.415,121.444,121.383,121.408,681280000,8
1450462080000,1450462559000,121.407,121.424,121.375,121.391,555730000,8
1450462560000,1450463039000,121.39,121.444,121.384,121.406,623970000,8
1450463040000,1450463519000,121.405,121.419,121.381,121.392,615310000,8
1450463520000,1450463999000,121.391,121.438,121.384,121.399,834920000,8
1450464000000,1450464479000,121.398,121.436,121.387,121.401,828960000,8
1450464480000,1450464959000,121.401,121.415,121.373,121.401,690700000,8
1450464960000,1450465439000,121.401,121.452,121.388,121.407,789850000,8
1450465440000,1450465919000,121.406,121.422,121.386,121.397,598550000,8
1450465920000,1450466399000,121.396,121.404,121.369,121.371,506920000,8
1450466400000,1450466879000,121.371,121.385,121.358,121.385,525700000,8
1450466880000,1450467359000,121.384,121.398,121.335,121.354,564170000,8
1450467360000,1450467839000,121.353,121.37,121.293,121.302,656800000,8
1450467840000,1450468319000,121.301,121.359,121.301,121.347,769340000,8
1450468320000,1450468799000,121.349,121.351,121.222,121.235,883560000,8
1450468800000,1450469279000,121.245,121.294,121.243,121.285,670390000,8
1450469280000,1450469759000,121.285,121.293,121.225,121.234,902390000,8
1450469760000,1450470239000,121.234,121.242,121.158,121.188,905510000,8
1450470240000,1450470719000,121.188,121.244,121.184,121.221,837410000,8
1450470720000,1450471199000,121.223,121.285,121.223,121.252,705240000,8
1450471200000,1450471679000,121.252,121.286,121.245,121.258,618380000,8
1450471680000,1450472159000,121.259,121.304,121.258,121.302,707770000,8
1450472160000,1450472639000,121.301,121.318,121.241,121.277,544280000,8
1450472640000,1450473119000,121.276,121.323,121.272,121.305,421790000,8
1450473120000,1450473599000,121.306,121.321,121.283,121.284,271480000,8
1450474080000,1450474559000,121.262,121.262,121.228,121.228,146210000,8
1450474560000,1450475039000,121.228,121.231,121.208,121.231,255570000,8
1450475040000,1450475519000,121.232,121.255,121.229,121.249,177850000,8
1450475520000,1450475999000,121.248,121.255,121.14,121.14,288320000,8
1450648800000,1450649279000,121.248,121.306,121.23,121.302,348310000,8
1450649280000,1450649759000,121.302,121.357,121.3,121.342,431810000,8
1450649760000,1450650239000,121.346,121.352,121.308,121.345,119600000,8
1450650240000,1450650719000,121.345,121.347,121.265,121.285,346040000,8
1450650720000,1450651199000,121.285,121.34,121.283,121.332,307170000,8
1450651200000,1450651679000,121.331,121.332,121.301,121.301,392800000,8
1450651680000,1450652159000,121.301,121.303,121.267,121.296,280690000,8
1450652160000,1450652639000,121.295,121.342,121.291,121.342,698860000,8
1450652640000,1450653119000,121.341,121.38,121.307,121.318,485460000,8
1450653120000,1450653599000,121.319,121.362,121.285,121.323,394120000,8
1450653600000,1450654079000,121.322,121.322,121.282,121.282,143940000,8
1450654080000,1450654559000,121.285,121.285,121.191,121.239,516920000,8
1450654560000,1450655039000,121.239,121.289,121.235,121.271,284120000,8
1450655040000,1450655519000,121.27,121.274,121.23,121.23,305830000,8
1450655520000,1450655999000,121.228,121.311,121.222,121.297,262410000,8
1450656000000,1450656479000,121.295,121.377,121.235,121.376,953360000,8
1450656480000,1450656959000,121.375,121.386,121.256,121.273,1187580000,8
1450656960000,1450657439000,121.274,121.283,121.237,121.261,1301590000,8
1450657440000,1450657919000,121.261,121.302,121.261,121.284,763060000,8
1450657920000,1450658399000,121.284,121.357,121.28,121.316,839770000,8
1450658400000,1450658879000,121.316,121.324,121.258,121.27,806480000,8
1450658880000,1450659359000,121.273,121.296,121.229,121.231,1004080000,8
1450659360000,1450659839000,121.23,121.265,121.191,121.216,949630000,8
1450659840000,1450660319000,121.215,121.26,121.205,121.24,603350000,8
1450660320000,1450660799000,121.24,121.24,121.156,121.162,832880000,8
1450660800000,1450661279000,121.162,121.185,121.047,121.069,1094850000,8
1450661280000,1450661759000,121.072,121.15,121.038,121.142,1090320000,8
1450661760000,1450662239000,121.141,121.169,121.113,121.124,734200000,8
1450662240000,1450662719000,121.125,121.184,121.096,121.172,990860000,8
1450662720000,1450663199000,121.17,121.183,121.15,121.162,717280000,8
1450663200000,1450663679000,121.16,121.183,121.108,121.147,730840000,8
1450663680000,1450664159000,121.147,121.178,121.134,121.175,378710000,8
1450664160000,1450664639000,121.174,121.222,121.166,121.17,671760000,8
1450664640000,1450665119000,121.171,121.211,121.162,121.204,472710000,8
1450665120000,1450665599000,121.205,121.209,121.166,121.172,457180000,8
1450665600000,1450666079000,121.172,121.198,121.159,121.184,437540000,8
1450666080000,1450666559000,121.183,121.195,121.16,121.172,357990000,8
1450667040000,1450667519000,121.196,121.226,121.196,121.212,425820000,8
1450667520000,1450667999000,121.212,121.246,121.206,121.237,395870000,8
1450668000000,1450668479000,121.238,121.27,121.238,121.255,300390000,8
1450668480000,1450668959000,121.254,121.256,121.217,121.239,480210000,8
1450668960000,1450669439000,121.239,121.26,121.209,121.211,671760000,8
1450669440000,1450669919000,121.213,121.224,121.185,121.195,459610000,8
1450669920000,1450670399000,121.194,121.257,121.194,121.251,500120000,8
1450670400000,1450670879000,121.251,121.254,121.216,121.246,624120000,8
1450670880000,1450671359000,121.246,121.288,121.23,121.276,529000000,8
1450671360000,1450671839000,121.276,121.284,121.226,121.234,421690000,8
1450671840000,1450672319000,121.233,121.281,121.218,121.278,604090000,8
1450672320000,1450672799000,121.278,121.344,121.264,121.306,883730000,8
1450672800000,1450673279000,121.306,121.306,121.268,121.29,527630000,8
1450673280000,1450673759000,121.291,121.339,121.291,121.311,620770000,8
1450673760000,1450674239000,121.311,121.33,121.298,121.303,491190000,8
1450674240000,1450674719000,121.303,121.433,121.302,121.432,634230000,8
1450674720000,1450675199000,121.432,121.487,121.424,121.433,1163540000,8
1450675200000,1450675679000,121.433,121.455,121.425,121.431,512480000,8
1450675680000,1450676159000,121.431,121.45,121.405,121.415,728860000,8
1450676160000,1450676639000,121.415,121.502,121.41,121.473,921390000,8
1450676640000,1450677119000,121.475,121.475,121.39,121.391,709330000,8
1450677120000,1450677599000,121.393,121.42,121.38,121.393,847950000,8
1450677600000,1450678079000,121.391,121.391,121.324,121.339,793090000,8
1450678080000,1450678559000,121.341,121.347,121.286,121.292,669300000,8
1450678560000,1450679039000,121.292,121.324,121.292,121.324,410070000,8
1450679040000,1450679519000,121.324,121.338,121.285,121.286,471670000,8
1450679520000,1450679999000,121.285,121.346,121.285,121.31,433770000,8
1450680000000,1450680479000,121.309,121.356,121.3,121.354,299310000,8
1450680480000,1450680959000,121.355,121.356,121.324,121.324,294780000,8
1450680960000,1450681439000,121.323,121.367,121.303,121.356,526210000,8
1450681440000,1450681919000,121.356,121.359,121.325,121.352,678680000,8
1450681920000,1450682399000,121.352,121.37,121.342,121.366,535220000,8
1450682400000,1450682879000,121.366,121.369,121.333,121.344,826020000,8
1450682880000,1450683359000,121.344,121.369,121.259,121.278,792340000,8
1450683360000,1450683839000,121.278,121.293,121.247,121.286,890460000,8
1450683840000,1450684319000,121.286,121.326,121.279,121.308,741200000,8
1450684320000,1450684799000,121.309,121.334,121.279,121.279,681020000,8
1450684800000,1450685279000,121.278,121.388,121.277,121.364,1135790000,8
1450685280000,1450685759000,121.364,121.435,121.345,121.394,1273060000,8
1450685760000,1450686239000,121.394,121.422,121.376,121.413,1313370000,8
1450686240000,1450686719000,121.414,121.432,121.39,121.411,1019740000,8
1450686720000,1450687199000,121.41,121.432,121.401,121.414,678370000,8
1450687200000,1450687679000,121.414,121.421,121.39,121.408,877050000,8
1450687680000,1450688159000,121.408,121.464,121.402,121.463,1016690000,8
1450688160000,1450688639000,121.464,121.472,121.436,121.466,778170000,8
1450688640000,1450689119000,121.466,121.504,121.455,121.469,897620000,8
1450689120000,1450689599000,121.469,121.488,121.437,121.448,712070000,8
1450689600000,1450690079000,121.447,121.47,121.428,121.442,771560000,8
1450690080000,1450690559000,121.442,121.444,121.394,121.405,575400000,8
1450690560000,1450691039000,121.405,121.415,121.362,121.405,660200000,8
1450691040000,1450691519000,121.403,121.417,121.377,121.39,831630000,8
1450691520000,1450691999000,121.392,121.437,121.376,121.433,692610000,8
1450692000000,1450692479000,121.432,121.435,121.398,121.411,443230000,8
1450692480000,1450692959000,121.412,121.43,121.393,121.407,751800000,8
1450692960000,1450693439000,121.407,121.417,121.38,121.386,674510000,8
1450693440000,1450693919000,121.386,121.399,121.377,121.377,614700000,8
1450693920000,1450694399000,121.376,121.4,121.365,121.368,855590000,8
1450694400000,1450694879000,121.369,121.375,121.334,121.345,664440000,8
1450694880000,1450695359000,121.346,121.364,121.311,121.336,845620000,8
1450695360000,1450695839000,121.335,121.354,121.315,121.34,678860000,8
1450695840000,1450696319000,121.339,121.375,121.335,121.373,559590000,8
1450696320000,1450696799000,121.373,121.373,121.337,121.341,602860000,8
1450696800000,1450697279000,121.342,121.366,121.312,121.366,655070000,8
1450697280000,1450697759000,121.368,121.373,121.343,121.362,717250000,8
1450697760000,1450698239000,121.363,121.426,121.359,121.41,432290000,8
1450698240000,1450698719000,121.411,121.419,121.377,121.379,481990000,8
1450698720000,1450699199000,121.381,121.394,121.359,121.37,464420000,8
1450699200000,1450699679000,121.373,121.387,121.359,121.382,522420000,8
1450699680000,1450700159000,121.382,121.394,121.374,121.376,432950000,8
1450700160000,1450700639000,121.376,121.401,121.366,121.392,555620000,8
1450700640000,1450701119000,121.392,121.424,121.376,121.39,507280000,8
1450701120000,1450701599000,121.389,121.405,121.378,121.4,542810000,8
1450701600000,1450702079000,121.4,121.415,121.383,121.399,602820000,8
1450702080000,1450702559000,121.399,121.412,121.376,121.385,539930000,8
1450702560000,1450703039000,121.384,121.432,121.368,121.393,753730000,8
1450703040000,1450703519000,121.393,121.394,121.346,121.375,559570000,8
1450703520000,1450703999000,121.375,121.381,121.342,121.355,762310000,8
1450704000000,1450704479000,121.355,121.355,121.319,121.339,807450000,8
1450704480000,1450704959000,121.339,121.347,121.267,121.28,713510000,8
1450704960000,1450705439000,121.282,121.289,121.264,121.282,593140000,8
1450705440000,1450705919000,121.281,121.281,121.2,121.212,1029680000,8
1450705920000,1450706399000,121.212,121.229,121.183,121.207,772650000,8
1450706400000,1450706879000,121.208,121.269,121.165,121.25,1266880000,8
1450706880000,1450707359000,121.25,121.268,121.225,121.244,865510000,8
1450707360000,1450707839000,121.244,121.286,121.234,121.277,774180000,8
1450707840000,1450708319000,121.278,121.31,121.256,121.296,853500000,8
1450708320000,1450708799000,121.297,121.32,121.205,121.208,1299540000,8
1450708800000,1450709279000,121.207,121.242,121.183,121.221,1453040000,8
1450709280000,1450709759000,121.222,121.263,121.154,121.163,1406960000,8
1450709760000,1450710239000,121.162,121.166,121.101,121.111,971510000,8
1450710240000,1450710719000,121.111,121.167,121.108,121.148,1316410000,8
1450710720000,1450711199000,121.147,121.221,121.134,121.218,1438440000,8
1450711200000,1450711679000,121.219,121.219,121.161,121.187,1143250000,8
1450711680000,1450712159000,121.187,121.255,121.173,121.253,1157960000,8
1450712160000,1450712639000,121.253,121.256,121.195,121.231,1126550000,8
1450712640000,1450713119000,121.231,121.235,121.171,121.177,918690000,8
1450713120000,1450713599000,121.178,121.19,121.099,121.1,1293800000,8
1450713600000,1450714079000,121.101,121.126,121.066,121.106,1504860000,8
1450714080000,1450714559000,121.105,121.122,121.017,121.043,1015800000,8
1450714560000,1450715039000,121.042,121.084,121.029,121.059,898540000,8
1450715040000,1450715519000,121.058,121.064,121.006,121.006,1119260000,8
1450715520000,1450715999000,121.007,121.026,120.839,120.879,1478060000,8
1450716000000,1450716479000,120.88,120.949,120.865,120.926,1231360000,8
1450716480000,1450716959000,120.925,120.977,120.909,120.964,1069120000,8
1450716960000,1450717439000,120.964,121.012,120.961,120.968,901750000,8
1450717440000,1450717919000,120.967,121.02,120.953,121.01,808230000,8
1450717920000,1450718399000,121.011,121.052,121.005,121.023,746300000,8
1450718400000,1450718879000,121.024,121.041,120.998,121.021,819820000,8
1450718880000,1450719359000,121.02,121.046,121.007,121.04,671490000,8
1450719360000,1450719839000,121.041,121.096,121.041,121.091,813850000,8
1450719840000,1450720319000,121.091,121.111,121.073,121.109,544320000,8
1450720320000,1450720799000,121.109,121.139,121.085,121.133,568000000,8
1450720800000,1450721279000,121.132,121.143,121.108,121.108,534490000,8
1450721280000,1450721759000,121.111,121.153,121.108,121.144,406840000,8
1450721760000,1450722239000,121.145,121.152,121.117,121.122,463100000,8
1450722240000,1450722719000,121.122,121.135,121.109,121.113,559350000,8
1450722720000,1450723199000,121.115,121.162,121.111,121.162,657210000,8
1450723200000,1450723679000,121.162,121.163,121.144,121.158,474560000,8
1450723680000,1450724159000,121.158,121.177,121.155,121.157,519100000,8
1450724160000,1450724639000,121.156,121.164,121.137,121.151,498620000,8
1450724640000,1450725119000,121.15,121.15,121.104,121.107,391590000,8
1450725120000,1450725599000,121.108,121.159,121.101,121.117,508900000,8
1450725600000,1450726079000,121.118,121.118,121.044,121.051,551830000,8
1450726080000,1450726559000,121.05,121.052,121.015,121.022,447120000,8
1450726560000,1450727039000,121.021,121.038,121.007,121.034,520380000,8
1450727040000,1450727519000,121.033,121.034,121.001,121.02,453340000,8
1450727520000,1450727999000,121.017,121.045,121.0,121.034,932440000,8
1450728000000,1450728479000,121.038,121.074,121.031,121.069,321800000,8
1450728480000,1450728959000,121.07,121.073,121.05,121.052,466100000,8
1450728960000,1450729439000,121.052,121.073,121.043,121.065,459090000,8
1450729440000,1450729919000,121.067,121.085,121.066,121.082,316990000,8
1450729920000,1450730399000,121.082,121.095,121.066,121.078,438600000,8
1450730400000,1450730879000,121.078,121.101,121.066,121.1,610550000,8
1450730880000,1450731359000,121.101,121.138,121.099,121.13,516280000,8
1450731360000,1450731839000,121.131,121.134,121.094,121.114,296460000,8
1450731840000,1450732319000,121.113,121.13,121.101,121.108,322270000,8
1450732320000,1450732799000,121.108,121.135,121.108,121.132,189290000,8
1450732800000,1450733279000,121.133,121.186,121.132,121.185,170440000,8
1450733280000,1450733759000,121.186,121.206,121.177,121.195,236400000,8
1450733760000,1450734239000,121.195,121.215,121.195,121.215,159820000,8
1450734240000,1450734719000,121.214,121.221,121.201,121.214,150870000,8
1450734720000,1450735199000,121.213,121.213,121.165,121.172,190060000,8
1450735200000,1450735679000,121.172,121.179,121.163,121.178,68520000,8
1450735680000,1450736159000,121.181,121.181,121.174,121.175,184870000,8
1450736160000,1450736639000,121.172,121.181,121.162,121.174,260720000,8
1450736640000,1450737119000,121.173,121.235,121.173,121.234,410410000,8
1450737120000,1450737599000,121.231,121.268,121.22,121.227,476450000,8
1450737600000,1450738079000,121.227,121.255,121.214,121.247,329660000,8
1450738080000,1450738559000,121.247,121.261,121.216,121.216,560250000,8
1450738560000,1450739039000,121.217,121.251,121.217,121.241,507830000,8
1450739040000,1450739519000,121.242,121.245,121.219,121.22,825360000,8
1450740000000,1450740479000,121.224,121.25,121.215,121.245,427490000,8
1450740480000,1450740959000,121.245,121.252,121.225,121.231,216960000,8
1450740960000,1450741439000,121.232,121.243,121.216,121.226,182980000,8
1450741440000,1450741919000,121.226,121.249,121.226,121.245,285450000,8
1450741920000,1450742399000,121.245,121.246,121.2,121.207,313880000,8
1450742400000,1450742879000,121.208,121.24,121.201,121.202,717850000,8
1450742880000,1450743359000,121.203,121.222,121.173,121.2,646070000,8
1450743360000,1450743839000,121.2,121.208,121.121,121.135,664900000,8
1450743840000,1450744319000,121.136,121.155,121.088,121.091,592580000,8
1450744320000,1450744799000,121.092,121.115,121.079,121.112,556450000,8
1450744800000,1450745279000,121.112,121.175,121.109,121.149,831800000,8
1450745280000,1450745759000,121.149,121.232,121.117,121.221,772820000,8
1450745760000,1450746239000,121.22,121.265,121.206,121.246,878310000,8
1450746240000,1450746719000,121.246,121.274,121.233,121.269,684940000,8
1450746720000,1450747199000,121.269,121.31,121.24,121.245,797750000,8
1450747200000,1450747679000,121.245,121.286,121.23,121.256,674380000,8
1450747680000,1450748159000,121.255,121.273,121.207,121.211,638810000,8
1450748160000,1450748639000,121.21,121.216,121.18,121.199,584040000,8
1450748640000,1450749119000,121.2,121.201,121.148,121.176,698980000,8
1450749120000,1450749599000,121.176,121.196,121.152,121.188,436610000,8
1450749600000,1450750079000,121.187,121.231,121.186,121.219,597580000,8
1450750080000,1450750559000,121.219,121.235,121.2,121.228,557490000,8
1450750560000,1450751039000,121.227,121.236,121.22,121.222,410940000,8
1450751040000,1450751519000,121.222,121.241,121.199,121.214,424220000,8
1450751520000,1450751999000,121.215,121.266,121.207,121.266,390040000,8
1450752000000,1450752479000,121.268,121.272,121.244,121.244,290050000,8
1450752480000,1450752959000,121.245,121.266,121.244,121.247,334430000,8
1450752960000,1450753439000,121.245,121.245,121.204,121.229,471750000,8
1450753440000,1450753919000,121.229,121.229,121.196,121.196,466230000,8
1450753920000,1450754399000,121.196,121.222,121.189,121.198,431430000,8
1450754400000,1450754879000,121.199,121.235,121.198,121.234,281380000,8
1450754880000,1450755359000,121.233,121.257,121.229,121.249,270130000,8
1450755360000,1450755839000,121.248,121.271,121.237,121.262,530780000,8
1450755840000,1450756319000,121.262,121.279,121.246,121.263,338260000,8
1450756320000,1450756799000,121.263,121.28,121.257,121.277,404210000,8
1450756800000,1450757279000,121.277,121.305,121.262,121.263,486460000,8
1450757280000,1450757759000,121.262,121.273,121.249,121.251,315710000,8
1450757760000,1450758239000,121.251,121.253,121.235,121.238,279250000,8
1450758240000,1450758719000,121.238,121.263,121.238,121.263,130020000,8
1450758720000,1450759199000,121.26,121.277,121.249,121.251,252040000,8
1450759200000,1450759679000,121.249,121.258,121.241,121.244,285000000,8
1450759680000,1450760159000,121.244,121.252,121.236,121.246,219540000,8
1450760160000,1450760639000,121.247,121.271,121.243,121.256,386390000,8
1450760640000,1450761119000,121.256,121.274,121.255,121.265,308900000,8
1450761120000,1450761599000,121.268,121.278,121.251,121.273,307390000,8
1450761600000,1450762079000,121.275,121.281,121.252,121.262,311500000,8
1450762080000,1450762559000,121.264,121.272,121.237,121.251,436150000,8
1450762560000,1450763039000,121.252,121.259,121.222,121.243,545920000,8
1450763040000,1450763519000,121.243,121.244,121.214,121.228,421980000,8
1450763520000,1450763999000,121.227,121.245,121.199,121.212,545190000,8
1450764000000,1450764479000,121.211,121.232,121.207,121.228,325530000,8
1450764480000,1450764959000,121.229,121.271,121.226,121.249,369480000,8
1450764960000,1450765439000,121.25,121.256,121.239,121.241,218960000,8
1450765440000,1450765919000,121.241,121.262,121.239,121.256,228190000,8
1450765920000,1450766399000,121.258,121.265,121.222,121.223,319150000,8
1450766400000,1450766879000,121.223,121.23,121.203,121.204,282980000,8
1450766880000,1450767359000,121.204,121.22,121.194,121.218,262680000,8
1450767360000,1450767839000,121.218,121.225,121.193,121.212,381140000,8
1450767840000,1450768319000,121.212,121.212,121.188,121.197,476750000,8
1450768320000,1450768799000,121.198,121.216,121.195,121.205,427670000,8
1450768800000,1450769279000,121.206,121.208,121.188,121.208,416580000,8
1450769280000,1450769759000,121.209,121.226,121.185,121.191,463430000,8
1450769760000,1450770239000,121.19,121.191,121.169,121.171,501880000,8
1450770240000,1450770719000,121.172,121.183,121.154,121.161,583760000,8
1450770720000,1450771199000,121.16,121.161,121.114,121.117,692770000,8
1450771200000,1450771679000,121.115,121.148,121.095,121.147,700330000,8
1450771680000,1450772159000,121.147,121.152,121.082,121.091,918410000,8
1450772160000,1450772639000,121.091,121.121,121.056,121.074,1019730000,8
1450772640000,1450773119000,121.075,121.082,121.048,121.052,982910000,8
1450773120000,1450773599000,121.052,121.094,121.049,121.06,699330000,8
1450773600000,1450774079000,121.059,121.13,121.055,121.11,971840000,8
1450774080000,1450774559000,121.111,121.117,121.061,121.076,614850000,8
1450774560000,1450775039000,121.077,121.077,120.975,121.001,962400000,8
1450775040000,1450775519000,121.0,121.026,120.949,121.003,1084930000,8
1450775520000,1450775999000,121.004,121.009,120.96,120.963,733220000,8
1450776000000,1450776479000,120.963,120.964,120.915,120.931,1105800000,8
1450776480000,1450776959000,120.931,120.931,120.877,120.915,1004560000,8
1450776960000,1450777439000,120.917,120.929,120.842,120.891,1246490000,8
1450777440000,1450777919000,120.89,120.956,120.886,120.954,828940000,8
1450777920000,1450778399000,120.955,121.018,120.955,120.985,943400000,8
1450778400000,1450778879000,120.984,121.028,120.984,121.003,864350000,8
1450778880000,1450779359000,121.002,121.024,120.965,120.965,841350000,8
1450779360000,1450779839000,120.966,120.976,120.935,120.939,655030000,8
1450779840000,1450780319000,120.938,120.989,120.938,120.966,823220000,8
1450780320000,1450780799000,120.967,121.021,120.961,121.02,632610000,8
1450780800000,1450781279000,121.019,121.068,121.014,121.03,713990000,8
1450781280000,1450781759000,121.029,121.06,121.029,121.048,573500000,8
1450781760000,1450782239000,121.048,121.077,121.039,121.047,683620000,8
1450782240000,1450782719000,121.047,121.062,121.041,121.059,517210000,8
1450782720000,1450783199000,121.059,121.061,121.038,121.059,579190000,8
1450783200000,1450783679000,121.06,121.067,120.996,121.004,595780000,8
1450783680000,1450784159000,121.004,121.024,120.997,121.002,633950000,8
1450784160000,1450784639000,121.003,121.006,120.967,120.977,691550000,8
1450784640000,1450785119000,120.976,120.979,120.932,120.953,959010000,8
1450785120000,1450785599000,120.951,120.961,120.939,120.959,596900000,8
1450785600000,1450786079000,120.961,120.962,120.899,120.928,778750000,8
1450786080000,1450786559000,120.926,120.936,120.9,120.911,576140000,8
1450786560000,1450787039000,120.912,120.935,120.912,120.923,517960000,8
1450787040000,1450787519000,120.923,120.926,120.859,120.923,613810000,8
1450787520000,1450787999000,120.923,120.979,120.917,120.969,813070000,8
1450788000000,1450788479000,120.969,120.986,120.946,120.986,472340000,8
1450788480000,1450788959000,120.985,121.017,120.96,120.963,575500000,8
1450788960000,1450789439000,120.963,120.972,120.916,120.939,673880000,8
1450789440000,1450789919000,120.939,120.955,120.916,120.92,488160000,8
1450789920000,1450790399000,120.922,120.944,120.885,120.941,682910000,8
1450790400000,1450790879000,120.94,120.971,120.896,120.957,844690000,8
1450790880000,1450791359000,120.957,121.047,120.904,120.927,1085000000,8
1450791360000,1450791839000,120.928,120.96,120.924,120.943,932480000,8
1450791840000,1450792319000,120.943,121.014,120.938,121.005,1099840000,8
1450792320000,1450792799000,121.005,121.034,120.988,120.991,713070000,8
1450792800000,1450793279000,120.99,121.047,120.987,121.01,645260000,8
1450793280000,1450793759000,121.011,121.031,120.988,121.022,650600000,8
1450793760000,1450794239000,121.022,121.067,121.022,121.044,766840000,8
1450794240000,1450794719000,121.045,121.055,120.92,120.933,885440000,8
1450794720000,1450795199000,120.936,120.966,120.911,120.958,1040320000,8
1450795200000,1450795679000,120.958,120.973,120.907,120.922,1034080000,8
1450795680000,1450796159000,120.921,120.933,120.895,120.914,1057260000,8
1450796160000,1450796639000,120.914,120.941,120.869,120.941,926030000,8
1450796640000,1450797119000,120.943,120.951,120.767,120.768,1292560000,8
1450797120000,1450797599000,120.769,120.809,120.747,120.793,1053660000,8
1450797600000,1450798079000,120.793,120.825,120.776,120.795,1435050000,8
1450798080000,1450798559000,120.797,120.829,120.723,120.723,1061410000,8
1450798560000,1450799039000,120.724,120.816,120.724,120.782,980870000,8
1450799040000,1450799519000,120.782,120.813,120.761,120.778,760570000,8
1450799520000,1450799999000,120.779,120.898,120.769,120.894,1036300000,8
1450800000000,1450800479000,120.895,120.995,120.894,120.946,1209180000,8
1450800480000,1450800959000,120.948,120.964,120.922,120.932,744500000,8
1450800960000,1450801439000,120.932,120.939,120.867,120.876,913570000,8
1450801440000,1450801919000,120.875,120.921,120.854,120.907,700990000,8
1450801920000,1450802399000,120.907,120.982,120.885,120.959,915200000,8
1450802400000,1450802879000,120.962,120.993,120.931,120.933,729150000,8
1450802880000,1450803359000,120.934,120.938,120.887,120.908,553020000,8
1450803360000,1450803839000,120.907,120.955,120.907,120.922,654830000,8
1450803840000,1450804319000,120.922,120.93,120.889,120.897,607480000,8
1450804320000,1450804799000,120.899,120.954,120.887,120.932,573430000,8
1450804800000,1450805279000,120.931,120.948,120.907,120.94,530700000,8
1450805280000,1450805759000,120.939,120.979,120.939,120.979,503610000,8
1450805760000,1450806239000,120.977,120.986,120.943,120.955,553260000,8
1450806240000,1450806719000,120.957,120.976,120.943,120.975,571340000,8
1450806720000,1450807199000,120.975,121.003,120.963,120.996,499750000,8
1450807200000,1450807679000,120.994,121.028,120.98,121.007,427220000,8
1450807680000,1450808159000,121.007,121.017,120.985,120.996,490930000,8
1450808160000,1450808639000,120.996,121.009,120.987,120.995,387620000,8
1450808640000,1450809119000,120.996,121.019,120.984,121.004,343940000,8
1450809120000,1450809599000,121.003,121.019,120.989,121.017,749210000,8
1450809600000,1450810079000,121.016,121.019,120.99,121.0,387100000,8
1450810080000,1450810559000,121.0,121.047,121.0,121.046,431400000,8
1450810560000,1450811039000,121.046,121.061,121.021,121.022,480110000,8
1450811040000,1450811519000,121.023,121.031,121.01,121.014,316270000,8
1450811520000,1450811999000,121.016,121.026,120.995,121.016,408430000,8
1450812000000,1450812479000,121.019,121.024,120.994,120.994,381650000,8
1450812480000,1450812959000,120.996,121.016,120.991,121.014,420150000,8
1450812960000,1450813439000,121.012,121.069,121.012,121.061,503710000,8
1450813440000,1450813919000,121.06,121.083,121.039,121.039,462570000,8
1450813920000,1450814399000,121.039,121.056,121.03,121.045,456310000,8
1450814400000,1450814879000,121.045,121.064,121.031,121.044,518950000,8
1450814880000,1450815359000,121.045,121.05,121.04,121.045,229650000,8
1450815360000,1450815839000,121.045,121.064,121.042,121.062,721060000,8
1450815840000,1450816319000,121.061,121.073,121.052,121.055,200400000,8
1450816320000,1450816799000,121.057,121.076,121.054,121.075,353560000,8
1450816800000,1450817279000,121.075,121.076,121.003,121.011,480400000,8
1450817280000,1450817759000,121.012,121.041,121.012,121.018,352870000,8
1450817760000,1450818239000,121.017,121.039,121.001,121.003,325730000,8
1450818240000,1450818719000,121.003,121.031,121.002,121.022,256810000,8
1450818720000,1450819199000,121.024,121.066,121.02,121.063,262740000,8
1450819200000,1450819679000,121.064,121.068,121.046,121.067,179340000,8
1450819680000,1450820159000,121.068,121.085,121.059,121.076,152490000,8
1450820160000,1450820639000,121.075,121.075,121.059,121.06,177760000,8
1450821120000,1450821599000,121.092,121.094,121.062,121.064,195990000,8
1450821600000,1450822079000,121.064,121.07,121.06,121.07,55020000,8
1450822080000,1450822559000,121.07,121.073,121.061,121.064,136390000,8
1450822560000,1450823039000,121.064,121.064,121.046,121.049,45870000,8
1450823040000,1450823519000,121.046,121.057,121.03,121.035,200310000,8
1450823520000,1450823999000,121.039,121.043,121.034,121.04,155020000,8
1450824000000,1450824479000,121.042,121.047,121.038,121.042,791890000,8
1450824480000,1450824959000,121.042,121.044,121.033,121.034,551880000,8
1450824960000,1450825439000,121.034,121.038,121.029,121.034,264890000,8
1450825440000,1450825919000,121.033,121.053,121.004,121.042,614990000,8
1450825920000,1450826399000,121.042,121.075,121.041,121.046,251830000,8
1450826400000,1450826879000,121.047,121.067,121.046,121.062,131910000,8
1450826880000,1450827359000,121.062,121.132,121.055,121.09,290730000,8
1450827360000,1450827839000,121.09,121.096,121.083,121.084,149120000,8
1450827840000,1450828319000,121.085,121.087,120.998,121.023,446190000,8
1450828320000,1450828799000,121.023,121.047,121.023,121.027,149790000,8
1450828800000,1450829279000,121.026,121.055,121.006,121.027,270190000,8
1450829280000,1450829759000,121.027,121.028,120.999,120.999,204540000,8
1450829760000,1450830239000,121.0,121.011,120.992,120.993,257990000,8
1450830240000,1450830719000,120.992,121.011,120.992,121.006,193490000,8
1450830720000,1450831199000,121.006,121.011,120.987,120.989,172930000,8
1450831200000,1450831679000,120.991,120.994,120.981,120.991,284430000,8
1450831680000,1450832159000,120.991,120.993,120.983,120.986,82260000,8
1450832160000,1450832639000,120.987,121.015,120.986,121.013,193930000,8
1450832640000,1450833119000,121.012,121.016,121.003,121.003,102220000,8
1450833120000,1450833599000,121.003,121.005,120.953,120.965,299360000,8
1450833600000,1450834079000,120.964,121.01,120.961,120.996,254270000,8
1450834080000,1450834559000,120.997,121.021,120.981,121.02,237590000,8
1450834560000,1450835039000,121.019,121.036,120.988,120.99,323660000,8
1450835040000,1450835519000,120.991,121.007,120.98,121.004,254450000,8
1450835520000,1450835999000,121.004,121.039,121.002,121.003,368020000,8
1450836000000,1450836479000,121.004,121.009,120.978,120.982,258110000,8
1450836480000,1450836959000,120.982,121.013,120.982,120.995,220990000,8
1450837440000,1450837919000,121.011,121.029,121.009,121.019,324930000,8
1450837920000,1450838399000,121.019,121.026,121.01,121.026,229650000,8
1450838400000,1450838879000,121.026,121.035,121.017,121.03,258370000,8
1450838880000,1450839359000,121.032,121.037,121.01,121.017,197030000,8
1450839840000,1450840319000,121.008,121.016,121.0,121.016,193790000,8
1450840800000,1450841279000,121.024,121.035,121.022,121.035,144610000,8
1450841280000,1450841759000,121.035,121.037,121.024,121.024,137270000,8
1450841760000,1450842239000,121.024,121.037,121.024,121.031,155970000,8
1450842240000,1450842719000,121.031,121.031,120.981,121.01,456700000,8
1450842720000,1450843199000,121.01,121.017,121.002,121.015,167480000,8
1450843200000,1450843679000,121.015,121.024,121.002,121.023,155980000,8
1450844160000,1450844639000,121.021,121.026,121.007,121.022,115070000,8
1450845600000,1450846079000,121.009,121.043,121.009,121.015,341030000,8
1450846560000,1450847039000,121.029,121.03,121.017,121.029,169290000,8
1450847040000,1450847519000,121.028,121.038,121.022,121.022,146460000,8
1450847520000,1450847999000,121.023,121.048,121.018,121.036,122580000,8
1450848480000,1450848959000,121.026,121.038,121.024,121.03,73660000,8
1450848960000,1450849439000,121.031,121.045,121.029,121.032,159600000,8
1450849440000,1450849919000,121.032,121.045,121.022,121.03,304070000,8
1450849920000,1450850399000,121.029,121.036,121.01,121.018,241430000,8
1450850400000,1450850879000,121.02,121.034,121.006,121.015,188650000,8
1450850880000,1450851359000,121.015,121.03,121.003,121.012,199810000,8
1450851360000,1450851839000,121.012,121.014,120.992,121.001,252300000,8
1450851840000,1450852319000,121.002,121.008,120.99,120.991,113490000,8
1450852320000,1450852799000,120.992,120.994,120.953,120.963,196410000,8
1450852800000,1450853279000,120.962,120.969,120.907,120.915,310100000,8
1450853280000,1450853759000,120.916,120.944,120.916,120.933,147470000,8
1450853760000,1450854239000,120.933,120.933,120.905,120.921,464420000,8
1450854240000,1450854719000,120.921,120.957,120.919,120.934,407450000,8
1450854720000,1450855199000,120.935,120.953,120.93,120.935,525560000,8
1450855200000,1450855679000,120.935,120.967,120.934,120.964,272160000,8
1450855680000,1450856159000,120.964,120.972,120.941,120.954,384330000,8
1450856160000,1450856639000,120.953,120.958,120.934,120.954,352060000,8
1450856640000,1450857119000,120.953,120.962,120.948,120.951,236260000,8
1450857120000,1450857599000,120.954,120.975,120.95,120.959,412680000,8
1450857600000,1450858079000,120.958,120.985,120.95,120.962,748980000,8
1450858080000,1450858559000,120.961,121.009,120.95,121.0,906690000,8
1450858560000,1450859039000,121.0,121.029,120.989,121.01,889090000,8
1450859040000,1450859519000,121.01,121.035,121.003,121.019,758720000,8
1450859520000,1450859999000,121.02,121.026,120.981,120.986,573330000,8
1450860000000,1450860479000,120.986,121.002,120.984,120.987,403520000,8
1450860480000,1450860959000,120.986,121.012,120.985,121.01,524870000,8
1450860960000,1450861439000,121.011,121.032,120.997,121.006,527130000,8
1450861440000,1450861919000,121.008,121.009,120.969,120.972,486510000,8
1450861920000,1450862399000,120.973,121.021,120.973,121.021,387190000,8
1450862400000,1450862879000,121.021,121.05,120.99,121.029,594560000,8
1450862880000,1450863359000,121.028,121.046,120.99,120.992,468940000,8
1450863360000,1450863839000,120.992,121.001,120.969,120.985,524910000,8
1450863840000,1450864319000,120.985,121.014,120.971,121.007,466970000,8
1450864320000,1450864799000,121.007,121.01,120.987,120.99,475970000,8
1450864800000,1450865279000,120.991,120.994,120.933,120.953,544780000,8
1450865280000,1450865759000,120.954,120.992,120.948,120.983,518080000,8
1450865760000,1450866239000,120.982,120.987,120.947,120.96,498750000,8
1450866240000,1450866719000,120.959,120.96,120.938,120.946,531000000,8
1450866720000,1450867199000,120.946,120.948,120.91,120.923,528970000,8
1450867200000,1450867679000,120.922,120.965,120.92,120.963,412590000,8
1450867680000,1450868159000,120.964,120.976,120.949,120.953,518170000,8
1450868160000,1450868639000,120.952,120.972,120.944,120.952,487670000,8
1450868640000,1450869119000,120.952,120.952,120.934,120.948,420040000,8
1450869120000,1450869599000,120.948,120.954,120.878,120.883,472960000,8
1450869600000,1450870079000,120.882,120.906,120.868,120.889,450300000,8
1450870080000,1450870559000,120.889,120.899,120.872,120.89,492390000,8
1450870560000,1450871039000,120.89,120.907,120.862,120.866,452600000,8
1450871040000,1450871519000,120.866,120.867,120.833,120.845,424650000,8
1450871520000,1450871999000,120.846,120.852,120.828,120.846,400680000,8
1450872000000,1450872479000,120.846,120.861,120.839,120.855,473530000,8
1450872480000,1450872959000,120.855,120.893,120.854,120.885,494400000,8
1450872960000,1450873439000,120.886,120.896,120.863,120.888,505040000,8
1450873440000,1450873919000,120.89,120.897,120.881,120.897,481100000,8
1450873920000,1450874399000,120.896,120.932,120.895,120.929,432710000,8
1450874400000,1450874879000,120.93,120.933,120.911,120.919,335830000,8
1450874880000,1450875359000,120.918,120.943,120.912,120.924,386170000,8
1450875360000,1450875839000,120.925,120.928,120.872,120.874,432470000,8
1450875840000,1450876319000,120.873,120.88,120.836,120.847,524600000,8
1450876320000,1450876799000,120.846,120.882,120.843,120.879,566270000,8
1450876800000,1450877279000,120.877,120.915,120.873,120.905,491020000,8
1450877280000,1450877759000,120.906,120.93,120.856,120.906,663620000,8
1450877760000,1450878239000,120.906,120.938,120.905,120.916,614510000,8
1450878240000,1450878719000,120.916,120.917,120.887,120.892,364360000,8
1450878720000,1450879199000,120.893,120.894,120.869,120.893,498200000,8
1450879200000,1450879679000,120.894,120.909,120.877,120.891,347720000,8
1450879680000,1450880159000,120.891,120.894,120.872,120.889,327550000,8
1450880160000,1450880639000,120.888,120.926,120.885,120.908,563720000,8
1450880640000,1450881119000,120.903,120.915,120.886,120.901,712410000,8
1450881120000,1450881599000,120.899,120.902,120.873,120.881,814340000,8
1450881600000,1450882079000,120.879,120.903,120.865,120.898,1075040000,8
1450882080000,1450882559000,120.897,120.938,120.881,120.904,1271760000,8
1450882560000,1450883039000,120.904,120.956,120.885,120.894,916920000,8
1450883040000,1450883519000,120.893,120.899,120.861,120.887,707180000,8
1450883520000,1450883999000,120.887,120.912,120.885,120.907,930460000,8
1450884000000,1450884479000,120.907,120.922,120.886,120.894,681610000,8
1450884480000,1450884959000,120.893,120.948,120.893,120.936,1017160000,8
1450884960000,1450885439000,120.936,120.957,120.917,120.943,691820000,8
1450885440000,1450885919000,120.944,120.953,120.923,120.948,559800000,8
1450885920000,1450886399000,120.948,121.016,120.941,120.979,1085630000,8
1450886400000,1450886879000,120.979,121.005,120.951,120.953,832600000,8
1450886880000,1450887359000,120.952,120.975,120.934,120.94,623380000,8
1450887360000,1450887839000,120.939,120.964,120.936,120.948,549400000,8
1450887840000,1450888319000,120.949,120.964,120.934,120.948,640810000,8
1450888320000,1450888799000,120.947,120.956,120.926,120.95,678560000,8
1450888800000,1450889279000,120.951,120.959,120.939,120.942,531980000,8
1450889280000,1450889759000,120.943,120.945,120.93,120.936,494910000,8
1450889760000,1450890239000,120.936,120.963,120.935,120.963,438380000,8
1450890240000,1450890719000,120.96,120.976,120.956,120.958,548940000,8
1450890720000,1450891199000,120.958,120.975,120.957,120.962,358650000,8
1450891200000,1450891679000,120.964,120.97,120.951,120.959,219300000,8
1450891680000,1450892159000,120.959,120.974,120.958,120.964,288970000,8
1450892160000,1450892639000,120.964,120.973,120.951,120.955,255110000,8
1450892640000,1450893119000,120.955,120.958,120.942,120.947,262370000,8
1450893120000,1450893599000,120.947,120.948,120.912,120.912,242800000,8
1450893600000,1450894079000,120.912,120.934,120.907,120.917,324190000,8
1450894080000,1450894559000,120.917,120.924,120.886,120.887,409640000,8
1450894560000,1450895039000,120.887,120.891,120.861,120.864,335500000,8
1450895040000,1450895519000,120.864,120.873,120.846,120.856,381800000,8
1450895520000,1450895999000,120.857,120.87,120.843,120.845,366740000,8
1450896000000,1450896479000,120.845,120.87,120.845,120.863,283370000,8
1450896480000,1450896959000,120.864,120.872,120.846,120.846,248480000,8
1450896960000,1450897439000,120.846,120.851,120.821,120.821,329260000,8
1450897440000,1450897919000,120.819,120.847,120.817,120.843,526020000,8
1450897920000,1450898399000,120.842,120.872,120.841,120.851,428960000,8
1450898400000,1450898879000,120.851,120.867,120.845,120.867,403300000,8
1450898880000,1450899359000,120.867,120.899,120.864,120.864,302500000,8
1450899360000,1450899839000,120.863,120.872,120.841,120.854,299110000,8
1450899840000,1450900319000,120.854,120.859,120.839,120.84,328050000,8
1450900320000,1450900799000,120.84,120.87,120.819,120.862,363570000,8
1450900800000,1450901279000,120.864,120.871,120.845,120.856,263260000,8
1450901280000,1450901759000,120.856,120.872,120.846,120.856,185570000,8
1450901760000,1450902239000,120.855,120.863,120.848,120.856,217630000,8
1450902240000,1450902719000,120.856,120.856,120.833,120.845,159040000,8
1450902720000,1450903199000,120.844,120.856,120.819,120.823,221350000,8
1450903200000,1450903679000,120.821,120.836,120.813,120.832,286240000,8
1450903680000,1450904159000,120.831,120.853,120.817,120.853,247280000,8
1450904160000,1450904639000,120.852,120.872,120.842,120.862,172960000,8
1450904640000,1450905119000,120.869,120.88,120.856,120.871,278710000,8
1450905120000,1450905599000,120.872,120.873,120.864,120.865,117720000,8
1450905600000,1450906079000,120.864,120.866,120.856,120.865,102440000,8
1450906080000,1450906559000,120.866,120.875,120.864,120.871,115620000,8
1450906560000,1450907039000,120.874,120.894,120.874,120.882,180580000,8
1450907040000,1450907519000,120.882,120.89,120.855,120.887,255720000,8
1450907520000,1450907999000,120.887,120.921,120.886,120.913,291790000,8
1450908000000,1450908479000,120.913,120.968,120.895,120.913,164890000,8
1450908480000,1450908959000,120.915,120.922,120.879,120.885,134950000,8
1450908960000,1450909439000,120.885,120.908,120.854,120.896,256970000,8
1450909440000,1450909919000,120.896,120.919,120.871,120.897,301180000,8
1450909920000,1450910399000,120.896,120.922,120.896,120.898,413470000,8
1450910400000,1450910879000,120.899,120.929,120.892,120.91,1103330000,8
1450910880000,1450911359000,120.908,120.939,120.894,120.925,828400000,8
1450911360000,1450911839000,120.928,120.929,120.904,120.911,820960000,8
1450911840000,1450912319000,120.91,120.934,120.91,120.931,625140000,8
1450912320000,1450912799000,120.93,120.944,120.922,120.944,247520000,8
1450912800000,1450913279000,120.943,120.955,120.936,120.948,214440000,8
1450913280000,1450913759000,120.95,120.954,120.941,120.948,289470000,8
1450913760000,1450914239000,120.948,120.981,120.947,120.96,246060000,8
1450914240000,1450914719000,120.96,120.97,120.947,120.948,354270000,8
1450914720000,1450915199000,120.948,120.95,120.933,120.946,221420000,8
1450915200000,1450915679000,120.946,120.963,120.891,120.912,644170000,8
1450915680000,1450916159000,120.912,120.92,120.889,120.919,480130000,8
1450916160000,1450916639000,120.92,120.936,120.909,120.918,476020000,8
1450916640000,1450917119000,120.919,120.927,120.892,120.892,349090000,8
1450917120000,1450917599000,120.891,120.912,120.856,120.865,458650000,8
1450917600000,1450918079000,120.864,120.893,120.846,120.862,566630000,8
1450918080000,1450918559000,120.862,120.971,120.853,120.92,795780000,8
1450918560000,1450919039000,120.921,120.927,120.864,120.877,494550000,8
1450919040000,1450919519000,120.877,120.894,120.862,120.877,242010000,8
1450919520000,1450919999000,120.876,120.923,120.872,120.884,477300000,8
1450920000000,1450920479000,120.884,120.889,120.855,120.86,385870000,8
1450920480000,1450920959000,120.86,120.865,120.851,120.852,290620000,8
1450920960000,1450921439000,120.853,120.886,120.848,120.848,417730000,8
1450921440000,1450921919000,120.848,120.882,120.822,120.856,515460000,8
1450921920000,1450922399000,120.856,120.88,120.85,120.871,559870000,8
1450922400000,1450922879000,120.869,120.869,120.795,120.807,497380000,8
1450922880000,1450923359000,120.805,120.814,120.742,120.775,566090000,8
1450923360000,1450923839000,120.773,120.789,120.754,120.766,492640000,8
1450923840000,1450924319000,120.765,120.765,120.722,120.741,510270000,8
1450924320000,1450924799000,120.741,120.757,120.731,120.75,264800000,8
1450924800000,1450925279000,120.753,120.766,120.744,120.746,254080000,8
1450925280000,1450925759000,120.747,120.75,120.663,120.675,575050000,8
1450925760000,1450926239000,120.675,120.711,120.671,120.687,378630000,8
1450926240000,1450926719000,120.689,120.69,120.622,120.636,444410000,8
1450926720000,1450927199000,120.635,120.636,120.599,120.628,459740000,8
1450927200000,1450927679000,120.628,120.63,120.568,120.598,450140000,8
1450927680000,1450928159000,120.599,120.636,120.599,120.635,390840000,8
1450928160000,1450928639000,120.636,120.653,120.604,120.604,353610000,8
1450928640000,1450929119000,120.607,120.658,120.606,120.655,243750000,8
1450929120000,1450929599000,120.657,120.708,120.651,120.706,512780000,8
1450929600000,1450930079000,120.706,120.713,120.671,120.694,435870000,8
1450930080000,1450930559000,120.693,120.706,120.679,120.706,270670000,8
1450930560000,1450931039000,120.706,120.734,120.701,120.721,296210000,8
1450931040000,1450931519000,120.721,120.723,120.684,120.701,376550000,8
1450931520000,1450931999000,120.702,120.702,120.641,120.659,236000000,8
1450932000000,1450932479000,120.658,120.689,120.622,120.656,353540000,8
1450932480000,1450932959000,120.656,120.672,120.628,120.663,409260000,8
1450932960000,1450933439000,120.663,120.663,120.561,120.577,498470000,8
1450933440000,1450933919000,120.577,120.592,120.532,120.546,546020000,8
1450933920000,1450934399000,120.546,120.565,120.509,120.521,581900000,8
1450934400000,1450934879000,120.521,120.55,120.51,120.538,540890000,8
1450934880000,1450935359000,120.539,120.551,120.516,120.542,496350000,8
1450935360000,1450935839000,120.541,120.576,120.534,120.576,441400000,8
1450935840000,1450936319000,120.577,120.577,120.528,120.559,530830000,8
1450936320000,1450936799000,120.557,120.588,120.527,120.527,643570000,8
1450936800000,1450937279000,120.526,120.544,120.501,120.544,487900000,8
1450937280000,1450937759000,120.544,120.611,120.542,120.59,445820000,8
1450937760000,1450938239000,120.59,120.59,120.56,120.575,361230000,8
1450938240000,1450938719000,120.577,120.598,120.577,120.592,200530000,8
1450938720000,1450939199000,120.592,120.644,120.59,120.622,407610000,8
1450939200000,1450939679000,120.623,120.629,120.589,120.597,234250000,8
1450939680000,1450940159000,120.596,120.604,120.59,120.596,254060000,8
1450940160000,1450940639000,120.595,120.596,120.574,120.574,322260000,8
1450940640000,1450941119000,120.574,120.576,120.535,120.543,384520000,8
1450941120000,1450941599000,120.542,120.57,120.54,120.566,330460000,8
1450941600000,1450942079000,120.566,120.567,120.544,120.544,206210000,8
1450942080000,1450942559000,120.544,120.544,120.488,120.488,357210000,8
1450942560000,1450943039000,120.49,120.501,120.46,120.501,458560000,8
1450943040000,1450943519000,120.501,120.516,120.477,120.495,398080000,8
1450943520000,1450943999000,120.494,120.495,120.436,120.449,408930000,8
1450944000000,1450944479000,120.452,120.528,120.451,120.527,387430000,8
1450944480000,1450944959000,120.527,120.531,120.478,120.49,468450000,8
1450944960000,1450945439000,120.49,120.516,120.464,120.481,392370000,8
1450945440000,1450945919000,120.481,120.482,120.436,120.447,375480000,8
1450945920000,1450946399000,120.448,120.481,120.443,120.466,302160000,8
1450946400000,1450946879000,120.467,120.468,120.359,120.39,521150000,8
1450946880000,1450947359000,120.393,120.409,120.315,120.376,776030000,8
1450947360000,1450947839000,120.377,120.418,120.371,120.418,524010000,8
1450947840000,1450948319000,120.418,120.421,120.359,120.362,410080000,8
1450948320000,1450948799000,120.362,120.39,120.315,120.333,543350000,8
1450948800000,1450949279000,120.333,120.357,120.31,120.316,382490000,8
1450949280000,1450949759000,120.317,120.363,120.272,120.361,617340000,8
1450949760000,1450950239000,120.36,120.362,120.332,120.332,375520000,8
1450950240000,1450950719000,120.331,120.339,120.306,120.321,430030000,8
1450950720000,1450951199000,120.321,120.373,120.317,120.37,267760000,8
1450951200000,1450951679000,120.369,120.369,120.302,120.31,378630000,8
1450951680000,1450952159000,120.311,120.364,120.31,120.362,326200000,8
1450952160000,1450952639000,120.362,120.365,120.341,120.341,310370000,8
1450952640000,1450953119000,120.343,120.357,120.324,120.346,204370000,8
1450953120000,1450953599000,120.346,120.347,120.319,120.333,203110000,8
1450953600000,1450954079000,120.333,120.342,120.276,120.28,351450000,8
1450954080000,1450954559000,120.281,120.309,120.265,120.272,465210000,8
1450954560000,1450955039000,120.272,120.294,120.253,120.275,522070000,8
1450955040000,1450955519000,120.275,120.296,120.275,120.291,349630000,8
1450955520000,1450955999000,120.291,120.303,120.249,120.252,458960000,8
1450956000000,1450956479000,120.252,120.331,120.248,120.331,611620000,8
1450956480000,1450956959000,120.333,120.37,120.312,120.364,316540000,8
1450956960000,1450957439000,120.364,120.392,120.326,120.334,716950000,8
1450957920000,1450958399000,120.339,120.37,120.311,120.37,305970000,8
1450958400000,1450958879000,120.372,120.389,120.358,120.359,249430000,8
1450958880000,1450959359000,120.359,120.367,120.34,120.347,268100000,8
1450959360000,1450959839000,120.346,120.389,120.337,120.381,260220000,8
1450959840000,1450960319000,120.381,120.468,120.379,120.445,494670000,8
1450960320000,1450960799000,120.444,120.495,120.444,120.46,374230000,8
1450960800000,1450961279000,120.46,120.486,120.45,120.454,196610000,8
1450961280000,1450961759000,120.454,120.466,120.433,120.442,323220000,8
1450961760000,1450962239000,120.442,120.467,120.438,120.467,281620000,8
1450962240000,1450962719000,120.467,120.482,120.45,120.452,196520000,8
1450962720000,1450963199000,120.452,120.464,120.398,120.445,508260000,8
1450963200000,1450963679000,120.445,120.468,120.428,120.444,530880000,8
1450963680000,1450964159000,120.444,120.458,120.388,120.41,484190000,8
1450964160000,1450964639000,120.408,120.428,120.389,120.406,578240000,8
1450964640000,1450965119000,120.407,120.411,120.366,120.37,353860000,8
1450965120000,1450965599000,120.37,120.375,120.348,120.351,334380000,8
1450965600000,1450966079000,120.352,120.382,120.33,120.382,511440000,8
1450966080000,1450966559000,120.381,120.396,120.379,120.394,279950000,8
1450966560000,1450967039000,120.394,120.412,120.338,120.351,562890000,8
1450967040000,1450967519000,120.352,120.396,120.352,120.374,472130000,8
1450967520000,1450967999000,120.374,120.375,120.307,120.319,596680000,8
1450968000000,1450968479000,120.319,120.331,120.299,120.306,602120000,8
1450968480000,1450968959000,120.308,120.327,120.288,120.325,583760000,8
1450968960000,1450969439000,120.325,120.364,120.325,120.331,519730000,8
1450969440000,1450969919000,120.332,120.34,120.313,120.33,387620000,8
1450969920000,1450970399000,120.33,120.341,120.309,120.324,413960000,8
1450970400000,1450970879000,120.323,120.326,120.292,120.307,436180000,8
1450970880000,1450971359000,120.308,120.372,120.303,120.362,405870000,8
1450971360000,1450971839000,120.362,120.39,120.36,120.36,300340000,8
1450971840000,1450972319000,120.359,120.377,120.346,120.364,325640000,8
1450972320000,1450972799000,120.364,120.364,120.281,120.283,699460000,8
1450972800000,1450973279000,120.283,120.307,120.266,120.305,452260000,8
1450973280000,1450973759000,120.305,120.326,120.302,120.305,272540000,8
1450973760000,1450974239000,120.305,120.305,120.284,120.286,343670000,8
1450974240000,1450974719000,120.287,120.295,120.256,120.26,343520000,8
1450974720000,1450975199000,120.263,120.291,120.262,120.281,230550000,8
1450975200000,1450975679000,120.281,120.303,120.259,120.276,330580000,8
1450975680000,1450976159000,120.276,120.311,120.265,120.305,282240000,8
1450976160000,1450976639000,120.305,120.325,120.288,120.312,339710000,8
1450976640000,1450977119000,120.311,120.326,120.277,120.277,306570000,8
1450977120000,1450977599000,120.278,120.286,120.259,120.269,316130000,8
1450977600000,1450978079000,120.269,120.296,120.261,120.284,448670000,8
1450978080000,1450978559000,120.284,120.297,120.279,120.296,414570000,8
1450978560000,1450979039000,120.296,120.301,120.272,120.276,266870000,8
1450979040000,1450979519000,120.274,120.287,120.271,120.276,231040000,8
1450979520000,1450979999000,120.274,120.315,120.271,120.292,516630000,8
1450980480000,1450980959000,120.272,120.278,120.268,120.271,205680000,8
1450981440000,1450981919000,120.27,120.285,120.268,120.268,97610000,8
1450981920000,1450982399000,120.268,120.271,120.268,120.271,40140000,8
1450982880000,1450983359000,120.271,120.272,120.27,120.27,40430000,8
1450983840000,1450984319000,120.268,120.27,120.266,120.27,290750000,8
1450984320000,1450984799000,120.27,120.319,120.268,120.299,295450000,8
1450984800000,1450985279000,120.295,120.311,120.288,120.311,158730000,8
1450985280000,1450985759000,120.311,120.314,120.298,120.299,91700000,8
1450985760000,1450986239000,120.298,120.304,120.294,120.298,76650000,8
1450986240000,1450986719000,120.301,120.307,120.29,120.304,236220000,8
1450987680000,1450988159000,120.303,120.329,120.294,120.329,246420000,8
1450988160000,1450988639000,120.337,120.338,120.316,120.318,140760000,8
1450990080000,1450990559000,120.325,120.338,120.314,120.322,119340000,8
1450992000000,1450992479000,120.33,120.382,120.33,120.37,84530000,8
1450993440000,1450993919000,120.396,120.428,120.378,120.393,100560000,8
1450993920000,1450994399000,120.388,120.418,120.376,120.376,57960000,8
1450997760000,1450998239000,120.29,120.329,120.27,120.287,81470000,8
1450998240000,1450998719000,120.284,120.309,120.214,120.247,146410000,8
1450998720000,1450999199000,120.247,120.274,120.147,120.235,439720000,8
1451001120000,1451001599000,120.166,120.183,120.155,120.168,106990000,8
1451001600000,1451002079000,120.169,120.325,120.16,120.251,231070000,8
1451002080000,1451002559000,120.276,120.313,120.178,120.274,129470000,8
1451002560000,1451003039000,120.274,120.313,120.151,120.158,377900000,8
1451003040000,1451003519000,120.189,120.217,120.154,120.176,173330000,8
1451003520000,1451003999000,120.176,120.182,120.152,120.165,181500000,8
1451004000000,1451004479000,120.167,120.251,120.156,120.226,231620000,8
1451004480000,1451004959000,120.243,120.284,120.111,120.242,554710000,8
1451004960000,1451005439000,120.25,120.262,120.214,120.227,241640000,8
1451005440000,1451005919000,120.23,120.238,120.211,120.22,158230000,8
1451005920000,1451006399000,120.22,120.241,120.209,120.241,132920000,8
1451006400000,1451006879000,120.238,120.253,120.221,120.228,111890000,8
1451007360000,1451007839000,120.217,120.247,120.203,120.247,119470000,8
1451007840000,1451008319000,120.246,120.258,120.2,120.208,118730000,8
1451008320000,1451008799000,120.208,120.215,120.176,120.184,102070000,8
1451009280000,1451009759000,120.207,120.215,120.199,120.203,115670000,8
1451009760000,1451010239000,120.2,120.263,120.17,120.248,245360000,8
1451010720000,1451011199000,120.201,120.224,120.188,120.218,113100000,8
1451011200000,1451011679000,120.211,120.237,120.18,120.235,100360000,8
1451011680000,1451012159000,120.23,120.238,120.192,120.225,169710000,8
1451012160000,1451012639000,120.225,120.234,120.201,120.205,84730000,8
1451012640000,1451013119000,120.205,120.227,120.204,120.207,64490000,8
1451013120000,1451013599000,120.207,120.221,120.2,120.204,67000000,8
1451014560000,1451015039000,120.208,120.211,120.188,120.2,106810000,8
1451015520000,1451015999000,120.189,120.199,120.184,120.192,64100000,8
1451016000000,1451016479000,120.19,120.193,120.177,120.187,73230000,8
1451016480000,1451016959000,120.194,120.195,120.125,120.155,166340000,8
1451016960000,1451017439000,120.156,120.168,120.135,120.154,119610000,8
1451018400000,1451018879000,120.165,120.187,120.117,120.154,142430000,8
1451019360000,1451019839000,120.168,120.168,120.095,120.122,150590000,8
1451019840000,1451020319000,120.122,120.157,120.087,120.093,163710000,8
1451020320000,1451020799000,120.093,120.114,120.082,120.095,113340000,8
1451020800000,1451021279000,120.098,120.16,120.09,120.109,240940000,8
1451021280000,1451021759000,120.147,120.153,120.084,120.104,254200000,8
1451021760000,1451022239000,120.104,120.115,120.065,120.098,171730000,8
1451022240000,1451022719000,120.096,120.135,120.073,120.109,271050000,8
1451022720000,1451023199000,120.108,120.126,120.056,120.096,225940000,8
1451023200000,1451023679000,120.095,120.157,120.076,120.11,188720000,8
1451023680000,1451024159000,120.112,120.12,120.107,120.107,64100000,8
1451024160000,1451024639000,120.107,120.116,120.061,120.074,190380000,8
1451024640000,1451025119000,120.089,120.147,120.089,120.113,164600000,8
1451026560000,1451027039000,120.165,120.284,120.165,120.236,66610000,8
1451027520000,1451027999000,120.169,120.349,120.158,120.254,81750000,8
1451028000000,1451028479000,120.247,120.336,120.218,120.222,44250000,8
1451028480000,1451028959000,120.207,120.304,120.201,120.261,58750000,8
1451029440000,1451029919000,120.256,120.291,120.195,120.219,61750000,8
1451254080000,1451254559000,120.187,120.23,120.142,120.202,100040000,8
1451254560000,1451255039000,120.202,120.242,120.202,120.212,102850000,8
1451255040000,1451255519000,120.212,120.232,120.182,120.207,149800000,8
1451255520000,1451255999000,120.204,120.218,120.182,120.209,89380000,8
1451256480000,1451256959000,120.248,120.27,120.247,120.264,297660000,8
1451256960000,1451257439000,120.264,120.265,120.196,120.203,501690000,8
1451258880000,1451259359000,120.214,120.214,120.163,120.187,349680000,8
1451259360000,1451259839000,120.188,120.21,120.171,120.171,400960000,8
1451259840000,1451260319000,120.172,120.223,120.172,120.214,699500000,8
1451260320000,1451260799000,120.214,120.253,120.204,120.246,330380000,8
1451260800000,1451261279000,120.246,120.343,120.238,120.328,759210000,8
1451261280000,1451261759000,120.329,120.329,120.256,120.278,656380000,8
1451261760000,1451262239000,120.275,120.294,120.248,120.265,588580000,8
1451262240000,1451262719000,120.265,120.284,120.249,120.278,578510000,8
1451262720000,1451263199000,120.277,120.292,120.263,120.289,410630000,8
1451263200000,1451263679000,120.288,120.322,120.281,120.322,483940000,8
1451263680000,1451264159000,120.323,120.543,120.314,120.49,1146280000,8
1451264160000,1451264639000,120.492,120.492,120.411,120.431,847900000,8
1451264640000,1451265119000,120.43,120.453,120.419,120.43,526180000,8
1451265120000,1451265599000,120.431,120.471,120.419,120.426,527370000,8
1451265600000,1451266079000,120.425,120.462,120.419,120.452,363620000,8
1451266080000,1451266559000,120.453,120.453,120.418,120.418,405110000,8
1451266560000,1451267039000,120.419,120.422,120.387,120.397,360850000,8
1451267040000,1451267519000,120.397,120.444,120.382,120.43,382640000,8
1451267520000,1451267999000,120.43,120.459,120.416,120.447,488380000,8
1451268000000,1451268479000,120.449,120.453,120.408,120.412,304470000,8
1451268480000,1451268959000,120.413,120.416,120.395,120.396,236880000,8
1451268960000,1451269439000,120.397,120.441,120.395,120.405,397020000,8
1451269440000,1451269919000,120.403,120.408,120.351,120.376,286980000,8
1451269920000,1451270399000,120.377,120.382,120.349,120.37,319240000,8
1451270400000,1451270879000,120.368,120.375,120.359,120.373,163560000,8
1451270880000,1451271359000,120.372,120.405,120.372,120.397,151450000,8
1451271360000,1451271839000,120.396,120.403,120.37,120.373,159920000,8
1451271840000,1451272319000,120.374,120.391,120.372,120.388,121610000,8
1451272320000,1451272799000,120.386,120.397,120.382,120.393,154030000,8
1451272800000,1451273279000,120.394,120.401,120.38,120.382,117830000,8
1451273280000,1451273759000,120.382,120.408,120.382,120.389,146130000,8
1451273760000,1451274239000,120.391,120.402,120.379,120.381,163470000,8
1451274240000,1451274719000,120.38,120.393,120.379,120.388,118040000,8
1451274720000,1451275199000,120.39,120.399,120.38,120.384,167250000,8
1451275200000,1451275679000,120.383,120.412,120.381,120.407,160930000,8
1451275680000,1451276159000,120.408,120.423,120.399,120.402,181740000,8
1451276160000,1451276639000,120.403,120.425,120.403,120.415,120260000,8
1451276640000,1451277119000,120.416,120.443,120.416,120.424,230500000,8
1451277120000,1451277599000,120.425,120.425,120.414,120.421,121980000,8
1451277600000,1451278079000,120.42,120.438,120.418,120.434,175580000,8
1451278080000,1451278559000,120.434,120.461,120.428,120.45,248600000,8
1451278560000,1451279039000,120.451,120.481,120.443,120.48,185640000,8
1451279040000,1451279519000,120.481,120.505,120.465,120.465,348290000,8
1451279520000,1451279999000,120.465,120.516,120.464,120.501,473150000,8
1451280000000,1451280479000,120.502,120.513,120.49,120.493,377810000,8
1451280480000,1451280959000,120.493,120.499,120.449,120.467,332630000,8
1451280960000,1451281439000,120.468,120.488,120.465,120.481,247100000,8
1451281440000,1451281919000,120.481,120.486,120.454,120.457,327860000,8
1451281920000,1451282399000,120.458,120.461,120.411,120.411,474640000,8
1451282400000,1451282879000,120.408,120.44,120.406,120.44,300380000,8
1451282880000,1451283359000,120.44,120.461,120.434,120.445,418220000,8
1451283360000,1451283839000,120.445,120.455,120.44,120.451,240700000,8
1451283840000,1451284319000,120.451,120.505,120.447,120.48,290160000,8
1451284320000,1451284799000,120.479,120.497,120.476,120.484,210770000,8
1451284800000,1451285279000,120.485,120.485,120.457,120.464,142900000,8
1451285280000,1451285759000,120.466,120.474,120.457,120.473,169800000,8
1451285760000,1451286239000,120.475,120.551,120.467,120.551,430550000,8
1451286240000,1451286719000,120.553,120.553,120.525,120.529,407320000,8
1451286720000,1451287199000,120.528,120.559,120.528,120.538,339930000,8
1451287200000,1451287679000,120.541,120.585,120.541,120.569,456140000,8
1451287680000,1451288159000,120.569,120.58,120.554,120.579,606030000,8
1451288160000,1451288639000,120.581,120.607,120.575,120.583,378800000,8
1451288640000,1451289119000,120.584,120.585,120.561,120.569,389400000,8
1451289120000,1451289599000,120.568,120.582,120.559,120.572,606680000,8
1451289600000,1451290079000,120.573,120.627,120.57,120.626,495930000,8
1451290080000,1451290559000,120.624,120.63,120.589,120.595,444030000,8
1451290560000,1451291039000,120.597,120.602,120.575,120.579,527990000,8
1451291040000,1451291519000,120.578,120.578,120.523,120.539,452680000,8
1451291520000,1451291999000,120.539,120.582,120.537,120.55,542450000,8
1451292000000,1451292479000,120.55,120.575,120.547,120.571,556880000,8
1451292480000,1451292959000,120.571,120.607,120.566,120.597,462180000,8
1451292960000,1451293439000,120.597,120.602,120.585,120.594,298070000,8
1451293440000,1451293919000,120.593,120.606,120.579,120.579,257970000,8
1451293920000,1451294399000,120.578,120.581,120.546,120.58,331050000,8
1451294400000,1451294879000,120.58,120.586,120.559,120.569,461170000,8
1451294880000,1451295359000,120.57,120.583,120.564,120.565,482160000,8
1451295360000,1451295839000,120.567,120.569,120.531,120.531,429980000,8
1451295840000,1451296319000,120.531,120.537,120.514,120.519,375460000,8
1451296320000,1451296799000,120.518,120.531,120.5,120.514,374320000,8
1451296800000,1451297279000,120.515,120.532,120.492,120.495,356470000,8
1451297280000,1451297759000,120.495,120.509,120.494,120.494,115280000,8
1451297760000,1451298239000,120.495,120.515,120.495,120.502,257070000,8
1451298720000,1451299199000,120.471,120.527,120.461,120.52,377930000,8
1451299200000,1451299679000,120.52,120.546,120.519,120.545,356860000,8
1451299680000,1451300159000,120.545,120.561,120.535,120.561,345460000,8
1451300160000,1451300639000,120.561,120.561,120.535,120.54,240830000,8
1451300640000,1451301119000,120.541,120.548,120.482,120.49,510000000,8
1451301120000,1451301599000,120.493,120.505,120.483,120.483,333110000,8
1451301600000,1451302079000,120.482,120.483,120.464,120.479,370400000,8
1451302080000,1451302559000,120.479,120.481,120.462,120.466,219070000,8
1451302560000,1451303039000,120.466,120.513,120.466,120.507,277120000,8
1451303040000,1451303519000,120.508,120.511,120.482,120.487,231670000,8
1451303520000,1451303999000,120.488,120.501,120.478,120.5,330780000,8
1451304000000,1451304479000,120.499,120.509,120.485,120.508,491290000,8
1451304480000,1451304959000,120.509,120.517,120.451,120.475,403690000,8
1451304960000,1451305439000,120.475,120.475,120.436,120.436,419480000,8
1451305440000,1451305919000,120.437,120.444,120.378,120.393,513960000,8
1451305920000,1451306399000,120.395,120.416,120.393,120.414,508600000,8
1451306400000,1451306879000,120.414,120.429,120.399,120.413,474120000,8
1451306880000,1451307359000,120.412,120.43,120.386,120.398,507860000,8
1451307360000,1451307839000,120.398,120.459,120.395,120.459,301600000,8
1451307840000,1451308319000,120.46,120.479,120.45,120.45,739200000,8
1451308320000,1451308799000,120.45,120.489,120.437,120.472,801170000,8
1451308800000,1451309279000,120.47,120.47,120.431,120.433,487690000,8
1451309280000,1451309759000,120.433,120.453,120.415,120.444,450970000,8
1451309760000,1451310239000,120.443,120.447,120.419,120.422,380590000,8
1451310240000,1451310719000,120.421,120.43,120.39,120.398,443950000,8
1451310720000,1451311199000,120.398,120.429,120.382,120.426,384540000,8
1451311200000,1451311679000,120.424,120.444,120.407,120.421,566950000,8
1451311680000,1451312159000,120.421,120.454,120.414,120.433,517770000,8
1451312160000,1451312639000,120.433,120.448,120.422,120.436,610740000,8
1451312640000,1451313119000,120.435,120.441,120.399,120.41,462430000,8
1451313120000,1451313599000,120.412,120.418,120.384,120.402,819760000,8
1451313600000,1451314079000,120.403,120.426,120.393,120.395,916780000,8
1451314080000,1451314559000,120.395,120.416,120.388,120.4,991490000,8
1451314560000,1451315039000,120.401,120.412,120.367,120.375,933650000,8
1451315040000,1451315519000,120.375,120.407,120.371,120.387,904280000,8
1451315520000,1451315999000,120.386,120.398,120.37,120.378,877550000,8
1451316000000,1451316479000,120.378,120.379,120.362,120.378,526330000,8
1451316480000,1451316959000,120.377,120.377,120.33,120.331,529680000,8
1451316960000,1451317439000,120.332,120.378,120.331,120.378,621700000,8
1451317440000,1451317919000,120.378,120.383,120.321,120.329,766400000,8
1451317920000,1451318399000,120.329,120.344,120.285,120.32,815900000,8
1451318400000,1451318879000,120.32,120.32,120.25,120.263,874810000,8
1451318880000,1451319359000,120.263,120.283,120.232,120.236,747720000,8
1451319360000,1451319839000,120.237,120.244,120.204,120.225,636970000,8
1451319840000,1451320319000,120.223,120.259,120.223,120.245,655480000,8
1451320320000,1451320799000,120.245,120.287,120.24,120.287,1605730000,8
1451320800000,1451321279000,120.286,120.315,120.275,120.307,529250000,8
1451321280000,1451321759000,120.307,120.337,120.301,120.335,546740000,8
1451321760000,1451322239000,120.336,120.336,120.293,120.308,313780000,8
1451322240000,1451322719000,120.308,120.33,120.308,120.322,321480000,8
1451322720000,1451323199000,120.323,120.335,120.283,120.286,461750000,8
1451323200000,1451323679000,120.287,120.312,120.282,120.305,285100000,8
1451323680000,1451324159000,120.305,120.314,120.299,120.312,330680000,8
1451324160000,1451324639000,120.311,120.333,120.311,120.326,244220000,8
1451324640000,1451325119000,120.326,120.343,120.326,120.338,338770000,8
1451325120000,1451325599000,120.337,120.348,120.329,120.344,280530000,8
1451325600000,1451326079000,120.344,120.35,120.323,120.335,280150000,8
1451326080000,1451326559000,120.335,120.354,120.319,120.351,365680000,8
1451326560000,1451327039000,120.35,120.377,120.347,120.355,414010000,8
1451327040000,1451327519000,120.355,120.404,120.346,120.399,463990000,8
1451327520000,1451327999000,120.399,120.412,120.375,120.375,543600000,8
1451328000000,1451328479000,120.375,120.392,120.346,120.354,463390000,8
1451328480000,1451328959000,120.354,120.377,120.347,120.368,473530000,8
1451328960000,1451329439000,120.368,120.389,120.363,120.378,519240000,8
1451329440000,1451329919000,120.377,120.384,120.349,120.35,327500000,8
1451329920000,1451330399000,120.349,120.361,120.338,120.351,325460000,8
1451330400000,1451330879000,120.352,120.356,120.343,120.353,240470000,8
1451330880000,1451331359000,120.354,120.354,120.321,120.323,357250000,8
1451331360000,1451331839000,120.324,120.341,120.316,120.338,244880000,8
1451331840000,1451332319000,120.339,120.344,120.326,120.341,318890000,8
1451332320000,1451332799000,120.342,120.356,120.336,120.341,453860000,8
1451332800000,1451333279000,120.341,120.354,120.32,120.348,334560000,8
1451333280000,1451333759000,120.348,120.356,120.338,120.341,281070000,8
1451333760000,1451334239000,120.341,120.354,120.324,120.354,207280000,8
1451334240000,1451334719000,120.353,120.372,120.351,120.372,176860000,8
1451334720000,1451335199000,120.373,120.392,120.368,120.385,279810000,8
1451335200000,1451335679000,120.385,120.395,120.359,120.363,262040000,8
1451335680000,1451336159000,120.364,120.367,120.348,120.363,197640000,8
1451336160000,1451336639000,120.363,120.365,120.35,120.355,97640000,8
1451336640000,1451337119000,120.355,120.361,120.355,120.356,77470000,8
1451337600000,1451338079000,120.347,120.35,120.342,120.349,147770000,8
1451338080000,1451338559000,120.349,120.353,120.349,120.352,102260000,8
1451338560000,1451339039000,120.353,120.367,120.353,120.364,68170000,8
1451339040000,1451339519000,120.363,120.376,120.357,120.371,169520000,8
1451339520000,1451339999000,120.372,120.403,120.372,120.403,179150000,8
1451340960000,1451341439000,120.398,120.398,120.378,120.381,77030000,8
1451341440000,1451341919000,120.38,120.411,120.379,120.405,318110000,8
1451341920000,1451342399000,120.408,120.41,120.392,120.392,267110000,8
1451342400000,1451342879000,120.391,120.391,120.367,120.381,463460000,8
1451342880000,1451343359000,120.381,120.386,120.362,120.369,349940000,8
1451343360000,1451343839000,120.369,120.388,120.357,120.367,398070000,8
1451343840000,1451344319000,120.367,120.391,120.329,120.356,643140000,8
1451344320000,1451344799000,120.356,120.368,120.341,120.363,199510000,8
1451344800000,1451345279000,120.364,120.377,120.361,120.369,121380000,8
1451345280000,1451345759000,120.37,120.375,120.352,120.354,96930000,8
1451345760000,1451346239000,120.359,120.377,120.336,120.364,264850000,8
1451346240000,1451346719000,120.365,120.374,120.348,120.355,198610000,8
1451346720000,1451347199000,120.356,120.366,120.338,120.342,292250000,8
1451347200000,1451347679000,120.346,120.349,120.291,120.318,481380000,8
1451347680000,1451348159000,120.316,120.317,120.279,120.296,330410000,8
1451348160000,1451348639000,120.296,120.299,120.241,120.266,458240000,8
1451348640000,1451349119000,120.268,120.275,120.25,120.259,288680000,8
1451349120000,1451349599000,120.258,120.276,120.242,120.264,386870000,8
1451349600000,1451350079000,120.265,120.266,120.243,120.245,470950000,8
1451350080000,1451350559000,120.245,120.418,120.234,120.345,848670000,8
1451350560000,1451351039000,120.346,120.374,120.326,120.347,600370000,8
1451351040000,1451351519000,120.346,120.348,120.324,120.332,305810000,8
1451351520000,1451351999000,120.335,120.355,120.314,120.316,343500000,8
1451352000000,1451352479000,120.316,120.346,120.306,120.341,436290000,8
1451352480000,1451352959000,120.341,120.341,120.309,120.315,374770000,8
1451352960000,1451353439000,120.315,120.345,120.305,120.331,433530000,8
1451353440000,1451353919000,120.333,120.345,120.333,120.337,166790000,8
1451353920000,1451354399000,120.338,120.342,120.331,120.339,287730000,8
1451354400000,1451354879000,120.339,120.381,120.332,120.38,325620000,8
1451354880000,1451355359000,120.38,120.38,120.338,120.34,565860000,8
1451355360000,1451355839000,120.34,120.341,120.31,120.316,520630000,8
1451355840000,1451356319000,120.316,120.318,120.299,120.302,398890000,8
1451356320000,1451356799000,120.303,120.331,120.287,120.331,205090000,8
1451356800000,1451357279000,120.331,120.332,120.299,120.316,207390000,8
1451357280000,1451357759000,120.316,120.316,120.295,120.295,231960000,8
1451357760000,1451358239000,120.296,120.3,120.262,120.268,307960000,8
1451358240000,1451358719000,120.272,120.277,120.249,120.255,403460000,8
1451358720000,1451359199000,120.254,120.275,120.254,120.261,382330000,8
1451359200000,1451359679000,120.261,120.293,120.261,120.288,463940000,8
1451359680000,1451360159000,120.289,120.289,120.268,120.274,395200000,8
1451360160000,1451360639000,120.276,120.308,120.276,120.281,285160000,8
1451360640000,1451361119000,120.281,120.302,120.275,120.289,203590000,8
1451361120000,1451361599000,120.291,120.325,120.284,120.308,654060000,8
1451361600000,1451362079000,120.308,120.31,120.293,120.298,322710000,8
1451362080000,1451362559000,120.298,120.311,120.287,120.302,426620000,8
1451362560000,1451363039000,120.302,120.323,120.29,120.31,449990000,8
1451363040000,1451363519000,120.309,120.325,120.305,120.325,290250000,8
1451363520000,1451363999000,120.324,120.333,120.309,120.333,272090000,8
1451364000000,1451364479000,120.331,120.34,120.324,120.338,323440000,8
1451364480000,1451364959000,120.338,120.344,120.325,120.325,389140000,8
1451364960000,1451365439000,120.327,120.346,120.327,120.34,233760000,8
1451365440000,1451365919000,120.339,120.341,120.311,120.316,249370000,8
1451365920000,1451366399000,120.316,120.332,120.311,120.316,745930000,8
1451366400000,1451366879000,120.315,120.331,120.311,120.311,506020000,8
1451366880000,1451367359000,120.311,120.322,120.305,120.321,192220000,8
1451367360000,1451367839000,120.321,120.332,120.317,120.332,267570000,8
1451367840000,1451368319000,120.331,120.332,120.305,120.318,262510000,8
1451368320000,1451368799000,120.319,120.332,120.296,120.316,400610000,8
1451368800000,1451369279000,120.316,120.337,120.314,120.328,487980000,8
1451369280000,1451369759000,120.329,120.33,120.316,120.318,291890000,8
1451369760000,1451370239000,120.317,120.325,120.293,120.325,390070000,8
1451370240000,1451370719000,120.325,120.333,120.311,120.323,202870000,8
1451370720000,1451371199000,120.325,120.335,120.315,120.331,165650000,8
1451371200000,1451371679000,120.331,120.347,120.326,120.346,310810000,8
1451371680000,1451372159000,120.346,120.371,120.345,120.36,400760000,8
1451372160000,1451372639000,120.36,120.396,120.352,120.382,1090430000,8
1451372640000,1451373119000,120.382,120.389,120.372,120.385,593120000,8
1451373120000,1451373599000,120.386,120.403,120.377,120.384,349820000,8
1451373600000,1451374079000,120.384,120.385,120.36,120.367,271140000,8
1451374080000,1451374559000,120.365,120.387,120.365,120.386,334870000,8
1451374560000,1451375039000,120.387,120.395,120.372,120.382,227900000,8
1451375040000,1451375519000,120.382,120.382,120.367,120.378,220080000,8
1451375520000,1451375999000,120.377,120.378,120.337,120.351,528340000,8
1451376000000,1451376479000,120.351,120.37,120.351,120.361,479450000,8
1451376480000,1451376959000,120.36,120.373,120.349,120.356,532470000,8
1451376960000,1451377439000,120.356,120.375,120.349,120.363,511020000,8
1451377440000,1451377919000,120.362,120.369,120.347,120.359,464620000,8
1451377920000,1451378399000,120.36,120.396,120.358,120.375,450700000,8
1451378400000,1451378879000,120.375,120.397,120.375,120.396,402850000,8
1451378880000,1451379359000,120.397,120.41,120.387,120.393,432870000,8
1451379360000,1451379839000,120.393,120.396,120.363,120.369,571740000,8
1451379840000,1451380319000,120.368,120.369,120.346,120.369,329120000,8
1451380320000,1451380799000,120.369,120.385,120.34,120.379,536100000,8
1451380800000,1451381279000,120.381,120.408,120.379,120.408,360300000,8
1451381280000,1451381759000,120.41,120.437,120.393,120.419,456020000,8
1451381760000,1451382239000,120.42,120.433,120.414,120.428,468600000,8
1451382240000,1451382719000,120.428,120.497,120.428,120.474,652580000,8
1451382720000,1451383199000,120.474,120.478,120.441,120.445,437490000,8
1451383200000,1451383679000,120.445,120.447,120.403,120.443,485500000,8
1451383680000,1451384159000,120.442,120.453,120.427,120.446,398090000,8
1451384160000,1451384639000,120.446,120.461,120.419,120.42,378230000,8
1451384640000,1451385119000,120.42,120.445,120.417,120.434,443500000,8
1451385120000,1451385599000,120.434,120.449,120.413,120.418,343120000,8
1451385600000,1451386079000,120.419,120.434,120.406,120.407,353320000,8
1451386080000,1451386559000,120.406,120.416,120.392,120.414,449840000,8
1451386560000,1451387039000,120.414,120.424,120.41,120.412,277780000,8
1451387040000,1451387519000,120.412,120.425,120.404,120.421,211190000,8
1451387520000,1451387999000,120.421,120.427,120.417,120.423,246410000,8
1451388000000,1451388479000,120.424,120.433,120.421,120.423,219330000,8
1451388480000,1451388959000,120.424,120.425,120.414,120.422,296910000,8
1451388960000,1451389439000,120.422,120.426,120.414,120.423,184180000,8
1451389440000,1451389919000,120.423,120.434,120.412,120.43,254360000,8
1451389920000,1451390399000,120.429,120.432,120.412,120.423,297930000,8
1451390400000,1451390879000,120.424,120.439,120.415,120.428,452600000,8
1451390880000,1451391359000,120.429,120.429,120.419,120.426,362420000,8
1451391360000,1451391839000,120.426,120.442,120.423,120.44,325870000,8
1451391840000,1451392319000,120.439,120.467,120.436,120.458,397410000,8
1451392320000,1451392799000,120.457,120.473,120.422,120.426,500120000,8
1451392800000,1451393279000,120.426,120.435,120.408,120.408,296720000,8
1451393280000,1451393759000,120.408,120.443,120.401,120.434,497180000,8
1451393760000,1451394239000,120.434,120.434,120.377,120.377,550330000,8
1451394240000,1451394719000,120.377,120.387,120.368,120.385,305920000,8
1451394720000,1451395199000,120.384,120.398,120.354,120.388,610710000,8
1451395200000,1451395679000,120.386,120.396,120.371,120.377,351310000,8
1451395680000,1451396159000,120.378,120.394,120.353,120.38,654200000,8
1451396160000,1451396639000,120.38,120.448,120.38,120.43,662420000,8
1451396640000,1451397119000,120.429,120.465,120.428,120.452,594910000,8
1451397120000,1451397599000,120.452,120.459,120.434,120.453,577350000,8
1451397600000,1451398079000,120.454,120.458,120.389,120.421,569360000,8
1451398080000,1451398559000,120.42,120.437,120.402,120.412,484870000,8
1451398560000,1451399039000,120.413,120.468,120.412,120.46,499810000,8
1451399040000,1451399519000,120.461,120.483,120.447,120.461,590450000,8
1451399520000,1451399999000,120.462,120.501,120.459,120.47,891130000,8
1451400000000,1451400479000,120.472,120.499,120.46,120.481,777740000,8
1451400480000,1451400959000,120.48,120.5,120.467,120.481,733570000,8
1451400960000,1451401439000,120.48,120.481,120.418,120.454,562550000,8
1451401440000,1451401919000,120.453,120.471,120.437,120.437,794300000,8
1451401920000,1451402399000,120.437,120.467,120.425,120.464,654280000,8
1451402400000,1451402879000,120.464,120.489,120.419,120.433,768820000,8
1451402880000,1451403359000,120.434,120.441,120.405,120.412,680920000,8
1451403360000,1451403839000,120.411,120.437,120.395,120.431,670690000,8
1451403840000,1451404319000,120.431,120.467,120.378,120.39,859080000,8
1451404320000,1451404799000,120.39,120.481,120.386,120.472,966990000,8
1451404800000,1451405279000,120.473,120.505,120.455,120.468,927410000,8
1451405280000,1451405759000,120.469,120.484,120.445,120.447,666940000,8
1451405760000,1451406239000,120.448,120.469,120.444,120.463,531240000,8
1451406240000,1451406719000,120.464,120.47,120.452,120.453,612960000,8
1451406720000,1451407199000,120.454,120.474,120.451,120.468,480360000,8
1451407200000,1451407679000,120.468,120.472,120.458,120.46,362340000,8
1451407680000,1451408159000,120.459,120.461,120.436,120.446,425280000,8
1451408160000,1451408639000,120.446,120.459,120.441,120.447,417420000,8
1451408640000,1451409119000,120.447,120.465,120.446,120.447,408790000,8
1451409120000,1451409599000,120.446,120.466,120.444,120.463,405960000,8
1451409600000,1451410079000,120.464,120.474,120.458,120.471,307230000,8
1451410080000,1451410559000,120.471,120.472,120.423,120.431,262080000,8
1451410560000,1451411039000,120.432,120.434,120.413,120.423,424180000,8
1451411040000,1451411519000,120.423,120.436,120.416,120.421,530390000,8
1451411520000,1451411999000,120.42,120.426,120.409,120.418,345850000,8
1451412000000,1451412479000,120.418,120.453,120.413,120.444,443120000,8
1451412480000,1451412959000,120.444,120.456,120.443,120.445,368570000,8
1451412960000,1451413439000,120.444,120.451,120.438,120.449,361800000,8
1451413440000,1451413919000,120.45,120.451,120.433,120.436,300470000,8
1451413920000,1451414399000,120.437,120.446,120.43,120.437,298330000,8
1451414400000,1451414879000,120.438,120.439,120.418,120.421,300450000,8
1451414880000,1451415359000,120.421,120.431,120.414,120.418,365760000,8
1451415360000,1451415839000,120.418,120.42,120.396,120.404,381540000,8
1451415840000,1451416319000,120.403,120.418,120.397,120.403,403020000,8
1451416320000,1451416799000,120.402,120.416,120.391,120.405,497510000,8
1451416800000,1451417279000,120.405,120.426,120.405,120.411,513060000,8
1451417280000,1451417759000,120.413,120.416,120.375,120.393,378500000,8
1451417760000,1451418239000,120.392,120.397,120.372,120.384,325450000,8
1451418240000,1451418719000,120.382,120.383,120.354,120.369,427230000,8
1451418720000,1451419199000,120.368,120.376,120.35,120.356,911610000,8
1451419200000,1451419679000,120.355,120.415,120.34,120.411,696320000,8
1451419680000,1451420159000,120.411,120.413,120.39,120.41,311290000,8
1451420160000,1451420639000,120.41,120.422,120.4,120.412,280450000,8
1451420640000,1451421119000,120.411,120.419,120.398,120.412,235550000,8
1451421120000,1451421599000,120.412,120.417,120.402,120.405,263690000,8
1451421600000,1451422079000,120.404,120.416,120.397,120.41,334820000,8
1451422080000,1451422559000,120.411,120.428,120.403,120.426,425750000,8
1451422560000,1451423039000,120.427,120.45,120.426,120.438,322760000,8
1451423040000,1451423519000,120.439,120.465,120.439,120.454,166250000,8
1451423520000,1451423999000,120.454,120.462,120.453,120.459,140870000,8
1451424000000,1451424479000,120.459,120.468,120.459,120.461,149030000,8
1451424480000,1451424959000,120.46,120.46,120.444,120.459,165940000,8
1451425440000,1451425919000,120.473,120.492,120.473,120.473,179210000,8
1451425920000,1451426399000,120.474,120.474,120.445,120.452,207830000,8
1451426880000,1451427359000,120.451,120.451,120.432,120.436,68080000,8
1451427360000,1451427839000,120.436,120.445,120.431,120.442,122160000,8
1451427840000,1451428319000,120.442,120.462,120.438,120.457,179570000,8
1451428320000,1451428799000,120.456,120.486,120.455,120.479,200830000,8
1451428800000,1451429279000,120.479,120.507,120.476,120.492,330760000,8
1451429280000,1451429759000,120.492,120.5,120.485,120.489,350890000,8
1451429760000,1451430239000,120.489,120.503,120.485,120.492,328080000,8
1451430240000,1451430719000,120.492,120.509,120.486,120.508,375190000,8
1451430720000,1451431199000,120.51,120.55,120.508,120.531,451150000,8
1451431200000,1451431679000,120.533,120.576,120.531,120.553,344590000,8
1451431680000,1451432159000,120.553,120.572,120.538,120.547,321070000,8
1451432160000,1451432639000,120.547,120.566,120.545,120.563,138790000,8
1451432640000,1451433119000,120.562,120.562,120.542,120.544,210150000,8
1451433120000,1451433599000,120.545,120.552,120.514,120.521,544420000,8
1451433600000,1451434079000,120.523,120.535,120.47,120.492,587890000,8
1451434080000,1451434559000,120.492,120.501,120.464,120.485,340610000,8
1451434560000,1451435039000,120.486,120.51,120.485,120.486,330320000,8
1451435040000,1451435519000,120.487,120.503,120.469,120.477,313050000,8
1451435520000,1451435999000,120.479,120.535,120.474,120.517,388360000,8
1451436000000,1451436479000,120.517,120.533,120.499,120.5,404570000,8
1451436480000,1451436959000,120.501,120.57,120.478,120.521,932380000,8
1451436960000,1451437439000,120.521,120.529,120.501,120.514,306540000,8
1451437440000,1451437919000,120.514,120.52,120.51,120.517,232430000,8
1451437920000,1451438399000,120.515,120.53,120.491,120.492,307160000,8
1451438400000,1451438879000,120.492,120.517,120.491,120.515,206570000,8
1451438880000,1451439359000,120.514,120.525,120.494,120.498,392680000,8
1451439360000,1451439839000,120.498,120.506,120.485,120.492,296760000,8
1451439840000,1451440319000,120.492,120.534,120.492,120.534,458910000,8
1451440320000,1451440799000,120.534,120.54,120.512,120.522,292410000,8
1451440800000,1451441279000,120.521,120.535,120.513,120.516,320090000,8
1451441280000,1451441759000,120.515,120.515,120.495,120.501,346740000,8
1451441760000,1451442239000,120.501,120.531,120.493,120.528,242990000,8
1451442240000,1451442719000,120.529,120.54,120.512,120.522,353820000,8
1451442720000,1451443199000,120.522,120.526,120.5,120.507,280050000,8
1451443200000,1451443679000,120.507,120.52,120.496,120.507,229920000,8
1451443680000,1451444159000,120.506,120.506,120.499,120.499,117930000,8
1451444160000,1451444639000,120.498,120.504,120.492,120.496,197000000,8
1451444640000,1451445119000,120.497,120.499,120.468,120.474,284600000,8
1451445120000,1451445599000,120.473,120.473,120.456,120.46,206600000,8
1451445600000,1451446079000,120.461,120.468,120.444,120.459,165490000,8
1451446080000,1451446559000,120.46,120.48,120.46,120.471,221430000,8
1451446560000,1451447039000,120.472,120.477,120.467,120.477,184740000,8
1451447520000,1451447999000,120.499,120.506,120.475,120.487,220210000,8
1451448000000,1451448479000,120.486,120.486,120.457,120.459,312750000,8
1451448480000,1451448959000,120.46,120.475,120.437,120.44,281070000,8
1451448960000,1451449439000,120.441,120.453,120.431,120.452,113210000,8
1451449440000,1451449919000,120.451,120.455,120.444,120.453,96560000,8
1451449920000,1451450399000,120.453,120.481,120.452,120.459,293540000,8
1451450400000,1451450879000,120.459,120.469,120.457,120.466,198050000,8
1451450880000,1451451359000,120.465,120.472,120.455,120.458,172750000,8
1451451360000,1451451839000,120.456,120.466,120.451,120.466,108260000,8
1451451840000,1451452319000,120.467,120.468,120.457,120.463,171990000,8
1451452320000,1451452799000,120.463,120.463,120.45,120.452,167920000,8
1451452800000,1451453279000,120.453,120.465,120.428,120.432,225520000,8
1451453280000,1451453759000,120.43,120.439,120.418,120.425,364900000,8
1451453760000,1451454239000,120.424,120.424,120.371,120.394,362250000,8
1451454240000,1451454719000,120.394,120.396,120.352,120.363,383510000,8
1451454720000,1451455199000,120.363,120.39,120.363,120.373,337660000,8
1451455200000,1451455679000,120.373,120.39,120.365,120.384,300270000,8
1451455680000,1451456159000,120.383,120.386,120.351,120.386,311570000,8
1451456160000,1451456639000,120.386,120.411,120.386,120.403,337100000,8
1451456640000,1451457119000,120.402,120.41,120.352,120.397,478190000,8
1451457120000,1451457599000,120.396,120.396,120.375,120.386,271170000,8
1451457600000,1451458079000,120.385,120.408,120.376,120.407,278370000,8
1451458080000,1451458559000,120.406,120.424,120.394,120.396,306870000,8
1451458560000,1451459039000,120.395,120.422,120.395,120.422,316920000,8
1451459040000,1451459519000,120.423,120.43,120.401,120.421,244720000,8
1451459520000,1451459999000,120.421,120.422,120.399,120.41,202660000,8
1451460000000,1451460479000,120.409,120.415,120.396,120.402,177480000,8
1451460480000,1451460959000,120.402,120.422,120.384,120.399,456440000,8
1451460960000,1451461439000,120.398,120.418,120.389,120.413,304570000,8
1451461440000,1451461919000,120.412,120.426,120.396,120.424,394290000,8
1451461920000,1451462399000,120.424,120.424,120.408,120.411,199880000,8
1451462400000,1451462879000,120.413,120.435,120.383,120.404,500340000,8
1451462880000,1451463359000,120.403,120.412,120.391,120.393,519720000,8
1451463360000,1451463839000,120.393,120.448,120.384,120.448,619150000,8
1451463840000,1451464319000,120.448,120.461,120.433,120.458,612970000,8
1451464320000,1451464799000,120.457,120.472,120.442,120.451,659160000,8
1451464800000,1451465279000,120.45,120.458,120.428,120.44,599770000,8
1451465280000,1451465759000,120.441,120.455,120.426,120.426,501070000,8
1451465760000,1451466239000,120.426,120.435,120.413,120.428,336880000,8
1451466240000,1451466719000,120.43,120.441,120.408,120.433,491660000,8
1451466720000,1451467199000,120.433,120.444,120.413,120.418,390590000,8
1451467200000,1451467679000,120.419,120.436,120.419,120.427,426480000,8
1451467680000,1451468159000,120.427,120.427,120.41,120.421,325300000,8
1451468160000,1451468639000,120.421,120.426,120.416,120.42,235860000,8
1451468640000,1451469119000,120.42,120.481,120.418,120.465,572320000,8
1451469120000,1451469599000,120.466,120.494,120.464,120.482,413830000,8
1451469600000,1451470079000,120.483,120.495,120.472,120.48,457180000,8
1451470080000,1451470559000,120.479,120.483,120.464,120.474,302240000,8
1451470560000,1451471039000,120.474,120.482,120.464,120.473,456420000,8
1451471040000,1451471519000,120.473,120.49,120.469,120.482,355440000,8
1451471520000,1451471999000,120.483,120.492,120.467,120.469,294100000,8
1451472000000,1451472479000,120.47,120.472,120.454,120.46,469410000,8
1451472480000,1451472959000,120.46,120.463,120.441,120.446,301340000,8
1451472960000,1451473439000,120.448,120.452,120.431,120.441,326100000,8
1451473440000,1451473919000,120.441,120.452,120.429,120.443,543670000,8
1451473920000,1451474399000,120.444,120.444,120.408,120.43,300560000,8
1451474400000,1451474879000,120.429,120.456,120.425,120.443,515670000,8
1451474880000,1451475359000,120.443,120.475,120.442,120.471,314580000,8
1451475360000,1451475839000,120.471,120.485,120.46,120.474,457430000,8
1451475840000,1451476319000,120.475,120.491,120.458,120.461,277000000,8
1451476320000,1451476799000,120.461,120.484,120.461,120.484,235190000,8
1451476800000,1451477279000,120.484,120.485,120.458,120.461,488390000,8
1451477280000,1451477759000,120.461,120.471,120.448,120.463,386790000,8
1451477760000,1451478239000,120.464,120.488,120.444,120.46,384900000,8
1451478240000,1451478719000,120.46,120.484,120.459,120.482,361200000,8
1451478720000,1451479199000,120.48,120.485,120.464,120.475,436370000,8
1451479200000,1451479679000,120.475,120.497,120.471,120.49,365680000,8
1451479680000,1451480159000,120.49,120.499,120.482,120.489,327580000,8
1451480160000,1451480639000,120.488,120.507,120.478,120.479,422060000,8
1451480640000,1451481119000,120.48,120.509,120.461,120.496,530410000,8
1451481120000,1451481599000,120.495,120.514,120.493,120.51,436950000,8
1451481600000,1451482079000,120.512,120.528,120.512,120.521,417820000,8
1451482080000,1451482559000,120.522,120.567,120.522,120.554,629670000,8
1451482560000,1451483039000,120.553,120.609,120.547,120.597,552780000,8
1451483040000,1451483519000,120.596,120.628,120.574,120.574,599310000,8
1451483520000,1451483999000,120.573,120.575,120.553,120.575,567660000,8
1451484000000,1451484479000,120.575,120.588,120.566,120.575,638530000,8
1451484480000,1451484959000,120.575,120.583,120.546,120.548,427320000,8
1451484960000,1451485439000,120.549,120.552,120.522,120.522,286560000,8
1451485440000,1451485919000,120.522,120.539,120.51,120.538,641260000,8
1451485920000,1451486399000,120.538,120.542,120.511,120.542,633090000,8
1451486400000,1451486879000,120.542,120.564,120.529,120.563,604570000,8
1451486880000,1451487359000,120.564,120.59,120.553,120.575,524860000,8
1451487360000,1451487839000,120.575,120.633,120.571,120.618,806700000,8
1451487840000,1451488319000,120.617,120.617,120.556,120.567,819810000,8
1451488320000,1451488799000,120.567,120.583,120.538,120.56,909360000,8
1451488800000,1451489279000,120.561,120.571,120.52,120.557,2191920000,8
1451489280000,1451489759000,120.557,120.571,120.537,120.542,1831060000,8
1451489760000,1451490239000,120.541,120.58,120.535,120.574,613070000,8
1451490240000,1451490719000,120.574,120.585,120.556,120.579,647530000,8
1451490720000,1451491199000,120.581,120.608,120.552,120.555,750900000,8
1451491200000,1451491679000,120.557,120.576,120.555,120.559,777620000,8
1451491680000,1451492159000,120.56,120.574,120.55,120.574,550390000,8
1451492160000,1451492639000,120.573,120.601,120.56,120.6,440890000,8
1451492640000,1451493119000,120.6,120.6,120.567,120.576,563410000,8
1451493120000,1451493599000,120.575,120.578,120.559,120.568,495480000,8
1451493600000,1451494079000,120.569,120.587,120.568,120.578,377110000,8
1451494080000,1451494559000,120.578,120.6,120.571,120.597,332230000,8
1451494560000,1451495039000,120.597,120.6,120.59,120.591,281330000,8
1451495040000,1451495519000,120.591,120.614,120.582,120.603,331570000,8
1451495520000,1451495999000,120.604,120.613,120.589,120.602,261540000,8
1451496000000,1451496479000,120.601,120.606,120.593,120.593,182260000,8
1451496960000,1451497439000,120.58,120.595,120.571,120.585,247470000,8
1451497440000,1451497919000,120.585,120.596,120.573,120.573,203850000,8
1451497920000,1451498399000,120.574,120.61,120.573,120.607,275160000,8
1451498400000,1451498879000,120.607,120.634,120.59,120.6,495600000,8
1451498880000,1451499359000,120.6,120.6,120.579,120.579,456260000,8
1451499360000,1451499839000,120.578,120.597,120.578,120.58,484210000,8
1451499840000,1451500319000,120.584,120.612,120.582,120.61,302650000,8
1451500320000,1451500799000,120.611,120.626,120.605,120.609,423420000,8
1451500800000,1451501279000,120.609,120.653,120.608,120.646,376690000,8
1451501280000,1451501759000,120.646,120.646,120.612,120.624,361020000,8
1451501760000,1451502239000,120.624,120.624,120.596,120.596,203620000,8
1451502240000,1451502719000,120.596,120.625,120.595,120.616,330980000,8
1451502720000,1451503199000,120.616,120.628,120.614,120.628,314420000,8
1451503200000,1451503679000,120.627,120.627,120.6,120.607,183430000,8
1451503680000,1451504159000,120.607,120.607,120.578,120.579,277920000,8
1451504160000,1451504639000,120.578,120.587,120.573,120.575,304300000,8
1451504640000,1451505119000,120.575,120.603,120.575,120.584,374720000,8
1451505120000,1451505599000,120.587,120.59,120.529,120.539,595290000,8
1451505600000,1451506079000,120.539,120.556,120.526,120.541,498830000,8
1451506080000,1451506559000,120.541,120.542,120.518,120.525,341060000,8
1451506560000,1451507039000,120.523,120.535,120.52,120.533,249630000,8
1451507040000,1451507519000,120.533,120.539,120.51,120.523,317230000,8
1451507520000,1451507999000,120.523,120.523,120.504,120.519,492830000,8
1451508000000,1451508479000,120.518,120.531,120.509,120.52,500570000,8
1451508480000,1451508959000,120.52,120.534,120.492,120.524,511580000,8
1451508960000,1451509439000,120.523,120.534,120.485,120.504,311010000,8
1451509440000,1451509919000,120.504,120.508,120.488,120.498,118690000,8
1451509920000,1451510399000,120.498,120.501,120.476,120.49,142500000,8
1451510400000,1451510879000,120.49,120.499,120.489,120.495,55710000,8
1451511360000,1451511839000,120.502,120.507,120.501,120.506,65070000,8
1451511840000,1451512319000,120.506,120.527,120.506,120.517,152890000,8
1451512320000,1451512799000,120.517,120.531,120.509,120.524,213670000,8
1451512800000,1451513279000,120.524,120.524,120.5,120.503,54610000,8
1451513280000,1451513759000,120.503,120.508,120.499,120.504,128610000,8
1451513760000,1451514239000,120.505,120.514,120.504,120.51,83420000,8
1451514240000,1451514719000,120.51,120.525,120.504,120.523,363680000,8
1451514720000,1451515199000,120.522,120.527,120.522,120.524,287200000,8
1451515200000,1451515679000,120.524,120.525,120.511,120.514,232490000,8
1451515680000,1451516159000,120.514,120.519,120.505,120.506,340090000,8
1451516160000,1451516639000,120.506,120.543,120.502,120.542,567120000,8
1451516640000,1451517119000,120.541,120.581,120.539,120.56,481830000,8
1451517120000,1451517599000,120.56,120.577,120.54,120.554,273590000,8
1451518560000,1451519039000,120.533,120.533,120.503,120.506,174060000,8
1451519040000,1451519519000,120.506,120.513,120.467,120.471,259480000,8
1451519520000,1451519999000,120.473,120.474,120.449,120.462,217040000,8
1451520000000,1451520479000,120.461,120.478,120.454,120.477,164970000,8
1451520480000,1451520959000,120.478,120.496,120.477,120.493,156860000,8
1451521920000,1451522399000,120.467,120.468,120.448,120.449,122070000,8
1451522400000,1451522879000,120.45,120.456,120.447,120.451,125240000,8
1451522880000,1451523359000,120.451,120.456,120.445,120.45,146780000,8
1451523360000,1451523839000,120.451,120.466,120.45,120.465,173810000,8
1451524320000,1451524799000,120.464,120.465,120.415,120.429,203490000,8
1451524800000,1451525279000,120.429,120.475,120.428,120.469,219850000,8
1451525280000,1451525759000,120.468,120.47,120.457,120.461,180480000,8
1451525760000,1451526239000,120.461,120.47,120.456,120.466,135180000,8
1451526240000,1451526719000,120.466,120.466,120.441,120.442,180930000,8
1451526720000,1451527199000,120.441,120.443,120.433,120.442,88160000,8
1451527200000,1451527679000,120.443,120.443,120.434,120.435,195280000,8
1451528160000,1451528639000,120.441,120.458,120.441,120.455,133400000,8
1451529600000,1451530079000,120.463,120.474,120.462,120.462,109740000,8
1451530080000,1451530559000,120.463,120.463,120.448,120.448,120180000,8
1451530560000,1451531039000,120.447,120.448,120.434,120.44,202760000,8
1451531040000,1451531519000,120.44,120.445,120.43,120.436,106700000,8
1451532000000,1451532479000,120.435,120.437,120.411,120.412,205160000,8
1451532480000,1451532959000,120.412,120.419,120.41,120.419,94360000,8
1451533440000,1451533919000,120.419,120.42,120.412,120.412,92350000,8
1451533920000,1451534399000,120.412,120.412,120.403,120.411,78070000,8
1451534400000,1451534879000,120.411,120.413,120.382,120.392,190570000,8
1451534880000,1451535359000,120.392,120.408,120.379,120.379,226940000,8
1451535360000,1451535839000,120.38,120.406,120.379,120.405,93570000,8
1451536320000,1451536799000,120.418,120.42,120.417,120.419,48920000,8
1451537760000,1451538239000,120.4,120.405,120.389,120.393,168500000,8
1451538240000,1451538719000,120.393,120.405,120.393,120.403,68200000,8
1451539200000,1451539679000,120.419,120.433,120.418,120.418,162820000,8
1451540160000,1451540639000,120.428,120.432,120.421,120.421,110870000,8
1451541120000,1451541599000,120.415,120.419,120.389,120.397,255620000,8
1451541600000,1451542079000,120.396,120.408,120.396,120.407,116560000,8
1451542080000,1451542559000,120.408,120.412,120.407,120.41,120920000,8
1451542560000,1451543039000,120.411,120.414,120.405,120.413,78500000,8
1451543040000,1451543519000,120.413,120.414,120.412,120.413,61080000,8
1451543520000,1451543999000,120.414,120.439,120.412,120.434,166250000,8
1451544000000,1451544479000,120.433,120.438,120.423,120.424,129750000,8
1451544480000,1451544959000,120.426,120.434,120.424,120.431,142250000,8
1451544960000,1451545439000,120.431,120.434,120.418,120.421,167210000,8
1451545440000,1451545919000,120.422,120.44,120.422,120.44,119600000,8
1451545920000,1451546399000,120.44,120.443,120.431,120.434,152600000,8
1451546400000,1451546879000,120.435,120.44,120.431,120.431,167420000,8
1451546880000,1451547359000,120.431,120.435,120.394,120.409,219420000,8
1451547840000,1451548319000,120.386,120.407,120.376,120.39,285090000,8
1451548320000,1451548799000,120.39,120.396,120.365,120.368,160300000,8
1451548800000,1451549279000,120.368,120.386,120.356,120.384,219220000,8
1451549280000,1451549759000,120.384,120.413,120.384,120.405,371480000,8
1451549760000,1451550239000,120.404,120.406,120.382,120.406,207880000,8
1451550240000,1451550719000,120.406,120.407,120.372,120.383,268700000,8
1451550720000,1451551199000,120.383,120.39,120.376,120.385,182360000,8
1451551200000,1451551679000,120.384,120.394,120.376,120.379,228970000,8
1451551680000,1451552159000,120.378,120.385,120.369,120.377,337270000,8
1451552160000,1451552639000,120.378,120.391,120.372,120.386,216090000,8
1451552640000,1451553119000,120.387,120.387,120.363,120.364,197970000,8
1451553120000,1451553599000,120.364,120.374,120.362,120.372,316290000,8
1451553600000,1451554079000,120.372,120.372,120.334,120.354,343140000,8
1451554080000,1451554559000,120.354,120.356,120.333,120.355,255830000,8
1451554560000,1451555039000,120.355,120.355,120.332,120.332,250910000,8
1451555040000,1451555519000,120.332,120.351,120.329,120.35,157500000,8
1451555520000,1451555999000,120.351,120.392,120.346,120.37,395220000,8
1451556000000,1451556479000,120.37,120.442,120.361,120.371,725140000,8
1451556480000,1451556959000,120.371,120.402,120.362,120.394,395340000,8
1451556960000,1451557439000,120.396,120.407,120.392,120.404,196640000,8
1451557440000,1451557919000,120.404,120.413,120.389,120.398,424940000,8
1451558400000,1451558879000,120.384,120.406,120.377,120.382,318030000,8
1451558880000,1451559359000,120.382,120.392,120.375,120.383,284740000,8
1451559360000,1451559839000,120.383,120.396,120.377,120.387,262640000,8
1451559840000,1451560319000,120.386,120.386,120.359,120.36,335060000,8
1451560320000,1451560799000,120.36,120.36,120.339,120.343,362670000,8
1451560800000,1451561279000,120.343,120.365,120.342,120.345,292870000,8
1451561280000,1451561759000,120.346,120.365,120.346,120.35,299880000,8
1451561760000,1451562239000,120.353,120.364,120.349,120.349,163510000,8
1451562240000,1451562719000,120.35,120.357,120.35,120.351,151940000,8
1451562720000,1451563199000,120.351,120.388,120.348,120.384,339460000,8
1451563200000,1451563679000,120.385,120.432,120.385,120.403,658450000,8
1451563680000,1451564159000,120.403,120.419,120.391,120.407,610820000,8
1451564160000,1451564639000,120.407,120.436,120.407,120.426,391620000,8
1451564640000,1451565119000,120.427,120.436,120.416,120.424,307900000,8
1451565120000,1451565599000,120.423,120.443,120.409,120.441,307840000,8
1451565600000,1451566079000,120.441,120.442,120.416,120.425,379600000,8
1451566080000,1451566559000,120.426,120.433,120.423,120.425,206220000,8
1451566560000,1451567039000,120.424,120.43,120.397,120.413,378750000,8
1451567040000,1451567519000,120.413,120.43,120.393,120.403,461200000,8
1451567520000,1451567999000,120.403,120.406,120.384,120.406,696460000,8
1451568000000,1451568479000,120.409,120.416,120.385,120.397,650720000,8
1451568480000,1451568959000,120.398,120.406,120.332,120.368,677410000,8
1451568960000,1451569439000,120.368,120.37,120.331,120.338,684200000,8
1451569440000,1451569919000,120.338,120.369,120.338,120.355,378870000,8
1451569920000,1451570399000,120.354,120.377,120.349,120.37,319440000,8
1451570400000,1451570879000,120.369,120.375,120.35,120.373,312800000,8
1451570880000,1451571359000,120.372,120.399,120.372,120.394,391510000,8
1451571360000,1451571839000,120.394,120.404,120.394,120.401,190920000,8
1451571840000,1451572319000,120.402,120.403,120.365,120.372,563510000,8
1451572320000,1451572799000,120.373,120.393,120.358,120.366,570570000,8
1451572800000,1451573279000,120.367,120.381,120.335,120.353,668890000,8
1451573280000,1451573759000,120.353,120.362,120.28,120.281,817480000,8
1451573760000,1451574239000,120.282,120.298,120.281,120.294,597980000,8
1451574240000,1451574719000,120.293,120.296,120.23,120.232,813200000,8
1451574720000,1451575199000,120.232,120.243,120.009,120.066,1047040000,8
1451575200000,1451575679000,120.064,120.095,120.005,120.072,1202140000,8
1451575680000,1451576159000,120.072,120.1,120.053,120.09,957260000,8
1451576160000,1451576639000,120.09,120.098,120.046,120.094,690240000,8
1451576640000,1451577119000,120.092,120.15,120.062,120.131,721440000,8
1451577120000,1451577599000,120.132,120.294,120.123,120.273,1529330000,8
1451577600000,1451578079000,120.274,120.341,120.218,120.236,1481950000,8
1451578080000,1451578559000,120.237,120.237,120.169,120.194,1008010000,8
1451578560000,1451579039000,120.192,120.192,120.096,120.144,1069940000,8
1451579040000,1451579519000,120.143,120.206,120.135,120.19,841030000,8
1451579520000,1451579999000,120.189,120.239,120.172,120.222,791040000,8
1451580000000,1451580479000,120.223,120.28,120.223,120.267,597710000,8
1451580480000,1451580959000,120.268,120.269,120.207,120.245,614390000,8
1451580960000,1451581439000,120.247,120.297,120.246,120.248,735980000,8
1451581440000,1451581919000,120.248,120.28,120.238,120.275,665050000,8
1451581920000,1451582399000,120.276,120.294,120.266,120.273,779570000,8
1451582400000,1451582879000,120.273,120.3,120.252,120.252,812600000,8
1451582880000,1451583359000,120.252,120.319,120.252,120.283,983660000,8
1451583360000,1451583839000,120.282,120.297,120.271,120.29,865000000,8
1451583840000,1451584319000,120.291,120.321,120.261,120.271,931600000,8
1451584320000,1451584799000,120.271,120.275,120.185,120.195,1495660000,8
1451584800000,1451585279000,120.194,120.225,120.181,120.206,1019630000,8
1451585280000,1451585759000,120.207,120.212,120.147,120.177,906200000,8
1451585760000,1451586239000,120.177,120.186,120.165,120.173,929720000,8
1451586240000,1451586719000,120.173,120.227,120.172,120.223,879000000,8
1451586720000,1451587199000,120.223,120.236,120.22,120.234,863630000,8
1451587200000,1451587679000,120.234,120.257,120.234,120.246,727370000,8
1451587680000,1451588159000,120.246,120.246,120.212,120.218,1096860000,8
1451588160000,1451588639000,120.218,120.222,120.192,120.192,1001290000,8
1451588640000,1451589119000,120.191,120.195,120.173,120.178,293750000,8
1451589120000,1451589599000,120.178,120.178,120.155,120.173,350750000,8
1451589600000,1451590079000,120.172,120.176,120.143,120.149,585490000,8
1451590080000,1451590559000,120.149,120.174,120.138,120.138,417740000,8
1451590560000,1451591039000,120.14,120.16,120.13,120.16,257060000,8
1451591040000,1451591519000,120.155,120.209,120.153,120.194,412350000,8
1451591520000,1451591999000,120.193,120.238,120.193,120.222,514790000,8
1451592000000,1451592479000,120.222,120.222,120.152,120.181,431600000,8
1451592480000,1451592959000,120.181,120.197,120.178,120.194,285810000,8
1451592960000,1451593439000,120.194,120.22,120.163,120.172,262160000,8
1451593440000,1451593919000,120.172,120.182,120.165,120.171,207720000,8
1451593920000,1451594399000,120.171,120.199,120.168,120.192,300860000,8
1451594400000,1451594879000,120.192,120.196,120.177,120.183,373150000,8
1451594880000,1451595359000,120.183,120.21,120.182,120.188,138930000,8
1451595360000,1451595839000,120.187,120.21,120.169,120.174,291340000,8
1451595840000,1451596319000,120.174,120.186,120.174,120.184,77620000,8
1451596800000,1451597279000,120.181,120.195,120.18,120.189,59000000,8
1451597280000,1451597759000,120.192,120.2,120.185,120.193,74500000,8
1451597760000,1451598239000,120.191,120.199,120.191,120.195,55500000,8
1451598240000,1451598719000,120.194,120.329,120.191,120.319,440730000,8
1451598720000,1451599199000,120.319,120.319,120.23,120.23,888790000,8
