openEpochMillis,closeEpochMillis,open,high,low,close,volume,sourceBars
1499029200000,1499029259000,1.30039,1.30039,1.30028,1.30039,8250000,1
1499029260000,1499029319000,1.3004,1.3004,1.3004,1.3004,750000,1
1499029320000,1499029379000,1.30049,1.30055,1.30038,1.30055,9370000,1
1499029380000,1499029439000,1.30055,1.3006,1.30055,1.3006,4120000,1
1499029440000,1499029499000,1.30058,1.30097,1.30058,1.30097,12000000,1
1499029560000,1499029619000,1.30098,1.30098,1.30098,1.30098,1000000,1
1499029620000,1499029679000,1.30098,1.30099,1.30098,1.30099,5870000,1
1499029680000,1499029739000,1.30088,1.30088,1.30086,1.30086,8630000,1
1499029740000,1499029799000,1.30088,1.30099,1.30088,1.30099,8220000,1
1499029800000,1499029859000,1.30115,1.30121,1.30115,1.30121,3370000,1
1499029860000,1499029919000,1.30121,1.30148,1.30121,1.30144,18870000,1
1499029920000,1499029979000,1.30149,1.30158,1.30149,1.30158,5810000,1
1499029980000,1499030039000,1.30159,1.3016,1.30158,1.30158,14450000,1
1499030040000,1499030099000,1.30158,1.30158,1.30153,1.30156,6950000,1
1499030100000,1499030159000,1.30148,1.3016,1.30148,1.3016,8620000,1
1499030160000,1499030219000,1.30155,1.30155,1.30155,1.30155,2000000,1
1499030220000,1499030279000,1.30153,1.3016,1.30153,1.3016,2370000,1
1499030280000,1499030339000,1.30159,1.30161,1.30142,1.30142,9750000,1
1499030340000,1499030399000,1.30142,1.30159,1.30142,1.30158,10450000,1
1499030400000,1499030459000,1.30158,1.30158,1.30155,1.30155,4000000,1
1499030460000,1499030519000,1.30159,1.30159,1.30158,1.30158,4000000,1
1499030520000,1499030579000,1.30152,1.30152,1.30152,1.30152,2000000,1
1499030580000,1499030639000,1.30152,1.30152,1.3015,1.3015,5500000,1
1499030640000,1499030699000,1.30152,1.30158,1.30152,1.30158,7720000,1
1499030700000,1499030759000,1.30158,1.30158,1.30158,1.30158,3000000,1
1499030760000,1499030819000,1.30156,1.30156,1.30156,1.30156,1000000,1
1499030820000,1499030879000,1.30156,1.30157,1.30156,1.30157,3000000,1
1499030940000,1499030999000,1.30158,1.30158,1.30158,1.30158,2000000,1
1499031000000,1499031059000,1.30158,1.30158,1.30158,1.30158,4000000,1
1499031060000,1499031119000,1.30157,1.30162,1.30157,1.30157,15250000,1
1499031120000,1499031179000,1.30162,1.30162,1.30162,1.30162,5000000,1
1499031180000,1499031239000,1.30162,1.30162,1.30158,1.30158,13460000,1
1499031240000,1499031299000,1.30157,1.30162,1.30157,1.30157,12240000,1
1499031300000,1499031359000,1.30157,1.30157,1.30157,1.30157,7000000,1
1499031360000,1499031419000,1.30157,1.30157,1.30157,1.30157,10500000,1
1499031420000,1499031479000,1.30156,1.30156,1.30156,1.30156,5250000,1
1499031480000,1499031539000,1.30157,1.30171,1.30157,1.30171,8750000,1
1499031540000,1499031599000,1.30171,1.30171,1.3017,1.3017,26000000,1
1499031600000,1499031659000,1.3017,1.3017,1.3017,1.3017,1000000,1
1499031660000,1499031719000,1.3017,1.3017,1.30167,1.30167,2000000,1
1499031720000,1499031779000,1.30167,1.30167,1.30157,1.30157,5740000,1
1499031780000,1499031839000,1.30157,1.30162,1.30157,1.30162,6740000,1
1499031840000,1499031899000,1.30162,1.30162,1.30156,1.30156,11000000,1
1499031900000,1499031959000,1.30155,1.30162,1.30155,1.30155,6370000,1
1499031960000,1499032019000,1.30155,1.30156,1.30155,1.30156,8990000,1
1499032020000,1499032079000,1.30156,1.30162,1.30156,1.30156,11250000,1
1499032080000,1499032139000,1.30155,1.30156,1.30155,1.30156,9980000,1
1499032140000,1499032199000,1.30155,1.30162,1.30155,1.30162,18600000,1
1499032200000,1499032259000,1.30159,1.30159,1.30159,1.30159,3620000,1
1499032260000,1499032319000,1.30162,1.30162,1.30162,1.30162,3120000,1
1499032320000,1499032379000,1.30162,1.30164,1.30162,1.30164,5120000,1
1499032380000,1499032439000,1.30163,1.30165,1.30163,1.30165,5690000,1
1499032440000,1499032499000,1.30162,1.30162,1.3016,1.3016,4760000,1
1499032500000,1499032559000,1.3016,1.3016,1.30156,1.30156,13210000,1
1499032560000,1499032619000,1.30156,1.30156,1.30156,1.30156,4070000,1
1499032620000,1499032679000,1.30157,1.30158,1.30157,1.30158,5260000,1
1499032680000,1499032739000,1.30162,1.30162,1.30159,1.30159,13870000,1
1499032740000,1499032799000,1.30165,1.30166,1.30165,1.30165,950000,1
1499032800000,1499032859000,1.30165,1.30173,1.30162,1.30173,16630000,1
1499032860000,1499032919000,1.30173,1.30182,1.3017,1.30181,25400000,1
1499032920000,1499032979000,1.30179,1.30182,1.30167,1.30174,33120000,1
1499032980000,1499033039000,1.30174,1.30198,1.30174,1.30198,16310000,1
1499033040000,1499033099000,1.30198,1.3022,1.30196,1.30207,63120000,1
1499033100000,1499033159000,1.30207,1.30228,1.302,1.30213,64900000,1
1499033160000,1499033219000,1.30213,1.30224,1.3021,1.30218,42520000,1
1499033220000,1499033279000,1.30216,1.30219,1.30212,1.30217,29990000,1
1499033280000,1499033339000,1.30216,1.30219,1.3021,1.30218,50210000,1
1499033340000,1499033399000,1.30217,1.30232,1.30217,1.30231,79940000,1
1499033400000,1499033459000,1.30231,1.30232,1.30228,1.3023,86320000,1
1499033460000,1499033519000,1.3023,1.3023,1.30225,1.30225,96530000,1
1499033520000,1499033579000,1.30225,1.30225,1.30216,1.30218,125890000,1
1499033580000,1499033639000,1.30219,1.30222,1.30213,1.30213,115440000,1
1499033640000,1499033699000,1.30218,1.30221,1.30215,1.30217,124860000,1
1499033700000,1499033759000,1.30217,1.30225,1.30213,1.30213,138810000,1
1499033760000,1499033819000,1.30213,1.3023,1.30208,1.30209,120210000,1
1499033820000,1499033879000,1.30209,1.3021,1.30201,1.30202,44410000,1
1499033880000,1499033939000,1.30202,1.30203,1.302,1.302,16100000,1
1499033940000,1499033999000,1.30202,1.30205,1.30201,1.30202,59530000,1
1499034000000,1499034059000,1.30205,1.30214,1.30201,1.30214,94800000,1
1499034060000,1499034119000,1.30214,1.30215,1.30207,1.30208,68080000,1
1499034120000,1499034179000,1.30208,1.30208,1.30199,1.30201,105350000,1
1499034180000,1499034239000,1.30201,1.30201,1.30196,1.30197,68290000,1
1499034240000,1499034299000,1.30198,1.30203,1.30196,1.30198,79140000,1
1499034300000,1499034359000,1.30199,1.30201,1.30195,1.30199,49090000,1
1499034360000,1499034419000,1.30201,1.30202,1.30197,1.30202,36600000,1
1499034420000,1499034479000,1.30201,1.30207,1.30201,1.30207,14760000,1
1499034480000,1499034539000,1.30207,1.30213,1.30201,1.3021,62080000,1
1499034540000,1499034599000,1.30214,1.30216,1.3021,1.30211,78140000,1
1499034600000,1499034659000,1.30211,1.30212,1.30208,1.30211,33150000,1
1499034660000,1499034719000,1.30211,1.30211,1.30197,1.30198,122390000,1
1499034720000,1499034779000,1.30198,1.30198,1.30191,1.30191,145940000,1
1499034780000,1499034839000,1.30191,1.30194,1.3019,1.30193,110950000,1
1499034840000,1499034899000,1.30193,1.30197,1.30189,1.30196,100890000,1
1499034900000,1499034959000,1.30196,1.30197,1.30191,1.30194,79000000,1
1499034960000,1499035019000,1.30193,1.30195,1.30193,1.30195,48730000,1
1499035020000,1499035079000,1.30195,1.30198,1.30195,1.30195,60050000,1
1499035080000,1499035139000,1.30195,1.30195,1.30186,1.30186,114670000,1
1499035140000,1499035199000,1.30186,1.30191,1.30182,1.30191,103390000,1
1499035200000,1499035259000,1.30191,1.30191,1.3019,1.30191,24720000,1
1499035260000,1499035319000,1.30191,1.30191,1.30189,1.3019,51520000,1
1499035320000,1499035379000,1.3019,1.30192,1.30189,1.3019,91900000,1
1499035380000,1499035439000,1.3019,1.30195,1.3019,1.3019,93600000,1
1499035440000,1499035499000,1.3019,1.30193,1.3019,1.30191,43280000,1
1499035500000,1499035559000,1.30191,1.30191,1.3019,1.30191,40400000,1
1499035560000,1499035619000,1.30191,1.30195,1.30187,1.3019,72920000,1
1499035620000,1499035679000,1.30189,1.30189,1.30182,1.30185,135750000,1
1499035680000,1499035739000,1.30185,1.30191,1.30184,1.30191,75330000,1
1499035740000,1499035799000,1.30191,1.30191,1.30187,1.30187,99910000,1
1499035800000,1499035859000,1.30187,1.30189,1.30184,1.30187,188700000,1
1499035860000,1499035919000,1.30188,1.30192,1.30179,1.30179,156790000,1
1499035920000,1499035979000,1.3018,1.30183,1.30178,1.30181,153430000,1
1499035980000,1499036039000,1.30181,1.30183,1.30177,1.30179,216910000,1
1499036040000,1499036099000,1.3018,1.30187,1.30179,1.30182,120800000,1
1499036100000,1499036159000,1.30181,1.30187,1.30179,1.30186,137690000,1
1499036160000,1499036219000,1.30187,1.30187,1.30184,1.30186,73280000,1
1499036220000,1499036279000,1.30186,1.30186,1.30177,1.30177,129350000,1
1499036280000,1499036339000,1.30177,1.30184,1.30176,1.30182,52090000,1
1499036340000,1499036399000,1.30182,1.30183,1.30176,1.30177,123640000,1
1499036400000,1499036459000,1.30178,1.30179,1.30147,1.30148,126580000,1
1499036460000,1499036519000,1.30153,1.30159,1.30138,1.30145,122490000,1
1499036520000,1499036579000,1.30149,1.30149,1.30137,1.30137,75880000,1
1499036580000,1499036639000,1.30138,1.30139,1.30127,1.30129,85390000,1
1499036640000,1499036699000,1.30128,1.3013,1.30128,1.30128,27140000,1
1499036700000,1499036759000,1.30129,1.30138,1.30127,1.30137,58510000,1
1499036760000,1499036819000,1.30138,1.30138,1.30134,1.30135,24490000,1
1499036820000,1499036879000,1.30134,1.30138,1.30134,1.30136,20080000,1
1499036880000,1499036939000,1.30137,1.30137,1.30131,1.30136,31260000,1
1499036940000,1499036999000,1.30137,1.30137,1.30133,1.30135,38650000,1
1499037000000,1499037059000,1.30136,1.30137,1.30134,1.30136,57670000,1
1499037060000,1499037119000,1.30137,1.30139,1.30132,1.30132,31320000,1
1499037120000,1499037179000,1.30134,1.30137,1.30129,1.30134,54180000,1
1499037180000,1499037239000,1.30134,1.30139,1.30134,1.30138,17340000,1
1499037240000,1499037299000,1.30139,1.30149,1.30138,1.30148,53060000,1
1499037300000,1499037359000,1.30149,1.30149,1.30138,1.3014,49070000,1
1499037360000,1499037419000,1.30141,1.30141,1.30138,1.30139,13850000,1
1499037420000,1499037479000,1.30138,1.30145,1.30138,1.30145,49400000,1
1499037480000,1499037539000,1.30145,1.3015,1.30144,1.30148,90510000,1
1499037540000,1499037599000,1.30148,1.30149,1.30148,1.30149,29240000,1
1499037600000,1499037659000,1.30149,1.30149,1.30148,1.30148,14000000,1
1499037660000,1499037719000,1.30148,1.30148,1.30147,1.30147,13360000,1
1499037720000,1499037779000,1.30147,1.30147,1.30147,1.30147,6240000,1
1499037780000,1499037839000,1.30147,1.3015,1.30146,1.3015,28300000,1
1499037840000,1499037899000,1.3015,1.30151,1.30147,1.3015,19620000,1
1499037900000,1499037959000,1.3015,1.30153,1.30143,1.30153,20100000,1
1499037960000,1499038019000,1.30153,1.30172,1.30151,1.30168,33400000,1
1499038020000,1499038079000,1.30168,1.30168,1.30161,1.30165,33210000,1
1499038080000,1499038139000,1.30166,1.3017,1.3016,1.3016,82900000,1
1499038140000,1499038199000,1.30161,1.30162,1.30157,1.30158,57000000,1
1499038200000,1499038259000,1.30159,1.3016,1.30155,1.30156,22500000,1
1499038260000,1499038319000,1.30157,1.30157,1.30152,1.30152,18350000,1
1499038320000,1499038379000,1.30152,1.30154,1.30151,1.30153,17230000,1
1499038380000,1499038439000,1.30154,1.30154,1.3015,1.3015,26620000,1
1499038440000,1499038499000,1.3015,1.30155,1.30149,1.3015,21500000,1
1499038500000,1499038559000,1.30151,1.30154,1.30149,1.30151,22490000,1
1499038560000,1499038619000,1.30151,1.30152,1.30151,1.30152,7000000,1
1499038620000,1499038679000,1.30153,1.30154,1.30153,1.30153,20500000,1
1499038680000,1499038739000,1.30154,1.30154,1.3015,1.3015,23240000,1
1499038740000,1499038799000,1.3015,1.30154,1.30148,1.30151,23610000,1
1499038800000,1499038859000,1.30151,1.30151,1.30149,1.30149,23870000,1
1499038860000,1499038919000,1.30149,1.30149,1.30145,1.30147,21380000,1
1499038920000,1499038979000,1.30151,1.30155,1.30146,1.30152,34010000,1
1499038980000,1499039039000,1.30152,1.30153,1.30152,1.30153,15440000,1
1499039040000,1499039099000,1.30153,1.30153,1.30153,1.30153,8120000,1
1499039100000,1499039159000,1.30154,1.30154,1.30153,1.30153,8000000,1
1499039160000,1499039219000,1.30153,1.30153,1.3015,1.3015,32640000,1
1499039220000,1499039279000,1.3015,1.30151,1.3015,1.30151,27220000,1
1499039280000,1499039339000,1.30151,1.30151,1.3015,1.3015,23870000,1
1499039340000,1499039399000,1.3015,1.30152,1.3015,1.30152,20970000,1
1499039400000,1499039459000,1.30151,1.30163,1.3015,1.30163,27240000,1
1499039460000,1499039519000,1.30163,1.30165,1.30163,1.30164,8000000,1
1499039520000,1499039579000,1.30164,1.30164,1.30161,1.30161,11340000,1
1499039580000,1499039639000,1.30161,1.30161,1.30152,1.30155,18170000,1
1499039640000,1499039699000,1.30155,1.30155,1.30152,1.30153,20600000,1
1499039700000,1499039759000,1.30153,1.30153,1.30153,1.30153,7000000,1
1499039760000,1499039819000,1.30153,1.30153,1.30153,1.30153,14210000,1
1499039820000,1499039879000,1.30153,1.30154,1.30152,1.30154,18720000,1
1499039880000,1499039939000,1.30154,1.30154,1.3015,1.30151,39330000,1
1499039940000,1499039999000,1.3015,1.30152,1.3015,1.30151,35250000,1
1499040000000,1499040059000,1.30151,1.30163,1.30147,1.30158,65640000,1
1499040060000,1499040119000,1.30159,1.30172,1.30145,1.30147,91180000,1
1499040120000,1499040179000,1.30147,1.30148,1.3014,1.30141,49950000,1
1499040180000,1499040239000,1.30141,1.30149,1.3014,1.30146,46830000,1
1499040240000,1499040299000,1.30146,1.30147,1.30142,1.30144,101650000,1
1499040300000,1499040359000,1.30145,1.30145,1.30141,1.30142,35870000,1
1499040360000,1499040419000,1.30142,1.30151,1.30136,1.30151,77720000,1
1499040420000,1499040479000,1.30151,1.30161,1.3014,1.3016,72220000,1
1499040480000,1499040539000,1.30156,1.30171,1.30149,1.30168,71940000,1
1499040540000,1499040599000,1.30168,1.30171,1.30166,1.30168,64740000,1
1499040600000,1499040659000,1.30167,1.3017,1.30158,1.30163,92880000,1
1499040660000,1499040719000,1.30162,1.30167,1.3016,1.30167,28850000,1
1499040720000,1499040779000,1.30167,1.30167,1.30148,1.3015,36750000,1
1499040780000,1499040839000,1.30148,1.30153,1.30138,1.30147,71520000,1
1499040840000,1499040899000,1.30147,1.30147,1.30129,1.30147,48240000,1
1499040900000,1499040959000,1.30144,1.30148,1.30131,1.30136,68320000,1
1499040960000,1499041019000,1.30136,1.30138,1.30135,1.30138,98480000,1
1499041020000,1499041079000,1.30138,1.30141,1.30137,1.30141,72050000,1
1499041080000,1499041139000,1.30142,1.30142,1.30134,1.30136,41030000,1
1499041140000,1499041199000,1.30136,1.30138,1.3012,1.30129,102700000,1
1499041200000,1499041259000,1.30129,1.30129,1.30128,1.30128,46320000,1
1499041260000,1499041319000,1.30128,1.30128,1.30118,1.30118,68110000,1
1499041320000,1499041379000,1.30118,1.30119,1.30108,1.30108,122860000,1
1499041380000,1499041439000,1.30108,1.30113,1.30102,1.30113,37410000,1
1499041440000,1499041499000,1.30112,1.30113,1.30111,1.30112,42980000,1
1499041500000,1499041559000,1.30111,1.30123,1.30111,1.30121,97950000,1
1499041560000,1499041619000,1.30122,1.30123,1.30117,1.30117,90740000,1
1499041620000,1499041679000,1.30117,1.30121,1.30117,1.30121,160770000,1
1499041680000,1499041739000,1.30123,1.30146,1.30123,1.30143,180200000,1
1499041740000,1499041799000,1.30142,1.30145,1.30127,1.30127,196910000,1
1499041800000,1499041859000,1.30129,1.30135,1.30127,1.30127,103860000,1
1499041860000,1499041919000,1.3013,1.30131,1.30125,1.3013,46530000,1
1499041920000,1499041979000,1.3013,1.30143,1.30127,1.30143,120140000,1
1499041980000,1499042039000,1.30143,1.30143,1.3014,1.30141,16000000,1
1499042040000,1499042099000,1.30141,1.3015,1.30141,1.3015,27190000,1
1499042100000,1499042159000,1.3015,1.3015,1.30142,1.30143,43820000,1
1499042160000,1499042219000,1.30143,1.30144,1.30131,1.30131,77560000,1
1499042220000,1499042279000,1.30131,1.30131,1.30098,1.30106,61560000,1
1499042280000,1499042339000,1.30107,1.30109,1.3009,1.3009,59390000,1
1499042340000,1499042399000,1.3009,1.30103,1.3009,1.30091,28860000,1
1499042400000,1499042459000,1.30094,1.30094,1.30089,1.30091,18000000,1
1499042460000,1499042519000,1.30092,1.30095,1.3009,1.30094,17110000,1
1499042520000,1499042579000,1.30093,1.30093,1.30085,1.3009,71320000,1
1499042580000,1499042639000,1.3009,1.3009,1.30082,1.30082,38380000,1
1499042640000,1499042699000,1.30088,1.3012,1.30088,1.30118,198280000,1
1499042700000,1499042759000,1.30118,1.3012,1.30097,1.30097,112890000,1
1499042760000,1499042819000,1.30097,1.30097,1.30078,1.3009,103500000,1
1499042820000,1499042879000,1.3009,1.30093,1.30079,1.30079,83980000,1
1499042880000,1499042939000,1.3008,1.3008,1.30078,1.30079,78350000,1
1499042940000,1499042999000,1.30079,1.30089,1.30077,1.30077,141390000,1
1499043000000,1499043059000,1.30077,1.30082,1.30077,1.30082,55280000,1
1499043060000,1499043119000,1.30079,1.30079,1.30067,1.30068,56450000,1
1499043120000,1499043179000,1.30068,1.30069,1.30051,1.30053,100300000,1
1499043180000,1499043239000,1.30055,1.30058,1.30047,1.30047,84020000,1
1499043240000,1499043299000,1.30049,1.30063,1.3004,1.30043,131480000,1
1499043300000,1499043359000,1.30036,1.30068,1.30035,1.30062,57490000,1
1499043360000,1499043419000,1.30063,1.30067,1.30051,1.30067,47440000,1
1499043420000,1499043479000,1.30066,1.30071,1.30066,1.30068,69010000,1
1499043480000,1499043539000,1.30068,1.30068,1.30062,1.30062,89110000,1
1499043540000,1499043599000,1.30063,1.3007,1.30061,1.30068,84950000,1
1499043600000,1499043659000,1.30067,1.30071,1.3006,1.3006,72680000,1
1499043660000,1499043719000,1.30059,1.30063,1.30049,1.30051,76310000,1
1499043720000,1499043779000,1.30051,1.30058,1.30048,1.30058,42980000,1
1499043780000,1499043839000,1.30057,1.30064,1.30052,1.30064,54200000,1
1499043840000,1499043899000,1.30064,1.30075,1.30062,1.30062,50550000,1
1499043900000,1499043959000,1.30067,1.30088,1.30063,1.30083,68420000,1
1499043960000,1499044019000,1.30082,1.30091,1.30077,1.30082,137140000,1
1499044020000,1499044079000,1.30083,1.30091,1.3008,1.3008,66110000,1
1499044080000,1499044139000,1.3008,1.30083,1.3008,1.30083,22000000,1
1499044140000,1499044199000,1.30082,1.30083,1.30057,1.30059,77980000,1
1499044200000,1499044259000,1.30058,1.30062,1.30057,1.30061,40250000,1
1499044260000,1499044319000,1.30062,1.30063,1.30055,1.30056,52190000,1
1499044320000,1499044379000,1.30056,1.30056,1.30042,1.30043,87420000,1
1499044380000,1499044439000,1.30042,1.30063,1.30042,1.30062,58810000,1
1499044440000,1499044499000,1.30063,1.30068,1.30062,1.30062,35370000,1
1499044500000,1499044559000,1.30063,1.30065,1.30044,1.30044,92470000,1
1499044560000,1499044619000,1.30044,1.30051,1.30044,1.30047,64090000,1
1499044620000,1499044679000,1.30048,1.3005,1.30048,1.30049,68530000,1
1499044680000,1499044739000,1.30049,1.30051,1.30048,1.30048,84260000,1
1499044740000,1499044799000,1.30048,1.30048,1.30043,1.30043,29860000,1
1499044800000,1499044859000,1.30042,1.3005,1.3004,1.30041,61790000,1
1499044860000,1499044919000,1.30041,1.30043,1.30037,1.30043,23980000,1
1499044920000,1499044979000,1.30042,1.30048,1.3004,1.30045,110210000,1
1499044980000,1499045039000,1.30045,1.30055,1.30039,1.30051,111370000,1
1499045040000,1499045099000,1.30051,1.30051,1.30041,1.3005,80460000,1
1499045100000,1499045159000,1.3005,1.30052,1.30048,1.30051,59140000,1
1499045160000,1499045219000,1.30052,1.30052,1.3005,1.3005,11000000,1
1499045220000,1499045279000,1.30051,1.30051,1.30049,1.30049,30250000,1
1499045280000,1499045339000,1.30047,1.30047,1.30038,1.30039,33250000,1
1499045340000,1499045399000,1.30039,1.3004,1.30038,1.3004,50250000,1
1499045400000,1499045459000,1.30041,1.30042,1.30039,1.3004,51800000,1
1499045460000,1499045519000,1.3004,1.3004,1.30039,1.30039,34930000,1
1499045520000,1499045579000,1.30039,1.30041,1.30039,1.3004,17860000,1
1499045580000,1499045639000,1.3004,1.30047,1.30031,1.3004,127400000,1
1499045640000,1499045699000,1.3004,1.30055,1.30039,1.30049,79320000,1
1499045700000,1499045759000,1.30049,1.30063,1.30049,1.30057,72570000,1
1499045760000,1499045819000,1.30056,1.30059,1.30049,1.3005,170980000,1
1499045820000,1499045879000,1.3005,1.30051,1.30047,1.30047,73130000,1
1499045880000,1499045939000,1.30047,1.30051,1.30047,1.3005,49130000,1
1499045940000,1499045999000,1.30052,1.30057,1.30048,1.30057,119010000,1
1499046000000,1499046059000,1.30057,1.30073,1.30054,1.30072,80250000,1
1499046060000,1499046119000,1.30072,1.30073,1.3006,1.30063,55910000,1
1499046120000,1499046179000,1.30062,1.30093,1.30062,1.30078,90710000,1
1499046180000,1499046239000,1.30077,1.30077,1.3007,1.3007,41840000,1
1499046240000,1499046299000,1.30072,1.30077,1.30069,1.30069,121580000,1
1499046300000,1499046359000,1.30071,1.30075,1.30066,1.30074,105890000,1
1499046360000,1499046419000,1.30074,1.30075,1.30067,1.30067,47470000,1
1499046420000,1499046479000,1.30066,1.3007,1.30065,1.30069,83920000,1
1499046480000,1499046539000,1.30069,1.3007,1.30067,1.30067,27100000,1
1499046540000,1499046599000,1.30067,1.3007,1.30052,1.30052,72900000,1
1499046600000,1499046659000,1.30053,1.3006,1.30044,1.30056,85410000,1
1499046660000,1499046719000,1.30054,1.30054,1.30044,1.30048,108190000,1
1499046720000,1499046779000,1.30048,1.30053,1.30043,1.30043,45310000,1
1499046780000,1499046839000,1.3004,1.30042,1.30031,1.30042,104650000,1
1499046840000,1499046899000,1.30038,1.30045,1.30037,1.30038,41810000,1
1499046900000,1499046959000,1.30039,1.30052,1.30039,1.30046,73380000,1
1499046960000,1499047019000,1.30046,1.30048,1.30029,1.30039,92100000,1
1499047020000,1499047079000,1.30037,1.30053,1.30028,1.30053,63780000,1
1499047080000,1499047139000,1.30053,1.30062,1.30047,1.30061,56970000,1
1499047140000,1499047199000,1.30063,1.30063,1.30043,1.30045,80890000,1
1499047200000,1499047259000,1.30044,1.30051,1.30044,1.3005,35400000,1
1499047260000,1499047319000,1.30051,1.30063,1.30051,1.3006,62760000,1
1499047320000,1499047379000,1.3006,1.3007,1.3006,1.30069,90150000,1
1499047380000,1499047439000,1.30069,1.30071,1.3005,1.3005,113060000,1
1499047440000,1499047499000,1.3005,1.30054,1.3005,1.30051,37960000,1
1499047500000,1499047559000,1.30051,1.30052,1.30039,1.30039,74480000,1
1499047560000,1499047619000,1.30038,1.30051,1.30034,1.30042,55610000,1
1499047620000,1499047679000,1.30043,1.30044,1.30034,1.30042,35840000,1
1499047680000,1499047739000,1.30042,1.30042,1.30036,1.3004,79140000,1
1499047740000,1499047799000,1.3004,1.30042,1.30039,1.30041,48600000,1
1499047800000,1499047859000,1.30042,1.30053,1.30041,1.30051,83620000,1
1499047860000,1499047919000,1.30051,1.30054,1.30051,1.30054,28570000,1
1499047920000,1499047979000,1.30054,1.30054,1.30051,1.30051,22280000,1
1499047980000,1499048039000,1.30051,1.30051,1.30049,1.30051,80340000,1
1499048040000,1499048099000,1.3005,1.30051,1.3005,1.30051,18870000,1
1499048100000,1499048159000,1.3005,1.30052,1.30049,1.3005,107990000,1
1499048160000,1499048219000,1.30049,1.30049,1.30043,1.30047,86610000,1
1499048220000,1499048279000,1.30048,1.30052,1.30046,1.30052,80930000,1
1499048280000,1499048339000,1.30052,1.30054,1.30041,1.30041,60030000,1
1499048340000,1499048399000,1.30042,1.30043,1.30027,1.3003,110390000,1
1499048400000,1499048459000,1.30029,1.30029,1.30027,1.30028,52580000,1
1499048460000,1499048519000,1.30029,1.30032,1.30027,1.30032,41930000,1
1499048520000,1499048579000,1.3003,1.30052,1.3003,1.30052,38000000,1
1499048580000,1499048639000,1.3005,1.30053,1.3005,1.30052,52950000,1
1499048640000,1499048699000,1.30052,1.30055,1.30051,1.30051,41290000,1
1499048700000,1499048759000,1.30051,1.30052,1.30051,1.30052,48730000,1
1499048760000,1499048819000,1.30051,1.30053,1.3005,1.30053,64030000,1
1499048820000,1499048879000,1.30051,1.30052,1.3005,1.30052,45390000,1
1499048880000,1499048939000,1.30052,1.30053,1.3005,1.3005,95970000,1
1499048940000,1499048999000,1.3005,1.30063,1.30049,1.30061,70180000,1
1499049000000,1499049059000,1.30061,1.30065,1.3006,1.30062,43850000,1
1499049060000,1499049119000,1.30062,1.30064,1.30062,1.30063,30710000,1
1499049120000,1499049179000,1.30072,1.30083,1.30072,1.30073,26130000,1
1499049180000,1499049239000,1.30074,1.30075,1.30072,1.30075,45220000,1
1499049240000,1499049299000,1.30075,1.30078,1.30072,1.30073,85660000,1
1499049300000,1499049359000,1.30073,1.30073,1.30069,1.30072,77310000,1
1499049360000,1499049419000,1.30072,1.30079,1.30072,1.30078,92420000,1
1499049420000,1499049479000,1.30077,1.30077,1.30061,1.30061,67500000,1
1499049480000,1499049539000,1.3006,1.30062,1.30059,1.30062,16600000,1
1499049540000,1499049599000,1.30062,1.30063,1.30062,1.30063,6000000,1
1499049600000,1499049659000,1.30064,1.30064,1.30063,1.30064,14060000,1
1499049660000,1499049719000,1.30064,1.30068,1.30064,1.30065,24190000,1
1499049720000,1499049779000,1.30065,1.30068,1.30065,1.30067,31990000,1
1499049780000,1499049839000,1.30067,1.30074,1.30067,1.30073,19620000,1
1499049840000,1499049899000,1.30072,1.30078,1.30072,1.30077,24000000,1
1499049900000,1499049959000,1.30078,1.30078,1.30072,1.30073,29190000,1
1499049960000,1499050019000,1.30072,1.3008,1.30072,1.30077,62960000,1
1499050020000,1499050079000,1.30077,1.3008,1.30068,1.3008,63530000,1
1499050080000,1499050139000,1.30078,1.30079,1.30062,1.30063,60680000,1
1499050140000,1499050199000,1.30064,1.30065,1.30062,1.30064,13630000,1
1499050200000,1499050259000,1.30064,1.30064,1.30062,1.30062,45460000,1
1499050260000,1499050319000,1.30062,1.30062,1.30062,1.30062,3570000,1
1499050320000,1499050379000,1.30062,1.30063,1.3005,1.30051,27810000,1
1499050380000,1499050439000,1.30053,1.30053,1.30041,1.30043,48930000,1
1499050440000,1499050499000,1.30042,1.30043,1.30034,1.30039,49130000,1
1499050500000,1499050559000,1.30038,1.30038,1.30027,1.30027,87880000,1
1499050560000,1499050619000,1.30027,1.30028,1.30022,1.30028,39540000,1
1499050620000,1499050679000,1.30028,1.30038,1.30022,1.3003,141800000,1
1499050680000,1499050739000,1.30029,1.30035,1.30029,1.30033,59070000,1
1499050740000,1499050799000,1.30033,1.30036,1.30022,1.30024,55770000,1
1499050800000,1499050859000,1.30025,1.30052,1.30024,1.30051,84100000,1
1499050860000,1499050919000,1.30051,1.30055,1.30051,1.30052,46430000,1
1499050920000,1499050979000,1.30053,1.30053,1.30052,1.30053,31710000,1
1499050980000,1499051039000,1.30052,1.30061,1.3005,1.30051,116830000,1
1499051040000,1499051099000,1.30051,1.30053,1.30044,1.30045,53710000,1
1499051100000,1499051159000,1.30045,1.30048,1.30044,1.30046,34430000,1
1499051160000,1499051219000,1.30045,1.30046,1.3004,1.3004,50860000,1
1499051220000,1499051279000,1.3004,1.3004,1.30028,1.30029,55560000,1
1499051280000,1499051339000,1.30029,1.30031,1.30026,1.30031,46010000,1
1499051340000,1499051399000,1.3003,1.30033,1.30027,1.30032,45660000,1
1499051400000,1499051459000,1.30031,1.30032,1.3003,1.30032,15890000,1
1499051460000,1499051519000,1.30032,1.30034,1.30031,1.30032,53080000,1
1499051520000,1499051579000,1.30032,1.30035,1.30031,1.30031,34440000,1
1499051580000,1499051639000,1.30031,1.30034,1.30027,1.30027,50710000,1
1499051640000,1499051699000,1.30031,1.30034,1.30026,1.30032,47440000,1
1499051700000,1499051759000,1.30032,1.30046,1.30032,1.30046,21570000,1
1499051760000,1499051819000,1.30044,1.30045,1.30042,1.30043,17440000,1
1499051820000,1499051879000,1.30043,1.30044,1.30043,1.30044,8000000,1
1499051880000,1499051939000,1.30042,1.30042,1.30042,1.30042,5000000,1
1499051940000,1499051999000,1.30042,1.30042,1.30031,1.30031,18250000,1
1499052000000,1499052059000,1.30029,1.3003,1.30027,1.30028,39820000,1
1499052060000,1499052119000,1.30029,1.30033,1.30025,1.30033,58150000,1
1499052120000,1499052179000,1.30033,1.30033,1.30031,1.30032,20240000,1
1499052180000,1499052239000,1.30032,1.30032,1.3003,1.30031,18420000,1
1499052240000,1499052299000,1.30031,1.30044,1.30031,1.30042,56150000,1
1499052300000,1499052359000,1.30042,1.30042,1.3003,1.30033,100800000,1
1499052360000,1499052419000,1.30032,1.30034,1.30023,1.30023,119240000,1
1499052420000,1499052479000,1.30023,1.30037,1.30023,1.3003,68090000,1
1499052480000,1499052539000,1.3003,1.30039,1.30028,1.30037,133860000,1
1499052540000,1499052599000,1.30037,1.30041,1.30028,1.30029,66930000,1
1499052600000,1499052659000,1.3003,1.3003,1.30028,1.30028,19670000,1
1499052660000,1499052719000,1.30028,1.30028,1.30019,1.30019,76060000,1
1499052720000,1499052779000,1.30019,1.30021,1.30017,1.30017,56610000,1
1499052780000,1499052839000,1.30017,1.30018,1.3001,1.3001,76290000,1
1499052840000,1499052899000,1.30011,1.30013,1.30011,1.30011,63270000,1
1499052900000,1499052959000,1.3001,1.3001,1.3001,1.3001,11580000,1
1499052960000,1499053019000,1.3001,1.3001,1.29999,1.29999,71790000,1
1499053020000,1499053079000,1.3,1.30001,1.29996,1.29999,136330000,1
1499053080000,1499053139000,1.29998,1.3,1.29989,1.2999,110440000,1
1499053140000,1499053199000,1.2999,1.2999,1.29973,1.29976,69510000,1
1499053200000,1499053259000,1.29979,1.29984,1.29979,1.29984,9120000,1
1499053260000,1499053319000,1.29984,1.29984,1.2998,1.29983,34060000,1
1499053320000,1499053379000,1.29983,1.29985,1.29983,1.29983,19000000,1
1499053380000,1499053439000,1.29983,1.29994,1.29981,1.29991,41290000,1
1499053440000,1499053499000,1.2999,1.29992,1.2999,1.29991,17820000,1
1499053500000,1499053559000,1.29991,1.30004,1.29991,1.3,80300000,1
1499053560000,1499053619000,1.3,1.30002,1.29995,1.29997,34860000,1
1499053620000,1499053679000,1.29999,1.30003,1.29997,1.30003,40100000,1
1499053680000,1499053739000,1.30004,1.30012,1.30004,1.30011,95010000,1
1499053740000,1499053799000,1.3001,1.30013,1.3001,1.3001,57210000,1
1499053800000,1499053859000,1.3001,1.30012,1.3001,1.30011,15400000,1
1499053860000,1499053919000,1.3001,1.30011,1.30009,1.3001,14930000,1
1499053920000,1499053979000,1.3001,1.3001,1.3001,1.3001,7270000,1
1499053980000,1499054039000,1.30011,1.30011,1.3001,1.30011,13560000,1
1499054040000,1499054099000,1.3001,1.30011,1.30007,1.3001,30750000,1
1499054100000,1499054159000,1.3001,1.30011,1.29988,1.29988,65780000,1
1499054160000,1499054219000,1.29988,1.29988,1.29985,1.29987,41860000,1
1499054220000,1499054279000,1.29987,1.29988,1.29986,1.29987,31360000,1
1499054280000,1499054339000,1.29987,1.29987,1.29986,1.29987,23790000,1
1499054340000,1499054399000,1.29984,1.2999,1.29984,1.29985,60470000,1
1499054400000,1499054459000,1.29987,1.2999,1.29984,1.29988,32520000,1
1499054460000,1499054519000,1.29989,1.29999,1.29987,1.29996,52520000,1
1499054520000,1499054579000,1.29996,1.29999,1.29988,1.2999,59430000,1
1499054580000,1499054639000,1.29989,1.29991,1.29984,1.29987,48040000,1
1499054640000,1499054699000,1.29986,1.29989,1.29972,1.29972,60340000,1
1499054700000,1499054759000,1.29972,1.29972,1.2997,1.2997,14460000,1
1499054760000,1499054819000,1.29973,1.29978,1.2997,1.29972,38750000,1
1499054820000,1499054879000,1.29972,1.29982,1.29968,1.29968,28170000,1
1499054880000,1499054939000,1.29968,1.29973,1.29968,1.2997,32600000,1
1499054940000,1499054999000,1.2997,1.29988,1.2997,1.29985,37810000,1
1499055000000,1499055059000,1.29985,1.3,1.29981,1.3,32010000,1
1499055060000,1499055119000,1.30002,1.30002,1.29998,1.3,8430000,1
1499055120000,1499055179000,1.29998,1.29998,1.29972,1.29972,53870000,1
1499055180000,1499055239000,1.29972,1.29976,1.29972,1.29976,51500000,1
1499055240000,1499055299000,1.29976,1.29982,1.29976,1.29982,49580000,1
1499055300000,1499055359000,1.29982,1.29983,1.2998,1.29981,20130000,1
1499055360000,1499055419000,1.29981,1.29984,1.29981,1.29984,24390000,1
1499055420000,1499055479000,1.29982,1.29994,1.29982,1.29993,28570000,1
1499055480000,1499055539000,1.29992,1.29994,1.29985,1.29988,20450000,1
1499055540000,1499055599000,1.29985,1.29986,1.29977,1.29979,64190000,1
1499055600000,1499055659000,1.29979,1.29979,1.29977,1.29977,57900000,1
1499055660000,1499055719000,1.29976,1.29982,1.29976,1.29982,50670000,1
1499055720000,1499055779000,1.29982,1.29992,1.29982,1.29987,33470000,1
1499055780000,1499055839000,1.29987,1.29988,1.29986,1.29987,58470000,1
1499055840000,1499055899000,1.29988,1.2999,1.29987,1.29988,69270000,1
1499055900000,1499055959000,1.29989,1.2999,1.29987,1.29988,80770000,1
1499055960000,1499056019000,1.29987,1.2999,1.29986,1.29988,63560000,1
1499056020000,1499056079000,1.29987,1.29992,1.29986,1.29987,46720000,1
1499056080000,1499056139000,1.29987,1.29994,1.29986,1.29986,34570000,1
1499056140000,1499056199000,1.29987,1.2999,1.29987,1.2999,25220000,1
1499056200000,1499056259000,1.2999,1.29992,1.2999,1.2999,19940000,1
1499056260000,1499056319000,1.29991,1.29999,1.29971,1.29971,80900000,1
1499056320000,1499056379000,1.29971,1.29971,1.29961,1.29965,27330000,1
1499056380000,1499056439000,1.29968,1.29969,1.2996,1.2996,36000000,1
1499056440000,1499056499000,1.2996,1.29967,1.29957,1.29957,32390000,1
1499056500000,1499056559000,1.29958,1.29959,1.29957,1.29958,14260000,1
1499056560000,1499056619000,1.29958,1.29959,1.29958,1.29959,32010000,1
1499056620000,1499056679000,1.29959,1.2996,1.29957,1.29957,33230000,1
1499056680000,1499056739000,1.29958,1.29958,1.29957,1.29957,17550000,1
1499056740000,1499056799000,1.29958,1.29959,1.29957,1.29958,26480000,1
1499056800000,1499056859000,1.29958,1.29961,1.29952,1.29952,55920000,1
1499056860000,1499056919000,1.29953,1.29958,1.29953,1.29954,24930000,1
1499056920000,1499056979000,1.29956,1.29958,1.29955,1.29958,10370000,1
1499056980000,1499057039000,1.29957,1.2996,1.29953,1.29953,14000000,1
1499057040000,1499057099000,1.29952,1.29953,1.29952,1.29953,14000000,1
1499057100000,1499057159000,1.29953,1.29953,1.2995,1.29953,34330000,1
1499057160000,1499057219000,1.29952,1.29958,1.29952,1.29957,36540000,1
1499057220000,1499057279000,1.29957,1.29962,1.29957,1.29958,45340000,1
1499057280000,1499057339000,1.29957,1.29959,1.29957,1.29958,27330000,1
1499057340000,1499057399000,1.29958,1.29958,1.29949,1.29957,19940000,1
1499057400000,1499057459000,1.29957,1.29957,1.29952,1.29956,10100000,1
1499057460000,1499057519000,1.29953,1.29953,1.29952,1.29953,18320000,1
1499057520000,1499057579000,1.29952,1.29958,1.29952,1.29958,11000000,1
1499057580000,1499057639000,1.29959,1.2996,1.29957,1.29958,23150000,1
1499057640000,1499057699000,1.29959,1.29959,1.29958,1.29958,25660000,1
1499057700000,1499057759000,1.29958,1.2996,1.29957,1.29957,25680000,1
1499057760000,1499057819000,1.29958,1.29959,1.29954,1.29954,27880000,1
1499057820000,1499057879000,1.29956,1.29963,1.29955,1.29958,32090000,1
1499057880000,1499057939000,1.29957,1.29966,1.29951,1.29958,44040000,1
1499057940000,1499057999000,1.29957,1.29962,1.29957,1.29959,34490000,1
1499058000000,1499058059000,1.29961,1.29961,1.29957,1.29957,21280000,1
1499058060000,1499058119000,1.29958,1.29958,1.29957,1.29958,21510000,1
1499058120000,1499058179000,1.29957,1.29958,1.29957,1.29957,34390000,1
1499058180000,1499058239000,1.29957,1.29958,1.29957,1.29958,21690000,1
1499058240000,1499058299000,1.29957,1.29958,1.29952,1.29952,32120000,1
1499058300000,1499058359000,1.29953,1.29953,1.29949,1.29952,23910000,1
1499058360000,1499058419000,1.2995,1.2995,1.29949,1.29949,61350000,1
1499058420000,1499058479000,1.2995,1.29958,1.29949,1.29952,28310000,1
1499058480000,1499058539000,1.29952,1.29955,1.2995,1.29952,28630000,1
1499058540000,1499058599000,1.29952,1.29952,1.29951,1.29952,12750000,1
1499058600000,1499058659000,1.29952,1.29957,1.29951,1.29957,25300000,1
1499058660000,1499058719000,1.29955,1.2996,1.29955,1.2996,15610000,1
1499058720000,1499058779000,1.2996,1.29962,1.2996,1.29962,11190000,1
1499058780000,1499058839000,1.29962,1.29962,1.29962,1.29962,4000000,1
1499058840000,1499058899000,1.29962,1.29964,1.29962,1.29962,69150000,1
1499058900000,1499058959000,1.29963,1.29972,1.29962,1.29965,52690000,1
1499058960000,1499059019000,1.29963,1.29963,1.29953,1.29954,29970000,1
1499059020000,1499059079000,1.29955,1.29955,1.29952,1.29952,20210000,1
1499059080000,1499059139000,1.29958,1.29958,1.29952,1.29953,23290000,1
1499059140000,1499059199000,1.29953,1.29957,1.29952,1.29952,10120000,1
1499059200000,1499059259000,1.29952,1.29958,1.29952,1.29952,12470000,1
1499059260000,1499059319000,1.29952,1.29953,1.29945,1.29948,27540000,1
1499059320000,1499059379000,1.29947,1.29948,1.29947,1.29947,37500000,1
1499059380000,1499059439000,1.29948,1.29955,1.29947,1.29952,43500000,1
1499059440000,1499059499000,1.29952,1.29958,1.29952,1.29952,30950000,1
1499059500000,1499059559000,1.29952,1.29953,1.29946,1.29947,43380000,1
1499059560000,1499059619000,1.29947,1.29953,1.29947,1.29947,32500000,1
1499059620000,1499059679000,1.29948,1.29953,1.29947,1.2995,61350000,1
1499059680000,1499059739000,1.29951,1.29953,1.29946,1.29952,53050000,1
1499059740000,1499059799000,1.29952,1.29952,1.29941,1.29942,68570000,1
1499059800000,1499059859000,1.29942,1.29953,1.29942,1.29949,78390000,1
1499059860000,1499059919000,1.29949,1.29955,1.29949,1.29953,36860000,1
1499059920000,1499059979000,1.29954,1.29965,1.29954,1.29963,27670000,1
1499059980000,1499060039000,1.29964,1.2999,1.29961,1.29982,40660000,1
1499060040000,1499060099000,1.29981,1.29988,1.29981,1.29987,34150000,1
1499060100000,1499060159000,1.29988,1.2999,1.29987,1.29989,78090000,1
1499060160000,1499060219000,1.29989,1.29989,1.29966,1.29966,80160000,1
1499060220000,1499060279000,1.29966,1.29968,1.29958,1.2996,61350000,1
1499060280000,1499060339000,1.29959,1.29968,1.29957,1.29968,82880000,1
1499060340000,1499060399000,1.29967,1.29968,1.29962,1.29963,46510000,1
1499060400000,1499060459000,1.29963,1.29968,1.29962,1.29967,161550000,1
1499060460000,1499060519000,1.29967,1.29972,1.29967,1.29967,101010000,1
1499060520000,1499060579000,1.29968,1.29972,1.29962,1.29962,92430000,1
1499060580000,1499060639000,1.29962,1.29968,1.29962,1.29968,49850000,1
1499060640000,1499060699000,1.29967,1.29968,1.29967,1.29967,34910000,1
1499060700000,1499060759000,1.29968,1.29968,1.29962,1.29962,60420000,1
1499060760000,1499060819000,1.29963,1.29963,1.29947,1.29948,65740000,1
1499060820000,1499060879000,1.29947,1.29948,1.29938,1.29938,65130000,1
1499060880000,1499060939000,1.29939,1.29939,1.29923,1.2993,106410000,1
1499060940000,1499060999000,1.2993,1.29943,1.2993,1.29937,39040000,1
1499061000000,1499061059000,1.29937,1.29943,1.29933,1.29942,42060000,1
1499061060000,1499061119000,1.29943,1.29945,1.29937,1.29938,69650000,1
1499061120000,1499061179000,1.29938,1.29938,1.29927,1.29936,53500000,1
1499061180000,1499061239000,1.29938,1.29938,1.2993,1.29931,11860000,1
1499061240000,1499061299000,1.29931,1.29933,1.29926,1.29926,37370000,1
1499061300000,1499061359000,1.29926,1.29927,1.29923,1.29923,54700000,1
1499061360000,1499061419000,1.29923,1.29935,1.29923,1.29935,34230000,1
1499061420000,1499061479000,1.29934,1.29944,1.29934,1.29942,113660000,1
1499061480000,1499061539000,1.29947,1.29968,1.29947,1.29959,127870000,1
1499061540000,1499061599000,1.29959,1.29963,1.29945,1.29945,73090000,1
1499061600000,1499061659000,1.29944,1.29951,1.29944,1.2995,58420000,1
1499061660000,1499061719000,1.29951,1.29984,1.29951,1.29982,109590000,1
1499061720000,1499061779000,1.2998,1.29993,1.2998,1.29988,80390000,1
1499061780000,1499061839000,1.29987,1.29995,1.29987,1.29992,48730000,1
1499061840000,1499061899000,1.29993,1.29993,1.29959,1.29963,88620000,1
1499061900000,1499061959000,1.29962,1.29977,1.29962,1.29976,45150000,1
1499061960000,1499062019000,1.29976,1.29983,1.29972,1.29977,56450000,1
1499062020000,1499062079000,1.29978,1.29994,1.29977,1.29982,69740000,1
1499062080000,1499062139000,1.29983,1.29985,1.29949,1.2995,116200000,1
1499062140000,1499062199000,1.29951,1.29955,1.29931,1.29941,115350000,1
1499062200000,1499062259000,1.29942,1.30013,1.29937,1.30012,138680000,1
1499062260000,1499062319000,1.30012,1.30012,1.29983,1.2999,122030000,1
1499062320000,1499062379000,1.29998,1.30021,1.29992,1.29999,175150000,1
1499062380000,1499062439000,1.29999,1.3,1.29954,1.29954,193690000,1
1499062440000,1499062499000,1.29955,1.2997,1.29942,1.2996,154270000,1
1499062500000,1499062559000,1.29961,1.29965,1.29958,1.29962,137990000,1
1499062560000,1499062619000,1.29962,1.29963,1.29952,1.29953,89510000,1
1499062620000,1499062679000,1.29953,1.29987,1.29953,1.29975,134380000,1
1499062680000,1499062739000,1.29973,1.29996,1.29968,1.29991,149590000,1
1499062740000,1499062799000,1.29991,1.30024,1.29991,1.3002,134600000,1
1499062800000,1499062859000,1.30018,1.30036,1.30018,1.30036,117630000,1
1499062860000,1499062919000,1.30038,1.30043,1.30033,1.30033,74610000,1
1499062920000,1499062979000,1.30037,1.30063,1.30037,1.30061,103180000,1
1499062980000,1499063039000,1.30061,1.30061,1.30031,1.30032,137700000,1
1499063040000,1499063099000,1.30033,1.30033,1.30015,1.30021,145280000,1
1499063100000,1499063159000,1.30018,1.30024,1.30018,1.30023,50760000,1
1499063160000,1499063219000,1.30022,1.30035,1.30021,1.3003,77830000,1
1499063220000,1499063279000,1.30031,1.30033,1.30024,1.30028,80830000,1
1499063280000,1499063339000,1.30028,1.3006,1.30024,1.3006,115260000,1
1499063340000,1499063399000,1.3006,1.30074,1.30056,1.30072,151940000,1
1499063400000,1499063459000,1.30071,1.30072,1.30041,1.30048,155630000,1
1499063460000,1499063519000,1.3005,1.30072,1.3005,1.30071,161960000,1
1499063520000,1499063579000,1.30071,1.30072,1.30054,1.30058,85570000,1
1499063580000,1499063639000,1.30057,1.30065,1.30053,1.30053,80170000,1
1499063640000,1499063699000,1.30053,1.30054,1.30041,1.30043,81300000,1
1499063700000,1499063759000,1.30044,1.30053,1.30001,1.30002,90230000,1
1499063760000,1499063819000,1.30002,1.3001,1.29989,1.29991,116290000,1
1499063820000,1499063879000,1.29991,1.30021,1.29989,1.30016,162490000,1
1499063880000,1499063939000,1.30016,1.30016,1.2999,1.30005,160930000,1
1499063940000,1499063999000,1.30005,1.30025,1.30005,1.30025,188180000,1
1499064000000,1499064059000,1.30024,1.30044,1.30023,1.30044,102020000,1
1499064060000,1499064119000,1.30046,1.30046,1.30007,1.30013,96800000,1
1499064120000,1499064179000,1.30014,1.30032,1.3001,1.30032,107100000,1
1499064180000,1499064239000,1.30032,1.30034,1.3001,1.30028,150130000,1
1499064240000,1499064299000,1.30029,1.30037,1.30019,1.30022,174080000,1
1499064300000,1499064359000,1.30022,1.30023,1.3001,1.30013,124140000,1
1499064360000,1499064419000,1.30012,1.30013,1.3,1.30002,114280000,1
1499064420000,1499064479000,1.30002,1.30003,1.3,1.30003,84950000,1
1499064480000,1499064539000,1.30003,1.30029,1.30003,1.30024,50840000,1
1499064540000,1499064599000,1.30024,1.30029,1.30014,1.30015,36000000,1
1499064600000,1499064659000,1.30015,1.30034,1.30014,1.30034,46690000,1
1499064660000,1499064719000,1.30038,1.30042,1.3003,1.30039,198480000,1
1499064720000,1499064779000,1.30039,1.30054,1.30039,1.30051,108220000,1
1499064780000,1499064839000,1.30053,1.30062,1.30045,1.30045,74870000,1
1499064840000,1499064899000,1.30044,1.30049,1.30027,1.30032,123880000,1
1499064900000,1499064959000,1.30033,1.30034,1.30022,1.30029,61750000,1
1499064960000,1499065019000,1.30031,1.30043,1.3003,1.30043,104360000,1
1499065020000,1499065079000,1.30043,1.30081,1.30042,1.30078,214520000,1
1499065080000,1499065139000,1.30079,1.30094,1.30069,1.30076,188040000,1
1499065140000,1499065199000,1.30074,1.3008,1.30055,1.30055,246150000,1
1499065200000,1499065259000,1.30054,1.30102,1.30042,1.30072,225510000,1
1499065260000,1499065319000,1.30073,1.30092,1.30056,1.30072,132090000,1
1499065320000,1499065379000,1.30072,1.30074,1.30039,1.30052,142750000,1
1499065380000,1499065439000,1.30052,1.30063,1.30049,1.30063,190960000,1
1499065440000,1499065499000,1.30064,1.30105,1.30062,1.30103,198240000,1
1499065500000,1499065559000,1.30102,1.30117,1.30092,1.30093,193820000,1
1499065560000,1499065619000,1.30092,1.30122,1.30077,1.30122,235340000,1
1499065620000,1499065679000,1.30123,1.30125,1.30104,1.30112,151360000,1
1499065680000,1499065739000,1.30111,1.30111,1.30088,1.30091,128730000,1
1499065740000,1499065799000,1.30089,1.30108,1.30089,1.30097,115590000,1
1499065800000,1499065859000,1.301,1.30131,1.30091,1.30124,162080000,1
1499065860000,1499065919000,1.30126,1.30148,1.30126,1.30147,144810000,1
1499065920000,1499065979000,1.30147,1.30154,1.30142,1.30143,131670000,1
1499065980000,1499066039000,1.30143,1.30143,1.30122,1.30133,86810000,1
1499066040000,1499066099000,1.30132,1.30162,1.30127,1.30141,136980000,1
1499066100000,1499066159000,1.30142,1.30162,1.30129,1.3016,125640000,1
1499066160000,1499066219000,1.30157,1.30173,1.30135,1.30172,99690000,1
1499066220000,1499066279000,1.30173,1.30185,1.30155,1.30159,168110000,1
1499066280000,1499066339000,1.3016,1.30174,1.3015,1.3015,129980000,1
1499066340000,1499066399000,1.3015,1.3015,1.30098,1.30104,259710000,1
1499066400000,1499066459000,1.30102,1.30144,1.30098,1.30144,117670000,1
1499066460000,1499066519000,1.30144,1.30156,1.30134,1.30143,115670000,1
1499066520000,1499066579000,1.30149,1.3019,1.30149,1.30168,180690000,1
1499066580000,1499066639000,1.30168,1.30207,1.30155,1.30202,174780000,1
1499066640000,1499066699000,1.30201,1.30223,1.30176,1.30192,218500000,1
1499066700000,1499066759000,1.30193,1.30203,1.30181,1.3019,119370000,1
1499066760000,1499066819000,1.30188,1.30212,1.30162,1.30174,163210000,1
1499066820000,1499066879000,1.30178,1.30218,1.30173,1.30206,145940000,1
1499066880000,1499066939000,1.30205,1.30207,1.30167,1.30168,193990000,1
1499066940000,1499066999000,1.30167,1.30167,1.30143,1.30154,129300000,1
1499067000000,1499067059000,1.30154,1.30154,1.30112,1.30137,193120000,1
1499067060000,1499067119000,1.30136,1.30167,1.30136,1.3016,116060000,1
1499067120000,1499067179000,1.30159,1.30159,1.30114,1.30116,181420000,1
1499067180000,1499067239000,1.30114,1.30116,1.30101,1.30102,202980000,1
1499067240000,1499067299000,1.30101,1.30111,1.3005,1.30062,220320000,1
1499067300000,1499067359000,1.30063,1.30075,1.30057,1.30072,215220000,1
1499067360000,1499067419000,1.30072,1.30084,1.30059,1.30068,123530000,1
1499067420000,1499067479000,1.30069,1.30074,1.3003,1.30033,132170000,1
1499067480000,1499067539000,1.30036,1.30064,1.30036,1.30062,97440000,1
1499067540000,1499067599000,1.30062,1.30072,1.30047,1.30072,191110000,1
1499067600000,1499067659000,1.30072,1.30081,1.30049,1.30062,201870000,1
1499067660000,1499067719000,1.30061,1.30071,1.3005,1.30062,151680000,1
1499067720000,1499067779000,1.30061,1.30064,1.30041,1.30044,109930000,1
1499067780000,1499067839000,1.30044,1.30074,1.30042,1.30074,120230000,1
1499067840000,1499067899000,1.30074,1.30076,1.30052,1.30053,128910000,1
1499067900000,1499067959000,1.30052,1.30073,1.30052,1.30071,112450000,1
1499067960000,1499068019000,1.30066,1.30101,1.30063,1.30101,176630000,1
1499068020000,1499068079000,1.30098,1.30109,1.30095,1.30102,98730000,1
1499068080000,1499068139000,1.30102,1.30107,1.30095,1.30095,142140000,1
1499068140000,1499068199000,1.30096,1.30102,1.30075,1.30079,92360000,1
1499068200000,1499068259000,1.3008,1.30085,1.30053,1.30085,139430000,1
1499068260000,1499068319000,1.30085,1.30085,1.3006,1.30064,123350000,1
1499068320000,1499068379000,1.30066,1.30092,1.30066,1.30091,85210000,1
1499068380000,1499068439000,1.3009,1.3009,1.30074,1.30075,65090000,1
1499068440000,1499068499000,1.30074,1.30087,1.30071,1.30085,99990000,1
1499068500000,1499068559000,1.30086,1.30099,1.30076,1.30095,85100000,1
1499068560000,1499068619000,1.30094,1.30101,1.30076,1.30081,64050000,1
1499068620000,1499068679000,1.30079,1.30082,1.30061,1.30061,63110000,1
1499068680000,1499068739000,1.3006,1.3008,1.30049,1.3008,133300000,1
1499068740000,1499068799000,1.30079,1.3008,1.30052,1.30064,182600000,1
1499068800000,1499068859000,1.30064,1.30064,1.30012,1.30021,179760000,1
1499068860000,1499068919000,1.30021,1.30032,1.29966,1.29989,199600000,1
1499068920000,1499068979000,1.29989,1.29991,1.29932,1.29951,250040000,1
1499068980000,1499069039000,1.29952,1.29963,1.2993,1.29955,115090000,1
1499069040000,1499069099000,1.29957,1.29983,1.29956,1.29975,101950000,1
1499069100000,1499069159000,1.29973,1.29979,1.29942,1.2997,175880000,1
1499069160000,1499069219000,1.2997,1.29972,1.29941,1.29945,106750000,1
1499069220000,1499069279000,1.29945,1.29963,1.29941,1.29953,147740000,1
1499069280000,1499069339000,1.29952,1.29955,1.29944,1.29954,132360000,1
1499069340000,1499069399000,1.29955,1.29963,1.29951,1.29959,145730000,1
1499069400000,1499069459000,1.29956,1.29957,1.29875,1.29942,261750000,1
1499069460000,1499069519000,1.29941,1.29941,1.29908,1.29932,212860000,1
1499069520000,1499069579000,1.29933,1.29944,1.2992,1.29936,126580000,1
1499069580000,1499069639000,1.29937,1.29937,1.29922,1.29922,116610000,1
1499069640000,1499069699000,1.29923,1.29954,1.29902,1.29902,192950000,1
1499069700000,1499069759000,1.29901,1.29928,1.29889,1.29911,198590000,1
1499069760000,1499069819000,1.29912,1.29918,1.299,1.29901,173240000,1
1499069820000,1499069879000,1.299,1.29909,1.299,1.29902,104440000,1
1499069880000,1499069939000,1.29901,1.29913,1.29889,1.29891,140170000,1
1499069940000,1499069999000,1.29893,1.29908,1.29872,1.29908,103630000,1
1499070000000,1499070059000,1.29908,1.29916,1.29875,1.29882,166020000,1
1499070060000,1499070119000,1.29883,1.29891,1.29872,1.29887,145790000,1
1499070120000,1499070179000,1.29887,1.29901,1.29882,1.29891,51680000,1
1499070180000,1499070239000,1.29891,1.29901,1.2989,1.29894,83650000,1
1499070240000,1499070299000,1.29894,1.29897,1.29872,1.29873,110730000,1
1499070300000,1499070359000,1.29872,1.29892,1.29872,1.29882,83680000,1
1499070360000,1499070419000,1.29882,1.29896,1.29882,1.29891,69320000,1
1499070420000,1499070479000,1.29891,1.29891,1.29853,1.29869,131830000,1
1499070480000,1499070539000,1.29869,1.29878,1.29862,1.29872,127940000,1
1499070540000,1499070599000,1.29871,1.29884,1.29855,1.29884,194070000,1
1499070600000,1499070659000,1.29774,1.29774,1.2971,1.2977,415450000,1
1499070660000,1499070719000,1.29771,1.29788,1.29739,1.29749,328350000,1
1499070720000,1499070779000,1.29748,1.29753,1.29717,1.29732,239610000,1
1499070780000,1499070839000,1.29731,1.29748,1.2972,1.29737,216910000,1
1499070840000,1499070899000,1.29735,1.29783,1.29731,1.29783,206130000,1
1499070900000,1499070959000,1.29785,1.29804,1.29762,1.29782,196800000,1
1499070960000,1499071019000,1.29783,1.29784,1.29736,1.29761,234060000,1
1499071020000,1499071079000,1.29761,1.29761,1.29731,1.2974,212050000,1
1499071080000,1499071139000,1.2974,1.29752,1.29694,1.29711,299390000,1
1499071140000,1499071199000,1.29711,1.29742,1.29702,1.29741,234340000,1
1499071200000,1499071259000,1.29741,1.29743,1.29733,1.29734,75850000,1
1499071260000,1499071319000,1.29734,1.29759,1.29731,1.29751,124210000,1
1499071320000,1499071379000,1.29751,1.29751,1.29704,1.29724,170340000,1
1499071380000,1499071439000,1.29725,1.29753,1.29725,1.29751,125820000,1
1499071440000,1499071499000,1.29751,1.29762,1.29732,1.29762,184370000,1
1499071500000,1499071559000,1.29763,1.29765,1.2975,1.2976,103990000,1
1499071560000,1499071619000,1.2976,1.2976,1.29732,1.29732,132570000,1
1499071620000,1499071679000,1.29733,1.29745,1.29721,1.29735,221790000,1
1499071680000,1499071739000,1.29735,1.29735,1.2971,1.29716,250040000,1
1499071740000,1499071799000,1.29716,1.29756,1.29714,1.29746,204490000,1
1499071800000,1499071859000,1.29746,1.29746,1.2972,1.2972,170760000,1
1499071860000,1499071919000,1.29723,1.29725,1.29701,1.29719,172450000,1
1499071920000,1499071979000,1.29719,1.29739,1.29708,1.29721,196630000,1
1499071980000,1499072039000,1.29721,1.29721,1.29656,1.29672,227120000,1
1499072040000,1499072099000,1.29672,1.29672,1.29642,1.2966,205500000,1
1499072100000,1499072159000,1.2966,1.29665,1.29641,1.29646,153930000,1
1499072160000,1499072219000,1.29643,1.2966,1.2963,1.29658,112120000,1
1499072220000,1499072279000,1.29658,1.29658,1.29649,1.29656,73800000,1
1499072280000,1499072339000,1.29657,1.29668,1.29652,1.29657,89390000,1
1499072340000,1499072399000,1.29658,1.29658,1.29618,1.29626,145680000,1
1499072400000,1499072459000,1.29625,1.29649,1.29625,1.29647,156070000,1
1499072460000,1499072519000,1.29649,1.29666,1.29631,1.29666,204520000,1
1499072520000,1499072579000,1.29666,1.29675,1.29652,1.29656,178610000,1
1499072580000,1499072639000,1.29656,1.29661,1.29645,1.29653,240550000,1
1499072640000,1499072699000,1.29652,1.29652,1.29632,1.29641,136820000,1
1499072700000,1499072759000,1.29641,1.29672,1.29637,1.29665,140600000,1
1499072760000,1499072819000,1.29668,1.29682,1.29662,1.29673,132230000,1
1499072820000,1499072879000,1.29673,1.29688,1.29671,1.29677,180500000,1
1499072880000,1499072939000,1.29679,1.29695,1.29677,1.29692,119160000,1
1499072940000,1499072999000,1.29691,1.29705,1.29689,1.29696,160490000,1
1499073000000,1499073059000,1.29697,1.29701,1.2968,1.29685,125060000,1
1499073060000,1499073119000,1.29685,1.29687,1.29669,1.29673,78420000,1
1499073120000,1499073179000,1.29673,1.29683,1.29667,1.29682,128430000,1
1499073180000,1499073239000,1.29681,1.2969,1.29676,1.29681,111150000,1
1499073240000,1499073299000,1.29681,1.29708,1.29681,1.29696,142900000,1
1499073300000,1499073359000,1.29699,1.29699,1.29677,1.29688,168810000,1
1499073360000,1499073419000,1.29686,1.29688,1.29677,1.2968,163010000,1
1499073420000,1499073479000,1.2968,1.29693,1.29679,1.2969,171100000,1
1499073480000,1499073539000,1.2969,1.29712,1.2969,1.297,132620000,1
1499073540000,1499073599000,1.29699,1.297,1.29667,1.29667,107370000,1
1499073600000,1499073659000,1.29669,1.29675,1.29667,1.29667,94680000,1
1499073660000,1499073719000,1.29667,1.29675,1.2966,1.29666,89350000,1
1499073720000,1499073779000,1.29666,1.29675,1.29661,1.29675,113760000,1
1499073780000,1499073839000,1.29675,1.29682,1.29665,1.29674,117440000,1
1499073840000,1499073899000,1.29674,1.29675,1.29672,1.29675,34230000,1
1499073900000,1499073959000,1.29675,1.29681,1.29662,1.29672,105290000,1
1499073960000,1499074019000,1.29674,1.29681,1.29667,1.29669,83380000,1
1499074020000,1499074079000,1.29669,1.29672,1.29666,1.29667,102830000,1
1499074080000,1499074139000,1.29667,1.29674,1.29664,1.29671,120310000,1
1499074140000,1499074199000,1.29671,1.29693,1.29671,1.29685,66820000,1
1499074200000,1499074259000,1.29684,1.29696,1.29681,1.29695,74480000,1
1499074260000,1499074319000,1.29695,1.29735,1.29693,1.29732,102250000,1
1499074320000,1499074379000,1.29732,1.29732,1.29725,1.29729,93440000,1
1499074380000,1499074439000,1.29728,1.2973,1.2972,1.29725,53800000,1
1499074440000,1499074499000,1.29725,1.29757,1.29725,1.29754,90640000,1
1499074500000,1499074559000,1.29754,1.29755,1.29745,1.29753,77350000,1
1499074560000,1499074619000,1.29753,1.29758,1.29748,1.2975,97890000,1
1499074620000,1499074679000,1.2975,1.2975,1.29711,1.29721,203480000,1
1499074680000,1499074739000,1.29723,1.29743,1.29716,1.29723,309960000,1
1499074740000,1499074799000,1.29723,1.29732,1.29713,1.29713,162870000,1
1499074800000,1499074859000,1.29713,1.29714,1.29699,1.297,143430000,1
1499074860000,1499074919000,1.297,1.297,1.29686,1.29686,112600000,1
1499074920000,1499074979000,1.29687,1.29691,1.2968,1.29691,198710000,1
1499074980000,1499075039000,1.29691,1.29692,1.29661,1.29674,120650000,1
1499075040000,1499075099000,1.29674,1.29678,1.2966,1.29662,126300000,1
1499075100000,1499075159000,1.29661,1.29681,1.29661,1.2968,87120000,1
1499075160000,1499075219000,1.2968,1.29685,1.29658,1.29658,105830000,1
1499075220000,1499075279000,1.29655,1.29673,1.2965,1.29671,116050000,1
1499075280000,1499075339000,1.2967,1.29689,1.29667,1.29683,82420000,1
1499075340000,1499075399000,1.29683,1.29695,1.29683,1.29686,41240000,1
1499075400000,1499075459000,1.29688,1.29718,1.29683,1.29718,68470000,1
1499075460000,1499075519000,1.29721,1.29723,1.29706,1.29714,146410000,1
1499075520000,1499075579000,1.29715,1.29726,1.29715,1.29722,92440000,1
1499075580000,1499075639000,1.29723,1.29736,1.29718,1.29727,43520000,1
1499075640000,1499075699000,1.29727,1.29755,1.29712,1.2975,142200000,1
1499075700000,1499075759000,1.2975,1.29764,1.29749,1.29758,151510000,1
1499075760000,1499075819000,1.29757,1.29762,1.29749,1.29762,111470000,1
1499075820000,1499075879000,1.29763,1.29763,1.29748,1.29757,178260000,1
1499075880000,1499075939000,1.29753,1.29765,1.2975,1.29753,106570000,1
1499075940000,1499075999000,1.29755,1.29758,1.29739,1.29742,122850000,1
1499076000000,1499076059000,1.29742,1.29763,1.2973,1.2973,132780000,1
1499076060000,1499076119000,1.29731,1.29745,1.29719,1.2972,124020000,1
1499076120000,1499076179000,1.29721,1.29729,1.29689,1.29691,165370000,1
1499076180000,1499076239000,1.29691,1.29698,1.29687,1.2969,169200000,1
1499076240000,1499076299000,1.29689,1.29692,1.29677,1.29691,64800000,1
1499076300000,1499076359000,1.29691,1.29691,1.29674,1.29683,98230000,1
1499076360000,1499076419000,1.29684,1.29688,1.29676,1.29684,70540000,1
1499076420000,1499076479000,1.29682,1.29683,1.29671,1.29671,103510000,1
1499076480000,1499076539000,1.29671,1.29684,1.29671,1.29683,41980000,1
1499076540000,1499076599000,1.29683,1.29685,1.29681,1.29684,39570000,1
1499076600000,1499076659000,1.29683,1.29684,1.29642,1.29645,171360000,1
1499076660000,1499076719000,1.29645,1.29646,1.29641,1.29643,63530000,1
1499076720000,1499076779000,1.29642,1.29666,1.29642,1.29665,74240000,1
1499076780000,1499076839000,1.29665,1.29672,1.29659,1.29669,81240000,1
1499076840000,1499076899000,1.2967,1.29676,1.2965,1.29651,79800000,1
1499076900000,1499076959000,1.29652,1.29671,1.29646,1.29647,100740000,1
1499076960000,1499077019000,1.29646,1.29646,1.2963,1.29634,107230000,1
1499077020000,1499077079000,1.29634,1.2966,1.2963,1.2966,147000000,1
1499077080000,1499077139000,1.29658,1.29658,1.29632,1.29633,60300000,1
1499077140000,1499077199000,1.29632,1.2966,1.29632,1.2966,84790000,1
1499077200000,1499077259000,1.29659,1.2966,1.29649,1.29659,74000000,1
1499077260000,1499077319000,1.29659,1.29661,1.29648,1.29651,69560000,1
1499077320000,1499077379000,1.29651,1.29665,1.29651,1.29663,43310000,1
1499077380000,1499077439000,1.29663,1.29684,1.29663,1.29683,155870000,1
1499077440000,1499077499000,1.29678,1.2969,1.29678,1.29689,45220000,1
1499077500000,1499077559000,1.29692,1.29704,1.29682,1.29683,89240000,1
1499077560000,1499077619000,1.29683,1.29688,1.29662,1.2967,222810000,1
1499077620000,1499077679000,1.29669,1.29673,1.29643,1.29657,171550000,1
1499077680000,1499077739000,1.2966,1.29664,1.29643,1.29644,118060000,1
1499077740000,1499077799000,1.29643,1.29643,1.29609,1.29609,131950000,1
1499077800000,1499077859000,1.29609,1.2961,1.296,1.29601,136510000,1
1499077860000,1499077919000,1.29601,1.29601,1.29569,1.29571,206350000,1
1499077920000,1499077979000,1.29572,1.29601,1.29572,1.29585,163320000,1
1499077980000,1499078039000,1.29585,1.29585,1.2955,1.29551,103500000,1
1499078040000,1499078099000,1.29551,1.29587,1.29551,1.29574,97990000,1
1499078100000,1499078159000,1.29575,1.29584,1.29562,1.29584,64910000,1
1499078160000,1499078219000,1.29584,1.29625,1.29584,1.29616,162460000,1
1499078220000,1499078279000,1.29616,1.29653,1.29615,1.29653,83900000,1
1499078280000,1499078339000,1.29652,1.29655,1.29645,1.29652,83330000,1
1499078340000,1499078399000,1.29652,1.29668,1.29652,1.29654,97450000,1
1499078400000,1499078459000,1.29652,1.29663,1.29648,1.29663,95260000,1
1499078460000,1499078519000,1.29662,1.29683,1.29662,1.29669,79930000,1
1499078520000,1499078579000,1.29669,1.29678,1.29657,1.29657,110830000,1
1499078580000,1499078639000,1.29657,1.29673,1.29649,1.29656,158320000,1
1499078640000,1499078699000,1.29656,1.29668,1.29655,1.29663,103330000,1
1499078700000,1499078759000,1.29664,1.29676,1.29647,1.29648,99710000,1
1499078760000,1499078819000,1.29647,1.2965,1.29632,1.29645,145420000,1
1499078820000,1499078879000,1.29645,1.29645,1.29629,1.29636,134140000,1
1499078880000,1499078939000,1.29635,1.29643,1.29635,1.29638,92050000,1
1499078940000,1499078999000,1.2964,1.2964,1.29618,1.29623,93570000,1
1499079000000,1499079059000,1.29623,1.29625,1.29601,1.29604,106420000,1
1499079060000,1499079119000,1.29604,1.2961,1.29587,1.2959,68660000,1
1499079120000,1499079179000,1.2959,1.2959,1.29562,1.29563,117250000,1
1499079180000,1499079239000,1.29566,1.29566,1.29538,1.29543,119640000,1
1499079240000,1499079299000,1.29543,1.29553,1.29541,1.29551,140980000,1
1499079300000,1499079359000,1.29556,1.29582,1.29542,1.29581,141760000,1
1499079360000,1499079419000,1.2958,1.29583,1.29543,1.29552,134050000,1
1499079420000,1499079479000,1.29552,1.29561,1.2954,1.29561,108250000,1
1499079480000,1499079539000,1.29559,1.29567,1.29541,1.29566,175310000,1
1499079540000,1499079599000,1.29568,1.29572,1.29559,1.29569,167940000,1
1499079600000,1499079659000,1.29571,1.29575,1.29562,1.29563,169930000,1
1499079660000,1499079719000,1.29563,1.29566,1.29543,1.29543,158340000,1
1499079720000,1499079779000,1.29543,1.29552,1.29502,1.29506,135750000,1
1499079780000,1499079839000,1.29505,1.29534,1.29505,1.29533,123040000,1
1499079840000,1499079899000,1.29533,1.29535,1.29524,1.29534,159590000,1
1499079900000,1499079959000,1.29533,1.29542,1.29519,1.29533,153950000,1
1499079960000,1499080019000,1.29535,1.29538,1.29528,1.29535,96190000,1
1499080020000,1499080079000,1.29536,1.29538,1.2953,1.29531,104500000,1
1499080080000,1499080139000,1.29532,1.29543,1.29531,1.29535,139630000,1
1499080140000,1499080199000,1.29534,1.29558,1.29533,1.29557,161870000,1
1499080200000,1499080259000,1.29556,1.29568,1.29554,1.29562,96170000,1
1499080260000,1499080319000,1.29565,1.29573,1.29563,1.29572,105270000,1
1499080320000,1499080379000,1.29573,1.29574,1.29547,1.29555,246160000,1
1499080380000,1499080439000,1.29554,1.29568,1.29552,1.29559,94300000,1
1499080440000,1499080499000,1.29559,1.2957,1.29546,1.29554,123200000,1
1499080500000,1499080559000,1.29553,1.29553,1.29523,1.29536,159110000,1
1499080560000,1499080619000,1.29537,1.29537,1.2948,1.29482,268790000,1
1499080620000,1499080679000,1.29482,1.29492,1.29436,1.29436,237970000,1
1499080680000,1499080739000,1.29439,1.29506,1.29439,1.29494,164010000,1
1499080740000,1499080799000,1.29491,1.29491,1.29459,1.29461,153760000,1
1499080800000,1499080859000,1.29461,1.29473,1.29457,1.2947,202520000,1
1499080860000,1499080919000,1.2947,1.29474,1.29465,1.29474,241130000,1
1499080920000,1499080979000,1.29475,1.29493,1.29473,1.29478,97740000,1
1499080980000,1499081039000,1.29478,1.29491,1.29476,1.29488,151960000,1
1499081040000,1499081099000,1.29488,1.29512,1.29481,1.29484,232810000,1
1499081100000,1499081159000,1.29481,1.29495,1.29468,1.29468,193160000,1
1499081160000,1499081219000,1.29469,1.29489,1.29468,1.29472,230560000,1
1499081220000,1499081279000,1.29472,1.29499,1.29471,1.29492,76330000,1
1499081280000,1499081339000,1.29492,1.29509,1.29481,1.29487,134580000,1
1499081340000,1499081399000,1.29486,1.29511,1.29475,1.29501,117810000,1
1499081400000,1499081459000,1.29503,1.29523,1.29502,1.29523,122990000,1
1499081460000,1499081519000,1.29522,1.29527,1.2951,1.29512,111100000,1
1499081520000,1499081579000,1.29517,1.29535,1.29517,1.29526,88420000,1
1499081580000,1499081639000,1.29525,1.2953,1.2952,1.2953,44480000,1
1499081640000,1499081699000,1.29528,1.29531,1.2952,1.2952,61920000,1
1499081700000,1499081759000,1.2952,1.29531,1.2952,1.2952,89520000,1
1499081760000,1499081819000,1.29521,1.29548,1.29512,1.29547,140260000,1
1499081820000,1499081879000,1.29546,1.29565,1.29546,1.2956,160440000,1
1499081880000,1499081939000,1.29561,1.29568,1.2956,1.29562,66300000,1
1499081940000,1499081999000,1.29562,1.29572,1.29542,1.29542,81940000,1
1499082000000,1499082059000,1.29543,1.2957,1.29537,1.2957,174590000,1
1499082060000,1499082119000,1.2957,1.2957,1.29499,1.29504,161950000,1
1499082120000,1499082179000,1.29503,1.29528,1.2948,1.2952,185700000,1
1499082180000,1499082239000,1.29521,1.29543,1.29521,1.29541,215370000,1
1499082240000,1499082299000,1.29541,1.29555,1.2954,1.29544,164320000,1
1499082300000,1499082359000,1.29542,1.29544,1.2952,1.2952,125930000,1
1499082360000,1499082419000,1.29521,1.29562,1.29513,1.29562,93750000,1
1499082420000,1499082479000,1.29562,1.29576,1.29559,1.29576,50980000,1
1499082480000,1499082539000,1.29575,1.29582,1.29552,1.29553,110100000,1
1499082540000,1499082599000,1.29553,1.29583,1.29541,1.29543,121840000,1
1499082600000,1499082659000,1.29542,1.29556,1.29534,1.29556,129350000,1
1499082660000,1499082719000,1.29555,1.29564,1.2955,1.29561,63130000,1
1499082720000,1499082779000,1.2956,1.29592,1.2956,1.29576,130040000,1
1499082780000,1499082839000,1.29575,1.29589,1.29561,1.29575,119550000,1
1499082840000,1499082899000,1.29575,1.2959,1.29572,1.29587,112820000,1
1499082900000,1499082959000,1.29587,1.29614,1.29574,1.29593,221310000,1
1499082960000,1499083019000,1.29592,1.29614,1.29588,1.29608,148160000,1
1499083020000,1499083079000,1.29608,1.29608,1.29531,1.29554,159660000,1
1499083080000,1499083139000,1.29554,1.29554,1.29502,1.29507,195210000,1
1499083140000,1499083199000,1.29508,1.29532,1.29502,1.29528,305450000,1
1499083200000,1499083259000,1.29529,1.29532,1.2949,1.29492,255630000,1
1499083260000,1499083319000,1.29494,1.29504,1.29469,1.29481,194590000,1
1499083320000,1499083379000,1.29481,1.29502,1.29481,1.29491,128360000,1
1499083380000,1499083439000,1.29492,1.29495,1.29477,1.29492,138340000,1
1499083440000,1499083499000,1.29492,1.29499,1.29471,1.29496,165480000,1
1499083500000,1499083559000,1.29498,1.29498,1.29461,1.29475,176800000,1
1499083560000,1499083619000,1.29475,1.29493,1.2947,1.29492,179500000,1
1499083620000,1499083679000,1.29492,1.29507,1.29471,1.29505,97390000,1
1499083680000,1499083739000,1.29504,1.29537,1.29503,1.29537,137350000,1
1499083740000,1499083799000,1.29537,1.29554,1.29531,1.29531,111580000,1
1499083800000,1499083859000,1.29531,1.29567,1.29531,1.29554,163210000,1
1499083860000,1499083919000,1.29556,1.29607,1.29553,1.29604,167280000,1
1499083920000,1499083979000,1.29603,1.29647,1.29599,1.29644,178070000,1
1499083980000,1499084039000,1.29647,1.29651,1.29636,1.29638,107580000,1
1499084040000,1499084099000,1.29638,1.2964,1.29625,1.29632,81770000,1
1499084100000,1499084159000,1.29633,1.29634,1.29613,1.29613,229290000,1
1499084160000,1499084219000,1.29619,1.29623,1.29608,1.29612,115960000,1
1499084220000,1499084279000,1.29611,1.29623,1.296,1.29601,95310000,1
1499084280000,1499084339000,1.29602,1.29625,1.29601,1.29624,76800000,1
1499084340000,1499084399000,1.29624,1.29709,1.29624,1.29709,192810000,1
1499084400000,1499084459000,1.29704,1.29744,1.29682,1.29715,395040000,1
1499084460000,1499084519000,1.29714,1.29787,1.29714,1.29785,378620000,1
1499084520000,1499084579000,1.29785,1.29786,1.29737,1.29747,476840000,1
1499084580000,1499084639000,1.29748,1.29777,1.29748,1.2977,279220000,1
1499084640000,1499084699000,1.29769,1.29776,1.29746,1.29757,321210000,1
1499084700000,1499084759000,1.2976,1.29774,1.29743,1.29747,112840000,1
1499084760000,1499084819000,1.29745,1.29767,1.29738,1.29746,111530000,1
1499084820000,1499084879000,1.29747,1.29752,1.29737,1.29743,107230000,1
1499084880000,1499084939000,1.29744,1.29765,1.29728,1.29731,179670000,1
1499084940000,1499084999000,1.29731,1.29748,1.29727,1.29744,130510000,1
1499085000000,1499085059000,1.29745,1.29745,1.29727,1.29736,175170000,1
1499085060000,1499085119000,1.29736,1.29744,1.29729,1.29737,86650000,1
1499085120000,1499085179000,1.29738,1.29745,1.29729,1.29735,73900000,1
1499085180000,1499085239000,1.29733,1.29736,1.29701,1.29701,119670000,1
1499085240000,1499085299000,1.29701,1.29704,1.297,1.29703,92390000,1
1499085300000,1499085359000,1.29704,1.29713,1.29699,1.29702,78900000,1
1499085360000,1499085419000,1.29703,1.29707,1.29689,1.29691,92020000,1
1499085420000,1499085479000,1.29691,1.29703,1.29683,1.29683,86830000,1
1499085480000,1499085539000,1.29683,1.29694,1.29663,1.29663,92370000,1
1499085540000,1499085599000,1.29664,1.29685,1.29661,1.29664,178360000,1
1499085600000,1499085659000,1.29664,1.29666,1.29651,1.29653,96080000,1
1499085660000,1499085719000,1.29652,1.29654,1.29642,1.29654,214650000,1
1499085720000,1499085779000,1.29654,1.29657,1.29642,1.29649,143890000,1
1499085780000,1499085839000,1.29649,1.2966,1.29642,1.29643,62850000,1
1499085840000,1499085899000,1.29643,1.29656,1.29642,1.29656,28000000,1
1499085900000,1499085959000,1.29655,1.29655,1.2964,1.29646,45630000,1
1499085960000,1499086019000,1.29647,1.2965,1.29631,1.29632,77430000,1
1499086020000,1499086079000,1.29631,1.29644,1.29631,1.29635,112140000,1
1499086080000,1499086139000,1.29636,1.29658,1.29632,1.29657,71780000,1
1499086140000,1499086199000,1.29658,1.29667,1.29642,1.29643,155820000,1
1499086200000,1499086259000,1.29645,1.29652,1.29635,1.29636,121900000,1
1499086260000,1499086319000,1.29637,1.29645,1.29632,1.29643,121640000,1
1499086320000,1499086379000,1.29643,1.29654,1.29643,1.29654,96550000,1
1499086380000,1499086439000,1.29653,1.2967,1.29652,1.2967,114200000,1
1499086440000,1499086499000,1.29669,1.29676,1.29664,1.29676,94300000,1
1499086500000,1499086559000,1.29676,1.29678,1.29674,1.29675,24550000,1
1499086560000,1499086619000,1.29676,1.2968,1.29667,1.29667,92050000,1
1499086620000,1499086679000,1.29668,1.29677,1.29667,1.29671,84280000,1
1499086680000,1499086739000,1.29671,1.29671,1.29646,1.29654,182870000,1
1499086740000,1499086799000,1.29654,1.29665,1.29628,1.29655,174890000,1
1499086800000,1499086859000,1.29654,1.29668,1.29651,1.29659,199670000,1
1499086860000,1499086919000,1.29661,1.29663,1.29636,1.29648,163770000,1
1499086920000,1499086979000,1.29644,1.29644,1.29626,1.29626,156150000,1
1499086980000,1499087039000,1.29626,1.29635,1.29613,1.29619,138390000,1
1499087040000,1499087099000,1.29621,1.29621,1.29596,1.29596,145600000,1
1499087100000,1499087159000,1.29597,1.29626,1.29597,1.29615,116870000,1
1499087160000,1499087219000,1.29615,1.29615,1.29608,1.29615,43610000,1
1499087220000,1499087279000,1.29616,1.29617,1.29572,1.29572,170970000,1
1499087280000,1499087339000,1.29573,1.29591,1.29571,1.29582,133970000,1
1499087340000,1499087399000,1.29582,1.29582,1.29562,1.29565,95280000,1
1499087400000,1499087459000,1.29565,1.29588,1.29563,1.29565,95170000,1
1499087460000,1499087519000,1.29566,1.29575,1.29562,1.29575,119960000,1
1499087520000,1499087579000,1.29576,1.29576,1.29561,1.29562,104450000,1
1499087580000,1499087639000,1.29561,1.29573,1.29561,1.29566,83990000,1
1499087640000,1499087699000,1.29567,1.29572,1.29554,1.29563,113890000,1
1499087700000,1499087759000,1.29562,1.29575,1.2956,1.29572,92440000,1
1499087760000,1499087819000,1.29571,1.29571,1.2956,1.29562,118210000,1
1499087820000,1499087879000,1.29562,1.29562,1.29532,1.29534,119080000,1
1499087880000,1499087939000,1.29531,1.29531,1.29511,1.29511,106640000,1
1499087940000,1499087999000,1.29511,1.29536,1.29507,1.2953,187450000,1
1499088000000,1499088059000,1.2953,1.29533,1.29521,1.29532,136160000,1
1499088060000,1499088119000,1.29531,1.29531,1.29511,1.29512,64180000,1
1499088120000,1499088179000,1.29511,1.29525,1.29501,1.29525,127140000,1
1499088180000,1499088239000,1.29524,1.29532,1.29518,1.29521,127780000,1
1499088240000,1499088299000,1.29519,1.29527,1.29511,1.29521,116910000,1
1499088300000,1499088359000,1.29521,1.29525,1.29511,1.29525,208310000,1
1499088360000,1499088419000,1.29525,1.2953,1.29517,1.29526,144580000,1
1499088420000,1499088479000,1.29526,1.29532,1.2952,1.29531,131050000,1
1499088480000,1499088539000,1.29531,1.29542,1.2952,1.29542,71040000,1
1499088540000,1499088599000,1.29542,1.29574,1.29541,1.29574,252720000,1
1499088600000,1499088659000,1.29576,1.29616,1.29576,1.29608,164990000,1
1499088660000,1499088719000,1.29607,1.29623,1.29603,1.29607,125330000,1
1499088720000,1499088779000,1.29607,1.29613,1.29561,1.29568,226940000,1
1499088780000,1499088839000,1.29568,1.29577,1.2956,1.29576,76030000,1
1499088840000,1499088899000,1.29572,1.29572,1.29548,1.29558,115670000,1
1499088900000,1499088959000,1.29555,1.29567,1.2955,1.29561,112010000,1
1499088960000,1499089019000,1.29561,1.29575,1.29555,1.29562,149450000,1
1499089020000,1499089079000,1.29561,1.29576,1.29553,1.29576,147430000,1
1499089080000,1499089139000,1.29575,1.29583,1.29566,1.29572,141590000,1
1499089140000,1499089199000,1.29572,1.29575,1.29561,1.29574,84380000,1
1499089200000,1499089259000,1.29573,1.29573,1.29534,1.29534,186860000,1
1499089260000,1499089319000,1.29535,1.29556,1.29535,1.29555,73360000,1
1499089320000,1499089379000,1.29555,1.29556,1.29541,1.29545,132330000,1
1499089380000,1499089439000,1.29545,1.29554,1.29543,1.29544,105460000,1
1499089440000,1499089499000,1.29545,1.2955,1.29539,1.29539,134930000,1
1499089500000,1499089559000,1.29547,1.29557,1.2953,1.29532,153720000,1
1499089560000,1499089619000,1.2953,1.29543,1.2953,1.29541,121380000,1
1499089620000,1499089679000,1.29542,1.29555,1.29536,1.29555,86940000,1
1499089680000,1499089739000,1.29556,1.2959,1.29555,1.29576,120270000,1
1499089740000,1499089799000,1.29576,1.29577,1.29571,1.29572,52530000,1
1499089800000,1499089859000,1.29571,1.29574,1.29562,1.29574,52840000,1
1499089860000,1499089919000,1.29574,1.29575,1.2956,1.29562,69430000,1
1499089920000,1499089979000,1.29562,1.29562,1.29551,1.29553,104040000,1
1499089980000,1499090039000,1.29553,1.29563,1.29549,1.29563,115440000,1
1499090040000,1499090099000,1.29562,1.29576,1.29555,1.29572,66460000,1
1499090100000,1499090159000,1.29572,1.29579,1.29536,1.2954,106790000,1
1499090160000,1499090219000,1.2954,1.2954,1.29512,1.29523,166270000,1
1499090220000,1499090279000,1.29523,1.29524,1.29511,1.29513,90630000,1
1499090280000,1499090339000,1.29513,1.29533,1.29509,1.29533,94110000,1
1499090340000,1499090399000,1.29531,1.29553,1.29517,1.29552,180920000,1
1499090400000,1499090459000,1.29539,1.29539,1.29438,1.29453,426420000,1
1499090460000,1499090519000,1.29452,1.29453,1.29401,1.29427,326040000,1
1499090520000,1499090579000,1.29427,1.29454,1.29426,1.29451,202470000,1
1499090580000,1499090639000,1.29451,1.2949,1.29445,1.29464,269670000,1
1499090640000,1499090699000,1.29466,1.29511,1.29453,1.29506,171060000,1
1499090700000,1499090759000,1.29504,1.29508,1.29477,1.29483,160360000,1
1499090760000,1499090819000,1.29482,1.29482,1.29452,1.29464,254090000,1
1499090820000,1499090879000,1.29464,1.29464,1.29411,1.29423,254800000,1
1499090880000,1499090939000,1.29423,1.29426,1.29401,1.29401,215420000,1
1499090940000,1499090999000,1.29401,1.29468,1.294,1.29459,233930000,1
1499091000000,1499091059000,1.29458,1.29464,1.29443,1.29452,160050000,1
1499091060000,1499091119000,1.29452,1.29475,1.29436,1.29475,177880000,1
1499091120000,1499091179000,1.29475,1.29522,1.29472,1.29492,159080000,1
1499091180000,1499091239000,1.29493,1.29507,1.29472,1.29505,164180000,1
1499091240000,1499091299000,1.29505,1.29521,1.29493,1.29517,95480000,1
1499091300000,1499091359000,1.29518,1.29523,1.29482,1.29495,116470000,1
1499091360000,1499091419000,1.29495,1.29507,1.29469,1.29496,175110000,1
1499091420000,1499091479000,1.29495,1.29504,1.29485,1.29504,58110000,1
1499091480000,1499091539000,1.29504,1.29518,1.29493,1.29502,213320000,1
1499091540000,1499091599000,1.29503,1.29514,1.29484,1.29514,129860000,1
1499091600000,1499091659000,1.29515,1.29519,1.29483,1.29493,80860000,1
1499091660000,1499091719000,1.29489,1.29489,1.29468,1.29475,146340000,1
1499091720000,1499091779000,1.29475,1.29486,1.2946,1.29461,136440000,1
1499091780000,1499091839000,1.2946,1.29465,1.29402,1.29406,224160000,1
1499091840000,1499091899000,1.29404,1.29411,1.29352,1.29373,254360000,1
1499091900000,1499091959000,1.2937,1.29395,1.29334,1.29334,179250000,1
1499091960000,1499092019000,1.2934,1.29371,1.29317,1.29363,311100000,1
1499092020000,1499092079000,1.29362,1.29388,1.29357,1.29373,176980000,1
1499092080000,1499092139000,1.29373,1.29402,1.29363,1.29381,176740000,1
1499092140000,1499092199000,1.29381,1.29402,1.29381,1.29391,144550000,1
1499092200000,1499092259000,1.29391,1.29395,1.2938,1.29382,70900000,1
1499092260000,1499092319000,1.29385,1.2941,1.29381,1.29383,130960000,1
1499092320000,1499092379000,1.29383,1.29383,1.29379,1.29381,89410000,1
1499092380000,1499092439000,1.29382,1.29397,1.29381,1.29385,129810000,1
1499092440000,1499092499000,1.29383,1.29418,1.29383,1.29418,138600000,1
1499092500000,1499092559000,1.29418,1.29428,1.29404,1.29404,118070000,1
1499092560000,1499092619000,1.29405,1.29415,1.29402,1.29407,87700000,1
1499092620000,1499092679000,1.29408,1.29413,1.29396,1.29402,110970000,1
1499092680000,1499092739000,1.29401,1.29417,1.29397,1.29415,47050000,1
1499092740000,1499092799000,1.29416,1.29428,1.29412,1.29427,99540000,1
1499092800000,1499092859000,1.29423,1.29437,1.29423,1.29428,61250000,1
1499092860000,1499092919000,1.29429,1.29438,1.29426,1.29438,90690000,1
1499092920000,1499092979000,1.29438,1.29458,1.29438,1.2945,87700000,1
1499092980000,1499093039000,1.29448,1.29458,1.29443,1.29457,71120000,1
1499093040000,1499093099000,1.29458,1.29458,1.29447,1.29453,63080000,1
1499093100000,1499093159000,1.29453,1.29458,1.29452,1.29453,76070000,1
1499093160000,1499093219000,1.29452,1.29452,1.29432,1.29434,85170000,1
1499093220000,1499093279000,1.29435,1.29442,1.29416,1.29425,87130000,1
1499093280000,1499093339000,1.29416,1.29437,1.29405,1.29428,119190000,1
1499093340000,1499093399000,1.29428,1.29434,1.29422,1.29423,62680000,1
1499093400000,1499093459000,1.29424,1.29468,1.29424,1.29443,166900000,1
1499093460000,1499093519000,1.29443,1.29465,1.29442,1.29462,140760000,1
1499093520000,1499093579000,1.29463,1.29485,1.29459,1.29473,83060000,1
1499093580000,1499093639000,1.29472,1.29482,1.29462,1.29467,132450000,1
1499093640000,1499093699000,1.29468,1.29476,1.29448,1.29451,79880000,1
1499093700000,1499093759000,1.29452,1.29467,1.29443,1.2945,252500000,1
1499093760000,1499093819000,1.29449,1.29452,1.29389,1.29393,166610000,1
1499093820000,1499093879000,1.29395,1.29404,1.2939,1.294,134960000,1
1499093880000,1499093939000,1.294,1.29401,1.29334,1.29364,176490000,1
1499093940000,1499093999000,1.29365,1.29387,1.29363,1.29375,147190000,1
1499094000000,1499094059000,1.29374,1.29396,1.29354,1.29371,307900000,1
1499094060000,1499094119000,1.29371,1.29387,1.29357,1.29357,285150000,1
1499094120000,1499094179000,1.29359,1.29363,1.29331,1.29344,270980000,1
1499094180000,1499094239000,1.29344,1.29348,1.29338,1.29344,109800000,1
1499094240000,1499094299000,1.29344,1.29355,1.29333,1.29339,172050000,1
1499094300000,1499094359000,1.2934,1.29349,1.29327,1.2934,122500000,1
1499094360000,1499094419000,1.2934,1.29412,1.2934,1.29407,201270000,1
1499094420000,1499094479000,1.29407,1.29418,1.29399,1.29418,181640000,1
1499094480000,1499094539000,1.29418,1.29424,1.29406,1.29418,135200000,1
1499094540000,1499094599000,1.29416,1.2942,1.29405,1.29407,110890000,1
1499094600000,1499094659000,1.29408,1.29414,1.29396,1.29401,228870000,1
1499094660000,1499094719000,1.29402,1.29434,1.29402,1.29412,133370000,1
1499094720000,1499094779000,1.29413,1.29418,1.29396,1.29396,153700000,1
1499094780000,1499094839000,1.29397,1.29408,1.29396,1.29405,83300000,1
1499094840000,1499094899000,1.29406,1.29408,1.29397,1.29398,111470000,1
1499094900000,1499094959000,1.29397,1.29402,1.29381,1.29384,219420000,1
1499094960000,1499095019000,1.29384,1.29392,1.29363,1.29389,228010000,1
1499095020000,1499095079000,1.2939,1.29397,1.29336,1.29337,148140000,1
1499095080000,1499095139000,1.2934,1.29343,1.29328,1.29333,238060000,1
1499095140000,1499095199000,1.29332,1.29336,1.29322,1.29332,120690000,1
1499095200000,1499095259000,1.29327,1.29338,1.29321,1.29333,134410000,1
1499095260000,1499095319000,1.29333,1.29365,1.2933,1.29363,176610000,1
1499095320000,1499095379000,1.29363,1.29373,1.29363,1.29369,81340000,1
1499095380000,1499095439000,1.29369,1.29399,1.29356,1.29396,183200000,1
1499095440000,1499095499000,1.29396,1.29397,1.29369,1.29374,224940000,1
1499095500000,1499095559000,1.29374,1.29387,1.29366,1.29386,110200000,1
1499095560000,1499095619000,1.29386,1.29409,1.29385,1.29396,72090000,1
1499095620000,1499095679000,1.29396,1.29397,1.29356,1.29365,150000000,1
1499095680000,1499095739000,1.29365,1.29395,1.29363,1.29393,123590000,1
1499095740000,1499095799000,1.29394,1.29394,1.29375,1.29381,138110000,1
1499095800000,1499095859000,1.29377,1.29398,1.29377,1.29396,212240000,1
1499095860000,1499095919000,1.29397,1.29402,1.29383,1.29387,104220000,1
1499095920000,1499095979000,1.29387,1.29387,1.29361,1.29363,74700000,1
1499095980000,1499096039000,1.29363,1.29364,1.29337,1.29343,132410000,1
1499096040000,1499096099000,1.29342,1.29375,1.29342,1.29375,118500000,1
1499096100000,1499096159000,1.29375,1.29379,1.29366,1.29367,91990000,1
1499096160000,1499096219000,1.29366,1.29382,1.29366,1.29379,116170000,1
1499096220000,1499096279000,1.29383,1.29394,1.29383,1.29384,131270000,1
1499096280000,1499096339000,1.29384,1.29397,1.29384,1.29395,82930000,1
1499096340000,1499096399000,1.29395,1.29445,1.29395,1.29445,131140000,1
1499096400000,1499096459000,1.29445,1.29483,1.29443,1.29483,147940000,1
1499096460000,1499096519000,1.29483,1.29485,1.29477,1.29479,161030000,1
1499096520000,1499096579000,1.29478,1.29497,1.29464,1.29477,262780000,1
1499096580000,1499096639000,1.29477,1.29496,1.29477,1.29493,109120000,1
1499096640000,1499096699000,1.29494,1.29504,1.29488,1.29488,120850000,1
1499096700000,1499096759000,1.29489,1.29536,1.29487,1.29518,279310000,1
1499096760000,1499096819000,1.29518,1.29535,1.29504,1.29504,219900000,1
1499096820000,1499096879000,1.29506,1.29536,1.29502,1.29536,74540000,1
1499096880000,1499096939000,1.29535,1.29545,1.29523,1.2954,164360000,1
1499096940000,1499096999000,1.2954,1.29549,1.29519,1.29526,100800000,1
1499097000000,1499097059000,1.29526,1.29544,1.29515,1.29526,121960000,1
1499097060000,1499097119000,1.29527,1.2953,1.29483,1.29483,97950000,1
1499097120000,1499097179000,1.29483,1.29483,1.29473,1.29475,54580000,1
1499097180000,1499097239000,1.29474,1.29485,1.29474,1.29485,37560000,1
1499097240000,1499097299000,1.29485,1.29495,1.29481,1.29487,113760000,1
1499097300000,1499097359000,1.29487,1.29494,1.29476,1.29476,89080000,1
1499097360000,1499097419000,1.29478,1.29484,1.29474,1.29476,41260000,1
1499097420000,1499097479000,1.29476,1.29493,1.29473,1.29489,61050000,1
1499097480000,1499097539000,1.29487,1.29489,1.29483,1.29485,47610000,1
1499097540000,1499097599000,1.29485,1.29497,1.29484,1.29497,125470000,1
1499097600000,1499097659000,1.29496,1.29499,1.29491,1.29499,74910000,1
1499097660000,1499097719000,1.29496,1.29501,1.29484,1.29484,118240000,1
1499097720000,1499097779000,1.29484,1.29499,1.29483,1.29483,73980000,1
1499097780000,1499097839000,1.29484,1.29485,1.29483,1.29484,43480000,1
1499097840000,1499097899000,1.29484,1.29484,1.29473,1.29483,81150000,1
1499097900000,1499097959000,1.29484,1.29498,1.29478,1.29497,101040000,1
1499097960000,1499098019000,1.29494,1.29503,1.29479,1.29494,719270000,1
1499098020000,1499098079000,1.29495,1.29499,1.29489,1.29497,100950000,1
1499098080000,1499098139000,1.29497,1.29508,1.29497,1.29498,89050000,1
1499098140000,1499098199000,1.29498,1.29528,1.29498,1.29524,71010000,1
1499098200000,1499098259000,1.29524,1.29524,1.29517,1.29518,65770000,1
1499098260000,1499098319000,1.29518,1.29538,1.29518,1.29537,179930000,1
1499098320000,1499098379000,1.29535,1.29548,1.29535,1.29538,49790000,1
1499098380000,1499098439000,1.29537,1.29558,1.29531,1.29545,66690000,1
1499098440000,1499098499000,1.29546,1.29546,1.29516,1.29517,122540000,1
1499098500000,1499098559000,1.29517,1.29526,1.29517,1.29524,59030000,1
1499098560000,1499098619000,1.29524,1.29547,1.29524,1.29534,66050000,1
1499098620000,1499098679000,1.29534,1.29543,1.29527,1.29535,136360000,1
1499098680000,1499098739000,1.29535,1.29547,1.2953,1.29545,111730000,1
1499098740000,1499098799000,1.29545,1.29558,1.29538,1.29547,93820000,1
1499098800000,1499098859000,1.29544,1.29546,1.29537,1.29546,127350000,1
1499098860000,1499098919000,1.29543,1.29546,1.29539,1.29546,101410000,1
1499098920000,1499098979000,1.29546,1.29547,1.29534,1.29535,103330000,1
1499098980000,1499099039000,1.29536,1.29543,1.29534,1.29534,92290000,1
1499099040000,1499099099000,1.29533,1.29547,1.29533,1.29546,54870000,1
1499099100000,1499099159000,1.29543,1.29568,1.2954,1.29568,60630000,1
1499099160000,1499099219000,1.29568,1.29573,1.29558,1.29568,67390000,1
1499099220000,1499099279000,1.29567,1.2957,1.29563,1.29568,122830000,1
1499099280000,1499099339000,1.29568,1.29588,1.29555,1.29555,173470000,1
1499099340000,1499099399000,1.29556,1.29563,1.29555,1.29563,86070000,1
1499099400000,1499099459000,1.29563,1.29577,1.29563,1.29568,130340000,1
1499099460000,1499099519000,1.29568,1.29569,1.29556,1.29558,57080000,1
1499099520000,1499099579000,1.29557,1.29557,1.29534,1.29535,126180000,1
1499099580000,1499099639000,1.29535,1.29536,1.29514,1.29516,122230000,1
1499099640000,1499099699000,1.29514,1.29514,1.29492,1.29492,65260000,1
1499099700000,1499099759000,1.29492,1.29494,1.29483,1.29486,57900000,1
1499099760000,1499099819000,1.29486,1.29527,1.29486,1.29526,40220000,1
1499099820000,1499099879000,1.29527,1.29558,1.29527,1.29547,167390000,1
1499099880000,1499099939000,1.29547,1.29547,1.29535,1.29544,133810000,1
1499099940000,1499099999000,1.29545,1.29551,1.29541,1.29551,122870000,1
1499100000000,1499100059000,1.29553,1.29559,1.29538,1.29538,54800000,1
1499100060000,1499100119000,1.29538,1.29539,1.29537,1.29539,24000000,1
1499100120000,1499100179000,1.29539,1.29539,1.29526,1.29528,47190000,1
1499100180000,1499100239000,1.29528,1.29548,1.29527,1.29547,47050000,1
1499100240000,1499100299000,1.29545,1.29559,1.29543,1.29544,66110000,1
1499100300000,1499100359000,1.29544,1.29545,1.29544,1.29544,47460000,1
1499100360000,1499100419000,1.29544,1.29545,1.2953,1.29535,45820000,1
1499100420000,1499100479000,1.29537,1.29538,1.29534,1.29537,13600000,1
1499100480000,1499100539000,1.29537,1.29537,1.29483,1.29483,85950000,1
1499100540000,1499100599000,1.29483,1.29489,1.29482,1.29483,63930000,1
1499100600000,1499100659000,1.29484,1.29488,1.29474,1.29482,125750000,1
1499100660000,1499100719000,1.29482,1.29507,1.29477,1.29505,65770000,1
1499100720000,1499100779000,1.29501,1.29504,1.29498,1.295,79790000,1
1499100780000,1499100839000,1.29501,1.29502,1.29497,1.29502,38550000,1
1499100840000,1499100899000,1.29502,1.29508,1.29502,1.29504,53000000,1
1499100900000,1499100959000,1.29504,1.29548,1.29504,1.29545,88460000,1
1499100960000,1499101019000,1.29546,1.29558,1.29546,1.29558,42860000,1
1499101020000,1499101079000,1.29558,1.29561,1.29553,1.29556,63280000,1
1499101080000,1499101139000,1.29558,1.29558,1.29542,1.29547,62940000,1
1499101140000,1499101199000,1.29546,1.29563,1.29515,1.29563,287230000,1
1499101200000,1499101259000,1.29562,1.29568,1.29547,1.29547,60230000,1
1499101260000,1499101319000,1.29547,1.29548,1.29385,1.29513,197980000,1
1499101320000,1499101379000,1.29514,1.29514,1.29505,1.29505,43360000,1
1499101380000,1499101439000,1.29505,1.29505,1.29492,1.29494,75970000,1
1499101440000,1499101499000,1.29494,1.29504,1.29494,1.29504,59080000,1
1499101500000,1499101559000,1.29504,1.29526,1.29504,1.29517,173740000,1
1499101560000,1499101619000,1.29514,1.29543,1.29513,1.29541,178920000,1
1499101620000,1499101679000,1.2954,1.29548,1.29537,1.29545,106620000,1
1499101680000,1499101739000,1.29545,1.29579,1.29544,1.29566,105640000,1
1499101740000,1499101799000,1.29566,1.29572,1.29565,1.29565,34700000,1
1499101800000,1499101859000,1.29566,1.29593,1.29566,1.29593,128700000,1
1499101860000,1499101919000,1.29594,1.29596,1.29588,1.29594,52760000,1
1499101920000,1499101979000,1.29594,1.29626,1.29593,1.29617,158750000,1
1499101980000,1499102039000,1.29621,1.29623,1.29603,1.29606,130020000,1
1499102040000,1499102099000,1.29607,1.29607,1.29593,1.29595,147230000,1
1499102100000,1499102159000,1.29595,1.29609,1.29582,1.29609,140620000,1
1499102160000,1499102219000,1.29608,1.29619,1.29608,1.29618,62110000,1
1499102220000,1499102279000,1.29619,1.29619,1.29614,1.29614,67080000,1
1499102280000,1499102339000,1.29619,1.29619,1.29593,1.29593,107770000,1
1499102340000,1499102399000,1.29593,1.29594,1.29567,1.29568,82100000,1
1499102400000,1499102459000,1.29568,1.29573,1.29559,1.29561,104690000,1
1499102460000,1499102519000,1.29563,1.2957,1.29557,1.29569,103710000,1
1499102520000,1499102579000,1.29569,1.2957,1.29563,1.29563,86830000,1
1499102580000,1499102639000,1.29563,1.29569,1.2955,1.29551,110630000,1
1499102640000,1499102699000,1.29552,1.29553,1.29541,1.29541,83780000,1
1499102700000,1499102759000,1.29541,1.29553,1.29541,1.29551,95250000,1
1499102760000,1499102819000,1.29551,1.29552,1.29534,1.29536,67540000,1
1499102820000,1499102879000,1.29534,1.29545,1.29534,1.29541,31730000,1
1499102880000,1499102939000,1.29541,1.29543,1.29538,1.2954,16120000,1
1499102940000,1499102999000,1.2954,1.29541,1.29531,1.29534,30900000,1
1499103000000,1499103059000,1.29535,1.29537,1.29512,1.29512,52700000,1
1499103060000,1499103119000,1.29511,1.29513,1.29501,1.29501,186550000,1
1499103120000,1499103179000,1.29501,1.29503,1.29464,1.29484,172220000,1
1499103180000,1499103239000,1.29484,1.29485,1.29472,1.29478,79990000,1
1499103240000,1499103299000,1.29479,1.29483,1.29464,1.29467,100400000,1
1499103300000,1499103359000,1.29467,1.29473,1.29465,1.29468,90810000,1
1499103360000,1499103419000,1.29468,1.29472,1.29464,1.2947,42540000,1
1499103420000,1499103479000,1.29473,1.29475,1.29473,1.29475,20720000,1
1499103480000,1499103539000,1.29473,1.29479,1.29472,1.29476,78550000,1
1499103540000,1499103599000,1.29476,1.29479,1.29473,1.29478,86360000,1
1499103600000,1499103659000,1.29478,1.29478,1.29473,1.29475,141670000,1
1499103660000,1499103719000,1.29476,1.29476,1.2947,1.2947,44750000,1
1499103720000,1499103779000,1.2947,1.2947,1.29468,1.29468,34110000,1
1499103780000,1499103839000,1.29468,1.2947,1.29467,1.2947,75610000,1
1499103840000,1499103899000,1.29469,1.29473,1.29469,1.29473,69110000,1
1499103900000,1499103959000,1.29473,1.29485,1.29472,1.29482,94020000,1
1499103960000,1499104019000,1.29482,1.2949,1.29482,1.29482,62440000,1
1499104020000,1499104079000,1.29482,1.29493,1.29481,1.29486,54950000,1
1499104080000,1499104139000,1.29486,1.29486,1.29483,1.29484,27800000,1
1499104140000,1499104199000,1.29483,1.29484,1.29482,1.29482,43280000,1
1499104200000,1499104259000,1.29482,1.29482,1.29476,1.29478,47580000,1
1499104260000,1499104319000,1.29478,1.29483,1.29463,1.29463,68950000,1
1499104320000,1499104379000,1.29464,1.29465,1.29462,1.29464,30470000,1
1499104380000,1499104439000,1.29469,1.29469,1.29461,1.29461,31470000,1
1499104440000,1499104499000,1.29462,1.29463,1.29461,1.29462,23120000,1
1499104500000,1499104559000,1.29464,1.29472,1.29464,1.29472,53350000,1
1499104560000,1499104619000,1.29471,1.29473,1.29462,1.29462,60250000,1
1499104620000,1499104679000,1.29462,1.29463,1.2946,1.2946,32830000,1
1499104680000,1499104739000,1.29461,1.29461,1.29451,1.29452,69230000,1
1499104740000,1499104799000,1.29452,1.29452,1.2944,1.2944,53030000,1
1499104800000,1499104859000,1.29439,1.29439,1.29428,1.29429,97040000,1
1499104860000,1499104919000,1.29429,1.2943,1.29412,1.29414,73150000,1
1499104920000,1499104979000,1.29413,1.29413,1.29403,1.29403,95040000,1
1499104980000,1499105039000,1.29402,1.2941,1.29402,1.29404,148490000,1
1499105040000,1499105099000,1.29404,1.29406,1.2939,1.2939,109520000,1
1499105100000,1499105159000,1.29389,1.29395,1.29386,1.2939,89030000,1
1499105160000,1499105219000,1.29392,1.29403,1.29391,1.29402,79410000,1
1499105220000,1499105279000,1.29402,1.29402,1.29392,1.29396,93720000,1
1499105280000,1499105339000,1.29396,1.294,1.2939,1.29391,83850000,1
1499105340000,1499105399000,1.29391,1.29392,1.2939,1.2939,34920000,1
1499105400000,1499105459000,1.29391,1.29391,1.29389,1.2939,40570000,1
1499105460000,1499105519000,1.2939,1.29391,1.2939,1.2939,84210000,1
1499105520000,1499105579000,1.2939,1.29391,1.2939,1.2939,26470000,1
1499105580000,1499105639000,1.2939,1.29391,1.2939,1.2939,57730000,1
1499105640000,1499105699000,1.2939,1.29393,1.29389,1.2939,54550000,1
1499105700000,1499105759000,1.2939,1.29392,1.2939,1.29392,40960000,1
1499105760000,1499105819000,1.29392,1.29393,1.29391,1.29392,9250000,1
1499105820000,1499105879000,1.29394,1.29394,1.29382,1.29383,62550000,1
1499105880000,1499105939000,1.29382,1.29384,1.29382,1.29384,41800000,1
1499105940000,1499105999000,1.29383,1.29386,1.29382,1.29382,13620000,1
1499106000000,1499106059000,1.29384,1.29391,1.29384,1.29391,23860000,1
1499106060000,1499106119000,1.29391,1.29391,1.2936,1.29364,35680000,1
1499106120000,1499106179000,1.29364,1.29364,1.29356,1.29364,40340000,1
1499106180000,1499106239000,1.29364,1.29365,1.29363,1.29364,35220000,1
1499106240000,1499106299000,1.29364,1.29364,1.29361,1.29362,23310000,1
1499106300000,1499106359000,1.29362,1.29363,1.29362,1.29363,35440000,1
1499106360000,1499106419000,1.29363,1.29363,1.29363,1.29363,15240000,1
1499106420000,1499106479000,1.29363,1.29364,1.29361,1.29362,35690000,1
1499106480000,1499106539000,1.29362,1.29368,1.29362,1.29368,30500000,1
1499106540000,1499106599000,1.29367,1.29368,1.29364,1.29365,49810000,1
1499106600000,1499106659000,1.29365,1.29365,1.29365,1.29365,9000000,1
1499106660000,1499106719000,1.29365,1.29365,1.29364,1.29364,10500000,1
1499106720000,1499106779000,1.29364,1.29365,1.29363,1.29363,21920000,1
1499106780000,1499106839000,1.29363,1.29364,1.29363,1.29363,16120000,1
1499106840000,1499106899000,1.29363,1.29364,1.29362,1.29364,47870000,1
1499106900000,1499106959000,1.29364,1.29365,1.29357,1.29357,58500000,1
1499106960000,1499107019000,1.29357,1.29358,1.29354,1.29354,35610000,1
1499107020000,1499107079000,1.29354,1.29355,1.29353,1.29353,27110000,1
1499107080000,1499107139000,1.29355,1.29363,1.29353,1.29357,35230000,1
1499107140000,1499107199000,1.29358,1.29358,1.29357,1.29357,19000000,1
1499107200000,1499107259000,1.29358,1.29368,1.29357,1.29367,23500000,1
1499107260000,1499107319000,1.29367,1.29375,1.29366,1.29369,29370000,1
1499107320000,1499107379000,1.29369,1.29369,1.29367,1.29368,9000000,1
1499107380000,1499107439000,1.29366,1.29368,1.29366,1.29368,16000000,1
1499107440000,1499107499000,1.29368,1.29368,1.29365,1.29368,13000000,1
1499107500000,1499107559000,1.29368,1.29368,1.29365,1.29366,14500000,1
1499107560000,1499107619000,1.29367,1.29367,1.29365,1.29367,8000000,1
1499107620000,1499107679000,1.29368,1.29369,1.29366,1.29368,16000000,1
1499107680000,1499107739000,1.29367,1.29367,1.29364,1.29365,15500000,1
1499107740000,1499107799000,1.29365,1.29367,1.29365,1.29366,34390000,1
1499107800000,1499107859000,1.29366,1.29367,1.29366,1.29366,16250000,1
1499107860000,1499107919000,1.29366,1.29367,1.29366,1.29367,19490000,1
1499107920000,1499107979000,1.29366,1.29367,1.29364,1.29364,26250000,1
1499107980000,1499108039000,1.29364,1.29365,1.29364,1.29365,23250000,1
1499108040000,1499108099000,1.29364,1.29364,1.29363,1.29364,12000000,1
1499108100000,1499108159000,1.29363,1.29365,1.29363,1.29363,10690000,1
1499108160000,1499108219000,1.29365,1.29365,1.29363,1.29364,9750000,1
1499108220000,1499108279000,1.29365,1.29365,1.29362,1.29362,26490000,1
1499108280000,1499108339000,1.29363,1.29365,1.29363,1.29364,25310000,1
1499108340000,1499108399000,1.29362,1.29364,1.29362,1.29363,68050000,1
1499108400000,1499108459000,1.29364,1.29378,1.29364,1.29375,62540000,1
1499108460000,1499108519000,1.29375,1.29382,1.29374,1.29382,77370000,1
1499108520000,1499108579000,1.29383,1.29383,1.29378,1.29379,63640000,1
1499108580000,1499108639000,1.29378,1.29378,1.29377,1.29377,34690000,1
1499108640000,1499108699000,1.29377,1.29378,1.29377,1.29377,42380000,1
1499108700000,1499108759000,1.29378,1.29378,1.29373,1.29373,33110000,1
1499108760000,1499108819000,1.29374,1.29378,1.29372,1.29375,63790000,1
1499108820000,1499108879000,1.29375,1.29378,1.29375,1.29377,44700000,1
1499108880000,1499108939000,1.29376,1.2938,1.29376,1.29379,43050000,1
1499108940000,1499108999000,1.2938,1.29387,1.29379,1.29387,26630000,1
1499109000000,1499109059000,1.29385,1.29386,1.29384,1.29384,20630000,1
1499109060000,1499109119000,1.29385,1.29385,1.29384,1.29384,9170000,1
1499109120000,1499109179000,1.29386,1.29386,1.29384,1.29384,30730000,1
1499109180000,1499109239000,1.29384,1.29384,1.29382,1.29383,25120000,1
1499109240000,1499109299000,1.29384,1.29385,1.29383,1.29385,36500000,1
1499109300000,1499109359000,1.29385,1.29393,1.29385,1.29392,34640000,1
1499109360000,1499109419000,1.29393,1.29393,1.29392,1.29392,7370000,1
1499109420000,1499109479000,1.29392,1.29393,1.29389,1.29393,12740000,1
1499109480000,1499109539000,1.29392,1.29393,1.29387,1.29387,32570000,1
1499109540000,1499109599000,1.29388,1.29388,1.29387,1.29388,14550000,1
1499109600000,1499109659000,1.29387,1.29388,1.29387,1.29387,32220000,1
1499109660000,1499109719000,1.29387,1.2939,1.29387,1.29389,54960000,1
1499109720000,1499109779000,1.29389,1.29389,1.29388,1.29388,14990000,1
1499109780000,1499109839000,1.29388,1.29388,1.29387,1.29387,46490000,1
1499109840000,1499109899000,1.29387,1.29388,1.29387,1.29387,20490000,1
1499109900000,1499109959000,1.29388,1.29389,1.29387,1.29388,44310000,1
1499109960000,1499110019000,1.29388,1.29388,1.29387,1.29388,25480000,1
1499110020000,1499110079000,1.29387,1.29388,1.29387,1.29387,25350000,1
1499110080000,1499110139000,1.29387,1.29388,1.29387,1.29387,40360000,1
1499110140000,1499110199000,1.29387,1.29391,1.29386,1.29391,26190000,1
1499110200000,1499110259000,1.2939,1.2939,1.29386,1.29388,57790000,1
1499110260000,1499110319000,1.29387,1.29389,1.29386,1.29388,46230000,1
1499110320000,1499110379000,1.2939,1.2939,1.29388,1.2939,13620000,1
1499110380000,1499110439000,1.29389,1.29389,1.29387,1.29389,23800000,1
1499110440000,1499110499000,1.2939,1.2939,1.29387,1.29387,38220000,1
1499110500000,1499110559000,1.29388,1.2939,1.29387,1.29389,44930000,1
1499110560000,1499110619000,1.29389,1.29389,1.29389,1.29389,8240000,1
1499110620000,1499110679000,1.29389,1.29389,1.29387,1.29387,104960000,1
1499110680000,1499110739000,1.29388,1.29389,1.29387,1.29387,71160000,1
1499110740000,1499110799000,1.29387,1.2939,1.29387,1.29388,67410000,1
1499110800000,1499110859000,1.29387,1.29389,1.29387,1.29388,33000000,1
1499110860000,1499110919000,1.29387,1.29394,1.29387,1.29394,67090000,1
1499110920000,1499110979000,1.29393,1.29395,1.29392,1.29392,118380000,1
1499110980000,1499111039000,1.29392,1.29394,1.29392,1.29393,44490000,1
1499111040000,1499111099000,1.29392,1.29393,1.29392,1.29393,41570000,1
1499111100000,1499111159000,1.29392,1.29394,1.29392,1.29393,31930000,1
1499111160000,1499111219000,1.29393,1.29394,1.29391,1.29392,45110000,1
1499111220000,1499111279000,1.29392,1.29394,1.29392,1.29393,52100000,1
1499111280000,1499111339000,1.29393,1.29396,1.29391,1.29394,106460000,1
1499111340000,1499111399000,1.29393,1.29396,1.29392,1.29393,103980000,1
1499111400000,1499111459000,1.29393,1.29394,1.29393,1.29393,58150000,1
1499111460000,1499111519000,1.29392,1.29395,1.29392,1.29392,45990000,1
1499111520000,1499111579000,1.29392,1.29395,1.29392,1.29393,106130000,1
1499111580000,1499111639000,1.29394,1.294,1.29393,1.29398,42590000,1
1499111640000,1499111699000,1.29398,1.29398,1.29397,1.29397,24510000,1
1499111700000,1499111759000,1.29397,1.29398,1.29397,1.29398,38900000,1
1499111760000,1499111819000,1.29399,1.29408,1.29399,1.29408,58850000,1
1499111820000,1499111879000,1.29407,1.29418,1.29407,1.29417,38370000,1
1499111880000,1499111939000,1.29418,1.29419,1.29417,1.29419,64810000,1
1499111940000,1499111999000,1.29419,1.29437,1.29419,1.29437,54400000,1
1499112000000,1499112059000,1.29437,1.29438,1.29423,1.29423,71140000,1
1499112060000,1499112119000,1.29423,1.29426,1.29422,1.29423,81070000,1
1499112120000,1499112179000,1.29424,1.29424,1.29423,1.29423,62500000,1
1499112180000,1499112239000,1.29423,1.29428,1.29422,1.29424,77310000,1
1499112240000,1499112299000,1.29424,1.29428,1.29423,1.29428,27120000,1
1499112300000,1499112359000,1.29427,1.29434,1.29427,1.29432,70030000,1
1499112360000,1499112419000,1.29432,1.29432,1.29424,1.29429,54120000,1
1499112420000,1499112479000,1.29432,1.29434,1.29429,1.29432,82370000,1
1499112480000,1499112539000,1.29433,1.29433,1.29432,1.29433,78330000,1
1499112540000,1499112599000,1.29432,1.29435,1.29432,1.29432,74400000,1
1499112600000,1499112659000,1.29432,1.29433,1.29427,1.29428,49220000,1
1499112660000,1499112719000,1.29427,1.29428,1.29422,1.29425,37160000,1
1499112720000,1499112779000,1.29426,1.29432,1.29419,1.29432,73750000,1
1499112780000,1499112839000,1.29432,1.29435,1.29432,1.29432,36760000,1
1499112840000,1499112899000,1.29433,1.29433,1.29427,1.29428,53300000,1
1499112900000,1499112959000,1.29427,1.29434,1.29423,1.29434,62690000,1
1499112960000,1499113019000,1.29432,1.29435,1.29432,1.29434,46480000,1
1499113020000,1499113079000,1.29435,1.29437,1.29434,1.29434,33790000,1
1499113080000,1499113139000,1.29435,1.29435,1.29432,1.29433,46580000,1
1499113140000,1499113199000,1.29432,1.29433,1.29432,1.29432,105750000,1
1499113200000,1499113259000,1.29433,1.29433,1.29432,1.29433,92020000,1
1499113260000,1499113319000,1.29432,1.29439,1.29432,1.29439,47360000,1
1499113320000,1499113379000,1.29433,1.29433,1.29432,1.29432,50030000,1
1499113380000,1499113439000,1.29433,1.29434,1.29424,1.29424,71010000,1
1499113440000,1499113499000,1.29424,1.29424,1.29417,1.29423,66190000,1
1499113500000,1499113559000,1.29422,1.29423,1.29422,1.29422,64210000,1
1499113560000,1499113619000,1.29422,1.29425,1.29422,1.29422,72140000,1
1499113620000,1499113679000,1.29422,1.29423,1.29422,1.29422,41210000,1
1499113680000,1499113739000,1.29422,1.29423,1.29422,1.29423,42800000,1
1499113740000,1499113799000,1.29423,1.29425,1.29411,1.29422,111150000,1
1499113800000,1499113859000,1.29422,1.29423,1.29422,1.29423,91720000,1
1499113860000,1499113919000,1.29422,1.29423,1.29422,1.29422,48480000,1
1499113920000,1499113979000,1.29422,1.29426,1.29422,1.29422,80840000,1
1499113980000,1499114039000,1.29423,1.29423,1.29405,1.29405,42960000,1
1499114040000,1499114099000,1.29407,1.29408,1.29403,1.29405,139450000,1
1499114100000,1499114159000,1.29405,1.29407,1.29405,1.29406,78990000,1
1499114160000,1499114219000,1.29404,1.29406,1.29389,1.29396,150720000,1
1499114220000,1499114279000,1.29396,1.29404,1.29394,1.29401,128250000,1
1499114280000,1499114339000,1.29401,1.29404,1.29398,1.29401,125070000,1
1499114340000,1499114399000,1.294,1.29405,1.294,1.29405,65750000,1
1499114400000,1499114459000,1.29407,1.29408,1.29388,1.2939,136670000,1
1499114460000,1499114519000,1.2939,1.29393,1.29387,1.29389,127110000,1
1499114520000,1499114579000,1.29388,1.29388,1.29382,1.29384,85650000,1
1499114580000,1499114639000,1.29385,1.29385,1.29381,1.29385,66020000,1
1499114640000,1499114699000,1.29383,1.29385,1.29381,1.29383,84760000,1
1499114700000,1499114759000,1.29384,1.29385,1.29382,1.29383,52500000,1
1499114760000,1499114819000,1.29383,1.29384,1.2938,1.2938,41210000,1
1499114820000,1499114879000,1.29381,1.29381,1.2938,1.29381,47710000,1
1499114880000,1499114939000,1.29381,1.29382,1.29378,1.29381,72200000,1
1499114940000,1499114999000,1.29381,1.29382,1.29379,1.29379,59590000,1
1499115000000,1499115059000,1.29381,1.29381,1.29377,1.29379,78830000,1
1499115060000,1499115119000,1.29379,1.29379,1.29369,1.29373,105670000,1
1499115120000,1499115179000,1.29373,1.29374,1.29343,1.29343,86480000,1
1499115180000,1499115239000,1.29345,1.29345,1.29336,1.29338,88580000,1
1499115240000,1499115299000,1.29338,1.29348,1.29338,1.29347,58720000,1
1499115300000,1499115359000,1.29347,1.2935,1.29346,1.2935,102550000,1
1499115360000,1499115419000,1.2935,1.29361,1.2935,1.29361,72410000,1
1499115420000,1499115479000,1.29361,1.29361,1.29358,1.2936,42980000,1
1499115480000,1499115539000,1.29361,1.29402,1.29361,1.29401,157090000,1
1499115540000,1499115599000,1.29397,1.29398,1.29363,1.29363,65410000,1
1499115600000,1499115659000,1.29348,1.29359,1.29335,1.29346,7780000,1
1499115660000,1499115719000,1.29354,1.29354,1.29346,1.29346,2250000,1
1499115720000,1499115779000,1.29346,1.29347,1.29346,1.29347,2250000,1
1499115780000,1499115839000,1.29346,1.29346,1.29346,1.29346,2250000,1
1499115840000,1499115899000,1.29333,1.29334,1.29333,1.29333,4000000,1
1499115900000,1499115959000,1.29337,1.29378,1.29337,1.29366,21250000,1
1499115960000,1499116019000,1.29366,1.29367,1.29366,1.29366,6750000,1
1499116020000,1499116079000,1.29366,1.29366,1.29366,1.29366,3500000,1
1499116080000,1499116139000,1.29366,1.29367,1.29363,1.29363,12750000,1
1499116140000,1499116199000,1.29363,1.29363,1.29363,1.29363,3500000,1
1499116200000,1499116259000,1.29363,1.29375,1.29363,1.2937,38210000,1
1499116260000,1499116319000,1.29369,1.29369,1.29363,1.29363,21500000,1
1499116320000,1499116379000,1.29395,1.29395,1.29363,1.29367,34000000,1
1499116380000,1499116439000,1.29367,1.29372,1.29363,1.29369,34250000,1
1499116440000,1499116499000,1.29369,1.29371,1.29364,1.29368,41250000,1
1499116500000,1499116559000,1.29368,1.2937,1.29363,1.2937,46750000,1
1499116560000,1499116619000,1.29371,1.29374,1.29369,1.29369,21390000,1
1499116620000,1499116679000,1.29366,1.29376,1.29364,1.29368,61000000,1
1499116680000,1499116739000,1.29368,1.29375,1.29364,1.29374,38830000,1
1499116740000,1499116799000,1.29371,1.29371,1.29368,1.29368,15240000,1
1499116800000,1499116859000,1.29368,1.29371,1.29357,1.29359,15480000,1
1499116860000,1499116919000,1.2936,1.29363,1.2936,1.2936,9000000,1
1499116920000,1499116979000,1.29358,1.2936,1.29356,1.29356,12400000,1
1499116980000,1499117039000,1.29356,1.29376,1.29355,1.29358,34130000,1
1499117040000,1499117099000,1.29355,1.29376,1.29355,1.29375,23350000,1
1499117100000,1499117159000,1.2937,1.29492,1.29364,1.29435,105910000,1
1499117160000,1499117219000,1.29436,1.29436,1.29375,1.29375,195210000,1
1499117220000,1499117279000,1.29375,1.29375,1.29375,1.29375,23400000,1
1499117280000,1499117339000,1.29375,1.29375,1.29375,1.29375,3400000,1
1499117340000,1499117399000,1.29375,1.29375,1.29355,1.29355,6700000,1
1499117400000,1499117459000,1.29355,1.29395,1.29355,1.29395,10210000,1
1499117460000,1499117519000,1.29395,1.29395,1.29355,1.29355,9100000,1
1499117520000,1499117579000,1.29355,1.29395,1.29355,1.29355,4400000,1
1499117580000,1499117639000,1.29355,1.29395,1.29355,1.29355,5400000,1
1499117640000,1499117699000,1.29355,1.29355,1.29336,1.29355,8600000,1
1499117700000,1499117759000,1.29355,1.29357,1.29355,1.29355,31870000,1
1499117760000,1499117819000,1.29355,1.29357,1.29355,1.29357,13050000,1
1499117820000,1499117879000,1.29357,1.29357,1.29355,1.29357,125650000,1
1499117880000,1499117939000,1.29357,1.29358,1.29356,1.29357,176000000,1
1499117940000,1499117999000,1.29357,1.29357,1.29355,1.29355,59400000,1
1499118000000,1499118059000,1.29355,1.29355,1.29355,1.29355,400000,1
1499118060000,1499118119000,1.29355,1.29355,1.29355,1.29355,1400000,1
1499118120000,1499118179000,1.29355,1.29355,1.29355,1.29355,200000,1
1499118180000,1499118239000,1.29355,1.29355,1.29355,1.29355,100000,1
1499118240000,1499118299000,1.29355,1.29355,1.29355,1.29355,300000,1
1499118300000,1499118359000,1.29356,1.29356,1.29355,1.29355,8500000,1
1499118360000,1499118419000,1.29355,1.29355,1.29355,1.29355,1500000,1
1499118420000,1499118479000,1.29356,1.29356,1.29356,1.29356,11000000,1
1499118480000,1499118539000,1.29355,1.29368,1.29355,1.29368,3100000,1
1499118540000,1499118599000,1.29368,1.29368,1.29324,1.29324,38750000,1
1499118600000,1499118659000,1.29324,1.29338,1.29324,1.29326,43910000,1
1499118660000,1499118719000,1.29327,1.29378,1.29327,1.29362,84520000,1
1499118720000,1499118779000,1.29363,1.29413,1.29362,1.29402,105420000,1
1499118780000,1499118839000,1.29402,1.29403,1.29402,1.29402,8000000,1
1499118840000,1499118899000,1.29403,1.29404,1.29402,1.29403,136000000,1
1499118900000,1499118959000,1.29403,1.29428,1.29402,1.29428,139000000,1
1499118960000,1499119019000,1.29427,1.29428,1.29427,1.29427,120500000,1
1499119020000,1499119079000,1.29428,1.29428,1.29367,1.29372,138150000,1
1499119080000,1499119139000,1.29376,1.2938,1.29372,1.29378,109210000,1
1499119140000,1499119199000,1.29377,1.29387,1.29368,1.29376,109920000,1
1499119200000,1499119259000,1.29374,1.29437,1.29362,1.29418,88020000,1
1499119260000,1499119319000,1.29419,1.29423,1.29417,1.29418,22800000,1
1499119320000,1499119379000,1.29422,1.29424,1.29414,1.29417,27340000,1
1499119380000,1499119439000,1.29417,1.29417,1.29412,1.29415,36990000,1
1499119440000,1499119499000,1.29414,1.29416,1.29413,1.29415,120860000,1
1499119500000,1499119559000,1.29414,1.29415,1.29407,1.29407,86880000,1
1499119560000,1499119619000,1.29407,1.29413,1.29402,1.29407,56690000,1
1499119620000,1499119679000,1.29407,1.29407,1.29406,1.29406,33120000,1
1499119680000,1499119739000,1.29406,1.29406,1.29405,1.29405,20980000,1
1499119740000,1499119799000,1.29405,1.29407,1.29405,1.29406,35110000,1
1499119800000,1499119859000,1.29406,1.2941,1.29406,1.29409,25920000,1
1499119860000,1499119919000,1.29409,1.29415,1.29407,1.29413,189030000,1
1499119920000,1499119979000,1.29412,1.29414,1.29412,1.29413,470910000,1
1499119980000,1499120039000,1.29414,1.29414,1.29412,1.29413,401520000,1
1499120040000,1499120099000,1.29413,1.29415,1.29412,1.29415,393280000,1
1499120100000,1499120159000,1.29415,1.29415,1.29411,1.29412,68360000,1
1499120160000,1499120219000,1.29412,1.29413,1.29411,1.29411,45700000,1
1499120220000,1499120279000,1.29411,1.29417,1.29411,1.29417,38520000,1
1499120280000,1499120339000,1.29417,1.29425,1.29417,1.29424,99420000,1
1499120340000,1499120399000,1.29422,1.29424,1.2942,1.29423,91110000,1
1499120400000,1499120459000,1.29423,1.29424,1.29422,1.29424,35420000,1
1499120460000,1499120519000,1.29423,1.29423,1.29423,1.29423,24910000,1
1499120520000,1499120579000,1.29423,1.29423,1.29422,1.29423,23490000,1
1499120580000,1499120639000,1.29422,1.29423,1.29422,1.29422,45820000,1
1499120640000,1499120699000,1.29422,1.29423,1.29422,1.29423,28100000,1
1499120700000,1499120759000,1.29422,1.29422,1.29421,1.29421,56170000,1
1499120760000,1499120819000,1.29421,1.29422,1.29421,1.29421,33850000,1
1499120820000,1499120879000,1.29421,1.29422,1.29417,1.29418,50890000,1
1499120880000,1499120939000,1.29418,1.29422,1.29418,1.29421,44580000,1
1499120940000,1499120999000,1.29421,1.29432,1.29421,1.29431,84490000,1
1499121000000,1499121059000,1.2943,1.2943,1.29425,1.29425,72860000,1
1499121060000,1499121119000,1.29425,1.29427,1.29423,1.29423,56340000,1
1499121120000,1499121179000,1.29423,1.29424,1.29423,1.29423,79890000,1
1499121180000,1499121239000,1.29423,1.29425,1.29422,1.29424,63840000,1
1499121240000,1499121299000,1.29423,1.29425,1.29423,1.29424,50000000,1
1499121300000,1499121359000,1.29424,1.29426,1.29419,1.2942,89900000,1
1499121360000,1499121419000,1.29421,1.29421,1.29415,1.29415,78960000,1
1499121420000,1499121479000,1.29416,1.29426,1.29416,1.29426,135580000,1
1499121480000,1499121539000,1.29426,1.29445,1.29424,1.29444,199290000,1
1499121540000,1499121599000,1.29445,1.29445,1.29434,1.29436,224250000,1
1499121600000,1499121659000,1.29437,1.29437,1.29435,1.29437,113530000,1
1499121660000,1499121719000,1.29437,1.29437,1.29427,1.29427,104460000,1
1499121720000,1499121779000,1.29427,1.29436,1.29424,1.29427,141130000,1
1499121780000,1499121839000,1.29426,1.29427,1.29424,1.29426,173220000,1
1499121840000,1499121899000,1.29425,1.29435,1.29424,1.29435,177870000,1
1499121900000,1499121959000,1.29435,1.29446,1.29434,1.29445,82820000,1
1499121960000,1499122019000,1.29445,1.29448,1.29441,1.29442,54110000,1
1499122020000,1499122079000,1.29443,1.29446,1.29442,1.29446,24730000,1
1499122080000,1499122139000,1.29449,1.29453,1.29448,1.2945,41260000,1
1499122140000,1499122199000,1.2945,1.2945,1.29445,1.29448,48480000,1
1499122200000,1499122259000,1.29447,1.29447,1.29438,1.29445,41620000,1
1499122260000,1499122319000,1.29445,1.29446,1.2944,1.29446,36350000,1
1499122320000,1499122379000,1.29446,1.29446,1.29412,1.29412,76390000,1
1499122380000,1499122439000,1.29411,1.29413,1.29411,1.29413,46370000,1
1499122440000,1499122499000,1.29413,1.29423,1.29412,1.29423,30220000,1
1499122500000,1499122559000,1.29423,1.29424,1.29414,1.29416,44580000,1
1499122560000,1499122619000,1.29416,1.29442,1.29416,1.29437,63070000,1
1499122620000,1499122679000,1.29437,1.29438,1.29436,1.29438,29740000,1
1499122680000,1499122739000,1.29438,1.29439,1.29436,1.29436,15000000,1
1499122740000,1499122799000,1.29436,1.29436,1.29427,1.29427,23620000,1
1499122800000,1499122859000,1.29426,1.29429,1.29423,1.29427,22660000,1
1499122860000,1499122919000,1.29427,1.29427,1.29422,1.29423,11990000,1
1499122920000,1499122979000,1.29423,1.29423,1.29418,1.29418,29210000,1
1499122980000,1499123039000,1.29419,1.2942,1.29419,1.2942,6620000,1
1499123040000,1499123099000,1.29418,1.29421,1.29418,1.29421,13230000,1
1499123100000,1499123159000,1.29422,1.29423,1.2942,1.2942,26500000,1
1499123160000,1499123219000,1.2942,1.29438,1.2942,1.29437,26240000,1
1499123220000,1499123279000,1.29438,1.29438,1.29427,1.29427,25370000,1
1499123280000,1499123339000,1.29427,1.29438,1.29427,1.29434,34680000,1
1499123340000,1499123399000,1.29434,1.29435,1.29434,1.29435,27500000,1
1499123400000,1499123459000,1.29435,1.29438,1.29434,1.29434,35190000,1
1499123460000,1499123519000,1.29434,1.29443,1.29434,1.29437,37890000,1
1499123520000,1499123579000,1.29437,1.29443,1.29435,1.29437,27840000,1
1499123580000,1499123639000,1.29437,1.29438,1.29434,1.29435,22300000,1
1499123640000,1499123699000,1.29436,1.2944,1.29434,1.29438,116480000,1
1499123700000,1499123759000,1.29436,1.29441,1.29436,1.2944,29330000,1
1499123760000,1499123819000,1.2944,1.2944,1.29439,1.2944,23590000,1
1499123820000,1499123879000,1.29441,1.29441,1.2944,1.2944,7740000,1
1499123880000,1499123939000,1.2944,1.29441,1.2944,1.2944,13610000,1
1499123940000,1499123999000,1.29444,1.29449,1.29433,1.29433,36540000,1
1499124000000,1499124059000,1.29432,1.29433,1.2943,1.29431,8870000,1
1499124060000,1499124119000,1.29431,1.29432,1.2943,1.29432,12120000,1
1499124120000,1499124179000,1.29431,1.29432,1.2943,1.29432,21430000,1
1499124180000,1499124239000,1.29433,1.29437,1.29433,1.29437,24630000,1
1499124240000,1499124299000,1.29438,1.29438,1.29437,1.29437,9170000,1
1499124300000,1499124359000,1.29436,1.29447,1.29436,1.29447,37740000,1
1499124360000,1499124419000,1.29448,1.29449,1.29447,1.29447,16040000,1
1499124420000,1499124479000,1.29447,1.29447,1.29433,1.29434,52100000,1
1499124480000,1499124539000,1.29434,1.29437,1.29434,1.29437,15120000,1
1499124540000,1499124599000,1.29437,1.29439,1.29436,1.29436,42270000,1
1499124600000,1499124659000,1.29436,1.29445,1.29436,1.29445,47860000,1
1499124660000,1499124719000,1.29445,1.29446,1.29443,1.29445,69760000,1
1499124720000,1499124779000,1.29444,1.29454,1.29443,1.29452,63580000,1
1499124780000,1499124839000,1.29452,1.29453,1.29452,1.29453,28720000,1
1499124840000,1499124899000,1.29453,1.29453,1.29448,1.29448,33680000,1
1499124900000,1499124959000,1.29448,1.29448,1.29446,1.29448,36220000,1
1499124960000,1499125019000,1.29448,1.29448,1.2944,1.2944,28210000,1
1499125020000,1499125079000,1.2944,1.29444,1.2944,1.29443,58500000,1
1499125080000,1499125139000,1.29443,1.29443,1.29437,1.2944,62460000,1
1499125140000,1499125199000,1.29442,1.29443,1.29441,1.29441,21190000,1
1499125200000,1499125259000,1.2944,1.29441,1.29439,1.29441,8490000,1
1499125260000,1499125319000,1.29442,1.29443,1.29441,1.29441,38720000,1
1499125320000,1499125379000,1.29441,1.29456,1.29441,1.29455,53690000,1
1499125380000,1499125439000,1.29455,1.29455,1.29448,1.29449,52260000,1
1499125440000,1499125499000,1.29449,1.2945,1.29448,1.29448,41760000,1
1499125500000,1499125559000,1.29448,1.29449,1.29448,1.29448,21470000,1
1499125560000,1499125619000,1.29449,1.29456,1.29448,1.29456,20310000,1
1499125620000,1499125679000,1.29456,1.29461,1.29453,1.29461,45190000,1
1499125680000,1499125739000,1.29461,1.29467,1.29461,1.29467,78570000,1
1499125740000,1499125799000,1.29467,1.29473,1.29462,1.29473,108100000,1
1499125800000,1499125859000,1.29472,1.29483,1.29472,1.29478,81030000,1
1499125860000,1499125919000,1.29477,1.29483,1.29477,1.29482,59010000,1
1499125920000,1499125979000,1.29482,1.29485,1.29478,1.29478,69420000,1
1499125980000,1499126039000,1.29478,1.29486,1.29478,1.29483,47590000,1
1499126040000,1499126099000,1.29482,1.29488,1.29477,1.29477,56350000,1
1499126100000,1499126159000,1.29478,1.29483,1.29477,1.29482,33500000,1
1499126160000,1499126219000,1.29483,1.29483,1.29477,1.29482,36190000,1
1499126220000,1499126279000,1.29482,1.29483,1.29476,1.29482,75090000,1
1499126280000,1499126339000,1.29483,1.29483,1.29473,1.29476,35430000,1
1499126340000,1499126399000,1.29476,1.29483,1.29476,1.29483,31320000,1
1499126400000,1499126459000,1.29482,1.29483,1.29439,1.29443,107740000,1
1499126460000,1499126519000,1.29444,1.29446,1.29444,1.29445,17200000,1
1499126520000,1499126579000,1.29443,1.29443,1.29437,1.29439,20820000,1
1499126580000,1499126639000,1.29437,1.29445,1.29437,1.29445,51400000,1
1499126640000,1499126699000,1.29445,1.2945,1.29445,1.2945,33440000,1
1499126700000,1499126759000,1.2945,1.29455,1.2945,1.29453,23080000,1
1499126760000,1499126819000,1.29453,1.29453,1.2944,1.29449,58990000,1
1499126820000,1499126879000,1.29449,1.29463,1.29449,1.2946,81070000,1
1499126880000,1499126939000,1.2946,1.2946,1.29457,1.29457,140040000,1
1499126940000,1499126999000,1.29457,1.29465,1.29456,1.29464,68110000,1
1499127000000,1499127059000,1.29465,1.29471,1.29464,1.29466,59360000,1
1499127060000,1499127119000,1.29467,1.29467,1.29452,1.29463,57820000,1
1499127120000,1499127179000,1.29462,1.29464,1.29458,1.2946,70950000,1
1499127180000,1499127239000,1.29459,1.2946,1.29456,1.29459,25440000,1
1499127240000,1499127299000,1.2946,1.29462,1.2946,1.29462,5000000,1
1499127300000,1499127359000,1.29462,1.29462,1.29461,1.29461,5000000,1
1499127360000,1499127419000,1.29462,1.29488,1.29462,1.29487,58980000,1
1499127420000,1499127479000,1.29488,1.29488,1.29483,1.29486,22180000,1
1499127480000,1499127539000,1.29487,1.29488,1.29484,1.29487,48750000,1
1499127540000,1499127599000,1.29488,1.29488,1.29487,1.29487,22600000,1
1499127600000,1499127659000,1.29487,1.29488,1.29487,1.29487,18270000,1
1499127660000,1499127719000,1.29488,1.29488,1.29487,1.29488,13630000,1
1499127720000,1499127779000,1.29488,1.29491,1.29488,1.2949,45510000,1
1499127780000,1499127839000,1.2949,1.2949,1.2949,1.2949,12000000,1
1499127840000,1499127899000,1.29491,1.29491,1.29488,1.29489,15750000,1
1499127900000,1499127959000,1.29488,1.29489,1.29488,1.29489,21310000,1
1499127960000,1499128019000,1.29489,1.29493,1.29489,1.29492,29200000,1
1499128020000,1499128079000,1.29493,1.29493,1.29492,1.29492,11240000,1
1499128080000,1499128139000,1.29492,1.29513,1.29492,1.29512,35500000,1
1499128140000,1499128199000,1.29513,1.29523,1.29513,1.29521,47620000,1
1499128200000,1499128259000,1.2952,1.2952,1.2952,1.2952,9000000,1
1499128260000,1499128319000,1.29518,1.29518,1.29517,1.29518,11980000,1
1499128320000,1499128379000,1.29518,1.29519,1.29517,1.29519,9990000,1
1499128380000,1499128439000,1.29519,1.2953,1.29519,1.29521,70600000,1
1499128440000,1499128499000,1.29521,1.29521,1.2952,1.2952,17240000,1
1499128500000,1499128559000,1.2952,1.29521,1.29504,1.29507,57270000,1
1499128560000,1499128619000,1.29506,1.29506,1.29496,1.29497,66190000,1
1499128620000,1499128679000,1.29497,1.29497,1.29494,1.29497,81220000,1
1499128680000,1499128739000,1.29497,1.29497,1.29485,1.29486,123960000,1
1499128740000,1499128799000,1.29486,1.29488,1.29485,1.29488,32760000,1
1499128800000,1499128859000,1.29488,1.29489,1.29485,1.29489,65830000,1
1499128860000,1499128919000,1.29487,1.29488,1.29485,1.29486,52430000,1
1499128920000,1499128979000,1.29486,1.29486,1.29485,1.29486,66060000,1
1499128980000,1499129039000,1.29486,1.29489,1.29486,1.29489,20640000,1
1499129040000,1499129099000,1.29489,1.29499,1.29488,1.29499,33080000,1
1499129100000,1499129159000,1.29499,1.29499,1.29497,1.29499,70380000,1
1499129160000,1499129219000,1.29498,1.29501,1.29498,1.29499,104800000,1
1499129220000,1499129279000,1.29502,1.29502,1.29498,1.29498,30060000,1
1499129280000,1499129339000,1.29498,1.29509,1.29497,1.29509,119900000,1
1499129340000,1499129399000,1.29509,1.29512,1.29508,1.29509,108770000,1
1499129400000,1499129459000,1.29508,1.29508,1.29507,1.29507,38750000,1
1499129460000,1499129519000,1.29508,1.29514,1.29508,1.29514,39680000,1
1499129520000,1499129579000,1.29514,1.29528,1.29514,1.29527,87370000,1
1499129580000,1499129639000,1.29525,1.29539,1.29525,1.29536,234880000,1
1499129640000,1499129699000,1.29536,1.29541,1.29532,1.2954,120780000,1
1499129700000,1499129759000,1.29546,1.29548,1.29519,1.2952,131110000,1
1499129760000,1499129819000,1.2952,1.2952,1.29499,1.29499,75680000,1
1499129820000,1499129879000,1.29501,1.29513,1.2949,1.29502,153580000,1
1499129880000,1499129939000,1.29503,1.29503,1.29502,1.29503,79590000,1
1499129940000,1499129999000,1.29503,1.29513,1.29502,1.29513,132300000,1
1499130000000,1499130059000,1.29513,1.29523,1.29513,1.29523,93780000,1
1499130060000,1499130119000,1.29522,1.29533,1.29522,1.29532,50060000,1
1499130120000,1499130179000,1.29533,1.29538,1.29527,1.29532,52250000,1
1499130180000,1499130239000,1.29532,1.29543,1.29532,1.29538,55950000,1
1499130240000,1499130299000,1.29538,1.29542,1.29537,1.29537,46000000,1
1499130300000,1499130359000,1.29537,1.29543,1.29537,1.29543,39590000,1
1499130360000,1499130419000,1.29542,1.29548,1.29541,1.29548,77740000,1
1499130420000,1499130479000,1.29548,1.29553,1.29543,1.29546,91470000,1
1499130480000,1499130539000,1.29546,1.29548,1.29524,1.29532,116480000,1
1499130540000,1499130599000,1.29533,1.29533,1.29502,1.29502,107980000,1
1499130600000,1499130659000,1.29502,1.29509,1.29502,1.29503,84840000,1
1499130660000,1499130719000,1.29502,1.29503,1.29502,1.29502,81350000,1
1499130720000,1499130779000,1.29503,1.29503,1.29491,1.29492,95740000,1
1499130780000,1499130839000,1.29492,1.29495,1.29492,1.29492,90250000,1
1499130840000,1499130899000,1.29492,1.29493,1.29487,1.29488,71750000,1
1499130900000,1499130959000,1.29487,1.29488,1.29476,1.29476,66780000,1
1499130960000,1499131019000,1.29476,1.29478,1.29474,1.29477,45690000,1
1499131020000,1499131079000,1.29478,1.29478,1.29457,1.29458,61880000,1
1499131080000,1499131139000,1.29462,1.29495,1.29462,1.29493,125740000,1
1499131140000,1499131199000,1.29493,1.29522,1.29493,1.29511,122330000,1
1499131200000,1499131259000,1.29512,1.29512,1.29494,1.29503,181450000,1
1499131260000,1499131319000,1.29504,1.29504,1.29503,1.29503,44450000,1
1499131320000,1499131379000,1.29503,1.29508,1.29503,1.29503,120920000,1
1499131380000,1499131439000,1.29503,1.29507,1.29497,1.29498,36050000,1
1499131440000,1499131499000,1.29497,1.29499,1.29497,1.29498,30620000,1
1499131500000,1499131559000,1.29498,1.295,1.29496,1.29499,27580000,1
1499131560000,1499131619000,1.29499,1.29502,1.29498,1.29498,58380000,1
1499131620000,1499131679000,1.29498,1.29498,1.29496,1.29496,109130000,1
1499131680000,1499131739000,1.29496,1.29496,1.29487,1.29487,114240000,1
1499131740000,1499131799000,1.29487,1.29494,1.29487,1.29489,34100000,1
1499131800000,1499131859000,1.29491,1.29492,1.29485,1.29488,144630000,1
1499131860000,1499131919000,1.29488,1.29497,1.29487,1.29496,80540000,1
1499131920000,1499131979000,1.29496,1.29497,1.29494,1.29496,55120000,1
1499131980000,1499132039000,1.29495,1.29505,1.29493,1.29505,91330000,1
1499132040000,1499132099000,1.29505,1.29509,1.29497,1.29497,25500000,1
1499132100000,1499132159000,1.29498,1.29501,1.29497,1.29498,45160000,1
1499132160000,1499132219000,1.29499,1.29499,1.29495,1.29495,46000000,1
1499132220000,1499132279000,1.29495,1.29507,1.29495,1.29504,75090000,1
1499132280000,1499132339000,1.29504,1.29507,1.29503,1.29503,48100000,1
1499132340000,1499132399000,1.29503,1.29506,1.29502,1.29504,62920000,1
1499132400000,1499132459000,1.29504,1.29506,1.29502,1.29502,45960000,1
1499132460000,1499132519000,1.29503,1.29507,1.29503,1.29505,89600000,1
1499132520000,1499132579000,1.29505,1.29508,1.29488,1.29488,64580000,1
1499132580000,1499132639000,1.29488,1.29494,1.2948,1.2948,82250000,1
1499132640000,1499132699000,1.2948,1.2948,1.2945,1.2945,75720000,1
1499132700000,1499132759000,1.29455,1.29457,1.29454,1.29455,26240000,1
1499132760000,1499132819000,1.29454,1.29456,1.29453,1.29453,80920000,1
1499132820000,1499132879000,1.29453,1.29453,1.29432,1.29445,153620000,1
1499132880000,1499132939000,1.29445,1.29446,1.29424,1.29424,64740000,1
1499132940000,1499132999000,1.29424,1.29435,1.29418,1.29429,132590000,1
1499133000000,1499133059000,1.29429,1.29451,1.29428,1.29438,65160000,1
1499133060000,1499133119000,1.29437,1.2944,1.29436,1.29437,67580000,1
1499133120000,1499133179000,1.29437,1.29437,1.29425,1.29425,55560000,1
1499133180000,1499133239000,1.29425,1.29435,1.29405,1.29406,148120000,1
1499133240000,1499133299000,1.29406,1.29415,1.29397,1.29398,71700000,1
1499133300000,1499133359000,1.29398,1.29409,1.29376,1.29376,124610000,1
1499133360000,1499133419000,1.29376,1.2938,1.29369,1.29378,36160000,1
1499133420000,1499133479000,1.29378,1.2938,1.29377,1.29379,45130000,1
1499133480000,1499133539000,1.2938,1.29414,1.2938,1.29409,114060000,1
1499133540000,1499133599000,1.29408,1.29418,1.29408,1.29418,71000000,1
1499133600000,1499133659000,1.29417,1.2942,1.29417,1.29418,31790000,1
1499133660000,1499133719000,1.29418,1.29419,1.29417,1.29417,26950000,1
1499133720000,1499133779000,1.29418,1.29421,1.29417,1.29418,29810000,1
1499133780000,1499133839000,1.29418,1.29418,1.29417,1.29418,24750000,1
1499133840000,1499133899000,1.29418,1.29419,1.29417,1.29417,22600000,1
1499133900000,1499133959000,1.29418,1.29429,1.29416,1.29423,53830000,1
1499133960000,1499134019000,1.29418,1.29418,1.29397,1.29397,85740000,1
1499134020000,1499134079000,1.29397,1.29398,1.29387,1.29389,57430000,1
1499134080000,1499134139000,1.29388,1.2939,1.29387,1.29387,21890000,1
1499134140000,1499134199000,1.29388,1.29388,1.29377,1.29379,155710000,1
1499134200000,1499134259000,1.29379,1.29379,1.29367,1.29368,94580000,1
1499134260000,1499134319000,1.29368,1.29368,1.29367,1.29368,48490000,1
1499134320000,1499134379000,1.29367,1.29371,1.29367,1.29369,59010000,1
1499134380000,1499134439000,1.29369,1.29379,1.29369,1.29379,24630000,1
1499134440000,1499134499000,1.29381,1.29382,1.29379,1.29381,89580000,1
1499134500000,1499134559000,1.29383,1.2939,1.29383,1.29389,65240000,1
1499134560000,1499134619000,1.29388,1.29399,1.29387,1.29399,77450000,1
1499134620000,1499134679000,1.29399,1.29403,1.2939,1.2939,26790000,1
1499134680000,1499134739000,1.29389,1.29389,1.29387,1.29387,49010000,1
1499134740000,1499134799000,1.29388,1.29388,1.29387,1.29388,19480000,1
1499134800000,1499134859000,1.29387,1.29388,1.29387,1.29387,19000000,1
1499134860000,1499134919000,1.29387,1.29388,1.29387,1.29388,9750000,1
1499134920000,1499134979000,1.29387,1.29388,1.29387,1.29387,9280000,1
1499134980000,1499135039000,1.29388,1.29388,1.29387,1.29387,10390000,1
1499135040000,1499135099000,1.29393,1.29395,1.29388,1.29392,19200000,1
1499135100000,1499135159000,1.29393,1.29399,1.29389,1.29398,30980000,1
1499135160000,1499135219000,1.29398,1.29401,1.29398,1.29398,5820000,1
1499135220000,1499135279000,1.29398,1.29404,1.29398,1.29403,39750000,1
1499135280000,1499135339000,1.29403,1.29403,1.29402,1.29403,31530000,1
1499135340000,1499135399000,1.29404,1.29407,1.29402,1.29403,28700000,1
1499135400000,1499135459000,1.29402,1.29406,1.29402,1.29402,35250000,1
1499135460000,1499135519000,1.29403,1.29403,1.29402,1.29403,29000000,1
1499135520000,1499135579000,1.29402,1.29413,1.29402,1.29413,36450000,1
1499135580000,1499135639000,1.29412,1.29415,1.29412,1.29412,106580000,1
1499135640000,1499135699000,1.29412,1.29413,1.29412,1.29412,29000000,1
1499135700000,1499135759000,1.29413,1.29413,1.29408,1.29408,19480000,1
1499135760000,1499135819000,1.29408,1.29413,1.29408,1.29412,51360000,1
1499135820000,1499135879000,1.29412,1.29421,1.29412,1.29418,42000000,1
1499135880000,1499135939000,1.29418,1.29423,1.29408,1.29411,57170000,1
1499135940000,1499135999000,1.29411,1.29411,1.29397,1.29401,48890000,1
1499136000000,1499136059000,1.29401,1.29401,1.2939,1.29392,69080000,1
1499136060000,1499136119000,1.29393,1.29394,1.29387,1.29388,81160000,1
1499136120000,1499136179000,1.29388,1.29389,1.29354,1.29359,251260000,1
1499136180000,1499136239000,1.29359,1.2936,1.29359,1.2936,9000000,1
1499136240000,1499136299000,1.2936,1.2936,1.29349,1.29352,22500000,1
1499136300000,1499136359000,1.29352,1.29352,1.2934,1.29341,54480000,1
1499136360000,1499136419000,1.29342,1.29361,1.29337,1.29361,79990000,1
1499136420000,1499136479000,1.29362,1.29363,1.29361,1.29363,57920000,1
1499136480000,1499136539000,1.29362,1.29363,1.29347,1.29361,61230000,1
1499136540000,1499136599000,1.29361,1.29363,1.29361,1.29362,41440000,1
1499136600000,1499136659000,1.29363,1.29363,1.29347,1.29347,33250000,1
1499136660000,1499136719000,1.29347,1.2935,1.29347,1.29348,40150000,1
1499136720000,1499136779000,1.29348,1.29357,1.29346,1.29357,44630000,1
1499136780000,1499136839000,1.29354,1.29354,1.29351,1.29351,28510000,1
1499136840000,1499136899000,1.29351,1.29351,1.29347,1.29347,55990000,1
1499136900000,1499136959000,1.29347,1.29354,1.29346,1.29353,38420000,1
1499136960000,1499137019000,1.29355,1.29371,1.29355,1.29371,34990000,1
1499137020000,1499137079000,1.29372,1.29377,1.29371,1.29373,52750000,1
1499137080000,1499137139000,1.29373,1.29374,1.29369,1.2937,24550000,1
1499137140000,1499137199000,1.2937,1.2937,1.2936,1.2936,31950000,1
1499137200000,1499137259000,1.29361,1.29361,1.29359,1.29361,22640000,1
1499137260000,1499137319000,1.29361,1.29372,1.29361,1.29371,21930000,1
1499137320000,1499137379000,1.29371,1.29376,1.2937,1.29372,29750000,1
1499137380000,1499137439000,1.29371,1.29382,1.29371,1.29381,22710000,1
1499137440000,1499137499000,1.29383,1.29402,1.29382,1.29401,50310000,1
1499137500000,1499137559000,1.29401,1.29402,1.29401,1.29402,18190000,1
1499137560000,1499137619000,1.29402,1.29402,1.29399,1.29399,38960000,1
1499137620000,1499137679000,1.29399,1.294,1.29398,1.29398,19640000,1
1499137680000,1499137739000,1.29398,1.294,1.29398,1.294,20940000,1
1499137740000,1499137799000,1.29402,1.29423,1.29402,1.29423,28300000,1
1499137800000,1499137859000,1.29423,1.29424,1.29422,1.29423,18570000,1
1499137860000,1499137919000,1.29423,1.29424,1.29422,1.29423,26160000,1
1499137920000,1499137979000,1.29423,1.29424,1.29421,1.29422,18100000,1
1499137980000,1499138039000,1.29422,1.29432,1.29422,1.29431,47320000,1
1499138040000,1499138099000,1.29432,1.29433,1.29431,1.29431,5250000,1
1499138100000,1499138159000,1.29431,1.29433,1.29421,1.29431,55280000,1
1499138160000,1499138219000,1.29431,1.29432,1.29422,1.29432,40050000,1
1499138220000,1499138279000,1.29432,1.2944,1.2943,1.29438,52610000,1
1499138280000,1499138339000,1.29438,1.29439,1.29428,1.29431,47050000,1
1499138340000,1499138399000,1.2943,1.29445,1.29428,1.29428,47800000,1
1499138400000,1499138459000,1.29428,1.29428,1.29419,1.29422,54580000,1
1499138460000,1499138519000,1.29421,1.29429,1.29421,1.29429,38150000,1
1499138520000,1499138579000,1.2943,1.2943,1.29426,1.29426,66530000,1
1499138580000,1499138639000,1.29426,1.29427,1.29418,1.29419,47760000,1
1499138640000,1499138699000,1.29419,1.29419,1.29409,1.29411,73110000,1
1499138700000,1499138759000,1.29411,1.29413,1.2941,1.2941,59250000,1
1499138760000,1499138819000,1.29409,1.29414,1.29409,1.29414,26010000,1
1499138820000,1499138879000,1.29414,1.29417,1.2941,1.2941,27910000,1
1499138880000,1499138939000,1.29411,1.29413,1.29411,1.29412,26460000,1
1499138940000,1499138999000,1.29412,1.29417,1.29411,1.29412,25760000,1
1499139000000,1499139059000,1.29412,1.29412,1.2941,1.2941,24240000,1
1499139060000,1499139119000,1.2941,1.29414,1.29408,1.29413,47130000,1
1499139120000,1499139179000,1.29413,1.2942,1.29413,1.29417,49840000,1
1499139180000,1499139239000,1.29417,1.29421,1.29416,1.29417,64360000,1
1499139240000,1499139299000,1.29417,1.2942,1.29417,1.29418,14520000,1
1499139300000,1499139359000,1.29419,1.29421,1.29419,1.2942,19330000,1
1499139360000,1499139419000,1.29421,1.29423,1.2942,1.29423,22510000,1
1499139420000,1499139479000,1.29421,1.29421,1.2942,1.2942,16510000,1
1499139480000,1499139539000,1.2942,1.29421,1.2942,1.29421,38130000,1
1499139540000,1499139599000,1.29421,1.29421,1.2942,1.29421,31260000,1
1499139600000,1499139659000,1.29421,1.29421,1.2942,1.2942,27820000,1
1499139660000,1499139719000,1.2942,1.29433,1.2942,1.29431,78680000,1
1499139720000,1499139779000,1.29431,1.29431,1.29421,1.29422,71380000,1
1499139780000,1499139839000,1.29422,1.29423,1.29419,1.29423,29190000,1
1499139840000,1499139899000,1.29423,1.29423,1.29422,1.29423,27840000,1
1499139900000,1499139959000,1.29423,1.29432,1.29423,1.29431,60350000,1
1499139960000,1499140019000,1.29432,1.29441,1.29432,1.2944,41550000,1
1499140020000,1499140079000,1.29441,1.29441,1.29439,1.29441,25070000,1
1499140080000,1499140139000,1.29439,1.29441,1.29439,1.29441,64280000,1
1499140140000,1499140199000,1.2944,1.29442,1.2944,1.29442,61920000,1
1499140200000,1499140259000,1.29441,1.29443,1.29439,1.29442,90610000,1
1499140260000,1499140319000,1.29443,1.29447,1.29442,1.29442,90520000,1
1499140320000,1499140379000,1.29442,1.29444,1.29441,1.29444,104060000,1
1499140380000,1499140439000,1.29443,1.29449,1.29441,1.29443,102710000,1
1499140440000,1499140499000,1.29443,1.29445,1.29441,1.29441,25610000,1
1499140500000,1499140559000,1.29441,1.29453,1.29441,1.29451,113390000,1
1499140560000,1499140619000,1.29452,1.29471,1.29452,1.29471,53090000,1
1499140620000,1499140679000,1.2947,1.29483,1.2947,1.29481,70360000,1
1499140680000,1499140739000,1.29481,1.29482,1.29481,1.29482,34370000,1
1499140740000,1499140799000,1.29482,1.29486,1.29461,1.29461,101140000,1
1499140800000,1499140859000,1.29462,1.29462,1.2945,1.2945,104350000,1
1499140860000,1499140919000,1.2945,1.29457,1.2945,1.29453,60070000,1
1499140920000,1499140979000,1.29453,1.29453,1.29449,1.29451,29120000,1
1499140980000,1499141039000,1.29451,1.29458,1.2945,1.29456,47570000,1
1499141040000,1499141099000,1.29458,1.29461,1.29455,1.29461,18640000,1
1499141100000,1499141159000,1.2946,1.29462,1.29459,1.29459,16370000,1
1499141160000,1499141219000,1.29459,1.29461,1.29459,1.2946,15860000,1
1499141220000,1499141279000,1.2946,1.29461,1.29459,1.29459,31330000,1
1499141280000,1499141339000,1.2946,1.29461,1.29457,1.29457,34830000,1
1499141340000,1499141399000,1.29457,1.29459,1.29457,1.29458,30560000,1
1499141400000,1499141459000,1.29459,1.29459,1.29458,1.29458,31590000,1
1499141460000,1499141519000,1.29458,1.2946,1.29458,1.29459,23590000,1
1499141520000,1499141579000,1.29459,1.29459,1.29458,1.29458,29570000,1
1499141580000,1499141639000,1.29458,1.29463,1.29458,1.29463,24850000,1
1499141640000,1499141699000,1.29463,1.29463,1.29461,1.29462,27200000,1
1499141700000,1499141759000,1.29462,1.29463,1.2946,1.2946,29250000,1
1499141760000,1499141819000,1.29461,1.29462,1.29459,1.2946,35000000,1
1499141820000,1499141879000,1.2946,1.29462,1.29459,1.2946,26830000,1
1499141880000,1499141939000,1.29459,1.29459,1.29453,1.29457,35650000,1
1499141940000,1499141999000,1.29457,1.29458,1.29457,1.29457,23760000,1
1499142000000,1499142059000,1.29457,1.29458,1.29457,1.29458,26440000,1
1499142060000,1499142119000,1.29458,1.29461,1.29458,1.29461,17190000,1
1499142120000,1499142179000,1.29461,1.29462,1.29461,1.29462,16610000,1
1499142180000,1499142239000,1.29462,1.29465,1.29462,1.29463,15480000,1
1499142240000,1499142299000,1.29463,1.29463,1.2946,1.29461,31000000,1
1499142300000,1499142359000,1.29461,1.29461,1.29458,1.29458,27000000,1
1499142360000,1499142419000,1.29459,1.2948,1.29459,1.29474,32000000,1
1499142420000,1499142479000,1.29474,1.2948,1.29473,1.29478,31250000,1
1499142480000,1499142539000,1.29476,1.29479,1.29475,1.29478,20610000,1
1499142540000,1499142599000,1.29477,1.29483,1.29472,1.29473,57200000,1
1499142600000,1499142659000,1.29472,1.29476,1.2947,1.2947,54630000,1
1499142660000,1499142719000,1.2947,1.2947,1.29466,1.29468,51020000,1
1499142720000,1499142779000,1.29467,1.29468,1.2946,1.29462,48980000,1
1499142780000,1499142839000,1.29462,1.29463,1.29435,1.29442,89910000,1
1499142840000,1499142899000,1.29439,1.29443,1.2943,1.29432,117940000,1
1499142900000,1499142959000,1.29433,1.29453,1.29429,1.2945,78880000,1
1499142960000,1499143019000,1.2945,1.29463,1.2945,1.29463,49800000,1
1499143020000,1499143079000,1.29462,1.29463,1.29442,1.29451,125880000,1
1499143080000,1499143139000,1.29451,1.29472,1.29449,1.29462,158000000,1
1499143140000,1499143199000,1.29462,1.29463,1.29461,1.29461,117740000,1
1499143200000,1499143259000,1.29461,1.29482,1.29461,1.29482,55480000,1
1499143260000,1499143319000,1.2948,1.29486,1.29472,1.29484,102700000,1
1499143320000,1499143379000,1.29484,1.29492,1.29481,1.29489,60830000,1
1499143380000,1499143439000,1.29489,1.29492,1.2947,1.29481,113870000,1
1499143440000,1499143499000,1.29482,1.29482,1.29444,1.29446,103040000,1
1499143500000,1499143559000,1.29447,1.29454,1.29431,1.29454,141030000,1
1499143560000,1499143619000,1.29454,1.29465,1.29454,1.29461,58440000,1
1499143620000,1499143679000,1.29461,1.29481,1.29461,1.29478,83360000,1
1499143680000,1499143739000,1.29478,1.29478,1.29468,1.29468,80850000,1
1499143740000,1499143799000,1.29471,1.29472,1.29471,1.29472,8860000,1
1499143800000,1499143859000,1.29471,1.29502,1.29471,1.29501,49570000,1
1499143860000,1499143919000,1.29502,1.29502,1.29475,1.29476,84340000,1
1499143920000,1499143979000,1.29472,1.29472,1.29451,1.29451,60050000,1
1499143980000,1499144039000,1.29451,1.29468,1.29448,1.29468,35750000,1
1499144040000,1499144099000,1.29468,1.29478,1.29466,1.29471,55030000,1
1499144100000,1499144159000,1.29471,1.29472,1.29468,1.2947,24230000,1
1499144160000,1499144219000,1.29469,1.29474,1.29469,1.29471,38500000,1
1499144220000,1499144279000,1.29474,1.29475,1.2947,1.29472,42270000,1
1499144280000,1499144339000,1.29473,1.29496,1.29472,1.29493,59490000,1
1499144340000,1499144399000,1.29493,1.2951,1.29493,1.2951,99550000,1
1499144400000,1499144459000,1.29509,1.29509,1.29456,1.29459,153250000,1
1499144460000,1499144519000,1.29459,1.29459,1.29457,1.29458,19840000,1
1499144520000,1499144579000,1.29458,1.29469,1.29458,1.29467,33960000,1
1499144580000,1499144639000,1.29467,1.29468,1.29466,1.29467,30060000,1
1499144640000,1499144699000,1.29467,1.2947,1.29466,1.29466,61420000,1
1499144700000,1499144759000,1.29466,1.2947,1.29466,1.29469,44520000,1
1499144760000,1499144819000,1.29469,1.29478,1.29469,1.29473,84270000,1
1499144820000,1499144879000,1.29474,1.29484,1.29473,1.29481,22500000,1
1499144880000,1499144939000,1.29481,1.29493,1.29481,1.29491,22170000,1
1499144940000,1499144999000,1.2949,1.29509,1.2949,1.29501,86020000,1
1499145000000,1499145059000,1.295,1.29501,1.29458,1.29461,129830000,1
1499145060000,1499145119000,1.29459,1.29485,1.29459,1.29481,123560000,1
1499145120000,1499145179000,1.29481,1.29489,1.2948,1.29489,107400000,1
1499145180000,1499145239000,1.29487,1.29497,1.29486,1.29488,108910000,1
1499145240000,1499145299000,1.29488,1.29504,1.29487,1.295,82920000,1
1499145300000,1499145359000,1.29502,1.29509,1.29499,1.29506,83660000,1
1499145360000,1499145419000,1.29507,1.2951,1.29501,1.29504,46890000,1
1499145420000,1499145479000,1.29504,1.29508,1.295,1.29503,71910000,1
1499145480000,1499145539000,1.29505,1.29506,1.29478,1.29479,159180000,1
1499145540000,1499145599000,1.29478,1.29484,1.29478,1.29483,72470000,1
1499145600000,1499145659000,1.29483,1.29492,1.29483,1.2949,45180000,1
1499145660000,1499145719000,1.2949,1.2949,1.29486,1.29486,20180000,1
1499145720000,1499145779000,1.29486,1.29488,1.29478,1.29484,125270000,1
1499145780000,1499145839000,1.29484,1.29491,1.29475,1.29475,82430000,1
1499145840000,1499145899000,1.29475,1.29488,1.29474,1.29478,208470000,1
1499145900000,1499145959000,1.29478,1.29479,1.29468,1.29468,131060000,1
1499145960000,1499146019000,1.29468,1.29468,1.29465,1.29465,91810000,1
1499146020000,1499146079000,1.29466,1.29468,1.29465,1.29468,78680000,1
1499146080000,1499146139000,1.29468,1.29473,1.2946,1.2946,36760000,1
1499146140000,1499146199000,1.2946,1.29463,1.29449,1.29459,54840000,1
1499146200000,1499146259000,1.29459,1.29469,1.29367,1.29378,224780000,1
1499146260000,1499146319000,1.29379,1.29395,1.29376,1.29388,85370000,1
1499146320000,1499146379000,1.29388,1.2943,1.29388,1.29427,144230000,1
1499146380000,1499146439000,1.29425,1.29425,1.29417,1.29419,114680000,1
1499146440000,1499146499000,1.29421,1.29427,1.2942,1.29423,166110000,1
1499146500000,1499146559000,1.29423,1.29423,1.29415,1.29415,80750000,1
1499146560000,1499146619000,1.29415,1.29416,1.29414,1.29416,80820000,1
1499146620000,1499146679000,1.29415,1.2943,1.29415,1.29429,48210000,1
1499146680000,1499146739000,1.29427,1.29428,1.29406,1.29406,53270000,1
1499146740000,1499146799000,1.29404,1.29413,1.29394,1.29397,147720000,1
1499146800000,1499146859000,1.29397,1.29399,1.29385,1.29387,61240000,1
1499146860000,1499146919000,1.29387,1.29388,1.2938,1.29388,111200000,1
1499146920000,1499146979000,1.29388,1.29388,1.29375,1.29378,135930000,1
1499146980000,1499147039000,1.29379,1.29381,1.29346,1.29347,78830000,1
1499147040000,1499147099000,1.29348,1.2935,1.29334,1.29346,95970000,1
1499147100000,1499147159000,1.29347,1.29379,1.29226,1.29356,265150000,1
1499147160000,1499147219000,1.29358,1.29359,1.29338,1.29349,136690000,1
1499147220000,1499147279000,1.29351,1.29351,1.29337,1.29337,100450000,1
1499147280000,1499147339000,1.29336,1.29345,1.29335,1.29342,227690000,1
1499147340000,1499147399000,1.29342,1.29357,1.29339,1.29351,194810000,1
1499147400000,1499147459000,1.2935,1.29378,1.29343,1.29357,222890000,1
1499147460000,1499147519000,1.29358,1.2936,1.29353,1.29353,57500000,1
1499147520000,1499147579000,1.29353,1.2936,1.29352,1.29356,121290000,1
1499147580000,1499147639000,1.29355,1.2937,1.29349,1.29357,166670000,1
1499147640000,1499147699000,1.29357,1.2936,1.29349,1.29358,82430000,1
1499147700000,1499147759000,1.29359,1.29368,1.29359,1.29361,104490000,1
1499147760000,1499147819000,1.29361,1.29389,1.29361,1.29376,123310000,1
1499147820000,1499147879000,1.29376,1.29384,1.29376,1.29379,100290000,1
1499147880000,1499147939000,1.29379,1.2939,1.29378,1.29389,99950000,1
1499147940000,1499147999000,1.29388,1.29392,1.29382,1.29389,54990000,1
1499148000000,1499148059000,1.29389,1.2939,1.29359,1.29361,93540000,1
1499148060000,1499148119000,1.29361,1.29368,1.29326,1.29351,189460000,1
1499148120000,1499148179000,1.29352,1.2937,1.29349,1.29367,99000000,1
1499148180000,1499148239000,1.29365,1.2938,1.29348,1.29379,111000000,1
1499148240000,1499148299000,1.29378,1.29391,1.29378,1.29386,131340000,1
1499148300000,1499148359000,1.29385,1.2941,1.29378,1.29408,107500000,1
1499148360000,1499148419000,1.29408,1.29436,1.29408,1.29425,148750000,1
1499148420000,1499148479000,1.29426,1.29426,1.29404,1.29408,100310000,1
1499148480000,1499148539000,1.29408,1.29423,1.294,1.29421,73770000,1
1499148540000,1499148599000,1.29423,1.29429,1.29419,1.29427,51840000,1
1499148600000,1499148659000,1.29428,1.29437,1.29399,1.294,103510000,1
1499148660000,1499148719000,1.294,1.29403,1.29395,1.29403,84220000,1
1499148720000,1499148779000,1.29404,1.29408,1.29397,1.29399,100560000,1
1499148780000,1499148839000,1.294,1.29407,1.29397,1.294,50610000,1
1499148840000,1499148899000,1.294,1.29411,1.29389,1.29411,59400000,1
1499148900000,1499148959000,1.29412,1.29437,1.29412,1.29434,102920000,1
1499148960000,1499149019000,1.29434,1.29443,1.29433,1.29439,50970000,1
1499149020000,1499149079000,1.29438,1.29439,1.29438,1.29439,42040000,1
1499149080000,1499149139000,1.29438,1.29441,1.29427,1.29441,76390000,1
1499149140000,1499149199000,1.29441,1.2951,1.2944,1.29501,131760000,1
1499149200000,1499149259000,1.29502,1.29521,1.29481,1.29488,142470000,1
1499149260000,1499149319000,1.29489,1.29501,1.29488,1.29499,74110000,1
1499149320000,1499149379000,1.295,1.29515,1.29499,1.29512,175360000,1
1499149380000,1499149439000,1.29511,1.29512,1.29498,1.295,109980000,1
1499149440000,1499149499000,1.29501,1.29504,1.29481,1.29481,167960000,1
1499149500000,1499149559000,1.29482,1.29482,1.29469,1.29469,144650000,1
1499149560000,1499149619000,1.2947,1.29481,1.29465,1.29481,116840000,1
1499149620000,1499149679000,1.29481,1.29503,1.29481,1.29503,50090000,1
1499149680000,1499149739000,1.29504,1.29513,1.29501,1.29504,110620000,1
1499149740000,1499149799000,1.29501,1.29527,1.29486,1.2952,149480000,1
1499149800000,1499149859000,1.2952,1.29525,1.29485,1.29498,207160000,1
1499149860000,1499149919000,1.29496,1.29496,1.2945,1.29473,298350000,1
1499149920000,1499149979000,1.29474,1.295,1.29463,1.29476,218770000,1
1499149980000,1499150039000,1.29476,1.29493,1.29463,1.29478,205320000,1
1499150040000,1499150099000,1.29478,1.29478,1.29436,1.2947,270990000,1
1499150100000,1499150159000,1.2947,1.29475,1.29452,1.29454,147580000,1
1499150160000,1499150219000,1.29454,1.29466,1.2945,1.2945,111650000,1
1499150220000,1499150279000,1.29451,1.29453,1.29448,1.29448,109560000,1
1499150280000,1499150339000,1.29448,1.29469,1.29448,1.29469,74870000,1
1499150340000,1499150399000,1.29472,1.29481,1.29469,1.29472,74390000,1
1499150400000,1499150459000,1.29472,1.29485,1.29472,1.29481,100370000,1
1499150460000,1499150519000,1.29479,1.29484,1.29449,1.29451,207770000,1
1499150520000,1499150579000,1.29452,1.29462,1.29438,1.29459,179740000,1
1499150580000,1499150639000,1.29459,1.29495,1.29459,1.2949,79610000,1
1499150640000,1499150699000,1.2949,1.29499,1.29478,1.29499,136500000,1
1499150700000,1499150759000,1.295,1.29505,1.29492,1.29492,100260000,1
1499150760000,1499150819000,1.29495,1.29532,1.29495,1.29522,125810000,1
1499150820000,1499150879000,1.29524,1.29547,1.29524,1.29544,139520000,1
1499150880000,1499150939000,1.29544,1.29544,1.29538,1.29543,38370000,1
1499150940000,1499150999000,1.29542,1.29587,1.29542,1.29557,130610000,1
1499151000000,1499151059000,1.29558,1.29558,1.29543,1.29553,120610000,1
1499151060000,1499151119000,1.29552,1.29554,1.29539,1.29541,130650000,1
1499151120000,1499151179000,1.29541,1.29543,1.29522,1.29525,106800000,1
1499151180000,1499151239000,1.29525,1.29533,1.29521,1.29526,88740000,1
1499151240000,1499151299000,1.29526,1.29553,1.29524,1.29553,91370000,1
1499151300000,1499151359000,1.29552,1.29558,1.29539,1.29543,144170000,1
1499151360000,1499151419000,1.29537,1.29543,1.29534,1.29543,105240000,1
1499151420000,1499151479000,1.29543,1.29553,1.29536,1.2955,157160000,1
1499151480000,1499151539000,1.2955,1.2956,1.29549,1.29551,87960000,1
1499151540000,1499151599000,1.2955,1.29558,1.29529,1.29558,228080000,1
1499151600000,1499151659000,1.29556,1.29587,1.29551,1.29578,286770000,1
1499151660000,1499151719000,1.29575,1.29575,1.29532,1.29547,188820000,1
1499151720000,1499151779000,1.29547,1.29548,1.29533,1.29541,190240000,1
1499151780000,1499151839000,1.29541,1.29553,1.29538,1.29541,164720000,1
1499151840000,1499151899000,1.29541,1.29564,1.29541,1.29563,167940000,1
1499151900000,1499151959000,1.29562,1.29562,1.29549,1.29551,137210000,1
1499151960000,1499152019000,1.29551,1.29553,1.2953,1.29532,105210000,1
1499152020000,1499152079000,1.29533,1.29542,1.29521,1.2953,147980000,1
1499152080000,1499152139000,1.2953,1.29539,1.29523,1.29525,91960000,1
1499152140000,1499152199000,1.29524,1.29535,1.2952,1.29535,90490000,1
1499152200000,1499152259000,1.29539,1.29543,1.29532,1.29537,95830000,1
1499152260000,1499152319000,1.29537,1.29547,1.29537,1.29538,131680000,1
1499152320000,1499152379000,1.29536,1.29537,1.29522,1.29522,149490000,1
1499152380000,1499152439000,1.29522,1.29523,1.29487,1.29498,236330000,1
1499152440000,1499152499000,1.29498,1.29499,1.29481,1.29481,163790000,1
1499152500000,1499152559000,1.29481,1.29484,1.29459,1.29461,133260000,1
1499152560000,1499152619000,1.29462,1.29478,1.29462,1.29469,123000000,1
1499152620000,1499152679000,1.29469,1.29475,1.29453,1.2946,198930000,1
1499152680000,1499152739000,1.2946,1.29466,1.29449,1.29451,124500000,1
1499152740000,1499152799000,1.2945,1.2945,1.29431,1.29436,155430000,1
1499152800000,1499152859000,1.29436,1.29442,1.29427,1.29433,123590000,1
1499152860000,1499152919000,1.29433,1.29453,1.29424,1.29424,117830000,1
1499152920000,1499152979000,1.29423,1.29431,1.29408,1.29408,125700000,1
1499152980000,1499153039000,1.29407,1.29417,1.29399,1.29403,147280000,1
1499153040000,1499153099000,1.29403,1.29403,1.29379,1.29389,172010000,1
1499153100000,1499153159000,1.2939,1.29391,1.29371,1.29378,100770000,1
1499153160000,1499153219000,1.29376,1.29385,1.29367,1.29381,221640000,1
1499153220000,1499153279000,1.29381,1.2939,1.29379,1.2938,141330000,1
1499153280000,1499153339000,1.2938,1.29391,1.29378,1.29379,151550000,1
1499153340000,1499153399000,1.29383,1.29383,1.2936,1.29372,147390000,1
1499153400000,1499153459000,1.29372,1.29372,1.29348,1.29358,219340000,1
1499153460000,1499153519000,1.29357,1.29377,1.29355,1.29367,187180000,1
1499153520000,1499153579000,1.29367,1.29418,1.29365,1.29417,223320000,1
1499153580000,1499153639000,1.29417,1.2943,1.29417,1.2943,101180000,1
1499153640000,1499153699000,1.2943,1.29457,1.29428,1.29451,116680000,1
1499153700000,1499153759000,1.29451,1.29465,1.2944,1.2944,120020000,1
1499153760000,1499153819000,1.2944,1.2944,1.29409,1.2943,223320000,1
1499153820000,1499153879000,1.2943,1.2943,1.29412,1.29414,133690000,1
1499153880000,1499153939000,1.29412,1.29417,1.29383,1.2939,189710000,1
1499153940000,1499153999000,1.29391,1.29419,1.29391,1.29419,140930000,1
1499154000000,1499154059000,1.29417,1.29433,1.29407,1.29423,141960000,1
1499154060000,1499154119000,1.29425,1.29426,1.29401,1.29409,185290000,1
1499154120000,1499154179000,1.29409,1.29457,1.29409,1.29457,185400000,1
1499154180000,1499154239000,1.29455,1.29501,1.29444,1.29498,216910000,1
1499154240000,1499154299000,1.29499,1.29499,1.29461,1.2948,141690000,1
1499154300000,1499154359000,1.29482,1.29493,1.29473,1.29482,163240000,1
1499154360000,1499154419000,1.29483,1.29493,1.29464,1.29493,120700000,1
1499154420000,1499154479000,1.29492,1.29493,1.29482,1.2949,86700000,1
1499154480000,1499154539000,1.2949,1.29496,1.29482,1.29491,70040000,1
1499154540000,1499154599000,1.29491,1.29502,1.2949,1.2949,44310000,1
1499154600000,1499154659000,1.2949,1.29494,1.29486,1.29487,95300000,1
1499154660000,1499154719000,1.29487,1.29487,1.29436,1.29438,165260000,1
1499154720000,1499154779000,1.29439,1.29453,1.2942,1.2942,147400000,1
1499154780000,1499154839000,1.29421,1.2943,1.2942,1.2942,120710000,1
1499154840000,1499154899000,1.2942,1.2942,1.29387,1.29389,176800000,1
1499154900000,1499154959000,1.29389,1.29423,1.29389,1.29414,88560000,1
1499154960000,1499155019000,1.29413,1.29431,1.29412,1.2943,51480000,1
1499155020000,1499155079000,1.29427,1.29438,1.29426,1.29435,132900000,1
1499155080000,1499155139000,1.29435,1.29453,1.29433,1.29452,158190000,1
1499155140000,1499155199000,1.2945,1.2947,1.2944,1.29469,98130000,1
1499155200000,1499155259000,1.29469,1.29487,1.29469,1.29481,106420000,1
1499155260000,1499155319000,1.29481,1.29493,1.29478,1.29482,129960000,1
1499155320000,1499155379000,1.29482,1.29491,1.29478,1.29487,111930000,1
1499155380000,1499155439000,1.29488,1.29501,1.29449,1.29449,146750000,1
1499155440000,1499155499000,1.2945,1.29451,1.29406,1.29406,112310000,1
1499155500000,1499155559000,1.29406,1.29431,1.294,1.2943,72390000,1
1499155560000,1499155619000,1.2943,1.2943,1.29417,1.29418,60570000,1
1499155620000,1499155679000,1.29418,1.29418,1.29386,1.29386,133590000,1
1499155680000,1499155739000,1.29386,1.29386,1.29357,1.29357,118310000,1
1499155740000,1499155799000,1.29355,1.29368,1.29315,1.29341,155930000,1
1499155800000,1499155859000,1.2934,1.29366,1.29329,1.29338,135050000,1
1499155860000,1499155919000,1.29338,1.29338,1.29286,1.29299,166500000,1
1499155920000,1499155979000,1.29299,1.29305,1.29278,1.29291,132680000,1
1499155980000,1499156039000,1.29291,1.29304,1.29278,1.29301,133320000,1
1499156040000,1499156099000,1.29304,1.29325,1.29304,1.29321,96750000,1
1499156100000,1499156159000,1.29322,1.29333,1.29319,1.29331,111020000,1
1499156160000,1499156219000,1.29331,1.29332,1.2932,1.29332,180220000,1
1499156220000,1499156279000,1.29331,1.2934,1.29329,1.2933,144420000,1
1499156280000,1499156339000,1.29328,1.29332,1.29317,1.29329,154040000,1
1499156340000,1499156399000,1.2933,1.29337,1.2932,1.2933,167170000,1
1499156400000,1499156459000,1.2933,1.29341,1.29329,1.29341,112120000,1
1499156460000,1499156519000,1.2934,1.2934,1.29322,1.29336,170870000,1
1499156520000,1499156579000,1.29333,1.29338,1.29328,1.29329,129200000,1
1499156580000,1499156639000,1.29329,1.2933,1.29321,1.2933,139630000,1
1499156640000,1499156699000,1.29331,1.29343,1.29329,1.29342,92050000,1
1499156700000,1499156759000,1.29341,1.29349,1.29338,1.29349,94310000,1
1499156760000,1499156819000,1.29349,1.29349,1.29318,1.29322,98670000,1
1499156820000,1499156879000,1.29322,1.29329,1.29307,1.29309,109870000,1
1499156880000,1499156939000,1.29309,1.29311,1.29291,1.29293,69100000,1
1499156940000,1499156999000,1.29293,1.29293,1.29271,1.29271,140130000,1
1499157000000,1499157059000,1.29271,1.2933,1.29269,1.29311,245700000,1
1499157060000,1499157119000,1.29312,1.29314,1.29306,1.29309,121660000,1
1499157120000,1499157179000,1.29309,1.29322,1.29277,1.29277,136440000,1
1499157180000,1499157239000,1.29278,1.29281,1.29241,1.29249,198880000,1
1499157240000,1499157299000,1.29249,1.29262,1.292,1.29202,171680000,1
1499157300000,1499157359000,1.29205,1.29245,1.29202,1.29228,151210000,1
1499157360000,1499157419000,1.29229,1.29229,1.29206,1.29222,170290000,1
1499157420000,1499157479000,1.29222,1.2923,1.29198,1.29209,159510000,1
1499157480000,1499157539000,1.2921,1.29229,1.2918,1.29223,167600000,1
1499157540000,1499157599000,1.29224,1.29243,1.29222,1.2924,105950000,1
1499157600000,1499157659000,1.2924,1.29252,1.29226,1.2923,162600000,1
1499157660000,1499157719000,1.2923,1.29261,1.29224,1.29246,226360000,1
1499157720000,1499157779000,1.29248,1.2926,1.29224,1.29256,76520000,1
1499157780000,1499157839000,1.29256,1.29323,1.29254,1.29309,191080000,1
1499157840000,1499157899000,1.2931,1.29318,1.29286,1.29317,164820000,1
1499157900000,1499157959000,1.29318,1.29333,1.29309,1.29333,165990000,1
1499157960000,1499158019000,1.29332,1.2935,1.29328,1.29341,99970000,1
1499158020000,1499158079000,1.29338,1.29357,1.29336,1.29351,150240000,1
1499158080000,1499158139000,1.2935,1.2935,1.2931,1.2931,189170000,1
1499158140000,1499158199000,1.2931,1.29311,1.29298,1.29306,177670000,1
1499158200000,1499158259000,1.29306,1.29308,1.29265,1.29268,124150000,1
1499158260000,1499158319000,1.29269,1.29269,1.29257,1.29258,110800000,1
1499158320000,1499158379000,1.29264,1.29264,1.29247,1.29257,62530000,1
1499158380000,1499158439000,1.29257,1.29281,1.29256,1.29277,71100000,1
1499158440000,1499158499000,1.29277,1.29279,1.29269,1.29277,126590000,1
1499158500000,1499158559000,1.29277,1.29291,1.29266,1.2927,182670000,1
1499158560000,1499158619000,1.29269,1.29276,1.29262,1.29267,89470000,1
1499158620000,1499158679000,1.29267,1.2928,1.29265,1.2927,84830000,1
1499158680000,1499158739000,1.2927,1.29279,1.29253,1.29268,113900000,1
1499158740000,1499158799000,1.29267,1.29278,1.29243,1.29245,219320000,1
1499158800000,1499158859000,1.29245,1.29251,1.29239,1.29245,195520000,1
1499158860000,1499158919000,1.29247,1.29256,1.29246,1.29251,89640000,1
1499158920000,1499158979000,1.2925,1.29259,1.29247,1.29258,172470000,1
1499158980000,1499159039000,1.29257,1.29266,1.29251,1.29255,95240000,1
1499159040000,1499159099000,1.29256,1.29256,1.29247,1.29249,129190000,1
1499159100000,1499159159000,1.29248,1.29271,1.29247,1.29271,106390000,1
1499159160000,1499159219000,1.29271,1.29287,1.29271,1.29275,86770000,1
1499159220000,1499159279000,1.29274,1.29278,1.29269,1.29269,107790000,1
1499159280000,1499159339000,1.29269,1.29269,1.29255,1.29258,148620000,1
1499159340000,1499159399000,1.29258,1.29259,1.29238,1.29244,152550000,1
1499159400000,1499159459000,1.2924,1.29249,1.29228,1.2924,91340000,1
1499159460000,1499159519000,1.2924,1.29249,1.29227,1.29237,113220000,1
1499159520000,1499159579000,1.29235,1.2925,1.29209,1.29211,156760000,1
1499159580000,1499159639000,1.29211,1.29211,1.29166,1.29188,160660000,1
1499159640000,1499159699000,1.29189,1.29207,1.29181,1.29199,131170000,1
1499159700000,1499159759000,1.29199,1.29212,1.29182,1.29206,220140000,1
1499159760000,1499159819000,1.29206,1.29215,1.2919,1.2921,99040000,1
1499159820000,1499159879000,1.29211,1.29211,1.29196,1.29202,94340000,1
1499159880000,1499159939000,1.29202,1.29212,1.29182,1.29188,128620000,1
1499159940000,1499159999000,1.29188,1.29188,1.29163,1.29167,76940000,1
1499160000000,1499160059000,1.29167,1.29178,1.29162,1.29177,146410000,1
1499160060000,1499160119000,1.29177,1.2918,1.29177,1.29179,68850000,1
1499160120000,1499160179000,1.29184,1.29192,1.29184,1.29192,110030000,1
1499160180000,1499160239000,1.29191,1.29203,1.29191,1.29199,56120000,1
1499160240000,1499160299000,1.29199,1.29208,1.29194,1.292,116690000,1
1499160300000,1499160359000,1.29203,1.29218,1.29202,1.29212,109840000,1
1499160360000,1499160419000,1.29212,1.29229,1.2921,1.29222,106300000,1
1499160420000,1499160479000,1.29222,1.29228,1.29214,1.29225,63530000,1
1499160480000,1499160539000,1.29224,1.29226,1.29217,1.29223,38590000,1
1499160540000,1499160599000,1.29224,1.29228,1.29222,1.29222,42420000,1
1499160600000,1499160659000,1.29223,1.29223,1.29213,1.29218,76070000,1
1499160660000,1499160719000,1.29217,1.29223,1.29212,1.29222,94570000,1
1499160720000,1499160779000,1.29222,1.29223,1.29207,1.2921,138790000,1
1499160780000,1499160839000,1.2921,1.29214,1.292,1.29202,159430000,1
1499160840000,1499160899000,1.29202,1.29212,1.292,1.29205,209340000,1
1499160900000,1499160959000,1.29205,1.29209,1.29159,1.29162,157240000,1
1499160960000,1499161019000,1.29162,1.29183,1.29156,1.2916,102220000,1
1499161020000,1499161079000,1.2916,1.29186,1.29148,1.29178,144860000,1
1499161080000,1499161139000,1.29178,1.29182,1.29168,1.29171,155380000,1
1499161140000,1499161199000,1.29172,1.29211,1.29172,1.29211,95960000,1
1499161200000,1499161259000,1.29211,1.29222,1.29209,1.2921,74490000,1
1499161260000,1499161319000,1.29208,1.29208,1.29173,1.29182,117340000,1
1499161320000,1499161379000,1.29183,1.29187,1.29164,1.29169,113460000,1
1499161380000,1499161439000,1.29168,1.29193,1.29164,1.29193,92690000,1
1499161440000,1499161499000,1.29192,1.29204,1.29189,1.29192,79830000,1
1499161500000,1499161559000,1.29193,1.29205,1.29193,1.29203,129370000,1
1499161560000,1499161619000,1.29202,1.29203,1.29194,1.29196,34110000,1
1499161620000,1499161679000,1.29195,1.29201,1.29193,1.29198,40670000,1
1499161680000,1499161739000,1.29198,1.29203,1.29191,1.29191,118190000,1
1499161740000,1499161799000,1.29191,1.29202,1.29191,1.29192,121280000,1
1499161800000,1499161859000,1.29192,1.29216,1.29192,1.2921,151050000,1
1499161860000,1499161919000,1.29208,1.29223,1.29199,1.29202,126140000,1
1499161920000,1499161979000,1.29202,1.29224,1.29202,1.29224,90390000,1
1499161980000,1499162039000,1.29227,1.29243,1.29222,1.29239,124630000,1
1499162040000,1499162099000,1.2924,1.29255,1.29229,1.29254,149510000,1
1499162100000,1499162159000,1.29253,1.29267,1.29248,1.29259,148310000,1
1499162160000,1499162219000,1.29261,1.29284,1.29259,1.29272,100890000,1
1499162220000,1499162279000,1.29268,1.29278,1.29268,1.29269,134780000,1
1499162280000,1499162339000,1.29269,1.29273,1.29259,1.29267,63680000,1
1499162340000,1499162399000,1.29268,1.29288,1.2926,1.29284,97000000,1
1499162400000,1499162459000,1.29282,1.29285,1.29271,1.29283,174750000,1
1499162460000,1499162519000,1.29283,1.29283,1.29272,1.29279,75710000,1
1499162520000,1499162579000,1.29279,1.29318,1.29277,1.29317,94240000,1
1499162580000,1499162639000,1.29317,1.29335,1.29317,1.29322,77000000,1
1499162640000,1499162699000,1.29323,1.29356,1.29323,1.29352,79750000,1
1499162700000,1499162759000,1.29351,1.29357,1.2935,1.29354,94090000,1
1499162760000,1499162819000,1.29355,1.29355,1.29336,1.29338,119880000,1
1499162820000,1499162879000,1.29338,1.29353,1.29332,1.29351,67330000,1
1499162880000,1499162939000,1.29351,1.29376,1.29351,1.2937,80500000,1
1499162940000,1499162999000,1.29371,1.29372,1.29349,1.29362,150350000,1
1499163000000,1499163059000,1.29362,1.29369,1.29361,1.29364,65510000,1
1499163060000,1499163119000,1.29364,1.29385,1.29364,1.29377,135900000,1
1499163120000,1499163179000,1.29378,1.29402,1.29376,1.29402,145110000,1
1499163180000,1499163239000,1.29402,1.29404,1.29393,1.29398,155220000,1
1499163240000,1499163299000,1.29399,1.29403,1.29393,1.29395,133780000,1
1499163300000,1499163359000,1.29395,1.29413,1.29395,1.29401,212320000,1
1499163360000,1499163419000,1.29403,1.2941,1.29398,1.294,141840000,1
1499163420000,1499163479000,1.294,1.29408,1.29398,1.29406,127340000,1
1499163480000,1499163539000,1.29407,1.29407,1.29369,1.29387,128610000,1
1499163540000,1499163599000,1.29387,1.29399,1.29371,1.29372,105790000,1
1499163600000,1499163659000,1.29372,1.29379,1.29372,1.29377,89370000,1
1499163660000,1499163719000,1.29376,1.29392,1.29369,1.29389,109160000,1
1499163720000,1499163779000,1.29389,1.29409,1.29386,1.29409,65160000,1
1499163780000,1499163839000,1.2941,1.29415,1.29407,1.29411,65120000,1
1499163840000,1499163899000,1.29409,1.2943,1.29409,1.29426,158860000,1
1499163900000,1499163959000,1.29426,1.29428,1.29422,1.29422,167880000,1
1499163960000,1499164019000,1.29423,1.29426,1.29412,1.29416,131470000,1
1499164020000,1499164079000,1.29417,1.29424,1.29411,1.29417,89440000,1
1499164080000,1499164139000,1.29417,1.29424,1.29407,1.29417,157660000,1
1499164140000,1499164199000,1.29416,1.29417,1.29378,1.29382,184000000,1
1499164200000,1499164259000,1.29383,1.29398,1.29383,1.29388,154370000,1
1499164260000,1499164319000,1.29387,1.29403,1.29385,1.2939,124400000,1
1499164320000,1499164379000,1.29389,1.2939,1.29376,1.29381,112570000,1
1499164380000,1499164439000,1.29382,1.29393,1.29381,1.29393,133390000,1
1499164440000,1499164499000,1.29392,1.29408,1.29392,1.29408,99810000,1
1499164500000,1499164559000,1.29407,1.29418,1.29387,1.2939,105870000,1
1499164560000,1499164619000,1.2939,1.29393,1.29368,1.29369,135980000,1
1499164620000,1499164679000,1.29369,1.29383,1.29368,1.29373,97600000,1
1499164680000,1499164739000,1.29371,1.29388,1.29369,1.29386,89930000,1
1499164740000,1499164799000,1.29386,1.29389,1.29378,1.29386,179820000,1
1499164800000,1499164859000,1.29386,1.29386,1.29378,1.29381,77970000,1
1499164860000,1499164919000,1.2938,1.29389,1.29379,1.29388,68750000,1
1499164920000,1499164979000,1.29388,1.29399,1.29381,1.2939,126410000,1
1499164980000,1499165039000,1.2939,1.29393,1.2937,1.29371,96730000,1
1499165040000,1499165099000,1.29371,1.29374,1.29365,1.29365,46230000,1
1499165100000,1499165159000,1.29365,1.29378,1.29364,1.29372,52910000,1
1499165160000,1499165219000,1.29372,1.29372,1.29366,1.29366,104550000,1
1499165220000,1499165279000,1.29367,1.29377,1.2936,1.29375,130540000,1
1499165280000,1499165339000,1.29375,1.29379,1.29366,1.29376,109860000,1
1499165340000,1499165399000,1.29377,1.29386,1.29375,1.29381,169240000,1
1499165400000,1499165459000,1.29384,1.29392,1.29376,1.29376,150370000,1
1499165460000,1499165519000,1.29375,1.29378,1.29366,1.29366,107960000,1
1499165520000,1499165579000,1.29364,1.29372,1.29359,1.29372,69780000,1
1499165580000,1499165639000,1.29371,1.2939,1.29371,1.2939,49800000,1
1499165640000,1499165699000,1.29388,1.29389,1.29386,1.29386,59900000,1
1499165700000,1499165759000,1.29386,1.29391,1.29386,1.29386,100770000,1
1499165760000,1499165819000,1.29386,1.29387,1.29374,1.29379,127890000,1
1499165820000,1499165879000,1.29379,1.29393,1.29375,1.29389,207970000,1
1499165880000,1499165939000,1.29391,1.29396,1.29386,1.29391,127150000,1
1499165940000,1499165999000,1.2939,1.29393,1.29378,1.29381,81590000,1
1499166000000,1499166059000,1.29383,1.29393,1.29378,1.29379,223260000,1
1499166060000,1499166119000,1.29379,1.29396,1.29376,1.29388,155910000,1
1499166120000,1499166179000,1.29388,1.29392,1.29387,1.29388,62730000,1
1499166180000,1499166239000,1.29389,1.29389,1.2935,1.29366,81890000,1
1499166240000,1499166299000,1.29366,1.29369,1.29346,1.29346,73140000,1
1499166300000,1499166359000,1.29346,1.29349,1.29346,1.29348,83840000,1
1499166360000,1499166419000,1.29347,1.29351,1.29345,1.29345,81040000,1
1499166420000,1499166479000,1.29346,1.29346,1.29307,1.29315,162980000,1
1499166480000,1499166539000,1.29316,1.29316,1.29307,1.29315,100230000,1
1499166540000,1499166599000,1.29314,1.29318,1.29298,1.29299,119410000,1
1499166600000,1499166659000,1.29298,1.29298,1.29292,1.29297,116000000,1
1499166660000,1499166719000,1.29297,1.29299,1.29294,1.29294,121210000,1
1499166720000,1499166779000,1.29294,1.29299,1.29288,1.29295,134780000,1
1499166780000,1499166839000,1.29295,1.29295,1.29289,1.29293,68740000,1
1499166840000,1499166899000,1.29293,1.29294,1.29292,1.29294,16000000,1
1499166900000,1499166959000,1.29294,1.2931,1.29294,1.2931,82740000,1
1499166960000,1499167019000,1.29313,1.29331,1.29313,1.29331,52180000,1
1499167020000,1499167079000,1.29333,1.29333,1.29303,1.29308,129980000,1
1499167080000,1499167139000,1.29308,1.29309,1.29292,1.29294,114610000,1
1499167140000,1499167199000,1.29294,1.29306,1.29286,1.29291,205060000,1
1499167200000,1499167259000,1.2929,1.2929,1.2926,1.29263,122840000,1
1499167260000,1499167319000,1.29262,1.2928,1.29262,1.29278,93610000,1
1499167320000,1499167379000,1.29279,1.29282,1.29256,1.29261,162600000,1
1499167380000,1499167439000,1.29261,1.29288,1.29261,1.2928,179860000,1
1499167440000,1499167499000,1.29279,1.29291,1.29278,1.29284,86190000,1
1499167500000,1499167559000,1.29283,1.29284,1.29254,1.2926,153710000,1
1499167560000,1499167619000,1.2926,1.2927,1.2926,1.29268,26390000,1
1499167620000,1499167679000,1.29268,1.29286,1.29268,1.29286,91140000,1
1499167680000,1499167739000,1.29284,1.29284,1.2927,1.29272,87810000,1
1499167740000,1499167799000,1.29271,1.29282,1.29271,1.29272,142350000,1
1499167800000,1499167859000,1.29275,1.29288,1.29275,1.29287,120130000,1
1499167860000,1499167919000,1.29286,1.29288,1.2927,1.29272,95620000,1
1499167920000,1499167979000,1.29272,1.29304,1.29272,1.29299,128380000,1
1499167980000,1499168039000,1.293,1.29313,1.29297,1.29312,117160000,1
1499168040000,1499168099000,1.29312,1.29316,1.29308,1.29315,79780000,1
1499168100000,1499168159000,1.29315,1.29326,1.29313,1.29321,163820000,1
1499168160000,1499168219000,1.2932,1.29324,1.29315,1.29316,84980000,1
1499168220000,1499168279000,1.29318,1.29319,1.2931,1.29316,62790000,1
1499168280000,1499168339000,1.29314,1.29318,1.2931,1.29314,85770000,1
1499168340000,1499168399000,1.29314,1.29328,1.29314,1.29325,72420000,1
1499168400000,1499168459000,1.29321,1.29335,1.29317,1.29326,116620000,1
1499168460000,1499168519000,1.29326,1.29336,1.29323,1.29326,96950000,1
1499168520000,1499168579000,1.29327,1.29329,1.2931,1.29325,151140000,1
1499168580000,1499168639000,1.29326,1.29328,1.29326,1.29326,33320000,1
1499168640000,1499168699000,1.29323,1.29323,1.29292,1.29292,219180000,1
1499168700000,1499168759000,1.29291,1.29297,1.29279,1.29296,190440000,1
1499168760000,1499168819000,1.29296,1.29307,1.29291,1.29293,140060000,1
1499168820000,1499168879000,1.29293,1.29298,1.2929,1.29298,50810000,1
1499168880000,1499168939000,1.29298,1.29298,1.29286,1.29286,49620000,1
1499168940000,1499168999000,1.29285,1.29287,1.29276,1.29287,96170000,1
1499169000000,1499169059000,1.29287,1.29313,1.29287,1.29309,96380000,1
1499169060000,1499169119000,1.29309,1.29316,1.29308,1.29314,101970000,1
1499169120000,1499169179000,1.29315,1.29315,1.2931,1.29314,133650000,1
1499169180000,1499169239000,1.29314,1.29314,1.29311,1.29312,65610000,1
1499169240000,1499169299000,1.29312,1.29313,1.29309,1.29311,62350000,1
1499169300000,1499169359000,1.29312,1.29316,1.29311,1.29313,82830000,1
1499169360000,1499169419000,1.29312,1.29314,1.29312,1.29313,54590000,1
1499169420000,1499169479000,1.29313,1.29316,1.29309,1.2931,78790000,1
1499169480000,1499169539000,1.29312,1.29312,1.2929,1.29299,174710000,1
1499169540000,1499169599000,1.29299,1.29305,1.29299,1.29303,94330000,1
1499169600000,1499169659000,1.29303,1.29303,1.29292,1.29294,109980000,1
1499169660000,1499169719000,1.29294,1.29295,1.29284,1.29293,82170000,1
1499169720000,1499169779000,1.29293,1.29294,1.29289,1.29292,70330000,1
1499169780000,1499169839000,1.2929,1.29292,1.29286,1.29288,63110000,1
1499169840000,1499169899000,1.29288,1.29295,1.29288,1.29289,72980000,1
1499169900000,1499169959000,1.29289,1.29311,1.29281,1.29311,75170000,1
1499169960000,1499170019000,1.29311,1.29311,1.29302,1.29307,71640000,1
1499170020000,1499170079000,1.29307,1.29314,1.293,1.29311,88840000,1
1499170080000,1499170139000,1.29311,1.29312,1.29296,1.29296,64290000,1
1499170140000,1499170199000,1.29296,1.29313,1.29296,1.29307,153000000,1
1499170200000,1499170259000,1.29307,1.29311,1.29306,1.29311,46930000,1
1499170260000,1499170319000,1.2931,1.2933,1.29306,1.29319,110830000,1
1499170320000,1499170379000,1.29318,1.2932,1.29311,1.29311,59300000,1
1499170380000,1499170439000,1.29311,1.29311,1.29297,1.29297,74780000,1
1499170440000,1499170499000,1.29297,1.293,1.29296,1.29298,58410000,1
1499170500000,1499170559000,1.29298,1.29298,1.29292,1.29297,144700000,1
1499170560000,1499170619000,1.29297,1.29299,1.29297,1.29298,58750000,1
1499170620000,1499170679000,1.29298,1.2931,1.29297,1.29307,73070000,1
1499170680000,1499170739000,1.29308,1.29308,1.29307,1.29307,24450000,1
1499170740000,1499170799000,1.29308,1.29308,1.29291,1.29293,101130000,1
1499170800000,1499170859000,1.29294,1.29296,1.29276,1.29277,19490000,1
1499170860000,1499170919000,1.29276,1.29278,1.29265,1.29276,126360000,1
1499170920000,1499170979000,1.29276,1.29281,1.2927,1.2927,71800000,1
1499170980000,1499171039000,1.2927,1.29274,1.2927,1.29272,37510000,1
1499171040000,1499171099000,1.29269,1.29286,1.29268,1.29286,105410000,1
1499171100000,1499171159000,1.29285,1.29286,1.29274,1.29275,57060000,1
1499171160000,1499171219000,1.29274,1.29274,1.2926,1.2926,161490000,1
1499171220000,1499171279000,1.29261,1.29268,1.29255,1.29257,100770000,1
1499171280000,1499171339000,1.29256,1.29263,1.29244,1.29245,121340000,1
1499171340000,1499171399000,1.29245,1.29245,1.29219,1.29224,140530000,1
1499171400000,1499171459000,1.29224,1.29249,1.29224,1.29249,166390000,1
1499171460000,1499171519000,1.29249,1.29258,1.29246,1.29247,156230000,1
1499171520000,1499171579000,1.29247,1.29267,1.29243,1.29266,88530000,1
1499171580000,1499171639000,1.29266,1.29266,1.29239,1.29245,202780000,1
1499171640000,1499171699000,1.29245,1.29247,1.29199,1.29216,240740000,1
1499171700000,1499171759000,1.29216,1.29216,1.29196,1.29199,128180000,1
1499171760000,1499171819000,1.29199,1.29203,1.29196,1.29199,106260000,1
1499171820000,1499171879000,1.29199,1.29206,1.29174,1.29188,104220000,1
1499171880000,1499171939000,1.29188,1.29213,1.29187,1.29205,138350000,1
1499171940000,1499171999000,1.29203,1.29209,1.29198,1.29199,148740000,1
1499172000000,1499172059000,1.29199,1.29202,1.29197,1.292,45380000,1
1499172060000,1499172119000,1.292,1.29203,1.29197,1.29203,63210000,1
1499172120000,1499172179000,1.29204,1.2921,1.29199,1.29199,39250000,1
1499172180000,1499172239000,1.29199,1.29229,1.29198,1.29217,94260000,1
1499172240000,1499172299000,1.29217,1.29217,1.29207,1.2921,110990000,1
1499172300000,1499172359000,1.2921,1.29238,1.29209,1.29238,130550000,1
1499172360000,1499172419000,1.29237,1.29244,1.2923,1.29235,111280000,1
1499172420000,1499172479000,1.29235,1.29238,1.29231,1.29231,46250000,1
1499172480000,1499172539000,1.29232,1.29248,1.29232,1.29242,64940000,1
1499172540000,1499172599000,1.29242,1.29264,1.29242,1.29258,61770000,1
1499172600000,1499172659000,1.29258,1.29259,1.29252,1.29252,74740000,1
1499172660000,1499172719000,1.29253,1.29253,1.2925,1.2925,48180000,1
1499172720000,1499172779000,1.2925,1.29258,1.29229,1.29258,88510000,1
1499172780000,1499172839000,1.29259,1.29282,1.29252,1.29278,169690000,1
1499172840000,1499172899000,1.29282,1.29282,1.2927,1.29272,80180000,1
1499172900000,1499172959000,1.29273,1.29275,1.29267,1.29267,40250000,1
1499172960000,1499173019000,1.29268,1.2927,1.29268,1.29269,44500000,1
1499173020000,1499173079000,1.29269,1.29273,1.29267,1.29269,73560000,1
1499173080000,1499173139000,1.29269,1.2931,1.29268,1.29303,127970000,1
1499173140000,1499173199000,1.29302,1.29313,1.2929,1.2929,103140000,1
1499173200000,1499173259000,1.29293,1.29298,1.29281,1.29295,100740000,1
1499173260000,1499173319000,1.29293,1.2932,1.29288,1.29318,113830000,1
1499173320000,1499173379000,1.29318,1.29325,1.29318,1.29322,70420000,1
1499173380000,1499173439000,1.29323,1.29333,1.29323,1.29332,62640000,1
1499173440000,1499173499000,1.29329,1.29333,1.29329,1.29332,14990000,1
1499173500000,1499173559000,1.29333,1.29338,1.2933,1.29333,46140000,1
1499173560000,1499173619000,1.29333,1.29333,1.293,1.29301,96900000,1
1499173620000,1499173679000,1.29301,1.29323,1.29301,1.29305,87610000,1
1499173680000,1499173739000,1.29306,1.29308,1.29298,1.29298,139200000,1
1499173740000,1499173799000,1.29299,1.293,1.29283,1.29293,151280000,1
1499173800000,1499173859000,1.29293,1.29298,1.29278,1.29279,156910000,1
1499173860000,1499173919000,1.29284,1.29299,1.29279,1.29288,117100000,1
1499173920000,1499173979000,1.29288,1.29293,1.29233,1.29236,122240000,1
1499173980000,1499174039000,1.29235,1.29242,1.29213,1.29214,153230000,1
1499174040000,1499174099000,1.29213,1.29215,1.29193,1.29211,115200000,1
1499174100000,1499174159000,1.29212,1.2922,1.29202,1.29206,119810000,1
1499174160000,1499174219000,1.29205,1.29212,1.29181,1.29207,108200000,1
1499174220000,1499174279000,1.2921,1.2921,1.29184,1.29189,89290000,1
1499174280000,1499174339000,1.29188,1.292,1.29187,1.29199,39940000,1
1499174340000,1499174399000,1.29198,1.29199,1.29192,1.29197,54690000,1
1499174400000,1499174459000,1.29198,1.29221,1.29196,1.2921,132980000,1
1499174460000,1499174519000,1.29207,1.29209,1.29195,1.29196,129790000,1
1499174520000,1499174579000,1.29197,1.29198,1.2918,1.29197,90850000,1
1499174580000,1499174639000,1.29196,1.292,1.29188,1.29197,99210000,1
1499174640000,1499174699000,1.29197,1.29201,1.29196,1.29199,75250000,1
1499174700000,1499174759000,1.29198,1.29211,1.29198,1.29208,69350000,1
1499174760000,1499174819000,1.29207,1.29209,1.29185,1.29186,55530000,1
1499174820000,1499174879000,1.29188,1.29188,1.29177,1.29181,74130000,1
1499174880000,1499174939000,1.29181,1.29184,1.29176,1.29178,88390000,1
1499174940000,1499174999000,1.29178,1.29192,1.29178,1.29185,96560000,1
1499175000000,1499175059000,1.29185,1.29192,1.29177,1.29192,74450000,1
1499175060000,1499175119000,1.29192,1.29211,1.29192,1.29208,118130000,1
1499175120000,1499175179000,1.29208,1.29224,1.29208,1.29224,82190000,1
1499175180000,1499175239000,1.29224,1.29226,1.292,1.29203,97920000,1
1499175240000,1499175299000,1.29202,1.29219,1.29202,1.29219,90820000,1
1499175300000,1499175359000,1.29219,1.29221,1.29175,1.29178,120950000,1
1499175360000,1499175419000,1.29181,1.29182,1.29173,1.29175,95460000,1
1499175420000,1499175479000,1.29175,1.2919,1.29174,1.29187,150340000,1
1499175480000,1499175539000,1.29187,1.29201,1.29187,1.29198,99820000,1
1499175540000,1499175599000,1.29198,1.29211,1.29198,1.29209,114750000,1
1499175600000,1499175659000,1.2921,1.29226,1.2921,1.29224,74570000,1
1499175660000,1499175719000,1.29225,1.2924,1.29217,1.29227,129840000,1
1499175720000,1499175779000,1.29227,1.29227,1.29218,1.2922,79050000,1
1499175780000,1499175839000,1.29221,1.29223,1.29216,1.29217,56170000,1
1499175840000,1499175899000,1.29213,1.29218,1.29207,1.29217,89540000,1
1499175900000,1499175959000,1.29213,1.29213,1.29208,1.29209,63460000,1
1499175960000,1499176019000,1.29208,1.29223,1.29198,1.29218,147920000,1
1499176020000,1499176079000,1.29219,1.29223,1.29207,1.29217,119470000,1
1499176080000,1499176139000,1.29217,1.29223,1.29212,1.29218,57940000,1
1499176140000,1499176199000,1.29218,1.29223,1.29214,1.29223,87700000,1
1499176200000,1499176259000,1.29219,1.29223,1.29219,1.29222,42160000,1
1499176260000,1499176319000,1.29222,1.29223,1.29211,1.29213,42140000,1
1499176320000,1499176379000,1.29212,1.2923,1.29212,1.29228,65000000,1
1499176380000,1499176439000,1.29228,1.29232,1.29227,1.29227,99570000,1
1499176440000,1499176499000,1.29227,1.29237,1.29227,1.29228,110220000,1
1499176500000,1499176559000,1.29228,1.29248,1.29222,1.29247,139780000,1
1499176560000,1499176619000,1.29248,1.29248,1.29229,1.29233,87640000,1
1499176620000,1499176679000,1.29233,1.2927,1.29233,1.29269,135770000,1
1499176680000,1499176739000,1.2927,1.29272,1.2927,1.29272,70670000,1
1499176740000,1499176799000,1.29272,1.29273,1.29268,1.29272,112660000,1
1499176800000,1499176859000,1.29271,1.293,1.2927,1.29285,161520000,1
1499176860000,1499176919000,1.29284,1.29301,1.29284,1.29301,119580000,1
1499176920000,1499176979000,1.29303,1.29318,1.29303,1.29308,121060000,1
1499176980000,1499177039000,1.29311,1.29311,1.29279,1.29284,172830000,1
1499177040000,1499177099000,1.29286,1.2929,1.29268,1.29277,205730000,1
1499177100000,1499177159000,1.29278,1.29288,1.29277,1.29288,94580000,1
1499177160000,1499177219000,1.29288,1.29294,1.29269,1.29294,106210000,1
1499177220000,1499177279000,1.29294,1.29303,1.29294,1.293,27500000,1
1499177280000,1499177339000,1.29302,1.29315,1.29302,1.29315,54880000,1
1499177340000,1499177399000,1.29315,1.29315,1.29307,1.29312,110590000,1
1499177400000,1499177459000,1.29312,1.29324,1.29302,1.29322,105390000,1
1499177460000,1499177519000,1.29322,1.29333,1.29322,1.29328,169520000,1
1499177520000,1499177579000,1.29328,1.29362,1.29328,1.29358,117050000,1
1499177580000,1499177639000,1.29359,1.29362,1.29333,1.29334,87070000,1
1499177640000,1499177699000,1.29334,1.29339,1.29328,1.29332,117640000,1
1499177700000,1499177759000,1.29334,1.29345,1.29327,1.29328,80410000,1
1499177760000,1499177819000,1.29327,1.29335,1.29317,1.29331,85020000,1
1499177820000,1499177879000,1.29331,1.29332,1.29309,1.29312,118060000,1
1499177880000,1499177939000,1.29312,1.29317,1.29305,1.29305,150350000,1
1499177940000,1499177999000,1.29304,1.29316,1.29297,1.29316,151500000,1
1499178000000,1499178059000,1.29317,1.29331,1.29317,1.29331,204300000,1
1499178060000,1499178119000,1.2933,1.29331,1.29327,1.29327,68900000,1
1499178120000,1499178179000,1.29327,1.29332,1.29315,1.29315,105930000,1
1499178180000,1499178239000,1.29313,1.29315,1.29307,1.29314,89310000,1
1499178240000,1499178299000,1.29314,1.29314,1.29307,1.29311,45920000,1
1499178300000,1499178359000,1.29312,1.29321,1.29311,1.29316,159510000,1
1499178360000,1499178419000,1.29317,1.29329,1.29317,1.29327,67560000,1
1499178420000,1499178479000,1.29327,1.29337,1.29321,1.29336,81780000,1
1499178480000,1499178539000,1.29337,1.29343,1.29335,1.29341,66130000,1
1499178540000,1499178599000,1.2934,1.29348,1.29338,1.2934,70270000,1
1499178600000,1499178659000,1.29341,1.29346,1.29339,1.29339,64880000,1
1499178660000,1499178719000,1.29339,1.2934,1.29331,1.29338,43310000,1
1499178720000,1499178779000,1.29338,1.29339,1.29316,1.29316,101440000,1
1499178780000,1499178839000,1.29316,1.29319,1.29314,1.29314,66340000,1
1499178840000,1499178899000,1.29312,1.29314,1.29312,1.29313,51530000,1
1499178900000,1499178959000,1.29313,1.29316,1.29305,1.29316,49620000,1
1499178960000,1499179019000,1.29314,1.2932,1.29313,1.2932,45090000,1
1499179020000,1499179079000,1.29319,1.2932,1.29314,1.29315,43940000,1
1499179080000,1499179139000,1.29312,1.29312,1.29306,1.29307,51000000,1
1499179140000,1499179199000,1.29305,1.29308,1.29303,1.29308,51770000,1
1499179200000,1499179259000,1.29309,1.29309,1.29303,1.29303,16500000,1
1499179260000,1499179319000,1.29303,1.29308,1.29303,1.29303,22130000,1
1499179320000,1499179379000,1.29305,1.29333,1.29305,1.29332,79970000,1
1499179380000,1499179439000,1.29332,1.29365,1.2933,1.29365,106550000,1
1499179440000,1499179499000,1.29367,1.29367,1.29342,1.29349,69910000,1
1499179500000,1499179559000,1.2935,1.29352,1.29347,1.29348,43760000,1
1499179560000,1499179619000,1.29348,1.29357,1.29348,1.29353,81170000,1
1499179620000,1499179679000,1.29353,1.29373,1.2935,1.29368,139870000,1
1499179680000,1499179739000,1.29368,1.29377,1.29368,1.29375,59310000,1
1499179740000,1499179799000,1.29375,1.29381,1.29367,1.29368,92290000,1
1499179800000,1499179859000,1.29368,1.29379,1.29361,1.29379,64640000,1
1499179860000,1499179919000,1.29378,1.29429,1.2937,1.29407,113780000,1
1499179920000,1499179979000,1.29408,1.29408,1.29363,1.29365,132490000,1
1499179980000,1499180039000,1.29364,1.29364,1.29355,1.29355,83820000,1
1499180040000,1499180099000,1.29355,1.29366,1.29354,1.29355,44390000,1
1499180100000,1499180159000,1.29355,1.29355,1.29344,1.29344,37040000,1
1499180160000,1499180219000,1.29344,1.29364,1.29344,1.29356,84420000,1
1499180220000,1499180279000,1.29354,1.29366,1.29343,1.29362,124870000,1
1499180280000,1499180339000,1.2936,1.2936,1.29264,1.29292,328050000,1
1499180340000,1499180399000,1.29293,1.29299,1.29261,1.29299,221560000,1
1499180400000,1499180459000,1.293,1.29307,1.29264,1.29275,220090000,1
1499180460000,1499180519000,1.29274,1.29275,1.29252,1.29253,205980000,1
1499180520000,1499180579000,1.29253,1.29301,1.29243,1.293,194990000,1
1499180580000,1499180639000,1.293,1.293,1.29273,1.29273,141980000,1
1499180640000,1499180699000,1.29274,1.2928,1.29267,1.29277,167210000,1
1499180700000,1499180759000,1.29276,1.29302,1.29275,1.29298,98310000,1
1499180760000,1499180819000,1.29297,1.29321,1.29296,1.2932,67570000,1
1499180820000,1499180879000,1.2932,1.29324,1.29311,1.29316,97800000,1
1499180880000,1499180939000,1.29316,1.29316,1.29283,1.29283,195100000,1
1499180940000,1499180999000,1.29283,1.29283,1.29258,1.29258,141040000,1
1499181000000,1499181059000,1.29257,1.29283,1.29256,1.29277,190530000,1
1499181060000,1499181119000,1.29277,1.29283,1.29269,1.29274,158970000,1
1499181120000,1499181179000,1.29273,1.29283,1.2927,1.29274,136900000,1
1499181180000,1499181239000,1.29274,1.29281,1.29256,1.29256,138860000,1
1499181240000,1499181299000,1.29258,1.29259,1.29229,1.29229,136640000,1
1499181300000,1499181359000,1.29229,1.29242,1.29224,1.29224,119310000,1
1499181360000,1499181419000,1.29224,1.29224,1.29213,1.29219,133380000,1
1499181420000,1499181479000,1.29219,1.29236,1.29216,1.29236,68000000,1
1499181480000,1499181539000,1.29236,1.29241,1.29229,1.29229,50100000,1
1499181540000,1499181599000,1.29229,1.29237,1.29229,1.29232,36100000,1
1499181600000,1499181659000,1.29232,1.29233,1.29218,1.29227,122010000,1
1499181660000,1499181719000,1.29226,1.29233,1.29225,1.29232,158100000,1
1499181720000,1499181779000,1.29232,1.29247,1.2923,1.29243,71610000,1
1499181780000,1499181839000,1.29244,1.29248,1.29237,1.29237,70780000,1
1499181840000,1499181899000,1.29237,1.2924,1.29237,1.29238,67890000,1
1499181900000,1499181959000,1.29237,1.29249,1.29228,1.29249,111910000,1
1499181960000,1499182019000,1.2925,1.2925,1.29229,1.2923,121020000,1
1499182020000,1499182079000,1.29231,1.29231,1.29193,1.29197,160270000,1
1499182080000,1499182139000,1.29194,1.29208,1.2919,1.2919,127120000,1
1499182140000,1499182199000,1.29192,1.29208,1.29188,1.29206,138330000,1
1499182200000,1499182259000,1.29206,1.29208,1.29194,1.29196,90090000,1
1499182260000,1499182319000,1.29194,1.29203,1.29194,1.29199,44410000,1
1499182320000,1499182379000,1.29196,1.29199,1.29188,1.29192,149400000,1
1499182380000,1499182439000,1.29195,1.29198,1.29191,1.29196,51500000,1
1499182440000,1499182499000,1.29194,1.29209,1.29194,1.29204,79790000,1
1499182500000,1499182559000,1.29204,1.29204,1.29184,1.29187,223460000,1
1499182560000,1499182619000,1.29187,1.29188,1.29175,1.29179,228930000,1
1499182620000,1499182679000,1.29179,1.29186,1.29179,1.29185,62380000,1
1499182680000,1499182739000,1.29184,1.29201,1.29184,1.29201,137290000,1
1499182740000,1499182799000,1.29201,1.29201,1.29178,1.29178,153670000,1
1499182800000,1499182859000,1.29178,1.29182,1.29174,1.29177,93020000,1
1499182860000,1499182919000,1.29178,1.29182,1.29176,1.29179,42560000,1
1499182920000,1499182979000,1.29179,1.29183,1.29176,1.29177,40010000,1
1499182980000,1499183039000,1.29176,1.29183,1.29175,1.29179,107360000,1
1499183040000,1499183099000,1.29179,1.29185,1.29176,1.29185,113580000,1
1499183100000,1499183159000,1.29186,1.29187,1.29183,1.29187,89080000,1
1499183160000,1499183219000,1.29187,1.2919,1.29187,1.29189,77050000,1
1499183220000,1499183279000,1.29189,1.29191,1.29188,1.29189,90440000,1
1499183280000,1499183339000,1.29187,1.29198,1.29187,1.29198,83840000,1
1499183340000,1499183399000,1.29198,1.29198,1.29191,1.29191,125520000,1
1499183400000,1499183459000,1.2919,1.29194,1.29188,1.29188,115300000,1
1499183460000,1499183519000,1.29188,1.2919,1.29186,1.2919,46820000,1
1499183520000,1499183579000,1.2919,1.29197,1.29187,1.29188,133780000,1
1499183580000,1499183639000,1.29188,1.29192,1.29186,1.29187,114890000,1
1499183640000,1499183699000,1.29187,1.2919,1.29183,1.29188,69960000,1
1499183700000,1499183759000,1.29189,1.29191,1.29185,1.29185,104870000,1
1499183760000,1499183819000,1.29191,1.29195,1.29185,1.29187,152740000,1
1499183820000,1499183879000,1.29187,1.29188,1.2918,1.2918,90900000,1
1499183880000,1499183939000,1.29181,1.29188,1.29179,1.29185,115350000,1
1499183940000,1499183999000,1.29185,1.2919,1.29185,1.29187,34380000,1
1499184000000,1499184059000,1.29186,1.29201,1.29184,1.29201,87750000,1
1499184060000,1499184119000,1.29202,1.29211,1.29202,1.29205,103540000,1
1499184120000,1499184179000,1.29205,1.29207,1.29202,1.29202,123550000,1
1499184180000,1499184239000,1.29202,1.29219,1.29202,1.29214,95470000,1
1499184240000,1499184299000,1.29218,1.29218,1.29205,1.29208,102390000,1
1499184300000,1499184359000,1.29209,1.29221,1.29209,1.29217,52090000,1
1499184360000,1499184419000,1.29217,1.29218,1.29216,1.29218,23570000,1
1499184420000,1499184479000,1.29218,1.29225,1.29216,1.29225,37970000,1
1499184480000,1499184539000,1.29226,1.29227,1.29217,1.29218,82050000,1
1499184540000,1499184599000,1.29217,1.2922,1.29215,1.29219,67810000,1
1499184600000,1499184659000,1.2922,1.29226,1.2922,1.29225,29010000,1
1499184660000,1499184719000,1.29225,1.29234,1.29223,1.29224,105920000,1
1499184720000,1499184779000,1.29224,1.29224,1.29223,1.29224,31950000,1
1499184780000,1499184839000,1.29223,1.29223,1.29217,1.29218,112330000,1
1499184840000,1499184899000,1.29216,1.29216,1.292,1.292,90080000,1
1499184900000,1499184959000,1.29199,1.29199,1.29189,1.29193,92740000,1
1499184960000,1499185019000,1.29194,1.29194,1.29193,1.29194,82080000,1
1499185020000,1499185079000,1.29194,1.29194,1.29188,1.29192,198360000,1
1499185080000,1499185139000,1.29192,1.29193,1.29187,1.29187,35480000,1
1499185140000,1499185199000,1.29187,1.29188,1.29183,1.29184,87580000,1
1499185200000,1499185259000,1.29183,1.29184,1.29165,1.29167,104690000,1
1499185260000,1499185319000,1.29166,1.29166,1.29122,1.29158,180620000,1
1499185320000,1499185379000,1.29158,1.29168,1.29158,1.29164,78810000,1
1499185380000,1499185439000,1.29164,1.29184,1.29164,1.29184,28300000,1
1499185440000,1499185499000,1.29185,1.29201,1.29176,1.29176,133080000,1
1499185500000,1499185559000,1.29177,1.29183,1.29177,1.29179,41680000,1
1499185560000,1499185619000,1.29177,1.29183,1.29177,1.29183,47010000,1
1499185620000,1499185679000,1.29183,1.29183,1.29176,1.29176,43870000,1
1499185680000,1499185739000,1.29174,1.2932,1.29168,1.29244,302680000,1
1499185740000,1499185799000,1.29243,1.29248,1.29242,1.29243,161270000,1
1499185800000,1499185859000,1.29243,1.29248,1.29242,1.29243,47500000,1
1499185860000,1499185919000,1.29241,1.29249,1.29238,1.29242,97000000,1
1499185920000,1499185979000,1.29243,1.29248,1.29225,1.29233,67490000,1
1499185980000,1499186039000,1.29233,1.29238,1.29205,1.29209,69050000,1
1499186040000,1499186099000,1.29213,1.29217,1.29195,1.29206,72210000,1
1499186100000,1499186159000,1.29203,1.29213,1.29201,1.29207,68870000,1
1499186160000,1499186219000,1.29207,1.29237,1.29207,1.29234,33000000,1
1499186220000,1499186279000,1.29233,1.29233,1.29201,1.29225,61840000,1
1499186280000,1499186339000,1.29225,1.2923,1.29223,1.29225,19900000,1
1499186340000,1499186399000,1.29225,1.29225,1.29206,1.29206,46460000,1
1499186400000,1499186459000,1.29205,1.29205,1.29197,1.29198,56290000,1
1499186460000,1499186519000,1.29197,1.29208,1.29197,1.29208,61860000,1
1499186520000,1499186579000,1.29207,1.29208,1.29192,1.29192,28570000,1
1499186580000,1499186639000,1.29191,1.29194,1.29187,1.29187,41000000,1
1499186640000,1499186699000,1.29187,1.29188,1.29187,1.29188,6380000,1
1499186700000,1499186759000,1.29188,1.29189,1.29187,1.29189,24740000,1
1499186760000,1499186819000,1.29189,1.29189,1.29187,1.29188,22490000,1
1499186820000,1499186879000,1.29187,1.29192,1.29179,1.29189,42610000,1
1499186880000,1499186939000,1.2919,1.292,1.2919,1.292,26930000,1
1499186940000,1499186999000,1.292,1.2921,1.292,1.29209,21740000,1
1499187000000,1499187059000,1.29209,1.29216,1.29209,1.29215,32250000,1
1499187060000,1499187119000,1.29215,1.29218,1.29214,1.29215,15500000,1
1499187120000,1499187179000,1.29217,1.29222,1.29212,1.2922,40250000,1
1499187180000,1499187239000,1.2922,1.29221,1.29218,1.29219,23000000,1
1499187240000,1499187299000,1.29218,1.29221,1.29217,1.29221,25940000,1
1499187300000,1499187359000,1.29219,1.29219,1.29212,1.29213,20630000,1
1499187360000,1499187419000,1.29209,1.29249,1.29207,1.29231,91260000,1
1499187420000,1499187479000,1.29231,1.29254,1.2923,1.29253,115780000,1
1499187480000,1499187539000,1.29253,1.29279,1.29246,1.29258,212320000,1
1499187540000,1499187599000,1.29256,1.29296,1.29254,1.29262,219770000,1
1499187600000,1499187659000,1.29263,1.29296,1.29263,1.29291,327600000,1
1499187660000,1499187719000,1.2929,1.29295,1.29271,1.29286,289240000,1
1499187720000,1499187779000,1.29287,1.29289,1.29263,1.29267,633760000,1
1499187780000,1499187839000,1.29267,1.29274,1.29259,1.29268,610620000,1
1499187840000,1499187899000,1.29269,1.29305,1.29261,1.29305,459320000,1
1499187900000,1499187959000,1.29304,1.29304,1.29251,1.29262,189140000,1
1499187960000,1499188019000,1.29267,1.29268,1.29257,1.29264,243580000,1
1499188020000,1499188079000,1.29264,1.29269,1.2926,1.29265,90160000,1
1499188080000,1499188139000,1.29266,1.29269,1.29259,1.29269,260720000,1
1499188140000,1499188199000,1.29269,1.2927,1.29258,1.29259,243260000,1
1499188200000,1499188259000,1.2926,1.29261,1.29257,1.2926,286780000,1
1499188260000,1499188319000,1.2926,1.2926,1.29256,1.29259,305800000,1
1499188320000,1499188379000,1.29259,1.2926,1.29256,1.29258,200690000,1
1499188380000,1499188439000,1.29258,1.2926,1.29257,1.29258,224350000,1
1499188440000,1499188499000,1.29258,1.29259,1.29256,1.29257,194730000,1
1499188500000,1499188559000,1.29258,1.29266,1.29256,1.29257,288890000,1
1499188560000,1499188619000,1.29256,1.29261,1.29256,1.29258,326800000,1
1499188620000,1499188679000,1.29259,1.2926,1.29222,1.29225,289630000,1
1499188680000,1499188739000,1.29227,1.29228,1.29224,1.29228,68920000,1
1499188740000,1499188799000,1.29228,1.29231,1.29224,1.29231,83560000,1
1499188800000,1499188859000,1.29231,1.29231,1.2922,1.29221,351100000,1
1499188860000,1499188919000,1.29221,1.29225,1.29218,1.29222,206520000,1
1499188920000,1499188979000,1.29222,1.29225,1.29211,1.29224,345010000,1
1499188980000,1499189039000,1.29224,1.29227,1.29223,1.29224,469940000,1
1499189040000,1499189099000,1.29226,1.29235,1.29224,1.29233,137050000,1
1499189100000,1499189159000,1.29232,1.29245,1.29232,1.29239,192050000,1
1499189160000,1499189219000,1.29239,1.29254,1.29239,1.29253,97810000,1
1499189220000,1499189279000,1.29254,1.29256,1.29243,1.29251,68410000,1
1499189280000,1499189339000,1.29249,1.29252,1.29245,1.29251,78640000,1
1499189340000,1499189399000,1.29251,1.29254,1.29245,1.29245,69510000,1
1499189400000,1499189459000,1.29246,1.29246,1.29239,1.29242,62110000,1
1499189460000,1499189519000,1.29243,1.29247,1.29239,1.29246,85890000,1
1499189520000,1499189579000,1.29245,1.29247,1.29229,1.29234,114180000,1
1499189580000,1499189639000,1.29235,1.29248,1.29219,1.2922,277930000,1
1499189640000,1499189699000,1.29216,1.29216,1.29201,1.29208,122220000,1
1499189700000,1499189759000,1.29209,1.29221,1.29208,1.29221,68570000,1
1499189760000,1499189819000,1.29221,1.29221,1.29191,1.29203,108640000,1
1499189820000,1499189879000,1.29205,1.29207,1.29196,1.29196,128010000,1
1499189880000,1499189939000,1.29197,1.29199,1.29192,1.29195,64410000,1
1499189940000,1499189999000,1.29193,1.29232,1.29191,1.29195,162440000,1
1499190000000,1499190059000,1.29189,1.29218,1.29189,1.29204,94960000,1
1499190060000,1499190119000,1.29202,1.29217,1.29195,1.29196,104430000,1
1499190120000,1499190179000,1.29196,1.29206,1.29192,1.292,77240000,1
1499190180000,1499190239000,1.29203,1.29216,1.29202,1.2921,124290000,1
1499190240000,1499190299000,1.2921,1.29216,1.29206,1.29207,126370000,1
1499190300000,1499190359000,1.29206,1.29216,1.292,1.29211,127240000,1
1499190360000,1499190419000,1.29211,1.29229,1.29209,1.29228,121970000,1
1499190420000,1499190479000,1.29228,1.29256,1.29198,1.29226,214190000,1
1499190480000,1499190539000,1.29225,1.29225,1.29216,1.29216,71340000,1
1499190540000,1499190599000,1.29216,1.29222,1.29216,1.29221,49250000,1
1499190600000,1499190659000,1.29221,1.29252,1.29217,1.29242,231370000,1
1499190660000,1499190719000,1.2924,1.2924,1.29226,1.29231,85700000,1
1499190720000,1499190779000,1.29231,1.29233,1.29231,1.29233,47390000,1
1499190780000,1499190839000,1.29233,1.29237,1.29233,1.29237,24850000,1
1499190840000,1499190899000,1.29234,1.29242,1.29218,1.2924,80580000,1
1499190900000,1499190959000,1.29241,1.29241,1.29238,1.29238,47100000,1
1499190960000,1499191019000,1.29238,1.29261,1.29238,1.29249,332760000,1
1499191020000,1499191079000,1.29249,1.29263,1.29248,1.2926,385660000,1
1499191080000,1499191139000,1.2926,1.29282,1.2924,1.29247,221140000,1
1499191140000,1499191199000,1.29246,1.29249,1.29237,1.29242,1556570000,1
1499191200000,1499191259000,1.29244,1.29249,1.29188,1.2922,2529320000,1
1499191260000,1499191319000,1.29217,1.29232,1.29191,1.29216,116980000,1
1499191320000,1499191379000,1.29218,1.29236,1.29207,1.29217,157980000,1
1499191380000,1499191439000,1.29218,1.2922,1.29215,1.29217,128160000,1
1499191440000,1499191499000,1.29218,1.29219,1.29217,1.29217,30370000,1
1499191500000,1499191559000,1.29218,1.2922,1.29217,1.29218,102630000,1
1499191560000,1499191619000,1.29218,1.29273,1.29206,1.29219,142790000,1
1499191620000,1499191679000,1.29219,1.29222,1.29218,1.2922,225970000,1
1499191680000,1499191739000,1.29219,1.29222,1.29217,1.29221,154520000,1
1499191740000,1499191799000,1.29222,1.2926,1.29218,1.29234,185540000,1
1499191800000,1499191859000,1.29233,1.29236,1.29204,1.29216,125260000,1
1499191860000,1499191919000,1.29215,1.2926,1.29189,1.29239,156850000,1
1499191920000,1499191979000,1.29237,1.2926,1.29181,1.29203,306750000,1
1499191980000,1499192039000,1.29202,1.29225,1.29192,1.2921,123400000,1
1499192040000,1499192099000,1.29209,1.29254,1.2919,1.29226,231940000,1
1499192100000,1499192159000,1.29221,1.29249,1.29192,1.29238,262530000,1
1499192160000,1499192219000,1.29237,1.29252,1.29179,1.29232,354120000,1
1499192220000,1499192279000,1.29233,1.29238,1.2921,1.2922,142660000,1
1499192280000,1499192339000,1.2922,1.29234,1.29182,1.29213,240150000,1
1499192340000,1499192399000,1.29212,1.29219,1.29192,1.29208,212630000,1
1499192400000,1499192459000,1.29204,1.29253,1.29198,1.29198,307470000,1
1499192460000,1499192519000,1.29198,1.29235,1.29194,1.29195,167950000,1
1499192520000,1499192579000,1.29195,1.29232,1.29193,1.29227,198120000,1
1499192580000,1499192639000,1.29227,1.29238,1.29215,1.29216,145390000,1
1499192640000,1499192699000,1.29215,1.29238,1.29199,1.29226,361850000,1
1499192700000,1499192759000,1.29219,1.29243,1.29199,1.29242,215310000,1
1499192760000,1499192819000,1.29242,1.29249,1.29198,1.29211,272950000,1
1499192820000,1499192879000,1.29213,1.29223,1.29198,1.29199,64030000,1
1499192880000,1499192939000,1.29199,1.29222,1.29194,1.29194,217450000,1
1499192940000,1499192999000,1.29196,1.29234,1.29173,1.29219,390090000,1
1499193000000,1499193059000,1.29215,1.29245,1.29171,1.29222,278840000,1
1499193060000,1499193119000,1.29222,1.29231,1.29188,1.29212,418810000,1
1499193120000,1499193179000,1.29207,1.29232,1.29207,1.29226,265950000,1
1499193180000,1499193239000,1.29227,1.29228,1.29192,1.29206,231470000,1
1499193240000,1499193299000,1.29206,1.29213,1.292,1.29207,163500000,1
1499193300000,1499193359000,1.29207,1.29224,1.29206,1.29214,202880000,1
1499193360000,1499193419000,1.29214,1.2923,1.29183,1.29217,273510000,1
1499193420000,1499193479000,1.29219,1.29233,1.29198,1.29229,227600000,1
1499193480000,1499193539000,1.29228,1.29228,1.29208,1.29226,161410000,1
1499193540000,1499193599000,1.29226,1.29229,1.29201,1.29229,182140000,1
1499193600000,1499193659000,1.29229,1.29236,1.29208,1.29212,220300000,1
1499193660000,1499193719000,1.2921,1.29218,1.2921,1.29214,151360000,1
1499193720000,1499193779000,1.29214,1.29222,1.29213,1.29213,178530000,1
1499193780000,1499193839000,1.29214,1.29217,1.29212,1.29216,178070000,1
1499193840000,1499193899000,1.29216,1.29225,1.29214,1.29221,126560000,1
1499193900000,1499193959000,1.29221,1.2923,1.29212,1.29222,177840000,1
1499193960000,1499194019000,1.29223,1.29223,1.29213,1.29215,177770000,1
1499194020000,1499194079000,1.29215,1.29221,1.29196,1.29197,146010000,1
1499194080000,1499194139000,1.29199,1.29208,1.29198,1.292,167020000,1
1499194140000,1499194199000,1.29199,1.29214,1.29197,1.29207,189340000,1
1499194200000,1499194259000,1.29207,1.29221,1.29204,1.2921,164350000,1
1499194260000,1499194319000,1.29211,1.29213,1.29202,1.29205,110260000,1
1499194320000,1499194379000,1.29206,1.29207,1.292,1.29201,147870000,1
1499194380000,1499194439000,1.29202,1.29223,1.29201,1.29213,124980000,1
1499194440000,1499194499000,1.29213,1.29213,1.29192,1.29194,209290000,1
1499194500000,1499194559000,1.29196,1.29201,1.29192,1.29198,211760000,1
1499194560000,1499194619000,1.29197,1.29209,1.29195,1.29206,164270000,1
1499194620000,1499194679000,1.29206,1.29206,1.29189,1.29198,282090000,1
1499194680000,1499194739000,1.29196,1.29201,1.29194,1.292,288170000,1
1499194740000,1499194799000,1.29199,1.29221,1.29198,1.292,142750000,1
1499194800000,1499194859000,1.29199,1.29211,1.29184,1.29205,200770000,1
1499194860000,1499194919000,1.29203,1.29208,1.29186,1.29193,294910000,1
1499194920000,1499194979000,1.29193,1.29224,1.29189,1.29206,231490000,1
1499194980000,1499195039000,1.29207,1.29221,1.29195,1.29196,174220000,1
1499195040000,1499195099000,1.29197,1.2922,1.2919,1.29209,176620000,1
1499195100000,1499195159000,1.29208,1.29217,1.29192,1.29194,147840000,1
1499195160000,1499195219000,1.29192,1.29224,1.29192,1.29221,149530000,1
1499195220000,1499195279000,1.29223,1.29224,1.29203,1.29215,173250000,1
1499195280000,1499195339000,1.29217,1.29221,1.2921,1.2921,47050000,1
1499195340000,1499195399000,1.29215,1.29224,1.2921,1.29215,146240000,1
1499195400000,1499195459000,1.29216,1.29222,1.29216,1.2922,33700000,1
1499195460000,1499195519000,1.29221,1.29221,1.29216,1.29216,14990000,1
1499195520000,1499195579000,1.29216,1.29217,1.29216,1.29217,13490000,1
1499195580000,1499195639000,1.29217,1.29217,1.29215,1.29215,34840000,1
1499195640000,1499195699000,1.29215,1.29228,1.29214,1.29215,47480000,1
1499195700000,1499195759000,1.29215,1.2923,1.29213,1.29228,47800000,1
1499195760000,1499195819000,1.29227,1.29227,1.29206,1.29206,60430000,1
1499195820000,1499195879000,1.29205,1.29208,1.29202,1.29208,70630000,1
1499195880000,1499195939000,1.29208,1.29213,1.29204,1.29207,63170000,1
1499195940000,1499195999000,1.29206,1.29217,1.29204,1.29215,146990000,1
1499196000000,1499196059000,1.29214,1.29214,1.29204,1.29206,97210000,1
1499196060000,1499196119000,1.29207,1.29227,1.29204,1.29224,108080000,1
1499196120000,1499196179000,1.29224,1.29228,1.29221,1.29224,92590000,1
1499196180000,1499196239000,1.29224,1.29229,1.2922,1.29221,151700000,1
1499196240000,1499196299000,1.29221,1.29236,1.29212,1.29217,163760000,1
1499196300000,1499196359000,1.29211,1.29254,1.29208,1.29228,182140000,1
1499196360000,1499196419000,1.29228,1.29243,1.29223,1.29235,143290000,1
1499196420000,1499196479000,1.29233,1.29234,1.29223,1.29228,117710000,1
1499196480000,1499196539000,1.29228,1.29232,1.29228,1.29232,33710000,1
1499196540000,1499196599000,1.29232,1.29234,1.29231,1.29232,70150000,1
1499196600000,1499196659000,1.29232,1.29234,1.29224,1.2923,92000000,1
1499196660000,1499196719000,1.2923,1.29233,1.29225,1.29225,73160000,1
1499196720000,1499196779000,1.29226,1.29231,1.29223,1.29225,91490000,1
1499196780000,1499196839000,1.29225,1.29253,1.29222,1.29245,167010000,1
1499196840000,1499196899000,1.29244,1.29252,1.2924,1.29243,78940000,1
1499196900000,1499196959000,1.29242,1.29242,1.29225,1.29225,132990000,1
1499196960000,1499197019000,1.29226,1.29234,1.29224,1.29227,211460000,1
1499197020000,1499197079000,1.29226,1.29233,1.29224,1.29225,182680000,1
1499197080000,1499197139000,1.29225,1.29225,1.29205,1.29206,142230000,1
1499197140000,1499197199000,1.29206,1.29215,1.29205,1.29212,252420000,1
1499197200000,1499197259000,1.29212,1.29214,1.29206,1.29212,182870000,1
1499197260000,1499197319000,1.29211,1.29226,1.29211,1.29213,240160000,1
1499197320000,1499197379000,1.29213,1.29216,1.29204,1.29206,160150000,1
1499197380000,1499197439000,1.29207,1.29214,1.29198,1.29205,174340000,1
1499197440000,1499197499000,1.29202,1.29218,1.29192,1.29218,153690000,1
1499197500000,1499197559000,1.29218,1.2922,1.29215,1.29215,72460000,1
1499197560000,1499197619000,1.29216,1.29216,1.29215,1.29215,83590000,1
1499197620000,1499197679000,1.29215,1.29215,1.29212,1.29215,59210000,1
1499197680000,1499197739000,1.29215,1.29215,1.29215,1.29215,42600000,1
1499197740000,1499197799000,1.29215,1.29216,1.29212,1.29216,47970000,1
1499197800000,1499197859000,1.29215,1.29216,1.29208,1.29209,43120000,1
1499197860000,1499197919000,1.29209,1.2921,1.29198,1.29209,168410000,1
1499197920000,1499197979000,1.29208,1.29217,1.29201,1.29212,191700000,1
1499197980000,1499198039000,1.29213,1.29217,1.29196,1.29208,245600000,1
1499198040000,1499198099000,1.29211,1.29223,1.29208,1.29217,137350000,1
1499198100000,1499198159000,1.29217,1.29224,1.29205,1.29205,78940000,1
1499198160000,1499198219000,1.29204,1.29204,1.29194,1.292,68210000,1
1499198220000,1499198279000,1.292,1.29211,1.292,1.2921,32680000,1
1499198280000,1499198339000,1.29211,1.29211,1.29208,1.29208,31460000,1
1499198340000,1499198399000,1.29207,1.29207,1.29202,1.29203,58750000,1
1499198400000,1499198459000,1.29204,1.29211,1.292,1.292,118010000,1
1499198460000,1499198519000,1.292,1.29202,1.292,1.292,113570000,1
1499198520000,1499198579000,1.292,1.29202,1.292,1.29201,99270000,1
1499198580000,1499198639000,1.29201,1.29203,1.292,1.292,91730000,1
1499198640000,1499198699000,1.292,1.29209,1.292,1.29201,133830000,1
1499198700000,1499198759000,1.29201,1.29248,1.292,1.29203,169760000,1
1499198760000,1499198819000,1.29203,1.29228,1.292,1.29216,107320000,1
1499198820000,1499198879000,1.29216,1.29216,1.292,1.292,64510000,1
1499198880000,1499198939000,1.292,1.29226,1.292,1.29208,142020000,1
1499198940000,1499198999000,1.29208,1.29218,1.29205,1.29217,76120000,1
1499199000000,1499199059000,1.29219,1.29223,1.292,1.292,37550000,1
1499199060000,1499199119000,1.292,1.29209,1.29184,1.29204,100580000,1
1499199120000,1499199179000,1.29207,1.29228,1.29194,1.29194,99860000,1
1499199180000,1499199239000,1.29193,1.2923,1.29183,1.29219,140390000,1
1499199240000,1499199299000,1.29219,1.29228,1.29219,1.29222,61280000,1
1499199300000,1499199359000,1.29221,1.29228,1.29199,1.29203,68840000,1
1499199360000,1499199419000,1.29203,1.29211,1.29179,1.29191,153820000,1
1499199420000,1499199479000,1.29186,1.2919,1.29182,1.29182,25180000,1
1499199480000,1499199539000,1.29183,1.29202,1.29179,1.29197,80900000,1
1499199540000,1499199599000,1.29198,1.2921,1.29188,1.2921,104670000,1
1499199600000,1499199659000,1.2921,1.2921,1.29181,1.2919,57860000,1
1499199660000,1499199719000,1.29191,1.29203,1.29188,1.29196,60610000,1
1499199720000,1499199779000,1.29196,1.29207,1.29191,1.29204,44120000,1
1499199780000,1499199839000,1.29203,1.29224,1.29196,1.29212,92880000,1
1499199840000,1499199899000,1.2921,1.29225,1.2918,1.29208,233060000,1
1499199900000,1499199959000,1.29208,1.2921,1.29205,1.2921,30940000,1
1499199960000,1499200019000,1.29207,1.29231,1.2918,1.2919,175350000,1
1499200020000,1499200079000,1.2919,1.29196,1.29185,1.29194,43570000,1
1499200080000,1499200139000,1.29194,1.29205,1.29173,1.29188,129610000,1
1499200140000,1499200199000,1.29191,1.29203,1.29177,1.29179,74780000,1
1499200200000,1499200259000,1.29178,1.29223,1.29178,1.29212,318260000,1
1499200260000,1499200319000,1.29212,1.29213,1.292,1.29203,251500000,1
1499200320000,1499200379000,1.29203,1.29203,1.29202,1.29203,62000000,1
1499200380000,1499200439000,1.29202,1.29203,1.29202,1.29202,116000000,1
1499200440000,1499200499000,1.29202,1.29217,1.2918,1.29203,360850000,1
1499200500000,1499200559000,1.29202,1.29204,1.29178,1.29196,113060000,1
1499200560000,1499200619000,1.29203,1.29204,1.29195,1.29197,27760000,1
1499200620000,1499200679000,1.29197,1.29212,1.29195,1.29201,96890000,1
1499200680000,1499200739000,1.29202,1.29202,1.29184,1.29193,110310000,1
1499200740000,1499200799000,1.29195,1.2921,1.29191,1.29194,56080000,1
1499200800000,1499200859000,1.29194,1.29194,1.29191,1.29191,46000000,1
1499200860000,1499200919000,1.29191,1.29197,1.29178,1.29192,111430000,1
1499200920000,1499200979000,1.29193,1.29196,1.29192,1.29194,187830000,1
1499200980000,1499201039000,1.29194,1.29197,1.29193,1.29195,237450000,1
1499201040000,1499201099000,1.29194,1.29197,1.29192,1.29194,253130000,1
1499201100000,1499201159000,1.29193,1.29194,1.29186,1.2919,254060000,1
1499201160000,1499201219000,1.29191,1.29197,1.29189,1.29194,213790000,1
1499201220000,1499201279000,1.29194,1.29196,1.29178,1.2918,252750000,1
1499201280000,1499201339000,1.2918,1.29182,1.29178,1.29178,128170000,1
1499201340000,1499201399000,1.29179,1.29187,1.29178,1.29186,205660000,1
1499201400000,1499201459000,1.29186,1.29188,1.29179,1.29188,257410000,1
1499201460000,1499201519000,1.29187,1.29192,1.29181,1.2919,182760000,1
1499201520000,1499201579000,1.2919,1.29194,1.29187,1.29192,247200000,1
1499201580000,1499201639000,1.29193,1.29194,1.2919,1.29193,304470000,1
1499201640000,1499201699000,1.29193,1.29197,1.29181,1.29182,431580000,1
1499201700000,1499201759000,1.29182,1.29192,1.29181,1.29181,202990000,1
1499201760000,1499201819000,1.29184,1.29201,1.29181,1.29193,120900000,1
1499201820000,1499201879000,1.29193,1.29195,1.2919,1.29191,55320000,1
1499201880000,1499201939000,1.29191,1.29194,1.2919,1.2919,173470000,1
1499201940000,1499201999000,1.2919,1.29192,1.29161,1.29162,28360000,1
1499202000000,1499202059000,1.29163,1.29164,1.29117,1.29156,9800000,1
1499202060000,1499202119000,1.2916,1.29177,1.29157,1.29177,5590000,1
1499202120000,1499202179000,1.29177,1.29177,1.29177,1.29177,1500000,1
1499202180000,1499202239000,1.2916,1.29199,1.29159,1.29199,3740000,1
1499202240000,1499202299000,1.29142,1.29159,1.29142,1.29159,7000000,1
1499202300000,1499202359000,1.29159,1.29198,1.29139,1.29197,31500000,1
1499202360000,1499202419000,1.29197,1.29197,1.29197,1.29197,15000000,1
1499202420000,1499202479000,1.29197,1.29197,1.29195,1.29196,32000000,1
1499202480000,1499202539000,1.29196,1.29196,1.29195,1.29195,52000000,1
1499202540000,1499202599000,1.29196,1.29199,1.29193,1.29197,8000000,1
1499202600000,1499202659000,1.29195,1.29205,1.29195,1.29198,21550000,1
1499202660000,1499202719000,1.292,1.29205,1.29197,1.29201,47260000,1
1499202720000,1499202779000,1.2922,1.2922,1.29196,1.29197,65010000,1
1499202780000,1499202839000,1.29197,1.29197,1.29195,1.29195,70320000,1
1499202840000,1499202899000,1.29196,1.29196,1.29195,1.29195,56120000,1
1499202900000,1499202959000,1.29196,1.29198,1.29195,1.29198,40940000,1
1499202960000,1499203019000,1.29195,1.29203,1.29195,1.29201,57340000,1
1499203020000,1499203079000,1.29196,1.29205,1.29195,1.29204,23600000,1
1499203080000,1499203139000,1.29204,1.29204,1.292,1.292,21060000,1
1499203140000,1499203199000,1.292,1.29203,1.29192,1.29196,41750000,1
1499203200000,1499203259000,1.29196,1.29216,1.29196,1.29201,54810000,1
1499203260000,1499203319000,1.29201,1.29216,1.29196,1.29196,27710000,1
1499203320000,1499203379000,1.29197,1.29204,1.29196,1.29203,26490000,1
1499203380000,1499203439000,1.29204,1.29204,1.292,1.29201,21000000,1
1499203440000,1499203499000,1.292,1.29207,1.292,1.29205,25000000,1
1499203500000,1499203559000,1.29204,1.2921,1.29203,1.29205,28000000,1
1499203560000,1499203619000,1.29204,1.29211,1.29199,1.29206,30490000,1
1499203620000,1499203679000,1.29204,1.29207,1.29204,1.29206,18000000,1
1499203680000,1499203739000,1.29209,1.29223,1.29203,1.29209,60230000,1
1499203740000,1499203799000,1.29211,1.29221,1.2921,1.2921,54420000,1
1499203800000,1499203859000,1.29205,1.29236,1.29201,1.29224,153880000,1
1499203860000,1499203919000,1.29224,1.29229,1.29193,1.29197,164180000,1
1499203920000,1499203979000,1.29197,1.29199,1.29195,1.29197,61800000,1
1499203980000,1499204039000,1.29197,1.292,1.29195,1.29197,87740000,1
1499204040000,1499204099000,1.29196,1.29203,1.29196,1.29201,70500000,1
1499204100000,1499204159000,1.29202,1.29202,1.29201,1.29201,60000000,1
1499204160000,1499204219000,1.29202,1.29205,1.29199,1.29205,78200000,1
1499204220000,1499204279000,1.29204,1.29204,1.29199,1.292,122950000,1
1499204280000,1499204339000,1.29201,1.29201,1.29199,1.292,92830000,1
1499204340000,1499204399000,1.29199,1.29201,1.29197,1.29199,177430000,1
1499204400000,1499204459000,1.29198,1.29226,1.29198,1.29205,145920000,1
1499204460000,1499204519000,1.29206,1.29228,1.292,1.292,196350000,1
1499204520000,1499204579000,1.292,1.29225,1.29199,1.29216,409910000,1
1499204580000,1499204639000,1.29218,1.2922,1.29212,1.2922,792280000,1
1499204640000,1499204699000,1.29219,1.2922,1.29206,1.29212,927600000,1
1499204700000,1499204759000,1.29212,1.29221,1.29206,1.2922,691660000,1
1499204760000,1499204819000,1.29219,1.29224,1.29203,1.29203,318860000,1
1499204820000,1499204879000,1.29204,1.29221,1.29202,1.29212,62740000,1
1499204880000,1499204939000,1.29211,1.29222,1.29205,1.29221,65940000,1
1499204940000,1499204999000,1.29221,1.29235,1.29208,1.29219,140030000,1
1499205000000,1499205059000,1.29221,1.29239,1.29196,1.29209,90050000,1
1499205060000,1499205119000,1.29209,1.2921,1.29209,1.2921,43190000,1
1499205120000,1499205179000,1.2921,1.2922,1.2921,1.29212,52100000,1
1499205180000,1499205239000,1.29213,1.29234,1.29212,1.29232,156000000,1
1499205240000,1499205299000,1.29231,1.29249,1.29228,1.2923,144490000,1
1499205300000,1499205359000,1.2923,1.2924,1.29226,1.29229,326350000,1
1499205360000,1499205419000,1.29237,1.2924,1.29225,1.29234,508010000,1
1499205420000,1499205479000,1.29232,1.29239,1.29227,1.2923,287450000,1
1499205480000,1499205539000,1.29231,1.2925,1.29227,1.29229,174680000,1
1499205540000,1499205599000,1.2923,1.29231,1.29225,1.29227,63190000,1
1499205600000,1499205659000,1.29228,1.29256,1.29213,1.29213,64070000,1
1499205660000,1499205719000,1.29217,1.29225,1.29211,1.29211,105660000,1
1499205720000,1499205779000,1.29211,1.29213,1.29209,1.29213,22620000,1
1499205780000,1499205839000,1.29212,1.29214,1.29211,1.29213,24190000,1
1499205840000,1499205899000,1.29212,1.29223,1.29211,1.29211,94850000,1
1499205900000,1499205959000,1.29211,1.29212,1.29207,1.29208,80580000,1
1499205960000,1499206019000,1.29208,1.29208,1.29207,1.29207,56960000,1
1499206020000,1499206079000,1.29207,1.29214,1.29207,1.2921,66840000,1
1499206080000,1499206139000,1.2921,1.29214,1.292,1.29201,65050000,1
1499206140000,1499206199000,1.292,1.292,1.29195,1.29195,107190000,1
1499206200000,1499206259000,1.29197,1.29199,1.29195,1.29198,80790000,1
1499206260000,1499206319000,1.29198,1.29199,1.29195,1.29196,88170000,1
1499206320000,1499206379000,1.29197,1.29199,1.29194,1.29197,119790000,1
1499206380000,1499206439000,1.29198,1.29198,1.29194,1.29195,118390000,1
1499206440000,1499206499000,1.29195,1.29198,1.29194,1.29198,105650000,1
1499206500000,1499206559000,1.29197,1.29199,1.29195,1.29196,132040000,1
1499206560000,1499206619000,1.29195,1.29198,1.29194,1.29195,102760000,1
1499206620000,1499206679000,1.29194,1.29208,1.29194,1.29202,99700000,1
1499206680000,1499206739000,1.29202,1.29206,1.29202,1.29205,48080000,1
1499206740000,1499206799000,1.29205,1.29206,1.29204,1.29206,20650000,1
1499206800000,1499206859000,1.29206,1.29207,1.29205,1.29207,20210000,1
1499206860000,1499206919000,1.2921,1.29217,1.29209,1.29216,28530000,1
1499206920000,1499206979000,1.29215,1.29216,1.29215,1.29216,79660000,1
1499206980000,1499207039000,1.29216,1.29217,1.29215,1.29216,90300000,1
1499207040000,1499207099000,1.29216,1.29216,1.29213,1.29215,75160000,1
1499207100000,1499207159000,1.29215,1.29216,1.29215,1.29216,68680000,1
1499207160000,1499207219000,1.29219,1.29232,1.29218,1.2923,86930000,1
1499207220000,1499207279000,1.29229,1.29234,1.29229,1.29232,137280000,1
1499207280000,1499207339000,1.29232,1.29273,1.29231,1.29268,156840000,1
1499207340000,1499207399000,1.29267,1.29271,1.29263,1.29268,190170000,1
1499207400000,1499207459000,1.29267,1.29267,1.29216,1.29221,135240000,1
1499207460000,1499207519000,1.29222,1.29225,1.29217,1.29217,123340000,1
1499207520000,1499207579000,1.29217,1.29222,1.29217,1.29222,54310000,1
1499207580000,1499207639000,1.29219,1.29224,1.29219,1.2922,55060000,1
1499207640000,1499207699000,1.29223,1.29225,1.2922,1.29225,66450000,1
1499207700000,1499207759000,1.29225,1.29227,1.29224,1.29224,77840000,1
1499207760000,1499207819000,1.29224,1.29239,1.29224,1.29235,137390000,1
1499207820000,1499207879000,1.29236,1.29243,1.29236,1.29242,169800000,1
1499207880000,1499207939000,1.29242,1.29243,1.29238,1.2924,101300000,1
1499207940000,1499207999000,1.2924,1.29241,1.29236,1.29238,111030000,1
1499208000000,1499208059000,1.29238,1.29238,1.29236,1.29238,173790000,1
1499208060000,1499208119000,1.29237,1.29238,1.29236,1.29237,132260000,1
1499208120000,1499208179000,1.29238,1.29238,1.29236,1.29236,156440000,1
1499208180000,1499208239000,1.29236,1.29236,1.29235,1.29235,76840000,1
1499208240000,1499208299000,1.29235,1.2924,1.29234,1.29239,38280000,1
1499208300000,1499208359000,1.29239,1.29239,1.29236,1.29238,63250000,1
1499208360000,1499208419000,1.29239,1.29247,1.29237,1.29247,38310000,1
1499208420000,1499208479000,1.29248,1.29266,1.29248,1.29266,84780000,1
1499208480000,1499208539000,1.29265,1.29267,1.29263,1.29265,75220000,1
1499208540000,1499208599000,1.29264,1.29269,1.29263,1.29266,27670000,1
1499208600000,1499208659000,1.29267,1.29268,1.29267,1.29268,57580000,1
1499208660000,1499208719000,1.29268,1.29268,1.29262,1.29267,49400000,1
1499208720000,1499208779000,1.29268,1.29268,1.29267,1.29268,21320000,1
1499208780000,1499208839000,1.29267,1.29268,1.29267,1.29268,39780000,1
1499208840000,1499208899000,1.29267,1.29268,1.29267,1.29268,40370000,1
1499208900000,1499208959000,1.29268,1.29269,1.29268,1.29269,34550000,1
1499208960000,1499209019000,1.29267,1.29269,1.29266,1.29269,77580000,1
1499209020000,1499209079000,1.29269,1.29269,1.29265,1.29267,67530000,1
1499209080000,1499209139000,1.29267,1.29271,1.29267,1.2927,55650000,1
1499209140000,1499209199000,1.2927,1.29272,1.29267,1.29272,53010000,1
1499209200000,1499209259000,1.2927,1.29273,1.29268,1.29268,40480000,1
1499209260000,1499209319000,1.29268,1.29273,1.29263,1.29269,45940000,1
1499209320000,1499209379000,1.2927,1.2927,1.29269,1.2927,35970000,1
1499209380000,1499209439000,1.2927,1.2927,1.29269,1.2927,45360000,1
1499209440000,1499209499000,1.2927,1.2927,1.29269,1.29269,34350000,1
1499209500000,1499209559000,1.29269,1.29273,1.29263,1.29263,24800000,1
1499209560000,1499209619000,1.29263,1.29264,1.29258,1.29258,57480000,1
1499209620000,1499209679000,1.29258,1.29283,1.29258,1.29282,42740000,1
1499209680000,1499209739000,1.29282,1.29283,1.2927,1.2927,52870000,1
1499209740000,1499209799000,1.29272,1.29273,1.29262,1.29272,54340000,1
1499209800000,1499209859000,1.29272,1.29273,1.29269,1.29271,44370000,1
1499209860000,1499209919000,1.29272,1.29272,1.29267,1.29271,23360000,1
1499209920000,1499209979000,1.29271,1.29272,1.29271,1.29271,27690000,1
1499209980000,1499210039000,1.29271,1.29272,1.29271,1.29271,27180000,1
1499210040000,1499210099000,1.29272,1.29273,1.29271,1.29273,25100000,1
1499210100000,1499210159000,1.29273,1.29278,1.29273,1.29277,24970000,1
1499210160000,1499210219000,1.29277,1.29278,1.29277,1.29278,33360000,1
1499210220000,1499210279000,1.29277,1.29281,1.29277,1.29277,27500000,1
1499210280000,1499210339000,1.29278,1.29283,1.29277,1.29282,39200000,1
1499210340000,1499210399000,1.29282,1.29283,1.29282,1.29282,10500000,1
1499210400000,1499210459000,1.29282,1.29283,1.29274,1.29282,47110000,1
1499210460000,1499210519000,1.29282,1.29283,1.29281,1.29281,26540000,1
1499210520000,1499210579000,1.29282,1.29282,1.29279,1.29279,25320000,1
1499210580000,1499210639000,1.29279,1.29283,1.29277,1.29282,24740000,1
1499210640000,1499210699000,1.29281,1.29281,1.29278,1.29281,13930000,1
1499210700000,1499210759000,1.29281,1.29281,1.29279,1.29279,18070000,1
1499210760000,1499210819000,1.29279,1.2928,1.29279,1.2928,11560000,1
1499210820000,1499210879000,1.2928,1.29296,1.2928,1.29294,75730000,1
1499210880000,1499210939000,1.29294,1.29296,1.29293,1.29295,142170000,1
1499210940000,1499210999000,1.29293,1.29298,1.29293,1.29298,158160000,1
1499211000000,1499211059000,1.29297,1.29314,1.29296,1.29314,94370000,1
1499211060000,1499211119000,1.29314,1.29323,1.29312,1.29323,25650000,1
1499211120000,1499211179000,1.29322,1.29323,1.2932,1.29322,21490000,1
1499211180000,1499211239000,1.2932,1.29321,1.2932,1.29321,3250000,1
1499211240000,1499211299000,1.29322,1.29322,1.29313,1.29313,20490000,1
1499211300000,1499211359000,1.29313,1.29314,1.29312,1.29313,36070000,1
1499211360000,1499211419000,1.29313,1.29316,1.29312,1.29312,16850000,1
1499211420000,1499211479000,1.29312,1.29323,1.29312,1.29322,29170000,1
1499211480000,1499211539000,1.29323,1.29323,1.29321,1.29322,24540000,1
1499211540000,1499211599000,1.29322,1.29322,1.29312,1.29312,44810000,1
1499211600000,1499211659000,1.29311,1.29316,1.29311,1.29313,28820000,1
1499211660000,1499211719000,1.29313,1.29323,1.29313,1.29323,33360000,1
1499211720000,1499211779000,1.29323,1.29323,1.29322,1.29323,10600000,1
1499211780000,1499211839000,1.29323,1.29323,1.2932,1.29321,17170000,1
1499211840000,1499211899000,1.29324,1.29358,1.29324,1.29356,74140000,1
1499211900000,1499211959000,1.29356,1.29356,1.29342,1.29343,52020000,1
1499211960000,1499212019000,1.29343,1.29344,1.2934,1.29343,20910000,1
1499212020000,1499212079000,1.29343,1.29344,1.2934,1.2934,15490000,1
1499212080000,1499212139000,1.2934,1.29344,1.2934,1.29344,12480000,1
1499212140000,1499212199000,1.29344,1.29344,1.29336,1.29336,18990000,1
1499212200000,1499212259000,1.29335,1.2934,1.29332,1.2934,138300000,1
1499212260000,1499212319000,1.2934,1.29342,1.29333,1.29333,105020000,1
1499212320000,1499212379000,1.29333,1.29345,1.29332,1.29343,120350000,1
1499212380000,1499212439000,1.29344,1.29352,1.29343,1.29352,39060000,1
1499212440000,1499212499000,1.29354,1.29357,1.29351,1.29357,35100000,1
1499212500000,1499212559000,1.29357,1.29357,1.29351,1.29353,33310000,1
1499212560000,1499212619000,1.29353,1.29354,1.29353,1.29354,37700000,1
1499212620000,1499212679000,1.29353,1.29354,1.29353,1.29354,23360000,1
1499212680000,1499212739000,1.29354,1.29355,1.29353,1.29353,32160000,1
1499212740000,1499212799000,1.29353,1.29353,1.29351,1.29351,15320000,1
1499212800000,1499212859000,1.29352,1.29354,1.2934,1.29351,167610000,1
1499212860000,1499212919000,1.29351,1.2936,1.2935,1.29354,86070000,1
1499212920000,1499212979000,1.29357,1.29363,1.29351,1.29363,100080000,1
1499212980000,1499213039000,1.29363,1.29363,1.2935,1.29359,92950000,1
1499213040000,1499213099000,1.29359,1.29363,1.29359,1.29362,68710000,1
1499213100000,1499213159000,1.29362,1.29364,1.29359,1.29364,44000000,1
1499213160000,1499213219000,1.29364,1.29365,1.29362,1.29364,19000000,1
1499213220000,1499213279000,1.29364,1.29365,1.29362,1.29363,33250000,1
1499213280000,1499213339000,1.29363,1.29382,1.29363,1.29382,102480000,1
1499213340000,1499213399000,1.29382,1.29384,1.29382,1.29382,64470000,1
1499213400000,1499213459000,1.29383,1.29391,1.29382,1.2939,65610000,1
1499213460000,1499213519000,1.2939,1.29392,1.29389,1.29391,43210000,1
1499213520000,1499213579000,1.29391,1.29394,1.29389,1.29393,65250000,1
1499213580000,1499213639000,1.29393,1.29398,1.29382,1.29389,106210000,1
1499213640000,1499213699000,1.29389,1.29394,1.29389,1.29392,65170000,1
1499213700000,1499213759000,1.29392,1.29393,1.29386,1.29388,105030000,1
1499213760000,1499213819000,1.29387,1.29387,1.29381,1.29382,62970000,1
1499213820000,1499213879000,1.29383,1.29383,1.2937,1.29372,34630000,1
1499213880000,1499213939000,1.29373,1.29373,1.29367,1.29368,100570000,1
1499213940000,1499213999000,1.29367,1.29373,1.29367,1.29372,163970000,1
1499214000000,1499214059000,1.29373,1.29377,1.2937,1.29373,190000000,1
1499214060000,1499214119000,1.29372,1.29383,1.29372,1.29383,86750000,1
1499214120000,1499214179000,1.29383,1.29385,1.29383,1.29384,95250000,1
1499214180000,1499214239000,1.29384,1.29388,1.29383,1.29383,64170000,1
1499214240000,1499214299000,1.29383,1.29383,1.29382,1.29383,91120000,1
1499214300000,1499214359000,1.29383,1.29385,1.29382,1.29382,38740000,1
1499214360000,1499214419000,1.29383,1.29386,1.29372,1.29382,111930000,1
1499214420000,1499214479000,1.29382,1.29387,1.29382,1.29382,51680000,1
1499214480000,1499214539000,1.29383,1.29393,1.29382,1.29393,51840000,1
1499214540000,1499214599000,1.29391,1.29392,1.29387,1.29388,32100000,1
1499214600000,1499214659000,1.29387,1.29388,1.29382,1.29382,44050000,1
1499214660000,1499214719000,1.29383,1.29383,1.29372,1.29373,74860000,1
1499214720000,1499214779000,1.29373,1.29373,1.2936,1.29361,134890000,1
1499214780000,1499214839000,1.29361,1.29363,1.29361,1.29362,51190000,1
1499214840000,1499214899000,1.29361,1.29364,1.29359,1.29364,30860000,1
1499214900000,1499214959000,1.29364,1.29364,1.2936,1.2936,20610000,1
1499214960000,1499215019000,1.2936,1.29362,1.29359,1.2936,30130000,1
1499215020000,1499215079000,1.29357,1.29363,1.29357,1.29363,34460000,1
1499215080000,1499215139000,1.29362,1.29363,1.29348,1.29351,72940000,1
1499215140000,1499215199000,1.29351,1.29363,1.29351,1.29361,65830000,1
1499215200000,1499215259000,1.2936,1.2936,1.2935,1.29354,40100000,1
1499215260000,1499215319000,1.29352,1.29354,1.29351,1.29351,29250000,1
1499215320000,1499215379000,1.29351,1.29351,1.29337,1.29343,71950000,1
1499215380000,1499215439000,1.29343,1.29343,1.29342,1.29342,25500000,1
1499215440000,1499215499000,1.29342,1.29343,1.29341,1.29341,26110000,1
1499215500000,1499215559000,1.29342,1.29343,1.29342,1.29342,17620000,1
1499215560000,1499215619000,1.29343,1.29343,1.29342,1.29342,16690000,1
1499215620000,1499215679000,1.29343,1.29343,1.29331,1.29336,40790000,1
1499215680000,1499215739000,1.29335,1.29335,1.29328,1.29329,55410000,1
1499215740000,1499215799000,1.29328,1.29337,1.29328,1.29332,116060000,1
1499215800000,1499215859000,1.2933,1.29337,1.29328,1.29329,124120000,1
1499215860000,1499215919000,1.29328,1.29338,1.29328,1.29338,145690000,1
1499215920000,1499215979000,1.29337,1.29342,1.29337,1.29342,86660000,1
1499215980000,1499216039000,1.29342,1.29362,1.29342,1.29357,91540000,1
1499216040000,1499216099000,1.29358,1.29372,1.29356,1.29372,78710000,1
1499216100000,1499216159000,1.29372,1.2938,1.29358,1.29359,74290000,1
1499216160000,1499216219000,1.29358,1.29371,1.29356,1.29356,70250000,1
1499216220000,1499216279000,1.29357,1.29368,1.29346,1.29347,76060000,1
1499216280000,1499216339000,1.29347,1.2935,1.29341,1.29341,28540000,1
1499216340000,1499216399000,1.29341,1.29342,1.29341,1.29342,14000000,1
1499216400000,1499216459000,1.2934,1.29341,1.29336,1.2934,29610000,1
1499216460000,1499216519000,1.29339,1.29343,1.29339,1.29342,25320000,1
1499216520000,1499216579000,1.29342,1.29371,1.29342,1.29358,48490000,1
1499216580000,1499216639000,1.29358,1.29381,1.29357,1.29373,74730000,1
1499216640000,1499216699000,1.29373,1.29377,1.29355,1.29365,70970000,1
1499216700000,1499216759000,1.29364,1.29377,1.29364,1.29368,72680000,1
1499216760000,1499216819000,1.29369,1.29377,1.29356,1.29357,118650000,1
1499216820000,1499216879000,1.29356,1.29364,1.29346,1.29356,47160000,1
1499216880000,1499216939000,1.29356,1.29363,1.29356,1.2936,15000000,1
1499216940000,1499216999000,1.29361,1.29362,1.2936,1.29362,6000000,1
1499217000000,1499217059000,1.29361,1.29362,1.29346,1.29349,49520000,1
1499217060000,1499217119000,1.29349,1.2935,1.29347,1.29347,44630000,1
1499217120000,1499217179000,1.29347,1.29351,1.29347,1.29348,54010000,1
1499217180000,1499217239000,1.29347,1.29349,1.29347,1.29347,33590000,1
1499217240000,1499217299000,1.29346,1.29348,1.29346,1.29346,22750000,1
1499217300000,1499217359000,1.29346,1.29348,1.29346,1.29348,32950000,1
1499217360000,1499217419000,1.29347,1.29348,1.29346,1.29348,22230000,1
1499217420000,1499217479000,1.2935,1.29352,1.29349,1.29349,12850000,1
1499217480000,1499217539000,1.2935,1.29357,1.29348,1.29354,47030000,1
1499217540000,1499217599000,1.29354,1.29355,1.29346,1.29346,39710000,1
1499217600000,1499217659000,1.29346,1.29349,1.29346,1.29349,13550000,1
1499217660000,1499217719000,1.29349,1.29353,1.29332,1.29332,101470000,1
1499217720000,1499217779000,1.29334,1.2934,1.29329,1.29338,35140000,1
1499217780000,1499217839000,1.29338,1.29348,1.29338,1.29348,28920000,1
1499217840000,1499217899000,1.29347,1.29348,1.29342,1.29342,22490000,1
1499217900000,1499217959000,1.29342,1.29348,1.29342,1.29343,37290000,1
1499217960000,1499218019000,1.29342,1.29343,1.29336,1.29339,31350000,1
1499218020000,1499218079000,1.29344,1.29353,1.2934,1.29342,72770000,1
1499218080000,1499218139000,1.29338,1.29338,1.29325,1.29326,69290000,1
1499218140000,1499218199000,1.29327,1.29343,1.29326,1.29338,124150000,1
1499218200000,1499218259000,1.29337,1.29341,1.29337,1.29338,68410000,1
1499218260000,1499218319000,1.2934,1.29348,1.29338,1.29341,134180000,1
1499218320000,1499218379000,1.29341,1.29361,1.2934,1.29361,51950000,1
1499218380000,1499218439000,1.29361,1.2937,1.29361,1.2937,39740000,1
1499218440000,1499218499000,1.2937,1.29371,1.29362,1.29362,110100000,1
1499218500000,1499218559000,1.29363,1.29374,1.29362,1.29373,23000000,1
1499218560000,1499218619000,1.29372,1.29383,1.29364,1.29364,94800000,1
1499218620000,1499218679000,1.29364,1.29373,1.2936,1.29373,58740000,1
1499218680000,1499218739000,1.29372,1.29382,1.29372,1.29373,45310000,1
1499218740000,1499218799000,1.29379,1.29383,1.29371,1.29372,85520000,1
1499218800000,1499218859000,1.29372,1.29375,1.29364,1.29374,75380000,1
1499218860000,1499218919000,1.29374,1.29383,1.29367,1.29369,91780000,1
1499218920000,1499218979000,1.2937,1.29383,1.29362,1.29373,84170000,1
1499218980000,1499219039000,1.29377,1.29385,1.29368,1.29383,81150000,1
1499219040000,1499219099000,1.2938,1.29392,1.2938,1.2939,38560000,1
1499219100000,1499219159000,1.29389,1.2939,1.29372,1.2938,66030000,1
1499219160000,1499219219000,1.29378,1.29384,1.29375,1.29383,52100000,1
1499219220000,1499219279000,1.29383,1.29389,1.29382,1.29389,117970000,1
1499219280000,1499219339000,1.29389,1.29393,1.29389,1.2939,171390000,1
1499219340000,1499219399000,1.2939,1.29392,1.29389,1.29391,139320000,1
1499219400000,1499219459000,1.29391,1.29403,1.2939,1.29403,95990000,1
1499219460000,1499219519000,1.29402,1.29403,1.29402,1.29403,36440000,1
1499219520000,1499219579000,1.29403,1.29405,1.29401,1.29402,64500000,1
1499219580000,1499219639000,1.29402,1.29424,1.29402,1.29423,77420000,1
1499219640000,1499219699000,1.29423,1.29445,1.29423,1.29442,56810000,1
1499219700000,1499219759000,1.29443,1.29444,1.29433,1.29436,118050000,1
1499219760000,1499219819000,1.29436,1.29438,1.29432,1.29433,110220000,1
1499219820000,1499219879000,1.29432,1.29441,1.29421,1.29436,80280000,1
1499219880000,1499219939000,1.29436,1.29444,1.29432,1.29433,93460000,1
1499219940000,1499219999000,1.29433,1.29475,1.29433,1.2945,112710000,1
1499220000000,1499220059000,1.2945,1.29468,1.29447,1.29454,148600000,1
1499220060000,1499220119000,1.29453,1.29467,1.29447,1.29453,109340000,1
1499220120000,1499220179000,1.29452,1.29458,1.2944,1.2945,129420000,1
1499220180000,1499220239000,1.2945,1.29468,1.29448,1.29448,124310000,1
1499220240000,1499220299000,1.29449,1.29469,1.29449,1.29457,80580000,1
1499220300000,1499220359000,1.29457,1.29463,1.29448,1.29462,92940000,1
1499220360000,1499220419000,1.29463,1.29463,1.29451,1.29451,77620000,1
1499220420000,1499220479000,1.29451,1.29451,1.29447,1.29449,47110000,1
1499220480000,1499220539000,1.29449,1.29476,1.29447,1.29475,107210000,1
1499220540000,1499220599000,1.29476,1.29476,1.29457,1.29459,94110000,1
1499220600000,1499220659000,1.29458,1.29459,1.29455,1.29456,40390000,1
1499220660000,1499220719000,1.29457,1.29458,1.29448,1.2945,35710000,1
1499220720000,1499220779000,1.2945,1.29451,1.29448,1.29448,37730000,1
1499220780000,1499220839000,1.29447,1.29448,1.2944,1.2944,41160000,1
1499220840000,1499220899000,1.29437,1.29437,1.29426,1.29431,61740000,1
1499220900000,1499220959000,1.2943,1.29431,1.29407,1.29408,83790000,1
1499220960000,1499221019000,1.29408,1.29431,1.29408,1.29431,43870000,1
1499221020000,1499221079000,1.2943,1.29442,1.2943,1.29431,35120000,1
1499221080000,1499221139000,1.29431,1.29432,1.29418,1.29418,37200000,1
1499221140000,1499221199000,1.29418,1.29419,1.29409,1.29417,51000000,1
1499221200000,1499221259000,1.29417,1.29422,1.29415,1.29419,51940000,1
1499221260000,1499221319000,1.29419,1.29421,1.29416,1.29421,60200000,1
1499221320000,1499221379000,1.2942,1.29424,1.2942,1.29424,30790000,1
1499221380000,1499221439000,1.29423,1.29423,1.2942,1.29421,22000000,1
1499221440000,1499221499000,1.29423,1.2944,1.29423,1.29438,48740000,1
1499221500000,1499221559000,1.29438,1.29438,1.29433,1.29436,28580000,1
1499221560000,1499221619000,1.29436,1.29441,1.29436,1.2944,54970000,1
1499221620000,1499221679000,1.2944,1.29441,1.2944,1.29441,25470000,1
1499221680000,1499221739000,1.29441,1.29441,1.2944,1.2944,19850000,1
1499221740000,1499221799000,1.2944,1.29449,1.2944,1.29448,51330000,1
1499221800000,1499221859000,1.29448,1.2945,1.29446,1.29449,62050000,1
1499221860000,1499221919000,1.29449,1.2945,1.29449,1.2945,13560000,1
1499221920000,1499221979000,1.2945,1.2945,1.29449,1.29449,19850000,1
1499221980000,1499222039000,1.2945,1.2945,1.2945,1.2945,20200000,1
1499222040000,1499222099000,1.29449,1.2945,1.29447,1.2945,31960000,1
1499222100000,1499222159000,1.29449,1.2945,1.29447,1.2945,68850000,1
1499222160000,1499222219000,1.29447,1.2945,1.29443,1.29444,46420000,1
1499222220000,1499222279000,1.29444,1.29448,1.29432,1.29442,58570000,1
1499222280000,1499222339000,1.29441,1.29442,1.29441,1.29441,57690000,1
1499222340000,1499222399000,1.29441,1.29442,1.29441,1.29442,46280000,1
1499222400000,1499222459000,1.29442,1.29444,1.29441,1.29442,56570000,1
1499222460000,1499222519000,1.29442,1.29443,1.29441,1.29441,31210000,1
1499222520000,1499222579000,1.2944,1.29441,1.29429,1.29431,59840000,1
1499222580000,1499222639000,1.29431,1.29436,1.29431,1.29431,37000000,1
1499222640000,1499222699000,1.29431,1.29432,1.29431,1.29431,27460000,1
1499222700000,1499222759000,1.29431,1.29432,1.29431,1.29432,15100000,1
1499222760000,1499222819000,1.29431,1.29432,1.29431,1.29432,11110000,1
1499222820000,1499222879000,1.29432,1.29433,1.29431,1.29431,15230000,1
1499222880000,1499222939000,1.29431,1.29431,1.29418,1.29422,25670000,1
1499222940000,1499222999000,1.29421,1.29424,1.29418,1.2942,34000000,1
1499223000000,1499223059000,1.29419,1.29419,1.29413,1.29413,26000000,1
1499223060000,1499223119000,1.29412,1.29414,1.29404,1.29414,21500000,1
1499223120000,1499223179000,1.29412,1.29414,1.29408,1.2941,78900000,1
1499223180000,1499223239000,1.29411,1.29411,1.29409,1.2941,44360000,1
1499223240000,1499223299000,1.2941,1.2941,1.29409,1.2941,7730000,1
1499223300000,1499223359000,1.29409,1.29411,1.29409,1.2941,24910000,1
1499223360000,1499223419000,1.2941,1.29411,1.2941,1.2941,24860000,1
1499223420000,1499223479000,1.29411,1.29411,1.29409,1.29411,19360000,1
1499223480000,1499223539000,1.29411,1.29411,1.29388,1.2939,33780000,1
1499223540000,1499223599000,1.29391,1.29391,1.29368,1.29368,130600000,1
1499223600000,1499223659000,1.29368,1.29372,1.29357,1.29372,122680000,1
1499223660000,1499223719000,1.29373,1.29373,1.29366,1.29373,34120000,1
1499223720000,1499223779000,1.29373,1.29373,1.29367,1.29371,90490000,1
1499223780000,1499223839000,1.29371,1.29373,1.29363,1.29371,65520000,1
1499223840000,1499223899000,1.29371,1.29382,1.29371,1.29381,44480000,1
1499223900000,1499223959000,1.29381,1.29381,1.29362,1.29363,54410000,1
1499223960000,1499224019000,1.29363,1.29374,1.29363,1.29363,211140000,1
1499224020000,1499224079000,1.29363,1.29373,1.29362,1.29364,99530000,1
1499224080000,1499224139000,1.29364,1.29364,1.29357,1.29358,66700000,1
1499224140000,1499224199000,1.29362,1.29376,1.29357,1.29376,71740000,1
1499224200000,1499224259000,1.29374,1.29374,1.29366,1.2937,45300000,1
1499224260000,1499224319000,1.2937,1.29384,1.29369,1.29384,276910000,1
1499224320000,1499224379000,1.29382,1.29395,1.2938,1.29394,50920000,1
1499224380000,1499224439000,1.29394,1.29394,1.2939,1.29391,19000000,1
1499224440000,1499224499000,1.2939,1.2939,1.29385,1.29386,12000000,1
1499224500000,1499224559000,1.29386,1.29386,1.29383,1.29384,39440000,1
1499224560000,1499224619000,1.29384,1.29384,1.29383,1.29383,19500000,1
1499224620000,1499224679000,1.29383,1.29383,1.29382,1.29382,14450000,1
1499224680000,1499224739000,1.29379,1.29381,1.29378,1.29378,13370000,1
1499224740000,1499224799000,1.29378,1.29384,1.29375,1.29383,51370000,1
1499224800000,1499224859000,1.29383,1.29385,1.29381,1.29381,34680000,1
1499224860000,1499224919000,1.29381,1.29384,1.29381,1.29382,32090000,1
1499224920000,1499224979000,1.29382,1.29394,1.29382,1.29393,42830000,1
1499224980000,1499225039000,1.29394,1.29394,1.29385,1.2939,45910000,1
1499225040000,1499225099000,1.2939,1.29391,1.2939,1.29391,39680000,1
1499225100000,1499225159000,1.29391,1.29391,1.2939,1.2939,18680000,1
1499225160000,1499225219000,1.2939,1.29391,1.2939,1.29391,16730000,1
1499225220000,1499225279000,1.29391,1.29391,1.2939,1.2939,21600000,1
1499225280000,1499225339000,1.2939,1.29393,1.2939,1.29393,32740000,1
1499225340000,1499225399000,1.29393,1.29404,1.29392,1.29404,26020000,1
1499225400000,1499225459000,1.29404,1.29404,1.29398,1.29398,28210000,1
1499225460000,1499225519000,1.29397,1.29398,1.29394,1.29398,22070000,1
1499225520000,1499225579000,1.29398,1.29398,1.29384,1.29384,27870000,1
1499225580000,1499225639000,1.29386,1.29389,1.29371,1.29371,54910000,1
1499225640000,1499225699000,1.29371,1.29374,1.29354,1.29363,51420000,1
1499225700000,1499225759000,1.29362,1.29364,1.29352,1.29352,60110000,1
1499225760000,1499225819000,1.29352,1.29354,1.29352,1.29353,88790000,1
1499225820000,1499225879000,1.29353,1.29354,1.29352,1.29352,28950000,1
1499225880000,1499225939000,1.29352,1.29357,1.29352,1.29352,43070000,1
1499225940000,1499225999000,1.29352,1.29357,1.29351,1.29351,194190000,1
1499226000000,1499226059000,1.29351,1.29351,1.2935,1.2935,39220000,1
1499226060000,1499226119000,1.2935,1.29353,1.2935,1.2935,120520000,1
1499226120000,1499226179000,1.2935,1.29354,1.2935,1.2935,59860000,1
1499226180000,1499226239000,1.29349,1.2935,1.29349,1.2935,21360000,1
1499226240000,1499226299000,1.29351,1.29351,1.29348,1.2935,50150000,1
1499226300000,1499226359000,1.2935,1.2935,1.29338,1.29338,42690000,1
1499226360000,1499226419000,1.29337,1.29338,1.29329,1.29334,102620000,1
1499226420000,1499226479000,1.29333,1.29334,1.29328,1.29331,64870000,1
1499226480000,1499226539000,1.29331,1.29338,1.2932,1.2932,62920000,1
1499226540000,1499226599000,1.2932,1.2932,1.29311,1.29311,62720000,1
1499226600000,1499226659000,1.29309,1.29312,1.29309,1.2931,27580000,1
1499226660000,1499226719000,1.2931,1.29318,1.29309,1.29315,105120000,1
1499226720000,1499226779000,1.29315,1.29318,1.29315,1.29316,62440000,1
1499226780000,1499226839000,1.29316,1.29321,1.29316,1.29321,128720000,1
1499226840000,1499226899000,1.2932,1.29321,1.29315,1.29318,947800000,1
1499226900000,1499226959000,1.29318,1.2932,1.2931,1.2931,419550000,1
1499226960000,1499227019000,1.2931,1.29315,1.29308,1.29312,86140000,1
1499227020000,1499227079000,1.29312,1.29313,1.29309,1.29309,62040000,1
1499227080000,1499227139000,1.29311,1.29318,1.2931,1.29318,55970000,1
1499227140000,1499227199000,1.29321,1.29321,1.29319,1.29321,60820000,1
1499227200000,1499227259000,1.29321,1.29332,1.29321,1.29322,46060000,1
1499227260000,1499227319000,1.29322,1.29322,1.2932,1.2932,46720000,1
1499227320000,1499227379000,1.2932,1.29321,1.2932,1.2932,42190000,1
1499227380000,1499227439000,1.2932,1.29321,1.29312,1.2932,111740000,1
1499227440000,1499227499000,1.29318,1.2932,1.29317,1.29317,115690000,1
1499227500000,1499227559000,1.29317,1.2932,1.29316,1.29318,163500000,1
1499227560000,1499227619000,1.29319,1.29319,1.29315,1.29318,48740000,1
1499227620000,1499227679000,1.29317,1.2932,1.29316,1.29317,55020000,1
1499227680000,1499227739000,1.29317,1.29319,1.29317,1.29318,46090000,1
1499227740000,1499227799000,1.29318,1.29318,1.29315,1.29318,74330000,1
1499227800000,1499227859000,1.29316,1.29318,1.29316,1.29317,38100000,1
1499227860000,1499227919000,1.29317,1.29318,1.29317,1.29318,40380000,1
1499227920000,1499227979000,1.29317,1.29321,1.29317,1.29318,119880000,1
1499227980000,1499228039000,1.29318,1.29318,1.29317,1.29318,64970000,1
1499228040000,1499228099000,1.29318,1.2932,1.29318,1.29319,32640000,1
1499228100000,1499228159000,1.29319,1.2932,1.29319,1.2932,31180000,1
1499228160000,1499228219000,1.29319,1.29322,1.29319,1.29322,6000000,1
1499228220000,1499228279000,1.29322,1.29322,1.29321,1.29322,6000000,1
1499228280000,1499228339000,1.29322,1.29322,1.29319,1.29321,31690000,1
1499228340000,1499228399000,1.29321,1.29322,1.29321,1.29322,13000000,1
1499228400000,1499228459000,1.29322,1.29322,1.29321,1.29322,3000000,1
1499228460000,1499228519000,1.29322,1.29322,1.29322,1.29322,9000000,1
1499228520000,1499228579000,1.2932,1.2932,1.29306,1.2931,45490000,1
1499228580000,1499228639000,1.2931,1.2931,1.29297,1.29297,37100000,1
1499228640000,1499228699000,1.29297,1.293,1.29295,1.29299,66860000,1
1499228700000,1499228759000,1.29299,1.293,1.29231,1.29239,114580000,1
1499228760000,1499228819000,1.2924,1.29252,1.29239,1.29243,69540000,1
1499228820000,1499228879000,1.29243,1.29255,1.29238,1.29255,37180000,1
1499228880000,1499228939000,1.29255,1.29256,1.29255,1.29255,20250000,1
1499228940000,1499228999000,1.29256,1.29262,1.2925,1.29262,19180000,1
1499229000000,1499229059000,1.29261,1.29264,1.29261,1.29264,25440000,1
1499229060000,1499229119000,1.29263,1.29274,1.29263,1.29273,45190000,1
1499229120000,1499229179000,1.29274,1.29274,1.29273,1.29273,10600000,1
1499229180000,1499229239000,1.29274,1.29274,1.29273,1.29273,22800000,1
1499229240000,1499229299000,1.29274,1.29274,1.29271,1.29274,21500000,1
1499229300000,1499229359000,1.29273,1.29274,1.29271,1.29273,19500000,1
1499229360000,1499229419000,1.2927,1.2927,1.29264,1.29264,34510000,1
1499229420000,1499229479000,1.29264,1.29274,1.29264,1.29273,53190000,1
1499229480000,1499229539000,1.29273,1.29274,1.29263,1.29263,12800000,1
1499229540000,1499229599000,1.29264,1.29264,1.29261,1.29263,7430000,1
1499229600000,1499229659000,1.29263,1.29263,1.29253,1.29262,49880000,1
1499229660000,1499229719000,1.29258,1.29261,1.29257,1.29257,36060000,1
1499229720000,1499229779000,1.29257,1.2926,1.29255,1.29259,18380000,1
1499229780000,1499229839000,1.29259,1.2926,1.29259,1.2926,20570000,1
1499229840000,1499229899000,1.29258,1.2926,1.2925,1.2925,25840000,1
1499229900000,1499229959000,1.2925,1.29251,1.29247,1.29249,37540000,1
1499229960000,1499230019000,1.29249,1.29253,1.29246,1.2925,46650000,1
1499230020000,1499230079000,1.29248,1.29248,1.29227,1.29229,62840000,1
1499230080000,1499230139000,1.2923,1.29241,1.2923,1.2924,60580000,1
1499230140000,1499230199000,1.29242,1.29286,1.29242,1.29267,106740000,1
1499230200000,1499230259000,1.29267,1.29274,1.29251,1.29252,84230000,1
1499230260000,1499230319000,1.29252,1.29254,1.2925,1.2925,32400000,1
1499230320000,1499230379000,1.2925,1.2925,1.2925,1.2925,15310000,1
1499230380000,1499230439000,1.2925,1.29253,1.2925,1.29251,26380000,1
1499230440000,1499230499000,1.29251,1.29253,1.29251,1.29253,15220000,1
1499230500000,1499230559000,1.29253,1.29256,1.29253,1.29254,22990000,1
1499230560000,1499230619000,1.29253,1.29264,1.29252,1.29263,33990000,1
1499230620000,1499230679000,1.29263,1.29264,1.29244,1.29251,49910000,1
1499230680000,1499230739000,1.29251,1.29253,1.29232,1.29241,47120000,1
1499230740000,1499230799000,1.29241,1.29243,1.29241,1.29243,17250000,1
1499230800000,1499230859000,1.2924,1.29242,1.2924,1.2924,69860000,1
1499230860000,1499230919000,1.2924,1.29243,1.29238,1.29243,42630000,1
1499230920000,1499230979000,1.2924,1.2924,1.29232,1.29232,38570000,1
1499230980000,1499231039000,1.29233,1.29233,1.29231,1.29232,49070000,1
1499231040000,1499231099000,1.29232,1.29233,1.29232,1.29232,26620000,1
1499231100000,1499231159000,1.29233,1.29235,1.29233,1.29234,20610000,1
1499231160000,1499231219000,1.29233,1.29244,1.29233,1.29244,39940000,1
1499231220000,1499231279000,1.29244,1.29245,1.2921,1.29212,60080000,1
1499231280000,1499231339000,1.29213,1.29213,1.2921,1.2921,19170000,1
1499231340000,1499231399000,1.2921,1.2921,1.29179,1.29182,99290000,1
1499231400000,1499231459000,1.29182,1.29191,1.29182,1.29188,143130000,1
1499231460000,1499231519000,1.29189,1.29193,1.29187,1.29192,54230000,1
1499231520000,1499231579000,1.29192,1.29194,1.29192,1.29193,26970000,1
1499231580000,1499231639000,1.29193,1.29203,1.29193,1.29202,38020000,1
1499231640000,1499231699000,1.29203,1.2921,1.29201,1.29202,93830000,1
1499231700000,1499231759000,1.29203,1.29213,1.29202,1.29212,40180000,1
1499231760000,1499231819000,1.29212,1.29213,1.29212,1.29212,39100000,1
1499231820000,1499231879000,1.29211,1.29217,1.29211,1.29213,47580000,1
1499231880000,1499231939000,1.29213,1.29218,1.29212,1.29217,109830000,1
1499231940000,1499231999000,1.29217,1.29218,1.29217,1.29217,19500000,1
1499232000000,1499232059000,1.29218,1.29218,1.29217,1.29217,19000000,1
1499232060000,1499232119000,1.29217,1.29218,1.29217,1.29217,18630000,1
1499232120000,1499232179000,1.29217,1.29223,1.29217,1.29222,21190000,1
1499232180000,1499232239000,1.2922,1.29223,1.29213,1.29213,25650000,1
1499232240000,1499232299000,1.29215,1.29216,1.29215,1.29216,17240000,1
1499232300000,1499232359000,1.29216,1.29222,1.29215,1.29222,58610000,1
1499232360000,1499232419000,1.2922,1.29221,1.29214,1.29215,49770000,1
1499232420000,1499232479000,1.29215,1.29222,1.29215,1.29219,70460000,1
1499232480000,1499232539000,1.2922,1.29225,1.29219,1.2922,52760000,1
1499232540000,1499232599000,1.29221,1.29223,1.29221,1.29222,19870000,1
1499232600000,1499232659000,1.29222,1.29223,1.2922,1.2922,23490000,1
1499232660000,1499232719000,1.29221,1.29222,1.29221,1.29221,14850000,1
1499232720000,1499232779000,1.29221,1.29221,1.2922,1.29221,23060000,1
1499232780000,1499232839000,1.29225,1.29225,1.29213,1.29215,71220000,1
1499232840000,1499232899000,1.29215,1.29215,1.29214,1.29214,23920000,1
1499232900000,1499232959000,1.29214,1.29224,1.29208,1.29224,30990000,1
1499232960000,1499233019000,1.29224,1.29235,1.29197,1.29198,157100000,1
1499233020000,1499233079000,1.292,1.29207,1.29179,1.29181,132810000,1
1499233080000,1499233139000,1.29181,1.292,1.2918,1.29183,143870000,1
1499233140000,1499233199000,1.29183,1.29218,1.29183,1.29213,66760000,1
1499233200000,1499233259000,1.29214,1.29222,1.29214,1.29221,86800000,1
1499233260000,1499233319000,1.2922,1.29224,1.29219,1.29224,100160000,1
1499233320000,1499233379000,1.29222,1.29226,1.29216,1.29223,57880000,1
1499233380000,1499233439000,1.29223,1.29233,1.29219,1.29222,103090000,1
1499233440000,1499233499000,1.29226,1.29227,1.29161,1.29172,146320000,1
1499233500000,1499233559000,1.29173,1.29177,1.29171,1.29171,32700000,1
1499233560000,1499233619000,1.29172,1.29178,1.29171,1.29172,99030000,1
1499233620000,1499233679000,1.29172,1.29185,1.29171,1.29185,56930000,1
1499233680000,1499233739000,1.29186,1.29194,1.29182,1.29192,58480000,1
1499233740000,1499233799000,1.29192,1.29201,1.29192,1.292,58000000,1
1499233800000,1499233859000,1.292,1.29214,1.292,1.29213,62990000,1
1499233860000,1499233919000,1.29213,1.29213,1.29203,1.29206,135520000,1
1499233920000,1499233979000,1.29207,1.29217,1.29202,1.29203,120960000,1
1499233980000,1499234039000,1.29202,1.29208,1.29202,1.29203,144970000,1
1499234040000,1499234099000,1.29203,1.29217,1.29202,1.29212,103160000,1
1499234100000,1499234159000,1.29212,1.29224,1.29209,1.29209,216940000,1
1499234160000,1499234219000,1.29209,1.29213,1.29199,1.29203,132690000,1
1499234220000,1499234279000,1.29203,1.29203,1.2919,1.29198,138420000,1
1499234280000,1499234339000,1.29198,1.29216,1.29198,1.29212,90800000,1
1499234340000,1499234399000,1.29212,1.29212,1.29175,1.29196,149640000,1
1499234400000,1499234459000,1.29196,1.29204,1.29187,1.29191,118980000,1
1499234460000,1499234519000,1.29191,1.29195,1.29182,1.29185,181620000,1
1499234520000,1499234579000,1.29185,1.29193,1.29182,1.29192,140540000,1
1499234580000,1499234639000,1.29193,1.29203,1.29192,1.29202,27960000,1
1499234640000,1499234699000,1.29202,1.29203,1.29198,1.29203,58930000,1
1499234700000,1499234759000,1.29202,1.29243,1.29202,1.29222,140280000,1
1499234760000,1499234819000,1.29222,1.29222,1.29171,1.29178,172000000,1
1499234820000,1499234879000,1.29177,1.29197,1.29161,1.29174,115690000,1
1499234880000,1499234939000,1.29174,1.29197,1.29174,1.29181,100990000,1
1499234940000,1499234999000,1.29182,1.29182,1.2913,1.29136,97830000,1
1499235000000,1499235059000,1.29137,1.29163,1.29122,1.29144,103870000,1
1499235060000,1499235119000,1.29147,1.29154,1.29147,1.29154,33930000,1
1499235120000,1499235179000,1.29154,1.29171,1.29153,1.29167,88090000,1
1499235180000,1499235239000,1.29167,1.29179,1.29163,1.29178,59120000,1
1499235240000,1499235299000,1.29177,1.29183,1.29177,1.29182,54390000,1
1499235300000,1499235359000,1.29182,1.29194,1.29181,1.29184,75810000,1
1499235360000,1499235419000,1.29184,1.29189,1.29168,1.29168,94270000,1
1499235420000,1499235479000,1.29165,1.29172,1.29149,1.29172,113870000,1
1499235480000,1499235539000,1.29172,1.29184,1.2914,1.2914,97590000,1
1499235540000,1499235599000,1.29139,1.29172,1.29139,1.29166,177370000,1
1499235600000,1499235659000,1.29167,1.29194,1.29166,1.2919,92500000,1
1499235660000,1499235719000,1.2919,1.29206,1.29182,1.29201,129180000,1
1499235720000,1499235779000,1.29201,1.29201,1.2917,1.2917,77580000,1
1499235780000,1499235839000,1.2917,1.29179,1.29157,1.29177,143200000,1
1499235840000,1499235899000,1.29177,1.29183,1.29169,1.29183,92670000,1
1499235900000,1499235959000,1.29184,1.29191,1.29179,1.29191,144390000,1
1499235960000,1499236019000,1.2919,1.2919,1.2914,1.29152,155780000,1
1499236020000,1499236079000,1.29152,1.29158,1.29146,1.29153,115520000,1
1499236080000,1499236139000,1.29151,1.2916,1.29142,1.29159,125850000,1
1499236140000,1499236199000,1.29159,1.29163,1.29148,1.2916,108710000,1
1499236200000,1499236259000,1.29161,1.29184,1.29161,1.29183,82770000,1
1499236260000,1499236319000,1.29183,1.29207,1.29183,1.2919,109290000,1
1499236320000,1499236379000,1.2919,1.29212,1.2919,1.29212,76360000,1
1499236380000,1499236439000,1.2921,1.29261,1.2921,1.29251,159880000,1
1499236440000,1499236499000,1.29254,1.29372,1.29254,1.29311,274760000,1
1499236500000,1499236559000,1.29311,1.29348,1.2931,1.29333,146640000,1
1499236560000,1499236619000,1.29333,1.29338,1.29319,1.29335,84320000,1
1499236620000,1499236679000,1.29334,1.29354,1.29319,1.29334,151060000,1
1499236680000,1499236739000,1.29334,1.29357,1.29334,1.29356,121570000,1
1499236740000,1499236799000,1.29358,1.29366,1.29338,1.29344,118010000,1
1499236800000,1499236859000,1.29345,1.29373,1.29342,1.29373,123200000,1
1499236860000,1499236919000,1.29372,1.29372,1.2933,1.29342,160890000,1
1499236920000,1499236979000,1.29341,1.29341,1.2931,1.29321,186080000,1
1499236980000,1499237039000,1.29321,1.29332,1.29319,1.29319,101200000,1
1499237040000,1499237099000,1.29319,1.2932,1.293,1.29301,213700000,1
1499237100000,1499237159000,1.29303,1.29303,1.2929,1.29292,156250000,1
1499237160000,1499237219000,1.2929,1.29292,1.2924,1.2925,146460000,1
1499237220000,1499237279000,1.29249,1.29249,1.29229,1.29241,144420000,1
1499237280000,1499237339000,1.29242,1.29242,1.29208,1.29212,168670000,1
1499237340000,1499237399000,1.29212,1.29212,1.29191,1.29203,119440000,1
1499237400000,1499237459000,1.29201,1.29217,1.29187,1.29202,125240000,1
1499237460000,1499237519000,1.29202,1.29224,1.29187,1.2922,109890000,1
1499237520000,1499237579000,1.2922,1.29223,1.2919,1.29197,139130000,1
1499237580000,1499237639000,1.29198,1.29231,1.29197,1.29227,100460000,1
1499237640000,1499237699000,1.29228,1.29233,1.2922,1.29233,65480000,1
1499237700000,1499237759000,1.29232,1.29253,1.29226,1.29252,157670000,1
1499237760000,1499237819000,1.29252,1.29256,1.29239,1.2924,136540000,1
1499237820000,1499237879000,1.2924,1.29258,1.2924,1.29247,119110000,1
1499237880000,1499237939000,1.29248,1.29253,1.29242,1.29248,111920000,1
1499237940000,1499237999000,1.29247,1.29263,1.29237,1.2924,170150000,1
1499238000000,1499238059000,1.29241,1.29252,1.29216,1.29238,165230000,1
1499238060000,1499238119000,1.29237,1.29254,1.29216,1.29224,144920000,1
1499238120000,1499238179000,1.29223,1.29275,1.29223,1.29268,172980000,1
1499238180000,1499238239000,1.29268,1.29275,1.2925,1.29262,141160000,1
1499238240000,1499238299000,1.29263,1.2927,1.29252,1.29266,143660000,1
1499238300000,1499238359000,1.29265,1.29277,1.29258,1.29264,93560000,1
1499238360000,1499238419000,1.29264,1.29264,1.29222,1.29233,209310000,1
1499238420000,1499238479000,1.29232,1.29232,1.292,1.29202,153530000,1
1499238480000,1499238539000,1.29202,1.29212,1.292,1.29212,60700000,1
1499238540000,1499238599000,1.29211,1.29217,1.2919,1.29212,117040000,1
1499238600000,1499238659000,1.29212,1.29212,1.2918,1.29196,151070000,1
1499238660000,1499238719000,1.29194,1.29199,1.29182,1.29188,126910000,1
1499238720000,1499238779000,1.29187,1.29201,1.2918,1.29197,117920000,1
1499238780000,1499238839000,1.29197,1.29203,1.29187,1.29203,101810000,1
1499238840000,1499238899000,1.29202,1.29204,1.29194,1.29204,107000000,1
1499238900000,1499238959000,1.29208,1.29245,1.29208,1.29235,124870000,1
1499238960000,1499239019000,1.29242,1.29242,1.29218,1.29219,116950000,1
1499239020000,1499239079000,1.29219,1.29234,1.29193,1.29208,121560000,1
1499239080000,1499239139000,1.29207,1.29212,1.29179,1.29187,109580000,1
1499239140000,1499239199000,1.29186,1.2921,1.29182,1.292,87880000,1
1499239200000,1499239259000,1.29201,1.29201,1.29161,1.29172,90750000,1
1499239260000,1499239319000,1.29173,1.29173,1.2915,1.29153,105440000,1
1499239320000,1499239379000,1.29152,1.29154,1.2913,1.29153,92480000,1
1499239380000,1499239439000,1.29153,1.29166,1.29143,1.29153,120020000,1
1499239440000,1499239499000,1.29153,1.29153,1.29142,1.29144,88510000,1
1499239500000,1499239559000,1.29143,1.29148,1.29119,1.29124,144370000,1
1499239560000,1499239619000,1.29114,1.29135,1.29057,1.29071,227180000,1
1499239620000,1499239679000,1.2907,1.2909,1.29042,1.29051,266660000,1
1499239680000,1499239739000,1.29055,1.2908,1.29055,1.29061,279640000,1
1499239740000,1499239799000,1.29061,1.29069,1.29017,1.29019,282800000,1
1499239800000,1499239859000,1.29019,1.29061,1.29017,1.2904,143670000,1
1499239860000,1499239919000,1.29041,1.29044,1.29014,1.29021,157640000,1
1499239920000,1499239979000,1.29019,1.29045,1.29017,1.29034,107320000,1
1499239980000,1499240039000,1.29033,1.29052,1.29029,1.29042,130770000,1
1499240040000,1499240099000,1.29041,1.29042,1.29017,1.2902,95870000,1
1499240100000,1499240159000,1.29019,1.29044,1.29014,1.29044,115980000,1
1499240160000,1499240219000,1.29044,1.29044,1.29025,1.2904,126630000,1
1499240220000,1499240279000,1.2904,1.29042,1.29037,1.29039,134370000,1
1499240280000,1499240339000,1.29038,1.29051,1.29038,1.29041,186840000,1
1499240340000,1499240399000,1.29042,1.29053,1.29025,1.29044,294590000,1
1499240400000,1499240459000,1.29045,1.2906,1.29041,1.2906,147580000,1
1499240460000,1499240519000,1.2906,1.29088,1.2906,1.29087,192810000,1
1499240520000,1499240579000,1.29087,1.29112,1.29077,1.29103,120090000,1
1499240580000,1499240639000,1.29104,1.29104,1.29075,1.29077,178130000,1
1499240640000,1499240699000,1.29077,1.29109,1.29071,1.29101,198610000,1
1499240700000,1499240759000,1.29102,1.29125,1.29092,1.29113,194830000,1
1499240760000,1499240819000,1.29112,1.29113,1.29077,1.2909,141920000,1
1499240820000,1499240879000,1.29087,1.29118,1.29087,1.29092,147070000,1
1499240880000,1499240939000,1.29092,1.29127,1.2908,1.29122,184420000,1
1499240940000,1499240999000,1.29121,1.29132,1.29119,1.29128,155480000,1
1499241000000,1499241059000,1.29127,1.29145,1.29127,1.2914,144800000,1
1499241060000,1499241119000,1.2914,1.29146,1.29113,1.29122,237160000,1
1499241120000,1499241179000,1.29118,1.29133,1.29118,1.29131,105320000,1
1499241180000,1499241239000,1.29131,1.29138,1.2912,1.29133,219530000,1
1499241240000,1499241299000,1.29133,1.29141,1.29123,1.29129,213100000,1
1499241300000,1499241359000,1.29129,1.29133,1.29123,1.29129,226400000,1
1499241360000,1499241419000,1.29129,1.29137,1.29122,1.29135,151180000,1
1499241420000,1499241479000,1.29134,1.29144,1.29132,1.29143,140490000,1
1499241480000,1499241539000,1.29143,1.29176,1.29143,1.29163,100940000,1
1499241540000,1499241599000,1.29163,1.29179,1.29153,1.29153,125450000,1
1499241600000,1499241659000,1.29152,1.29216,1.29146,1.29187,161960000,1
1499241660000,1499241719000,1.29187,1.29192,1.29112,1.29112,180720000,1
1499241720000,1499241779000,1.29111,1.29128,1.29094,1.29097,203950000,1
1499241780000,1499241839000,1.29098,1.29098,1.29074,1.29081,146020000,1
1499241840000,1499241899000,1.29081,1.29114,1.29071,1.29113,121810000,1
1499241900000,1499241959000,1.29112,1.29112,1.29081,1.29082,83790000,1
1499241960000,1499242019000,1.29082,1.29096,1.29075,1.29075,92670000,1
1499242020000,1499242079000,1.29072,1.29084,1.2906,1.29064,156200000,1
1499242080000,1499242139000,1.29068,1.29078,1.29061,1.29073,157740000,1
1499242140000,1499242199000,1.29072,1.29073,1.2906,1.2906,144080000,1
1499242200000,1499242259000,1.29062,1.29082,1.2906,1.2906,99290000,1
1499242260000,1499242319000,1.29061,1.29073,1.29055,1.29059,165330000,1
1499242320000,1499242379000,1.2906,1.29061,1.29047,1.29049,136260000,1
1499242380000,1499242439000,1.29049,1.29072,1.29049,1.29071,166650000,1
1499242440000,1499242499000,1.29071,1.29074,1.29052,1.29059,183960000,1
1499242500000,1499242559000,1.29062,1.29062,1.29045,1.29051,111630000,1
1499242560000,1499242619000,1.2905,1.29052,1.2904,1.29048,150220000,1
1499242620000,1499242679000,1.29048,1.29061,1.29048,1.2905,181890000,1
1499242680000,1499242739000,1.29049,1.29062,1.29049,1.29057,155100000,1
1499242740000,1499242799000,1.29056,1.29056,1.29041,1.29043,171170000,1
1499242800000,1499242859000,1.29042,1.29052,1.2903,1.29036,122350000,1
1499242860000,1499242919000,1.29038,1.2904,1.29009,1.29009,187750000,1
1499242920000,1499242979000,1.29008,1.29016,1.28994,1.29,182280000,1
1499242980000,1499243039000,1.29,1.29042,1.28996,1.29042,144080000,1
1499243040000,1499243099000,1.29043,1.29043,1.29013,1.29025,163000000,1
1499243100000,1499243159000,1.29026,1.29028,1.29006,1.2901,115150000,1
1499243160000,1499243219000,1.2901,1.2901,1.28994,1.28999,89520000,1
1499243220000,1499243279000,1.28998,1.29003,1.28997,1.29003,53530000,1
1499243280000,1499243339000,1.29002,1.29011,1.28999,1.29008,81510000,1
1499243340000,1499243399000,1.29008,1.2904,1.29008,1.29038,186570000,1
1499243400000,1499243459000,1.29037,1.29065,1.28998,1.28998,287350000,1
1499243460000,1499243519000,1.28999,1.29013,1.28992,1.29013,237340000,1
1499243520000,1499243579000,1.29013,1.29033,1.2901,1.29033,136410000,1
1499243580000,1499243639000,1.29033,1.29069,1.29032,1.29039,187180000,1
1499243640000,1499243699000,1.2904,1.29074,1.29031,1.29065,174610000,1
1499243700000,1499243759000,1.29062,1.2907,1.29053,1.29053,64000000,1
1499243760000,1499243819000,1.29053,1.29055,1.29044,1.29053,87140000,1
1499243820000,1499243879000,1.29054,1.29059,1.29044,1.29044,97680000,1
1499243880000,1499243939000,1.29044,1.29045,1.29011,1.29021,106380000,1
1499243940000,1499243999000,1.29022,1.29039,1.29013,1.29039,125730000,1
1499244000000,1499244059000,1.29039,1.2906,1.29039,1.29055,96210000,1
1499244060000,1499244119000,1.29056,1.29062,1.29034,1.29042,119710000,1
1499244120000,1499244179000,1.29042,1.29058,1.29041,1.29047,110610000,1
1499244180000,1499244239000,1.29048,1.29051,1.29029,1.2903,146520000,1
1499244240000,1499244299000,1.2903,1.29035,1.29017,1.29031,158710000,1
1499244300000,1499244359000,1.29029,1.29055,1.29029,1.29052,80600000,1
1499244360000,1499244419000,1.29052,1.2906,1.29045,1.29047,68700000,1
1499244420000,1499244479000,1.29047,1.29058,1.2904,1.29052,74230000,1
1499244480000,1499244539000,1.29052,1.29064,1.29035,1.29035,93970000,1
1499244540000,1499244599000,1.29037,1.29054,1.29037,1.29054,91200000,1
1499244600000,1499244659000,1.29052,1.29052,1.29037,1.29044,108430000,1
1499244660000,1499244719000,1.29044,1.29044,1.29032,1.29035,75970000,1
1499244720000,1499244779000,1.29032,1.29043,1.2902,1.29022,125180000,1
1499244780000,1499244839000,1.29022,1.29022,1.29003,1.29008,114140000,1
1499244840000,1499244899000,1.29009,1.2901,1.28949,1.28951,156110000,1
1499244900000,1499244959000,1.28952,1.28975,1.28939,1.28975,129140000,1
1499244960000,1499245019000,1.28974,1.29005,1.28965,1.29005,109590000,1
1499245020000,1499245079000,1.29004,1.29007,1.29,1.29,48120000,1
1499245080000,1499245139000,1.28999,1.29031,1.28988,1.29024,186790000,1
1499245140000,1499245199000,1.29022,1.29032,1.29013,1.29017,188250000,1
1499245200000,1499245259000,1.29016,1.29026,1.2893,1.28971,403280000,1
1499245260000,1499245319000,1.28969,1.28991,1.28956,1.28971,246450000,1
1499245320000,1499245379000,1.2897,1.2901,1.28959,1.29001,223440000,1
1499245380000,1499245439000,1.29001,1.29038,1.28993,1.29034,269960000,1
1499245440000,1499245499000,1.29032,1.29053,1.29024,1.29053,208100000,1
1499245500000,1499245559000,1.29052,1.29062,1.29047,1.29047,129760000,1
1499245560000,1499245619000,1.29047,1.29081,1.29032,1.29075,156550000,1
1499245620000,1499245679000,1.29076,1.2915,1.29073,1.29141,238660000,1
1499245680000,1499245739000,1.29143,1.29152,1.29122,1.29137,155470000,1
1499245740000,1499245799000,1.29137,1.29164,1.29127,1.29127,146140000,1
1499245800000,1499245859000,1.29127,1.29127,1.29103,1.2912,186900000,1
1499245860000,1499245919000,1.29119,1.29154,1.29112,1.29151,138780000,1
1499245920000,1499245979000,1.29151,1.29162,1.29128,1.29162,160350000,1
1499245980000,1499246039000,1.29166,1.29166,1.29128,1.29129,123060000,1
1499246040000,1499246099000,1.29129,1.29155,1.2912,1.2912,101200000,1
1499246100000,1499246159000,1.2912,1.29143,1.29104,1.2914,169310000,1
1499246160000,1499246219000,1.29139,1.29163,1.29138,1.29162,138260000,1
1499246220000,1499246279000,1.29162,1.29164,1.29123,1.29132,122290000,1
1499246280000,1499246339000,1.29132,1.29143,1.29119,1.29123,167060000,1
1499246340000,1499246399000,1.29123,1.29134,1.29097,1.2913,220350000,1
1499246400000,1499246459000,1.2913,1.29137,1.2912,1.29133,95880000,1
1499246460000,1499246519000,1.29134,1.29176,1.29134,1.29172,276590000,1
1499246520000,1499246579000,1.29175,1.29194,1.29169,1.29182,178630000,1
1499246580000,1499246639000,1.29182,1.2921,1.2918,1.29192,137670000,1
1499246640000,1499246699000,1.29194,1.29213,1.29191,1.29204,201180000,1
1499246700000,1499246759000,1.29205,1.29213,1.29184,1.29187,146430000,1
1499246760000,1499246819000,1.29186,1.2919,1.29169,1.2917,237290000,1
1499246820000,1499246879000,1.2917,1.29181,1.29167,1.29169,163740000,1
1499246880000,1499246939000,1.2917,1.29171,1.29159,1.29171,119610000,1
1499246940000,1499246999000,1.29173,1.29182,1.29167,1.29168,132570000,1
1499247000000,1499247059000,1.29172,1.29181,1.2917,1.29172,143780000,1
1499247060000,1499247119000,1.29172,1.29209,1.29171,1.29207,76650000,1
1499247120000,1499247179000,1.29207,1.29209,1.29197,1.29204,121530000,1
1499247180000,1499247239000,1.29203,1.29225,1.29203,1.29211,97440000,1
1499247240000,1499247299000,1.29209,1.29209,1.29182,1.29183,102700000,1
1499247300000,1499247359000,1.29182,1.29182,1.29169,1.29172,108230000,1
1499247360000,1499247419000,1.29174,1.29182,1.2915,1.29182,116210000,1
1499247420000,1499247479000,1.2918,1.2918,1.29144,1.29148,165720000,1
1499247480000,1499247539000,1.29147,1.29149,1.29133,1.29138,123960000,1
1499247540000,1499247599000,1.29138,1.29139,1.29122,1.29129,110730000,1
1499247600000,1499247659000,1.29131,1.29145,1.29128,1.29129,89340000,1
1499247660000,1499247719000,1.29131,1.29138,1.29129,1.29138,78960000,1
1499247720000,1499247779000,1.29138,1.2914,1.29118,1.29119,150420000,1
1499247780000,1499247839000,1.29119,1.29132,1.29109,1.29129,167000000,1
1499247840000,1499247899000,1.2913,1.29132,1.2912,1.29129,166880000,1
1499247900000,1499247959000,1.29129,1.29132,1.29122,1.29126,101140000,1
1499247960000,1499248019000,1.29127,1.29127,1.2912,1.2912,36710000,1
1499248020000,1499248079000,1.29121,1.29132,1.29121,1.29124,90590000,1
1499248080000,1499248139000,1.29124,1.2914,1.29121,1.2914,189090000,1
1499248140000,1499248199000,1.2914,1.29148,1.29134,1.29139,174140000,1
1499248200000,1499248259000,1.2914,1.29172,1.29128,1.29167,132140000,1
1499248260000,1499248319000,1.29169,1.29172,1.29161,1.29167,123430000,1
1499248320000,1499248379000,1.29164,1.2917,1.29162,1.29165,99160000,1
1499248380000,1499248439000,1.29163,1.29163,1.29147,1.29153,152990000,1
1499248440000,1499248499000,1.29153,1.29166,1.29153,1.2916,145420000,1
1499248500000,1499248559000,1.29159,1.29159,1.29138,1.29139,128070000,1
1499248560000,1499248619000,1.29139,1.29147,1.2913,1.29131,101170000,1
1499248620000,1499248679000,1.29133,1.29146,1.29131,1.29136,137600000,1
1499248680000,1499248739000,1.29136,1.29145,1.29129,1.29138,137940000,1
1499248740000,1499248799000,1.29138,1.29144,1.29135,1.29144,209760000,1
1499248800000,1499248859000,1.29144,1.29152,1.2914,1.29145,154860000,1
1499248860000,1499248919000,1.29145,1.29174,1.29144,1.29174,137540000,1
1499248920000,1499248979000,1.29174,1.29184,1.29172,1.29174,132200000,1
1499248980000,1499249039000,1.29173,1.29193,1.29173,1.29181,146690000,1
1499249040000,1499249099000,1.29181,1.29181,1.29153,1.29154,168020000,1
1499249100000,1499249159000,1.29156,1.29159,1.29142,1.29145,172750000,1
1499249160000,1499249219000,1.29145,1.29151,1.29132,1.29132,262390000,1
1499249220000,1499249279000,1.29133,1.29142,1.29103,1.29114,260270000,1
1499249280000,1499249339000,1.29113,1.29135,1.29096,1.29122,123990000,1
1499249340000,1499249399000,1.29122,1.29122,1.29091,1.29091,76190000,1
1499249400000,1499249459000,1.29091,1.29101,1.29073,1.29078,227870000,1
1499249460000,1499249519000,1.29079,1.29079,1.29069,1.29073,231990000,1
1499249520000,1499249579000,1.29073,1.29085,1.29067,1.29069,184350000,1
1499249580000,1499249639000,1.29069,1.29093,1.29069,1.29092,61370000,1
1499249640000,1499249699000,1.29094,1.29105,1.29067,1.29067,139940000,1
1499249700000,1499249759000,1.29067,1.29085,1.29064,1.29078,144980000,1
1499249760000,1499249819000,1.29078,1.29082,1.29071,1.29073,124850000,1
1499249820000,1499249879000,1.29072,1.29073,1.29042,1.29047,152180000,1
1499249880000,1499249939000,1.29047,1.29047,1.29015,1.29022,174190000,1
1499249940000,1499249999000,1.29019,1.29063,1.29013,1.29043,128840000,1
1499250000000,1499250059000,1.29043,1.29103,1.29043,1.29103,134610000,1
1499250060000,1499250119000,1.29102,1.29107,1.29095,1.29096,62270000,1
1499250120000,1499250179000,1.29096,1.29105,1.29054,1.29058,133840000,1
1499250180000,1499250239000,1.29078,1.29078,1.29042,1.29043,182620000,1
1499250240000,1499250299000,1.29043,1.29053,1.29043,1.29049,134690000,1
1499250300000,1499250359000,1.29048,1.29082,1.29048,1.29078,93510000,1
1499250360000,1499250419000,1.29078,1.29078,1.29064,1.29067,63880000,1
1499250420000,1499250479000,1.29068,1.29077,1.29067,1.29077,45060000,1
1499250480000,1499250539000,1.29078,1.29078,1.29041,1.29053,151420000,1
1499250540000,1499250599000,1.29051,1.29063,1.29042,1.29052,73690000,1
1499250600000,1499250659000,1.29048,1.29048,1.29031,1.29036,75380000,1
1499250660000,1499250719000,1.29036,1.29036,1.29016,1.29022,90710000,1
1499250720000,1499250779000,1.29023,1.29038,1.29021,1.29031,81690000,1
1499250780000,1499250839000,1.29032,1.29032,1.29003,1.29006,123140000,1
1499250840000,1499250899000,1.29006,1.29026,1.29003,1.29023,82450000,1
1499250900000,1499250959000,1.29023,1.29026,1.29013,1.29021,70380000,1
1499250960000,1499251019000,1.29022,1.29035,1.29022,1.29031,33060000,1
1499251020000,1499251079000,1.2903,1.29034,1.2903,1.29032,48610000,1
1499251080000,1499251139000,1.29032,1.29056,1.29032,1.29043,68730000,1
1499251140000,1499251199000,1.29043,1.29067,1.29038,1.29054,89990000,1
1499251200000,1499251259000,1.29053,1.29082,1.29051,1.29073,73370000,1
1499251260000,1499251319000,1.29071,1.29094,1.29061,1.29083,103090000,1
1499251320000,1499251379000,1.29083,1.29104,1.2908,1.29099,128810000,1
1499251380000,1499251439000,1.29096,1.29098,1.2908,1.29094,88740000,1
1499251440000,1499251499000,1.29094,1.29099,1.29086,1.29097,108960000,1
1499251500000,1499251559000,1.29097,1.29108,1.29082,1.29096,126160000,1
1499251560000,1499251619000,1.29101,1.29123,1.29101,1.2912,115970000,1
1499251620000,1499251679000,1.29121,1.29122,1.29101,1.29105,91240000,1
1499251680000,1499251739000,1.29105,1.29111,1.29105,1.29109,53380000,1
1499251740000,1499251799000,1.29109,1.29113,1.29103,1.29105,71410000,1
1499251800000,1499251859000,1.29103,1.29117,1.29102,1.29115,45090000,1
1499251860000,1499251919000,1.29116,1.29116,1.29098,1.291,78460000,1
1499251920000,1499251979000,1.29101,1.29104,1.29098,1.29098,43940000,1
1499251980000,1499252039000,1.29103,1.29103,1.29098,1.29099,49650000,1
1499252040000,1499252099000,1.291,1.291,1.29077,1.29085,104260000,1
1499252100000,1499252159000,1.29083,1.29093,1.29079,1.29093,97370000,1
1499252160000,1499252219000,1.29091,1.29102,1.29089,1.29089,98450000,1
1499252220000,1499252279000,1.29091,1.29094,1.29079,1.29086,127300000,1
1499252280000,1499252339000,1.29083,1.29089,1.29083,1.29089,109250000,1
1499252340000,1499252399000,1.2909,1.29111,1.2909,1.29096,189610000,1
1499252400000,1499252459000,1.29096,1.291,1.2905,1.2905,308320000,1
1499252460000,1499252519000,1.2905,1.29054,1.29032,1.29041,259090000,1
1499252520000,1499252579000,1.2904,1.29059,1.29037,1.29059,212590000,1
1499252580000,1499252639000,1.29056,1.29092,1.29049,1.29092,125350000,1
1499252640000,1499252699000,1.29091,1.29124,1.29087,1.29121,121430000,1
1499252700000,1499252759000,1.29123,1.29125,1.29112,1.2912,65580000,1
1499252760000,1499252819000,1.2912,1.29122,1.29099,1.29101,126060000,1
1499252820000,1499252879000,1.291,1.29122,1.291,1.29122,72980000,1
1499252880000,1499252939000,1.2912,1.29129,1.29113,1.29125,63140000,1
1499252940000,1499252999000,1.29128,1.29157,1.29128,1.29146,122520000,1
1499253000000,1499253059000,1.29148,1.29154,1.29119,1.2912,91960000,1
1499253060000,1499253119000,1.29121,1.29133,1.2911,1.2911,112370000,1
1499253120000,1499253179000,1.29111,1.29122,1.29105,1.29111,168450000,1
1499253180000,1499253239000,1.29114,1.29122,1.29111,1.29111,124210000,1
1499253240000,1499253299000,1.29112,1.29119,1.29106,1.29117,85230000,1
1499253300000,1499253359000,1.29119,1.29132,1.29118,1.29132,70110000,1
1499253360000,1499253419000,1.2913,1.29131,1.29118,1.29131,92620000,1
1499253420000,1499253479000,1.29128,1.29133,1.29125,1.29125,95790000,1
1499253480000,1499253539000,1.29125,1.29125,1.29113,1.2912,98030000,1
1499253540000,1499253599000,1.2912,1.29127,1.2911,1.29126,93340000,1
1499253600000,1499253659000,1.29126,1.2914,1.29125,1.29139,64860000,1
1499253660000,1499253719000,1.29142,1.29151,1.29137,1.29137,108300000,1
1499253720000,1499253779000,1.29138,1.29142,1.2913,1.29137,104010000,1
1499253780000,1499253839000,1.29137,1.29139,1.2912,1.29128,138990000,1
1499253840000,1499253899000,1.29127,1.29149,1.29118,1.29143,79730000,1
1499253900000,1499253959000,1.29143,1.29162,1.29138,1.29152,131500000,1
1499253960000,1499254019000,1.29153,1.29171,1.29148,1.29168,132920000,1
1499254020000,1499254079000,1.29169,1.29184,1.29167,1.29182,119350000,1
1499254080000,1499254139000,1.29183,1.29192,1.29168,1.29168,96330000,1
1499254140000,1499254199000,1.29168,1.29171,1.29149,1.29152,114230000,1
1499254200000,1499254259000,1.29155,1.29155,1.2915,1.29153,31630000,1
1499254260000,1499254319000,1.29159,1.29159,1.29137,1.29141,52490000,1
1499254320000,1499254379000,1.29141,1.29172,1.29141,1.29166,68240000,1
1499254380000,1499254439000,1.29164,1.29164,1.29147,1.29151,38120000,1
1499254440000,1499254499000,1.29152,1.29164,1.2915,1.29164,53520000,1
1499254500000,1499254559000,1.29164,1.29164,1.29159,1.29161,84270000,1
1499254560000,1499254619000,1.29161,1.2917,1.2916,1.29165,34980000,1
1499254620000,1499254679000,1.29165,1.29179,1.29162,1.29162,124490000,1
1499254680000,1499254739000,1.29162,1.29162,1.29147,1.29149,83500000,1
1499254740000,1499254799000,1.29149,1.29166,1.29149,1.2916,87930000,1
1499254800000,1499254859000,1.2916,1.29168,1.29155,1.29163,89830000,1
1499254860000,1499254919000,1.29162,1.29167,1.2915,1.2915,87260000,1
1499254920000,1499254979000,1.2915,1.29152,1.2915,1.29152,27870000,1
1499254980000,1499255039000,1.29151,1.29161,1.29149,1.29161,58780000,1
1499255040000,1499255099000,1.29162,1.29174,1.29162,1.29169,134190000,1
1499255100000,1499255159000,1.29167,1.29173,1.29164,1.29171,64220000,1
1499255160000,1499255219000,1.29171,1.29173,1.29162,1.29169,77410000,1
1499255220000,1499255279000,1.29169,1.29184,1.29169,1.29178,79950000,1
1499255280000,1499255339000,1.29178,1.29187,1.29171,1.29182,111580000,1
1499255340000,1499255399000,1.29183,1.29195,1.29181,1.29193,93380000,1
1499255400000,1499255459000,1.29193,1.29193,1.29187,1.29189,41100000,1
1499255460000,1499255519000,1.29188,1.29194,1.29183,1.29192,58010000,1
1499255520000,1499255579000,1.29192,1.2921,1.29192,1.29208,62130000,1
1499255580000,1499255639000,1.29208,1.29212,1.29205,1.29212,89500000,1
1499255640000,1499255699000,1.29211,1.29212,1.29194,1.29198,98360000,1
1499255700000,1499255759000,1.29197,1.29204,1.29191,1.29203,54240000,1
1499255760000,1499255819000,1.29203,1.29208,1.29195,1.29197,121320000,1
1499255820000,1499255879000,1.29197,1.29211,1.29188,1.29194,136350000,1
1499255880000,1499255939000,1.29194,1.29198,1.2919,1.29192,54570000,1
1499255940000,1499255999000,1.29192,1.29194,1.29188,1.2919,56210000,1
1499256000000,1499256059000,1.2919,1.29191,1.29168,1.29171,77290000,1
1499256060000,1499256119000,1.29171,1.2919,1.29171,1.29177,111530000,1
1499256120000,1499256179000,1.29176,1.29191,1.29176,1.29181,99470000,1
1499256180000,1499256239000,1.29182,1.29188,1.29168,1.29171,125870000,1
1499256240000,1499256299000,1.29171,1.29175,1.29166,1.2917,128210000,1
1499256300000,1499256359000,1.2917,1.29171,1.29159,1.29166,140150000,1
1499256360000,1499256419000,1.29166,1.29166,1.29151,1.29155,48330000,1
1499256420000,1499256479000,1.29156,1.29173,1.29156,1.29173,26360000,1
1499256480000,1499256539000,1.29173,1.29183,1.2917,1.29172,84840000,1
1499256540000,1499256599000,1.29172,1.29173,1.29158,1.29159,49470000,1
1499256600000,1499256659000,1.29159,1.29174,1.29159,1.29161,61470000,1
1499256660000,1499256719000,1.29161,1.29161,1.29146,1.29147,93950000,1
1499256720000,1499256779000,1.29148,1.2915,1.29128,1.29129,111180000,1
1499256780000,1499256839000,1.2913,1.2914,1.29127,1.29136,126630000,1
1499256840000,1499256899000,1.29137,1.29138,1.2913,1.29136,133590000,1
1499256900000,1499256959000,1.29135,1.29144,1.29134,1.29136,49370000,1
1499256960000,1499257019000,1.29138,1.29138,1.29111,1.29133,91990000,1
1499257020000,1499257079000,1.29133,1.29161,1.29128,1.29159,134650000,1
1499257080000,1499257139000,1.29159,1.29161,1.29143,1.29144,137140000,1
1499257140000,1499257199000,1.29148,1.29155,1.29112,1.29127,176580000,1
1499257200000,1499257259000,1.29124,1.29124,1.291,1.29114,105120000,1
1499257260000,1499257319000,1.29114,1.29125,1.29111,1.29113,93670000,1
1499257320000,1499257379000,1.29115,1.29133,1.29115,1.29131,109730000,1
1499257380000,1499257439000,1.29132,1.29133,1.29101,1.29107,201580000,1
1499257440000,1499257499000,1.29105,1.29119,1.29102,1.29114,59830000,1
1499257500000,1499257559000,1.29114,1.29115,1.29093,1.29102,158020000,1
1499257560000,1499257619000,1.29103,1.29123,1.29097,1.29117,126690000,1
1499257620000,1499257679000,1.29117,1.29127,1.29108,1.29125,162900000,1
1499257680000,1499257739000,1.29126,1.29126,1.291,1.29101,178360000,1
1499257740000,1499257799000,1.29101,1.29101,1.29087,1.29098,132710000,1
1499257800000,1499257859000,1.29097,1.29099,1.29088,1.29092,100620000,1
1499257860000,1499257919000,1.29092,1.29094,1.29092,1.29093,34170000,1
1499257920000,1499257979000,1.29092,1.29104,1.29092,1.29104,35490000,1
1499257980000,1499258039000,1.29109,1.29123,1.29109,1.29122,43380000,1
1499258040000,1499258099000,1.29122,1.29123,1.29111,1.2912,91370000,1
1499258100000,1499258159000,1.29119,1.29119,1.29109,1.29118,101280000,1
1499258160000,1499258219000,1.29119,1.29143,1.2911,1.29143,104890000,1
1499258220000,1499258279000,1.29142,1.29156,1.29142,1.29153,62500000,1
1499258280000,1499258339000,1.29153,1.29163,1.29152,1.29161,54660000,1
1499258340000,1499258399000,1.29162,1.29164,1.2916,1.2916,57920000,1
1499258400000,1499258459000,1.29159,1.29161,1.29143,1.29143,88860000,1
1499258460000,1499258519000,1.29143,1.29144,1.2913,1.29131,153710000,1
1499258520000,1499258579000,1.29131,1.29131,1.29118,1.2912,146540000,1
1499258580000,1499258639000,1.29119,1.29119,1.29097,1.29109,97470000,1
1499258640000,1499258699000,1.29109,1.29114,1.29108,1.29114,40480000,1
1499258700000,1499258759000,1.29114,1.29114,1.2911,1.2911,23370000,1
1499258760000,1499258819000,1.2911,1.29111,1.29107,1.2911,61620000,1
1499258820000,1499258879000,1.29108,1.29108,1.29099,1.29102,79280000,1
1499258880000,1499258939000,1.29102,1.29112,1.291,1.29103,36550000,1
1499258940000,1499258999000,1.29102,1.29133,1.29102,1.29133,59510000,1
1499259000000,1499259059000,1.29133,1.29133,1.29113,1.29114,36560000,1
1499259060000,1499259119000,1.29121,1.29123,1.29107,1.29111,57990000,1
1499259120000,1499259179000,1.29112,1.29123,1.29102,1.29123,56500000,1
1499259180000,1499259239000,1.29123,1.29125,1.29123,1.29123,24940000,1
1499259240000,1499259299000,1.29123,1.29126,1.29111,1.29111,65350000,1
1499259300000,1499259359000,1.2911,1.29121,1.2911,1.29112,87250000,1
1499259360000,1499259419000,1.29113,1.29148,1.29113,1.29143,105070000,1
1499259420000,1499259479000,1.29143,1.29152,1.29138,1.29143,98270000,1
1499259480000,1499259539000,1.29142,1.29158,1.29141,1.29147,105170000,1
1499259540000,1499259599000,1.29147,1.29147,1.29142,1.29144,95050000,1
1499259600000,1499259659000,1.29144,1.29165,1.29142,1.29162,132660000,1
1499259660000,1499259719000,1.29162,1.29184,1.29162,1.29184,103340000,1
1499259720000,1499259779000,1.29184,1.29184,1.29164,1.29169,82170000,1
1499259780000,1499259839000,1.29169,1.2917,1.2916,1.29163,57560000,1
1499259840000,1499259899000,1.29162,1.2917,1.29158,1.29164,81440000,1
1499259900000,1499259959000,1.29164,1.29168,1.29151,1.29154,78490000,1
1499259960000,1499260019000,1.29154,1.29157,1.2915,1.29155,80930000,1
1499260020000,1499260079000,1.29155,1.29171,1.29155,1.29171,115970000,1
1499260080000,1499260139000,1.29166,1.2918,1.29164,1.29175,89490000,1
1499260140000,1499260199000,1.29175,1.29184,1.29173,1.29184,57750000,1
1499260200000,1499260259000,1.29185,1.29196,1.29184,1.29184,34240000,1
1499260260000,1499260319000,1.29184,1.29191,1.29172,1.29175,113090000,1
1499260320000,1499260379000,1.29173,1.29186,1.2917,1.29186,95860000,1
1499260380000,1499260439000,1.29186,1.29194,1.29177,1.29185,91490000,1
1499260440000,1499260499000,1.29185,1.29188,1.29155,1.29156,118350000,1
1499260500000,1499260559000,1.29156,1.29168,1.2915,1.2916,37330000,1
1499260560000,1499260619000,1.29162,1.29164,1.29144,1.29152,44700000,1
1499260620000,1499260679000,1.2915,1.2915,1.29141,1.29142,27590000,1
1499260680000,1499260739000,1.29142,1.29153,1.29141,1.29149,50580000,1
1499260740000,1499260799000,1.2915,1.29152,1.29136,1.29138,65720000,1
1499260800000,1499260859000,1.29144,1.29144,1.29133,1.29142,73060000,1
1499260860000,1499260919000,1.29141,1.29146,1.29131,1.29133,51940000,1
1499260920000,1499260979000,1.29132,1.29143,1.29131,1.29138,33870000,1
1499260980000,1499261039000,1.29138,1.29157,1.29138,1.2915,60070000,1
1499261040000,1499261099000,1.2915,1.29152,1.29136,1.2914,40500000,1
1499261100000,1499261159000,1.2914,1.2914,1.29132,1.29133,82620000,1
1499261160000,1499261219000,1.29133,1.2914,1.29119,1.29121,164150000,1
1499261220000,1499261279000,1.2912,1.29122,1.29109,1.29109,115880000,1
1499261280000,1499261339000,1.29109,1.2911,1.29059,1.29061,171360000,1
1499261340000,1499261399000,1.29061,1.29061,1.29034,1.29051,155980000,1
1499261400000,1499261459000,1.29051,1.29065,1.29049,1.29054,101490000,1
1499261460000,1499261519000,1.29052,1.29062,1.29049,1.29059,64180000,1
1499261520000,1499261579000,1.29059,1.29067,1.29041,1.29055,160820000,1
1499261580000,1499261639000,1.29055,1.29062,1.29052,1.29057,87280000,1
1499261640000,1499261699000,1.29057,1.2906,1.29051,1.29052,55980000,1
1499261700000,1499261759000,1.29053,1.29062,1.29049,1.29053,111290000,1
1499261760000,1499261819000,1.29059,1.29064,1.29039,1.2904,108480000,1
1499261820000,1499261879000,1.2904,1.29061,1.2904,1.29058,122620000,1
1499261880000,1499261939000,1.29058,1.2907,1.29049,1.2907,247400000,1
1499261940000,1499261999000,1.2907,1.29077,1.2906,1.29066,154140000,1
1499262000000,1499262059000,1.29066,1.29072,1.29049,1.29049,216010000,1
1499262060000,1499262119000,1.29049,1.29059,1.2903,1.29036,167550000,1
1499262120000,1499262179000,1.29034,1.29068,1.29033,1.29052,113220000,1
1499262180000,1499262239000,1.29053,1.29068,1.29048,1.2906,128070000,1
1499262240000,1499262299000,1.29058,1.29073,1.29052,1.29063,118570000,1
1499262300000,1499262359000,1.29063,1.29075,1.29061,1.29063,107290000,1
1499262360000,1499262419000,1.29063,1.29084,1.29053,1.29053,117340000,1
1499262420000,1499262479000,1.29053,1.29069,1.29043,1.29068,93740000,1
1499262480000,1499262539000,1.29071,1.29086,1.29071,1.29077,113390000,1
1499262540000,1499262599000,1.29075,1.29095,1.29074,1.29093,94430000,1
1499262600000,1499262659000,1.29093,1.29114,1.29093,1.29102,94830000,1
1499262660000,1499262719000,1.29104,1.29133,1.29102,1.29132,175060000,1
1499262720000,1499262779000,1.29133,1.29143,1.2913,1.2914,85450000,1
1499262780000,1499262839000,1.2914,1.29142,1.29136,1.29139,113860000,1
1499262840000,1499262899000,1.29139,1.29153,1.29139,1.29153,85780000,1
1499262900000,1499262959000,1.29153,1.29154,1.29145,1.2915,85690000,1
1499262960000,1499263019000,1.2915,1.29157,1.29142,1.29156,160590000,1
1499263020000,1499263079000,1.29156,1.29166,1.29144,1.29163,161410000,1
1499263080000,1499263139000,1.29165,1.2917,1.29131,1.29133,154010000,1
1499263140000,1499263199000,1.29133,1.29154,1.29108,1.29131,162480000,1
1499263200000,1499263259000,1.29131,1.29155,1.29124,1.2913,149360000,1
1499263260000,1499263319000,1.29132,1.29151,1.29131,1.29132,102570000,1
1499263320000,1499263379000,1.29132,1.29175,1.2913,1.29161,158710000,1
1499263380000,1499263439000,1.29161,1.29162,1.29143,1.29154,85590000,1
1499263440000,1499263499000,1.29154,1.2917,1.2914,1.29142,109110000,1
1499263500000,1499263559000,1.29141,1.29145,1.29121,1.29121,136190000,1
1499263560000,1499263619000,1.29122,1.29135,1.29099,1.2913,120380000,1
1499263620000,1499263679000,1.2913,1.29194,1.29124,1.29184,154940000,1
1499263680000,1499263739000,1.29184,1.2919,1.29178,1.2918,138620000,1
1499263740000,1499263799000,1.29178,1.29191,1.2916,1.29187,171090000,1
1499263800000,1499263859000,1.29188,1.29192,1.29173,1.29173,68800000,1
1499263860000,1499263919000,1.29173,1.29212,1.29169,1.29203,141940000,1
1499263920000,1499263979000,1.29203,1.29203,1.29166,1.29169,158090000,1
1499263980000,1499264039000,1.2917,1.29181,1.29167,1.29179,163150000,1
1499264040000,1499264099000,1.29179,1.29202,1.29172,1.29202,170130000,1
1499264100000,1499264159000,1.29199,1.29216,1.29197,1.29208,159670000,1
1499264160000,1499264219000,1.29209,1.29226,1.292,1.29212,208200000,1
1499264220000,1499264279000,1.29211,1.29226,1.292,1.29214,188530000,1
1499264280000,1499264339000,1.29215,1.29223,1.29193,1.29199,149860000,1
1499264340000,1499264399000,1.29197,1.29204,1.29188,1.29198,138760000,1
1499264400000,1499264459000,1.292,1.29203,1.2919,1.29202,116800000,1
1499264460000,1499264519000,1.29202,1.29203,1.29187,1.29203,81010000,1
1499264520000,1499264579000,1.29203,1.29212,1.29172,1.29172,151780000,1
1499264580000,1499264639000,1.2917,1.29173,1.2914,1.29173,158600000,1
1499264640000,1499264699000,1.29172,1.29191,1.29172,1.29183,62050000,1
1499264700000,1499264759000,1.29181,1.2919,1.29172,1.29181,98280000,1
1499264760000,1499264819000,1.29183,1.29192,1.29176,1.29183,95420000,1
1499264820000,1499264879000,1.29184,1.29214,1.29183,1.29214,82700000,1
1499264880000,1499264939000,1.29211,1.29213,1.29184,1.29189,107580000,1
1499264940000,1499264999000,1.29191,1.29193,1.29179,1.29181,121080000,1
1499265000000,1499265059000,1.29181,1.29206,1.29181,1.2919,119700000,1
1499265060000,1499265119000,1.2919,1.29209,1.2916,1.29202,159580000,1
1499265120000,1499265179000,1.29201,1.29221,1.292,1.29221,97450000,1
1499265180000,1499265239000,1.2922,1.29275,1.29214,1.29272,113100000,1
1499265240000,1499265299000,1.29271,1.29279,1.2925,1.29263,136840000,1
1499265300000,1499265359000,1.29262,1.2929,1.29262,1.2928,153900000,1
1499265360000,1499265419000,1.29277,1.29277,1.29235,1.2925,117660000,1
1499265420000,1499265479000,1.29252,1.29264,1.29252,1.29255,119590000,1
1499265480000,1499265539000,1.29255,1.29263,1.29239,1.29262,96430000,1
1499265540000,1499265599000,1.29262,1.29264,1.2924,1.29249,80600000,1
1499265600000,1499265659000,1.29248,1.29251,1.29233,1.29249,108150000,1
1499265660000,1499265719000,1.29248,1.29249,1.29229,1.29238,100890000,1
1499265720000,1499265779000,1.29237,1.29248,1.29229,1.29248,90430000,1
1499265780000,1499265839000,1.29248,1.29253,1.29237,1.29243,75940000,1
1499265840000,1499265899000,1.29244,1.29254,1.29239,1.29244,71700000,1
1499265900000,1499265959000,1.29242,1.29245,1.29228,1.29228,127180000,1
1499265960000,1499266019000,1.29232,1.29242,1.29228,1.29239,46430000,1
1499266020000,1499266079000,1.29239,1.29248,1.29238,1.29238,101730000,1
1499266080000,1499266139000,1.29239,1.29243,1.29224,1.29226,68000000,1
1499266140000,1499266199000,1.29229,1.29234,1.29217,1.29219,142650000,1
1499266200000,1499266259000,1.29219,1.2925,1.29218,1.2924,129180000,1
1499266260000,1499266319000,1.29241,1.29252,1.29231,1.2925,65320000,1
1499266320000,1499266379000,1.2925,1.29264,1.29247,1.29259,79710000,1
1499266380000,1499266439000,1.29259,1.2928,1.29257,1.2926,91250000,1
1499266440000,1499266499000,1.29261,1.29281,1.2926,1.29272,132020000,1
1499266500000,1499266559000,1.29272,1.29289,1.29272,1.29278,142770000,1
1499266560000,1499266619000,1.29278,1.29278,1.29256,1.29256,90340000,1
1499266620000,1499266679000,1.29256,1.29267,1.29226,1.29239,212450000,1
1499266680000,1499266739000,1.2924,1.29261,1.29229,1.29261,134870000,1
1499266740000,1499266799000,1.29262,1.29262,1.29219,1.29245,170680000,1
1499266800000,1499266859000,1.29245,1.2925,1.2922,1.2923,289920000,1
1499266860000,1499266919000,1.29231,1.29251,1.29228,1.29231,131550000,1
1499266920000,1499266979000,1.29234,1.29234,1.29219,1.29222,166830000,1
1499266980000,1499267039000,1.29223,1.29229,1.29209,1.29209,125020000,1
1499267040000,1499267099000,1.29209,1.29228,1.29208,1.29219,66930000,1
1499267100000,1499267159000,1.29219,1.29221,1.2921,1.29215,125620000,1
1499267160000,1499267219000,1.29213,1.29217,1.29202,1.29216,172480000,1
1499267220000,1499267279000,1.29214,1.29214,1.29203,1.2921,40610000,1
1499267280000,1499267339000,1.2921,1.2921,1.29191,1.29195,67620000,1
1499267340000,1499267399000,1.29194,1.29201,1.29182,1.29191,113690000,1
1499267400000,1499267459000,1.29191,1.29191,1.29174,1.29174,77850000,1
1499267460000,1499267519000,1.29175,1.2918,1.29168,1.29172,120340000,1
1499267520000,1499267579000,1.29172,1.29172,1.29136,1.29144,139290000,1
1499267580000,1499267639000,1.29145,1.29159,1.29142,1.29145,75240000,1
1499267640000,1499267699000,1.29141,1.29142,1.29122,1.29132,103520000,1
1499267700000,1499267759000,1.29132,1.29133,1.2911,1.29112,100000000,1
1499267760000,1499267819000,1.29112,1.29145,1.29112,1.29145,101790000,1
1499267820000,1499267879000,1.29145,1.29155,1.29142,1.29152,107100000,1
1499267880000,1499267939000,1.29152,1.29154,1.29141,1.29143,153760000,1
1499267940000,1499267999000,1.29143,1.29145,1.29122,1.29123,60600000,1
1499268000000,1499268059000,1.29122,1.29143,1.29122,1.29142,60030000,1
1499268060000,1499268119000,1.29142,1.29149,1.29141,1.29143,46230000,1
1499268120000,1499268179000,1.29143,1.29164,1.2912,1.29162,95720000,1
1499268180000,1499268239000,1.29164,1.29198,1.29164,1.29171,117390000,1
1499268240000,1499268299000,1.29171,1.29187,1.29171,1.29181,111670000,1
1499268300000,1499268359000,1.29181,1.29204,1.29181,1.2919,86470000,1
1499268360000,1499268419000,1.2919,1.29214,1.2919,1.2921,90930000,1
1499268420000,1499268479000,1.29209,1.29233,1.29209,1.29233,131400000,1
1499268480000,1499268539000,1.29232,1.29233,1.29226,1.2923,63240000,1
1499268540000,1499268599000,1.29228,1.29229,1.29209,1.29223,93500000,1
1499268600000,1499268659000,1.29217,1.29241,1.29209,1.29228,131470000,1
1499268660000,1499268719000,1.29226,1.29228,1.29209,1.29209,141990000,1
1499268720000,1499268779000,1.29208,1.29231,1.29208,1.2923,130730000,1
1499268780000,1499268839000,1.2923,1.29248,1.2923,1.29243,182100000,1
1499268840000,1499268899000,1.29242,1.29261,1.29231,1.29234,166080000,1
1499268900000,1499268959000,1.29235,1.29253,1.29235,1.29247,65870000,1
1499268960000,1499269019000,1.2925,1.29272,1.29242,1.29272,106490000,1
1499269020000,1499269079000,1.29272,1.29276,1.29261,1.29275,69760000,1
1499269080000,1499269139000,1.29275,1.2929,1.29272,1.29277,46050000,1
1499269140000,1499269199000,1.29278,1.29286,1.29274,1.29282,107610000,1
1499269200000,1499269259000,1.29282,1.29296,1.29278,1.29293,111850000,1
1499269260000,1499269319000,1.29294,1.29325,1.29293,1.293,123220000,1
1499269320000,1499269379000,1.293,1.2932,1.29298,1.29319,132930000,1
1499269380000,1499269439000,1.29319,1.29339,1.29319,1.2933,51110000,1
1499269440000,1499269499000,1.2933,1.29353,1.29315,1.29329,134920000,1
1499269500000,1499269559000,1.29329,1.29329,1.29302,1.29302,131350000,1
1499269560000,1499269619000,1.29302,1.29309,1.29297,1.29297,161730000,1
1499269620000,1499269679000,1.29297,1.29316,1.29297,1.29307,151730000,1
1499269680000,1499269739000,1.29308,1.29308,1.29298,1.29308,69410000,1
1499269740000,1499269799000,1.29306,1.29311,1.293,1.293,75070000,1
1499269800000,1499269859000,1.293,1.29301,1.29297,1.29298,61170000,1
1499269860000,1499269919000,1.29298,1.29298,1.29287,1.29288,63520000,1
1499269920000,1499269979000,1.29289,1.29289,1.2927,1.29271,116950000,1
1499269980000,1499270039000,1.29276,1.29312,1.29273,1.29309,101690000,1
1499270040000,1499270099000,1.29309,1.29323,1.29309,1.29321,47240000,1
1499270100000,1499270159000,1.29321,1.29331,1.29316,1.29328,69580000,1
1499270160000,1499270219000,1.29325,1.29327,1.29316,1.29324,68170000,1
1499270220000,1499270279000,1.29324,1.29333,1.29304,1.29311,96320000,1
1499270280000,1499270339000,1.29312,1.29354,1.29312,1.29344,130860000,1
1499270340000,1499270399000,1.29344,1.29344,1.29324,1.29328,98370000,1
1499270400000,1499270459000,1.29329,1.29338,1.29324,1.29327,141520000,1
1499270460000,1499270519000,1.29326,1.29355,1.29326,1.29353,93850000,1
1499270520000,1499270579000,1.29353,1.29356,1.29346,1.29346,201030000,1
1499270580000,1499270639000,1.29346,1.29346,1.29318,1.29329,140130000,1
1499270640000,1499270699000,1.29328,1.29329,1.29299,1.29301,119220000,1
1499270700000,1499270759000,1.29301,1.29309,1.29288,1.29288,92760000,1
1499270760000,1499270819000,1.29287,1.29293,1.29278,1.29288,66420000,1
1499270820000,1499270879000,1.29287,1.29288,1.29279,1.29279,71360000,1
1499270880000,1499270939000,1.29279,1.29279,1.29257,1.29259,97470000,1
1499270940000,1499270999000,1.29259,1.29261,1.29251,1.29261,66960000,1
1499271000000,1499271059000,1.29265,1.29267,1.29247,1.29247,97050000,1
1499271060000,1499271119000,1.29247,1.29249,1.29239,1.29239,64870000,1
1499271120000,1499271179000,1.29237,1.29245,1.29234,1.29239,75540000,1
1499271180000,1499271239000,1.29239,1.29239,1.29229,1.29229,69600000,1
1499271240000,1499271299000,1.29229,1.29229,1.29228,1.29228,39460000,1
1499271300000,1499271359000,1.29228,1.29229,1.29225,1.29227,55090000,1
1499271360000,1499271419000,1.29227,1.29227,1.29223,1.29225,83200000,1
1499271420000,1499271479000,1.29225,1.29227,1.29217,1.29227,48170000,1
1499271480000,1499271539000,1.29227,1.29241,1.29226,1.2924,41400000,1
1499271540000,1499271599000,1.29244,1.29249,1.29238,1.29238,62860000,1
1499271600000,1499271659000,1.29238,1.29239,1.29204,1.29216,117860000,1
1499271660000,1499271719000,1.29216,1.2922,1.29188,1.29188,130060000,1
1499271720000,1499271779000,1.29186,1.29188,1.29166,1.29167,89990000,1
1499271780000,1499271839000,1.29167,1.2919,1.29157,1.29189,85900000,1
1499271840000,1499271899000,1.29193,1.29199,1.29191,1.29191,63920000,1
1499271900000,1499271959000,1.2919,1.29197,1.29188,1.29197,69350000,1
1499271960000,1499272019000,1.29198,1.2922,1.29198,1.29218,58400000,1
1499272020000,1499272079000,1.2922,1.29222,1.29211,1.29217,39220000,1
1499272080000,1499272139000,1.29218,1.29218,1.29197,1.29197,73750000,1
1499272140000,1499272199000,1.29198,1.2921,1.29198,1.2921,36970000,1
1499272200000,1499272259000,1.29212,1.29213,1.29199,1.29201,86600000,1
1499272260000,1499272319000,1.29202,1.29209,1.29202,1.29203,83070000,1
1499272320000,1499272379000,1.29203,1.2921,1.29193,1.29199,94770000,1
1499272380000,1499272439000,1.29199,1.29205,1.29187,1.29189,139370000,1
1499272440000,1499272499000,1.29188,1.29189,1.29177,1.29185,59830000,1
1499272500000,1499272559000,1.29185,1.29185,1.29177,1.2918,46270000,1
1499272560000,1499272619000,1.29179,1.29189,1.29177,1.29187,102870000,1
1499272620000,1499272679000,1.29189,1.29189,1.29163,1.29169,86580000,1
1499272680000,1499272739000,1.29169,1.29173,1.29162,1.29167,55010000,1
1499272740000,1499272799000,1.29167,1.29171,1.29166,1.29168,64200000,1
1499272800000,1499272859000,1.2917,1.2917,1.29153,1.29159,84110000,1
1499272860000,1499272919000,1.29161,1.29161,1.29157,1.29157,22000000,1
1499272920000,1499272979000,1.29158,1.29167,1.29152,1.2916,48870000,1
1499272980000,1499273039000,1.2916,1.29169,1.29158,1.29167,48150000,1
1499273040000,1499273099000,1.29167,1.29173,1.29162,1.29172,70380000,1
1499273100000,1499273159000,1.29172,1.29179,1.29156,1.29178,112010000,1
1499273160000,1499273219000,1.29178,1.29178,1.29151,1.29151,49540000,1
1499273220000,1499273279000,1.29151,1.29161,1.29149,1.29158,59240000,1
1499273280000,1499273339000,1.29159,1.29167,1.29158,1.29158,84250000,1
1499273340000,1499273399000,1.29158,1.29158,1.29149,1.29149,32000000,1
1499273400000,1499273459000,1.29149,1.29158,1.29148,1.29158,37660000,1
1499273460000,1499273519000,1.29157,1.2921,1.29157,1.29209,82800000,1
1499273520000,1499273579000,1.29209,1.29218,1.29208,1.2921,67810000,1
1499273580000,1499273639000,1.29209,1.29245,1.29209,1.29238,80540000,1
1499273640000,1499273699000,1.29238,1.29238,1.29217,1.29218,44370000,1
1499273700000,1499273759000,1.29217,1.29221,1.29217,1.29219,39980000,1
1499273760000,1499273819000,1.2922,1.29228,1.29219,1.29222,51240000,1
1499273820000,1499273879000,1.29222,1.29229,1.2922,1.29229,48850000,1
1499273880000,1499273939000,1.29228,1.29236,1.29222,1.29223,42410000,1
1499273940000,1499273999000,1.29222,1.29227,1.29218,1.29222,68150000,1
1499274000000,1499274059000,1.29224,1.29237,1.29223,1.29231,50130000,1
1499274060000,1499274119000,1.29233,1.29236,1.29229,1.29229,36000000,1
1499274120000,1499274179000,1.2923,1.29234,1.29203,1.29203,51110000,1
1499274180000,1499274239000,1.29203,1.29212,1.29193,1.29212,61940000,1
1499274240000,1499274299000,1.29209,1.29222,1.29209,1.29222,15640000,1
1499274300000,1499274359000,1.2922,1.29231,1.29216,1.29219,37070000,1
1499274360000,1499274419000,1.29219,1.29227,1.29219,1.29222,31080000,1
1499274420000,1499274479000,1.29223,1.29223,1.29206,1.29209,77220000,1
1499274480000,1499274539000,1.29214,1.29226,1.29214,1.2922,57000000,1
1499274540000,1499274599000,1.2922,1.2923,1.29209,1.2923,41300000,1
1499274600000,1499274659000,1.2923,1.29234,1.2923,1.29231,7000000,1
1499274660000,1499274719000,1.29231,1.29236,1.29231,1.29235,25610000,1
1499274720000,1499274779000,1.29238,1.29238,1.29217,1.29224,56470000,1
1499274780000,1499274839000,1.29224,1.29244,1.29224,1.29233,46930000,1
1499274840000,1499274899000,1.29234,1.29245,1.29225,1.29245,42000000,1
1499274900000,1499274959000,1.29245,1.29252,1.29238,1.29252,27000000,1
1499274960000,1499275019000,1.29252,1.29255,1.29234,1.29239,55090000,1
1499275020000,1499275079000,1.29239,1.2924,1.29235,1.29238,68550000,1
1499275080000,1499275139000,1.29237,1.29238,1.29221,1.29227,83020000,1
1499275140000,1499275199000,1.29228,1.29241,1.29227,1.2924,52510000,1
1499275200000,1499275259000,1.2924,1.29256,1.2923,1.29253,55180000,1
1499275260000,1499275319000,1.29253,1.29256,1.29252,1.29253,27960000,1
1499275320000,1499275379000,1.29252,1.29253,1.29241,1.29241,21390000,1
1499275380000,1499275439000,1.2924,1.29254,1.2924,1.29253,48070000,1
1499275440000,1499275499000,1.29253,1.29255,1.29252,1.29252,18750000,1
1499275500000,1499275559000,1.29253,1.29253,1.2923,1.29233,47550000,1
1499275560000,1499275619000,1.29232,1.29236,1.29203,1.29207,68220000,1
1499275620000,1499275679000,1.29208,1.29225,1.29208,1.29224,244660000,1
1499275680000,1499275739000,1.29224,1.29234,1.29224,1.29233,43500000,1
1499275740000,1499275799000,1.29233,1.29234,1.29222,1.29222,33740000,1
1499275800000,1499275859000,1.29222,1.29229,1.29222,1.29229,24680000,1
1499275860000,1499275919000,1.2923,1.2923,1.29223,1.29228,80130000,1
1499275920000,1499275979000,1.29227,1.29228,1.29222,1.29222,70300000,1
1499275980000,1499276039000,1.29218,1.2922,1.29207,1.29207,68070000,1
1499276040000,1499276099000,1.29208,1.29229,1.29207,1.29227,56650000,1
1499276100000,1499276159000,1.29228,1.29229,1.29208,1.29208,141050000,1
1499276160000,1499276219000,1.29207,1.29224,1.29207,1.29222,55840000,1
1499276220000,1499276279000,1.29222,1.29244,1.29219,1.29232,45430000,1
1499276280000,1499276339000,1.2923,1.29239,1.2923,1.29238,32210000,1
1499276340000,1499276399000,1.29238,1.29238,1.29237,1.29237,31730000,1
1499276400000,1499276459000,1.29237,1.29238,1.29203,1.29203,101150000,1
1499276460000,1499276519000,1.29203,1.29208,1.29202,1.29208,53030000,1
1499276520000,1499276579000,1.29208,1.29209,1.29197,1.29208,93630000,1
1499276580000,1499276639000,1.29207,1.29228,1.29207,1.29219,118060000,1
1499276640000,1499276699000,1.29218,1.29218,1.29217,1.29218,14110000,1
1499276700000,1499276759000,1.29217,1.29217,1.29206,1.29207,49840000,1
1499276760000,1499276819000,1.29207,1.29208,1.29186,1.29186,40070000,1
1499276820000,1499276879000,1.29187,1.29207,1.29186,1.29207,55770000,1
1499276880000,1499276939000,1.29207,1.29213,1.29199,1.292,62700000,1
1499276940000,1499276999000,1.29198,1.29202,1.29198,1.29198,34910000,1
1499277000000,1499277059000,1.29198,1.292,1.29198,1.292,26060000,1
1499277060000,1499277119000,1.292,1.29218,1.292,1.29218,76630000,1
1499277120000,1499277179000,1.29218,1.29218,1.29202,1.29203,39780000,1
1499277180000,1499277239000,1.29204,1.29212,1.29204,1.2921,54080000,1
1499277240000,1499277299000,1.2921,1.2923,1.29207,1.2923,56870000,1
1499277300000,1499277359000,1.29231,1.29239,1.29224,1.29227,119380000,1
1499277360000,1499277419000,1.29228,1.29232,1.29225,1.29228,87370000,1
1499277420000,1499277479000,1.29228,1.29241,1.29228,1.29241,43350000,1
1499277480000,1499277539000,1.29241,1.29253,1.2924,1.29245,89590000,1
1499277540000,1499277599000,1.29242,1.29245,1.29206,1.29206,87350000,1
1499277600000,1499277659000,1.29208,1.29341,1.29208,1.29214,353000000,1
1499277660000,1499277719000,1.29223,1.29269,1.29185,1.29195,387980000,1
1499277720000,1499277779000,1.29195,1.292,1.29153,1.29153,281670000,1
1499277780000,1499277839000,1.29155,1.29229,1.29151,1.29226,260850000,1
1499277840000,1499277899000,1.29226,1.29227,1.29207,1.29217,139170000,1
1499277900000,1499277959000,1.29217,1.29217,1.29169,1.29189,299020000,1
1499277960000,1499278019000,1.29187,1.29194,1.29115,1.29128,376280000,1
1499278020000,1499278079000,1.29128,1.29155,1.29112,1.29141,265480000,1
1499278080000,1499278139000,1.29142,1.29158,1.29105,1.2912,242450000,1
1499278140000,1499278199000,1.29122,1.29134,1.29113,1.29128,177020000,1
1499278200000,1499278259000,1.29128,1.29158,1.29124,1.29158,165900000,1
1499278260000,1499278319000,1.29158,1.29189,1.29157,1.29189,134560000,1
1499278320000,1499278379000,1.29189,1.29189,1.29167,1.29177,137560000,1
1499278380000,1499278439000,1.29179,1.29198,1.29158,1.29189,144170000,1
1499278440000,1499278499000,1.29188,1.29198,1.29173,1.29191,136030000,1
1499278500000,1499278559000,1.29189,1.29219,1.29189,1.29198,127490000,1
1499278560000,1499278619000,1.29198,1.29208,1.29192,1.29197,165630000,1
1499278620000,1499278679000,1.29198,1.29199,1.29159,1.29168,133900000,1
1499278680000,1499278739000,1.29167,1.29188,1.29159,1.29168,184600000,1
1499278740000,1499278799000,1.29168,1.29176,1.29148,1.29158,189810000,1
1499278800000,1499278859000,1.29157,1.29169,1.29157,1.2916,67680000,1
1499278860000,1499278919000,1.2916,1.2916,1.29133,1.29138,135480000,1
1499278920000,1499278979000,1.29139,1.29164,1.29139,1.2916,165000000,1
1499278980000,1499279039000,1.29163,1.29177,1.2916,1.29172,129700000,1
1499279040000,1499279099000,1.29173,1.29174,1.29137,1.29148,162880000,1
1499279100000,1499279159000,1.29148,1.29161,1.29148,1.29159,101840000,1
1499279160000,1499279219000,1.29159,1.29167,1.2915,1.29167,78200000,1
1499279220000,1499279279000,1.29169,1.29169,1.29141,1.29151,172800000,1
1499279280000,1499279339000,1.29151,1.29156,1.29116,1.29117,191670000,1
1499279340000,1499279399000,1.29116,1.29152,1.29104,1.2913,173780000,1
1499279400000,1499279459000,1.29134,1.29141,1.29129,1.29138,56190000,1
1499279460000,1499279519000,1.29138,1.29145,1.29122,1.2913,78420000,1
1499279520000,1499279579000,1.29129,1.29145,1.29129,1.29137,103500000,1
1499279580000,1499279639000,1.29138,1.29138,1.29113,1.29117,112480000,1
1499279640000,1499279699000,1.29124,1.29126,1.29115,1.29119,84290000,1
1499279700000,1499279759000,1.29119,1.29119,1.29103,1.29108,76830000,1
1499279760000,1499279819000,1.29108,1.29112,1.29107,1.29112,38740000,1
1499279820000,1499279879000,1.29112,1.29125,1.29107,1.29118,64220000,1
1499279880000,1499279939000,1.29119,1.29132,1.29119,1.29127,85600000,1
1499279940000,1499279999000,1.29128,1.29134,1.29119,1.29128,71310000,1
1499280000000,1499280059000,1.29128,1.29129,1.2909,1.2909,134680000,1
1499280060000,1499280119000,1.29094,1.29108,1.29085,1.29108,86010000,1
1499280120000,1499280179000,1.29107,1.2912,1.29107,1.29117,61710000,1
1499280180000,1499280239000,1.29118,1.29125,1.29117,1.29122,82620000,1
1499280240000,1499280299000,1.29122,1.29138,1.29118,1.29135,49980000,1
1499280300000,1499280359000,1.29135,1.29188,1.29135,1.29188,103340000,1
1499280360000,1499280419000,1.29187,1.29188,1.2917,1.29177,141240000,1
1499280420000,1499280479000,1.29178,1.29183,1.2917,1.29177,83810000,1
1499280480000,1499280539000,1.29177,1.29202,1.29172,1.29197,156370000,1
1499280540000,1499280599000,1.29197,1.292,1.2919,1.29197,90950000,1
1499280600000,1499280659000,1.29198,1.29219,1.29196,1.29212,132050000,1
1499280660000,1499280719000,1.29216,1.29236,1.29214,1.29229,76780000,1
1499280720000,1499280779000,1.29229,1.29257,1.29222,1.29249,108350000,1
1499280780000,1499280839000,1.2925,1.29281,1.2925,1.29278,110270000,1
1499280840000,1499280899000,1.29276,1.29277,1.29268,1.29271,106230000,1
1499280900000,1499280959000,1.29271,1.29273,1.29261,1.29268,117370000,1
1499280960000,1499281019000,1.29268,1.29278,1.29267,1.29277,99470000,1
1499281020000,1499281079000,1.29277,1.2928,1.29266,1.29268,35320000,1
1499281080000,1499281139000,1.29268,1.29282,1.29266,1.29282,38470000,1
1499281140000,1499281199000,1.29282,1.29332,1.29281,1.29324,124510000,1
1499281200000,1499281259000,1.29326,1.29336,1.29305,1.29306,95820000,1
1499281260000,1499281319000,1.29306,1.29306,1.29289,1.29296,73010000,1
1499281320000,1499281379000,1.29295,1.29295,1.29288,1.29294,108600000,1
1499281380000,1499281439000,1.29294,1.29308,1.29285,1.29308,71500000,1
1499281440000,1499281499000,1.29307,1.29308,1.29297,1.29297,115590000,1
1499281500000,1499281559000,1.29297,1.293,1.29291,1.29293,94110000,1
1499281560000,1499281619000,1.29292,1.29298,1.29287,1.29298,95060000,1
1499281620000,1499281679000,1.29299,1.29299,1.29285,1.29287,112600000,1
1499281680000,1499281739000,1.29288,1.29288,1.29287,1.29288,27240000,1
1499281740000,1499281799000,1.29287,1.29294,1.29287,1.29287,26430000,1
1499281800000,1499281859000,1.29288,1.29288,1.29284,1.29285,29270000,1
1499281860000,1499281919000,1.29285,1.29306,1.29284,1.29306,2041580000,1
1499281920000,1499281979000,1.29306,1.29309,1.29297,1.29298,57960000,1
1499281980000,1499282039000,1.29297,1.29303,1.29297,1.29303,38290000,1
1499282040000,1499282099000,1.29305,1.29308,1.29298,1.29308,37740000,1
1499282100000,1499282159000,1.29308,1.29308,1.29294,1.29298,52480000,1
1499282160000,1499282219000,1.293,1.29312,1.29299,1.29311,61700000,1
1499282220000,1499282279000,1.29311,1.29311,1.29305,1.29308,35120000,1
1499282280000,1499282339000,1.29308,1.29308,1.29305,1.29307,23290000,1
1499282340000,1499282399000,1.29307,1.29308,1.29298,1.29308,53030000,1
1499282400000,1499282459000,1.29308,1.29308,1.29307,1.29307,21210000,1
1499282460000,1499282519000,1.29307,1.29314,1.29307,1.29308,48230000,1
1499282520000,1499282579000,1.29308,1.29319,1.29308,1.29318,48620000,1
1499282580000,1499282639000,1.29317,1.29331,1.29317,1.29327,68020000,1
1499282640000,1499282699000,1.29327,1.29328,1.29308,1.29318,60770000,1
1499282700000,1499282759000,1.29318,1.29328,1.29318,1.29327,47730000,1
1499282760000,1499282819000,1.29327,1.29328,1.29319,1.29319,85010000,1
1499282820000,1499282879000,1.29319,1.29319,1.29309,1.29309,32990000,1
1499282880000,1499282939000,1.29309,1.29323,1.29309,1.2932,63620000,1
1499282940000,1499282999000,1.29321,1.29364,1.29321,1.29332,89920000,1
1499283000000,1499283059000,1.29329,1.29333,1.29321,1.29321,77780000,1
1499283060000,1499283119000,1.29321,1.29329,1.29319,1.29323,77790000,1
1499283120000,1499283179000,1.29325,1.29352,1.29324,1.29338,74460000,1
1499283180000,1499283239000,1.29337,1.29353,1.29332,1.29346,141270000,1
1499283240000,1499283299000,1.29344,1.29349,1.29335,1.29337,104770000,1
1499283300000,1499283359000,1.29337,1.29338,1.29328,1.29329,47850000,1
1499283360000,1499283419000,1.29329,1.29329,1.29319,1.29319,63760000,1
1499283420000,1499283479000,1.29319,1.29325,1.29318,1.29325,60630000,1
1499283480000,1499283539000,1.29328,1.29332,1.29317,1.29318,45550000,1
1499283540000,1499283599000,1.29318,1.29321,1.29309,1.29318,63910000,1
1499283600000,1499283659000,1.29317,1.29329,1.29313,1.29328,69520000,1
1499283660000,1499283719000,1.29327,1.29329,1.2931,1.29318,69890000,1
1499283720000,1499283779000,1.29317,1.29319,1.29309,1.29309,46420000,1
1499283780000,1499283839000,1.2931,1.29311,1.29309,1.29309,20440000,1
1499283840000,1499283899000,1.29307,1.2932,1.29307,1.29319,41810000,1
1499283900000,1499283959000,1.29317,1.29318,1.29285,1.29288,78820000,1
1499283960000,1499284019000,1.29287,1.29288,1.29276,1.29287,82390000,1
1499284020000,1499284079000,1.29288,1.29288,1.29269,1.29269,87580000,1
1499284080000,1499284139000,1.29269,1.2928,1.29267,1.29277,95070000,1
1499284140000,1499284199000,1.29277,1.29283,1.29276,1.29278,38730000,1
1499284200000,1499284259000,1.29278,1.2928,1.29268,1.29269,69340000,1
1499284260000,1499284319000,1.29268,1.29284,1.29267,1.29284,110220000,1
1499284320000,1499284379000,1.29287,1.29287,1.29269,1.29278,89210000,1
1499284380000,1499284439000,1.29278,1.29278,1.29267,1.29267,65710000,1
1499284440000,1499284499000,1.29267,1.29278,1.29257,1.29263,127210000,1
1499284500000,1499284559000,1.29261,1.29265,1.29258,1.29262,143350000,1
1499284560000,1499284619000,1.29262,1.29278,1.29257,1.29266,122190000,1
1499284620000,1499284679000,1.29266,1.29272,1.29261,1.29272,83630000,1
1499284680000,1499284739000,1.29274,1.29288,1.29274,1.29284,101400000,1
1499284740000,1499284799000,1.29284,1.29284,1.29256,1.29266,132480000,1
1499284800000,1499284859000,1.29266,1.29276,1.2926,1.29266,122860000,1
1499284860000,1499284919000,1.29266,1.29266,1.2926,1.29264,116340000,1
1499284920000,1499284979000,1.29265,1.29265,1.29261,1.29262,86090000,1
1499284980000,1499285039000,1.29262,1.29267,1.2926,1.29267,77300000,1
1499285040000,1499285099000,1.29267,1.29267,1.29264,1.29265,105670000,1
1499285100000,1499285159000,1.29266,1.29268,1.29265,1.29267,86570000,1
1499285160000,1499285219000,1.29267,1.29276,1.29267,1.29275,49550000,1
1499285220000,1499285279000,1.29274,1.29276,1.29266,1.29266,78190000,1
1499285280000,1499285339000,1.29267,1.29268,1.29266,1.29266,64050000,1
1499285340000,1499285399000,1.29266,1.29269,1.29266,1.29269,50910000,1
1499285400000,1499285459000,1.2927,1.29274,1.29268,1.29268,38290000,1
1499285460000,1499285519000,1.29267,1.29267,1.29263,1.29267,68830000,1
1499285520000,1499285579000,1.29267,1.29273,1.29266,1.29267,45100000,1
1499285580000,1499285639000,1.29267,1.29271,1.29265,1.29266,39780000,1
1499285640000,1499285699000,1.29266,1.29272,1.29266,1.29269,56120000,1
1499285700000,1499285759000,1.29268,1.29268,1.29246,1.29248,77670000,1
1499285760000,1499285819000,1.29247,1.29247,1.29245,1.29245,31420000,1
1499285820000,1499285879000,1.29245,1.29248,1.29244,1.29248,57120000,1
1499285880000,1499285939000,1.29247,1.29248,1.29245,1.29246,72450000,1
1499285940000,1499285999000,1.29247,1.29248,1.29245,1.29245,123960000,1
1499286000000,1499286059000,1.29245,1.29253,1.29245,1.29245,133470000,1
1499286060000,1499286119000,1.29245,1.29251,1.29244,1.29249,184820000,1
1499286120000,1499286179000,1.2925,1.29257,1.29249,1.29256,129930000,1
1499286180000,1499286239000,1.29256,1.29266,1.29253,1.29266,105400000,1
1499286240000,1499286299000,1.29266,1.29274,1.29266,1.2927,41990000,1
1499286300000,1499286359000,1.29272,1.29286,1.29269,1.29277,38230000,1
1499286360000,1499286419000,1.2928,1.29281,1.2927,1.29271,59080000,1
1499286420000,1499286479000,1.2927,1.29282,1.2927,1.29276,80870000,1
1499286480000,1499286539000,1.29276,1.29278,1.29274,1.29274,55330000,1
1499286540000,1499286599000,1.29275,1.29275,1.29264,1.29268,101140000,1
1499286600000,1499286659000,1.2927,1.29273,1.29266,1.29273,84730000,1
1499286660000,1499286719000,1.29273,1.29275,1.29268,1.2927,66720000,1
1499286720000,1499286779000,1.2927,1.29275,1.2927,1.29271,39750000,1
1499286780000,1499286839000,1.29271,1.29282,1.29271,1.2928,50750000,1
1499286840000,1499286899000,1.29279,1.29282,1.29276,1.29277,65330000,1
1499286900000,1499286959000,1.29276,1.29278,1.29275,1.29277,68960000,1
1499286960000,1499287019000,1.29277,1.29313,1.29277,1.29313,42850000,1
1499287020000,1499287079000,1.29312,1.29314,1.29312,1.29314,17000000,1
1499287080000,1499287139000,1.29314,1.29315,1.29311,1.29314,30000000,1
1499287140000,1499287199000,1.29314,1.29315,1.29313,1.29314,37000000,1
1499287200000,1499287259000,1.29314,1.29331,1.29305,1.29309,144860000,1
1499287260000,1499287319000,1.29309,1.29314,1.29309,1.29312,43340000,1
1499287320000,1499287379000,1.29313,1.29324,1.29308,1.29323,80500000,1
1499287380000,1499287439000,1.29323,1.29328,1.29323,1.29327,35060000,1
1499287440000,1499287499000,1.29328,1.29328,1.29326,1.29328,41730000,1
1499287500000,1499287559000,1.29328,1.29328,1.29325,1.29327,38840000,1
1499287560000,1499287619000,1.29326,1.29328,1.29322,1.29328,69050000,1
1499287620000,1499287679000,1.29328,1.29333,1.29327,1.29333,27960000,1
1499287680000,1499287739000,1.29332,1.29335,1.29323,1.29328,79950000,1
1499287740000,1499287799000,1.29328,1.2933,1.29327,1.29328,59680000,1
1499287800000,1499287859000,1.29328,1.29335,1.29328,1.29333,86370000,1
1499287860000,1499287919000,1.29333,1.29338,1.29332,1.29332,90910000,1
1499287920000,1499287979000,1.29332,1.29333,1.29327,1.29327,47230000,1
1499287980000,1499288039000,1.29328,1.29328,1.29322,1.29327,59100000,1
1499288040000,1499288099000,1.29328,1.29334,1.29327,1.29334,54470000,1
1499288100000,1499288159000,1.29335,1.29336,1.29329,1.29333,48100000,1
1499288160000,1499288219000,1.29332,1.29333,1.29327,1.29328,62810000,1
1499288220000,1499288279000,1.29329,1.29338,1.29328,1.29332,64690000,1
1499288280000,1499288339000,1.29334,1.29335,1.29322,1.29328,69450000,1
1499288340000,1499288399000,1.29328,1.2934,1.29327,1.29337,43020000,1
1499288400000,1499288459000,1.29343,1.29343,1.293,1.29316,13870000,1
1499288460000,1499288519000,1.29314,1.29318,1.29314,1.29314,3750000,1
1499288520000,1499288579000,1.29314,1.29317,1.29314,1.29315,5250000,1
1499288580000,1499288639000,1.29316,1.29324,1.29316,1.29323,6000000,1
1499288640000,1499288699000,1.29324,1.29324,1.29323,1.29323,4000000,1
1499288700000,1499288759000,1.29324,1.29324,1.29323,1.29324,15500000,1
1499288760000,1499288819000,1.29324,1.2933,1.29324,1.29324,7000000,1
1499288820000,1499288879000,1.29325,1.29327,1.29324,1.29324,5500000,1
1499288880000,1499288939000,1.29324,1.29328,1.29324,1.29328,6000000,1
1499288940000,1499288999000,1.29324,1.29324,1.29323,1.29323,2000000,1
1499289000000,1499289059000,1.29323,1.29324,1.29323,1.29324,16000000,1
1499289060000,1499289119000,1.29323,1.29324,1.29323,1.29323,20500000,1
1499289120000,1499289179000,1.29324,1.29324,1.29323,1.29323,18500000,1
1499289180000,1499289239000,1.29324,1.29337,1.29323,1.29332,7500000,1
1499289240000,1499289299000,1.29327,1.29327,1.29327,1.29327,1500000,1
1499289300000,1499289359000,1.29327,1.29338,1.29327,1.29332,11740000,1
1499289360000,1499289419000,1.29332,1.29333,1.29332,1.29332,13000000,1
1499289420000,1499289479000,1.29332,1.29333,1.29327,1.29328,17000000,1
1499289480000,1499289539000,1.29327,1.29328,1.29317,1.29317,30620000,1
1499289540000,1499289599000,1.29318,1.2932,1.29317,1.2932,4000000,1
1499289600000,1499289659000,1.29324,1.29325,1.29318,1.29324,53440000,1
1499289660000,1499289719000,1.29324,1.29326,1.29322,1.29322,44930000,1
1499289720000,1499289779000,1.29323,1.29323,1.29322,1.29323,74620000,1
1499289780000,1499289839000,1.29322,1.29323,1.29322,1.29322,45150000,1
1499289840000,1499289899000,1.29323,1.29323,1.29312,1.29313,49710000,1
1499289900000,1499289959000,1.29313,1.29319,1.29312,1.29313,367210000,1
1499289960000,1499290019000,1.29314,1.29321,1.29312,1.29318,441060000,1
1499290020000,1499290079000,1.2932,1.29322,1.29317,1.2932,329150000,1
1499290080000,1499290139000,1.29321,1.29326,1.2932,1.29324,209180000,1
1499290140000,1499290199000,1.29325,1.29327,1.29321,1.29323,139750000,1
1499290200000,1499290259000,1.29322,1.29333,1.29319,1.29322,357180000,1
1499290260000,1499290319000,1.2932,1.29332,1.29318,1.29324,399980000,1
1499290320000,1499290379000,1.29323,1.29324,1.29317,1.29317,87020000,1
1499290380000,1499290439000,1.29318,1.29318,1.29317,1.29318,67500000,1
1499290440000,1499290499000,1.29317,1.29322,1.29317,1.2932,45970000,1
1499290500000,1499290559000,1.2932,1.29324,1.29319,1.29321,24100000,1
1499290560000,1499290619000,1.29323,1.29324,1.2932,1.29324,8220000,1
1499290620000,1499290679000,1.29324,1.29327,1.29324,1.29324,6170000,1
1499290680000,1499290739000,1.29324,1.29324,1.2932,1.29321,15610000,1
1499290740000,1499290799000,1.29323,1.29324,1.2932,1.29321,11350000,1
1499290800000,1499290859000,1.29321,1.29324,1.2932,1.29324,44550000,1
1499290860000,1499290919000,1.2932,1.29324,1.2932,1.29321,52810000,1
1499290920000,1499290979000,1.29323,1.29325,1.29319,1.29324,30850000,1
1499290980000,1499291039000,1.29323,1.29323,1.29323,1.29323,5800000,1
1499291040000,1499291099000,1.29323,1.29325,1.29323,1.29325,4350000,1
1499291100000,1499291159000,1.29325,1.29325,1.2932,1.29324,3900000,1
1499291160000,1499291219000,1.29324,1.29324,1.2932,1.2932,4450000,1
1499291220000,1499291279000,1.2932,1.2932,1.2932,1.2932,2000000,1
1499291280000,1499291339000,1.2932,1.29321,1.2932,1.29321,3000000,1
1499291340000,1499291399000,1.29321,1.29321,1.29321,1.29321,2000000,1
1499291400000,1499291459000,1.29321,1.29322,1.29321,1.29322,4000000,1
1499291460000,1499291519000,1.29322,1.29346,1.29321,1.2934,30850000,1
1499291520000,1499291579000,1.29341,1.29363,1.29336,1.29358,94490000,1
1499291580000,1499291639000,1.29357,1.29363,1.29357,1.29363,83370000,1
1499291640000,1499291699000,1.29362,1.29368,1.29351,1.29351,155610000,1
1499291700000,1499291759000,1.29352,1.29368,1.29351,1.29367,134230000,1
1499291760000,1499291819000,1.29368,1.29368,1.29367,1.29367,107000000,1
1499291820000,1499291879000,1.29368,1.29368,1.29367,1.29367,54000000,1
1499291880000,1499291939000,1.29368,1.29368,1.29363,1.29367,44000000,1
1499291940000,1499291999000,1.29368,1.29368,1.29359,1.29359,50090000,1
1499292000000,1499292059000,1.2936,1.29374,1.29354,1.29374,102000000,1
1499292060000,1499292119000,1.29374,1.2938,1.29369,1.29377,102300000,1
1499292120000,1499292179000,1.2938,1.29382,1.29377,1.29381,36130000,1
1499292180000,1499292239000,1.2938,1.29387,1.29378,1.29381,47680000,1
1499292240000,1499292299000,1.29379,1.29382,1.29377,1.29377,75050000,1
1499292300000,1499292359000,1.29375,1.2938,1.29372,1.29377,120590000,1
1499292360000,1499292419000,1.29377,1.2938,1.29372,1.29378,112600000,1
1499292420000,1499292479000,1.29378,1.29379,1.29377,1.29378,43390000,1
1499292480000,1499292539000,1.29377,1.29383,1.29374,1.29378,55470000,1
1499292540000,1499292599000,1.29378,1.2938,1.29377,1.29377,66970000,1
1499292600000,1499292659000,1.29378,1.29379,1.29372,1.29378,109160000,1
1499292660000,1499292719000,1.29378,1.29378,1.29372,1.29372,98810000,1
1499292720000,1499292779000,1.29373,1.29377,1.29372,1.29377,79120000,1
1499292780000,1499292839000,1.29377,1.29378,1.29373,1.29378,64500000,1
1499292840000,1499292899000,1.29378,1.29378,1.29372,1.29377,76180000,1
1499292900000,1499292959000,1.29377,1.29378,1.29372,1.29378,44120000,1
1499292960000,1499293019000,1.29378,1.29378,1.29372,1.29372,83690000,1
1499293020000,1499293079000,1.29373,1.29374,1.29372,1.29372,89110000,1
1499293080000,1499293139000,1.29373,1.29375,1.29372,1.29373,101480000,1
1499293140000,1499293199000,1.29372,1.29373,1.29372,1.29372,78630000,1
1499293200000,1499293259000,1.29373,1.29373,1.29372,1.29372,102380000,1
1499293260000,1499293319000,1.29372,1.29373,1.29372,1.29372,122200000,1
1499293320000,1499293379000,1.29372,1.29372,1.29368,1.29368,61990000,1
1499293380000,1499293439000,1.29368,1.2937,1.29367,1.29368,95890000,1
1499293440000,1499293499000,1.29368,1.2937,1.29367,1.29369,166650000,1
1499293500000,1499293559000,1.29369,1.29375,1.29367,1.29368,187860000,1
1499293560000,1499293619000,1.29368,1.29369,1.29367,1.29368,167530000,1
1499293620000,1499293679000,1.29368,1.2937,1.29367,1.29367,141370000,1
1499293680000,1499293739000,1.29368,1.29368,1.29367,1.29368,104660000,1
1499293740000,1499293799000,1.29368,1.29368,1.29362,1.29364,169080000,1
1499293800000,1499293859000,1.29362,1.29366,1.29362,1.29364,200790000,1
1499293860000,1499293919000,1.29365,1.29368,1.29362,1.29363,208040000,1
1499293920000,1499293979000,1.29362,1.29363,1.29362,1.29362,111180000,1
1499293980000,1499294039000,1.29362,1.29363,1.29362,1.29362,127880000,1
1499294040000,1499294099000,1.29362,1.29363,1.29362,1.29363,107600000,1
1499294100000,1499294159000,1.29362,1.29364,1.29358,1.29358,237490000,1
1499294160000,1499294219000,1.29358,1.29363,1.29358,1.29362,124790000,1
1499294220000,1499294279000,1.29363,1.29363,1.29362,1.29362,84480000,1
1499294280000,1499294339000,1.29363,1.29363,1.29343,1.29344,116930000,1
1499294340000,1499294399000,1.29344,1.29344,1.29342,1.29344,187600000,1
1499294400000,1499294459000,1.29344,1.29345,1.2934,1.29341,202460000,1
1499294460000,1499294519000,1.29346,1.29346,1.29346,1.29346,73000000,1
1499294520000,1499294579000,1.29341,1.29344,1.29341,1.29343,153500000,1
1499294580000,1499294639000,1.29343,1.29345,1.29341,1.29342,143170000,1
1499294640000,1499294699000,1.29342,1.29345,1.29341,1.29343,125180000,1
1499294700000,1499294759000,1.29342,1.29343,1.29341,1.29342,96500000,1
1499294760000,1499294819000,1.29342,1.29344,1.29341,1.29344,85830000,1
1499294820000,1499294879000,1.29343,1.29344,1.29341,1.29342,129580000,1
1499294880000,1499294939000,1.29341,1.29343,1.29341,1.29341,122110000,1
1499294940000,1499294999000,1.29342,1.29342,1.29341,1.29342,120150000,1
1499295000000,1499295059000,1.29341,1.29343,1.29341,1.29342,88480000,1
1499295060000,1499295119000,1.29342,1.29343,1.29341,1.29341,195750000,1
1499295120000,1499295179000,1.29341,1.29345,1.29341,1.29342,152140000,1
1499295180000,1499295239000,1.29341,1.29348,1.29341,1.29343,38810000,1
1499295240000,1499295299000,1.29343,1.29343,1.29341,1.29342,45720000,1
1499295300000,1499295359000,1.29341,1.29343,1.29341,1.29342,42460000,1
1499295360000,1499295419000,1.29341,1.29344,1.2934,1.29342,103900000,1
1499295420000,1499295479000,1.29342,1.29345,1.29342,1.29343,41980000,1
1499295480000,1499295539000,1.29344,1.29345,1.29343,1.29344,76490000,1
1499295540000,1499295599000,1.29344,1.29346,1.29343,1.29345,55120000,1
1499295600000,1499295659000,1.29345,1.29363,1.29345,1.29362,38570000,1
1499295660000,1499295719000,1.29363,1.29368,1.29358,1.29362,45750000,1
1499295720000,1499295779000,1.29362,1.29363,1.29362,1.29362,25000000,1
1499295780000,1499295839000,1.29363,1.29363,1.29362,1.29362,19000000,1
1499295840000,1499295899000,1.29363,1.29363,1.29362,1.29362,29000000,1
1499295900000,1499295959000,1.29363,1.29363,1.29362,1.29362,23000000,1
1499295960000,1499296019000,1.29363,1.29363,1.2936,1.2936,13500000,1
1499296020000,1499296079000,1.29361,1.29363,1.29361,1.29363,41000000,1
1499296080000,1499296139000,1.29364,1.29364,1.29359,1.29359,25860000,1
1499296140000,1499296199000,1.29359,1.29363,1.29358,1.29362,41020000,1
1499296200000,1499296259000,1.29361,1.29363,1.29358,1.2936,69650000,1
1499296260000,1499296319000,1.29361,1.29361,1.29356,1.29356,74030000,1
1499296320000,1499296379000,1.29356,1.29358,1.29354,1.29358,63780000,1
1499296380000,1499296439000,1.29358,1.29359,1.29355,1.29355,53410000,1
1499296440000,1499296499000,1.29355,1.29358,1.29353,1.29357,52290000,1
1499296500000,1499296559000,1.29357,1.29358,1.29349,1.29352,42490000,1
1499296560000,1499296619000,1.29353,1.29353,1.29348,1.29348,17500000,1
1499296620000,1499296679000,1.29349,1.29349,1.29347,1.29347,23570000,1
1499296680000,1499296739000,1.29347,1.29347,1.29346,1.29347,9360000,1
1499296740000,1499296799000,1.29347,1.29349,1.29347,1.29348,71580000,1
1499296800000,1499296859000,1.29348,1.29348,1.29346,1.29347,56730000,1
1499296860000,1499296919000,1.29347,1.29348,1.29346,1.29348,82660000,1
1499296920000,1499296979000,1.29347,1.29348,1.29347,1.29348,58380000,1
1499296980000,1499297039000,1.29348,1.29348,1.29346,1.29346,53970000,1
1499297040000,1499297099000,1.29347,1.29348,1.29346,1.29347,46310000,1
1499297100000,1499297159000,1.29347,1.29347,1.29347,1.29347,19020000,1
1499297160000,1499297219000,1.29347,1.29361,1.29346,1.2936,45710000,1
1499297220000,1499297279000,1.29358,1.29361,1.29358,1.29359,27070000,1
1499297280000,1499297339000,1.29359,1.29363,1.29358,1.29361,37000000,1
1499297340000,1499297399000,1.2936,1.2936,1.29348,1.29349,22180000,1
1499297400000,1499297459000,1.29348,1.29351,1.29347,1.29348,29570000,1
1499297460000,1499297519000,1.29349,1.29352,1.29321,1.29327,67410000,1
1499297520000,1499297579000,1.29327,1.29327,1.29323,1.29324,8230000,1
1499297580000,1499297639000,1.29323,1.29323,1.29322,1.29322,30710000,1
1499297640000,1499297699000,1.29323,1.29325,1.29323,1.29324,5000000,1
1499297700000,1499297759000,1.29324,1.29326,1.29322,1.29323,14450000,1
1499297760000,1499297819000,1.29322,1.29323,1.29321,1.29321,37650000,1
1499297820000,1499297879000,1.29321,1.29325,1.29321,1.29325,25930000,1
1499297880000,1499297939000,1.29325,1.29325,1.29325,1.29325,3000000,1
1499297940000,1499297999000,1.29325,1.29325,1.29323,1.29323,9000000,1
1499298000000,1499298059000,1.29324,1.29324,1.29318,1.2932,19810000,1
1499298060000,1499298119000,1.29319,1.29319,1.29317,1.29317,14420000,1
1499298120000,1499298179000,1.29319,1.29321,1.29319,1.2932,6490000,1
1499298180000,1499298239000,1.2932,1.29322,1.29319,1.2932,33900000,1
1499298240000,1499298299000,1.29322,1.29322,1.2932,1.2932,7800000,1
1499298300000,1499298359000,1.29323,1.29324,1.29322,1.29323,6000000,1
1499298360000,1499298419000,1.29323,1.29324,1.29322,1.29323,6000000,1
1499298420000,1499298479000,1.29323,1.29323,1.29322,1.29322,7000000,1
1499298480000,1499298539000,1.29323,1.29323,1.29322,1.29322,3000000,1
1499298540000,1499298599000,1.29322,1.29322,1.29321,1.29321,6000000,1
1499298600000,1499298659000,1.29322,1.29324,1.29322,1.29323,6000000,1
1499298660000,1499298719000,1.29323,1.29325,1.29323,1.29325,8000000,1
1499298720000,1499298779000,1.29324,1.29325,1.29323,1.29324,6000000,1
1499298780000,1499298839000,1.29323,1.29324,1.29323,1.29324,7000000,1
1499298840000,1499298899000,1.29323,1.29324,1.29321,1.29321,9930000,1
1499298900000,1499298959000,1.29321,1.29321,1.29319,1.29319,11240000,1
1499298960000,1499299019000,1.29319,1.29321,1.2931,1.29312,104220000,1
1499299020000,1499299079000,1.29311,1.29313,1.29308,1.29309,92010000,1
1499299080000,1499299139000,1.29309,1.29309,1.29306,1.29307,49350000,1
1499299140000,1499299199000,1.29309,1.2931,1.29303,1.29305,34590000,1
1499299200000,1499299259000,1.29302,1.29302,1.29283,1.29289,72050000,1
1499299260000,1499299319000,1.29286,1.29286,1.29268,1.29279,113350000,1
1499299320000,1499299379000,1.29273,1.29273,1.29255,1.29255,83760000,1
1499299380000,1499299439000,1.29255,1.29256,1.29239,1.29245,167390000,1
1499299440000,1499299499000,1.29247,1.29256,1.29246,1.29254,72240000,1
1499299500000,1499299559000,1.29253,1.29279,1.29253,1.29269,61710000,1
1499299560000,1499299619000,1.2927,1.29278,1.29266,1.29267,109280000,1
1499299620000,1499299679000,1.29267,1.29271,1.29264,1.29269,113920000,1
1499299680000,1499299739000,1.2927,1.2927,1.29266,1.29268,65250000,1
1499299740000,1499299799000,1.29267,1.29267,1.29264,1.29266,84690000,1
1499299800000,1499299859000,1.29265,1.29269,1.29265,1.29266,121360000,1
1499299860000,1499299919000,1.29266,1.29267,1.29264,1.29265,45210000,1
1499299920000,1499299979000,1.29265,1.29268,1.29265,1.29268,48690000,1
1499299980000,1499300039000,1.29267,1.29268,1.29262,1.29265,74840000,1
1499300040000,1499300099000,1.29265,1.29267,1.29265,1.29267,56690000,1
1499300100000,1499300159000,1.29266,1.29266,1.29255,1.29255,46340000,1
1499300160000,1499300219000,1.29257,1.2926,1.29244,1.29247,119740000,1
1499300220000,1499300279000,1.29247,1.29255,1.29247,1.29252,53260000,1
1499300280000,1499300339000,1.29252,1.29262,1.29252,1.29255,146500000,1
1499300340000,1499300399000,1.29255,1.29258,1.29254,1.29258,86710000,1
1499300400000,1499300459000,1.29257,1.2927,1.29257,1.29269,77580000,1
1499300460000,1499300519000,1.29269,1.29279,1.29269,1.29276,62720000,1
1499300520000,1499300579000,1.2928,1.2928,1.29275,1.29276,31950000,1
1499300580000,1499300639000,1.29276,1.29276,1.29272,1.29274,33260000,1
1499300640000,1499300699000,1.29274,1.29274,1.29264,1.29264,49940000,1
1499300700000,1499300759000,1.29266,1.29291,1.29265,1.2929,52060000,1
1499300760000,1499300819000,1.29289,1.29296,1.29285,1.29285,50410000,1
1499300820000,1499300879000,1.29285,1.29285,1.29236,1.29245,128840000,1
1499300880000,1499300939000,1.29245,1.2928,1.29243,1.29279,79470000,1
1499300940000,1499300999000,1.29279,1.29281,1.29275,1.29275,64180000,1
1499301000000,1499301059000,1.29275,1.29278,1.29273,1.29273,58910000,1
1499301060000,1499301119000,1.29272,1.29281,1.29271,1.29273,46140000,1
1499301120000,1499301179000,1.29273,1.29273,1.29265,1.29271,18760000,1
1499301180000,1499301239000,1.29271,1.29272,1.29266,1.29268,24060000,1
1499301240000,1499301299000,1.29268,1.29286,1.29268,1.29286,28940000,1
1499301300000,1499301359000,1.29284,1.29284,1.29267,1.29267,47260000,1
1499301360000,1499301419000,1.29265,1.29281,1.29251,1.29281,60270000,1
1499301420000,1499301479000,1.29281,1.29317,1.29281,1.29308,96420000,1
1499301480000,1499301539000,1.29308,1.29308,1.29303,1.29303,49470000,1
1499301540000,1499301599000,1.29303,1.29303,1.29286,1.29286,69990000,1
1499301600000,1499301659000,1.29286,1.29286,1.29257,1.29262,82480000,1
1499301660000,1499301719000,1.29262,1.29271,1.2926,1.2927,44740000,1
1499301720000,1499301779000,1.2927,1.29279,1.29268,1.29273,34480000,1
1499301780000,1499301839000,1.29273,1.29281,1.2925,1.29252,107000000,1
1499301840000,1499301899000,1.29251,1.29262,1.2925,1.29259,168950000,1
1499301900000,1499301959000,1.29258,1.29262,1.29247,1.29247,180600000,1
1499301960000,1499302019000,1.29247,1.29257,1.29244,1.29248,131000000,1
1499302020000,1499302079000,1.29248,1.29273,1.29248,1.2927,117050000,1
1499302080000,1499302139000,1.2927,1.29289,1.2927,1.2928,90170000,1
1499302140000,1499302199000,1.2928,1.29281,1.2928,1.2928,26770000,1
1499302200000,1499302259000,1.29278,1.2928,1.29276,1.29277,30960000,1
1499302260000,1499302319000,1.29277,1.29278,1.29267,1.29269,72380000,1
1499302320000,1499302379000,1.29269,1.29279,1.29266,1.29276,49050000,1
1499302380000,1499302439000,1.29278,1.29291,1.29276,1.2928,93130000,1
1499302440000,1499302499000,1.29281,1.29282,1.29269,1.2927,84560000,1
1499302500000,1499302559000,1.29268,1.29293,1.29259,1.29292,107050000,1
1499302560000,1499302619000,1.29291,1.29299,1.29291,1.29295,67930000,1
1499302620000,1499302679000,1.29293,1.29312,1.29291,1.29305,145120000,1
1499302680000,1499302739000,1.29304,1.29306,1.29281,1.29284,93110000,1
1499302740000,1499302799000,1.29284,1.29314,1.29284,1.29312,113760000,1
1499302800000,1499302859000,1.29313,1.29313,1.29275,1.2929,108300000,1
1499302860000,1499302919000,1.29288,1.29294,1.29279,1.29281,106800000,1
1499302920000,1499302979000,1.29281,1.29284,1.29273,1.29281,106150000,1
1499302980000,1499303039000,1.29279,1.29279,1.29252,1.29258,139350000,1
1499303040000,1499303099000,1.2925,1.29273,1.29243,1.29259,114990000,1
1499303100000,1499303159000,1.29258,1.29272,1.29252,1.29272,120180000,1
1499303160000,1499303219000,1.29272,1.29273,1.29262,1.29262,53000000,1
1499303220000,1499303279000,1.29262,1.293,1.29262,1.29294,67180000,1
1499303280000,1499303339000,1.29294,1.29297,1.29282,1.29282,59280000,1
1499303340000,1499303399000,1.29279,1.29288,1.29267,1.29287,101600000,1
1499303400000,1499303459000,1.29287,1.29296,1.29275,1.29296,70620000,1
1499303460000,1499303519000,1.29296,1.29305,1.29295,1.29303,33500000,1
1499303520000,1499303579000,1.29303,1.29313,1.29302,1.29312,42630000,1
1499303580000,1499303639000,1.29313,1.29317,1.29292,1.29298,57310000,1
1499303640000,1499303699000,1.29297,1.29303,1.29296,1.29303,61840000,1
1499303700000,1499303759000,1.29302,1.2931,1.29292,1.29292,86050000,1
1499303760000,1499303819000,1.29292,1.29303,1.29292,1.29298,65250000,1
1499303820000,1499303879000,1.29298,1.29302,1.29297,1.293,68860000,1
1499303880000,1499303939000,1.29301,1.29303,1.29292,1.29293,35930000,1
1499303940000,1499303999000,1.29292,1.29303,1.29291,1.29294,96950000,1
1499304000000,1499304059000,1.29293,1.29308,1.29292,1.29303,51420000,1
1499304060000,1499304119000,1.29302,1.29313,1.29302,1.29312,31430000,1
1499304120000,1499304179000,1.29312,1.29321,1.29311,1.29321,61550000,1
1499304180000,1499304239000,1.29321,1.29322,1.29313,1.29321,51460000,1
1499304240000,1499304299000,1.29321,1.29321,1.29311,1.29311,63720000,1
1499304300000,1499304359000,1.29311,1.29311,1.29309,1.2931,31940000,1
1499304360000,1499304419000,1.29311,1.29316,1.29311,1.29314,84100000,1
1499304420000,1499304479000,1.29314,1.29316,1.29305,1.29307,178370000,1
1499304480000,1499304539000,1.29307,1.29344,1.29307,1.29343,131150000,1
1499304540000,1499304599000,1.29343,1.29345,1.29342,1.29344,75120000,1
1499304600000,1499304659000,1.29344,1.29355,1.29341,1.29341,63270000,1
1499304660000,1499304719000,1.29341,1.29341,1.2932,1.2932,34950000,1
1499304720000,1499304779000,1.2932,1.2932,1.29298,1.29299,74540000,1
1499304780000,1499304839000,1.29299,1.29309,1.29287,1.2929,85590000,1
1499304840000,1499304899000,1.2929,1.2929,1.29278,1.29284,76090000,1
1499304900000,1499304959000,1.29284,1.2929,1.29282,1.29288,70830000,1
1499304960000,1499305019000,1.29289,1.29289,1.29285,1.29289,39580000,1
1499305020000,1499305079000,1.29289,1.29289,1.29288,1.29288,9240000,1
1499305080000,1499305139000,1.29287,1.29301,1.29287,1.29301,55540000,1
1499305140000,1499305199000,1.29301,1.29301,1.2929,1.2929,39790000,1
1499305200000,1499305259000,1.2929,1.29291,1.2929,1.2929,25830000,1
1499305260000,1499305319000,1.2929,1.2929,1.29289,1.29289,44810000,1
1499305320000,1499305379000,1.29289,1.29291,1.29286,1.29286,65480000,1
1499305380000,1499305439000,1.29285,1.29285,1.29279,1.29279,86800000,1
1499305440000,1499305499000,1.2928,1.29282,1.2927,1.29272,47310000,1
1499305500000,1499305559000,1.29273,1.29273,1.29266,1.29267,40580000,1
1499305560000,1499305619000,1.29266,1.29268,1.29264,1.29264,72840000,1
1499305620000,1499305679000,1.29266,1.2927,1.29259,1.29265,48700000,1
1499305680000,1499305739000,1.29265,1.29269,1.29264,1.29269,41120000,1
1499305740000,1499305799000,1.29266,1.29271,1.29263,1.29269,49970000,1
1499305800000,1499305859000,1.29269,1.29269,1.29266,1.29267,24040000,1
1499305860000,1499305919000,1.29265,1.29265,1.29259,1.29259,63220000,1
1499305920000,1499305979000,1.29259,1.29259,1.29256,1.29257,68100000,1
1499305980000,1499306039000,1.29257,1.29258,1.29249,1.29255,38230000,1
1499306040000,1499306099000,1.29255,1.29255,1.29248,1.29248,22860000,1
1499306100000,1499306159000,1.29248,1.2925,1.29247,1.2925,12690000,1
1499306160000,1499306219000,1.2925,1.2925,1.29243,1.29243,21260000,1
1499306220000,1499306279000,1.29243,1.29247,1.29243,1.29247,50230000,1
1499306280000,1499306339000,1.29247,1.29247,1.29216,1.29216,89460000,1
1499306340000,1499306399000,1.29217,1.29217,1.29199,1.29211,55780000,1
1499306400000,1499306459000,1.29211,1.29217,1.29195,1.29211,85860000,1
1499306460000,1499306519000,1.29211,1.29221,1.29211,1.29221,75940000,1
1499306520000,1499306579000,1.29221,1.29232,1.29221,1.29232,61240000,1
1499306580000,1499306639000,1.29231,1.29232,1.29231,1.29231,45000000,1
1499306640000,1499306699000,1.29231,1.29232,1.29206,1.29207,93170000,1
1499306700000,1499306759000,1.29207,1.29221,1.29207,1.2922,148580000,1
1499306760000,1499306819000,1.2922,1.29223,1.2922,1.2922,64300000,1
1499306820000,1499306879000,1.2922,1.29229,1.29216,1.29229,84020000,1
1499306880000,1499306939000,1.29229,1.29236,1.29228,1.29229,31100000,1
1499306940000,1499306999000,1.29228,1.2923,1.29222,1.29223,59860000,1
1499307000000,1499307059000,1.29222,1.29233,1.29222,1.29232,42370000,1
1499307060000,1499307119000,1.29233,1.29233,1.29225,1.2923,34490000,1
1499307120000,1499307179000,1.2923,1.29232,1.29229,1.29232,9750000,1
1499307180000,1499307239000,1.29232,1.29233,1.29232,1.29232,28630000,1
1499307240000,1499307299000,1.29233,1.29233,1.29232,1.29232,20750000,1
1499307300000,1499307359000,1.29232,1.29233,1.29232,1.29232,27000000,1
1499307360000,1499307419000,1.29232,1.29253,1.29232,1.29253,40710000,1
1499307420000,1499307479000,1.29252,1.29272,1.29252,1.29272,62570000,1
1499307480000,1499307539000,1.2927,1.29274,1.29269,1.29272,23370000,1
1499307540000,1499307599000,1.29273,1.29273,1.29272,1.29272,9000000,1
1499307600000,1499307659000,1.29273,1.29273,1.29262,1.29264,69000000,1
1499307660000,1499307719000,1.29265,1.29271,1.29263,1.29269,33500000,1
1499307720000,1499307779000,1.29269,1.2927,1.2926,1.2926,48620000,1
1499307780000,1499307839000,1.2926,1.29261,1.29258,1.29259,43500000,1
1499307840000,1499307899000,1.29259,1.29265,1.29258,1.29265,47500000,1
1499307900000,1499307959000,1.29265,1.29265,1.29259,1.29259,34000000,1
1499307960000,1499308019000,1.29259,1.29259,1.29256,1.29259,27100000,1
1499308020000,1499308079000,1.29259,1.29273,1.29258,1.29272,40720000,1
1499308080000,1499308139000,1.29273,1.29273,1.29261,1.29272,58300000,1
1499308140000,1499308199000,1.29273,1.29273,1.29261,1.29263,38290000,1
1499308200000,1499308259000,1.29262,1.29285,1.29262,1.29283,76310000,1
1499308260000,1499308319000,1.29285,1.29298,1.29282,1.29297,53270000,1
1499308320000,1499308379000,1.29294,1.29294,1.29293,1.29294,35500000,1
1499308380000,1499308439000,1.29294,1.29299,1.29294,1.29299,28960000,1
1499308440000,1499308499000,1.29299,1.29299,1.29294,1.29294,27860000,1
1499308500000,1499308559000,1.29292,1.29292,1.2929,1.2929,21090000,1
1499308560000,1499308619000,1.29291,1.29291,1.2929,1.29291,39030000,1
1499308620000,1499308679000,1.29291,1.29294,1.2929,1.29291,21380000,1
1499308680000,1499308739000,1.2929,1.29294,1.29284,1.29285,23300000,1
1499308740000,1499308799000,1.29287,1.2929,1.29284,1.29285,32710000,1
1499308800000,1499308859000,1.29285,1.29286,1.29285,1.29286,18190000,1
1499308860000,1499308919000,1.29285,1.29313,1.29282,1.29308,51530000,1
1499308920000,1499308979000,1.29308,1.29326,1.29308,1.29326,74680000,1
1499308980000,1499309039000,1.29326,1.29326,1.29323,1.29325,19620000,1
1499309040000,1499309099000,1.29324,1.29379,1.2932,1.29352,90540000,1
1499309100000,1499309159000,1.29351,1.29356,1.29337,1.29337,61400000,1
1499309160000,1499309219000,1.29337,1.29342,1.29337,1.29339,60950000,1
1499309220000,1499309279000,1.29339,1.29339,1.29339,1.29339,65790000,1
1499309280000,1499309339000,1.29339,1.2936,1.29339,1.2936,99740000,1
1499309340000,1499309399000,1.2936,1.29396,1.2936,1.29378,124770000,1
1499309400000,1499309459000,1.2938,1.29382,1.29319,1.29324,106700000,1
1499309460000,1499309519000,1.29322,1.29333,1.29317,1.29328,89490000,1
1499309520000,1499309579000,1.29328,1.2934,1.29326,1.2934,68620000,1
1499309580000,1499309639000,1.2934,1.2934,1.29337,1.2934,10000000,1
1499309640000,1499309699000,1.2934,1.2934,1.29332,1.29334,17000000,1
1499309700000,1499309759000,1.29332,1.29333,1.2933,1.29333,37730000,1
1499309760000,1499309819000,1.29333,1.29334,1.29331,1.29334,18860000,1
1499309820000,1499309879000,1.29334,1.29334,1.29331,1.29331,25820000,1
1499309880000,1499309939000,1.29332,1.29332,1.2933,1.29331,36570000,1
1499309940000,1499309999000,1.2933,1.29331,1.29318,1.2932,48610000,1
1499310000000,1499310059000,1.29321,1.29325,1.29314,1.29316,97540000,1
1499310060000,1499310119000,1.29316,1.29318,1.29316,1.29317,18220000,1
1499310120000,1499310179000,1.29317,1.2932,1.29314,1.29314,24120000,1
1499310180000,1499310239000,1.29314,1.29317,1.2931,1.2931,74140000,1
1499310240000,1499310299000,1.2931,1.2931,1.29299,1.29302,45530000,1
1499310300000,1499310359000,1.29302,1.29311,1.29302,1.29311,35910000,1
1499310360000,1499310419000,1.29307,1.29311,1.29306,1.29311,11880000,1
1499310420000,1499310479000,1.29307,1.29309,1.29287,1.29291,72490000,1
1499310480000,1499310539000,1.29287,1.29353,1.29282,1.29352,82930000,1
1499310540000,1499310599000,1.29352,1.29353,1.29345,1.29346,83030000,1
1499310600000,1499310659000,1.29346,1.2935,1.29346,1.29349,49350000,1
1499310660000,1499310719000,1.29349,1.29377,1.29349,1.29375,172480000,1
1499310720000,1499310779000,1.29379,1.29386,1.29326,1.29335,156880000,1
1499310780000,1499310839000,1.29336,1.29339,1.29325,1.29328,156100000,1
1499310840000,1499310899000,1.29328,1.29338,1.29327,1.29328,68390000,1
1499310900000,1499310959000,1.29328,1.29362,1.29328,1.29362,52550000,1
1499310960000,1499311019000,1.29362,1.2937,1.29362,1.29369,23560000,1
1499311020000,1499311079000,1.29369,1.29384,1.29369,1.29383,28000000,1
1499311080000,1499311139000,1.29383,1.29383,1.29374,1.29377,47250000,1
1499311140000,1499311199000,1.29377,1.2938,1.29363,1.29374,39880000,1
1499311200000,1499311259000,1.29375,1.29376,1.29372,1.29375,98090000,1
1499311260000,1499311319000,1.29376,1.2938,1.29374,1.2938,106900000,1
1499311320000,1499311379000,1.2938,1.29393,1.2938,1.2939,107780000,1
1499311380000,1499311439000,1.2939,1.29402,1.2939,1.294,106510000,1
1499311440000,1499311499000,1.29403,1.29405,1.29401,1.29403,178940000,1
1499311500000,1499311559000,1.29404,1.29408,1.29402,1.29408,186720000,1
1499311560000,1499311619000,1.29407,1.29411,1.29402,1.29411,63540000,1
1499311620000,1499311679000,1.29411,1.29413,1.29409,1.29411,90560000,1
1499311680000,1499311739000,1.29412,1.2942,1.29409,1.29419,84670000,1
1499311740000,1499311799000,1.29419,1.29421,1.29417,1.29417,106050000,1
1499311800000,1499311859000,1.29418,1.29418,1.29412,1.29413,60070000,1
1499311860000,1499311919000,1.29413,1.29415,1.29412,1.29415,67530000,1
1499311920000,1499311979000,1.29415,1.29418,1.29412,1.29414,32760000,1
1499311980000,1499312039000,1.29421,1.29438,1.29421,1.29422,90740000,1
1499312040000,1499312099000,1.29422,1.29422,1.2941,1.29413,132160000,1
1499312100000,1499312159000,1.29413,1.29414,1.29409,1.29412,97650000,1
1499312160000,1499312219000,1.29412,1.29418,1.29411,1.29411,69500000,1
1499312220000,1499312279000,1.29411,1.29419,1.29411,1.29416,102050000,1
1499312280000,1499312339000,1.29416,1.29416,1.29409,1.29411,108320000,1
1499312340000,1499312399000,1.2941,1.29411,1.29408,1.29409,36780000,1
1499312400000,1499312459000,1.29409,1.29413,1.29409,1.29412,75550000,1
1499312460000,1499312519000,1.29411,1.29412,1.2941,1.29411,40730000,1
1499312520000,1499312579000,1.29411,1.29411,1.29398,1.294,43810000,1
1499312580000,1499312639000,1.294,1.294,1.29396,1.29396,38740000,1
1499312640000,1499312699000,1.29397,1.294,1.29377,1.29378,91730000,1
1499312700000,1499312759000,1.29378,1.29379,1.29375,1.29379,91730000,1
1499312760000,1499312819000,1.29379,1.29379,1.29374,1.29379,44700000,1
1499312820000,1499312879000,1.29379,1.29379,1.29379,1.29379,13980000,1
1499312880000,1499312939000,1.29379,1.29379,1.29377,1.29378,40820000,1
1499312940000,1499312999000,1.29376,1.29388,1.29376,1.29388,62930000,1
1499313000000,1499313059000,1.29388,1.2939,1.29378,1.29388,56050000,1
1499313060000,1499313119000,1.2939,1.2939,1.29388,1.29389,13440000,1
1499313120000,1499313179000,1.29387,1.2939,1.29381,1.29388,37170000,1
1499313180000,1499313239000,1.29388,1.29397,1.29385,1.29388,98910000,1
1499313240000,1499313299000,1.29388,1.29404,1.29388,1.29395,114410000,1
1499313300000,1499313359000,1.29403,1.29405,1.29387,1.29396,110590000,1
1499313360000,1499313419000,1.29396,1.29405,1.29385,1.29394,91860000,1
1499313420000,1499313479000,1.29392,1.29393,1.29376,1.29376,105350000,1
1499313480000,1499313539000,1.29376,1.29382,1.2937,1.29371,56210000,1
1499313540000,1499313599000,1.29371,1.29375,1.29368,1.29374,101110000,1
1499313600000,1499313659000,1.29374,1.29383,1.29373,1.29377,104680000,1
1499313660000,1499313719000,1.29377,1.29383,1.29376,1.29376,56480000,1
1499313720000,1499313779000,1.29376,1.29378,1.29376,1.29376,38720000,1
1499313780000,1499313839000,1.29376,1.29376,1.29374,1.29374,32810000,1
1499313840000,1499313899000,1.29374,1.29374,1.29372,1.29373,47500000,1
1499313900000,1499313959000,1.29373,1.29376,1.29371,1.29372,24670000,1
1499313960000,1499314019000,1.29373,1.29374,1.29372,1.29372,42060000,1
1499314020000,1499314079000,1.29372,1.29374,1.29372,1.29374,22990000,1
1499314080000,1499314139000,1.29374,1.29374,1.29372,1.29373,18870000,1
1499314140000,1499314199000,1.29372,1.29374,1.2937,1.29373,69460000,1
1499314200000,1499314259000,1.29374,1.29374,1.29373,1.29373,23220000,1
1499314260000,1499314319000,1.29373,1.29374,1.29368,1.29369,36140000,1
1499314320000,1499314379000,1.29368,1.29375,1.29368,1.29375,48630000,1
1499314380000,1499314439000,1.29375,1.29381,1.29373,1.29377,74470000,1
1499314440000,1499314499000,1.29377,1.29382,1.29377,1.29377,62660000,1
1499314500000,1499314559000,1.29376,1.29386,1.29376,1.29385,45630000,1
1499314560000,1499314619000,1.29385,1.29386,1.29384,1.29386,27710000,1
1499314620000,1499314679000,1.29386,1.29392,1.29386,1.29391,15000000,1
1499314680000,1499314739000,1.29391,1.29391,1.29386,1.29386,26620000,1
1499314740000,1499314799000,1.29386,1.29386,1.29381,1.29382,28820000,1
1499314800000,1499314859000,1.29382,1.29387,1.2938,1.29381,24000000,1
1499314860000,1499314919000,1.29381,1.29385,1.29374,1.29374,20430000,1
1499314920000,1499314979000,1.29375,1.29379,1.29374,1.29376,23640000,1
1499314980000,1499315039000,1.29376,1.29376,1.29376,1.29376,5740000,1
1499315040000,1499315099000,1.29376,1.29376,1.29376,1.29376,19810000,1
1499315100000,1499315159000,1.29376,1.29378,1.29376,1.29377,12440000,1
1499315160000,1499315219000,1.29378,1.29378,1.29376,1.29376,17210000,1
1499315220000,1499315279000,1.29376,1.29376,1.29376,1.29376,1090000,1
1499315280000,1499315339000,1.29376,1.29376,1.29376,1.29376,7250000,1
1499315340000,1499315399000,1.29376,1.29377,1.29376,1.29376,12460000,1
1499315400000,1499315459000,1.29375,1.29376,1.29375,1.29376,12630000,1
1499315460000,1499315519000,1.29375,1.29375,1.29375,1.29375,11230000,1
1499315520000,1499315579000,1.29375,1.29375,1.29374,1.29375,22900000,1
1499315580000,1499315639000,1.29375,1.29375,1.29375,1.29375,16190000,1
1499315640000,1499315699000,1.29375,1.29375,1.29375,1.29375,9010000,1
1499315700000,1499315759000,1.29376,1.29376,1.29375,1.29376,23280000,1
1499315760000,1499315819000,1.29376,1.29376,1.29376,1.29376,32610000,1
1499315820000,1499315879000,1.29377,1.29378,1.29377,1.29377,10050000,1
1499315880000,1499315939000,1.29377,1.29381,1.29377,1.29377,23160000,1
1499315940000,1499315999000,1.29378,1.29378,1.29377,1.29377,25690000,1
1499316000000,1499316059000,1.29377,1.29378,1.29377,1.29378,25110000,1
1499316060000,1499316119000,1.29377,1.29382,1.29377,1.29378,33810000,1
1499316120000,1499316179000,1.29377,1.29378,1.29377,1.29378,20000000,1
1499316180000,1499316239000,1.29377,1.29383,1.29377,1.29377,25760000,1
1499316240000,1499316299000,1.29378,1.29379,1.29377,1.29378,20890000,1
1499316300000,1499316359000,1.29377,1.29378,1.29374,1.29376,15870000,1
1499316360000,1499316419000,1.29375,1.29378,1.29375,1.29378,19850000,1
1499316420000,1499316479000,1.29378,1.29378,1.29377,1.29377,11040000,1
1499316480000,1499316539000,1.29377,1.29378,1.29377,1.29377,11620000,1
1499316540000,1499316599000,1.29378,1.29378,1.29377,1.29378,12990000,1
1499316600000,1499316659000,1.29377,1.29379,1.29377,1.29378,8750000,1
1499316660000,1499316719000,1.29378,1.29378,1.29377,1.29378,14350000,1
1499316720000,1499316779000,1.29377,1.29378,1.29377,1.29378,8000000,1
1499316780000,1499316839000,1.29377,1.29378,1.29377,1.29378,7000000,1
1499316840000,1499316899000,1.29378,1.29378,1.29377,1.29377,10120000,1
1499316900000,1499316959000,1.29378,1.29378,1.29377,1.29377,18350000,1
1499316960000,1499317019000,1.29378,1.29383,1.29377,1.29382,15380000,1
1499317020000,1499317079000,1.29382,1.29382,1.29377,1.29381,30820000,1
1499317080000,1499317139000,1.29382,1.29399,1.29382,1.29394,43400000,1
1499317140000,1499317199000,1.29394,1.29396,1.29393,1.29393,13000000,1
1499317200000,1499317259000,1.29394,1.29394,1.29388,1.29393,28890000,1
1499317260000,1499317319000,1.29394,1.29398,1.29392,1.29392,27930000,1
1499317320000,1499317379000,1.2939,1.2939,1.2939,1.2939,8160000,1
1499317380000,1499317439000,1.2939,1.29391,1.29389,1.29391,43700000,1
1499317440000,1499317499000,1.29392,1.29394,1.2939,1.2939,15450000,1
1499317500000,1499317559000,1.29393,1.29406,1.29392,1.29406,30690000,1
1499317560000,1499317619000,1.29405,1.29408,1.29396,1.29399,101520000,1
1499317620000,1499317679000,1.29399,1.29402,1.29398,1.29401,24230000,1
1499317680000,1499317739000,1.29401,1.29401,1.2939,1.2939,66710000,1
1499317740000,1499317799000,1.29394,1.29409,1.29392,1.29409,70220000,1
1499317800000,1499317859000,1.29409,1.29413,1.29401,1.29404,110070000,1
1499317860000,1499317919000,1.29407,1.29413,1.29399,1.29413,65900000,1
1499317920000,1499317979000,1.29409,1.29414,1.29403,1.29413,31550000,1
1499317980000,1499318039000,1.29414,1.29431,1.29412,1.29431,70770000,1
1499318040000,1499318099000,1.29433,1.29433,1.29422,1.2943,35960000,1
1499318100000,1499318159000,1.29429,1.29432,1.29407,1.29409,53480000,1
1499318160000,1499318219000,1.29409,1.29422,1.29409,1.29416,55680000,1
1499318220000,1499318279000,1.29414,1.29423,1.29413,1.29421,59610000,1
1499318280000,1499318339000,1.29421,1.29424,1.2942,1.2942,101210000,1
1499318340000,1499318399000,1.2942,1.29422,1.29402,1.29402,83840000,1
1499318400000,1499318459000,1.29402,1.29424,1.29402,1.29424,56130000,1
1499318460000,1499318519000,1.29424,1.29424,1.29403,1.29417,63390000,1
1499318520000,1499318579000,1.29417,1.29422,1.29417,1.2942,39280000,1
1499318580000,1499318639000,1.29422,1.29422,1.29418,1.29418,35720000,1
1499318640000,1499318699000,1.29418,1.29427,1.29417,1.29418,73560000,1
1499318700000,1499318759000,1.29418,1.29418,1.29407,1.29412,36780000,1
1499318760000,1499318819000,1.29412,1.29412,1.294,1.29402,95060000,1
1499318820000,1499318879000,1.29403,1.29418,1.29402,1.29412,200370000,1
1499318880000,1499318939000,1.29411,1.29429,1.29409,1.29422,130890000,1
1499318940000,1499318999000,1.29422,1.2944,1.29422,1.29438,98320000,1
1499319000000,1499319059000,1.29438,1.2945,1.29438,1.29438,50820000,1
1499319060000,1499319119000,1.29438,1.29445,1.29437,1.29442,93470000,1
1499319120000,1499319179000,1.29443,1.29446,1.29441,1.29442,86450000,1
1499319180000,1499319239000,1.29442,1.29446,1.29442,1.29444,99490000,1
1499319240000,1499319299000,1.29444,1.2946,1.29444,1.29459,43380000,1
1499319300000,1499319359000,1.29459,1.29459,1.29451,1.29459,44610000,1
1499319360000,1499319419000,1.29457,1.2946,1.29455,1.29455,8940000,1
1499319420000,1499319479000,1.29455,1.29455,1.29453,1.29453,10750000,1
1499319480000,1499319539000,1.29456,1.2946,1.29451,1.29459,17990000,1
1499319540000,1499319599000,1.29458,1.29459,1.29451,1.29457,26510000,1
1499319600000,1499319659000,1.29455,1.29456,1.29454,1.29455,38600000,1
1499319660000,1499319719000,1.29455,1.2946,1.29454,1.29458,36600000,1
1499319720000,1499319779000,1.29457,1.29457,1.29432,1.29433,57110000,1
1499319780000,1499319839000,1.29432,1.29433,1.29427,1.29429,50220000,1
1499319840000,1499319899000,1.29429,1.29435,1.29429,1.29431,28720000,1
1499319900000,1499319959000,1.2943,1.2943,1.29415,1.29415,76640000,1
1499319960000,1499320019000,1.29416,1.29416,1.29406,1.29406,47410000,1
1499320020000,1499320079000,1.29406,1.29414,1.29406,1.29411,44620000,1
1499320080000,1499320139000,1.29412,1.29421,1.29412,1.2942,29250000,1
1499320140000,1499320199000,1.2942,1.29453,1.2942,1.29452,71380000,1
1499320200000,1499320259000,1.29452,1.29469,1.29452,1.29452,64370000,1
1499320260000,1499320319000,1.29453,1.29453,1.29449,1.2945,31350000,1
1499320320000,1499320379000,1.2945,1.29451,1.29428,1.29432,48240000,1
1499320380000,1499320439000,1.29432,1.29436,1.2943,1.29435,106640000,1
1499320440000,1499320499000,1.29435,1.29439,1.29432,1.29436,70570000,1
1499320500000,1499320559000,1.29437,1.29439,1.29433,1.29437,87310000,1
1499320560000,1499320619000,1.29437,1.29438,1.29432,1.29435,65460000,1
1499320620000,1499320679000,1.29433,1.29434,1.29418,1.29428,137690000,1
1499320680000,1499320739000,1.29428,1.29429,1.29425,1.29426,108680000,1
1499320740000,1499320799000,1.29425,1.29433,1.29425,1.29433,91360000,1
1499320800000,1499320859000,1.29434,1.2944,1.29423,1.29436,152200000,1
1499320860000,1499320919000,1.29438,1.29438,1.29411,1.29423,113190000,1
1499320920000,1499320979000,1.29426,1.29434,1.29426,1.29429,54010000,1
1499320980000,1499321039000,1.29429,1.29433,1.29427,1.29427,63750000,1
1499321040000,1499321099000,1.29428,1.29435,1.29423,1.2943,59590000,1
1499321100000,1499321159000,1.29431,1.29437,1.29426,1.29428,76250000,1
1499321160000,1499321219000,1.29427,1.29427,1.29407,1.29407,139940000,1
1499321220000,1499321279000,1.29407,1.29431,1.29392,1.29419,183160000,1
1499321280000,1499321339000,1.29419,1.29428,1.29418,1.29428,93870000,1
1499321340000,1499321399000,1.29427,1.29436,1.2942,1.29435,94460000,1
1499321400000,1499321459000,1.29435,1.29439,1.29426,1.29427,96530000,1
1499321460000,1499321519000,1.29427,1.29427,1.29422,1.29427,70630000,1
1499321520000,1499321579000,1.29427,1.29428,1.29422,1.29427,71070000,1
1499321580000,1499321639000,1.29427,1.29438,1.29427,1.29432,55880000,1
1499321640000,1499321699000,1.29432,1.29451,1.29432,1.29445,92330000,1
1499321700000,1499321759000,1.29444,1.29458,1.29444,1.29452,97470000,1
1499321760000,1499321819000,1.29452,1.29463,1.29452,1.2946,55170000,1
1499321820000,1499321879000,1.29459,1.29464,1.29457,1.29459,82550000,1
1499321880000,1499321939000,1.29459,1.29464,1.29448,1.29457,125260000,1
1499321940000,1499321999000,1.29457,1.29458,1.29438,1.29444,187650000,1
1499322000000,1499322059000,1.29444,1.29444,1.29409,1.29409,141800000,1
1499322060000,1499322119000,1.29409,1.29419,1.29409,1.29415,55030000,1
1499322120000,1499322179000,1.29418,1.29419,1.29402,1.29405,58610000,1
1499322180000,1499322239000,1.29404,1.29413,1.29393,1.29398,74530000,1
1499322240000,1499322299000,1.29401,1.29407,1.29378,1.2938,94860000,1
1499322300000,1499322359000,1.29378,1.29383,1.29357,1.29367,152590000,1
1499322360000,1499322419000,1.29367,1.29383,1.29365,1.29368,107760000,1
1499322420000,1499322479000,1.29368,1.29372,1.29364,1.29372,44560000,1
1499322480000,1499322539000,1.29372,1.29393,1.29372,1.29392,31000000,1
1499322540000,1499322599000,1.29393,1.29399,1.29389,1.29398,46930000,1
1499322600000,1499322659000,1.29399,1.29418,1.29397,1.29407,80030000,1
1499322660000,1499322719000,1.29409,1.29412,1.29399,1.294,110670000,1
1499322720000,1499322779000,1.294,1.294,1.29374,1.29386,83560000,1
1499322780000,1499322839000,1.29386,1.29386,1.29369,1.29373,38490000,1
1499322840000,1499322899000,1.29371,1.29373,1.29347,1.29366,83190000,1
1499322900000,1499322959000,1.29363,1.29363,1.29351,1.29351,22200000,1
1499322960000,1499323019000,1.29351,1.29365,1.29351,1.29365,47530000,1
1499323020000,1499323079000,1.29365,1.29365,1.29358,1.2936,29360000,1
1499323080000,1499323139000,1.2936,1.2936,1.29347,1.29357,37200000,1
1499323140000,1499323199000,1.29357,1.29357,1.2935,1.29353,45200000,1
1499323200000,1499323259000,1.29353,1.29368,1.29353,1.29367,41180000,1
1499323260000,1499323319000,1.29368,1.29368,1.29357,1.29358,29750000,1
1499323320000,1499323379000,1.29358,1.29364,1.29357,1.29357,70600000,1
1499323380000,1499323439000,1.29358,1.29363,1.29357,1.2936,33770000,1
1499323440000,1499323499000,1.2936,1.29407,1.2936,1.29388,93100000,1
1499323500000,1499323559000,1.29387,1.29388,1.29387,1.29387,45180000,1
1499323560000,1499323619000,1.29388,1.29398,1.29387,1.29394,89380000,1
1499323620000,1499323679000,1.29394,1.29398,1.29394,1.29397,27370000,1
1499323680000,1499323739000,1.29397,1.29398,1.2938,1.29393,83170000,1
1499323740000,1499323799000,1.29392,1.29398,1.29389,1.29395,48290000,1
1499323800000,1499323859000,1.29395,1.29395,1.29387,1.29388,108550000,1
1499323860000,1499323919000,1.29389,1.29389,1.29383,1.29385,82650000,1
1499323920000,1499323979000,1.29385,1.29386,1.29375,1.29375,35080000,1
1499323980000,1499324039000,1.29375,1.29375,1.29367,1.29372,41200000,1
1499324040000,1499324099000,1.29374,1.29375,1.2937,1.29372,45120000,1
1499324100000,1499324159000,1.29372,1.29372,1.29366,1.29367,36190000,1
1499324160000,1499324219000,1.29368,1.29396,1.29368,1.29394,97080000,1
1499324220000,1499324279000,1.29394,1.29408,1.29394,1.29408,48110000,1
1499324280000,1499324339000,1.29409,1.29414,1.294,1.2941,66070000,1
1499324340000,1499324399000,1.2941,1.2942,1.29407,1.2941,143290000,1
1499324400000,1499324459000,1.29411,1.29417,1.29377,1.29415,191770000,1
1499324460000,1499324519000,1.29415,1.29446,1.29415,1.29437,78860000,1
1499324520000,1499324579000,1.29437,1.29453,1.29433,1.29451,121330000,1
1499324580000,1499324639000,1.29452,1.29455,1.29448,1.29452,99970000,1
1499324640000,1499324699000,1.29454,1.29463,1.29453,1.29459,111640000,1
1499324700000,1499324759000,1.29464,1.29464,1.29422,1.29431,114040000,1
1499324760000,1499324819000,1.29432,1.29446,1.29424,1.29436,146320000,1
1499324820000,1499324879000,1.29434,1.29454,1.29425,1.29427,262120000,1
1499324880000,1499324939000,1.29427,1.29434,1.29418,1.29424,124000000,1
1499324940000,1499324999000,1.29423,1.29425,1.2938,1.29382,190360000,1
1499325000000,1499325059000,1.29382,1.29419,1.29382,1.29413,234930000,1
1499325060000,1499325119000,1.29414,1.29414,1.29406,1.29411,71770000,1
1499325120000,1499325179000,1.29411,1.29413,1.29402,1.29402,86370000,1
1499325180000,1499325239000,1.29403,1.29404,1.294,1.29402,91130000,1
1499325240000,1499325299000,1.29401,1.29401,1.29368,1.29369,161700000,1
1499325300000,1499325359000,1.29369,1.29377,1.29357,1.29357,83570000,1
1499325360000,1499325419000,1.29358,1.29362,1.29351,1.29352,74380000,1
1499325420000,1499325479000,1.29352,1.29354,1.29344,1.29348,87290000,1
1499325480000,1499325539000,1.29347,1.29347,1.29331,1.29333,137650000,1
1499325540000,1499325599000,1.29333,1.29358,1.29333,1.29358,97480000,1
1499325600000,1499325659000,1.29362,1.29364,1.29348,1.29352,134030000,1
1499325660000,1499325719000,1.29351,1.29353,1.29338,1.29352,79270000,1
1499325720000,1499325779000,1.29352,1.29358,1.29349,1.29352,139450000,1
1499325780000,1499325839000,1.29352,1.29356,1.29318,1.29348,185030000,1
1499325840000,1499325899000,1.29351,1.29358,1.29341,1.29346,91300000,1
1499325900000,1499325959000,1.29346,1.29383,1.2934,1.29365,159830000,1
1499325960000,1499326019000,1.29368,1.29375,1.29359,1.29364,115560000,1
1499326020000,1499326079000,1.29363,1.29373,1.29357,1.29358,139840000,1
1499326080000,1499326139000,1.29358,1.2936,1.29338,1.2935,129500000,1
1499326140000,1499326199000,1.29348,1.29357,1.29347,1.29353,82530000,1
1499326200000,1499326259000,1.29353,1.29355,1.29348,1.29352,96240000,1
1499326260000,1499326319000,1.29352,1.29352,1.29332,1.29332,151940000,1
1499326320000,1499326379000,1.29333,1.29338,1.29313,1.29336,151460000,1
1499326380000,1499326439000,1.29334,1.29341,1.29323,1.29327,185560000,1
1499326440000,1499326499000,1.29327,1.29341,1.29327,1.29337,111850000,1
1499326500000,1499326559000,1.29336,1.29348,1.29336,1.29344,31370000,1
1499326560000,1499326619000,1.29347,1.29347,1.2931,1.2931,54530000,1
1499326620000,1499326679000,1.2931,1.29326,1.29309,1.29324,80240000,1
1499326680000,1499326739000,1.29325,1.29331,1.29318,1.29318,82050000,1
1499326740000,1499326799000,1.29319,1.29325,1.29312,1.29316,104980000,1
1499326800000,1499326859000,1.29317,1.29318,1.29281,1.29287,110320000,1
1499326860000,1499326919000,1.29287,1.29304,1.2928,1.29284,112490000,1
1499326920000,1499326979000,1.29284,1.29285,1.29271,1.29277,69840000,1
1499326980000,1499327039000,1.29276,1.29295,1.29273,1.29295,90810000,1
1499327040000,1499327099000,1.29295,1.29297,1.29262,1.29274,112830000,1
1499327100000,1499327159000,1.29271,1.29281,1.29253,1.29261,174750000,1
1499327160000,1499327219000,1.29259,1.2927,1.29259,1.29259,124380000,1
1499327220000,1499327279000,1.29259,1.29261,1.29235,1.29235,122630000,1
1499327280000,1499327339000,1.29236,1.29255,1.29233,1.29243,137450000,1
1499327340000,1499327399000,1.29248,1.29252,1.29243,1.29249,106500000,1
1499327400000,1499327459000,1.2925,1.29298,1.29249,1.29289,155490000,1
1499327460000,1499327519000,1.29289,1.29289,1.29281,1.29286,66240000,1
1499327520000,1499327579000,1.29287,1.29308,1.29279,1.29303,138970000,1
1499327580000,1499327639000,1.29302,1.29308,1.29282,1.29297,108000000,1
1499327640000,1499327699000,1.29298,1.29308,1.29292,1.29307,76280000,1
1499327700000,1499327759000,1.29307,1.29324,1.29307,1.29323,57590000,1
1499327760000,1499327819000,1.29323,1.29325,1.2931,1.29314,95520000,1
1499327820000,1499327879000,1.29316,1.29328,1.29316,1.29322,55290000,1
1499327880000,1499327939000,1.29323,1.29328,1.29319,1.29322,57050000,1
1499327940000,1499327999000,1.29323,1.29326,1.29248,1.29248,169970000,1
1499328000000,1499328059000,1.29249,1.29287,1.29248,1.29286,103890000,1
1499328060000,1499328119000,1.29285,1.29313,1.29283,1.29311,114040000,1
1499328120000,1499328179000,1.29311,1.2932,1.29307,1.2932,124350000,1
1499328180000,1499328239000,1.29323,1.29323,1.29296,1.29296,104140000,1
1499328240000,1499328299000,1.29295,1.29313,1.29295,1.29309,92950000,1
1499328300000,1499328359000,1.2931,1.29325,1.2931,1.29325,78560000,1
1499328360000,1499328419000,1.29325,1.29327,1.29306,1.29317,148170000,1
1499328420000,1499328479000,1.29317,1.29326,1.29316,1.29323,88860000,1
1499328480000,1499328539000,1.29323,1.29324,1.29308,1.29319,104250000,1
1499328540000,1499328599000,1.2932,1.29328,1.29312,1.29317,74860000,1
1499328600000,1499328659000,1.29316,1.29327,1.29306,1.29325,58130000,1
1499328660000,1499328719000,1.29324,1.29324,1.29317,1.29324,113310000,1
1499328720000,1499328779000,1.29324,1.29333,1.29317,1.29328,79230000,1
1499328780000,1499328839000,1.29328,1.2933,1.29327,1.29327,56180000,1
1499328840000,1499328899000,1.29327,1.29335,1.29324,1.29331,85790000,1
1499328900000,1499328959000,1.29329,1.29337,1.29328,1.2933,85680000,1
1499328960000,1499329019000,1.2933,1.2934,1.29326,1.29326,103240000,1
1499329020000,1499329079000,1.29326,1.29338,1.29326,1.29328,52430000,1
1499329080000,1499329139000,1.2933,1.29358,1.29328,1.29347,120960000,1
1499329140000,1499329199000,1.29348,1.29363,1.29344,1.29363,65840000,1
1499329200000,1499329259000,1.29361,1.29364,1.29359,1.29361,92670000,1
1499329260000,1499329319000,1.29362,1.29367,1.29357,1.29364,74760000,1
1499329320000,1499329379000,1.29363,1.29387,1.2936,1.29375,150510000,1
1499329380000,1499329439000,1.29375,1.29377,1.29359,1.29376,137820000,1
1499329440000,1499329499000,1.29377,1.2939,1.29377,1.29389,67250000,1
1499329500000,1499329559000,1.29389,1.29393,1.29383,1.29392,63170000,1
1499329560000,1499329619000,1.29393,1.29398,1.2937,1.29382,148570000,1
1499329620000,1499329679000,1.29382,1.29384,1.29377,1.29382,60690000,1
1499329680000,1499329739000,1.29383,1.29393,1.29382,1.29393,66310000,1
1499329740000,1499329799000,1.29389,1.29401,1.29386,1.2939,117310000,1
1499329800000,1499329859000,1.29391,1.29395,1.29383,1.29384,103310000,1
1499329860000,1499329919000,1.29384,1.29384,1.29359,1.29369,91330000,1
1499329920000,1499329979000,1.29369,1.29384,1.29362,1.29383,56990000,1
1499329980000,1499330039000,1.29384,1.29384,1.29368,1.29368,68140000,1
1499330040000,1499330099000,1.29368,1.29382,1.29368,1.2937,76900000,1
1499330100000,1499330159000,1.29372,1.29385,1.29369,1.29385,118970000,1
1499330160000,1499330219000,1.2939,1.2939,1.29377,1.2938,83950000,1
1499330220000,1499330279000,1.2938,1.29381,1.29366,1.29378,150430000,1
1499330280000,1499330339000,1.29378,1.29381,1.29355,1.29358,100660000,1
1499330340000,1499330399000,1.29359,1.29361,1.29353,1.2936,83610000,1
1499330400000,1499330459000,1.2936,1.29365,1.29345,1.29347,65590000,1
1499330460000,1499330519000,1.29345,1.29347,1.29337,1.29347,89420000,1
1499330520000,1499330579000,1.29347,1.29361,1.2934,1.29349,151660000,1
1499330580000,1499330639000,1.29352,1.29352,1.29336,1.2934,131930000,1
1499330640000,1499330699000,1.29341,1.29342,1.29315,1.29316,59070000,1
1499330700000,1499330759000,1.29316,1.29322,1.2929,1.29296,92090000,1
1499330760000,1499330819000,1.29294,1.29305,1.29293,1.29302,80360000,1
1499330820000,1499330879000,1.29303,1.29308,1.29287,1.29288,73930000,1
1499330880000,1499330939000,1.29289,1.29311,1.29289,1.29309,79870000,1
1499330940000,1499330999000,1.29309,1.29309,1.29288,1.29289,58980000,1
1499331000000,1499331059000,1.29289,1.2932,1.29289,1.29318,64370000,1
1499331060000,1499331119000,1.29318,1.29337,1.29318,1.29334,43660000,1
1499331120000,1499331179000,1.29334,1.2935,1.29318,1.2932,64410000,1
1499331180000,1499331239000,1.2932,1.29326,1.29314,1.29318,81010000,1
1499331240000,1499331299000,1.29318,1.29341,1.29318,1.29326,97790000,1
1499331300000,1499331359000,1.29323,1.29341,1.29322,1.29339,93860000,1
1499331360000,1499331419000,1.29339,1.29348,1.29317,1.29328,137600000,1
1499331420000,1499331479000,1.29329,1.29337,1.29323,1.29333,103760000,1
1499331480000,1499331539000,1.29333,1.29335,1.29324,1.29335,86610000,1
1499331540000,1499331599000,1.29335,1.29343,1.29314,1.29315,158210000,1
1499331600000,1499331659000,1.29315,1.29315,1.29273,1.29288,139030000,1
1499331660000,1499331719000,1.29288,1.29297,1.29285,1.29291,138410000,1
1499331720000,1499331779000,1.29292,1.29308,1.29292,1.29308,219460000,1
1499331780000,1499331839000,1.29308,1.29325,1.293,1.29303,81230000,1
1499331840000,1499331899000,1.29301,1.29314,1.29275,1.29286,175540000,1
1499331900000,1499331959000,1.29286,1.29314,1.29286,1.29306,137260000,1
1499331960000,1499332019000,1.29307,1.29316,1.29304,1.29313,90420000,1
1499332020000,1499332079000,1.29311,1.29311,1.29306,1.29309,60640000,1
1499332080000,1499332139000,1.2931,1.29322,1.29309,1.2931,59720000,1
1499332140000,1499332199000,1.2931,1.29325,1.2931,1.29324,58140000,1
1499332200000,1499332259000,1.29324,1.29327,1.29319,1.29326,69570000,1
1499332260000,1499332319000,1.29326,1.29343,1.29311,1.29311,102950000,1
1499332320000,1499332379000,1.2931,1.29324,1.29305,1.29319,133220000,1
1499332380000,1499332439000,1.29321,1.29326,1.29313,1.29319,113340000,1
1499332440000,1499332499000,1.2932,1.29343,1.29304,1.29318,141070000,1
1499332500000,1499332559000,1.29321,1.29324,1.29296,1.293,101150000,1
1499332560000,1499332619000,1.29301,1.29312,1.29275,1.29302,172000000,1
1499332620000,1499332679000,1.29302,1.29311,1.29294,1.29296,123970000,1
1499332680000,1499332739000,1.29297,1.29313,1.29285,1.29295,117540000,1
1499332740000,1499332799000,1.29294,1.29309,1.29294,1.29305,129770000,1
1499332800000,1499332859000,1.29305,1.29305,1.29291,1.29294,126780000,1
1499332860000,1499332919000,1.29294,1.2935,1.29293,1.29347,144230000,1
1499332920000,1499332979000,1.29348,1.29379,1.29343,1.2936,243350000,1
1499332980000,1499333039000,1.2936,1.2939,1.2936,1.2939,188880000,1
1499333040000,1499333099000,1.29389,1.29422,1.29385,1.29397,202400000,1
1499333100000,1499333159000,1.29394,1.29429,1.29389,1.29403,190450000,1
1499333160000,1499333219000,1.29406,1.29432,1.29403,1.29412,241130000,1
1499333220000,1499333279000,1.29412,1.29422,1.29402,1.29413,172100000,1
1499333280000,1499333339000,1.29408,1.29409,1.29392,1.29398,140240000,1
1499333340000,1499333399000,1.29397,1.29428,1.29388,1.29415,106610000,1
1499333400000,1499333459000,1.29417,1.29418,1.29382,1.29387,181310000,1
1499333460000,1499333519000,1.29386,1.29393,1.29384,1.2939,79940000,1
1499333520000,1499333579000,1.29391,1.2941,1.29391,1.29407,114610000,1
1499333580000,1499333639000,1.29407,1.29419,1.29406,1.29408,94280000,1
1499333640000,1499333699000,1.29406,1.29406,1.29378,1.29403,154620000,1
1499333700000,1499333759000,1.29403,1.29425,1.29403,1.2941,132700000,1
1499333760000,1499333819000,1.29409,1.29412,1.29395,1.29397,122770000,1
1499333820000,1499333879000,1.29398,1.29403,1.29397,1.294,53450000,1
1499333880000,1499333939000,1.294,1.29415,1.29399,1.29407,95270000,1
1499333940000,1499333999000,1.29408,1.29408,1.29382,1.29398,132090000,1
1499334000000,1499334059000,1.294,1.29414,1.294,1.2941,78790000,1
1499334060000,1499334119000,1.29409,1.29416,1.29409,1.29413,51970000,1
1499334120000,1499334179000,1.29415,1.29428,1.2941,1.2941,91620000,1
1499334180000,1499334239000,1.29413,1.29432,1.29408,1.29432,69850000,1
1499334240000,1499334299000,1.29433,1.29437,1.29427,1.29435,85670000,1
1499334300000,1499334359000,1.29435,1.29437,1.29429,1.29429,59720000,1
1499334360000,1499334419000,1.29429,1.29436,1.29424,1.29429,74500000,1
1499334420000,1499334479000,1.29433,1.29459,1.29433,1.29443,89780000,1
1499334480000,1499334539000,1.29443,1.29466,1.29443,1.29457,97170000,1
1499334540000,1499334599000,1.29458,1.29459,1.2944,1.29447,99460000,1
1499334600000,1499334659000,1.29447,1.29458,1.2944,1.29458,112000000,1
1499334660000,1499334719000,1.29457,1.29457,1.2943,1.29443,195120000,1
1499334720000,1499334779000,1.29443,1.29455,1.29443,1.29455,99480000,1
1499334780000,1499334839000,1.29455,1.29834,1.29449,1.29656,350360000,1
1499334840000,1499334899000,1.29651,1.29651,1.29594,1.29637,312920000,1
1499334900000,1499334959000,1.29636,1.29678,1.29636,1.29658,321290000,1
1499334960000,1499335019000,1.29659,1.29683,1.29653,1.2968,216970000,1
1499335020000,1499335079000,1.29682,1.2969,1.29669,1.2969,211940000,1
1499335080000,1499335139000,1.29688,1.29694,1.29637,1.2964,200250000,1
1499335140000,1499335199000,1.2964,1.29682,1.2964,1.29651,138390000,1
1499335200000,1499335259000,1.29653,1.2969,1.29632,1.29632,150840000,1
1499335260000,1499335319000,1.29634,1.29692,1.2963,1.29681,193250000,1
1499335320000,1499335379000,1.2968,1.29688,1.29673,1.29677,144650000,1
1499335380000,1499335439000,1.29678,1.29678,1.29649,1.29662,163100000,1
1499335440000,1499335499000,1.29662,1.29669,1.29654,1.29658,196770000,1
1499335500000,1499335559000,1.29657,1.29657,1.29631,1.29649,163380000,1
1499335560000,1499335619000,1.29649,1.29654,1.29637,1.29653,135990000,1
1499335620000,1499335679000,1.29653,1.29653,1.29634,1.29645,177450000,1
1499335680000,1499335739000,1.29644,1.29653,1.29636,1.29643,156460000,1
1499335740000,1499335799000,1.29643,1.2966,1.29643,1.29654,96990000,1
1499335800000,1499335859000,1.29653,1.29653,1.29626,1.29626,116290000,1
1499335860000,1499335919000,1.29627,1.29668,1.29626,1.29657,71430000,1
1499335920000,1499335979000,1.29658,1.29699,1.29656,1.29699,112470000,1
1499335980000,1499336039000,1.29698,1.29705,1.29658,1.29658,183140000,1
1499336040000,1499336099000,1.29659,1.29667,1.29636,1.29638,171540000,1
1499336100000,1499336159000,1.29638,1.29668,1.29637,1.29653,221290000,1
1499336160000,1499336219000,1.29652,1.29652,1.29636,1.29643,163340000,1
1499336220000,1499336279000,1.29642,1.29645,1.29636,1.29638,169120000,1
1499336280000,1499336339000,1.29638,1.29645,1.29633,1.29638,71270000,1
1499336340000,1499336399000,1.2964,1.29645,1.29635,1.29643,130400000,1
1499336400000,1499336459000,1.29643,1.29674,1.29643,1.29656,110880000,1
1499336460000,1499336519000,1.29655,1.29658,1.2964,1.29654,131770000,1
1499336520000,1499336579000,1.29654,1.29668,1.29645,1.2966,137810000,1
1499336580000,1499336639000,1.29658,1.29673,1.29654,1.29655,113620000,1
1499336640000,1499336699000,1.29657,1.29663,1.29648,1.29658,79480000,1
1499336700000,1499336759000,1.29657,1.29668,1.29642,1.29644,122370000,1
1499336760000,1499336819000,1.29643,1.29653,1.29642,1.29652,89170000,1
1499336820000,1499336879000,1.29653,1.29658,1.29647,1.29652,76960000,1
1499336880000,1499336939000,1.29652,1.29658,1.29633,1.29638,104270000,1
1499336940000,1499336999000,1.29637,1.29669,1.29637,1.29663,139000000,1
1499337000000,1499337059000,1.29663,1.29678,1.29652,1.29674,133710000,1
1499337060000,1499337119000,1.29677,1.29713,1.29677,1.29713,184880000,1
1499337120000,1499337179000,1.29713,1.29716,1.29694,1.29696,96600000,1
1499337180000,1499337239000,1.29696,1.29709,1.29692,1.29694,81040000,1
1499337240000,1499337299000,1.29694,1.29708,1.29679,1.29708,115840000,1
1499337300000,1499337359000,1.29707,1.29708,1.29688,1.29702,123840000,1
1499337360000,1499337419000,1.29703,1.29709,1.29684,1.29691,133300000,1
1499337420000,1499337479000,1.29693,1.29698,1.29664,1.29667,122870000,1
1499337480000,1499337539000,1.29668,1.29668,1.29651,1.29654,126530000,1
1499337540000,1499337599000,1.29653,1.29658,1.29639,1.29653,83830000,1
1499337600000,1499337659000,1.29652,1.29692,1.29645,1.29692,128830000,1
1499337660000,1499337719000,1.29697,1.29699,1.29682,1.29683,89310000,1
1499337720000,1499337779000,1.29682,1.29687,1.2967,1.29671,102230000,1
1499337780000,1499337839000,1.29671,1.29675,1.29662,1.29663,116460000,1
1499337840000,1499337899000,1.29663,1.2967,1.29659,1.29667,92360000,1
1499337900000,1499337959000,1.29667,1.29678,1.29665,1.29672,96800000,1
1499337960000,1499338019000,1.29673,1.29673,1.29657,1.2967,86920000,1
1499338020000,1499338079000,1.29669,1.29674,1.29665,1.29665,53990000,1
1499338080000,1499338139000,1.29666,1.2968,1.29666,1.29666,68220000,1
1499338140000,1499338199000,1.29669,1.29676,1.29657,1.29674,125730000,1
1499338200000,1499338259000,1.29674,1.29683,1.29672,1.29672,113820000,1
1499338260000,1499338319000,1.29672,1.29683,1.29668,1.29674,86290000,1
1499338320000,1499338379000,1.29677,1.29683,1.29674,1.29674,40920000,1
1499338380000,1499338439000,1.29674,1.29674,1.29666,1.29666,19860000,1
1499338440000,1499338499000,1.29666,1.29667,1.29657,1.29664,50720000,1
1499338500000,1499338559000,1.29663,1.29669,1.2965,1.29652,78670000,1
1499338560000,1499338619000,1.29652,1.29652,1.29642,1.29642,182260000,1
1499338620000,1499338679000,1.29642,1.29643,1.29614,1.29614,136220000,1
1499338680000,1499338739000,1.29614,1.29614,1.29577,1.29582,179400000,1
1499338740000,1499338799000,1.29581,1.29581,1.29523,1.29527,184830000,1
1499338800000,1499338859000,1.2953,1.29533,1.29518,1.29524,124550000,1
1499338860000,1499338919000,1.29524,1.29524,1.29507,1.29514,62950000,1
1499338920000,1499338979000,1.29514,1.29546,1.29514,1.29544,98860000,1
1499338980000,1499339039000,1.29546,1.29565,1.29544,1.29558,91050000,1
1499339040000,1499339099000,1.29558,1.29563,1.29547,1.29554,91560000,1
1499339100000,1499339159000,1.29556,1.29564,1.29544,1.29544,161980000,1
1499339160000,1499339219000,1.29543,1.29551,1.29543,1.29546,88630000,1
1499339220000,1499339279000,1.29546,1.29548,1.2952,1.2952,181150000,1
1499339280000,1499339339000,1.2952,1.29522,1.29498,1.29513,193040000,1
1499339340000,1499339399000,1.29514,1.29514,1.29483,1.29489,147670000,1
1499339400000,1499339459000,1.29487,1.29492,1.29456,1.29459,447580000,1
1499339460000,1499339519000,1.29458,1.29474,1.29456,1.29462,801670000,1
1499339520000,1499339579000,1.29462,1.29475,1.29433,1.29467,326900000,1
1499339580000,1499339639000,1.29468,1.2949,1.29468,1.29485,224660000,1
1499339640000,1499339699000,1.29485,1.29494,1.29484,1.29484,212940000,1
1499339700000,1499339759000,1.29484,1.29491,1.29477,1.29488,297590000,1
1499339760000,1499339819000,1.29491,1.29495,1.29485,1.29495,118050000,1
1499339820000,1499339879000,1.29495,1.29505,1.29492,1.29502,163240000,1
1499339880000,1499339939000,1.29502,1.29519,1.29502,1.29511,123800000,1
1499339940000,1499339999000,1.29511,1.29518,1.29505,1.29505,74080000,1
1499340000000,1499340059000,1.29509,1.29512,1.29504,1.29504,66080000,1
1499340060000,1499340119000,1.29504,1.29504,1.29494,1.29498,89220000,1
1499340120000,1499340179000,1.29498,1.29505,1.29496,1.29504,65860000,1
1499340180000,1499340239000,1.29501,1.29506,1.295,1.29502,24300000,1
1499340240000,1499340299000,1.29503,1.29504,1.29499,1.29502,48830000,1
1499340300000,1499340359000,1.29502,1.29503,1.29498,1.29499,71060000,1
1499340360000,1499340419000,1.29498,1.29498,1.29484,1.29491,109740000,1
1499340420000,1499340479000,1.29491,1.29494,1.29484,1.29489,154440000,1
1499340480000,1499340539000,1.29488,1.29492,1.29473,1.29476,258920000,1
1499340540000,1499340599000,1.29475,1.29485,1.29471,1.29485,142450000,1
1499340600000,1499340659000,1.29485,1.29527,1.29485,1.29492,290280000,1
1499340660000,1499340719000,1.29489,1.29502,1.29482,1.29484,156760000,1
1499340720000,1499340779000,1.29485,1.29491,1.29476,1.29481,562160000,1
1499340780000,1499340839000,1.29481,1.29487,1.29476,1.29482,246710000,1
1499340840000,1499340899000,1.2948,1.29481,1.29453,1.29473,200850000,1
1499340900000,1499340959000,1.29475,1.29487,1.29472,1.29483,115470000,1
1499340960000,1499341019000,1.29485,1.29496,1.29481,1.29493,163690000,1
1499341020000,1499341079000,1.29493,1.29498,1.29489,1.29494,70090000,1
1499341080000,1499341139000,1.29492,1.29499,1.29482,1.29483,72730000,1
1499341140000,1499341199000,1.29483,1.29498,1.29477,1.29498,162720000,1
1499341200000,1499341259000,1.29498,1.29524,1.29497,1.29523,64840000,1
1499341260000,1499341319000,1.29523,1.29525,1.29505,1.29506,70900000,1
1499341320000,1499341379000,1.29506,1.29525,1.29506,1.29519,96080000,1
1499341380000,1499341439000,1.29519,1.29524,1.29517,1.29517,92990000,1
1499341440000,1499341499000,1.29517,1.29527,1.29517,1.29526,87920000,1
1499341500000,1499341559000,1.29526,1.29528,1.29517,1.29523,95550000,1
1499341560000,1499341619000,1.29523,1.29527,1.29517,1.29518,70490000,1
1499341620000,1499341679000,1.29511,1.29511,1.29456,1.29456,315510000,1
1499341680000,1499341739000,1.29455,1.29464,1.29436,1.29436,338750000,1
1499341740000,1499341799000,1.29438,1.29457,1.29433,1.29455,962200000,1
1499341800000,1499341859000,1.29455,1.29468,1.29429,1.29432,265650000,1
1499341860000,1499341919000,1.2943,1.29435,1.29415,1.29424,292740000,1
1499341920000,1499341979000,1.29419,1.29427,1.29415,1.29421,120390000,1
1499341980000,1499342039000,1.29421,1.29424,1.29414,1.29423,211970000,1
1499342040000,1499342099000,1.29423,1.29434,1.29416,1.29422,234970000,1
1499342100000,1499342159000,1.29423,1.29436,1.29414,1.2943,2729060000,1
1499342160000,1499342219000,1.29433,1.29438,1.29425,1.29434,403870000,1
1499342220000,1499342279000,1.29435,1.29447,1.29427,1.2944,1521320000,1
1499342280000,1499342339000,1.29442,1.29472,1.29432,1.29433,811880000,1
1499342340000,1499342399000,1.29433,1.29448,1.29432,1.29444,660780000,1
1499342400000,1499342459000,1.29446,1.29447,1.29421,1.29422,113660000,1
1499342460000,1499342519000,1.29422,1.29439,1.29418,1.29426,138560000,1
1499342520000,1499342579000,1.2943,1.29432,1.29422,1.29425,70800000,1
1499342580000,1499342639000,1.29423,1.29425,1.29411,1.29411,72530000,1
1499342640000,1499342699000,1.29411,1.29422,1.29361,1.29375,140670000,1
1499342700000,1499342759000,1.29377,1.29401,1.29375,1.29394,112910000,1
1499342760000,1499342819000,1.29393,1.29401,1.2938,1.29385,76640000,1
1499342820000,1499342879000,1.29385,1.2939,1.29371,1.29385,147570000,1
1499342880000,1499342939000,1.29385,1.29385,1.29363,1.29373,182820000,1
1499342940000,1499342999000,1.29372,1.29374,1.29363,1.29365,81350000,1
1499343000000,1499343059000,1.29365,1.29376,1.29362,1.29372,114830000,1
1499343060000,1499343119000,1.29371,1.29375,1.29365,1.29365,78620000,1
1499343120000,1499343179000,1.29365,1.29373,1.29362,1.29367,87540000,1
1499343180000,1499343239000,1.29367,1.29397,1.29363,1.29385,136150000,1
1499343240000,1499343299000,1.29389,1.29391,1.29346,1.29356,217520000,1
1499343300000,1499343359000,1.29356,1.29483,1.29356,1.29471,348470000,1
1499343360000,1499343419000,1.29469,1.29495,1.29468,1.29478,213450000,1
1499343420000,1499343479000,1.2948,1.29489,1.29432,1.29456,270510000,1
1499343480000,1499343539000,1.29456,1.29462,1.29453,1.29457,167920000,1
1499343540000,1499343599000,1.29457,1.29485,1.29457,1.29472,176610000,1
1499343600000,1499343659000,1.29472,1.29477,1.29459,1.2946,165370000,1
1499343660000,1499343719000,1.2946,1.2946,1.29435,1.29444,143480000,1
1499343720000,1499343779000,1.29441,1.29443,1.29346,1.29382,268430000,1
1499343780000,1499343839000,1.29381,1.29381,1.29368,1.29378,172310000,1
1499343840000,1499343899000,1.29377,1.29403,1.2937,1.29403,133990000,1
1499343900000,1499343959000,1.29405,1.29429,1.29399,1.29427,73730000,1
1499343960000,1499344019000,1.29429,1.29447,1.29428,1.29447,61520000,1
1499344020000,1499344079000,1.29448,1.29451,1.29444,1.29444,59800000,1
1499344080000,1499344139000,1.29444,1.29469,1.29444,1.29468,55340000,1
1499344140000,1499344199000,1.29467,1.2949,1.29442,1.2945,164220000,1
1499344200000,1499344259000,1.29459,1.29525,1.29447,1.29525,233930000,1
1499344260000,1499344319000,1.29525,1.29535,1.29491,1.29492,225400000,1
1499344320000,1499344379000,1.29493,1.29494,1.29459,1.2946,136650000,1
1499344380000,1499344439000,1.29462,1.29475,1.29455,1.29463,128930000,1
1499344440000,1499344499000,1.29464,1.29485,1.29462,1.29462,139940000,1
1499344500000,1499344559000,1.29462,1.29471,1.29457,1.29471,86780000,1
1499344560000,1499344619000,1.29471,1.29498,1.29471,1.29495,111990000,1
1499344620000,1499344679000,1.29498,1.29516,1.29492,1.29495,124880000,1
1499344680000,1499344739000,1.29495,1.29495,1.29453,1.29453,114150000,1
1499344740000,1499344799000,1.29453,1.29469,1.29453,1.29456,119360000,1
1499344800000,1499344859000,1.29456,1.29485,1.29452,1.29485,143260000,1
1499344860000,1499344919000,1.29486,1.29495,1.29463,1.29463,137070000,1
1499344920000,1499344979000,1.29462,1.29464,1.29453,1.29463,153810000,1
1499344980000,1499345039000,1.29465,1.29475,1.29455,1.29456,146150000,1
1499345040000,1499345099000,1.29455,1.2948,1.29455,1.29475,110270000,1
1499345100000,1499345159000,1.29475,1.29496,1.29473,1.29487,113020000,1
1499345160000,1499345219000,1.29485,1.29486,1.29476,1.29478,70600000,1
1499345220000,1499345279000,1.29476,1.29496,1.29476,1.29485,75150000,1
1499345280000,1499345339000,1.29485,1.29496,1.29484,1.29495,56870000,1
1499345340000,1499345399000,1.29496,1.29507,1.29494,1.29507,51270000,1
1499345400000,1499345459000,1.29508,1.29509,1.29497,1.29508,88690000,1
1499345460000,1499345519000,1.29508,1.29508,1.29471,1.29493,112650000,1
1499345520000,1499345579000,1.29494,1.29497,1.29485,1.29488,82250000,1
1499345580000,1499345639000,1.29486,1.29499,1.29482,1.29486,72500000,1
1499345640000,1499345699000,1.29487,1.29494,1.29461,1.29462,109660000,1
1499345700000,1499345759000,1.29463,1.29473,1.29453,1.29473,74650000,1
1499345760000,1499345819000,1.29472,1.29486,1.29467,1.29485,74170000,1
1499345820000,1499345879000,1.29485,1.29494,1.29476,1.29494,88330000,1
1499345880000,1499345939000,1.29494,1.29521,1.29494,1.29514,127390000,1
1499345940000,1499345999000,1.29516,1.29516,1.29499,1.29503,79840000,1
1499346000000,1499346059000,1.29505,1.29505,1.29482,1.29485,128240000,1
1499346060000,1499346119000,1.29483,1.29487,1.29473,1.29484,137850000,1
1499346120000,1499346179000,1.29485,1.29486,1.29461,1.29469,150810000,1
1499346180000,1499346239000,1.2947,1.29472,1.29462,1.29465,151590000,1
1499346240000,1499346299000,1.29465,1.29465,1.29441,1.29442,184700000,1
1499346300000,1499346359000,1.29442,1.29445,1.29434,1.29442,98270000,1
1499346360000,1499346419000,1.29445,1.29465,1.29445,1.29454,127090000,1
1499346420000,1499346479000,1.29455,1.29475,1.29454,1.29475,97290000,1
1499346480000,1499346539000,1.29475,1.29514,1.29475,1.29487,137500000,1
1499346540000,1499346599000,1.29487,1.29493,1.29482,1.29486,115340000,1
1499346600000,1499346659000,1.29486,1.29487,1.29477,1.29484,93050000,1
1499346660000,1499346719000,1.29484,1.29491,1.29482,1.29483,57880000,1
1499346720000,1499346779000,1.29485,1.29486,1.29472,1.29473,140070000,1
1499346780000,1499346839000,1.29473,1.29493,1.29472,1.29493,108320000,1
1499346840000,1499346899000,1.29493,1.29513,1.29493,1.29505,122860000,1
1499346900000,1499346959000,1.29508,1.29525,1.29503,1.29507,119380000,1
1499346960000,1499347019000,1.29507,1.29516,1.29491,1.29493,122620000,1
1499347020000,1499347079000,1.29493,1.29496,1.29475,1.29476,144230000,1
1499347080000,1499347139000,1.29476,1.29484,1.29475,1.29476,89630000,1
1499347140000,1499347199000,1.29476,1.2948,1.29464,1.29477,104450000,1
1499347200000,1499347259000,1.29479,1.29485,1.29472,1.29474,106350000,1
1499347260000,1499347319000,1.29472,1.29472,1.29456,1.29466,70230000,1
1499347320000,1499347379000,1.29469,1.29477,1.29466,1.29476,94600000,1
1499347380000,1499347439000,1.29476,1.29479,1.29452,1.29453,80640000,1
1499347440000,1499347499000,1.2945,1.29452,1.29423,1.29434,156190000,1
1499347500000,1499347559000,1.29434,1.29434,1.29414,1.29422,73060000,1
1499347560000,1499347619000,1.29422,1.29437,1.29422,1.29437,47330000,1
1499347620000,1499347679000,1.29435,1.29463,1.29435,1.29456,133820000,1
1499347680000,1499347739000,1.29458,1.29465,1.29455,1.29464,69810000,1
1499347740000,1499347799000,1.29464,1.29464,1.29458,1.29462,44360000,1
1499347800000,1499347859000,1.29462,1.29462,1.29448,1.29461,163590000,1
1499347860000,1499347919000,1.29461,1.29461,1.2943,1.29442,122030000,1
1499347920000,1499347979000,1.29442,1.29452,1.29432,1.29449,126760000,1
1499347980000,1499348039000,1.29448,1.29463,1.29445,1.29445,124770000,1
1499348040000,1499348099000,1.29444,1.29444,1.29395,1.29401,135460000,1
1499348100000,1499348159000,1.29401,1.29412,1.29378,1.29401,232170000,1
1499348160000,1499348219000,1.294,1.29403,1.29379,1.29387,107420000,1
1499348220000,1499348279000,1.29388,1.29388,1.2937,1.29384,116200000,1
1499348280000,1499348339000,1.29383,1.2939,1.29373,1.29374,124770000,1
1499348340000,1499348399000,1.29374,1.29404,1.29364,1.29401,180740000,1
1499348400000,1499348459000,1.29401,1.29404,1.29372,1.29383,165910000,1
1499348460000,1499348519000,1.29381,1.29383,1.29357,1.29371,186220000,1
1499348520000,1499348579000,1.29372,1.29386,1.29325,1.29332,122910000,1
1499348580000,1499348639000,1.29333,1.29359,1.29314,1.29319,155730000,1
1499348640000,1499348699000,1.29318,1.29319,1.29281,1.29291,134070000,1
1499348700000,1499348759000,1.2929,1.2933,1.29287,1.29319,140520000,1
1499348760000,1499348819000,1.29318,1.29322,1.29285,1.29297,144330000,1
1499348820000,1499348879000,1.29298,1.29318,1.29275,1.29283,244540000,1
1499348880000,1499348939000,1.29283,1.29293,1.29277,1.29281,183650000,1
1499348940000,1499348999000,1.29283,1.29287,1.29254,1.29266,163580000,1
1499349000000,1499349059000,1.29267,1.29308,1.29267,1.29308,140590000,1
1499349060000,1499349119000,1.29309,1.29335,1.29304,1.29317,208940000,1
1499349120000,1499349179000,1.29317,1.29318,1.2924,1.29276,203850000,1
1499349180000,1499349239000,1.29276,1.29276,1.29256,1.29267,263890000,1
1499349240000,1499349299000,1.29265,1.29286,1.29259,1.2928,224880000,1
1499349300000,1499349359000,1.29288,1.29327,1.29288,1.29296,170870000,1
1499349360000,1499349419000,1.29295,1.2934,1.29295,1.29328,240590000,1
1499349420000,1499349479000,1.29331,1.2935,1.2933,1.29338,124600000,1
1499349480000,1499349539000,1.29338,1.29343,1.29337,1.2934,59620000,1
1499349540000,1499349599000,1.29338,1.29383,1.29338,1.29368,129040000,1
1499349600000,1499349659000,1.2936,1.29383,1.29348,1.29359,240380000,1
1499349660000,1499349719000,1.29358,1.29358,1.29304,1.29317,279540000,1
1499349720000,1499349779000,1.29319,1.29348,1.29311,1.29348,200430000,1
1499349780000,1499349839000,1.29354,1.29388,1.29336,1.29387,225860000,1
1499349840000,1499349899000,1.29387,1.29412,1.29356,1.29386,183570000,1
1499349900000,1499349959000,1.29382,1.29382,1.29335,1.29338,187630000,1
1499349960000,1499350019000,1.29338,1.29362,1.29324,1.29325,138990000,1
1499350020000,1499350079000,1.29324,1.29338,1.29314,1.29338,114740000,1
1499350080000,1499350139000,1.29338,1.29358,1.2932,1.29356,125540000,1
1499350140000,1499350199000,1.29352,1.29358,1.29308,1.2931,135940000,1
1499350200000,1499350259000,1.2931,1.29326,1.29304,1.29325,93810000,1
1499350260000,1499350319000,1.29325,1.29327,1.29296,1.29296,172860000,1
1499350320000,1499350379000,1.29296,1.29326,1.29296,1.29317,113360000,1
1499350380000,1499350439000,1.29318,1.29333,1.29316,1.29327,105850000,1
1499350440000,1499350499000,1.29327,1.29337,1.29316,1.29334,97260000,1
1499350500000,1499350559000,1.29335,1.29337,1.29323,1.29327,92090000,1
1499350560000,1499350619000,1.29328,1.29352,1.29317,1.29347,95060000,1
1499350620000,1499350679000,1.29348,1.29362,1.29327,1.29361,89550000,1
1499350680000,1499350739000,1.29361,1.29392,1.29358,1.29385,97700000,1
1499350740000,1499350799000,1.29382,1.29412,1.29375,1.2941,117290000,1
1499350800000,1499350859000,1.29411,1.29412,1.294,1.29401,66860000,1
1499350860000,1499350919000,1.29402,1.2942,1.29401,1.29403,89000000,1
1499350920000,1499350979000,1.29403,1.29408,1.29368,1.29388,150670000,1
1499350980000,1499351039000,1.29388,1.29393,1.29379,1.29388,105130000,1
1499351040000,1499351099000,1.29388,1.29391,1.29372,1.29372,78840000,1
1499351100000,1499351159000,1.29372,1.29396,1.29372,1.29391,88210000,1
1499351160000,1499351219000,1.2939,1.29392,1.2937,1.29373,76750000,1
1499351220000,1499351279000,1.29373,1.2941,1.29372,1.29403,84710000,1
1499351280000,1499351339000,1.29403,1.29403,1.29393,1.29403,100030000,1
1499351340000,1499351399000,1.29402,1.29417,1.29389,1.29408,85560000,1
1499351400000,1499351459000,1.29412,1.29413,1.29402,1.29403,43250000,1
1499351460000,1499351519000,1.29403,1.29426,1.29402,1.2941,107170000,1
1499351520000,1499351579000,1.29409,1.29422,1.294,1.29419,74980000,1
1499351580000,1499351639000,1.2942,1.29423,1.29415,1.2942,101490000,1
1499351640000,1499351699000,1.2942,1.29424,1.29414,1.29417,63930000,1
1499351700000,1499351759000,1.29417,1.29422,1.29405,1.29408,81390000,1
1499351760000,1499351819000,1.29408,1.29421,1.29403,1.29403,86300000,1
1499351820000,1499351879000,1.29403,1.29407,1.29395,1.29399,93040000,1
1499351880000,1499351939000,1.294,1.29409,1.29397,1.29408,57630000,1
1499351940000,1499351999000,1.29409,1.29409,1.29401,1.29402,47830000,1
1499352000000,1499352059000,1.29401,1.29402,1.29386,1.29389,129100000,1
1499352060000,1499352119000,1.29388,1.29389,1.29359,1.29368,77600000,1
1499352120000,1499352179000,1.29368,1.2938,1.2936,1.29379,96620000,1
1499352180000,1499352239000,1.29379,1.29402,1.29379,1.29392,56650000,1
1499352240000,1499352299000,1.29392,1.29401,1.29387,1.29388,56370000,1
1499352300000,1499352359000,1.29384,1.29401,1.29378,1.29401,44170000,1
1499352360000,1499352419000,1.29403,1.29421,1.29403,1.29418,88650000,1
1499352420000,1499352479000,1.29426,1.29448,1.29426,1.29431,90650000,1
1499352480000,1499352539000,1.2943,1.29448,1.2942,1.29442,102780000,1
1499352540000,1499352599000,1.29442,1.2945,1.29427,1.29432,126440000,1
1499352600000,1499352659000,1.29432,1.29445,1.29432,1.29441,34610000,1
1499352660000,1499352719000,1.29443,1.29471,1.29438,1.29438,129350000,1
1499352720000,1499352779000,1.29438,1.29458,1.29426,1.29451,116590000,1
1499352780000,1499352839000,1.29451,1.29484,1.29451,1.29482,111500000,1
1499352840000,1499352899000,1.29482,1.29482,1.29455,1.29455,150170000,1
1499352900000,1499352959000,1.29453,1.29469,1.29435,1.2944,189170000,1
1499352960000,1499353019000,1.29438,1.29449,1.29418,1.29427,171980000,1
1499353020000,1499353079000,1.29427,1.29485,1.29427,1.29484,133030000,1
1499353080000,1499353139000,1.29485,1.29496,1.29478,1.29494,160530000,1
1499353140000,1499353199000,1.29493,1.29493,1.29469,1.29486,205100000,1
1499353200000,1499353259000,1.29484,1.29493,1.29478,1.29482,173190000,1
1499353260000,1499353319000,1.29481,1.29505,1.29448,1.29449,193200000,1
1499353320000,1499353379000,1.29449,1.2947,1.29428,1.2944,198490000,1
1499353380000,1499353439000,1.29441,1.29462,1.29424,1.29462,147270000,1
1499353440000,1499353499000,1.29462,1.29479,1.29452,1.2947,169470000,1
1499353500000,1499353559000,1.29468,1.29477,1.29449,1.29456,183350000,1
1499353560000,1499353619000,1.29456,1.29459,1.29428,1.29431,171750000,1
1499353620000,1499353679000,1.29432,1.29463,1.29429,1.29451,118050000,1
1499353680000,1499353739000,1.2945,1.29455,1.29433,1.29451,97410000,1
1499353740000,1499353799000,1.29451,1.29455,1.29448,1.29455,52290000,1
1499353800000,1499353859000,1.29455,1.29457,1.29431,1.29442,93170000,1
1499353860000,1499353919000,1.29442,1.29481,1.29442,1.29478,167720000,1
1499353920000,1499353979000,1.29477,1.29498,1.29477,1.2949,210160000,1
1499353980000,1499354039000,1.29489,1.29489,1.29458,1.2946,147010000,1
1499354040000,1499354099000,1.2946,1.29489,1.2946,1.29473,150780000,1
1499354100000,1499354159000,1.29473,1.29509,1.2946,1.29508,150470000,1
1499354160000,1499354219000,1.29508,1.29528,1.295,1.29528,134100000,1
1499354220000,1499354279000,1.29529,1.29538,1.29519,1.29519,104930000,1
1499354280000,1499354339000,1.29519,1.29529,1.29509,1.29527,90020000,1
1499354340000,1499354399000,1.29531,1.29565,1.29531,1.29559,79940000,1
1499354400000,1499354459000,1.29557,1.29568,1.2955,1.29554,103030000,1
1499354460000,1499354519000,1.29555,1.29569,1.29549,1.29567,131580000,1
1499354520000,1499354579000,1.29567,1.29589,1.29566,1.29579,150720000,1
1499354580000,1499354639000,1.29581,1.29591,1.29575,1.2959,79140000,1
1499354640000,1499354699000,1.2959,1.29597,1.29583,1.29589,103250000,1
1499354700000,1499354759000,1.29589,1.29599,1.29589,1.29598,69890000,1
1499354760000,1499354819000,1.29599,1.29604,1.29597,1.29598,112080000,1
1499354820000,1499354879000,1.29599,1.29632,1.29597,1.29605,127370000,1
1499354880000,1499354939000,1.29603,1.2962,1.29597,1.29619,93270000,1
1499354940000,1499354999000,1.29618,1.29621,1.29615,1.29618,86410000,1
1499355000000,1499355059000,1.29618,1.29629,1.29617,1.29628,73130000,1
1499355060000,1499355119000,1.29629,1.29642,1.29629,1.29641,80990000,1
1499355120000,1499355179000,1.2964,1.29683,1.29622,1.2967,92270000,1
1499355180000,1499355239000,1.29669,1.29669,1.29639,1.29643,104060000,1
1499355240000,1499355299000,1.29639,1.29643,1.29621,1.29627,104620000,1
1499355300000,1499355359000,1.29626,1.29626,1.29594,1.296,181850000,1
1499355360000,1499355419000,1.29598,1.29619,1.29597,1.29618,126050000,1
1499355420000,1499355479000,1.2962,1.29623,1.29617,1.29618,79250000,1
1499355480000,1499355539000,1.2962,1.29644,1.29619,1.29642,107120000,1
1499355540000,1499355599000,1.29641,1.2966,1.29639,1.2966,93930000,1
1499355600000,1499355659000,1.2966,1.29673,1.29634,1.29639,67240000,1
1499355660000,1499355719000,1.29639,1.2966,1.29631,1.29659,78970000,1
1499355720000,1499355779000,1.29657,1.29663,1.29642,1.29657,127780000,1
1499355780000,1499355839000,1.29652,1.29656,1.29644,1.29645,56850000,1
1499355840000,1499355899000,1.29645,1.29669,1.29643,1.29663,133780000,1
1499355900000,1499355959000,1.29663,1.29675,1.29663,1.29667,88440000,1
1499355960000,1499356019000,1.29668,1.29683,1.29667,1.29682,77750000,1
1499356020000,1499356079000,1.29683,1.29688,1.29671,1.29671,82990000,1
1499356080000,1499356139000,1.29671,1.29688,1.29671,1.29679,62410000,1
1499356140000,1499356199000,1.29679,1.29694,1.29679,1.29691,77630000,1
1499356200000,1499356259000,1.29691,1.29691,1.29678,1.2968,68380000,1
1499356260000,1499356319000,1.29679,1.29679,1.29666,1.29667,52950000,1
1499356320000,1499356379000,1.29666,1.29668,1.29657,1.29668,89180000,1
1499356380000,1499356439000,1.29668,1.29677,1.29667,1.29673,88770000,1
1499356440000,1499356499000,1.29673,1.2968,1.29672,1.29678,55030000,1
1499356500000,1499356559000,1.29677,1.29677,1.29651,1.29651,55460000,1
1499356560000,1499356619000,1.29651,1.29651,1.29639,1.29645,64690000,1
1499356620000,1499356679000,1.29644,1.29648,1.29634,1.29643,83770000,1
1499356680000,1499356739000,1.29642,1.29667,1.29641,1.29661,98710000,1
1499356740000,1499356799000,1.29661,1.29661,1.29638,1.29646,78180000,1
1499356800000,1499356859000,1.29648,1.29665,1.29633,1.29657,135420000,1
1499356860000,1499356919000,1.29659,1.29659,1.29641,1.29643,91610000,1
1499356920000,1499356979000,1.29642,1.29644,1.29635,1.29635,103360000,1
1499356980000,1499357039000,1.29636,1.29648,1.29635,1.29647,77190000,1
1499357040000,1499357099000,1.29647,1.29647,1.29637,1.29638,37270000,1
1499357100000,1499357159000,1.29642,1.29648,1.29639,1.29641,29790000,1
1499357160000,1499357219000,1.2964,1.2965,1.29639,1.29645,60690000,1
1499357220000,1499357279000,1.29644,1.29649,1.2964,1.2964,62180000,1
1499357280000,1499357339000,1.29639,1.29648,1.29631,1.29648,91160000,1
1499357340000,1499357399000,1.29648,1.29649,1.29637,1.29638,75160000,1
1499357400000,1499357459000,1.29637,1.29644,1.29615,1.29618,163290000,1
1499357460000,1499357519000,1.29614,1.29628,1.29614,1.29628,139260000,1
1499357520000,1499357579000,1.29627,1.29627,1.29608,1.29609,43150000,1
1499357580000,1499357639000,1.29608,1.29609,1.29597,1.29602,91150000,1
1499357640000,1499357699000,1.29601,1.29606,1.29592,1.29594,97900000,1
1499357700000,1499357759000,1.29594,1.29607,1.29594,1.29596,152970000,1
1499357760000,1499357819000,1.29596,1.29618,1.29596,1.29617,148220000,1
1499357820000,1499357879000,1.29619,1.2962,1.29598,1.29606,95750000,1
1499357880000,1499357939000,1.29605,1.2961,1.29603,1.29607,71650000,1
1499357940000,1499357999000,1.29606,1.29609,1.296,1.29601,111630000,1
1499358000000,1499358059000,1.29601,1.29607,1.29596,1.29596,98110000,1
1499358060000,1499358119000,1.29595,1.29597,1.29583,1.29585,59680000,1
1499358120000,1499358179000,1.29583,1.29584,1.29576,1.29582,79900000,1
1499358180000,1499358239000,1.29578,1.29578,1.29566,1.29566,38080000,1
1499358240000,1499358299000,1.29566,1.29574,1.29565,1.29565,93070000,1
1499358300000,1499358359000,1.29566,1.2958,1.29564,1.29577,51600000,1
1499358360000,1499358419000,1.29576,1.29578,1.2957,1.29576,38150000,1
1499358420000,1499358479000,1.29577,1.29577,1.29576,1.29576,32080000,1
1499358480000,1499358539000,1.29576,1.29583,1.29575,1.29577,91660000,1
1499358540000,1499358599000,1.29577,1.29577,1.29575,1.29577,21600000,1
1499358600000,1499358659000,1.29575,1.29575,1.29556,1.29564,102140000,1
1499358660000,1499358719000,1.29565,1.29565,1.29543,1.29549,146960000,1
1499358720000,1499358779000,1.29549,1.29555,1.29544,1.29555,86510000,1
1499358780000,1499358839000,1.29553,1.29553,1.29535,1.29535,60450000,1
1499358840000,1499358899000,1.29533,1.29533,1.29505,1.29505,114100000,1
1499358900000,1499358959000,1.29503,1.29523,1.29475,1.29486,124650000,1
1499358960000,1499359019000,1.29486,1.29601,1.29477,1.29601,152150000,1
1499359020000,1499359079000,1.296,1.29691,1.29593,1.29673,264610000,1
1499359080000,1499359139000,1.29673,1.29673,1.29633,1.29665,181010000,1
1499359140000,1499359199000,1.29668,1.29747,1.29667,1.29727,229390000,1
1499359200000,1499359259000,1.29726,1.29754,1.29697,1.29704,164890000,1
1499359260000,1499359319000,1.29704,1.29709,1.29656,1.29672,203910000,1
1499359320000,1499359379000,1.29673,1.2968,1.29654,1.29661,139200000,1
1499359380000,1499359439000,1.29661,1.29673,1.29651,1.29663,88970000,1
1499359440000,1499359499000,1.2966,1.2968,1.2966,1.29679,62100000,1
1499359500000,1499359559000,1.29679,1.29679,1.29663,1.29663,157860000,1
1499359560000,1499359619000,1.29663,1.29666,1.29646,1.29647,93680000,1
1499359620000,1499359679000,1.29648,1.2965,1.2964,1.29646,75660000,1
1499359680000,1499359739000,1.29646,1.29649,1.29606,1.29609,123340000,1
1499359740000,1499359799000,1.2961,1.29616,1.29586,1.29586,83770000,1
1499359800000,1499359859000,1.29587,1.29589,1.29544,1.29562,144650000,1
1499359860000,1499359919000,1.29562,1.29607,1.29562,1.29599,105080000,1
1499359920000,1499359979000,1.29602,1.2961,1.29593,1.29597,136720000,1
1499359980000,1499360039000,1.29597,1.29618,1.29591,1.29618,109070000,1
1499360040000,1499360099000,1.29619,1.29619,1.29602,1.29602,65220000,1
1499360100000,1499360159000,1.29598,1.29611,1.29587,1.29598,87840000,1
1499360160000,1499360219000,1.29599,1.29619,1.29594,1.29618,111010000,1
1499360220000,1499360279000,1.29618,1.29641,1.29615,1.2964,134160000,1
1499360280000,1499360339000,1.2964,1.29728,1.2964,1.2971,282970000,1
1499360340000,1499360399000,1.29708,1.29708,1.29687,1.29689,84770000,1
1499360400000,1499360459000,1.29691,1.29693,1.29679,1.2969,69980000,1
1499360460000,1499360519000,1.2969,1.29729,1.29682,1.29702,148410000,1
1499360520000,1499360579000,1.29703,1.29703,1.29687,1.29692,139220000,1
1499360580000,1499360639000,1.29692,1.29692,1.29677,1.29687,95850000,1
1499360640000,1499360699000,1.29687,1.29703,1.29687,1.29699,76430000,1
1499360700000,1499360759000,1.297,1.29707,1.29686,1.29686,87810000,1
1499360760000,1499360819000,1.29686,1.29691,1.29686,1.29691,31810000,1
1499360820000,1499360879000,1.29691,1.29694,1.29687,1.29694,27680000,1
1499360880000,1499360939000,1.29694,1.29711,1.29691,1.29706,123730000,1
1499360940000,1499360999000,1.29705,1.29709,1.297,1.29702,44620000,1
1499361000000,1499361059000,1.29702,1.29702,1.29686,1.29692,86920000,1
1499361060000,1499361119000,1.29692,1.29694,1.29685,1.29686,73120000,1
1499361120000,1499361179000,1.29686,1.29687,1.29681,1.29686,45840000,1
1499361180000,1499361239000,1.29685,1.29685,1.29644,1.29661,109770000,1
1499361240000,1499361299000,1.29662,1.29662,1.29628,1.29628,77810000,1
1499361300000,1499361359000,1.29627,1.29627,1.29615,1.29615,83710000,1
1499361360000,1499361419000,1.29613,1.29613,1.29596,1.29605,101600000,1
1499361420000,1499361479000,1.29605,1.2962,1.29605,1.29618,46570000,1
1499361480000,1499361539000,1.29618,1.29626,1.29617,1.29619,29450000,1
1499361540000,1499361599000,1.29618,1.29635,1.29616,1.29627,72140000,1
1499361600000,1499361659000,1.29627,1.29636,1.29616,1.29617,72440000,1
1499361660000,1499361719000,1.29615,1.29643,1.29614,1.29638,76280000,1
1499361720000,1499361779000,1.29639,1.29642,1.2963,1.29638,67170000,1
1499361780000,1499361839000,1.29637,1.29638,1.29627,1.29632,46600000,1
1499361840000,1499361899000,1.29632,1.29645,1.29629,1.29629,69130000,1
1499361900000,1499361959000,1.29628,1.29649,1.29628,1.29649,41000000,1
1499361960000,1499362019000,1.29649,1.29656,1.29649,1.29652,28300000,1
1499362020000,1499362079000,1.29652,1.29658,1.29652,1.29658,68780000,1
1499362080000,1499362139000,1.29658,1.29658,1.29657,1.29658,52320000,1
1499362140000,1499362199000,1.29657,1.29658,1.29628,1.29648,90390000,1
1499362200000,1499362259000,1.29648,1.29655,1.2964,1.29655,79860000,1
1499362260000,1499362319000,1.29652,1.29653,1.2963,1.29647,111060000,1
1499362320000,1499362379000,1.29648,1.2965,1.29633,1.29648,96020000,1
1499362380000,1499362439000,1.29648,1.29653,1.29648,1.2965,27210000,1
1499362440000,1499362499000,1.2965,1.29658,1.29649,1.29649,32720000,1
1499362500000,1499362559000,1.29649,1.29649,1.29632,1.29632,68510000,1
1499362560000,1499362619000,1.29633,1.29643,1.29632,1.29642,58840000,1
1499362620000,1499362679000,1.29643,1.29649,1.29632,1.29648,80050000,1
1499362680000,1499362739000,1.29649,1.29649,1.29647,1.29648,21430000,1
1499362740000,1499362799000,1.29648,1.29656,1.29639,1.29639,55940000,1
1499362800000,1499362859000,1.29642,1.29649,1.29641,1.29647,66380000,1
1499362860000,1499362919000,1.29646,1.2965,1.29644,1.2965,36080000,1
1499362920000,1499362979000,1.2965,1.2966,1.29639,1.29649,75980000,1
1499362980000,1499363039000,1.29649,1.29657,1.29642,1.29642,64430000,1
1499363040000,1499363099000,1.2964,1.29648,1.29637,1.2964,72640000,1
1499363100000,1499363159000,1.2964,1.29643,1.29635,1.29641,84900000,1
1499363160000,1499363219000,1.29642,1.29646,1.29638,1.29646,90830000,1
1499363220000,1499363279000,1.29646,1.29665,1.29645,1.29665,84090000,1
1499363280000,1499363339000,1.29664,1.29668,1.29658,1.29668,87240000,1
1499363340000,1499363399000,1.29666,1.29678,1.29666,1.29668,58170000,1
1499363400000,1499363459000,1.29669,1.2968,1.29669,1.29677,71900000,1
1499363460000,1499363519000,1.29678,1.29682,1.29673,1.2968,115650000,1
1499363520000,1499363579000,1.2968,1.29682,1.29673,1.29682,63840000,1
1499363580000,1499363639000,1.29682,1.29688,1.2968,1.2968,44290000,1
1499363640000,1499363699000,1.2968,1.29682,1.29669,1.2967,50910000,1
1499363700000,1499363759000,1.2967,1.29672,1.29669,1.29671,37800000,1
1499363760000,1499363819000,1.29671,1.29673,1.29663,1.2967,74850000,1
1499363820000,1499363879000,1.2967,1.29671,1.29649,1.29654,62960000,1
1499363880000,1499363939000,1.29656,1.29657,1.29648,1.29648,56020000,1
1499363940000,1499363999000,1.29648,1.29652,1.29647,1.2965,64950000,1
1499364000000,1499364059000,1.2965,1.2967,1.2965,1.2967,117060000,1
1499364060000,1499364119000,1.2967,1.2967,1.29649,1.2965,50590000,1
1499364120000,1499364179000,1.2965,1.2966,1.29648,1.2966,49920000,1
1499364180000,1499364239000,1.29658,1.29681,1.29657,1.2968,42970000,1
1499364240000,1499364299000,1.2968,1.2968,1.29669,1.29669,45610000,1
1499364300000,1499364359000,1.29669,1.29678,1.29669,1.29678,61280000,1
1499364360000,1499364419000,1.29677,1.29683,1.29674,1.29678,53480000,1
1499364420000,1499364479000,1.29679,1.29681,1.29668,1.29669,39870000,1
1499364480000,1499364539000,1.29669,1.29669,1.29639,1.2965,126470000,1
1499364540000,1499364599000,1.29648,1.29655,1.2964,1.2964,118180000,1
1499364600000,1499364659000,1.2964,1.29646,1.2964,1.2964,105640000,1
1499364660000,1499364719000,1.29642,1.29644,1.2964,1.29642,65000000,1
1499364720000,1499364779000,1.29642,1.29646,1.2963,1.29632,56680000,1
1499364780000,1499364839000,1.29632,1.29648,1.29632,1.29645,48860000,1
1499364840000,1499364899000,1.29645,1.29645,1.29639,1.2964,21000000,1
1499364900000,1499364959000,1.2964,1.29659,1.2964,1.29645,83340000,1
1499364960000,1499365019000,1.29643,1.29648,1.29638,1.29648,50990000,1
1499365020000,1499365079000,1.29648,1.29654,1.29639,1.29648,63900000,1
1499365080000,1499365139000,1.29648,1.2965,1.29647,1.2965,34990000,1
1499365140000,1499365199000,1.2965,1.29659,1.2965,1.29658,69400000,1
1499365200000,1499365259000,1.29659,1.29672,1.29659,1.29671,53390000,1
1499365260000,1499365319000,1.29671,1.29673,1.2966,1.29662,36510000,1
1499365320000,1499365379000,1.29662,1.29675,1.29662,1.29673,48380000,1
1499365380000,1499365439000,1.29673,1.29675,1.2967,1.29674,41740000,1
1499365440000,1499365499000,1.29673,1.29673,1.29663,1.29663,19190000,1
1499365500000,1499365559000,1.29663,1.29671,1.29662,1.29671,37240000,1
1499365560000,1499365619000,1.29671,1.29673,1.29671,1.29673,8000000,1
1499365620000,1499365679000,1.29673,1.29688,1.29673,1.29685,47810000,1
1499365680000,1499365739000,1.29686,1.29713,1.29686,1.29708,77450000,1
1499365740000,1499365799000,1.2971,1.29713,1.29704,1.2971,52670000,1
1499365800000,1499365859000,1.2971,1.29716,1.2971,1.29713,53330000,1
1499365860000,1499365919000,1.29713,1.29713,1.29712,1.29713,10750000,1
1499365920000,1499365979000,1.29713,1.29713,1.29711,1.29713,16000000,1
1499365980000,1499366039000,1.29713,1.29715,1.2971,1.29712,44350000,1
1499366040000,1499366099000,1.29713,1.29716,1.29706,1.29715,27750000,1
1499366100000,1499366159000,1.29715,1.29736,1.29715,1.29734,43120000,1
1499366160000,1499366219000,1.29732,1.29735,1.29722,1.29735,34230000,1
1499366220000,1499366279000,1.29736,1.29748,1.29735,1.29745,54240000,1
1499366280000,1499366339000,1.29746,1.29755,1.29731,1.29731,68500000,1
1499366340000,1499366399000,1.29731,1.29732,1.2973,1.2973,35100000,1
1499366400000,1499366459000,1.2973,1.29732,1.2972,1.2972,47470000,1
1499366460000,1499366519000,1.2972,1.29752,1.29716,1.29751,69950000,1
1499366520000,1499366579000,1.29751,1.29751,1.2973,1.2974,55490000,1
1499366580000,1499366639000,1.2974,1.2975,1.29736,1.2975,40680000,1
1499366640000,1499366699000,1.2975,1.2975,1.29736,1.29743,53720000,1
1499366700000,1499366759000,1.29743,1.29743,1.29738,1.29738,59220000,1
1499366760000,1499366819000,1.29738,1.29738,1.29736,1.29737,60730000,1
1499366820000,1499366879000,1.2974,1.29741,1.2974,1.29741,22610000,1
1499366880000,1499366939000,1.29741,1.29741,1.29734,1.29738,105190000,1
1499366940000,1499366999000,1.29737,1.29752,1.29737,1.29744,61270000,1
1499367000000,1499367059000,1.29744,1.29745,1.29736,1.29737,85420000,1
1499367060000,1499367119000,1.29736,1.29738,1.29736,1.29738,32540000,1
1499367120000,1499367179000,1.29739,1.29739,1.29737,1.29737,48850000,1
1499367180000,1499367239000,1.29737,1.29748,1.29734,1.29737,83870000,1
1499367240000,1499367299000,1.29735,1.29741,1.29734,1.29736,88330000,1
1499367300000,1499367359000,1.29736,1.29738,1.29736,1.29737,34370000,1
1499367360000,1499367419000,1.29737,1.2974,1.29736,1.29737,39240000,1
1499367420000,1499367479000,1.29737,1.29739,1.29735,1.29737,32990000,1
1499367480000,1499367539000,1.29737,1.29741,1.29727,1.29727,119200000,1
1499367540000,1499367599000,1.29728,1.29745,1.29719,1.2972,171250000,1
1499367600000,1499367659000,1.29726,1.29731,1.29718,1.2973,97850000,1
1499367660000,1499367719000,1.2973,1.2973,1.29718,1.29718,91710000,1
1499367720000,1499367779000,1.29718,1.29728,1.29717,1.29727,78100000,1
1499367780000,1499367839000,1.29728,1.29728,1.29718,1.29718,67420000,1
1499367840000,1499367899000,1.29718,1.29724,1.29714,1.29722,39410000,1
1499367900000,1499367959000,1.29722,1.29727,1.29717,1.29719,110790000,1
1499367960000,1499368019000,1.29719,1.29719,1.29712,1.29713,70290000,1
1499368020000,1499368079000,1.29712,1.29713,1.29707,1.29707,28670000,1
1499368080000,1499368139000,1.29708,1.29713,1.29707,1.29713,35930000,1
1499368140000,1499368199000,1.29713,1.29713,1.29707,1.29708,65020000,1
1499368200000,1499368259000,1.29706,1.29706,1.29697,1.29699,59360000,1
1499368260000,1499368319000,1.29699,1.29704,1.29686,1.29687,72100000,1
1499368320000,1499368379000,1.29688,1.29689,1.29687,1.29687,63690000,1
1499368380000,1499368439000,1.29687,1.29694,1.29687,1.29693,75960000,1
1499368440000,1499368499000,1.29692,1.29695,1.29686,1.29686,97970000,1
1499368500000,1499368559000,1.29686,1.29689,1.29675,1.29676,148940000,1
1499368560000,1499368619000,1.29677,1.29677,1.29664,1.29665,100720000,1
1499368620000,1499368679000,1.29665,1.29665,1.29643,1.29645,106390000,1
1499368680000,1499368739000,1.29645,1.29647,1.29624,1.29642,183860000,1
1499368740000,1499368799000,1.29642,1.29647,1.29628,1.29634,159850000,1
1499368800000,1499368859000,1.29633,1.29653,1.29633,1.29652,141360000,1
1499368860000,1499368919000,1.29651,1.29668,1.29649,1.29668,159660000,1
1499368920000,1499368979000,1.29667,1.29667,1.29658,1.29658,102900000,1
1499368980000,1499369039000,1.29658,1.29668,1.29657,1.29662,88170000,1
1499369040000,1499369099000,1.29662,1.29667,1.29658,1.29658,52920000,1
1499369100000,1499369159000,1.2966,1.2966,1.29655,1.29657,73290000,1
1499369160000,1499369219000,1.29656,1.29676,1.29656,1.29675,93240000,1
1499369220000,1499369279000,1.29678,1.29694,1.29671,1.29693,37370000,1
1499369280000,1499369339000,1.29693,1.29695,1.29689,1.2969,22370000,1
1499369340000,1499369399000,1.2969,1.29694,1.29682,1.29688,114690000,1
1499369400000,1499369459000,1.29688,1.29708,1.29688,1.29702,100670000,1
1499369460000,1499369519000,1.29702,1.29703,1.29697,1.29697,61300000,1
1499369520000,1499369579000,1.29698,1.29703,1.29697,1.29702,56470000,1
1499369580000,1499369639000,1.29702,1.29708,1.29701,1.29702,30500000,1
1499369640000,1499369699000,1.29702,1.29711,1.29699,1.29701,33000000,1
1499369700000,1499369759000,1.29701,1.29739,1.29701,1.29739,69840000,1
1499369760000,1499369819000,1.29739,1.2974,1.2972,1.29739,104980000,1
1499369820000,1499369879000,1.29739,1.29743,1.29738,1.29743,42100000,1
1499369880000,1499369939000,1.29747,1.29764,1.29747,1.29752,105660000,1
1499369940000,1499369999000,1.29752,1.29753,1.29746,1.29749,37650000,1
1499370000000,1499370059000,1.29745,1.29745,1.29727,1.29728,64620000,1
1499370060000,1499370119000,1.29728,1.29728,1.29718,1.29722,42770000,1
1499370120000,1499370179000,1.29727,1.29727,1.29721,1.29721,69390000,1
1499370180000,1499370239000,1.29721,1.29738,1.29721,1.29731,67040000,1
1499370240000,1499370299000,1.29732,1.29734,1.29728,1.29729,43110000,1
1499370300000,1499370359000,1.29729,1.2973,1.29717,1.29718,58340000,1
1499370360000,1499370419000,1.29718,1.2972,1.29712,1.29712,50210000,1
1499370420000,1499370479000,1.29713,1.29713,1.29708,1.29709,30960000,1
1499370480000,1499370539000,1.2971,1.2972,1.2971,1.29719,26930000,1
1499370540000,1499370599000,1.29719,1.29722,1.29718,1.29718,30930000,1
1499370600000,1499370659000,1.29717,1.29722,1.29717,1.29718,50600000,1
1499370660000,1499370719000,1.29718,1.29719,1.29709,1.29709,48080000,1
1499370720000,1499370779000,1.29715,1.29723,1.29715,1.29718,39040000,1
1499370780000,1499370839000,1.29718,1.29718,1.29687,1.2969,83940000,1
1499370840000,1499370899000,1.2969,1.29691,1.29686,1.29688,65250000,1
1499370900000,1499370959000,1.29687,1.29688,1.29669,1.29671,59850000,1
1499370960000,1499371019000,1.2967,1.2967,1.29668,1.29668,14480000,1
1499371020000,1499371079000,1.29666,1.29669,1.29659,1.29668,76220000,1
1499371080000,1499371139000,1.29671,1.29672,1.29661,1.29671,106020000,1
1499371140000,1499371199000,1.29671,1.29671,1.29653,1.29662,113280000,1
1499371200000,1499371259000,1.29662,1.29678,1.29655,1.29677,77920000,1
1499371260000,1499371319000,1.29677,1.29695,1.29677,1.29692,58350000,1
1499371320000,1499371379000,1.29692,1.29703,1.29691,1.29701,50740000,1
1499371380000,1499371439000,1.29703,1.29703,1.29703,1.29703,18830000,1
1499371440000,1499371499000,1.29703,1.29705,1.297,1.29701,23870000,1
1499371500000,1499371559000,1.29701,1.29701,1.29698,1.29698,48740000,1
1499371560000,1499371619000,1.29698,1.29699,1.29697,1.29698,52850000,1
1499371620000,1499371679000,1.29698,1.29699,1.29692,1.29692,62460000,1
1499371680000,1499371739000,1.29693,1.29699,1.29692,1.29698,57590000,1
1499371740000,1499371799000,1.29697,1.29699,1.29697,1.29699,30370000,1
1499371800000,1499371859000,1.29699,1.29699,1.29696,1.29696,42740000,1
1499371860000,1499371919000,1.29696,1.29698,1.29695,1.29696,39780000,1
1499371920000,1499371979000,1.29697,1.29697,1.29696,1.29696,49460000,1
1499371980000,1499372039000,1.29696,1.29701,1.29696,1.29699,24490000,1
1499372040000,1499372099000,1.29698,1.29703,1.29698,1.29699,58640000,1
1499372100000,1499372159000,1.29698,1.29698,1.29695,1.29698,23070000,1
1499372160000,1499372219000,1.29698,1.297,1.29697,1.29698,21370000,1
1499372220000,1499372279000,1.29698,1.29698,1.29697,1.29697,36960000,1
1499372280000,1499372339000,1.29699,1.29719,1.29699,1.29719,42600000,1
1499372340000,1499372399000,1.29719,1.29719,1.29717,1.29717,17290000,1
1499372400000,1499372459000,1.29717,1.29718,1.29707,1.29708,57480000,1
1499372460000,1499372519000,1.29708,1.29708,1.29707,1.29708,19560000,1
1499372520000,1499372579000,1.29708,1.29713,1.29708,1.29712,30540000,1
1499372580000,1499372639000,1.29712,1.29712,1.29712,1.29712,1000000,1
1499372640000,1499372699000,1.29712,1.29713,1.29709,1.29712,20380000,1
1499372700000,1499372759000,1.29712,1.29713,1.29708,1.29712,28250000,1
1499372760000,1499372819000,1.29713,1.29723,1.2971,1.29723,41060000,1
1499372820000,1499372879000,1.29722,1.29723,1.2972,1.29722,24680000,1
1499372880000,1499372939000,1.29723,1.29727,1.29719,1.29722,59170000,1
1499372940000,1499372999000,1.29723,1.29723,1.29718,1.29723,38870000,1
1499373000000,1499373059000,1.29722,1.29728,1.29719,1.29727,50230000,1
1499373060000,1499373119000,1.29728,1.29728,1.29715,1.29715,60500000,1
1499373120000,1499373179000,1.29715,1.29718,1.29708,1.29715,101740000,1
1499373180000,1499373239000,1.29716,1.29718,1.29713,1.29716,89300000,1
1499373240000,1499373299000,1.29716,1.29716,1.2971,1.29713,87930000,1
1499373300000,1499373359000,1.29713,1.29714,1.29711,1.29714,121510000,1
1499373360000,1499373419000,1.29714,1.29719,1.29711,1.29719,123060000,1
1499373420000,1499373479000,1.2972,1.2972,1.29718,1.29719,75250000,1
1499373480000,1499373539000,1.29719,1.29721,1.29718,1.29719,88190000,1
1499373540000,1499373599000,1.29719,1.29721,1.29714,1.29715,78130000,1
1499373600000,1499373659000,1.29715,1.2972,1.29715,1.2972,28690000,1
1499373660000,1499373719000,1.2972,1.2972,1.29719,1.2972,13610000,1
1499373720000,1499373779000,1.29721,1.29722,1.29709,1.29709,46470000,1
1499373780000,1499373839000,1.29709,1.29717,1.29708,1.29714,50050000,1
1499373840000,1499373899000,1.29715,1.29715,1.29714,1.29714,25250000,1
1499373900000,1499373959000,1.29715,1.29715,1.29707,1.2971,28740000,1
1499373960000,1499374019000,1.29707,1.29711,1.29707,1.2971,20310000,1
1499374020000,1499374079000,1.2971,1.29711,1.29707,1.2971,43930000,1
1499374080000,1499374139000,1.29711,1.29712,1.29708,1.2971,35600000,1
1499374140000,1499374199000,1.29709,1.2971,1.29705,1.29709,47600000,1
1499374200000,1499374259000,1.2971,1.2971,1.29709,1.2971,32250000,1
1499374260000,1499374319000,1.29709,1.2971,1.29699,1.29701,30420000,1
1499374320000,1499374379000,1.29702,1.29702,1.29691,1.29692,26550000,1
1499374380000,1499374439000,1.29693,1.29698,1.29691,1.29691,47740000,1
1499374440000,1499374499000,1.29691,1.29692,1.2966,1.29672,85550000,1
1499374500000,1499374559000,1.29672,1.29696,1.29666,1.29695,49560000,1
1499374560000,1499374619000,1.29695,1.29699,1.2969,1.29697,35590000,1
1499374620000,1499374679000,1.29695,1.29703,1.29695,1.29696,36860000,1
1499374680000,1499374739000,1.29694,1.29718,1.29685,1.29712,255390000,1
1499374740000,1499374799000,1.29713,1.29713,1.29707,1.29712,52120000,1
1499374800000,1499374859000,1.29697,1.29697,1.29681,1.29681,10120000,1
1499374860000,1499374919000,1.29658,1.2966,1.29658,1.29659,2980000,1
1499374920000,1499374979000,1.29658,1.29658,1.29658,1.29658,9750000,1
1499374980000,1499375039000,1.29673,1.29673,1.29673,1.29673,3000000,1
1499375040000,1499375099000,1.29673,1.29673,1.2965,1.29658,8500000,1
1499375100000,1499375159000,1.29658,1.29693,1.29658,1.29693,14250000,1
1499375160000,1499375219000,1.29707,1.29707,1.29704,1.29707,7740000,1
1499375220000,1499375279000,1.29707,1.29707,1.29707,1.29707,4000000,1
1499375280000,1499375339000,1.29707,1.29708,1.29707,1.29708,6000000,1
1499375340000,1499375399000,1.29707,1.29708,1.29707,1.29707,8000000,1
1499375400000,1499375459000,1.29707,1.29708,1.29707,1.29707,7000000,1
1499375460000,1499375519000,1.29707,1.29708,1.29707,1.29708,14000000,1
1499375520000,1499375579000,1.29708,1.29708,1.29707,1.29707,7000000,1
1499375580000,1499375639000,1.29708,1.29708,1.29708,1.29708,2000000,1
1499375640000,1499375699000,1.29708,1.29708,1.29707,1.29707,4000000,1
1499375700000,1499375759000,1.29707,1.29708,1.29707,1.29708,11000000,1
1499375760000,1499375819000,1.29708,1.2972,1.29707,1.29717,21000000,1
1499375820000,1499375879000,1.29717,1.29718,1.29717,1.29717,12000000,1
1499375880000,1499375939000,1.29717,1.29717,1.29717,1.29717,2000000,1
1499375940000,1499375999000,1.29718,1.29718,1.29718,1.29718,1000000,1
1499376000000,1499376059000,1.29718,1.29718,1.29717,1.29718,9000000,1
1499376060000,1499376119000,1.29718,1.29718,1.29717,1.29717,6000000,1
1499376120000,1499376179000,1.29718,1.29723,1.29717,1.29721,12000000,1
1499376180000,1499376239000,1.29719,1.29721,1.29719,1.29719,10120000,1
1499376240000,1499376299000,1.2972,1.29724,1.29719,1.29722,14000000,1
1499376300000,1499376359000,1.29723,1.29723,1.29722,1.29723,6000000,1
1499376360000,1499376419000,1.29722,1.29723,1.29722,1.29723,3000000,1
1499376420000,1499376479000,1.29722,1.29723,1.29722,1.29723,13000000,1
1499376480000,1499376539000,1.29722,1.29723,1.29722,1.29722,9000000,1
1499376540000,1499376599000,1.29722,1.29722,1.29722,1.29722,1000000,1
1499376600000,1499376659000,1.29723,1.29723,1.29722,1.29722,11000000,1
1499376660000,1499376719000,1.29723,1.29723,1.2972,1.2972,6000000,1
1499376720000,1499376779000,1.29718,1.29718,1.29718,1.29718,1000000,1
1499376780000,1499376839000,1.29716,1.29716,1.29715,1.29715,3860000,1
1499376840000,1499376899000,1.29715,1.29723,1.29715,1.29722,5060000,1
1499376900000,1499376959000,1.29721,1.29723,1.29718,1.29723,8500000,1
1499376960000,1499377019000,1.29724,1.29724,1.29724,1.29724,3000000,1
1499377020000,1499377079000,1.29724,1.29724,1.29723,1.29724,5500000,1
1499377080000,1499377139000,1.29725,1.29725,1.29724,1.29724,5000000,1
1499377140000,1499377199000,1.29724,1.29724,1.29724,1.29724,2500000,1
1499377200000,1499377259000,1.29723,1.29723,1.29723,1.29723,1000000,1
1499377260000,1499377319000,1.29722,1.29722,1.29722,1.29722,1000000,1
1499377320000,1499377379000,1.29722,1.29723,1.29722,1.29722,5000000,1
1499377380000,1499377439000,1.29722,1.29723,1.29722,1.29723,2000000,1
1499377440000,1499377499000,1.29723,1.29723,1.29713,1.29714,9000000,1
1499377500000,1499377559000,1.29715,1.29723,1.29715,1.29722,13750000,1
1499377560000,1499377619000,1.29723,1.29725,1.29723,1.29725,8000000,1
1499377620000,1499377679000,1.29722,1.29725,1.2972,1.29721,19000000,1
1499377680000,1499377739000,1.2972,1.2972,1.29718,1.29718,4000000,1
1499377740000,1499377799000,1.2972,1.29729,1.2972,1.29729,38140000,1
1499377800000,1499377859000,1.29726,1.29726,1.29713,1.29713,25480000,1
1499377860000,1499377919000,1.29713,1.29713,1.29707,1.29707,20670000,1
1499377920000,1499377979000,1.29708,1.29708,1.29706,1.29707,32260000,1
1499377980000,1499378039000,1.29708,1.29709,1.29707,1.29708,29370000,1
1499378040000,1499378099000,1.29717,1.29717,1.29717,1.29717,6000000,1
1499378100000,1499378159000,1.29717,1.29717,1.29712,1.29712,17850000,1
1499378160000,1499378219000,1.29713,1.29715,1.29705,1.29706,39320000,1
1499378220000,1499378279000,1.29708,1.29708,1.29705,1.29705,21000000,1
1499378280000,1499378339000,1.29706,1.29706,1.29698,1.29698,17990000,1
1499378340000,1499378399000,1.29703,1.29707,1.29698,1.29698,12160000,1
1499378400000,1499378459000,1.29707,1.29707,1.29693,1.29693,17980000,1
1499378460000,1499378519000,1.29693,1.29694,1.29693,1.29694,2260000,1
1499378520000,1499378579000,1.29694,1.29694,1.29694,1.29694,5450000,1
1499378580000,1499378639000,1.29696,1.29698,1.29696,1.29697,12000000,1
1499378640000,1499378699000,1.29697,1.29697,1.29694,1.29697,7750000,1
1499378700000,1499378759000,1.29697,1.29712,1.29697,1.29712,26250000,1
1499378760000,1499378819000,1.29712,1.29712,1.2971,1.2971,14000000,1
1499378820000,1499378879000,1.29707,1.29707,1.29705,1.29706,45060000,1
1499378880000,1499378939000,1.29707,1.29707,1.29706,1.29706,38080000,1
1499378940000,1499378999000,1.29706,1.29708,1.29705,1.29707,62040000,1
1499379000000,1499379059000,1.29707,1.29708,1.29692,1.29697,106730000,1
1499379060000,1499379119000,1.29697,1.29697,1.29695,1.29696,55570000,1
1499379120000,1499379179000,1.29696,1.29697,1.29693,1.29693,58460000,1
1499379180000,1499379239000,1.29693,1.297,1.29693,1.297,22320000,1
1499379240000,1499379299000,1.29701,1.29701,1.29698,1.29699,58570000,1
1499379300000,1499379359000,1.29699,1.29702,1.29698,1.297,19020000,1
1499379360000,1499379419000,1.29699,1.29702,1.29699,1.297,50550000,1
1499379420000,1499379479000,1.297,1.29702,1.29699,1.29702,113960000,1
1499379480000,1499379539000,1.29701,1.29701,1.29695,1.29697,43580000,1
1499379540000,1499379599000,1.29696,1.29697,1.29694,1.29697,70980000,1
1499379600000,1499379659000,1.29696,1.297,1.29695,1.29697,136720000,1
1499379660000,1499379719000,1.29697,1.29705,1.29696,1.29705,64630000,1
1499379720000,1499379779000,1.29703,1.29704,1.29695,1.29695,49830000,1
1499379780000,1499379839000,1.29697,1.29699,1.29695,1.29695,68660000,1
1499379840000,1499379899000,1.29696,1.297,1.29695,1.29696,60480000,1
1499379900000,1499379959000,1.29696,1.29697,1.29696,1.29696,18740000,1
1499379960000,1499380019000,1.29696,1.297,1.29696,1.297,74290000,1
1499380020000,1499380079000,1.29699,1.29705,1.29697,1.29705,50440000,1
1499380080000,1499380139000,1.29703,1.29704,1.29696,1.29696,54400000,1
1499380140000,1499380199000,1.29696,1.29697,1.29695,1.29696,91600000,1
1499380200000,1499380259000,1.29696,1.29701,1.29695,1.29697,82390000,1
1499380260000,1499380319000,1.29696,1.29697,1.29659,1.2966,94180000,1
1499380320000,1499380379000,1.2966,1.29664,1.29653,1.29656,86360000,1
1499380380000,1499380439000,1.29657,1.29658,1.29654,1.29657,66700000,1
1499380440000,1499380499000,1.29657,1.29658,1.29654,1.29656,40500000,1
1499380500000,1499380559000,1.29655,1.29663,1.29655,1.2966,51660000,1
1499380560000,1499380619000,1.2966,1.29663,1.29658,1.29663,45040000,1
1499380620000,1499380679000,1.29664,1.29685,1.29664,1.29683,49320000,1
1499380680000,1499380739000,1.29685,1.29685,1.29679,1.2968,68850000,1
1499380740000,1499380799000,1.29681,1.29695,1.29681,1.29695,124990000,1
1499380800000,1499380859000,1.29692,1.29694,1.29684,1.29686,129710000,1
1499380860000,1499380919000,1.29685,1.29685,1.29674,1.29677,70010000,1
1499380920000,1499380979000,1.29673,1.29677,1.29667,1.29677,127180000,1
1499380980000,1499381039000,1.29676,1.29688,1.29675,1.29688,60170000,1
1499381040000,1499381099000,1.29688,1.29688,1.29683,1.29683,58250000,1
1499381100000,1499381159000,1.29682,1.29683,1.29681,1.29681,166140000,1
1499381160000,1499381219000,1.29681,1.29682,1.2968,1.29681,73580000,1
1499381220000,1499381279000,1.29681,1.29686,1.29677,1.29677,123520000,1
1499381280000,1499381339000,1.29677,1.29677,1.29673,1.29673,53690000,1
1499381340000,1499381399000,1.29673,1.29686,1.29669,1.29678,116810000,1
1499381400000,1499381459000,1.29678,1.29683,1.29678,1.29681,70210000,1
1499381460000,1499381519000,1.29682,1.29682,1.29679,1.29679,98600000,1
1499381520000,1499381579000,1.29679,1.29681,1.29679,1.29679,64700000,1
1499381580000,1499381639000,1.29679,1.29682,1.29667,1.29671,133110000,1
1499381640000,1499381699000,1.29671,1.2968,1.29654,1.29662,221430000,1
1499381700000,1499381759000,1.29659,1.29666,1.29659,1.29659,77110000,1
1499381760000,1499381819000,1.29659,1.2966,1.29659,1.29659,33050000,1
1499381820000,1499381879000,1.29659,1.29672,1.29659,1.29668,32140000,1
1499381880000,1499381939000,1.2967,1.2967,1.29668,1.29668,9760000,1
1499381940000,1499381999000,1.29669,1.29677,1.29668,1.29675,20510000,1
1499382000000,1499382059000,1.29677,1.29688,1.29677,1.29688,19130000,1
1499382060000,1499382119000,1.29688,1.29688,1.29685,1.29685,70730000,1
1499382120000,1499382179000,1.29689,1.29689,1.29684,1.29689,44510000,1
1499382180000,1499382239000,1.29689,1.29689,1.29685,1.29686,8900000,1
1499382240000,1499382299000,1.29686,1.29687,1.29686,1.29686,29060000,1
1499382300000,1499382359000,1.29686,1.29687,1.29686,1.29686,12910000,1
1499382360000,1499382419000,1.29685,1.29686,1.29679,1.29684,29040000,1
1499382420000,1499382479000,1.29684,1.29684,1.29641,1.29663,96240000,1
1499382480000,1499382539000,1.29662,1.29667,1.2966,1.29667,59440000,1
1499382540000,1499382599000,1.29667,1.29679,1.29664,1.29679,84120000,1
1499382600000,1499382659000,1.29679,1.29682,1.29677,1.29681,66850000,1
1499382660000,1499382719000,1.29682,1.29693,1.29682,1.29691,45770000,1
1499382720000,1499382779000,1.29691,1.29693,1.29691,1.29691,46550000,1
1499382780000,1499382839000,1.29692,1.29705,1.29692,1.29703,72970000,1
1499382840000,1499382899000,1.29702,1.29703,1.297,1.29701,49460000,1
1499382900000,1499382959000,1.29701,1.29723,1.297,1.29722,49100000,1
1499382960000,1499383019000,1.29722,1.29724,1.29722,1.29724,10250000,1
1499383020000,1499383079000,1.29724,1.29724,1.29722,1.29722,12500000,1
1499383080000,1499383139000,1.29719,1.29723,1.29719,1.29719,35520000,1
1499383140000,1499383199000,1.29719,1.29722,1.29718,1.29718,38060000,1
1499383200000,1499383259000,1.29719,1.29721,1.29712,1.29712,36880000,1
1499383260000,1499383319000,1.29712,1.29712,1.29705,1.29711,10880000,1
1499383320000,1499383379000,1.29708,1.29708,1.29707,1.29708,14060000,1
1499383380000,1499383439000,1.29707,1.29708,1.29707,1.29707,17690000,1
1499383440000,1499383499000,1.29707,1.29708,1.29707,1.29707,32360000,1
1499383500000,1499383559000,1.29708,1.2971,1.29707,1.29707,55210000,1
1499383560000,1499383619000,1.29707,1.2971,1.29707,1.2971,42140000,1
1499383620000,1499383679000,1.29706,1.29707,1.297,1.29701,37240000,1
1499383680000,1499383739000,1.29701,1.29703,1.29701,1.29703,19120000,1
1499383740000,1499383799000,1.29703,1.29703,1.29695,1.29702,62320000,1
1499383800000,1499383859000,1.297,1.29702,1.29699,1.29699,32310000,1
1499383860000,1499383919000,1.29698,1.29703,1.29698,1.29703,18750000,1
1499383920000,1499383979000,1.29703,1.29703,1.297,1.297,11370000,1
1499383980000,1499384039000,1.297,1.297,1.297,1.297,13910000,1
1499384040000,1499384099000,1.29701,1.29701,1.29701,1.29701,2500000,1
1499384100000,1499384159000,1.29701,1.29705,1.297,1.29705,18870000,1
1499384160000,1499384219000,1.29705,1.29706,1.29704,1.29705,8500000,1
1499384220000,1499384279000,1.29705,1.29705,1.29704,1.29704,3500000,1
1499384280000,1499384339000,1.29704,1.29709,1.29704,1.29707,34330000,1
1499384340000,1499384399000,1.29707,1.29712,1.29706,1.29712,32440000,1
1499384400000,1499384459000,1.29712,1.29714,1.29702,1.29702,26110000,1
1499384460000,1499384519000,1.29702,1.29702,1.297,1.297,29600000,1
1499384520000,1499384579000,1.29701,1.29702,1.29701,1.29701,19800000,1
1499384580000,1499384639000,1.29702,1.29705,1.29702,1.29704,9980000,1
1499384640000,1499384699000,1.29704,1.29704,1.29703,1.29703,14360000,1
1499384700000,1499384759000,1.29701,1.29702,1.29701,1.29702,13510000,1
1499384760000,1499384819000,1.29702,1.29703,1.29702,1.29702,14620000,1
1499384820000,1499384879000,1.29702,1.29702,1.29702,1.29702,21170000,1
1499384880000,1499384939000,1.29702,1.29703,1.29702,1.29703,17670000,1
1499384940000,1499384999000,1.29703,1.29705,1.29702,1.29705,15170000,1
1499385000000,1499385059000,1.29704,1.29704,1.29702,1.29703,7500000,1
1499385060000,1499385119000,1.29703,1.29703,1.29701,1.29702,14940000,1
1499385120000,1499385179000,1.29702,1.29705,1.29702,1.29702,8000000,1
1499385180000,1499385239000,1.29701,1.29701,1.297,1.29701,27910000,1
1499385240000,1499385299000,1.29701,1.29701,1.297,1.29701,7000000,1
1499385300000,1499385359000,1.29701,1.29701,1.29696,1.29697,40690000,1
1499385360000,1499385419000,1.29699,1.29699,1.29698,1.29698,23090000,1
1499385420000,1499385479000,1.29699,1.297,1.29698,1.29698,24250000,1
1499385480000,1499385539000,1.29697,1.29699,1.29691,1.29695,70230000,1
1499385540000,1499385599000,1.29696,1.29697,1.29682,1.29682,34060000,1
1499385600000,1499385659000,1.29682,1.29682,1.29676,1.29681,36000000,1
1499385660000,1499385719000,1.29678,1.29681,1.29677,1.29677,96000000,1
1499385720000,1499385779000,1.29677,1.29678,1.29677,1.29677,52810000,1
1499385780000,1499385839000,1.29677,1.29678,1.29677,1.29678,27820000,1
1499385840000,1499385899000,1.29678,1.2968,1.29672,1.2968,50190000,1
1499385900000,1499385959000,1.2968,1.2968,1.2967,1.29673,34690000,1
1499385960000,1499386019000,1.29673,1.29683,1.29671,1.29682,59750000,1
1499386020000,1499386079000,1.29682,1.29685,1.29679,1.29685,68320000,1
1499386080000,1499386139000,1.29685,1.29694,1.29681,1.29692,55170000,1
1499386140000,1499386199000,1.29692,1.29692,1.2969,1.2969,14720000,1
1499386200000,1499386259000,1.2969,1.29691,1.2968,1.29682,37340000,1
1499386260000,1499386319000,1.29681,1.29682,1.29678,1.29679,41810000,1
1499386320000,1499386379000,1.29679,1.29679,1.2967,1.2967,17530000,1
1499386380000,1499386439000,1.29668,1.2967,1.29667,1.29667,43290000,1
1499386440000,1499386499000,1.29667,1.29669,1.29666,1.29669,55600000,1
1499386500000,1499386559000,1.29666,1.2967,1.29665,1.29669,50910000,1
1499386560000,1499386619000,1.29669,1.2967,1.29668,1.29668,59890000,1
1499386620000,1499386679000,1.29668,1.2967,1.29664,1.29669,59540000,1
1499386680000,1499386739000,1.29669,1.29669,1.29664,1.29664,39860000,1
1499386740000,1499386799000,1.29661,1.29664,1.2966,1.2966,56320000,1
1499386800000,1499386859000,1.2966,1.29664,1.2966,1.29664,33490000,1
1499386860000,1499386919000,1.29663,1.29665,1.2966,1.29665,112500000,1
1499386920000,1499386979000,1.29661,1.29662,1.29649,1.29649,74790000,1
1499386980000,1499387039000,1.29649,1.29651,1.2964,1.2964,39260000,1
1499387040000,1499387099000,1.2964,1.29641,1.29639,1.2964,27930000,1
1499387100000,1499387159000,1.29642,1.29642,1.29638,1.29639,25480000,1
1499387160000,1499387219000,1.29639,1.2964,1.29637,1.29637,19250000,1
1499387220000,1499387279000,1.29637,1.29639,1.29617,1.29619,68040000,1
1499387280000,1499387339000,1.29618,1.29628,1.29617,1.29628,57420000,1
1499387340000,1499387399000,1.29629,1.29638,1.29625,1.29638,46700000,1
1499387400000,1499387459000,1.29637,1.2964,1.29637,1.29637,49570000,1
1499387460000,1499387519000,1.29637,1.29638,1.29628,1.29628,27540000,1
1499387520000,1499387579000,1.29628,1.29629,1.29627,1.29627,45250000,1
1499387580000,1499387639000,1.2963,1.29651,1.2963,1.2965,93900000,1
1499387640000,1499387699000,1.2965,1.29661,1.2965,1.2966,27150000,1
1499387700000,1499387759000,1.2966,1.2966,1.29637,1.29638,54340000,1
1499387760000,1499387819000,1.29638,1.2964,1.29638,1.29639,16500000,1
1499387820000,1499387879000,1.29639,1.29641,1.2963,1.29631,59540000,1
1499387880000,1499387939000,1.29631,1.29631,1.2963,1.2963,15190000,1
1499387940000,1499387999000,1.29631,1.29651,1.29629,1.29651,41240000,1
1499388000000,1499388059000,1.29653,1.29654,1.29652,1.29652,16750000,1
1499388060000,1499388119000,1.29652,1.29653,1.29643,1.29653,41570000,1
1499388120000,1499388179000,1.29653,1.29653,1.2965,1.2965,6000000,1
1499388180000,1499388239000,1.29649,1.29653,1.29648,1.29652,31130000,1
1499388240000,1499388299000,1.29652,1.29654,1.2965,1.2965,18380000,1
1499388300000,1499388359000,1.29649,1.29651,1.29633,1.29633,65880000,1
1499388360000,1499388419000,1.29632,1.29633,1.29623,1.29633,58980000,1
1499388420000,1499388479000,1.29633,1.29634,1.29633,1.29633,15630000,1
1499388480000,1499388539000,1.29634,1.29656,1.29633,1.29656,37510000,1
1499388540000,1499388599000,1.29657,1.29663,1.29657,1.29661,46200000,1
1499388600000,1499388659000,1.29661,1.29663,1.29661,1.29662,41470000,1
1499388660000,1499388719000,1.29663,1.29663,1.29662,1.29663,20450000,1
1499388720000,1499388779000,1.29662,1.29663,1.29649,1.29652,36660000,1
1499388780000,1499388839000,1.29653,1.29653,1.29637,1.29637,54730000,1
1499388840000,1499388899000,1.29637,1.29639,1.29632,1.29639,49750000,1
1499388900000,1499388959000,1.29639,1.29652,1.29633,1.29652,172470000,1
1499388960000,1499389019000,1.29652,1.29657,1.29642,1.29654,119970000,1
1499389020000,1499389079000,1.29655,1.29659,1.29653,1.29657,93550000,1
1499389080000,1499389139000,1.29657,1.29659,1.29644,1.29652,42060000,1
1499389140000,1499389199000,1.29652,1.29657,1.29637,1.29637,142620000,1
1499389200000,1499389259000,1.29639,1.29658,1.29639,1.29658,98620000,1
1499389260000,1499389319000,1.29659,1.29666,1.29658,1.29665,71510000,1
1499389320000,1499389379000,1.29668,1.29668,1.29662,1.29666,22370000,1
1499389380000,1499389439000,1.29666,1.29667,1.29662,1.29664,26570000,1
1499389440000,1499389499000,1.29664,1.29666,1.29663,1.29663,27250000,1
1499389500000,1499389559000,1.29665,1.29703,1.29665,1.297,101320000,1
1499389560000,1499389619000,1.297,1.29723,1.29696,1.29722,87540000,1
1499389620000,1499389679000,1.29712,1.29713,1.29695,1.29699,112120000,1
1499389680000,1499389739000,1.29699,1.29714,1.29699,1.29712,79240000,1
1499389740000,1499389799000,1.29712,1.29712,1.29694,1.29702,64660000,1
1499389800000,1499389859000,1.29702,1.29702,1.29664,1.29692,128350000,1
1499389860000,1499389919000,1.29693,1.29713,1.29688,1.29692,136670000,1
1499389920000,1499389979000,1.29694,1.29701,1.29691,1.29698,146520000,1
1499389980000,1499390039000,1.29698,1.297,1.29676,1.29676,196900000,1
1499390040000,1499390099000,1.29678,1.29692,1.29674,1.29678,204310000,1
1499390100000,1499390159000,1.29681,1.2969,1.29668,1.29679,160230000,1
1499390160000,1499390219000,1.2968,1.29683,1.29669,1.2967,149830000,1
1499390220000,1499390279000,1.2967,1.29679,1.2967,1.29677,86290000,1
1499390280000,1499390339000,1.29678,1.29679,1.29669,1.29678,136270000,1
1499390340000,1499390399000,1.29678,1.29692,1.29676,1.29689,128850000,1
1499390400000,1499390459000,1.29689,1.29697,1.29685,1.29695,155120000,1
1499390460000,1499390519000,1.29693,1.2971,1.29691,1.2971,151520000,1
1499390520000,1499390579000,1.2971,1.29717,1.29701,1.29716,96170000,1
1499390580000,1499390639000,1.29716,1.29723,1.29711,1.29723,76520000,1
1499390640000,1499390699000,1.29723,1.29723,1.29711,1.29719,52280000,1
1499390700000,1499390759000,1.2972,1.29722,1.29705,1.29705,148260000,1
1499390760000,1499390819000,1.29705,1.29706,1.29698,1.29701,132120000,1
1499390820000,1499390879000,1.29701,1.29703,1.29689,1.29702,130260000,1
1499390880000,1499390939000,1.29702,1.29703,1.29686,1.29694,77970000,1
1499390940000,1499390999000,1.29693,1.297,1.29686,1.29686,79300000,1
1499391000000,1499391059000,1.29686,1.29702,1.29683,1.29702,99470000,1
1499391060000,1499391119000,1.29702,1.29702,1.29699,1.29699,72490000,1
1499391120000,1499391179000,1.29699,1.29706,1.29694,1.29701,86410000,1
1499391180000,1499391239000,1.29701,1.29728,1.29701,1.29723,179620000,1
1499391240000,1499391299000,1.29723,1.29737,1.29723,1.29734,73090000,1
1499391300000,1499391359000,1.29736,1.29736,1.29728,1.29729,58130000,1
1499391360000,1499391419000,1.29729,1.29736,1.29724,1.29729,52950000,1
1499391420000,1499391479000,1.29725,1.29728,1.29712,1.29719,40570000,1
1499391480000,1499391539000,1.29719,1.29731,1.29718,1.29718,107640000,1
1499391540000,1499391599000,1.29717,1.29732,1.29704,1.29732,156050000,1
1499391600000,1499391659000,1.29733,1.29734,1.2971,1.29711,109890000,1
1499391660000,1499391719000,1.29711,1.29715,1.29709,1.29713,55930000,1
1499391720000,1499391779000,1.29713,1.29716,1.29711,1.29712,35990000,1
1499391780000,1499391839000,1.29712,1.2973,1.29712,1.29724,121570000,1
1499391840000,1499391899000,1.29725,1.29731,1.29722,1.29724,74460000,1
1499391900000,1499391959000,1.29724,1.29731,1.29722,1.29722,80290000,1
1499391960000,1499392019000,1.29723,1.29733,1.29722,1.29732,52190000,1
1499392020000,1499392079000,1.29731,1.29745,1.2973,1.29738,65490000,1
1499392080000,1499392139000,1.29733,1.29735,1.29723,1.29723,57960000,1
1499392140000,1499392199000,1.29724,1.29724,1.29717,1.29723,167510000,1
1499392200000,1499392259000,1.29723,1.29735,1.29716,1.29735,99620000,1
1499392260000,1499392319000,1.29738,1.29743,1.29738,1.29741,118640000,1
1499392320000,1499392379000,1.29741,1.29742,1.29739,1.2974,97670000,1
1499392380000,1499392439000,1.29741,1.29742,1.29702,1.29703,166520000,1
1499392440000,1499392499000,1.29707,1.29713,1.29696,1.29703,91590000,1
1499392500000,1499392559000,1.29703,1.29712,1.29693,1.29699,146080000,1
1499392560000,1499392619000,1.29699,1.29707,1.29699,1.297,121610000,1
1499392620000,1499392679000,1.29701,1.29704,1.29679,1.29692,83670000,1
1499392680000,1499392739000,1.29692,1.29694,1.29689,1.2969,65850000,1
1499392740000,1499392799000,1.29689,1.2969,1.29681,1.29682,72680000,1
1499392800000,1499392859000,1.29684,1.29684,1.29679,1.2968,90270000,1
1499392860000,1499392919000,1.2968,1.29697,1.2968,1.29691,99030000,1
1499392920000,1499392979000,1.29692,1.29694,1.29691,1.29694,38780000,1
1499392980000,1499393039000,1.29696,1.29702,1.29688,1.29699,117740000,1
1499393040000,1499393099000,1.297,1.29701,1.29696,1.29699,33400000,1
1499393100000,1499393159000,1.29699,1.29703,1.29699,1.297,91580000,1
1499393160000,1499393219000,1.297,1.29701,1.29689,1.29689,68960000,1
1499393220000,1499393279000,1.29689,1.29691,1.29674,1.29674,78390000,1
1499393280000,1499393339000,1.29674,1.29684,1.29672,1.29684,36820000,1
1499393340000,1499393399000,1.29684,1.29691,1.29679,1.29679,59050000,1
1499393400000,1499393459000,1.29679,1.29684,1.29668,1.29671,33650000,1
1499393460000,1499393519000,1.29671,1.29671,1.29669,1.29671,34550000,1
1499393520000,1499393579000,1.29671,1.29673,1.29665,1.29673,33600000,1
1499393580000,1499393639000,1.29673,1.29674,1.29672,1.29673,22600000,1
1499393640000,1499393699000,1.29673,1.29681,1.29669,1.29673,68550000,1
1499393700000,1499393759000,1.29673,1.29675,1.29668,1.29668,55560000,1
1499393760000,1499393819000,1.29668,1.29669,1.29666,1.29666,74520000,1
1499393820000,1499393879000,1.29665,1.2967,1.29665,1.29668,76960000,1
1499393880000,1499393939000,1.29669,1.2967,1.29668,1.29669,30460000,1
1499393940000,1499393999000,1.29669,1.2968,1.29664,1.29664,79340000,1
1499394000000,1499394059000,1.29662,1.29667,1.2966,1.29662,42740000,1
1499394060000,1499394119000,1.29662,1.29663,1.29661,1.29663,21240000,1
1499394120000,1499394179000,1.29663,1.2967,1.29659,1.2967,52640000,1
1499394180000,1499394239000,1.2967,1.29673,1.29667,1.29667,48970000,1
1499394240000,1499394299000,1.29667,1.29669,1.29665,1.29668,47850000,1
1499394300000,1499394359000,1.29668,1.29668,1.29653,1.29653,70750000,1
1499394360000,1499394419000,1.29653,1.2966,1.29653,1.29658,43660000,1
1499394420000,1499394479000,1.29661,1.29661,1.29654,1.29655,21470000,1
1499394480000,1499394539000,1.29657,1.29669,1.29657,1.29668,45070000,1
1499394540000,1499394599000,1.29668,1.29669,1.29659,1.29668,109700000,1
1499394600000,1499394659000,1.29667,1.29668,1.29657,1.29658,84490000,1
1499394660000,1499394719000,1.29658,1.29663,1.29657,1.29663,90720000,1
1499394720000,1499394779000,1.29662,1.29664,1.29662,1.29663,38750000,1
1499394780000,1499394839000,1.29662,1.29663,1.29659,1.29662,53900000,1
1499394840000,1499394899000,1.29662,1.29672,1.29657,1.29672,52120000,1
1499394900000,1499394959000,1.29672,1.29673,1.29667,1.29667,24740000,1
1499394960000,1499395019000,1.29667,1.29672,1.29666,1.29667,41130000,1
1499395020000,1499395079000,1.29666,1.2967,1.29666,1.29667,39640000,1
1499395080000,1499395139000,1.29667,1.29672,1.29659,1.29661,123240000,1
1499395140000,1499395199000,1.29661,1.29661,1.29659,1.2966,31560000,1
1499395200000,1499395259000,1.29659,1.29673,1.29659,1.29672,63850000,1
1499395260000,1499395319000,1.29672,1.29673,1.29662,1.29662,47730000,1
1499395320000,1499395379000,1.29662,1.29673,1.29662,1.29668,28500000,1
1499395380000,1499395439000,1.29667,1.29668,1.29667,1.29668,20500000,1
1499395440000,1499395499000,1.29667,1.29669,1.2966,1.2966,36990000,1
1499395500000,1499395559000,1.2966,1.29663,1.29657,1.29657,60820000,1
1499395560000,1499395619000,1.29658,1.29661,1.29658,1.29659,30660000,1
1499395620000,1499395679000,1.29662,1.29663,1.29662,1.29662,18000000,1
1499395680000,1499395739000,1.29668,1.29668,1.29655,1.29655,28660000,1
1499395740000,1499395799000,1.29655,1.29669,1.29655,1.29668,17500000,1
1499395800000,1499395859000,1.29669,1.29675,1.29669,1.29672,25620000,1
1499395860000,1499395919000,1.29673,1.29673,1.29672,1.29672,25000000,1
1499395920000,1499395979000,1.29673,1.2968,1.29672,1.29672,28500000,1
1499395980000,1499396039000,1.29672,1.29674,1.29672,1.29673,47000000,1
1499396040000,1499396099000,1.29669,1.29673,1.29669,1.29673,12620000,1
1499396100000,1499396159000,1.29672,1.29673,1.29672,1.29673,11000000,1
1499396160000,1499396219000,1.29672,1.29673,1.29672,1.29673,20000000,1
1499396220000,1499396279000,1.29672,1.29686,1.29669,1.29686,41350000,1
1499396280000,1499396339000,1.29686,1.29686,1.29684,1.29685,18000000,1
1499396340000,1499396399000,1.29685,1.2969,1.29685,1.2969,26000000,1
1499396400000,1499396459000,1.2969,1.29692,1.29684,1.29692,31000000,1
1499396460000,1499396519000,1.29692,1.29696,1.29689,1.29693,34250000,1
1499396520000,1499396579000,1.29693,1.29693,1.29692,1.29693,35360000,1
1499396580000,1499396639000,1.29693,1.29699,1.29692,1.29697,39140000,1
1499396640000,1499396699000,1.29698,1.29698,1.29697,1.29697,30610000,1
1499396700000,1499396759000,1.29697,1.297,1.29695,1.297,26320000,1
1499396760000,1499396819000,1.297,1.29709,1.29699,1.29708,25120000,1
1499396820000,1499396879000,1.2971,1.29712,1.29705,1.29705,22810000,1
1499396880000,1499396939000,1.2971,1.29712,1.29709,1.29709,5000000,1
1499396940000,1499396999000,1.29708,1.29712,1.29702,1.29706,40080000,1
1499397000000,1499397059000,1.29702,1.2971,1.29702,1.29703,77020000,1
1499397060000,1499397119000,1.29703,1.29704,1.29687,1.297,39280000,1
1499397120000,1499397179000,1.297,1.29702,1.29687,1.29693,51350000,1
1499397180000,1499397239000,1.29692,1.29703,1.29692,1.29692,57550000,1
1499397240000,1499397299000,1.29692,1.29699,1.29687,1.29699,53120000,1
1499397300000,1499397359000,1.29699,1.297,1.29692,1.297,44230000,1
1499397360000,1499397419000,1.297,1.297,1.29685,1.29685,52700000,1
1499397420000,1499397479000,1.29685,1.297,1.29685,1.29699,56540000,1
1499397480000,1499397539000,1.29699,1.29699,1.29694,1.29694,42610000,1
1499397540000,1499397599000,1.29694,1.297,1.29689,1.29689,54850000,1
1499397600000,1499397659000,1.29689,1.29692,1.29688,1.29691,33730000,1
1499397660000,1499397719000,1.29692,1.29692,1.29685,1.29685,43450000,1
1499397720000,1499397779000,1.29687,1.2969,1.29685,1.2969,53940000,1
1499397780000,1499397839000,1.2969,1.29695,1.2969,1.29692,22670000,1
1499397840000,1499397899000,1.29694,1.29694,1.2969,1.29694,15060000,1
1499397900000,1499397959000,1.29694,1.297,1.2969,1.297,25810000,1
1499397960000,1499398019000,1.297,1.297,1.29699,1.29699,13850000,1
1499398020000,1499398079000,1.29699,1.29699,1.29698,1.29698,29570000,1
1499398080000,1499398139000,1.29698,1.29701,1.29696,1.29699,42630000,1
1499398140000,1499398199000,1.29699,1.29699,1.29695,1.29699,63750000,1
1499398200000,1499398259000,1.29699,1.29699,1.29691,1.29697,40220000,1
1499398260000,1499398319000,1.29694,1.29694,1.29689,1.29689,42290000,1
1499398320000,1499398379000,1.29689,1.29691,1.29689,1.2969,17440000,1
1499398380000,1499398439000,1.29688,1.29688,1.29684,1.29684,26050000,1
1499398440000,1499398499000,1.29682,1.29684,1.29681,1.29684,8050000,1
1499398500000,1499398559000,1.29684,1.29684,1.29681,1.29681,13190000,1
1499398560000,1499398619000,1.29683,1.29683,1.29672,1.29672,45790000,1
1499398620000,1499398679000,1.29672,1.29684,1.29672,1.29682,64080000,1
1499398680000,1499398739000,1.29682,1.29685,1.29681,1.29681,58880000,1
1499398740000,1499398799000,1.29681,1.29681,1.29674,1.29679,45980000,1
1499398800000,1499398859000,1.29679,1.29679,1.29669,1.29669,17830000,1
1499398860000,1499398919000,1.29671,1.29672,1.29668,1.29668,22940000,1
1499398920000,1499398979000,1.29668,1.29668,1.2966,1.29662,10730000,1
1499398980000,1499399039000,1.29663,1.29679,1.29663,1.29679,60020000,1
1499399040000,1499399099000,1.29679,1.2968,1.29674,1.29674,44950000,1
1499399100000,1499399159000,1.29671,1.29671,1.29669,1.2967,14450000,1
1499399160000,1499399219000,1.2967,1.29682,1.2967,1.29681,54830000,1
1499399220000,1499399279000,1.2968,1.2968,1.29668,1.2967,37930000,1
1499399280000,1499399339000,1.29668,1.29669,1.29668,1.29668,45520000,1
1499399340000,1499399399000,1.29668,1.29674,1.29668,1.2967,46300000,1
1499399400000,1499399459000,1.29668,1.29669,1.29668,1.29669,28060000,1
1499399460000,1499399519000,1.29668,1.29673,1.29668,1.29673,27850000,1
1499399520000,1499399579000,1.29673,1.29675,1.29672,1.29674,21000000,1
1499399580000,1499399639000,1.29674,1.2968,1.29672,1.2968,17870000,1
1499399640000,1499399699000,1.2968,1.29681,1.29679,1.29681,10340000,1
1499399700000,1499399759000,1.29681,1.29684,1.2968,1.2968,46560000,1
1499399760000,1499399819000,1.2968,1.2968,1.29678,1.29679,20560000,1
1499399820000,1499399879000,1.29678,1.29685,1.29678,1.29679,41460000,1
1499399880000,1499399939000,1.29679,1.29685,1.29679,1.29685,20560000,1
1499399940000,1499399999000,1.29685,1.29685,1.2968,1.29684,35340000,1
1499400000000,1499400059000,1.29686,1.29693,1.29681,1.29691,41610000,1
1499400060000,1499400119000,1.29691,1.29696,1.2969,1.29694,41860000,1
1499400120000,1499400179000,1.29691,1.29706,1.29687,1.29703,45090000,1
1499400180000,1499400239000,1.29708,1.29723,1.29708,1.29711,40580000,1
1499400240000,1499400299000,1.29713,1.29721,1.2971,1.2972,36630000,1
1499400300000,1499400359000,1.29718,1.29718,1.29705,1.29705,47340000,1
1499400360000,1499400419000,1.29706,1.29723,1.29706,1.29723,36220000,1
1499400420000,1499400479000,1.29718,1.2972,1.29711,1.29714,37590000,1
1499400480000,1499400539000,1.29715,1.29715,1.2971,1.29714,18240000,1
1499400540000,1499400599000,1.29711,1.29715,1.29711,1.29713,42300000,1
1499400600000,1499400659000,1.29715,1.29715,1.2971,1.2971,21260000,1
1499400660000,1499400719000,1.2971,1.29711,1.2971,1.29711,51600000,1
1499400720000,1499400779000,1.29711,1.2972,1.29711,1.2972,13680000,1
1499400780000,1499400839000,1.2972,1.2972,1.29716,1.29716,36960000,1
1499400840000,1499400899000,1.29716,1.29716,1.29713,1.29715,20810000,1
1499400900000,1499400959000,1.29715,1.2972,1.29711,1.2972,20740000,1
1499400960000,1499401019000,1.2972,1.29726,1.2972,1.2972,14670000,1
1499401020000,1499401079000,1.2972,1.29725,1.2972,1.29721,24100000,1
1499401080000,1499401139000,1.29718,1.29725,1.29715,1.29725,35310000,1
1499401140000,1499401199000,1.29727,1.29734,1.29725,1.29729,29690000,1
1499401200000,1499401259000,1.2973,1.29731,1.29723,1.29731,41960000,1
1499401260000,1499401319000,1.29731,1.29731,1.29727,1.29728,34210000,1
1499401320000,1499401379000,1.29728,1.29728,1.29725,1.29725,37260000,1
1499401380000,1499401439000,1.29725,1.29726,1.29725,1.29725,31480000,1
1499401440000,1499401499000,1.29725,1.29731,1.29725,1.29729,44710000,1
1499401500000,1499401559000,1.29729,1.29729,1.29725,1.29728,25930000,1
1499401560000,1499401619000,1.29727,1.29729,1.29727,1.29728,15450000,1
1499401620000,1499401679000,1.29726,1.2973,1.29726,1.2973,17120000,1
1499401680000,1499401739000,1.29729,1.2973,1.29726,1.2973,20610000,1
1499401740000,1499401799000,1.2973,1.29732,1.29726,1.29726,43970000,1
1499401800000,1499401859000,1.29726,1.29728,1.29726,1.29726,23460000,1
1499401860000,1499401919000,1.29726,1.29726,1.29723,1.29723,32410000,1
1499401920000,1499401979000,1.29723,1.29729,1.29723,1.29728,44160000,1
1499401980000,1499402039000,1.29729,1.29729,1.29725,1.29726,31930000,1
1499402040000,1499402099000,1.29726,1.29728,1.29726,1.29727,29250000,1
1499402100000,1499402159000,1.29727,1.29728,1.29722,1.29722,17690000,1
1499402160000,1499402219000,1.29723,1.29723,1.29722,1.29723,8250000,1
1499402220000,1499402279000,1.29723,1.29727,1.29722,1.29727,25740000,1
1499402280000,1499402339000,1.29727,1.29728,1.29727,1.29727,22500000,1
1499402340000,1499402399000,1.29728,1.29728,1.29727,1.29727,18000000,1
1499402400000,1499402459000,1.29728,1.29728,1.29723,1.29723,39920000,1
1499402460000,1499402519000,1.29723,1.29726,1.29723,1.29726,28860000,1
1499402520000,1499402579000,1.29726,1.29728,1.29724,1.29727,14000000,1
1499402580000,1499402639000,1.29727,1.29728,1.29727,1.29727,10250000,1
1499402640000,1499402699000,1.29728,1.29728,1.29722,1.29722,32750000,1
1499402700000,1499402759000,1.29722,1.29723,1.29722,1.29722,20840000,1
1499402760000,1499402819000,1.29723,1.29723,1.29714,1.29714,42140000,1
1499402820000,1499402879000,1.29713,1.29713,1.29712,1.29713,11490000,1
1499402880000,1499402939000,1.29712,1.29712,1.29705,1.29705,10250000,1
1499402940000,1499402999000,1.29705,1.29705,1.29691,1.29693,41600000,1
1499403000000,1499403059000,1.29692,1.29705,1.29692,1.29705,28510000,1
1499403060000,1499403119000,1.29705,1.29705,1.29702,1.29703,22250000,1
1499403120000,1499403179000,1.29702,1.29703,1.29697,1.29701,25370000,1
1499403180000,1499403239000,1.29701,1.29703,1.29697,1.297,35000000,1
1499403240000,1499403299000,1.297,1.29703,1.297,1.29701,38820000,1
1499403300000,1499403359000,1.29701,1.29705,1.297,1.29702,44010000,1
1499403360000,1499403419000,1.29704,1.29704,1.29702,1.29703,56260000,1
1499403420000,1499403479000,1.29702,1.29703,1.29697,1.29697,38300000,1
1499403480000,1499403539000,1.29698,1.29698,1.29685,1.29685,20110000,1
1499403540000,1499403599000,1.29685,1.29686,1.29683,1.29686,19730000,1
1499403600000,1499403659000,1.29686,1.29732,1.29686,1.29728,59060000,1
1499403660000,1499403719000,1.29727,1.29727,1.29722,1.29722,54730000,1
1499403720000,1499403779000,1.29722,1.29723,1.29722,1.29722,41670000,1
1499403780000,1499403839000,1.29722,1.29723,1.29717,1.29719,39560000,1
1499403840000,1499403899000,1.29722,1.29723,1.29716,1.29718,36720000,1
1499403900000,1499403959000,1.29718,1.29718,1.29712,1.29713,11000000,1
1499403960000,1499404019000,1.29709,1.29709,1.29701,1.29701,19870000,1
1499404020000,1499404079000,1.29701,1.29703,1.29698,1.29702,68540000,1
1499404080000,1499404139000,1.29702,1.29702,1.297,1.29702,32870000,1
1499404140000,1499404199000,1.29703,1.29704,1.297,1.29701,34570000,1
1499404200000,1499404259000,1.29701,1.29701,1.29699,1.29699,29510000,1
1499404260000,1499404319000,1.29699,1.29704,1.29691,1.29691,100110000,1
1499404320000,1499404379000,1.29691,1.29692,1.29669,1.29672,41100000,1
1499404380000,1499404439000,1.29671,1.29671,1.2967,1.2967,18000000,1
1499404440000,1499404499000,1.2967,1.29671,1.29668,1.29669,20000000,1
1499404500000,1499404559000,1.29669,1.29669,1.2966,1.2966,25570000,1
1499404560000,1499404619000,1.2966,1.29662,1.29659,1.29661,56870000,1
1499404620000,1499404679000,1.29661,1.29673,1.29661,1.29669,46040000,1
1499404680000,1499404739000,1.2967,1.2967,1.29662,1.29662,36670000,1
1499404740000,1499404799000,1.29662,1.2967,1.29662,1.29668,18420000,1
1499404800000,1499404859000,1.29668,1.29671,1.29666,1.29671,21660000,1
1499404860000,1499404919000,1.29671,1.29671,1.29666,1.2967,26900000,1
1499404920000,1499404979000,1.2967,1.2967,1.29665,1.29665,27370000,1
1499404980000,1499405039000,1.29665,1.29671,1.29663,1.29671,16120000,1
1499405040000,1499405099000,1.29671,1.29671,1.29664,1.29669,19310000,1
1499405100000,1499405159000,1.2967,1.2967,1.29659,1.29659,27270000,1
1499405160000,1499405219000,1.29661,1.29668,1.2966,1.29665,31930000,1
1499405220000,1499405279000,1.29665,1.29665,1.2966,1.29663,67160000,1
1499405280000,1499405339000,1.29664,1.29665,1.29661,1.29663,75820000,1
1499405340000,1499405399000,1.29663,1.29666,1.29663,1.29663,62740000,1
1499405400000,1499405459000,1.29663,1.29665,1.29661,1.29661,47340000,1
1499405460000,1499405519000,1.29661,1.29666,1.29621,1.29621,84360000,1
1499405520000,1499405579000,1.29621,1.29622,1.29541,1.29563,167210000,1
1499405580000,1499405639000,1.29563,1.29572,1.29498,1.29507,255070000,1
1499405640000,1499405699000,1.29509,1.29562,1.29509,1.2955,81930000,1
1499405700000,1499405759000,1.29548,1.29557,1.29546,1.2955,93430000,1
1499405760000,1499405819000,1.2955,1.29565,1.29548,1.29564,34220000,1
1499405820000,1499405879000,1.29565,1.29582,1.29564,1.2957,62980000,1
1499405880000,1499405939000,1.2957,1.29575,1.29568,1.29573,29990000,1
1499405940000,1499405999000,1.29573,1.29576,1.2957,1.29575,66140000,1
1499406000000,1499406059000,1.29575,1.29581,1.29561,1.29561,48970000,1
1499406060000,1499406119000,1.29561,1.29563,1.29502,1.29502,73530000,1
1499406120000,1499406179000,1.29503,1.29513,1.29486,1.29489,117690000,1
1499406180000,1499406239000,1.2949,1.29533,1.2949,1.29526,164020000,1
1499406240000,1499406299000,1.29526,1.29538,1.2952,1.29537,105700000,1
1499406300000,1499406359000,1.29536,1.29538,1.29522,1.29524,107990000,1
1499406360000,1499406419000,1.29526,1.29556,1.29526,1.29554,118140000,1
1499406420000,1499406479000,1.29554,1.29574,1.29552,1.29566,150610000,1
1499406480000,1499406539000,1.29565,1.29566,1.29552,1.29555,55560000,1
1499406540000,1499406599000,1.29554,1.29559,1.29546,1.29555,66860000,1
1499406600000,1499406659000,1.29558,1.29558,1.29554,1.29554,13180000,1
1499406660000,1499406719000,1.29555,1.29555,1.29547,1.29552,60640000,1
1499406720000,1499406779000,1.29552,1.29553,1.29549,1.29551,71280000,1
1499406780000,1499406839000,1.29552,1.29554,1.29548,1.29553,42720000,1
1499406840000,1499406899000,1.29553,1.29559,1.29552,1.29553,52320000,1
1499406900000,1499406959000,1.29553,1.2956,1.29553,1.29559,38380000,1
1499406960000,1499407019000,1.29559,1.29562,1.29552,1.29557,65460000,1
1499407020000,1499407079000,1.29557,1.29562,1.2955,1.29553,62940000,1
1499407080000,1499407139000,1.29552,1.29555,1.29543,1.29547,49780000,1
1499407140000,1499407199000,1.29548,1.29549,1.29532,1.29535,54970000,1
1499407200000,1499407259000,1.29535,1.29555,1.29534,1.29555,112530000,1
1499407260000,1499407319000,1.29556,1.29573,1.29552,1.29572,71030000,1
1499407320000,1499407379000,1.29574,1.29585,1.29574,1.29583,99940000,1
1499407380000,1499407439000,1.29583,1.29588,1.29583,1.29587,41210000,1
1499407440000,1499407499000,1.29588,1.29588,1.29587,1.29588,45500000,1
1499407500000,1499407559000,1.29587,1.29598,1.29587,1.29593,70740000,1
1499407560000,1499407619000,1.29593,1.29613,1.29592,1.29593,58900000,1
1499407620000,1499407679000,1.29593,1.296,1.29593,1.29593,69120000,1
1499407680000,1499407739000,1.29592,1.29602,1.29584,1.29593,94700000,1
1499407740000,1499407799000,1.29593,1.29601,1.29581,1.29595,119060000,1
1499407800000,1499407859000,1.29592,1.29604,1.29592,1.29603,92670000,1
1499407860000,1499407919000,1.29602,1.29603,1.29579,1.29583,120440000,1
1499407920000,1499407979000,1.29582,1.29603,1.29578,1.29603,91670000,1
1499407980000,1499408039000,1.29602,1.29603,1.29588,1.29592,81980000,1
1499408040000,1499408099000,1.29592,1.29594,1.29578,1.29578,62100000,1
1499408100000,1499408159000,1.29578,1.29585,1.29577,1.29584,57750000,1
1499408160000,1499408219000,1.29584,1.29594,1.29582,1.29594,60240000,1
1499408220000,1499408279000,1.29594,1.29595,1.29577,1.29593,66240000,1
1499408280000,1499408339000,1.29593,1.29595,1.29585,1.29588,75070000,1
1499408340000,1499408399000,1.29588,1.29607,1.29581,1.29599,148470000,1
1499408400000,1499408459000,1.29599,1.29602,1.29587,1.29595,89630000,1
1499408460000,1499408519000,1.29595,1.29614,1.29593,1.29613,46950000,1
1499408520000,1499408579000,1.29613,1.29614,1.29602,1.29604,126730000,1
1499408580000,1499408639000,1.29605,1.29625,1.29604,1.29616,91690000,1
1499408640000,1499408699000,1.29617,1.29628,1.29612,1.29614,129920000,1
1499408700000,1499408759000,1.29614,1.29616,1.29607,1.29614,153790000,1
1499408760000,1499408819000,1.29614,1.29614,1.29607,1.29607,134810000,1
1499408820000,1499408879000,1.29607,1.29608,1.29607,1.29608,24000000,1
1499408880000,1499408939000,1.29607,1.29613,1.296,1.29611,78280000,1
1499408940000,1499408999000,1.29612,1.29618,1.29611,1.29618,156990000,1
1499409000000,1499409059000,1.29617,1.29621,1.29587,1.29587,152350000,1
1499409060000,1499409119000,1.29588,1.29588,1.29577,1.29578,80110000,1
1499409120000,1499409179000,1.29578,1.29583,1.29566,1.29567,85740000,1
1499409180000,1499409239000,1.29568,1.29573,1.29563,1.29563,74110000,1
1499409240000,1499409299000,1.29563,1.29578,1.29558,1.29573,108100000,1
1499409300000,1499409359000,1.29573,1.29573,1.29562,1.29568,64590000,1
1499409360000,1499409419000,1.29567,1.29583,1.29567,1.29572,77330000,1
1499409420000,1499409479000,1.29574,1.29585,1.29573,1.29582,92430000,1
1499409480000,1499409539000,1.29583,1.29595,1.29582,1.29587,68040000,1
1499409540000,1499409599000,1.29588,1.29603,1.29584,1.29593,93900000,1
1499409600000,1499409659000,1.29593,1.29598,1.29592,1.29592,73710000,1
1499409660000,1499409719000,1.29593,1.29606,1.29587,1.29604,85290000,1
1499409720000,1499409779000,1.29604,1.29626,1.29603,1.29614,106990000,1
1499409780000,1499409839000,1.29614,1.29623,1.29593,1.29593,121810000,1
1499409840000,1499409899000,1.29592,1.29602,1.29588,1.29589,74020000,1
1499409900000,1499409959000,1.29588,1.29599,1.29562,1.29562,152300000,1
1499409960000,1499410019000,1.29564,1.29582,1.29564,1.29582,100810000,1
1499410020000,1499410079000,1.29582,1.29593,1.29571,1.29571,65660000,1
1499410080000,1499410139000,1.29572,1.29573,1.29551,1.29551,111890000,1
1499410140000,1499410199000,1.29551,1.29551,1.2954,1.29542,107680000,1
1499410200000,1499410259000,1.29542,1.29542,1.29531,1.29534,100740000,1
1499410260000,1499410319000,1.29534,1.29537,1.29528,1.29536,74600000,1
1499410320000,1499410379000,1.29538,1.29539,1.29524,1.29534,78440000,1
1499410380000,1499410439000,1.29534,1.29543,1.29534,1.29541,31830000,1
1499410440000,1499410499000,1.29542,1.29542,1.29534,1.29539,48520000,1
1499410500000,1499410559000,1.2954,1.2954,1.29535,1.29539,72240000,1
1499410560000,1499410619000,1.29539,1.29541,1.29539,1.2954,58510000,1
1499410620000,1499410679000,1.29539,1.2954,1.29537,1.29538,81640000,1
1499410680000,1499410739000,1.29537,1.29539,1.29537,1.29538,84710000,1
1499410740000,1499410799000,1.29538,1.29538,1.29537,1.29537,31600000,1
1499410800000,1499410859000,1.29538,1.29553,1.29532,1.29544,132640000,1
1499410860000,1499410919000,1.29544,1.29553,1.29541,1.29544,51380000,1
1499410920000,1499410979000,1.29544,1.29585,1.29539,1.29584,181260000,1
1499410980000,1499411039000,1.29584,1.29604,1.29581,1.29598,113230000,1
1499411040000,1499411099000,1.29597,1.296,1.29584,1.29589,99900000,1
1499411100000,1499411159000,1.29589,1.29601,1.2958,1.29601,82520000,1
1499411160000,1499411219000,1.29601,1.29603,1.29591,1.29593,126440000,1
1499411220000,1499411279000,1.29592,1.29595,1.29582,1.2959,124400000,1
1499411280000,1499411339000,1.29591,1.29613,1.29589,1.296,126300000,1
1499411340000,1499411399000,1.29602,1.29611,1.29597,1.29602,106410000,1
1499411400000,1499411459000,1.29602,1.29602,1.29576,1.29577,137580000,1
1499411460000,1499411519000,1.29575,1.29575,1.29553,1.29553,123700000,1
1499411520000,1499411579000,1.29558,1.29559,1.29549,1.2955,75550000,1
1499411580000,1499411639000,1.2955,1.29551,1.2954,1.2954,34840000,1
1499411640000,1499411699000,1.2954,1.29553,1.29539,1.29548,127860000,1
1499411700000,1499411759000,1.29551,1.29584,1.29542,1.29582,197680000,1
1499411760000,1499411819000,1.29582,1.29606,1.29582,1.296,187210000,1
1499411820000,1499411879000,1.29599,1.29624,1.29599,1.29609,123550000,1
1499411880000,1499411939000,1.2961,1.29633,1.29606,1.29613,142900000,1
1499411940000,1499411999000,1.29613,1.29614,1.29591,1.29591,161290000,1
1499412000000,1499412059000,1.29591,1.29597,1.29573,1.29589,190890000,1
1499412060000,1499412119000,1.29589,1.29589,1.29561,1.29573,137580000,1
1499412120000,1499412179000,1.29571,1.29573,1.29562,1.29562,103110000,1
1499412180000,1499412239000,1.29561,1.29562,1.29551,1.29558,90390000,1
1499412240000,1499412299000,1.29557,1.2956,1.29542,1.29542,118160000,1
1499412300000,1499412359000,1.29542,1.29542,1.29524,1.29541,115970000,1
1499412360000,1499412419000,1.29541,1.29551,1.29531,1.2955,143860000,1
1499412420000,1499412479000,1.29548,1.29552,1.29542,1.29542,128860000,1
1499412480000,1499412539000,1.29543,1.29569,1.29543,1.29562,66040000,1
1499412540000,1499412599000,1.29562,1.29562,1.29544,1.29558,101390000,1
1499412600000,1499412659000,1.29556,1.29556,1.29534,1.29547,147700000,1
1499412660000,1499412719000,1.29546,1.29549,1.29525,1.29525,93180000,1
1499412720000,1499412779000,1.29524,1.29525,1.29503,1.29521,118580000,1
1499412780000,1499412839000,1.29522,1.29559,1.2952,1.29558,166650000,1
1499412840000,1499412899000,1.29557,1.29566,1.29556,1.29563,114690000,1
1499412900000,1499412959000,1.29563,1.29564,1.29554,1.29561,75880000,1
1499412960000,1499413019000,1.29561,1.2958,1.2956,1.29576,175260000,1
1499413020000,1499413079000,1.29579,1.29593,1.29576,1.29593,120120000,1
1499413080000,1499413139000,1.29594,1.29597,1.29583,1.29595,56620000,1
1499413140000,1499413199000,1.29595,1.29596,1.29564,1.29572,174480000,1
1499413200000,1499413259000,1.29573,1.29602,1.29573,1.29591,170070000,1
1499413260000,1499413319000,1.2959,1.2963,1.29589,1.29625,133270000,1
1499413320000,1499413379000,1.29627,1.29643,1.29627,1.29637,126970000,1
1499413380000,1499413439000,1.29634,1.29646,1.29632,1.29642,102320000,1
1499413440000,1499413499000,1.29643,1.2965,1.29641,1.29642,132350000,1
1499413500000,1499413559000,1.29643,1.29643,1.29615,1.2962,103190000,1
1499413560000,1499413619000,1.2962,1.29627,1.29602,1.29611,208110000,1
1499413620000,1499413679000,1.29612,1.29613,1.29594,1.296,202130000,1
1499413680000,1499413739000,1.296,1.296,1.29572,1.29579,195120000,1
1499413740000,1499413799000,1.29577,1.29577,1.29552,1.29553,159170000,1
1499413800000,1499413859000,1.29554,1.29554,1.29535,1.29536,107780000,1
1499413860000,1499413919000,1.29538,1.29553,1.2952,1.29527,101120000,1
1499413920000,1499413979000,1.29527,1.29535,1.29518,1.29532,93380000,1
1499413980000,1499414039000,1.29532,1.29533,1.29501,1.29501,139080000,1
1499414040000,1499414099000,1.29501,1.2951,1.29488,1.29493,185280000,1
1499414100000,1499414159000,1.29492,1.29503,1.29481,1.29482,142120000,1
1499414160000,1499414219000,1.29482,1.29495,1.29481,1.29489,137030000,1
1499414220000,1499414279000,1.2949,1.29553,1.29488,1.29536,245700000,1
1499414280000,1499414339000,1.29536,1.29567,1.29536,1.29547,145080000,1
1499414340000,1499414399000,1.29548,1.29561,1.29543,1.29543,98930000,1
1499414400000,1499414459000,1.29541,1.29545,1.29528,1.2953,110740000,1
1499414460000,1499414519000,1.2953,1.29534,1.29529,1.29531,83510000,1
1499414520000,1499414579000,1.29532,1.29562,1.29531,1.29561,116850000,1
1499414580000,1499414639000,1.29561,1.29563,1.29551,1.29554,175140000,1
1499414640000,1499414699000,1.29555,1.29564,1.29547,1.29547,87410000,1
1499414700000,1499414759000,1.29548,1.29563,1.29547,1.29552,74810000,1
1499414760000,1499414819000,1.29552,1.29563,1.29552,1.29562,68840000,1
1499414820000,1499414879000,1.29563,1.29563,1.29539,1.29552,95420000,1
1499414880000,1499414939000,1.29553,1.29578,1.29552,1.29568,91080000,1
1499414940000,1499414999000,1.29568,1.29571,1.29552,1.29563,119720000,1
1499415000000,1499415059000,1.29562,1.29571,1.29552,1.29553,81600000,1
1499415060000,1499415119000,1.29553,1.29565,1.29548,1.2956,96720000,1
1499415120000,1499415179000,1.29562,1.29562,1.29547,1.2955,70470000,1
1499415180000,1499415239000,1.2955,1.2955,1.29538,1.29539,114080000,1
1499415240000,1499415299000,1.2954,1.2954,1.29507,1.29508,156190000,1
1499415300000,1499415359000,1.29506,1.2953,1.29501,1.2953,114910000,1
1499415360000,1499415419000,1.2953,1.29542,1.2953,1.29531,79120000,1
1499415420000,1499415479000,1.29531,1.29531,1.29493,1.29494,123140000,1
1499415480000,1499415539000,1.29494,1.29511,1.29494,1.29505,87580000,1
1499415540000,1499415599000,1.29508,1.29509,1.29486,1.29498,49340000,1
1499415600000,1499415659000,1.29497,1.29525,1.29497,1.29524,80170000,1
1499415660000,1499415719000,1.29524,1.29525,1.29512,1.29523,36410000,1
1499415720000,1499415779000,1.29523,1.29524,1.29514,1.29514,31610000,1
1499415780000,1499415839000,1.29514,1.29514,1.29507,1.29507,30550000,1
1499415840000,1499415899000,1.29507,1.29508,1.29486,1.29493,75310000,1
1499415900000,1499415959000,1.29494,1.29531,1.29494,1.29529,141630000,1
1499415960000,1499416019000,1.29528,1.29533,1.29524,1.29533,266840000,1
1499416020000,1499416079000,1.29532,1.29537,1.29526,1.29533,55900000,1
1499416080000,1499416139000,1.29531,1.29564,1.29529,1.29563,58940000,1
1499416140000,1499416199000,1.29564,1.2957,1.29547,1.29552,162180000,1
1499416200000,1499416259000,1.29551,1.29551,1.29249,1.29271,456150000,1
1499416260000,1499416319000,1.29269,1.29269,1.29172,1.2922,360130000,1
1499416320000,1499416379000,1.29217,1.29234,1.29157,1.29191,292540000,1
1499416380000,1499416439000,1.2919,1.29232,1.29162,1.29232,260900000,1
1499416440000,1499416499000,1.29231,1.29241,1.29223,1.29235,184760000,1
1499416500000,1499416559000,1.29236,1.29263,1.29222,1.29232,229500000,1
1499416560000,1499416619000,1.29233,1.29243,1.29202,1.29203,211240000,1
1499416620000,1499416679000,1.29203,1.2923,1.29189,1.29211,191310000,1
1499416680000,1499416739000,1.29211,1.29219,1.292,1.29201,104590000,1
1499416740000,1499416799000,1.292,1.29213,1.29172,1.29173,129630000,1
1499416800000,1499416859000,1.29172,1.29181,1.29124,1.29177,203740000,1
1499416860000,1499416919000,1.29178,1.29178,1.29158,1.29162,124300000,1
1499416920000,1499416979000,1.29162,1.29193,1.29157,1.29187,115660000,1
1499416980000,1499417039000,1.29188,1.29193,1.29166,1.29187,97040000,1
1499417040000,1499417099000,1.29188,1.29191,1.29176,1.29182,151940000,1
1499417100000,1499417159000,1.29178,1.29191,1.29167,1.29172,110850000,1
1499417160000,1499417219000,1.29172,1.29185,1.29172,1.29172,68920000,1
1499417220000,1499417279000,1.29173,1.29173,1.29155,1.29158,150520000,1
1499417280000,1499417339000,1.29157,1.29167,1.29157,1.2916,107870000,1
1499417340000,1499417399000,1.2916,1.29163,1.2915,1.29153,136420000,1
1499417400000,1499417459000,1.29153,1.29154,1.29143,1.29153,129850000,1
1499417460000,1499417519000,1.29152,1.29153,1.29138,1.29147,159690000,1
1499417520000,1499417579000,1.29148,1.2917,1.29147,1.2917,80100000,1
1499417580000,1499417639000,1.2917,1.29178,1.29162,1.29164,79450000,1
1499417640000,1499417699000,1.29166,1.29173,1.29158,1.29171,92110000,1
1499417700000,1499417759000,1.29171,1.29175,1.29165,1.29174,91500000,1
1499417760000,1499417819000,1.29173,1.29203,1.29169,1.29202,87690000,1
1499417820000,1499417879000,1.29201,1.29205,1.29188,1.29203,84780000,1
1499417880000,1499417939000,1.29205,1.29225,1.29205,1.29225,68930000,1
1499417940000,1499417999000,1.29227,1.29239,1.29225,1.29234,154520000,1
1499418000000,1499418059000,1.29237,1.29237,1.29212,1.29212,211730000,1
1499418060000,1499418119000,1.29212,1.29219,1.29198,1.29205,189640000,1
1499418120000,1499418179000,1.29206,1.29225,1.29203,1.29208,157180000,1
1499418180000,1499418239000,1.29209,1.2924,1.29209,1.29238,146290000,1
1499418240000,1499418299000,1.29239,1.2924,1.29184,1.2919,275700000,1
1499418300000,1499418359000,1.29192,1.29201,1.29172,1.29198,99200000,1
1499418360000,1499418419000,1.29196,1.29196,1.29162,1.29164,131320000,1
1499418420000,1499418479000,1.29164,1.29192,1.29164,1.29179,104280000,1
1499418480000,1499418539000,1.2918,1.29182,1.2917,1.29172,59720000,1
1499418540000,1499418599000,1.29172,1.29177,1.29147,1.29151,100480000,1
1499418600000,1499418659000,1.29151,1.29168,1.29151,1.29164,98140000,1
1499418660000,1499418719000,1.29165,1.29183,1.29164,1.29172,111860000,1
1499418720000,1499418779000,1.29171,1.29194,1.2917,1.29187,47800000,1
1499418780000,1499418839000,1.29188,1.29204,1.29188,1.29202,50610000,1
1499418840000,1499418899000,1.29202,1.29213,1.29195,1.29198,118560000,1
1499418900000,1499418959000,1.29197,1.29203,1.29186,1.29188,149780000,1
1499418960000,1499419019000,1.29187,1.29187,1.29163,1.29163,101460000,1
1499419020000,1499419079000,1.29164,1.29175,1.29159,1.29172,166220000,1
1499419080000,1499419139000,1.29173,1.29179,1.29167,1.29167,94410000,1
1499419140000,1499419199000,1.29173,1.29183,1.29168,1.2918,123860000,1
1499419200000,1499419259000,1.2918,1.29193,1.29177,1.2918,81550000,1
1499419260000,1499419319000,1.2918,1.29183,1.29175,1.29183,126020000,1
1499419320000,1499419379000,1.29183,1.29187,1.29172,1.29182,113370000,1
1499419380000,1499419439000,1.29183,1.29183,1.29171,1.29182,94300000,1
1499419440000,1499419499000,1.29183,1.29188,1.29178,1.29188,62650000,1
1499419500000,1499419559000,1.29187,1.29203,1.29181,1.29202,116400000,1
1499419560000,1499419619000,1.29202,1.29213,1.292,1.2921,104110000,1
1499419620000,1499419679000,1.29209,1.29213,1.29182,1.29182,151780000,1
1499419680000,1499419739000,1.29181,1.29184,1.29167,1.29184,95220000,1
1499419740000,1499419799000,1.29185,1.29203,1.29182,1.29203,76780000,1
1499419800000,1499419859000,1.29202,1.29202,1.29189,1.29192,123610000,1
1499419860000,1499419919000,1.29192,1.29213,1.29192,1.29206,71650000,1
1499419920000,1499419979000,1.29206,1.29221,1.29206,1.2921,136330000,1
1499419980000,1499420039000,1.29211,1.29221,1.29191,1.29198,187750000,1
1499420040000,1499420099000,1.29198,1.29204,1.29198,1.29201,156160000,1
1499420100000,1499420159000,1.29202,1.29217,1.29201,1.29212,204350000,1
1499420160000,1499420219000,1.29212,1.29216,1.29211,1.29214,69380000,1
1499420220000,1499420279000,1.29214,1.29214,1.29198,1.29203,148130000,1
1499420280000,1499420339000,1.29204,1.29211,1.29163,1.29169,168170000,1
1499420340000,1499420399000,1.29169,1.29178,1.29161,1.29174,167850000,1
1499420400000,1499420459000,1.29172,1.29191,1.29171,1.29183,158170000,1
1499420460000,1499420519000,1.29183,1.29184,1.29175,1.2918,104690000,1
1499420520000,1499420579000,1.29182,1.29195,1.29178,1.29192,62260000,1
1499420580000,1499420639000,1.29192,1.29205,1.29186,1.29186,98730000,1
1499420640000,1499420699000,1.29185,1.29185,1.29166,1.29172,125480000,1
1499420700000,1499420759000,1.29172,1.2918,1.29169,1.2918,69480000,1
1499420760000,1499420819000,1.2918,1.2918,1.29159,1.29168,117900000,1
1499420820000,1499420879000,1.29168,1.29176,1.29162,1.29175,143680000,1
1499420880000,1499420939000,1.29174,1.29177,1.29162,1.2917,130470000,1
1499420940000,1499420999000,1.2917,1.2917,1.29153,1.29154,134710000,1
1499421000000,1499421059000,1.29154,1.29165,1.29151,1.29165,145450000,1
1499421060000,1499421119000,1.29163,1.29169,1.29159,1.29162,85180000,1
1499421120000,1499421179000,1.29162,1.29163,1.29127,1.29134,241330000,1
1499421180000,1499421239000,1.29133,1.29137,1.2912,1.29127,84960000,1
1499421240000,1499421299000,1.29127,1.29141,1.29124,1.29141,127260000,1
1499421300000,1499421359000,1.29142,1.29142,1.29128,1.2914,145250000,1
1499421360000,1499421419000,1.2914,1.29146,1.29134,1.29134,175040000,1
1499421420000,1499421479000,1.29134,1.29134,1.29087,1.29091,162880000,1
1499421480000,1499421539000,1.29091,1.29097,1.29086,1.29094,96540000,1
1499421540000,1499421599000,1.29093,1.29099,1.29087,1.29095,91350000,1
1499421600000,1499421659000,1.29095,1.29101,1.2909,1.2909,117660000,1
1499421660000,1499421719000,1.29089,1.29099,1.29085,1.29092,120240000,1
1499421720000,1499421779000,1.29094,1.29094,1.2905,1.29052,205010000,1
1499421780000,1499421839000,1.29052,1.29094,1.29049,1.29093,118160000,1
1499421840000,1499421899000,1.29092,1.29095,1.29087,1.29089,62110000,1
1499421900000,1499421959000,1.29089,1.29091,1.29066,1.29081,131160000,1
1499421960000,1499422019000,1.29082,1.29092,1.29078,1.29081,94070000,1
1499422020000,1499422079000,1.2908,1.29095,1.29073,1.29092,76310000,1
1499422080000,1499422139000,1.2909,1.29093,1.29041,1.29042,130170000,1
1499422140000,1499422199000,1.29042,1.29075,1.2904,1.29075,121330000,1
1499422200000,1499422259000,1.29077,1.29079,1.28997,1.29023,165020000,1
1499422260000,1499422319000,1.29022,1.29022,1.28994,1.2901,144400000,1
1499422320000,1499422379000,1.29011,1.29012,1.29001,1.29008,68740000,1
1499422380000,1499422439000,1.29005,1.29006,1.28976,1.28984,146790000,1
1499422440000,1499422499000,1.28985,1.28999,1.28981,1.28996,118140000,1
1499422500000,1499422559000,1.28996,1.29033,1.28996,1.29005,87000000,1
1499422560000,1499422619000,1.29004,1.29014,1.28994,1.29014,137600000,1
1499422620000,1499422679000,1.29014,1.29014,1.28984,1.28989,158660000,1
1499422680000,1499422739000,1.28989,1.28992,1.28986,1.28988,95980000,1
1499422740000,1499422799000,1.28987,1.28987,1.28981,1.28983,150810000,1
1499422800000,1499422859000,1.28982,1.28983,1.28973,1.28983,70980000,1
1499422860000,1499422919000,1.28982,1.28985,1.28969,1.28977,65410000,1
1499422920000,1499422979000,1.28975,1.28997,1.28975,1.28996,83300000,1
1499422980000,1499423039000,1.28996,1.29004,1.28994,1.28997,52370000,1
1499423040000,1499423099000,1.28998,1.28998,1.28987,1.2899,79260000,1
1499423100000,1499423159000,1.28989,1.29002,1.28989,1.29,119850000,1
1499423160000,1499423219000,1.29,1.29004,1.29,1.29003,24410000,1
1499423220000,1499423279000,1.29004,1.29015,1.29003,1.29014,98700000,1
1499423280000,1499423339000,1.29015,1.29015,1.29008,1.29014,72370000,1
1499423340000,1499423399000,1.29015,1.29058,1.29005,1.29053,177210000,1
1499423400000,1499423459000,1.29053,1.29064,1.29037,1.29057,124200000,1
1499423460000,1499423519000,1.29058,1.29061,1.29042,1.29046,117560000,1
1499423520000,1499423579000,1.29046,1.29048,1.29022,1.29026,136440000,1
1499423580000,1499423639000,1.29029,1.29029,1.29015,1.29019,89180000,1
1499423640000,1499423699000,1.29018,1.29024,1.29005,1.29016,72370000,1
1499423700000,1499423759000,1.29017,1.29018,1.29004,1.29009,66740000,1
1499423760000,1499423819000,1.29009,1.29043,1.29008,1.29012,184580000,1
1499423820000,1499423879000,1.29012,1.29016,1.28972,1.28975,202430000,1
1499423880000,1499423939000,1.28969,1.28982,1.28961,1.28974,73660000,1
1499423940000,1499423999000,1.28973,1.28984,1.28973,1.28974,131660000,1
1499424000000,1499424059000,1.28973,1.28973,1.28867,1.28905,157120000,1
1499424060000,1499424119000,1.28906,1.28919,1.28895,1.28908,138480000,1
1499424120000,1499424179000,1.28906,1.28915,1.28876,1.28909,182550000,1
1499424180000,1499424239000,1.28909,1.28922,1.289,1.28922,97580000,1
1499424240000,1499424299000,1.28921,1.28934,1.28921,1.28934,56880000,1
1499424300000,1499424359000,1.28932,1.28938,1.28922,1.28923,42060000,1
1499424360000,1499424419000,1.28923,1.28927,1.28921,1.28923,69630000,1
1499424420000,1499424479000,1.28922,1.28927,1.28922,1.28924,51190000,1
1499424480000,1499424539000,1.28924,1.28934,1.28922,1.28934,52690000,1
1499424540000,1499424599000,1.28931,1.28944,1.28926,1.28942,59150000,1
1499424600000,1499424659000,1.28943,1.28945,1.28926,1.28926,169580000,1
1499424660000,1499424719000,1.28926,1.28962,1.28926,1.28955,73920000,1
1499424720000,1499424779000,1.28956,1.28964,1.28948,1.28963,73180000,1
1499424780000,1499424839000,1.28961,1.28968,1.28953,1.28955,158820000,1
1499424840000,1499424899000,1.28954,1.28976,1.28954,1.28976,87140000,1
1499424900000,1499424959000,1.28976,1.28999,1.28962,1.28963,167710000,1
1499424960000,1499425019000,1.28963,1.28968,1.28946,1.28952,140090000,1
1499425020000,1499425079000,1.28953,1.28954,1.28949,1.28954,69990000,1
1499425080000,1499425139000,1.28958,1.28958,1.28946,1.28956,97790000,1
1499425140000,1499425199000,1.28958,1.28975,1.28958,1.28964,51790000,1
1499425200000,1499425259000,1.28964,1.28965,1.2891,1.2891,146070000,1
1499425260000,1499425319000,1.28909,1.2892,1.28901,1.28914,97460000,1
1499425320000,1499425379000,1.28914,1.28915,1.28891,1.28892,113670000,1
1499425380000,1499425439000,1.28892,1.28895,1.28886,1.28892,167410000,1
1499425440000,1499425499000,1.28893,1.28904,1.28892,1.28893,90860000,1
1499425500000,1499425559000,1.28893,1.28926,1.28893,1.28925,97430000,1
1499425560000,1499425619000,1.28925,1.28947,1.28925,1.28946,95270000,1
1499425620000,1499425679000,1.28946,1.28962,1.28938,1.28961,110590000,1
1499425680000,1499425739000,1.28961,1.28972,1.28957,1.28972,112700000,1
1499425740000,1499425799000,1.28972,1.28973,1.28963,1.28963,49480000,1
1499425800000,1499425859000,1.28962,1.28963,1.28955,1.28958,57540000,1
1499425860000,1499425919000,1.28958,1.2897,1.28957,1.28963,69580000,1
1499425920000,1499425979000,1.28963,1.28973,1.28961,1.28964,133910000,1
1499425980000,1499426039000,1.28964,1.28964,1.28956,1.2896,123990000,1
1499426040000,1499426099000,1.28961,1.28966,1.2896,1.28964,51750000,1
1499426100000,1499426159000,1.28964,1.28968,1.28953,1.28962,82550000,1
1499426160000,1499426219000,1.28961,1.28961,1.2895,1.28954,64290000,1
1499426220000,1499426279000,1.28953,1.28965,1.28953,1.28965,40230000,1
1499426280000,1499426339000,1.28965,1.28988,1.28964,1.2898,46120000,1
1499426340000,1499426399000,1.2898,1.28985,1.28976,1.28978,102280000,1
1499426400000,1499426459000,1.28978,1.28978,1.28967,1.28969,140420000,1
1499426460000,1499426519000,1.28968,1.28969,1.28957,1.28957,112560000,1
1499426520000,1499426579000,1.28957,1.28962,1.28954,1.28954,94300000,1
1499426580000,1499426639000,1.28951,1.28974,1.28951,1.28974,106310000,1
1499426640000,1499426699000,1.28972,1.28983,1.28966,1.28971,123970000,1
1499426700000,1499426759000,1.28972,1.28973,1.28969,1.28972,51310000,1
1499426760000,1499426819000,1.28973,1.28983,1.28963,1.28965,83040000,1
1499426820000,1499426879000,1.28965,1.28983,1.28963,1.28979,67850000,1
1499426880000,1499426939000,1.28979,1.28997,1.28979,1.28995,103950000,1
1499426940000,1499426999000,1.28996,1.29003,1.2898,1.28983,89680000,1
1499427000000,1499427059000,1.28983,1.29026,1.28983,1.29025,141360000,1
1499427060000,1499427119000,1.2903,1.2904,1.29028,1.29033,178330000,1
1499427120000,1499427179000,1.29031,1.29043,1.29027,1.29043,206460000,1
1499427180000,1499427239000,1.29044,1.29047,1.29035,1.29042,155980000,1
1499427240000,1499427299000,1.29041,1.29048,1.29022,1.29027,146750000,1
1499427300000,1499427359000,1.29027,1.29027,1.29011,1.29018,147770000,1
1499427360000,1499427419000,1.29018,1.29021,1.2901,1.29013,133010000,1
1499427420000,1499427479000,1.29013,1.29022,1.29012,1.29022,126060000,1
1499427480000,1499427539000,1.29024,1.29043,1.29022,1.29043,106410000,1
1499427540000,1499427599000,1.29043,1.29056,1.29038,1.29055,56020000,1
1499427600000,1499427659000,1.29055,1.29063,1.29045,1.29056,197220000,1
1499427660000,1499427719000,1.29055,1.29058,1.29051,1.29057,71870000,1
1499427720000,1499427779000,1.29057,1.2907,1.29057,1.29061,89360000,1
1499427780000,1499427839000,1.2906,1.29068,1.29058,1.29063,114490000,1
1499427840000,1499427899000,1.29064,1.29064,1.29057,1.29058,123530000,1
1499427900000,1499427959000,1.2906,1.2906,1.29047,1.29049,75860000,1
1499427960000,1499428019000,1.29052,1.29055,1.29023,1.29023,135890000,1
1499428020000,1499428079000,1.29023,1.29038,1.29016,1.29036,95220000,1
1499428080000,1499428139000,1.29035,1.29035,1.29029,1.29034,33760000,1
1499428140000,1499428199000,1.29038,1.29062,1.29038,1.29062,90880000,1
1499428200000,1499428259000,1.29062,1.29067,1.2905,1.29052,54190000,1
1499428260000,1499428319000,1.29051,1.29051,1.29028,1.29033,106040000,1
1499428320000,1499428379000,1.29032,1.29032,1.29001,1.29001,81380000,1
1499428380000,1499428439000,1.29001,1.29013,1.28994,1.28994,108230000,1
1499428440000,1499428499000,1.28993,1.28998,1.28987,1.2899,112460000,1
1499428500000,1499428559000,1.2899,1.29001,1.28988,1.29001,123260000,1
1499428560000,1499428619000,1.29001,1.29003,1.28988,1.28988,160210000,1
1499428620000,1499428679000,1.28987,1.28988,1.28977,1.28982,172300000,1
1499428680000,1499428739000,1.28983,1.28983,1.28961,1.28977,120590000,1
1499428740000,1499428799000,1.28977,1.28988,1.28972,1.28988,110050000,1
1499428800000,1499428859000,1.28989,1.28995,1.28987,1.28995,117050000,1
1499428860000,1499428919000,1.28994,1.29028,1.28987,1.29017,130240000,1
1499428920000,1499428979000,1.29018,1.29022,1.29011,1.29022,79680000,1
1499428980000,1499429039000,1.29023,1.29038,1.29021,1.29025,136630000,1
1499429040000,1499429099000,1.29025,1.29025,1.29016,1.29021,90990000,1
1499429100000,1499429159000,1.29021,1.29021,1.28975,1.28994,99930000,1
1499429160000,1499429219000,1.28994,1.28997,1.28974,1.28976,175150000,1
1499429220000,1499429279000,1.28976,1.28988,1.28957,1.28961,121410000,1
1499429280000,1499429339000,1.28959,1.28961,1.28852,1.2887,337830000,1
1499429340000,1499429399000,1.2887,1.28871,1.28847,1.28853,135950000,1
1499429400000,1499429459000,1.28853,1.28906,1.28848,1.28905,168580000,1
1499429460000,1499429519000,1.28903,1.28945,1.28897,1.28945,190200000,1
1499429520000,1499429579000,1.28945,1.28981,1.28937,1.28978,168370000,1
1499429580000,1499429639000,1.28978,1.28999,1.28973,1.28994,97990000,1
1499429640000,1499429699000,1.28994,1.28994,1.28964,1.28965,85770000,1
1499429700000,1499429759000,1.28965,1.28966,1.28923,1.28924,105120000,1
1499429760000,1499429819000,1.28924,1.28924,1.2889,1.28916,117040000,1
1499429820000,1499429879000,1.28916,1.28919,1.28894,1.28905,139740000,1
1499429880000,1499429939000,1.28905,1.28907,1.28899,1.28907,69850000,1
1499429940000,1499429999000,1.28906,1.28918,1.28898,1.28908,119350000,1
1499430000000,1499430059000,1.28904,1.28908,1.28896,1.28907,84840000,1
1499430060000,1499430119000,1.28907,1.28936,1.28907,1.28924,116210000,1
1499430120000,1499430179000,1.28924,1.28946,1.28924,1.28945,128780000,1
1499430180000,1499430239000,1.28945,1.28947,1.28934,1.28937,84390000,1
1499430240000,1499430299000,1.28937,1.28959,1.28917,1.28958,159680000,1
1499430300000,1499430359000,1.28958,1.28982,1.28944,1.28978,143700000,1
1499430360000,1499430419000,1.28978,1.28995,1.28951,1.28991,216970000,1
1499430420000,1499430479000,1.28991,1.29005,1.28988,1.28994,201600000,1
1499430480000,1499430539000,1.28995,1.29012,1.28987,1.29005,199780000,1
1499430540000,1499430599000,1.29005,1.29012,1.28932,1.2895,263160000,1
1499430600000,1499430659000,1.28955,1.29134,1.28797,1.29123,500700000,1
1499430660000,1499430719000,1.29128,1.29128,1.29017,1.29047,526110000,1
1499430720000,1499430779000,1.29047,1.29116,1.29047,1.29105,484010000,1
1499430780000,1499430839000,1.29105,1.29161,1.29082,1.29143,386260000,1
1499430840000,1499430899000,1.2914,1.29188,1.29122,1.29177,325910000,1
1499430900000,1499430959000,1.29177,1.29177,1.2911,1.2912,298290000,1
1499430960000,1499431019000,1.2912,1.2912,1.29021,1.29021,332560000,1
1499431020000,1499431079000,1.2902,1.29099,1.29017,1.29087,338590000,1
1499431080000,1499431139000,1.29087,1.29124,1.29053,1.29104,395870000,1
1499431140000,1499431199000,1.29109,1.29116,1.29065,1.29073,405490000,1
1499431200000,1499431259000,1.29074,1.29123,1.29074,1.29079,297690000,1
1499431260000,1499431319000,1.29082,1.29092,1.29009,1.29028,348790000,1
1499431320000,1499431379000,1.29028,1.291,1.29028,1.29084,233210000,1
1499431380000,1499431439000,1.29086,1.29094,1.29033,1.29034,296640000,1
1499431440000,1499431499000,1.29033,1.29073,1.29021,1.29063,229190000,1
1499431500000,1499431559000,1.29062,1.29096,1.29051,1.29071,373380000,1
1499431560000,1499431619000,1.2907,1.29073,1.2904,1.29051,311570000,1
1499431620000,1499431679000,1.29049,1.29051,1.29013,1.29028,261130000,1
1499431680000,1499431739000,1.29027,1.29033,1.28907,1.2895,335120000,1
1499431740000,1499431799000,1.28949,1.28957,1.28925,1.28937,144330000,1
1499431800000,1499431859000,1.28938,1.28978,1.28937,1.28978,159320000,1
1499431860000,1499431919000,1.28977,1.29014,1.28977,1.29014,110440000,1
1499431920000,1499431979000,1.29013,1.29022,1.28949,1.2895,210070000,1
1499431980000,1499432039000,1.2895,1.28955,1.28909,1.28953,196210000,1
1499432040000,1499432099000,1.28953,1.28964,1.28938,1.28951,205360000,1
1499432100000,1499432159000,1.2895,1.2902,1.28931,1.28993,222500000,1
1499432160000,1499432219000,1.28994,1.28996,1.28815,1.28842,409010000,1
1499432220000,1499432279000,1.28846,1.28864,1.28702,1.28722,448440000,1
1499432280000,1499432339000,1.28721,1.2876,1.28721,1.28743,286270000,1
1499432340000,1499432399000,1.28743,1.28764,1.28737,1.28758,151010000,1
1499432400000,1499432459000,1.28757,1.28785,1.28757,1.28785,171250000,1
1499432460000,1499432519000,1.28784,1.28799,1.28778,1.28778,182660000,1
1499432520000,1499432579000,1.28779,1.28804,1.28774,1.28796,133110000,1
1499432580000,1499432639000,1.28796,1.28798,1.28752,1.28752,200590000,1
1499432640000,1499432699000,1.28752,1.28785,1.28744,1.28785,187070000,1
1499432700000,1499432759000,1.28786,1.28786,1.28701,1.28728,280460000,1
1499432760000,1499432819000,1.28729,1.28771,1.28699,1.28751,315520000,1
1499432820000,1499432879000,1.28758,1.28805,1.28754,1.28803,181820000,1
1499432880000,1499432939000,1.28802,1.28833,1.28786,1.28827,164130000,1
1499432940000,1499432999000,1.28828,1.28843,1.288,1.28843,264740000,1
1499433000000,1499433059000,1.2884,1.28867,1.28825,1.28864,233740000,1
1499433060000,1499433119000,1.28865,1.28886,1.28857,1.28886,156980000,1
1499433120000,1499433179000,1.28888,1.2889,1.28854,1.2887,186630000,1
1499433180000,1499433239000,1.2887,1.28889,1.28864,1.28864,135800000,1
1499433240000,1499433299000,1.28862,1.2887,1.28842,1.28842,198200000,1
1499433300000,1499433359000,1.28838,1.28839,1.28764,1.28776,209420000,1
1499433360000,1499433419000,1.28774,1.28797,1.28771,1.28796,145560000,1
1499433420000,1499433479000,1.28794,1.28806,1.28757,1.28757,132610000,1
1499433480000,1499433539000,1.28756,1.28794,1.28756,1.28789,99650000,1
1499433540000,1499433599000,1.2879,1.28801,1.28785,1.28796,153100000,1
1499433600000,1499433659000,1.28796,1.288,1.28791,1.28791,92950000,1
1499433660000,1499433719000,1.28791,1.28826,1.28791,1.28823,94570000,1
1499433720000,1499433779000,1.28823,1.28831,1.28821,1.28824,85460000,1
1499433780000,1499433839000,1.28824,1.28826,1.28803,1.28812,79050000,1
1499433840000,1499433899000,1.28813,1.28844,1.28812,1.28844,135050000,1
1499433900000,1499433959000,1.28844,1.28858,1.28832,1.28857,166080000,1
1499433960000,1499434019000,1.28857,1.28857,1.28838,1.28843,65790000,1
1499434020000,1499434079000,1.28846,1.28871,1.28846,1.28871,115890000,1
1499434080000,1499434139000,1.2887,1.2887,1.28845,1.28852,157530000,1
1499434140000,1499434199000,1.28852,1.28864,1.28847,1.2886,144980000,1
1499434200000,1499434259000,1.28862,1.28896,1.28862,1.28874,133680000,1
1499434260000,1499434319000,1.28873,1.28873,1.28834,1.28856,183740000,1
1499434320000,1499434379000,1.28853,1.28866,1.28841,1.28861,118530000,1
1499434380000,1499434439000,1.28862,1.28862,1.28851,1.28855,153320000,1
1499434440000,1499434499000,1.28856,1.28863,1.28832,1.28833,128950000,1
1499434500000,1499434559000,1.28836,1.2884,1.28812,1.28812,187460000,1
1499434560000,1499434619000,1.28814,1.28843,1.28804,1.28811,177620000,1
1499434620000,1499434679000,1.28808,1.28835,1.28803,1.2883,178150000,1
1499434680000,1499434739000,1.28832,1.28868,1.28832,1.28832,115150000,1
1499434740000,1499434799000,1.2883,1.28859,1.28824,1.28853,120780000,1
1499434800000,1499434859000,1.28853,1.28862,1.28835,1.2884,159000000,1
1499434860000,1499434919000,1.2884,1.28843,1.2883,1.2883,145040000,1
1499434920000,1499434979000,1.28831,1.2884,1.28824,1.28831,146030000,1
1499434980000,1499435039000,1.28833,1.28843,1.2883,1.28843,93400000,1
1499435040000,1499435099000,1.28843,1.28864,1.28831,1.28859,85230000,1
1499435100000,1499435159000,1.28859,1.28895,1.28854,1.28882,124440000,1
1499435160000,1499435219000,1.28883,1.28883,1.28829,1.28833,209260000,1
1499435220000,1499435279000,1.28831,1.28851,1.28829,1.28829,137700000,1
1499435280000,1499435339000,1.28829,1.28834,1.28819,1.28833,164810000,1
1499435340000,1499435399000,1.28833,1.28835,1.28816,1.28822,75580000,1
1499435400000,1499435459000,1.28822,1.28824,1.28812,1.28813,49860000,1
1499435460000,1499435519000,1.28815,1.28819,1.28781,1.2879,181170000,1
1499435520000,1499435579000,1.2879,1.28795,1.28782,1.28795,106960000,1
1499435580000,1499435639000,1.28795,1.28822,1.28781,1.28822,142720000,1
1499435640000,1499435699000,1.28821,1.28821,1.28795,1.28802,111270000,1
1499435700000,1499435759000,1.28803,1.2882,1.28803,1.28806,85190000,1
1499435760000,1499435819000,1.28803,1.28807,1.28793,1.28807,81650000,1
1499435820000,1499435879000,1.28808,1.28809,1.28796,1.28802,80450000,1
1499435880000,1499435939000,1.28802,1.28804,1.28791,1.28801,134830000,1
1499435940000,1499435999000,1.28801,1.28824,1.28785,1.28816,106680000,1
1499436000000,1499436059000,1.28814,1.28823,1.28797,1.28797,181600000,1
1499436060000,1499436119000,1.28797,1.28818,1.28797,1.28807,90060000,1
1499436120000,1499436179000,1.28807,1.28807,1.28781,1.28781,172030000,1
1499436180000,1499436239000,1.28781,1.28812,1.28781,1.28812,138470000,1
1499436240000,1499436299000,1.28812,1.28855,1.28806,1.28843,120380000,1
1499436300000,1499436359000,1.28843,1.28865,1.28837,1.28859,152220000,1
1499436360000,1499436419000,1.28858,1.28873,1.28841,1.28846,179780000,1
1499436420000,1499436479000,1.28844,1.28853,1.28829,1.28853,137440000,1
1499436480000,1499436539000,1.28859,1.28864,1.28828,1.28837,182230000,1
1499436540000,1499436599000,1.28837,1.28838,1.28815,1.28825,226720000,1
1499436600000,1499436659000,1.28825,1.28831,1.28804,1.28813,127100000,1
1499436660000,1499436719000,1.28814,1.28829,1.28813,1.28824,91890000,1
1499436720000,1499436779000,1.28824,1.28841,1.28823,1.2884,96350000,1
1499436780000,1499436839000,1.2884,1.28844,1.28834,1.28835,143060000,1
1499436840000,1499436899000,1.28835,1.28836,1.28796,1.28812,147930000,1
1499436900000,1499436959000,1.28812,1.28819,1.28783,1.28798,113390000,1
1499436960000,1499437019000,1.28798,1.28798,1.28782,1.28793,149410000,1
1499437020000,1499437079000,1.28792,1.28794,1.28778,1.2878,181400000,1
1499437080000,1499437139000,1.28778,1.28784,1.28751,1.28783,136950000,1
1499437140000,1499437199000,1.28784,1.2879,1.28753,1.28763,87880000,1
1499437200000,1499437259000,1.28762,1.28762,1.28732,1.2874,144510000,1
1499437260000,1499437319000,1.2874,1.28774,1.2874,1.28774,148470000,1
1499437320000,1499437379000,1.28772,1.28772,1.2876,1.2876,115940000,1
1499437380000,1499437439000,1.28763,1.28763,1.28739,1.28759,181500000,1
1499437440000,1499437499000,1.28761,1.28772,1.28761,1.28772,54190000,1
1499437500000,1499437559000,1.28772,1.28785,1.28764,1.28771,122180000,1
1499437560000,1499437619000,1.2877,1.28773,1.28752,1.28757,179870000,1
1499437620000,1499437679000,1.28758,1.28759,1.28737,1.28744,183130000,1
1499437680000,1499437739000,1.28743,1.28754,1.28731,1.28752,186150000,1
1499437740000,1499437799000,1.28752,1.28752,1.28729,1.2873,177970000,1
1499437800000,1499437859000,1.28731,1.2874,1.2872,1.28731,208560000,1
1499437860000,1499437919000,1.28732,1.28743,1.28732,1.28734,146280000,1
1499437920000,1499437979000,1.28733,1.28734,1.28717,1.28719,97210000,1
1499437980000,1499438039000,1.2872,1.28748,1.28711,1.28713,116070000,1
1499438040000,1499438099000,1.28713,1.28719,1.28666,1.2867,161880000,1
1499438100000,1499438159000,1.2867,1.28679,1.2867,1.28675,165870000,1
1499438160000,1499438219000,1.28675,1.28678,1.28671,1.28671,109950000,1
1499438220000,1499438279000,1.28671,1.28691,1.28669,1.28686,124480000,1
1499438280000,1499438339000,1.28686,1.28691,1.28676,1.28691,85350000,1
1499438340000,1499438399000,1.28692,1.28693,1.28689,1.28689,45270000,1
1499438400000,1499438459000,1.28689,1.28736,1.28687,1.28731,128690000,1
1499438460000,1499438519000,1.28732,1.2875,1.2872,1.28745,131050000,1
1499438520000,1499438579000,1.28745,1.28765,1.28744,1.2875,138960000,1
1499438580000,1499438639000,1.28751,1.28765,1.28745,1.28753,76860000,1
1499438640000,1499438699000,1.28754,1.28771,1.28753,1.28764,101800000,1
1499438700000,1499438759000,1.28764,1.28768,1.28752,1.28752,104790000,1
1499438760000,1499438819000,1.28753,1.28755,1.28731,1.28731,104340000,1
1499438820000,1499438879000,1.28731,1.28739,1.28701,1.28708,216850000,1
1499438880000,1499438939000,1.28709,1.28718,1.28708,1.28711,114630000,1
1499438940000,1499438999000,1.28711,1.28711,1.28689,1.28692,139470000,1
1499439000000,1499439059000,1.2869,1.28705,1.28685,1.28701,120430000,1
1499439060000,1499439119000,1.28702,1.28739,1.28702,1.28737,106160000,1
1499439120000,1499439179000,1.28739,1.28773,1.28733,1.28773,106770000,1
1499439180000,1499439239000,1.2877,1.2877,1.28761,1.28761,93610000,1
1499439240000,1499439299000,1.28761,1.28768,1.28732,1.28768,71920000,1
1499439300000,1499439359000,1.28772,1.28778,1.28755,1.28776,52990000,1
1499439360000,1499439419000,1.28776,1.28788,1.28772,1.28783,90550000,1
1499439420000,1499439479000,1.28784,1.28792,1.28752,1.28784,158340000,1
1499439480000,1499439539000,1.28785,1.28832,1.28783,1.28792,222000000,1
1499439540000,1499439599000,1.28789,1.28808,1.28775,1.28793,216690000,1
1499439600000,1499439659000,1.28793,1.28809,1.28782,1.28802,176420000,1
1499439660000,1499439719000,1.28802,1.28835,1.28801,1.28817,177640000,1
1499439720000,1499439779000,1.28817,1.28833,1.28802,1.28833,154130000,1
1499439780000,1499439839000,1.28833,1.28834,1.28787,1.28813,153440000,1
1499439840000,1499439899000,1.28807,1.28818,1.28792,1.28796,122360000,1
1499439900000,1499439959000,1.28796,1.28798,1.28763,1.2877,159960000,1
1499439960000,1499440019000,1.2877,1.28771,1.28742,1.28744,129640000,1
1499440020000,1499440079000,1.28742,1.2875,1.28727,1.2874,106240000,1
1499440080000,1499440139000,1.28741,1.28755,1.28741,1.28753,83540000,1
1499440140000,1499440199000,1.28753,1.28786,1.28753,1.28771,141380000,1
1499440200000,1499440259000,1.28772,1.2882,1.28752,1.2882,153080000,1
1499440260000,1499440319000,1.2882,1.28845,1.28818,1.28824,130690000,1
1499440320000,1499440379000,1.28827,1.28843,1.28821,1.28837,119780000,1
1499440380000,1499440439000,1.28837,1.28838,1.28822,1.28833,91400000,1
1499440440000,1499440499000,1.28833,1.28833,1.288,1.28813,138420000,1
1499440500000,1499440559000,1.28815,1.28835,1.28813,1.28823,135800000,1
1499440560000,1499440619000,1.28824,1.28844,1.28823,1.28838,94550000,1
1499440620000,1499440679000,1.28838,1.28848,1.28834,1.28847,59210000,1
1499440680000,1499440739000,1.28848,1.2886,1.28847,1.28857,56910000,1
1499440740000,1499440799000,1.28857,1.28858,1.28824,1.28853,125400000,1
1499440800000,1499440859000,1.2885,1.28853,1.28815,1.28818,84600000,1
1499440860000,1499440919000,1.28817,1.28823,1.28813,1.28814,148250000,1
1499440920000,1499440979000,1.28814,1.28832,1.28813,1.28832,104790000,1
1499440980000,1499441039000,1.2883,1.2883,1.28821,1.28823,77900000,1
1499441040000,1499441099000,1.28821,1.28823,1.28816,1.28823,123260000,1
1499441100000,1499441159000,1.28821,1.2883,1.2882,1.28824,82510000,1
1499441160000,1499441219000,1.28824,1.28826,1.28822,1.28823,48260000,1
1499441220000,1499441279000,1.28823,1.28826,1.2882,1.28826,68130000,1
1499441280000,1499441339000,1.28826,1.28831,1.28823,1.28827,82570000,1
1499441340000,1499441399000,1.28827,1.28827,1.28781,1.28783,134670000,1
1499441400000,1499441459000,1.28783,1.28809,1.28783,1.28801,180830000,1
1499441460000,1499441519000,1.28802,1.28803,1.28762,1.28774,202320000,1
1499441520000,1499441579000,1.28771,1.28773,1.28761,1.28763,91520000,1
1499441580000,1499441639000,1.28763,1.28771,1.28762,1.2877,87070000,1
1499441640000,1499441699000,1.2877,1.28772,1.2876,1.28769,59610000,1
1499441700000,1499441759000,1.28769,1.28769,1.28749,1.28753,64520000,1
1499441760000,1499441819000,1.28751,1.28766,1.28751,1.28765,86330000,1
1499441820000,1499441879000,1.28767,1.28783,1.28764,1.28773,83920000,1
1499441880000,1499441939000,1.28773,1.2878,1.2876,1.28761,230880000,1
1499441940000,1499441999000,1.28762,1.28788,1.2876,1.28785,174230000,1
1499442000000,1499442059000,1.28785,1.28801,1.28783,1.288,166550000,1
1499442060000,1499442119000,1.288,1.28804,1.28797,1.28797,142270000,1
1499442120000,1499442179000,1.28798,1.28804,1.28793,1.288,119750000,1
1499442180000,1499442239000,1.28801,1.28802,1.28798,1.28798,97130000,1
1499442240000,1499442299000,1.2879,1.28798,1.28782,1.28797,65870000,1
1499442300000,1499442359000,1.28798,1.28804,1.28797,1.288,61270000,1
1499442360000,1499442419000,1.28802,1.28804,1.28795,1.28798,47410000,1
1499442420000,1499442479000,1.28796,1.28797,1.28783,1.28783,53700000,1
1499442480000,1499442539000,1.28783,1.28791,1.28772,1.28772,80530000,1
1499442540000,1499442599000,1.28772,1.28776,1.28768,1.28771,78590000,1
1499442600000,1499442659000,1.28771,1.28771,1.28758,1.2876,82710000,1
1499442660000,1499442719000,1.2876,1.28763,1.28748,1.28749,115740000,1
1499442720000,1499442779000,1.28747,1.2876,1.28747,1.28755,67950000,1
1499442780000,1499442839000,1.28756,1.28773,1.28754,1.2877,94710000,1
1499442840000,1499442899000,1.2877,1.2879,1.2877,1.28788,72860000,1
1499442900000,1499442959000,1.28788,1.2879,1.28783,1.28786,54050000,1
1499442960000,1499443019000,1.28784,1.28794,1.28784,1.2879,25790000,1
1499443020000,1499443079000,1.28787,1.28787,1.28771,1.28774,59230000,1
1499443080000,1499443139000,1.28774,1.28792,1.28774,1.28788,70820000,1
1499443140000,1499443199000,1.2879,1.28791,1.28785,1.28788,52400000,1
1499443200000,1499443259000,1.2879,1.28814,1.28786,1.28814,55020000,1
1499443260000,1499443319000,1.28816,1.28816,1.28794,1.28811,75220000,1
1499443320000,1499443379000,1.28811,1.28815,1.28803,1.28815,81540000,1
1499443380000,1499443439000,1.28816,1.28824,1.28791,1.28792,101740000,1
1499443440000,1499443499000,1.28793,1.28824,1.28793,1.28824,94130000,1
1499443500000,1499443559000,1.28824,1.28836,1.28817,1.28836,107120000,1
1499443560000,1499443619000,1.28834,1.28834,1.28803,1.28803,110700000,1
1499443620000,1499443679000,1.28803,1.28832,1.288,1.28832,82740000,1
1499443680000,1499443739000,1.28833,1.28836,1.28814,1.28825,102350000,1
1499443740000,1499443799000,1.28825,1.28825,1.28812,1.28816,35480000,1
1499443800000,1499443859000,1.28814,1.28814,1.28803,1.28805,71690000,1
1499443860000,1499443919000,1.28809,1.28827,1.28809,1.28825,61050000,1
1499443920000,1499443979000,1.28827,1.28827,1.28814,1.28814,28740000,1
1499443980000,1499444039000,1.28813,1.28821,1.28808,1.28812,54330000,1
1499444040000,1499444099000,1.28812,1.28813,1.2881,1.28813,55930000,1
1499444100000,1499444159000,1.28813,1.28813,1.28803,1.28803,91150000,1
1499444160000,1499444219000,1.28803,1.28808,1.28802,1.28803,100110000,1
1499444220000,1499444279000,1.28804,1.2882,1.28803,1.28819,66100000,1
1499444280000,1499444339000,1.28819,1.28821,1.28805,1.28805,45020000,1
1499444340000,1499444399000,1.28804,1.28809,1.28803,1.28805,55420000,1
1499444400000,1499444459000,1.28806,1.28816,1.28806,1.28816,24000000,1
1499444460000,1499444519000,1.28814,1.28819,1.28814,1.28818,20500000,1
1499444520000,1499444579000,1.2882,1.28832,1.2882,1.2883,45000000,1
1499444580000,1499444639000,1.28828,1.28837,1.28825,1.28837,56490000,1
1499444640000,1499444699000,1.28839,1.28843,1.28828,1.28828,80110000,1
1499444700000,1499444759000,1.28827,1.28827,1.28811,1.28811,87000000,1
1499444760000,1499444819000,1.28811,1.28833,1.28805,1.28828,48720000,1
1499444820000,1499444879000,1.28828,1.28828,1.28804,1.28807,76190000,1
1499444880000,1499444939000,1.28808,1.28812,1.28807,1.28808,26620000,1
1499444940000,1499444999000,1.28806,1.28813,1.28805,1.28813,48490000,1
1499445000000,1499445059000,1.28813,1.28814,1.28805,1.28807,59110000,1
1499445060000,1499445119000,1.28807,1.28807,1.28803,1.28807,41140000,1
1499445120000,1499445179000,1.28807,1.28807,1.28781,1.28783,72950000,1
1499445180000,1499445239000,1.28784,1.28785,1.28769,1.2877,114720000,1
1499445240000,1499445299000,1.2877,1.28794,1.2877,1.28794,90610000,1
1499445300000,1499445359000,1.28797,1.28808,1.28795,1.28802,62220000,1
1499445360000,1499445419000,1.28804,1.28804,1.28784,1.28784,74710000,1
1499445420000,1499445479000,1.28783,1.28789,1.2878,1.28784,54800000,1
1499445480000,1499445539000,1.28786,1.2879,1.28782,1.28784,69800000,1
1499445540000,1499445599000,1.28785,1.28812,1.28785,1.2881,155080000,1
1499445600000,1499445659000,1.28809,1.28813,1.28804,1.28808,66230000,1
1499445660000,1499445719000,1.28808,1.28813,1.28804,1.28812,94450000,1
1499445720000,1499445779000,1.2881,1.2883,1.28809,1.28825,57220000,1
1499445780000,1499445839000,1.28824,1.28833,1.28823,1.28831,59730000,1
1499445840000,1499445899000,1.2883,1.28832,1.28824,1.2883,40600000,1
1499445900000,1499445959000,1.28831,1.28833,1.28822,1.28824,53710000,1
1499445960000,1499446019000,1.28824,1.28835,1.28824,1.28832,47810000,1
1499446020000,1499446079000,1.28832,1.28842,1.28832,1.28842,60270000,1
1499446080000,1499446139000,1.28847,1.28848,1.28842,1.28847,32460000,1
1499446140000,1499446199000,1.28844,1.28844,1.28841,1.28841,31610000,1
1499446200000,1499446259000,1.28841,1.28847,1.2884,1.2884,49320000,1
1499446260000,1499446319000,1.28838,1.28841,1.28834,1.28838,76180000,1
1499446320000,1499446379000,1.28836,1.28841,1.28833,1.28838,81810000,1
1499446380000,1499446439000,1.28838,1.28839,1.28835,1.28838,30980000,1
1499446440000,1499446499000,1.28838,1.28838,1.28832,1.28834,52380000,1
1499446500000,1499446559000,1.28834,1.2885,1.28834,1.28844,114390000,1
1499446560000,1499446619000,1.28844,1.28851,1.28842,1.28849,56040000,1
1499446620000,1499446679000,1.28851,1.28851,1.28842,1.28846,77760000,1
1499446680000,1499446739000,1.28846,1.28864,1.28844,1.28857,82020000,1
1499446740000,1499446799000,1.28864,1.28868,1.2886,1.28868,59470000,1
1499446800000,1499446859000,1.28865,1.28873,1.2885,1.28873,133910000,1
1499446860000,1499446919000,1.28873,1.2888,1.28861,1.28861,62460000,1
1499446920000,1499446979000,1.28861,1.28862,1.28841,1.28841,88020000,1
1499446980000,1499447039000,1.28842,1.28842,1.28831,1.28831,93820000,1
1499447040000,1499447099000,1.28831,1.28833,1.28823,1.28833,75280000,1
1499447100000,1499447159000,1.28835,1.28848,1.28832,1.28847,32970000,1
1499447160000,1499447219000,1.28847,1.28865,1.28847,1.28864,81560000,1
1499447220000,1499447279000,1.28864,1.28866,1.28858,1.28863,46810000,1
1499447280000,1499447339000,1.28864,1.28864,1.28853,1.28854,31720000,1
1499447340000,1499447399000,1.28854,1.28855,1.28853,1.28854,9740000,1
1499447400000,1499447459000,1.28853,1.28853,1.28833,1.28842,66200000,1
1499447460000,1499447519000,1.2884,1.28844,1.28838,1.28838,52290000,1
1499447520000,1499447579000,1.28838,1.28838,1.28804,1.2881,103990000,1
1499447580000,1499447639000,1.2881,1.28812,1.2879,1.28801,42330000,1
1499447640000,1499447699000,1.28799,1.28802,1.28794,1.28794,43090000,1
1499447700000,1499447759000,1.28793,1.28793,1.28791,1.28791,24740000,1
1499447760000,1499447819000,1.28792,1.28793,1.28779,1.28781,72330000,1
1499447820000,1499447879000,1.28783,1.28801,1.28779,1.28796,89030000,1
1499447880000,1499447939000,1.28797,1.28801,1.28786,1.28801,110190000,1
1499447940000,1499447999000,1.288,1.28811,1.28796,1.28811,87910000,1
1499448000000,1499448059000,1.28811,1.28845,1.28811,1.28844,84870000,1
1499448060000,1499448119000,1.28844,1.28845,1.2884,1.28842,34660000,1
1499448120000,1499448179000,1.28843,1.28847,1.2884,1.28843,44920000,1
1499448180000,1499448239000,1.28845,1.28846,1.28842,1.28842,35980000,1
1499448240000,1499448299000,1.28844,1.28846,1.28844,1.28846,15810000,1
1499448300000,1499448359000,1.28845,1.28845,1.28842,1.28844,17500000,1
1499448360000,1499448419000,1.28844,1.28845,1.28844,1.28844,19050000,1
1499448420000,1499448479000,1.28844,1.28847,1.28834,1.28836,73450000,1
1499448480000,1499448539000,1.28834,1.28836,1.28818,1.28822,52920000,1
1499448540000,1499448599000,1.28822,1.2883,1.2882,1.2883,70030000,1
1499448600000,1499448659000,1.28831,1.28842,1.28831,1.28842,84550000,1
1499448660000,1499448719000,1.28842,1.28843,1.28834,1.28835,67280000,1
1499448720000,1499448779000,1.28833,1.28834,1.28826,1.28834,27290000,1
1499448780000,1499448839000,1.28835,1.28844,1.28829,1.2884,47530000,1
1499448840000,1499448899000,1.2884,1.28853,1.28833,1.28853,60940000,1
1499448900000,1499448959000,1.28854,1.28854,1.28846,1.28846,42730000,1
1499448960000,1499449019000,1.28845,1.28855,1.28845,1.28854,30230000,1
1499449020000,1499449079000,1.28854,1.28854,1.28844,1.28845,31610000,1
1499449080000,1499449139000,1.28845,1.28848,1.28844,1.28848,29470000,1
1499449140000,1499449199000,1.28847,1.28855,1.28846,1.28846,66680000,1
1499449200000,1499449259000,1.28845,1.28846,1.28844,1.28845,40450000,1
1499449260000,1499449319000,1.28845,1.28853,1.28845,1.28845,94800000,1
1499449320000,1499449379000,1.28845,1.28846,1.28841,1.28843,38960000,1
1499449380000,1499449439000,1.28843,1.28849,1.28843,1.28846,42310000,1
1499449440000,1499449499000,1.28846,1.28851,1.28843,1.28845,85790000,1
1499449500000,1499449559000,1.28845,1.28845,1.28804,1.28808,76150000,1
1499449560000,1499449619000,1.28808,1.28809,1.28753,1.28756,136320000,1
1499449620000,1499449679000,1.28756,1.28756,1.28724,1.28737,98810000,1
1499449680000,1499449739000,1.28738,1.28746,1.28737,1.28744,55760000,1
1499449740000,1499449799000,1.28745,1.28748,1.28733,1.2874,76730000,1
1499449800000,1499449859000,1.28741,1.28746,1.28741,1.28746,36190000,1
1499449860000,1499449919000,1.28746,1.28755,1.28739,1.28755,41330000,1
1499449920000,1499449979000,1.28755,1.28764,1.28755,1.28758,29200000,1
1499449980000,1499450039000,1.28758,1.28765,1.28756,1.28763,31880000,1
1499450040000,1499450099000,1.28763,1.28766,1.28763,1.28766,25690000,1
1499450100000,1499450159000,1.28766,1.28766,1.28757,1.28758,46380000,1
1499450160000,1499450219000,1.28759,1.28768,1.28757,1.28767,35070000,1
1499450220000,1499450279000,1.28768,1.28768,1.28765,1.28766,22760000,1
1499450280000,1499450339000,1.28767,1.28795,1.28766,1.28795,49380000,1
1499450340000,1499450399000,1.28793,1.28806,1.28791,1.28805,20970000,1
1499450400000,1499450459000,1.28805,1.28811,1.28797,1.28804,48830000,1
1499450460000,1499450519000,1.28803,1.28807,1.288,1.28806,49810000,1
1499450520000,1499450579000,1.28808,1.28825,1.28805,1.28814,87530000,1
1499450580000,1499450639000,1.28814,1.28815,1.28813,1.28814,48970000,1
1499450640000,1499450699000,1.28814,1.28817,1.28812,1.28814,49010000,1
1499450700000,1499450759000,1.28813,1.28813,1.28812,1.28813,49850000,1
1499450760000,1499450819000,1.28813,1.28823,1.28813,1.28813,35470000,1
1499450820000,1499450879000,1.28814,1.28815,1.28813,1.28814,49270000,1
1499450880000,1499450939000,1.28813,1.28813,1.28793,1.28796,114300000,1
1499450940000,1499450999000,1.28795,1.28799,1.28781,1.28783,94540000,1
1499451000000,1499451059000,1.28783,1.28802,1.28783,1.28802,160870000,1
1499451060000,1499451119000,1.28803,1.28811,1.28803,1.28803,111820000,1
1499451120000,1499451179000,1.28803,1.28808,1.28802,1.28803,69610000,1
1499451180000,1499451239000,1.28804,1.28806,1.28802,1.28805,87350000,1
1499451240000,1499451299000,1.28805,1.28813,1.28803,1.28812,72860000,1
1499451300000,1499451359000,1.28813,1.28835,1.28811,1.28812,90580000,1
1499451360000,1499451419000,1.28812,1.28812,1.2881,1.2881,22860000,1
1499451420000,1499451479000,1.28811,1.28811,1.28797,1.28807,39590000,1
1499451480000,1499451539000,1.28804,1.28808,1.28803,1.28803,26750000,1
1499451540000,1499451599000,1.28803,1.28804,1.28803,1.28803,28120000,1
1499451600000,1499451659000,1.28804,1.28804,1.28803,1.28803,30000000,1
1499451660000,1499451719000,1.28803,1.28804,1.28803,1.28804,24250000,1
1499451720000,1499451779000,1.28803,1.28803,1.288,1.28801,47600000,1
1499451780000,1499451839000,1.28801,1.28812,1.28801,1.28812,53780000,1
1499451840000,1499451899000,1.28812,1.28826,1.28812,1.28819,46380000,1
1499451900000,1499451959000,1.28818,1.28818,1.28802,1.28809,64630000,1
1499451960000,1499452019000,1.2881,1.28813,1.2881,1.28813,9250000,1
1499452020000,1499452079000,1.28813,1.28825,1.28813,1.28824,17000000,1
1499452080000,1499452139000,1.28824,1.28824,1.28807,1.28807,52590000,1
1499452140000,1499452199000,1.28807,1.28809,1.288,1.28801,69680000,1
1499452200000,1499452259000,1.28803,1.28809,1.28803,1.28805,64040000,1
1499452260000,1499452319000,1.28807,1.2881,1.28803,1.28805,38340000,1
1499452320000,1499452379000,1.28805,1.28812,1.28804,1.2881,31590000,1
1499452380000,1499452439000,1.28811,1.28813,1.2881,1.28813,40860000,1
1499452440000,1499452499000,1.28813,1.28813,1.28811,1.28813,14230000,1
1499452500000,1499452559000,1.28813,1.28823,1.28813,1.28822,27370000,1
1499452560000,1499452619000,1.28822,1.28823,1.28819,1.28819,27370000,1
1499452620000,1499452679000,1.28818,1.28822,1.28816,1.2882,25370000,1
1499452680000,1499452739000,1.2882,1.28821,1.2882,1.28821,28490000,1
1499452740000,1499452799000,1.28821,1.28822,1.28821,1.28821,35050000,1
1499452800000,1499452859000,1.28821,1.28822,1.2881,1.2881,43710000,1
1499452860000,1499452919000,1.28811,1.28811,1.2881,1.28811,25430000,1
1499452920000,1499452979000,1.28811,1.28819,1.28799,1.28799,86710000,1
1499452980000,1499453039000,1.288,1.288,1.28798,1.288,26100000,1
1499453040000,1499453099000,1.28799,1.28802,1.28799,1.28801,38420000,1
1499453100000,1499453159000,1.28801,1.28801,1.288,1.288,22290000,1
1499453160000,1499453219000,1.288,1.28801,1.288,1.28801,35880000,1
1499453220000,1499453279000,1.288,1.28801,1.288,1.28801,27540000,1
1499453280000,1499453339000,1.28802,1.28802,1.288,1.288,18000000,1
1499453340000,1499453399000,1.288,1.28801,1.28789,1.2879,45360000,1
1499453400000,1499453459000,1.28788,1.28788,1.28781,1.28782,50600000,1
1499453460000,1499453519000,1.28783,1.28783,1.28782,1.28782,49180000,1
1499453520000,1499453579000,1.28783,1.28791,1.28782,1.28791,54290000,1
1499453580000,1499453639000,1.28791,1.28793,1.28784,1.28791,45150000,1
1499453640000,1499453699000,1.2879,1.28794,1.2879,1.28792,62900000,1
1499453700000,1499453759000,1.28793,1.28795,1.28792,1.28795,21870000,1
1499453760000,1499453819000,1.28795,1.28803,1.28795,1.28803,37830000,1
1499453820000,1499453879000,1.28803,1.28823,1.28798,1.2882,122460000,1
1499453880000,1499453939000,1.2883,1.28838,1.28819,1.28819,137980000,1
1499453940000,1499453999000,1.28819,1.28825,1.2881,1.28822,169800000,1
1499454000000,1499454059000,1.28822,1.28851,1.28818,1.28842,154970000,1
1499454060000,1499454119000,1.28848,1.2885,1.28841,1.28844,124830000,1
1499454120000,1499454179000,1.28847,1.28863,1.28841,1.28862,92250000,1
1499454180000,1499454239000,1.28862,1.28865,1.28841,1.28841,88970000,1
1499454240000,1499454299000,1.28841,1.28852,1.2884,1.28851,79210000,1
1499454300000,1499454359000,1.28851,1.28852,1.28851,1.28852,45740000,1
1499454360000,1499454419000,1.28852,1.28862,1.28852,1.28862,38600000,1
1499454420000,1499454479000,1.28869,1.2887,1.28862,1.28866,85820000,1
1499454480000,1499454539000,1.2887,1.28873,1.28864,1.28872,59130000,1
1499454540000,1499454599000,1.28872,1.28882,1.28871,1.28882,48050000,1
1499454600000,1499454659000,1.28882,1.28891,1.28882,1.2889,46290000,1
1499454660000,1499454719000,1.2889,1.28899,1.2889,1.28893,52040000,1
1499454720000,1499454779000,1.28893,1.28898,1.28892,1.28898,31960000,1
1499454780000,1499454839000,1.28899,1.28903,1.28899,1.28901,77780000,1
1499454840000,1499454899000,1.28901,1.28901,1.28893,1.28901,46850000,1
1499454900000,1499454959000,1.289,1.289,1.28878,1.28881,75970000,1
1499454960000,1499455019000,1.28882,1.28893,1.2888,1.28891,87230000,1
1499455020000,1499455079000,1.28891,1.28902,1.28891,1.289,95230000,1
1499455080000,1499455139000,1.289,1.28926,1.289,1.2891,69160000,1
1499455140000,1499455199000,1.2891,1.28911,1.28903,1.28911,48470000,1
1499455200000,1499455259000,1.2891,1.28913,1.2891,1.28913,22600000,1
1499455260000,1499455319000,1.28913,1.28921,1.28912,1.28916,81830000,1
1499455320000,1499455379000,1.28916,1.2892,1.28913,1.2892,102600000,1
1499455380000,1499455439000,1.28919,1.28925,1.28913,1.28925,81320000,1
1499455440000,1499455499000,1.28927,1.28928,1.28923,1.28923,58050000,1
1499455500000,1499455559000,1.28923,1.28925,1.28922,1.28924,60540000,1
1499455560000,1499455619000,1.28923,1.28925,1.28922,1.28923,42600000,1
1499455620000,1499455679000,1.28923,1.28926,1.28923,1.28926,43360000,1
1499455680000,1499455739000,1.28926,1.28926,1.2892,1.28922,56430000,1
1499455740000,1499455799000,1.28923,1.28924,1.28919,1.2892,37480000,1
1499455800000,1499455859000,1.2892,1.28924,1.28917,1.28922,63920000,1
1499455860000,1499455919000,1.28922,1.28924,1.28922,1.28923,28600000,1
1499455920000,1499455979000,1.28923,1.2893,1.2892,1.2892,51600000,1
1499455980000,1499456039000,1.2892,1.2892,1.28915,1.28915,54070000,1
1499456040000,1499456099000,1.28916,1.28919,1.28916,1.28919,28220000,1
1499456100000,1499456159000,1.28919,1.28921,1.28919,1.2892,35160000,1
1499456160000,1499456219000,1.28919,1.28931,1.28915,1.28922,90540000,1
1499456220000,1499456279000,1.28926,1.28932,1.28926,1.28931,58160000,1
1499456280000,1499456339000,1.2893,1.2893,1.28922,1.28926,42560000,1
1499456340000,1499456399000,1.28925,1.28926,1.28922,1.28923,32250000,1
1499456400000,1499456459000,1.28923,1.28923,1.289,1.289,58360000,1
1499456460000,1499456519000,1.289,1.28901,1.2889,1.28899,55200000,1
1499456520000,1499456579000,1.289,1.28903,1.28892,1.28894,67780000,1
1499456580000,1499456639000,1.28894,1.28899,1.2889,1.28896,75310000,1
1499456640000,1499456699000,1.28896,1.28902,1.28893,1.28902,36570000,1
1499456700000,1499456759000,1.289,1.28903,1.28893,1.28893,32910000,1
1499456760000,1499456819000,1.28893,1.28893,1.28893,1.28893,0,1
1499456820000,1499456879000,1.28892,1.28892,1.28887,1.28891,32530000,1
1499456880000,1499456939000,1.28891,1.28891,1.28879,1.28883,63130000,1
1499456940000,1499456999000,1.28883,1.28897,1.28883,1.28884,72160000,1
1499457000000,1499457059000,1.28884,1.28884,1.28882,1.28883,41340000,1
1499457060000,1499457119000,1.28883,1.28883,1.28873,1.28874,74900000,1
1499457120000,1499457179000,1.28873,1.28882,1.28872,1.28882,42890000,1
1499457180000,1499457239000,1.28882,1.28885,1.28879,1.28884,87530000,1
1499457240000,1499457299000,1.28884,1.28899,1.28884,1.28893,56460000,1
1499457300000,1499457359000,1.28893,1.28902,1.28879,1.28895,93790000,1
1499457360000,1499457419000,1.28897,1.28906,1.28883,1.28885,92360000,1
1499457420000,1499457479000,1.28886,1.28887,1.28871,1.28871,123150000,1
1499457480000,1499457539000,1.28872,1.28884,1.28871,1.28883,129190000,1
1499457540000,1499457599000,1.28883,1.28883,1.28874,1.2888,142260000,1
1499457600000,1499457659000,1.2888,1.2888,1.28841,1.28841,101830000,1
1499457660000,1499457719000,1.28841,1.28842,1.28836,1.28837,31220000,1
1499457720000,1499457779000,1.28839,1.28845,1.28839,1.2884,44950000,1
1499457780000,1499457839000,1.28843,1.28855,1.28843,1.28853,31470000,1
1499457840000,1499457899000,1.28853,1.28862,1.28853,1.28859,20620000,1
1499457900000,1499457959000,1.28856,1.28869,1.28856,1.28861,33780000,1
1499457960000,1499458019000,1.28861,1.28861,1.2885,1.28853,61930000,1
1499458020000,1499458079000,1.28853,1.28858,1.28853,1.28857,29250000,1
1499458080000,1499458139000,1.28858,1.28858,1.28846,1.28847,37740000,1
1499458140000,1499458199000,1.28842,1.28842,1.28832,1.28832,32170000,1
1499458200000,1499458259000,1.28833,1.28833,1.28833,1.28833,23540000,1
1499458260000,1499458319000,1.28833,1.28833,1.28832,1.28833,14790000,1
1499458320000,1499458379000,1.28832,1.28833,1.28832,1.28832,9180000,1
1499458380000,1499458439000,1.28833,1.28833,1.28822,1.28829,71740000,1
1499458440000,1499458499000,1.28829,1.28829,1.28824,1.28825,73420000,1
1499458500000,1499458559000,1.28828,1.28831,1.28817,1.28821,51290000,1
1499458560000,1499458619000,1.28821,1.28821,1.28809,1.28809,47440000,1
1499458620000,1499458679000,1.28809,1.2882,1.28809,1.28818,57920000,1
1499458680000,1499458739000,1.28818,1.28819,1.28811,1.28812,47470000,1
1499458740000,1499458799000,1.28811,1.28815,1.28811,1.28815,54840000,1
1499458800000,1499458859000,1.28813,1.28813,1.28812,1.28812,22930000,1
1499458860000,1499458919000,1.28811,1.28813,1.28811,1.28813,53310000,1
1499458920000,1499458979000,1.28814,1.28814,1.28812,1.28812,52790000,1
1499458980000,1499459039000,1.28812,1.28826,1.28812,1.28822,46800000,1
1499459040000,1499459099000,1.28823,1.28829,1.28823,1.28829,30780000,1
1499459100000,1499459159000,1.28829,1.28833,1.28829,1.28832,16730000,1
1499459160000,1499459219000,1.28832,1.28835,1.28832,1.28833,23070000,1
1499459220000,1499459279000,1.28833,1.28833,1.28832,1.28832,19640000,1
1499459280000,1499459339000,1.28833,1.28834,1.28831,1.28831,19120000,1
1499459340000,1499459399000,1.28831,1.28834,1.2882,1.2883,97950000,1
1499459400000,1499459459000,1.2883,1.28833,1.28816,1.28822,115510000,1
1499459460000,1499459519000,1.28821,1.28833,1.28821,1.28829,71490000,1
1499459520000,1499459579000,1.2883,1.28835,1.28825,1.28832,88810000,1
1499459580000,1499459639000,1.28832,1.28834,1.28822,1.28823,69140000,1
1499459640000,1499459699000,1.28823,1.28829,1.28821,1.28829,31920000,1
1499459700000,1499459759000,1.28827,1.28832,1.28827,1.28831,53710000,1
1499459760000,1499459819000,1.28831,1.28836,1.28831,1.28833,69410000,1
1499459820000,1499459879000,1.28832,1.28834,1.28832,1.28833,26270000,1
1499459880000,1499459939000,1.28832,1.28834,1.2882,1.28825,74140000,1
1499459940000,1499459999000,1.28824,1.28825,1.28819,1.2882,62530000,1
1499460000000,1499460059000,1.28821,1.28825,1.28815,1.28823,72890000,1
1499460060000,1499460119000,1.28823,1.28823,1.2882,1.28823,28620000,1
1499460120000,1499460179000,1.28822,1.28822,1.28816,1.28817,72290000,1
1499460180000,1499460239000,1.28816,1.28817,1.28809,1.28809,80380000,1
1499460240000,1499460299000,1.28809,1.28809,1.28799,1.28802,92300000,1
1499460300000,1499460359000,1.28807,1.28808,1.28801,1.28801,69980000,1
1499460360000,1499460419000,1.28803,1.28809,1.28798,1.28803,91310000,1
1499460420000,1499460479000,1.28802,1.2881,1.28802,1.28807,57990000,1
1499460480000,1499460539000,1.28805,1.28807,1.28804,1.28806,114660000,1
1499460540000,1499460599000,1.28806,1.28807,1.28804,1.28805,54670000,1
1499460600000,1499460659000,1.28806,1.28807,1.28799,1.28802,47820000,1
1499460660000,1499460719000,1.28802,1.28811,1.28801,1.2881,32500000,1
1499460720000,1499460779000,1.2881,1.2881,1.28797,1.28797,24950000,1
1499460780000,1499460839000,1.28797,1.28798,1.28796,1.28796,33200000,1
1499460840000,1499460899000,1.28796,1.28803,1.28774,1.28776,125800000,1
1499460900000,1499460959000,1.28774,1.28849,1.28774,1.28836,86670000,1
1499460960000,1499461019000,1.2884,1.28868,1.28836,1.28868,88850000,1
1499461020000,1499461079000,1.28868,1.28883,1.28841,1.28862,116500000,1
1499461080000,1499461139000,1.28863,1.28863,1.28819,1.28824,86000000,1
1499461140000,1499461199000,1.28812,1.28864,1.28797,1.28864,39610000,1
1499461200000,1499461259000,1.28864,1.28864,1.28864,1.28864,0,1
1499461260000,1499461319000,1.28864,1.28864,1.28864,1.28864,0,1
1499461320000,1499461379000,1.28864,1.28864,1.28864,1.28864,0,1
1499461380000,1499461439000,1.28864,1.28864,1.28864,1.28864,0,1
1499461440000,1499461499000,1.28864,1.28864,1.28864,1.28864,0,1
1499461500000,1499461559000,1.28864,1.28864,1.28864,1.28864,0,1
1499461560000,1499461619000,1.28864,1.28864,1.28864,1.28864,0,1
1499461620000,1499461679000,1.28864,1.28864,1.28864,1.28864,0,1
1499461680000,1499461739000,1.28864,1.28864,1.28864,1.28864,0,1
1499461740000,1499461799000,1.28864,1.28864,1.28864,1.28864,0,1
1499461800000,1499461859000,1.28864,1.28864,1.28864,1.28864,0,1
1499461860000,1499461919000,1.28864,1.28864,1.28864,1.28864,0,1
1499461920000,1499461979000,1.28864,1.28864,1.28864,1.28864,0,1
1499461980000,1499462039000,1.28864,1.28864,1.28864,1.28864,0,1
1499462040000,1499462099000,1.28864,1.28864,1.28864,1.28864,0,1
1499462100000,1499462159000,1.28864,1.28864,1.28864,1.28864,0,1
1499462160000,1499462219000,1.28864,1.28864,1.28864,1.28864,0,1
1499462220000,1499462279000,1.28864,1.28864,1.28864,1.28864,0,1
1499462280000,1499462339000,1.28864,1.28864,1.28864,1.28864,0,1
1499462340000,1499462399000,1.28864,1.28864,1.28864,1.28864,0,1
1499462400000,1499462459000,1.28864,1.28864,1.28864,1.28864,0,1
1499462460000,1499462519000,1.28864,1.28864,1.28864,1.28864,0,1
1499462520000,1499462579000,1.28864,1.28864,1.28864,1.28864,0,1
1499462580000,1499462639000,1.28864,1.28864,1.28864,1.28864,0,1
1499462640000,1499462699000,1.28864,1.28864,1.28864,1.28864,0,1
1499462700000,1499462759000,1.28864,1.28864,1.28864,1.28864,0,1
1499462760000,1499462819000,1.28864,1.28864,1.28864,1.28864,0,1
1499462820000,1499462879000,1.28864,1.28864,1.28864,1.28864,0,1
1499462880000,1499462939000,1.28864,1.28864,1.28864,1.28864,0,1
1499462940000,1499462999000,1.28864,1.28864,1.28864,1.28864,0,1
1499463000000,1499463059000,1.28864,1.28864,1.28864,1.28864,0,1
1499463060000,1499463119000,1.28864,1.28864,1.28864,1.28864,0,1
1499463120000,1499463179000,1.28864,1.28864,1.28864,1.28864,0,1
1499463180000,1499463239000,1.28864,1.28864,1.28864,1.28864,0,1
1499463240000,1499463299000,1.28864,1.28864,1.28864,1.28864,0,1
1499463300000,1499463359000,1.28864,1.28864,1.28864,1.28864,0,1
1499463360000,1499463419000,1.28864,1.28864,1.28864,1.28864,0,1
1499463420000,1499463479000,1.28864,1.28864,1.28864,1.28864,0,1
1499463480000,1499463539000,1.28864,1.28864,1.28864,1.28864,0,1
1499463540000,1499463599000,1.28864,1.28864,1.28864,1.28864,0,1
1499463600000,1499463659000,1.28864,1.28864,1.28864,1.28864,0,1
1499463660000,1499463719000,1.28864,1.28864,1.28864,1.28864,0,1
1499463720000,1499463779000,1.28864,1.28864,1.28864,1.28864,0,1
1499463780000,1499463839000,1.28864,1.28864,1.28864,1.28864,0,1
1499463840000,1499463899000,1.28864,1.28864,1.28864,1.28864,0,1
1499463900000,1499463959000,1.28864,1.28864,1.28864,1.28864,0,1
1499463960000,1499464019000,1.28864,1.28864,1.28864,1.28864,0,1
1499464020000,1499464079000,1.28864,1.28864,1.28864,1.28864,0,1
1499464080000,1499464139000,1.28864,1.28864,1.28864,1.28864,0,1
1499464140000,1499464199000,1.28864,1.28864,1.28864,1.28864,0,1
1499464200000,1499464259000,1.28864,1.28864,1.28864,1.28864,0,1
1499464260000,1499464319000,1.28864,1.28864,1.28864,1.28864,0,1
1499464320000,1499464379000,1.28864,1.28864,1.28864,1.28864,0,1
1499464380000,1499464439000,1.28864,1.28864,1.28864,1.28864,0,1
1499464440000,1499464499000,1.28864,1.28864,1.28864,1.28864,0,1
1499464500000,1499464559000,1.28864,1.28864,1.28864,1.28864,0,1
1499464560000,1499464619000,1.28864,1.28864,1.28864,1.28864,0,1
1499464620000,1499464679000,1.28864,1.28864,1.28864,1.28864,0,1
1499464680000,1499464739000,1.28864,1.28864,1.28864,1.28864,0,1
1499464740000,1499464799000,1.28864,1.28864,1.28864,1.28864,0,1
1499464800000,1499464859000,1.28864,1.28864,1.28864,1.28864,0,1
1499464860000,1499464919000,1.28864,1.28864,1.28864,1.28864,0,1
1499464920000,1499464979000,1.28864,1.28864,1.28864,1.28864,0,1
1499464980000,1499465039000,1.28864,1.28864,1.28864,1.28864,0,1
1499465040000,1499465099000,1.28864,1.28864,1.28864,1.28864,0,1
1499465100000,1499465159000,1.28864,1.28864,1.28864,1.28864,0,1
1499465160000,1499465219000,1.28864,1.28864,1.28864,1.28864,0,1
1499465220000,1499465279000,1.28864,1.28864,1.28864,1.28864,0,1
1499465280000,1499465339000,1.28864,1.28864,1.28864,1.28864,0,1
1499465340000,1499465399000,1.28864,1.28864,1.28864,1.28864,0,1
1499465400000,1499465459000,1.28864,1.28864,1.28864,1.28864,0,1
1499465460000,1499465519000,1.28864,1.28864,1.28864,1.28864,0,1
1499465520000,1499465579000,1.28864,1.28864,1.28864,1.28864,0,1
1499465580000,1499465639000,1.28864,1.28864,1.28864,1.28864,0,1
1499465640000,1499465699000,1.28864,1.28864,1.28864,1.28864,0,1
1499465700000,1499465759000,1.28864,1.28864,1.28864,1.28864,0,1
1499465760000,1499465819000,1.28864,1.28864,1.28864,1.28864,0,1
1499465820000,1499465879000,1.28864,1.28864,1.28864,1.28864,0,1
1499465880000,1499465939000,1.28864,1.28864,1.28864,1.28864,0,1
1499465940000,1499465999000,1.28864,1.28864,1.28864,1.28864,0,1
1499466000000,1499466059000,1.28864,1.28864,1.28864,1.28864,0,1
1499466060000,1499466119000,1.28864,1.28864,1.28864,1.28864,0,1
1499466120000,1499466179000,1.28864,1.28864,1.28864,1.28864,0,1
1499466180000,1499466239000,1.28864,1.28864,1.28864,1.28864,0,1
1499466240000,1499466299000,1.28864,1.28864,1.28864,1.28864,0,1
1499466300000,1499466359000,1.28864,1.28864,1.28864,1.28864,0,1
1499466360000,1499466419000,1.28864,1.28864,1.28864,1.28864,0,1
1499466420000,1499466479000,1.28864,1.28864,1.28864,1.28864,0,1
1499466480000,1499466539000,1.28864,1.28864,1.28864,1.28864,0,1
1499466540000,1499466599000,1.28864,1.28864,1.28864,1.28864,0,1
1499466600000,1499466659000,1.28864,1.28864,1.28864,1.28864,0,1
1499466660000,1499466719000,1.28864,1.28864,1.28864,1.28864,0,1
1499466720000,1499466779000,1.28864,1.28864,1.28864,1.28864,0,1
1499466780000,1499466839000,1.28864,1.28864,1.28864,1.28864,0,1
1499466840000,1499466899000,1.28864,1.28864,1.28864,1.28864,0,1
1499466900000,1499466959000,1.28864,1.28864,1.28864,1.28864,0,1
1499466960000,1499467019000,1.28864,1.28864,1.28864,1.28864,0,1
1499467020000,1499467079000,1.28864,1.28864,1.28864,1.28864,0,1
1499467080000,1499467139000,1.28864,1.28864,1.28864,1.28864,0,1
1499467140000,1499467199000,1.28864,1.28864,1.28864,1.28864,0,1
1499467200000,1499467259000,1.28864,1.28864,1.28864,1.28864,0,1
1499467260000,1499467319000,1.28864,1.28864,1.28864,1.28864,0,1
1499467320000,1499467379000,1.28864,1.28864,1.28864,1.28864,0,1
1499467380000,1499467439000,1.28864,1.28864,1.28864,1.28864,0,1
1499467440000,1499467499000,1.28864,1.28864,1.28864,1.28864,0,1
1499467500000,1499467559000,1.28864,1.28864,1.28864,1.28864,0,1
1499467560000,1499467619000,1.28864,1.28864,1.28864,1.28864,0,1
1499467620000,1499467679000,1.28864,1.28864,1.28864,1.28864,0,1
1499467680000,1499467739000,1.28864,1.28864,1.28864,1.28864,0,1
1499467740000,1499467799000,1.28864,1.28864,1.28864,1.28864,0,1
1499467800000,1499467859000,1.28864,1.28864,1.28864,1.28864,0,1
1499467860000,1499467919000,1.28864,1.28864,1.28864,1.28864,0,1
1499467920000,1499467979000,1.28864,1.28864,1.28864,1.28864,0,1
1499467980000,1499468039000,1.28864,1.28864,1.28864,1.28864,0,1
1499468040000,1499468099000,1.28864,1.28864,1.28864,1.28864,0,1
1499468100000,1499468159000,1.28864,1.28864,1.28864,1.28864,0,1
1499468160000,1499468219000,1.28864,1.28864,1.28864,1.28864,0,1
1499468220000,1499468279000,1.28864,1.28864,1.28864,1.28864,0,1
1499468280000,1499468339000,1.28864,1.28864,1.28864,1.28864,0,1
1499468340000,1499468399000,1.28864,1.28864,1.28864,1.28864,0,1
1499468400000,1499468459000,1.28864,1.28864,1.28864,1.28864,0,1
1499468460000,1499468519000,1.28864,1.28864,1.28864,1.28864,0,1
1499468520000,1499468579000,1.28864,1.28864,1.28864,1.28864,0,1
1499468580000,1499468639000,1.28864,1.28864,1.28864,1.28864,0,1
1499468640000,1499468699000,1.28864,1.28864,1.28864,1.28864,0,1
1499468700000,1499468759000,1.28864,1.28864,1.28864,1.28864,0,1
1499468760000,1499468819000,1.28864,1.28864,1.28864,1.28864,0,1
1499468820000,1499468879000,1.28864,1.28864,1.28864,1.28864,0,1
1499468880000,1499468939000,1.28864,1.28864,1.28864,1.28864,0,1
1499468940000,1499468999000,1.28864,1.28864,1.28864,1.28864,0,1
1499469000000,1499469059000,1.28864,1.28864,1.28864,1.28864,0,1
1499469060000,1499469119000,1.28864,1.28864,1.28864,1.28864,0,1
1499469120000,1499469179000,1.28864,1.28864,1.28864,1.28864,0,1
1499469180000,1499469239000,1.28864,1.28864,1.28864,1.28864,0,1
1499469240000,1499469299000,1.28864,1.28864,1.28864,1.28864,0,1
1499469300000,1499469359000,1.28864,1.28864,1.28864,1.28864,0,1
1499469360000,1499469419000,1.28864,1.28864,1.28864,1.28864,0,1
1499469420000,1499469479000,1.28864,1.28864,1.28864,1.28864,0,1
1499469480000,1499469539000,1.28864,1.28864,1.28864,1.28864,0,1
1499469540000,1499469599000,1.28864,1.28864,1.28864,1.28864,0,1
1499469600000,1499469659000,1.28864,1.28864,1.28864,1.28864,0,1
1499469660000,1499469719000,1.28864,1.28864,1.28864,1.28864,0,1
1499469720000,1499469779000,1.28864,1.28864,1.28864,1.28864,0,1
1499469780000,1499469839000,1.28864,1.28864,1.28864,1.28864,0,1
1499469840000,1499469899000,1.28864,1.28864,1.28864,1.28864,0,1
1499469900000,1499469959000,1.28864,1.28864,1.28864,1.28864,0,1
1499469960000,1499470019000,1.28864,1.28864,1.28864,1.28864,0,1
1499470020000,1499470079000,1.28864,1.28864,1.28864,1.28864,0,1
1499470080000,1499470139000,1.28864,1.28864,1.28864,1.28864,0,1
1499470140000,1499470199000,1.28864,1.28864,1.28864,1.28864,0,1
1499470200000,1499470259000,1.28864,1.28864,1.28864,1.28864,0,1
1499470260000,1499470319000,1.28864,1.28864,1.28864,1.28864,0,1
1499470320000,1499470379000,1.28864,1.28864,1.28864,1.28864,0,1
1499470380000,1499470439000,1.28864,1.28864,1.28864,1.28864,0,1
1499470440000,1499470499000,1.28864,1.28864,1.28864,1.28864,0,1
1499470500000,1499470559000,1.28864,1.28864,1.28864,1.28864,0,1
1499470560000,1499470619000,1.28864,1.28864,1.28864,1.28864,0,1
1499470620000,1499470679000,1.28864,1.28864,1.28864,1.28864,0,1
1499470680000,1499470739000,1.28864,1.28864,1.28864,1.28864,0,1
1499470740000,1499470799000,1.28864,1.28864,1.28864,1.28864,0,1
1499470800000,1499470859000,1.28864,1.28864,1.28864,1.28864,0,1
1499470860000,1499470919000,1.28864,1.28864,1.28864,1.28864,0,1
1499470920000,1499470979000,1.28864,1.28864,1.28864,1.28864,0,1
1499470980000,1499471039000,1.28864,1.28864,1.28864,1.28864,0,1
1499471040000,1499471099000,1.28864,1.28864,1.28864,1.28864,0,1
1499471100000,1499471159000,1.28864,1.28864,1.28864,1.28864,0,1
1499471160000,1499471219000,1.28864,1.28864,1.28864,1.28864,0,1
1499471220000,1499471279000,1.28864,1.28864,1.28864,1.28864,0,1
1499471280000,1499471339000,1.28864,1.28864,1.28864,1.28864,0,1
1499471340000,1499471399000,1.28864,1.28864,1.28864,1.28864,0,1
1499471400000,1499471459000,1.28864,1.28864,1.28864,1.28864,0,1
1499471460000,1499471519000,1.28864,1.28864,1.28864,1.28864,0,1
1499471520000,1499471579000,1.28864,1.28864,1.28864,1.28864,0,1
1499471580000,1499471639000,1.28864,1.28864,1.28864,1.28864,0,1
1499471640000,1499471699000,1.28864,1.28864,1.28864,1.28864,0,1
1499471700000,1499471759000,1.28864,1.28864,1.28864,1.28864,0,1
1499471760000,1499471819000,1.28864,1.28864,1.28864,1.28864,0,1
1499471820000,1499471879000,1.28864,1.28864,1.28864,1.28864,0,1
1499471880000,1499471939000,1.28864,1.28864,1.28864,1.28864,0,1
1499471940000,1499471999000,1.28864,1.28864,1.28864,1.28864,0,1
1499634000000,1499634059000,1.28767,1.28767,1.28744,1.28745,3340000,1
1499634060000,1499634119000,1.28745,1.28745,1.28744,1.28744,2230000,1
1499634120000,1499634179000,1.28744,1.28745,1.28744,1.28744,1860000,1
1499634180000,1499634239000,1.28745,1.28761,1.28745,1.28759,13870000,1
1499634240000,1499634299000,1.28761,1.28761,1.28758,1.28758,13330000,1
1499634300000,1499634359000,1.28759,1.28762,1.28759,1.28759,10140000,1
1499634420000,1499634479000,1.28748,1.28748,1.28745,1.28745,4430000,1
1499634480000,1499634539000,1.28761,1.28761,1.28761,1.28761,1730000,1
1499634540000,1499634599000,1.2876,1.28762,1.28759,1.28759,6870000,1
1499634600000,1499634659000,1.28762,1.28762,1.28761,1.28761,3440000,1
1499634720000,1499634779000,1.28754,1.28754,1.28754,1.28754,1250000,1
1499634780000,1499634839000,1.28751,1.28769,1.28751,1.28769,2950000,1
1499634840000,1499634899000,1.28751,1.28769,1.28751,1.28763,2990000,1
1499634900000,1499634959000,1.28835,1.28861,1.28835,1.28861,165850000,1
1499634960000,1499635019000,1.28861,1.28865,1.28861,1.28861,39780000,1
1499635020000,1499635079000,1.28864,1.28864,1.28848,1.28848,8630000,1
1499635080000,1499635139000,1.28848,1.28849,1.28848,1.28849,4430000,1
1499635140000,1499635199000,1.28849,1.28849,1.28847,1.28848,16070000,1
1499635200000,1499635259000,1.28856,1.28856,1.28841,1.28846,19480000,1
1499635260000,1499635319000,1.28848,1.28848,1.28848,1.28848,13350000,1
1499635320000,1499635379000,1.28847,1.28847,1.2884,1.2884,11430000,1
1499635380000,1499635439000,1.28841,1.28842,1.28838,1.28842,17650000,1
1499635440000,1499635499000,1.28842,1.28843,1.28842,1.28843,10750000,1
1499635500000,1499635559000,1.28843,1.28843,1.28843,1.28843,11770000,1
1499635560000,1499635619000,1.28842,1.28842,1.28842,1.28842,10850000,1
1499635620000,1499635679000,1.28838,1.28844,1.28838,1.28842,18070000,1
1499635680000,1499635739000,1.28842,1.28842,1.28841,1.28841,5580000,1
1499635740000,1499635799000,1.28841,1.28847,1.2884,1.2884,12820000,1
1499635800000,1499635859000,1.2884,1.28844,1.2884,1.28844,28520000,1
1499635860000,1499635919000,1.28844,1.28844,1.2884,1.28841,22100000,1
1499635920000,1499635979000,1.28841,1.28842,1.28841,1.28841,11970000,1
1499635980000,1499636039000,1.28841,1.28842,1.28841,1.28842,12020000,1
1499636040000,1499636099000,1.28841,1.28841,1.28822,1.28823,25740000,1
1499636100000,1499636159000,1.28823,1.28824,1.28822,1.28822,28000000,1
1499636160000,1499636219000,1.28824,1.28824,1.28822,1.28823,17500000,1
1499636220000,1499636279000,1.28819,1.28826,1.28796,1.28802,93190000,1
1499636280000,1499636339000,1.28801,1.2884,1.28796,1.28831,79490000,1
1499636340000,1499636399000,1.28835,1.2884,1.28821,1.28823,87000000,1
1499636400000,1499636459000,1.28822,1.28829,1.28812,1.28812,23740000,1
1499636460000,1499636519000,1.2881,1.28811,1.2881,1.28811,10630000,1
1499636520000,1499636579000,1.2881,1.28813,1.28808,1.28808,6000000,1
1499636580000,1499636639000,1.28807,1.28807,1.28806,1.28807,3500000,1
1499636640000,1499636699000,1.28806,1.28809,1.28804,1.28804,6000000,1
1499636700000,1499636759000,1.28803,1.28804,1.28802,1.28804,6200000,1
1499636760000,1499636819000,1.28803,1.28805,1.28803,1.28805,3650000,1
1499636820000,1499636879000,1.28803,1.28804,1.28801,1.28801,8150000,1
1499636880000,1499636939000,1.28801,1.28803,1.28801,1.28803,5800000,1
1499636940000,1499636999000,1.28801,1.2881,1.288,1.28801,6050000,1
1499637060000,1499637119000,1.28802,1.28812,1.28801,1.28811,23100000,1
1499637120000,1499637179000,1.28812,1.28813,1.28811,1.28813,8600000,1
1499637180000,1499637239000,1.28813,1.28865,1.28765,1.28864,130190000,1
1499637240000,1499637299000,1.28864,1.28864,1.28833,1.28837,49430000,1
1499637300000,1499637359000,1.28838,1.28841,1.28838,1.28838,16000000,1
1499637360000,1499637419000,1.28837,1.28837,1.28836,1.28837,3500000,1
1499637420000,1499637479000,1.28833,1.28837,1.28833,1.28836,10990000,1
1499637480000,1499637539000,1.28835,1.28835,1.28834,1.28834,2500000,1
1499637540000,1499637599000,1.28835,1.28837,1.28834,1.28834,3500000,1
1499637600000,1499637659000,1.28836,1.28866,1.28836,1.28855,34470000,1
1499637660000,1499637719000,1.28855,1.28876,1.28847,1.28855,76100000,1
1499637720000,1499637779000,1.28857,1.28866,1.28839,1.28844,93890000,1
1499637780000,1499637839000,1.28844,1.28856,1.28838,1.28855,69010000,1
1499637840000,1499637899000,1.28856,1.28879,1.28856,1.28866,134340000,1
1499637900000,1499637959000,1.28868,1.28871,1.2885,1.2885,88930000,1
1499637960000,1499638019000,1.2885,1.28858,1.2885,1.28856,57440000,1
1499638020000,1499638079000,1.28856,1.28875,1.28856,1.28874,62590000,1
1499638080000,1499638139000,1.28872,1.28874,1.28868,1.2887,36200000,1
1499638140000,1499638199000,1.28866,1.28869,1.28859,1.28863,37870000,1
1499638200000,1499638259000,1.28863,1.28863,1.28857,1.2886,55270000,1
1499638260000,1499638319000,1.28859,1.28859,1.28853,1.28855,48870000,1
1499638320000,1499638379000,1.28856,1.28863,1.28853,1.28863,77670000,1
1499638380000,1499638439000,1.28862,1.2887,1.28862,1.2887,49550000,1
1499638440000,1499638499000,1.28871,1.28871,1.28866,1.28869,49680000,1
1499638500000,1499638559000,1.28869,1.28869,1.28851,1.28852,51530000,1
1499638560000,1499638619000,1.2885,1.28851,1.28843,1.2885,74990000,1
1499638620000,1499638679000,1.28849,1.28849,1.28843,1.28844,62500000,1
1499638680000,1499638739000,1.28843,1.28845,1.28843,1.28844,74580000,1
1499638740000,1499638799000,1.28844,1.28845,1.28841,1.28843,91940000,1
1499638800000,1499638859000,1.28844,1.28863,1.28844,1.28862,61270000,1
1499638860000,1499638919000,1.28863,1.28863,1.28862,1.28862,22000000,1
1499638920000,1499638979000,1.28863,1.28863,1.28862,1.28862,21000000,1
1499638980000,1499639039000,1.28863,1.28867,1.28862,1.28867,32000000,1
1499639040000,1499639099000,1.28867,1.28867,1.28866,1.28866,32000000,1
1499639100000,1499639159000,1.28866,1.28867,1.28866,1.28866,12000000,1
1499639160000,1499639219000,1.28867,1.28871,1.28862,1.28871,41990000,1
1499639220000,1499639279000,1.28872,1.28872,1.28869,1.28872,54930000,1
1499639280000,1499639339000,1.28871,1.28877,1.28869,1.28877,49300000,1
1499639340000,1499639399000,1.28882,1.28882,1.28877,1.28878,58070000,1
1499639400000,1499639459000,1.28876,1.28882,1.28876,1.28878,27380000,1
1499639460000,1499639519000,1.28878,1.28878,1.2886,1.28862,55420000,1
1499639520000,1499639579000,1.28862,1.28863,1.28862,1.28862,15590000,1
1499639580000,1499639639000,1.28864,1.28865,1.28864,1.28865,43130000,1
1499639640000,1499639699000,1.28865,1.28865,1.28861,1.28863,29360000,1
1499639700000,1499639759000,1.28863,1.28866,1.28863,1.28863,18590000,1
1499639760000,1499639819000,1.28863,1.28864,1.28862,1.28862,60460000,1
1499639820000,1499639879000,1.28861,1.28865,1.28861,1.28863,106850000,1
1499639880000,1499639939000,1.28863,1.28865,1.28862,1.28862,47240000,1
1499639940000,1499639999000,1.28862,1.28865,1.28862,1.28865,74080000,1
1499640000000,1499640059000,1.28867,1.28867,1.28866,1.28866,25300000,1
1499640060000,1499640119000,1.28866,1.28872,1.28866,1.28872,83660000,1
1499640120000,1499640179000,1.28872,1.28875,1.28872,1.28873,141090000,1
1499640180000,1499640239000,1.28873,1.28875,1.28872,1.28874,69010000,1
1499640240000,1499640299000,1.28875,1.28881,1.28873,1.28881,79430000,1
1499640300000,1499640359000,1.28881,1.28883,1.28881,1.28883,24510000,1
1499640360000,1499640419000,1.28883,1.28883,1.2888,1.28881,19350000,1
1499640420000,1499640479000,1.28881,1.28881,1.2888,1.28881,14950000,1
1499640480000,1499640539000,1.28881,1.28882,1.28876,1.28876,38640000,1
1499640540000,1499640599000,1.28872,1.28877,1.28871,1.28871,62370000,1
1499640600000,1499640659000,1.28876,1.28877,1.28871,1.28872,37750000,1
1499640660000,1499640719000,1.28872,1.28877,1.28871,1.28876,79700000,1
1499640720000,1499640779000,1.28872,1.28882,1.28858,1.28862,65380000,1
1499640780000,1499640839000,1.28862,1.28863,1.28856,1.28856,22630000,1
1499640840000,1499640899000,1.28857,1.28857,1.28857,1.28857,8750000,1
1499640900000,1499640959000,1.28857,1.28874,1.28857,1.28874,57720000,1
1499640960000,1499641019000,1.28875,1.28875,1.28874,1.28874,20180000,1
1499641020000,1499641079000,1.28874,1.28879,1.28874,1.28874,87470000,1
1499641080000,1499641139000,1.28874,1.2888,1.28866,1.28866,53450000,1
1499641140000,1499641199000,1.28867,1.2887,1.28864,1.2887,25480000,1
1499641200000,1499641259000,1.28875,1.28877,1.2887,1.28876,25030000,1
1499641260000,1499641319000,1.28876,1.28903,1.28876,1.28902,41890000,1
1499641320000,1499641379000,1.28904,1.28912,1.28904,1.28904,28110000,1
1499641380000,1499641439000,1.28904,1.28906,1.28904,1.28906,31790000,1
1499641440000,1499641499000,1.28907,1.2891,1.28904,1.28906,54630000,1
1499641500000,1499641559000,1.28906,1.28912,1.28902,1.28906,31080000,1
1499641560000,1499641619000,1.28906,1.28907,1.28906,1.28906,17000000,1
1499641620000,1499641679000,1.28906,1.28907,1.28903,1.28903,19630000,1
1499641680000,1499641739000,1.28903,1.28904,1.2889,1.28896,35480000,1
1499641740000,1499641799000,1.28896,1.28896,1.28887,1.28887,22380000,1
1499641800000,1499641859000,1.28887,1.28896,1.28887,1.28896,23520000,1
1499641860000,1499641919000,1.28896,1.28896,1.28886,1.28886,24370000,1
1499641920000,1499641979000,1.28886,1.28887,1.28881,1.28887,13000000,1
1499641980000,1499642039000,1.28886,1.28887,1.28879,1.28887,32120000,1
1499642040000,1499642099000,1.28887,1.28887,1.2888,1.28886,35810000,1
1499642100000,1499642159000,1.28887,1.28887,1.28881,1.28883,107490000,1
1499642160000,1499642219000,1.28884,1.28884,1.2888,1.28882,258200000,1
1499642220000,1499642279000,1.2888,1.28885,1.28874,1.28874,245910000,1
1499642280000,1499642339000,1.28874,1.2888,1.28871,1.28871,223850000,1
1499642340000,1499642399000,1.28872,1.28874,1.2887,1.28871,134450000,1
1499642400000,1499642459000,1.28871,1.28872,1.28861,1.28861,144740000,1
1499642460000,1499642519000,1.28861,1.28865,1.2886,1.28863,359550000,1
1499642520000,1499642579000,1.28863,1.28873,1.28861,1.28873,117290000,1
1499642580000,1499642639000,1.28873,1.28877,1.28872,1.28874,112650000,1
1499642640000,1499642699000,1.28874,1.28877,1.28873,1.28874,50920000,1
1499642700000,1499642759000,1.28874,1.28877,1.28872,1.28877,68980000,1
1499642760000,1499642819000,1.28877,1.28883,1.28874,1.28877,43200000,1
1499642820000,1499642879000,1.28877,1.28884,1.28877,1.28883,20690000,1
1499642880000,1499642939000,1.28883,1.28885,1.28883,1.28883,19820000,1
1499642940000,1499642999000,1.28883,1.28891,1.28883,1.28887,43800000,1
1499643000000,1499643059000,1.28887,1.28891,1.28886,1.28887,87780000,1
1499643060000,1499643119000,1.28888,1.28889,1.28882,1.28884,74330000,1
1499643120000,1499643179000,1.28883,1.28883,1.28875,1.28876,88310000,1
1499643180000,1499643239000,1.28875,1.28881,1.28875,1.28875,46330000,1
1499643240000,1499643299000,1.28876,1.28877,1.28872,1.28872,28350000,1
1499643300000,1499643359000,1.28871,1.28871,1.28871,1.28871,22860000,1
1499643360000,1499643419000,1.28872,1.28873,1.28872,1.28872,7180000,1
1499643420000,1499643479000,1.28872,1.28887,1.28872,1.28887,53410000,1
1499643480000,1499643539000,1.28887,1.28888,1.28883,1.28888,24770000,1
1499643540000,1499643599000,1.28888,1.28888,1.28886,1.28886,15770000,1
1499643600000,1499643659000,1.28885,1.28893,1.28885,1.28893,22220000,1
1499643660000,1499643719000,1.28893,1.28898,1.28888,1.28888,22500000,1
1499643720000,1499643779000,1.28888,1.28889,1.28883,1.28889,30000000,1
1499643780000,1499643839000,1.28889,1.28889,1.28887,1.28887,14500000,1
1499643840000,1499643899000,1.28887,1.28888,1.28884,1.28888,24680000,1
1499643900000,1499643959000,1.28888,1.28893,1.28888,1.28889,35550000,1
1499643960000,1499644019000,1.28889,1.28894,1.28889,1.28894,16940000,1
1499644020000,1499644079000,1.28894,1.28897,1.28889,1.2889,27990000,1
1499644080000,1499644139000,1.28888,1.2889,1.28887,1.28888,53500000,1
1499644140000,1499644199000,1.28888,1.28895,1.28886,1.28893,36000000,1
1499644200000,1499644259000,1.28894,1.28899,1.28889,1.28893,58920000,1
1499644260000,1499644319000,1.28892,1.28892,1.28883,1.2889,52920000,1
1499644320000,1499644379000,1.2889,1.2889,1.28884,1.28889,28120000,1
1499644380000,1499644439000,1.28889,1.28892,1.28887,1.28892,17620000,1
1499644440000,1499644499000,1.28893,1.28907,1.28893,1.28907,37690000,1
1499644500000,1499644559000,1.28907,1.28907,1.28904,1.28906,16180000,1
1499644560000,1499644619000,1.28905,1.28905,1.28902,1.28903,52040000,1
1499644620000,1499644679000,1.28903,1.2891,1.28903,1.28904,64370000,1
1499644680000,1499644739000,1.28905,1.28906,1.289,1.289,69790000,1
1499644740000,1499644799000,1.289,1.28903,1.28899,1.28902,48070000,1
1499644800000,1499644859000,1.289,1.28905,1.28894,1.28905,74270000,1
1499644860000,1499644919000,1.28905,1.28905,1.28893,1.28893,43930000,1
1499644920000,1499644979000,1.28893,1.28893,1.28885,1.28886,34890000,1
1499644980000,1499645039000,1.28886,1.28887,1.28883,1.28883,19240000,1
1499645040000,1499645099000,1.28884,1.28885,1.28876,1.28876,21680000,1
1499645100000,1499645159000,1.28876,1.28886,1.28876,1.28886,18190000,1
1499645160000,1499645219000,1.28886,1.28887,1.28885,1.28887,25460000,1
1499645220000,1499645279000,1.28887,1.28897,1.28887,1.28897,40550000,1
1499645280000,1499645339000,1.28897,1.28906,1.28895,1.28906,30200000,1
1499645340000,1499645399000,1.28907,1.28907,1.28891,1.28892,51210000,1
1499645400000,1499645459000,1.28891,1.28893,1.28891,1.28891,37590000,1
1499645460000,1499645519000,1.28891,1.28892,1.28876,1.28883,39300000,1
1499645520000,1499645579000,1.28883,1.28892,1.28883,1.28892,18770000,1
1499645580000,1499645639000,1.28891,1.28893,1.28891,1.28893,28230000,1
1499645640000,1499645699000,1.28892,1.28903,1.28892,1.28903,21380000,1
1499645700000,1499645759000,1.28903,1.28905,1.28902,1.28902,55380000,1
1499645760000,1499645819000,1.28902,1.28906,1.28902,1.28905,26800000,1
1499645820000,1499645879000,1.28904,1.28906,1.28904,1.28906,43370000,1
1499645880000,1499645939000,1.28905,1.28917,1.28905,1.28917,23490000,1
1499645940000,1499645999000,1.28916,1.28916,1.28913,1.28913,18680000,1
1499646000000,1499646059000,1.28913,1.28914,1.28912,1.28914,7750000,1
1499646060000,1499646119000,1.28914,1.28915,1.28914,1.28915,21250000,1
1499646120000,1499646179000,1.28914,1.28918,1.28913,1.28915,104290000,1
1499646180000,1499646239000,1.28914,1.28923,1.28914,1.28923,39870000,1
1499646240000,1499646299000,1.28923,1.28923,1.28903,1.28905,23830000,1
1499646300000,1499646359000,1.28903,1.28904,1.28903,1.28904,19500000,1
1499646360000,1499646419000,1.28903,1.28905,1.289,1.28905,19570000,1
1499646420000,1499646479000,1.28904,1.28908,1.28904,1.28904,12800000,1
1499646480000,1499646539000,1.28905,1.28915,1.28905,1.28913,36340000,1
1499646540000,1499646599000,1.28913,1.28913,1.28892,1.28896,95990000,1
1499646600000,1499646659000,1.28897,1.28907,1.28896,1.28904,34490000,1
1499646660000,1499646719000,1.28904,1.28905,1.28904,1.28904,25480000,1
1499646720000,1499646779000,1.28904,1.28907,1.28903,1.28907,14390000,1
1499646780000,1499646839000,1.28907,1.28914,1.28907,1.28912,18860000,1
1499646840000,1499646899000,1.28912,1.28914,1.28912,1.28913,44100000,1
1499646900000,1499646959000,1.28914,1.28925,1.28912,1.28924,92630000,1
1499646960000,1499647019000,1.28924,1.28926,1.28923,1.28925,100680000,1
1499647020000,1499647079000,1.28925,1.28936,1.28924,1.28936,66490000,1
1499647080000,1499647139000,1.28935,1.28952,1.28934,1.28952,75170000,1
1499647140000,1499647199000,1.2895,1.28958,1.28943,1.28957,72910000,1
1499647200000,1499647259000,1.28958,1.28958,1.28924,1.28924,72820000,1
1499647260000,1499647319000,1.28921,1.28926,1.28913,1.28923,63980000,1
1499647320000,1499647379000,1.28922,1.2893,1.28922,1.28929,29250000,1
1499647380000,1499647439000,1.28931,1.28938,1.2893,1.2893,31480000,1
1499647440000,1499647499000,1.28931,1.28948,1.28931,1.28947,46100000,1
1499647500000,1499647559000,1.28947,1.28948,1.28943,1.28945,61260000,1
1499647560000,1499647619000,1.28946,1.28955,1.28945,1.28955,41060000,1
1499647620000,1499647679000,1.28954,1.28954,1.28944,1.28944,53950000,1
1499647680000,1499647739000,1.28944,1.28947,1.28938,1.28938,13490000,1
1499647740000,1499647799000,1.28936,1.28939,1.28927,1.28939,46570000,1
1499647800000,1499647859000,1.28945,1.28969,1.28945,1.28965,71230000,1
1499647860000,1499647919000,1.28964,1.28967,1.28964,1.28967,36960000,1
1499647920000,1499647979000,1.28965,1.28966,1.28965,1.28965,82380000,1
1499647980000,1499648039000,1.28965,1.28967,1.28964,1.28965,69280000,1
1499648040000,1499648099000,1.28966,1.28968,1.28939,1.28947,161180000,1
1499648100000,1499648159000,1.28959,1.2897,1.28959,1.28959,57510000,1
1499648160000,1499648219000,1.28958,1.28958,1.28951,1.28951,31990000,1
1499648220000,1499648279000,1.28953,1.28953,1.28926,1.28926,52480000,1
1499648280000,1499648339000,1.28927,1.28929,1.28924,1.28924,55090000,1
1499648340000,1499648399000,1.28923,1.28923,1.28897,1.28898,107610000,1
1499648400000,1499648459000,1.28897,1.28927,1.28892,1.28926,128950000,1
1499648460000,1499648519000,1.28927,1.28934,1.289,1.28902,114790000,1
1499648520000,1499648579000,1.28902,1.28903,1.28895,1.28896,37830000,1
1499648580000,1499648639000,1.28901,1.28913,1.28901,1.2891,39750000,1
1499648640000,1499648699000,1.2891,1.2891,1.28899,1.289,38270000,1
1499648700000,1499648759000,1.28901,1.28904,1.28901,1.28902,37020000,1
1499648760000,1499648819000,1.28902,1.28902,1.28902,1.28902,20860000,1
1499648820000,1499648879000,1.28902,1.28904,1.28901,1.28903,37450000,1
1499648880000,1499648939000,1.28909,1.28918,1.28909,1.28915,42730000,1
1499648940000,1499648999000,1.28915,1.28937,1.28906,1.28937,50010000,1
1499649000000,1499649059000,1.28941,1.2895,1.28914,1.28914,138080000,1
1499649060000,1499649119000,1.28914,1.28917,1.28914,1.28915,45580000,1
1499649120000,1499649179000,1.28915,1.28916,1.28915,1.28916,20160000,1
1499649180000,1499649239000,1.28916,1.28916,1.28915,1.28915,47760000,1
1499649240000,1499649299000,1.28915,1.28923,1.28915,1.28923,43300000,1
1499649300000,1499649359000,1.28923,1.28929,1.28922,1.28928,47890000,1
1499649360000,1499649419000,1.28928,1.28928,1.28926,1.28926,18870000,1
1499649420000,1499649479000,1.28928,1.28928,1.28926,1.28926,21580000,1
1499649480000,1499649539000,1.28926,1.28927,1.28925,1.28927,38320000,1
1499649540000,1499649599000,1.28927,1.28927,1.28926,1.28927,20330000,1
1499649600000,1499649659000,1.28926,1.28937,1.28923,1.28937,67670000,1
1499649660000,1499649719000,1.28934,1.28936,1.28915,1.28917,40440000,1
1499649720000,1499649779000,1.28918,1.28922,1.28906,1.28908,94100000,1
1499649780000,1499649839000,1.2891,1.28928,1.28902,1.28926,90350000,1
1499649840000,1499649899000,1.28928,1.2893,1.28917,1.28917,32020000,1
1499649900000,1499649959000,1.28917,1.28918,1.28917,1.28917,14010000,1
1499649960000,1499650019000,1.28917,1.28918,1.28904,1.28904,31550000,1
1499650020000,1499650079000,1.28905,1.28908,1.28905,1.28907,6000000,1
1499650080000,1499650139000,1.28903,1.28908,1.28897,1.28908,37610000,1
1499650140000,1499650199000,1.28909,1.2894,1.28909,1.28932,32750000,1
1499650200000,1499650259000,1.28932,1.28932,1.28919,1.28927,18120000,1
1499650260000,1499650319000,1.28927,1.28931,1.28927,1.28929,25760000,1
1499650320000,1499650379000,1.28929,1.28937,1.28929,1.28935,52380000,1
1499650380000,1499650439000,1.28936,1.28946,1.28936,1.28945,59880000,1
1499650440000,1499650499000,1.28945,1.28949,1.28945,1.28949,14440000,1
1499650500000,1499650559000,1.28949,1.28949,1.28945,1.28947,26940000,1
1499650560000,1499650619000,1.28943,1.28948,1.28942,1.28946,19130000,1
1499650620000,1499650679000,1.28948,1.28949,1.28947,1.28947,7500000,1
1499650680000,1499650739000,1.28948,1.28959,1.28933,1.28933,56590000,1
1499650740000,1499650799000,1.28932,1.28947,1.28913,1.28945,75160000,1
1499650800000,1499650859000,1.28945,1.28946,1.28944,1.28944,41640000,1
1499650860000,1499650919000,1.28944,1.28945,1.2894,1.28943,24520000,1
1499650920000,1499650979000,1.28945,1.28947,1.28944,1.28944,30480000,1
1499650980000,1499651039000,1.28943,1.28948,1.28942,1.28945,55580000,1
1499651040000,1499651099000,1.28947,1.28947,1.28943,1.28946,32220000,1
1499651100000,1499651159000,1.28946,1.28946,1.28944,1.28945,32820000,1
1499651160000,1499651219000,1.28945,1.28949,1.28945,1.28948,26480000,1
1499651220000,1499651279000,1.28948,1.28948,1.28947,1.28948,16740000,1
1499651280000,1499651339000,1.28947,1.28957,1.28947,1.28956,41860000,1
1499651340000,1499651399000,1.28953,1.28965,1.28946,1.28965,73080000,1
1499651400000,1499651459000,1.28965,1.28965,1.28935,1.28948,114260000,1
1499651460000,1499651519000,1.28948,1.28958,1.28948,1.28958,44240000,1
1499651520000,1499651579000,1.28957,1.28958,1.28957,1.28958,26120000,1
1499651580000,1499651639000,1.28957,1.28958,1.28957,1.28958,26480000,1
1499651640000,1499651699000,1.28957,1.28958,1.28957,1.28957,33120000,1
1499651700000,1499651759000,1.28957,1.28958,1.28957,1.28957,15000000,1
1499651760000,1499651819000,1.28958,1.28958,1.28953,1.28957,25060000,1
1499651820000,1499651879000,1.28958,1.28968,1.28957,1.28967,25670000,1
1499651880000,1499651939000,1.28973,1.2898,1.28966,1.28967,49920000,1
1499651940000,1499651999000,1.28967,1.28978,1.28967,1.28978,15550000,1
1499652000000,1499652059000,1.28977,1.28978,1.28977,1.28977,57190000,1
1499652060000,1499652119000,1.28978,1.28993,1.28977,1.28987,55020000,1
1499652120000,1499652179000,1.28987,1.28989,1.28978,1.28979,111130000,1
1499652180000,1499652239000,1.28979,1.2898,1.28979,1.2898,29560000,1
1499652240000,1499652299000,1.28982,1.28982,1.28973,1.28975,51970000,1
1499652300000,1499652359000,1.28975,1.28994,1.28975,1.28988,128660000,1
1499652360000,1499652419000,1.28988,1.28993,1.28957,1.28957,86470000,1
1499652420000,1499652479000,1.28957,1.28958,1.28952,1.28952,39280000,1
1499652480000,1499652539000,1.28952,1.28958,1.28947,1.28952,33180000,1
1499652540000,1499652599000,1.28951,1.28956,1.28951,1.28954,14440000,1
1499652600000,1499652659000,1.28953,1.28958,1.28953,1.28957,29190000,1
1499652660000,1499652719000,1.28958,1.28958,1.28957,1.28957,30000000,1
1499652720000,1499652779000,1.28958,1.28958,1.28954,1.28957,16550000,1
1499652780000,1499652839000,1.28957,1.28958,1.28957,1.28958,20330000,1
1499652840000,1499652899000,1.28957,1.28958,1.28957,1.28958,16630000,1
1499652900000,1499652959000,1.28957,1.28958,1.28957,1.28958,21870000,1
1499652960000,1499653019000,1.28958,1.28959,1.28958,1.28959,16460000,1
1499653020000,1499653079000,1.28958,1.28958,1.28958,1.28958,8200000,1
1499653080000,1499653139000,1.28958,1.28958,1.28957,1.28957,34430000,1
1499653140000,1499653199000,1.28958,1.28958,1.28957,1.28958,15530000,1
1499653200000,1499653259000,1.28958,1.28958,1.28957,1.28958,22480000,1
1499653260000,1499653319000,1.28957,1.28968,1.28957,1.28967,60620000,1
1499653320000,1499653379000,1.28968,1.28972,1.28967,1.28967,34390000,1
1499653380000,1499653439000,1.28968,1.28968,1.28967,1.28967,19890000,1
1499653440000,1499653499000,1.28972,1.28973,1.28968,1.28971,30220000,1
1499653500000,1499653559000,1.28971,1.28973,1.28969,1.28973,19440000,1
1499653560000,1499653619000,1.28972,1.29003,1.28969,1.28977,96500000,1
1499653620000,1499653679000,1.28978,1.28979,1.28967,1.28969,52000000,1
1499653680000,1499653739000,1.28968,1.28968,1.28967,1.28967,9750000,1
1499653740000,1499653799000,1.28967,1.2897,1.28967,1.2897,11120000,1
1499653800000,1499653859000,1.2897,1.2897,1.28967,1.28969,5190000,1
1499653860000,1499653919000,1.28969,1.28969,1.28968,1.28968,5250000,1
1499653920000,1499653979000,1.28968,1.2897,1.28968,1.28969,14010000,1
1499653980000,1499654039000,1.28969,1.28969,1.28967,1.28967,17500000,1
1499654040000,1499654099000,1.28967,1.28968,1.28967,1.28968,15890000,1
1499654100000,1499654159000,1.28967,1.28968,1.28957,1.28967,23130000,1
1499654160000,1499654219000,1.28967,1.28968,1.28967,1.28968,26650000,1
1499654220000,1499654279000,1.28967,1.28968,1.28967,1.28967,30000000,1
1499654280000,1499654339000,1.28968,1.28968,1.28967,1.28968,18820000,1
1499654340000,1499654399000,1.28967,1.28968,1.28967,1.28967,40430000,1
1499654400000,1499654459000,1.28968,1.28968,1.28967,1.28967,27370000,1
1499654460000,1499654519000,1.28963,1.28968,1.28962,1.28967,34100000,1
1499654520000,1499654579000,1.28967,1.28968,1.28965,1.28965,23800000,1
1499654580000,1499654639000,1.28965,1.28968,1.28965,1.28968,19590000,1
1499654640000,1499654699000,1.28967,1.28968,1.28964,1.28964,22710000,1
1499654700000,1499654759000,1.28964,1.28965,1.28962,1.28965,32290000,1
1499654760000,1499654819000,1.28965,1.28965,1.28961,1.28963,15180000,1
1499654820000,1499654879000,1.28963,1.2897,1.28963,1.28967,44950000,1
1499654880000,1499654939000,1.28967,1.28972,1.28967,1.28972,25620000,1
1499654940000,1499654999000,1.28972,1.28972,1.28968,1.28968,15500000,1
1499655000000,1499655059000,1.28969,1.28971,1.28969,1.2897,8000000,1
1499655060000,1499655119000,1.2897,1.28983,1.2897,1.28982,31880000,1
1499655120000,1499655179000,1.28983,1.28983,1.28966,1.28967,45970000,1
1499655180000,1499655239000,1.28967,1.28968,1.2896,1.2896,71320000,1
1499655240000,1499655299000,1.28962,1.28963,1.28962,1.28963,27000000,1
1499655300000,1499655359000,1.28962,1.28963,1.28961,1.28961,17000000,1
1499655360000,1499655419000,1.2896,1.2896,1.28957,1.2896,17380000,1
1499655420000,1499655479000,1.2896,1.28962,1.2896,1.28961,14000000,1
1499655480000,1499655539000,1.28961,1.28961,1.28952,1.28952,29950000,1
1499655540000,1499655599000,1.28952,1.2896,1.28952,1.2896,31000000,1
1499655600000,1499655659000,1.28958,1.28958,1.28957,1.28958,14120000,1
1499655660000,1499655719000,1.28957,1.28958,1.28957,1.28957,38740000,1
1499655720000,1499655779000,1.28958,1.2896,1.28957,1.2896,13620000,1
1499655780000,1499655839000,1.2896,1.28978,1.28958,1.28958,46350000,1
1499655840000,1499655899000,1.2896,1.2896,1.28957,1.28957,31710000,1
1499655900000,1499655959000,1.28957,1.28958,1.28957,1.28957,24900000,1
1499655960000,1499656019000,1.28958,1.28958,1.28957,1.28958,27930000,1
1499656020000,1499656079000,1.28957,1.28958,1.28957,1.28957,28290000,1
1499656080000,1499656139000,1.28958,1.28968,1.28955,1.28955,43140000,1
1499656140000,1499656199000,1.28955,1.28958,1.28952,1.28957,32260000,1
1499656200000,1499656259000,1.28957,1.28958,1.28957,1.28957,27190000,1
1499656260000,1499656319000,1.28957,1.28958,1.28957,1.28957,28570000,1
1499656320000,1499656379000,1.28957,1.28958,1.28957,1.28958,25320000,1
1499656380000,1499656439000,1.28957,1.28959,1.28957,1.28957,23630000,1
1499656440000,1499656499000,1.28957,1.28958,1.28952,1.28957,20620000,1
1499656500000,1499656559000,1.28957,1.28958,1.28957,1.28957,23260000,1
1499656560000,1499656619000,1.28958,1.28958,1.28957,1.28958,8000000,1
1499656620000,1499656679000,1.28958,1.28958,1.28955,1.28955,12560000,1
1499656680000,1499656739000,1.28955,1.28958,1.28954,1.28958,38810000,1
1499656740000,1499656799000,1.28957,1.28958,1.28947,1.28947,28620000,1
1499656800000,1499656859000,1.28947,1.28948,1.28947,1.28947,17160000,1
1499656860000,1499656919000,1.28947,1.28948,1.28947,1.28947,8540000,1
1499656920000,1499656979000,1.28948,1.28948,1.28947,1.28947,13930000,1
1499656980000,1499657039000,1.28948,1.28958,1.28947,1.28957,25070000,1
1499657040000,1499657099000,1.2896,1.28968,1.28957,1.28967,46900000,1
1499657100000,1499657159000,1.28967,1.28968,1.28967,1.28967,9630000,1
1499657160000,1499657219000,1.28968,1.28968,1.28967,1.28967,10000000,1
1499657220000,1499657279000,1.28968,1.28968,1.28957,1.28958,21350000,1
1499657280000,1499657339000,1.28958,1.28962,1.28956,1.28958,46510000,1
1499657340000,1499657399000,1.28957,1.28967,1.28954,1.28955,52850000,1
1499657400000,1499657459000,1.28955,1.28979,1.28943,1.28943,88610000,1
1499657460000,1499657519000,1.28943,1.28943,1.28932,1.28935,29700000,1
1499657520000,1499657579000,1.28935,1.28935,1.28933,1.28933,16710000,1
1499657580000,1499657639000,1.28933,1.28942,1.28932,1.28933,55680000,1
1499657640000,1499657699000,1.28933,1.28943,1.28933,1.28943,46470000,1
1499657700000,1499657759000,1.28943,1.28944,1.28941,1.28943,81450000,1
1499657760000,1499657819000,1.28942,1.28943,1.28942,1.28942,51810000,1
1499657820000,1499657879000,1.28942,1.28943,1.28942,1.28943,11180000,1
1499657880000,1499657939000,1.28945,1.28945,1.28934,1.28942,21210000,1
1499657940000,1499657999000,1.28941,1.28943,1.28941,1.28943,7990000,1
1499658000000,1499658059000,1.28942,1.28943,1.28937,1.28937,30050000,1
1499658060000,1499658119000,1.28937,1.28938,1.28918,1.28919,21800000,1
1499658120000,1499658179000,1.28919,1.28919,1.28913,1.28913,26170000,1
1499658180000,1499658239000,1.28913,1.28916,1.28913,1.28914,45260000,1
1499658240000,1499658299000,1.28913,1.28917,1.28913,1.28917,23980000,1
1499658300000,1499658359000,1.28917,1.28922,1.28917,1.28922,12000000,1
1499658360000,1499658419000,1.28923,1.28923,1.28919,1.28919,19250000,1
1499658420000,1499658479000,1.28918,1.28918,1.28914,1.28918,26780000,1
1499658480000,1499658539000,1.28918,1.28928,1.28917,1.28926,16240000,1
1499658540000,1499658599000,1.28925,1.28928,1.28925,1.28927,27440000,1
1499658600000,1499658659000,1.28928,1.28928,1.28927,1.28928,15000000,1
1499658660000,1499658719000,1.28928,1.28928,1.28924,1.28924,6750000,1
1499658720000,1499658779000,1.28923,1.28924,1.28922,1.28922,18710000,1
1499658780000,1499658839000,1.28924,1.28924,1.28924,1.28924,10950000,1
1499658840000,1499658899000,1.28923,1.28928,1.28923,1.28928,16370000,1
1499658900000,1499658959000,1.28927,1.28928,1.28923,1.28927,19810000,1
1499658960000,1499659019000,1.28928,1.28928,1.28927,1.28927,6190000,1
1499659020000,1499659079000,1.28928,1.28928,1.28927,1.28927,12670000,1
1499659080000,1499659139000,1.28927,1.28927,1.28927,1.28927,6360000,1
1499659140000,1499659199000,1.28927,1.28946,1.28927,1.28942,31360000,1
1499659200000,1499659259000,1.28943,1.28943,1.28937,1.28938,17110000,1
1499659260000,1499659319000,1.28937,1.28939,1.28937,1.28939,20630000,1
1499659320000,1499659379000,1.28939,1.28945,1.28939,1.28943,41500000,1
1499659380000,1499659439000,1.28942,1.28947,1.28937,1.28938,48060000,1
1499659440000,1499659499000,1.28937,1.28938,1.28937,1.28937,9000000,1
1499659500000,1499659559000,1.28938,1.28938,1.28937,1.28937,15130000,1
1499659560000,1499659619000,1.28937,1.28938,1.28937,1.28937,10320000,1
1499659620000,1499659679000,1.28937,1.28938,1.28937,1.28938,22330000,1
1499659680000,1499659739000,1.28937,1.28938,1.28936,1.28936,6880000,1
1499659740000,1499659799000,1.28936,1.28948,1.28936,1.28947,46320000,1
1499659800000,1499659859000,1.28948,1.28948,1.28947,1.28947,17000000,1
1499659860000,1499659919000,1.28948,1.28948,1.28947,1.28948,31250000,1
1499659920000,1499659979000,1.28947,1.28948,1.28942,1.28942,61870000,1
1499659980000,1499660039000,1.28942,1.28943,1.2894,1.28941,31430000,1
1499660040000,1499660099000,1.28941,1.28943,1.28927,1.28927,40870000,1
1499660100000,1499660159000,1.28928,1.28928,1.28927,1.28928,12490000,1
1499660160000,1499660219000,1.28928,1.28928,1.28927,1.28928,18490000,1
1499660220000,1499660279000,1.28927,1.28928,1.28927,1.28927,22400000,1
1499660280000,1499660339000,1.28927,1.28929,1.28927,1.28927,15810000,1
1499660340000,1499660399000,1.28927,1.28929,1.28927,1.28928,36730000,1
1499660400000,1499660459000,1.28927,1.28928,1.28927,1.28927,13810000,1
1499660460000,1499660519000,1.28928,1.28929,1.28927,1.28929,7500000,1
1499660520000,1499660579000,1.28929,1.28929,1.28928,1.28929,7000000,1
1499660580000,1499660639000,1.28929,1.28929,1.28928,1.28928,3000000,1
1499660640000,1499660699000,1.28928,1.28928,1.28928,1.28928,7500000,1
1499660700000,1499660759000,1.28927,1.28928,1.28927,1.28928,24500000,1
1499660760000,1499660819000,1.28927,1.28927,1.28924,1.28927,16450000,1
1499660820000,1499660879000,1.28928,1.28928,1.28927,1.28927,8000000,1
1499660880000,1499660939000,1.28927,1.28928,1.28927,1.28928,3000000,1
1499660940000,1499660999000,1.28927,1.28928,1.28917,1.28922,49240000,1
1499661000000,1499661059000,1.28923,1.28929,1.28922,1.28927,46780000,1
1499661060000,1499661119000,1.28927,1.28928,1.28927,1.28928,35800000,1
1499661120000,1499661179000,1.28928,1.28928,1.28927,1.28928,47790000,1
1499661180000,1499661239000,1.28928,1.28928,1.28927,1.28927,31570000,1
1499661240000,1499661299000,1.28928,1.28928,1.28924,1.28927,77140000,1
1499661300000,1499661359000,1.28927,1.28943,1.28927,1.28942,26270000,1
1499661360000,1499661419000,1.28943,1.28943,1.28928,1.28928,19500000,1
1499661420000,1499661479000,1.28928,1.28928,1.28927,1.28927,13000000,1
1499661480000,1499661539000,1.28927,1.28928,1.28925,1.28925,20570000,1
1499661540000,1499661599000,1.28925,1.28927,1.28924,1.28925,15190000,1
1499661600000,1499661659000,1.28925,1.28927,1.28923,1.28927,23450000,1
1499661660000,1499661719000,1.28927,1.28932,1.28926,1.28932,17400000,1
1499661720000,1499661779000,1.28931,1.28932,1.28929,1.28929,42090000,1
1499661780000,1499661839000,1.2893,1.2893,1.28929,1.28929,3000000,1
1499661840000,1499661899000,1.28929,1.28929,1.28926,1.28927,43620000,1
1499661900000,1499661959000,1.28928,1.28928,1.28926,1.28928,46580000,1
1499661960000,1499662019000,1.28928,1.28928,1.28918,1.28918,76240000,1
1499662020000,1499662079000,1.28918,1.2892,1.28917,1.28918,33440000,1
1499662080000,1499662139000,1.28918,1.28918,1.28912,1.28912,73940000,1
1499662140000,1499662199000,1.28909,1.28909,1.28902,1.28904,62130000,1
1499662200000,1499662259000,1.28903,1.28928,1.28897,1.28928,52860000,1
1499662260000,1499662319000,1.28928,1.28946,1.28928,1.28945,32880000,1
1499662320000,1499662379000,1.28947,1.28949,1.2894,1.28942,130430000,1
1499662380000,1499662439000,1.28941,1.28942,1.28918,1.28919,39880000,1
1499662440000,1499662499000,1.28918,1.28929,1.28918,1.28928,29140000,1
1499662500000,1499662559000,1.28928,1.28931,1.28928,1.28931,3000000,1
1499662560000,1499662619000,1.28932,1.28932,1.28931,1.28931,5000000,1
1499662620000,1499662679000,1.28929,1.2893,1.28929,1.2893,7250000,1
1499662680000,1499662739000,1.28931,1.28931,1.28928,1.28928,2000000,1
1499662740000,1499662799000,1.28928,1.28935,1.28928,1.28935,21070000,1
1499662800000,1499662859000,1.28936,1.28949,1.28936,1.28949,44010000,1
1499662860000,1499662919000,1.28948,1.28953,1.28939,1.28953,61290000,1
1499662920000,1499662979000,1.28953,1.28971,1.28953,1.28968,23310000,1
1499662980000,1499663039000,1.28968,1.28968,1.28957,1.28957,47120000,1
1499663040000,1499663099000,1.28958,1.2896,1.28952,1.28958,49560000,1
1499663100000,1499663159000,1.28958,1.28961,1.28958,1.28961,19000000,1
1499663160000,1499663219000,1.28961,1.28961,1.28961,1.28961,5000000,1
1499663220000,1499663279000,1.28959,1.28963,1.28957,1.28962,15870000,1
1499663280000,1499663339000,1.28962,1.28982,1.28962,1.28979,21500000,1
1499663340000,1499663399000,1.28977,1.28983,1.28971,1.28978,32180000,1
1499663400000,1499663459000,1.28978,1.28981,1.28974,1.28981,20000000,1
1499663460000,1499663519000,1.28981,1.28981,1.28981,1.28981,6000000,1
1499663520000,1499663579000,1.28983,1.29003,1.28983,1.29003,27500000,1
1499663580000,1499663639000,1.29002,1.29018,1.28988,1.28988,59210000,1
1499663640000,1499663699000,1.28988,1.28991,1.28987,1.28989,51850000,1
1499663700000,1499663759000,1.28988,1.28993,1.28988,1.28989,42870000,1
1499663760000,1499663819000,1.28987,1.28993,1.28986,1.28987,55150000,1
1499663820000,1499663879000,1.28987,1.28989,1.28986,1.28988,49260000,1
1499663880000,1499663939000,1.28986,1.28988,1.28985,1.28985,57790000,1
1499663940000,1499663999000,1.28985,1.28988,1.28985,1.28987,65170000,1
1499664000000,1499664059000,1.28988,1.28988,1.28984,1.28984,38000000,1
1499664060000,1499664119000,1.28988,1.2899,1.28987,1.2899,24330000,1
1499664120000,1499664179000,1.2899,1.29006,1.28988,1.29002,63830000,1
1499664180000,1499664239000,1.29002,1.29009,1.29002,1.29005,46540000,1
1499664240000,1499664299000,1.29005,1.29005,1.28986,1.28989,46080000,1
1499664300000,1499664359000,1.28989,1.28992,1.28986,1.28992,51340000,1
1499664360000,1499664419000,1.28992,1.28992,1.28991,1.28991,15880000,1
1499664420000,1499664479000,1.28991,1.28992,1.28991,1.28992,14270000,1
1499664480000,1499664539000,1.28993,1.28993,1.28993,1.28993,26000000,1
1499664540000,1499664599000,1.2899,1.28993,1.28989,1.28992,32530000,1
1499664600000,1499664659000,1.28993,1.29003,1.28992,1.29002,27860000,1
1499664660000,1499664719000,1.29002,1.29003,1.29,1.29001,14690000,1
1499664720000,1499664779000,1.29001,1.29008,1.29001,1.29008,22870000,1
1499664780000,1499664839000,1.29007,1.2901,1.29001,1.29001,22450000,1
1499664840000,1499664899000,1.29001,1.29007,1.28995,1.28996,39360000,1
1499664900000,1499664959000,1.28996,1.28996,1.28995,1.28995,8300000,1
1499664960000,1499665019000,1.28995,1.29001,1.28994,1.29001,51740000,1
1499665020000,1499665079000,1.29003,1.29008,1.28999,1.29,155860000,1
1499665080000,1499665139000,1.29,1.29008,1.29,1.29008,97380000,1
1499665140000,1499665199000,1.29006,1.29006,1.29,1.29001,99230000,1
1499665200000,1499665259000,1.29,1.29001,1.28998,1.28998,22120000,1
1499665260000,1499665319000,1.29002,1.29011,1.29002,1.29006,45290000,1
1499665320000,1499665379000,1.29007,1.29009,1.29,1.29006,44620000,1
1499665380000,1499665439000,1.29006,1.29017,1.29004,1.29017,46440000,1
1499665440000,1499665499000,1.29018,1.29018,1.29016,1.29017,18130000,1
1499665500000,1499665559000,1.29018,1.29018,1.29007,1.29007,31990000,1
1499665560000,1499665619000,1.29007,1.29008,1.29007,1.29007,20280000,1
1499665620000,1499665679000,1.29008,1.29008,1.29002,1.29002,43170000,1
1499665680000,1499665739000,1.29004,1.29005,1.29001,1.29004,40500000,1
1499665740000,1499665799000,1.29004,1.29006,1.29003,1.29003,28670000,1
1499665800000,1499665859000,1.29005,1.2901,1.29003,1.29005,65240000,1
1499665860000,1499665919000,1.29005,1.29022,1.29005,1.29022,35750000,1
1499665920000,1499665979000,1.29027,1.29052,1.29027,1.29043,107970000,1
1499665980000,1499666039000,1.29046,1.29054,1.29046,1.29051,35700000,1
1499666040000,1499666099000,1.29051,1.29051,1.29043,1.29043,35130000,1
1499666100000,1499666159000,1.29043,1.29045,1.2904,1.29045,35070000,1
1499666160000,1499666219000,1.29046,1.2905,1.29046,1.29047,16070000,1
1499666220000,1499666279000,1.29048,1.29049,1.29045,1.29045,16190000,1
1499666280000,1499666339000,1.29048,1.29048,1.29044,1.29045,19620000,1
1499666340000,1499666399000,1.29045,1.29046,1.29034,1.29046,54260000,1
1499666400000,1499666459000,1.29047,1.29048,1.29011,1.29012,109740000,1
1499666460000,1499666519000,1.29014,1.2904,1.29014,1.29039,97820000,1
1499666520000,1499666579000,1.29039,1.29073,1.29039,1.29069,118380000,1
1499666580000,1499666639000,1.29068,1.29076,1.29048,1.29048,116940000,1
1499666640000,1499666699000,1.2905,1.29065,1.2905,1.29059,71750000,1
1499666700000,1499666759000,1.29057,1.29079,1.29047,1.29073,91040000,1
1499666760000,1499666819000,1.29072,1.29073,1.29062,1.29067,67710000,1
1499666820000,1499666879000,1.29067,1.29068,1.29059,1.29059,74230000,1
1499666880000,1499666939000,1.29058,1.29059,1.2905,1.29052,75830000,1
1499666940000,1499666999000,1.29051,1.29072,1.29051,1.29067,87120000,1
1499667000000,1499667059000,1.29066,1.29066,1.29045,1.29058,110390000,1
1499667060000,1499667119000,1.29056,1.29058,1.29049,1.29049,56000000,1
1499667120000,1499667179000,1.29052,1.29062,1.29036,1.29053,93480000,1
1499667180000,1499667239000,1.29054,1.29058,1.29054,1.29057,63900000,1
1499667240000,1499667299000,1.29057,1.29057,1.29034,1.29035,71100000,1
1499667300000,1499667359000,1.29038,1.29053,1.29038,1.29039,101480000,1
1499667360000,1499667419000,1.29039,1.29041,1.29031,1.29033,153320000,1
1499667420000,1499667479000,1.29032,1.29033,1.29014,1.29018,133190000,1
1499667480000,1499667539000,1.29016,1.29028,1.29014,1.29026,77700000,1
1499667540000,1499667599000,1.29026,1.29033,1.29023,1.29032,112260000,1
1499667600000,1499667659000,1.29032,1.29068,1.29032,1.29065,88620000,1
1499667660000,1499667719000,1.29067,1.29073,1.29059,1.29068,87850000,1
1499667720000,1499667779000,1.29068,1.29071,1.29058,1.29063,58540000,1
1499667780000,1499667839000,1.29064,1.29069,1.29052,1.29055,72810000,1
1499667840000,1499667899000,1.29055,1.29061,1.2905,1.29053,69610000,1
1499667900000,1499667959000,1.29053,1.29063,1.29053,1.29063,48720000,1
1499667960000,1499668019000,1.29063,1.29071,1.29057,1.29062,108280000,1
1499668020000,1499668079000,1.29062,1.29073,1.29062,1.2907,124230000,1
1499668080000,1499668139000,1.29069,1.2907,1.29059,1.29068,48310000,1
1499668140000,1499668199000,1.29067,1.29077,1.29067,1.29072,283470000,1
1499668200000,1499668259000,1.29072,1.29073,1.2906,1.29064,121950000,1
1499668260000,1499668319000,1.29065,1.2907,1.29063,1.29069,43490000,1
1499668320000,1499668379000,1.29068,1.29073,1.29068,1.29073,43220000,1
1499668380000,1499668439000,1.29073,1.29076,1.29055,1.29057,85070000,1
1499668440000,1499668499000,1.29059,1.29078,1.29049,1.29049,99300000,1
1499668500000,1499668559000,1.29049,1.29061,1.29048,1.29048,95160000,1
1499668560000,1499668619000,1.2905,1.29051,1.29027,1.29042,107750000,1
1499668620000,1499668679000,1.29041,1.29041,1.29018,1.29023,154430000,1
1499668680000,1499668739000,1.29021,1.29025,1.29016,1.29024,132060000,1
1499668740000,1499668799000,1.29026,1.29027,1.29013,1.29013,111140000,1
1499668800000,1499668859000,1.29012,1.2902,1.29004,1.29006,102470000,1
1499668860000,1499668919000,1.29005,1.29005,1.28977,1.28988,212710000,1
1499668920000,1499668979000,1.28988,1.28999,1.28986,1.28989,109950000,1
1499668980000,1499669039000,1.28989,1.28993,1.28977,1.28982,130340000,1
1499669040000,1499669099000,1.28982,1.28987,1.28965,1.28974,141470000,1
1499669100000,1499669159000,1.28975,1.28984,1.28973,1.28973,69470000,1
1499669160000,1499669219000,1.28973,1.28982,1.28973,1.2898,83220000,1
1499669220000,1499669279000,1.2898,1.2899,1.2898,1.28986,83610000,1
1499669280000,1499669339000,1.28986,1.28991,1.2898,1.2898,134050000,1
1499669340000,1499669399000,1.2898,1.28982,1.28977,1.2898,75760000,1
1499669400000,1499669459000,1.28978,1.28979,1.28968,1.28975,145030000,1
1499669460000,1499669519000,1.28979,1.28982,1.28967,1.28968,91350000,1
1499669520000,1499669579000,1.28968,1.28973,1.28954,1.28967,98890000,1
1499669580000,1499669639000,1.28969,1.28969,1.28929,1.28929,123630000,1
1499669640000,1499669699000,1.28928,1.2893,1.28918,1.28922,115010000,1
1499669700000,1499669759000,1.28921,1.28933,1.2892,1.28933,127410000,1
1499669760000,1499669819000,1.28932,1.28937,1.28931,1.28935,60870000,1
1499669820000,1499669879000,1.28935,1.28937,1.28934,1.28937,65610000,1
1499669880000,1499669939000,1.28937,1.28943,1.28935,1.28935,47160000,1
1499669940000,1499669999000,1.28936,1.28939,1.28922,1.28929,91680000,1
1499670000000,1499670059000,1.28928,1.28945,1.28926,1.2893,137390000,1
1499670060000,1499670119000,1.28932,1.2894,1.28932,1.28935,52020000,1
1499670120000,1499670179000,1.28935,1.28936,1.28935,1.28936,21220000,1
1499670180000,1499670239000,1.28935,1.28964,1.28929,1.28955,119320000,1
1499670240000,1499670299000,1.28954,1.28955,1.28942,1.28945,79070000,1
1499670300000,1499670359000,1.28948,1.28961,1.28947,1.28957,56680000,1
1499670360000,1499670419000,1.28959,1.28965,1.28954,1.28957,104960000,1
1499670420000,1499670479000,1.28957,1.28958,1.28944,1.28958,87190000,1
1499670480000,1499670539000,1.28954,1.28958,1.28943,1.28947,66320000,1
1499670540000,1499670599000,1.28947,1.28967,1.28945,1.28965,160710000,1
1499670600000,1499670659000,1.28965,1.28969,1.28958,1.28967,118360000,1
1499670660000,1499670719000,1.28968,1.28974,1.28959,1.28959,69880000,1
1499670720000,1499670779000,1.28959,1.28968,1.28959,1.28968,34920000,1
1499670780000,1499670839000,1.28968,1.28968,1.28959,1.28961,121680000,1
1499670840000,1499670899000,1.28962,1.28962,1.28934,1.28936,196180000,1
1499670900000,1499670959000,1.28936,1.28945,1.28917,1.28923,89050000,1
1499670960000,1499671019000,1.28923,1.28938,1.28921,1.28938,116180000,1
1499671020000,1499671079000,1.28941,1.28943,1.28933,1.28934,71420000,1
1499671080000,1499671139000,1.28933,1.28933,1.28918,1.28919,108160000,1
1499671140000,1499671199000,1.28918,1.28924,1.28917,1.28921,117850000,1
1499671200000,1499671259000,1.28923,1.28947,1.28922,1.28942,130690000,1
1499671260000,1499671319000,1.2894,1.28942,1.28921,1.2893,172370000,1
1499671320000,1499671379000,1.2893,1.28941,1.2892,1.28934,130910000,1
1499671380000,1499671439000,1.28935,1.28946,1.28933,1.28933,83720000,1
1499671440000,1499671499000,1.28934,1.28941,1.28927,1.2893,143430000,1
1499671500000,1499671559000,1.28929,1.28929,1.28918,1.28919,120610000,1
1499671560000,1499671619000,1.28919,1.28921,1.28917,1.28919,66820000,1
1499671620000,1499671679000,1.28919,1.28919,1.28896,1.28903,115460000,1
1499671680000,1499671739000,1.28903,1.28908,1.28899,1.28902,96480000,1
1499671740000,1499671799000,1.28902,1.28902,1.28896,1.28897,80830000,1
1499671800000,1499671859000,1.28898,1.28906,1.28897,1.28901,117860000,1
1499671860000,1499671919000,1.289,1.28912,1.28899,1.28905,170200000,1
1499671920000,1499671979000,1.28904,1.28914,1.28899,1.289,151300000,1
1499671980000,1499672039000,1.28902,1.28903,1.28836,1.28865,264600000,1
1499672040000,1499672099000,1.28867,1.28907,1.28851,1.28858,190430000,1
1499672100000,1499672159000,1.28855,1.28866,1.28851,1.28858,76410000,1
1499672160000,1499672219000,1.2886,1.28883,1.28853,1.28858,157460000,1
1499672220000,1499672279000,1.28857,1.28858,1.2883,1.28832,123730000,1
1499672280000,1499672339000,1.28832,1.28852,1.28832,1.28843,87740000,1
1499672340000,1499672399000,1.28842,1.28851,1.2882,1.28839,150330000,1
1499672400000,1499672459000,1.28839,1.28856,1.28837,1.28845,119700000,1
1499672460000,1499672519000,1.28844,1.28858,1.28836,1.28858,95730000,1
1499672520000,1499672579000,1.28858,1.28861,1.28853,1.2886,89110000,1
1499672580000,1499672639000,1.2886,1.28863,1.28848,1.2885,159060000,1
1499672640000,1499672699000,1.28852,1.28862,1.28844,1.28847,78090000,1
1499672700000,1499672759000,1.28847,1.28858,1.28846,1.28848,89660000,1
1499672760000,1499672819000,1.28847,1.28868,1.28847,1.28867,89920000,1
1499672820000,1499672879000,1.28868,1.28883,1.28845,1.28845,164330000,1
1499672880000,1499672939000,1.28848,1.28873,1.28847,1.28858,197420000,1
1499672940000,1499672999000,1.28857,1.28858,1.28821,1.28847,176470000,1
1499673000000,1499673059000,1.28847,1.28864,1.28847,1.28863,83280000,1
1499673060000,1499673119000,1.28864,1.28882,1.28851,1.28879,93640000,1
1499673120000,1499673179000,1.28879,1.2892,1.28874,1.28915,80800000,1
1499673180000,1499673239000,1.28914,1.28918,1.28902,1.28904,116840000,1
1499673240000,1499673299000,1.28906,1.28916,1.28899,1.28916,190020000,1
1499673300000,1499673359000,1.28914,1.28928,1.28913,1.28928,156500000,1
1499673360000,1499673419000,1.2893,1.28935,1.28924,1.28932,96280000,1
1499673420000,1499673479000,1.28932,1.28934,1.28908,1.28921,117000000,1
1499673480000,1499673539000,1.2892,1.2892,1.28893,1.28908,174100000,1
1499673540000,1499673599000,1.28908,1.28924,1.28902,1.28923,129610000,1
1499673600000,1499673659000,1.28923,1.28941,1.28918,1.28935,174840000,1
1499673660000,1499673719000,1.28935,1.28946,1.28929,1.28931,113520000,1
1499673720000,1499673779000,1.28931,1.28938,1.28921,1.28924,95830000,1
1499673780000,1499673839000,1.28926,1.28933,1.28893,1.28893,141980000,1
1499673840000,1499673899000,1.28892,1.28906,1.28892,1.28897,184980000,1
1499673900000,1499673959000,1.28897,1.28911,1.28897,1.28904,123110000,1
1499673960000,1499674019000,1.28904,1.28922,1.28901,1.28913,153560000,1
1499674020000,1499674079000,1.28916,1.28945,1.28915,1.28943,114090000,1
1499674080000,1499674139000,1.28944,1.28946,1.28929,1.28932,155800000,1
1499674140000,1499674199000,1.28929,1.28934,1.28893,1.28893,161600000,1
1499674200000,1499674259000,1.28893,1.28909,1.28892,1.28903,180530000,1
1499674260000,1499674319000,1.28902,1.28907,1.2887,1.28871,212200000,1
1499674320000,1499674379000,1.28871,1.28874,1.28856,1.28874,128880000,1
1499674380000,1499674439000,1.28876,1.28881,1.28864,1.28867,103100000,1
1499674440000,1499674499000,1.28865,1.28888,1.28861,1.28884,125280000,1
1499674500000,1499674559000,1.28884,1.28886,1.28874,1.28876,83150000,1
1499674560000,1499674619000,1.28877,1.28885,1.28858,1.28861,160220000,1
1499674620000,1499674679000,1.28861,1.28864,1.2883,1.28863,155030000,1
1499674680000,1499674739000,1.28863,1.28864,1.28844,1.28856,111070000,1
1499674740000,1499674799000,1.28856,1.2888,1.28854,1.2888,34500000,1
1499674800000,1499674859000,1.2888,1.28887,1.28862,1.28875,104760000,1
1499674860000,1499674919000,1.28875,1.289,1.28869,1.289,64040000,1
1499674920000,1499674979000,1.28901,1.28903,1.2888,1.28894,132590000,1
1499674980000,1499675039000,1.28894,1.28898,1.28878,1.28891,88960000,1
1499675040000,1499675099000,1.28891,1.28899,1.28883,1.28887,39060000,1
1499675100000,1499675159000,1.28888,1.28888,1.28873,1.28874,76910000,1
1499675160000,1499675219000,1.28874,1.28891,1.28874,1.28883,130800000,1
1499675220000,1499675279000,1.28883,1.28888,1.28881,1.28883,54790000,1
1499675280000,1499675339000,1.28883,1.28905,1.28883,1.28903,107560000,1
1499675340000,1499675399000,1.28902,1.28908,1.28895,1.28903,87420000,1
1499675400000,1499675459000,1.28904,1.28919,1.28904,1.28911,84360000,1
1499675460000,1499675519000,1.28911,1.28925,1.28911,1.28918,69890000,1
1499675520000,1499675579000,1.2892,1.28929,1.28902,1.28913,125420000,1
1499675580000,1499675639000,1.28912,1.28917,1.28908,1.28909,81670000,1
1499675640000,1499675699000,1.2891,1.28924,1.28908,1.28908,111180000,1
1499675700000,1499675759000,1.2891,1.2891,1.28898,1.28907,58870000,1
1499675760000,1499675819000,1.28908,1.28908,1.28897,1.28907,62140000,1
1499675820000,1499675879000,1.28908,1.28908,1.28887,1.28892,137210000,1
1499675880000,1499675939000,1.2889,1.28892,1.28882,1.28883,128080000,1
1499675940000,1499675999000,1.28884,1.28888,1.28833,1.28833,183680000,1
1499676000000,1499676059000,1.28831,1.28832,1.28758,1.28786,240480000,1
1499676060000,1499676119000,1.28787,1.28787,1.28753,1.28764,234140000,1
1499676120000,1499676179000,1.28763,1.28763,1.28728,1.28732,173970000,1
1499676180000,1499676239000,1.28733,1.28747,1.28696,1.28725,219530000,1
1499676240000,1499676299000,1.28726,1.28741,1.28711,1.28741,130400000,1
1499676300000,1499676359000,1.28741,1.28743,1.28725,1.28726,116810000,1
1499676360000,1499676419000,1.28724,1.28724,1.28695,1.28714,144800000,1
1499676420000,1499676479000,1.2871,1.28735,1.28705,1.28729,110530000,1
1499676480000,1499676539000,1.28732,1.2875,1.28732,1.28742,97490000,1
1499676540000,1499676599000,1.28743,1.28754,1.28737,1.28752,121930000,1
1499676600000,1499676659000,1.2875,1.28757,1.28747,1.28748,84150000,1
1499676660000,1499676719000,1.28747,1.28747,1.28725,1.28726,134230000,1
1499676720000,1499676779000,1.28726,1.28726,1.28716,1.28722,58850000,1
1499676780000,1499676839000,1.28723,1.28726,1.28717,1.28726,87390000,1
1499676840000,1499676899000,1.2873,1.28736,1.28725,1.28736,189640000,1
1499676900000,1499676959000,1.28736,1.28743,1.28733,1.28737,145660000,1
1499676960000,1499677019000,1.28737,1.28744,1.28737,1.28737,139280000,1
1499677020000,1499677079000,1.28741,1.28744,1.28706,1.28715,124790000,1
1499677080000,1499677139000,1.28716,1.28726,1.28702,1.28703,104760000,1
1499677140000,1499677199000,1.28703,1.28705,1.28627,1.28678,187800000,1
1499677200000,1499677259000,1.28679,1.28686,1.28661,1.28671,144840000,1
1499677260000,1499677319000,1.28671,1.28673,1.28652,1.2866,201090000,1
1499677320000,1499677379000,1.28661,1.28673,1.28628,1.2866,174550000,1
1499677380000,1499677439000,1.28658,1.28672,1.2865,1.28666,82640000,1
1499677440000,1499677499000,1.28669,1.28698,1.28664,1.28698,112980000,1
1499677500000,1499677559000,1.28699,1.28715,1.28699,1.28715,90940000,1
1499677560000,1499677619000,1.28715,1.28727,1.28712,1.28722,103090000,1
1499677620000,1499677679000,1.28723,1.28732,1.28704,1.28706,106710000,1
1499677680000,1499677739000,1.28705,1.28705,1.28654,1.28686,117390000,1
1499677740000,1499677799000,1.28683,1.28683,1.28649,1.28654,176510000,1
1499677800000,1499677859000,1.28654,1.28674,1.28652,1.28673,108800000,1
1499677860000,1499677919000,1.28672,1.28695,1.28671,1.28693,81880000,1
1499677920000,1499677979000,1.28693,1.28742,1.28693,1.28718,129440000,1
1499677980000,1499678039000,1.28718,1.28718,1.28703,1.28705,77830000,1
1499678040000,1499678099000,1.28705,1.28728,1.28704,1.28728,108790000,1
1499678100000,1499678159000,1.28727,1.28729,1.28718,1.28728,42490000,1
1499678160000,1499678219000,1.28728,1.28735,1.28719,1.28733,86840000,1
1499678220000,1499678279000,1.28734,1.28736,1.28715,1.28717,94290000,1
1499678280000,1499678339000,1.28717,1.28723,1.28713,1.28718,67430000,1
1499678340000,1499678399000,1.28717,1.28719,1.28707,1.28718,58200000,1
1499678400000,1499678459000,1.28719,1.28729,1.28719,1.28722,57550000,1
1499678460000,1499678519000,1.28722,1.28728,1.28695,1.28696,93290000,1
1499678520000,1499678579000,1.28699,1.28703,1.28679,1.28679,142830000,1
1499678580000,1499678639000,1.28676,1.28676,1.28657,1.28674,157300000,1
1499678640000,1499678699000,1.28673,1.28677,1.28668,1.28676,139670000,1
1499678700000,1499678759000,1.28674,1.28684,1.28674,1.28678,99790000,1
1499678760000,1499678819000,1.28678,1.28693,1.28667,1.28672,121880000,1
1499678820000,1499678879000,1.28672,1.28679,1.28668,1.28668,152100000,1
1499678880000,1499678939000,1.28668,1.28668,1.28654,1.28655,169440000,1
1499678940000,1499678999000,1.28656,1.28676,1.28656,1.28675,129880000,1
1499679000000,1499679059000,1.28675,1.28678,1.28665,1.28668,131560000,1
1499679060000,1499679119000,1.28666,1.28666,1.2865,1.2865,167390000,1
1499679120000,1499679179000,1.2865,1.28653,1.28642,1.28648,170320000,1
1499679180000,1499679239000,1.28648,1.28649,1.28644,1.28646,77600000,1
1499679240000,1499679299000,1.28645,1.28645,1.28619,1.28621,196050000,1
1499679300000,1499679359000,1.28623,1.28625,1.28612,1.28616,76200000,1
1499679360000,1499679419000,1.28621,1.28625,1.28614,1.28623,112460000,1
1499679420000,1499679479000,1.28624,1.28624,1.28617,1.28617,43610000,1
1499679480000,1499679539000,1.28617,1.28633,1.28616,1.28626,57240000,1
1499679540000,1499679599000,1.28625,1.28635,1.28618,1.28622,63230000,1
1499679600000,1499679659000,1.28625,1.28626,1.28618,1.28618,64720000,1
1499679660000,1499679719000,1.28621,1.28624,1.28574,1.28623,137910000,1
1499679720000,1499679779000,1.28623,1.28666,1.28622,1.28643,124790000,1
1499679780000,1499679839000,1.28643,1.28658,1.28642,1.28655,64000000,1
1499679840000,1499679899000,1.28655,1.28667,1.28651,1.28667,51100000,1
1499679900000,1499679959000,1.28667,1.28688,1.28667,1.28683,53590000,1
1499679960000,1499680019000,1.28683,1.28709,1.28683,1.28698,50620000,1
1499680020000,1499680079000,1.28701,1.28702,1.28674,1.28675,103370000,1
1499680080000,1499680139000,1.28675,1.2868,1.28674,1.28674,74510000,1
1499680140000,1499680199000,1.28673,1.28673,1.28655,1.28666,50710000,1
1499680200000,1499680259000,1.28666,1.28693,1.28666,1.28686,100850000,1
1499680260000,1499680319000,1.28686,1.28691,1.28672,1.28672,115840000,1
1499680320000,1499680379000,1.28672,1.28672,1.28645,1.28646,129620000,1
1499680380000,1499680439000,1.28647,1.28666,1.28645,1.28663,219480000,1
1499680440000,1499680499000,1.28663,1.28663,1.28645,1.28648,77990000,1
1499680500000,1499680559000,1.28648,1.28652,1.28642,1.28651,125740000,1
1499680560000,1499680619000,1.28648,1.28649,1.28643,1.28643,60630000,1
1499680620000,1499680679000,1.28643,1.28653,1.28615,1.28642,96220000,1
1499680680000,1499680739000,1.28639,1.28644,1.28613,1.28622,141250000,1
1499680740000,1499680799000,1.28621,1.2864,1.28616,1.28627,168340000,1
1499680800000,1499680859000,1.28629,1.28638,1.28621,1.28638,245560000,1
1499680860000,1499680919000,1.28639,1.28639,1.28621,1.28623,257320000,1
1499680920000,1499680979000,1.28621,1.28622,1.28608,1.28613,90420000,1
1499680980000,1499681039000,1.28614,1.28614,1.28596,1.28602,111010000,1
1499681040000,1499681099000,1.28602,1.28602,1.28593,1.28599,74820000,1
1499681100000,1499681159000,1.28599,1.28603,1.28599,1.286,80450000,1
1499681160000,1499681219000,1.28602,1.28634,1.286,1.28634,58970000,1
1499681220000,1499681279000,1.28634,1.28646,1.28628,1.28644,91300000,1
1499681280000,1499681339000,1.28646,1.28689,1.28645,1.2868,144750000,1
1499681340000,1499681399000,1.28682,1.2869,1.28681,1.28685,70910000,1
1499681400000,1499681459000,1.28685,1.28686,1.28678,1.28681,127080000,1
1499681460000,1499681519000,1.2868,1.28699,1.28678,1.28699,127970000,1
1499681520000,1499681579000,1.28696,1.28706,1.28686,1.28704,75100000,1
1499681580000,1499681639000,1.28704,1.28704,1.28688,1.2869,70120000,1
1499681640000,1499681699000,1.28689,1.2869,1.28685,1.28685,26710000,1
1499681700000,1499681759000,1.28685,1.28685,1.28668,1.28673,82150000,1
1499681760000,1499681819000,1.28676,1.28696,1.28669,1.28677,140040000,1
1499681820000,1499681879000,1.2868,1.2868,1.28666,1.28667,86350000,1
1499681880000,1499681939000,1.28666,1.28669,1.28656,1.28656,73650000,1
1499681940000,1499681999000,1.28656,1.2867,1.28653,1.2867,68070000,1
1499682000000,1499682059000,1.28668,1.28696,1.28668,1.28695,147170000,1
1499682060000,1499682119000,1.28694,1.28708,1.28692,1.28706,129740000,1
1499682120000,1499682179000,1.28706,1.28706,1.28697,1.28703,135350000,1
1499682180000,1499682239000,1.28704,1.28728,1.28704,1.28728,71490000,1
1499682240000,1499682299000,1.28728,1.28744,1.28728,1.28732,99880000,1
1499682300000,1499682359000,1.28733,1.28736,1.28729,1.28731,102940000,1
1499682360000,1499682419000,1.28733,1.28735,1.2873,1.28735,62320000,1
1499682420000,1499682479000,1.28735,1.28735,1.28726,1.28727,74010000,1
1499682480000,1499682539000,1.28726,1.28732,1.28726,1.28728,58060000,1
1499682540000,1499682599000,1.28728,1.2873,1.28727,1.28727,34910000,1
1499682600000,1499682659000,1.28728,1.2873,1.28717,1.28718,97740000,1
1499682660000,1499682719000,1.28718,1.28719,1.28717,1.28717,21670000,1
1499682720000,1499682779000,1.28719,1.28724,1.28712,1.28713,50330000,1
1499682780000,1499682839000,1.28711,1.28716,1.28708,1.2871,46470000,1
1499682840000,1499682899000,1.28712,1.28712,1.28701,1.28709,59130000,1
1499682900000,1499682959000,1.28709,1.28722,1.28708,1.28721,67730000,1
1499682960000,1499683019000,1.2872,1.2872,1.28716,1.28718,91390000,1
1499683020000,1499683079000,1.28718,1.28722,1.28707,1.28708,67300000,1
1499683080000,1499683139000,1.28709,1.28725,1.28709,1.28725,75690000,1
1499683140000,1499683199000,1.28722,1.28723,1.28716,1.28719,30290000,1
1499683200000,1499683259000,1.2872,1.28722,1.28716,1.28721,69440000,1
1499683260000,1499683319000,1.28722,1.28723,1.2872,1.2872,12750000,1
1499683320000,1499683379000,1.2872,1.28721,1.28714,1.28721,55820000,1
1499683380000,1499683439000,1.28719,1.28724,1.28717,1.28724,60610000,1
1499683440000,1499683499000,1.28725,1.28727,1.28721,1.28727,37110000,1
1499683500000,1499683559000,1.28727,1.28743,1.28719,1.28743,170670000,1
1499683560000,1499683619000,1.28746,1.28751,1.28744,1.28746,125470000,1
1499683620000,1499683679000,1.28746,1.28752,1.28744,1.2875,140710000,1
1499683680000,1499683739000,1.2875,1.2875,1.28745,1.28747,50850000,1
1499683740000,1499683799000,1.28748,1.28753,1.28748,1.28753,71350000,1
1499683800000,1499683859000,1.28753,1.28754,1.28752,1.28754,36530000,1
1499683860000,1499683919000,1.28752,1.28766,1.28752,1.28766,33030000,1
1499683920000,1499683979000,1.28767,1.28768,1.28749,1.28755,89830000,1
1499683980000,1499684039000,1.28753,1.28758,1.28753,1.28753,76350000,1
1499684040000,1499684099000,1.28753,1.28758,1.28738,1.28753,95780000,1
1499684100000,1499684159000,1.28753,1.28759,1.28752,1.28758,68020000,1
1499684160000,1499684219000,1.28757,1.28765,1.28756,1.28758,83650000,1
1499684220000,1499684279000,1.28752,1.28758,1.28744,1.28758,57800000,1
1499684280000,1499684339000,1.28756,1.28761,1.28741,1.28742,107550000,1
1499684340000,1499684399000,1.28743,1.28749,1.28739,1.2874,87270000,1
1499684400000,1499684459000,1.28741,1.28755,1.28739,1.28751,138650000,1
1499684460000,1499684519000,1.28749,1.28773,1.28749,1.28771,253830000,1
1499684520000,1499684579000,1.28771,1.28783,1.28771,1.28783,104110000,1
1499684580000,1499684639000,1.28786,1.288,1.28785,1.28798,142510000,1
1499684640000,1499684699000,1.28798,1.28829,1.28798,1.28823,218560000,1
1499684700000,1499684759000,1.28823,1.28838,1.28815,1.28838,269140000,1
1499684760000,1499684819000,1.28837,1.28845,1.28827,1.28845,90530000,1
1499684820000,1499684879000,1.28846,1.28855,1.2882,1.28827,122610000,1
1499684880000,1499684939000,1.28828,1.28833,1.28819,1.28825,83480000,1
1499684940000,1499684999000,1.28827,1.28841,1.28825,1.28841,69110000,1
1499685000000,1499685059000,1.2884,1.28853,1.28837,1.28842,70580000,1
1499685060000,1499685119000,1.28843,1.28851,1.28842,1.28847,41620000,1
1499685120000,1499685179000,1.28848,1.28848,1.28838,1.28838,50990000,1
1499685180000,1499685239000,1.28838,1.2884,1.28824,1.28833,119150000,1
1499685240000,1499685299000,1.28833,1.2885,1.28833,1.28847,76900000,1
1499685300000,1499685359000,1.28847,1.28856,1.28845,1.28848,59090000,1
1499685360000,1499685419000,1.28848,1.28854,1.28848,1.28852,68420000,1
1499685420000,1499685479000,1.28852,1.28911,1.28852,1.28911,147930000,1
1499685480000,1499685539000,1.28912,1.28912,1.28873,1.28885,96430000,1
1499685540000,1499685599000,1.28885,1.28893,1.28865,1.28865,71290000,1
1499685600000,1499685659000,1.28865,1.28878,1.28865,1.28877,59120000,1
1499685660000,1499685719000,1.28878,1.28878,1.28877,1.28877,47000000,1
1499685720000,1499685779000,1.28877,1.28883,1.28872,1.28883,84840000,1
1499685780000,1499685839000,1.28883,1.28892,1.28861,1.28861,273140000,1
1499685840000,1499685899000,1.28864,1.28868,1.28856,1.28859,150350000,1
1499685900000,1499685959000,1.28858,1.2886,1.28849,1.28851,77700000,1
1499685960000,1499686019000,1.28854,1.28854,1.28846,1.28848,62910000,1
1499686020000,1499686079000,1.28848,1.28848,1.28836,1.28844,144990000,1
1499686080000,1499686139000,1.28846,1.28859,1.28833,1.2885,159380000,1
1499686140000,1499686199000,1.2885,1.28855,1.28843,1.28843,51350000,1
1499686200000,1499686259000,1.28844,1.28845,1.28835,1.28835,130320000,1
1499686260000,1499686319000,1.28834,1.28834,1.28823,1.28825,73580000,1
1499686320000,1499686379000,1.28825,1.28831,1.28812,1.28821,108440000,1
1499686380000,1499686439000,1.28821,1.28848,1.28819,1.28848,85030000,1
1499686440000,1499686499000,1.28846,1.28849,1.28828,1.28833,91830000,1
1499686500000,1499686559000,1.28832,1.28833,1.2882,1.28822,116160000,1
1499686560000,1499686619000,1.28822,1.28834,1.28822,1.28834,127910000,1
1499686620000,1499686679000,1.28833,1.28834,1.28823,1.28826,65250000,1
1499686680000,1499686739000,1.28825,1.28833,1.28821,1.28828,57000000,1
1499686740000,1499686799000,1.28826,1.2883,1.28825,1.28826,93640000,1
1499686800000,1499686859000,1.28826,1.28826,1.28811,1.28819,127660000,1
1499686860000,1499686919000,1.28816,1.28842,1.28816,1.28836,88050000,1
1499686920000,1499686979000,1.28836,1.28845,1.28835,1.28845,72370000,1
1499686980000,1499687039000,1.28846,1.28864,1.28846,1.28863,84210000,1
1499687040000,1499687099000,1.28862,1.28878,1.28857,1.28877,118360000,1
1499687100000,1499687159000,1.28878,1.2889,1.28877,1.28886,90020000,1
1499687160000,1499687219000,1.28886,1.28894,1.28882,1.28884,126440000,1
1499687220000,1499687279000,1.28884,1.28887,1.28876,1.28882,133460000,1
1499687280000,1499687339000,1.28884,1.28884,1.28875,1.28877,64720000,1
1499687340000,1499687399000,1.28878,1.28878,1.28857,1.2886,110190000,1
1499687400000,1499687459000,1.28857,1.28863,1.28851,1.28857,127030000,1
1499687460000,1499687519000,1.28856,1.28856,1.28839,1.28855,77010000,1
1499687520000,1499687579000,1.28855,1.28865,1.28847,1.28852,48440000,1
1499687580000,1499687639000,1.2885,1.2885,1.28838,1.28841,51570000,1
1499687640000,1499687699000,1.2884,1.28855,1.2884,1.28854,56280000,1
1499687700000,1499687759000,1.28854,1.28854,1.28848,1.28849,70480000,1
1499687760000,1499687819000,1.28846,1.28853,1.28828,1.28831,125090000,1
1499687820000,1499687879000,1.28831,1.28831,1.28803,1.28803,129000000,1
1499687880000,1499687939000,1.28802,1.28803,1.2878,1.28791,128530000,1
1499687940000,1499687999000,1.28791,1.28814,1.28788,1.28809,104270000,1
1499688000000,1499688059000,1.28807,1.28813,1.28795,1.28795,80430000,1
1499688060000,1499688119000,1.28791,1.28798,1.2877,1.28789,153380000,1
1499688120000,1499688179000,1.2879,1.28793,1.28782,1.28785,65370000,1
1499688180000,1499688239000,1.28787,1.28793,1.28756,1.28761,101730000,1
1499688240000,1499688299000,1.28761,1.28761,1.28741,1.28741,91660000,1
1499688300000,1499688359000,1.28741,1.28745,1.28731,1.28735,118230000,1
1499688360000,1499688419000,1.28735,1.28735,1.28728,1.28733,158900000,1
1499688420000,1499688479000,1.28733,1.28769,1.28733,1.28769,66120000,1
1499688480000,1499688539000,1.28768,1.28777,1.28768,1.28777,54190000,1
1499688540000,1499688599000,1.28776,1.28777,1.28764,1.28767,71630000,1
1499688600000,1499688659000,1.28766,1.28774,1.28758,1.28773,136530000,1
1499688660000,1499688719000,1.28775,1.28786,1.28774,1.28774,107210000,1
1499688720000,1499688779000,1.28775,1.28776,1.28757,1.28763,135380000,1
1499688780000,1499688839000,1.28762,1.28762,1.28741,1.28746,110130000,1
1499688840000,1499688899000,1.28746,1.28751,1.28743,1.28743,126290000,1
1499688900000,1499688959000,1.28746,1.28752,1.28743,1.28744,42340000,1
1499688960000,1499689019000,1.28743,1.28746,1.28733,1.28733,59440000,1
1499689020000,1499689079000,1.28733,1.28763,1.28724,1.28762,107240000,1
1499689080000,1499689139000,1.28763,1.28783,1.28755,1.28783,87610000,1
1499689140000,1499689199000,1.28783,1.28794,1.28778,1.28794,77920000,1
1499689200000,1499689259000,1.28797,1.28797,1.28762,1.28771,165290000,1
1499689260000,1499689319000,1.28774,1.28786,1.28774,1.28786,74050000,1
1499689320000,1499689379000,1.28786,1.28796,1.2878,1.28783,71720000,1
1499689380000,1499689439000,1.28784,1.28795,1.28782,1.28787,61820000,1
1499689440000,1499689499000,1.28787,1.28793,1.2877,1.28776,128200000,1
1499689500000,1499689559000,1.28774,1.28799,1.28774,1.28775,139240000,1
1499689560000,1499689619000,1.28775,1.28788,1.28768,1.28786,86210000,1
1499689620000,1499689679000,1.28785,1.28785,1.28761,1.28769,109420000,1
1499689680000,1499689739000,1.28769,1.28774,1.28765,1.28772,143730000,1
1499689740000,1499689799000,1.28773,1.28773,1.28753,1.28765,59330000,1
1499689800000,1499689859000,1.28765,1.28766,1.28755,1.28764,57430000,1
1499689860000,1499689919000,1.28766,1.28767,1.28756,1.28765,37860000,1
1499689920000,1499689979000,1.28765,1.28774,1.28765,1.28774,15000000,1
1499689980000,1499690039000,1.28774,1.28798,1.28774,1.28792,60980000,1
1499690040000,1499690099000,1.28791,1.28806,1.28786,1.28795,89710000,1
1499690100000,1499690159000,1.28795,1.28795,1.28777,1.28781,66920000,1
1499690160000,1499690219000,1.28783,1.28795,1.28782,1.28784,64450000,1
1499690220000,1499690279000,1.28786,1.28794,1.28786,1.28786,59640000,1
1499690280000,1499690339000,1.28792,1.28821,1.28792,1.28815,84640000,1
1499690340000,1499690399000,1.28814,1.28832,1.28806,1.28832,114880000,1
1499690400000,1499690459000,1.28831,1.28831,1.28817,1.2882,142390000,1
1499690460000,1499690519000,1.2882,1.28824,1.28813,1.28822,91390000,1
1499690520000,1499690579000,1.28819,1.28824,1.28807,1.28812,79340000,1
1499690580000,1499690639000,1.28812,1.28812,1.28794,1.28796,59190000,1
1499690640000,1499690699000,1.28796,1.28805,1.28795,1.28801,92020000,1
1499690700000,1499690759000,1.28801,1.28801,1.28785,1.28787,58790000,1
1499690760000,1499690819000,1.28788,1.2879,1.28783,1.28783,53290000,1
1499690820000,1499690879000,1.28783,1.28785,1.28755,1.28763,97550000,1
1499690880000,1499690939000,1.28763,1.28764,1.28708,1.28718,160430000,1
1499690940000,1499690999000,1.28719,1.28724,1.28705,1.28705,163100000,1
1499691000000,1499691059000,1.2871,1.28715,1.287,1.28714,96150000,1
1499691060000,1499691119000,1.28713,1.28722,1.28711,1.28717,142430000,1
1499691120000,1499691179000,1.28715,1.28729,1.28715,1.28729,120730000,1
1499691180000,1499691239000,1.28728,1.28766,1.28728,1.28766,82660000,1
1499691240000,1499691299000,1.28766,1.28775,1.28766,1.28775,22830000,1
1499691300000,1499691359000,1.28775,1.28777,1.28767,1.28776,65910000,1
1499691360000,1499691419000,1.28774,1.28786,1.28773,1.28777,92140000,1
1499691420000,1499691479000,1.28775,1.28784,1.28765,1.28774,66660000,1
1499691480000,1499691539000,1.28774,1.28785,1.28774,1.28782,36780000,1
1499691540000,1499691599000,1.28782,1.28783,1.28774,1.28779,109050000,1
1499691600000,1499691659000,1.28781,1.28794,1.28781,1.28793,65150000,1
1499691660000,1499691719000,1.28793,1.28793,1.28772,1.28773,40970000,1
1499691720000,1499691779000,1.28773,1.28783,1.28773,1.28782,61930000,1
1499691780000,1499691839000,1.28782,1.28784,1.28772,1.28772,29780000,1
1499691840000,1499691899000,1.28772,1.28786,1.28771,1.28782,97990000,1
1499691900000,1499691959000,1.28783,1.28783,1.28767,1.28776,68820000,1
1499691960000,1499692019000,1.28776,1.28796,1.28776,1.28789,64300000,1
1499692020000,1499692079000,1.28788,1.28792,1.28762,1.28762,73420000,1
1499692080000,1499692139000,1.28763,1.28763,1.28744,1.28747,57470000,1
1499692140000,1499692199000,1.2875,1.28758,1.2874,1.28758,75520000,1
1499692200000,1499692259000,1.28759,1.28773,1.28759,1.28766,95170000,1
1499692260000,1499692319000,1.28766,1.28784,1.28763,1.28784,59380000,1
1499692320000,1499692379000,1.28784,1.28794,1.28783,1.28787,98060000,1
1499692380000,1499692439000,1.28786,1.28791,1.28783,1.28788,158150000,1
1499692440000,1499692499000,1.28787,1.28787,1.28753,1.28755,91680000,1
1499692500000,1499692559000,1.28755,1.28768,1.28753,1.28759,58470000,1
1499692560000,1499692619000,1.28759,1.28759,1.28742,1.28745,78400000,1
1499692620000,1499692679000,1.28745,1.28754,1.28742,1.28753,54120000,1
1499692680000,1499692739000,1.28753,1.28753,1.28729,1.28731,89070000,1
1499692740000,1499692799000,1.28732,1.28737,1.28722,1.28737,81590000,1
1499692800000,1499692859000,1.28738,1.28746,1.28721,1.28721,87520000,1
1499692860000,1499692919000,1.28722,1.28726,1.2871,1.28716,106240000,1
1499692920000,1499692979000,1.28716,1.28732,1.28716,1.28727,90400000,1
1499692980000,1499693039000,1.28727,1.28727,1.28696,1.28706,87030000,1
1499693040000,1499693099000,1.28706,1.28712,1.287,1.28705,68970000,1
1499693100000,1499693159000,1.28705,1.28717,1.28703,1.28717,62730000,1
1499693160000,1499693219000,1.28716,1.28716,1.2871,1.28713,31340000,1
1499693220000,1499693279000,1.28713,1.28717,1.28709,1.28709,70110000,1
1499693280000,1499693339000,1.2871,1.28737,1.2871,1.28736,90970000,1
1499693340000,1499693399000,1.28736,1.2875,1.2873,1.28744,58610000,1
1499693400000,1499693459000,1.28744,1.2876,1.28741,1.28758,124980000,1
1499693460000,1499693519000,1.28757,1.28758,1.28742,1.28744,94100000,1
1499693520000,1499693579000,1.28743,1.28743,1.28728,1.28743,238710000,1
1499693580000,1499693639000,1.28743,1.28747,1.28724,1.28724,303860000,1
1499693640000,1499693699000,1.28724,1.28744,1.2872,1.28742,252330000,1
1499693700000,1499693759000,1.28741,1.28746,1.28738,1.28745,75280000,1
1499693760000,1499693819000,1.28745,1.28751,1.28742,1.28742,49640000,1
1499693820000,1499693879000,1.2874,1.28743,1.28728,1.28732,73440000,1
1499693880000,1499693939000,1.28732,1.28735,1.28723,1.28725,57910000,1
1499693940000,1499693999000,1.28729,1.28729,1.28711,1.28713,102410000,1
1499694000000,1499694059000,1.28714,1.28724,1.28714,1.28721,64720000,1
1499694060000,1499694119000,1.28721,1.28722,1.28713,1.28722,75860000,1
1499694120000,1499694179000,1.28721,1.28725,1.28715,1.28725,23890000,1
1499694180000,1499694239000,1.28726,1.28733,1.28724,1.28727,40650000,1
1499694240000,1499694299000,1.28726,1.28767,1.28721,1.28724,142940000,1
1499694300000,1499694359000,1.28722,1.28722,1.2869,1.28711,93990000,1
1499694360000,1499694419000,1.28711,1.28753,1.28702,1.28713,216130000,1
1499694420000,1499694479000,1.28713,1.28726,1.28712,1.28716,144950000,1
1499694480000,1499694539000,1.28713,1.28738,1.28703,1.28736,92050000,1
1499694540000,1499694599000,1.28737,1.28739,1.28725,1.28734,100810000,1
1499694600000,1499694659000,1.28734,1.28738,1.28725,1.28738,68550000,1
1499694660000,1499694719000,1.28736,1.2874,1.2873,1.2873,61630000,1
1499694720000,1499694779000,1.28731,1.28736,1.28725,1.28735,64760000,1
1499694780000,1499694839000,1.28736,1.28744,1.28734,1.28743,50350000,1
1499694840000,1499694899000,1.28743,1.28762,1.28736,1.28741,89510000,1
1499694900000,1499694959000,1.28742,1.28744,1.28738,1.28742,114150000,1
1499694960000,1499695019000,1.28742,1.28742,1.28718,1.28718,165700000,1
1499695020000,1499695079000,1.28715,1.28715,1.28683,1.28694,118620000,1
1499695080000,1499695139000,1.28693,1.28693,1.28664,1.28664,76000000,1
1499695140000,1499695199000,1.28664,1.28665,1.28652,1.28652,100050000,1
1499695200000,1499695259000,1.28652,1.28657,1.28632,1.28633,184360000,1
1499695260000,1499695319000,1.28632,1.28637,1.28622,1.28623,161070000,1
1499695320000,1499695379000,1.28622,1.2863,1.2861,1.2861,146570000,1
1499695380000,1499695439000,1.28612,1.28652,1.28612,1.28633,213700000,1
1499695440000,1499695499000,1.28636,1.28645,1.28613,1.28625,105190000,1
1499695500000,1499695559000,1.28625,1.28625,1.28602,1.28602,48230000,1
1499695560000,1499695619000,1.28602,1.28619,1.28601,1.28608,60890000,1
1499695620000,1499695679000,1.28606,1.28623,1.28606,1.28623,87250000,1
1499695680000,1499695739000,1.28625,1.28642,1.28622,1.2864,96580000,1
1499695740000,1499695799000,1.28642,1.28643,1.28616,1.28624,88670000,1
1499695800000,1499695859000,1.28624,1.28624,1.28611,1.28612,79340000,1
1499695860000,1499695919000,1.28612,1.28619,1.286,1.28602,86120000,1
1499695920000,1499695979000,1.28601,1.28606,1.28597,1.28605,121460000,1
1499695980000,1499696039000,1.28607,1.28626,1.28604,1.28626,114430000,1
1499696040000,1499696099000,1.28628,1.28633,1.28622,1.28623,72530000,1
1499696100000,1499696159000,1.28623,1.28648,1.28623,1.28646,59970000,1
1499696160000,1499696219000,1.28649,1.28649,1.28623,1.28623,55990000,1
1499696220000,1499696279000,1.28623,1.28625,1.28613,1.28616,50000000,1
1499696280000,1499696339000,1.28616,1.28619,1.28602,1.28604,60880000,1
1499696340000,1499696399000,1.28604,1.28625,1.286,1.28625,58210000,1
1499696400000,1499696459000,1.28625,1.28625,1.28614,1.28618,105840000,1
1499696460000,1499696519000,1.28618,1.28624,1.28608,1.28624,67110000,1
1499696520000,1499696579000,1.28624,1.28625,1.28617,1.28623,111440000,1
1499696580000,1499696639000,1.28623,1.28633,1.28623,1.28633,66440000,1
1499696640000,1499696699000,1.28634,1.28658,1.28632,1.28655,250600000,1
1499696700000,1499696759000,1.28655,1.28656,1.28644,1.28655,153960000,1
1499696760000,1499696819000,1.28657,1.28658,1.28657,1.28657,46620000,1
1499696820000,1499696879000,1.28657,1.28658,1.28648,1.28657,42100000,1
1499696880000,1499696939000,1.28658,1.28668,1.28656,1.28667,55890000,1
1499696940000,1499696999000,1.28668,1.28685,1.28667,1.28683,41970000,1
1499697000000,1499697059000,1.28683,1.28683,1.28654,1.28658,93140000,1
1499697060000,1499697119000,1.28657,1.28658,1.28638,1.28645,76150000,1
1499697120000,1499697179000,1.28644,1.28648,1.28637,1.28641,92030000,1
1499697180000,1499697239000,1.28641,1.28671,1.28641,1.28667,73970000,1
1499697240000,1499697299000,1.28664,1.28665,1.28656,1.28656,84490000,1
1499697300000,1499697359000,1.28656,1.28718,1.28656,1.28707,150540000,1
1499697360000,1499697419000,1.28709,1.28728,1.28707,1.28726,128530000,1
1499697420000,1499697479000,1.28726,1.2873,1.2869,1.2869,106660000,1
1499697480000,1499697539000,1.2869,1.28691,1.28678,1.28687,83260000,1
1499697540000,1499697599000,1.28687,1.28688,1.28663,1.28664,150460000,1
1499697600000,1499697659000,1.28663,1.28665,1.28615,1.28615,167220000,1
1499697660000,1499697719000,1.28615,1.28626,1.28598,1.286,147330000,1
1499697720000,1499697779000,1.286,1.28635,1.28546,1.28614,142580000,1
1499697780000,1499697839000,1.28614,1.28648,1.28611,1.28631,70100000,1
1499697840000,1499697899000,1.28633,1.28634,1.28608,1.28611,163210000,1
1499697900000,1499697959000,1.28612,1.28633,1.28612,1.28627,92750000,1
1499697960000,1499698019000,1.28627,1.28627,1.28613,1.28621,100420000,1
1499698020000,1499698079000,1.28621,1.28624,1.28607,1.2861,98320000,1
1499698080000,1499698139000,1.28609,1.28628,1.28609,1.28627,80120000,1
1499698140000,1499698199000,1.28627,1.28638,1.28618,1.28624,103470000,1
1499698200000,1499698259000,1.28624,1.28633,1.28612,1.28618,106130000,1
1499698260000,1499698319000,1.28617,1.28635,1.28614,1.28633,129940000,1
1499698320000,1499698379000,1.28631,1.28635,1.28629,1.28635,64270000,1
1499698380000,1499698439000,1.28635,1.28656,1.28635,1.28652,94090000,1
1499698440000,1499698499000,1.28652,1.28655,1.28644,1.28647,91140000,1
1499698500000,1499698559000,1.28647,1.28649,1.28632,1.28635,69440000,1
1499698560000,1499698619000,1.28632,1.28636,1.28612,1.28613,66720000,1
1499698620000,1499698679000,1.28612,1.28629,1.28589,1.28624,149940000,1
1499698680000,1499698739000,1.28621,1.28657,1.28585,1.2865,173370000,1
1499698740000,1499698799000,1.28636,1.28653,1.28595,1.28628,194910000,1
1499698800000,1499698859000,1.28625,1.28646,1.28606,1.28642,244230000,1
1499698860000,1499698919000,1.28638,1.28658,1.28611,1.28624,158490000,1
1499698920000,1499698979000,1.28626,1.28645,1.28604,1.2864,102690000,1
1499698980000,1499699039000,1.28639,1.28645,1.28611,1.28622,132180000,1
1499699040000,1499699099000,1.28622,1.28641,1.28622,1.28635,111400000,1
1499699100000,1499699159000,1.28637,1.28645,1.28627,1.28644,80160000,1
1499699160000,1499699219000,1.28644,1.28647,1.28635,1.28635,58060000,1
1499699220000,1499699279000,1.28635,1.28647,1.28633,1.28636,78390000,1
1499699280000,1499699339000,1.28637,1.28642,1.28614,1.28619,91120000,1
1499699340000,1499699399000,1.28619,1.28635,1.28616,1.28634,98430000,1
1499699400000,1499699459000,1.28638,1.28656,1.28631,1.28656,124630000,1
1499699460000,1499699519000,1.28656,1.28684,1.28656,1.28682,92630000,1
1499699520000,1499699579000,1.28682,1.28716,1.28682,1.28712,113250000,1
1499699580000,1499699639000,1.28712,1.28715,1.28703,1.28713,129550000,1
1499699640000,1499699699000,1.28715,1.28725,1.28713,1.28714,91340000,1
1499699700000,1499699759000,1.28713,1.28713,1.28698,1.28707,71720000,1
1499699760000,1499699819000,1.28706,1.28744,1.28705,1.28744,84910000,1
1499699820000,1499699879000,1.28746,1.28757,1.28737,1.28749,88910000,1
1499699880000,1499699939000,1.28749,1.28776,1.28744,1.28765,112180000,1
1499699940000,1499699999000,1.28768,1.28777,1.28761,1.28768,124880000,1
1499700000000,1499700059000,1.28768,1.28806,1.28759,1.28793,120870000,1
1499700060000,1499700119000,1.28793,1.28801,1.28793,1.28793,75120000,1
1499700120000,1499700179000,1.28793,1.28801,1.28782,1.28782,115100000,1
1499700180000,1499700239000,1.28783,1.28789,1.2878,1.28783,114150000,1
1499700240000,1499700299000,1.28782,1.28805,1.28776,1.28805,128100000,1
1499700300000,1499700359000,1.28804,1.28814,1.28789,1.28813,115480000,1
1499700360000,1499700419000,1.28813,1.28844,1.28812,1.28839,199560000,1
1499700420000,1499700479000,1.28837,1.28838,1.28816,1.28821,161350000,1
1499700480000,1499700539000,1.28817,1.28822,1.28807,1.28816,133320000,1
1499700540000,1499700599000,1.28815,1.28824,1.28794,1.28795,117110000,1
1499700600000,1499700659000,1.28796,1.28796,1.2877,1.28782,97950000,1
1499700660000,1499700719000,1.28783,1.28783,1.28779,1.28781,65060000,1
1499700720000,1499700779000,1.28781,1.28793,1.28773,1.28791,117340000,1
1499700780000,1499700839000,1.28789,1.28803,1.28787,1.28799,103560000,1
1499700840000,1499700899000,1.288,1.2884,1.28799,1.28835,185240000,1
1499700900000,1499700959000,1.28835,1.2885,1.28834,1.28842,128980000,1
1499700960000,1499701019000,1.28842,1.28862,1.28834,1.28844,127520000,1
1499701020000,1499701079000,1.28847,1.28869,1.28845,1.28858,163610000,1
1499701080000,1499701139000,1.28858,1.28912,1.28855,1.2889,238350000,1
1499701140000,1499701199000,1.28896,1.28904,1.28893,1.28899,78370000,1
1499701200000,1499701259000,1.28897,1.28912,1.28886,1.28909,102860000,1
1499701260000,1499701319000,1.28907,1.28914,1.28904,1.2891,57500000,1
1499701320000,1499701379000,1.2891,1.28912,1.28897,1.28902,69820000,1
1499701380000,1499701439000,1.28903,1.28904,1.28898,1.289,49990000,1
1499701440000,1499701499000,1.289,1.28902,1.28869,1.28881,86090000,1
1499701500000,1499701559000,1.28881,1.28881,1.28874,1.28876,132440000,1
1499701560000,1499701619000,1.28876,1.28878,1.28859,1.28862,163540000,1
1499701620000,1499701679000,1.28863,1.28876,1.28861,1.28876,156930000,1
1499701680000,1499701739000,1.28875,1.28896,1.28864,1.28892,82730000,1
1499701740000,1499701799000,1.2889,1.28897,1.28874,1.28888,115520000,1
1499701800000,1499701859000,1.28888,1.28891,1.28859,1.28876,70970000,1
1499701860000,1499701919000,1.28874,1.28878,1.28864,1.28864,44510000,1
1499701920000,1499701979000,1.28864,1.28883,1.28864,1.28876,49850000,1
1499701980000,1499702039000,1.28874,1.28877,1.28873,1.28876,22000000,1
1499702040000,1499702099000,1.28874,1.28875,1.28861,1.28864,68700000,1
1499702100000,1499702159000,1.2886,1.28865,1.28846,1.28855,65760000,1
1499702160000,1499702219000,1.28857,1.28867,1.28851,1.28851,56420000,1
1499702220000,1499702279000,1.28851,1.28854,1.28842,1.28845,64840000,1
1499702280000,1499702339000,1.28845,1.28846,1.28838,1.28841,50540000,1
1499702340000,1499702399000,1.28843,1.28845,1.28828,1.28832,128470000,1
1499702400000,1499702459000,1.28836,1.28836,1.28823,1.28825,49260000,1
1499702460000,1499702519000,1.28824,1.28834,1.28813,1.28833,76260000,1
1499702520000,1499702579000,1.28832,1.28843,1.28822,1.28822,45260000,1
1499702580000,1499702639000,1.2882,1.2882,1.2879,1.2879,87210000,1
1499702640000,1499702699000,1.28792,1.28792,1.28789,1.28791,51620000,1
1499702700000,1499702759000,1.28791,1.28834,1.2879,1.28833,87230000,1
1499702760000,1499702819000,1.28835,1.2884,1.28831,1.2884,78890000,1
1499702820000,1499702879000,1.28842,1.28858,1.28842,1.28842,75300000,1
1499702880000,1499702939000,1.28843,1.28844,1.28832,1.28833,63260000,1
1499702940000,1499702999000,1.28836,1.28838,1.28825,1.28825,50100000,1
1499703000000,1499703059000,1.28826,1.2883,1.28824,1.28826,92100000,1
1499703060000,1499703119000,1.28826,1.2883,1.2881,1.28812,58810000,1
1499703120000,1499703179000,1.28811,1.28811,1.28809,1.28811,50490000,1
1499703180000,1499703239000,1.28811,1.2882,1.28806,1.28806,80400000,1
1499703240000,1499703299000,1.28806,1.28811,1.28797,1.28811,48340000,1
1499703300000,1499703359000,1.28811,1.28814,1.28809,1.28811,22600000,1
1499703360000,1499703419000,1.28811,1.28814,1.28807,1.28814,42160000,1
1499703420000,1499703479000,1.28818,1.28823,1.28818,1.28822,56330000,1
1499703480000,1499703539000,1.28822,1.2883,1.28819,1.28822,91660000,1
1499703540000,1499703599000,1.28822,1.28824,1.28802,1.28802,45710000,1
1499703600000,1499703659000,1.28802,1.28802,1.28791,1.28793,69420000,1
1499703660000,1499703719000,1.28792,1.28792,1.28781,1.28787,87560000,1
1499703720000,1499703779000,1.28787,1.2879,1.28782,1.28783,47310000,1
1499703780000,1499703839000,1.28782,1.28785,1.28764,1.28782,120400000,1
1499703840000,1499703899000,1.28783,1.28783,1.28776,1.28776,47000000,1
1499703900000,1499703959000,1.28776,1.28777,1.28765,1.28765,19750000,1
1499703960000,1499704019000,1.28765,1.28769,1.28765,1.28766,36560000,1
1499704020000,1499704079000,1.28766,1.28767,1.28766,1.28767,20500000,1
1499704080000,1499704139000,1.28766,1.28771,1.28765,1.28766,44630000,1
1499704140000,1499704199000,1.28767,1.28767,1.28762,1.28764,44930000,1
1499704200000,1499704259000,1.28764,1.28764,1.28763,1.28763,43030000,1
1499704260000,1499704319000,1.28764,1.28764,1.28763,1.28763,38990000,1
1499704320000,1499704379000,1.28764,1.2877,1.28757,1.28758,56290000,1
1499704380000,1499704439000,1.28758,1.28759,1.28733,1.28736,103980000,1
1499704440000,1499704499000,1.28733,1.28739,1.28711,1.28711,101970000,1
1499704500000,1499704559000,1.28711,1.28724,1.28702,1.28723,97370000,1
1499704560000,1499704619000,1.28723,1.28723,1.28717,1.28721,41830000,1
1499704620000,1499704679000,1.28722,1.28733,1.28722,1.28731,47900000,1
1499704680000,1499704739000,1.28732,1.28734,1.28731,1.28734,31090000,1
1499704740000,1499704799000,1.28741,1.28748,1.28736,1.28746,39350000,1
1499704800000,1499704859000,1.28747,1.28748,1.28744,1.28744,15500000,1
1499704860000,1499704919000,1.28744,1.28745,1.28734,1.28745,36000000,1
1499704920000,1499704979000,1.28745,1.28755,1.28745,1.28753,37980000,1
1499704980000,1499705039000,1.28753,1.28758,1.28753,1.28757,20790000,1
1499705040000,1499705099000,1.28757,1.28758,1.28757,1.28758,19000000,1
1499705100000,1499705159000,1.28758,1.28758,1.28748,1.28752,43790000,1
1499705160000,1499705219000,1.28753,1.28754,1.28744,1.28745,59800000,1
1499705220000,1499705279000,1.28744,1.28749,1.28744,1.28748,70780000,1
1499705280000,1499705339000,1.28748,1.28758,1.28748,1.28753,26260000,1
1499705340000,1499705399000,1.28753,1.28758,1.28753,1.28754,45470000,1
1499705400000,1499705459000,1.28753,1.28758,1.28753,1.28755,19980000,1
1499705460000,1499705519000,1.28758,1.28758,1.28753,1.28755,48540000,1
1499705520000,1499705579000,1.28755,1.28767,1.28755,1.28766,37180000,1
1499705580000,1499705639000,1.28766,1.28766,1.28754,1.28764,56530000,1
1499705640000,1499705699000,1.28764,1.28764,1.28762,1.28763,27570000,1
1499705700000,1499705759000,1.28763,1.28765,1.28745,1.28765,82240000,1
1499705760000,1499705819000,1.28767,1.28768,1.28767,1.28767,25000000,1
1499705820000,1499705879000,1.28767,1.28775,1.28767,1.28775,42150000,1
1499705880000,1499705939000,1.28775,1.28775,1.28768,1.28773,50280000,1
1499705940000,1499705999000,1.28773,1.28774,1.28767,1.28773,39560000,1
1499706000000,1499706059000,1.28772,1.28778,1.28766,1.28777,38710000,1
1499706060000,1499706119000,1.28778,1.28797,1.28777,1.28793,54720000,1
1499706120000,1499706179000,1.28793,1.28798,1.28792,1.28797,32470000,1
1499706180000,1499706239000,1.28797,1.28803,1.28793,1.28796,31790000,1
1499706240000,1499706299000,1.28796,1.28802,1.28796,1.28802,26920000,1
1499706300000,1499706359000,1.28803,1.28804,1.28797,1.28804,9740000,1
1499706360000,1499706419000,1.28804,1.28804,1.28794,1.28794,38490000,1
1499706420000,1499706479000,1.28797,1.28818,1.28797,1.28818,140170000,1
1499706480000,1499706539000,1.28818,1.28825,1.28818,1.28823,151580000,1
1499706540000,1499706599000,1.28826,1.28829,1.28826,1.28827,140730000,1
1499706600000,1499706659000,1.28829,1.28829,1.28816,1.28816,181370000,1
1499706660000,1499706719000,1.28816,1.28846,1.28813,1.28845,187980000,1
1499706720000,1499706779000,1.28847,1.2885,1.2884,1.28847,59010000,1
1499706780000,1499706839000,1.28848,1.28855,1.28846,1.28852,77880000,1
1499706840000,1499706899000,1.28854,1.28865,1.28845,1.2886,52600000,1
1499706900000,1499706959000,1.28858,1.28867,1.28857,1.28863,58390000,1
1499706960000,1499707019000,1.28863,1.28871,1.28858,1.28867,62070000,1
1499707020000,1499707079000,1.28867,1.2887,1.28864,1.28865,54400000,1
1499707080000,1499707139000,1.28864,1.28866,1.28857,1.28858,27860000,1
1499707140000,1499707199000,1.28858,1.28865,1.28858,1.28865,45990000,1
1499707200000,1499707259000,1.28865,1.28873,1.28864,1.28864,33730000,1
1499707260000,1499707319000,1.28862,1.28863,1.28854,1.28854,34540000,1
1499707320000,1499707379000,1.28854,1.28854,1.28847,1.28848,80610000,1
1499707380000,1499707439000,1.28848,1.28854,1.28833,1.28835,83570000,1
1499707440000,1499707499000,1.28834,1.28854,1.28834,1.28851,56850000,1
1499707500000,1499707559000,1.28851,1.28853,1.2885,1.28851,55770000,1
1499707560000,1499707619000,1.28851,1.28866,1.2885,1.28865,77220000,1
1499707620000,1499707679000,1.28865,1.2888,1.28865,1.2888,47320000,1
1499707680000,1499707739000,1.28879,1.28888,1.28879,1.28886,29710000,1
1499707740000,1499707799000,1.28887,1.28888,1.28884,1.28888,17860000,1
1499707800000,1499707859000,1.28888,1.28888,1.28875,1.28878,21360000,1
1499707860000,1499707919000,1.28877,1.28877,1.28865,1.28865,34460000,1
1499707920000,1499707979000,1.28866,1.28868,1.28866,1.28868,23000000,1
1499707980000,1499708039000,1.28867,1.28876,1.28867,1.28876,40120000,1
1499708040000,1499708099000,1.28877,1.28878,1.28873,1.28877,40370000,1
1499708100000,1499708159000,1.28878,1.28878,1.28872,1.28876,28590000,1
1499708160000,1499708219000,1.28876,1.28881,1.28876,1.28878,36490000,1
1499708220000,1499708279000,1.28875,1.28879,1.28873,1.28873,20090000,1
1499708280000,1499708339000,1.28872,1.28873,1.28862,1.28862,34050000,1
1499708340000,1499708399000,1.28863,1.28863,1.28862,1.28862,27340000,1
1499708400000,1499708459000,1.28863,1.28864,1.28863,1.28864,20980000,1
1499708460000,1499708519000,1.28863,1.28864,1.28863,1.28864,3190000,1
1499708520000,1499708579000,1.28864,1.28864,1.28862,1.28863,6360000,1
1499708580000,1499708639000,1.28864,1.28864,1.28864,1.28864,10850000,1
1499708640000,1499708699000,1.28864,1.28874,1.28864,1.28864,24300000,1
1499708700000,1499708759000,1.28864,1.28874,1.28863,1.28874,17870000,1
1499708760000,1499708819000,1.28874,1.28884,1.28874,1.28884,33930000,1
1499708820000,1499708879000,1.28884,1.28891,1.28883,1.28887,40060000,1
1499708880000,1499708939000,1.28887,1.28887,1.28874,1.28876,21240000,1
1499708940000,1499708999000,1.28876,1.28884,1.28875,1.28876,70280000,1
1499709000000,1499709059000,1.28876,1.28891,1.28876,1.28887,90380000,1
1499709060000,1499709119000,1.28886,1.28888,1.28883,1.28888,49140000,1
1499709120000,1499709179000,1.2889,1.28893,1.28886,1.28886,23000000,1
1499709180000,1499709239000,1.28885,1.28892,1.28882,1.28892,34050000,1
1499709240000,1499709299000,1.28892,1.28892,1.28887,1.28887,20610000,1
1499709300000,1499709359000,1.28887,1.28888,1.28887,1.28888,21030000,1
1499709360000,1499709419000,1.28888,1.28895,1.28888,1.28891,14240000,1
1499709420000,1499709479000,1.28892,1.28895,1.28887,1.28889,34990000,1
1499709480000,1499709539000,1.28889,1.28889,1.28876,1.28876,28730000,1
1499709540000,1499709599000,1.28875,1.28876,1.28866,1.2887,31720000,1
1499709600000,1499709659000,1.2887,1.28872,1.28865,1.28865,46450000,1
1499709660000,1499709719000,1.28864,1.28864,1.2885,1.28853,62760000,1
1499709720000,1499709779000,1.28853,1.28854,1.28849,1.28853,41030000,1
1499709780000,1499709839000,1.28852,1.28853,1.28852,1.28853,18740000,1
1499709840000,1499709899000,1.28852,1.28853,1.28852,1.28853,35220000,1
1499709900000,1499709959000,1.28852,1.28852,1.28851,1.28851,29100000,1
1499709960000,1499710019000,1.28851,1.28852,1.2885,1.28852,53230000,1
1499710020000,1499710079000,1.28852,1.28853,1.2885,1.28852,10780000,1
1499710080000,1499710139000,1.28851,1.28851,1.2885,1.2885,52070000,1
1499710140000,1499710199000,1.2885,1.28869,1.2885,1.28869,62650000,1
1499710200000,1499710259000,1.28869,1.28869,1.28857,1.28857,42730000,1
1499710260000,1499710319000,1.28858,1.28864,1.28857,1.28859,20480000,1
1499710320000,1499710379000,1.28861,1.28863,1.28856,1.28856,11860000,1
1499710380000,1499710439000,1.28856,1.28859,1.28854,1.28856,29670000,1
1499710440000,1499710499000,1.28856,1.28864,1.28856,1.28863,39160000,1
1499710500000,1499710559000,1.28863,1.28866,1.28862,1.28866,27450000,1
1499710560000,1499710619000,1.28866,1.28866,1.28865,1.28865,2000000,1
1499710620000,1499710679000,1.28865,1.28865,1.28864,1.28865,8310000,1
1499710680000,1499710739000,1.2886,1.28863,1.28853,1.28862,46720000,1
1499710740000,1499710799000,1.28864,1.28864,1.28854,1.28854,22030000,1
1499710800000,1499710859000,1.28855,1.28857,1.28854,1.28854,37530000,1
1499710860000,1499710919000,1.28854,1.28861,1.28853,1.28854,51630000,1
1499710920000,1499710979000,1.28856,1.28857,1.28853,1.28854,34220000,1
1499710980000,1499711039000,1.28854,1.28856,1.28853,1.28854,31030000,1
1499711040000,1499711099000,1.28854,1.28854,1.28854,1.28854,20650000,1
1499711100000,1499711159000,1.28854,1.28862,1.28854,1.28855,55300000,1
1499711160000,1499711219000,1.28855,1.28863,1.28854,1.28855,34290000,1
1499711220000,1499711279000,1.28856,1.28863,1.28856,1.2886,74740000,1
1499711280000,1499711339000,1.2886,1.2886,1.28847,1.28848,43170000,1
1499711340000,1499711399000,1.28848,1.28865,1.28848,1.28863,65290000,1
1499711400000,1499711459000,1.28862,1.28863,1.28854,1.28854,64880000,1
1499711460000,1499711519000,1.28855,1.28855,1.28854,1.28855,17220000,1
1499711520000,1499711579000,1.28858,1.28858,1.28847,1.28853,37980000,1
1499711580000,1499711639000,1.28853,1.28858,1.28851,1.28857,21370000,1
1499711640000,1499711699000,1.28857,1.2886,1.28857,1.28857,23240000,1
1499711700000,1499711759000,1.28857,1.28862,1.28855,1.28862,21370000,1
1499711760000,1499711819000,1.28859,1.28859,1.28854,1.28854,21370000,1
1499711820000,1499711879000,1.28854,1.28854,1.28854,1.28854,11610000,1
1499711880000,1499711939000,1.28854,1.28854,1.28852,1.28852,37490000,1
1499711940000,1499711999000,1.28853,1.28854,1.2885,1.28853,31170000,1
1499712000000,1499712059000,1.28853,1.28856,1.28853,1.28856,26870000,1
1499712060000,1499712119000,1.28855,1.28856,1.28854,1.28856,17480000,1
1499712120000,1499712179000,1.28856,1.28856,1.28856,1.28856,4740000,1
1499712180000,1499712239000,1.28857,1.28857,1.28853,1.28853,17290000,1
1499712240000,1499712299000,1.28853,1.28865,1.28853,1.28859,63110000,1
1499712300000,1499712359000,1.2886,1.2886,1.28846,1.28851,62520000,1
1499712360000,1499712419000,1.2885,1.28856,1.28843,1.28843,39190000,1
1499712420000,1499712479000,1.28843,1.28845,1.28843,1.28845,23600000,1
1499712480000,1499712539000,1.28844,1.28844,1.28842,1.28843,24030000,1
1499712540000,1499712599000,1.28843,1.28844,1.28843,1.28844,41990000,1
1499712600000,1499712659000,1.28844,1.28848,1.28844,1.28847,20310000,1
1499712660000,1499712719000,1.28848,1.2885,1.28845,1.28845,27000000,1
1499712720000,1499712779000,1.28844,1.28848,1.28843,1.28847,28740000,1
1499712780000,1499712839000,1.28844,1.28844,1.28842,1.28842,87100000,1
1499712840000,1499712899000,1.28842,1.28843,1.28833,1.28833,73840000,1
1499712900000,1499712959000,1.28839,1.28842,1.28832,1.28835,39850000,1
1499712960000,1499713019000,1.28835,1.28839,1.28834,1.28834,28720000,1
1499713020000,1499713079000,1.28835,1.28835,1.28833,1.28833,42450000,1
1499713080000,1499713139000,1.28833,1.28843,1.28832,1.28843,13740000,1
1499713140000,1499713199000,1.28841,1.28848,1.28836,1.28842,90900000,1
1499713200000,1499713259000,1.28838,1.28843,1.28837,1.28838,42030000,1
1499713260000,1499713319000,1.28837,1.28837,1.28832,1.28832,32090000,1
1499713320000,1499713379000,1.28833,1.28839,1.28832,1.28835,28170000,1
1499713380000,1499713439000,1.28835,1.28835,1.28824,1.28826,46200000,1
1499713440000,1499713499000,1.28823,1.28823,1.28801,1.28802,98600000,1
1499713500000,1499713559000,1.28805,1.28815,1.28803,1.2881,51540000,1
1499713560000,1499713619000,1.28809,1.28811,1.28807,1.28809,60800000,1
1499713620000,1499713679000,1.28808,1.28808,1.288,1.288,43600000,1
1499713680000,1499713739000,1.288,1.28802,1.2879,1.28791,61710000,1
1499713740000,1499713799000,1.28791,1.28793,1.28789,1.28792,38530000,1
1499713800000,1499713859000,1.28792,1.28812,1.28792,1.28807,51190000,1
1499713860000,1499713919000,1.28808,1.28814,1.28807,1.28814,38600000,1
1499713920000,1499713979000,1.28814,1.28822,1.28808,1.28817,81060000,1
1499713980000,1499714039000,1.28818,1.28818,1.28817,1.28817,42070000,1
1499714040000,1499714099000,1.28817,1.2882,1.28817,1.28818,45740000,1
1499714100000,1499714159000,1.28817,1.28818,1.28808,1.28808,41110000,1
1499714160000,1499714219000,1.28808,1.28808,1.28807,1.28807,31000000,1
1499714220000,1499714279000,1.28808,1.28816,1.28807,1.28812,52860000,1
1499714280000,1499714339000,1.28812,1.28815,1.28808,1.28812,76410000,1
1499714340000,1499714399000,1.28813,1.28814,1.28807,1.28807,57860000,1
1499714400000,1499714459000,1.28808,1.28809,1.28807,1.28807,42370000,1
1499714460000,1499714519000,1.28808,1.28808,1.28807,1.28807,25000000,1
1499714520000,1499714579000,1.28807,1.28808,1.28807,1.28807,30500000,1
1499714580000,1499714639000,1.28807,1.28808,1.28794,1.28794,55290000,1
1499714640000,1499714699000,1.28794,1.28803,1.28794,1.28799,34750000,1
1499714700000,1499714759000,1.28799,1.288,1.28798,1.28799,32870000,1
1499714760000,1499714819000,1.28799,1.28799,1.28797,1.28797,32000000,1
1499714820000,1499714879000,1.28793,1.28798,1.28789,1.28798,49360000,1
1499714880000,1499714939000,1.28797,1.28808,1.28794,1.28797,56550000,1
1499714940000,1499714999000,1.28797,1.28805,1.28797,1.28803,60280000,1
1499715000000,1499715059000,1.28803,1.28807,1.28787,1.28797,69010000,1
1499715060000,1499715119000,1.28799,1.288,1.28797,1.28797,34420000,1
1499715120000,1499715179000,1.28798,1.28803,1.28795,1.28797,34360000,1
1499715180000,1499715239000,1.28797,1.28798,1.28795,1.28795,33370000,1
1499715240000,1499715299000,1.28795,1.28798,1.28793,1.28793,31300000,1
1499715300000,1499715359000,1.28795,1.28796,1.28789,1.28793,25610000,1
1499715360000,1499715419000,1.28793,1.28794,1.28785,1.28785,20360000,1
1499715420000,1499715479000,1.28785,1.28793,1.28785,1.28792,52630000,1
1499715480000,1499715539000,1.28792,1.28797,1.28792,1.28793,27600000,1
1499715540000,1499715599000,1.28793,1.28798,1.28793,1.28798,22300000,1
1499715600000,1499715659000,1.28798,1.28808,1.28798,1.28806,46410000,1
1499715660000,1499715719000,1.28805,1.28805,1.28795,1.28795,40700000,1
1499715720000,1499715779000,1.28794,1.28795,1.28789,1.28795,38780000,1
1499715780000,1499715839000,1.28795,1.28795,1.28787,1.28787,20120000,1
1499715840000,1499715899000,1.28787,1.28788,1.28783,1.28785,23250000,1
1499715900000,1499715959000,1.28785,1.28789,1.28785,1.28788,24750000,1
1499715960000,1499716019000,1.28788,1.28795,1.28787,1.28788,24120000,1
1499716020000,1499716079000,1.28788,1.28796,1.28787,1.28796,42820000,1
1499716080000,1499716139000,1.28796,1.28799,1.28796,1.28799,16000000,1
1499716140000,1499716199000,1.28799,1.28799,1.28795,1.28795,27990000,1
1499716200000,1499716259000,1.28796,1.28797,1.28795,1.28796,40830000,1
1499716260000,1499716319000,1.28796,1.28804,1.28796,1.28804,37970000,1
1499716320000,1499716379000,1.28806,1.28814,1.28805,1.28805,62460000,1
1499716380000,1499716439000,1.28803,1.28814,1.28802,1.2881,45820000,1
1499716440000,1499716499000,1.28813,1.28813,1.28809,1.28812,39610000,1
1499716500000,1499716559000,1.28812,1.28813,1.28809,1.28809,28730000,1
1499716560000,1499716619000,1.2881,1.28828,1.2881,1.28827,36660000,1
1499716620000,1499716679000,1.28828,1.28828,1.28817,1.28822,84150000,1
1499716680000,1499716739000,1.28823,1.28824,1.28821,1.28823,54230000,1
1499716740000,1499716799000,1.28821,1.28825,1.28819,1.28819,67830000,1
1499716800000,1499716859000,1.28819,1.28821,1.28783,1.28792,79160000,1
1499716860000,1499716919000,1.28792,1.28792,1.28781,1.28783,98500000,1
1499716920000,1499716979000,1.28782,1.28784,1.28782,1.28784,43900000,1
1499716980000,1499717039000,1.28786,1.28786,1.28783,1.28784,14370000,1
1499717040000,1499717099000,1.28785,1.28804,1.28785,1.28798,54700000,1
1499717100000,1499717159000,1.28798,1.288,1.28795,1.28798,42090000,1
1499717160000,1499717219000,1.28798,1.28798,1.28797,1.28797,46710000,1
1499717220000,1499717279000,1.28797,1.288,1.28797,1.28797,35120000,1
1499717280000,1499717339000,1.28797,1.28798,1.28797,1.28797,25000000,1
1499717340000,1499717399000,1.28797,1.28798,1.28797,1.28797,19000000,1
1499717400000,1499717459000,1.28798,1.28808,1.28797,1.28807,50610000,1
1499717460000,1499717519000,1.28808,1.28808,1.28807,1.28807,12000000,1
1499717520000,1499717579000,1.28803,1.28803,1.28802,1.28803,26730000,1
1499717580000,1499717639000,1.28803,1.28803,1.28803,1.28803,8360000,1
1499717640000,1499717699000,1.28803,1.28804,1.28803,1.28803,21030000,1
1499717700000,1499717759000,1.28803,1.28804,1.28799,1.28803,35530000,1
1499717760000,1499717819000,1.28803,1.28803,1.28792,1.28792,21300000,1
1499717820000,1499717879000,1.28792,1.28793,1.28785,1.28792,50860000,1
1499717880000,1499717939000,1.28792,1.28792,1.28792,1.28792,17620000,1
1499717940000,1499717999000,1.28792,1.28794,1.28791,1.28793,32470000,1
1499718000000,1499718059000,1.28793,1.28793,1.28793,1.28793,37860000,1
1499718060000,1499718119000,1.28793,1.28793,1.28792,1.28792,43730000,1
1499718120000,1499718179000,1.28792,1.28792,1.28784,1.28784,38660000,1
1499718180000,1499718239000,1.28784,1.28784,1.28783,1.28783,32100000,1
1499718240000,1499718299000,1.28783,1.28789,1.28783,1.28786,34090000,1
1499718300000,1499718359000,1.28786,1.28786,1.28784,1.28784,30980000,1
1499718360000,1499718419000,1.28784,1.28785,1.28783,1.28784,60710000,1
1499718420000,1499718479000,1.28783,1.28785,1.28783,1.28784,52070000,1
1499718480000,1499718539000,1.28783,1.28787,1.28783,1.28786,134100000,1
1499718540000,1499718599000,1.28786,1.2879,1.28784,1.28785,114830000,1
1499718600000,1499718659000,1.28784,1.28784,1.28782,1.28782,84060000,1
1499718660000,1499718719000,1.28782,1.28784,1.28782,1.28783,80080000,1
1499718720000,1499718779000,1.28782,1.28784,1.28782,1.28782,99170000,1
1499718780000,1499718839000,1.28783,1.28785,1.28782,1.28782,79320000,1
1499718840000,1499718899000,1.28782,1.28783,1.28782,1.28782,92430000,1
1499718900000,1499718959000,1.28782,1.28784,1.28782,1.28783,91570000,1
1499718960000,1499719019000,1.28783,1.28786,1.28783,1.28785,69700000,1
1499719020000,1499719079000,1.28785,1.28793,1.28785,1.28792,50350000,1
1499719080000,1499719139000,1.28792,1.28793,1.28791,1.28793,34600000,1
1499719140000,1499719199000,1.28793,1.28794,1.28792,1.28792,37120000,1
1499719200000,1499719259000,1.28792,1.28795,1.28792,1.28795,25870000,1
1499719260000,1499719319000,1.28795,1.28795,1.28793,1.28793,7000000,1
1499719320000,1499719379000,1.28794,1.28795,1.28794,1.28794,11500000,1
1499719380000,1499719439000,1.28793,1.28793,1.28793,1.28793,47990000,1
1499719440000,1499719499000,1.28793,1.28794,1.28792,1.28794,45330000,1
1499719500000,1499719559000,1.28794,1.28803,1.28792,1.28802,84660000,1
1499719560000,1499719619000,1.28802,1.28804,1.288,1.28801,35510000,1
1499719620000,1499719679000,1.28802,1.28802,1.28792,1.28794,66190000,1
1499719680000,1499719739000,1.28793,1.28794,1.28793,1.28793,33370000,1
1499719740000,1499719799000,1.28793,1.28806,1.28793,1.28805,58310000,1
1499719800000,1499719859000,1.28805,1.28808,1.28798,1.28807,65480000,1
1499719860000,1499719919000,1.28808,1.28808,1.28803,1.28803,39000000,1
1499719920000,1499719979000,1.28803,1.28805,1.28798,1.28802,74070000,1
1499719980000,1499720039000,1.28802,1.28807,1.28798,1.28804,47040000,1
1499720040000,1499720099000,1.28804,1.28814,1.28802,1.28802,38990000,1
1499720100000,1499720159000,1.28802,1.28808,1.28802,1.28808,52680000,1
1499720160000,1499720219000,1.28808,1.28808,1.28805,1.28806,26960000,1
1499720220000,1499720279000,1.28806,1.28806,1.28803,1.28803,17530000,1
1499720280000,1499720339000,1.28803,1.28808,1.28799,1.28808,99950000,1
1499720340000,1499720399000,1.28808,1.28809,1.28799,1.28799,32270000,1
1499720400000,1499720459000,1.28795,1.28798,1.2875,1.28757,9420000,1
1499720460000,1499720519000,1.28757,1.28793,1.28757,1.28793,3060000,1
1499720520000,1499720579000,1.28803,1.28803,1.28798,1.28798,3750000,1
1499720580000,1499720639000,1.28798,1.28799,1.28798,1.28799,2250000,1
1499720640000,1499720699000,1.28799,1.28799,1.28773,1.28773,8000000,1
1499720700000,1499720759000,1.28773,1.28794,1.28773,1.28794,17940000,1
1499720760000,1499720819000,1.28792,1.28792,1.28792,1.28792,4000000,1
1499720820000,1499720879000,1.28792,1.28792,1.2879,1.2879,5000000,1
1499720880000,1499720939000,1.28794,1.28794,1.28789,1.28789,5000000,1
1499720940000,1499720999000,1.28786,1.28786,1.28779,1.28779,7000000,1
1499721000000,1499721059000,1.28779,1.28789,1.28779,1.28789,5000000,1
1499721060000,1499721119000,1.28789,1.28789,1.28785,1.28785,2450000,1
1499721120000,1499721179000,1.28783,1.28809,1.28783,1.28809,9900000,1
1499721180000,1499721239000,1.28809,1.28814,1.28774,1.28775,71820000,1
1499721240000,1499721299000,1.28776,1.28783,1.28775,1.28783,77660000,1
1499721300000,1499721359000,1.28785,1.28806,1.28785,1.28805,59340000,1
1499721360000,1499721419000,1.28805,1.2881,1.288,1.288,34170000,1
1499721420000,1499721479000,1.28798,1.288,1.28798,1.288,30910000,1
1499721480000,1499721539000,1.28796,1.28801,1.28795,1.28796,21570000,1
1499721540000,1499721599000,1.28797,1.288,1.28796,1.28797,41430000,1
1499721600000,1499721659000,1.28808,1.28808,1.28808,1.28808,10000000,1
1499721660000,1499721719000,1.28803,1.28807,1.28803,1.28807,18720000,1
1499721720000,1499721779000,1.28806,1.28806,1.28802,1.28802,4000000,1
1499721780000,1499721839000,1.28806,1.28806,1.28802,1.28802,4000000,1
1499721840000,1499721899000,1.28805,1.28805,1.28805,1.28805,15250000,1
1499721900000,1499721959000,1.28802,1.28805,1.28802,1.28805,10000000,1
1499721960000,1499722019000,1.28802,1.28803,1.28802,1.28803,17450000,1
1499722020000,1499722079000,1.28802,1.28803,1.28802,1.28803,26000000,1
1499722080000,1499722139000,1.28803,1.28807,1.28802,1.28807,82480000,1
1499722140000,1499722199000,1.28807,1.28807,1.28802,1.28802,28010000,1
1499722200000,1499722259000,1.28803,1.28803,1.28802,1.28803,3000000,1
1499722260000,1499722319000,1.28803,1.28805,1.28802,1.28805,34120000,1
1499722320000,1499722379000,1.28805,1.28805,1.288,1.288,36760000,1
1499722380000,1499722439000,1.288,1.28801,1.288,1.288,47280000,1
1499722440000,1499722499000,1.288,1.28802,1.288,1.288,32000000,1
1499722500000,1499722559000,1.288,1.28801,1.288,1.28801,35940000,1
1499722560000,1499722619000,1.288,1.28801,1.288,1.288,87060000,1
1499722620000,1499722679000,1.288,1.28801,1.288,1.28801,36350000,1
1499722680000,1499722739000,1.28803,1.28803,1.288,1.28801,45700000,1
1499722740000,1499722799000,1.288,1.28803,1.288,1.28803,58580000,1
1499722800000,1499722859000,1.28802,1.28803,1.288,1.28801,25990000,1
1499722860000,1499722919000,1.28801,1.28801,1.288,1.28801,66990000,1
1499722920000,1499722979000,1.28801,1.28801,1.288,1.288,28490000,1
1499722980000,1499723039000,1.288,1.288,1.288,1.288,26490000,1
1499723040000,1499723099000,1.288,1.28806,1.288,1.28805,38360000,1
1499723100000,1499723159000,1.28802,1.28809,1.288,1.28809,109770000,1
1499723160000,1499723219000,1.28808,1.28808,1.28804,1.28804,32460000,1
1499723220000,1499723279000,1.28805,1.28811,1.28804,1.28811,49890000,1
1499723280000,1499723339000,1.28812,1.28812,1.28812,1.28812,3000000,1
1499723340000,1499723399000,1.28812,1.28816,1.28812,1.28816,20060000,1
1499723400000,1499723459000,1.28816,1.28816,1.28811,1.28811,19710000,1
1499723460000,1499723519000,1.28812,1.28821,1.28812,1.28815,22500000,1
1499723520000,1499723579000,1.28815,1.28815,1.288,1.288,25120000,1
1499723580000,1499723639000,1.288,1.288,1.28795,1.28796,13610000,1
1499723640000,1499723699000,1.28796,1.28796,1.28792,1.28792,6750000,1
1499723700000,1499723759000,1.28795,1.28797,1.28795,1.28795,55340000,1
1499723760000,1499723819000,1.28797,1.288,1.28797,1.288,28340000,1
1499723820000,1499723879000,1.288,1.28801,1.288,1.288,16850000,1
1499723880000,1499723939000,1.288,1.28801,1.288,1.28801,17610000,1
1499723940000,1499723999000,1.288,1.28801,1.288,1.28801,3740000,1
1499724000000,1499724059000,1.288,1.28813,1.28797,1.28797,21780000,1
1499724060000,1499724119000,1.28795,1.28796,1.28795,1.28795,10120000,1
1499724120000,1499724179000,1.28796,1.28797,1.28795,1.28796,64390000,1
1499724180000,1499724239000,1.28797,1.288,1.28794,1.288,34080000,1
1499724240000,1499724299000,1.288,1.28803,1.28798,1.28801,14750000,1
1499724300000,1499724359000,1.28801,1.28801,1.28795,1.288,13370000,1
1499724360000,1499724419000,1.28799,1.28799,1.28795,1.28795,9000000,1
1499724420000,1499724479000,1.28795,1.28795,1.2879,1.28792,17320000,1
1499724480000,1499724539000,1.28791,1.28795,1.2879,1.28794,33100000,1
1499724540000,1499724599000,1.28794,1.28795,1.28791,1.28791,26140000,1
1499724600000,1499724659000,1.2879,1.28792,1.2879,1.28792,8260000,1
1499724660000,1499724719000,1.28792,1.28794,1.28791,1.28791,10990000,1
1499724720000,1499724779000,1.28791,1.28791,1.28786,1.28788,21130000,1
1499724780000,1499724839000,1.28787,1.28791,1.28784,1.28791,22370000,1
1499724840000,1499724899000,1.28793,1.28793,1.28782,1.28782,12740000,1
1499724900000,1499724959000,1.28782,1.28788,1.28782,1.28788,28210000,1
1499724960000,1499725019000,1.28789,1.28789,1.28784,1.28784,21190000,1
1499725020000,1499725079000,1.28784,1.28785,1.28784,1.28784,12450000,1
1499725080000,1499725139000,1.28784,1.28785,1.28779,1.28779,15620000,1
1499725140000,1499725199000,1.28779,1.28782,1.28779,1.28781,34910000,1
1499725200000,1499725259000,1.2878,1.28782,1.28779,1.28781,24000000,1
1499725260000,1499725319000,1.28781,1.28787,1.28781,1.28786,15430000,1
1499725320000,1499725379000,1.28786,1.28787,1.28785,1.28787,27830000,1
1499725380000,1499725439000,1.28786,1.28792,1.28785,1.28788,50930000,1
1499725440000,1499725499000,1.28787,1.28791,1.28782,1.28782,56110000,1
1499725500000,1499725559000,1.28782,1.28787,1.28782,1.28783,58860000,1
1499725560000,1499725619000,1.28783,1.28787,1.28783,1.28785,57190000,1
1499725620000,1499725679000,1.28785,1.28787,1.28785,1.28785,32660000,1
1499725680000,1499725739000,1.28785,1.28787,1.28783,1.28787,49360000,1
1499725740000,1499725799000,1.28786,1.2879,1.28773,1.28785,135310000,1
1499725800000,1499725859000,1.28785,1.28787,1.28775,1.28775,112310000,1
1499725860000,1499725919000,1.28776,1.2878,1.28774,1.28778,54870000,1
1499725920000,1499725979000,1.28777,1.28778,1.28775,1.28775,149770000,1
1499725980000,1499726039000,1.28775,1.28777,1.28775,1.28775,149090000,1
1499726040000,1499726099000,1.28775,1.28776,1.28773,1.28774,126430000,1
1499726100000,1499726159000,1.28774,1.28778,1.28774,1.28775,100770000,1
1499726160000,1499726219000,1.28775,1.28778,1.28774,1.28777,48370000,1
1499726220000,1499726279000,1.28777,1.28779,1.28776,1.28778,87950000,1
1499726280000,1499726339000,1.28778,1.2878,1.28774,1.28775,172790000,1
1499726340000,1499726399000,1.28775,1.28777,1.28772,1.28775,136620000,1
1499726400000,1499726459000,1.28775,1.28775,1.28773,1.28773,83110000,1
1499726460000,1499726519000,1.28773,1.28775,1.28772,1.28773,66630000,1
1499726520000,1499726579000,1.28774,1.28777,1.28772,1.28775,97430000,1
1499726580000,1499726639000,1.28776,1.28782,1.28774,1.2878,143130000,1
1499726640000,1499726699000,1.2878,1.28782,1.28779,1.28781,34460000,1
1499726700000,1499726759000,1.2878,1.28782,1.28775,1.2878,75450000,1
1499726760000,1499726819000,1.2878,1.2878,1.28775,1.28777,51700000,1
1499726820000,1499726879000,1.28778,1.2878,1.28773,1.28775,73620000,1
1499726880000,1499726939000,1.28776,1.28779,1.28776,1.28779,37700000,1
1499726940000,1499726999000,1.2878,1.28781,1.28773,1.28774,64640000,1
1499727000000,1499727059000,1.28772,1.28781,1.28772,1.28775,67190000,1
1499727060000,1499727119000,1.28775,1.28775,1.28772,1.28773,40250000,1
1499727120000,1499727179000,1.28773,1.28775,1.28773,1.28774,36250000,1
1499727180000,1499727239000,1.28772,1.28775,1.2877,1.28775,53700000,1
1499727240000,1499727299000,1.28775,1.28775,1.2877,1.2877,39880000,1
1499727300000,1499727359000,1.2877,1.28777,1.28769,1.28776,33340000,1
1499727360000,1499727419000,1.28776,1.28783,1.28774,1.28774,22050000,1
1499727420000,1499727479000,1.28775,1.28779,1.28772,1.28778,43630000,1
1499727480000,1499727539000,1.28778,1.2878,1.28774,1.28777,47390000,1
1499727540000,1499727599000,1.28777,1.2878,1.28777,1.28777,38770000,1
1499727600000,1499727659000,1.28777,1.28782,1.28774,1.28774,34580000,1
1499727660000,1499727719000,1.28774,1.28781,1.28772,1.2878,27620000,1
1499727720000,1499727779000,1.2878,1.28788,1.28778,1.28787,36950000,1
1499727780000,1499727839000,1.28787,1.28788,1.28786,1.28786,19950000,1
1499727840000,1499727899000,1.28785,1.28789,1.28785,1.28789,6250000,1
1499727900000,1499727959000,1.28787,1.2879,1.28787,1.2879,6690000,1
1499727960000,1499728019000,1.2879,1.2879,1.28788,1.28788,3250000,1
1499728020000,1499728079000,1.28787,1.28806,1.28782,1.28806,49480000,1
1499728080000,1499728139000,1.28806,1.28806,1.28803,1.28804,26000000,1
1499728140000,1499728199000,1.28804,1.28808,1.28801,1.28808,29140000,1
1499728200000,1499728259000,1.28809,1.28809,1.28809,1.28809,11000000,1
1499728260000,1499728319000,1.28809,1.28809,1.28806,1.28807,17000000,1
1499728320000,1499728379000,1.28806,1.28807,1.28806,1.28807,15250000,1
1499728380000,1499728439000,1.28808,1.28808,1.28806,1.28807,15130000,1
1499728440000,1499728499000,1.28807,1.28807,1.28805,1.28805,21030000,1
1499728500000,1499728559000,1.28805,1.28805,1.28804,1.28804,15180000,1
1499728560000,1499728619000,1.28806,1.28806,1.28803,1.28806,13320000,1
1499728620000,1499728679000,1.28809,1.28809,1.28809,1.28809,14000000,1
1499728680000,1499728739000,1.28809,1.28809,1.28806,1.28807,13380000,1
1499728740000,1499728799000,1.28809,1.28815,1.28806,1.28809,43310000,1
1499728800000,1499728859000,1.28809,1.28809,1.28806,1.28806,37500000,1
1499728860000,1499728919000,1.28806,1.28807,1.28806,1.28806,23000000,1
1499728920000,1499728979000,1.28806,1.28806,1.28789,1.28789,39090000,1
1499728980000,1499729039000,1.28789,1.28789,1.28783,1.28783,15240000,1
1499729040000,1499729099000,1.28783,1.28803,1.28783,1.28801,90590000,1
1499729100000,1499729159000,1.28797,1.28797,1.28791,1.28791,28120000,1
1499729160000,1499729219000,1.28791,1.28791,1.2879,1.2879,5940000,1
1499729220000,1499729279000,1.28788,1.28788,1.28788,1.28788,5550000,1
1499729280000,1499729339000,1.28785,1.28788,1.28783,1.28783,14430000,1
1499729340000,1499729399000,1.28783,1.28783,1.28779,1.28779,12560000,1
1499729400000,1499729459000,1.28779,1.2878,1.28779,1.2878,15550000,1
1499729460000,1499729519000,1.28779,1.28785,1.28779,1.28782,43550000,1
1499729520000,1499729579000,1.28782,1.28783,1.28782,1.28783,23540000,1
1499729580000,1499729639000,1.28783,1.28784,1.28779,1.28782,35790000,1
1499729640000,1499729699000,1.28783,1.28783,1.28779,1.2878,27970000,1
1499729700000,1499729759000,1.2878,1.2878,1.28777,1.28777,45820000,1
1499729760000,1499729819000,1.28778,1.28782,1.28778,1.28781,30850000,1
1499729820000,1499729879000,1.28781,1.28783,1.2878,1.28783,25160000,1
1499729880000,1499729939000,1.28783,1.28785,1.28779,1.28782,47960000,1
1499729940000,1499729999000,1.28782,1.28783,1.28778,1.28782,25800000,1
1499730000000,1499730059000,1.28782,1.28784,1.28782,1.28784,11250000,1
1499730060000,1499730119000,1.28784,1.28784,1.28783,1.28783,6000000,1
1499730120000,1499730179000,1.28782,1.28782,1.28782,1.28782,1000000,1
1499730180000,1499730239000,1.28782,1.28783,1.28782,1.28782,10000000,1
1499730240000,1499730299000,1.28782,1.28782,1.28782,1.28782,8000000,1
1499730300000,1499730359000,1.28782,1.28783,1.2878,1.28782,20170000,1
1499730360000,1499730419000,1.28781,1.28781,1.28781,1.28781,15120000,1
1499730420000,1499730479000,1.2878,1.28788,1.2878,1.28788,15380000,1
1499730480000,1499730539000,1.28788,1.28801,1.28787,1.28787,46240000,1
1499730540000,1499730599000,1.28787,1.28787,1.28782,1.28782,24500000,1
1499730600000,1499730659000,1.28782,1.28782,1.28782,1.28782,16000000,1
1499730660000,1499730719000,1.28782,1.28791,1.28782,1.28789,119230000,1
1499730720000,1499730779000,1.28786,1.28788,1.28782,1.28783,67010000,1
1499730780000,1499730839000,1.28783,1.2879,1.2878,1.28789,64770000,1
1499730840000,1499730899000,1.28789,1.28789,1.28784,1.28788,74640000,1
1499730900000,1499730959000,1.28787,1.28788,1.28784,1.28785,26680000,1
1499730960000,1499731019000,1.28785,1.28786,1.28785,1.28786,8000000,1
1499731020000,1499731079000,1.28786,1.28796,1.28785,1.28796,16690000,1
1499731080000,1499731139000,1.28797,1.28801,1.28797,1.28801,44500000,1
1499731140000,1499731199000,1.28801,1.28802,1.28801,1.28802,24500000,1
1499731200000,1499731259000,1.28799,1.28822,1.28794,1.28821,44250000,1
1499731260000,1499731319000,1.28822,1.28822,1.28814,1.28821,22120000,1
1499731320000,1499731379000,1.2882,1.28822,1.28807,1.28809,41860000,1
1499731380000,1499731439000,1.28807,1.28809,1.28789,1.28789,24860000,1
1499731440000,1499731499000,1.28789,1.2879,1.28786,1.2879,11250000,1
1499731500000,1499731559000,1.28787,1.2879,1.28782,1.28782,11000000,1
1499731560000,1499731619000,1.28782,1.28782,1.28781,1.28782,11000000,1
1499731620000,1499731679000,1.28781,1.28782,1.28781,1.28782,6240000,1
1499731680000,1499731739000,1.2878,1.28782,1.28778,1.28778,26840000,1
1499731740000,1499731799000,1.28778,1.2878,1.28774,1.28779,37170000,1
1499731800000,1499731859000,1.28778,1.28778,1.28777,1.28777,21680000,1
1499731860000,1499731919000,1.28777,1.28784,1.28777,1.28784,9060000,1
1499731920000,1499731979000,1.28784,1.28784,1.2878,1.28781,8500000,1
1499731980000,1499732039000,1.28783,1.28783,1.28783,1.28783,24000000,1
1499732040000,1499732099000,1.28783,1.28787,1.28781,1.28781,25560000,1
1499732100000,1499732159000,1.2878,1.28781,1.2878,1.28781,65990000,1
1499732160000,1499732219000,1.28787,1.2879,1.28785,1.28789,11810000,1
1499732220000,1499732279000,1.28789,1.28792,1.28789,1.28792,21520000,1
1499732280000,1499732339000,1.28792,1.28798,1.2879,1.28798,25130000,1
1499732340000,1499732399000,1.28797,1.28803,1.28789,1.28789,75120000,1
1499732400000,1499732459000,1.28793,1.28794,1.28793,1.28794,12490000,1
1499732460000,1499732519000,1.28794,1.28794,1.2879,1.2879,23230000,1
1499732520000,1499732579000,1.28791,1.28794,1.28789,1.28794,16760000,1
1499732580000,1499732639000,1.28794,1.28795,1.2879,1.2879,29250000,1
1499732640000,1499732699000,1.28791,1.28791,1.2879,1.2879,24560000,1
1499732700000,1499732759000,1.2879,1.28793,1.2879,1.28791,19260000,1
1499732760000,1499732819000,1.28791,1.28791,1.28789,1.2879,47830000,1
1499732820000,1499732879000,1.2879,1.28791,1.28788,1.2879,43180000,1
1499732880000,1499732939000,1.28788,1.28788,1.28779,1.28779,48180000,1
1499732940000,1499732999000,1.28776,1.28776,1.28775,1.28776,23310000,1
1499733000000,1499733059000,1.28776,1.28781,1.28776,1.28777,55260000,1
1499733060000,1499733119000,1.28777,1.28777,1.28773,1.28774,25870000,1
1499733120000,1499733179000,1.28771,1.28773,1.28771,1.28771,19130000,1
1499733180000,1499733239000,1.28771,1.28773,1.28771,1.28771,28250000,1
1499733240000,1499733299000,1.28771,1.28775,1.28765,1.28773,71310000,1
1499733300000,1499733359000,1.28773,1.28773,1.28772,1.28772,13000000,1
1499733360000,1499733419000,1.28772,1.28772,1.28771,1.28771,9690000,1
1499733420000,1499733479000,1.2877,1.28773,1.28769,1.28773,17060000,1
1499733480000,1499733539000,1.28773,1.28773,1.28769,1.28772,19500000,1
1499733540000,1499733599000,1.28772,1.28773,1.28771,1.28773,13810000,1
1499733600000,1499733659000,1.2877,1.28773,1.2877,1.28772,28450000,1
1499733660000,1499733719000,1.28772,1.28772,1.28771,1.28771,11130000,1
1499733720000,1499733779000,1.28771,1.28772,1.28771,1.28772,8760000,1
1499733780000,1499733839000,1.28772,1.28772,1.28769,1.2877,30750000,1
1499733840000,1499733899000,1.2877,1.2877,1.28761,1.28763,28570000,1
1499733900000,1499733959000,1.28759,1.28764,1.28758,1.28759,144800000,1
1499733960000,1499734019000,1.28759,1.28762,1.28757,1.28759,23450000,1
1499734020000,1499734079000,1.28758,1.2876,1.28758,1.28758,7000000,1
1499734080000,1499734139000,1.28757,1.28758,1.28752,1.28752,12500000,1
1499734140000,1499734199000,1.28753,1.28753,1.28752,1.28752,7500000,1
1499734200000,1499734259000,1.28753,1.28753,1.28752,1.28753,11500000,1
1499734260000,1499734319000,1.28752,1.28753,1.28752,1.28752,35000000,1
1499734320000,1499734379000,1.28752,1.28764,1.28751,1.28764,22870000,1
1499734380000,1499734439000,1.28764,1.28764,1.28762,1.28763,5250000,1
1499734440000,1499734499000,1.28765,1.28774,1.28764,1.28774,45570000,1
1499734500000,1499734559000,1.28777,1.28795,1.28777,1.28793,26630000,1
1499734560000,1499734619000,1.28791,1.28792,1.28783,1.28786,37810000,1
1499734620000,1499734679000,1.28792,1.28793,1.28783,1.28783,18870000,1
1499734680000,1499734739000,1.28783,1.28783,1.2877,1.28772,21120000,1
1499734740000,1499734799000,1.28773,1.28774,1.28772,1.28772,27610000,1
1499734800000,1499734859000,1.28772,1.28774,1.28772,1.28774,30380000,1
1499734860000,1499734919000,1.28776,1.28785,1.28776,1.28785,13500000,1
1499734920000,1499734979000,1.28784,1.28788,1.28781,1.28783,33950000,1
1499734980000,1499735039000,1.28782,1.28783,1.28782,1.28782,28590000,1
1499735040000,1499735099000,1.28782,1.28785,1.28774,1.28774,35950000,1
1499735100000,1499735159000,1.28774,1.28775,1.28773,1.28773,21500000,1
1499735160000,1499735219000,1.28773,1.28775,1.28772,1.28774,30500000,1
1499735220000,1499735279000,1.28774,1.28778,1.2877,1.28771,25500000,1
1499735280000,1499735339000,1.2877,1.28774,1.28764,1.28771,48330000,1
1499735340000,1499735399000,1.28771,1.28771,1.28766,1.2877,52050000,1
1499735400000,1499735459000,1.2877,1.28775,1.2877,1.2877,35540000,1
1499735460000,1499735519000,1.2877,1.28777,1.28769,1.28776,20000000,1
1499735520000,1499735579000,1.2877,1.28774,1.28769,1.28773,18070000,1
1499735580000,1499735639000,1.28768,1.28772,1.28766,1.28769,22940000,1
1499735640000,1499735699000,1.28769,1.28771,1.28767,1.28768,37380000,1
1499735700000,1499735759000,1.28769,1.28773,1.28765,1.28766,41820000,1
1499735760000,1499735819000,1.28766,1.28769,1.28764,1.28766,38580000,1
1499735820000,1499735879000,1.28766,1.28767,1.28759,1.2876,38000000,1
1499735880000,1499735939000,1.28759,1.28763,1.28756,1.28761,20000000,1
1499735940000,1499735999000,1.28761,1.2877,1.2876,1.2877,38380000,1
1499736000000,1499736059000,1.28768,1.2877,1.28761,1.28766,63640000,1
1499736060000,1499736119000,1.28766,1.28768,1.28759,1.28759,78870000,1
1499736120000,1499736179000,1.28759,1.28768,1.28758,1.28767,51130000,1
1499736180000,1499736239000,1.28769,1.28776,1.28768,1.28776,51940000,1
1499736240000,1499736299000,1.28775,1.28775,1.2877,1.28772,59500000,1
1499736300000,1499736359000,1.28773,1.28781,1.28771,1.2878,74800000,1
1499736360000,1499736419000,1.2878,1.28781,1.28777,1.28779,72880000,1
1499736420000,1499736479000,1.28779,1.28779,1.28777,1.28777,51700000,1
1499736480000,1499736539000,1.28777,1.28777,1.28768,1.28769,104190000,1
1499736540000,1499736599000,1.28769,1.28769,1.28753,1.28755,83250000,1
1499736600000,1499736659000,1.28753,1.28753,1.28748,1.28749,14880000,1
1499736660000,1499736719000,1.2875,1.28752,1.28749,1.28752,12880000,1
1499736720000,1499736779000,1.28754,1.28771,1.28751,1.28771,52980000,1
1499736780000,1499736839000,1.28773,1.28776,1.28771,1.28774,11500000,1
1499736840000,1499736899000,1.28771,1.28771,1.28763,1.2877,40650000,1
1499736900000,1499736959000,1.2877,1.2877,1.28767,1.28769,25050000,1
1499736960000,1499737019000,1.28769,1.28773,1.28768,1.28772,31220000,1
1499737020000,1499737079000,1.28771,1.28773,1.28768,1.28769,44800000,1
1499737080000,1499737139000,1.28768,1.28769,1.28768,1.28768,15830000,1
1499737140000,1499737199000,1.28768,1.28772,1.28765,1.2877,77810000,1
1499737200000,1499737259000,1.2877,1.2877,1.28768,1.28768,79490000,1
1499737260000,1499737319000,1.28768,1.28776,1.28766,1.28775,76750000,1
1499737320000,1499737379000,1.28775,1.28775,1.2877,1.28771,53270000,1
1499737380000,1499737439000,1.2877,1.28782,1.2877,1.2878,45930000,1
1499737440000,1499737499000,1.2878,1.2878,1.28771,1.28771,21190000,1
1499737500000,1499737559000,1.2877,1.2877,1.28769,1.2877,6070000,1
1499737560000,1499737619000,1.2877,1.2877,1.28768,1.28769,20000000,1
1499737620000,1499737679000,1.28769,1.2877,1.28768,1.28768,10120000,1
1499737680000,1499737739000,1.2877,1.2877,1.2877,1.2877,23900000,1
1499737740000,1499737799000,1.2877,1.2877,1.28769,1.28769,31490000,1
1499737800000,1499737859000,1.28769,1.2877,1.28768,1.28768,15790000,1
1499737860000,1499737919000,1.28769,1.28769,1.28768,1.28769,32060000,1
1499737920000,1499737979000,1.28769,1.2877,1.28767,1.28767,38580000,1
1499737980000,1499738039000,1.28767,1.2877,1.28767,1.2877,12260000,1
1499738040000,1499738099000,1.2877,1.2877,1.28758,1.2876,38720000,1
1499738100000,1499738159000,1.2876,1.28766,1.2876,1.28763,20000000,1
1499738160000,1499738219000,1.28765,1.28766,1.28761,1.28765,37700000,1
1499738220000,1499738279000,1.28763,1.28764,1.28761,1.28762,49300000,1
1499738280000,1499738339000,1.28763,1.28763,1.28762,1.28763,12000000,1
1499738340000,1499738399000,1.28762,1.28763,1.28751,1.28756,76990000,1
1499738400000,1499738459000,1.28756,1.28763,1.28756,1.2876,54000000,1
1499738460000,1499738519000,1.28759,1.28765,1.28755,1.28763,45200000,1
1499738520000,1499738579000,1.28763,1.28763,1.28762,1.28763,15500000,1
1499738580000,1499738639000,1.28762,1.28763,1.28762,1.28762,23690000,1
1499738640000,1499738699000,1.28763,1.28763,1.28757,1.28763,27070000,1
1499738700000,1499738759000,1.28762,1.28763,1.28761,1.28762,17000000,1
1499738760000,1499738819000,1.28762,1.28763,1.28762,1.28762,12500000,1
1499738820000,1499738879000,1.28762,1.28765,1.28762,1.28762,12870000,1
1499738880000,1499738939000,1.28763,1.28772,1.28762,1.28769,33610000,1
1499738940000,1499738999000,1.28769,1.28783,1.28749,1.28781,90890000,1
1499739000000,1499739059000,1.28783,1.2881,1.28782,1.2881,71250000,1
1499739060000,1499739119000,1.2881,1.28819,1.28806,1.28811,43370000,1
1499739120000,1499739179000,1.2881,1.28819,1.2881,1.28818,47370000,1
1499739180000,1499739239000,1.28818,1.28818,1.28816,1.28816,22020000,1
1499739240000,1499739299000,1.28816,1.2882,1.28816,1.28818,37470000,1
1499739300000,1499739359000,1.28818,1.2882,1.28813,1.28813,78830000,1
1499739360000,1499739419000,1.28812,1.28812,1.28807,1.28807,44300000,1
1499739420000,1499739479000,1.28808,1.28813,1.28807,1.28812,57180000,1
1499739480000,1499739539000,1.28813,1.28813,1.28811,1.28812,39120000,1
1499739540000,1499739599000,1.28812,1.28813,1.28808,1.28808,44380000,1
1499739600000,1499739659000,1.28813,1.28813,1.28807,1.28808,53550000,1
1499739660000,1499739719000,1.28808,1.28808,1.28808,1.28808,40030000,1
1499739720000,1499739779000,1.28808,1.28808,1.28808,1.28808,19490000,1
1499739780000,1499739839000,1.28808,1.28808,1.28802,1.28802,48740000,1
1499739840000,1499739899000,1.288,1.28802,1.288,1.28801,30680000,1
1499739900000,1499739959000,1.28802,1.28808,1.28801,1.28807,16980000,1
1499739960000,1499740019000,1.28808,1.2881,1.28807,1.28808,17490000,1
1499740020000,1499740079000,1.28808,1.28813,1.28808,1.28813,21970000,1
1499740080000,1499740139000,1.28812,1.28813,1.28807,1.28808,36560000,1
1499740140000,1499740199000,1.28808,1.28808,1.28802,1.28803,41150000,1
1499740200000,1499740259000,1.28802,1.28803,1.2879,1.28791,42080000,1
1499740260000,1499740319000,1.28792,1.28793,1.28792,1.28792,6000000,1
1499740320000,1499740379000,1.28789,1.28789,1.28777,1.28777,24370000,1
1499740380000,1499740439000,1.28778,1.28778,1.28777,1.28778,14000000,1
1499740440000,1499740499000,1.28777,1.28778,1.28777,1.28777,19360000,1
1499740500000,1499740559000,1.28777,1.28778,1.28777,1.28778,19920000,1
1499740560000,1499740619000,1.28777,1.28782,1.28777,1.28782,52180000,1
1499740620000,1499740679000,1.28783,1.28783,1.28771,1.28772,61560000,1
1499740680000,1499740739000,1.28773,1.28773,1.28762,1.28768,41740000,1
1499740740000,1499740799000,1.28767,1.28768,1.28755,1.28755,35070000,1
1499740800000,1499740859000,1.28749,1.28757,1.28749,1.28757,24370000,1
1499740860000,1499740919000,1.28757,1.2876,1.28754,1.28759,31620000,1
1499740920000,1499740979000,1.28759,1.28797,1.28759,1.28794,99100000,1
1499740980000,1499741039000,1.28793,1.28812,1.28723,1.2873,186290000,1
1499741040000,1499741099000,1.2873,1.28739,1.28718,1.2872,40730000,1
1499741100000,1499741159000,1.28719,1.28741,1.28718,1.28727,82270000,1
1499741160000,1499741219000,1.28727,1.28729,1.28724,1.28724,40660000,1
1499741220000,1499741279000,1.28724,1.28726,1.28724,1.28726,111450000,1
1499741280000,1499741339000,1.28726,1.28735,1.28725,1.28735,117970000,1
1499741340000,1499741399000,1.28735,1.2874,1.28734,1.2874,184120000,1
1499741400000,1499741459000,1.2874,1.28755,1.2874,1.2875,45350000,1
1499741460000,1499741519000,1.28751,1.28751,1.28744,1.28745,63580000,1
1499741520000,1499741579000,1.28745,1.28746,1.28743,1.28745,58410000,1
1499741580000,1499741639000,1.28745,1.2875,1.28745,1.28747,34870000,1
1499741640000,1499741699000,1.28747,1.28754,1.28747,1.28754,22910000,1
1499741700000,1499741759000,1.28754,1.28756,1.28754,1.28756,33220000,1
1499741760000,1499741819000,1.28755,1.28755,1.28748,1.28748,21300000,1
1499741820000,1499741879000,1.28749,1.2875,1.28742,1.28746,39890000,1
1499741880000,1499741939000,1.28746,1.28747,1.28745,1.28746,28630000,1
1499741940000,1499741999000,1.28746,1.28746,1.28742,1.28744,39240000,1
1499742000000,1499742059000,1.28744,1.28751,1.28744,1.28747,23740000,1
1499742060000,1499742119000,1.28746,1.28747,1.28746,1.28746,48630000,1
1499742120000,1499742179000,1.28746,1.28746,1.28746,1.28746,5580000,1
1499742180000,1499742239000,1.28746,1.28755,1.28746,1.28755,28620000,1
1499742240000,1499742299000,1.28755,1.2876,1.28754,1.28756,37110000,1
1499742300000,1499742359000,1.28755,1.28758,1.28755,1.28757,14330000,1
1499742360000,1499742419000,1.28757,1.28758,1.28757,1.28758,29720000,1
1499742420000,1499742479000,1.28758,1.28767,1.28758,1.28767,36750000,1
1499742480000,1499742539000,1.28767,1.2877,1.28755,1.28769,63290000,1
1499742540000,1499742599000,1.28769,1.28786,1.28768,1.28768,66370000,1
1499742600000,1499742659000,1.28768,1.28778,1.28765,1.28777,30050000,1
1499742660000,1499742719000,1.28777,1.2878,1.28777,1.2878,7340000,1
1499742720000,1499742779000,1.28778,1.28785,1.28778,1.28785,13100000,1
1499742780000,1499742839000,1.28786,1.28788,1.28786,1.28788,11000000,1
1499742840000,1499742899000,1.28787,1.28788,1.28787,1.28788,28110000,1
1499742900000,1499742959000,1.28788,1.28803,1.28788,1.28802,32070000,1
1499742960000,1499743019000,1.28803,1.28803,1.28786,1.28787,30450000,1
1499743020000,1499743079000,1.28788,1.28793,1.28787,1.28793,19000000,1
1499743080000,1499743139000,1.28792,1.28798,1.28788,1.28792,32000000,1
1499743140000,1499743199000,1.28793,1.28793,1.28793,1.28793,3000000,1
1499743200000,1499743259000,1.28793,1.28793,1.28792,1.28793,15000000,1
1499743260000,1499743319000,1.28793,1.28796,1.28788,1.28788,45150000,1
1499743320000,1499743379000,1.28786,1.28787,1.28786,1.28787,36570000,1
1499743380000,1499743439000,1.28787,1.2879,1.28787,1.28788,53480000,1
1499743440000,1499743499000,1.28788,1.28788,1.28786,1.28787,24450000,1
1499743500000,1499743559000,1.28785,1.28788,1.28785,1.28786,19310000,1
1499743560000,1499743619000,1.28786,1.28787,1.28786,1.28787,8950000,1
1499743620000,1499743679000,1.28786,1.28786,1.28786,1.28786,10000000,1
1499743680000,1499743739000,1.28786,1.28786,1.28783,1.28784,19490000,1
1499743740000,1499743799000,1.28785,1.28785,1.28785,1.28785,1000000,1
1499743800000,1499743859000,1.28784,1.28784,1.28782,1.28784,21800000,1
1499743860000,1499743919000,1.28794,1.28808,1.28793,1.28805,53340000,1
1499743920000,1499743979000,1.28804,1.28805,1.2879,1.2879,41770000,1
1499743980000,1499744039000,1.2879,1.28795,1.28786,1.28786,33130000,1
1499744040000,1499744099000,1.28785,1.28785,1.28785,1.28785,8260000,1
1499744100000,1499744159000,1.28785,1.28786,1.28784,1.28785,29910000,1
1499744160000,1499744219000,1.28785,1.28786,1.28785,1.28785,14370000,1
1499744220000,1499744279000,1.28788,1.28788,1.28787,1.28787,3120000,1
1499744280000,1499744339000,1.28786,1.28786,1.28785,1.28786,21000000,1
1499744340000,1499744399000,1.28787,1.28787,1.28785,1.28786,65880000,1
1499744400000,1499744459000,1.28786,1.28786,1.28779,1.28781,40480000,1
1499744460000,1499744519000,1.2878,1.2878,1.28766,1.28777,51260000,1
1499744520000,1499744579000,1.28777,1.28777,1.28774,1.28776,21220000,1
1499744580000,1499744639000,1.28777,1.28777,1.28776,1.28776,7870000,1
1499744640000,1499744699000,1.28776,1.28776,1.28776,1.28776,3000000,1
1499744700000,1499744759000,1.28776,1.28778,1.28776,1.28777,8000000,1
1499744760000,1499744819000,1.28777,1.28778,1.28777,1.28778,12870000,1
1499744820000,1499744879000,1.28777,1.28778,1.28777,1.28777,24500000,1
1499744880000,1499744939000,1.28778,1.28789,1.28777,1.28789,26870000,1
1499744940000,1499744999000,1.28789,1.2879,1.28787,1.2879,22500000,1
1499745000000,1499745059000,1.28787,1.28788,1.28787,1.28788,20980000,1
1499745060000,1499745119000,1.28787,1.28788,1.28787,1.28788,19000000,1
1499745120000,1499745179000,1.28788,1.28793,1.28787,1.28793,21000000,1
1499745180000,1499745239000,1.28793,1.28793,1.28792,1.28793,14000000,1
1499745240000,1499745299000,1.28793,1.28793,1.28792,1.28792,11000000,1
1499745300000,1499745359000,1.28792,1.28793,1.28787,1.28787,16250000,1
1499745360000,1499745419000,1.28788,1.28788,1.28786,1.28787,13240000,1
1499745420000,1499745479000,1.28789,1.28798,1.28785,1.28787,58330000,1
1499745480000,1499745539000,1.28788,1.28798,1.28787,1.28797,95870000,1
1499745540000,1499745599000,1.28798,1.28798,1.28797,1.28797,28000000,1
1499745600000,1499745659000,1.28798,1.28809,1.28797,1.28808,44750000,1
1499745660000,1499745719000,1.28807,1.28808,1.28807,1.28808,14000000,1
1499745720000,1499745779000,1.28807,1.28808,1.28807,1.28808,15000000,1
1499745780000,1499745839000,1.28808,1.28808,1.28807,1.28808,33250000,1
1499745840000,1499745899000,1.28807,1.28808,1.28797,1.28797,32460000,1
1499745900000,1499745959000,1.28797,1.28798,1.28786,1.28787,26320000,1
1499745960000,1499746019000,1.28788,1.28788,1.28787,1.28787,21000000,1
1499746020000,1499746079000,1.28788,1.28793,1.28787,1.2879,36620000,1
1499746080000,1499746139000,1.2879,1.28797,1.28787,1.28794,22190000,1
1499746140000,1499746199000,1.28797,1.28803,1.28797,1.288,24250000,1
1499746200000,1499746259000,1.28799,1.28803,1.28799,1.28803,7500000,1
1499746260000,1499746319000,1.28802,1.28808,1.28802,1.28807,28000000,1
1499746320000,1499746379000,1.28802,1.28808,1.288,1.288,46370000,1
1499746380000,1499746439000,1.28799,1.28799,1.28789,1.28792,112240000,1
1499746440000,1499746499000,1.28793,1.28793,1.28788,1.28789,25060000,1
1499746500000,1499746559000,1.28787,1.28793,1.28787,1.28791,40620000,1
1499746560000,1499746619000,1.28791,1.28793,1.28789,1.28793,10000000,1
1499746620000,1499746679000,1.28793,1.28793,1.28792,1.28792,11500000,1
1499746680000,1499746739000,1.28791,1.28799,1.28791,1.28797,23690000,1
1499746740000,1499746799000,1.28799,1.28803,1.28798,1.28802,7000000,1
1499746800000,1499746859000,1.28803,1.28803,1.28776,1.28776,39720000,1
1499746860000,1499746919000,1.28775,1.28808,1.2877,1.28808,119480000,1
1499746920000,1499746979000,1.28807,1.28808,1.28804,1.28807,16380000,1
1499746980000,1499747039000,1.28807,1.28808,1.28807,1.28808,27090000,1
1499747040000,1499747099000,1.28808,1.28809,1.28807,1.28807,12440000,1
1499747100000,1499747159000,1.28807,1.28811,1.28807,1.28808,43260000,1
1499747160000,1499747219000,1.28808,1.28808,1.28806,1.28806,22450000,1
1499747220000,1499747279000,1.28806,1.28807,1.28799,1.28807,30950000,1
1499747280000,1499747339000,1.28807,1.28811,1.28807,1.28811,87620000,1
1499747340000,1499747399000,1.2881,1.28813,1.28805,1.28805,141840000,1
1499747400000,1499747459000,1.28805,1.28806,1.2879,1.2879,35160000,1
1499747460000,1499747519000,1.28789,1.2879,1.28787,1.28789,33230000,1
1499747520000,1499747579000,1.28789,1.2879,1.28788,1.2879,26020000,1
1499747580000,1499747639000,1.28788,1.2879,1.28788,1.28789,28120000,1
1499747640000,1499747699000,1.2879,1.2879,1.28789,1.28789,6880000,1
1499747700000,1499747759000,1.28789,1.28799,1.28788,1.28798,15380000,1
1499747760000,1499747819000,1.28798,1.28806,1.28797,1.28797,20940000,1
1499747820000,1499747879000,1.28796,1.28797,1.28796,1.28797,13680000,1
1499747880000,1499747939000,1.28797,1.28797,1.2879,1.2879,25550000,1
1499747940000,1499747999000,1.2879,1.28791,1.28789,1.28789,23170000,1
1499748000000,1499748059000,1.2879,1.28798,1.28789,1.28796,42370000,1
1499748060000,1499748119000,1.28797,1.28799,1.28797,1.28798,5690000,1
1499748120000,1499748179000,1.28798,1.28798,1.28795,1.28797,12690000,1
1499748180000,1499748239000,1.28797,1.28802,1.28797,1.28802,9180000,1
1499748240000,1499748299000,1.28802,1.28802,1.28799,1.28799,3000000,1
1499748300000,1499748359000,1.28799,1.288,1.28797,1.28798,9360000,1
1499748360000,1499748419000,1.28798,1.28798,1.28798,1.28798,11870000,1
1499748420000,1499748479000,1.28798,1.28798,1.28796,1.28796,11070000,1
1499748480000,1499748539000,1.28797,1.28797,1.28795,1.28795,27740000,1
1499748540000,1499748599000,1.28795,1.28797,1.28795,1.28797,34610000,1
1499748600000,1499748659000,1.28796,1.28796,1.2879,1.28793,52980000,1
1499748660000,1499748719000,1.28793,1.28796,1.28783,1.28783,35600000,1
1499748720000,1499748779000,1.2878,1.28781,1.28757,1.28771,106580000,1
1499748780000,1499748839000,1.28769,1.2877,1.28759,1.28767,64240000,1
1499748840000,1499748899000,1.28767,1.2877,1.28767,1.28768,30610000,1
1499748900000,1499748959000,1.28768,1.28768,1.28754,1.28754,79460000,1
1499748960000,1499749019000,1.28754,1.28754,1.28745,1.28745,90260000,1
1499749020000,1499749079000,1.28746,1.28768,1.28746,1.28768,29370000,1
1499749080000,1499749139000,1.28767,1.28776,1.28767,1.28771,66830000,1
1499749140000,1499749199000,1.28772,1.28775,1.28768,1.28774,42560000,1
1499749200000,1499749259000,1.28774,1.28778,1.28774,1.28778,36090000,1
1499749260000,1499749319000,1.28777,1.28777,1.2877,1.28772,33870000,1
1499749320000,1499749379000,1.28772,1.28772,1.28741,1.28741,48210000,1
1499749380000,1499749439000,1.28741,1.28748,1.28732,1.28733,113750000,1
1499749440000,1499749499000,1.28731,1.28733,1.28724,1.28724,48470000,1
1499749500000,1499749559000,1.28724,1.28733,1.28717,1.28733,52940000,1
1499749560000,1499749619000,1.28733,1.28735,1.28732,1.28734,55040000,1
1499749620000,1499749679000,1.28734,1.28737,1.28733,1.28736,22700000,1
1499749680000,1499749739000,1.28736,1.28738,1.28736,1.28737,3570000,1
1499749740000,1499749799000,1.28737,1.28744,1.28733,1.28733,26670000,1
1499749800000,1499749859000,1.28735,1.28737,1.28734,1.28735,15700000,1
1499749860000,1499749919000,1.28735,1.28735,1.28735,1.28735,9000000,1
1499749920000,1499749979000,1.28737,1.28739,1.28736,1.28737,17000000,1
1499749980000,1499750039000,1.28737,1.28739,1.28736,1.28736,14250000,1
1499750040000,1499750099000,1.28736,1.28738,1.28733,1.28738,15430000,1
1499750100000,1499750159000,1.28737,1.2874,1.28728,1.28728,37410000,1
1499750160000,1499750219000,1.28728,1.28729,1.28713,1.28713,144970000,1
1499750220000,1499750279000,1.28713,1.28715,1.28712,1.28714,28800000,1
1499750280000,1499750339000,1.28715,1.28715,1.28704,1.28714,37660000,1
1499750340000,1499750399000,1.28714,1.28714,1.28708,1.28708,53950000,1
1499750400000,1499750459000,1.28707,1.28708,1.28707,1.28707,11840000,1
1499750460000,1499750519000,1.28707,1.28715,1.28705,1.28715,20600000,1
1499750520000,1499750579000,1.28715,1.28716,1.28712,1.28712,21500000,1
1499750580000,1499750639000,1.28713,1.2872,1.28713,1.28718,12500000,1
1499750640000,1499750699000,1.2872,1.2872,1.28716,1.28717,14360000,1
1499750700000,1499750759000,1.28717,1.28717,1.28717,1.28717,18860000,1
1499750760000,1499750819000,1.28717,1.28717,1.28717,1.28717,4250000,1
1499750820000,1499750879000,1.28717,1.28717,1.28717,1.28717,1980000,1
1499750880000,1499750939000,1.28717,1.28717,1.28717,1.28717,990000,1
1499750940000,1499750999000,1.28717,1.28717,1.28717,1.28717,2970000,1
1499751000000,1499751059000,1.28717,1.28717,1.28717,1.28717,990000,1
1499751060000,1499751119000,1.28717,1.28717,1.28717,1.28717,990000,1
1499751120000,1499751179000,1.28717,1.28717,1.28717,1.28717,4950000,1
1499751180000,1499751239000,1.28717,1.28717,1.28717,1.28717,9900000,1
1499751240000,1499751299000,1.28717,1.28717,1.28717,1.28717,990000,1
1499751300000,1499751359000,1.28717,1.28717,1.28708,1.28713,76420000,1
1499751360000,1499751419000,1.28713,1.28716,1.28713,1.28714,50340000,1
1499751420000,1499751479000,1.28714,1.28716,1.28712,1.28716,34750000,1
1499751480000,1499751539000,1.28714,1.28715,1.28712,1.28712,38770000,1
1499751540000,1499751599000,1.28712,1.28712,1.28696,1.28703,38280000,1
1499751600000,1499751659000,1.28702,1.28706,1.28702,1.28702,13430000,1
1499751660000,1499751719000,1.28702,1.28706,1.28702,1.28705,17030000,1
1499751720000,1499751779000,1.28704,1.28705,1.28702,1.28704,16810000,1
1499751780000,1499751839000,1.28705,1.28705,1.28703,1.28705,30630000,1
1499751840000,1499751899000,1.28705,1.28707,1.28704,1.28707,11060000,1
1499751900000,1499751959000,1.28704,1.28708,1.28704,1.28706,23110000,1
1499751960000,1499752019000,1.28706,1.28707,1.28698,1.28699,65990000,1
1499752020000,1499752079000,1.28699,1.28724,1.28699,1.28719,64770000,1
1499752080000,1499752139000,1.28719,1.28722,1.28713,1.28715,43850000,1
1499752140000,1499752199000,1.28715,1.28715,1.28708,1.28708,19840000,1
1499752200000,1499752259000,1.28706,1.28707,1.28698,1.28701,65230000,1
1499752260000,1499752319000,1.28701,1.2872,1.28701,1.28719,36660000,1
1499752320000,1499752379000,1.28719,1.28727,1.28718,1.28727,43120000,1
1499752380000,1499752439000,1.28726,1.28734,1.28725,1.28728,53520000,1
1499752440000,1499752499000,1.28728,1.28731,1.28725,1.28726,26980000,1
1499752500000,1499752559000,1.28728,1.28738,1.28728,1.28737,23620000,1
1499752560000,1499752619000,1.28737,1.28747,1.28737,1.28746,20130000,1
1499752620000,1499752679000,1.28745,1.28747,1.28737,1.28737,52510000,1
1499752680000,1499752739000,1.28737,1.28747,1.28733,1.28747,60080000,1
1499752740000,1499752799000,1.28749,1.28749,1.28733,1.28733,35510000,1
1499752800000,1499752859000,1.28732,1.28738,1.28726,1.28726,65260000,1
1499752860000,1499752919000,1.28724,1.28724,1.28714,1.28719,70800000,1
1499752920000,1499752979000,1.28717,1.28737,1.28716,1.28737,43400000,1
1499752980000,1499753039000,1.28736,1.28751,1.28736,1.28745,28100000,1
1499753040000,1499753099000,1.28745,1.2875,1.28745,1.28746,35010000,1
1499753100000,1499753159000,1.28747,1.28748,1.28744,1.28747,39280000,1
1499753160000,1499753219000,1.28748,1.28758,1.28748,1.28754,69790000,1
1499753220000,1499753279000,1.28756,1.28758,1.28747,1.28755,99140000,1
1499753280000,1499753339000,1.28754,1.28758,1.2874,1.28758,64100000,1
1499753340000,1499753399000,1.28756,1.28758,1.28746,1.28748,48510000,1
1499753400000,1499753459000,1.28749,1.28758,1.28747,1.28758,33600000,1
1499753460000,1499753519000,1.28757,1.28789,1.28757,1.28789,63820000,1
1499753520000,1499753579000,1.28795,1.28795,1.28767,1.28773,58640000,1
1499753580000,1499753639000,1.28772,1.28773,1.2877,1.2877,20620000,1
1499753640000,1499753699000,1.2877,1.28777,1.28765,1.28769,71620000,1
1499753700000,1499753759000,1.28767,1.288,1.28767,1.28788,106940000,1
1499753760000,1499753819000,1.28788,1.28842,1.28788,1.28839,119610000,1
1499753820000,1499753879000,1.28839,1.28839,1.28819,1.28828,49110000,1
1499753880000,1499753939000,1.28829,1.28835,1.28819,1.2883,72310000,1
1499753940000,1499753999000,1.28832,1.28839,1.28829,1.28832,41600000,1
1499754000000,1499754059000,1.28831,1.28832,1.28803,1.28806,62890000,1
1499754060000,1499754119000,1.28808,1.28825,1.28807,1.28821,42980000,1
1499754120000,1499754179000,1.2882,1.28833,1.28819,1.28828,42710000,1
1499754180000,1499754239000,1.28828,1.28828,1.28802,1.28806,61960000,1
1499754240000,1499754299000,1.28805,1.28822,1.28805,1.28806,65530000,1
1499754300000,1499754359000,1.28806,1.28808,1.28806,1.28806,26850000,1
1499754360000,1499754419000,1.28808,1.28847,1.28807,1.28842,84320000,1
1499754420000,1499754479000,1.28843,1.28853,1.28829,1.28837,70670000,1
1499754480000,1499754539000,1.28838,1.28846,1.2882,1.28845,120740000,1
1499754540000,1499754599000,1.28844,1.28844,1.2881,1.2881,82910000,1
1499754600000,1499754659000,1.28808,1.28809,1.28799,1.28799,49550000,1
1499754660000,1499754719000,1.28799,1.28801,1.28791,1.28792,81400000,1
1499754720000,1499754779000,1.28791,1.28799,1.28791,1.28799,69130000,1
1499754780000,1499754839000,1.28797,1.28807,1.28796,1.28806,48670000,1
1499754840000,1499754899000,1.28808,1.28814,1.288,1.28808,101220000,1
1499754900000,1499754959000,1.28813,1.28819,1.288,1.28801,40410000,1
1499754960000,1499755019000,1.28802,1.28804,1.28799,1.28804,31700000,1
1499755020000,1499755079000,1.28804,1.28804,1.28789,1.28789,42220000,1
1499755080000,1499755139000,1.28788,1.28788,1.28783,1.28786,77620000,1
1499755140000,1499755199000,1.28788,1.28796,1.28785,1.28786,97460000,1
1499755200000,1499755259000,1.28786,1.28789,1.28777,1.28777,53220000,1
1499755260000,1499755319000,1.28775,1.28776,1.28765,1.28765,58630000,1
1499755320000,1499755379000,1.28765,1.28765,1.28755,1.28755,47230000,1
1499755380000,1499755439000,1.28755,1.28758,1.2875,1.28755,33680000,1
1499755440000,1499755499000,1.28754,1.28776,1.28746,1.28775,61880000,1
1499755500000,1499755559000,1.28773,1.28787,1.28761,1.28787,125740000,1
1499755560000,1499755619000,1.28787,1.28818,1.28787,1.28812,101280000,1
1499755620000,1499755679000,1.28813,1.28843,1.28812,1.28827,111010000,1
1499755680000,1499755739000,1.2883,1.28838,1.28829,1.28833,102840000,1
1499755740000,1499755799000,1.28833,1.28848,1.28827,1.28838,77960000,1
1499755800000,1499755859000,1.28837,1.28838,1.28811,1.28816,134070000,1
1499755860000,1499755919000,1.28816,1.28816,1.28802,1.28805,109840000,1
1499755920000,1499755979000,1.28806,1.28811,1.28802,1.28811,55210000,1
1499755980000,1499756039000,1.2881,1.28818,1.2881,1.28813,48800000,1
1499756040000,1499756099000,1.28811,1.28816,1.28806,1.28816,65050000,1
1499756100000,1499756159000,1.28815,1.28826,1.28811,1.28822,67360000,1
1499756160000,1499756219000,1.2882,1.28825,1.28814,1.28816,88190000,1
1499756220000,1499756279000,1.28813,1.28818,1.28806,1.28807,120610000,1
1499756280000,1499756339000,1.28806,1.28813,1.28793,1.28794,88670000,1
1499756340000,1499756399000,1.28794,1.28804,1.28777,1.28797,78140000,1
1499756400000,1499756459000,1.28797,1.28825,1.28797,1.28824,170450000,1
1499756460000,1499756519000,1.28827,1.28838,1.2882,1.28827,119620000,1
1499756520000,1499756579000,1.28828,1.28863,1.28827,1.28857,120150000,1
1499756580000,1499756639000,1.28858,1.28858,1.28846,1.28857,76190000,1
1499756640000,1499756699000,1.28857,1.28859,1.28852,1.28853,83370000,1
1499756700000,1499756759000,1.28854,1.28868,1.2884,1.2884,90350000,1
1499756760000,1499756819000,1.28844,1.28858,1.28844,1.28847,112000000,1
1499756820000,1499756879000,1.28848,1.28858,1.28847,1.28848,119570000,1
1499756880000,1499756939000,1.28847,1.28858,1.28843,1.28857,121150000,1
1499756940000,1499756999000,1.28858,1.28858,1.28847,1.28858,82830000,1
1499757000000,1499757059000,1.28858,1.28878,1.28853,1.28853,114130000,1
1499757060000,1499757119000,1.28857,1.28858,1.28847,1.28848,88810000,1
1499757120000,1499757179000,1.28847,1.28853,1.28838,1.28852,66590000,1
1499757180000,1499757239000,1.28853,1.28878,1.28849,1.28868,124440000,1
1499757240000,1499757299000,1.28868,1.28878,1.28857,1.28868,101730000,1
1499757300000,1499757359000,1.28868,1.28883,1.28859,1.28877,82840000,1
1499757360000,1499757419000,1.28878,1.28884,1.28868,1.28877,94260000,1
1499757420000,1499757479000,1.28877,1.28878,1.28861,1.28867,88770000,1
1499757480000,1499757539000,1.28868,1.28868,1.28858,1.28863,94790000,1
1499757540000,1499757599000,1.28862,1.28879,1.28861,1.28863,100800000,1
1499757600000,1499757659000,1.28863,1.28878,1.2886,1.28867,152240000,1
1499757660000,1499757719000,1.28866,1.28877,1.28865,1.28873,75740000,1
1499757720000,1499757779000,1.28874,1.28877,1.28873,1.28877,28560000,1
1499757780000,1499757839000,1.28877,1.28877,1.28874,1.28877,26250000,1
1499757840000,1499757899000,1.28873,1.28874,1.28867,1.28868,60680000,1
1499757900000,1499757959000,1.28867,1.28868,1.28852,1.28854,80340000,1
1499757960000,1499758019000,1.28854,1.28874,1.28851,1.28873,96850000,1
1499758020000,1499758079000,1.28873,1.28874,1.28862,1.28873,71670000,1
1499758080000,1499758139000,1.28873,1.28885,1.28873,1.28876,147600000,1
1499758140000,1499758199000,1.28876,1.28888,1.28874,1.28886,67820000,1
1499758200000,1499758259000,1.28887,1.28895,1.28886,1.28895,104350000,1
1499758260000,1499758319000,1.28895,1.28956,1.28895,1.28928,113040000,1
1499758320000,1499758379000,1.28927,1.28938,1.28917,1.28921,103230000,1
1499758380000,1499758439000,1.28921,1.28938,1.2892,1.28925,102230000,1
1499758440000,1499758499000,1.28923,1.28934,1.28921,1.28927,124850000,1
1499758500000,1499758559000,1.28927,1.28929,1.28923,1.28925,55500000,1
1499758560000,1499758619000,1.28925,1.28947,1.28925,1.28946,70480000,1
1499758620000,1499758679000,1.28946,1.2897,1.28939,1.28968,71280000,1
1499758680000,1499758739000,1.28967,1.29026,1.28967,1.29026,149790000,1
1499758740000,1499758799000,1.29023,1.29037,1.29008,1.29027,153970000,1
1499758800000,1499758859000,1.29027,1.29034,1.29017,1.29019,129260000,1
1499758860000,1499758919000,1.29019,1.29023,1.29012,1.29019,97080000,1
1499758920000,1499758979000,1.29018,1.29021,1.29007,1.2901,67500000,1
1499758980000,1499759039000,1.29011,1.29015,1.29009,1.29014,33730000,1
1499759040000,1499759099000,1.29014,1.29016,1.29007,1.29016,76080000,1
1499759100000,1499759159000,1.29017,1.29036,1.29015,1.29032,115320000,1
1499759160000,1499759219000,1.29032,1.29035,1.29016,1.29034,115690000,1
1499759220000,1499759279000,1.29033,1.29033,1.29011,1.29012,120590000,1
1499759280000,1499759339000,1.29014,1.29015,1.29,1.29,76150000,1
1499759340000,1499759399000,1.28999,1.29003,1.28989,1.28989,68900000,1
1499759400000,1499759459000,1.28988,1.2899,1.28976,1.28984,88650000,1
1499759460000,1499759519000,1.2898,1.2898,1.28967,1.28967,93130000,1
1499759520000,1499759579000,1.28967,1.28967,1.28951,1.28952,50420000,1
1499759580000,1499759639000,1.28951,1.28951,1.28939,1.28941,80990000,1
1499759640000,1499759699000,1.28941,1.28957,1.28938,1.28956,49200000,1
1499759700000,1499759759000,1.28957,1.28957,1.28941,1.28941,65470000,1
1499759760000,1499759819000,1.28941,1.28941,1.2893,1.28937,109260000,1
1499759820000,1499759879000,1.28938,1.28943,1.28933,1.2894,114040000,1
1499759880000,1499759939000,1.28941,1.28953,1.28941,1.28953,164540000,1
1499759940000,1499759999000,1.28952,1.28958,1.28941,1.28948,138430000,1
1499760000000,1499760059000,1.28952,1.28955,1.2894,1.28953,68940000,1
1499760060000,1499760119000,1.28954,1.28977,1.28954,1.28973,60860000,1
1499760120000,1499760179000,1.28974,1.28998,1.28974,1.28993,156780000,1
1499760180000,1499760239000,1.28993,1.29003,1.28981,1.28983,92560000,1
1499760240000,1499760299000,1.28983,1.28992,1.28973,1.28977,167970000,1
1499760300000,1499760359000,1.28983,1.28994,1.28979,1.28985,84270000,1
1499760360000,1499760419000,1.28985,1.28993,1.28973,1.28984,94910000,1
1499760420000,1499760479000,1.28984,1.28984,1.28962,1.28965,125180000,1
1499760480000,1499760539000,1.28966,1.29018,1.28966,1.29017,122450000,1
1499760540000,1499760599000,1.29017,1.29045,1.29017,1.29032,105040000,1
1499760600000,1499760659000,1.29031,1.29043,1.29029,1.29036,177880000,1
1499760660000,1499760719000,1.29037,1.29037,1.29028,1.29028,40460000,1
1499760720000,1499760779000,1.29026,1.29026,1.2901,1.29014,101040000,1
1499760780000,1499760839000,1.29014,1.29017,1.29012,1.29012,91290000,1
1499760840000,1499760899000,1.29013,1.29013,1.28997,1.29003,116430000,1
1499760900000,1499760959000,1.29002,1.29004,1.28992,1.28992,61570000,1
1499760960000,1499761019000,1.28997,1.28998,1.28988,1.28993,70800000,1
1499761020000,1499761079000,1.28994,1.29004,1.28994,1.29002,79270000,1
1499761080000,1499761139000,1.29002,1.29011,1.29,1.29005,49050000,1
1499761140000,1499761199000,1.29006,1.29025,1.29006,1.29022,91240000,1
1499761200000,1499761259000,1.29022,1.29023,1.29017,1.29022,44110000,1
1499761260000,1499761319000,1.29023,1.29034,1.29023,1.29034,67900000,1
1499761320000,1499761379000,1.29034,1.29037,1.29029,1.29035,87970000,1
1499761380000,1499761439000,1.29035,1.29035,1.29032,1.29032,57880000,1
1499761440000,1499761499000,1.29032,1.29034,1.29026,1.29028,62830000,1
1499761500000,1499761559000,1.29023,1.29033,1.29021,1.29024,64490000,1
1499761560000,1499761619000,1.29023,1.29024,1.29011,1.29012,79990000,1
1499761620000,1499761679000,1.29014,1.29014,1.29008,1.29011,33590000,1
1499761680000,1499761739000,1.29012,1.29013,1.28971,1.28984,80150000,1
1499761740000,1499761799000,1.28981,1.29001,1.28972,1.28974,141720000,1
1499761800000,1499761859000,1.28974,1.28982,1.28949,1.28949,107150000,1
1499761860000,1499761919000,1.28949,1.28988,1.28949,1.28983,148410000,1
1499761920000,1499761979000,1.28984,1.28998,1.28983,1.28992,73480000,1
1499761980000,1499762039000,1.28992,1.28993,1.28985,1.28992,73020000,1
1499762040000,1499762099000,1.28993,1.28993,1.28979,1.28982,106540000,1
1499762100000,1499762159000,1.28983,1.28988,1.28977,1.28982,52200000,1
1499762160000,1499762219000,1.2898,1.28984,1.28977,1.28983,83850000,1
1499762220000,1499762279000,1.28984,1.29008,1.28983,1.29004,132170000,1
1499762280000,1499762339000,1.29004,1.29022,1.29004,1.29017,106990000,1
1499762340000,1499762399000,1.29019,1.29028,1.29018,1.29026,119490000,1
1499762400000,1499762459000,1.29026,1.29045,1.29026,1.29037,88300000,1
1499762460000,1499762519000,1.29037,1.29068,1.29029,1.29067,85210000,1
1499762520000,1499762579000,1.29068,1.291,1.29043,1.29044,163850000,1
1499762580000,1499762639000,1.29043,1.29058,1.29042,1.29057,125550000,1
1499762640000,1499762699000,1.29058,1.29058,1.29043,1.29051,105960000,1
1499762700000,1499762759000,1.29051,1.29075,1.29031,1.29073,168920000,1
1499762760000,1499762819000,1.29074,1.29078,1.29063,1.29074,118870000,1
1499762820000,1499762879000,1.29079,1.29085,1.29067,1.29081,140280000,1
1499762880000,1499762939000,1.29081,1.2916,1.2908,1.29156,184550000,1
1499762940000,1499762999000,1.29156,1.29177,1.29145,1.29145,157590000,1
1499763000000,1499763059000,1.2915,1.29157,1.29135,1.29137,146690000,1
1499763060000,1499763119000,1.29139,1.29146,1.2912,1.29122,113360000,1
1499763120000,1499763179000,1.29122,1.29143,1.29122,1.29142,113390000,1
1499763180000,1499763239000,1.29143,1.29144,1.29117,1.29121,67380000,1
1499763240000,1499763299000,1.29121,1.29131,1.29118,1.2912,76920000,1
1499763300000,1499763359000,1.2912,1.29123,1.29108,1.29118,93460000,1
1499763360000,1499763419000,1.29119,1.29123,1.29112,1.29119,128740000,1
1499763420000,1499763479000,1.29119,1.29145,1.29112,1.29145,101480000,1
1499763480000,1499763539000,1.29145,1.29146,1.2913,1.2913,67550000,1
1499763540000,1499763599000,1.29132,1.29132,1.29119,1.29121,94770000,1
1499763600000,1499763659000,1.2912,1.29126,1.2911,1.29111,79900000,1
1499763660000,1499763719000,1.29111,1.29122,1.29103,1.29105,94250000,1
1499763720000,1499763779000,1.29101,1.29114,1.291,1.29101,101510000,1
1499763780000,1499763839000,1.291,1.291,1.29088,1.29092,123270000,1
1499763840000,1499763899000,1.29092,1.29092,1.29084,1.29084,41400000,1
1499763900000,1499763959000,1.29086,1.29092,1.29086,1.29092,14500000,1
1499763960000,1499764019000,1.29092,1.29104,1.29091,1.29093,133290000,1
1499764020000,1499764079000,1.29093,1.29097,1.2908,1.29083,126490000,1
1499764080000,1499764139000,1.2908,1.29089,1.29079,1.29085,74910000,1
1499764140000,1499764199000,1.29083,1.29088,1.29079,1.29083,68060000,1
1499764200000,1499764259000,1.29084,1.29084,1.29078,1.29081,54270000,1
1499764260000,1499764319000,1.2908,1.29098,1.29077,1.29093,117210000,1
1499764320000,1499764379000,1.29091,1.291,1.29085,1.29092,78170000,1
1499764380000,1499764439000,1.29092,1.29107,1.29092,1.29104,63420000,1
1499764440000,1499764499000,1.29103,1.29108,1.29091,1.29091,57720000,1
1499764500000,1499764559000,1.29091,1.29091,1.29064,1.29072,71500000,1
1499764560000,1499764619000,1.2907,1.29073,1.2906,1.2906,97770000,1
1499764620000,1499764679000,1.2906,1.29074,1.2906,1.2907,71300000,1
1499764680000,1499764739000,1.2907,1.2907,1.29052,1.29062,134610000,1
1499764740000,1499764799000,1.29062,1.29064,1.29055,1.29061,69190000,1
1499764800000,1499764859000,1.29062,1.29071,1.29061,1.2907,52300000,1
1499764860000,1499764919000,1.29071,1.29071,1.2906,1.29065,65590000,1
1499764920000,1499764979000,1.29064,1.29083,1.29055,1.29083,86830000,1
1499764980000,1499765039000,1.29084,1.29087,1.29055,1.29058,65030000,1
1499765040000,1499765099000,1.29057,1.29058,1.2905,1.29051,36540000,1
1499765100000,1499765159000,1.2905,1.29052,1.29034,1.29034,60880000,1
1499765160000,1499765219000,1.29034,1.29034,1.29031,1.29033,17000000,1
1499765220000,1499765279000,1.29034,1.29038,1.2903,1.29033,33660000,1
1499765280000,1499765339000,1.29032,1.29033,1.2903,1.2903,24420000,1
1499765340000,1499765399000,1.2903,1.29046,1.2903,1.29043,25120000,1
1499765400000,1499765459000,1.29043,1.29046,1.29043,1.29046,25000000,1
1499765460000,1499765519000,1.29046,1.29064,1.29045,1.29064,29500000,1
1499765520000,1499765579000,1.29064,1.29077,1.29064,1.29076,22100000,1
1499765580000,1499765639000,1.29073,1.29085,1.29073,1.29085,35200000,1
1499765640000,1499765699000,1.29086,1.29092,1.29084,1.29085,31370000,1
1499765700000,1499765759000,1.29085,1.29086,1.29074,1.29086,56020000,1
1499765760000,1499765819000,1.29088,1.29164,1.29088,1.29155,222720000,1
1499765820000,1499765879000,1.29157,1.292,1.29157,1.29196,306240000,1
1499765880000,1499765939000,1.29196,1.29271,1.29189,1.29226,252170000,1
1499765940000,1499765999000,1.29227,1.29233,1.29204,1.29214,96380000,1
1499766000000,1499766059000,1.29214,1.29214,1.29182,1.29193,98390000,1
1499766060000,1499766119000,1.29193,1.29194,1.29175,1.29175,114030000,1
1499766120000,1499766179000,1.29174,1.29184,1.29165,1.29182,102720000,1
1499766180000,1499766239000,1.29183,1.29184,1.29172,1.29172,98730000,1
1499766240000,1499766299000,1.29173,1.29179,1.29168,1.29168,75920000,1
1499766300000,1499766359000,1.29168,1.29176,1.29162,1.29165,126650000,1
1499766360000,1499766419000,1.29162,1.29173,1.2916,1.2916,118230000,1
1499766420000,1499766479000,1.2916,1.29165,1.29153,1.29162,91290000,1
1499766480000,1499766539000,1.29162,1.29174,1.29151,1.29151,97910000,1
1499766540000,1499766599000,1.29151,1.29153,1.29133,1.29143,107940000,1
1499766600000,1499766659000,1.29148,1.2916,1.29084,1.29086,205460000,1
1499766660000,1499766719000,1.29086,1.29086,1.29032,1.29047,168840000,1
1499766720000,1499766779000,1.29047,1.29062,1.29041,1.29042,91750000,1
1499766780000,1499766839000,1.29043,1.29053,1.29043,1.2905,64260000,1
1499766840000,1499766899000,1.2905,1.2905,1.29021,1.29036,97270000,1
1499766900000,1499766959000,1.29036,1.29051,1.29035,1.29044,133300000,1
1499766960000,1499767019000,1.29048,1.29063,1.29034,1.2904,148540000,1
1499767020000,1499767079000,1.29039,1.29044,1.29001,1.29002,177340000,1
1499767080000,1499767139000,1.29002,1.2902,1.28995,1.29019,163170000,1
1499767140000,1499767199000,1.2902,1.2904,1.2902,1.29022,191150000,1
1499767200000,1499767259000,1.29022,1.29047,1.29011,1.29045,128160000,1
1499767260000,1499767319000,1.29045,1.29094,1.29045,1.29082,149750000,1
1499767320000,1499767379000,1.29082,1.29094,1.2908,1.29094,120830000,1
1499767380000,1499767439000,1.29088,1.29088,1.29065,1.29072,107050000,1
1499767440000,1499767499000,1.29072,1.29083,1.29061,1.29063,100950000,1
1499767500000,1499767559000,1.29062,1.29084,1.2906,1.29073,70590000,1
1499767560000,1499767619000,1.29073,1.29073,1.29064,1.2907,64040000,1
1499767620000,1499767679000,1.2907,1.29082,1.2907,1.29082,19000000,1
1499767680000,1499767739000,1.29082,1.29085,1.29076,1.29078,70700000,1
1499767740000,1499767799000,1.29077,1.29078,1.29068,1.29071,64500000,1
1499767800000,1499767859000,1.29071,1.29073,1.29066,1.29072,100740000,1
1499767860000,1499767919000,1.2907,1.29077,1.29066,1.29076,63500000,1
1499767920000,1499767979000,1.29075,1.29078,1.29074,1.29077,54500000,1
1499767980000,1499768039000,1.29077,1.29088,1.29077,1.29085,46250000,1
1499768040000,1499768099000,1.29085,1.29087,1.29076,1.29083,45750000,1
1499768100000,1499768159000,1.29085,1.29092,1.29085,1.29088,48750000,1
1499768160000,1499768219000,1.29091,1.29091,1.29077,1.29077,38750000,1
1499768220000,1499768279000,1.29078,1.29078,1.29067,1.29068,86820000,1
1499768280000,1499768339000,1.29068,1.29073,1.29064,1.29065,52970000,1
1499768340000,1499768399000,1.29069,1.29082,1.29064,1.29066,78840000,1
1499768400000,1499768459000,1.29066,1.29077,1.29059,1.2906,103320000,1
1499768460000,1499768519000,1.2906,1.29084,1.2906,1.29079,92090000,1
1499768520000,1499768579000,1.2908,1.29085,1.2907,1.29078,90730000,1
1499768580000,1499768639000,1.29078,1.2908,1.29069,1.29071,142480000,1
1499768640000,1499768699000,1.29075,1.29081,1.29071,1.29073,179880000,1
1499768700000,1499768759000,1.29073,1.29075,1.29063,1.29063,82130000,1
1499768760000,1499768819000,1.29062,1.29063,1.29058,1.29063,122750000,1
1499768820000,1499768879000,1.29063,1.29066,1.2906,1.2906,70280000,1
1499768880000,1499768939000,1.2906,1.29069,1.29047,1.29049,56110000,1
1499768940000,1499768999000,1.29051,1.29065,1.29051,1.2906,39500000,1
1499769000000,1499769059000,1.29061,1.29064,1.29054,1.2906,52000000,1
1499769060000,1499769119000,1.29057,1.29058,1.29055,1.29056,33000000,1
1499769120000,1499769179000,1.29056,1.29065,1.29055,1.29062,53870000,1
1499769180000,1499769239000,1.29062,1.2907,1.29062,1.29063,62620000,1
1499769240000,1499769299000,1.29063,1.2907,1.29062,1.2907,38940000,1
1499769300000,1499769359000,1.2907,1.2907,1.29064,1.29065,20430000,1
1499769360000,1499769419000,1.29065,1.29067,1.29056,1.29064,37490000,1
1499769420000,1499769479000,1.29064,1.29073,1.29064,1.29066,36000000,1
1499769480000,1499769539000,1.29067,1.29074,1.29067,1.29074,30500000,1
1499769540000,1499769599000,1.29074,1.29083,1.29071,1.2908,40060000,1
1499769600000,1499769659000,1.29077,1.29084,1.29077,1.29083,18000000,1
1499769660000,1499769719000,1.29083,1.29084,1.29077,1.29082,29810000,1
1499769720000,1499769779000,1.29082,1.29092,1.29082,1.29092,43510000,1
1499769780000,1499769839000,1.29092,1.29093,1.29049,1.29058,136520000,1
1499769840000,1499769899000,1.29057,1.29057,1.29043,1.29047,108420000,1
1499769900000,1499769959000,1.29049,1.29057,1.29041,1.29042,69460000,1
1499769960000,1499770019000,1.2904,1.29055,1.29039,1.29054,50000000,1
1499770020000,1499770079000,1.29052,1.29052,1.29042,1.29042,46990000,1
1499770080000,1499770139000,1.29042,1.29055,1.29026,1.29026,76940000,1
1499770140000,1499770199000,1.29021,1.29056,1.29013,1.29045,115040000,1
1499770200000,1499770259000,1.29045,1.29049,1.29041,1.29041,65170000,1
1499770260000,1499770319000,1.29039,1.29055,1.29039,1.29043,101810000,1
1499770320000,1499770379000,1.29043,1.29052,1.29041,1.29042,58610000,1
1499770380000,1499770439000,1.29042,1.29054,1.2904,1.29054,91050000,1
1499770440000,1499770499000,1.29054,1.29063,1.29053,1.29056,95000000,1
1499770500000,1499770559000,1.29056,1.29063,1.2904,1.29042,110890000,1
1499770560000,1499770619000,1.29042,1.29058,1.29037,1.29048,142420000,1
1499770620000,1499770679000,1.29048,1.29057,1.29048,1.29053,68290000,1
1499770680000,1499770739000,1.29052,1.29065,1.29045,1.29062,79130000,1
1499770740000,1499770799000,1.29062,1.29063,1.29051,1.2906,97120000,1
1499770800000,1499770859000,1.29058,1.29058,1.29031,1.2904,66410000,1
1499770860000,1499770919000,1.2904,1.29069,1.2904,1.29063,134280000,1
1499770920000,1499770979000,1.29061,1.29093,1.29061,1.29088,167890000,1
1499770980000,1499771039000,1.29087,1.29103,1.29082,1.29098,181690000,1
1499771040000,1499771099000,1.29097,1.29113,1.29094,1.291,179260000,1
1499771100000,1499771159000,1.29102,1.29108,1.29093,1.29101,99310000,1
1499771160000,1499771219000,1.29106,1.29114,1.291,1.29114,42950000,1
1499771220000,1499771279000,1.29117,1.29138,1.29117,1.29132,91110000,1
1499771280000,1499771339000,1.29132,1.29132,1.29113,1.29123,89710000,1
1499771340000,1499771399000,1.29122,1.29123,1.29115,1.29119,52920000,1
1499771400000,1499771459000,1.29119,1.29132,1.29117,1.29123,54160000,1
1499771460000,1499771519000,1.29123,1.29126,1.29092,1.29116,50900000,1
1499771520000,1499771579000,1.29116,1.29116,1.29104,1.29111,95130000,1
1499771580000,1499771639000,1.29111,1.29112,1.29106,1.2911,88420000,1
1499771640000,1499771699000,1.29112,1.29115,1.29103,1.29114,55880000,1
1499771700000,1499771759000,1.29114,1.29115,1.29087,1.29087,113300000,1
1499771760000,1499771819000,1.29088,1.29117,1.29075,1.29117,120450000,1
1499771820000,1499771879000,1.29117,1.2913,1.29114,1.29124,117490000,1
1499771880000,1499771939000,1.29123,1.29126,1.29113,1.29114,43480000,1
1499771940000,1499771999000,1.29113,1.29121,1.29099,1.2912,82670000,1
1499772000000,1499772059000,1.29119,1.29134,1.29117,1.29126,55950000,1
1499772060000,1499772119000,1.29127,1.29133,1.29093,1.29093,76670000,1
1499772120000,1499772179000,1.29094,1.29094,1.29079,1.29082,114450000,1
1499772180000,1499772239000,1.29083,1.29092,1.29081,1.29091,67940000,1
1499772240000,1499772299000,1.29091,1.29105,1.29089,1.29103,57750000,1
1499772300000,1499772359000,1.29104,1.2911,1.29097,1.29098,48310000,1
1499772360000,1499772419000,1.29098,1.29112,1.29098,1.29108,60010000,1
1499772420000,1499772479000,1.29108,1.29109,1.29086,1.29097,103110000,1
1499772480000,1499772539000,1.29098,1.29105,1.29089,1.29096,88810000,1
1499772540000,1499772599000,1.29096,1.29104,1.29089,1.29095,112520000,1
1499772600000,1499772659000,1.29093,1.29093,1.29087,1.29093,103510000,1
1499772660000,1499772719000,1.29093,1.29094,1.29087,1.29089,43000000,1
1499772720000,1499772779000,1.29089,1.2909,1.2908,1.29084,48560000,1
1499772780000,1499772839000,1.29084,1.29092,1.29084,1.29092,47630000,1
1499772840000,1499772899000,1.29093,1.29095,1.29081,1.29084,76820000,1
1499772900000,1499772959000,1.29084,1.29084,1.29068,1.29069,54210000,1
1499772960000,1499773019000,1.29069,1.29072,1.29067,1.29067,208090000,1
1499773020000,1499773079000,1.29068,1.29069,1.29058,1.29058,85020000,1
1499773080000,1499773139000,1.29058,1.29082,1.29058,1.29082,49280000,1
1499773140000,1499773199000,1.2908,1.2908,1.29078,1.29078,28670000,1
1499773200000,1499773259000,1.29076,1.29081,1.2907,1.29081,19480000,1
1499773260000,1499773319000,1.29079,1.2908,1.29072,1.2908,24840000,1
1499773320000,1499773379000,1.29082,1.29095,1.29081,1.29087,72100000,1
1499773380000,1499773439000,1.29086,1.29095,1.29081,1.29093,49330000,1
1499773440000,1499773499000,1.29092,1.29098,1.29079,1.29081,88350000,1
1499773500000,1499773559000,1.2908,1.29081,1.29079,1.2908,30840000,1
1499773560000,1499773619000,1.29081,1.29086,1.29081,1.29081,36770000,1
1499773620000,1499773679000,1.29081,1.29092,1.29081,1.29089,65700000,1
1499773680000,1499773739000,1.29089,1.29089,1.29082,1.29084,60990000,1
1499773740000,1499773799000,1.29083,1.2909,1.29083,1.29089,51540000,1
1499773800000,1499773859000,1.2909,1.2909,1.29088,1.29089,33000000,1
1499773860000,1499773919000,1.29089,1.29089,1.29068,1.2907,78870000,1
1499773920000,1499773979000,1.29069,1.29071,1.29067,1.29071,49500000,1
1499773980000,1499774039000,1.29071,1.29082,1.29071,1.29072,62970000,1
1499774040000,1499774099000,1.29072,1.29073,1.29068,1.29072,46950000,1
1499774100000,1499774159000,1.2907,1.29071,1.29068,1.29069,64840000,1
1499774160000,1499774219000,1.2907,1.2907,1.29063,1.29064,127390000,1
1499774220000,1499774279000,1.29063,1.29071,1.29061,1.29061,52570000,1
1499774280000,1499774339000,1.29063,1.29074,1.29061,1.29064,196180000,1
1499774340000,1499774399000,1.29063,1.29063,1.29059,1.29059,120360000,1
1499774400000,1499774459000,1.29061,1.29072,1.29058,1.29059,140710000,1
1499774460000,1499774519000,1.29056,1.29101,1.29047,1.29101,244540000,1
1499774520000,1499774579000,1.29101,1.29101,1.2908,1.29081,100580000,1
1499774580000,1499774639000,1.29081,1.29093,1.29081,1.29082,114920000,1
1499774640000,1499774699000,1.29082,1.29091,1.29081,1.29089,116280000,1
1499774700000,1499774759000,1.29089,1.29091,1.29082,1.29082,82050000,1
1499774760000,1499774819000,1.29082,1.29118,1.29082,1.29112,145420000,1
1499774820000,1499774879000,1.2911,1.29137,1.29107,1.29133,92610000,1
1499774880000,1499774939000,1.29133,1.29134,1.2912,1.29134,208890000,1
1499774940000,1499774999000,1.29131,1.29136,1.29121,1.29125,123460000,1
1499775000000,1499775059000,1.29126,1.29133,1.29124,1.29132,71590000,1
1499775060000,1499775119000,1.29132,1.29135,1.29124,1.29133,69560000,1
1499775120000,1499775179000,1.29133,1.29133,1.29129,1.29129,51480000,1
1499775180000,1499775239000,1.29129,1.29132,1.29124,1.2913,98470000,1
1499775240000,1499775299000,1.2913,1.29135,1.29126,1.29132,108930000,1
1499775300000,1499775359000,1.29133,1.29135,1.2913,1.29131,113900000,1
1499775360000,1499775419000,1.29131,1.29145,1.2913,1.29142,47390000,1
1499775420000,1499775479000,1.29143,1.29164,1.29141,1.29141,173250000,1
1499775480000,1499775539000,1.2914,1.29154,1.29139,1.29153,111720000,1
1499775540000,1499775599000,1.29154,1.29167,1.29148,1.29166,103980000,1
1499775600000,1499775659000,1.29166,1.29173,1.29161,1.29163,146150000,1
1499775660000,1499775719000,1.29165,1.29167,1.29151,1.29154,101760000,1
1499775720000,1499775779000,1.29154,1.29178,1.29154,1.29172,182490000,1
1499775780000,1499775839000,1.29171,1.29187,1.2917,1.29182,126140000,1
1499775840000,1499775899000,1.29186,1.29215,1.29186,1.29215,132890000,1
1499775900000,1499775959000,1.29212,1.29226,1.29173,1.29173,119700000,1
1499775960000,1499776019000,1.29173,1.29174,1.29156,1.2916,149440000,1
1499776020000,1499776079000,1.2916,1.29176,1.29159,1.29176,79990000,1
1499776080000,1499776139000,1.2918,1.29205,1.29174,1.2919,186230000,1
1499776140000,1499776199000,1.2919,1.2919,1.29149,1.29153,279400000,1
1499776200000,1499776259000,1.29153,1.29159,1.28877,1.28989,601700000,1
1499776260000,1499776319000,1.28997,1.28999,1.28932,1.28944,300790000,1
1499776320000,1499776379000,1.28944,1.28971,1.28925,1.28952,242560000,1
1499776380000,1499776439000,1.28954,1.2896,1.2885,1.28904,319600000,1
1499776440000,1499776499000,1.28902,1.28953,1.28898,1.2893,259700000,1
1499776500000,1499776559000,1.2893,1.28952,1.28922,1.28923,253570000,1
1499776560000,1499776619000,1.28923,1.28923,1.28858,1.28868,305830000,1
1499776620000,1499776679000,1.28867,1.28887,1.2886,1.28887,159020000,1
1499776680000,1499776739000,1.28887,1.28894,1.28882,1.28884,149810000,1
1499776740000,1499776799000,1.2889,1.28893,1.28882,1.28883,74960000,1
1499776800000,1499776859000,1.28882,1.28883,1.28868,1.28873,127670000,1
1499776860000,1499776919000,1.28873,1.28884,1.28873,1.28884,68540000,1
1499776920000,1499776979000,1.28885,1.28909,1.28885,1.28902,153530000,1
1499776980000,1499777039000,1.28904,1.28913,1.28902,1.28908,97850000,1
1499777040000,1499777099000,1.28907,1.28933,1.28907,1.28922,124400000,1
1499777100000,1499777159000,1.2892,1.28927,1.28901,1.28901,90670000,1
1499777160000,1499777219000,1.289,1.28913,1.289,1.28913,107120000,1
1499777220000,1499777279000,1.28913,1.28921,1.28912,1.28921,32730000,1
1499777280000,1499777339000,1.28921,1.28923,1.2888,1.28913,153140000,1
1499777340000,1499777399000,1.28913,1.28913,1.28881,1.28882,151880000,1
1499777400000,1499777459000,1.28881,1.28894,1.2885,1.2885,158190000,1
1499777460000,1499777519000,1.28851,1.28852,1.28819,1.28852,350420000,1
1499777520000,1499777579000,1.28853,1.28854,1.28832,1.28833,152550000,1
1499777580000,1499777639000,1.28833,1.28834,1.28811,1.28813,122730000,1
1499777640000,1499777699000,1.28822,1.28822,1.28773,1.28778,167090000,1
1499777700000,1499777759000,1.28776,1.28776,1.2875,1.28767,129200000,1
1499777760000,1499777819000,1.2877,1.28777,1.28742,1.28746,131780000,1
1499777820000,1499777879000,1.28742,1.28765,1.28738,1.2876,115110000,1
1499777880000,1499777939000,1.2876,1.28763,1.28747,1.28751,107980000,1
1499777940000,1499777999000,1.2875,1.28768,1.28749,1.28767,170040000,1
1499778000000,1499778059000,1.28767,1.28768,1.2874,1.28744,179320000,1
1499778060000,1499778119000,1.28744,1.28752,1.28741,1.28752,130690000,1
1499778120000,1499778179000,1.28753,1.28781,1.28744,1.2878,102220000,1
1499778180000,1499778239000,1.2878,1.28785,1.28752,1.28757,85280000,1
1499778240000,1499778299000,1.28758,1.28764,1.28748,1.28755,102780000,1
1499778300000,1499778359000,1.28752,1.28755,1.28742,1.28744,93150000,1
1499778360000,1499778419000,1.28744,1.28745,1.28728,1.28733,124480000,1
1499778420000,1499778479000,1.28729,1.2873,1.28639,1.28654,240320000,1
1499778480000,1499778539000,1.28654,1.2866,1.28451,1.28549,379660000,1
1499778540000,1499778599000,1.28549,1.28551,1.2853,1.28547,195780000,1
1499778600000,1499778659000,1.28547,1.28585,1.28533,1.28573,184150000,1
1499778660000,1499778719000,1.28574,1.28578,1.28412,1.28455,210150000,1
1499778720000,1499778779000,1.28453,1.28563,1.28444,1.28562,302790000,1
1499778780000,1499778839000,1.28562,1.28581,1.28534,1.28556,211210000,1
1499778840000,1499778899000,1.28556,1.28572,1.2854,1.28569,146040000,1
1499778900000,1499778959000,1.28569,1.28585,1.28564,1.28585,99040000,1
1499778960000,1499779019000,1.28585,1.28634,1.28577,1.28632,146890000,1
1499779020000,1499779079000,1.2863,1.28646,1.28617,1.28646,191840000,1
1499779080000,1499779139000,1.28646,1.28656,1.28625,1.28627,83290000,1
1499779140000,1499779199000,1.28626,1.2864,1.28613,1.28618,133030000,1
1499779200000,1499779259000,1.28619,1.28635,1.286,1.28634,188560000,1
1499779260000,1499779319000,1.2863,1.2863,1.28604,1.28604,102290000,1
1499779320000,1499779379000,1.28604,1.28604,1.2858,1.2859,66990000,1
1499779380000,1499779439000,1.28586,1.28625,1.28583,1.28622,143430000,1
1499779440000,1499779499000,1.28622,1.28626,1.28605,1.28613,108310000,1
1499779500000,1499779559000,1.28613,1.28615,1.28584,1.28603,124990000,1
1499779560000,1499779619000,1.28607,1.28627,1.28585,1.2859,139580000,1
1499779620000,1499779679000,1.28592,1.28592,1.28565,1.28579,128730000,1
1499779680000,1499779739000,1.28574,1.28581,1.28552,1.28572,216270000,1
1499779740000,1499779799000,1.28573,1.28574,1.28548,1.28554,149750000,1
1499779800000,1499779859000,1.28558,1.28565,1.28546,1.28561,146670000,1
1499779860000,1499779919000,1.28561,1.2857,1.28556,1.28567,110990000,1
1499779920000,1499779979000,1.28567,1.28578,1.28555,1.28577,107420000,1
1499779980000,1499780039000,1.28578,1.28618,1.28577,1.28617,81800000,1
1499780040000,1499780099000,1.28619,1.28639,1.28594,1.28639,107900000,1
1499780100000,1499780159000,1.28638,1.2864,1.28617,1.28625,95830000,1
1499780160000,1499780219000,1.28625,1.28646,1.28621,1.28643,126730000,1
1499780220000,1499780279000,1.28644,1.28667,1.28644,1.28667,188380000,1
1499780280000,1499780339000,1.28666,1.28678,1.28663,1.28663,104150000,1
1499780340000,1499780399000,1.28663,1.2867,1.28638,1.28638,107260000,1
1499780400000,1499780459000,1.28643,1.28644,1.28622,1.28632,159820000,1
1499780460000,1499780519000,1.28634,1.28634,1.286,1.28606,130550000,1
1499780520000,1499780579000,1.28607,1.28636,1.28605,1.28629,136810000,1
1499780580000,1499780639000,1.28633,1.28655,1.28624,1.28647,96580000,1
1499780640000,1499780699000,1.28647,1.28666,1.28647,1.28665,124510000,1
1499780700000,1499780759000,1.28664,1.28665,1.28646,1.28647,88830000,1
1499780760000,1499780819000,1.28647,1.28654,1.28639,1.28648,88280000,1
1499780820000,1499780879000,1.28648,1.28652,1.28635,1.28637,85190000,1
1499780880000,1499780939000,1.28638,1.28639,1.28631,1.28636,111830000,1
1499780940000,1499780999000,1.28637,1.28644,1.28621,1.28623,111200000,1
1499781000000,1499781059000,1.28625,1.28633,1.28621,1.28631,138180000,1
1499781060000,1499781119000,1.28631,1.28645,1.28627,1.28628,113540000,1
1499781120000,1499781179000,1.28625,1.28628,1.28612,1.28628,115520000,1
1499781180000,1499781239000,1.28627,1.28629,1.28622,1.28629,40600000,1
1499781240000,1499781299000,1.28628,1.28638,1.28627,1.28635,93290000,1
1499781300000,1499781359000,1.28637,1.28638,1.28611,1.28612,69010000,1
1499781360000,1499781419000,1.28612,1.28636,1.28612,1.28634,70030000,1
1499781420000,1499781479000,1.28633,1.28636,1.28629,1.28632,45940000,1
1499781480000,1499781539000,1.28632,1.28655,1.28632,1.28647,90900000,1
1499781540000,1499781599000,1.28645,1.28654,1.28612,1.28627,186490000,1
1499781600000,1499781659000,1.28626,1.28629,1.28592,1.286,284760000,1
1499781660000,1499781719000,1.28599,1.28625,1.28589,1.28615,177330000,1
1499781720000,1499781779000,1.28613,1.28619,1.28602,1.28613,138950000,1
1499781780000,1499781839000,1.28613,1.28635,1.28613,1.28632,169670000,1
1499781840000,1499781899000,1.28632,1.28634,1.28617,1.28631,164960000,1
1499781900000,1499781959000,1.28631,1.28632,1.28592,1.28603,241580000,1
1499781960000,1499782019000,1.28603,1.28603,1.2857,1.2857,201690000,1
1499782020000,1499782079000,1.28571,1.2858,1.28558,1.2856,135250000,1
1499782080000,1499782139000,1.2856,1.2857,1.2855,1.28564,171280000,1
1499782140000,1499782199000,1.28565,1.28565,1.28504,1.28521,238980000,1
1499782200000,1499782259000,1.28522,1.28585,1.28521,1.28578,213750000,1
1499782260000,1499782319000,1.28577,1.28577,1.28558,1.28575,173370000,1
1499782320000,1499782379000,1.28576,1.28582,1.28565,1.28575,148170000,1
1499782380000,1499782439000,1.28577,1.28608,1.28564,1.28602,112820000,1
1499782440000,1499782499000,1.28603,1.28617,1.28565,1.28574,128990000,1
1499782500000,1499782559000,1.28575,1.28577,1.28554,1.28564,97300000,1
1499782560000,1499782619000,1.28564,1.2857,1.28554,1.28555,84840000,1
1499782620000,1499782679000,1.28557,1.28577,1.28546,1.28562,126160000,1
1499782680000,1499782739000,1.28564,1.28564,1.28532,1.28538,116240000,1
1499782740000,1499782799000,1.28539,1.28558,1.28539,1.2855,84610000,1
1499782800000,1499782859000,1.2855,1.28567,1.28532,1.28567,110590000,1
1499782860000,1499782919000,1.28565,1.28574,1.28552,1.28552,62150000,1
1499782920000,1499782979000,1.28552,1.28577,1.2855,1.28577,150410000,1
1499782980000,1499783039000,1.28576,1.28589,1.28568,1.28579,130100000,1
1499783040000,1499783099000,1.28578,1.28579,1.28554,1.28566,173440000,1
1499783100000,1499783159000,1.28564,1.2857,1.28554,1.28554,149090000,1
1499783160000,1499783219000,1.28554,1.28557,1.28543,1.28551,129700000,1
1499783220000,1499783279000,1.2855,1.28557,1.28532,1.28555,127600000,1
1499783280000,1499783339000,1.28557,1.28567,1.28555,1.28561,117910000,1
1499783340000,1499783399000,1.28561,1.28577,1.28559,1.28564,108690000,1
1499783400000,1499783459000,1.28564,1.28565,1.2854,1.28555,94940000,1
1499783460000,1499783519000,1.28554,1.28568,1.28541,1.28554,105010000,1
1499783520000,1499783579000,1.28555,1.28555,1.28487,1.28493,172500000,1
1499783580000,1499783639000,1.28493,1.28502,1.28442,1.28456,194230000,1
1499783640000,1499783699000,1.28457,1.28486,1.28447,1.28475,212680000,1
1499783700000,1499783759000,1.28475,1.28489,1.28468,1.28477,184150000,1
1499783760000,1499783819000,1.28475,1.28487,1.28385,1.28406,313280000,1
1499783820000,1499783879000,1.28406,1.28452,1.28406,1.28423,310140000,1
1499783880000,1499783939000,1.28425,1.28435,1.28422,1.28423,86860000,1
1499783940000,1499783999000,1.28423,1.28433,1.28406,1.28418,106500000,1
1499784000000,1499784059000,1.28418,1.28467,1.28418,1.28445,154300000,1
1499784060000,1499784119000,1.28445,1.28445,1.28419,1.2842,166620000,1
1499784120000,1499784179000,1.28417,1.28423,1.28408,1.28413,158920000,1
1499784180000,1499784239000,1.28413,1.28433,1.28412,1.28422,201380000,1
1499784240000,1499784299000,1.28422,1.28432,1.28411,1.28418,183270000,1
1499784300000,1499784359000,1.28418,1.28458,1.28418,1.28435,171990000,1
1499784360000,1499784419000,1.28434,1.28458,1.2843,1.28454,137200000,1
1499784420000,1499784479000,1.28454,1.2846,1.28448,1.28458,77920000,1
1499784480000,1499784539000,1.28457,1.2847,1.28457,1.28469,79540000,1
1499784540000,1499784599000,1.28471,1.28497,1.28463,1.28477,217090000,1
1499784600000,1499784659000,1.28478,1.28482,1.28452,1.28465,177510000,1
1499784660000,1499784719000,1.28464,1.28468,1.28455,1.28458,73850000,1
1499784720000,1499784779000,1.28457,1.28468,1.28454,1.28462,165030000,1
1499784780000,1499784839000,1.28465,1.28471,1.28437,1.28437,92880000,1
1499784840000,1499784899000,1.28435,1.28445,1.28408,1.28426,165930000,1
1499784900000,1499784959000,1.28428,1.2845,1.28428,1.28438,184620000,1
1499784960000,1499785019000,1.28438,1.2845,1.28438,1.28448,47890000,1
1499785020000,1499785079000,1.28447,1.28494,1.28443,1.28453,210960000,1
1499785080000,1499785139000,1.28455,1.28461,1.28423,1.28434,250360000,1
1499785140000,1499785199000,1.28435,1.28436,1.28424,1.28426,242090000,1
1499785200000,1499785259000,1.28426,1.28435,1.28408,1.28414,166640000,1
1499785260000,1499785319000,1.28414,1.28434,1.28413,1.28422,151380000,1
1499785320000,1499785379000,1.28422,1.2844,1.28413,1.28423,99350000,1
1499785380000,1499785439000,1.28423,1.28438,1.28422,1.28437,78340000,1
1499785440000,1499785499000,1.28437,1.28449,1.28414,1.28419,133950000,1
1499785500000,1499785559000,1.28423,1.28424,1.28392,1.28398,153950000,1
1499785560000,1499785619000,1.28397,1.28399,1.28372,1.28389,129790000,1
1499785620000,1499785679000,1.28389,1.28389,1.28372,1.28372,97150000,1
1499785680000,1499785739000,1.28372,1.28373,1.28322,1.28325,134850000,1
1499785740000,1499785799000,1.28325,1.28338,1.2832,1.28337,129930000,1
1499785800000,1499785859000,1.28338,1.28338,1.28323,1.28325,126410000,1
1499785860000,1499785919000,1.28332,1.28361,1.28325,1.28357,191130000,1
1499785920000,1499785979000,1.28357,1.28368,1.28344,1.28354,130600000,1
1499785980000,1499786039000,1.28354,1.28359,1.2835,1.28358,107610000,1
1499786040000,1499786099000,1.28362,1.28378,1.28362,1.28373,114360000,1
1499786100000,1499786159000,1.28373,1.28426,1.28373,1.28424,172500000,1
1499786160000,1499786219000,1.28422,1.28429,1.28411,1.28415,142470000,1
1499786220000,1499786279000,1.28415,1.28417,1.28387,1.28397,155480000,1
1499786280000,1499786339000,1.28397,1.28397,1.28384,1.28387,112510000,1
1499786340000,1499786399000,1.28387,1.28396,1.28387,1.28396,92690000,1
1499786400000,1499786459000,1.28397,1.28448,1.28395,1.28444,190340000,1
1499786460000,1499786519000,1.28453,1.28469,1.28441,1.28469,124660000,1
1499786520000,1499786579000,1.28469,1.28486,1.28463,1.28474,103030000,1
1499786580000,1499786639000,1.28474,1.28517,1.28458,1.28509,173000000,1
1499786640000,1499786699000,1.28508,1.28515,1.28464,1.2847,231840000,1
1499786700000,1499786759000,1.2847,1.2847,1.28438,1.28456,293270000,1
1499786760000,1499786819000,1.28457,1.28478,1.28446,1.28457,204180000,1
1499786820000,1499786879000,1.28455,1.28456,1.28426,1.28438,161270000,1
1499786880000,1499786939000,1.28441,1.28448,1.28427,1.28428,126710000,1
1499786940000,1499786999000,1.28426,1.28448,1.28426,1.2844,166540000,1
1499787000000,1499787059000,1.28441,1.28489,1.28441,1.28488,178870000,1
1499787060000,1499787119000,1.28489,1.28552,1.28488,1.2852,206020000,1
1499787120000,1499787179000,1.2852,1.28523,1.28502,1.28523,198360000,1
1499787180000,1499787239000,1.28524,1.28537,1.28517,1.28517,91470000,1
1499787240000,1499787299000,1.28518,1.28518,1.28507,1.28518,92170000,1
1499787300000,1499787359000,1.28516,1.28518,1.28512,1.28512,68230000,1
1499787360000,1499787419000,1.28514,1.28514,1.285,1.28508,110350000,1
1499787420000,1499787479000,1.28507,1.28512,1.28487,1.28487,141260000,1
1499787480000,1499787539000,1.28488,1.28492,1.28479,1.28489,145770000,1
1499787540000,1499787599000,1.2849,1.28497,1.28484,1.28497,120920000,1
1499787600000,1499787659000,1.28497,1.28504,1.28494,1.28504,103660000,1
1499787660000,1499787719000,1.28504,1.28529,1.28498,1.28528,116660000,1
1499787720000,1499787779000,1.28532,1.28543,1.28525,1.28541,81780000,1
1499787780000,1499787839000,1.2854,1.28547,1.28528,1.28534,100850000,1
1499787840000,1499787899000,1.28535,1.28538,1.28504,1.28504,86690000,1
1499787900000,1499787959000,1.28505,1.28505,1.28485,1.28485,85790000,1
1499787960000,1499788019000,1.28485,1.28492,1.28483,1.28483,99400000,1
1499788020000,1499788079000,1.28483,1.28485,1.28475,1.28475,67080000,1
1499788080000,1499788139000,1.28477,1.28482,1.28471,1.28476,128200000,1
1499788140000,1499788199000,1.28476,1.28518,1.28476,1.28496,99000000,1
1499788200000,1499788259000,1.28497,1.28502,1.28493,1.28493,81420000,1
1499788260000,1499788319000,1.28494,1.28496,1.2847,1.28488,139680000,1
1499788320000,1499788379000,1.28489,1.28506,1.28489,1.28505,75200000,1
1499788380000,1499788439000,1.28505,1.28513,1.28505,1.2851,105030000,1
1499788440000,1499788499000,1.28511,1.28512,1.28491,1.28498,92260000,1
1499788500000,1499788559000,1.28496,1.28514,1.28496,1.28507,72590000,1
1499788560000,1499788619000,1.28507,1.28512,1.28498,1.28512,132270000,1
1499788620000,1499788679000,1.28514,1.28514,1.28483,1.28487,126830000,1
1499788680000,1499788739000,1.28487,1.28487,1.28453,1.28457,136290000,1
1499788740000,1499788799000,1.28457,1.28505,1.28456,1.28498,136800000,1
1499788800000,1499788859000,1.28499,1.28499,1.28444,1.28466,168590000,1
1499788860000,1499788919000,1.28466,1.28477,1.28463,1.28469,60360000,1
1499788920000,1499788979000,1.2847,1.28474,1.2846,1.2846,80430000,1
1499788980000,1499789039000,1.28462,1.28466,1.28453,1.28455,103850000,1
1499789040000,1499789099000,1.28455,1.28464,1.2845,1.28453,68200000,1
1499789100000,1499789159000,1.28455,1.28455,1.28424,1.28424,133090000,1
1499789160000,1499789219000,1.28425,1.28432,1.28417,1.28432,64220000,1
1499789220000,1499789279000,1.2843,1.28445,1.28426,1.28433,106400000,1
1499789280000,1499789339000,1.28433,1.28469,1.28429,1.28455,161490000,1
1499789340000,1499789399000,1.28454,1.28454,1.28432,1.28443,84690000,1
1499789400000,1499789459000,1.28443,1.28453,1.28442,1.28449,77990000,1
1499789460000,1499789519000,1.28446,1.28453,1.28444,1.28452,66720000,1
1499789520000,1499789579000,1.28452,1.28468,1.28452,1.28467,63330000,1
1499789580000,1499789639000,1.28466,1.28466,1.284,1.28433,163060000,1
1499789640000,1499789699000,1.28431,1.28445,1.28423,1.2844,102510000,1
1499789700000,1499789759000,1.28442,1.28446,1.28429,1.28445,108910000,1
1499789760000,1499789819000,1.28447,1.28458,1.28447,1.28453,120280000,1
1499789820000,1499789879000,1.28453,1.28466,1.28452,1.28456,78880000,1
1499789880000,1499789939000,1.28457,1.28464,1.28425,1.28435,134060000,1
1499789940000,1499789999000,1.28436,1.28445,1.28417,1.28421,75470000,1
1499790000000,1499790059000,1.28418,1.28436,1.28406,1.28407,72230000,1
1499790060000,1499790119000,1.28409,1.28423,1.28409,1.28416,61760000,1
1499790120000,1499790179000,1.28416,1.28416,1.28374,1.28374,71700000,1
1499790180000,1499790239000,1.28376,1.28376,1.28331,1.28331,206600000,1
1499790240000,1499790299000,1.28331,1.28334,1.28312,1.28334,154810000,1
1499790300000,1499790359000,1.28333,1.28343,1.28333,1.28341,67240000,1
1499790360000,1499790419000,1.28344,1.28345,1.28333,1.28338,77500000,1
1499790420000,1499790479000,1.28339,1.28339,1.2833,1.28331,62970000,1
1499790480000,1499790539000,1.28332,1.28342,1.28332,1.2834,90300000,1
1499790540000,1499790599000,1.2834,1.28357,1.28323,1.28331,111490000,1
1499790600000,1499790659000,1.28331,1.28342,1.28309,1.28323,201940000,1
1499790660000,1499790719000,1.28325,1.28329,1.28308,1.28329,158520000,1
1499790720000,1499790779000,1.28331,1.28354,1.2833,1.28353,176140000,1
1499790780000,1499790839000,1.28353,1.28393,1.28349,1.28383,177480000,1
1499790840000,1499790899000,1.28383,1.28418,1.28373,1.28396,175450000,1
1499790900000,1499790959000,1.28396,1.28418,1.28395,1.28408,102620000,1
1499790960000,1499791019000,1.28407,1.28414,1.28394,1.28396,73780000,1
1499791020000,1499791079000,1.28396,1.28415,1.28396,1.28415,57870000,1
1499791080000,1499791139000,1.28415,1.28446,1.28414,1.28446,84220000,1
1499791140000,1499791199000,1.28446,1.28488,1.28445,1.28484,116670000,1
1499791200000,1499791259000,1.28485,1.28505,1.28471,1.28505,200950000,1
1499791260000,1499791319000,1.28504,1.28524,1.28496,1.2852,108680000,1
1499791320000,1499791379000,1.28523,1.28523,1.28491,1.28494,111360000,1
1499791380000,1499791439000,1.28494,1.28494,1.28473,1.28483,82150000,1
1499791440000,1499791499000,1.28484,1.28506,1.28481,1.28495,64350000,1
1499791500000,1499791559000,1.28495,1.28499,1.28487,1.28494,626700000,1
1499791560000,1499791619000,1.28493,1.28497,1.28488,1.28492,528080000,1
1499791620000,1499791679000,1.28495,1.28495,1.28487,1.2849,143490000,1
1499791680000,1499791739000,1.2849,1.28502,1.28483,1.28494,93110000,1
1499791740000,1499791799000,1.28496,1.28514,1.28488,1.28488,79290000,1
1499791800000,1499791859000,1.28488,1.28496,1.28488,1.28495,21990000,1
1499791860000,1499791919000,1.28495,1.28504,1.28475,1.285,58610000,1
1499791920000,1499791979000,1.28499,1.28506,1.28497,1.28505,64330000,1
1499791980000,1499792039000,1.28502,1.28508,1.28497,1.28506,54910000,1
1499792040000,1499792099000,1.28506,1.28506,1.28494,1.28496,28660000,1
1499792100000,1499792159000,1.28495,1.28503,1.28481,1.2849,111700000,1
1499792160000,1499792219000,1.2849,1.2849,1.28472,1.28472,91590000,1
1499792220000,1499792279000,1.28472,1.28505,1.28471,1.28501,136130000,1
1499792280000,1499792339000,1.28501,1.28502,1.28473,1.28473,84400000,1
1499792340000,1499792399000,1.28473,1.28484,1.28473,1.28484,98410000,1
1499792400000,1499792459000,1.28482,1.28482,1.28461,1.28482,101970000,1
1499792460000,1499792519000,1.28483,1.28511,1.28483,1.28506,155350000,1
1499792520000,1499792579000,1.28508,1.28508,1.28499,1.28504,141520000,1
1499792580000,1499792639000,1.28503,1.28518,1.28502,1.28504,70320000,1
1499792640000,1499792699000,1.28504,1.28506,1.28494,1.28505,48110000,1
1499792700000,1499792759000,1.28505,1.28512,1.28497,1.28498,54960000,1
1499792760000,1499792819000,1.28498,1.28502,1.28491,1.28493,31470000,1
1499792820000,1499792879000,1.28492,1.28504,1.28491,1.28503,58900000,1
1499792880000,1499792939000,1.28507,1.28528,1.28507,1.28519,60380000,1
1499792940000,1499792999000,1.28519,1.28521,1.28509,1.28509,49250000,1
1499793000000,1499793059000,1.28511,1.28528,1.28511,1.28527,41120000,1
1499793060000,1499793119000,1.28527,1.28528,1.28493,1.28493,34800000,1
1499793120000,1499793179000,1.28492,1.28496,1.28474,1.28493,83880000,1
1499793180000,1499793239000,1.28492,1.28516,1.28487,1.28492,58810000,1
1499793240000,1499793299000,1.28492,1.28495,1.28477,1.28478,69340000,1
1499793300000,1499793359000,1.28473,1.28476,1.28465,1.28465,56940000,1
1499793360000,1499793419000,1.28465,1.28482,1.28464,1.28469,48820000,1
1499793420000,1499793479000,1.28463,1.28464,1.28453,1.28454,62810000,1
1499793480000,1499793539000,1.28461,1.28465,1.28457,1.28461,68640000,1
1499793540000,1499793599000,1.28461,1.28465,1.28458,1.28458,59030000,1
1499793600000,1499793659000,1.28458,1.28459,1.28431,1.28433,63950000,1
1499793660000,1499793719000,1.28432,1.28433,1.28423,1.28423,76650000,1
1499793720000,1499793779000,1.28423,1.28433,1.28423,1.28433,59710000,1
1499793780000,1499793839000,1.28433,1.28434,1.28432,1.28432,42080000,1
1499793840000,1499793899000,1.28432,1.28432,1.28423,1.28423,52210000,1
1499793900000,1499793959000,1.28423,1.28433,1.28422,1.28433,53580000,1
1499793960000,1499794019000,1.28432,1.28441,1.28432,1.28436,35320000,1
1499794020000,1499794079000,1.28436,1.28441,1.28423,1.28424,48960000,1
1499794080000,1499794139000,1.28424,1.28434,1.28424,1.28431,28550000,1
1499794140000,1499794199000,1.28432,1.28446,1.28432,1.28445,45400000,1
1499794200000,1499794259000,1.28449,1.28496,1.28449,1.28474,121820000,1
1499794260000,1499794319000,1.28473,1.28473,1.28447,1.28462,59540000,1
1499794320000,1499794379000,1.28463,1.28464,1.2846,1.28462,30840000,1
1499794380000,1499794439000,1.28463,1.28466,1.28461,1.28463,25090000,1
1499794440000,1499794499000,1.28462,1.28486,1.28453,1.28482,112550000,1
1499794500000,1499794559000,1.28483,1.2861,1.28475,1.28586,223140000,1
1499794560000,1499794619000,1.28585,1.28585,1.28511,1.28524,234080000,1
1499794620000,1499794679000,1.28527,1.28555,1.28514,1.28553,125490000,1
1499794680000,1499794739000,1.28553,1.28576,1.28551,1.28558,135500000,1
1499794740000,1499794799000,1.28559,1.2856,1.28521,1.28551,184620000,1
1499794800000,1499794859000,1.28555,1.28582,1.28544,1.2857,135400000,1
1499794860000,1499794919000,1.28573,1.28576,1.28553,1.28555,88850000,1
1499794920000,1499794979000,1.28555,1.28565,1.28529,1.28554,173090000,1
1499794980000,1499795039000,1.28552,1.28568,1.28529,1.28535,177410000,1
1499795040000,1499795099000,1.28534,1.28547,1.28517,1.28522,242560000,1
1499795100000,1499795159000,1.28524,1.28554,1.28513,1.28513,267180000,1
1499795160000,1499795219000,1.28514,1.28545,1.28514,1.28524,200080000,1
1499795220000,1499795279000,1.28523,1.28523,1.28512,1.28521,120860000,1
1499795280000,1499795339000,1.28522,1.28523,1.285,1.28504,158000000,1
1499795340000,1499795399000,1.28502,1.28507,1.2848,1.2848,98940000,1
1499795400000,1499795459000,1.2848,1.28482,1.28473,1.28481,139910000,1
1499795460000,1499795519000,1.28481,1.28482,1.28463,1.28467,118990000,1
1499795520000,1499795579000,1.28464,1.28466,1.28452,1.28459,121640000,1
1499795580000,1499795639000,1.2846,1.28472,1.28454,1.28471,70220000,1
1499795640000,1499795699000,1.28469,1.28476,1.28469,1.28474,34670000,1
1499795700000,1499795759000,1.28474,1.28484,1.28468,1.28484,82130000,1
1499795760000,1499795819000,1.28481,1.28484,1.28467,1.2847,63590000,1
1499795820000,1499795879000,1.2847,1.28475,1.28464,1.28466,83710000,1
1499795880000,1499795939000,1.28467,1.28487,1.28466,1.28486,76890000,1
1499795940000,1499795999000,1.28486,1.28514,1.28486,1.28513,134580000,1
1499796000000,1499796059000,1.28514,1.28542,1.2851,1.2854,116590000,1
1499796060000,1499796119000,1.2854,1.28578,1.28537,1.28574,147570000,1
1499796120000,1499796179000,1.28575,1.28597,1.28564,1.28564,172830000,1
1499796180000,1499796239000,1.28565,1.28565,1.28546,1.28553,124580000,1
1499796240000,1499796299000,1.28553,1.28572,1.28552,1.28569,147890000,1
1499796300000,1499796359000,1.28569,1.28585,1.28559,1.28575,185190000,1
1499796360000,1499796419000,1.28573,1.28573,1.28558,1.2857,101950000,1
1499796420000,1499796479000,1.2857,1.28571,1.28561,1.28561,100250000,1
1499796480000,1499796539000,1.28564,1.28582,1.28562,1.2858,105120000,1
1499796540000,1499796599000,1.2858,1.28584,1.2856,1.28573,134210000,1
1499796600000,1499796659000,1.28573,1.28576,1.28565,1.28566,72790000,1
1499796660000,1499796719000,1.28568,1.28578,1.28551,1.28553,123300000,1
1499796720000,1499796779000,1.28554,1.28554,1.2854,1.28541,79530000,1
1499796780000,1499796839000,1.28542,1.28544,1.2854,1.28544,38440000,1
1499796840000,1499796899000,1.28544,1.28557,1.28534,1.2854,121520000,1
1499796900000,1499796959000,1.2854,1.2854,1.28513,1.28517,112800000,1
1499796960000,1499797019000,1.28517,1.28528,1.28516,1.28527,38960000,1
1499797020000,1499797079000,1.28528,1.28533,1.28522,1.28522,82690000,1
1499797080000,1499797139000,1.28522,1.28524,1.28487,1.28492,95100000,1
1499797140000,1499797199000,1.28492,1.28493,1.28492,1.28493,50000000,1
1499797200000,1499797259000,1.28493,1.28524,1.28492,1.28519,108780000,1
1499797260000,1499797319000,1.28519,1.28525,1.28519,1.28523,56710000,1
1499797320000,1499797379000,1.28523,1.28524,1.28505,1.28513,79000000,1
1499797380000,1499797439000,1.28513,1.2854,1.28513,1.28535,39430000,1
1499797440000,1499797499000,1.28533,1.28533,1.28514,1.28523,88580000,1
1499797500000,1499797559000,1.28523,1.28544,1.28522,1.28539,105630000,1
1499797560000,1499797619000,1.28537,1.28539,1.28531,1.28532,56970000,1
1499797620000,1499797679000,1.28531,1.28531,1.28511,1.28515,89640000,1
1499797680000,1499797739000,1.28515,1.28527,1.28514,1.28526,72420000,1
1499797740000,1499797799000,1.28526,1.28536,1.28526,1.28531,79440000,1
1499797800000,1499797859000,1.28531,1.28536,1.28522,1.28532,130840000,1
1499797860000,1499797919000,1.28532,1.28543,1.28532,1.28538,84240000,1
1499797920000,1499797979000,1.28539,1.28542,1.28533,1.28542,80520000,1
1499797980000,1499798039000,1.28542,1.28555,1.28528,1.28533,151500000,1
1499798040000,1499798099000,1.28533,1.28533,1.28508,1.28511,162650000,1
1499798100000,1499798159000,1.28511,1.28522,1.28506,1.28521,88820000,1
1499798160000,1499798219000,1.28521,1.28525,1.28513,1.28522,54370000,1
1499798220000,1499798279000,1.2852,1.28545,1.2852,1.28536,67900000,1
1499798280000,1499798339000,1.28536,1.2854,1.28529,1.28531,130020000,1
1499798340000,1499798399000,1.28531,1.28533,1.28512,1.28533,114580000,1
1499798400000,1499798459000,1.28532,1.28532,1.28492,1.28503,113570000,1
1499798460000,1499798519000,1.28502,1.28521,1.28501,1.28501,120830000,1
1499798520000,1499798579000,1.28501,1.28512,1.28495,1.28497,82860000,1
1499798580000,1499798639000,1.28496,1.28499,1.28482,1.28489,105240000,1
1499798640000,1499798699000,1.28491,1.28492,1.28484,1.28485,108900000,1
1499798700000,1499798759000,1.28485,1.28492,1.2847,1.28479,88280000,1
1499798760000,1499798819000,1.28479,1.28496,1.28474,1.28496,79680000,1
1499798820000,1499798879000,1.28496,1.28508,1.28493,1.28504,292410000,1
1499798880000,1499798939000,1.28504,1.28507,1.28499,1.28507,46350000,1
1499798940000,1499798999000,1.28508,1.28517,1.28503,1.28504,85300000,1
1499799000000,1499799059000,1.28504,1.28513,1.28502,1.28502,67920000,1
1499799060000,1499799119000,1.28502,1.28502,1.28479,1.28483,103200000,1
1499799120000,1499799179000,1.28483,1.28486,1.28482,1.28486,37350000,1
1499799180000,1499799239000,1.28483,1.28509,1.28483,1.28491,83390000,1
1499799240000,1499799299000,1.28489,1.28492,1.28456,1.28476,649830000,1
1499799300000,1499799359000,1.28476,1.28494,1.28474,1.2849,106260000,1
1499799360000,1499799419000,1.28496,1.28502,1.28491,1.28502,47630000,1
1499799420000,1499799479000,1.28502,1.28512,1.28501,1.28502,274910000,1
1499799480000,1499799539000,1.28504,1.28517,1.28501,1.28505,106530000,1
1499799540000,1499799599000,1.28505,1.28511,1.28492,1.28492,350780000,1
1499799600000,1499799659000,1.28491,1.28508,1.28491,1.28507,92840000,1
1499799660000,1499799719000,1.28507,1.28526,1.28507,1.28522,112090000,1
1499799720000,1499799779000,1.28524,1.28528,1.2852,1.28527,98710000,1
1499799780000,1499799839000,1.28527,1.28532,1.28521,1.28521,66890000,1
1499799840000,1499799899000,1.28521,1.28523,1.28512,1.28513,60580000,1
1499799900000,1499799959000,1.28515,1.28523,1.28515,1.28519,68950000,1
1499799960000,1499800019000,1.28519,1.2852,1.28495,1.28502,125170000,1
1499800020000,1499800079000,1.28502,1.28513,1.28501,1.28501,84630000,1
1499800080000,1499800139000,1.28501,1.28507,1.285,1.28502,69770000,1
1499800140000,1499800199000,1.28502,1.28514,1.28502,1.28503,122020000,1
1499800200000,1499800259000,1.28503,1.28513,1.28503,1.28506,74900000,1
1499800260000,1499800319000,1.28504,1.2851,1.28502,1.28505,65400000,1
1499800320000,1499800379000,1.28505,1.28511,1.28502,1.28503,48780000,1
1499800380000,1499800439000,1.28503,1.28505,1.28502,1.28503,18600000,1
1499800440000,1499800499000,1.28503,1.28503,1.28502,1.28502,19180000,1
1499800500000,1499800559000,1.28503,1.28503,1.28491,1.28491,45140000,1
1499800560000,1499800619000,1.28491,1.28491,1.28488,1.28491,39710000,1
1499800620000,1499800679000,1.28491,1.28498,1.28491,1.28493,56020000,1
1499800680000,1499800739000,1.28492,1.28493,1.28481,1.28483,70390000,1
1499800740000,1499800799000,1.28482,1.2849,1.28478,1.2848,120330000,1
1499800800000,1499800859000,1.28478,1.28478,1.28457,1.28458,72870000,1
1499800860000,1499800919000,1.28459,1.28459,1.2845,1.28451,30460000,1
1499800920000,1499800979000,1.28452,1.2846,1.28452,1.28459,68220000,1
1499800980000,1499801039000,1.28459,1.28464,1.28458,1.28461,40960000,1
1499801040000,1499801099000,1.28461,1.28473,1.2846,1.2847,54720000,1
1499801100000,1499801159000,1.2847,1.28482,1.28468,1.28482,27860000,1
1499801160000,1499801219000,1.28482,1.28482,1.28469,1.28472,54700000,1
1499801220000,1499801279000,1.28472,1.28472,1.2847,1.2847,31580000,1
1499801280000,1499801339000,1.28471,1.28482,1.2847,1.28476,57630000,1
1499801340000,1499801399000,1.28476,1.28487,1.28474,1.28485,29240000,1
1499801400000,1499801459000,1.28483,1.28484,1.28472,1.2848,59000000,1
1499801460000,1499801519000,1.28481,1.28481,1.28461,1.28464,66760000,1
1499801520000,1499801579000,1.28466,1.28473,1.28463,1.2847,69770000,1
1499801580000,1499801639000,1.2847,1.28474,1.28469,1.28469,544760000,1
1499801640000,1499801699000,1.28473,1.28475,1.2847,1.28474,431180000,1
1499801700000,1499801759000,1.28473,1.28486,1.28473,1.28481,65740000,1
1499801760000,1499801819000,1.28481,1.28481,1.28466,1.2847,1559320000,1
1499801820000,1499801879000,1.2847,1.28471,1.2847,1.28471,1224090000,1
1499801880000,1499801939000,1.2847,1.2847,1.28461,1.28461,43430000,1
1499801940000,1499801999000,1.28461,1.28463,1.2846,1.28463,48470000,1
1499802000000,1499802059000,1.28463,1.28472,1.28463,1.2847,41140000,1
1499802060000,1499802119000,1.28469,1.28472,1.28469,1.28472,70070000,1
1499802120000,1499802179000,1.28472,1.28472,1.2847,1.28471,25460000,1
1499802180000,1499802239000,1.2847,1.2847,1.28458,1.28458,63570000,1
1499802240000,1499802299000,1.28457,1.28457,1.28451,1.28452,29820000,1
1499802300000,1499802359000,1.28452,1.28458,1.28451,1.28452,68780000,1
1499802360000,1499802419000,1.28452,1.2847,1.28452,1.28464,66390000,1
1499802420000,1499802479000,1.28465,1.28471,1.28462,1.28465,25960000,1
1499802480000,1499802539000,1.28465,1.28465,1.28456,1.28465,28120000,1
1499802540000,1499802599000,1.28465,1.28467,1.28463,1.28465,19000000,1
1499802600000,1499802659000,1.28464,1.28466,1.28453,1.28456,39350000,1
1499802660000,1499802719000,1.28458,1.28477,1.28456,1.28477,25870000,1
1499802720000,1499802779000,1.28477,1.28478,1.28471,1.28475,44990000,1
1499802780000,1499802839000,1.28475,1.28476,1.28466,1.28466,35250000,1
1499802840000,1499802899000,1.28466,1.28468,1.28465,1.28468,17620000,1
1499802900000,1499802959000,1.28468,1.28468,1.28457,1.2846,35310000,1
1499802960000,1499803019000,1.2846,1.28466,1.28442,1.28448,55540000,1
1499803020000,1499803079000,1.28447,1.28457,1.28446,1.28453,57980000,1
1499803080000,1499803139000,1.28453,1.28458,1.28443,1.28458,49970000,1
1499803140000,1499803199000,1.28457,1.28471,1.28453,1.28466,75680000,1
1499803200000,1499803259000,1.28466,1.28466,1.28455,1.28457,71680000,1
1499803260000,1499803319000,1.28458,1.28461,1.28439,1.28439,73660000,1
1499803320000,1499803379000,1.2844,1.28447,1.28438,1.28443,68100000,1
1499803380000,1499803439000,1.28443,1.28444,1.28437,1.28442,56430000,1
1499803440000,1499803499000,1.28438,1.28445,1.28434,1.28444,83660000,1
1499803500000,1499803559000,1.28444,1.28451,1.28444,1.2845,41360000,1
1499803560000,1499803619000,1.2845,1.2845,1.28439,1.28445,37430000,1
1499803620000,1499803679000,1.28444,1.28445,1.28443,1.28444,54490000,1
1499803680000,1499803739000,1.28444,1.28444,1.28442,1.28442,18060000,1
1499803740000,1499803799000,1.28442,1.28442,1.28442,1.28442,8920000,1
1499803800000,1499803859000,1.28442,1.28444,1.28442,1.28444,23070000,1
1499803860000,1499803919000,1.28444,1.28444,1.28441,1.28443,24550000,1
1499803920000,1499803979000,1.28443,1.28446,1.28442,1.28445,54780000,1
1499803980000,1499804039000,1.28445,1.28446,1.28443,1.28443,12300000,1
1499804040000,1499804099000,1.28443,1.28443,1.28439,1.28439,55970000,1
1499804100000,1499804159000,1.28439,1.2845,1.28433,1.28443,229650000,1
1499804160000,1499804219000,1.28443,1.28444,1.28443,1.28444,27180000,1
1499804220000,1499804279000,1.28444,1.28444,1.28443,1.28443,32020000,1
1499804280000,1499804339000,1.28443,1.28444,1.28443,1.28443,15710000,1
1499804340000,1499804399000,1.28444,1.28444,1.28442,1.28443,61450000,1
1499804400000,1499804459000,1.28443,1.28445,1.28442,1.28442,39520000,1
1499804460000,1499804519000,1.28442,1.28443,1.2844,1.28442,61820000,1
1499804520000,1499804579000,1.28443,1.2845,1.28443,1.28443,37030000,1
1499804580000,1499804639000,1.28443,1.2845,1.28443,1.28449,79320000,1
1499804640000,1499804699000,1.28449,1.28451,1.28449,1.2845,76560000,1
1499804700000,1499804759000,1.2845,1.28453,1.2845,1.2845,41210000,1
1499804760000,1499804819000,1.2845,1.28453,1.28445,1.28453,57660000,1
1499804820000,1499804879000,1.28453,1.28455,1.28446,1.28455,43900000,1
1499804880000,1499804939000,1.28455,1.28455,1.28442,1.28443,47990000,1
1499804940000,1499804999000,1.28443,1.28443,1.28435,1.28439,105500000,1
1499805000000,1499805059000,1.28438,1.28441,1.28434,1.28435,80590000,1
1499805060000,1499805119000,1.28435,1.2845,1.28431,1.28438,232670000,1
1499805120000,1499805179000,1.28438,1.2844,1.28432,1.28439,53390000,1
1499805180000,1499805239000,1.28439,1.28439,1.28436,1.28436,48640000,1
1499805240000,1499805299000,1.28434,1.28436,1.28421,1.28424,117160000,1
1499805300000,1499805359000,1.28424,1.28433,1.28424,1.28426,77370000,1
1499805360000,1499805419000,1.28429,1.28446,1.28429,1.28446,84940000,1
1499805420000,1499805479000,1.28446,1.28451,1.28446,1.2845,49000000,1
1499805480000,1499805539000,1.2845,1.2845,1.28442,1.28443,46790000,1
1499805540000,1499805599000,1.28442,1.28446,1.2844,1.28443,115500000,1
1499805600000,1499805659000,1.28444,1.28453,1.28444,1.28452,67460000,1
1499805660000,1499805719000,1.28452,1.28459,1.28451,1.28454,139840000,1
1499805720000,1499805779000,1.28454,1.28457,1.28453,1.28456,114420000,1
1499805780000,1499805839000,1.28456,1.28462,1.28453,1.28462,79950000,1
1499805840000,1499805899000,1.28461,1.28469,1.28461,1.28467,116990000,1
1499805900000,1499805959000,1.28466,1.28477,1.28466,1.28477,68730000,1
1499805960000,1499806019000,1.28477,1.28477,1.28474,1.28475,79500000,1
1499806020000,1499806079000,1.28475,1.28484,1.28475,1.28484,70520000,1
1499806080000,1499806139000,1.28481,1.28481,1.28474,1.28474,44810000,1
1499806140000,1499806199000,1.28476,1.28491,1.28474,1.28482,47060000,1
1499806200000,1499806259000,1.28481,1.28481,1.28469,1.28472,89670000,1
1499806260000,1499806319000,1.28472,1.28475,1.28464,1.28471,91180000,1
1499806320000,1499806379000,1.28471,1.28473,1.2847,1.28472,68360000,1
1499806380000,1499806439000,1.28472,1.28473,1.28463,1.28467,68860000,1
1499806440000,1499806499000,1.28469,1.28475,1.28468,1.28474,198780000,1
1499806500000,1499806559000,1.28474,1.28474,1.28469,1.28471,57940000,1
1499806560000,1499806619000,1.28471,1.28474,1.2847,1.28474,81950000,1
1499806620000,1499806679000,1.28475,1.28497,1.28468,1.28472,95440000,1
1499806680000,1499806739000,1.28469,1.28478,1.28465,1.28471,65370000,1
1499806740000,1499806799000,1.28468,1.2847,1.28434,1.28434,52650000,1
1499806800000,1499806859000,1.28425,1.28476,1.28379,1.28396,14240000,1
1499806860000,1499806919000,1.28354,1.28462,1.28354,1.28382,20990000,1
1499806920000,1499806979000,1.28361,1.28391,1.28361,1.2839,5620000,1
1499806980000,1499807039000,1.2839,1.2839,1.2839,1.2839,4500000,1
1499807040000,1499807099000,1.28391,1.28478,1.28391,1.28457,12620000,1
1499807100000,1499807159000,1.28469,1.28489,1.28445,1.28477,213620000,1
1499807160000,1499807219000,1.28487,1.28496,1.2844,1.2844,199440000,1
1499807220000,1499807279000,1.2844,1.28469,1.2844,1.28468,66120000,1
1499807280000,1499807339000,1.28467,1.28477,1.2844,1.2844,136940000,1
1499807340000,1499807399000,1.2844,1.28478,1.2844,1.28475,230380000,1
1499807400000,1499807459000,1.28477,1.28478,1.28471,1.28478,121540000,1
1499807460000,1499807519000,1.28472,1.28478,1.28465,1.28477,307860000,1
1499807520000,1499807579000,1.28475,1.28478,1.28465,1.28474,223660000,1
1499807580000,1499807639000,1.28474,1.28476,1.28471,1.28475,212670000,1
1499807640000,1499807699000,1.28475,1.28476,1.28468,1.28475,169440000,1
1499807700000,1499807759000,1.28474,1.28479,1.28471,1.28475,87670000,1
1499807760000,1499807819000,1.28475,1.28475,1.28475,1.28475,3500000,1
1499807820000,1499807879000,1.28475,1.28476,1.28475,1.28476,3370000,1
1499807880000,1499807939000,1.28475,1.28476,1.28475,1.28475,34240000,1
1499807940000,1499807999000,1.28475,1.28476,1.28475,1.28475,16750000,1
1499808000000,1499808059000,1.28475,1.28476,1.28475,1.28475,26750000,1
1499808060000,1499808119000,1.28481,1.28481,1.28481,1.28481,1000000,1
1499808120000,1499808179000,1.28476,1.28476,1.28473,1.28474,6490000,1
1499808180000,1499808239000,1.28473,1.28477,1.28473,1.28477,19370000,1
1499808240000,1499808299000,1.28476,1.28477,1.28476,1.28476,17000000,1
1499808300000,1499808359000,1.28477,1.28477,1.28476,1.28477,3740000,1
1499808360000,1499808419000,1.28477,1.28481,1.28471,1.28472,15850000,1
1499808420000,1499808479000,1.28471,1.28472,1.28467,1.28472,22600000,1
1499808480000,1499808539000,1.28472,1.28472,1.28467,1.28467,54440000,1
1499808540000,1499808599000,1.28482,1.28482,1.28478,1.28478,2000000,1
1499808600000,1499808659000,1.28477,1.28477,1.28477,1.28477,1000000,1
1499808660000,1499808719000,1.28473,1.28473,1.28472,1.28473,38000000,1
1499808720000,1499808779000,1.28472,1.28473,1.28472,1.28472,29000000,1
1499808780000,1499808839000,1.28473,1.28473,1.28472,1.28472,30000000,1
1499808840000,1499808899000,1.28473,1.28473,1.28472,1.28472,20000000,1
1499808900000,1499808959000,1.28473,1.28473,1.2844,1.2844,16390000,1
1499808960000,1499809019000,1.2844,1.2844,1.2844,1.2844,10010000,1
1499809020000,1499809079000,1.2844,1.2844,1.2844,1.2844,9100000,1
1499809080000,1499809139000,1.2844,1.28456,1.2844,1.28449,20490000,1
1499809140000,1499809199000,1.28449,1.2845,1.28414,1.28414,59590000,1
1499809200000,1499809259000,1.28414,1.28464,1.28414,1.28463,75180000,1
1499809260000,1499809319000,1.28464,1.28464,1.28458,1.28458,48700000,1
1499809320000,1499809379000,1.28459,1.28475,1.28456,1.28468,92480000,1
1499809380000,1499809439000,1.28468,1.28477,1.28468,1.28477,33000000,1
1499809440000,1499809499000,1.28477,1.28477,1.28467,1.28467,119000000,1
1499809500000,1499809559000,1.28467,1.28467,1.28462,1.28462,21370000,1
1499809560000,1499809619000,1.28457,1.28467,1.28457,1.28467,23370000,1
1499809620000,1499809679000,1.28467,1.28467,1.28462,1.28462,77490000,1
1499809680000,1499809739000,1.28463,1.28464,1.28462,1.28463,86910000,1
1499809740000,1499809799000,1.28463,1.28467,1.28462,1.28465,52150000,1
1499809800000,1499809859000,1.28466,1.28468,1.28463,1.28466,40290000,1
1499809860000,1499809919000,1.28465,1.28465,1.28462,1.28462,33140000,1
1499809920000,1499809979000,1.28457,1.28463,1.28457,1.28458,66880000,1
1499809980000,1499810039000,1.2846,1.28462,1.28457,1.28457,72440000,1
1499810040000,1499810099000,1.28457,1.2846,1.28457,1.28457,44600000,1
1499810100000,1499810159000,1.28457,1.28461,1.28457,1.28459,45080000,1
1499810160000,1499810219000,1.28457,1.28459,1.28452,1.28458,34730000,1
1499810220000,1499810279000,1.28458,1.28458,1.28447,1.28457,59890000,1
1499810280000,1499810339000,1.28457,1.28471,1.28457,1.28467,62030000,1
1499810340000,1499810399000,1.28469,1.28477,1.28464,1.28469,17340000,1
1499810400000,1499810459000,1.28469,1.28469,1.28464,1.28469,37500000,1
1499810460000,1499810519000,1.28469,1.28469,1.28463,1.28463,42250000,1
1499810520000,1499810579000,1.28462,1.28465,1.28462,1.28463,76350000,1
1499810580000,1499810639000,1.28464,1.28486,1.28463,1.28482,29440000,1
1499810640000,1499810699000,1.28483,1.28483,1.28481,1.28482,56660000,1
1499810700000,1499810759000,1.28482,1.28487,1.28481,1.28487,118530000,1
1499810760000,1499810819000,1.28487,1.28487,1.28486,1.28486,52620000,1
1499810820000,1499810879000,1.28482,1.28482,1.28478,1.28478,32120000,1
1499810880000,1499810939000,1.28478,1.2848,1.28475,1.28477,71190000,1
1499810940000,1499810999000,1.28477,1.28494,1.28477,1.28487,68480000,1
1499811000000,1499811059000,1.28487,1.28491,1.28484,1.2849,107340000,1
1499811060000,1499811119000,1.28492,1.28495,1.2849,1.28495,67130000,1
1499811120000,1499811179000,1.28495,1.28495,1.28493,1.28494,73510000,1
1499811180000,1499811239000,1.28495,1.28498,1.28492,1.28498,73100000,1
1499811240000,1499811299000,1.28498,1.28498,1.28494,1.28494,40670000,1
1499811300000,1499811359000,1.28494,1.28494,1.28492,1.28493,32190000,1
1499811360000,1499811419000,1.28493,1.28495,1.28492,1.28492,59880000,1
1499811420000,1499811479000,1.28492,1.28508,1.28492,1.28503,54580000,1
1499811480000,1499811539000,1.28503,1.28504,1.28502,1.28503,55440000,1
1499811540000,1499811599000,1.28504,1.28504,1.28503,1.28503,29570000,1
1499811600000,1499811659000,1.28503,1.28504,1.28501,1.28503,69290000,1
1499811660000,1499811719000,1.28501,1.28504,1.28501,1.28504,94830000,1
1499811720000,1499811779000,1.28504,1.28504,1.28501,1.28503,60150000,1
1499811780000,1499811839000,1.28504,1.28504,1.28501,1.28503,75270000,1
1499811840000,1499811899000,1.28502,1.28503,1.285,1.28503,43320000,1
1499811900000,1499811959000,1.28503,1.28503,1.28499,1.28503,70960000,1
1499811960000,1499812019000,1.28503,1.28504,1.28501,1.28502,48700000,1
1499812020000,1499812079000,1.28502,1.28503,1.28501,1.28502,85950000,1
1499812080000,1499812139000,1.28502,1.28502,1.28497,1.28502,74640000,1
1499812140000,1499812199000,1.28502,1.28509,1.28502,1.28509,42920000,1
1499812200000,1499812259000,1.28509,1.28509,1.28499,1.28501,49170000,1
1499812260000,1499812319000,1.28501,1.28518,1.28501,1.28518,112600000,1
1499812320000,1499812379000,1.28518,1.28522,1.28513,1.28514,72930000,1
1499812380000,1499812439000,1.28513,1.28524,1.28513,1.28523,21490000,1
1499812440000,1499812499000,1.28523,1.28523,1.28515,1.28521,52900000,1
1499812500000,1499812559000,1.28521,1.28523,1.2852,1.28521,39940000,1
1499812560000,1499812619000,1.28521,1.28524,1.28521,1.28522,82630000,1
1499812620000,1499812679000,1.28523,1.28523,1.28493,1.28496,122730000,1
1499812680000,1499812739000,1.28496,1.28496,1.2849,1.28494,106880000,1
1499812740000,1499812799000,1.28493,1.28496,1.28493,1.28496,67230000,1
1499812800000,1499812859000,1.28496,1.28502,1.28496,1.28501,64000000,1
1499812860000,1499812919000,1.28503,1.28512,1.28502,1.28509,65500000,1
1499812920000,1499812979000,1.28509,1.28525,1.28508,1.28525,96610000,1
1499812980000,1499813039000,1.28525,1.28531,1.28525,1.28529,33600000,1
1499813040000,1499813099000,1.2853,1.28532,1.2853,1.28532,39100000,1
1499813100000,1499813159000,1.28532,1.28533,1.28532,1.28532,42900000,1
1499813160000,1499813219000,1.28532,1.28532,1.28532,1.28532,65680000,1
1499813220000,1499813279000,1.28533,1.28533,1.28532,1.28532,15240000,1
1499813280000,1499813339000,1.28533,1.28533,1.28532,1.28532,5000000,1
1499813340000,1499813399000,1.28532,1.28532,1.28531,1.28531,6000000,1
1499813400000,1499813459000,1.28531,1.28532,1.28531,1.28532,5000000,1
1499813460000,1499813519000,1.28532,1.28532,1.28531,1.28531,6000000,1
1499813520000,1499813579000,1.28531,1.28533,1.28531,1.28533,17120000,1
1499813580000,1499813639000,1.28532,1.28532,1.28518,1.28518,85180000,1
1499813640000,1499813699000,1.28518,1.28518,1.28518,1.28518,36000000,1
1499813700000,1499813759000,1.28518,1.28518,1.28507,1.28507,49720000,1
1499813760000,1499813819000,1.28507,1.28508,1.28504,1.28506,77920000,1
1499813820000,1499813879000,1.28506,1.28518,1.28505,1.28518,70840000,1
1499813880000,1499813939000,1.28518,1.28522,1.28518,1.28521,25250000,1
1499813940000,1499813999000,1.28521,1.28532,1.28521,1.28529,28500000,1
1499814000000,1499814059000,1.28527,1.2853,1.28527,1.28529,15180000,1
1499814060000,1499814119000,1.28529,1.28535,1.28529,1.28535,12240000,1
1499814120000,1499814179000,1.28535,1.28541,1.28535,1.28536,11500000,1
1499814180000,1499814239000,1.28534,1.28535,1.28534,1.28535,4000000,1
1499814240000,1499814299000,1.28534,1.28534,1.28534,1.28534,6000000,1
1499814300000,1499814359000,1.28534,1.28535,1.2853,1.28534,39810000,1
1499814360000,1499814419000,1.28534,1.28537,1.28532,1.28534,35680000,1
1499814420000,1499814479000,1.28533,1.28536,1.28533,1.28533,28510000,1
1499814480000,1499814539000,1.28533,1.28541,1.28533,1.28541,13500000,1
1499814540000,1499814599000,1.28541,1.28543,1.28538,1.28542,17500000,1
1499814600000,1499814659000,1.28542,1.28544,1.28539,1.2854,11250000,1
1499814660000,1499814719000,1.2854,1.2854,1.2854,1.2854,18000000,1
1499814720000,1499814779000,1.28538,1.2854,1.28538,1.2854,35000000,1
1499814780000,1499814839000,1.2854,1.2854,1.28538,1.2854,22000000,1
1499814840000,1499814899000,1.28539,1.28545,1.28528,1.28535,43960000,1
1499814900000,1499814959000,1.28535,1.28536,1.28534,1.28534,25470000,1
1499814960000,1499815019000,1.28534,1.28534,1.28532,1.28532,51050000,1
1499815020000,1499815079000,1.28532,1.28536,1.2853,1.28535,32660000,1
1499815080000,1499815139000,1.28535,1.28535,1.28535,1.28535,10120000,1
1499815140000,1499815199000,1.28535,1.28535,1.28535,1.28535,11360000,1
1499815200000,1499815259000,1.28536,1.28536,1.28534,1.28534,48080000,1
1499815260000,1499815319000,1.28534,1.28554,1.28532,1.28554,100720000,1
1499815320000,1499815379000,1.28555,1.28557,1.28554,1.28556,106380000,1
1499815380000,1499815439000,1.28557,1.28568,1.28557,1.28568,70350000,1
1499815440000,1499815499000,1.28566,1.28567,1.28563,1.28563,100300000,1
1499815500000,1499815559000,1.28565,1.28567,1.28564,1.28566,55780000,1
1499815560000,1499815619000,1.28567,1.28568,1.28566,1.28568,39920000,1
1499815620000,1499815679000,1.28566,1.28568,1.28564,1.28568,31080000,1
1499815680000,1499815739000,1.28567,1.2857,1.28564,1.28569,25730000,1
1499815740000,1499815799000,1.28567,1.2857,1.28556,1.28557,35850000,1
1499815800000,1499815859000,1.28556,1.28563,1.28556,1.28561,13240000,1
1499815860000,1499815919000,1.2856,1.2856,1.28556,1.28557,17480000,1
1499815920000,1499815979000,1.28559,1.28562,1.28557,1.28557,20870000,1
1499815980000,1499816039000,1.28557,1.28567,1.28555,1.28561,42610000,1
1499816040000,1499816099000,1.2856,1.28561,1.28551,1.28552,46580000,1
1499816100000,1499816159000,1.28551,1.28552,1.28551,1.28551,20090000,1
1499816160000,1499816219000,1.28551,1.28551,1.28549,1.28549,27170000,1
1499816220000,1499816279000,1.28554,1.28567,1.28554,1.28566,44080000,1
1499816280000,1499816339000,1.28566,1.28567,1.28557,1.2856,29860000,1
1499816340000,1499816399000,1.2856,1.2856,1.28554,1.28556,43120000,1
1499816400000,1499816459000,1.28556,1.28556,1.28555,1.28556,16000000,1
1499816460000,1499816519000,1.28556,1.28569,1.28555,1.28569,21500000,1
1499816520000,1499816579000,1.28569,1.28569,1.28569,1.28569,2000000,1
1499816580000,1499816639000,1.28569,1.28574,1.28568,1.28572,23000000,1
1499816640000,1499816699000,1.2857,1.28572,1.2857,1.28572,5000000,1
1499816700000,1499816759000,1.28567,1.28571,1.28567,1.28571,16500000,1
1499816760000,1499816819000,1.28571,1.28596,1.28571,1.28596,60810000,1
1499816820000,1499816879000,1.28596,1.28601,1.28592,1.28592,98030000,1
1499816880000,1499816939000,1.28592,1.28592,1.2858,1.2859,47340000,1
1499816940000,1499816999000,1.2859,1.28595,1.2859,1.28592,43810000,1
1499817000000,1499817059000,1.28591,1.28591,1.2859,1.2859,12000000,1
1499817060000,1499817119000,1.2859,1.2859,1.28586,1.28587,25470000,1
1499817120000,1499817179000,1.28586,1.28587,1.28586,1.28587,27360000,1
1499817180000,1499817239000,1.28587,1.28588,1.28586,1.28588,14680000,1
1499817240000,1499817299000,1.28588,1.28591,1.28587,1.2859,12680000,1
1499817300000,1499817359000,1.2859,1.2859,1.28576,1.28576,12850000,1
1499817360000,1499817419000,1.28576,1.28576,1.28576,1.28576,7640000,1
1499817420000,1499817479000,1.28576,1.28577,1.28576,1.28576,30480000,1
1499817480000,1499817539000,1.28576,1.28589,1.28575,1.28577,85880000,1
1499817540000,1499817599000,1.28577,1.28587,1.28577,1.28587,12990000,1
1499817600000,1499817659000,1.28587,1.28587,1.28575,1.28575,54160000,1
1499817660000,1499817719000,1.28578,1.28579,1.28574,1.28575,28740000,1
1499817720000,1499817779000,1.28575,1.28578,1.28564,1.28566,48360000,1
1499817780000,1499817839000,1.28567,1.28568,1.28567,1.28567,19000000,1
1499817840000,1499817899000,1.28566,1.28574,1.28566,1.28574,36860000,1
1499817900000,1499817959000,1.28577,1.28582,1.28574,1.28577,22730000,1
1499817960000,1499818019000,1.28578,1.28582,1.28569,1.28569,16620000,1
1499818020000,1499818079000,1.28572,1.28579,1.28569,1.28569,48610000,1
1499818080000,1499818139000,1.28569,1.28575,1.28565,1.28575,39640000,1
1499818140000,1499818199000,1.28575,1.28616,1.2857,1.28616,120070000,1
1499818200000,1499818259000,1.28616,1.28622,1.28593,1.28598,109510000,1
1499818260000,1499818319000,1.28598,1.28609,1.28595,1.28599,66680000,1
1499818320000,1499818379000,1.28599,1.28606,1.28594,1.28606,57180000,1
1499818380000,1499818439000,1.28606,1.28612,1.28606,1.28607,56770000,1
1499818440000,1499818499000,1.28606,1.28618,1.28605,1.28618,66350000,1
1499818500000,1499818559000,1.28618,1.2863,1.28614,1.28614,127090000,1
1499818560000,1499818619000,1.28614,1.28614,1.28599,1.28606,80190000,1
1499818620000,1499818679000,1.28606,1.28612,1.28606,1.28607,14690000,1
1499818680000,1499818739000,1.28607,1.28612,1.28607,1.28608,17940000,1
1499818740000,1499818799000,1.28607,1.28609,1.28597,1.28597,151020000,1
1499818800000,1499818859000,1.28597,1.28599,1.28597,1.28597,57630000,1
1499818860000,1499818919000,1.28598,1.28598,1.28594,1.28595,54140000,1
1499818920000,1499818979000,1.28594,1.28605,1.2859,1.28605,101650000,1
1499818980000,1499819039000,1.28606,1.2864,1.28606,1.28639,47720000,1
1499819040000,1499819099000,1.28639,1.28639,1.28627,1.28627,53270000,1
1499819100000,1499819159000,1.28627,1.28627,1.28623,1.28624,31910000,1
1499819160000,1499819219000,1.28623,1.28629,1.2862,1.28625,133510000,1
1499819220000,1499819279000,1.28629,1.28629,1.28625,1.28626,2951170000,1
1499819280000,1499819339000,1.28627,1.28629,1.28625,1.28625,58590000,1
1499819340000,1499819399000,1.28624,1.28624,1.28619,1.28619,41110000,1
1499819400000,1499819459000,1.28617,1.28622,1.28616,1.28621,135960000,1
1499819460000,1499819519000,1.28622,1.28631,1.28618,1.2863,38650000,1
1499819520000,1499819579000,1.28628,1.28632,1.28627,1.28629,34490000,1
1499819580000,1499819639000,1.28628,1.28634,1.28619,1.2863,42450000,1
1499819640000,1499819699000,1.2863,1.2863,1.28627,1.28627,13500000,1
1499819700000,1499819759000,1.28627,1.28628,1.28627,1.28627,12190000,1
1499819760000,1499819819000,1.28627,1.28627,1.28625,1.28627,30430000,1
1499819820000,1499819879000,1.28627,1.28638,1.28627,1.28637,32050000,1
1499819880000,1499819939000,1.28637,1.28644,1.28637,1.28641,53330000,1
1499819940000,1499819999000,1.28641,1.28644,1.28638,1.2864,54310000,1
1499820000000,1499820059000,1.2864,1.28645,1.28638,1.28641,106660000,1
1499820060000,1499820119000,1.28644,1.28644,1.28636,1.28638,78570000,1
1499820120000,1499820179000,1.28638,1.28642,1.28626,1.28629,48290000,1
1499820180000,1499820239000,1.28629,1.28637,1.28628,1.28637,17760000,1
1499820240000,1499820299000,1.28637,1.28641,1.28637,1.28637,56920000,1
1499820300000,1499820359000,1.28638,1.28639,1.28638,1.28638,14100000,1
1499820360000,1499820419000,1.28638,1.28643,1.28636,1.28636,54620000,1
1499820420000,1499820479000,1.28636,1.28644,1.28635,1.28637,53670000,1
1499820480000,1499820539000,1.28638,1.28638,1.28627,1.28627,33750000,1
1499820540000,1499820599000,1.28627,1.28628,1.28617,1.28617,69500000,1
1499820600000,1499820659000,1.28615,1.28618,1.28597,1.28607,140990000,1
1499820660000,1499820719000,1.28607,1.28632,1.28601,1.2863,94100000,1
1499820720000,1499820779000,1.2863,1.28644,1.2863,1.28639,114440000,1
1499820780000,1499820839000,1.28642,1.28643,1.28639,1.28642,63450000,1
1499820840000,1499820899000,1.2864,1.28643,1.28626,1.28626,74810000,1
1499820900000,1499820959000,1.28623,1.28623,1.28618,1.28622,29240000,1
1499820960000,1499821019000,1.28622,1.28623,1.28618,1.28622,17750000,1
1499821020000,1499821079000,1.28623,1.28624,1.28617,1.28618,27770000,1
1499821080000,1499821139000,1.28618,1.28623,1.28607,1.28612,55430000,1
1499821140000,1499821199000,1.28607,1.28625,1.28607,1.28625,74210000,1
1499821200000,1499821259000,1.28625,1.28627,1.28618,1.28619,101660000,1
1499821260000,1499821319000,1.28618,1.2863,1.28618,1.2863,130220000,1
1499821320000,1499821379000,1.2863,1.28641,1.2863,1.2864,49670000,1
1499821380000,1499821439000,1.28641,1.28643,1.2864,1.28643,35360000,1
1499821440000,1499821499000,1.28642,1.28643,1.28632,1.28632,25740000,1
1499821500000,1499821559000,1.28633,1.28641,1.28632,1.28632,90690000,1
1499821560000,1499821619000,1.28632,1.28643,1.28631,1.28637,88570000,1
1499821620000,1499821679000,1.28637,1.28643,1.2863,1.28643,170420000,1
1499821680000,1499821739000,1.28642,1.28644,1.28637,1.28637,90000000,1
1499821740000,1499821799000,1.28637,1.28647,1.28637,1.28638,37710000,1
1499821800000,1499821859000,1.28638,1.28638,1.28627,1.28627,96250000,1
1499821860000,1499821919000,1.28628,1.28628,1.28617,1.28618,137070000,1
1499821920000,1499821979000,1.28617,1.28618,1.28608,1.2861,47370000,1
1499821980000,1499822039000,1.28608,1.28608,1.28598,1.28599,61780000,1
1499822040000,1499822099000,1.28602,1.28608,1.28593,1.28601,77270000,1
1499822100000,1499822159000,1.28598,1.28607,1.28596,1.28607,46120000,1
1499822160000,1499822219000,1.28606,1.28606,1.28586,1.28595,70460000,1
1499822220000,1499822279000,1.28597,1.28605,1.28595,1.28602,86180000,1
1499822280000,1499822339000,1.286,1.28601,1.28598,1.28598,90580000,1
1499822340000,1499822399000,1.286,1.2861,1.28596,1.2861,118850000,1
1499822400000,1499822459000,1.2861,1.28614,1.28608,1.2861,71390000,1
1499822460000,1499822519000,1.28609,1.28616,1.28605,1.28616,68890000,1
1499822520000,1499822579000,1.28614,1.28614,1.28575,1.28576,95650000,1
1499822580000,1499822639000,1.28576,1.2858,1.28572,1.2858,44950000,1
1499822640000,1499822699000,1.28577,1.28586,1.28569,1.28583,91950000,1
1499822700000,1499822759000,1.28582,1.286,1.28574,1.28596,88630000,1
1499822760000,1499822819000,1.28597,1.28603,1.28563,1.2857,109560000,1
1499822820000,1499822879000,1.28569,1.28569,1.28556,1.2856,68500000,1
1499822880000,1499822939000,1.2856,1.2856,1.28511,1.28515,102180000,1
1499822940000,1499822999000,1.28515,1.28529,1.2849,1.28491,120850000,1
1499823000000,1499823059000,1.28489,1.28515,1.28484,1.28496,77170000,1
1499823060000,1499823119000,1.28495,1.28527,1.28495,1.28527,54270000,1
1499823120000,1499823179000,1.28527,1.28535,1.28487,1.28534,91730000,1
1499823180000,1499823239000,1.28533,1.28536,1.28526,1.28527,33480000,1
1499823240000,1499823299000,1.28525,1.28525,1.28504,1.28506,112140000,1
1499823300000,1499823359000,1.28506,1.28518,1.28503,1.28504,94530000,1
1499823360000,1499823419000,1.28504,1.28509,1.28503,1.28506,33310000,1
1499823420000,1499823479000,1.28507,1.28507,1.28501,1.28502,38490000,1
1499823480000,1499823539000,1.28502,1.28503,1.28494,1.28494,60430000,1
1499823540000,1499823599000,1.28495,1.28495,1.28485,1.28495,30350000,1
1499823600000,1499823659000,1.28497,1.28497,1.28486,1.28486,40650000,1
1499823660000,1499823719000,1.28486,1.28493,1.28483,1.2849,45030000,1
1499823720000,1499823779000,1.28491,1.28495,1.2849,1.28494,76240000,1
1499823780000,1499823839000,1.28494,1.28495,1.28493,1.28493,34580000,1
1499823840000,1499823899000,1.28493,1.28493,1.28467,1.28472,56090000,1
1499823900000,1499823959000,1.28472,1.28486,1.28462,1.28473,109940000,1
1499823960000,1499824019000,1.28473,1.28474,1.28472,1.28472,27740000,1
1499824020000,1499824079000,1.28472,1.28477,1.28458,1.28458,50980000,1
1499824080000,1499824139000,1.28459,1.28469,1.28453,1.28454,66940000,1
1499824140000,1499824199000,1.28452,1.2846,1.28452,1.28458,24530000,1
1499824200000,1499824259000,1.28459,1.28463,1.28455,1.28456,19400000,1
1499824260000,1499824319000,1.28458,1.28458,1.28448,1.28448,13500000,1
1499824320000,1499824379000,1.28449,1.28464,1.28449,1.28458,19520000,1
1499824380000,1499824439000,1.28459,1.28464,1.28457,1.28459,14120000,1
1499824440000,1499824499000,1.28457,1.28457,1.28454,1.28455,8000000,1
1499824500000,1499824559000,1.28455,1.28455,1.28439,1.2844,23620000,1
1499824560000,1499824619000,1.2844,1.28444,1.2844,1.28443,42960000,1
1499824620000,1499824679000,1.28443,1.28445,1.28439,1.28445,63980000,1
1499824680000,1499824739000,1.28444,1.28478,1.28443,1.28468,109880000,1
1499824740000,1499824799000,1.28468,1.28509,1.28458,1.28508,94270000,1
1499824800000,1499824859000,1.28509,1.28517,1.28507,1.28514,43940000,1
1499824860000,1499824919000,1.28513,1.28516,1.28498,1.28498,51940000,1
1499824920000,1499824979000,1.28498,1.28505,1.28497,1.28504,20160000,1
1499824980000,1499825039000,1.28504,1.28506,1.28504,1.28506,9190000,1
1499825040000,1499825099000,1.28506,1.28506,1.28497,1.28502,26350000,1
1499825100000,1499825159000,1.28501,1.2851,1.285,1.2851,31580000,1
1499825160000,1499825219000,1.28509,1.28512,1.28508,1.28508,31110000,1
1499825220000,1499825279000,1.28509,1.28509,1.28507,1.28507,12290000,1
1499825280000,1499825339000,1.28507,1.2851,1.28487,1.28487,50230000,1
1499825340000,1499825399000,1.28485,1.28485,1.28451,1.28454,41850000,1
1499825400000,1499825459000,1.28453,1.28453,1.28446,1.28451,46680000,1
1499825460000,1499825519000,1.28452,1.28462,1.28452,1.28461,30680000,1
1499825520000,1499825579000,1.28461,1.28478,1.28456,1.28476,65240000,1
1499825580000,1499825639000,1.28476,1.2848,1.28476,1.2848,20490000,1
1499825640000,1499825699000,1.28479,1.28491,1.28476,1.28489,51250000,1
1499825700000,1499825759000,1.28489,1.2849,1.28488,1.2849,13000000,1
1499825760000,1499825819000,1.2849,1.28501,1.2849,1.285,16000000,1
1499825820000,1499825879000,1.285,1.285,1.28483,1.28483,34700000,1
1499825880000,1499825939000,1.28483,1.28484,1.28477,1.2848,23440000,1
1499825940000,1499825999000,1.28479,1.28479,1.28442,1.28443,64290000,1
1499826000000,1499826059000,1.28442,1.28458,1.28424,1.28452,115490000,1
1499826060000,1499826119000,1.28452,1.28452,1.28411,1.28444,95690000,1
1499826120000,1499826179000,1.28445,1.28458,1.28436,1.28456,82100000,1
1499826180000,1499826239000,1.28456,1.28467,1.28456,1.28462,66420000,1
1499826240000,1499826299000,1.28463,1.28466,1.28462,1.28464,32980000,1
1499826300000,1499826359000,1.28464,1.28464,1.28462,1.28463,14560000,1
1499826360000,1499826419000,1.28463,1.28467,1.28463,1.28467,23980000,1
1499826420000,1499826479000,1.28471,1.28497,1.28468,1.28496,94900000,1
1499826480000,1499826539000,1.28496,1.28499,1.28496,1.28498,58990000,1
1499826540000,1499826599000,1.28499,1.28499,1.28484,1.28488,43810000,1
1499826600000,1499826659000,1.28489,1.28489,1.28463,1.28467,86650000,1
1499826660000,1499826719000,1.28468,1.28468,1.28467,1.28467,35000000,1
1499826720000,1499826779000,1.28468,1.28468,1.28457,1.28457,33300000,1
1499826780000,1499826839000,1.28458,1.28468,1.28458,1.28468,28000000,1
1499826840000,1499826899000,1.2847,1.2847,1.28469,1.2847,14500000,1
1499826900000,1499826959000,1.28468,1.28478,1.28468,1.28476,15000000,1
1499826960000,1499827019000,1.28476,1.28489,1.28474,1.28489,23190000,1
1499827020000,1499827079000,1.28489,1.28491,1.28475,1.28475,35380000,1
1499827080000,1499827139000,1.28476,1.28476,1.28469,1.2847,33370000,1
1499827140000,1499827199000,1.28469,1.2847,1.28457,1.28457,47630000,1
1499827200000,1499827259000,1.28459,1.28473,1.28459,1.28469,51000000,1
1499827260000,1499827319000,1.28467,1.28468,1.28445,1.28445,76580000,1
1499827320000,1499827379000,1.28446,1.28449,1.28438,1.28449,30000000,1
1499827380000,1499827439000,1.28448,1.28449,1.28425,1.28427,51930000,1
1499827440000,1499827499000,1.28427,1.28434,1.28426,1.28434,25880000,1
1499827500000,1499827559000,1.28435,1.28442,1.28435,1.28438,17000000,1
1499827560000,1499827619000,1.28436,1.2844,1.28435,1.2844,14950000,1
1499827620000,1499827679000,1.28438,1.28448,1.28437,1.28447,26150000,1
1499827680000,1499827739000,1.28447,1.28465,1.28446,1.28465,57650000,1
1499827740000,1499827799000,1.28465,1.28476,1.28455,1.28472,88120000,1
1499827800000,1499827859000,1.28472,1.28473,1.28472,1.28473,52860000,1
1499827860000,1499827919000,1.28473,1.28481,1.28473,1.28478,51580000,1
1499827920000,1499827979000,1.28477,1.28477,1.28423,1.28423,160650000,1
1499827980000,1499828039000,1.28423,1.28425,1.28422,1.28425,68500000,1
1499828040000,1499828099000,1.28424,1.28452,1.28422,1.28451,66000000,1
1499828100000,1499828159000,1.28452,1.28465,1.28452,1.28461,90030000,1
1499828160000,1499828219000,1.2846,1.28467,1.28455,1.28457,72430000,1
1499828220000,1499828279000,1.28457,1.28458,1.28454,1.28455,38240000,1
1499828280000,1499828339000,1.28457,1.28485,1.28455,1.28479,68000000,1
1499828340000,1499828399000,1.28479,1.28502,1.28479,1.28498,81560000,1
1499828400000,1499828459000,1.28498,1.28498,1.28485,1.28489,56860000,1
1499828460000,1499828519000,1.28487,1.28488,1.28483,1.28483,62810000,1
1499828520000,1499828579000,1.28484,1.28492,1.28462,1.28473,74920000,1
1499828580000,1499828639000,1.28479,1.28494,1.28477,1.28492,80970000,1
1499828640000,1499828699000,1.28493,1.28494,1.28485,1.28485,49170000,1
1499828700000,1499828759000,1.28485,1.28485,1.28471,1.28471,53930000,1
1499828760000,1499828819000,1.28469,1.28469,1.28448,1.28459,113330000,1
1499828820000,1499828879000,1.28459,1.28459,1.28455,1.28457,22490000,1
1499828880000,1499828939000,1.28456,1.28459,1.28453,1.28458,11500000,1
1499828940000,1499828999000,1.28458,1.28458,1.28457,1.28457,5000000,1
1499829000000,1499829059000,1.28457,1.28459,1.28455,1.28458,27620000,1
1499829060000,1499829119000,1.28458,1.2846,1.28456,1.2846,13000000,1
1499829120000,1499829179000,1.2846,1.2846,1.28459,1.28459,6000000,1
1499829180000,1499829239000,1.28459,1.28461,1.28457,1.28458,23000000,1
1499829240000,1499829299000,1.28457,1.28458,1.28457,1.28458,26000000,1
1499829300000,1499829359000,1.28457,1.28458,1.28454,1.28458,24500000,1
1499829360000,1499829419000,1.28457,1.28458,1.28448,1.28455,32490000,1
1499829420000,1499829479000,1.28455,1.28457,1.28455,1.28457,14000000,1
1499829480000,1499829539000,1.28457,1.28457,1.28449,1.28449,23930000,1
1499829540000,1499829599000,1.28448,1.28448,1.28447,1.28447,15980000,1
1499829600000,1499829659000,1.28448,1.28457,1.28448,1.28457,70700000,1
1499829660000,1499829719000,1.28456,1.28458,1.28456,1.28456,34650000,1
1499829720000,1499829779000,1.28456,1.28473,1.28456,1.28468,63800000,1
1499829780000,1499829839000,1.28469,1.28471,1.28465,1.28467,89040000,1
1499829840000,1499829899000,1.28467,1.28475,1.28467,1.28469,47610000,1
1499829900000,1499829959000,1.28469,1.28469,1.28465,1.28465,47250000,1
1499829960000,1499830019000,1.28466,1.28468,1.28465,1.28467,63330000,1
1499830020000,1499830079000,1.28468,1.28468,1.28467,1.28467,11380000,1
1499830080000,1499830139000,1.28467,1.28468,1.28467,1.28468,21450000,1
1499830140000,1499830199000,1.28468,1.2849,1.28464,1.28488,63330000,1
1499830200000,1499830259000,1.28488,1.28488,1.28484,1.28486,26390000,1
1499830260000,1499830319000,1.28487,1.2849,1.28487,1.28488,35230000,1
1499830320000,1499830379000,1.28488,1.28497,1.28476,1.28476,60540000,1
1499830380000,1499830439000,1.28475,1.28476,1.28464,1.28469,67750000,1
1499830440000,1499830499000,1.28469,1.28475,1.28464,1.28467,108530000,1
1499830500000,1499830559000,1.28468,1.28499,1.28462,1.28493,109190000,1
1499830560000,1499830619000,1.28493,1.28495,1.28486,1.28486,68550000,1
1499830620000,1499830679000,1.28486,1.28496,1.28484,1.28496,55290000,1
1499830680000,1499830739000,1.28496,1.28496,1.28486,1.28488,41700000,1
1499830740000,1499830799000,1.28489,1.28497,1.28486,1.28486,34090000,1
1499830800000,1499830859000,1.28485,1.28497,1.28485,1.28487,37570000,1
1499830860000,1499830919000,1.28487,1.2849,1.28485,1.28489,62140000,1
1499830920000,1499830979000,1.28494,1.28499,1.28481,1.28484,110780000,1
1499830980000,1499831039000,1.28484,1.28484,1.28444,1.28457,100160000,1
1499831040000,1499831099000,1.28455,1.28472,1.28454,1.2847,81560000,1
1499831100000,1499831159000,1.28471,1.28503,1.28463,1.28463,121790000,1
1499831160000,1499831219000,1.28463,1.28469,1.28462,1.28463,115520000,1
1499831220000,1499831279000,1.28463,1.28466,1.28458,1.28465,53040000,1
1499831280000,1499831339000,1.28465,1.28475,1.28464,1.28475,53650000,1
1499831340000,1499831399000,1.28475,1.28477,1.28475,1.28475,27870000,1
1499831400000,1499831459000,1.28476,1.2848,1.28455,1.28456,98420000,1
1499831460000,1499831519000,1.28455,1.28507,1.28455,1.2847,138370000,1
1499831520000,1499831579000,1.28469,1.28494,1.28451,1.28493,161970000,1
1499831580000,1499831639000,1.28493,1.28497,1.28487,1.28495,54260000,1
1499831640000,1499831699000,1.28495,1.28497,1.28494,1.28494,108910000,1
1499831700000,1499831759000,1.28495,1.28497,1.28492,1.28494,42160000,1
1499831760000,1499831819000,1.28493,1.28497,1.28492,1.28492,57290000,1
1499831820000,1499831879000,1.28492,1.28498,1.28489,1.28498,56840000,1
1499831880000,1499831939000,1.28498,1.28499,1.28498,1.28499,21000000,1
1499831940000,1499831999000,1.28499,1.28518,1.28499,1.28518,34370000,1
1499832000000,1499832059000,1.28517,1.28517,1.28497,1.28505,78880000,1
1499832060000,1499832119000,1.28506,1.28515,1.28496,1.28496,72090000,1
1499832120000,1499832179000,1.28494,1.28519,1.28486,1.28513,75330000,1
1499832180000,1499832239000,1.28513,1.28515,1.28506,1.28507,60350000,1
1499832240000,1499832299000,1.28507,1.28507,1.28476,1.28489,95090000,1
1499832300000,1499832359000,1.28489,1.2849,1.28484,1.28488,32370000,1
1499832360000,1499832419000,1.28489,1.28522,1.28489,1.28518,56090000,1
1499832420000,1499832479000,1.28518,1.28518,1.28495,1.285,421130000,1
1499832480000,1499832539000,1.285,1.28504,1.2848,1.28489,79630000,1
1499832540000,1499832599000,1.28489,1.28509,1.28488,1.28505,242800000,1
1499832600000,1499832659000,1.28509,1.28509,1.28492,1.28494,36560000,1
1499832660000,1499832719000,1.28496,1.28506,1.28496,1.28501,39560000,1
1499832720000,1499832779000,1.28501,1.28519,1.28498,1.28519,86650000,1
1499832780000,1499832839000,1.2852,1.28526,1.28513,1.28513,76820000,1
1499832840000,1499832899000,1.28513,1.28515,1.285,1.285,45200000,1
1499832900000,1499832959000,1.28499,1.28499,1.28483,1.28494,157160000,1
1499832960000,1499833019000,1.28494,1.28509,1.28494,1.28508,69190000,1
1499833020000,1499833079000,1.28508,1.28519,1.28508,1.28517,34300000,1
1499833080000,1499833139000,1.28517,1.28531,1.28503,1.28503,92490000,1
1499833140000,1499833199000,1.28504,1.28513,1.28495,1.28495,62760000,1
1499833200000,1499833259000,1.28495,1.28496,1.28493,1.28494,42340000,1
1499833260000,1499833319000,1.28495,1.28496,1.28493,1.28494,29120000,1
1499833320000,1499833379000,1.28494,1.28494,1.28484,1.28484,59960000,1
1499833380000,1499833439000,1.28484,1.28488,1.28475,1.28487,54030000,1
1499833440000,1499833499000,1.28489,1.2853,1.28489,1.28528,104300000,1
1499833500000,1499833559000,1.28527,1.28527,1.28524,1.28524,22800000,1
1499833560000,1499833619000,1.28526,1.28526,1.28514,1.28518,59700000,1
1499833620000,1499833679000,1.28518,1.28527,1.28518,1.28525,34590000,1
1499833680000,1499833739000,1.28523,1.28527,1.28521,1.28527,53040000,1
1499833740000,1499833799000,1.28527,1.28529,1.28525,1.28529,27190000,1
1499833800000,1499833859000,1.28528,1.28533,1.28522,1.28522,68550000,1
1499833860000,1499833919000,1.28522,1.28523,1.28517,1.28518,32100000,1
1499833920000,1499833979000,1.28518,1.28528,1.28507,1.28527,85400000,1
1499833980000,1499834039000,1.28528,1.28542,1.28525,1.28525,1832110000,1
1499834040000,1499834099000,1.28525,1.28525,1.28513,1.28516,94800000,1
1499834100000,1499834159000,1.28514,1.28527,1.28513,1.28526,68820000,1
1499834160000,1499834219000,1.28526,1.28526,1.28526,1.28526,27850000,1
1499834220000,1499834279000,1.28526,1.28529,1.28524,1.28528,43960000,1
1499834280000,1499834339000,1.28527,1.2853,1.28527,1.28527,82090000,1
1499834340000,1499834399000,1.28527,1.28532,1.28503,1.28505,104300000,1
1499834400000,1499834459000,1.28508,1.28511,1.28508,1.28509,24000000,1
1499834460000,1499834519000,1.2851,1.28514,1.28507,1.28511,18000000,1
1499834520000,1499834579000,1.28513,1.28525,1.28511,1.2852,31000000,1
1499834580000,1499834639000,1.2852,1.28521,1.28516,1.28518,30820000,1
1499834640000,1499834699000,1.28517,1.28522,1.28516,1.28518,24930000,1
1499834700000,1499834759000,1.28518,1.28541,1.28518,1.28525,97180000,1
1499834760000,1499834819000,1.28525,1.28525,1.28504,1.28505,68650000,1
1499834820000,1499834879000,1.28505,1.28515,1.28505,1.28508,31380000,1
1499834880000,1499834939000,1.28507,1.2851,1.28507,1.28509,29150000,1
1499834940000,1499834999000,1.2851,1.2851,1.28505,1.28505,27100000,1
1499835000000,1499835059000,1.28505,1.2852,1.28503,1.28519,48810000,1
1499835060000,1499835119000,1.2852,1.28522,1.28511,1.28522,58630000,1
1499835120000,1499835179000,1.28521,1.28544,1.28521,1.28536,44510000,1
1499835180000,1499835239000,1.28536,1.28544,1.28536,1.28541,28130000,1
1499835240000,1499835299000,1.28541,1.28546,1.28537,1.28537,27150000,1
1499835300000,1499835359000,1.28537,1.28537,1.28534,1.28534,13870000,1
1499835360000,1499835419000,1.28534,1.28534,1.28523,1.28526,68720000,1
1499835420000,1499835479000,1.28527,1.28537,1.28526,1.28537,30460000,1
1499835480000,1499835539000,1.28537,1.28542,1.28535,1.28542,9500000,1
1499835540000,1499835599000,1.28543,1.28543,1.28537,1.28537,28480000,1
1499835600000,1499835659000,1.28537,1.28545,1.28536,1.28544,36220000,1
1499835660000,1499835719000,1.28542,1.28553,1.28537,1.28547,67770000,1
1499835720000,1499835779000,1.28546,1.28548,1.28546,1.28547,15810000,1
1499835780000,1499835839000,1.28547,1.28553,1.28547,1.28552,27060000,1
1499835840000,1499835899000,1.28552,1.28553,1.28535,1.28538,74640000,1
1499835900000,1499835959000,1.28538,1.28543,1.28526,1.28541,71170000,1
1499835960000,1499836019000,1.28541,1.2855,1.28541,1.2855,9000000,1
1499836020000,1499836079000,1.2855,1.2855,1.2855,1.2855,7000000,1
1499836080000,1499836139000,1.2855,1.2855,1.28549,1.28549,13000000,1
1499836140000,1499836199000,1.28549,1.28569,1.28549,1.28569,16500000,1
1499836200000,1499836259000,1.28569,1.28569,1.28554,1.28559,57750000,1
1499836260000,1499836319000,1.2856,1.2856,1.28559,1.28559,16000000,1
1499836320000,1499836379000,1.28559,1.28559,1.28554,1.28554,30620000,1
1499836380000,1499836439000,1.28554,1.28555,1.28544,1.28545,57840000,1
1499836440000,1499836499000,1.28547,1.28548,1.2853,1.28536,51290000,1
1499836500000,1499836559000,1.28536,1.28556,1.28536,1.28554,76570000,1
1499836560000,1499836619000,1.28554,1.28554,1.28535,1.28535,42220000,1
1499836620000,1499836679000,1.28535,1.28536,1.28533,1.28533,50500000,1
1499836680000,1499836739000,1.28533,1.28534,1.28533,1.28533,57690000,1
1499836740000,1499836799000,1.28535,1.28539,1.28534,1.28536,79470000,1
1499836800000,1499836859000,1.28537,1.28545,1.28533,1.28533,84830000,1
1499836860000,1499836919000,1.28534,1.28546,1.28531,1.28544,111400000,1
1499836920000,1499836979000,1.28544,1.28545,1.28544,1.28544,35080000,1
1499836980000,1499837039000,1.28545,1.28545,1.28538,1.28543,32350000,1
1499837040000,1499837099000,1.28545,1.28545,1.28543,1.28544,25090000,1
1499837100000,1499837159000,1.28544,1.28544,1.28542,1.28543,46740000,1
1499837160000,1499837219000,1.28542,1.28544,1.2854,1.28544,33560000,1
1499837220000,1499837279000,1.28543,1.28545,1.2854,1.28545,26050000,1
1499837280000,1499837339000,1.28545,1.28548,1.28544,1.28544,41830000,1
1499837340000,1499837399000,1.28545,1.28555,1.28539,1.28543,53200000,1
1499837400000,1499837459000,1.28544,1.28547,1.28539,1.28545,72360000,1
1499837460000,1499837519000,1.28547,1.28547,1.28538,1.28538,43620000,1
1499837520000,1499837579000,1.28539,1.28542,1.28537,1.28542,37550000,1
1499837580000,1499837639000,1.28542,1.28545,1.28542,1.28544,12890000,1
1499837640000,1499837699000,1.28544,1.28544,1.28542,1.28544,40680000,1
1499837700000,1499837759000,1.28545,1.28547,1.28544,1.28547,9870000,1
1499837760000,1499837819000,1.28547,1.28547,1.28543,1.28543,12290000,1
1499837820000,1499837879000,1.28542,1.28542,1.28536,1.28536,16450000,1
1499837880000,1499837939000,1.28536,1.28541,1.28527,1.28527,34120000,1
1499837940000,1499837999000,1.28528,1.2853,1.28525,1.28525,49890000,1
1499838000000,1499838059000,1.28522,1.28522,1.28513,1.28513,28860000,1
1499838060000,1499838119000,1.28513,1.28515,1.28503,1.28504,39010000,1
1499838120000,1499838179000,1.28503,1.28512,1.28502,1.28508,34370000,1
1499838180000,1499838239000,1.28504,1.28505,1.28495,1.28503,28750000,1
1499838240000,1499838299000,1.28503,1.28504,1.28494,1.28495,31160000,1
1499838300000,1499838359000,1.28495,1.28506,1.28495,1.28506,64530000,1
1499838360000,1499838419000,1.28506,1.28516,1.28505,1.28505,49860000,1
1499838420000,1499838479000,1.28505,1.28506,1.28504,1.28504,58080000,1
1499838480000,1499838539000,1.28505,1.28506,1.28503,1.28504,41110000,1
1499838540000,1499838599000,1.28504,1.28506,1.28503,1.28506,51570000,1
1499838600000,1499838659000,1.28505,1.28538,1.28504,1.28514,97070000,1
1499838660000,1499838719000,1.28514,1.28516,1.28505,1.28514,84900000,1
1499838720000,1499838779000,1.28514,1.28514,1.28497,1.28497,73100000,1
1499838780000,1499838839000,1.28497,1.28499,1.28494,1.28494,35160000,1
1499838840000,1499838899000,1.28494,1.28496,1.28487,1.2849,27230000,1
1499838900000,1499838959000,1.2849,1.2849,1.28473,1.2848,64800000,1
1499838960000,1499839019000,1.28479,1.28495,1.28477,1.28494,58710000,1
1499839020000,1499839079000,1.28494,1.28508,1.28494,1.28501,65040000,1
1499839080000,1499839139000,1.28502,1.28502,1.28475,1.28487,195130000,1
1499839140000,1499839199000,1.28487,1.28489,1.2847,1.28484,173010000,1
1499839200000,1499839259000,1.28487,1.28488,1.28192,1.2839,524700000,1
1499839260000,1499839319000,1.28388,1.28424,1.28337,1.28382,292880000,1
1499839320000,1499839379000,1.28379,1.28402,1.2836,1.28394,181020000,1
1499839380000,1499839439000,1.28394,1.28395,1.28369,1.28369,75790000,1
1499839440000,1499839499000,1.28369,1.28369,1.28326,1.28326,166410000,1
1499839500000,1499839559000,1.28326,1.28334,1.28267,1.2829,251310000,1
1499839560000,1499839619000,1.28288,1.28304,1.28234,1.28239,240630000,1
1499839620000,1499839679000,1.28241,1.28251,1.28151,1.28195,262670000,1
1499839680000,1499839739000,1.28195,1.28268,1.28195,1.28247,223390000,1
1499839740000,1499839799000,1.28248,1.28295,1.28246,1.28295,114700000,1
1499839800000,1499839859000,1.28303,1.28328,1.28288,1.28307,188720000,1
1499839860000,1499839919000,1.28304,1.28304,1.28268,1.28278,94500000,1
1499839920000,1499839979000,1.28279,1.28293,1.28267,1.28277,110840000,1
1499839980000,1499840039000,1.28278,1.28278,1.28235,1.28246,101450000,1
1499840040000,1499840099000,1.28245,1.28249,1.28204,1.28204,183750000,1
1499840100000,1499840159000,1.28204,1.2822,1.28203,1.28214,172030000,1
1499840160000,1499840219000,1.28215,1.28235,1.28195,1.28215,144440000,1
1499840220000,1499840279000,1.28213,1.28218,1.28182,1.28197,134400000,1
1499840280000,1499840339000,1.28197,1.28229,1.28188,1.28219,117680000,1
1499840340000,1499840399000,1.28221,1.28294,1.28217,1.2829,181870000,1
1499840400000,1499840459000,1.28289,1.28293,1.28252,1.28267,125330000,1
1499840460000,1499840519000,1.28267,1.28275,1.28254,1.28254,77980000,1
1499840520000,1499840579000,1.28253,1.28263,1.28241,1.28255,80970000,1
1499840580000,1499840639000,1.28255,1.28256,1.28252,1.28256,38240000,1
1499840640000,1499840699000,1.28255,1.28286,1.28252,1.28275,121780000,1
1499840700000,1499840759000,1.28274,1.28284,1.28273,1.28277,107860000,1
1499840760000,1499840819000,1.28275,1.28282,1.28244,1.28266,132810000,1
1499840820000,1499840879000,1.28266,1.28267,1.28249,1.28254,88130000,1
1499840880000,1499840939000,1.28255,1.28258,1.28234,1.28249,185290000,1
1499840940000,1499840999000,1.28249,1.28277,1.28247,1.28272,130760000,1
1499841000000,1499841059000,1.28271,1.28271,1.28177,1.282,264160000,1
1499841060000,1499841119000,1.28201,1.28204,1.2818,1.28203,210560000,1
1499841120000,1499841179000,1.28203,1.28204,1.28195,1.28204,71350000,1
1499841180000,1499841239000,1.28204,1.28204,1.28185,1.2819,63260000,1
1499841240000,1499841299000,1.2819,1.28204,1.28187,1.28188,119530000,1
1499841300000,1499841359000,1.2819,1.28218,1.28187,1.28218,88160000,1
1499841360000,1499841419000,1.28217,1.28238,1.28207,1.28238,137080000,1
1499841420000,1499841479000,1.28237,1.28282,1.28233,1.28252,211250000,1
1499841480000,1499841539000,1.28251,1.28251,1.28226,1.28244,162390000,1
1499841540000,1499841599000,1.28244,1.28263,1.28233,1.28233,116310000,1
1499841600000,1499841659000,1.28231,1.28264,1.28225,1.2826,168500000,1
1499841660000,1499841719000,1.28259,1.28259,1.28233,1.28242,72560000,1
1499841720000,1499841779000,1.28242,1.28243,1.28223,1.28224,74440000,1
1499841780000,1499841839000,1.28224,1.28225,1.28216,1.28224,71700000,1
1499841840000,1499841899000,1.28224,1.28228,1.282,1.28213,124640000,1
1499841900000,1499841959000,1.2822,1.28227,1.28214,1.28217,85960000,1
1499841960000,1499842019000,1.28218,1.28254,1.28217,1.28254,87590000,1
1499842020000,1499842079000,1.28251,1.2826,1.28239,1.28253,98900000,1
1499842080000,1499842139000,1.28253,1.28263,1.28247,1.28258,80180000,1
1499842140000,1499842199000,1.28262,1.28264,1.28217,1.2823,152700000,1
1499842200000,1499842259000,1.28229,1.28257,1.28229,1.28246,104280000,1
1499842260000,1499842319000,1.28245,1.28263,1.28242,1.28252,113800000,1
1499842320000,1499842379000,1.28249,1.28264,1.28239,1.28253,103130000,1
1499842380000,1499842439000,1.28254,1.28257,1.28215,1.28225,127710000,1
1499842440000,1499842499000,1.28226,1.28233,1.28213,1.28217,60120000,1
1499842500000,1499842559000,1.28217,1.28217,1.28193,1.28195,65370000,1
1499842560000,1499842619000,1.28198,1.28202,1.28168,1.28168,128030000,1
1499842620000,1499842679000,1.28168,1.2819,1.28168,1.28183,123540000,1
1499842680000,1499842739000,1.28184,1.28188,1.28163,1.28165,165720000,1
1499842740000,1499842799000,1.28165,1.28203,1.28159,1.28203,159820000,1
1499842800000,1499842859000,1.28206,1.28219,1.28182,1.2821,235920000,1
1499842860000,1499842919000,1.28208,1.28219,1.28208,1.28214,101580000,1
1499842920000,1499842979000,1.28215,1.28231,1.28207,1.28224,151910000,1
1499842980000,1499843039000,1.28224,1.28258,1.28223,1.28256,178650000,1
1499843040000,1499843099000,1.28257,1.28257,1.28237,1.28247,122480000,1
1499843100000,1499843159000,1.28246,1.28265,1.28244,1.28265,171880000,1
1499843160000,1499843219000,1.28265,1.28268,1.28233,1.28238,159400000,1
1499843220000,1499843279000,1.28239,1.28239,1.2821,1.28215,201980000,1
1499843280000,1499843339000,1.28215,1.28216,1.28193,1.28208,152280000,1
1499843340000,1499843399000,1.28209,1.28214,1.28203,1.28205,97290000,1
1499843400000,1499843459000,1.28202,1.28224,1.28202,1.28214,148270000,1
1499843460000,1499843519000,1.28213,1.28226,1.28206,1.28206,142350000,1
1499843520000,1499843579000,1.28206,1.28215,1.28205,1.28211,66810000,1
1499843580000,1499843639000,1.28211,1.28215,1.28198,1.28204,169440000,1
1499843640000,1499843699000,1.28204,1.28217,1.28204,1.28209,117340000,1
1499843700000,1499843759000,1.28202,1.28216,1.282,1.28202,191500000,1
1499843760000,1499843819000,1.28204,1.28207,1.28189,1.28206,115880000,1
1499843820000,1499843879000,1.28205,1.28214,1.28189,1.282,224530000,1
1499843880000,1499843939000,1.28201,1.28208,1.2819,1.28195,170570000,1
1499843940000,1499843999000,1.28195,1.28195,1.28177,1.28186,136260000,1
1499844000000,1499844059000,1.28187,1.28194,1.28176,1.28185,151700000,1
1499844060000,1499844119000,1.28185,1.28188,1.28177,1.28188,77580000,1
1499844120000,1499844179000,1.28188,1.28188,1.28157,1.28165,169940000,1
1499844180000,1499844239000,1.28166,1.28169,1.28161,1.28165,93920000,1
1499844240000,1499844299000,1.28164,1.28178,1.28159,1.28178,191180000,1
1499844300000,1499844359000,1.28178,1.28181,1.28147,1.28157,129660000,1
1499844360000,1499844419000,1.28157,1.28174,1.28145,1.28165,166710000,1
1499844420000,1499844479000,1.28167,1.28179,1.28148,1.28179,160200000,1
1499844480000,1499844539000,1.28179,1.28183,1.28166,1.28167,116680000,1
1499844540000,1499844599000,1.28169,1.28191,1.28164,1.28191,66990000,1
1499844600000,1499844659000,1.28191,1.28215,1.28187,1.28196,178740000,1
1499844660000,1499844719000,1.28194,1.28208,1.28194,1.28201,186500000,1
1499844720000,1499844779000,1.28201,1.28202,1.28182,1.28187,192840000,1
1499844780000,1499844839000,1.28187,1.28195,1.28185,1.28193,101310000,1
1499844840000,1499844899000,1.28193,1.282,1.28184,1.28197,73400000,1
1499844900000,1499844959000,1.28197,1.28205,1.28177,1.28179,118200000,1
1499844960000,1499845019000,1.28178,1.28189,1.28177,1.28184,127240000,1
1499845020000,1499845079000,1.28185,1.28196,1.28183,1.28196,85510000,1
1499845080000,1499845139000,1.28195,1.28196,1.28181,1.28182,120320000,1
1499845140000,1499845199000,1.28183,1.28187,1.28181,1.28184,83540000,1
1499845200000,1499845259000,1.28184,1.28186,1.28147,1.28155,106720000,1
1499845260000,1499845319000,1.28155,1.28172,1.28135,1.28168,166220000,1
1499845320000,1499845379000,1.28169,1.28204,1.28156,1.28165,300260000,1
1499845380000,1499845439000,1.28163,1.28195,1.28157,1.28178,185840000,1
1499845440000,1499845499000,1.28178,1.28196,1.28172,1.28196,85270000,1
1499845500000,1499845559000,1.28197,1.28218,1.2819,1.28214,219490000,1
1499845560000,1499845619000,1.28213,1.28215,1.28203,1.28212,112550000,1
1499845620000,1499845679000,1.28212,1.28213,1.28198,1.28202,80940000,1
1499845680000,1499845739000,1.28202,1.28217,1.28188,1.28204,85610000,1
1499845740000,1499845799000,1.28203,1.28208,1.28202,1.28204,115730000,1
1499845800000,1499845859000,1.28205,1.28208,1.28193,1.28193,116310000,1
1499845860000,1499845919000,1.28193,1.28193,1.28183,1.28183,51790000,1
1499845920000,1499845979000,1.28183,1.28188,1.28172,1.28175,115250000,1
1499845980000,1499846039000,1.28175,1.28188,1.28169,1.28172,88850000,1
1499846040000,1499846099000,1.28173,1.28173,1.28142,1.28143,341790000,1
1499846100000,1499846159000,1.28143,1.28168,1.28142,1.28168,126510000,1
1499846160000,1499846219000,1.28167,1.28168,1.2815,1.2815,102040000,1
1499846220000,1499846279000,1.2815,1.28154,1.2814,1.28143,156510000,1
1499846280000,1499846339000,1.28142,1.28144,1.28116,1.28122,200150000,1
1499846340000,1499846399000,1.28123,1.28128,1.28121,1.28126,87830000,1
1499846400000,1499846459000,1.28126,1.28126,1.28119,1.28122,117420000,1
1499846460000,1499846519000,1.28123,1.2813,1.28119,1.2813,148850000,1
1499846520000,1499846579000,1.28129,1.28135,1.28124,1.28128,166380000,1
1499846580000,1499846639000,1.28129,1.28144,1.28128,1.28142,82450000,1
1499846640000,1499846699000,1.28143,1.28162,1.28143,1.28156,91010000,1
1499846700000,1499846759000,1.2816,1.28174,1.2816,1.28172,118400000,1
1499846760000,1499846819000,1.2817,1.28191,1.2817,1.28186,87740000,1
1499846820000,1499846879000,1.28184,1.28191,1.28173,1.28176,113270000,1
1499846880000,1499846939000,1.28175,1.28184,1.28173,1.28183,86460000,1
1499846940000,1499846999000,1.28181,1.28193,1.2818,1.28192,53190000,1
1499847000000,1499847059000,1.28193,1.28203,1.28191,1.28196,55810000,1
1499847060000,1499847119000,1.28196,1.28197,1.28182,1.28183,69310000,1
1499847120000,1499847179000,1.28182,1.28203,1.2818,1.28191,113250000,1
1499847180000,1499847239000,1.2819,1.28191,1.28182,1.28186,129390000,1
1499847240000,1499847299000,1.28186,1.28189,1.28172,1.28173,100560000,1
1499847300000,1499847359000,1.28172,1.28174,1.28172,1.28172,58550000,1
1499847360000,1499847419000,1.28173,1.28188,1.28172,1.28182,70210000,1
1499847420000,1499847479000,1.28182,1.28187,1.28182,1.28186,50240000,1
1499847480000,1499847539000,1.28187,1.28188,1.28182,1.28185,55220000,1
1499847540000,1499847599000,1.28185,1.28197,1.28185,1.28193,68370000,1
1499847600000,1499847659000,1.28191,1.28195,1.28181,1.28184,41230000,1
1499847660000,1499847719000,1.28184,1.28336,1.28181,1.28304,375600000,1
1499847720000,1499847779000,1.28299,1.28299,1.28282,1.28283,172630000,1
1499847780000,1499847839000,1.28282,1.28295,1.2828,1.28295,160090000,1
1499847840000,1499847899000,1.28297,1.2836,1.28297,1.28355,229660000,1
1499847900000,1499847959000,1.28355,1.28378,1.28308,1.28342,278440000,1
1499847960000,1499848019000,1.28342,1.28359,1.28325,1.28335,194860000,1
1499848020000,1499848079000,1.28334,1.28343,1.28329,1.28337,93170000,1
1499848080000,1499848139000,1.28338,1.28338,1.28313,1.28328,124750000,1
1499848140000,1499848199000,1.28327,1.28341,1.283,1.2831,210680000,1
1499848200000,1499848259000,1.2831,1.28481,1.28308,1.28439,598720000,1
1499848260000,1499848319000,1.2844,1.28582,1.2844,1.28558,483170000,1
1499848320000,1499848379000,1.28559,1.286,1.28521,1.28576,325120000,1
1499848380000,1499848439000,1.28575,1.28582,1.28519,1.28519,295550000,1
1499848440000,1499848499000,1.2852,1.28552,1.2852,1.28528,167070000,1
1499848500000,1499848559000,1.28526,1.28526,1.28475,1.28507,233770000,1
1499848560000,1499848619000,1.28507,1.28528,1.28506,1.28517,161710000,1
1499848620000,1499848679000,1.28518,1.28539,1.28518,1.28537,167090000,1
1499848680000,1499848739000,1.28538,1.28579,1.28537,1.2854,142760000,1
1499848740000,1499848799000,1.28542,1.2855,1.2851,1.2851,118540000,1
1499848800000,1499848859000,1.2851,1.28549,1.28507,1.28523,165710000,1
1499848860000,1499848919000,1.28523,1.28524,1.28512,1.28514,144440000,1
1499848920000,1499848979000,1.28514,1.28514,1.28477,1.28484,210960000,1
1499848980000,1499849039000,1.28484,1.28528,1.28484,1.28519,147210000,1
1499849040000,1499849099000,1.28523,1.28582,1.28502,1.28562,186860000,1
1499849100000,1499849159000,1.28565,1.28604,1.28561,1.28573,188520000,1
1499849160000,1499849219000,1.28573,1.28601,1.28566,1.28601,153660000,1
1499849220000,1499849279000,1.28604,1.28647,1.28604,1.2861,147550000,1
1499849280000,1499849339000,1.2861,1.2861,1.28578,1.28578,129180000,1
1499849340000,1499849399000,1.28578,1.28587,1.28563,1.28568,111490000,1
1499849400000,1499849459000,1.28567,1.28572,1.28525,1.2856,141050000,1
1499849460000,1499849519000,1.2856,1.28577,1.28558,1.28562,127140000,1
1499849520000,1499849579000,1.28559,1.28576,1.28558,1.28571,73290000,1
1499849580000,1499849639000,1.28571,1.28573,1.2852,1.28521,117550000,1
1499849640000,1499849699000,1.28523,1.28555,1.28523,1.28554,118990000,1
1499849700000,1499849759000,1.28554,1.28566,1.28549,1.2856,89610000,1
1499849760000,1499849819000,1.28559,1.28559,1.28549,1.28556,59150000,1
1499849820000,1499849879000,1.28557,1.28568,1.28553,1.28564,22870000,1
1499849880000,1499849939000,1.28564,1.28564,1.28549,1.28549,18870000,1
1499849940000,1499849999000,1.28549,1.28549,1.28519,1.28519,109110000,1
1499850000000,1499850059000,1.28519,1.28526,1.2851,1.2851,111110000,1
1499850060000,1499850119000,1.2851,1.28511,1.28496,1.28505,167780000,1
1499850120000,1499850179000,1.28505,1.28511,1.28495,1.28497,98980000,1
1499850180000,1499850239000,1.28498,1.28511,1.28497,1.28497,211970000,1
1499850240000,1499850299000,1.28497,1.28512,1.28497,1.28503,120370000,1
1499850300000,1499850359000,1.28506,1.28514,1.28504,1.28507,135690000,1
1499850360000,1499850419000,1.28507,1.28514,1.28505,1.28505,102450000,1
1499850420000,1499850479000,1.28504,1.28504,1.28462,1.28466,145120000,1
1499850480000,1499850539000,1.28466,1.28486,1.28465,1.28483,92680000,1
1499850540000,1499850599000,1.28483,1.28488,1.2845,1.28463,115980000,1
1499850600000,1499850659000,1.28462,1.28462,1.28433,1.28446,148380000,1
1499850660000,1499850719000,1.28446,1.28471,1.28446,1.28466,108420000,1
1499850720000,1499850779000,1.28468,1.28476,1.28465,1.28471,108170000,1
1499850780000,1499850839000,1.28472,1.28476,1.28471,1.28471,117480000,1
1499850840000,1499850899000,1.2847,1.28471,1.28452,1.28464,100440000,1
1499850900000,1499850959000,1.28464,1.2848,1.2846,1.2846,52650000,1
1499850960000,1499851019000,1.28463,1.28502,1.28453,1.28494,158740000,1
1499851020000,1499851079000,1.28496,1.28527,1.28496,1.28527,100690000,1
1499851080000,1499851139000,1.28528,1.28529,1.28509,1.28513,83780000,1
1499851140000,1499851199000,1.28513,1.28533,1.28505,1.28523,75900000,1
1499851200000,1499851259000,1.28522,1.28572,1.28519,1.28566,133610000,1
1499851260000,1499851319000,1.28566,1.28573,1.28557,1.28561,106840000,1
1499851320000,1499851379000,1.28565,1.28583,1.28565,1.28579,179430000,1
1499851380000,1499851439000,1.28579,1.28605,1.28579,1.28601,101770000,1
1499851440000,1499851499000,1.28601,1.28621,1.28592,1.28601,152670000,1
1499851500000,1499851559000,1.28602,1.28612,1.28593,1.28612,113620000,1
1499851560000,1499851619000,1.28618,1.2863,1.28589,1.28592,133800000,1
1499851620000,1499851679000,1.28592,1.28592,1.28566,1.28566,143760000,1
1499851680000,1499851739000,1.28565,1.28578,1.28561,1.28572,115880000,1
1499851740000,1499851799000,1.28572,1.28607,1.28572,1.28607,187340000,1
1499851800000,1499851859000,1.28606,1.28699,1.28602,1.28687,399590000,1
1499851860000,1499851919000,1.28678,1.28699,1.28661,1.28683,169010000,1
1499851920000,1499851979000,1.28683,1.28683,1.28668,1.2867,50750000,1
1499851980000,1499852039000,1.28669,1.28671,1.2864,1.2864,103230000,1
1499852040000,1499852099000,1.28637,1.28645,1.28615,1.28626,165590000,1
1499852100000,1499852159000,1.28626,1.28627,1.28606,1.28615,141180000,1
1499852160000,1499852219000,1.28615,1.28617,1.28609,1.28617,53120000,1
1499852220000,1499852279000,1.28617,1.28618,1.28604,1.28606,114940000,1
1499852280000,1499852339000,1.28604,1.28605,1.2858,1.28584,462400000,1
1499852340000,1499852399000,1.28581,1.28585,1.2856,1.2858,519240000,1
1499852400000,1499852459000,1.28578,1.28597,1.28577,1.28593,114610000,1
1499852460000,1499852519000,1.28591,1.28591,1.28531,1.28558,173220000,1
1499852520000,1499852579000,1.28558,1.28578,1.2854,1.28547,172490000,1
1499852580000,1499852639000,1.28549,1.28577,1.28549,1.28577,73770000,1
1499852640000,1499852699000,1.28577,1.28583,1.28566,1.2858,92280000,1
1499852700000,1499852759000,1.2858,1.28588,1.28573,1.28588,91050000,1
1499852760000,1499852819000,1.28589,1.28605,1.28589,1.28605,102170000,1
1499852820000,1499852879000,1.28605,1.28605,1.28591,1.28603,128970000,1
1499852880000,1499852939000,1.28603,1.28628,1.28599,1.28622,113410000,1
1499852940000,1499852999000,1.28622,1.28631,1.28617,1.28627,82020000,1
1499853000000,1499853059000,1.28627,1.28628,1.28609,1.28615,99150000,1
1499853060000,1499853119000,1.28615,1.28615,1.28608,1.28609,65350000,1
1499853120000,1499853179000,1.28608,1.28619,1.28608,1.28619,46690000,1
1499853180000,1499853239000,1.28618,1.28619,1.28609,1.2861,84960000,1
1499853240000,1499853299000,1.28609,1.28609,1.28599,1.28599,98860000,1
1499853300000,1499853359000,1.28599,1.28606,1.28599,1.28603,100270000,1
1499853360000,1499853419000,1.28603,1.28607,1.28594,1.28597,93200000,1
1499853420000,1499853479000,1.28598,1.28604,1.28588,1.28592,99770000,1
1499853480000,1499853539000,1.28591,1.28593,1.28579,1.28579,61670000,1
1499853540000,1499853599000,1.2858,1.2859,1.28546,1.2856,145380000,1
1499853600000,1499853659000,1.28561,1.28577,1.28557,1.28559,137230000,1
1499853660000,1499853719000,1.28558,1.28564,1.28547,1.28548,129730000,1
1499853720000,1499853779000,1.28548,1.28555,1.28546,1.28548,104630000,1
1499853780000,1499853839000,1.28547,1.28547,1.28523,1.28533,96060000,1
1499853840000,1499853899000,1.28533,1.28545,1.28532,1.28535,54990000,1
1499853900000,1499853959000,1.28534,1.28537,1.28527,1.28531,77100000,1
1499853960000,1499854019000,1.2853,1.2853,1.28504,1.28514,108250000,1
1499854020000,1499854079000,1.28514,1.28527,1.2851,1.28526,56370000,1
1499854080000,1499854139000,1.28531,1.28537,1.28526,1.28535,95200000,1
1499854140000,1499854199000,1.28535,1.2854,1.28525,1.28525,157130000,1
1499854200000,1499854259000,1.28524,1.28531,1.2852,1.28522,91460000,1
1499854260000,1499854319000,1.28521,1.28534,1.28511,1.28515,86770000,1
1499854320000,1499854379000,1.28516,1.2854,1.28516,1.28539,64050000,1
1499854380000,1499854439000,1.28538,1.28543,1.28526,1.28526,96430000,1
1499854440000,1499854499000,1.28526,1.28526,1.28516,1.28516,108530000,1
1499854500000,1499854559000,1.28517,1.28529,1.28516,1.28528,40250000,1
1499854560000,1499854619000,1.2853,1.28548,1.28526,1.28533,118940000,1
1499854620000,1499854679000,1.28534,1.28556,1.28534,1.28538,156870000,1
1499854680000,1499854739000,1.28538,1.28543,1.28517,1.28528,145650000,1
1499854740000,1499854799000,1.28527,1.28533,1.28522,1.28531,110840000,1
1499854800000,1499854859000,1.28531,1.28532,1.28511,1.28513,85960000,1
1499854860000,1499854919000,1.28514,1.28517,1.28489,1.28489,76140000,1
1499854920000,1499854979000,1.28489,1.28499,1.28481,1.28486,77710000,1
1499854980000,1499855039000,1.28487,1.28505,1.28487,1.28503,49000000,1
1499855040000,1499855099000,1.28502,1.28508,1.28494,1.28497,75610000,1
1499855100000,1499855159000,1.28498,1.28505,1.28497,1.28497,57630000,1
1499855160000,1499855219000,1.28497,1.28505,1.28492,1.28501,48850000,1
1499855220000,1499855279000,1.28501,1.28506,1.285,1.28506,38950000,1
1499855280000,1499855339000,1.28503,1.28506,1.28492,1.28494,115390000,1
1499855340000,1499855399000,1.28498,1.28503,1.28497,1.28497,68290000,1
1499855400000,1499855459000,1.28498,1.28528,1.28481,1.2852,136160000,1
1499855460000,1499855519000,1.2852,1.28537,1.28508,1.28536,94820000,1
1499855520000,1499855579000,1.28536,1.28549,1.28527,1.28548,122230000,1
1499855580000,1499855639000,1.28548,1.28572,1.28537,1.28572,87950000,1
1499855640000,1499855699000,1.28572,1.28593,1.28569,1.2857,145910000,1
1499855700000,1499855759000,1.28569,1.28577,1.28568,1.28568,73460000,1
1499855760000,1499855819000,1.28569,1.28607,1.28569,1.28599,144740000,1
1499855820000,1499855879000,1.28601,1.28619,1.28582,1.28613,224880000,1
1499855880000,1499855939000,1.28612,1.28636,1.28611,1.28619,162130000,1
1499855940000,1499855999000,1.2862,1.28631,1.28609,1.28613,123980000,1
1499856000000,1499856059000,1.28612,1.28623,1.28609,1.28619,167580000,1
1499856060000,1499856119000,1.28618,1.28622,1.28616,1.28616,49320000,1
1499856120000,1499856179000,1.28617,1.28624,1.2861,1.28619,67490000,1
1499856180000,1499856239000,1.28618,1.28625,1.28615,1.28624,69860000,1
1499856240000,1499856299000,1.28628,1.28642,1.28617,1.28642,125040000,1
1499856300000,1499856359000,1.28641,1.28653,1.28629,1.28635,152760000,1
1499856360000,1499856419000,1.28638,1.28651,1.28628,1.28631,176820000,1
1499856420000,1499856479000,1.2863,1.2863,1.28619,1.28619,59520000,1
1499856480000,1499856539000,1.28619,1.28625,1.28615,1.28616,117940000,1
1499856540000,1499856599000,1.28616,1.28619,1.28578,1.28583,120470000,1
1499856600000,1499856659000,1.28585,1.28598,1.28565,1.28598,143090000,1
1499856660000,1499856719000,1.28597,1.28605,1.28589,1.2859,70870000,1
1499856720000,1499856779000,1.28589,1.28599,1.28574,1.28582,81020000,1
1499856780000,1499856839000,1.28582,1.28595,1.28572,1.28589,103630000,1
1499856840000,1499856899000,1.28589,1.28589,1.28569,1.28586,121680000,1
1499856900000,1499856959000,1.28585,1.28592,1.28577,1.28584,145820000,1
1499856960000,1499857019000,1.28585,1.28587,1.28555,1.28555,175020000,1
1499857020000,1499857079000,1.28555,1.28565,1.28554,1.28563,144280000,1
1499857080000,1499857139000,1.28562,1.28588,1.28554,1.28584,137900000,1
1499857140000,1499857199000,1.28586,1.28589,1.28579,1.28588,138910000,1
1499857200000,1499857259000,1.28588,1.28588,1.28572,1.28577,107420000,1
1499857260000,1499857319000,1.28577,1.28586,1.28575,1.28585,129030000,1
1499857320000,1499857379000,1.28585,1.28615,1.28581,1.2861,136140000,1
1499857380000,1499857439000,1.28611,1.28618,1.28601,1.28609,170510000,1
1499857440000,1499857499000,1.2861,1.28623,1.28606,1.28623,149830000,1
1499857500000,1499857559000,1.28623,1.28646,1.28619,1.28628,132860000,1
1499857560000,1499857619000,1.28629,1.28635,1.28604,1.28606,128590000,1
1499857620000,1499857679000,1.28609,1.28617,1.28608,1.28609,147150000,1
1499857680000,1499857739000,1.2861,1.28632,1.28609,1.2863,149980000,1
1499857740000,1499857799000,1.2863,1.28632,1.28621,1.28625,130490000,1
1499857800000,1499857859000,1.28625,1.28632,1.28621,1.28629,91380000,1
1499857860000,1499857919000,1.28629,1.28637,1.2862,1.28633,106820000,1
1499857920000,1499857979000,1.28635,1.28652,1.28634,1.28649,94450000,1
1499857980000,1499858039000,1.28649,1.28658,1.28642,1.28648,115490000,1
1499858040000,1499858099000,1.28649,1.28669,1.28649,1.28666,131490000,1
1499858100000,1499858159000,1.28667,1.28679,1.28657,1.28658,125870000,1
1499858160000,1499858219000,1.28659,1.2866,1.28634,1.2864,143710000,1
1499858220000,1499858279000,1.2864,1.28643,1.28605,1.28617,113160000,1
1499858280000,1499858339000,1.28617,1.28623,1.2861,1.2862,146280000,1
1499858340000,1499858399000,1.2862,1.28639,1.28617,1.28633,87810000,1
1499858400000,1499858459000,1.28632,1.28632,1.28622,1.28622,104820000,1
1499858460000,1499858519000,1.28623,1.28623,1.2861,1.28615,105260000,1
1499858520000,1499858579000,1.28613,1.28623,1.2861,1.28622,75940000,1
1499858580000,1499858639000,1.28623,1.28654,1.28622,1.28643,88360000,1
1499858640000,1499858699000,1.28643,1.28658,1.28642,1.28652,89650000,1
1499858700000,1499858759000,1.28653,1.28678,1.28651,1.2867,190950000,1
1499858760000,1499858819000,1.28672,1.28687,1.28669,1.28685,106080000,1
1499858820000,1499858879000,1.28687,1.28693,1.28672,1.28673,125490000,1
1499858880000,1499858939000,1.28673,1.28679,1.2867,1.28674,161330000,1
1499858940000,1499858999000,1.28674,1.28689,1.28674,1.28687,40350000,1
1499859000000,1499859059000,1.28675,1.28689,1.28673,1.28683,248920000,1
1499859060000,1499859119000,1.28684,1.28685,1.2867,1.28682,124340000,1
1499859120000,1499859179000,1.28682,1.28703,1.28671,1.287,178160000,1
1499859180000,1499859239000,1.28702,1.28702,1.28664,1.28676,149890000,1
1499859240000,1499859299000,1.28676,1.28693,1.28674,1.28676,227630000,1
1499859300000,1499859359000,1.28676,1.28688,1.2867,1.28683,142490000,1
1499859360000,1499859419000,1.28682,1.28682,1.2867,1.2867,61550000,1
1499859420000,1499859479000,1.28671,1.28674,1.28653,1.28658,125810000,1
1499859480000,1499859539000,1.28658,1.28661,1.2865,1.28656,100030000,1
1499859540000,1499859599000,1.28655,1.28657,1.28638,1.28642,147410000,1
1499859600000,1499859659000,1.28643,1.28654,1.28631,1.28633,182540000,1
1499859660000,1499859719000,1.28633,1.28645,1.28633,1.28641,109300000,1
1499859720000,1499859779000,1.2864,1.2866,1.2864,1.28649,178820000,1
1499859780000,1499859839000,1.28649,1.2868,1.28648,1.2868,138170000,1
1499859840000,1499859899000,1.2868,1.28704,1.28673,1.28702,225520000,1
1499859900000,1499859959000,1.28702,1.28819,1.28701,1.28815,626730000,1
1499859960000,1499860019000,1.28816,1.28852,1.28812,1.28834,523270000,1
1499860020000,1499860079000,1.28834,1.28843,1.28807,1.28813,311360000,1
1499860080000,1499860139000,1.28815,1.2882,1.28797,1.28798,183790000,1
1499860140000,1499860199000,1.28798,1.28818,1.28784,1.28812,202230000,1
1499860200000,1499860259000,1.28814,1.28831,1.28804,1.28809,193440000,1
1499860260000,1499860319000,1.2881,1.28822,1.28804,1.28804,228380000,1
1499860320000,1499860379000,1.28804,1.28814,1.28798,1.28801,191950000,1
1499860380000,1499860439000,1.288,1.28809,1.28798,1.28809,133270000,1
1499860440000,1499860499000,1.2881,1.28814,1.288,1.28804,95390000,1
1499860500000,1499860559000,1.28805,1.28824,1.28802,1.28815,127650000,1
1499860560000,1499860619000,1.28814,1.28819,1.28801,1.28802,159730000,1
1499860620000,1499860679000,1.28801,1.28803,1.28796,1.28798,74600000,1
1499860680000,1499860739000,1.288,1.288,1.28788,1.28795,106730000,1
1499860740000,1499860799000,1.28794,1.28796,1.28777,1.2878,136370000,1
1499860800000,1499860859000,1.28789,1.28814,1.28788,1.28809,109840000,1
1499860860000,1499860919000,1.28809,1.28838,1.288,1.28826,123520000,1
1499860920000,1499860979000,1.28825,1.28841,1.2882,1.28838,124580000,1
1499860980000,1499861039000,1.28838,1.28853,1.28834,1.28852,79800000,1
1499861040000,1499861099000,1.28848,1.28861,1.28823,1.28827,136460000,1
1499861100000,1499861159000,1.28826,1.28832,1.28798,1.28802,204930000,1
1499861160000,1499861219000,1.28801,1.28813,1.28798,1.288,146300000,1
1499861220000,1499861279000,1.288,1.288,1.28776,1.28776,111050000,1
1499861280000,1499861339000,1.28776,1.28786,1.28766,1.28776,139920000,1
1499861340000,1499861399000,1.28777,1.28785,1.28769,1.28772,116720000,1
1499861400000,1499861459000,1.28772,1.28772,1.28755,1.28756,142770000,1
1499861460000,1499861519000,1.28756,1.28768,1.2875,1.28756,164640000,1
1499861520000,1499861579000,1.28756,1.28758,1.28725,1.28737,125860000,1
1499861580000,1499861639000,1.28736,1.28753,1.28725,1.28727,99000000,1
1499861640000,1499861699000,1.28728,1.2877,1.28726,1.2875,140500000,1
1499861700000,1499861759000,1.2875,1.28764,1.28738,1.28755,116950000,1
1499861760000,1499861819000,1.28756,1.28756,1.28734,1.28739,162260000,1
1499861820000,1499861879000,1.28738,1.2874,1.28728,1.2873,67290000,1
1499861880000,1499861939000,1.2873,1.28736,1.28725,1.28732,138990000,1
1499861940000,1499861999000,1.28733,1.28736,1.28727,1.2873,108400000,1
1499862000000,1499862059000,1.2873,1.28745,1.2873,1.28738,116100000,1
1499862060000,1499862119000,1.28738,1.28747,1.28736,1.28747,50030000,1
1499862120000,1499862179000,1.28747,1.28753,1.28739,1.28745,106940000,1
1499862180000,1499862239000,1.28745,1.28768,1.28745,1.28767,109060000,1
1499862240000,1499862299000,1.28767,1.28824,1.28767,1.28807,100360000,1
1499862300000,1499862359000,1.28807,1.28812,1.28799,1.28804,83790000,1
1499862360000,1499862419000,1.28804,1.28804,1.28789,1.28792,90110000,1
1499862420000,1499862479000,1.28793,1.28793,1.28777,1.28778,89720000,1
1499862480000,1499862539000,1.28778,1.28788,1.28763,1.2877,183760000,1
1499862540000,1499862599000,1.28778,1.28813,1.28764,1.28771,258970000,1
1499862600000,1499862659000,1.28775,1.28901,1.28657,1.28876,501080000,1
1499862660000,1499862719000,1.28873,1.28927,1.28851,1.28901,521250000,1
1499862720000,1499862779000,1.28902,1.28916,1.28826,1.28881,475000000,1
1499862780000,1499862839000,1.28881,1.28886,1.28856,1.28874,343530000,1
1499862840000,1499862899000,1.28873,1.28902,1.28833,1.28894,351080000,1
1499862900000,1499862959000,1.28894,1.28927,1.28875,1.28912,230510000,1
1499862960000,1499863019000,1.28913,1.28955,1.28897,1.28952,345710000,1
1499863020000,1499863079000,1.28952,1.29073,1.28936,1.29016,422290000,1
1499863080000,1499863139000,1.29013,1.29013,1.28946,1.2895,303090000,1
1499863140000,1499863199000,1.28948,1.28948,1.28875,1.28892,406130000,1
1499863200000,1499863259000,1.28894,1.28908,1.28797,1.28813,432480000,1
1499863260000,1499863319000,1.28813,1.28877,1.28813,1.28853,284090000,1
1499863320000,1499863379000,1.28852,1.28857,1.28782,1.28791,233140000,1
1499863380000,1499863439000,1.2879,1.28826,1.28779,1.28824,223650000,1
1499863440000,1499863499000,1.28827,1.28899,1.28815,1.28899,218360000,1
1499863500000,1499863559000,1.28901,1.28932,1.2888,1.28924,260980000,1
1499863560000,1499863619000,1.28923,1.28993,1.28916,1.28989,300740000,1
1499863620000,1499863679000,1.28987,1.29015,1.28963,1.28995,239850000,1
1499863680000,1499863739000,1.28993,1.29071,1.28987,1.29006,291170000,1
1499863740000,1499863799000,1.29007,1.29013,1.28946,1.28956,276950000,1
1499863800000,1499863859000,1.28958,1.28975,1.28941,1.28943,320540000,1
1499863860000,1499863919000,1.28942,1.29047,1.28942,1.29042,302760000,1
1499863920000,1499863979000,1.29038,1.29047,1.28994,1.28995,330720000,1
1499863980000,1499864039000,1.28995,1.2901,1.28986,1.29003,186750000,1
1499864040000,1499864099000,1.29004,1.29025,1.28947,1.28953,239010000,1
1499864100000,1499864159000,1.28952,1.29005,1.28945,1.29004,315040000,1
1499864160000,1499864219000,1.29004,1.29004,1.28946,1.28957,256860000,1
1499864220000,1499864279000,1.28957,1.28974,1.28924,1.28971,260610000,1
1499864280000,1499864339000,1.2897,1.28978,1.28948,1.28959,264460000,1
1499864340000,1499864399000,1.28959,1.28964,1.28919,1.2892,237300000,1
1499864400000,1499864459000,1.28922,1.28939,1.28899,1.28939,260690000,1
1499864460000,1499864519000,1.28939,1.28968,1.28899,1.28932,273070000,1
1499864520000,1499864579000,1.2893,1.28946,1.28901,1.28919,277060000,1
1499864580000,1499864639000,1.28919,1.28925,1.2889,1.28922,243810000,1
1499864640000,1499864699000,1.28921,1.28948,1.28917,1.28917,176040000,1
1499864700000,1499864759000,1.28917,1.28917,1.28858,1.28875,262000000,1
1499864760000,1499864819000,1.28876,1.28909,1.28802,1.28805,350050000,1
1499864820000,1499864879000,1.28805,1.28846,1.28764,1.28836,339900000,1
1499864880000,1499864939000,1.28835,1.28849,1.28795,1.28814,256030000,1
1499864940000,1499864999000,1.28812,1.28823,1.28799,1.28817,241110000,1
1499865000000,1499865059000,1.28817,1.28817,1.28785,1.28806,288360000,1
1499865060000,1499865119000,1.28806,1.28848,1.28802,1.28844,199060000,1
1499865120000,1499865179000,1.28843,1.28853,1.28822,1.28847,193420000,1
1499865180000,1499865239000,1.28848,1.28858,1.28809,1.28823,162950000,1
1499865240000,1499865299000,1.28821,1.28828,1.28773,1.28794,306660000,1
1499865300000,1499865359000,1.28796,1.28824,1.28784,1.28802,268120000,1
1499865360000,1499865419000,1.28801,1.28827,1.28798,1.28827,181480000,1
1499865420000,1499865479000,1.28828,1.28834,1.28776,1.28776,229660000,1
1499865480000,1499865539000,1.28776,1.28808,1.28775,1.28799,123210000,1
1499865540000,1499865599000,1.288,1.28805,1.28761,1.2879,164350000,1
1499865600000,1499865659000,1.28788,1.28793,1.28744,1.28744,186950000,1
1499865660000,1499865719000,1.28744,1.28777,1.28717,1.28739,279320000,1
1499865720000,1499865779000,1.2874,1.28751,1.28726,1.28734,186710000,1
1499865780000,1499865839000,1.28734,1.28797,1.28732,1.28781,178090000,1
1499865840000,1499865899000,1.28782,1.28803,1.28779,1.2879,148670000,1
1499865900000,1499865959000,1.28791,1.28813,1.28787,1.28812,166470000,1
1499865960000,1499866019000,1.28812,1.28847,1.28811,1.28827,219980000,1
1499866020000,1499866079000,1.28828,1.28828,1.28797,1.288,214620000,1
1499866080000,1499866139000,1.28799,1.28859,1.28799,1.28858,139620000,1
1499866140000,1499866199000,1.28858,1.28873,1.28853,1.28857,109780000,1
1499866200000,1499866259000,1.2886,1.28867,1.28834,1.28836,209990000,1
1499866260000,1499866319000,1.28834,1.28834,1.28801,1.28816,210530000,1
1499866320000,1499866379000,1.28813,1.28826,1.28788,1.2879,183290000,1
1499866380000,1499866439000,1.2879,1.288,1.28769,1.28782,185180000,1
1499866440000,1499866499000,1.28782,1.28814,1.28765,1.28808,179720000,1
1499866500000,1499866559000,1.28808,1.2882,1.2879,1.2882,109920000,1
1499866560000,1499866619000,1.2882,1.28823,1.28808,1.28816,162380000,1
1499866620000,1499866679000,1.28816,1.28838,1.28808,1.28831,131450000,1
1499866680000,1499866739000,1.28831,1.28832,1.28788,1.28792,185170000,1
1499866740000,1499866799000,1.28793,1.2881,1.28776,1.28787,162840000,1
1499866800000,1499866859000,1.28788,1.28809,1.28778,1.28809,172660000,1
1499866860000,1499866919000,1.28814,1.28818,1.28796,1.288,148890000,1
1499866920000,1499866979000,1.288,1.288,1.28743,1.28743,125330000,1
1499866980000,1499867039000,1.28746,1.28759,1.28727,1.2874,254090000,1
1499867040000,1499867099000,1.2874,1.28744,1.28728,1.28729,170350000,1
1499867100000,1499867159000,1.28728,1.28744,1.28719,1.28721,169920000,1
1499867160000,1499867219000,1.2872,1.2875,1.28718,1.28749,249090000,1
1499867220000,1499867279000,1.28755,1.28755,1.28738,1.28747,190990000,1
1499867280000,1499867339000,1.28748,1.2877,1.28717,1.28717,264130000,1
1499867340000,1499867399000,1.2872,1.2872,1.28552,1.28591,398740000,1
1499867400000,1499867459000,1.28591,1.28608,1.28569,1.28599,315200000,1
1499867460000,1499867519000,1.28601,1.28656,1.28601,1.28651,250050000,1
1499867520000,1499867579000,1.28651,1.28692,1.28649,1.28679,172550000,1
1499867580000,1499867639000,1.28678,1.28689,1.28672,1.28678,119720000,1
1499867640000,1499867699000,1.2868,1.28688,1.28678,1.28683,167820000,1
1499867700000,1499867759000,1.2868,1.28716,1.28674,1.28714,131190000,1
1499867760000,1499867819000,1.28714,1.28714,1.2867,1.28673,144430000,1
1499867820000,1499867879000,1.28673,1.28708,1.28661,1.28702,170870000,1
1499867880000,1499867939000,1.287,1.28702,1.28627,1.28629,249650000,1
1499867940000,1499867999000,1.28631,1.28685,1.28626,1.28635,248840000,1
1499868000000,1499868059000,1.28642,1.28674,1.28617,1.28618,218490000,1
1499868060000,1499868119000,1.28624,1.28628,1.28584,1.28597,206570000,1
1499868120000,1499868179000,1.28599,1.28699,1.28576,1.28669,306600000,1
1499868180000,1499868239000,1.28666,1.28693,1.28619,1.28638,223680000,1
1499868240000,1499868299000,1.28635,1.28639,1.28603,1.28621,172030000,1
1499868300000,1499868359000,1.28621,1.28676,1.2862,1.28673,193230000,1
1499868360000,1499868419000,1.28672,1.28686,1.28609,1.28609,221150000,1
1499868420000,1499868479000,1.28608,1.28625,1.28589,1.28607,187380000,1
1499868480000,1499868539000,1.28608,1.28703,1.28608,1.28673,248100000,1
1499868540000,1499868599000,1.28672,1.28711,1.28654,1.28701,245320000,1
1499868600000,1499868659000,1.28698,1.28714,1.28684,1.28707,205210000,1
1499868660000,1499868719000,1.28708,1.28765,1.28681,1.28725,228680000,1
1499868720000,1499868779000,1.28722,1.28742,1.28678,1.28729,218560000,1
1499868780000,1499868839000,1.2873,1.28762,1.2869,1.28702,212570000,1
1499868840000,1499868899000,1.28704,1.28737,1.28704,1.28729,210540000,1
1499868900000,1499868959000,1.28728,1.28733,1.28701,1.28733,184710000,1
1499868960000,1499869019000,1.28733,1.28739,1.28729,1.28736,113020000,1
1499869020000,1499869079000,1.28736,1.28761,1.28731,1.28761,119780000,1
1499869080000,1499869139000,1.28761,1.28805,1.28757,1.28805,220230000,1
1499869140000,1499869199000,1.28805,1.28926,1.28798,1.28911,355790000,1
1499869200000,1499869259000,1.28909,1.28911,1.28839,1.28842,253280000,1
1499869260000,1499869319000,1.2884,1.28842,1.28804,1.28806,225020000,1
1499869320000,1499869379000,1.28806,1.28822,1.28798,1.28817,132810000,1
1499869380000,1499869439000,1.28816,1.28856,1.28809,1.28831,177520000,1
1499869440000,1499869499000,1.28829,1.28861,1.28802,1.28805,183550000,1
1499869500000,1499869559000,1.28805,1.28845,1.28805,1.28829,232590000,1
1499869560000,1499869619000,1.28829,1.2883,1.28807,1.28809,150460000,1
1499869620000,1499869679000,1.2881,1.28826,1.28765,1.28776,247000000,1
1499869680000,1499869739000,1.28776,1.28784,1.28716,1.28764,317490000,1
1499869740000,1499869799000,1.28766,1.28911,1.28765,1.28908,345270000,1
1499869800000,1499869859000,1.28907,1.28915,1.28879,1.28898,319770000,1
1499869860000,1499869919000,1.28898,1.28909,1.28866,1.2887,282790000,1
1499869920000,1499869979000,1.28867,1.28899,1.28867,1.28895,235060000,1
1499869980000,1499870039000,1.28899,1.28903,1.28878,1.28882,249620000,1
1499870040000,1499870099000,1.28881,1.28913,1.28872,1.28905,208590000,1
1499870100000,1499870159000,1.28908,1.28911,1.28884,1.28898,186750000,1
1499870160000,1499870219000,1.28896,1.28903,1.28881,1.28894,193250000,1
1499870220000,1499870279000,1.28893,1.28901,1.28878,1.28898,180770000,1
1499870280000,1499870339000,1.28899,1.28916,1.28887,1.2889,227490000,1
1499870340000,1499870399000,1.28889,1.28902,1.28887,1.28893,115540000,1
1499870400000,1499870459000,1.28897,1.28913,1.28897,1.28907,97960000,1
1499870460000,1499870519000,1.28908,1.28909,1.28889,1.289,190510000,1
1499870520000,1499870579000,1.289,1.28914,1.28892,1.28901,167270000,1
1499870580000,1499870639000,1.28899,1.28907,1.28887,1.2889,125240000,1
1499870640000,1499870699000,1.2889,1.28896,1.28856,1.28859,153440000,1
1499870700000,1499870759000,1.28856,1.28861,1.2882,1.28823,189860000,1
1499870760000,1499870819000,1.28823,1.28839,1.2879,1.28816,214140000,1
1499870820000,1499870879000,1.28813,1.28871,1.28801,1.2886,124270000,1
1499870880000,1499870939000,1.28859,1.28861,1.28825,1.28855,151140000,1
1499870940000,1499870999000,1.28854,1.28854,1.28837,1.28837,177860000,1
1499871000000,1499871059000,1.28837,1.28854,1.28836,1.28853,108630000,1
1499871060000,1499871119000,1.2885,1.28858,1.28846,1.28852,107430000,1
1499871120000,1499871179000,1.28853,1.2886,1.28842,1.28859,66830000,1
1499871180000,1499871239000,1.28858,1.28859,1.28829,1.28856,148820000,1
1499871240000,1499871299000,1.28858,1.28858,1.28829,1.28829,229720000,1
1499871300000,1499871359000,1.2883,1.28858,1.28829,1.28833,205650000,1
1499871360000,1499871419000,1.28831,1.28838,1.28818,1.28822,224360000,1
1499871420000,1499871479000,1.28821,1.28869,1.28787,1.28861,230210000,1
1499871480000,1499871539000,1.2886,1.28902,1.28859,1.28891,139380000,1
1499871540000,1499871599000,1.28889,1.28902,1.28846,1.28893,222800000,1
1499871600000,1499871659000,1.28893,1.28909,1.28866,1.28879,261420000,1
1499871660000,1499871719000,1.28877,1.28895,1.28867,1.28867,148780000,1
1499871720000,1499871779000,1.28867,1.28893,1.28867,1.28872,183830000,1
1499871780000,1499871839000,1.28872,1.28893,1.28872,1.28879,117370000,1
1499871840000,1499871899000,1.2888,1.289,1.28874,1.2888,119270000,1
1499871900000,1499871959000,1.2888,1.28889,1.28853,1.28858,116710000,1
1499871960000,1499872019000,1.28856,1.28862,1.2885,1.2886,82140000,1
1499872020000,1499872079000,1.2886,1.2889,1.2886,1.2887,129220000,1
1499872080000,1499872139000,1.28869,1.28869,1.28837,1.28842,102310000,1
1499872140000,1499872199000,1.28842,1.28859,1.2884,1.28851,87910000,1
1499872200000,1499872259000,1.28849,1.28882,1.28849,1.2888,86040000,1
1499872260000,1499872319000,1.2888,1.28893,1.28879,1.2889,58640000,1
1499872320000,1499872379000,1.2889,1.28909,1.28867,1.28898,247020000,1
1499872380000,1499872439000,1.289,1.289,1.28871,1.28886,187470000,1
1499872440000,1499872499000,1.28882,1.28882,1.2883,1.28836,143250000,1
1499872500000,1499872559000,1.28834,1.28869,1.28821,1.28869,141590000,1
1499872560000,1499872619000,1.28869,1.28877,1.28849,1.28852,122660000,1
1499872620000,1499872679000,1.28853,1.28861,1.28836,1.28836,160290000,1
1499872680000,1499872739000,1.28835,1.28835,1.28808,1.28821,161720000,1
1499872740000,1499872799000,1.28819,1.28819,1.28796,1.28809,164110000,1
1499872800000,1499872859000,1.2881,1.28832,1.28788,1.2881,132220000,1
1499872860000,1499872919000,1.2881,1.28865,1.2881,1.28864,124520000,1
1499872920000,1499872979000,1.28862,1.28883,1.2886,1.28871,105310000,1
1499872980000,1499873039000,1.28872,1.28883,1.28863,1.28882,92740000,1
1499873040000,1499873099000,1.28883,1.28899,1.28876,1.28896,117230000,1
1499873100000,1499873159000,1.28894,1.28906,1.28885,1.28892,137260000,1
1499873160000,1499873219000,1.2889,1.289,1.28888,1.28895,103340000,1
1499873220000,1499873279000,1.28888,1.28888,1.28863,1.28873,137910000,1
1499873280000,1499873339000,1.28873,1.28889,1.2886,1.2886,140630000,1
1499873340000,1499873399000,1.28858,1.28873,1.28853,1.28863,152280000,1
1499873400000,1499873459000,1.28865,1.28906,1.28852,1.28887,155270000,1
1499873460000,1499873519000,1.28888,1.28898,1.28871,1.2888,153240000,1
1499873520000,1499873579000,1.2888,1.2888,1.2886,1.28862,135580000,1
1499873580000,1499873639000,1.28862,1.28873,1.2886,1.28862,108340000,1
1499873640000,1499873699000,1.28863,1.28865,1.28852,1.28853,260340000,1
1499873700000,1499873759000,1.28852,1.28864,1.28852,1.28862,137700000,1
1499873760000,1499873819000,1.28863,1.28868,1.2885,1.28859,112350000,1
1499873820000,1499873879000,1.28859,1.28868,1.28851,1.28851,96790000,1
1499873880000,1499873939000,1.28851,1.28869,1.2885,1.2886,93620000,1
1499873940000,1499873999000,1.2886,1.28895,1.2886,1.28881,186360000,1
1499874000000,1499874059000,1.28882,1.28882,1.28865,1.28867,111130000,1
1499874060000,1499874119000,1.28867,1.28885,1.28853,1.28882,163120000,1
1499874120000,1499874179000,1.28886,1.2889,1.28875,1.28881,86050000,1
1499874180000,1499874239000,1.2888,1.2888,1.28858,1.28868,121220000,1
1499874240000,1499874299000,1.28869,1.2889,1.28868,1.28887,154160000,1
1499874300000,1499874359000,1.28887,1.28894,1.28887,1.28888,106410000,1
1499874360000,1499874419000,1.28888,1.28898,1.28863,1.28863,133730000,1
1499874420000,1499874479000,1.28862,1.28873,1.28849,1.2885,115430000,1
1499874480000,1499874539000,1.2885,1.28857,1.28846,1.28846,116600000,1
1499874540000,1499874599000,1.28846,1.2886,1.28846,1.2886,90720000,1
1499874600000,1499874659000,1.28857,1.28868,1.28857,1.28859,95490000,1
1499874660000,1499874719000,1.28858,1.28862,1.28855,1.28859,70360000,1
1499874720000,1499874779000,1.28859,1.28875,1.28858,1.28859,78540000,1
1499874780000,1499874839000,1.28859,1.28866,1.28848,1.28856,105160000,1
1499874840000,1499874899000,1.28856,1.28875,1.28856,1.28869,90950000,1
1499874900000,1499874959000,1.2887,1.28882,1.28869,1.2888,66180000,1
1499874960000,1499875019000,1.2888,1.28882,1.28861,1.28872,113840000,1
1499875020000,1499875079000,1.28871,1.28903,1.28871,1.28894,110650000,1
1499875080000,1499875139000,1.28891,1.28894,1.28879,1.28881,212750000,1
1499875140000,1499875199000,1.28881,1.28885,1.2887,1.28873,75170000,1
1499875200000,1499875259000,1.28871,1.289,1.28868,1.28888,110980000,1
1499875260000,1499875319000,1.28888,1.28899,1.28884,1.28889,89610000,1
1499875320000,1499875379000,1.28889,1.28909,1.28881,1.28884,102970000,1
1499875380000,1499875439000,1.28883,1.28903,1.28877,1.28878,86360000,1
1499875440000,1499875499000,1.28885,1.28889,1.28877,1.28888,107390000,1
1499875500000,1499875559000,1.28888,1.28894,1.28879,1.28882,97390000,1
1499875560000,1499875619000,1.28882,1.2889,1.28879,1.28882,81110000,1
1499875620000,1499875679000,1.28882,1.28885,1.28872,1.28873,240970000,1
1499875680000,1499875739000,1.28872,1.28892,1.28872,1.28885,140300000,1
1499875740000,1499875799000,1.28886,1.28886,1.28869,1.28873,77990000,1
1499875800000,1499875859000,1.28873,1.28896,1.28869,1.28894,91440000,1
1499875860000,1499875919000,1.28894,1.28899,1.28889,1.28889,58900000,1
1499875920000,1499875979000,1.28888,1.28908,1.28884,1.28903,90640000,1
1499875980000,1499876039000,1.28907,1.28913,1.28905,1.28908,149230000,1
1499876040000,1499876099000,1.28907,1.28915,1.28876,1.28887,115630000,1
1499876100000,1499876159000,1.28887,1.28897,1.28859,1.28859,144620000,1
1499876160000,1499876219000,1.28862,1.28866,1.28859,1.28865,139400000,1
1499876220000,1499876279000,1.28865,1.28875,1.28859,1.28862,154610000,1
1499876280000,1499876339000,1.28863,1.28869,1.28858,1.28859,91220000,1
1499876340000,1499876399000,1.28859,1.28867,1.28859,1.28862,116890000,1
1499876400000,1499876459000,1.28862,1.28871,1.28853,1.2887,96180000,1
1499876460000,1499876519000,1.2887,1.28871,1.28852,1.28852,90630000,1
1499876520000,1499876579000,1.28853,1.28862,1.28851,1.28851,64430000,1
1499876580000,1499876639000,1.28856,1.2887,1.28849,1.28849,182410000,1
1499876640000,1499876699000,1.28849,1.28859,1.28849,1.28857,86650000,1
1499876700000,1499876759000,1.28858,1.28871,1.28852,1.28859,82430000,1
1499876760000,1499876819000,1.28858,1.28863,1.2885,1.28863,53180000,1
1499876820000,1499876879000,1.28863,1.28863,1.28852,1.28862,48980000,1
1499876880000,1499876939000,1.28863,1.2888,1.28862,1.28879,68440000,1
1499876940000,1499876999000,1.28879,1.28882,1.28877,1.28877,52870000,1
1499877000000,1499877059000,1.28877,1.2888,1.28869,1.28878,74180000,1
1499877060000,1499877119000,1.28879,1.28893,1.28878,1.28892,63480000,1
1499877120000,1499877179000,1.28892,1.28892,1.2888,1.2889,75100000,1
1499877180000,1499877239000,1.2889,1.28891,1.28869,1.28869,82050000,1
1499877240000,1499877299000,1.28868,1.2887,1.28866,1.28868,43750000,1
1499877300000,1499877359000,1.28867,1.28889,1.28859,1.28889,111890000,1
1499877360000,1499877419000,1.28892,1.28897,1.28892,1.28893,99010000,1
1499877420000,1499877479000,1.28893,1.2891,1.28892,1.28906,133940000,1
1499877480000,1499877539000,1.28906,1.28908,1.289,1.28907,49230000,1
1499877540000,1499877599000,1.28906,1.28917,1.28906,1.28912,46060000,1
1499877600000,1499877659000,1.28912,1.28915,1.28905,1.2891,80990000,1
1499877660000,1499877719000,1.2891,1.28917,1.28897,1.28907,93270000,1
1499877720000,1499877779000,1.28908,1.2891,1.28902,1.28907,118560000,1
1499877780000,1499877839000,1.28908,1.28915,1.28908,1.28909,76280000,1
1499877840000,1499877899000,1.28908,1.28953,1.28908,1.28953,95670000,1
1499877900000,1499877959000,1.28952,1.28981,1.28952,1.28981,166940000,1
1499877960000,1499878019000,1.28981,1.28984,1.28979,1.2898,74900000,1
1499878020000,1499878079000,1.2898,1.28981,1.28978,1.28979,69590000,1
1499878080000,1499878139000,1.28979,1.28997,1.2897,1.28979,123870000,1
1499878140000,1499878199000,1.28979,1.2898,1.28969,1.28969,81200000,1
1499878200000,1499878259000,1.28969,1.28989,1.28969,1.28979,87660000,1
1499878260000,1499878319000,1.28979,1.2898,1.28972,1.28978,59850000,1
1499878320000,1499878379000,1.28978,1.2898,1.28971,1.28978,59880000,1
1499878380000,1499878439000,1.28978,1.28981,1.28964,1.28964,55280000,1
1499878440000,1499878499000,1.28964,1.28966,1.28943,1.28953,82050000,1
1499878500000,1499878559000,1.28959,1.28972,1.28948,1.28971,313820000,1
1499878560000,1499878619000,1.28971,1.28974,1.28959,1.28963,32330000,1
1499878620000,1499878679000,1.28963,1.2897,1.28961,1.28965,102790000,1
1499878680000,1499878739000,1.28965,1.29001,1.28957,1.28991,101430000,1
1499878740000,1499878799000,1.28991,1.28991,1.28963,1.28981,140640000,1
1499878800000,1499878859000,1.28981,1.28992,1.28981,1.28991,28580000,1
1499878860000,1499878919000,1.28991,1.28993,1.28989,1.28992,41150000,1
1499878920000,1499878979000,1.28993,1.29,1.28961,1.28966,130060000,1
1499878980000,1499879039000,1.28966,1.28971,1.28958,1.28971,66590000,1
1499879040000,1499879099000,1.28971,1.28998,1.2897,1.28988,84940000,1
1499879100000,1499879159000,1.28988,1.28998,1.28948,1.28949,189740000,1
1499879160000,1499879219000,1.28949,1.28958,1.28948,1.28948,98740000,1
1499879220000,1499879279000,1.28948,1.28949,1.28939,1.28948,87330000,1
1499879280000,1499879339000,1.28948,1.28948,1.28939,1.28939,98700000,1
1499879340000,1499879399000,1.2894,1.28949,1.2894,1.28943,72140000,1
1499879400000,1499879459000,1.28944,1.28956,1.28942,1.28956,93370000,1
1499879460000,1499879519000,1.28955,1.28955,1.28939,1.28939,92450000,1
1499879520000,1499879579000,1.28939,1.28949,1.28936,1.28937,113660000,1
1499879580000,1499879639000,1.28936,1.28949,1.28936,1.28949,91260000,1
1499879640000,1499879699000,1.28949,1.28957,1.28945,1.28946,148290000,1
1499879700000,1499879759000,1.28947,1.2895,1.28946,1.28946,50440000,1
1499879760000,1499879819000,1.28946,1.2895,1.28946,1.28946,70440000,1
1499879820000,1499879879000,1.28946,1.28949,1.28946,1.28947,36070000,1
1499879880000,1499879939000,1.28947,1.28947,1.28937,1.28937,46220000,1
1499879940000,1499879999000,1.28937,1.28947,1.28937,1.28947,25900000,1
1499880000000,1499880059000,1.28947,1.28948,1.28938,1.28938,32830000,1
1499880060000,1499880119000,1.28938,1.28948,1.28938,1.28948,42880000,1
1499880120000,1499880179000,1.28948,1.28956,1.28948,1.28956,46850000,1
1499880180000,1499880239000,1.28956,1.28981,1.28956,1.2898,53440000,1
1499880240000,1499880299000,1.2898,1.28998,1.28977,1.2899,100250000,1
1499880300000,1499880359000,1.2899,1.28998,1.28984,1.28998,52790000,1
1499880360000,1499880419000,1.29,1.29001,1.28989,1.28991,41390000,1
1499880420000,1499880479000,1.28991,1.28997,1.28979,1.28988,64410000,1
1499880480000,1499880539000,1.28988,1.28992,1.28984,1.2899,46730000,1
1499880540000,1499880599000,1.2899,1.2899,1.28978,1.28981,36250000,1
1499880600000,1499880659000,1.28981,1.2899,1.2898,1.28986,39360000,1
1499880660000,1499880719000,1.28984,1.28984,1.2897,1.2897,51240000,1
1499880720000,1499880779000,1.2897,1.28972,1.2897,1.28972,31240000,1
1499880780000,1499880839000,1.2897,1.28971,1.28954,1.28958,46590000,1
1499880840000,1499880899000,1.28958,1.2896,1.28947,1.28947,52310000,1
1499880900000,1499880959000,1.28948,1.28963,1.28928,1.28961,79480000,1
1499880960000,1499881019000,1.28962,1.28969,1.28957,1.28969,100200000,1
1499881020000,1499881079000,1.28969,1.28974,1.28962,1.2897,144970000,1
1499881080000,1499881139000,1.2897,1.2897,1.28955,1.28955,59280000,1
1499881140000,1499881199000,1.28954,1.28958,1.28937,1.28942,114610000,1
1499881200000,1499881259000,1.28942,1.28943,1.28905,1.28906,98000000,1
1499881260000,1499881319000,1.28906,1.28907,1.28885,1.28889,83310000,1
1499881320000,1499881379000,1.2889,1.28895,1.28879,1.28879,68610000,1
1499881380000,1499881439000,1.28883,1.28883,1.28878,1.28878,25110000,1
1499881440000,1499881499000,1.28876,1.28876,1.28868,1.28876,67870000,1
1499881500000,1499881559000,1.28876,1.28889,1.28876,1.28879,69740000,1
1499881560000,1499881619000,1.28879,1.28896,1.28879,1.28892,50090000,1
1499881620000,1499881679000,1.28891,1.28892,1.28891,1.28892,25370000,1
1499881680000,1499881739000,1.28892,1.28892,1.28888,1.28888,31840000,1
1499881740000,1499881799000,1.28888,1.28888,1.28878,1.28881,49870000,1
1499881800000,1499881859000,1.28881,1.2889,1.28879,1.2889,30730000,1
1499881860000,1499881919000,1.2889,1.289,1.28888,1.28893,47140000,1
1499881920000,1499881979000,1.28893,1.28901,1.28893,1.28897,61050000,1
1499881980000,1499882039000,1.28897,1.28901,1.28897,1.28901,41040000,1
1499882040000,1499882099000,1.28901,1.28905,1.28899,1.28903,38580000,1
1499882100000,1499882159000,1.28903,1.28903,1.28895,1.289,83410000,1
1499882160000,1499882219000,1.289,1.28903,1.289,1.28902,73490000,1
1499882220000,1499882279000,1.289,1.28914,1.289,1.28911,78720000,1
1499882280000,1499882339000,1.28912,1.28924,1.28911,1.28924,28230000,1
1499882340000,1499882399000,1.28924,1.28933,1.28921,1.28932,48690000,1
1499882400000,1499882459000,1.28932,1.28934,1.28931,1.28932,73300000,1
1499882460000,1499882519000,1.28935,1.28942,1.28932,1.28937,82270000,1
1499882520000,1499882579000,1.28937,1.28938,1.28933,1.28933,22600000,1
1499882580000,1499882639000,1.28933,1.28934,1.28932,1.28933,12550000,1
1499882640000,1499882699000,1.28933,1.28962,1.28933,1.28959,51130000,1
1499882700000,1499882759000,1.28962,1.28974,1.28959,1.28968,121860000,1
1499882760000,1499882819000,1.28969,1.28969,1.2896,1.28963,94460000,1
1499882820000,1499882879000,1.28962,1.28992,1.2895,1.28981,126730000,1
1499882880000,1499882939000,1.28981,1.28991,1.28977,1.28983,90810000,1
1499882940000,1499882999000,1.28982,1.28984,1.2897,1.28972,52920000,1
1499883000000,1499883059000,1.28973,1.28973,1.28935,1.28941,120770000,1
1499883060000,1499883119000,1.28939,1.28946,1.28939,1.28943,63880000,1
1499883120000,1499883179000,1.28942,1.28943,1.28917,1.28921,43360000,1
1499883180000,1499883239000,1.28921,1.28948,1.28921,1.28945,65960000,1
1499883240000,1499883299000,1.28945,1.28946,1.2891,1.28915,63000000,1
1499883300000,1499883359000,1.28915,1.28915,1.28894,1.28899,87750000,1
1499883360000,1499883419000,1.28899,1.28903,1.28885,1.2889,114960000,1
1499883420000,1499883479000,1.28891,1.28893,1.28887,1.28892,52920000,1
1499883480000,1499883539000,1.28892,1.28894,1.28887,1.28891,46870000,1
1499883540000,1499883599000,1.28892,1.28892,1.28883,1.28887,60760000,1
1499883600000,1499883659000,1.28888,1.2889,1.28884,1.28887,63870000,1
1499883660000,1499883719000,1.28887,1.28887,1.28873,1.28873,59120000,1
1499883720000,1499883779000,1.28873,1.28882,1.28873,1.28878,63900000,1
1499883780000,1499883839000,1.28879,1.28881,1.28876,1.2888,60230000,1
1499883840000,1499883899000,1.2888,1.28881,1.28876,1.28878,45250000,1
1499883900000,1499883959000,1.28878,1.28894,1.28878,1.28892,60890000,1
1499883960000,1499884019000,1.28894,1.28902,1.28893,1.28902,77480000,1
1499884020000,1499884079000,1.28903,1.28903,1.28894,1.28898,77680000,1
1499884080000,1499884139000,1.28898,1.28902,1.28893,1.28902,59320000,1
1499884140000,1499884199000,1.28902,1.28918,1.28902,1.28907,48070000,1
1499884200000,1499884259000,1.28905,1.28908,1.28903,1.28905,97690000,1
1499884260000,1499884319000,1.28905,1.28905,1.28883,1.28889,67950000,1
1499884320000,1499884379000,1.2889,1.28896,1.28887,1.28894,45500000,1
1499884380000,1499884439000,1.28888,1.28892,1.28888,1.28889,21490000,1
1499884440000,1499884499000,1.28889,1.28896,1.28888,1.28895,43410000,1
1499884500000,1499884559000,1.28896,1.28897,1.28891,1.28891,37000000,1
1499884560000,1499884619000,1.28891,1.28894,1.2889,1.2889,22000000,1
1499884620000,1499884679000,1.2889,1.2889,1.28889,1.2889,63870000,1
1499884680000,1499884739000,1.2889,1.28899,1.2889,1.28899,56290000,1
1499884740000,1499884799000,1.28901,1.28904,1.289,1.28903,15860000,1
1499884800000,1499884859000,1.28902,1.28912,1.289,1.28912,26810000,1
1499884860000,1499884919000,1.28908,1.28913,1.28908,1.28912,38720000,1
1499884920000,1499884979000,1.28909,1.28913,1.28907,1.28909,34360000,1
1499884980000,1499885039000,1.28909,1.28911,1.28902,1.28909,41230000,1
1499885040000,1499885099000,1.28909,1.2891,1.28888,1.28892,38970000,1
1499885100000,1499885159000,1.28891,1.28891,1.28878,1.28885,43640000,1
1499885160000,1499885219000,1.28884,1.2889,1.28878,1.28885,70700000,1
1499885220000,1499885279000,1.28884,1.28887,1.28879,1.28884,48850000,1
1499885280000,1499885339000,1.28884,1.28886,1.28879,1.28886,34870000,1
1499885340000,1499885399000,1.28887,1.28887,1.28881,1.28882,59800000,1
1499885400000,1499885459000,1.28883,1.28883,1.28882,1.28882,40000000,1
1499885460000,1499885519000,1.28878,1.28881,1.28878,1.2888,32670000,1
1499885520000,1499885579000,1.28881,1.28881,1.28879,1.2888,12690000,1
1499885580000,1499885639000,1.28879,1.28899,1.28879,1.28892,72380000,1
1499885640000,1499885699000,1.28892,1.28892,1.28891,1.28891,28620000,1
1499885700000,1499885759000,1.28891,1.28899,1.28891,1.28898,43500000,1
1499885760000,1499885819000,1.28899,1.28901,1.28883,1.28889,60110000,1
1499885820000,1499885879000,1.2889,1.28896,1.2889,1.28894,41490000,1
1499885880000,1499885939000,1.28893,1.28899,1.28893,1.28897,62480000,1
1499885940000,1499885999000,1.28897,1.289,1.28859,1.2887,148930000,1
1499886000000,1499886059000,1.2887,1.2888,1.28861,1.28879,52960000,1
1499886060000,1499886119000,1.28879,1.28881,1.28879,1.28879,56910000,1
1499886120000,1499886179000,1.28879,1.28891,1.28879,1.28884,68660000,1
1499886180000,1499886239000,1.28884,1.28895,1.28881,1.28881,50710000,1
1499886240000,1499886299000,1.28881,1.28881,1.28858,1.28858,66040000,1
1499886300000,1499886359000,1.28858,1.28859,1.28838,1.28838,84530000,1
1499886360000,1499886419000,1.28836,1.28847,1.28792,1.28793,110120000,1
1499886420000,1499886479000,1.28796,1.28797,1.28771,1.28791,91800000,1
1499886480000,1499886539000,1.28795,1.28801,1.28795,1.28801,62200000,1
1499886540000,1499886599000,1.28798,1.28798,1.2879,1.28797,76060000,1
1499886600000,1499886659000,1.28798,1.288,1.28798,1.288,35870000,1
1499886660000,1499886719000,1.28803,1.28819,1.28803,1.28809,95950000,1
1499886720000,1499886779000,1.28809,1.28821,1.28809,1.28811,95320000,1
1499886780000,1499886839000,1.28811,1.28819,1.2881,1.28813,94680000,1
1499886840000,1499886899000,1.28816,1.28821,1.28816,1.28819,41360000,1
1499886900000,1499886959000,1.28819,1.28828,1.28819,1.28822,67230000,1
1499886960000,1499887019000,1.28823,1.28833,1.28821,1.28831,60340000,1
1499887020000,1499887079000,1.28828,1.28839,1.28827,1.28838,66950000,1
1499887080000,1499887139000,1.28838,1.28843,1.28838,1.28838,24120000,1
1499887140000,1499887199000,1.28838,1.28843,1.28838,1.28842,44070000,1
1499887200000,1499887259000,1.28843,1.28843,1.28841,1.28842,25540000,1
1499887260000,1499887319000,1.28841,1.28853,1.28841,1.28848,69550000,1
1499887320000,1499887379000,1.28848,1.28852,1.28842,1.28845,56050000,1
1499887380000,1499887439000,1.28845,1.2885,1.28845,1.2885,57270000,1
1499887440000,1499887499000,1.2885,1.2885,1.28847,1.28847,24230000,1
1499887500000,1499887559000,1.28848,1.28848,1.28842,1.28846,32190000,1
1499887560000,1499887619000,1.28843,1.28843,1.28842,1.28843,12190000,1
1499887620000,1499887679000,1.28842,1.28853,1.28842,1.28852,36250000,1
1499887680000,1499887739000,1.28853,1.28853,1.28841,1.28851,42740000,1
1499887740000,1499887799000,1.28851,1.28859,1.2885,1.28859,56810000,1
1499887800000,1499887859000,1.28859,1.28861,1.28856,1.28857,34870000,1
1499887860000,1499887919000,1.28857,1.28858,1.28837,1.28837,72110000,1
1499887920000,1499887979000,1.28837,1.28838,1.28835,1.28838,39510000,1
1499887980000,1499888039000,1.28838,1.28859,1.28838,1.28859,43960000,1
1499888040000,1499888099000,1.28859,1.28863,1.28848,1.2885,56220000,1
1499888100000,1499888159000,1.28849,1.28851,1.28846,1.28849,51410000,1
1499888160000,1499888219000,1.28847,1.28849,1.28841,1.28841,20610000,1
1499888220000,1499888279000,1.28841,1.28842,1.28831,1.28831,27120000,1
1499888280000,1499888339000,1.28831,1.28843,1.28829,1.28842,26480000,1
1499888340000,1499888399000,1.28841,1.2885,1.2884,1.2885,77970000,1
1499888400000,1499888459000,1.28846,1.2885,1.28841,1.28848,66220000,1
1499888460000,1499888519000,1.28847,1.28847,1.28842,1.28842,12120000,1
1499888520000,1499888579000,1.28842,1.28842,1.28837,1.28841,23810000,1
1499888580000,1499888639000,1.2884,1.28852,1.2884,1.2885,28400000,1
1499888640000,1499888699000,1.2885,1.2885,1.28829,1.28831,77870000,1
1499888700000,1499888759000,1.2883,1.28832,1.28827,1.28829,32360000,1
1499888760000,1499888819000,1.28828,1.2883,1.28828,1.2883,14860000,1
1499888820000,1499888879000,1.2883,1.28833,1.2883,1.28831,35610000,1
1499888880000,1499888939000,1.2883,1.2883,1.28827,1.28828,36050000,1
1499888940000,1499888999000,1.28828,1.28829,1.28827,1.28828,47820000,1
1499889000000,1499889059000,1.28828,1.2884,1.28828,1.2884,54560000,1
1499889060000,1499889119000,1.28841,1.2885,1.28836,1.28841,45380000,1
1499889120000,1499889179000,1.28841,1.28846,1.28831,1.28831,43010000,1
1499889180000,1499889239000,1.28831,1.28857,1.28827,1.28853,84700000,1
1499889240000,1499889299000,1.28852,1.2886,1.2885,1.28854,68220000,1
1499889300000,1499889359000,1.28854,1.28854,1.28835,1.28842,59880000,1
1499889360000,1499889419000,1.28842,1.28842,1.28831,1.28838,53120000,1
1499889420000,1499889479000,1.28838,1.28838,1.2883,1.28838,51410000,1
1499889480000,1499889539000,1.28838,1.2884,1.28832,1.28833,78660000,1
1499889540000,1499889599000,1.28832,1.28842,1.28828,1.28841,68350000,1
1499889600000,1499889659000,1.28841,1.28845,1.28833,1.28834,44290000,1
1499889660000,1499889719000,1.28835,1.28844,1.2883,1.2883,55970000,1
1499889720000,1499889779000,1.2883,1.28832,1.28823,1.28824,49120000,1
1499889780000,1499889839000,1.28824,1.28825,1.28824,1.28824,30500000,1
1499889840000,1499889899000,1.28824,1.28843,1.28824,1.28842,53350000,1
1499889900000,1499889959000,1.28842,1.28842,1.28842,1.28842,10000000,1
1499889960000,1499890019000,1.28842,1.28852,1.28839,1.28852,23990000,1
1499890020000,1499890079000,1.28852,1.28853,1.28852,1.28853,9940000,1
1499890080000,1499890139000,1.28852,1.28853,1.28842,1.28853,30050000,1
1499890140000,1499890199000,1.28852,1.28853,1.28842,1.28844,35300000,1
1499890200000,1499890259000,1.28844,1.28852,1.2884,1.28852,41860000,1
1499890260000,1499890319000,1.28852,1.28858,1.28851,1.28853,44350000,1
1499890320000,1499890379000,1.28852,1.28861,1.28852,1.2886,50250000,1
1499890380000,1499890439000,1.2886,1.2886,1.28844,1.28853,50920000,1
1499890440000,1499890499000,1.28852,1.28856,1.28852,1.28854,48580000,1
1499890500000,1499890559000,1.28857,1.28857,1.28854,1.28856,28990000,1
1499890560000,1499890619000,1.28856,1.28863,1.28855,1.28863,24990000,1
1499890620000,1499890679000,1.28863,1.28863,1.28861,1.28861,25000000,1
1499890680000,1499890739000,1.28861,1.28864,1.28855,1.28864,31470000,1
1499890740000,1499890799000,1.28864,1.28864,1.28862,1.28864,15500000,1
1499890800000,1499890859000,1.28861,1.28861,1.28853,1.28853,9500000,1
1499890860000,1499890919000,1.28853,1.28853,1.28852,1.28853,12740000,1
1499890920000,1499890979000,1.28853,1.28858,1.28852,1.28857,31870000,1
1499890980000,1499891039000,1.28858,1.28858,1.28855,1.28855,17000000,1
1499891040000,1499891099000,1.28855,1.28858,1.28851,1.28857,22180000,1
1499891100000,1499891159000,1.28857,1.28857,1.28853,1.28853,2500000,1
1499891160000,1499891219000,1.28851,1.28855,1.2885,1.28855,36100000,1
1499891220000,1499891279000,1.28854,1.28854,1.28853,1.28853,7000000,1
1499891280000,1499891339000,1.28853,1.28855,1.28849,1.28855,27320000,1
1499891340000,1499891399000,1.28855,1.28855,1.28852,1.28854,25180000,1
1499891400000,1499891459000,1.28853,1.28853,1.28852,1.28853,35150000,1
1499891460000,1499891519000,1.28852,1.28853,1.28847,1.28847,44970000,1
1499891520000,1499891579000,1.28847,1.28848,1.28845,1.28848,52300000,1
1499891580000,1499891639000,1.28848,1.2885,1.28845,1.28849,24190000,1
1499891640000,1499891699000,1.28849,1.2885,1.28847,1.28848,32540000,1
1499891700000,1499891759000,1.28848,1.28849,1.28842,1.28842,34530000,1
1499891760000,1499891819000,1.28843,1.28843,1.28842,1.28842,11000000,1
1499891820000,1499891879000,1.28842,1.28843,1.28818,1.28819,57100000,1
1499891880000,1499891939000,1.28819,1.28823,1.28819,1.28822,27610000,1
1499891940000,1499891999000,1.28822,1.28823,1.28821,1.28823,11730000,1
1499892000000,1499892059000,1.28823,1.28824,1.28821,1.28821,7000000,1
1499892060000,1499892119000,1.28821,1.28823,1.28821,1.28823,2000000,1
1499892120000,1499892179000,1.28819,1.28834,1.28819,1.28834,7870000,1
1499892180000,1499892239000,1.28834,1.28853,1.28834,1.28848,45310000,1
1499892240000,1499892299000,1.28848,1.28848,1.28839,1.28845,24870000,1
1499892300000,1499892359000,1.28841,1.28841,1.28839,1.28839,34030000,1
1499892360000,1499892419000,1.28839,1.28842,1.28838,1.28842,29990000,1
1499892420000,1499892479000,1.28842,1.28851,1.28837,1.28849,25050000,1
1499892480000,1499892539000,1.28848,1.28848,1.28844,1.28845,47190000,1
1499892540000,1499892599000,1.28845,1.28845,1.28835,1.28835,34120000,1
1499892600000,1499892659000,1.28834,1.28834,1.28826,1.28827,97950000,1
1499892660000,1499892719000,1.28827,1.28833,1.28826,1.28832,27420000,1
1499892720000,1499892779000,1.28837,1.28838,1.28832,1.28832,24940000,1
1499892780000,1499892839000,1.28832,1.28838,1.28831,1.28833,80990000,1
1499892840000,1499892899000,1.28832,1.28838,1.28832,1.28837,28250000,1
1499892900000,1499892959000,1.28838,1.2885,1.28837,1.28846,44290000,1
1499892960000,1499893019000,1.28847,1.28848,1.28844,1.28847,66330000,1
1499893020000,1499893079000,1.28847,1.2885,1.28846,1.28847,27910000,1
1499893080000,1499893139000,1.28847,1.28853,1.28846,1.28847,111840000,1
1499893140000,1499893199000,1.28843,1.28849,1.28819,1.28821,40110000,1
1499893200000,1499893259000,1.28823,1.28825,1.2879,1.28802,11190000,1
1499893260000,1499893319000,1.28803,1.28805,1.28796,1.28799,8970000,1
1499893320000,1499893379000,1.28797,1.28797,1.28795,1.28796,3750000,1
1499893380000,1499893439000,1.28796,1.288,1.28796,1.28798,5980000,1
1499893440000,1499893499000,1.28798,1.28812,1.28793,1.28793,9750000,1
1499893500000,1499893559000,1.28793,1.28798,1.28793,1.28797,23500000,1
1499893560000,1499893619000,1.28797,1.28799,1.28796,1.28798,24000000,1
1499893620000,1499893679000,1.28798,1.288,1.2879,1.28799,49600000,1
1499893680000,1499893739000,1.28799,1.28827,1.28799,1.28805,17500000,1
1499893740000,1499893799000,1.28805,1.28806,1.28805,1.28806,6240000,1
1499893800000,1499893859000,1.28806,1.28808,1.28799,1.28801,44600000,1
1499893860000,1499893919000,1.28802,1.28813,1.28802,1.28811,24270000,1
1499893920000,1499893979000,1.28811,1.28812,1.28804,1.28809,37600000,1
1499893980000,1499894039000,1.2881,1.2881,1.28805,1.28805,5490000,1
1499894040000,1499894099000,1.28805,1.2883,1.28805,1.2883,22420000,1
1499894100000,1499894159000,1.28816,1.28824,1.28816,1.28818,12680000,1
1499894160000,1499894219000,1.28827,1.28836,1.28827,1.2883,17000000,1
1499894220000,1499894279000,1.2883,1.28838,1.28815,1.28821,13930000,1
1499894280000,1499894339000,1.28827,1.28827,1.28827,1.28827,1000000,1
1499894340000,1499894399000,1.28831,1.28831,1.28831,1.28831,1000000,1
1499894400000,1499894459000,1.28821,1.28846,1.28821,1.28846,34440000,1
1499894460000,1499894519000,1.28848,1.28848,1.28842,1.28842,10240000,1
1499894520000,1499894579000,1.28842,1.28842,1.28835,1.28836,136670000,1
1499894580000,1499894639000,1.28836,1.2884,1.28835,1.28838,238540000,1
1499894640000,1499894699000,1.28837,1.28839,1.28836,1.28837,333480000,1
1499894700000,1499894759000,1.28837,1.28841,1.28836,1.28838,301200000,1
1499894760000,1499894819000,1.28838,1.28844,1.28837,1.28843,174410000,1
1499894820000,1499894879000,1.28842,1.28849,1.28842,1.28849,4370000,1
1499894880000,1499894939000,1.2884,1.28842,1.28837,1.28838,319000000,1
1499894940000,1499894999000,1.28838,1.2886,1.28835,1.2886,246080000,1
1499895000000,1499895059000,1.2886,1.2886,1.28854,1.28859,4000000,1
1499895060000,1499895119000,1.28847,1.28848,1.28847,1.28847,5500000,1
1499895120000,1499895179000,1.28847,1.28848,1.28847,1.28848,23250000,1
1499895180000,1499895239000,1.28858,1.28864,1.28849,1.28854,19080000,1
1499895240000,1499895299000,1.28854,1.28864,1.28845,1.28859,103050000,1
1499895300000,1499895359000,1.28864,1.28929,1.28864,1.28898,82100000,1
1499895360000,1499895419000,1.28898,1.28935,1.28897,1.28927,55840000,1
1499895420000,1499895479000,1.28927,1.28934,1.28927,1.28927,47000000,1
1499895480000,1499895539000,1.28927,1.28927,1.2892,1.28927,46120000,1
1499895540000,1499895599000,1.28927,1.28937,1.28903,1.28926,77930000,1
1499895600000,1499895659000,1.28926,1.28932,1.28906,1.28906,37110000,1
1499895660000,1499895719000,1.28906,1.28906,1.28906,1.28906,6000000,1
1499895720000,1499895779000,1.28895,1.28895,1.28889,1.2889,81470000,1
1499895780000,1499895839000,1.28889,1.28901,1.2886,1.28869,101620000,1
1499895840000,1499895899000,1.28869,1.2888,1.28849,1.28872,69150000,1
1499895900000,1499895959000,1.28872,1.28893,1.28872,1.28892,79240000,1
1499895960000,1499896019000,1.28893,1.28913,1.28892,1.28897,217750000,1
1499896020000,1499896079000,1.28897,1.289,1.28892,1.28896,56990000,1
1499896080000,1499896139000,1.28896,1.2891,1.28893,1.28909,32360000,1
1499896140000,1499896199000,1.28911,1.28917,1.28907,1.28917,86690000,1
1499896200000,1499896259000,1.28917,1.28918,1.28917,1.28917,63370000,1
1499896260000,1499896319000,1.28917,1.28918,1.28911,1.28911,23410000,1
1499896320000,1499896379000,1.2892,1.2892,1.2892,1.2892,27000000,1
1499896380000,1499896439000,1.28908,1.2891,1.28908,1.28908,21140000,1
1499896440000,1499896499000,1.28908,1.28913,1.28908,1.28911,37100000,1
1499896500000,1499896559000,1.28912,1.28913,1.28904,1.28904,14650000,1
1499896560000,1499896619000,1.28904,1.28904,1.28904,1.28904,63500000,1
1499896620000,1499896679000,1.28904,1.28907,1.289,1.28906,76140000,1
1499896680000,1499896739000,1.28906,1.28908,1.28906,1.28908,112200000,1
1499896740000,1499896799000,1.28914,1.28919,1.28914,1.28915,104250000,1
1499896800000,1499896859000,1.28915,1.28919,1.28914,1.28914,57850000,1
1499896860000,1499896919000,1.28914,1.28914,1.28906,1.28909,34500000,1
1499896920000,1499896979000,1.28909,1.28909,1.28903,1.28906,57710000,1
1499896980000,1499897039000,1.28905,1.2893,1.28903,1.28924,53420000,1
1499897040000,1499897099000,1.28924,1.29,1.28924,1.28996,159410000,1
1499897100000,1499897159000,1.28995,1.28995,1.28934,1.28934,176370000,1
1499897160000,1499897219000,1.28935,1.28947,1.28929,1.2894,70520000,1
1499897220000,1499897279000,1.2894,1.28941,1.28916,1.28916,85950000,1
1499897280000,1499897339000,1.28916,1.28955,1.28916,1.28953,77720000,1
1499897340000,1499897399000,1.28953,1.28978,1.28947,1.28969,80780000,1
1499897400000,1499897459000,1.28968,1.28987,1.28957,1.28958,95020000,1
1499897460000,1499897519000,1.28958,1.28958,1.28956,1.28958,40440000,1
1499897520000,1499897579000,1.28959,1.28959,1.28912,1.28917,47180000,1
1499897580000,1499897639000,1.28916,1.28924,1.28915,1.28921,30250000,1
1499897640000,1499897699000,1.28921,1.2893,1.28921,1.28921,16870000,1
1499897700000,1499897759000,1.28921,1.28921,1.28901,1.28902,44850000,1
1499897760000,1499897819000,1.28897,1.28918,1.28897,1.28914,16000000,1
1499897820000,1499897879000,1.28914,1.28924,1.28908,1.28924,37690000,1
1499897880000,1499897939000,1.28924,1.28925,1.28918,1.28918,18750000,1
1499897940000,1499897999000,1.28919,1.28927,1.28919,1.28924,45870000,1
1499898000000,1499898059000,1.28925,1.28925,1.28922,1.28922,14000000,1
1499898060000,1499898119000,1.28922,1.28928,1.28922,1.28922,20360000,1
1499898120000,1499898179000,1.28924,1.28924,1.28922,1.28923,13690000,1
1499898180000,1499898239000,1.28922,1.28926,1.28919,1.28919,27670000,1
1499898240000,1499898299000,1.28919,1.28926,1.28917,1.28918,13700000,1
1499898300000,1499898359000,1.2892,1.28935,1.2892,1.28935,5000000,1
1499898360000,1499898419000,1.28935,1.28935,1.28926,1.28928,25350000,1
1499898420000,1499898479000,1.28929,1.28944,1.28927,1.28944,33240000,1
1499898480000,1499898539000,1.28944,1.28944,1.28939,1.28939,12490000,1
1499898540000,1499898599000,1.28939,1.28942,1.28939,1.2894,43950000,1
1499898600000,1499898659000,1.28939,1.28939,1.28939,1.28939,27500000,1
1499898660000,1499898719000,1.28932,1.28939,1.28932,1.28935,12750000,1
1499898720000,1499898779000,1.28935,1.28938,1.28931,1.28938,35750000,1
1499898780000,1499898839000,1.28938,1.28939,1.28934,1.28934,13500000,1
1499898840000,1499898899000,1.28934,1.28934,1.28931,1.28931,6000000,1
1499898900000,1499898959000,1.28931,1.28931,1.28931,1.28931,2000000,1
1499898960000,1499899019000,1.28931,1.28931,1.28924,1.28926,13060000,1
1499899020000,1499899079000,1.28926,1.28926,1.28924,1.28925,17000000,1
1499899080000,1499899139000,1.28924,1.28925,1.2892,1.28923,8000000,1
1499899140000,1499899199000,1.28922,1.28922,1.28918,1.28919,6440000,1
1499899200000,1499899259000,1.28919,1.2892,1.28919,1.28919,16500000,1
1499899260000,1499899319000,1.28921,1.28925,1.28921,1.28925,15000000,1
1499899320000,1499899379000,1.28923,1.28924,1.28922,1.28923,20000000,1
1499899380000,1499899439000,1.28923,1.28926,1.28922,1.28922,18870000,1
1499899440000,1499899499000,1.28921,1.28924,1.28918,1.2892,40660000,1
1499899500000,1499899559000,1.28929,1.28929,1.2892,1.28926,20560000,1
1499899560000,1499899619000,1.28925,1.28925,1.28909,1.28909,22070000,1
1499899620000,1499899679000,1.28909,1.28909,1.28898,1.289,12710000,1
1499899680000,1499899739000,1.289,1.28901,1.28898,1.28898,36640000,1
1499899740000,1499899799000,1.28898,1.28908,1.28898,1.289,33200000,1
1499899800000,1499899859000,1.289,1.28908,1.289,1.28906,28620000,1
1499899860000,1499899919000,1.28906,1.28907,1.28904,1.28907,26750000,1
1499899920000,1499899979000,1.28907,1.28907,1.28904,1.28905,26500000,1
1499899980000,1499900039000,1.28906,1.28906,1.2889,1.2889,21370000,1
1499900040000,1499900099000,1.2889,1.2889,1.28879,1.28879,30470000,1
1499900100000,1499900159000,1.28879,1.28909,1.28877,1.28907,24880000,1
1499900160000,1499900219000,1.28909,1.2893,1.28909,1.28912,38370000,1
1499900220000,1499900279000,1.28911,1.28912,1.28906,1.28906,18260000,1
1499900280000,1499900339000,1.28907,1.28907,1.28899,1.28899,16700000,1
1499900340000,1499900399000,1.28898,1.2891,1.28898,1.28904,16090000,1
1499900400000,1499900459000,1.28909,1.28909,1.28901,1.28905,20200000,1
1499900460000,1499900519000,1.28905,1.28905,1.28891,1.28902,22120000,1
1499900520000,1499900579000,1.28902,1.28902,1.28895,1.28895,8440000,1
1499900580000,1499900639000,1.28895,1.28906,1.28895,1.28906,12620000,1
1499900640000,1499900699000,1.28906,1.28906,1.28898,1.28898,20200000,1
1499900700000,1499900759000,1.28898,1.28901,1.28898,1.28901,9120000,1
1499900760000,1499900819000,1.28896,1.28896,1.28894,1.28895,19940000,1
1499900820000,1499900879000,1.28897,1.28899,1.28887,1.28892,10000000,1
1499900880000,1499900939000,1.28887,1.28887,1.28884,1.28884,14310000,1
1499900940000,1499900999000,1.28884,1.28887,1.28876,1.28884,49430000,1
1499901000000,1499901059000,1.28883,1.28897,1.28883,1.28894,21370000,1
1499901060000,1499901119000,1.28894,1.28894,1.28893,1.28893,18000000,1
1499901120000,1499901179000,1.28893,1.28893,1.28889,1.28891,31000000,1
1499901180000,1499901239000,1.28889,1.28896,1.28889,1.28891,42120000,1
1499901240000,1499901299000,1.28891,1.28894,1.28891,1.28892,18000000,1
1499901300000,1499901359000,1.28893,1.28923,1.28892,1.28923,81190000,1
1499901360000,1499901419000,1.28923,1.28924,1.28913,1.28913,30360000,1
1499901420000,1499901479000,1.28915,1.28915,1.28913,1.28913,22000000,1
1499901480000,1499901539000,1.28913,1.28914,1.28913,1.28913,19000000,1
1499901540000,1499901599000,1.2891,1.2892,1.2891,1.28917,63730000,1
1499901600000,1499901659000,1.28917,1.28927,1.28917,1.28922,27500000,1
1499901660000,1499901719000,1.28921,1.28921,1.2892,1.2892,6220000,1
1499901720000,1499901779000,1.2892,1.28921,1.28919,1.28919,7840000,1
1499901780000,1499901839000,1.28919,1.28936,1.28919,1.28927,20910000,1
1499901840000,1499901899000,1.28931,1.28931,1.28911,1.28916,27520000,1
1499901900000,1499901959000,1.28915,1.28915,1.28915,1.28915,4000000,1
1499901960000,1499902019000,1.28915,1.28915,1.28911,1.28912,13660000,1
1499902020000,1499902079000,1.28912,1.28913,1.2891,1.28912,9880000,1
1499902080000,1499902139000,1.28913,1.28913,1.2891,1.2891,6070000,1
1499902140000,1499902199000,1.2891,1.28911,1.2891,1.28911,9060000,1
1499902200000,1499902259000,1.28911,1.28912,1.28908,1.28912,14820000,1
1499902260000,1499902319000,1.28912,1.28914,1.28912,1.28913,20200000,1
1499902320000,1499902379000,1.28913,1.28917,1.28913,1.28917,23500000,1
1499902380000,1499902439000,1.28917,1.28917,1.28915,1.28916,11500000,1
1499902440000,1499902499000,1.28916,1.28917,1.28916,1.28916,10000000,1
1499902500000,1499902559000,1.28916,1.2892,1.28914,1.28914,17000000,1
1499902560000,1499902619000,1.28914,1.28916,1.28914,1.28916,15000000,1
1499902620000,1499902679000,1.28916,1.28916,1.28916,1.28916,3000000,1
1499902680000,1499902739000,1.28917,1.28921,1.28911,1.28916,22370000,1
1499902740000,1499902799000,1.28916,1.28922,1.28916,1.28922,9500000,1
1499902800000,1499902859000,1.28922,1.28922,1.28918,1.28918,5000000,1
1499902860000,1499902919000,1.28918,1.28919,1.28917,1.28917,10500000,1
1499902920000,1499902979000,1.28918,1.28919,1.28917,1.28919,30750000,1
1499902980000,1499903039000,1.28919,1.2892,1.28918,1.28918,9500000,1
1499903040000,1499903099000,1.28917,1.28917,1.28916,1.28916,4500000,1
1499903100000,1499903159000,1.28916,1.28916,1.28916,1.28916,0,1
1499903160000,1499903219000,1.28916,1.28927,1.28916,1.28927,52720000,1
1499903220000,1499903279000,1.28927,1.28931,1.28922,1.28925,20230000,1
1499903280000,1499903339000,1.28926,1.28934,1.28911,1.28916,44720000,1
1499903340000,1499903399000,1.28916,1.28931,1.28916,1.28931,11370000,1
1499903400000,1499903459000,1.28931,1.28939,1.2893,1.28932,41220000,1
1499903460000,1499903519000,1.28932,1.28932,1.28922,1.28932,16990000,1
1499903520000,1499903579000,1.28932,1.28932,1.28927,1.28927,9120000,1
1499903580000,1499903639000,1.28927,1.28941,1.28922,1.28931,47050000,1
1499903640000,1499903699000,1.28931,1.28931,1.28924,1.28924,5620000,1
1499903700000,1499903759000,1.28924,1.28932,1.28917,1.28932,18620000,1
1499903760000,1499903819000,1.28931,1.28931,1.28918,1.28918,43340000,1
1499903820000,1499903879000,1.2892,1.28942,1.28917,1.28942,26500000,1
1499903880000,1499903939000,1.28939,1.28939,1.28916,1.28916,33660000,1
1499903940000,1499903999000,1.28916,1.28937,1.28916,1.2892,49270000,1
1499904000000,1499904059000,1.28917,1.28936,1.28915,1.28933,50080000,1
1499904060000,1499904119000,1.28933,1.28935,1.2892,1.28935,41300000,1
1499904120000,1499904179000,1.28935,1.28938,1.28933,1.28935,22000000,1
1499904180000,1499904239000,1.28934,1.2894,1.28916,1.28936,42990000,1
1499904240000,1499904299000,1.28934,1.28934,1.28911,1.28921,87120000,1
1499904300000,1499904359000,1.28922,1.28922,1.28916,1.28916,59000000,1
1499904360000,1499904419000,1.28916,1.28921,1.28916,1.28921,38500000,1
1499904420000,1499904479000,1.28921,1.28921,1.28909,1.28916,60430000,1
1499904480000,1499904539000,1.28916,1.28916,1.28908,1.2891,182600000,1
1499904540000,1499904599000,1.2891,1.28916,1.28908,1.28916,86420000,1
1499904600000,1499904659000,1.28916,1.28916,1.28901,1.28904,30620000,1
1499904660000,1499904719000,1.28905,1.28915,1.28901,1.28901,34120000,1
1499904720000,1499904779000,1.28901,1.28915,1.28901,1.28911,30750000,1
1499904780000,1499904839000,1.28911,1.28921,1.28911,1.28921,13500000,1
1499904840000,1499904899000,1.28921,1.28921,1.28919,1.2892,15990000,1
1499904900000,1499904959000,1.28918,1.28931,1.28917,1.28931,44400000,1
1499904960000,1499905019000,1.28931,1.28931,1.28929,1.28929,8120000,1
1499905020000,1499905079000,1.28928,1.28934,1.28928,1.28931,32600000,1
1499905080000,1499905139000,1.28931,1.28933,1.2893,1.28931,27520000,1
1499905140000,1499905199000,1.2893,1.28934,1.2893,1.28931,118210000,1
1499905200000,1499905259000,1.28932,1.28971,1.28932,1.2897,60710000,1
1499905260000,1499905319000,1.2897,1.28973,1.2896,1.2896,107140000,1
1499905320000,1499905379000,1.2896,1.28972,1.2896,1.28972,143800000,1
1499905380000,1499905439000,1.28972,1.28972,1.28968,1.2897,126630000,1
1499905440000,1499905499000,1.28972,1.28979,1.28972,1.28972,70360000,1
1499905500000,1499905559000,1.28972,1.28979,1.28966,1.28979,89320000,1
1499905560000,1499905619000,1.28978,1.28994,1.28978,1.28983,61930000,1
1499905620000,1499905679000,1.28985,1.28991,1.28981,1.28991,102970000,1
1499905680000,1499905739000,1.28991,1.28991,1.28991,1.28991,27620000,1
1499905740000,1499905799000,1.28989,1.29007,1.28989,1.29007,73800000,1
1499905800000,1499905859000,1.29007,1.29011,1.29002,1.29006,47000000,1
1499905860000,1499905919000,1.29006,1.29006,1.29001,1.29001,46930000,1
1499905920000,1499905979000,1.29001,1.29001,1.28998,1.29,66050000,1
1499905980000,1499906039000,1.28999,1.29011,1.28998,1.29006,76030000,1
1499906040000,1499906099000,1.29009,1.29009,1.29006,1.29006,43300000,1
1499906100000,1499906159000,1.29007,1.29009,1.29004,1.29007,60690000,1
1499906160000,1499906219000,1.29007,1.29011,1.29005,1.29011,47520000,1
1499906220000,1499906279000,1.29011,1.29011,1.29006,1.29006,41000000,1
1499906280000,1499906339000,1.29006,1.2901,1.29002,1.29002,77960000,1
1499906340000,1499906399000,1.29002,1.29005,1.29,1.29002,60440000,1
1499906400000,1499906459000,1.29002,1.29006,1.29001,1.29006,22350000,1
1499906460000,1499906519000,1.29006,1.29006,1.29001,1.29001,24090000,1
1499906520000,1499906579000,1.29001,1.29006,1.29001,1.29006,8870000,1
1499906580000,1499906639000,1.29006,1.29006,1.29001,1.29002,33210000,1
1499906640000,1499906699000,1.29002,1.29002,1.29,1.29001,19120000,1
1499906700000,1499906759000,1.29001,1.29006,1.28996,1.29006,27740000,1
1499906760000,1499906819000,1.29006,1.29009,1.29002,1.29003,32310000,1
1499906820000,1499906879000,1.29002,1.29004,1.29002,1.29003,24460000,1
1499906880000,1499906939000,1.29003,1.29005,1.29003,1.29004,33980000,1
1499906940000,1499906999000,1.29007,1.29007,1.29004,1.29005,14230000,1
1499907000000,1499907059000,1.29005,1.29012,1.28997,1.28997,51190000,1
1499907060000,1499907119000,1.29,1.29004,1.29,1.29003,18320000,1
1499907120000,1499907179000,1.29003,1.29012,1.28999,1.29009,54060000,1
1499907180000,1499907239000,1.2901,1.29015,1.29009,1.29014,49380000,1
1499907240000,1499907299000,1.29014,1.29019,1.29008,1.29013,75950000,1
1499907300000,1499907359000,1.29013,1.29014,1.29005,1.29005,56050000,1
1499907360000,1499907419000,1.29006,1.29016,1.29006,1.29015,25990000,1
1499907420000,1499907479000,1.29015,1.29021,1.29015,1.29021,41940000,1
1499907480000,1499907539000,1.29021,1.29021,1.28994,1.29004,63350000,1
1499907540000,1499907599000,1.29004,1.29004,1.29001,1.29003,22350000,1
1499907600000,1499907659000,1.29002,1.29034,1.29002,1.29033,61100000,1
1499907660000,1499907719000,1.29033,1.29044,1.29032,1.29041,93650000,1
1499907720000,1499907779000,1.29041,1.29052,1.29033,1.29042,87120000,1
1499907780000,1499907839000,1.29041,1.29044,1.29039,1.29042,54620000,1
1499907840000,1499907899000,1.29042,1.29043,1.29039,1.29043,44840000,1
1499907900000,1499907959000,1.2904,1.29043,1.29037,1.29042,39870000,1
1499907960000,1499908019000,1.29042,1.29042,1.29032,1.29032,46700000,1
1499908020000,1499908079000,1.29032,1.29044,1.29032,1.2904,70250000,1
1499908080000,1499908139000,1.29034,1.29034,1.29031,1.29031,46310000,1
1499908140000,1499908199000,1.29031,1.29031,1.2902,1.2902,29490000,1
1499908200000,1499908259000,1.2902,1.29032,1.2902,1.29024,46120000,1
1499908260000,1499908319000,1.29025,1.29025,1.29022,1.29022,32000000,1
1499908320000,1499908379000,1.29022,1.29022,1.29004,1.29004,29110000,1
1499908380000,1499908439000,1.29002,1.29002,1.28974,1.28982,99360000,1
1499908440000,1499908499000,1.28982,1.28982,1.2897,1.28975,90430000,1
1499908500000,1499908559000,1.28975,1.28975,1.2895,1.28951,74120000,1
1499908560000,1499908619000,1.2895,1.28956,1.28948,1.28948,72000000,1
1499908620000,1499908679000,1.2895,1.28956,1.28948,1.28952,54620000,1
1499908680000,1499908739000,1.28953,1.28959,1.28932,1.28959,125580000,1
1499908740000,1499908799000,1.2896,1.28988,1.28957,1.28963,138700000,1
1499908800000,1499908859000,1.28962,1.28977,1.28962,1.28976,53700000,1
1499908860000,1499908919000,1.28976,1.28977,1.28976,1.28976,27000000,1
1499908920000,1499908979000,1.28976,1.28978,1.28971,1.28972,28300000,1
1499908980000,1499909039000,1.28971,1.28971,1.28967,1.28967,67080000,1
1499909040000,1499909099000,1.28967,1.28971,1.28962,1.28963,63260000,1
1499909100000,1499909159000,1.28962,1.29013,1.28962,1.28988,157910000,1
1499909160000,1499909219000,1.28988,1.28988,1.28932,1.28938,92160000,1
1499909220000,1499909279000,1.28938,1.28959,1.28938,1.28954,69040000,1
1499909280000,1499909339000,1.28958,1.28958,1.28952,1.28955,59940000,1
1499909340000,1499909399000,1.28954,1.28961,1.28949,1.28961,99380000,1
1499909400000,1499909459000,1.28961,1.28961,1.28929,1.28932,78690000,1
1499909460000,1499909519000,1.28932,1.28992,1.28932,1.28944,144080000,1
1499909520000,1499909579000,1.28947,1.28948,1.28939,1.28946,41000000,1
1499909580000,1499909639000,1.28946,1.2895,1.28944,1.2895,23860000,1
1499909640000,1499909699000,1.2895,1.28955,1.2894,1.28942,61460000,1
1499909700000,1499909759000,1.28942,1.28952,1.2894,1.28951,34490000,1
1499909760000,1499909819000,1.28951,1.28951,1.28947,1.28947,41180000,1
1499909820000,1499909879000,1.28948,1.28948,1.28945,1.28948,27250000,1
1499909880000,1499909939000,1.28948,1.28951,1.28942,1.28943,40310000,1
1499909940000,1499909999000,1.28952,1.28973,1.28952,1.28961,48480000,1
1499910000000,1499910059000,1.2896,1.2896,1.28948,1.28956,74810000,1
1499910060000,1499910119000,1.28956,1.28956,1.28942,1.28948,57830000,1
1499910120000,1499910179000,1.28947,1.28957,1.28943,1.28955,70410000,1
1499910180000,1499910239000,1.28957,1.28988,1.28957,1.28969,77260000,1
1499910240000,1499910299000,1.2897,1.2897,1.28949,1.28956,63610000,1
1499910300000,1499910359000,1.28956,1.28972,1.28956,1.28971,50100000,1
1499910360000,1499910419000,1.28965,1.28966,1.28956,1.28961,43400000,1
1499910420000,1499910479000,1.28961,1.28961,1.28959,1.28959,15880000,1
1499910480000,1499910539000,1.28959,1.28963,1.28959,1.28959,14200000,1
1499910540000,1499910599000,1.28961,1.28961,1.2896,1.2896,21040000,1
1499910600000,1499910659000,1.2896,1.28971,1.2896,1.28971,27190000,1
1499910660000,1499910719000,1.28971,1.28972,1.28966,1.28966,34450000,1
1499910720000,1499910779000,1.28966,1.28971,1.28966,1.28971,16430000,1
1499910780000,1499910839000,1.28971,1.28977,1.2895,1.28976,99310000,1
1499910840000,1499910899000,1.28975,1.28995,1.28969,1.28994,167120000,1
1499910900000,1499910959000,1.28995,1.28995,1.28968,1.28975,50120000,1
1499910960000,1499911019000,1.28975,1.28985,1.28973,1.28975,23500000,1
1499911020000,1499911079000,1.28968,1.28968,1.28952,1.28959,28500000,1
1499911080000,1499911139000,1.28959,1.28962,1.28952,1.28952,67680000,1
1499911140000,1499911199000,1.28952,1.28954,1.28951,1.28952,36120000,1
1499911200000,1499911259000,1.28951,1.28954,1.28951,1.28951,36490000,1
1499911260000,1499911319000,1.28951,1.28951,1.28949,1.28949,59640000,1
1499911320000,1499911379000,1.28949,1.28957,1.28948,1.28954,89720000,1
1499911380000,1499911439000,1.28953,1.28985,1.28952,1.28983,160200000,1
1499911440000,1499911499000,1.28981,1.28991,1.28966,1.28966,52380000,1
1499911500000,1499911559000,1.28969,1.28973,1.28968,1.28973,42600000,1
1499911560000,1499911619000,1.28971,1.28979,1.28971,1.28974,37470000,1
1499911620000,1499911679000,1.28975,1.28978,1.28972,1.28978,33170000,1
1499911680000,1499911739000,1.28976,1.28978,1.28973,1.28974,71390000,1
1499911740000,1499911799000,1.28974,1.28981,1.28971,1.28981,104250000,1
1499911800000,1499911859000,1.28981,1.28981,1.28978,1.28978,28530000,1
1499911860000,1499911919000,1.28978,1.2898,1.28971,1.28971,69840000,1
1499911920000,1499911979000,1.28971,1.28971,1.28951,1.28952,77950000,1
1499911980000,1499912039000,1.28954,1.28991,1.28954,1.28963,136250000,1
1499912040000,1499912099000,1.28964,1.28966,1.28957,1.28966,111170000,1
1499912100000,1499912159000,1.28961,1.28971,1.28949,1.28954,115770000,1
1499912160000,1499912219000,1.28955,1.28959,1.28954,1.28959,18690000,1
1499912220000,1499912279000,1.28958,1.28959,1.28957,1.28958,25890000,1
1499912280000,1499912339000,1.28958,1.28959,1.28955,1.28958,52190000,1
1499912340000,1499912399000,1.28958,1.28959,1.28943,1.28944,27750000,1
1499912400000,1499912459000,1.28944,1.28952,1.28943,1.28946,58390000,1
1499912460000,1499912519000,1.28945,1.28946,1.28936,1.28941,64690000,1
1499912520000,1499912579000,1.28941,1.28982,1.28941,1.28955,103940000,1
1499912580000,1499912639000,1.28954,1.28956,1.2895,1.2895,12940000,1
1499912640000,1499912699000,1.28949,1.28951,1.28948,1.28949,9810000,1
1499912700000,1499912759000,1.28949,1.28952,1.28949,1.2895,27510000,1
1499912760000,1499912819000,1.2895,1.28951,1.28925,1.28925,45630000,1
1499912820000,1499912879000,1.28925,1.28966,1.28925,1.28963,36380000,1
1499912880000,1499912939000,1.28965,1.28966,1.28963,1.28964,22630000,1
1499912940000,1499912999000,1.28963,1.28964,1.28963,1.28963,17700000,1
1499913000000,1499913059000,1.28964,1.28964,1.28937,1.28942,48940000,1
1499913060000,1499913119000,1.28942,1.28982,1.28942,1.28971,84920000,1
1499913120000,1499913179000,1.28972,1.28972,1.2896,1.28961,26760000,1
1499913180000,1499913239000,1.28962,1.28962,1.2895,1.28954,39560000,1
1499913240000,1499913299000,1.28954,1.28964,1.28953,1.28963,43890000,1
1499913300000,1499913359000,1.28965,1.28971,1.28965,1.28971,21760000,1
1499913360000,1499913419000,1.28974,1.28976,1.28974,1.28975,64070000,1
1499913420000,1499913479000,1.28974,1.28976,1.28973,1.28974,22000000,1
1499913480000,1499913539000,1.28974,1.28976,1.28974,1.28975,43000000,1
1499913540000,1499913599000,1.28975,1.28986,1.28974,1.28984,89090000,1
1499913600000,1499913659000,1.28983,1.28986,1.2898,1.28982,40600000,1
1499913660000,1499913719000,1.28981,1.28985,1.28929,1.28934,139710000,1
1499913720000,1499913779000,1.28934,1.28936,1.28932,1.28934,48120000,1
1499913780000,1499913839000,1.28934,1.28942,1.28934,1.2894,32880000,1
1499913840000,1499913899000,1.2894,1.2894,1.2894,1.2894,22730000,1
1499913900000,1499913959000,1.2894,1.28942,1.28939,1.28939,25160000,1
1499913960000,1499914019000,1.28938,1.28939,1.2893,1.28932,18310000,1
1499914020000,1499914079000,1.28935,1.28938,1.28935,1.28937,10000000,1
1499914080000,1499914139000,1.28937,1.28938,1.28932,1.28932,17290000,1
1499914140000,1499914199000,1.28932,1.28938,1.28931,1.28931,32850000,1
1499914200000,1499914259000,1.28931,1.28935,1.28931,1.28935,9370000,1
1499914260000,1499914319000,1.28935,1.28947,1.28935,1.28945,72100000,1
1499914320000,1499914379000,1.28944,1.28948,1.28944,1.28947,60650000,1
1499914380000,1499914439000,1.28949,1.28969,1.28949,1.28966,51210000,1
1499914440000,1499914499000,1.28964,1.28965,1.28951,1.28951,67330000,1
1499914500000,1499914559000,1.28951,1.28968,1.28951,1.28968,74980000,1
1499914560000,1499914619000,1.28968,1.2897,1.28962,1.28968,91630000,1
1499914620000,1499914679000,1.28968,1.28982,1.28967,1.28981,95750000,1
1499914680000,1499914739000,1.28982,1.28982,1.28972,1.28973,93130000,1
1499914740000,1499914799000,1.28974,1.28978,1.28973,1.28974,49190000,1
1499914800000,1499914859000,1.28974,1.29004,1.28974,1.28998,128020000,1
1499914860000,1499914919000,1.28997,1.29004,1.28992,1.29002,69300000,1
1499914920000,1499914979000,1.29002,1.29002,1.28997,1.29002,42500000,1
1499914980000,1499915039000,1.29002,1.29002,1.28994,1.28999,47550000,1
1499915040000,1499915099000,1.28998,1.29001,1.28997,1.28997,68970000,1
1499915100000,1499915159000,1.28997,1.29001,1.28995,1.29001,24730000,1
1499915160000,1499915219000,1.28999,1.29002,1.28998,1.29001,56790000,1
1499915220000,1499915279000,1.29001,1.29014,1.28997,1.29002,130480000,1
1499915280000,1499915339000,1.29001,1.29013,1.29001,1.29012,51000000,1
1499915340000,1499915399000,1.29012,1.29018,1.29012,1.29018,26480000,1
1499915400000,1499915459000,1.29015,1.29015,1.29,1.29001,72380000,1
1499915460000,1499915519000,1.29001,1.29001,1.28998,1.29,45400000,1
1499915520000,1499915579000,1.28999,1.29002,1.28997,1.28997,33320000,1
1499915580000,1499915639000,1.28997,1.29,1.28997,1.28999,24000000,1
1499915640000,1499915699000,1.28999,1.29002,1.28997,1.29001,23870000,1
1499915700000,1499915759000,1.29001,1.29003,1.28992,1.28992,69150000,1
1499915760000,1499915819000,1.28992,1.28992,1.28989,1.28989,40500000,1
1499915820000,1499915879000,1.28989,1.28994,1.28989,1.28993,68720000,1
1499915880000,1499915939000,1.28992,1.28992,1.28982,1.28982,32110000,1
1499915940000,1499915999000,1.28982,1.28982,1.28977,1.28978,59500000,1
1499916000000,1499916059000,1.28978,1.28984,1.28978,1.28981,52500000,1
1499916060000,1499916119000,1.28982,1.28989,1.28977,1.28989,62400000,1
1499916120000,1499916179000,1.28989,1.28989,1.28983,1.28986,47460000,1
1499916180000,1499916239000,1.28986,1.28991,1.28984,1.28989,40800000,1
1499916240000,1499916299000,1.28989,1.28993,1.28986,1.28987,95670000,1
1499916300000,1499916359000,1.28987,1.28988,1.28987,1.28988,17660000,1
1499916360000,1499916419000,1.28988,1.28991,1.28987,1.28987,25090000,1
1499916420000,1499916479000,1.28986,1.28993,1.28985,1.28991,89480000,1
1499916480000,1499916539000,1.28991,1.28999,1.28991,1.28992,64380000,1
1499916540000,1499916599000,1.28991,1.28996,1.28991,1.28996,52290000,1
1499916600000,1499916659000,1.28996,1.28998,1.28994,1.28998,58440000,1
1499916660000,1499916719000,1.28997,1.28998,1.28983,1.28983,91450000,1
1499916720000,1499916779000,1.28982,1.28983,1.28981,1.28982,43410000,1
1499916780000,1499916839000,1.28982,1.28982,1.28979,1.28979,22240000,1
1499916840000,1499916899000,1.28979,1.28979,1.28959,1.28973,54370000,1
1499916900000,1499916959000,1.28973,1.2898,1.28973,1.2898,54220000,1
1499916960000,1499917019000,1.28978,1.28978,1.28977,1.28977,68000000,1
1499917020000,1499917079000,1.28977,1.28978,1.28969,1.2897,68250000,1
1499917080000,1499917139000,1.28969,1.28972,1.28969,1.28972,30740000,1
1499917140000,1499917199000,1.28973,1.28979,1.28972,1.28978,52500000,1
1499917200000,1499917259000,1.28977,1.28978,1.28977,1.28977,38000000,1
1499917260000,1499917319000,1.28977,1.28978,1.28977,1.28977,39000000,1
1499917320000,1499917379000,1.28977,1.28978,1.28977,1.28977,32000000,1
1499917380000,1499917439000,1.28978,1.28978,1.28957,1.28961,67100000,1
1499917440000,1499917499000,1.2896,1.2896,1.28952,1.28957,53780000,1
1499917500000,1499917559000,1.28955,1.28955,1.28947,1.28947,56500000,1
1499917560000,1499917619000,1.28947,1.28974,1.28947,1.28972,102690000,1
1499917620000,1499917679000,1.28974,1.28974,1.28972,1.28972,74990000,1
1499917680000,1499917739000,1.28973,1.28973,1.28972,1.28972,58590000,1
1499917740000,1499917799000,1.28972,1.28975,1.28972,1.28972,144440000,1
1499917800000,1499917859000,1.28973,1.28974,1.28962,1.28962,144210000,1
1499917860000,1499917919000,1.28962,1.28967,1.28961,1.28967,76690000,1
1499917920000,1499917979000,1.28964,1.28964,1.28961,1.28962,70370000,1
1499917980000,1499918039000,1.28962,1.28962,1.28961,1.28962,22000000,1
1499918040000,1499918099000,1.28962,1.28962,1.28961,1.28961,66750000,1
1499918100000,1499918159000,1.28962,1.28963,1.28957,1.28962,174240000,1
1499918160000,1499918219000,1.28962,1.28965,1.28961,1.28962,120870000,1
1499918220000,1499918279000,1.28962,1.28963,1.28961,1.28961,155120000,1
1499918280000,1499918339000,1.28961,1.28962,1.28961,1.28962,40250000,1
1499918340000,1499918399000,1.28961,1.28962,1.28961,1.28961,50500000,1
1499918400000,1499918459000,1.28962,1.28962,1.28961,1.28962,32750000,1
1499918460000,1499918519000,1.28962,1.28963,1.28961,1.28961,44000000,1
1499918520000,1499918579000,1.28961,1.28962,1.28956,1.28961,42100000,1
1499918580000,1499918639000,1.28962,1.28965,1.28959,1.28959,121860000,1
1499918640000,1499918699000,1.28957,1.28959,1.28952,1.28953,45530000,1
1499918700000,1499918759000,1.28952,1.28953,1.28946,1.28946,42620000,1
1499918760000,1499918819000,1.28946,1.28949,1.28946,1.28948,57120000,1
1499918820000,1499918879000,1.28948,1.2895,1.28946,1.28949,85730000,1
1499918880000,1499918939000,1.28949,1.28954,1.28943,1.28952,108100000,1
1499918940000,1499918999000,1.28952,1.28953,1.2895,1.28953,28940000,1
1499919000000,1499919059000,1.28953,1.28968,1.28952,1.28968,70290000,1
1499919060000,1499919119000,1.28967,1.28967,1.28961,1.28963,92320000,1
1499919120000,1499919179000,1.28963,1.28973,1.28961,1.28971,123610000,1
1499919180000,1499919239000,1.28971,1.28977,1.28971,1.28972,106130000,1
1499919240000,1499919299000,1.28972,1.28973,1.28971,1.28973,40500000,1
1499919300000,1499919359000,1.28972,1.28973,1.28972,1.28973,37500000,1
1499919360000,1499919419000,1.28972,1.28974,1.28972,1.28973,15500000,1
1499919420000,1499919479000,1.28973,1.28974,1.28967,1.28967,34560000,1
1499919480000,1499919539000,1.28968,1.28973,1.2896,1.28963,50510000,1
1499919540000,1499919599000,1.28963,1.28964,1.2896,1.28961,83030000,1
1499919600000,1499919659000,1.28961,1.28968,1.28959,1.2896,34220000,1
1499919660000,1499919719000,1.2896,1.28963,1.28959,1.28961,26560000,1
1499919720000,1499919779000,1.28957,1.28964,1.28957,1.28963,35430000,1
1499919780000,1499919839000,1.28963,1.28964,1.28963,1.28964,21540000,1
1499919840000,1499919899000,1.28964,1.28965,1.2895,1.28965,71640000,1
1499919900000,1499919959000,1.28963,1.28963,1.28945,1.28945,49270000,1
1499919960000,1499920019000,1.28947,1.28956,1.28945,1.28945,51570000,1
1499920020000,1499920079000,1.28945,1.28951,1.28941,1.28951,52100000,1
1499920080000,1499920139000,1.28951,1.28953,1.2895,1.28953,31710000,1
1499920140000,1499920199000,1.28953,1.28963,1.28953,1.28954,49720000,1
1499920200000,1499920259000,1.28954,1.28965,1.28954,1.28963,56880000,1
1499920260000,1499920319000,1.28963,1.28964,1.28952,1.28964,40190000,1
1499920320000,1499920379000,1.28964,1.28964,1.28955,1.28955,33990000,1
1499920380000,1499920439000,1.28955,1.28964,1.28953,1.28964,34000000,1
1499920440000,1499920499000,1.28964,1.28964,1.28962,1.28962,23060000,1
1499920500000,1499920559000,1.28962,1.28963,1.28957,1.28957,46920000,1
1499920560000,1499920619000,1.28957,1.28963,1.28957,1.28957,45920000,1
1499920620000,1499920679000,1.28957,1.28959,1.28943,1.28959,25750000,1
1499920680000,1499920739000,1.2896,1.2896,1.28949,1.28953,36050000,1
1499920740000,1499920799000,1.28953,1.2897,1.28953,1.28968,42790000,1
1499920800000,1499920859000,1.28968,1.28971,1.28968,1.28971,19310000,1
1499920860000,1499920919000,1.28972,1.28981,1.28967,1.28981,38060000,1
1499920920000,1499920979000,1.28982,1.28984,1.28971,1.28984,44500000,1
1499920980000,1499921039000,1.28984,1.28984,1.28982,1.28982,8500000,1
1499921040000,1499921099000,1.28982,1.28985,1.28977,1.28983,24310000,1
1499921100000,1499921159000,1.28983,1.28983,1.28973,1.2898,55130000,1
1499921160000,1499921219000,1.2898,1.28982,1.28973,1.28981,34550000,1
1499921220000,1499921279000,1.28981,1.28991,1.28977,1.28991,42250000,1
1499921280000,1499921339000,1.28991,1.29003,1.28991,1.29001,74580000,1
1499921340000,1499921399000,1.29001,1.2901,1.29,1.29003,65580000,1
1499921400000,1499921459000,1.29003,1.2901,1.28999,1.29001,65300000,1
1499921460000,1499921519000,1.29004,1.29008,1.28999,1.28999,67110000,1
1499921520000,1499921579000,1.28999,1.28999,1.28979,1.28981,31220000,1
1499921580000,1499921639000,1.28982,1.28982,1.2898,1.28981,8000000,1
1499921640000,1499921699000,1.28981,1.28983,1.28981,1.28982,16370000,1
1499921700000,1499921759000,1.28982,1.28982,1.28978,1.28978,26690000,1
1499921760000,1499921819000,1.28978,1.28978,1.28969,1.28969,13980000,1
1499921820000,1499921879000,1.28968,1.28971,1.28967,1.28969,43590000,1
1499921880000,1499921939000,1.28973,1.28979,1.28973,1.28979,8500000,1
1499921940000,1499921999000,1.2898,1.2898,1.28978,1.28978,40210000,1
1499922000000,1499922059000,1.28978,1.28979,1.28974,1.28979,45210000,1
1499922060000,1499922119000,1.28979,1.28982,1.28972,1.28973,86760000,1
1499922120000,1499922179000,1.28972,1.28982,1.28972,1.28973,27930000,1
1499922180000,1499922239000,1.28972,1.28973,1.28967,1.28968,46990000,1
1499922240000,1499922299000,1.28967,1.28973,1.28965,1.28965,34620000,1
1499922300000,1499922359000,1.28966,1.28967,1.28963,1.28963,35110000,1
1499922360000,1499922419000,1.28963,1.28965,1.28962,1.28965,36710000,1
1499922420000,1499922479000,1.28966,1.28966,1.28964,1.28965,11000000,1
1499922480000,1499922539000,1.28965,1.28968,1.28961,1.28961,56740000,1
1499922540000,1499922599000,1.28962,1.28963,1.28961,1.28962,65330000,1
1499922600000,1499922659000,1.28962,1.28962,1.28961,1.28961,48800000,1
1499922660000,1499922719000,1.28961,1.28966,1.28961,1.28966,24850000,1
1499922720000,1499922779000,1.28966,1.2897,1.28966,1.28969,31230000,1
1499922780000,1499922839000,1.28969,1.28969,1.28967,1.28968,106980000,1
1499922840000,1499922899000,1.28968,1.28968,1.28963,1.28967,26610000,1
1499922900000,1499922959000,1.28967,1.28968,1.28961,1.28965,29220000,1
1499922960000,1499923019000,1.28965,1.28965,1.28964,1.28964,57590000,1
1499923020000,1499923079000,1.28964,1.28965,1.28962,1.28964,54200000,1
1499923080000,1499923139000,1.28964,1.28968,1.28964,1.28967,50380000,1
1499923140000,1499923199000,1.28964,1.28968,1.28963,1.28967,71750000,1
1499923200000,1499923259000,1.28967,1.28968,1.28967,1.28967,34000000,1
1499923260000,1499923319000,1.28968,1.28968,1.28967,1.28967,40000000,1
1499923320000,1499923379000,1.28967,1.28968,1.28967,1.28968,36480000,1
1499923380000,1499923439000,1.28968,1.28969,1.28967,1.28967,62840000,1
1499923440000,1499923499000,1.28967,1.28968,1.28967,1.28968,26000000,1
1499923500000,1499923559000,1.28968,1.28968,1.28967,1.28968,13450000,1
1499923560000,1499923619000,1.28968,1.28968,1.28961,1.28962,37400000,1
1499923620000,1499923679000,1.28962,1.28963,1.28962,1.28963,74530000,1
1499923680000,1499923739000,1.28963,1.28972,1.28963,1.28972,26530000,1
1499923740000,1499923799000,1.28973,1.2898,1.28972,1.28973,54300000,1
1499923800000,1499923859000,1.28972,1.28978,1.28972,1.28977,53450000,1
1499923860000,1499923919000,1.28977,1.28988,1.28977,1.28988,44700000,1
1499923920000,1499923979000,1.28987,1.28987,1.28981,1.28983,25440000,1
1499923980000,1499924039000,1.28983,1.28983,1.28981,1.28981,32980000,1
1499924040000,1499924099000,1.28982,1.28983,1.28981,1.28981,52020000,1
1499924100000,1499924159000,1.28981,1.28982,1.28978,1.2898,31480000,1
1499924160000,1499924219000,1.2898,1.28981,1.28978,1.28978,48370000,1
1499924220000,1499924279000,1.28978,1.28979,1.28972,1.28972,27120000,1
1499924280000,1499924339000,1.28973,1.28973,1.28972,1.28973,26000000,1
1499924340000,1499924399000,1.28972,1.28973,1.28964,1.28967,31950000,1
1499924400000,1499924459000,1.28968,1.28968,1.28961,1.28962,38170000,1
1499924460000,1499924519000,1.28961,1.28973,1.28961,1.28972,38560000,1
1499924520000,1499924579000,1.28973,1.28981,1.28972,1.28979,61360000,1
1499924580000,1499924639000,1.28979,1.2898,1.28977,1.28978,54920000,1
1499924640000,1499924699000,1.28978,1.28978,1.28977,1.28978,9120000,1
1499924700000,1499924759000,1.28977,1.28978,1.28972,1.28974,57620000,1
1499924760000,1499924819000,1.28975,1.28975,1.28967,1.28967,65330000,1
1499924820000,1499924879000,1.28968,1.2897,1.28968,1.28969,8360000,1
1499924880000,1499924939000,1.2897,1.28972,1.28969,1.28972,15300000,1
1499924940000,1499924999000,1.28972,1.28975,1.28972,1.28975,19840000,1
1499925000000,1499925059000,1.28975,1.2898,1.28975,1.28979,24160000,1
1499925060000,1499925119000,1.2898,1.2898,1.28971,1.28971,39400000,1
1499925120000,1499925179000,1.28972,1.29031,1.2897,1.2902,98590000,1
1499925180000,1499925239000,1.2902,1.29029,1.2901,1.29029,55480000,1
1499925240000,1499925299000,1.29029,1.29036,1.29027,1.29035,105680000,1
1499925300000,1499925359000,1.29034,1.29038,1.29034,1.29035,48920000,1
1499925360000,1499925419000,1.29035,1.29055,1.29035,1.29054,58690000,1
1499925420000,1499925479000,1.29053,1.29053,1.2904,1.2904,51790000,1
1499925480000,1499925539000,1.2904,1.29042,1.29019,1.29022,64460000,1
1499925540000,1499925599000,1.29021,1.29021,1.29014,1.29017,58110000,1
1499925600000,1499925659000,1.29016,1.29022,1.29013,1.29016,65750000,1
1499925660000,1499925719000,1.29016,1.29033,1.29016,1.29032,46740000,1
1499925720000,1499925779000,1.29032,1.29058,1.29032,1.29056,64530000,1
1499925780000,1499925839000,1.29059,1.2915,1.29055,1.29128,254010000,1
1499925840000,1499925899000,1.29127,1.29178,1.29107,1.29168,170950000,1
1499925900000,1499925959000,1.29168,1.29169,1.29152,1.29153,155160000,1
1499925960000,1499926019000,1.29153,1.29173,1.29139,1.29147,140250000,1
1499926020000,1499926079000,1.29147,1.29149,1.2913,1.2913,104980000,1
1499926080000,1499926139000,1.2913,1.29142,1.29124,1.29134,80090000,1
1499926140000,1499926199000,1.29133,1.29164,1.29133,1.29163,121120000,1
1499926200000,1499926259000,1.29165,1.29165,1.2915,1.2915,68520000,1
1499926260000,1499926319000,1.2915,1.2915,1.29108,1.2911,147500000,1
1499926320000,1499926379000,1.29109,1.29113,1.29105,1.2911,78530000,1
1499926380000,1499926439000,1.29112,1.29113,1.29109,1.29112,50700000,1
1499926440000,1499926499000,1.29113,1.29144,1.29111,1.2912,90350000,1
1499926500000,1499926559000,1.29119,1.29123,1.29116,1.29119,75470000,1
1499926560000,1499926619000,1.29119,1.2913,1.29119,1.29126,79270000,1
1499926620000,1499926679000,1.29126,1.29126,1.29119,1.29121,44150000,1
1499926680000,1499926739000,1.29122,1.29124,1.29118,1.29122,136930000,1
1499926740000,1499926799000,1.29122,1.29122,1.29112,1.29112,67150000,1
1499926800000,1499926859000,1.29114,1.29119,1.29112,1.29118,68850000,1
1499926860000,1499926919000,1.29116,1.29116,1.29109,1.29114,57860000,1
1499926920000,1499926979000,1.29113,1.29115,1.29112,1.29112,42190000,1
1499926980000,1499927039000,1.29112,1.29114,1.2908,1.29082,166230000,1
1499927040000,1499927099000,1.2908,1.29097,1.29071,1.29092,110040000,1
1499927100000,1499927159000,1.29093,1.29115,1.29092,1.29113,95870000,1
1499927160000,1499927219000,1.29113,1.29115,1.29109,1.29113,107390000,1
1499927220000,1499927279000,1.29113,1.29125,1.29106,1.29123,53440000,1
1499927280000,1499927339000,1.29123,1.29136,1.29121,1.29136,65280000,1
1499927340000,1499927399000,1.29135,1.29145,1.29123,1.29143,113800000,1
1499927400000,1499927459000,1.29142,1.29193,1.29137,1.29192,177370000,1
1499927460000,1499927519000,1.29191,1.29243,1.29186,1.29235,278220000,1
1499927520000,1499927579000,1.29235,1.29246,1.2922,1.29241,175400000,1
1499927580000,1499927639000,1.29241,1.29244,1.29201,1.29207,126180000,1
1499927640000,1499927699000,1.29207,1.29232,1.29197,1.29213,94690000,1
1499927700000,1499927759000,1.29216,1.29224,1.29192,1.29193,102970000,1
1499927760000,1499927819000,1.2919,1.29205,1.2919,1.29195,105820000,1
1499927820000,1499927879000,1.29195,1.29214,1.29195,1.29204,121910000,1
1499927880000,1499927939000,1.29204,1.29204,1.2919,1.29192,76680000,1
1499927940000,1499927999000,1.29193,1.29194,1.2919,1.29193,99020000,1
1499928000000,1499928059000,1.29191,1.29206,1.29188,1.2919,149980000,1
1499928060000,1499928119000,1.2919,1.292,1.29181,1.29196,73680000,1
1499928120000,1499928179000,1.29196,1.29201,1.29192,1.29195,59030000,1
1499928180000,1499928239000,1.29195,1.29209,1.29191,1.29194,98330000,1
1499928240000,1499928299000,1.29195,1.29206,1.29186,1.29206,81010000,1
1499928300000,1499928359000,1.29206,1.29216,1.29202,1.29212,90230000,1
1499928360000,1499928419000,1.29212,1.29217,1.29204,1.29208,49170000,1
1499928420000,1499928479000,1.2921,1.29233,1.29207,1.2923,70580000,1
1499928480000,1499928539000,1.2923,1.29233,1.29214,1.29216,53030000,1
1499928540000,1499928599000,1.29216,1.29216,1.29206,1.29208,91120000,1
1499928600000,1499928659000,1.29208,1.29208,1.29194,1.29203,50190000,1
1499928660000,1499928719000,1.29201,1.29204,1.29198,1.29204,36990000,1
1499928720000,1499928779000,1.29204,1.29207,1.29202,1.29202,89900000,1
1499928780000,1499928839000,1.29202,1.29206,1.29195,1.29203,33610000,1
1499928840000,1499928899000,1.29203,1.29203,1.29174,1.29182,39750000,1
1499928900000,1499928959000,1.29183,1.29203,1.29182,1.29194,103930000,1
1499928960000,1499929019000,1.29194,1.29196,1.29186,1.29187,57380000,1
1499929020000,1499929079000,1.29187,1.29229,1.29167,1.29204,145990000,1
1499929080000,1499929139000,1.29203,1.2936,1.29201,1.29311,206230000,1
1499929140000,1499929199000,1.29316,1.29412,1.2931,1.29389,284110000,1
1499929200000,1499929259000,1.29388,1.29462,1.29384,1.29428,361620000,1
1499929260000,1499929319000,1.29425,1.29429,1.29405,1.2941,165360000,1
1499929320000,1499929379000,1.29412,1.29413,1.29371,1.29371,118980000,1
1499929380000,1499929439000,1.2937,1.29371,1.2936,1.29369,84810000,1
1499929440000,1499929499000,1.29367,1.29384,1.29366,1.29374,92540000,1
1499929500000,1499929559000,1.29381,1.29406,1.29381,1.29403,161740000,1
1499929560000,1499929619000,1.29401,1.29404,1.29371,1.29373,129280000,1
1499929620000,1499929679000,1.29373,1.29387,1.2933,1.2935,162030000,1
1499929680000,1499929739000,1.29349,1.29372,1.2934,1.29372,133140000,1
1499929740000,1499929799000,1.29372,1.29372,1.29334,1.29348,128110000,1
1499929800000,1499929859000,1.29342,1.29369,1.2933,1.29362,137240000,1
1499929860000,1499929919000,1.29363,1.29363,1.29339,1.29351,65670000,1
1499929920000,1499929979000,1.29352,1.29404,1.29352,1.29404,119530000,1
1499929980000,1499930039000,1.29402,1.29429,1.29393,1.2942,173390000,1
1499930040000,1499930099000,1.29419,1.29421,1.29398,1.29405,132410000,1
1499930100000,1499930159000,1.29403,1.29426,1.29402,1.29411,77940000,1
1499930160000,1499930219000,1.29411,1.29411,1.29398,1.29402,81650000,1
1499930220000,1499930279000,1.29402,1.29433,1.29399,1.29432,146810000,1
1499930280000,1499930339000,1.29429,1.29483,1.29424,1.2948,237370000,1
1499930340000,1499930399000,1.29479,1.29524,1.29453,1.29461,253230000,1
1499930400000,1499930459000,1.2946,1.29465,1.29453,1.29453,130520000,1
1499930460000,1499930519000,1.29453,1.29464,1.29453,1.29453,97540000,1
1499930520000,1499930579000,1.29454,1.29457,1.29447,1.29448,82290000,1
1499930580000,1499930639000,1.29447,1.29448,1.29437,1.29441,79990000,1
1499930640000,1499930699000,1.2944,1.29444,1.29437,1.2944,53280000,1
1499930700000,1499930759000,1.29442,1.29443,1.29413,1.29414,112390000,1
1499930760000,1499930819000,1.29413,1.29416,1.29409,1.29411,88350000,1
1499930820000,1499930879000,1.29411,1.29413,1.2941,1.2941,46670000,1
1499930880000,1499930939000,1.2941,1.29435,1.2941,1.29433,73040000,1
1499930940000,1499930999000,1.29432,1.29432,1.29419,1.2942,47520000,1
1499931000000,1499931059000,1.29418,1.29445,1.29417,1.29439,148450000,1
1499931060000,1499931119000,1.29439,1.29454,1.2943,1.29451,85840000,1
1499931120000,1499931179000,1.29453,1.29455,1.29429,1.29437,97810000,1
1499931180000,1499931239000,1.29438,1.29457,1.29438,1.29447,130730000,1
1499931240000,1499931299000,1.29447,1.29455,1.29442,1.29454,100220000,1
1499931300000,1499931359000,1.29456,1.2946,1.29454,1.29458,29500000,1
1499931360000,1499931419000,1.29458,1.29475,1.29448,1.29463,88030000,1
1499931420000,1499931479000,1.29462,1.29464,1.29437,1.29437,130620000,1
1499931480000,1499931539000,1.29436,1.29443,1.29419,1.2942,138890000,1
1499931540000,1499931599000,1.29419,1.29431,1.29412,1.29412,139140000,1
1499931600000,1499931659000,1.29413,1.29415,1.2939,1.29392,111180000,1
1499931660000,1499931719000,1.29392,1.29402,1.29374,1.29402,183610000,1
1499931720000,1499931779000,1.29402,1.29403,1.29368,1.2938,160120000,1
1499931780000,1499931839000,1.2938,1.29413,1.2938,1.29392,252990000,1
1499931840000,1499931899000,1.2939,1.29393,1.29379,1.2938,99580000,1
1499931900000,1499931959000,1.29382,1.29382,1.29359,1.2936,124470000,1
1499931960000,1499932019000,1.2936,1.29361,1.29349,1.29359,107920000,1
1499932020000,1499932079000,1.2936,1.29368,1.2933,1.29334,180310000,1
1499932080000,1499932139000,1.29333,1.29345,1.2932,1.2933,133960000,1
1499932140000,1499932199000,1.29329,1.29354,1.29328,1.29352,143370000,1
1499932200000,1499932259000,1.29352,1.2936,1.29343,1.29344,159450000,1
1499932260000,1499932319000,1.29344,1.29352,1.29323,1.29347,198750000,1
1499932320000,1499932379000,1.29342,1.29363,1.29342,1.29362,87090000,1
1499932380000,1499932439000,1.29362,1.29368,1.29353,1.29355,45210000,1
1499932440000,1499932499000,1.29355,1.29355,1.29321,1.29321,146660000,1
1499932500000,1499932559000,1.29323,1.29336,1.29297,1.29305,137730000,1
1499932560000,1499932619000,1.29306,1.29322,1.29306,1.29322,119960000,1
1499932620000,1499932679000,1.29322,1.29341,1.29322,1.29335,119440000,1
1499932680000,1499932739000,1.29335,1.29338,1.293,1.29302,129440000,1
1499932740000,1499932799000,1.29302,1.29334,1.29296,1.29325,100490000,1
1499932800000,1499932859000,1.29326,1.29326,1.29303,1.29303,114490000,1
1499932860000,1499932919000,1.29303,1.29315,1.293,1.29312,53770000,1
1499932920000,1499932979000,1.29312,1.29352,1.29312,1.29347,142060000,1
1499932980000,1499933039000,1.29345,1.29364,1.29345,1.2935,121110000,1
1499933040000,1499933099000,1.2935,1.29354,1.29341,1.29349,80470000,1
1499933100000,1499933159000,1.29349,1.29356,1.29339,1.29346,94460000,1
1499933160000,1499933219000,1.29346,1.29364,1.29343,1.29348,133060000,1
1499933220000,1499933279000,1.29348,1.29348,1.29336,1.29341,84720000,1
1499933280000,1499933339000,1.29341,1.29346,1.29323,1.29333,114900000,1
1499933340000,1499933399000,1.29333,1.29344,1.2932,1.29339,160770000,1
1499933400000,1499933459000,1.29338,1.29342,1.29309,1.29339,177320000,1
1499933460000,1499933519000,1.29339,1.29349,1.29336,1.29348,123610000,1
1499933520000,1499933579000,1.29348,1.29367,1.29337,1.29366,109460000,1
1499933580000,1499933639000,1.29366,1.29366,1.29342,1.29344,154920000,1
1499933640000,1499933699000,1.29343,1.29354,1.29339,1.29351,100990000,1
1499933700000,1499933759000,1.29352,1.29365,1.29348,1.29351,120340000,1
1499933760000,1499933819000,1.29351,1.29375,1.2935,1.29352,168280000,1
1499933820000,1499933879000,1.29355,1.29365,1.29349,1.29365,107220000,1
1499933880000,1499933939000,1.29363,1.29375,1.29358,1.29375,115790000,1
1499933940000,1499933999000,1.29375,1.29397,1.29369,1.29392,173730000,1
1499934000000,1499934059000,1.2939,1.29406,1.29382,1.29406,138050000,1
1499934060000,1499934119000,1.29406,1.29406,1.29393,1.29406,140400000,1
1499934120000,1499934179000,1.29405,1.29429,1.29404,1.29427,140340000,1
1499934180000,1499934239000,1.29428,1.29443,1.29412,1.29443,84940000,1
1499934240000,1499934299000,1.29444,1.29445,1.29427,1.29432,103270000,1
1499934300000,1499934359000,1.29432,1.29435,1.29426,1.29427,112600000,1
1499934360000,1499934419000,1.29426,1.29427,1.29412,1.29414,82830000,1
1499934420000,1499934479000,1.29414,1.29425,1.29407,1.29407,117630000,1
1499934480000,1499934539000,1.29407,1.29407,1.29396,1.29402,107480000,1
1499934540000,1499934599000,1.29402,1.29402,1.29397,1.29397,41480000,1
1499934600000,1499934659000,1.29398,1.29403,1.29391,1.29392,94430000,1
1499934660000,1499934719000,1.29392,1.29395,1.29388,1.29388,29630000,1
1499934720000,1499934779000,1.29388,1.29394,1.29381,1.29384,118710000,1
1499934780000,1499934839000,1.29382,1.29385,1.29329,1.29329,121930000,1
1499934840000,1499934899000,1.29329,1.29337,1.29323,1.29326,78210000,1
1499934900000,1499934959000,1.29326,1.29331,1.29311,1.29315,64000000,1
1499934960000,1499935019000,1.29314,1.29317,1.29282,1.29299,146990000,1
1499935020000,1499935079000,1.29299,1.29314,1.29295,1.29311,126890000,1
1499935080000,1499935139000,1.29312,1.29318,1.29312,1.29312,52510000,1
1499935140000,1499935199000,1.29313,1.29334,1.29307,1.29311,112390000,1
1499935200000,1499935259000,1.29311,1.29323,1.29302,1.29302,149840000,1
1499935260000,1499935319000,1.29302,1.29305,1.29283,1.2929,158910000,1
1499935320000,1499935379000,1.29291,1.29291,1.29235,1.29254,193320000,1
1499935380000,1499935439000,1.29254,1.29258,1.2924,1.2924,103420000,1
1499935440000,1499935499000,1.2924,1.29246,1.29222,1.29245,98160000,1
1499935500000,1499935559000,1.29245,1.29265,1.29245,1.29257,82620000,1
1499935560000,1499935619000,1.29258,1.29269,1.29254,1.29267,110880000,1
1499935620000,1499935679000,1.29268,1.29269,1.29256,1.29258,102830000,1
1499935680000,1499935739000,1.29257,1.29298,1.29254,1.29295,92960000,1
1499935740000,1499935799000,1.29295,1.29297,1.29286,1.29296,75220000,1
1499935800000,1499935859000,1.29296,1.29296,1.29289,1.29296,67170000,1
1499935860000,1499935919000,1.29294,1.29308,1.29285,1.29292,160570000,1
1499935920000,1499935979000,1.29293,1.29303,1.2929,1.29293,182220000,1
1499935980000,1499936039000,1.29294,1.29335,1.2929,1.29323,205620000,1
1499936040000,1499936099000,1.29322,1.29328,1.29317,1.29323,123380000,1
1499936100000,1499936159000,1.29323,1.29363,1.2932,1.29358,145270000,1
1499936160000,1499936219000,1.29362,1.29374,1.29341,1.29348,158900000,1
1499936220000,1499936279000,1.29348,1.29373,1.29342,1.29353,117600000,1
1499936280000,1499936339000,1.29353,1.29353,1.29332,1.29344,80420000,1
1499936340000,1499936399000,1.29342,1.29342,1.29277,1.29279,147000000,1
1499936400000,1499936459000,1.2928,1.2929,1.29266,1.29288,82420000,1
1499936460000,1499936519000,1.29288,1.29309,1.29288,1.29309,62190000,1
1499936520000,1499936579000,1.29308,1.29338,1.29305,1.29332,98000000,1
1499936580000,1499936639000,1.29333,1.29333,1.29307,1.29317,99790000,1
1499936640000,1499936699000,1.29318,1.29328,1.29303,1.29303,110550000,1
1499936700000,1499936759000,1.29304,1.29316,1.29279,1.29283,107250000,1
1499936760000,1499936819000,1.29283,1.29298,1.29275,1.29278,127630000,1
1499936820000,1499936879000,1.29278,1.29283,1.29268,1.2927,123250000,1
1499936880000,1499936939000,1.29271,1.29278,1.29257,1.29262,87140000,1
1499936940000,1499936999000,1.29261,1.29278,1.29259,1.29277,80680000,1
1499937000000,1499937059000,1.29277,1.29278,1.29258,1.2927,130150000,1
1499937060000,1499937119000,1.29269,1.29274,1.29251,1.29262,126430000,1
1499937120000,1499937179000,1.29262,1.29263,1.29231,1.29253,169590000,1
1499937180000,1499937239000,1.29253,1.29282,1.29253,1.29273,136200000,1
1499937240000,1499937299000,1.29273,1.29275,1.29257,1.29265,126210000,1
1499937300000,1499937359000,1.29265,1.29283,1.29265,1.29281,127230000,1
1499937360000,1499937419000,1.29281,1.29283,1.29269,1.29283,80140000,1
1499937420000,1499937479000,1.29282,1.29283,1.29277,1.29279,32810000,1
1499937480000,1499937539000,1.2928,1.29283,1.29267,1.29267,64320000,1
1499937540000,1499937599000,1.29267,1.29267,1.29251,1.29256,88700000,1
1499937600000,1499937659000,1.29255,1.29285,1.29255,1.29282,83380000,1
1499937660000,1499937719000,1.29284,1.29299,1.29284,1.29299,50000000,1
1499937720000,1499937779000,1.293,1.29302,1.29292,1.29297,92370000,1
1499937780000,1499937839000,1.29295,1.29308,1.29287,1.29297,126950000,1
1499937840000,1499937899000,1.29297,1.29297,1.29275,1.29283,107280000,1
1499937900000,1499937959000,1.29284,1.29307,1.29283,1.29283,95900000,1
1499937960000,1499938019000,1.29283,1.29298,1.29279,1.29297,129350000,1
1499938020000,1499938079000,1.29297,1.29307,1.29296,1.29301,72250000,1
1499938080000,1499938139000,1.29301,1.29301,1.29279,1.29297,83490000,1
1499938140000,1499938199000,1.29296,1.29306,1.29293,1.29305,49610000,1
1499938200000,1499938259000,1.29306,1.29316,1.29303,1.29312,77540000,1
1499938260000,1499938319000,1.29311,1.2932,1.29308,1.2932,262350000,1
1499938320000,1499938379000,1.2932,1.29335,1.29319,1.29327,277710000,1
1499938380000,1499938439000,1.29329,1.29329,1.29314,1.29323,121610000,1
1499938440000,1499938499000,1.29323,1.29329,1.2932,1.29328,47680000,1
1499938500000,1499938559000,1.29327,1.29346,1.29302,1.29302,107940000,1
1499938560000,1499938619000,1.29302,1.29306,1.29299,1.29305,107060000,1
1499938620000,1499938679000,1.29306,1.29316,1.29304,1.29305,73260000,1
1499938680000,1499938739000,1.29306,1.29325,1.29287,1.29287,92510000,1
1499938740000,1499938799000,1.29286,1.29289,1.29272,1.29276,208340000,1
1499938800000,1499938859000,1.29276,1.29278,1.29269,1.29273,83620000,1
1499938860000,1499938919000,1.29272,1.29276,1.29266,1.29272,68490000,1
1499938920000,1499938979000,1.29272,1.29279,1.29269,1.29269,80620000,1
1499938980000,1499939039000,1.29268,1.29275,1.29257,1.29274,87150000,1
1499939040000,1499939099000,1.29274,1.29284,1.29264,1.29284,92710000,1
1499939100000,1499939159000,1.29283,1.29283,1.29261,1.29261,102690000,1
1499939160000,1499939219000,1.2926,1.29271,1.29254,1.29267,96460000,1
1499939220000,1499939279000,1.29267,1.29274,1.29246,1.29273,90030000,1
1499939280000,1499939339000,1.29273,1.29276,1.29248,1.29256,129220000,1
1499939340000,1499939399000,1.29255,1.29266,1.29251,1.2926,147480000,1
1499939400000,1499939459000,1.2926,1.2926,1.29211,1.29213,240190000,1
1499939460000,1499939519000,1.29217,1.29233,1.29214,1.29229,209130000,1
1499939520000,1499939579000,1.29229,1.29265,1.29219,1.29261,139090000,1
1499939580000,1499939639000,1.29261,1.29313,1.29261,1.29308,377480000,1
1499939640000,1499939699000,1.29308,1.2931,1.29282,1.29288,251250000,1
1499939700000,1499939759000,1.29287,1.293,1.29283,1.29294,187470000,1
1499939760000,1499939819000,1.29294,1.29301,1.29279,1.29285,101660000,1
1499939820000,1499939879000,1.29283,1.2931,1.29277,1.29304,122820000,1
1499939880000,1499939939000,1.29305,1.29307,1.2927,1.29271,115490000,1
1499939940000,1499939999000,1.29272,1.29276,1.29221,1.29238,121450000,1
1499940000000,1499940059000,1.2924,1.29242,1.2921,1.29214,135640000,1
1499940060000,1499940119000,1.29212,1.29223,1.29193,1.29222,161180000,1
1499940120000,1499940179000,1.29223,1.29231,1.2921,1.29223,87320000,1
1499940180000,1499940239000,1.29223,1.29226,1.29187,1.29188,159500000,1
1499940240000,1499940299000,1.29189,1.29203,1.2917,1.2918,176630000,1
1499940300000,1499940359000,1.2918,1.29196,1.2917,1.29183,126900000,1
1499940360000,1499940419000,1.29182,1.29213,1.29181,1.29213,99720000,1
1499940420000,1499940479000,1.29214,1.29218,1.29202,1.29207,138460000,1
1499940480000,1499940539000,1.29206,1.29228,1.29206,1.29227,150420000,1
1499940540000,1499940599000,1.29228,1.29228,1.29196,1.29205,117340000,1
1499940600000,1499940659000,1.29205,1.29205,1.29183,1.29184,94070000,1
1499940660000,1499940719000,1.29184,1.29187,1.29165,1.29178,119390000,1
1499940720000,1499940779000,1.29181,1.29199,1.29181,1.29194,44500000,1
1499940780000,1499940839000,1.29194,1.29201,1.29188,1.29191,60470000,1
1499940840000,1499940899000,1.29191,1.29203,1.29191,1.29195,117420000,1
1499940900000,1499940959000,1.29195,1.29203,1.29188,1.2919,98240000,1
1499940960000,1499941019000,1.29187,1.29206,1.29187,1.29202,89340000,1
1499941020000,1499941079000,1.29202,1.29204,1.29197,1.29203,57790000,1
1499941080000,1499941139000,1.29202,1.29227,1.29202,1.29218,79850000,1
1499941140000,1499941199000,1.29217,1.29226,1.29212,1.29221,120570000,1
1499941200000,1499941259000,1.2922,1.29223,1.29201,1.29206,94390000,1
1499941260000,1499941319000,1.29204,1.29233,1.29202,1.29232,119180000,1
1499941320000,1499941379000,1.29233,1.29258,1.29227,1.29258,95740000,1
1499941380000,1499941439000,1.29257,1.29257,1.29242,1.29243,96360000,1
1499941440000,1499941499000,1.29243,1.29245,1.29236,1.29237,53450000,1
1499941500000,1499941559000,1.29235,1.29235,1.2922,1.29222,93960000,1
1499941560000,1499941619000,1.29222,1.2923,1.2922,1.29228,113770000,1
1499941620000,1499941679000,1.29227,1.29227,1.29216,1.29218,78980000,1
1499941680000,1499941739000,1.29217,1.29217,1.2918,1.29181,110760000,1
1499941740000,1499941799000,1.29181,1.29182,1.29163,1.29163,106200000,1
1499941800000,1499941859000,1.29163,1.29187,1.29163,1.2917,164910000,1
1499941860000,1499941919000,1.29171,1.29172,1.29158,1.29163,80910000,1
1499941920000,1499941979000,1.29164,1.29185,1.29164,1.29182,68080000,1
1499941980000,1499942039000,1.29182,1.29194,1.29176,1.29183,84700000,1
1499942040000,1499942099000,1.29183,1.292,1.29179,1.29184,68540000,1
1499942100000,1499942159000,1.29184,1.29185,1.29171,1.29173,92480000,1
1499942160000,1499942219000,1.29174,1.29198,1.29172,1.29184,116430000,1
1499942220000,1499942279000,1.29185,1.29212,1.29183,1.2921,123400000,1
1499942280000,1499942339000,1.29212,1.29221,1.29181,1.29183,186270000,1
1499942340000,1499942399000,1.29183,1.29195,1.29179,1.29195,104140000,1
1499942400000,1499942459000,1.29194,1.29194,1.29165,1.29181,135630000,1
1499942460000,1499942519000,1.29181,1.29182,1.29167,1.29173,138980000,1
1499942520000,1499942579000,1.29173,1.29174,1.29162,1.29162,101860000,1
1499942580000,1499942639000,1.29162,1.29182,1.29159,1.29173,132290000,1
1499942640000,1499942699000,1.29173,1.29197,1.29171,1.29182,315040000,1
1499942700000,1499942759000,1.29182,1.2921,1.29182,1.29197,243820000,1
1499942760000,1499942819000,1.29198,1.29215,1.29162,1.29173,208630000,1
1499942820000,1499942879000,1.29173,1.29213,1.29173,1.29194,164600000,1
1499942880000,1499942939000,1.29194,1.29213,1.29194,1.29208,137710000,1
1499942940000,1499942999000,1.29206,1.29206,1.29194,1.29203,128840000,1
1499943000000,1499943059000,1.29204,1.29204,1.29184,1.29192,174350000,1
1499943060000,1499943119000,1.29193,1.29205,1.2918,1.29204,126150000,1
1499943120000,1499943179000,1.29204,1.29228,1.29197,1.29227,84630000,1
1499943180000,1499943239000,1.29229,1.29238,1.29227,1.29234,89100000,1
1499943240000,1499943299000,1.29235,1.29243,1.29232,1.29243,82340000,1
1499943300000,1499943359000,1.29242,1.29255,1.29234,1.29255,81490000,1
1499943360000,1499943419000,1.29256,1.29259,1.29251,1.29254,38420000,1
1499943420000,1499943479000,1.29253,1.29259,1.29241,1.29241,99510000,1
1499943480000,1499943539000,1.29241,1.29248,1.29232,1.29232,75280000,1
1499943540000,1499943599000,1.29232,1.29234,1.29225,1.29234,103350000,1
1499943600000,1499943659000,1.29232,1.29237,1.29229,1.29231,84590000,1
1499943660000,1499943719000,1.29231,1.29231,1.29211,1.29211,96670000,1
1499943720000,1499943779000,1.29212,1.29212,1.2919,1.29193,65100000,1
1499943780000,1499943839000,1.29193,1.29232,1.29193,1.29213,137180000,1
1499943840000,1499943899000,1.29212,1.29214,1.29192,1.292,103420000,1
1499943900000,1499943959000,1.292,1.29226,1.29199,1.29213,101650000,1
1499943960000,1499944019000,1.29213,1.29215,1.29193,1.29193,94690000,1
1499944020000,1499944079000,1.29193,1.29193,1.29179,1.29189,91120000,1
1499944080000,1499944139000,1.2919,1.2919,1.29168,1.29172,95820000,1
1499944140000,1499944199000,1.29171,1.29176,1.29146,1.29175,151750000,1
1499944200000,1499944259000,1.29175,1.29183,1.29159,1.29166,213990000,1
1499944260000,1499944319000,1.29165,1.29197,1.29165,1.29187,158070000,1
1499944320000,1499944379000,1.29188,1.29259,1.2916,1.29169,435720000,1
1499944380000,1499944439000,1.29167,1.29259,1.29163,1.29249,427080000,1
1499944440000,1499944499000,1.29247,1.29298,1.29217,1.29296,265890000,1
1499944500000,1499944559000,1.29295,1.29327,1.29262,1.29303,430520000,1
1499944560000,1499944619000,1.29302,1.2931,1.29246,1.29246,319300000,1
1499944620000,1499944679000,1.29245,1.29251,1.29203,1.29203,196610000,1
1499944680000,1499944739000,1.29203,1.29212,1.292,1.29201,131380000,1
1499944740000,1499944799000,1.29201,1.29204,1.2917,1.292,172770000,1
1499944800000,1499944859000,1.29195,1.29204,1.29181,1.29191,195240000,1
1499944860000,1499944919000,1.29191,1.29219,1.29191,1.29212,147800000,1
1499944920000,1499944979000,1.29214,1.29253,1.29213,1.29242,157520000,1
1499944980000,1499945039000,1.2924,1.29262,1.29232,1.29243,213990000,1
1499945040000,1499945099000,1.29243,1.29246,1.2922,1.29238,153180000,1
1499945100000,1499945159000,1.29238,1.29253,1.29205,1.29247,132530000,1
1499945160000,1499945219000,1.29247,1.29252,1.29241,1.29251,86400000,1
1499945220000,1499945279000,1.29251,1.29261,1.29246,1.29247,129750000,1
1499945280000,1499945339000,1.29247,1.29248,1.29187,1.29193,232580000,1
1499945340000,1499945399000,1.29195,1.29202,1.2919,1.29202,91140000,1
1499945400000,1499945459000,1.292,1.2922,1.292,1.29217,104630000,1
1499945460000,1499945519000,1.29216,1.29222,1.29205,1.29221,176520000,1
1499945520000,1499945579000,1.29221,1.29241,1.29214,1.29238,95210000,1
1499945580000,1499945639000,1.29236,1.29296,1.2923,1.29277,159760000,1
1499945640000,1499945699000,1.29278,1.29333,1.29273,1.29333,158700000,1
1499945700000,1499945759000,1.29332,1.29335,1.29312,1.29331,248000000,1
1499945760000,1499945819000,1.29331,1.29348,1.29317,1.29345,122080000,1
1499945820000,1499945879000,1.29342,1.29369,1.29342,1.29367,183130000,1
1499945880000,1499945939000,1.29367,1.29376,1.29355,1.29375,145670000,1
1499945940000,1499945999000,1.29375,1.2938,1.29342,1.29378,140340000,1
1499946000000,1499946059000,1.29378,1.29378,1.2936,1.29364,123480000,1
1499946060000,1499946119000,1.29365,1.29371,1.29347,1.29348,95990000,1
1499946120000,1499946179000,1.29348,1.29368,1.29348,1.29358,73190000,1
1499946180000,1499946239000,1.29358,1.29365,1.29335,1.29364,68610000,1
1499946240000,1499946299000,1.29362,1.29364,1.29339,1.29343,104660000,1
1499946300000,1499946359000,1.29343,1.29353,1.29319,1.2933,116260000,1
1499946360000,1499946419000,1.29331,1.29352,1.29319,1.29352,90420000,1
1499946420000,1499946479000,1.29352,1.29374,1.29343,1.29346,69620000,1
1499946480000,1499946539000,1.29344,1.29355,1.2934,1.2935,120330000,1
1499946540000,1499946599000,1.2935,1.2935,1.29325,1.29344,105080000,1
1499946600000,1499946659000,1.29344,1.29345,1.29325,1.29331,82120000,1
1499946660000,1499946719000,1.29332,1.29343,1.2933,1.29336,97400000,1
1499946720000,1499946779000,1.29338,1.29352,1.29325,1.29328,112850000,1
1499946780000,1499946839000,1.2933,1.29349,1.29326,1.29348,94120000,1
1499946840000,1499946899000,1.29347,1.29361,1.2933,1.29343,99160000,1
1499946900000,1499946959000,1.29343,1.29361,1.29343,1.29347,75600000,1
1499946960000,1499947019000,1.2935,1.29374,1.29345,1.29361,108600000,1
1499947020000,1499947079000,1.29361,1.29371,1.29352,1.29371,101590000,1
1499947080000,1499947139000,1.29371,1.29371,1.29357,1.29365,90780000,1
1499947140000,1499947199000,1.29365,1.2938,1.29363,1.2938,83510000,1
1499947200000,1499947259000,1.2938,1.29398,1.29371,1.29398,122440000,1
1499947260000,1499947319000,1.29398,1.29415,1.29394,1.29407,88390000,1
1499947320000,1499947379000,1.29405,1.29413,1.29388,1.29391,138390000,1
1499947380000,1499947439000,1.29391,1.29395,1.29385,1.2939,113600000,1
1499947440000,1499947499000,1.29391,1.29416,1.29391,1.29408,104550000,1
1499947500000,1499947559000,1.29408,1.29425,1.29402,1.29424,126820000,1
1499947560000,1499947619000,1.29424,1.29433,1.29408,1.29415,125440000,1
1499947620000,1499947679000,1.29416,1.29427,1.29405,1.29416,148600000,1
1499947680000,1499947739000,1.29419,1.29453,1.29419,1.29448,140700000,1
1499947740000,1499947799000,1.29447,1.29469,1.29438,1.29446,116800000,1
1499947800000,1499947859000,1.29444,1.29456,1.2944,1.29456,95640000,1
1499947860000,1499947919000,1.29456,1.29471,1.29453,1.29462,80410000,1
1499947920000,1499947979000,1.29463,1.29485,1.29457,1.29457,128740000,1
1499947980000,1499948039000,1.29458,1.29463,1.29455,1.29455,99890000,1
1499948040000,1499948099000,1.29455,1.2946,1.29415,1.2942,151530000,1
1499948100000,1499948159000,1.29421,1.29435,1.29411,1.29432,106790000,1
1499948160000,1499948219000,1.29431,1.29431,1.29414,1.2942,155400000,1
1499948220000,1499948279000,1.29419,1.29421,1.2941,1.2941,115800000,1
1499948280000,1499948339000,1.2941,1.29413,1.29394,1.29399,99920000,1
1499948340000,1499948399000,1.29398,1.29398,1.29364,1.29368,159710000,1
1499948400000,1499948459000,1.29369,1.29369,1.29341,1.29352,167830000,1
1499948460000,1499948519000,1.29352,1.29365,1.29351,1.29361,103890000,1
1499948520000,1499948579000,1.29361,1.29367,1.29356,1.29356,90730000,1
1499948580000,1499948639000,1.29356,1.29367,1.29331,1.29361,132740000,1
1499948640000,1499948699000,1.29361,1.29388,1.29355,1.29385,106140000,1
1499948700000,1499948759000,1.29386,1.29396,1.29378,1.29386,98390000,1
1499948760000,1499948819000,1.29388,1.29391,1.29382,1.29385,79990000,1
1499948820000,1499948879000,1.29385,1.29433,1.29384,1.29429,165510000,1
1499948880000,1499948939000,1.29426,1.29433,1.29401,1.29413,129750000,1
1499948940000,1499948999000,1.29412,1.29425,1.29382,1.29385,145340000,1
1499949000000,1499949059000,1.29389,1.2943,1.29378,1.29411,227780000,1
1499949060000,1499949119000,1.2941,1.2944,1.29395,1.29395,259630000,1
1499949120000,1499949179000,1.29395,1.29422,1.29382,1.29421,239610000,1
1499949180000,1499949239000,1.29421,1.29442,1.29412,1.29425,187500000,1
1499949240000,1499949299000,1.29425,1.29442,1.2936,1.29374,215480000,1
1499949300000,1499949359000,1.29374,1.29382,1.2935,1.2935,121680000,1
1499949360000,1499949419000,1.29349,1.29352,1.29329,1.29347,178630000,1
1499949420000,1499949479000,1.29347,1.29375,1.29347,1.29372,139700000,1
1499949480000,1499949539000,1.29374,1.29387,1.29368,1.29372,177510000,1
1499949540000,1499949599000,1.29372,1.29392,1.29372,1.29387,99530000,1
1499949600000,1499949659000,1.29389,1.29454,1.29389,1.2944,237050000,1
1499949660000,1499949719000,1.29442,1.29445,1.29421,1.29426,125750000,1
1499949720000,1499949779000,1.29426,1.29466,1.29426,1.29458,158750000,1
1499949780000,1499949839000,1.29458,1.29499,1.29453,1.29488,170980000,1
1499949840000,1499949899000,1.29487,1.29496,1.29455,1.29472,159160000,1
1499949900000,1499949959000,1.29472,1.29498,1.29472,1.29497,157440000,1
1499949960000,1499950019000,1.29496,1.29498,1.29483,1.29484,115610000,1
1499950020000,1499950079000,1.29485,1.29508,1.29485,1.29496,144710000,1
1499950080000,1499950139000,1.29493,1.29549,1.29492,1.2952,169250000,1
1499950140000,1499950199000,1.29518,1.2952,1.29481,1.29483,222040000,1
1499950200000,1499950259000,1.29481,1.29482,1.29452,1.29453,147650000,1
1499950260000,1499950319000,1.29452,1.29452,1.29428,1.29442,89560000,1
1499950320000,1499950379000,1.29443,1.29454,1.29442,1.29454,62970000,1
1499950380000,1499950439000,1.29452,1.29452,1.29422,1.29422,87650000,1
1499950440000,1499950499000,1.29421,1.2946,1.29421,1.29457,102200000,1
1499950500000,1499950559000,1.29457,1.2946,1.29431,1.29443,76590000,1
1499950560000,1499950619000,1.29443,1.29444,1.29441,1.29442,27000000,1
1499950620000,1499950679000,1.29444,1.29447,1.2943,1.2943,91990000,1
1499950680000,1499950739000,1.29438,1.29441,1.2943,1.2943,136780000,1
1499950740000,1499950799000,1.2943,1.29437,1.29423,1.29423,116960000,1
1499950800000,1499950859000,1.29422,1.29443,1.29419,1.2942,140060000,1
1499950860000,1499950919000,1.2942,1.29442,1.2942,1.29441,89600000,1
1499950920000,1499950979000,1.29441,1.2946,1.2944,1.29443,125900000,1
1499950980000,1499951039000,1.29443,1.29447,1.29439,1.29441,80050000,1
1499951040000,1499951099000,1.29441,1.29441,1.29439,1.2944,101730000,1
1499951100000,1499951159000,1.2944,1.29448,1.29439,1.29447,69690000,1
1499951160000,1499951219000,1.29446,1.29451,1.29441,1.29441,70400000,1
1499951220000,1499951279000,1.29441,1.29445,1.29427,1.2943,109180000,1
1499951280000,1499951339000,1.29426,1.29426,1.29408,1.29425,98190000,1
1499951340000,1499951399000,1.29423,1.29426,1.2941,1.29411,73160000,1
1499951400000,1499951459000,1.29415,1.2942,1.29387,1.29387,118460000,1
1499951460000,1499951519000,1.29387,1.2939,1.29379,1.29381,99540000,1
1499951520000,1499951579000,1.29381,1.29401,1.2938,1.294,73630000,1
1499951580000,1499951639000,1.294,1.294,1.29398,1.29399,18840000,1
1499951640000,1499951699000,1.29401,1.29402,1.29381,1.29389,79440000,1
1499951700000,1499951759000,1.29389,1.29399,1.29387,1.29398,61250000,1
1499951760000,1499951819000,1.294,1.29423,1.29399,1.2942,97460000,1
1499951820000,1499951879000,1.2942,1.29423,1.29378,1.29378,141570000,1
1499951880000,1499951939000,1.29379,1.29397,1.29379,1.29395,102730000,1
1499951940000,1499951999000,1.29395,1.29428,1.29393,1.29424,88240000,1
1499952000000,1499952059000,1.29424,1.29433,1.2942,1.29421,105990000,1
1499952060000,1499952119000,1.29419,1.29423,1.29413,1.29413,137940000,1
1499952120000,1499952179000,1.29413,1.29426,1.29413,1.29424,168350000,1
1499952180000,1499952239000,1.29424,1.29426,1.29411,1.29412,113390000,1
1499952240000,1499952299000,1.29412,1.29412,1.29409,1.2941,247060000,1
1499952300000,1499952359000,1.2941,1.29411,1.29379,1.29379,292350000,1
1499952360000,1499952419000,1.29379,1.29389,1.29318,1.29332,176870000,1
1499952420000,1499952479000,1.29334,1.29366,1.29334,1.29345,90950000,1
1499952480000,1499952539000,1.29343,1.29348,1.2932,1.29331,76260000,1
1499952540000,1499952599000,1.2933,1.29416,1.2933,1.29416,133720000,1
1499952600000,1499952659000,1.29415,1.29487,1.29404,1.29412,206490000,1
1499952660000,1499952719000,1.29411,1.2943,1.29398,1.29415,129940000,1
1499952720000,1499952779000,1.29415,1.29424,1.29393,1.294,135290000,1
1499952780000,1499952839000,1.29403,1.29405,1.294,1.29402,65780000,1
1499952840000,1499952899000,1.29402,1.29402,1.2939,1.2939,26730000,1
1499952900000,1499952959000,1.2939,1.2941,1.29389,1.294,71760000,1
1499952960000,1499953019000,1.294,1.29402,1.2939,1.294,51280000,1
1499953020000,1499953079000,1.29401,1.29418,1.29393,1.29411,68870000,1
1499953080000,1499953139000,1.29411,1.29431,1.294,1.29418,159180000,1
1499953140000,1499953199000,1.2942,1.29483,1.2942,1.29429,160740000,1
1499953200000,1499953259000,1.29429,1.29429,1.29342,1.29371,177900000,1
1499953260000,1499953319000,1.29371,1.29378,1.29352,1.29354,183260000,1
1499953320000,1499953379000,1.29353,1.29373,1.29349,1.29355,124870000,1
1499953380000,1499953439000,1.29357,1.29384,1.29355,1.2937,184990000,1
1499953440000,1499953499000,1.29369,1.29391,1.29358,1.29379,175540000,1
1499953500000,1499953559000,1.2938,1.29389,1.29368,1.29369,141290000,1
1499953560000,1499953619000,1.29369,1.29388,1.29369,1.29385,144590000,1
1499953620000,1499953679000,1.29385,1.29419,1.29371,1.29371,184140000,1
1499953680000,1499953739000,1.29372,1.29374,1.29337,1.29338,190760000,1
1499953740000,1499953799000,1.29338,1.29351,1.29338,1.29341,166620000,1
1499953800000,1499953859000,1.29338,1.29349,1.2933,1.29331,141230000,1
1499953860000,1499953919000,1.29333,1.29339,1.29311,1.29311,75150000,1
1499953920000,1499953979000,1.29311,1.29337,1.29298,1.2932,167690000,1
1499953980000,1499954039000,1.29319,1.29329,1.29294,1.29295,138610000,1
1499954040000,1499954099000,1.2929,1.29295,1.29248,1.2927,183840000,1
1499954100000,1499954159000,1.29269,1.29282,1.29259,1.29271,155130000,1
1499954160000,1499954219000,1.2927,1.29311,1.29267,1.29274,115370000,1
1499954220000,1499954279000,1.29272,1.29285,1.29266,1.2928,103260000,1
1499954280000,1499954339000,1.29281,1.29284,1.29273,1.29281,142200000,1
1499954340000,1499954399000,1.29283,1.29283,1.29229,1.29238,108070000,1
1499954400000,1499954459000,1.2924,1.29287,1.29233,1.29285,189740000,1
1499954460000,1499954519000,1.29284,1.29353,1.29283,1.29332,136730000,1
1499954520000,1499954579000,1.29331,1.29357,1.2933,1.29341,154650000,1
1499954580000,1499954639000,1.29344,1.29353,1.29331,1.29336,125940000,1
1499954640000,1499954699000,1.29336,1.29344,1.29307,1.29314,154130000,1
1499954700000,1499954759000,1.29316,1.2932,1.29299,1.29311,169980000,1
1499954760000,1499954819000,1.2931,1.2932,1.2931,1.29312,123730000,1
1499954820000,1499954879000,1.29312,1.29314,1.29289,1.29291,116980000,1
1499954880000,1499954939000,1.29291,1.29314,1.29291,1.29299,132220000,1
1499954940000,1499954999000,1.29299,1.29301,1.29289,1.293,105910000,1
1499955000000,1499955059000,1.293,1.29333,1.29297,1.29332,85100000,1
1499955060000,1499955119000,1.29334,1.29337,1.29291,1.2931,175500000,1
1499955120000,1499955179000,1.2931,1.29326,1.29299,1.29314,140300000,1
1499955180000,1499955239000,1.29314,1.29324,1.29271,1.29282,163520000,1
1499955240000,1499955299000,1.29282,1.29282,1.2926,1.29282,88490000,1
1499955300000,1499955359000,1.29283,1.29317,1.29272,1.293,157860000,1
1499955360000,1499955419000,1.29298,1.29298,1.29251,1.29251,193260000,1
1499955420000,1499955479000,1.29249,1.29253,1.29212,1.29223,106760000,1
1499955480000,1499955539000,1.29222,1.29247,1.29203,1.29203,145880000,1
1499955540000,1499955599000,1.29197,1.29237,1.29192,1.29233,395600000,1
1499955600000,1499955659000,1.29234,1.29256,1.29227,1.29253,125100000,1
1499955660000,1499955719000,1.29254,1.29264,1.29213,1.29223,122580000,1
1499955720000,1499955779000,1.29225,1.29225,1.29173,1.29201,225890000,1
1499955780000,1499955839000,1.29201,1.29218,1.29183,1.29216,126950000,1
1499955840000,1499955899000,1.29214,1.29235,1.29213,1.29218,85630000,1
1499955900000,1499955959000,1.29218,1.2925,1.29211,1.2925,117400000,1
1499955960000,1499956019000,1.29249,1.29251,1.29225,1.29225,120390000,1
1499956020000,1499956079000,1.29223,1.29253,1.29223,1.29253,89740000,1
1499956080000,1499956139000,1.29253,1.29264,1.29251,1.29257,77200000,1
1499956140000,1499956199000,1.29255,1.29288,1.29252,1.29287,84600000,1
1499956200000,1499956259000,1.29287,1.29297,1.29262,1.29274,98460000,1
1499956260000,1499956319000,1.29274,1.29292,1.29273,1.29292,72210000,1
1499956320000,1499956379000,1.29292,1.29293,1.29279,1.29286,105120000,1
1499956380000,1499956439000,1.29287,1.29288,1.29279,1.2928,81920000,1
1499956440000,1499956499000,1.2928,1.29284,1.29272,1.29277,60670000,1
1499956500000,1499956559000,1.29278,1.29278,1.29264,1.29272,55160000,1
1499956560000,1499956619000,1.29271,1.29283,1.2927,1.29273,51310000,1
1499956620000,1499956679000,1.29272,1.29304,1.29272,1.29293,63740000,1
1499956680000,1499956739000,1.29293,1.29294,1.29232,1.2924,156950000,1
1499956740000,1499956799000,1.2924,1.29242,1.29222,1.29241,106390000,1
1499956800000,1499956859000,1.29241,1.29267,1.29241,1.29254,104260000,1
1499956860000,1499956919000,1.29254,1.29272,1.29243,1.29272,92690000,1
1499956920000,1499956979000,1.29272,1.29272,1.2926,1.29262,74550000,1
1499956980000,1499957039000,1.29262,1.29274,1.2926,1.2927,62280000,1
1499957040000,1499957099000,1.29269,1.29314,1.29262,1.2931,158320000,1
1499957100000,1499957159000,1.29311,1.29323,1.29261,1.29272,121590000,1
1499957160000,1499957219000,1.2927,1.29286,1.29267,1.29274,123930000,1
1499957220000,1499957279000,1.29274,1.29277,1.29257,1.29274,80550000,1
1499957280000,1499957339000,1.29273,1.29294,1.29263,1.29284,77540000,1
1499957340000,1499957399000,1.29283,1.29292,1.29273,1.29274,99190000,1
1499957400000,1499957459000,1.29273,1.29296,1.29267,1.29293,134450000,1
1499957460000,1499957519000,1.29293,1.29314,1.29291,1.29314,95600000,1
1499957520000,1499957579000,1.29312,1.29324,1.293,1.29322,91420000,1
1499957580000,1499957639000,1.29322,1.29322,1.29291,1.29291,118400000,1
1499957640000,1499957699000,1.29293,1.29294,1.29284,1.29293,59730000,1
1499957700000,1499957759000,1.29293,1.29299,1.2929,1.29293,58490000,1
1499957760000,1499957819000,1.29293,1.29294,1.2928,1.29289,48870000,1
1499957820000,1499957879000,1.29289,1.2931,1.29276,1.29279,167930000,1
1499957880000,1499957939000,1.2928,1.29314,1.2928,1.29311,227490000,1
1499957940000,1499957999000,1.29314,1.29347,1.293,1.29323,283820000,1
1499958000000,1499958059000,1.29324,1.29353,1.29305,1.29348,248070000,1
1499958060000,1499958119000,1.2935,1.29368,1.29338,1.29357,288180000,1
1499958120000,1499958179000,1.29358,1.29368,1.293,1.29316,230970000,1
1499958180000,1499958239000,1.29313,1.29313,1.293,1.293,167400000,1
1499958240000,1499958299000,1.293,1.29331,1.29299,1.2932,73850000,1
1499958300000,1499958359000,1.2932,1.29323,1.29313,1.29321,42830000,1
1499958360000,1499958419000,1.29321,1.29334,1.29317,1.29329,100810000,1
1499958420000,1499958479000,1.29328,1.29332,1.29319,1.29319,46620000,1
1499958480000,1499958539000,1.2932,1.29333,1.2932,1.29333,68090000,1
1499958540000,1499958599000,1.29333,1.29334,1.29328,1.29332,69490000,1
1499958600000,1499958659000,1.29333,1.29351,1.2933,1.29351,92590000,1
1499958660000,1499958719000,1.29351,1.29352,1.29339,1.29343,72250000,1
1499958720000,1499958779000,1.29349,1.29349,1.29319,1.29319,110490000,1
1499958780000,1499958839000,1.29319,1.29319,1.29301,1.29301,97190000,1
1499958840000,1499958899000,1.29301,1.29311,1.29298,1.293,126430000,1
1499958900000,1499958959000,1.293,1.29309,1.29299,1.29302,118940000,1
1499958960000,1499959019000,1.29304,1.29308,1.2927,1.29278,128680000,1
1499959020000,1499959079000,1.29277,1.29282,1.2927,1.29279,133910000,1
1499959080000,1499959139000,1.29279,1.29284,1.29277,1.29281,112230000,1
1499959140000,1499959199000,1.29281,1.29323,1.2928,1.29321,143330000,1
1499959200000,1499959259000,1.29322,1.29323,1.293,1.29301,106330000,1
1499959260000,1499959319000,1.293,1.29311,1.29299,1.29311,98380000,1
1499959320000,1499959379000,1.29312,1.29333,1.29307,1.29333,133080000,1
1499959380000,1499959439000,1.29337,1.29342,1.29317,1.29319,86770000,1
1499959440000,1499959499000,1.29319,1.29321,1.29288,1.29292,140560000,1
1499959500000,1499959559000,1.29291,1.29306,1.2928,1.29303,90440000,1
1499959560000,1499959619000,1.29304,1.29304,1.29269,1.2927,153070000,1
1499959620000,1499959679000,1.29272,1.29272,1.29238,1.29262,147710000,1
1499959680000,1499959739000,1.2926,1.29302,1.29258,1.29302,260020000,1
1499959740000,1499959799000,1.29301,1.29311,1.29283,1.29302,227130000,1
1499959800000,1499959859000,1.293,1.29303,1.29273,1.29292,116420000,1
1499959860000,1499959919000,1.29292,1.29294,1.29269,1.29269,114750000,1
1499959920000,1499959979000,1.29269,1.29282,1.29269,1.29272,132750000,1
1499959980000,1499960039000,1.29273,1.29275,1.29261,1.29272,102520000,1
1499960040000,1499960099000,1.29273,1.29278,1.29272,1.29273,137830000,1
1499960100000,1499960159000,1.29273,1.29274,1.29263,1.29274,107690000,1
1499960160000,1499960219000,1.29274,1.29276,1.29268,1.29272,90430000,1
1499960220000,1499960279000,1.29272,1.29293,1.29272,1.29293,81230000,1
1499960280000,1499960339000,1.29292,1.29293,1.29284,1.29286,65020000,1
1499960340000,1499960399000,1.29287,1.29293,1.29265,1.2927,113160000,1
1499960400000,1499960459000,1.2927,1.29283,1.2927,1.2927,79060000,1
1499960460000,1499960519000,1.2927,1.2927,1.29259,1.29261,103520000,1
1499960520000,1499960579000,1.29261,1.29266,1.29248,1.29248,120160000,1
1499960580000,1499960639000,1.29248,1.29257,1.29241,1.2925,65280000,1
1499960640000,1499960699000,1.2925,1.2925,1.29218,1.29218,82450000,1
1499960700000,1499960759000,1.29218,1.29218,1.29209,1.2921,59310000,1
1499960760000,1499960819000,1.2921,1.29213,1.2921,1.29212,19120000,1
1499960820000,1499960879000,1.2921,1.29223,1.2921,1.29216,49780000,1
1499960880000,1499960939000,1.29211,1.29225,1.29206,1.29219,127600000,1
1499960940000,1499960999000,1.29219,1.29219,1.29159,1.29159,186380000,1
1499961000000,1499961059000,1.29159,1.29164,1.2912,1.2915,182810000,1
1499961060000,1499961119000,1.29151,1.29151,1.29137,1.29141,166220000,1
1499961120000,1499961179000,1.29141,1.29149,1.29139,1.29148,138660000,1
1499961180000,1499961239000,1.29146,1.29154,1.29144,1.29151,187830000,1
1499961240000,1499961299000,1.29151,1.29161,1.29148,1.29161,91890000,1
1499961300000,1499961359000,1.29162,1.29213,1.29161,1.29201,149560000,1
1499961360000,1499961419000,1.29201,1.29202,1.29191,1.29193,71820000,1
1499961420000,1499961479000,1.29193,1.29205,1.29191,1.29203,80920000,1
1499961480000,1499961539000,1.29203,1.29206,1.29192,1.29194,103670000,1
1499961540000,1499961599000,1.29194,1.29195,1.29192,1.29193,41540000,1
1499961600000,1499961659000,1.29192,1.292,1.29191,1.29194,126410000,1
1499961660000,1499961719000,1.29193,1.29194,1.29149,1.29149,148130000,1
1499961720000,1499961779000,1.29149,1.29183,1.29149,1.29183,67610000,1
1499961780000,1499961839000,1.29184,1.29188,1.29161,1.29162,90810000,1
1499961840000,1499961899000,1.29162,1.29175,1.29159,1.29172,110360000,1
1499961900000,1499961959000,1.29172,1.2921,1.29172,1.29209,70640000,1
1499961960000,1499962019000,1.29209,1.29209,1.29202,1.29207,46160000,1
1499962020000,1499962079000,1.29208,1.29217,1.29203,1.29203,80090000,1
1499962080000,1499962139000,1.29203,1.29215,1.29202,1.29215,77680000,1
1499962140000,1499962199000,1.29214,1.29217,1.29212,1.29212,560140000,1
1499962200000,1499962259000,1.29212,1.29214,1.29211,1.29213,110730000,1
1499962260000,1499962319000,1.29212,1.29218,1.2921,1.29214,190570000,1
1499962320000,1499962379000,1.29214,1.29224,1.29211,1.29211,67980000,1
1499962380000,1499962439000,1.29212,1.29212,1.29207,1.29211,93480000,1
1499962440000,1499962499000,1.29212,1.29228,1.29212,1.29222,101710000,1
1499962500000,1499962559000,1.29225,1.29236,1.29224,1.29236,43750000,1
1499962560000,1499962619000,1.29234,1.2926,1.29232,1.29244,114890000,1
1499962620000,1499962679000,1.29244,1.29246,1.29223,1.29229,84210000,1
1499962680000,1499962739000,1.2923,1.29255,1.29227,1.29254,93800000,1
1499962740000,1499962799000,1.29252,1.29269,1.29247,1.29257,112830000,1
1499962800000,1499962859000,1.29258,1.29277,1.29257,1.29272,47850000,1
1499962860000,1499962919000,1.29272,1.29272,1.29257,1.29269,59520000,1
1499962920000,1499962979000,1.29269,1.29273,1.29269,1.29272,69080000,1
1499962980000,1499963039000,1.29272,1.29284,1.29269,1.29273,79550000,1
1499963040000,1499963099000,1.29273,1.29279,1.29272,1.29274,47440000,1
1499963100000,1499963159000,1.29274,1.29285,1.29265,1.29273,90630000,1
1499963160000,1499963219000,1.29273,1.29273,1.29253,1.29266,79770000,1
1499963220000,1499963279000,1.29267,1.29267,1.29233,1.29236,63350000,1
1499963280000,1499963339000,1.29234,1.29245,1.29231,1.29242,70380000,1
1499963340000,1499963399000,1.29242,1.29256,1.2922,1.29228,159670000,1
1499963400000,1499963459000,1.29227,1.2924,1.29223,1.29232,43020000,1
1499963460000,1499963519000,1.29233,1.29263,1.29233,1.29252,82630000,1
1499963520000,1499963579000,1.29252,1.29252,1.29244,1.29244,49420000,1
1499963580000,1499963639000,1.29244,1.29245,1.29169,1.29185,78310000,1
1499963640000,1499963699000,1.29185,1.29192,1.2916,1.29165,74070000,1
1499963700000,1499963759000,1.29167,1.2919,1.29167,1.2919,73140000,1
1499963760000,1499963819000,1.29191,1.29286,1.29191,1.29276,101960000,1
1499963820000,1499963879000,1.29275,1.29285,1.29275,1.29285,58390000,1
1499963880000,1499963939000,1.29283,1.29293,1.29276,1.29282,73750000,1
1499963940000,1499963999000,1.29281,1.29281,1.29251,1.29253,99270000,1
1499964000000,1499964059000,1.29254,1.2927,1.29231,1.29245,111780000,1
1499964060000,1499964119000,1.29245,1.29247,1.29233,1.29235,61860000,1
1499964120000,1499964179000,1.29235,1.29236,1.2922,1.29226,65820000,1
1499964180000,1499964239000,1.29227,1.29228,1.29221,1.29228,51750000,1
1499964240000,1499964299000,1.29228,1.29231,1.29226,1.29229,45250000,1
1499964300000,1499964359000,1.29229,1.29233,1.29223,1.29226,65990000,1
1499964360000,1499964419000,1.29225,1.29226,1.29196,1.29205,98830000,1
1499964420000,1499964479000,1.29204,1.29228,1.292,1.29225,92370000,1
1499964480000,1499964539000,1.29225,1.29225,1.29215,1.29216,62810000,1
1499964540000,1499964599000,1.29216,1.29216,1.29207,1.29213,60790000,1
1499964600000,1499964659000,1.29213,1.29213,1.29206,1.29212,42100000,1
1499964660000,1499964719000,1.29212,1.29244,1.29212,1.29221,86550000,1
1499964720000,1499964779000,1.29221,1.29221,1.29193,1.29203,117460000,1
1499964780000,1499964839000,1.29203,1.29206,1.29191,1.29192,82900000,1
1499964840000,1499964899000,1.29192,1.29202,1.29189,1.29191,146510000,1
1499964900000,1499964959000,1.29191,1.29214,1.29191,1.2921,63640000,1
1499964960000,1499965019000,1.29205,1.29213,1.29191,1.29203,96140000,1
1499965020000,1499965079000,1.29202,1.29227,1.29201,1.29224,60850000,1
1499965080000,1499965139000,1.29224,1.29235,1.29221,1.29235,73130000,1
1499965140000,1499965199000,1.29232,1.29234,1.29221,1.29234,55020000,1
1499965200000,1499965259000,1.29234,1.29235,1.29233,1.29233,23000000,1
1499965260000,1499965319000,1.29233,1.29233,1.29201,1.29204,87740000,1
1499965320000,1499965379000,1.29204,1.29204,1.29191,1.29192,128550000,1
1499965380000,1499965439000,1.29191,1.29222,1.29191,1.29208,133650000,1
1499965440000,1499965499000,1.29208,1.29224,1.29207,1.29222,122930000,1
1499965500000,1499965559000,1.29222,1.29231,1.29222,1.29225,131990000,1
1499965560000,1499965619000,1.29225,1.29266,1.29219,1.29263,166670000,1
1499965620000,1499965679000,1.29263,1.29278,1.29255,1.29274,56210000,1
1499965680000,1499965739000,1.29276,1.29285,1.29273,1.29273,74540000,1
1499965740000,1499965799000,1.29273,1.29273,1.29273,1.29273,13620000,1
1499965800000,1499965859000,1.29273,1.29292,1.29272,1.29291,35370000,1
1499965860000,1499965919000,1.2929,1.29294,1.29282,1.29284,50910000,1
1499965920000,1499965979000,1.29284,1.29284,1.29274,1.29274,28080000,1
1499965980000,1499966039000,1.29274,1.29282,1.29274,1.29276,31360000,1
1499966040000,1499966099000,1.29276,1.29285,1.29264,1.29264,70730000,1
1499966100000,1499966159000,1.29265,1.29274,1.29265,1.29274,50610000,1
1499966160000,1499966219000,1.29272,1.29274,1.29266,1.29274,36440000,1
1499966220000,1499966279000,1.29274,1.29287,1.29267,1.29284,44610000,1
1499966280000,1499966339000,1.29283,1.29285,1.29272,1.29274,46720000,1
1499966340000,1499966399000,1.29278,1.29279,1.29267,1.29272,49600000,1
1499966400000,1499966459000,1.29272,1.29272,1.29263,1.29263,40850000,1
1499966460000,1499966519000,1.29262,1.29273,1.29262,1.29272,41980000,1
1499966520000,1499966579000,1.29271,1.29283,1.29271,1.29281,99810000,1
1499966580000,1499966639000,1.29282,1.29283,1.29277,1.29281,43500000,1
1499966640000,1499966699000,1.29282,1.29295,1.2928,1.29293,46480000,1
1499966700000,1499966759000,1.29293,1.29323,1.29292,1.29313,159520000,1
1499966760000,1499966819000,1.29312,1.29348,1.29309,1.29348,133140000,1
1499966820000,1499966879000,1.29347,1.29367,1.29342,1.29363,145980000,1
1499966880000,1499966939000,1.29363,1.29368,1.29354,1.29362,118190000,1
1499966940000,1499966999000,1.29363,1.29363,1.29347,1.29362,2057910000,1
1499967000000,1499967059000,1.29363,1.29363,1.29342,1.29352,132970000,1
1499967060000,1499967119000,1.29352,1.29353,1.29351,1.29353,52330000,1
1499967120000,1499967179000,1.29353,1.29353,1.29342,1.29342,39310000,1
1499967180000,1499967239000,1.29342,1.29353,1.29342,1.29351,67560000,1
1499967240000,1499967299000,1.29351,1.29358,1.29342,1.29342,205150000,1
1499967300000,1499967359000,1.29342,1.29366,1.29341,1.29363,167690000,1
1499967360000,1499967419000,1.29365,1.29367,1.29348,1.2935,53550000,1
1499967420000,1499967479000,1.29349,1.29361,1.29348,1.29351,105620000,1
1499967480000,1499967539000,1.29352,1.29352,1.29349,1.29349,499350000,1
1499967540000,1499967599000,1.29348,1.29351,1.29339,1.2935,72810000,1
1499967600000,1499967659000,1.29349,1.2935,1.29344,1.29344,51940000,1
1499967660000,1499967719000,1.29345,1.29351,1.29341,1.29351,45100000,1
1499967720000,1499967779000,1.29352,1.29369,1.29352,1.29363,97090000,1
1499967780000,1499967839000,1.29364,1.29369,1.2935,1.2935,95610000,1
1499967840000,1499967899000,1.29351,1.29353,1.29345,1.29353,31490000,1
1499967900000,1499967959000,1.29352,1.29354,1.2934,1.29351,59700000,1
1499967960000,1499968019000,1.29351,1.29352,1.29346,1.29346,5882280000,1
1499968020000,1499968079000,1.29345,1.29352,1.29345,1.29346,4553860000,1
1499968080000,1499968139000,1.29346,1.29347,1.29346,1.29346,49280000,1
1499968140000,1499968199000,1.29346,1.29353,1.29342,1.29352,86500000,1
1499968200000,1499968259000,1.29351,1.29352,1.29342,1.29347,44410000,1
1499968260000,1499968319000,1.29347,1.29353,1.29347,1.29351,652960000,1
1499968320000,1499968379000,1.29351,1.29359,1.2935,1.29351,348420000,1
1499968380000,1499968439000,1.29352,1.29384,1.2935,1.29382,140850000,1
1499968440000,1499968499000,1.29381,1.29404,1.29376,1.29404,56470000,1
1499968500000,1499968559000,1.29405,1.29405,1.29395,1.29395,40410000,1
1499968560000,1499968619000,1.29395,1.29395,1.29385,1.29393,35250000,1
1499968620000,1499968679000,1.29393,1.29395,1.29382,1.29382,52600000,1
1499968680000,1499968739000,1.29383,1.29384,1.29353,1.29353,96140000,1
1499968740000,1499968799000,1.29353,1.29353,1.29331,1.29331,82920000,1
1499968800000,1499968859000,1.29331,1.29331,1.29309,1.2931,51510000,1
1499968860000,1499968919000,1.2931,1.29312,1.2931,1.29311,29310000,1
1499968920000,1499968979000,1.29311,1.29364,1.29311,1.29362,97060000,1
1499968980000,1499969039000,1.29364,1.29364,1.29354,1.29362,71300000,1
1499969040000,1499969099000,1.29363,1.29363,1.29358,1.29363,54360000,1
1499969100000,1499969159000,1.29362,1.29363,1.29362,1.29362,17380000,1
1499969160000,1499969219000,1.29363,1.29364,1.29362,1.29363,74090000,1
1499969220000,1499969279000,1.29364,1.29374,1.29364,1.29372,59680000,1
1499969280000,1499969339000,1.29373,1.29373,1.29361,1.29362,80110000,1
1499969340000,1499969399000,1.29363,1.29363,1.29352,1.29353,33870000,1
1499969400000,1499969459000,1.29352,1.29353,1.29352,1.29352,13360000,1
1499969460000,1499969519000,1.29353,1.29353,1.29343,1.29343,17800000,1
1499969520000,1499969579000,1.29343,1.29351,1.29342,1.29342,44640000,1
1499969580000,1499969639000,1.29343,1.29363,1.29341,1.2936,101120000,1
1499969640000,1499969699000,1.2936,1.29363,1.29357,1.29362,38900000,1
1499969700000,1499969759000,1.29363,1.29363,1.29362,1.29363,39500000,1
1499969760000,1499969819000,1.2937,1.29373,1.29364,1.29371,35990000,1
1499969820000,1499969879000,1.29371,1.29372,1.29362,1.29368,79660000,1
1499969880000,1499969939000,1.29367,1.29372,1.29362,1.29362,58870000,1
1499969940000,1499969999000,1.29362,1.29368,1.29362,1.29363,35990000,1
1499970000000,1499970059000,1.29364,1.29373,1.29359,1.29367,35610000,1
1499970060000,1499970119000,1.29367,1.29374,1.29363,1.29368,44000000,1
1499970120000,1499970179000,1.29368,1.29368,1.29365,1.29366,23680000,1
1499970180000,1499970239000,1.29364,1.29372,1.29364,1.29367,26750000,1
1499970240000,1499970299000,1.29364,1.29366,1.29363,1.29365,8620000,1
1499970300000,1499970359000,1.29365,1.29366,1.29365,1.29365,21750000,1
1499970360000,1499970419000,1.29365,1.29366,1.29365,1.29365,38750000,1
1499970420000,1499970479000,1.29366,1.29366,1.29364,1.29364,21000000,1
1499970480000,1499970539000,1.29363,1.29364,1.29362,1.29364,15250000,1
1499970540000,1499970599000,1.29363,1.29363,1.29362,1.29362,43590000,1
1499970600000,1499970659000,1.29362,1.29385,1.29362,1.29384,54090000,1
1499970660000,1499970719000,1.29384,1.29393,1.29384,1.29389,92490000,1
1499970720000,1499970779000,1.29388,1.29393,1.29386,1.29386,38620000,1
1499970780000,1499970839000,1.29386,1.29394,1.29384,1.29387,52740000,1
1499970840000,1499970899000,1.29386,1.29397,1.29384,1.29395,80440000,1
1499970900000,1499970959000,1.29394,1.29396,1.29394,1.29394,13000000,1
1499970960000,1499971019000,1.29394,1.29395,1.29384,1.29384,62450000,1
1499971020000,1499971079000,1.29385,1.29385,1.29383,1.29385,56500000,1
1499971080000,1499971139000,1.29385,1.29394,1.29384,1.29394,43690000,1
1499971140000,1499971199000,1.29394,1.29394,1.29378,1.29382,57830000,1
1499971200000,1499971259000,1.29382,1.29383,1.29382,1.29382,31000000,1
1499971260000,1499971319000,1.29382,1.29383,1.29382,1.29382,35250000,1
1499971320000,1499971379000,1.29382,1.29385,1.29375,1.29381,63250000,1
1499971380000,1499971439000,1.2938,1.29387,1.2938,1.29386,41690000,1
1499971440000,1499971499000,1.29383,1.29423,1.29383,1.29418,60870000,1
1499971500000,1499971559000,1.29418,1.29418,1.29396,1.29402,62940000,1
1499971560000,1499971619000,1.29403,1.29412,1.29403,1.29404,48560000,1
1499971620000,1499971679000,1.29406,1.29413,1.29402,1.2941,67570000,1
1499971680000,1499971739000,1.29411,1.29416,1.2941,1.29414,62300000,1
1499971740000,1499971799000,1.29413,1.29417,1.29409,1.29409,87840000,1
1499971800000,1499971859000,1.2941,1.29419,1.29409,1.2941,47650000,1
1499971860000,1499971919000,1.29416,1.29446,1.29416,1.29446,42210000,1
1499971920000,1499971979000,1.29446,1.29456,1.29421,1.29431,74040000,1
1499971980000,1499972039000,1.29431,1.2945,1.2943,1.2945,66810000,1
1499972040000,1499972099000,1.29448,1.29448,1.29421,1.29421,64060000,1
1499972100000,1499972159000,1.29421,1.29433,1.29421,1.29432,33960000,1
1499972160000,1499972219000,1.29431,1.29432,1.29429,1.29429,35430000,1
1499972220000,1499972279000,1.2943,1.29435,1.2943,1.29433,20430000,1
1499972280000,1499972339000,1.29432,1.2944,1.29429,1.29434,52950000,1
1499972340000,1499972399000,1.29434,1.2945,1.29429,1.29442,123760000,1
1499972400000,1499972459000,1.29441,1.29441,1.29429,1.2943,59270000,1
1499972460000,1499972519000,1.2943,1.29434,1.2943,1.29432,35490000,1
1499972520000,1499972579000,1.29433,1.29434,1.2943,1.29431,45180000,1
1499972580000,1499972639000,1.29433,1.29447,1.29433,1.2944,105650000,1
1499972640000,1499972699000,1.29441,1.29441,1.29431,1.29431,38210000,1
1499972700000,1499972759000,1.29429,1.29442,1.29429,1.29442,29060000,1
1499972760000,1499972819000,1.29441,1.29442,1.29431,1.29433,36370000,1
1499972820000,1499972879000,1.29436,1.29437,1.29431,1.29434,32990000,1
1499972880000,1499972939000,1.29433,1.29443,1.29433,1.29442,28250000,1
1499972940000,1499972999000,1.29442,1.29443,1.29433,1.29433,39490000,1
1499973000000,1499973059000,1.29434,1.29441,1.29431,1.29431,36740000,1
1499973060000,1499973119000,1.29431,1.29433,1.29431,1.29431,40550000,1
1499973120000,1499973179000,1.29431,1.29431,1.29429,1.2943,37850000,1
1499973180000,1499973239000,1.29431,1.2944,1.29429,1.29438,46430000,1
1499973240000,1499973299000,1.29432,1.2944,1.29432,1.2944,26600000,1
1499973300000,1499973359000,1.29438,1.29443,1.29438,1.29441,46980000,1
1499973360000,1499973419000,1.29441,1.29446,1.2944,1.29443,40460000,1
1499973420000,1499973479000,1.29442,1.29442,1.29438,1.29439,56910000,1
1499973480000,1499973539000,1.29439,1.29448,1.29431,1.29432,51680000,1
1499973540000,1499973599000,1.29432,1.29432,1.2943,1.2943,49090000,1
1499973600000,1499973659000,1.2943,1.29448,1.2943,1.29438,110810000,1
1499973660000,1499973719000,1.29438,1.29448,1.29434,1.2944,87720000,1
1499973720000,1499973779000,1.29449,1.29452,1.29447,1.29449,69490000,1
1499973780000,1499973839000,1.29449,1.29449,1.29448,1.29449,20960000,1
1499973840000,1499973899000,1.29448,1.29448,1.29441,1.29442,50180000,1
1499973900000,1499973959000,1.29441,1.29449,1.29441,1.29448,39480000,1
1499973960000,1499974019000,1.29448,1.29448,1.29448,1.29448,9430000,1
1499974020000,1499974079000,1.29448,1.29451,1.29448,1.29449,55420000,1
1499974080000,1499974139000,1.2945,1.29458,1.29449,1.29451,34040000,1
1499974140000,1499974199000,1.29455,1.29456,1.29449,1.29449,37960000,1
1499974200000,1499974259000,1.29449,1.29449,1.29448,1.29449,30720000,1
1499974260000,1499974319000,1.29448,1.29452,1.2944,1.2945,86240000,1
1499974320000,1499974379000,1.2945,1.29458,1.29449,1.29451,48330000,1
1499974380000,1499974439000,1.29451,1.29452,1.29448,1.29451,76710000,1
1499974440000,1499974499000,1.2945,1.29451,1.29449,1.29451,30940000,1
1499974500000,1499974559000,1.2945,1.29451,1.29449,1.29449,39200000,1
1499974560000,1499974619000,1.29449,1.2945,1.29448,1.2945,70890000,1
1499974620000,1499974679000,1.29448,1.2945,1.29448,1.29449,45040000,1
1499974680000,1499974739000,1.29449,1.2945,1.29448,1.29449,54240000,1
1499974740000,1499974799000,1.2945,1.2945,1.29446,1.29449,82420000,1
1499974800000,1499974859000,1.29448,1.29449,1.29446,1.29449,64190000,1
1499974860000,1499974919000,1.29448,1.29458,1.29448,1.29448,88350000,1
1499974920000,1499974979000,1.29447,1.29447,1.29432,1.29438,84300000,1
1499974980000,1499975039000,1.29438,1.29438,1.29429,1.29429,55180000,1
1499975040000,1499975099000,1.29429,1.2943,1.29427,1.29428,41940000,1
1499975100000,1499975159000,1.29428,1.29428,1.2942,1.2942,61220000,1
1499975160000,1499975219000,1.2942,1.2942,1.29418,1.2942,33860000,1
1499975220000,1499975279000,1.2942,1.29431,1.2942,1.29431,44420000,1
1499975280000,1499975339000,1.2943,1.29443,1.2943,1.29441,69210000,1
1499975340000,1499975399000,1.29441,1.29449,1.2944,1.29449,61070000,1
1499975400000,1499975459000,1.29449,1.29454,1.29449,1.29453,26870000,1
1499975460000,1499975519000,1.29452,1.29452,1.29444,1.29445,14120000,1
1499975520000,1499975579000,1.29445,1.29463,1.29445,1.29455,40000000,1
1499975580000,1499975639000,1.29455,1.29463,1.29455,1.29463,18500000,1
1499975640000,1499975699000,1.29461,1.29463,1.29453,1.29453,55330000,1
1499975700000,1499975759000,1.29452,1.29472,1.29452,1.29465,138110000,1
1499975760000,1499975819000,1.29465,1.29465,1.29458,1.29461,101890000,1
1499975820000,1499975879000,1.29461,1.29461,1.29459,1.2946,46350000,1
1499975880000,1499975939000,1.2946,1.29461,1.29445,1.2945,86740000,1
1499975940000,1499975999000,1.29453,1.29463,1.29448,1.29454,307210000,1
1499976000000,1499976059000,1.29451,1.29454,1.2944,1.2944,60290000,1
1499976060000,1499976119000,1.2944,1.29443,1.29434,1.2944,111830000,1
1499976120000,1499976179000,1.29439,1.29439,1.29425,1.29426,55920000,1
1499976180000,1499976239000,1.29423,1.29428,1.2942,1.29423,95930000,1
1499976240000,1499976299000,1.29424,1.29431,1.29424,1.29431,54340000,1
1499976300000,1499976359000,1.29431,1.29432,1.29431,1.29432,15610000,1
1499976360000,1499976419000,1.29432,1.29433,1.29429,1.2943,45790000,1
1499976420000,1499976479000,1.29429,1.29436,1.29429,1.29436,150430000,1
1499976480000,1499976539000,1.29437,1.29438,1.29435,1.29436,51860000,1
1499976540000,1499976599000,1.29434,1.29437,1.29434,1.29436,70620000,1
1499976600000,1499976659000,1.29436,1.29452,1.29432,1.29437,100390000,1
1499976660000,1499976719000,1.29439,1.29439,1.29439,1.29439,7500000,1
1499976720000,1499976779000,1.29441,1.29443,1.2944,1.29442,16750000,1
1499976780000,1499976839000,1.29442,1.29443,1.2944,1.29442,40370000,1
1499976840000,1499976899000,1.29442,1.29447,1.2944,1.29443,58350000,1
1499976900000,1499976959000,1.29442,1.29443,1.2944,1.2944,9870000,1
1499976960000,1499977019000,1.2944,1.29441,1.2944,1.29441,18360000,1
1499977020000,1499977079000,1.29441,1.29441,1.29439,1.29439,8810000,1
1499977080000,1499977139000,1.2944,1.2944,1.29438,1.29439,41860000,1
1499977140000,1499977199000,1.29438,1.29438,1.2942,1.2942,52320000,1
1499977200000,1499977259000,1.29419,1.29422,1.29419,1.29422,18860000,1
1499977260000,1499977319000,1.29422,1.29428,1.29422,1.29426,31730000,1
1499977320000,1499977379000,1.29426,1.29426,1.29418,1.29419,28620000,1
1499977380000,1499977439000,1.29421,1.29429,1.29421,1.29427,24240000,1
1499977440000,1499977499000,1.29425,1.29425,1.2942,1.29423,59040000,1
1499977500000,1499977559000,1.29423,1.29423,1.29423,1.29423,2000000,1
1499977560000,1499977619000,1.29421,1.29431,1.2942,1.29431,45090000,1
1499977620000,1499977679000,1.29432,1.29438,1.29431,1.29435,27210000,1
1499977680000,1499977739000,1.29435,1.29436,1.29423,1.29423,52240000,1
1499977740000,1499977799000,1.29422,1.29429,1.29421,1.29422,78110000,1
1499977800000,1499977859000,1.29422,1.29424,1.2942,1.29424,43180000,1
1499977860000,1499977919000,1.29423,1.29427,1.29423,1.29423,34620000,1
1499977920000,1499977979000,1.29423,1.2943,1.29422,1.29422,42190000,1
1499977980000,1499978039000,1.29421,1.29422,1.29421,1.29421,21000000,1
1499978040000,1499978099000,1.29421,1.29423,1.2942,1.2942,28500000,1
1499978100000,1499978159000,1.2942,1.29421,1.2942,1.29421,30750000,1
1499978160000,1499978219000,1.29421,1.29426,1.29421,1.29424,16940000,1
1499978220000,1499978279000,1.29422,1.29425,1.29411,1.29423,59420000,1
1499978280000,1499978339000,1.29421,1.29421,1.29418,1.29419,31610000,1
1499978340000,1499978399000,1.29419,1.2942,1.29418,1.29419,33350000,1
1499978400000,1499978459000,1.2942,1.29421,1.29417,1.29419,42180000,1
1499978460000,1499978519000,1.2942,1.29422,1.29419,1.29419,16000000,1
1499978520000,1499978579000,1.29418,1.29419,1.29417,1.29417,24240000,1
1499978580000,1499978639000,1.29417,1.29417,1.29416,1.29416,28800000,1
1499978640000,1499978699000,1.29416,1.29417,1.29415,1.29415,60180000,1
1499978700000,1499978759000,1.29415,1.29416,1.2941,1.29411,40450000,1
1499978760000,1499978819000,1.29411,1.29411,1.29408,1.29408,30490000,1
1499978820000,1499978879000,1.29409,1.2941,1.29408,1.29409,20860000,1
1499978880000,1499978939000,1.29409,1.29419,1.29409,1.29417,73510000,1
1499978940000,1499978999000,1.29417,1.29419,1.29417,1.29417,85180000,1
1499979000000,1499979059000,1.29414,1.29414,1.29412,1.29412,25230000,1
1499979060000,1499979119000,1.2941,1.29418,1.2941,1.29418,31110000,1
1499979120000,1499979179000,1.29416,1.29416,1.29415,1.29416,30960000,1
1499979180000,1499979239000,1.29415,1.29417,1.29413,1.29413,56720000,1
1499979240000,1499979299000,1.29413,1.29413,1.29407,1.29407,19480000,1
1499979300000,1499979359000,1.29407,1.29407,1.2939,1.29394,45540000,1
1499979360000,1499979419000,1.29395,1.29399,1.2939,1.2939,69880000,1
1499979420000,1499979479000,1.29392,1.29394,1.29379,1.29385,58050000,1
1499979480000,1499979539000,1.29384,1.29392,1.29379,1.29384,87930000,1
1499979540000,1499979599000,1.29385,1.29397,1.29362,1.29362,71450000,1
1499979600000,1499979659000,1.29361,1.29361,1.29354,1.29359,12670000,1
1499979660000,1499979719000,1.29359,1.29386,1.29359,1.29386,11220000,1
1499979720000,1499979779000,1.29389,1.29389,1.29389,1.29389,750000,1
1499979780000,1499979839000,1.29383,1.29386,1.29383,1.29384,6710000,1
1499979840000,1499979899000,1.29385,1.29393,1.2938,1.29384,5990000,1
1499979900000,1499979959000,1.29384,1.29389,1.29384,1.29389,8860000,1
1499979960000,1499980019000,1.29386,1.29386,1.29385,1.29385,3870000,1
1499980020000,1499980079000,1.29386,1.29395,1.29385,1.29395,7000000,1
1499980080000,1499980139000,1.29405,1.29416,1.29405,1.2941,7950000,1
1499980140000,1499980199000,1.29405,1.29405,1.29405,1.29405,1000000,1
1499980200000,1499980259000,1.29405,1.29405,1.29405,1.29405,6000000,1
1499980260000,1499980319000,1.29405,1.29405,1.29405,1.29405,2000000,1
1499980320000,1499980379000,1.29405,1.29407,1.29405,1.29406,21240000,1
1499980380000,1499980439000,1.2941,1.2941,1.29405,1.29405,12000000,1
1499980440000,1499980499000,1.29406,1.29415,1.29405,1.29415,6000000,1
1499980500000,1499980559000,1.29412,1.29412,1.29411,1.29411,2000000,1
1499980560000,1499980619000,1.29407,1.29412,1.29407,1.29411,10000000,1
1499980620000,1499980679000,1.29411,1.29411,1.2941,1.2941,4000000,1
1499980680000,1499980739000,1.2941,1.2941,1.29405,1.29406,7740000,1
1499980740000,1499980799000,1.29403,1.29404,1.29402,1.29404,5370000,1
1499980800000,1499980859000,1.29404,1.29404,1.294,1.29404,25060000,1
1499980860000,1499980919000,1.29406,1.29406,1.29406,1.29406,2000000,1
1499980920000,1499980979000,1.29402,1.29405,1.29402,1.29405,14960000,1
1499980980000,1499981039000,1.29406,1.29406,1.29405,1.29406,4120000,1
1499981040000,1499981099000,1.29405,1.29406,1.29405,1.29406,3120000,1
1499981100000,1499981159000,1.29406,1.29406,1.29406,1.29406,1120000,1
1499981160000,1499981219000,1.29402,1.29404,1.29402,1.29404,5860000,1
1499981220000,1499981279000,1.29403,1.29406,1.29402,1.29406,7000000,1
1499981280000,1499981339000,1.29405,1.29405,1.29405,1.29405,1000000,1
1499981340000,1499981399000,1.29405,1.29405,1.29404,1.29404,7000000,1
1499981400000,1499981459000,1.29404,1.29406,1.29402,1.29406,12860000,1
1499981460000,1499981519000,1.29405,1.29405,1.29402,1.29403,17980000,1
1499981520000,1499981579000,1.29405,1.29406,1.29405,1.29406,7500000,1
1499981580000,1499981639000,1.29402,1.29403,1.29402,1.29403,3490000,1
1499981640000,1499981699000,1.29402,1.29402,1.29402,1.29402,6120000,1
1499981700000,1499981759000,1.29402,1.29406,1.29402,1.29405,9000000,1
1499981760000,1499981819000,1.29405,1.29406,1.29403,1.29405,13000000,1
1499981820000,1499981879000,1.29406,1.29406,1.29405,1.29405,4500000,1
1499981880000,1499981939000,1.29405,1.29406,1.29405,1.29406,28500000,1
1499981940000,1499981999000,1.29406,1.29406,1.29405,1.29405,50750000,1
1499982000000,1499982059000,1.29405,1.29405,1.29401,1.29401,35750000,1
1499982060000,1499982119000,1.29401,1.29401,1.29396,1.29396,2000000,1
1499982120000,1499982179000,1.29396,1.29396,1.29396,1.29396,4500000,1
1499982180000,1499982239000,1.29396,1.29397,1.29396,1.29397,4740000,1
1499982240000,1499982299000,1.29396,1.29397,1.29395,1.29396,10110000,1
1499982300000,1499982359000,1.29396,1.29396,1.29395,1.29395,9000000,1
1499982360000,1499982419000,1.29396,1.29397,1.29396,1.29397,2120000,1
1499982420000,1499982479000,1.29396,1.29397,1.29396,1.29397,8000000,1
1499982480000,1499982539000,1.29397,1.29397,1.29396,1.29396,7000000,1
1499982540000,1499982599000,1.29396,1.29396,1.29396,1.29396,5000000,1
1499982600000,1499982659000,1.29396,1.29397,1.29396,1.29396,14000000,1
1499982660000,1499982719000,1.29397,1.29397,1.29396,1.29396,5000000,1
1499982720000,1499982779000,1.29396,1.29399,1.29396,1.29398,23000000,1
1499982780000,1499982839000,1.29398,1.29402,1.29397,1.29397,11500000,1
1499982840000,1499982899000,1.29398,1.29398,1.29396,1.29397,14240000,1
1499982900000,1499982959000,1.29397,1.294,1.29396,1.294,8000000,1
1499982960000,1499983019000,1.29401,1.29401,1.294,1.29401,8690000,1
1499983020000,1499983079000,1.29401,1.29401,1.29401,1.29401,3000000,1
1499983080000,1499983139000,1.29402,1.29402,1.29401,1.29401,3000000,1
1499983140000,1499983199000,1.29402,1.29402,1.29402,1.29402,750000,1
1499983200000,1499983259000,1.29396,1.29406,1.29396,1.29405,28980000,1
1499983260000,1499983319000,1.29405,1.29417,1.29405,1.29414,61330000,1
1499983320000,1499983379000,1.29415,1.29425,1.29415,1.29424,14870000,1
1499983380000,1499983439000,1.29423,1.29424,1.29415,1.29415,5120000,1
1499983440000,1499983499000,1.29415,1.29424,1.29412,1.29423,31180000,1
1499983500000,1499983559000,1.29423,1.29423,1.29414,1.29414,33080000,1
1499983560000,1499983619000,1.29414,1.2942,1.29413,1.2942,12250000,1
1499983620000,1499983679000,1.29415,1.29415,1.29414,1.29414,22470000,1
1499983680000,1499983739000,1.29414,1.29415,1.29414,1.29414,23910000,1
1499983740000,1499983799000,1.29417,1.29421,1.29411,1.2942,50210000,1
1499983800000,1499983859000,1.29419,1.29419,1.2941,1.29412,39000000,1
1499983860000,1499983919000,1.29412,1.29412,1.2941,1.29411,23470000,1
1499983920000,1499983979000,1.29411,1.29411,1.29411,1.29411,30310000,1
1499983980000,1499984039000,1.29411,1.29411,1.29406,1.29407,55740000,1
1499984040000,1499984099000,1.29406,1.29409,1.29406,1.29409,13570000,1
1499984100000,1499984159000,1.29409,1.2941,1.29405,1.2941,39510000,1
1499984160000,1499984219000,1.2941,1.2941,1.29402,1.29402,32630000,1
1499984220000,1499984279000,1.294,1.294,1.294,1.294,27910000,1
1499984280000,1499984339000,1.29401,1.29403,1.29401,1.29402,27760000,1
1499984340000,1499984399000,1.29402,1.29404,1.294,1.294,39420000,1
1499984400000,1499984459000,1.294,1.29411,1.294,1.2941,37100000,1
1499984460000,1499984519000,1.2941,1.2941,1.2941,1.2941,20180000,1
1499984520000,1499984579000,1.2941,1.29411,1.29391,1.29391,22140000,1
1499984580000,1499984639000,1.29391,1.29418,1.29391,1.29418,55790000,1
1499984640000,1499984699000,1.29418,1.29418,1.29405,1.29405,24490000,1
1499984700000,1499984759000,1.29406,1.2941,1.29403,1.2941,6300000,1
1499984760000,1499984819000,1.2941,1.2941,1.29405,1.29405,15500000,1
1499984820000,1499984879000,1.29405,1.29405,1.29401,1.29401,21730000,1
1499984880000,1499984939000,1.29401,1.29402,1.29401,1.29402,18460000,1
1499984940000,1499984999000,1.29401,1.29404,1.29401,1.29404,52110000,1
1499985000000,1499985059000,1.29405,1.29406,1.29402,1.29404,203410000,1
1499985060000,1499985119000,1.29404,1.29404,1.294,1.29402,200060000,1
1499985120000,1499985179000,1.29402,1.29406,1.294,1.29406,91230000,1
1499985180000,1499985239000,1.29406,1.29406,1.294,1.29402,117230000,1
1499985240000,1499985299000,1.29403,1.29404,1.294,1.29402,159960000,1
1499985300000,1499985359000,1.29402,1.29405,1.294,1.29402,165560000,1
1499985360000,1499985419000,1.29402,1.29403,1.294,1.294,49530000,1
1499985420000,1499985479000,1.294,1.294,1.29399,1.29399,57080000,1
1499985480000,1499985539000,1.294,1.29401,1.29399,1.294,73950000,1
1499985540000,1499985599000,1.29403,1.29413,1.29403,1.29412,42540000,1
1499985600000,1499985659000,1.29413,1.29415,1.29401,1.29401,89840000,1
1499985660000,1499985719000,1.294,1.29406,1.29399,1.29399,48850000,1
1499985720000,1499985779000,1.294,1.29406,1.29399,1.29406,125260000,1
1499985780000,1499985839000,1.29406,1.29419,1.29406,1.29419,25450000,1
1499985840000,1499985899000,1.29419,1.29419,1.29411,1.29412,31500000,1
1499985900000,1499985959000,1.29408,1.29421,1.29406,1.29419,33550000,1
1499985960000,1499986019000,1.29417,1.29421,1.29415,1.29416,39260000,1
1499986020000,1499986079000,1.29416,1.29416,1.29413,1.29413,21000000,1
1499986080000,1499986139000,1.29413,1.29414,1.29413,1.29414,14950000,1
1499986140000,1499986199000,1.29414,1.29416,1.29413,1.29416,16450000,1
1499986200000,1499986259000,1.29417,1.29417,1.29415,1.29416,23440000,1
1499986260000,1499986319000,1.29416,1.29416,1.29408,1.29411,29290000,1
1499986320000,1499986379000,1.29411,1.29412,1.29403,1.29404,35000000,1
1499986380000,1499986439000,1.29405,1.29407,1.29405,1.29407,20200000,1
1499986440000,1499986499000,1.29407,1.29407,1.29403,1.29405,19950000,1
1499986500000,1499986559000,1.29405,1.29407,1.29405,1.29407,12260000,1
1499986560000,1499986619000,1.29407,1.29407,1.29404,1.29404,25310000,1
1499986620000,1499986679000,1.29403,1.29403,1.29396,1.29398,67200000,1
1499986680000,1499986739000,1.29398,1.29398,1.29395,1.29397,75850000,1
1499986740000,1499986799000,1.29396,1.29398,1.29394,1.29394,83070000,1
1499986800000,1499986859000,1.29394,1.29408,1.29394,1.29408,33750000,1
1499986860000,1499986919000,1.29405,1.29406,1.29405,1.29405,11250000,1
1499986920000,1499986979000,1.29407,1.29408,1.29406,1.29406,38440000,1
1499986980000,1499987039000,1.29406,1.29407,1.29404,1.29404,63210000,1
1499987040000,1499987099000,1.29404,1.29406,1.29404,1.29406,24070000,1
1499987100000,1499987159000,1.29406,1.29407,1.29405,1.29405,28130000,1
1499987160000,1499987219000,1.29406,1.29423,1.29405,1.29423,47360000,1
1499987220000,1499987279000,1.29423,1.29431,1.29423,1.29424,17890000,1
1499987280000,1499987339000,1.29424,1.29424,1.2942,1.2942,11500000,1
1499987340000,1499987399000,1.29421,1.29421,1.29419,1.29419,20550000,1
1499987400000,1499987459000,1.2942,1.2942,1.29419,1.2942,49530000,1
1499987460000,1499987519000,1.29421,1.29423,1.29414,1.29423,31340000,1
1499987520000,1499987579000,1.29422,1.29423,1.2942,1.29423,39910000,1
1499987580000,1499987639000,1.29423,1.29423,1.29422,1.29422,31610000,1
1499987640000,1499987699000,1.29422,1.29423,1.29422,1.29423,12390000,1
1499987700000,1499987759000,1.29422,1.29422,1.29421,1.29421,4990000,1
1499987760000,1499987819000,1.29421,1.29424,1.29421,1.29423,17390000,1
1499987820000,1499987879000,1.29423,1.29425,1.29423,1.29425,19510000,1
1499987880000,1499987939000,1.29427,1.29435,1.29427,1.29435,15450000,1
1499987940000,1499987999000,1.29435,1.29438,1.29431,1.29433,44460000,1
1499988000000,1499988059000,1.29433,1.29434,1.29424,1.29434,35170000,1
1499988060000,1499988119000,1.29434,1.29434,1.29423,1.29425,7490000,1
1499988120000,1499988179000,1.29424,1.29426,1.29424,1.29425,7250000,1
1499988180000,1499988239000,1.29425,1.29425,1.29425,1.29425,17270000,1
1499988240000,1499988299000,1.29425,1.29429,1.29422,1.29429,16690000,1
1499988300000,1499988359000,1.29429,1.29431,1.29429,1.2943,26000000,1
1499988360000,1499988419000,1.29431,1.29447,1.29431,1.29446,341810000,1
1499988420000,1499988479000,1.29444,1.29446,1.29442,1.29446,23440000,1
1499988480000,1499988539000,1.29443,1.29451,1.29443,1.29451,58580000,1
1499988540000,1499988599000,1.29451,1.29458,1.29448,1.29453,75250000,1
1499988600000,1499988659000,1.29453,1.29458,1.2945,1.29455,65230000,1
1499988660000,1499988719000,1.29455,1.29459,1.29454,1.29457,102920000,1
1499988720000,1499988779000,1.29458,1.2947,1.29455,1.29466,226750000,1
1499988780000,1499988839000,1.29466,1.29466,1.29463,1.29463,6060000,1
1499988840000,1499988899000,1.29465,1.29472,1.29465,1.29471,22350000,1
1499988900000,1499988959000,1.2947,1.29471,1.29459,1.29465,41470000,1
1499988960000,1499989019000,1.29465,1.29465,1.29461,1.29461,5000000,1
1499989020000,1499989079000,1.2946,1.29461,1.2946,1.29461,9240000,1
1499989080000,1499989139000,1.2946,1.29466,1.2946,1.29463,36450000,1
1499989140000,1499989199000,1.2946,1.29464,1.2946,1.29464,16490000,1
1499989200000,1499989259000,1.29464,1.29464,1.29462,1.29463,20120000,1
1499989260000,1499989319000,1.29464,1.29468,1.29464,1.29466,34460000,1
1499989320000,1499989379000,1.29467,1.29467,1.29459,1.2946,34480000,1
1499989380000,1499989439000,1.29461,1.29469,1.2946,1.29466,30000000,1
1499989440000,1499989499000,1.29464,1.29467,1.29462,1.29463,34000000,1
1499989500000,1499989559000,1.29462,1.29471,1.29462,1.29471,16240000,1
1499989560000,1499989619000,1.29471,1.29471,1.2947,1.2947,18000000,1
1499989620000,1499989679000,1.29471,1.29471,1.29469,1.2947,29500000,1
1499989680000,1499989739000,1.29469,1.2947,1.29467,1.29467,21000000,1
1499989740000,1499989799000,1.29468,1.29473,1.29462,1.29466,50250000,1
1499989800000,1499989859000,1.29464,1.29466,1.29464,1.29465,32000000,1
1499989860000,1499989919000,1.29465,1.29466,1.29461,1.29466,23250000,1
1499989920000,1499989979000,1.29466,1.29467,1.29465,1.29465,17500000,1
1499989980000,1499990039000,1.29466,1.29467,1.29466,1.29467,8500000,1
1499990040000,1499990099000,1.29465,1.29466,1.29465,1.29465,8000000,1
1499990100000,1499990159000,1.29464,1.29464,1.29461,1.29461,11870000,1
1499990160000,1499990219000,1.29461,1.29461,1.2946,1.2946,4120000,1
1499990220000,1499990279000,1.29459,1.29463,1.29459,1.29463,21100000,1
1499990280000,1499990339000,1.29463,1.29467,1.29462,1.29464,23000000,1
1499990340000,1499990399000,1.29464,1.29469,1.29464,1.29468,23000000,1
1499990400000,1499990459000,1.29467,1.2947,1.2946,1.29468,45350000,1
1499990460000,1499990519000,1.29468,1.29476,1.29468,1.29468,29360000,1
1499990520000,1499990579000,1.2947,1.29472,1.29468,1.29468,14120000,1
1499990580000,1499990639000,1.29469,1.2947,1.29463,1.29468,32870000,1
1499990640000,1499990699000,1.29468,1.2947,1.29468,1.29469,18000000,1
1499990700000,1499990759000,1.29469,1.29469,1.29464,1.29465,33000000,1
1499990760000,1499990819000,1.29465,1.29465,1.29459,1.2946,45580000,1
1499990820000,1499990879000,1.29461,1.29464,1.29457,1.29458,39990000,1
1499990880000,1499990939000,1.29457,1.29459,1.29457,1.29458,83210000,1
1499990940000,1499990999000,1.29459,1.2946,1.29455,1.29459,12750000,1
1499991000000,1499991059000,1.29459,1.29459,1.29456,1.29456,38690000,1
1499991060000,1499991119000,1.29456,1.29456,1.29441,1.29444,30120000,1
1499991120000,1499991179000,1.29444,1.29444,1.29441,1.29442,14930000,1
1499991180000,1499991239000,1.29442,1.29444,1.29431,1.29438,50110000,1
1499991240000,1499991299000,1.29437,1.29465,1.29436,1.29457,91320000,1
1499991300000,1499991359000,1.29457,1.29462,1.2945,1.29455,77530000,1
1499991360000,1499991419000,1.29455,1.29471,1.29455,1.29467,80730000,1
1499991420000,1499991479000,1.29467,1.29472,1.29401,1.29402,108630000,1
1499991480000,1499991539000,1.29402,1.29402,1.29385,1.29388,103160000,1
1499991540000,1499991599000,1.29388,1.29393,1.29387,1.29388,91540000,1
1499991600000,1499991659000,1.29388,1.29414,1.29388,1.29405,36480000,1
1499991660000,1499991719000,1.29404,1.29408,1.29403,1.29408,20120000,1
1499991720000,1499991779000,1.29409,1.29412,1.29404,1.2941,52430000,1
1499991780000,1499991839000,1.2941,1.29419,1.29408,1.29419,60980000,1
1499991840000,1499991899000,1.29419,1.29434,1.29419,1.29434,75660000,1
1499991900000,1499991959000,1.29434,1.29434,1.2943,1.2943,24210000,1
1499991960000,1499992019000,1.2943,1.29434,1.2943,1.29434,23540000,1
1499992020000,1499992079000,1.29434,1.29436,1.29429,1.29434,52630000,1
1499992080000,1499992139000,1.29434,1.29445,1.29434,1.29444,59660000,1
1499992140000,1499992199000,1.29449,1.29454,1.29435,1.29435,53890000,1
1499992200000,1499992259000,1.29435,1.2944,1.29422,1.29437,95520000,1
1499992260000,1499992319000,1.29436,1.29495,1.2943,1.29488,81400000,1
1499992320000,1499992379000,1.29487,1.29492,1.29482,1.29492,37130000,1
1499992380000,1499992439000,1.29492,1.29505,1.2943,1.29446,114200000,1
1499992440000,1499992499000,1.29447,1.29451,1.29444,1.29447,57120000,1
1499992500000,1499992559000,1.29448,1.29448,1.29446,1.29446,47000000,1
1499992560000,1499992619000,1.29439,1.29446,1.29436,1.29436,69620000,1
1499992620000,1499992679000,1.29436,1.29439,1.29436,1.29439,66500000,1
1499992680000,1499992739000,1.29438,1.29482,1.29415,1.29482,86700000,1
1499992740000,1499992799000,1.29483,1.29493,1.29449,1.2945,73500000,1
1499992800000,1499992859000,1.29445,1.29451,1.29443,1.29449,35120000,1
1499992860000,1499992919000,1.2945,1.29454,1.29449,1.29449,37000000,1
1499992920000,1499992979000,1.29449,1.29452,1.29449,1.29449,13870000,1
1499992980000,1499993039000,1.2945,1.29462,1.2945,1.29461,31380000,1
1499993040000,1499993099000,1.29461,1.29472,1.29457,1.29471,63680000,1
1499993100000,1499993159000,1.29472,1.29475,1.29458,1.29461,55450000,1
1499993160000,1499993219000,1.29463,1.29463,1.29444,1.29446,77770000,1
1499993220000,1499993279000,1.29446,1.29463,1.29444,1.29462,87130000,1
1499993280000,1499993339000,1.29463,1.29469,1.29441,1.29442,117750000,1
1499993340000,1499993399000,1.29442,1.29449,1.29439,1.29439,120490000,1
1499993400000,1499993459000,1.29437,1.29437,1.29422,1.29433,121890000,1
1499993460000,1499993519000,1.29433,1.29457,1.29423,1.29444,162450000,1
1499993520000,1499993579000,1.29445,1.29458,1.2942,1.29424,148250000,1
1499993580000,1499993639000,1.29423,1.29427,1.29406,1.29413,102080000,1
1499993640000,1499993699000,1.29414,1.29423,1.29404,1.29412,93110000,1
1499993700000,1499993759000,1.29413,1.29428,1.29398,1.29428,129620000,1
1499993760000,1499993819000,1.29427,1.29433,1.29415,1.29433,70070000,1
1499993820000,1499993879000,1.29431,1.29436,1.29428,1.29436,48050000,1
1499993880000,1499993939000,1.29436,1.29443,1.29436,1.2944,78460000,1
1499993940000,1499993999000,1.29439,1.29439,1.29432,1.29433,110160000,1
1499994000000,1499994059000,1.29433,1.29433,1.294,1.29404,173660000,1
1499994060000,1499994119000,1.29405,1.29408,1.29383,1.29393,106300000,1
1499994120000,1499994179000,1.29393,1.29402,1.29365,1.29367,108850000,1
1499994180000,1499994239000,1.29365,1.29386,1.29352,1.29386,85480000,1
1499994240000,1499994299000,1.29387,1.2939,1.29376,1.29389,94360000,1
1499994300000,1499994359000,1.29388,1.2939,1.29377,1.29389,143240000,1
1499994360000,1499994419000,1.29389,1.29425,1.29389,1.29398,143000000,1
1499994420000,1499994479000,1.29398,1.29398,1.29392,1.29395,34890000,1
1499994480000,1499994539000,1.29395,1.29397,1.29388,1.29394,77320000,1
1499994540000,1499994599000,1.29394,1.29394,1.29387,1.29393,28740000,1
1499994600000,1499994659000,1.29395,1.29397,1.29392,1.29397,27500000,1
1499994660000,1499994719000,1.29397,1.29408,1.29397,1.29403,42500000,1
1499994720000,1499994779000,1.29403,1.29404,1.29392,1.29394,26770000,1
1499994780000,1499994839000,1.29394,1.29402,1.29393,1.29397,26230000,1
1499994840000,1499994899000,1.29397,1.29397,1.29386,1.29386,79610000,1
1499994900000,1499994959000,1.29382,1.29386,1.2938,1.29383,67000000,1
1499994960000,1499995019000,1.29381,1.29387,1.2938,1.29386,75940000,1
1499995020000,1499995079000,1.29387,1.29389,1.29385,1.29385,19500000,1
1499995080000,1499995139000,1.29384,1.29384,1.29382,1.29383,64380000,1
1499995140000,1499995199000,1.29384,1.29388,1.29378,1.29385,136280000,1
1499995200000,1499995259000,1.29385,1.29385,1.29381,1.29384,61100000,1
1499995260000,1499995319000,1.29384,1.29385,1.29383,1.29384,71330000,1
1499995320000,1499995379000,1.29384,1.29387,1.29383,1.29387,51320000,1
1499995380000,1499995439000,1.29387,1.29394,1.29386,1.29387,44070000,1
1499995440000,1499995499000,1.29387,1.29407,1.29386,1.29407,71750000,1
1499995500000,1499995559000,1.29407,1.2941,1.29405,1.29409,52740000,1
1499995560000,1499995619000,1.29409,1.29417,1.29407,1.29407,86640000,1
1499995620000,1499995679000,1.29407,1.29407,1.29402,1.29406,89930000,1
1499995680000,1499995739000,1.29409,1.29409,1.29404,1.29406,22690000,1
1499995740000,1499995799000,1.29403,1.29403,1.29393,1.29393,99960000,1
1499995800000,1499995859000,1.29393,1.29408,1.29393,1.29401,85750000,1
1499995860000,1499995919000,1.29401,1.29404,1.29399,1.29404,94810000,1
1499995920000,1499995979000,1.29404,1.2941,1.29403,1.29409,64360000,1
1499995980000,1499996039000,1.29409,1.29409,1.29401,1.29403,62490000,1
1499996040000,1499996099000,1.29401,1.29401,1.29389,1.29396,80520000,1
1499996100000,1499996159000,1.29394,1.29399,1.29387,1.29398,58880000,1
1499996160000,1499996219000,1.29397,1.29412,1.29395,1.29407,127080000,1
1499996220000,1499996279000,1.29406,1.29411,1.29378,1.29386,102070000,1
1499996280000,1499996339000,1.29386,1.29386,1.29372,1.29383,78550000,1
1499996340000,1499996399000,1.29383,1.29397,1.29382,1.29394,74460000,1
1499996400000,1499996459000,1.29394,1.2942,1.29392,1.29392,125940000,1
1499996460000,1499996519000,1.29392,1.29393,1.29377,1.29392,92020000,1
1499996520000,1499996579000,1.29393,1.29396,1.29383,1.29393,56370000,1
1499996580000,1499996639000,1.29394,1.29396,1.29391,1.29392,36360000,1
1499996640000,1499996699000,1.29391,1.29391,1.29385,1.29389,40450000,1
1499996700000,1499996759000,1.29388,1.2939,1.29386,1.29388,30080000,1
1499996760000,1499996819000,1.29387,1.29388,1.2938,1.29382,37200000,1
1499996820000,1499996879000,1.29381,1.29381,1.29377,1.29381,43480000,1
1499996880000,1499996939000,1.29381,1.29384,1.29381,1.29383,43530000,1
1499996940000,1499996999000,1.29383,1.29386,1.2938,1.29384,51460000,1
1499997000000,1499997059000,1.29386,1.29396,1.29385,1.29391,32820000,1
1499997060000,1499997119000,1.29393,1.29397,1.29392,1.29394,28120000,1
1499997120000,1499997179000,1.29396,1.29396,1.29389,1.29395,13100000,1
1499997180000,1499997239000,1.29395,1.29397,1.29392,1.29397,19000000,1
1499997240000,1499997299000,1.29398,1.29411,1.29398,1.29409,25560000,1
1499997300000,1499997359000,1.29407,1.29408,1.29405,1.29405,32500000,1
1499997360000,1499997419000,1.29406,1.29412,1.29406,1.29412,28900000,1
1499997420000,1499997479000,1.29411,1.29411,1.29407,1.29409,29050000,1
1499997480000,1499997539000,1.29409,1.29409,1.29405,1.29405,25150000,1
1499997540000,1499997599000,1.29405,1.29406,1.294,1.294,21830000,1
1499997600000,1499997659000,1.294,1.29407,1.294,1.29407,33380000,1
1499997660000,1499997719000,1.29407,1.29407,1.29403,1.29405,18750000,1
1499997720000,1499997779000,1.29405,1.29405,1.294,1.29402,40280000,1
1499997780000,1499997839000,1.29402,1.29404,1.29399,1.29399,45380000,1
1499997840000,1499997899000,1.29399,1.29404,1.29399,1.29404,67670000,1
1499997900000,1499997959000,1.29404,1.29408,1.29403,1.29408,37750000,1
1499997960000,1499998019000,1.29408,1.29408,1.29404,1.29405,28510000,1
1499998020000,1499998079000,1.29404,1.29409,1.29404,1.29409,50410000,1
1499998080000,1499998139000,1.29409,1.29419,1.29404,1.29419,49900000,1
1499998140000,1499998199000,1.29419,1.29419,1.29408,1.29408,74530000,1
1499998200000,1499998259000,1.29408,1.29425,1.29408,1.29421,83700000,1
1499998260000,1499998319000,1.29424,1.29429,1.29414,1.29421,76330000,1
1499998320000,1499998379000,1.29422,1.29424,1.29408,1.29408,66930000,1
1499998380000,1499998439000,1.29408,1.2941,1.29398,1.2941,52240000,1
1499998440000,1499998499000,1.2941,1.2941,1.29405,1.29408,24820000,1
1499998500000,1499998559000,1.29407,1.29411,1.29407,1.29407,68610000,1
1499998560000,1499998619000,1.29407,1.29409,1.29406,1.29407,51360000,1
1499998620000,1499998679000,1.29407,1.29408,1.29406,1.29406,61850000,1
1499998680000,1499998739000,1.29408,1.2941,1.29406,1.29408,74680000,1
1499998740000,1499998799000,1.29408,1.29409,1.29407,1.29408,43900000,1
1499998800000,1499998859000,1.29408,1.29419,1.29408,1.29419,45630000,1
1499998860000,1499998919000,1.29419,1.29419,1.29404,1.29405,40680000,1
1499998920000,1499998979000,1.29405,1.29418,1.29405,1.29418,72110000,1
1499998980000,1499999039000,1.29418,1.29418,1.29416,1.29417,21000000,1
1499999040000,1499999099000,1.29417,1.29423,1.29417,1.29417,52290000,1
1499999100000,1499999159000,1.29418,1.29418,1.29405,1.29417,49300000,1
1499999160000,1499999219000,1.29417,1.29438,1.29417,1.29438,109800000,1
1499999220000,1499999279000,1.29438,1.29439,1.29438,1.29439,16000000,1
1499999280000,1499999339000,1.29439,1.29439,1.29427,1.29427,41670000,1
1499999340000,1499999399000,1.29427,1.29438,1.29427,1.29435,42640000,1
1499999400000,1499999459000,1.29435,1.29435,1.29416,1.29426,57220000,1
1499999460000,1499999519000,1.29426,1.29429,1.29425,1.29429,49730000,1
1499999520000,1499999579000,1.29429,1.2943,1.29426,1.29427,25020000,1
1499999580000,1499999639000,1.29424,1.29429,1.29424,1.29429,13200000,1
1499999640000,1499999699000,1.29427,1.2944,1.29427,1.29436,39730000,1
1499999700000,1499999759000,1.29436,1.29443,1.29436,1.29438,45650000,1
1499999760000,1499999819000,1.29438,1.2944,1.29437,1.2944,8560000,1
1499999820000,1499999879000,1.2944,1.2944,1.29437,1.29437,64920000,1
1499999880000,1499999939000,1.29438,1.29438,1.29427,1.29427,31620000,1
1499999940000,1499999999000,1.29428,1.29435,1.29425,1.2943,51800000,1
1500000000000,1500000059000,1.29429,1.2943,1.29417,1.29418,67540000,1
1500000060000,1500000119000,1.29422,1.2943,1.29421,1.29428,32920000,1
1500000120000,1500000179000,1.29428,1.29428,1.29427,1.29427,21450000,1
1500000180000,1500000239000,1.29427,1.29428,1.29423,1.29427,32680000,1
1500000240000,1500000299000,1.29428,1.29437,1.29427,1.29437,107740000,1
1500000300000,1500000359000,1.29437,1.29438,1.29428,1.29428,33620000,1
1500000360000,1500000419000,1.29427,1.29428,1.29418,1.29421,72680000,1
1500000420000,1500000479000,1.29421,1.29428,1.29421,1.29428,56960000,1
1500000480000,1500000539000,1.29427,1.29429,1.29423,1.29426,37640000,1
1500000540000,1500000599000,1.29427,1.29438,1.29415,1.29426,72210000,1
1500000600000,1500000659000,1.29426,1.29428,1.29416,1.29427,35110000,1
1500000660000,1500000719000,1.29426,1.29428,1.29426,1.29427,23750000,1
1500000720000,1500000779000,1.29428,1.29428,1.29422,1.29422,40370000,1
1500000780000,1500000839000,1.29422,1.29422,1.29414,1.29414,19440000,1
1500000840000,1500000899000,1.29415,1.29418,1.29415,1.29417,21500000,1
1500000900000,1500000959000,1.29418,1.29438,1.29417,1.29438,35370000,1
1500000960000,1500001019000,1.29437,1.29438,1.29437,1.29438,27000000,1
1500001020000,1500001079000,1.29437,1.29438,1.29426,1.29427,34370000,1
1500001080000,1500001139000,1.29427,1.29428,1.29415,1.29419,17060000,1
1500001140000,1500001199000,1.2942,1.2943,1.2942,1.29429,35750000,1
1500001200000,1500001259000,1.29429,1.29458,1.29429,1.29458,59620000,1
1500001260000,1500001319000,1.29458,1.29463,1.29457,1.29457,117560000,1
1500001320000,1500001379000,1.29458,1.29458,1.29453,1.29458,57600000,1
1500001380000,1500001439000,1.29458,1.29458,1.29438,1.2944,64100000,1
1500001440000,1500001499000,1.2944,1.29441,1.29438,1.29441,29220000,1
1500001500000,1500001559000,1.29441,1.29441,1.29441,1.29441,0,1
1500001560000,1500001619000,1.29441,1.2945,1.29441,1.29449,23000000,1
1500001620000,1500001679000,1.29447,1.2945,1.29445,1.29445,20160000,1
1500001680000,1500001739000,1.29444,1.29445,1.29444,1.29445,7880000,1
1500001740000,1500001799000,1.29444,1.29445,1.29444,1.29444,16150000,1
1500001800000,1500001859000,1.29444,1.29445,1.29444,1.29445,14650000,1
1500001860000,1500001919000,1.29446,1.29446,1.29441,1.29441,12920000,1
1500001920000,1500001979000,1.29441,1.29448,1.29438,1.29445,36110000,1
1500001980000,1500002039000,1.29446,1.29447,1.29429,1.29437,59300000,1
1500002040000,1500002099000,1.29436,1.29438,1.29433,1.29437,30060000,1
1500002100000,1500002159000,1.29439,1.29443,1.29437,1.29437,24340000,1
1500002160000,1500002219000,1.29439,1.29439,1.29435,1.29435,16650000,1
1500002220000,1500002279000,1.29435,1.29446,1.29435,1.29446,17800000,1
1500002280000,1500002339000,1.29446,1.29448,1.29446,1.29447,13250000,1
1500002340000,1500002399000,1.29447,1.29448,1.29447,1.29447,12000000,1
1500002400000,1500002459000,1.29447,1.29448,1.29447,1.29447,4000000,1
1500002460000,1500002519000,1.29448,1.29448,1.29434,1.29434,21170000,1
1500002520000,1500002579000,1.29434,1.29439,1.29434,1.29439,46850000,1
1500002580000,1500002639000,1.29438,1.29454,1.29438,1.29452,182300000,1
1500002640000,1500002699000,1.29453,1.29461,1.29449,1.29459,129670000,1
1500002700000,1500002759000,1.2946,1.29468,1.29457,1.29468,84920000,1
1500002760000,1500002819000,1.29467,1.29468,1.2946,1.29463,23470000,1
1500002820000,1500002879000,1.29462,1.29463,1.29457,1.29457,18750000,1
1500002880000,1500002939000,1.29458,1.29459,1.29458,1.29459,10480000,1
1500002940000,1500002999000,1.29459,1.29459,1.29458,1.29458,23140000,1
1500003000000,1500003059000,1.29458,1.2946,1.29457,1.29458,25500000,1
1500003060000,1500003119000,1.29458,1.29459,1.29452,1.29454,56030000,1
1500003120000,1500003179000,1.29454,1.29458,1.29454,1.29458,12150000,1
1500003180000,1500003239000,1.29458,1.29458,1.29458,1.29458,7880000,1
1500003240000,1500003299000,1.29458,1.29459,1.29456,1.29456,27190000,1
1500003300000,1500003359000,1.29457,1.29457,1.29454,1.29454,24670000,1
1500003360000,1500003419000,1.29455,1.29456,1.29455,1.29456,13310000,1
1500003420000,1500003479000,1.29456,1.2946,1.29444,1.2946,45760000,1
1500003480000,1500003539000,1.29458,1.29464,1.29457,1.29462,28240000,1
1500003540000,1500003599000,1.29463,1.29477,1.29457,1.29477,36410000,1
1500003600000,1500003659000,1.29477,1.29478,1.29473,1.29477,56940000,1
1500003660000,1500003719000,1.29477,1.29478,1.29477,1.29477,20250000,1
1500003720000,1500003779000,1.29477,1.29478,1.29467,1.29473,67930000,1
1500003780000,1500003839000,1.29476,1.29478,1.29476,1.29477,17000000,1
1500003840000,1500003899000,1.29474,1.29493,1.29474,1.29491,129590000,1
1500003900000,1500003959000,1.29495,1.295,1.29495,1.29497,65160000,1
1500003960000,1500004019000,1.29497,1.29498,1.29497,1.29497,17000000,1
1500004020000,1500004079000,1.29497,1.29508,1.29497,1.29507,21330000,1
1500004080000,1500004139000,1.29508,1.29508,1.29497,1.29498,34640000,1
1500004140000,1500004199000,1.29497,1.295,1.29497,1.29499,17640000,1
1500004200000,1500004259000,1.29499,1.29499,1.29497,1.29497,21580000,1
1500004260000,1500004319000,1.29498,1.29498,1.29497,1.29497,12640000,1
1500004320000,1500004379000,1.29498,1.295,1.29487,1.29498,46120000,1
1500004380000,1500004439000,1.29498,1.29511,1.29498,1.29509,174110000,1
1500004440000,1500004499000,1.29509,1.2951,1.29508,1.29508,8710000,1
1500004500000,1500004559000,1.29508,1.2951,1.29508,1.29509,43660000,1
1500004560000,1500004619000,1.29511,1.29511,1.29508,1.29509,9090000,1
1500004620000,1500004679000,1.2951,1.29513,1.29508,1.29512,46030000,1
1500004680000,1500004739000,1.29514,1.29521,1.29512,1.29521,41090000,1
1500004740000,1500004799000,1.29523,1.29523,1.29516,1.29517,21520000,1
1500004800000,1500004859000,1.29516,1.29517,1.29515,1.29515,22770000,1
1500004860000,1500004919000,1.29518,1.29518,1.29516,1.29518,18000000,1
1500004920000,1500004979000,1.29518,1.29519,1.29517,1.29518,13000000,1
1500004980000,1500005039000,1.29517,1.29519,1.29517,1.29517,16000000,1
1500005040000,1500005099000,1.29518,1.29518,1.29517,1.29518,23000000,1
1500005100000,1500005159000,1.29518,1.29523,1.29516,1.29517,24760000,1
1500005160000,1500005219000,1.29517,1.29517,1.29508,1.29513,35410000,1
1500005220000,1500005279000,1.29513,1.29519,1.29513,1.29517,27020000,1
1500005280000,1500005339000,1.29517,1.29518,1.29515,1.29515,21000000,1
1500005340000,1500005399000,1.29515,1.29517,1.29515,1.29515,17000000,1
1500005400000,1500005459000,1.29512,1.29515,1.29512,1.29515,14250000,1
1500005460000,1500005519000,1.29515,1.29515,1.29495,1.29495,42790000,1
1500005520000,1500005579000,1.29495,1.29496,1.29494,1.29495,84180000,1
1500005580000,1500005639000,1.29495,1.29498,1.29494,1.29498,54340000,1
1500005640000,1500005699000,1.29498,1.295,1.29498,1.29499,58000000,1
1500005700000,1500005759000,1.29499,1.29501,1.29497,1.29501,202060000,1
1500005760000,1500005819000,1.29501,1.29509,1.29501,1.29508,94260000,1
1500005820000,1500005879000,1.29506,1.29507,1.29503,1.29506,84900000,1
1500005880000,1500005939000,1.29506,1.29506,1.29505,1.29505,139780000,1
1500005940000,1500005999000,1.29505,1.29506,1.29501,1.29505,38980000,1
1500006000000,1500006059000,1.29505,1.29505,1.29497,1.29497,93040000,1
1500006060000,1500006119000,1.29498,1.29499,1.29494,1.29499,93370000,1
1500006120000,1500006179000,1.29499,1.295,1.29496,1.29498,105580000,1
1500006180000,1500006239000,1.29496,1.29507,1.29495,1.29505,57990000,1
1500006240000,1500006299000,1.29504,1.29506,1.29504,1.29506,21830000,1
1500006300000,1500006359000,1.29506,1.29515,1.29505,1.29505,35000000,1
1500006360000,1500006419000,1.2951,1.2951,1.29506,1.29506,19350000,1
1500006420000,1500006479000,1.29506,1.29507,1.29503,1.29503,20740000,1
1500006480000,1500006539000,1.29503,1.29506,1.29502,1.29503,15000000,1
1500006540000,1500006599000,1.29503,1.29503,1.29503,1.29503,11000000,1
1500006600000,1500006659000,1.29504,1.29506,1.29501,1.29506,34020000,1
1500006660000,1500006719000,1.29506,1.29506,1.29503,1.29503,18180000,1
1500006720000,1500006779000,1.29503,1.29505,1.29503,1.29504,37960000,1
1500006780000,1500006839000,1.29505,1.29515,1.29505,1.29515,109830000,1
1500006840000,1500006899000,1.29512,1.29519,1.29512,1.29517,27350000,1
1500006900000,1500006959000,1.29518,1.29519,1.29516,1.29517,13000000,1
1500006960000,1500007019000,1.29517,1.29517,1.29516,1.29517,16120000,1
1500007020000,1500007079000,1.29515,1.29517,1.29515,1.29517,8190000,1
1500007080000,1500007139000,1.29517,1.29517,1.29517,1.29517,7000000,1
1500007140000,1500007199000,1.29518,1.29518,1.29516,1.29516,11000000,1
1500007200000,1500007259000,1.29514,1.29517,1.29514,1.29517,21780000,1
1500007260000,1500007319000,1.29516,1.29516,1.29514,1.29515,8370000,1
1500007320000,1500007379000,1.29514,1.29525,1.29514,1.29523,22420000,1
1500007380000,1500007439000,1.29523,1.29525,1.29522,1.29522,26350000,1
1500007440000,1500007499000,1.29523,1.29524,1.2952,1.29523,15610000,1
1500007500000,1500007559000,1.29523,1.29524,1.2952,1.29523,19620000,1
1500007560000,1500007619000,1.29523,1.29527,1.29514,1.29517,24360000,1
1500007620000,1500007679000,1.29518,1.29522,1.29516,1.29516,83720000,1
1500007680000,1500007739000,1.29516,1.29518,1.29516,1.29518,31500000,1
1500007740000,1500007799000,1.29519,1.29524,1.29516,1.29518,48870000,1
1500007800000,1500007859000,1.29518,1.29527,1.29518,1.29525,41350000,1
1500007860000,1500007919000,1.29525,1.29527,1.29522,1.29526,41620000,1
1500007920000,1500007979000,1.29526,1.29528,1.29524,1.29527,28620000,1
1500007980000,1500008039000,1.29527,1.29529,1.29527,1.29528,27740000,1
1500008040000,1500008099000,1.29528,1.29528,1.29527,1.29527,24720000,1
1500008100000,1500008159000,1.29527,1.29534,1.29527,1.2953,52300000,1
1500008160000,1500008219000,1.29528,1.29529,1.29527,1.29527,46920000,1
1500008220000,1500008279000,1.29527,1.29536,1.29527,1.29535,31070000,1
1500008280000,1500008339000,1.29535,1.29535,1.29532,1.29534,22100000,1
1500008340000,1500008399000,1.29534,1.29535,1.29532,1.29532,36790000,1
1500008400000,1500008459000,1.29532,1.29536,1.29532,1.29535,26710000,1
1500008460000,1500008519000,1.29534,1.29605,1.29534,1.29548,75520000,1
1500008520000,1500008579000,1.29548,1.29592,1.29548,1.29584,104880000,1
1500008580000,1500008639000,1.29584,1.29584,1.29571,1.29571,63190000,1
1500008640000,1500008699000,1.29569,1.29569,1.29563,1.29565,86120000,1
1500008700000,1500008759000,1.29565,1.29569,1.29561,1.29566,52740000,1
1500008760000,1500008819000,1.29565,1.29583,1.29565,1.29583,76080000,1
1500008820000,1500008879000,1.2958,1.29596,1.29576,1.29593,106400000,1
1500008880000,1500008939000,1.29593,1.29599,1.29592,1.29595,60470000,1
1500008940000,1500008999000,1.29593,1.296,1.29593,1.29595,60960000,1
1500009000000,1500009059000,1.29595,1.29595,1.29583,1.29583,46600000,1
1500009060000,1500009119000,1.29582,1.29592,1.29574,1.29592,49160000,1
1500009120000,1500009179000,1.29594,1.29598,1.29593,1.29593,26350000,1
1500009180000,1500009239000,1.29593,1.29593,1.29584,1.29586,52710000,1
1500009240000,1500009299000,1.29587,1.29587,1.29587,1.29587,6000000,1
1500009300000,1500009359000,1.29586,1.29589,1.29586,1.29586,16750000,1
1500009360000,1500009419000,1.29586,1.29586,1.29586,1.29586,11380000,1
1500009420000,1500009479000,1.29585,1.29585,1.29574,1.29575,37070000,1
1500009480000,1500009539000,1.29575,1.29577,1.29535,1.29549,81330000,1
1500009540000,1500009599000,1.29549,1.29557,1.29549,1.29557,93820000,1
1500009600000,1500009659000,1.29557,1.29559,1.29553,1.29556,35140000,1
1500009660000,1500009719000,1.29556,1.29568,1.29553,1.29563,41970000,1
1500009720000,1500009779000,1.29563,1.29567,1.29563,1.29567,47240000,1
1500009780000,1500009839000,1.29567,1.29567,1.29564,1.29566,51300000,1
1500009840000,1500009899000,1.29566,1.29568,1.29563,1.29565,62700000,1
1500009900000,1500009959000,1.29565,1.29568,1.29565,1.29567,28620000,1
1500009960000,1500010019000,1.29567,1.29568,1.29567,1.29567,13500000,1
1500010020000,1500010079000,1.29567,1.29568,1.29567,1.29568,12750000,1
1500010080000,1500010139000,1.29568,1.29568,1.29567,1.29568,6370000,1
1500010140000,1500010199000,1.29568,1.29569,1.29568,1.29568,22620000,1
1500010200000,1500010259000,1.29568,1.29568,1.29567,1.29567,17060000,1
1500010260000,1500010319000,1.29568,1.29568,1.29567,1.29567,9500000,1
1500010320000,1500010379000,1.29568,1.29578,1.29567,1.29573,42090000,1
1500010380000,1500010439000,1.29573,1.29573,1.29573,1.29573,17900000,1
1500010440000,1500010499000,1.29573,1.29588,1.29573,1.29587,39650000,1
1500010500000,1500010559000,1.29587,1.29588,1.29577,1.29577,28500000,1
1500010560000,1500010619000,1.29577,1.29587,1.29577,1.29583,48270000,1
1500010620000,1500010679000,1.29579,1.29579,1.29577,1.29577,25120000,1
1500010680000,1500010739000,1.29577,1.29577,1.29573,1.29573,26120000,1
1500010740000,1500010799000,1.29574,1.29577,1.29568,1.29577,32490000,1
1500010800000,1500010859000,1.29583,1.29613,1.29583,1.29601,55800000,1
1500010860000,1500010919000,1.29601,1.29602,1.29593,1.29596,53200000,1
1500010920000,1500010979000,1.29597,1.2965,1.29597,1.29642,73610000,1
1500010980000,1500011039000,1.29642,1.29647,1.29628,1.29628,70550000,1
1500011040000,1500011099000,1.29628,1.29633,1.29627,1.29629,84490000,1
1500011100000,1500011159000,1.29629,1.2963,1.29616,1.29625,86240000,1
1500011160000,1500011219000,1.29625,1.29626,1.29612,1.29612,147720000,1
1500011220000,1500011279000,1.29614,1.2962,1.29613,1.2962,48590000,1
1500011280000,1500011339000,1.2962,1.2963,1.2962,1.29628,88120000,1
1500011340000,1500011399000,1.29629,1.29647,1.29625,1.29647,60690000,1
1500011400000,1500011459000,1.29647,1.29648,1.29623,1.29623,133480000,1
1500011460000,1500011519000,1.29623,1.29623,1.29602,1.29609,87830000,1
1500011520000,1500011579000,1.29609,1.29609,1.29576,1.29583,97800000,1
1500011580000,1500011639000,1.29584,1.29588,1.29583,1.29588,30150000,1
1500011640000,1500011699000,1.29588,1.29593,1.29584,1.29584,52700000,1
1500011700000,1500011759000,1.29582,1.29586,1.29578,1.29586,47310000,1
1500011760000,1500011819000,1.29583,1.29588,1.29574,1.29583,76960000,1
1500011820000,1500011879000,1.29581,1.29598,1.29579,1.29588,70470000,1
1500011880000,1500011939000,1.29589,1.29595,1.29588,1.29593,86360000,1
1500011940000,1500011999000,1.29589,1.29595,1.29565,1.29569,127930000,1
1500012000000,1500012059000,1.29571,1.29577,1.29567,1.29573,42650000,1
1500012060000,1500012119000,1.29572,1.2958,1.29572,1.29575,53920000,1
1500012120000,1500012179000,1.29575,1.29575,1.29572,1.29573,27850000,1
1500012180000,1500012239000,1.29572,1.29577,1.29572,1.29576,31430000,1
1500012240000,1500012299000,1.29572,1.29575,1.29571,1.29572,25990000,1
1500012300000,1500012359000,1.29572,1.29572,1.29564,1.2957,103670000,1
1500012360000,1500012419000,1.2957,1.29572,1.29563,1.29563,75450000,1
1500012420000,1500012479000,1.29563,1.29596,1.29563,1.29592,84810000,1
1500012480000,1500012539000,1.29593,1.29614,1.29593,1.29604,88420000,1
1500012540000,1500012599000,1.29606,1.29608,1.29596,1.29596,108370000,1
1500012600000,1500012659000,1.29597,1.29606,1.29597,1.29605,41490000,1
1500012660000,1500012719000,1.29605,1.29609,1.29604,1.29606,24940000,1
1500012720000,1500012779000,1.29605,1.29614,1.29598,1.29599,58770000,1
1500012780000,1500012839000,1.296,1.29605,1.29591,1.29593,74720000,1
1500012840000,1500012899000,1.29592,1.29592,1.29572,1.29573,65290000,1
1500012900000,1500012959000,1.29574,1.29586,1.29564,1.29579,113350000,1
1500012960000,1500013019000,1.29579,1.29582,1.29571,1.29573,72700000,1
1500013020000,1500013079000,1.29574,1.29582,1.29562,1.29563,147830000,1
1500013080000,1500013139000,1.29564,1.29566,1.29558,1.29563,51690000,1
1500013140000,1500013199000,1.29564,1.29568,1.29564,1.29568,24480000,1
1500013200000,1500013259000,1.29569,1.29623,1.29569,1.29623,96100000,1
1500013260000,1500013319000,1.29623,1.29625,1.29617,1.29621,76650000,1
1500013320000,1500013379000,1.2962,1.29621,1.29608,1.29608,60170000,1
1500013380000,1500013439000,1.29608,1.29608,1.29597,1.29602,84270000,1
1500013440000,1500013499000,1.29603,1.29619,1.29602,1.29617,174840000,1
1500013500000,1500013559000,1.29617,1.29618,1.29615,1.29617,36310000,1
1500013560000,1500013619000,1.29616,1.29655,1.29594,1.29651,153500000,1
1500013620000,1500013679000,1.29651,1.29654,1.29641,1.29641,104510000,1
1500013680000,1500013739000,1.29636,1.29636,1.29608,1.29612,146530000,1
1500013740000,1500013799000,1.29612,1.29634,1.29612,1.29617,154560000,1
1500013800000,1500013859000,1.29619,1.29627,1.29611,1.29614,111190000,1
1500013860000,1500013919000,1.29615,1.29618,1.29613,1.29615,50450000,1
1500013920000,1500013979000,1.29615,1.29616,1.29599,1.29602,173480000,1
1500013980000,1500014039000,1.29602,1.29603,1.29588,1.29589,129350000,1
1500014040000,1500014099000,1.29591,1.29595,1.29581,1.29589,49980000,1
1500014100000,1500014159000,1.29589,1.29595,1.29586,1.29587,66120000,1
1500014160000,1500014219000,1.29586,1.29598,1.29584,1.29595,73810000,1
1500014220000,1500014279000,1.29596,1.29619,1.29595,1.2961,66560000,1
1500014280000,1500014339000,1.29609,1.29623,1.29604,1.29615,129920000,1
1500014340000,1500014399000,1.29615,1.29618,1.29556,1.29557,142680000,1
1500014400000,1500014459000,1.29557,1.29567,1.29532,1.29536,147620000,1
1500014460000,1500014519000,1.29537,1.29561,1.29532,1.29546,139110000,1
1500014520000,1500014579000,1.29546,1.29606,1.29543,1.29605,178390000,1
1500014580000,1500014639000,1.29604,1.29627,1.29585,1.29586,247150000,1
1500014640000,1500014699000,1.29585,1.29592,1.29567,1.29568,196000000,1
1500014700000,1500014759000,1.29568,1.29578,1.29561,1.29578,84260000,1
1500014760000,1500014819000,1.29577,1.29585,1.29576,1.29576,127750000,1
1500014820000,1500014879000,1.29576,1.296,1.29576,1.29599,84320000,1
1500014880000,1500014939000,1.29598,1.296,1.29586,1.29599,120830000,1
1500014940000,1500014999000,1.29599,1.29632,1.29599,1.29629,147410000,1
1500015000000,1500015059000,1.29629,1.29629,1.29593,1.29601,155970000,1
1500015060000,1500015119000,1.29602,1.2962,1.296,1.29606,146020000,1
1500015120000,1500015179000,1.29606,1.29606,1.29586,1.29599,155710000,1
1500015180000,1500015239000,1.296,1.29613,1.29597,1.29611,60250000,1
1500015240000,1500015299000,1.29611,1.29611,1.29607,1.29608,83800000,1
1500015300000,1500015359000,1.29608,1.29609,1.29607,1.29608,51060000,1
1500015360000,1500015419000,1.29609,1.29609,1.2959,1.29606,114780000,1
1500015420000,1500015479000,1.29605,1.29605,1.29584,1.2959,130970000,1
1500015480000,1500015539000,1.29589,1.2959,1.29568,1.2958,93680000,1
1500015540000,1500015599000,1.2958,1.29584,1.29578,1.29582,90830000,1
1500015600000,1500015659000,1.29583,1.29622,1.29571,1.29622,141370000,1
1500015660000,1500015719000,1.29621,1.29623,1.2961,1.29617,90430000,1
1500015720000,1500015779000,1.29616,1.29623,1.29595,1.29621,147600000,1
1500015780000,1500015839000,1.29627,1.29649,1.29625,1.29637,187190000,1
1500015840000,1500015899000,1.29638,1.29644,1.29614,1.29614,184960000,1
1500015900000,1500015959000,1.29614,1.29615,1.29599,1.29601,137060000,1
1500015960000,1500016019000,1.29601,1.29623,1.29594,1.29614,192010000,1
1500016020000,1500016079000,1.29614,1.29636,1.2961,1.2962,154390000,1
1500016080000,1500016139000,1.2962,1.29625,1.29595,1.29614,112270000,1
1500016140000,1500016199000,1.29617,1.29626,1.29601,1.29605,116770000,1
1500016200000,1500016259000,1.29604,1.29618,1.29602,1.29603,93390000,1
1500016260000,1500016319000,1.29603,1.29615,1.29603,1.29607,118460000,1
1500016320000,1500016379000,1.29607,1.29607,1.29593,1.29594,94620000,1
1500016380000,1500016439000,1.29593,1.29604,1.29588,1.29604,109850000,1
1500016440000,1500016499000,1.29603,1.29604,1.29595,1.29597,52920000,1
1500016500000,1500016559000,1.29597,1.29598,1.29554,1.29555,132420000,1
1500016560000,1500016619000,1.29554,1.29566,1.29533,1.29566,180780000,1
1500016620000,1500016679000,1.29567,1.29569,1.29545,1.29545,105450000,1
1500016680000,1500016739000,1.29544,1.29544,1.29524,1.29538,172150000,1
1500016740000,1500016799000,1.29538,1.29538,1.29513,1.29514,139340000,1
1500016800000,1500016859000,1.29513,1.29533,1.29513,1.29514,88030000,1
1500016860000,1500016919000,1.29515,1.29524,1.29501,1.29512,107520000,1
1500016920000,1500016979000,1.29514,1.29514,1.29492,1.29504,132440000,1
1500016980000,1500017039000,1.29504,1.29514,1.29499,1.29514,175050000,1
1500017040000,1500017099000,1.29513,1.29515,1.29505,1.29515,107260000,1
1500017100000,1500017159000,1.29517,1.29518,1.29501,1.29514,122100000,1
1500017160000,1500017219000,1.29515,1.2957,1.29506,1.29558,117220000,1
1500017220000,1500017279000,1.29562,1.29566,1.29547,1.29555,74260000,1
1500017280000,1500017339000,1.29553,1.29554,1.29534,1.29554,106790000,1
1500017340000,1500017399000,1.29554,1.29563,1.29532,1.29532,92360000,1
1500017400000,1500017459000,1.29527,1.29555,1.29524,1.29547,151500000,1
1500017460000,1500017519000,1.29547,1.29609,1.29547,1.29597,160920000,1
1500017520000,1500017579000,1.29598,1.29599,1.29585,1.29588,134720000,1
1500017580000,1500017639000,1.29587,1.29594,1.29574,1.29575,122880000,1
1500017640000,1500017699000,1.29575,1.29575,1.29555,1.29557,98110000,1
1500017700000,1500017759000,1.29557,1.29578,1.29557,1.29573,134340000,1
1500017760000,1500017819000,1.29572,1.29592,1.29565,1.29586,141330000,1
1500017820000,1500017879000,1.29584,1.29584,1.29559,1.29569,139800000,1
1500017880000,1500017939000,1.29567,1.29577,1.29553,1.29553,133570000,1
1500017940000,1500017999000,1.29553,1.29561,1.29549,1.2955,125920000,1
1500018000000,1500018059000,1.29549,1.29565,1.29549,1.29554,77960000,1
1500018060000,1500018119000,1.29554,1.29559,1.29543,1.29553,113770000,1
1500018120000,1500018179000,1.29554,1.29568,1.29545,1.29565,119350000,1
1500018180000,1500018239000,1.29565,1.29576,1.29553,1.29574,139010000,1
1500018240000,1500018299000,1.29573,1.29597,1.29571,1.29597,150890000,1
1500018300000,1500018359000,1.29597,1.29597,1.29576,1.29584,132230000,1
1500018360000,1500018419000,1.29584,1.29586,1.29582,1.29582,65080000,1
1500018420000,1500018479000,1.29582,1.29615,1.29582,1.29613,196720000,1
1500018480000,1500018539000,1.29613,1.29621,1.296,1.29601,114610000,1
1500018540000,1500018599000,1.296,1.29604,1.29593,1.29593,95730000,1
1500018600000,1500018659000,1.29593,1.29597,1.29571,1.29588,83560000,1
1500018660000,1500018719000,1.29589,1.29595,1.29583,1.29586,83660000,1
1500018720000,1500018779000,1.29585,1.29585,1.29567,1.29575,92520000,1
1500018780000,1500018839000,1.29574,1.29579,1.29567,1.29578,67790000,1
1500018840000,1500018899000,1.29578,1.29578,1.29574,1.29574,52000000,1
1500018900000,1500018959000,1.29575,1.29588,1.29575,1.29587,53250000,1
1500018960000,1500019019000,1.29588,1.2959,1.29578,1.29579,50200000,1
1500019020000,1500019079000,1.29578,1.29588,1.29574,1.29576,96810000,1
1500019080000,1500019139000,1.29575,1.29576,1.29547,1.29551,186710000,1
1500019140000,1500019199000,1.29549,1.29549,1.29517,1.29517,164620000,1
1500019200000,1500019259000,1.29518,1.29538,1.29512,1.29531,130110000,1
1500019260000,1500019319000,1.29532,1.29543,1.29532,1.29537,57880000,1
1500019320000,1500019379000,1.29537,1.29547,1.29537,1.29545,190900000,1
1500019380000,1500019439000,1.29545,1.29559,1.29544,1.29548,76940000,1
1500019440000,1500019499000,1.29548,1.29562,1.29545,1.29547,108080000,1
1500019500000,1500019559000,1.29549,1.29573,1.29549,1.29555,128060000,1
1500019560000,1500019619000,1.29557,1.29567,1.29554,1.29563,86000000,1
1500019620000,1500019679000,1.29563,1.29564,1.29548,1.29558,98420000,1
1500019680000,1500019739000,1.29558,1.29565,1.29553,1.2956,164950000,1
1500019740000,1500019799000,1.29562,1.29569,1.29554,1.29569,103840000,1
1500019800000,1500019859000,1.29568,1.29568,1.29565,1.29568,36250000,1
1500019860000,1500019919000,1.29566,1.29568,1.29544,1.29546,48960000,1
1500019920000,1500019979000,1.29546,1.29549,1.29536,1.29536,67970000,1
1500019980000,1500020039000,1.29536,1.29553,1.29536,1.29547,53400000,1
1500020040000,1500020099000,1.29547,1.29556,1.29536,1.29536,61890000,1
1500020100000,1500020159000,1.29536,1.29547,1.29536,1.29536,83530000,1
1500020160000,1500020219000,1.29535,1.29539,1.29517,1.29539,70080000,1
1500020220000,1500020279000,1.29538,1.2954,1.29534,1.29535,59060000,1
1500020280000,1500020339000,1.29535,1.29535,1.29514,1.29516,93010000,1
1500020340000,1500020399000,1.29516,1.29516,1.29507,1.29509,139340000,1
1500020400000,1500020459000,1.29508,1.29517,1.29507,1.29514,86650000,1
1500020460000,1500020519000,1.29515,1.29522,1.29506,1.29506,93630000,1
1500020520000,1500020579000,1.29506,1.29509,1.29485,1.29495,107390000,1
1500020580000,1500020639000,1.29495,1.29503,1.29491,1.29495,160170000,1
1500020640000,1500020699000,1.29494,1.2952,1.29494,1.29516,162830000,1
1500020700000,1500020759000,1.29514,1.29537,1.29514,1.29524,115220000,1
1500020760000,1500020819000,1.29524,1.29525,1.29516,1.29521,149010000,1
1500020820000,1500020879000,1.29521,1.29524,1.29514,1.29515,69020000,1
1500020880000,1500020939000,1.29514,1.29526,1.29514,1.29526,81820000,1
1500020940000,1500020999000,1.29526,1.29527,1.29523,1.29527,44080000,1
1500021000000,1500021059000,1.29526,1.29532,1.29526,1.29529,63970000,1
1500021060000,1500021119000,1.29529,1.29543,1.29529,1.29538,109940000,1
1500021120000,1500021179000,1.29538,1.29539,1.29522,1.29528,81050000,1
1500021180000,1500021239000,1.29527,1.29532,1.29522,1.29526,45480000,1
1500021240000,1500021299000,1.29527,1.2956,1.29522,1.2956,86960000,1
1500021300000,1500021359000,1.29559,1.29565,1.29538,1.29538,71030000,1
1500021360000,1500021419000,1.29538,1.29538,1.29522,1.29527,75620000,1
1500021420000,1500021479000,1.29528,1.29532,1.29522,1.29526,76270000,1
1500021480000,1500021539000,1.29525,1.29529,1.29517,1.29528,65840000,1
1500021540000,1500021599000,1.29524,1.29526,1.29519,1.29524,71280000,1
1500021600000,1500021659000,1.29523,1.29525,1.29521,1.29524,44430000,1
1500021660000,1500021719000,1.29525,1.29546,1.29524,1.29544,54990000,1
1500021720000,1500021779000,1.29544,1.29552,1.29544,1.29548,55620000,1
1500021780000,1500021839000,1.29548,1.29567,1.29547,1.29564,54510000,1
1500021840000,1500021899000,1.29566,1.29576,1.29566,1.29572,48900000,1
1500021900000,1500021959000,1.29567,1.29578,1.29567,1.29575,82580000,1
1500021960000,1500022019000,1.29575,1.29582,1.29572,1.29574,51010000,1
1500022020000,1500022079000,1.29576,1.2958,1.29558,1.29564,50360000,1
1500022080000,1500022139000,1.29565,1.29569,1.29559,1.29562,87360000,1
1500022140000,1500022199000,1.29562,1.29583,1.29562,1.29583,80240000,1
1500022200000,1500022259000,1.29584,1.29584,1.29556,1.29556,122110000,1
1500022260000,1500022319000,1.29557,1.29572,1.29556,1.29566,53190000,1
1500022320000,1500022379000,1.29566,1.29585,1.29566,1.29582,129430000,1
1500022380000,1500022439000,1.29581,1.29605,1.29581,1.29605,116500000,1
1500022440000,1500022499000,1.29605,1.29616,1.29596,1.296,166180000,1
1500022500000,1500022559000,1.296,1.296,1.29589,1.29594,117290000,1
1500022560000,1500022619000,1.29594,1.29594,1.2958,1.29584,120110000,1
1500022620000,1500022679000,1.29584,1.29586,1.29579,1.29582,77350000,1
1500022680000,1500022739000,1.29582,1.29585,1.29574,1.29576,49850000,1
1500022740000,1500022799000,1.29576,1.29584,1.29569,1.29574,98900000,1
1500022800000,1500022859000,1.29574,1.29583,1.29566,1.29574,194930000,1
1500022860000,1500022919000,1.29573,1.29573,1.29557,1.29563,174510000,1
1500022920000,1500022979000,1.29563,1.29628,1.29559,1.29626,107900000,1
1500022980000,1500023039000,1.29626,1.29642,1.29622,1.29631,164260000,1
1500023040000,1500023099000,1.29631,1.29645,1.29623,1.29632,136410000,1
1500023100000,1500023159000,1.29632,1.29641,1.29621,1.29641,61710000,1
1500023160000,1500023219000,1.29643,1.29643,1.29627,1.29635,99850000,1
1500023220000,1500023279000,1.29634,1.29635,1.29621,1.29623,123930000,1
1500023280000,1500023339000,1.29624,1.29636,1.29621,1.29634,120640000,1
1500023340000,1500023399000,1.29632,1.29655,1.29621,1.29647,128820000,1
1500023400000,1500023459000,1.29647,1.29653,1.29645,1.29647,87830000,1
1500023460000,1500023519000,1.29648,1.29668,1.29645,1.29663,245400000,1
1500023520000,1500023579000,1.29665,1.29684,1.29654,1.29654,143840000,1
1500023580000,1500023639000,1.29653,1.29653,1.29634,1.29641,188460000,1
1500023640000,1500023699000,1.29641,1.29643,1.29631,1.29638,179090000,1
1500023700000,1500023759000,1.29637,1.29649,1.29624,1.29649,239010000,1
1500023760000,1500023819000,1.29649,1.29659,1.29637,1.29648,225280000,1
1500023820000,1500023879000,1.29647,1.29653,1.29633,1.29634,149630000,1
1500023880000,1500023939000,1.29633,1.29654,1.29632,1.29633,220200000,1
1500023940000,1500023999000,1.29634,1.29641,1.29631,1.29631,137890000,1
1500024000000,1500024059000,1.29631,1.29642,1.29628,1.29641,175730000,1
1500024060000,1500024119000,1.29641,1.29651,1.29641,1.29646,99750000,1
1500024120000,1500024179000,1.29645,1.29661,1.29644,1.29646,191640000,1
1500024180000,1500024239000,1.29645,1.29663,1.29645,1.29663,92220000,1
1500024240000,1500024299000,1.29663,1.29673,1.29663,1.2967,66570000,1
1500024300000,1500024359000,1.29671,1.29689,1.29668,1.29674,172350000,1
1500024360000,1500024419000,1.29676,1.2968,1.29673,1.29674,72800000,1
1500024420000,1500024479000,1.29675,1.29675,1.29625,1.29633,140070000,1
1500024480000,1500024539000,1.29635,1.29642,1.29613,1.29615,106740000,1
1500024540000,1500024599000,1.29616,1.29616,1.29613,1.29613,50300000,1
1500024600000,1500024659000,1.29613,1.29618,1.29613,1.29617,46060000,1
1500024660000,1500024719000,1.29618,1.29628,1.29617,1.29621,79370000,1
1500024720000,1500024779000,1.29621,1.29637,1.29617,1.29637,96260000,1
1500024780000,1500024839000,1.29637,1.29641,1.29631,1.29631,117610000,1
1500024840000,1500024899000,1.29631,1.29642,1.2963,1.2964,84850000,1
1500024900000,1500024959000,1.2964,1.2966,1.2964,1.29652,122870000,1
1500024960000,1500025019000,1.29652,1.2967,1.29645,1.29645,138590000,1
1500025020000,1500025079000,1.29646,1.29653,1.29644,1.29645,74450000,1
1500025080000,1500025139000,1.29645,1.29647,1.29629,1.2964,132320000,1
1500025140000,1500025199000,1.29641,1.29652,1.29636,1.29641,102250000,1
1500025200000,1500025259000,1.29638,1.29641,1.29614,1.29614,90300000,1
1500025260000,1500025319000,1.29612,1.29615,1.29603,1.29609,83380000,1
1500025320000,1500025379000,1.29609,1.29614,1.29603,1.29612,98550000,1
1500025380000,1500025439000,1.29612,1.29621,1.29603,1.29603,84070000,1
1500025440000,1500025499000,1.29604,1.29609,1.29575,1.29593,173770000,1
1500025500000,1500025559000,1.2959,1.29593,1.29576,1.29592,205770000,1
1500025560000,1500025619000,1.29585,1.29595,1.29573,1.29581,102760000,1
1500025620000,1500025679000,1.29582,1.29583,1.29566,1.29582,124160000,1
1500025680000,1500025739000,1.29582,1.29587,1.29581,1.29583,87170000,1
1500025740000,1500025799000,1.29583,1.29585,1.29575,1.29578,105990000,1
1500025800000,1500025859000,1.29578,1.2959,1.29578,1.29583,92500000,1
1500025860000,1500025919000,1.29583,1.29585,1.29582,1.29584,46050000,1
1500025920000,1500025979000,1.29583,1.29585,1.29583,1.29585,25870000,1
1500025980000,1500026039000,1.29586,1.29588,1.29576,1.29576,67250000,1
1500026040000,1500026099000,1.29579,1.29593,1.29568,1.29592,89250000,1
1500026100000,1500026159000,1.29592,1.29594,1.29583,1.29593,80480000,1
1500026160000,1500026219000,1.29594,1.29605,1.29593,1.29604,101730000,1
1500026220000,1500026279000,1.29604,1.29616,1.29604,1.29611,151930000,1
1500026280000,1500026339000,1.29611,1.29622,1.29607,1.29622,129490000,1
1500026340000,1500026399000,1.29624,1.29634,1.29623,1.29633,55150000,1
1500026400000,1500026459000,1.29634,1.29635,1.29616,1.29623,158400000,1
1500026460000,1500026519000,1.29623,1.29635,1.29617,1.29635,112710000,1
1500026520000,1500026579000,1.29634,1.29635,1.29628,1.29634,58490000,1
1500026580000,1500026639000,1.29633,1.29651,1.29633,1.29646,67310000,1
1500026640000,1500026699000,1.29646,1.29655,1.29645,1.29655,113980000,1
1500026700000,1500026759000,1.29655,1.29655,1.29635,1.29636,84130000,1
1500026760000,1500026819000,1.29637,1.29644,1.29634,1.29637,124840000,1
1500026820000,1500026879000,1.29641,1.29646,1.29635,1.29643,143450000,1
1500026880000,1500026939000,1.29643,1.29646,1.29636,1.29639,103660000,1
1500026940000,1500026999000,1.29638,1.29656,1.29635,1.29655,121440000,1
1500027000000,1500027059000,1.29656,1.29657,1.29642,1.29642,89210000,1
1500027060000,1500027119000,1.29642,1.29646,1.29633,1.29633,48590000,1
1500027120000,1500027179000,1.29632,1.29644,1.29632,1.29642,57760000,1
1500027180000,1500027239000,1.29642,1.29648,1.29639,1.29643,100630000,1
1500027240000,1500027299000,1.29641,1.29666,1.29641,1.29654,68220000,1
1500027300000,1500027359000,1.2966,1.29673,1.29642,1.29642,179720000,1
1500027360000,1500027419000,1.29642,1.29654,1.29642,1.29653,101510000,1
1500027420000,1500027479000,1.29654,1.29667,1.29652,1.2966,97310000,1
1500027480000,1500027539000,1.29662,1.29667,1.29657,1.29661,95270000,1
1500027540000,1500027599000,1.29661,1.29665,1.29661,1.29664,60520000,1
1500027600000,1500027659000,1.29665,1.29672,1.29662,1.29668,54520000,1
1500027660000,1500027719000,1.29668,1.2967,1.29667,1.29668,60130000,1
1500027720000,1500027779000,1.29668,1.29669,1.29663,1.29668,41990000,1
1500027780000,1500027839000,1.29668,1.29673,1.29661,1.29669,81130000,1
1500027840000,1500027899000,1.29669,1.29672,1.29664,1.2967,73660000,1
1500027900000,1500027959000,1.2967,1.29675,1.29666,1.29668,70370000,1
1500027960000,1500028019000,1.29668,1.29671,1.29658,1.29665,45990000,1
1500028020000,1500028079000,1.29665,1.29677,1.29665,1.29672,56400000,1
1500028080000,1500028139000,1.29673,1.29675,1.29665,1.29669,77180000,1
1500028140000,1500028199000,1.29669,1.29686,1.29669,1.29685,67360000,1
1500028200000,1500028259000,1.29685,1.29685,1.29658,1.29661,123050000,1
1500028260000,1500028319000,1.29661,1.29662,1.29639,1.29654,168050000,1
1500028320000,1500028379000,1.29654,1.29673,1.29654,1.29668,81050000,1
1500028380000,1500028439000,1.29667,1.29669,1.29661,1.29661,113360000,1
1500028440000,1500028499000,1.29661,1.29665,1.29655,1.29655,88010000,1
1500028500000,1500028559000,1.29655,1.29655,1.29644,1.29653,101300000,1
1500028560000,1500028619000,1.29653,1.29663,1.29644,1.29662,113750000,1
1500028620000,1500028679000,1.29663,1.2967,1.2966,1.29661,86050000,1
1500028680000,1500028739000,1.2966,1.29662,1.29657,1.29662,48450000,1
1500028740000,1500028799000,1.29665,1.29669,1.29663,1.29663,51090000,1
1500028800000,1500028859000,1.29665,1.29667,1.29659,1.29663,72440000,1
1500028860000,1500028919000,1.29663,1.29666,1.29663,1.29666,42600000,1
1500028920000,1500028979000,1.29666,1.29682,1.29665,1.29682,100090000,1
1500028980000,1500029039000,1.29682,1.29693,1.29682,1.29683,72660000,1
1500029040000,1500029099000,1.29683,1.29696,1.29683,1.2969,109260000,1
1500029100000,1500029159000,1.29689,1.29694,1.29689,1.29692,46450000,1
1500029160000,1500029219000,1.29692,1.29696,1.2969,1.29692,65350000,1
1500029220000,1500029279000,1.29693,1.29693,1.29689,1.29691,23150000,1
1500029280000,1500029339000,1.29692,1.29701,1.29688,1.29692,70400000,1
1500029340000,1500029399000,1.29694,1.29694,1.29685,1.29687,247560000,1
1500029400000,1500029459000,1.29687,1.29695,1.29673,1.29678,93020000,1
1500029460000,1500029519000,1.29679,1.29687,1.29676,1.29683,108960000,1
1500029520000,1500029579000,1.29683,1.2969,1.29683,1.29683,50950000,1
1500029580000,1500029639000,1.29683,1.29685,1.29672,1.29678,87590000,1
1500029640000,1500029699000,1.29677,1.29694,1.29677,1.29693,63750000,1
1500029700000,1500029759000,1.29693,1.29693,1.29686,1.2969,65790000,1
1500029760000,1500029819000,1.2969,1.29699,1.29681,1.29681,52640000,1
1500029820000,1500029879000,1.2968,1.29681,1.29661,1.29678,97390000,1
1500029880000,1500029939000,1.29679,1.29692,1.29679,1.2969,76220000,1
1500029940000,1500029999000,1.29689,1.29696,1.29689,1.29691,80660000,1
1500030000000,1500030059000,1.29693,1.29695,1.2969,1.29691,48420000,1
1500030060000,1500030119000,1.29692,1.29694,1.2969,1.29691,49120000,1
1500030120000,1500030179000,1.29691,1.29696,1.29691,1.29691,85060000,1
1500030180000,1500030239000,1.29691,1.29695,1.29691,1.29693,31430000,1
1500030240000,1500030299000,1.29692,1.29696,1.29692,1.29696,29590000,1
1500030300000,1500030359000,1.29697,1.29697,1.29694,1.29694,37830000,1
1500030360000,1500030419000,1.29694,1.29697,1.29694,1.29694,69690000,1
1500030420000,1500030479000,1.29694,1.29697,1.29692,1.29694,63890000,1
1500030480000,1500030539000,1.29695,1.29718,1.29693,1.29718,120460000,1
1500030540000,1500030599000,1.29717,1.29738,1.29717,1.29733,118150000,1
1500030600000,1500030659000,1.29733,1.29751,1.29727,1.29743,138630000,1
1500030660000,1500030719000,1.29744,1.29755,1.29743,1.29755,62540000,1
1500030720000,1500030779000,1.29756,1.29824,1.29755,1.29807,221560000,1
1500030780000,1500030839000,1.29808,1.29813,1.29761,1.29783,140060000,1
1500030840000,1500030899000,1.29785,1.29832,1.29773,1.2983,157110000,1
1500030900000,1500030959000,1.29829,1.29838,1.2981,1.2982,309550000,1
1500030960000,1500031019000,1.29821,1.29823,1.29819,1.29821,96610000,1
1500031020000,1500031079000,1.29823,1.29823,1.2974,1.29753,142770000,1
1500031080000,1500031139000,1.29753,1.29771,1.29733,1.29762,234150000,1
1500031140000,1500031199000,1.29762,1.29777,1.29743,1.29753,154130000,1
1500031200000,1500031259000,1.29754,1.29775,1.29738,1.29763,131630000,1
1500031260000,1500031319000,1.29765,1.2978,1.29757,1.29778,74920000,1
1500031320000,1500031379000,1.29778,1.29782,1.29766,1.2977,167440000,1
1500031380000,1500031439000,1.2977,1.29781,1.2977,1.29773,87510000,1
1500031440000,1500031499000,1.29774,1.29775,1.29762,1.29762,82610000,1
1500031500000,1500031559000,1.29761,1.29764,1.29752,1.29756,55980000,1
1500031560000,1500031619000,1.29751,1.2976,1.29739,1.29746,88910000,1
1500031620000,1500031679000,1.29746,1.29755,1.29739,1.29754,114760000,1
1500031680000,1500031739000,1.29754,1.2976,1.29749,1.29753,46920000,1
1500031740000,1500031799000,1.29752,1.2976,1.29752,1.29756,101920000,1
1500031800000,1500031859000,1.29757,1.29764,1.29754,1.29759,83190000,1
1500031860000,1500031919000,1.29759,1.29764,1.29753,1.29756,110630000,1
1500031920000,1500031979000,1.29757,1.29757,1.29741,1.29744,44870000,1
1500031980000,1500032039000,1.29744,1.29757,1.29744,1.29756,65430000,1
1500032040000,1500032099000,1.29755,1.2976,1.29755,1.29759,60440000,1
1500032100000,1500032159000,1.2976,1.29763,1.29757,1.29759,64910000,1
1500032160000,1500032219000,1.29758,1.2976,1.29754,1.29754,53070000,1
1500032220000,1500032279000,1.29754,1.29758,1.29753,1.29753,73140000,1
1500032280000,1500032339000,1.29754,1.29758,1.29753,1.29754,45020000,1
1500032340000,1500032399000,1.29755,1.29758,1.29755,1.29755,34470000,1
1500032400000,1500032459000,1.29756,1.29762,1.29754,1.29754,46350000,1
1500032460000,1500032519000,1.29754,1.29763,1.29753,1.29758,105530000,1
1500032520000,1500032579000,1.29758,1.29763,1.29751,1.29752,85410000,1
1500032580000,1500032639000,1.29753,1.29758,1.29743,1.29747,131420000,1
1500032640000,1500032699000,1.29747,1.29761,1.29741,1.29761,108220000,1
1500032700000,1500032759000,1.29761,1.29762,1.29755,1.29761,74850000,1
1500032760000,1500032819000,1.29758,1.29778,1.29758,1.29777,94090000,1
1500032820000,1500032879000,1.29775,1.29788,1.29775,1.29785,130500000,1
1500032880000,1500032939000,1.29787,1.29787,1.29778,1.29782,67490000,1
1500032940000,1500032999000,1.29783,1.29783,1.29764,1.29772,87160000,1
1500033000000,1500033059000,1.29772,1.29774,1.29771,1.29773,53640000,1
1500033060000,1500033119000,1.29772,1.29782,1.29765,1.29776,135310000,1
1500033120000,1500033179000,1.29776,1.29783,1.29775,1.2978,56530000,1
1500033180000,1500033239000,1.29779,1.29781,1.29771,1.29774,98630000,1
1500033240000,1500033299000,1.29774,1.2979,1.29772,1.29782,127480000,1
1500033300000,1500033359000,1.29782,1.29791,1.2978,1.29785,169730000,1
1500033360000,1500033419000,1.29784,1.29786,1.29779,1.29782,95800000,1
1500033420000,1500033479000,1.29782,1.29783,1.29772,1.29779,107300000,1
1500033480000,1500033539000,1.29776,1.2979,1.29772,1.29786,111130000,1
1500033540000,1500033599000,1.29786,1.29793,1.29783,1.29792,96990000,1
1500033600000,1500033659000,1.29794,1.29796,1.29792,1.29795,63110000,1
1500033660000,1500033719000,1.29795,1.29797,1.2979,1.29791,62590000,1
1500033720000,1500033779000,1.29791,1.29794,1.2977,1.2977,162770000,1
1500033780000,1500033839000,1.2977,1.29772,1.29762,1.2977,147780000,1
1500033840000,1500033899000,1.2977,1.2978,1.29765,1.29772,131420000,1
1500033900000,1500033959000,1.29772,1.29775,1.29761,1.29763,105370000,1
1500033960000,1500034019000,1.29763,1.29773,1.29755,1.29755,99790000,1
1500034020000,1500034079000,1.29755,1.29757,1.29726,1.29727,159000000,1
1500034080000,1500034139000,1.2973,1.29749,1.2973,1.2974,71240000,1
1500034140000,1500034199000,1.2974,1.29743,1.29732,1.2974,526340000,1
1500034200000,1500034259000,1.2974,1.2974,1.29724,1.29725,93480000,1
1500034260000,1500034319000,1.29724,1.2975,1.29724,1.29749,111090000,1
1500034320000,1500034379000,1.2975,1.29761,1.29744,1.29757,106700000,1
1500034380000,1500034439000,1.29757,1.29757,1.29722,1.29723,137170000,1
1500034440000,1500034499000,1.29724,1.29747,1.29724,1.29736,134230000,1
1500034500000,1500034559000,1.29736,1.29744,1.29724,1.29725,100740000,1
1500034560000,1500034619000,1.29725,1.29731,1.29705,1.29706,124670000,1
1500034620000,1500034679000,1.29706,1.29723,1.29705,1.29708,85570000,1
1500034680000,1500034739000,1.29708,1.29746,1.29703,1.29745,123990000,1
1500034740000,1500034799000,1.29745,1.29749,1.29736,1.29742,95040000,1
1500034800000,1500034859000,1.29741,1.29748,1.29734,1.29744,89600000,1
1500034860000,1500034919000,1.29744,1.29758,1.29744,1.29748,91960000,1
1500034920000,1500034979000,1.29751,1.29755,1.29745,1.29754,35130000,1
1500034980000,1500035039000,1.29754,1.29768,1.29752,1.29754,46370000,1
1500035040000,1500035099000,1.29754,1.29757,1.29742,1.29743,125980000,1
1500035100000,1500035159000,1.29743,1.29795,1.29742,1.29793,196560000,1
1500035160000,1500035219000,1.29794,1.29795,1.29777,1.29793,140580000,1
1500035220000,1500035279000,1.29792,1.29793,1.29773,1.29775,100240000,1
1500035280000,1500035339000,1.29779,1.29784,1.29739,1.2976,933200000,1
1500035340000,1500035399000,1.29761,1.2977,1.29722,1.29722,165920000,1
1500035400000,1500035459000,1.29721,1.29936,1.29721,1.29908,443560000,1
1500035460000,1500035519000,1.29904,1.29941,1.2989,1.29936,253800000,1
1500035520000,1500035579000,1.29935,1.29973,1.29929,1.29973,178650000,1
1500035580000,1500035639000,1.29973,1.30018,1.29949,1.29963,436410000,1
1500035640000,1500035699000,1.29961,1.30007,1.29961,1.2999,262950000,1
1500035700000,1500035759000,1.2999,1.29996,1.29948,1.29961,458790000,1
1500035760000,1500035819000,1.29964,1.29987,1.29947,1.2996,330800000,1
1500035820000,1500035879000,1.29962,1.29976,1.29932,1.29948,345040000,1
1500035880000,1500035939000,1.29948,1.29971,1.29919,1.29919,304800000,1
1500035940000,1500035999000,1.29917,1.2994,1.29907,1.29916,1082350000,1
1500036000000,1500036059000,1.29917,1.29962,1.29898,1.29901,3332090000,1
1500036060000,1500036119000,1.29898,1.29935,1.29891,1.29922,298820000,1
1500036120000,1500036179000,1.29931,1.29946,1.29911,1.29935,212200000,1
1500036180000,1500036239000,1.29936,1.29963,1.29931,1.29959,228630000,1
1500036240000,1500036299000,1.29959,1.30019,1.29949,1.30011,218890000,1
1500036300000,1500036359000,1.3001,1.30052,1.29997,1.30052,323220000,1
1500036360000,1500036419000,1.30051,1.30054,1.30021,1.30042,228310000,1
1500036420000,1500036479000,1.30042,1.30045,1.30019,1.30022,149290000,1
1500036480000,1500036539000,1.3002,1.30022,1.29947,1.29958,966010000,1
1500036540000,1500036599000,1.29951,1.29974,1.29929,1.29949,315950000,1
1500036600000,1500036659000,1.29952,1.29979,1.29952,1.29979,148810000,1
1500036660000,1500036719000,1.2998,1.29984,1.29965,1.29981,112850000,1
1500036720000,1500036779000,1.29982,1.29992,1.29969,1.29972,168450000,1
1500036780000,1500036839000,1.29972,1.3002,1.2995,1.30017,276220000,1
1500036840000,1500036899000,1.30018,1.30062,1.30015,1.30061,195030000,1
1500036900000,1500036959000,1.30061,1.30095,1.30049,1.30094,229180000,1
1500036960000,1500037019000,1.30093,1.30098,1.30049,1.30054,152880000,1
1500037020000,1500037079000,1.30053,1.30083,1.30028,1.30038,232080000,1
1500037080000,1500037139000,1.30038,1.30049,1.30021,1.30042,189680000,1
1500037140000,1500037199000,1.30042,1.30116,1.3004,1.30113,349020000,1
1500037200000,1500037259000,1.30113,1.30113,1.30072,1.30073,221750000,1
1500037260000,1500037319000,1.30073,1.30078,1.30058,1.3006,142210000,1
1500037320000,1500037379000,1.3006,1.30085,1.30052,1.30053,132220000,1
1500037380000,1500037439000,1.30053,1.30059,1.30029,1.30039,147680000,1
1500037440000,1500037499000,1.30039,1.30046,1.30022,1.30031,160280000,1
1500037500000,1500037559000,1.30032,1.30067,1.30032,1.30063,133110000,1
1500037560000,1500037619000,1.30063,1.30064,1.3004,1.30042,123080000,1
1500037620000,1500037679000,1.30043,1.30063,1.30019,1.30052,241570000,1
1500037680000,1500037739000,1.30053,1.30081,1.30041,1.30047,172880000,1
1500037740000,1500037799000,1.3005,1.3009,1.30048,1.30054,139870000,1
1500037800000,1500037859000,1.30053,1.30055,1.30031,1.30042,161440000,1
1500037860000,1500037919000,1.30038,1.30046,1.30001,1.30017,145460000,1
1500037920000,1500037979000,1.30014,1.3008,1.3001,1.3008,146630000,1
1500037980000,1500038039000,1.30081,1.30103,1.3005,1.30062,227620000,1
1500038040000,1500038099000,1.30063,1.30108,1.30038,1.30051,269310000,1
1500038100000,1500038159000,1.30056,1.30071,1.30037,1.30067,224880000,1
1500038160000,1500038219000,1.30065,1.30071,1.30017,1.30036,198810000,1
1500038220000,1500038279000,1.30036,1.3006,1.30028,1.30055,180940000,1
1500038280000,1500038339000,1.30055,1.30057,1.30027,1.30038,158560000,1
1500038340000,1500038399000,1.30036,1.30104,1.3003,1.30094,245310000,1
1500038400000,1500038459000,1.30092,1.30104,1.3007,1.30071,149560000,1
1500038460000,1500038519000,1.3007,1.30082,1.3007,1.30076,130310000,1
1500038520000,1500038579000,1.30077,1.30108,1.3006,1.30068,236720000,1
1500038580000,1500038639000,1.3007,1.30092,1.30066,1.30091,160020000,1
1500038640000,1500038699000,1.30092,1.30116,1.30091,1.30112,158380000,1
1500038700000,1500038759000,1.30113,1.30131,1.30111,1.30126,135700000,1
1500038760000,1500038819000,1.3013,1.30141,1.30119,1.30133,112500000,1
1500038820000,1500038879000,1.30132,1.30132,1.30072,1.30076,178860000,1
1500038880000,1500038939000,1.30078,1.30104,1.30078,1.30096,95210000,1
1500038940000,1500038999000,1.30102,1.30133,1.30097,1.30133,162760000,1
1500039000000,1500039059000,1.30135,1.30207,1.30124,1.30164,217200000,1
1500039060000,1500039119000,1.3017,1.30201,1.3017,1.30183,205120000,1
1500039120000,1500039179000,1.30184,1.3021,1.30182,1.30202,200600000,1
1500039180000,1500039239000,1.30197,1.30197,1.30099,1.30099,248340000,1
1500039240000,1500039299000,1.30106,1.30122,1.30098,1.3011,302530000,1
1500039300000,1500039359000,1.3011,1.30115,1.30088,1.301,197400000,1
1500039360000,1500039419000,1.30102,1.30155,1.30099,1.30144,299760000,1
1500039420000,1500039479000,1.30151,1.30172,1.30135,1.30171,213160000,1
1500039480000,1500039539000,1.3017,1.30205,1.30153,1.30169,177740000,1
1500039540000,1500039599000,1.30171,1.30196,1.30171,1.30182,166980000,1
1500039600000,1500039659000,1.3018,1.30224,1.30173,1.30203,151400000,1
1500039660000,1500039719000,1.30203,1.30206,1.3018,1.30203,137230000,1
1500039720000,1500039779000,1.30203,1.30206,1.30184,1.30193,132430000,1
1500039780000,1500039839000,1.30191,1.30225,1.30191,1.30208,126550000,1
1500039840000,1500039899000,1.30208,1.30212,1.30191,1.30207,150680000,1
1500039900000,1500039959000,1.30207,1.30212,1.30195,1.30209,125030000,1
1500039960000,1500040019000,1.30208,1.30358,1.30208,1.30331,152970000,1
1500040020000,1500040079000,1.30332,1.30408,1.30313,1.30367,439690000,1
1500040080000,1500040139000,1.30366,1.30371,1.30341,1.30352,192550000,1
1500040140000,1500040199000,1.30352,1.30382,1.30349,1.30382,189190000,1
1500040200000,1500040259000,1.30383,1.30392,1.30328,1.30331,236050000,1
1500040260000,1500040319000,1.30331,1.30346,1.30314,1.30329,240470000,1
1500040320000,1500040379000,1.3034,1.30348,1.30321,1.30327,231160000,1
1500040380000,1500040439000,1.30327,1.30343,1.30308,1.30324,338380000,1
1500040440000,1500040499000,1.30324,1.30333,1.30319,1.30323,95090000,1
1500040500000,1500040559000,1.30326,1.30329,1.30301,1.30327,172190000,1
1500040560000,1500040619000,1.30327,1.30351,1.30321,1.30348,134240000,1
1500040620000,1500040679000,1.30347,1.3037,1.30339,1.30368,200520000,1
1500040680000,1500040739000,1.30365,1.30558,1.3036,1.30457,286820000,1
1500040740000,1500040799000,1.3046,1.30572,1.30447,1.30538,327970000,1
1500040800000,1500040859000,1.30543,1.3066,1.30539,1.30639,453350000,1
1500040860000,1500040919000,1.30641,1.30729,1.306,1.30607,420890000,1
1500040920000,1500040979000,1.30599,1.30647,1.30598,1.30632,262570000,1
1500040980000,1500041039000,1.30631,1.30678,1.30631,1.30668,265770000,1
1500041040000,1500041099000,1.30673,1.30702,1.30647,1.30702,278890000,1
1500041100000,1500041159000,1.30704,1.30831,1.30703,1.30767,378610000,1
1500041160000,1500041219000,1.30765,1.30784,1.30719,1.30731,259800000,1
1500041220000,1500041279000,1.30732,1.30732,1.30694,1.30701,218750000,1
1500041280000,1500041339000,1.30707,1.30709,1.30646,1.30649,203470000,1
1500041340000,1500041399000,1.30655,1.30686,1.30645,1.30685,204410000,1
1500041400000,1500041459000,1.30685,1.30716,1.30629,1.30629,321510000,1
1500041460000,1500041519000,1.30629,1.30641,1.3058,1.3059,290480000,1
1500041520000,1500041579000,1.30592,1.30659,1.3059,1.30659,211770000,1
1500041580000,1500041639000,1.30658,1.30695,1.30658,1.30688,174650000,1
1500041640000,1500041699000,1.30688,1.30712,1.30683,1.30707,161340000,1
1500041700000,1500041759000,1.30706,1.30722,1.30688,1.307,210690000,1
1500041760000,1500041819000,1.30697,1.30716,1.30682,1.30686,166130000,1
1500041820000,1500041879000,1.30687,1.30709,1.30669,1.30703,187510000,1
1500041880000,1500041939000,1.30703,1.30711,1.30668,1.30711,192400000,1
1500041940000,1500041999000,1.30712,1.30737,1.3071,1.30731,202980000,1
1500042000000,1500042059000,1.30732,1.30773,1.30731,1.30773,195260000,1
1500042060000,1500042119000,1.30774,1.30793,1.30759,1.30785,207260000,1
1500042120000,1500042179000,1.30785,1.30805,1.30771,1.30792,174290000,1
1500042180000,1500042239000,1.30792,1.30792,1.30758,1.30769,198000000,1
1500042240000,1500042299000,1.3077,1.30809,1.30759,1.30779,264480000,1
1500042300000,1500042359000,1.3078,1.30784,1.30757,1.30759,220970000,1
1500042360000,1500042419000,1.30759,1.30768,1.3074,1.3074,240380000,1
1500042420000,1500042479000,1.3074,1.30742,1.30716,1.30716,202130000,1
1500042480000,1500042539000,1.30717,1.30721,1.30684,1.30684,232950000,1
1500042540000,1500042599000,1.30683,1.30693,1.30649,1.30657,256810000,1
1500042600000,1500042659000,1.30657,1.30681,1.30644,1.3065,300130000,1
1500042660000,1500042719000,1.30649,1.30676,1.30639,1.30669,226010000,1
1500042720000,1500042779000,1.3067,1.30698,1.3067,1.30678,215360000,1
1500042780000,1500042839000,1.30685,1.30709,1.30678,1.30689,307930000,1
1500042840000,1500042899000,1.30688,1.30702,1.30679,1.30698,147120000,1
1500042900000,1500042959000,1.30694,1.30706,1.30688,1.30706,92400000,1
1500042960000,1500043019000,1.30706,1.30724,1.30701,1.30719,97760000,1
1500043020000,1500043079000,1.30721,1.30768,1.30721,1.30768,200490000,1
1500043080000,1500043139000,1.30771,1.30774,1.30755,1.30759,148540000,1
1500043140000,1500043199000,1.30758,1.30761,1.30718,1.30741,131480000,1
1500043200000,1500043259000,1.3074,1.30746,1.30668,1.30669,262120000,1
1500043260000,1500043319000,1.30667,1.30702,1.30661,1.30667,236340000,1
1500043320000,1500043379000,1.30668,1.30703,1.30636,1.30679,281810000,1
1500043380000,1500043439000,1.30679,1.30738,1.30679,1.30727,228350000,1
1500043440000,1500043499000,1.30728,1.30754,1.30677,1.3069,281850000,1
1500043500000,1500043559000,1.30693,1.30794,1.30688,1.30778,456180000,1
1500043560000,1500043619000,1.3078,1.30795,1.30715,1.3074,307390000,1
1500043620000,1500043679000,1.30741,1.3075,1.30705,1.30735,221920000,1
1500043680000,1500043739000,1.30738,1.30752,1.30699,1.30699,235870000,1
1500043740000,1500043799000,1.30699,1.30743,1.30698,1.30741,149520000,1
1500043800000,1500043859000,1.30741,1.30751,1.30709,1.30721,269170000,1
1500043860000,1500043919000,1.30728,1.3074,1.30716,1.30735,131900000,1
1500043920000,1500043979000,1.30735,1.30791,1.30734,1.30782,154080000,1
1500043980000,1500044039000,1.30778,1.3079,1.30768,1.3079,261040000,1
1500044040000,1500044099000,1.3079,1.30799,1.30759,1.30768,260740000,1
1500044100000,1500044159000,1.30768,1.30779,1.30758,1.30774,226030000,1
1500044160000,1500044219000,1.30774,1.30782,1.30758,1.30758,129720000,1
1500044220000,1500044279000,1.30758,1.30832,1.30746,1.30832,296140000,1
1500044280000,1500044339000,1.30832,1.30863,1.30809,1.30852,280610000,1
1500044340000,1500044399000,1.30851,1.30872,1.30838,1.30845,276320000,1
1500044400000,1500044459000,1.30846,1.30864,1.30817,1.3082,367950000,1
1500044460000,1500044519000,1.30822,1.30872,1.3082,1.3083,254800000,1
1500044520000,1500044579000,1.30831,1.30849,1.3083,1.30842,144980000,1
1500044580000,1500044639000,1.30843,1.30875,1.30842,1.30851,171980000,1
1500044640000,1500044699000,1.30849,1.30849,1.30801,1.30802,196070000,1
1500044700000,1500044759000,1.308,1.30814,1.30799,1.30809,190880000,1
1500044760000,1500044819000,1.30808,1.30824,1.30801,1.30822,171220000,1
1500044820000,1500044879000,1.30822,1.30827,1.30811,1.30824,150600000,1
1500044880000,1500044939000,1.30824,1.30836,1.30822,1.30831,238460000,1
1500044940000,1500044999000,1.30831,1.30853,1.3083,1.30841,169120000,1
1500045000000,1500045059000,1.30841,1.30854,1.30839,1.30851,98900000,1
1500045060000,1500045119000,1.30853,1.30854,1.30827,1.30827,148770000,1
1500045120000,1500045179000,1.30827,1.30827,1.30789,1.3079,219120000,1
1500045180000,1500045239000,1.30791,1.30795,1.30758,1.30785,203210000,1
1500045240000,1500045299000,1.30785,1.3081,1.30775,1.3081,195690000,1
1500045300000,1500045359000,1.30809,1.3082,1.30799,1.30814,193090000,1
1500045360000,1500045419000,1.30814,1.30837,1.30802,1.30833,105310000,1
1500045420000,1500045479000,1.30833,1.30833,1.30812,1.30817,108230000,1
1500045480000,1500045539000,1.30816,1.3084,1.3081,1.3084,154930000,1
1500045540000,1500045599000,1.3084,1.3085,1.30817,1.30831,149790000,1
1500045600000,1500045659000,1.30831,1.30887,1.30831,1.30884,217540000,1
1500045660000,1500045719000,1.30887,1.30901,1.30866,1.3087,152210000,1
1500045720000,1500045779000,1.30869,1.30883,1.30869,1.30875,75460000,1
1500045780000,1500045839000,1.30876,1.30881,1.30867,1.30878,166560000,1
1500045840000,1500045899000,1.30878,1.30882,1.30871,1.3088,97230000,1
1500045900000,1500045959000,1.3088,1.30931,1.30878,1.30923,237760000,1
1500045960000,1500046019000,1.30923,1.30929,1.30902,1.30923,169040000,1
1500046020000,1500046079000,1.30922,1.30926,1.30909,1.30909,159980000,1
1500046080000,1500046139000,1.30909,1.30911,1.30896,1.3091,150290000,1
1500046140000,1500046199000,1.30908,1.30911,1.30896,1.30901,108980000,1
1500046200000,1500046259000,1.30901,1.3091,1.30896,1.3091,114210000,1
1500046260000,1500046319000,1.30907,1.30907,1.30899,1.30899,67960000,1
1500046320000,1500046379000,1.30898,1.309,1.30878,1.3088,167230000,1
1500046380000,1500046439000,1.30881,1.30887,1.30849,1.30852,215290000,1
1500046440000,1500046499000,1.30852,1.3086,1.30827,1.30838,232030000,1
1500046500000,1500046559000,1.30838,1.30858,1.30837,1.30838,160010000,1
1500046560000,1500046619000,1.30838,1.30839,1.30817,1.30827,200240000,1
1500046620000,1500046679000,1.30827,1.30853,1.30827,1.30841,92200000,1
1500046680000,1500046739000,1.30841,1.30849,1.30799,1.30804,230620000,1
1500046740000,1500046799000,1.30804,1.30807,1.30773,1.30777,156680000,1
1500046800000,1500046859000,1.30778,1.30789,1.30736,1.30736,169440000,1
1500046860000,1500046919000,1.30737,1.30748,1.30732,1.30736,120050000,1
1500046920000,1500046979000,1.30736,1.30754,1.30726,1.3075,103600000,1
1500046980000,1500047039000,1.3075,1.30772,1.30748,1.30753,87640000,1
1500047040000,1500047099000,1.30754,1.30762,1.30752,1.30758,55090000,1
1500047100000,1500047159000,1.30758,1.3077,1.30748,1.30749,129080000,1
1500047160000,1500047219000,1.30749,1.30751,1.30738,1.3074,129070000,1
1500047220000,1500047279000,1.30739,1.30755,1.30728,1.3073,170440000,1
1500047280000,1500047339000,1.30735,1.3074,1.30707,1.30716,121010000,1
1500047340000,1500047399000,1.30716,1.30724,1.30709,1.30711,97940000,1
1500047400000,1500047459000,1.30711,1.30728,1.30709,1.30727,86470000,1
1500047460000,1500047519000,1.30726,1.30736,1.30719,1.30735,122140000,1
1500047520000,1500047579000,1.30735,1.30736,1.30706,1.30708,72360000,1
1500047580000,1500047639000,1.30709,1.30734,1.30708,1.3073,170280000,1
1500047640000,1500047699000,1.3073,1.3074,1.3073,1.30736,100540000,1
1500047700000,1500047759000,1.30738,1.3074,1.30729,1.3073,171150000,1
1500047760000,1500047819000,1.30731,1.30747,1.30729,1.3073,162450000,1
1500047820000,1500047879000,1.3073,1.30745,1.3073,1.30744,141520000,1
1500047880000,1500047939000,1.30744,1.3076,1.3074,1.30756,157660000,1
1500047940000,1500047999000,1.30756,1.30772,1.30754,1.30771,163640000,1
1500048000000,1500048059000,1.30773,1.308,1.3077,1.308,125950000,1
1500048060000,1500048119000,1.308,1.30823,1.30798,1.3081,175220000,1
1500048120000,1500048179000,1.30809,1.30821,1.30807,1.3081,159000000,1
1500048180000,1500048239000,1.30811,1.30811,1.30783,1.30789,81900000,1
1500048240000,1500048299000,1.30789,1.30801,1.30778,1.30799,123960000,1
1500048300000,1500048359000,1.308,1.30801,1.30784,1.30791,70720000,1
1500048360000,1500048419000,1.30791,1.308,1.30789,1.30799,24620000,1
1500048420000,1500048479000,1.30798,1.308,1.30787,1.30789,63450000,1
1500048480000,1500048539000,1.30788,1.30788,1.30778,1.3078,68960000,1
1500048540000,1500048599000,1.30781,1.30786,1.30778,1.30778,114660000,1
1500048600000,1500048659000,1.30778,1.30798,1.30778,1.30797,94440000,1
1500048660000,1500048719000,1.30799,1.30811,1.30798,1.3081,96350000,1
1500048720000,1500048779000,1.30811,1.30811,1.30799,1.30799,45220000,1
1500048780000,1500048839000,1.30799,1.30799,1.30788,1.30789,140260000,1
1500048840000,1500048899000,1.30789,1.30794,1.30788,1.30793,114320000,1
1500048900000,1500048959000,1.30793,1.308,1.30791,1.30799,34920000,1
1500048960000,1500049019000,1.30801,1.30819,1.30799,1.30801,112620000,1
1500049020000,1500049079000,1.30801,1.30802,1.30791,1.30798,122550000,1
1500049080000,1500049139000,1.30798,1.30798,1.30774,1.30785,90140000,1
1500049140000,1500049199000,1.30784,1.30785,1.30778,1.30779,71970000,1
1500049200000,1500049259000,1.30779,1.30786,1.30777,1.30779,84080000,1
1500049260000,1500049319000,1.30778,1.30786,1.30778,1.30786,52370000,1
1500049320000,1500049379000,1.30784,1.30785,1.30755,1.30757,111760000,1
1500049380000,1500049439000,1.30754,1.30754,1.30733,1.30737,98530000,1
1500049440000,1500049499000,1.30737,1.30738,1.3073,1.3073,130790000,1
1500049500000,1500049559000,1.30729,1.30735,1.30726,1.30734,65260000,1
1500049560000,1500049619000,1.3074,1.30745,1.30737,1.30739,78610000,1
1500049620000,1500049679000,1.30739,1.30745,1.30732,1.30735,72270000,1
1500049680000,1500049739000,1.30736,1.30746,1.30734,1.30741,62110000,1
1500049740000,1500049799000,1.3074,1.30747,1.30737,1.30746,33150000,1
1500049800000,1500049859000,1.30746,1.30747,1.30737,1.30741,38440000,1
1500049860000,1500049919000,1.30739,1.30745,1.30738,1.30738,37720000,1
1500049920000,1500049979000,1.30739,1.30741,1.30722,1.30738,90990000,1
1500049980000,1500050039000,1.30739,1.30739,1.30735,1.30736,38060000,1
1500050040000,1500050099000,1.30737,1.30748,1.30735,1.30748,53340000,1
1500050100000,1500050159000,1.30749,1.30769,1.30749,1.30759,85770000,1
1500050160000,1500050219000,1.3076,1.30766,1.30757,1.30759,74060000,1
1500050220000,1500050279000,1.3076,1.30762,1.30756,1.30758,51700000,1
1500050280000,1500050339000,1.30758,1.30758,1.30756,1.30756,55650000,1
1500050340000,1500050399000,1.30757,1.30764,1.30756,1.30761,79860000,1
1500050400000,1500050459000,1.30762,1.3079,1.30762,1.3079,46860000,1
1500050460000,1500050519000,1.3079,1.3079,1.30769,1.30777,110620000,1
1500050520000,1500050579000,1.30777,1.30777,1.30774,1.30777,74210000,1
1500050580000,1500050639000,1.30777,1.30812,1.30777,1.30799,109560000,1
1500050640000,1500050699000,1.30801,1.30826,1.3079,1.30817,177400000,1
1500050700000,1500050759000,1.30817,1.30817,1.30804,1.30816,91560000,1
1500050760000,1500050819000,1.30816,1.30818,1.30808,1.30818,104610000,1
1500050820000,1500050879000,1.30815,1.3082,1.30808,1.30819,135640000,1
1500050880000,1500050939000,1.30819,1.30819,1.30808,1.30808,93290000,1
1500050940000,1500050999000,1.30807,1.30828,1.30807,1.30828,128790000,1
1500051000000,1500051059000,1.30826,1.30838,1.30826,1.30827,125930000,1
1500051060000,1500051119000,1.30827,1.30827,1.30816,1.30816,51830000,1
1500051120000,1500051179000,1.30817,1.30828,1.30816,1.30828,51710000,1
1500051180000,1500051239000,1.30828,1.30835,1.30825,1.30828,63220000,1
1500051240000,1500051299000,1.30828,1.30831,1.30827,1.30831,43720000,1
1500051300000,1500051359000,1.30831,1.30831,1.30809,1.3081,56160000,1
1500051360000,1500051419000,1.30812,1.30812,1.30789,1.30796,117940000,1
1500051420000,1500051479000,1.30796,1.30804,1.30787,1.30787,112500000,1
1500051480000,1500051539000,1.30791,1.30808,1.30788,1.30795,132060000,1
1500051540000,1500051599000,1.30798,1.30819,1.30789,1.30796,150630000,1
1500051600000,1500051659000,1.30791,1.30799,1.30788,1.30789,84240000,1
1500051660000,1500051719000,1.30789,1.30789,1.30776,1.30776,92270000,1
1500051720000,1500051779000,1.30777,1.3078,1.30764,1.30766,61160000,1
1500051780000,1500051839000,1.30766,1.30781,1.30766,1.30777,104190000,1
1500051840000,1500051899000,1.30779,1.30779,1.30744,1.30746,105240000,1
1500051900000,1500051959000,1.30745,1.30766,1.30743,1.30763,77380000,1
1500051960000,1500052019000,1.30761,1.30763,1.30757,1.30758,110920000,1
1500052020000,1500052079000,1.30758,1.30758,1.30736,1.30746,141130000,1
1500052080000,1500052139000,1.30746,1.30747,1.3074,1.3074,67960000,1
1500052140000,1500052199000,1.30741,1.30755,1.30741,1.30755,65690000,1
1500052200000,1500052259000,1.30755,1.30757,1.30755,1.30757,59250000,1
1500052260000,1500052319000,1.30756,1.30757,1.30745,1.30746,92240000,1
1500052320000,1500052379000,1.30746,1.30747,1.30728,1.30728,132390000,1
1500052380000,1500052439000,1.30728,1.30734,1.30718,1.30718,90180000,1
1500052440000,1500052499000,1.30718,1.30728,1.30706,1.30728,78440000,1
1500052500000,1500052559000,1.30727,1.30729,1.30716,1.30724,88810000,1
1500052560000,1500052619000,1.30725,1.30728,1.30719,1.30726,104880000,1
1500052620000,1500052679000,1.30726,1.30737,1.30726,1.30737,65520000,1
1500052680000,1500052739000,1.30743,1.30748,1.30737,1.3074,39270000,1
1500052740000,1500052799000,1.30739,1.30766,1.30738,1.3076,92460000,1
1500052800000,1500052859000,1.30759,1.30767,1.30754,1.30767,81460000,1
1500052860000,1500052919000,1.30767,1.30768,1.30749,1.30753,60340000,1
1500052920000,1500052979000,1.30756,1.30769,1.30754,1.30768,80500000,1
1500052980000,1500053039000,1.30768,1.30778,1.30767,1.30776,61780000,1
1500053040000,1500053099000,1.30776,1.30781,1.30771,1.30777,53770000,1
1500053100000,1500053159000,1.30777,1.30782,1.30777,1.30778,55500000,1
1500053160000,1500053219000,1.30778,1.30778,1.30777,1.30777,12680000,1
1500053220000,1500053279000,1.30777,1.30779,1.30776,1.30778,51660000,1
1500053280000,1500053339000,1.30778,1.30788,1.30777,1.30788,35830000,1
1500053340000,1500053399000,1.30787,1.30789,1.30778,1.30779,39720000,1
1500053400000,1500053459000,1.30779,1.30782,1.30777,1.30779,49280000,1
1500053460000,1500053519000,1.30778,1.3078,1.30777,1.30779,26120000,1
1500053520000,1500053579000,1.30779,1.30779,1.30767,1.30768,45590000,1
1500053580000,1500053639000,1.30768,1.30768,1.30757,1.30757,66600000,1
1500053640000,1500053699000,1.30757,1.30767,1.30757,1.30757,61510000,1
1500053700000,1500053759000,1.30758,1.30768,1.30757,1.30767,65570000,1
1500053760000,1500053819000,1.30766,1.30768,1.30752,1.30757,96960000,1
1500053820000,1500053879000,1.30757,1.30761,1.30749,1.30749,66090000,1
1500053880000,1500053939000,1.30749,1.30751,1.30749,1.3075,29190000,1
1500053940000,1500053999000,1.30749,1.30749,1.30729,1.30748,81350000,1
1500054000000,1500054059000,1.30749,1.30758,1.30733,1.30758,128660000,1
1500054060000,1500054119000,1.30757,1.30762,1.30744,1.30747,112240000,1
1500054120000,1500054179000,1.30747,1.30759,1.3073,1.30746,94470000,1
1500054180000,1500054239000,1.30748,1.30754,1.30738,1.30738,89150000,1
1500054240000,1500054299000,1.30737,1.30747,1.30729,1.30729,133680000,1
1500054300000,1500054359000,1.30729,1.3074,1.30729,1.30739,111350000,1
1500054360000,1500054419000,1.30739,1.3075,1.30739,1.30748,61370000,1
1500054420000,1500054479000,1.30748,1.3078,1.30748,1.3078,100660000,1
1500054480000,1500054539000,1.3078,1.30811,1.30779,1.30811,64230000,1
1500054540000,1500054599000,1.30809,1.30832,1.30809,1.30816,94050000,1
1500054600000,1500054659000,1.30815,1.30819,1.30815,1.30817,60670000,1
1500054660000,1500054719000,1.30817,1.30835,1.30817,1.30826,91860000,1
1500054720000,1500054779000,1.30826,1.3085,1.30822,1.30847,179820000,1
1500054780000,1500054839000,1.30847,1.30848,1.30838,1.30848,43870000,1
1500054840000,1500054899000,1.30847,1.30854,1.30843,1.30846,61340000,1
1500054900000,1500054959000,1.30847,1.30849,1.30845,1.30848,75010000,1
1500054960000,1500055019000,1.30855,1.30856,1.30848,1.30848,89630000,1
1500055020000,1500055079000,1.30854,1.30856,1.30837,1.30838,89470000,1
1500055080000,1500055139000,1.30839,1.30846,1.30837,1.30844,118010000,1
1500055140000,1500055199000,1.30844,1.30847,1.30838,1.30846,77990000,1
1500055200000,1500055259000,1.30844,1.30857,1.3084,1.30856,68240000,1
1500055260000,1500055319000,1.30856,1.30857,1.30855,1.30857,43220000,1
1500055320000,1500055379000,1.30857,1.30862,1.30857,1.30857,41180000,1
1500055380000,1500055439000,1.30858,1.30859,1.30856,1.30858,45900000,1
1500055440000,1500055499000,1.30858,1.30861,1.30857,1.30861,26880000,1
1500055500000,1500055559000,1.30862,1.30879,1.30862,1.30879,20090000,1
1500055560000,1500055619000,1.30879,1.30907,1.30878,1.30893,83810000,1
1500055620000,1500055679000,1.30892,1.30892,1.30856,1.30877,104770000,1
1500055680000,1500055739000,1.30877,1.30882,1.30867,1.30869,123780000,1
1500055740000,1500055799000,1.30872,1.30883,1.30872,1.3088,42720000,1
1500055800000,1500055859000,1.30886,1.30899,1.30878,1.30899,72640000,1
1500055860000,1500055919000,1.30899,1.309,1.3089,1.3089,64430000,1
1500055920000,1500055979000,1.3089,1.3089,1.30877,1.3088,54900000,1
1500055980000,1500056039000,1.3088,1.3088,1.30878,1.30879,22210000,1
1500056040000,1500056099000,1.30878,1.30895,1.30878,1.30883,20490000,1
1500056100000,1500056159000,1.30881,1.30881,1.30878,1.30878,34970000,1
1500056160000,1500056219000,1.30878,1.30888,1.30876,1.30877,83260000,1
1500056220000,1500056279000,1.30877,1.30928,1.30877,1.30924,159840000,1
1500056280000,1500056339000,1.30924,1.30927,1.30907,1.30907,112500000,1
1500056340000,1500056399000,1.30907,1.30908,1.30906,1.30907,52380000,1
1500056400000,1500056459000,1.30907,1.30918,1.30907,1.30918,55270000,1
1500056460000,1500056519000,1.30917,1.30921,1.30912,1.30912,16250000,1
1500056520000,1500056579000,1.30911,1.30911,1.309,1.30903,24250000,1
1500056580000,1500056639000,1.30903,1.30903,1.30903,1.30903,2000000,1
1500056640000,1500056699000,1.30903,1.30904,1.30891,1.30893,24580000,1
1500056700000,1500056759000,1.30893,1.30919,1.30893,1.30916,47640000,1
1500056760000,1500056819000,1.30915,1.30915,1.30908,1.30909,31330000,1
1500056820000,1500056879000,1.30909,1.30921,1.30909,1.30921,45310000,1
1500056880000,1500056939000,1.30921,1.30921,1.30917,1.3092,14930000,1
1500056940000,1500056999000,1.30919,1.30927,1.3091,1.30918,25860000,1
1500057000000,1500057059000,1.30916,1.30922,1.3091,1.30921,74280000,1
1500057060000,1500057119000,1.30921,1.30922,1.30919,1.3092,10930000,1
1500057120000,1500057179000,1.30919,1.3092,1.30917,1.30917,13280000,1
1500057180000,1500057239000,1.30915,1.30915,1.30908,1.30908,52160000,1
1500057240000,1500057299000,1.30908,1.30908,1.30905,1.30905,32990000,1
1500057300000,1500057359000,1.30905,1.30908,1.30905,1.30908,30440000,1
1500057360000,1500057419000,1.30908,1.3091,1.30905,1.30906,22850000,1
1500057420000,1500057479000,1.30905,1.30905,1.30897,1.30899,27700000,1
1500057480000,1500057539000,1.30899,1.30906,1.30899,1.30906,39990000,1
1500057540000,1500057599000,1.30906,1.30906,1.30905,1.30906,35870000,1
1500057600000,1500057659000,1.30906,1.30906,1.30906,1.30906,30310000,1
1500057660000,1500057719000,1.30907,1.30907,1.30906,1.30906,28030000,1
1500057720000,1500057779000,1.30908,1.30908,1.30888,1.30888,57950000,1
1500057780000,1500057839000,1.30888,1.30899,1.30888,1.30898,19740000,1
1500057840000,1500057899000,1.30898,1.30901,1.30895,1.30901,19880000,1
1500057900000,1500057959000,1.30901,1.30902,1.309,1.309,17000000,1
1500057960000,1500058019000,1.30901,1.30901,1.30897,1.30898,22120000,1
1500058020000,1500058079000,1.30898,1.309,1.30898,1.309,23120000,1
1500058080000,1500058139000,1.309,1.309,1.30897,1.30899,36090000,1
1500058140000,1500058199000,1.30899,1.30899,1.30898,1.30899,17000000,1
1500058200000,1500058259000,1.30899,1.30899,1.30897,1.30899,25420000,1
1500058260000,1500058319000,1.30899,1.309,1.30897,1.30897,22360000,1
1500058320000,1500058379000,1.30897,1.30899,1.30857,1.30858,138640000,1
1500058380000,1500058439000,1.30858,1.30873,1.30858,1.30866,90900000,1
1500058440000,1500058499000,1.30867,1.30869,1.30865,1.30865,81060000,1
1500058500000,1500058559000,1.30866,1.30868,1.30865,1.30866,57070000,1
1500058560000,1500058619000,1.30866,1.30873,1.30863,1.30865,96560000,1
1500058620000,1500058679000,1.30865,1.30867,1.30858,1.30865,156670000,1
1500058680000,1500058739000,1.30866,1.30871,1.30859,1.30866,152180000,1
1500058740000,1500058799000,1.30866,1.30887,1.3086,1.30878,113890000,1
1500058800000,1500058859000,1.30878,1.30889,1.30878,1.30886,36540000,1
1500058860000,1500058919000,1.30886,1.30887,1.30884,1.30885,74410000,1
1500058920000,1500058979000,1.30886,1.30886,1.30876,1.30876,70560000,1
1500058980000,1500059039000,1.30876,1.3088,1.30874,1.30879,32800000,1
1500059040000,1500059099000,1.30878,1.30891,1.30878,1.30891,16180000,1
1500059100000,1500059159000,1.30891,1.30894,1.30891,1.30892,11000000,1
1500059160000,1500059219000,1.30896,1.30902,1.30896,1.30902,16490000,1
1500059220000,1500059279000,1.30902,1.3091,1.309,1.3091,26610000,1
1500059280000,1500059339000,1.30909,1.30909,1.30899,1.30907,63850000,1
1500059340000,1500059399000,1.30907,1.30919,1.30907,1.30919,39410000,1
1500059400000,1500059459000,1.30926,1.30932,1.30926,1.30928,37600000,1
1500059460000,1500059519000,1.30928,1.30928,1.30916,1.30916,69480000,1
1500059520000,1500059579000,1.30915,1.30924,1.30914,1.30918,84550000,1
1500059580000,1500059639000,1.30918,1.30924,1.30918,1.30918,34710000,1
1500059640000,1500059699000,1.30918,1.30946,1.30917,1.30946,103810000,1
1500059700000,1500059759000,1.30947,1.30948,1.30931,1.30938,77940000,1
1500059760000,1500059819000,1.30932,1.30932,1.30928,1.30931,31730000,1
1500059820000,1500059879000,1.30929,1.3093,1.30915,1.30917,55730000,1
1500059880000,1500059939000,1.30918,1.30918,1.30912,1.30917,50830000,1
1500059940000,1500059999000,1.30918,1.30918,1.30915,1.30915,73900000,1
1500060000000,1500060059000,1.30915,1.30941,1.30915,1.30941,49750000,1
1500060060000,1500060119000,1.30941,1.30941,1.30931,1.30931,28370000,1
1500060120000,1500060179000,1.30932,1.30941,1.3093,1.30941,37000000,1
1500060180000,1500060239000,1.3094,1.30942,1.3094,1.30941,31000000,1
1500060240000,1500060299000,1.30941,1.30942,1.30937,1.30938,24740000,1
1500060300000,1500060359000,1.30938,1.30938,1.30937,1.30937,23420000,1
1500060360000,1500060419000,1.30938,1.30938,1.30937,1.30937,24550000,1
1500060420000,1500060479000,1.30938,1.30961,1.30937,1.30958,75580000,1
1500060480000,1500060539000,1.30959,1.30963,1.30954,1.30957,47420000,1
1500060540000,1500060599000,1.30957,1.30958,1.30946,1.30947,32780000,1
1500060600000,1500060659000,1.30948,1.30954,1.30944,1.30947,78000000,1
1500060660000,1500060719000,1.30947,1.30948,1.30947,1.30947,20580000,1
1500060720000,1500060779000,1.30947,1.30961,1.30947,1.30961,32740000,1
1500060780000,1500060839000,1.30961,1.30961,1.30959,1.30959,13500000,1
1500060840000,1500060899000,1.30959,1.30961,1.30959,1.30961,16120000,1
1500060900000,1500060959000,1.30961,1.30962,1.30957,1.30958,37470000,1
1500060960000,1500061019000,1.30958,1.30963,1.30958,1.30958,31730000,1
1500061020000,1500061079000,1.30958,1.30967,1.30957,1.30967,91010000,1
1500061080000,1500061139000,1.30967,1.30967,1.30964,1.30964,37110000,1
1500061140000,1500061199000,1.30964,1.30965,1.30963,1.30965,70160000,1
1500061200000,1500061259000,1.30965,1.30967,1.30965,1.30967,22740000,1
1500061260000,1500061319000,1.30964,1.30966,1.30961,1.30963,27740000,1
1500061320000,1500061379000,1.30963,1.30965,1.30961,1.30964,53750000,1
1500061380000,1500061439000,1.30964,1.30988,1.30964,1.30977,89590000,1
1500061440000,1500061499000,1.30978,1.31128,1.30977,1.31055,183490000,1
1500061500000,1500061559000,1.31055,1.31055,1.30988,1.30997,207460000,1
1500061560000,1500061619000,1.30997,1.31002,1.30983,1.30985,119010000,1
1500061620000,1500061679000,1.30987,1.30987,1.30976,1.30978,153330000,1
1500061680000,1500061739000,1.30978,1.30985,1.30974,1.30985,51990000,1
1500061740000,1500061799000,1.30982,1.31014,1.30974,1.31004,140150000,1
1500061800000,1500061859000,1.31004,1.31011,1.31004,1.31008,75660000,1
1500061860000,1500061919000,1.31008,1.31016,1.31007,1.31007,62460000,1
1500061920000,1500061979000,1.31007,1.31024,1.31003,1.31017,93560000,1
1500061980000,1500062039000,1.31019,1.31033,1.31019,1.31031,58620000,1
1500062040000,1500062099000,1.31031,1.31037,1.31029,1.31031,58240000,1
1500062100000,1500062159000,1.31031,1.31056,1.3103,1.31049,108470000,1
1500062160000,1500062219000,1.31049,1.3105,1.31036,1.31046,53480000,1
1500062220000,1500062279000,1.31044,1.31058,1.31039,1.31057,100420000,1
1500062280000,1500062339000,1.31057,1.31087,1.31057,1.31057,196710000,1
1500062340000,1500062399000,1.31057,1.31107,1.31056,1.31083,180810000,1
1500062400000,1500062459000,1.31082,1.31095,1.31073,1.31083,138480000,1
1500062460000,1500062519000,1.31083,1.31083,1.31052,1.31052,96530000,1
1500062520000,1500062579000,1.31053,1.31067,1.31052,1.31063,88900000,1
1500062580000,1500062639000,1.31062,1.31062,1.31037,1.31037,55420000,1
1500062640000,1500062699000,1.31035,1.31044,1.31033,1.31038,81130000,1
1500062700000,1500062759000,1.31039,1.31058,1.31038,1.31057,116210000,1
1500062760000,1500062819000,1.31058,1.31078,1.31058,1.31075,93750000,1
1500062820000,1500062879000,1.31075,1.31077,1.31057,1.31057,69860000,1
1500062880000,1500062939000,1.31058,1.31063,1.31052,1.31055,80580000,1
1500062940000,1500062999000,1.31055,1.31055,1.31033,1.31033,45020000,1
1500063000000,1500063059000,1.31032,1.31038,1.31024,1.31024,52610000,1
1500063060000,1500063119000,1.31024,1.31025,1.31017,1.31022,52360000,1
1500063120000,1500063179000,1.31022,1.31043,1.31021,1.31037,51410000,1
1500063180000,1500063239000,1.31037,1.31041,1.31037,1.31038,41110000,1
1500063240000,1500063299000,1.31042,1.31043,1.31037,1.31038,46230000,1
1500063300000,1500063359000,1.31037,1.31048,1.31037,1.31047,40440000,1
1500063360000,1500063419000,1.31043,1.31048,1.31042,1.31047,29560000,1
1500063420000,1500063479000,1.31048,1.31048,1.31047,1.31048,22500000,1
1500063480000,1500063539000,1.31047,1.31048,1.31034,1.31037,38600000,1
1500063540000,1500063599000,1.31037,1.31038,1.31037,1.31038,23740000,1
1500063600000,1500063659000,1.31037,1.31043,1.31037,1.31038,71180000,1
1500063660000,1500063719000,1.31039,1.31041,1.31036,1.31036,59930000,1
1500063720000,1500063779000,1.31034,1.31034,1.31032,1.31032,43960000,1
1500063780000,1500063839000,1.31037,1.31048,1.31037,1.31047,54620000,1
1500063840000,1500063899000,1.31048,1.31048,1.31034,1.31037,30500000,1
1500063900000,1500063959000,1.31038,1.31038,1.31037,1.31037,21250000,1
1500063960000,1500064019000,1.31037,1.31038,1.31037,1.31037,32120000,1
1500064020000,1500064079000,1.31037,1.31038,1.31037,1.31037,36000000,1
1500064080000,1500064139000,1.31038,1.31058,1.31037,1.31051,29120000,1
1500064140000,1500064199000,1.31051,1.31071,1.31051,1.31067,40800000,1
1500064200000,1500064259000,1.31071,1.31126,1.31068,1.31125,94200000,1
1500064260000,1500064319000,1.31126,1.31134,1.31115,1.31133,89010000,1
1500064320000,1500064379000,1.31132,1.31135,1.3112,1.3112,55300000,1
1500064380000,1500064439000,1.3112,1.3112,1.31113,1.31118,77980000,1
1500064440000,1500064499000,1.31118,1.31118,1.31107,1.31107,58430000,1
1500064500000,1500064559000,1.31109,1.31111,1.31087,1.31087,73750000,1
1500064560000,1500064619000,1.31087,1.31087,1.3107,1.3107,23480000,1
1500064620000,1500064679000,1.31072,1.31073,1.31069,1.31073,60810000,1
1500064680000,1500064739000,1.31073,1.31073,1.3107,1.31072,68280000,1
1500064740000,1500064799000,1.31072,1.31077,1.3107,1.31075,147240000,1
1500064800000,1500064859000,1.31075,1.31109,1.31074,1.31101,196030000,1
1500064860000,1500064919000,1.31101,1.31102,1.31097,1.31099,123590000,1
1500064920000,1500064979000,1.31099,1.31102,1.31097,1.31102,72270000,1
1500064980000,1500065039000,1.31101,1.31101,1.31096,1.31097,76510000,1
1500065040000,1500065099000,1.31097,1.31105,1.31097,1.31099,46320000,1
1500065100000,1500065159000,1.31099,1.31106,1.31096,1.31097,49370000,1
1500065160000,1500065219000,1.31097,1.311,1.31072,1.31072,92000000,1
1500065220000,1500065279000,1.31069,1.31076,1.31066,1.31073,72330000,1
1500065280000,1500065339000,1.31073,1.31077,1.31069,1.31073,68670000,1
1500065340000,1500065399000,1.31073,1.31073,1.3107,1.3107,71490000,1
1500065400000,1500065459000,1.31069,1.31072,1.31062,1.31062,95100000,1
1500065460000,1500065519000,1.31058,1.31063,1.31055,1.31063,53690000,1
1500065520000,1500065579000,1.31062,1.31066,1.31056,1.31064,26740000,1
1500065580000,1500065639000,1.31065,1.31065,1.31057,1.31057,13000000,1
1500065640000,1500065699000,1.31056,1.31062,1.31053,1.31053,46180000,1
1500065700000,1500065759000,1.31053,1.31055,1.31042,1.31043,28650000,1
1500065760000,1500065819000,1.3103,1.31033,1.31022,1.31023,57250000,1
1500065820000,1500065879000,1.31025,1.31025,1.31021,1.31022,46810000,1
1500065880000,1500065939000,1.31022,1.31034,1.31018,1.3102,64430000,1
1500065940000,1500065999000,1.31014,1.31021,1.30966,1.30973,31660000,1
1500066000000,1500066059000,1.30973,1.30973,1.30973,1.30973,0,1
1500066060000,1500066119000,1.30973,1.30973,1.30973,1.30973,0,1
1500066120000,1500066179000,1.30973,1.30973,1.30973,1.30973,0,1
1500066180000,1500066239000,1.30973,1.30973,1.30973,1.30973,0,1
1500066240000,1500066299000,1.30973,1.30973,1.30973,1.30973,0,1
1500066300000,1500066359000,1.30973,1.30973,1.30973,1.30973,0,1
1500066360000,1500066419000,1.30973,1.30973,1.30973,1.30973,0,1
1500066420000,1500066479000,1.30973,1.30973,1.30973,1.30973,0,1
1500066480000,1500066539000,1.30973,1.30973,1.30973,1.30973,0,1
1500066540000,1500066599000,1.30973,1.30973,1.30973,1.30973,0,1
1500066600000,1500066659000,1.30973,1.30973,1.30973,1.30973,0,1
1500066660000,1500066719000,1.30973,1.30973,1.30973,1.30973,0,1
1500066720000,1500066779000,1.30973,1.30973,1.30973,1.30973,0,1
1500066780000,1500066839000,1.30973,1.30973,1.30973,1.30973,0,1
1500066840000,1500066899000,1.30973,1.30973,1.30973,1.30973,0,1
1500066900000,1500066959000,1.30973,1.30973,1.30973,1.30973,0,1
1500066960000,1500067019000,1.30973,1.30973,1.30973,1.30973,0,1
1500067020000,1500067079000,1.30973,1.30973,1.30973,1.30973,0,1
1500067080000,1500067139000,1.30973,1.30973,1.30973,1.30973,0,1
1500067140000,1500067199000,1.30973,1.30973,1.30973,1.30973,0,1
1500067200000,1500067259000,1.30973,1.30973,1.30973,1.30973,0,1
1500067260000,1500067319000,1.30973,1.30973,1.30973,1.30973,0,1
1500067320000,1500067379000,1.30973,1.30973,1.30973,1.30973,0,1
1500067380000,1500067439000,1.30973,1.30973,1.30973,1.30973,0,1
1500067440000,1500067499000,1.30973,1.30973,1.30973,1.30973,0,1
1500067500000,1500067559000,1.30973,1.30973,1.30973,1.30973,0,1
1500067560000,1500067619000,1.30973,1.30973,1.30973,1.30973,0,1
1500067620000,1500067679000,1.30973,1.30973,1.30973,1.30973,0,1
1500067680000,1500067739000,1.30973,1.30973,1.30973,1.30973,0,1
1500067740000,1500067799000,1.30973,1.30973,1.30973,1.30973,0,1
1500067800000,1500067859000,1.30973,1.30973,1.30973,1.30973,0,1
1500067860000,1500067919000,1.30973,1.30973,1.30973,1.30973,0,1
1500067920000,1500067979000,1.30973,1.30973,1.30973,1.30973,0,1
1500067980000,1500068039000,1.30973,1.30973,1.30973,1.30973,0,1
1500068040000,1500068099000,1.30973,1.30973,1.30973,1.30973,0,1
1500068100000,1500068159000,1.30973,1.30973,1.30973,1.30973,0,1
1500068160000,1500068219000,1.30973,1.30973,1.30973,1.30973,0,1
1500068220000,1500068279000,1.30973,1.30973,1.30973,1.30973,0,1
1500068280000,1500068339000,1.30973,1.30973,1.30973,1.30973,0,1
1500068340000,1500068399000,1.30973,1.30973,1.30973,1.30973,0,1
1500068400000,1500068459000,1.30973,1.30973,1.30973,1.30973,0,1
1500068460000,1500068519000,1.30973,1.30973,1.30973,1.30973,0,1
1500068520000,1500068579000,1.30973,1.30973,1.30973,1.30973,0,1
1500068580000,1500068639000,1.30973,1.30973,1.30973,1.30973,0,1
1500068640000,1500068699000,1.30973,1.30973,1.30973,1.30973,0,1
1500068700000,1500068759000,1.30973,1.30973,1.30973,1.30973,0,1
1500068760000,1500068819000,1.30973,1.30973,1.30973,1.30973,0,1
1500068820000,1500068879000,1.30973,1.30973,1.30973,1.30973,0,1
1500068880000,1500068939000,1.30973,1.30973,1.30973,1.30973,0,1
1500068940000,1500068999000,1.30973,1.30973,1.30973,1.30973,0,1
1500069000000,1500069059000,1.30973,1.30973,1.30973,1.30973,0,1
1500069060000,1500069119000,1.30973,1.30973,1.30973,1.30973,0,1
1500069120000,1500069179000,1.30973,1.30973,1.30973,1.30973,0,1
1500069180000,1500069239000,1.30973,1.30973,1.30973,1.30973,0,1
1500069240000,1500069299000,1.30973,1.30973,1.30973,1.30973,0,1
1500069300000,1500069359000,1.30973,1.30973,1.30973,1.30973,0,1
1500069360000,1500069419000,1.30973,1.30973,1.30973,1.30973,0,1
1500069420000,1500069479000,1.30973,1.30973,1.30973,1.30973,0,1
1500069480000,1500069539000,1.30973,1.30973,1.30973,1.30973,0,1
1500069540000,1500069599000,1.30973,1.30973,1.30973,1.30973,0,1
1500069600000,1500069659000,1.30973,1.30973,1.30973,1.30973,0,1
1500069660000,1500069719000,1.30973,1.30973,1.30973,1.30973,0,1
1500069720000,1500069779000,1.30973,1.30973,1.30973,1.30973,0,1
1500069780000,1500069839000,1.30973,1.30973,1.30973,1.30973,0,1
1500069840000,1500069899000,1.30973,1.30973,1.30973,1.30973,0,1
1500069900000,1500069959000,1.30973,1.30973,1.30973,1.30973,0,1
1500069960000,1500070019000,1.30973,1.30973,1.30973,1.30973,0,1
1500070020000,1500070079000,1.30973,1.30973,1.30973,1.30973,0,1
1500070080000,1500070139000,1.30973,1.30973,1.30973,1.30973,0,1
1500070140000,1500070199000,1.30973,1.30973,1.30973,1.30973,0,1
1500070200000,1500070259000,1.30973,1.30973,1.30973,1.30973,0,1
1500070260000,1500070319000,1.30973,1.30973,1.30973,1.30973,0,1
1500070320000,1500070379000,1.30973,1.30973,1.30973,1.30973,0,1
1500070380000,1500070439000,1.30973,1.30973,1.30973,1.30973,0,1
1500070440000,1500070499000,1.30973,1.30973,1.30973,1.30973,0,1
1500070500000,1500070559000,1.30973,1.30973,1.30973,1.30973,0,1
1500070560000,1500070619000,1.30973,1.30973,1.30973,1.30973,0,1
1500070620000,1500070679000,1.30973,1.30973,1.30973,1.30973,0,1
1500070680000,1500070739000,1.30973,1.30973,1.30973,1.30973,0,1
1500070740000,1500070799000,1.30973,1.30973,1.30973,1.30973,0,1
1500070800000,1500070859000,1.30973,1.30973,1.30973,1.30973,0,1
1500070860000,1500070919000,1.30973,1.30973,1.30973,1.30973,0,1
1500070920000,1500070979000,1.30973,1.30973,1.30973,1.30973,0,1
1500070980000,1500071039000,1.30973,1.30973,1.30973,1.30973,0,1
1500071040000,1500071099000,1.30973,1.30973,1.30973,1.30973,0,1
1500071100000,1500071159000,1.30973,1.30973,1.30973,1.30973,0,1
1500071160000,1500071219000,1.30973,1.30973,1.30973,1.30973,0,1
1500071220000,1500071279000,1.30973,1.30973,1.30973,1.30973,0,1
1500071280000,1500071339000,1.30973,1.30973,1.30973,1.30973,0,1
1500071340000,1500071399000,1.30973,1.30973,1.30973,1.30973,0,1
1500071400000,1500071459000,1.30973,1.30973,1.30973,1.30973,0,1
1500071460000,1500071519000,1.30973,1.30973,1.30973,1.30973,0,1
1500071520000,1500071579000,1.30973,1.30973,1.30973,1.30973,0,1
1500071580000,1500071639000,1.30973,1.30973,1.30973,1.30973,0,1
1500071640000,1500071699000,1.30973,1.30973,1.30973,1.30973,0,1
1500071700000,1500071759000,1.30973,1.30973,1.30973,1.30973,0,1
1500071760000,1500071819000,1.30973,1.30973,1.30973,1.30973,0,1
1500071820000,1500071879000,1.30973,1.30973,1.30973,1.30973,0,1
1500071880000,1500071939000,1.30973,1.30973,1.30973,1.30973,0,1
1500071940000,1500071999000,1.30973,1.30973,1.30973,1.30973,0,1
1500072000000,1500072059000,1.30973,1.30973,1.30973,1.30973,0,1
1500072060000,1500072119000,1.30973,1.30973,1.30973,1.30973,0,1
1500072120000,1500072179000,1.30973,1.30973,1.30973,1.30973,0,1
1500072180000,1500072239000,1.30973,1.30973,1.30973,1.30973,0,1
1500072240000,1500072299000,1.30973,1.30973,1.30973,1.30973,0,1
1500072300000,1500072359000,1.30973,1.30973,1.30973,1.30973,0,1
1500072360000,1500072419000,1.30973,1.30973,1.30973,1.30973,0,1
1500072420000,1500072479000,1.30973,1.30973,1.30973,1.30973,0,1
1500072480000,1500072539000,1.30973,1.30973,1.30973,1.30973,0,1
1500072540000,1500072599000,1.30973,1.30973,1.30973,1.30973,0,1
1500072600000,1500072659000,1.30973,1.30973,1.30973,1.30973,0,1
1500072660000,1500072719000,1.30973,1.30973,1.30973,1.30973,0,1
1500072720000,1500072779000,1.30973,1.30973,1.30973,1.30973,0,1
1500072780000,1500072839000,1.30973,1.30973,1.30973,1.30973,0,1
1500072840000,1500072899000,1.30973,1.30973,1.30973,1.30973,0,1
1500072900000,1500072959000,1.30973,1.30973,1.30973,1.30973,0,1
1500072960000,1500073019000,1.30973,1.30973,1.30973,1.30973,0,1
1500073020000,1500073079000,1.30973,1.30973,1.30973,1.30973,0,1
1500073080000,1500073139000,1.30973,1.30973,1.30973,1.30973,0,1
1500073140000,1500073199000,1.30973,1.30973,1.30973,1.30973,0,1
1500073200000,1500073259000,1.30973,1.30973,1.30973,1.30973,0,1
1500073260000,1500073319000,1.30973,1.30973,1.30973,1.30973,0,1
1500073320000,1500073379000,1.30973,1.30973,1.30973,1.30973,0,1
1500073380000,1500073439000,1.30973,1.30973,1.30973,1.30973,0,1
1500073440000,1500073499000,1.30973,1.30973,1.30973,1.30973,0,1
1500073500000,1500073559000,1.30973,1.30973,1.30973,1.30973,0,1
1500073560000,1500073619000,1.30973,1.30973,1.30973,1.30973,0,1
1500073620000,1500073679000,1.30973,1.30973,1.30973,1.30973,0,1
1500073680000,1500073739000,1.30973,1.30973,1.30973,1.30973,0,1
1500073740000,1500073799000,1.30973,1.30973,1.30973,1.30973,0,1
1500073800000,1500073859000,1.30973,1.30973,1.30973,1.30973,0,1
1500073860000,1500073919000,1.30973,1.30973,1.30973,1.30973,0,1
1500073920000,1500073979000,1.30973,1.30973,1.30973,1.30973,0,1
1500073980000,1500074039000,1.30973,1.30973,1.30973,1.30973,0,1
1500074040000,1500074099000,1.30973,1.30973,1.30973,1.30973,0,1
1500074100000,1500074159000,1.30973,1.30973,1.30973,1.30973,0,1
1500074160000,1500074219000,1.30973,1.30973,1.30973,1.30973,0,1
1500074220000,1500074279000,1.30973,1.30973,1.30973,1.30973,0,1
1500074280000,1500074339000,1.30973,1.30973,1.30973,1.30973,0,1
1500074340000,1500074399000,1.30973,1.30973,1.30973,1.30973,0,1
1500074400000,1500074459000,1.30973,1.30973,1.30973,1.30973,0,1
1500074460000,1500074519000,1.30973,1.30973,1.30973,1.30973,0,1
1500074520000,1500074579000,1.30973,1.30973,1.30973,1.30973,0,1
1500074580000,1500074639000,1.30973,1.30973,1.30973,1.30973,0,1
1500074640000,1500074699000,1.30973,1.30973,1.30973,1.30973,0,1
1500074700000,1500074759000,1.30973,1.30973,1.30973,1.30973,0,1
1500074760000,1500074819000,1.30973,1.30973,1.30973,1.30973,0,1
1500074820000,1500074879000,1.30973,1.30973,1.30973,1.30973,0,1
1500074880000,1500074939000,1.30973,1.30973,1.30973,1.30973,0,1
1500074940000,1500074999000,1.30973,1.30973,1.30973,1.30973,0,1
1500075000000,1500075059000,1.30973,1.30973,1.30973,1.30973,0,1
1500075060000,1500075119000,1.30973,1.30973,1.30973,1.30973,0,1
1500075120000,1500075179000,1.30973,1.30973,1.30973,1.30973,0,1
1500075180000,1500075239000,1.30973,1.30973,1.30973,1.30973,0,1
1500075240000,1500075299000,1.30973,1.30973,1.30973,1.30973,0,1
1500075300000,1500075359000,1.30973,1.30973,1.30973,1.30973,0,1
1500075360000,1500075419000,1.30973,1.30973,1.30973,1.30973,0,1
1500075420000,1500075479000,1.30973,1.30973,1.30973,1.30973,0,1
1500075480000,1500075539000,1.30973,1.30973,1.30973,1.30973,0,1
1500075540000,1500075599000,1.30973,1.30973,1.30973,1.30973,0,1
1500075600000,1500075659000,1.30973,1.30973,1.30973,1.30973,0,1
1500075660000,1500075719000,1.30973,1.30973,1.30973,1.30973,0,1
1500075720000,1500075779000,1.30973,1.30973,1.30973,1.30973,0,1
1500075780000,1500075839000,1.30973,1.30973,1.30973,1.30973,0,1
1500075840000,1500075899000,1.30973,1.30973,1.30973,1.30973,0,1
1500075900000,1500075959000,1.30973,1.30973,1.30973,1.30973,0,1
1500075960000,1500076019000,1.30973,1.30973,1.30973,1.30973,0,1
1500076020000,1500076079000,1.30973,1.30973,1.30973,1.30973,0,1
1500076080000,1500076139000,1.30973,1.30973,1.30973,1.30973,0,1
1500076140000,1500076199000,1.30973,1.30973,1.30973,1.30973,0,1
1500076200000,1500076259000,1.30973,1.30973,1.30973,1.30973,0,1
1500076260000,1500076319000,1.30973,1.30973,1.30973,1.30973,0,1
1500076320000,1500076379000,1.30973,1.30973,1.30973,1.30973,0,1
1500076380000,1500076439000,1.30973,1.30973,1.30973,1.30973,0,1
1500076440000,1500076499000,1.30973,1.30973,1.30973,1.30973,0,1
1500076500000,1500076559000,1.30973,1.30973,1.30973,1.30973,0,1
1500076560000,1500076619000,1.30973,1.30973,1.30973,1.30973,0,1
1500076620000,1500076679000,1.30973,1.30973,1.30973,1.30973,0,1
1500076680000,1500076739000,1.30973,1.30973,1.30973,1.30973,0,1
1500076740000,1500076799000,1.30973,1.30973,1.30973,1.30973,0,1
1500238800000,1500238859000,1.30968,1.30972,1.30964,1.30969,8950000,1
1500238860000,1500238919000,1.30969,1.30972,1.30969,1.30971,4120000,1
1500238920000,1500238979000,1.30971,1.30984,1.30971,1.30984,7500000,1
1500238980000,1500239039000,1.30989,1.30999,1.3098,1.30989,7450000,1
1500239040000,1500239099000,1.30989,1.30991,1.30989,1.30989,14730000,1
1500239100000,1500239159000,1.30989,1.30989,1.30988,1.30989,7730000,1
1500239160000,1500239219000,1.30989,1.30989,1.30985,1.30986,61000000,1
1500239220000,1500239279000,1.30985,1.31018,1.30985,1.31015,21940000,1
1500239280000,1500239339000,1.31015,1.31019,1.30995,1.31017,89300000,1
1500239340000,1500239399000,1.31017,1.31019,1.31017,1.31018,35840000,1
1500239400000,1500239459000,1.31018,1.31018,1.31016,1.31017,22570000,1
1500239460000,1500239519000,1.31017,1.31018,1.3101,1.3101,28550000,1
1500239520000,1500239579000,1.31015,1.31015,1.31013,1.31013,4000000,1
1500239580000,1500239639000,1.31009,1.31015,1.31007,1.31007,8740000,1
1500239640000,1500239699000,1.31008,1.31012,1.30997,1.31005,13360000,1
1500239700000,1500239759000,1.31003,1.31008,1.31,1.31005,13000000,1
1500239760000,1500239819000,1.31005,1.31005,1.31004,1.31004,4000000,1
1500239820000,1500239879000,1.31004,1.31005,1.30999,1.31,10100000,1
1500239880000,1500239939000,1.30999,1.30999,1.30999,1.30999,2240000,1
1500239940000,1500239999000,1.30999,1.31,1.30999,1.30999,11460000,1
1500240000000,1500240059000,1.30999,1.31,1.30999,1.31,2240000,1
1500240060000,1500240119000,1.30999,1.31,1.30999,1.31,4740000,1
1500240120000,1500240179000,1.30999,1.31002,1.30999,1.31001,11110000,1
1500240180000,1500240239000,1.31001,1.31009,1.31001,1.31009,17000000,1
1500240240000,1500240299000,1.3101,1.3101,1.31009,1.3101,9000000,1
1500240300000,1500240359000,1.31008,1.3101,1.31008,1.3101,9000000,1
1500240360000,1500240419000,1.31009,1.31016,1.31002,1.31009,21500000,1
1500240420000,1500240479000,1.31009,1.3101,1.31007,1.31007,16730000,1
1500240480000,1500240539000,1.31008,1.31031,1.31008,1.3103,9250000,1
1500240540000,1500240599000,1.31029,1.3103,1.31029,1.31029,8980000,1
1500240600000,1500240659000,1.31029,1.31031,1.31029,1.31031,17370000,1
1500240660000,1500240719000,1.31029,1.31032,1.31022,1.31022,11940000,1
1500240720000,1500240779000,1.31023,1.31024,1.31022,1.31024,6500000,1
1500240780000,1500240839000,1.31029,1.3103,1.31027,1.31027,4500000,1
1500240840000,1500240899000,1.31027,1.31027,1.3102,1.31021,12000000,1
1500240900000,1500240959000,1.31021,1.31022,1.31018,1.31019,8500000,1
1500240960000,1500241019000,1.31019,1.31023,1.31018,1.31021,11960000,1
1500241020000,1500241079000,1.31022,1.31022,1.31019,1.31021,9000000,1
1500241080000,1500241139000,1.3102,1.31023,1.3102,1.31022,6000000,1
1500241140000,1500241199000,1.31023,1.31023,1.31012,1.31022,4200000,1
1500241200000,1500241259000,1.31023,1.31023,1.31013,1.31022,6200000,1
1500241260000,1500241319000,1.31022,1.31022,1.31022,1.31022,3000000,1
1500241320000,1500241379000,1.31023,1.31023,1.31012,1.31022,6200000,1
1500241380000,1500241439000,1.31013,1.31023,1.31012,1.31022,15600000,1
1500241440000,1500241499000,1.31022,1.31022,1.31021,1.31022,7000000,1
1500241500000,1500241559000,1.31023,1.31028,1.31021,1.31028,27500000,1
1500241560000,1500241619000,1.31027,1.31037,1.31026,1.31036,18000000,1
1500241620000,1500241679000,1.31039,1.31047,1.31038,1.31047,22210000,1
1500241680000,1500241739000,1.31048,1.31048,1.31042,1.31047,18000000,1
1500241740000,1500241799000,1.31046,1.31048,1.31045,1.31047,13000000,1
1500241800000,1500241859000,1.31046,1.31048,1.31043,1.31043,17500000,1
1500241860000,1500241919000,1.31042,1.31045,1.31037,1.31041,32070000,1
1500241920000,1500241979000,1.31042,1.31042,1.31029,1.31036,19980000,1
1500241980000,1500242039000,1.31036,1.31037,1.31036,1.31036,6540000,1
1500242040000,1500242099000,1.31036,1.31036,1.31016,1.31016,25390000,1
1500242100000,1500242159000,1.31016,1.31031,1.31013,1.31031,25890000,1
1500242160000,1500242219000,1.31021,1.31028,1.31014,1.31022,21740000,1
1500242220000,1500242279000,1.31022,1.31022,1.31016,1.31017,13940000,1
1500242280000,1500242339000,1.31017,1.31023,1.31016,1.31023,26000000,1
1500242340000,1500242399000,1.31027,1.31049,1.31027,1.31049,9940000,1
1500242400000,1500242459000,1.31049,1.31089,1.31045,1.31062,73530000,1
1500242460000,1500242519000,1.31063,1.31069,1.31059,1.31064,68290000,1
1500242520000,1500242579000,1.31066,1.31086,1.31061,1.31079,132760000,1
1500242580000,1500242639000,1.31078,1.31086,1.31077,1.31084,33830000,1
1500242640000,1500242699000,1.31084,1.31087,1.31067,1.31073,119140000,1
1500242700000,1500242759000,1.31072,1.3109,1.31071,1.31086,110570000,1
1500242760000,1500242819000,1.31087,1.31104,1.31073,1.31094,112390000,1
1500242820000,1500242879000,1.31094,1.31116,1.31094,1.31113,150510000,1
1500242880000,1500242939000,1.31109,1.31119,1.311,1.31115,93440000,1
1500242940000,1500242999000,1.31115,1.31125,1.31093,1.31099,133940000,1
1500243000000,1500243059000,1.311,1.311,1.31066,1.3107,103890000,1
1500243060000,1500243119000,1.31069,1.31072,1.31053,1.3106,68150000,1
1500243120000,1500243179000,1.3106,1.31069,1.31055,1.31055,91600000,1
1500243180000,1500243239000,1.31055,1.31059,1.31051,1.31056,78240000,1
1500243240000,1500243299000,1.31056,1.3106,1.31052,1.31054,229810000,1
1500243300000,1500243359000,1.31055,1.31068,1.31048,1.31053,310900000,1
1500243360000,1500243419000,1.31056,1.31097,1.31052,1.31096,161760000,1
1500243420000,1500243479000,1.31097,1.31097,1.31075,1.3108,81010000,1
1500243480000,1500243539000,1.31081,1.31081,1.31053,1.31055,106600000,1
1500243540000,1500243599000,1.31056,1.31067,1.3105,1.31065,150570000,1
1500243600000,1500243659000,1.31065,1.31066,1.31062,1.31066,77720000,1
1500243660000,1500243719000,1.31065,1.31074,1.31064,1.31065,173120000,1
1500243720000,1500243779000,1.31064,1.31069,1.31061,1.31069,121270000,1
1500243780000,1500243839000,1.31069,1.31069,1.31048,1.31048,63920000,1
1500243840000,1500243899000,1.31049,1.31051,1.31028,1.31028,170810000,1
1500243900000,1500243959000,1.31028,1.31029,1.30998,1.31013,131580000,1
1500243960000,1500244019000,1.31014,1.31022,1.30998,1.31014,156070000,1
1500244020000,1500244079000,1.31013,1.31014,1.30998,1.30998,132760000,1
1500244080000,1500244139000,1.30998,1.31018,1.30998,1.31018,147940000,1
1500244140000,1500244199000,1.31018,1.31023,1.31015,1.31022,45210000,1
1500244200000,1500244259000,1.31019,1.31037,1.31019,1.31037,85070000,1
1500244260000,1500244319000,1.31037,1.31038,1.31028,1.31029,41030000,1
1500244320000,1500244379000,1.31029,1.31029,1.31015,1.3102,93160000,1
1500244380000,1500244439000,1.31021,1.31022,1.31012,1.31016,127950000,1
1500244440000,1500244499000,1.31015,1.3102,1.31012,1.31016,176920000,1
1500244500000,1500244559000,1.31014,1.31021,1.31013,1.31014,294220000,1
1500244560000,1500244619000,1.31016,1.31018,1.30999,1.31001,196060000,1
1500244620000,1500244679000,1.30999,1.31005,1.30998,1.31005,103790000,1
1500244680000,1500244739000,1.31005,1.31008,1.31001,1.31002,48520000,1
1500244740000,1500244799000,1.31003,1.31007,1.31002,1.31004,69690000,1
1500244800000,1500244859000,1.31004,1.31005,1.30998,1.31,103560000,1
1500244860000,1500244919000,1.30999,1.31003,1.30999,1.31,58500000,1
1500244920000,1500244979000,1.31002,1.31005,1.31,1.31003,49500000,1
1500244980000,1500245039000,1.30999,1.31001,1.30997,1.30999,63940000,1
1500245040000,1500245099000,1.31,1.31009,1.30999,1.31001,125610000,1
1500245100000,1500245159000,1.31001,1.31015,1.31001,1.31007,60070000,1
1500245160000,1500245219000,1.31007,1.31029,1.31007,1.31024,119040000,1
1500245220000,1500245279000,1.31026,1.31036,1.31026,1.31032,92890000,1
1500245280000,1500245339000,1.31032,1.31034,1.31024,1.31025,123660000,1
1500245340000,1500245399000,1.31026,1.31037,1.3102,1.31034,189050000,1
1500245400000,1500245459000,1.31035,1.31044,1.31032,1.31039,221250000,1
1500245460000,1500245519000,1.31039,1.31039,1.31024,1.31031,260360000,1
1500245520000,1500245579000,1.31034,1.31052,1.31034,1.31052,271970000,1
1500245580000,1500245639000,1.31053,1.31059,1.31043,1.3105,155940000,1
1500245640000,1500245699000,1.31051,1.31059,1.31048,1.31059,44310000,1
1500245700000,1500245759000,1.31059,1.31068,1.31059,1.31066,146250000,1
1500245760000,1500245819000,1.31066,1.31089,1.31065,1.31083,266110000,1
1500245820000,1500245879000,1.31084,1.31087,1.31071,1.31072,247690000,1
1500245880000,1500245939000,1.31074,1.31088,1.31069,1.31086,218500000,1
1500245940000,1500245999000,1.31086,1.3109,1.31082,1.31083,189000000,1
1500246000000,1500246059000,1.31086,1.31109,1.31085,1.31107,245190000,1
1500246060000,1500246119000,1.31105,1.31109,1.31101,1.31107,189750000,1
1500246120000,1500246179000,1.3111,1.31127,1.31108,1.31127,151250000,1
1500246180000,1500246239000,1.31127,1.31128,1.31112,1.31112,44320000,1
1500246240000,1500246299000,1.31112,1.31112,1.3109,1.31098,147190000,1
1500246300000,1500246359000,1.31098,1.31098,1.31082,1.31085,94990000,1
1500246360000,1500246419000,1.31085,1.31095,1.31085,1.31091,59730000,1
1500246420000,1500246479000,1.31091,1.31098,1.31087,1.31088,110170000,1
1500246480000,1500246539000,1.31087,1.31096,1.31087,1.31093,139390000,1
1500246540000,1500246599000,1.31094,1.31096,1.31088,1.31089,95560000,1
1500246600000,1500246659000,1.3109,1.31096,1.31088,1.31094,106110000,1
1500246660000,1500246719000,1.31094,1.31097,1.31079,1.31087,96400000,1
1500246720000,1500246779000,1.31086,1.31092,1.31082,1.31091,148220000,1
1500246780000,1500246839000,1.3109,1.31093,1.31086,1.3109,160660000,1
1500246840000,1500246899000,1.3109,1.31096,1.31088,1.31088,212690000,1
1500246900000,1500246959000,1.31086,1.31087,1.31079,1.31081,551250000,1
1500246960000,1500247019000,1.31079,1.31095,1.31079,1.31092,178190000,1
1500247020000,1500247079000,1.31093,1.31095,1.31091,1.31093,63010000,1
1500247080000,1500247139000,1.31093,1.31093,1.31077,1.31081,108750000,1
1500247140000,1500247199000,1.31081,1.31081,1.31067,1.31075,135750000,1
1500247200000,1500247259000,1.31073,1.31073,1.31069,1.31069,12770000,1
1500247260000,1500247319000,1.3107,1.3107,1.31068,1.31068,116210000,1
1500247320000,1500247379000,1.31068,1.3107,1.31068,1.31069,81460000,1
1500247380000,1500247439000,1.31068,1.31073,1.31066,1.31073,98630000,1
1500247440000,1500247499000,1.31071,1.31073,1.31068,1.31073,51570000,1
1500247500000,1500247559000,1.31073,1.31074,1.31072,1.31073,30000000,1
1500247560000,1500247619000,1.31073,1.31074,1.3107,1.31074,25000000,1
1500247620000,1500247679000,1.31074,1.31075,1.31071,1.31071,29000000,1
1500247680000,1500247739000,1.31071,1.31074,1.31071,1.31072,33690000,1
1500247740000,1500247799000,1.31072,1.31073,1.31071,1.31071,23380000,1
1500247800000,1500247859000,1.31071,1.31073,1.3107,1.31072,35130000,1
1500247860000,1500247919000,1.31071,1.31072,1.31069,1.31072,37440000,1
1500247920000,1500247979000,1.31073,1.31073,1.31069,1.31072,44880000,1
1500247980000,1500248039000,1.31071,1.31071,1.31066,1.31071,24850000,1
1500248040000,1500248099000,1.31071,1.31071,1.31067,1.31068,44350000,1
1500248100000,1500248159000,1.31068,1.3107,1.31064,1.31069,100280000,1
1500248160000,1500248219000,1.31069,1.31069,1.31066,1.31066,45120000,1
1500248220000,1500248279000,1.31065,1.31066,1.31065,1.31065,90470000,1
1500248280000,1500248339000,1.31066,1.31069,1.31065,1.31069,70500000,1
1500248340000,1500248399000,1.31067,1.31078,1.31067,1.31068,69850000,1
1500248400000,1500248459000,1.31068,1.31078,1.31068,1.31078,25000000,1
1500248460000,1500248519000,1.31078,1.31088,1.31078,1.31088,42940000,1
1500248520000,1500248579000,1.31088,1.31098,1.31088,1.31098,28500000,1
1500248580000,1500248639000,1.31098,1.31101,1.31097,1.311,45980000,1
1500248640000,1500248699000,1.31101,1.31107,1.31089,1.3109,60220000,1
1500248700000,1500248759000,1.31091,1.31097,1.31089,1.3109,51690000,1
1500248760000,1500248819000,1.3109,1.31093,1.3109,1.31091,41840000,1
1500248820000,1500248879000,1.31091,1.31091,1.31088,1.31088,54990000,1
1500248880000,1500248939000,1.31089,1.3109,1.31088,1.31089,62140000,1
1500248940000,1500248999000,1.31089,1.31102,1.31089,1.311,58650000,1
1500249000000,1500249059000,1.311,1.311,1.31097,1.31097,42030000,1
1500249060000,1500249119000,1.31097,1.31097,1.31088,1.3109,63700000,1
1500249120000,1500249179000,1.3109,1.31091,1.31088,1.31089,78850000,1
1500249180000,1500249239000,1.31089,1.31092,1.31087,1.31088,36260000,1
1500249240000,1500249299000,1.31088,1.31097,1.31087,1.31088,75720000,1
1500249300000,1500249359000,1.31089,1.31089,1.31077,1.31078,35020000,1
1500249360000,1500249419000,1.31078,1.3108,1.31077,1.31078,33760000,1
1500249420000,1500249479000,1.31078,1.31103,1.31078,1.31095,92520000,1
1500249480000,1500249539000,1.31093,1.31095,1.31092,1.31093,16740000,1
1500249540000,1500249599000,1.31094,1.31094,1.31093,1.31093,35460000,1
1500249600000,1500249659000,1.31093,1.31093,1.31089,1.31089,93110000,1
1500249660000,1500249719000,1.3109,1.3109,1.31084,1.31089,64400000,1
1500249720000,1500249779000,1.31085,1.3109,1.31083,1.3109,34680000,1
1500249780000,1500249839000,1.3109,1.31092,1.3109,1.3109,23490000,1
1500249840000,1500249899000,1.31091,1.31091,1.3109,1.3109,8000000,1
1500249900000,1500249959000,1.31087,1.31087,1.31086,1.31086,28000000,1
1500249960000,1500250019000,1.31086,1.3109,1.31082,1.31089,77260000,1
1500250020000,1500250079000,1.31089,1.31091,1.31088,1.3109,26000000,1
1500250080000,1500250139000,1.31086,1.3109,1.31085,1.31089,24810000,1
1500250140000,1500250199000,1.3109,1.31092,1.3109,1.31091,17120000,1
1500250200000,1500250259000,1.31091,1.31095,1.31091,1.31092,13500000,1
1500250260000,1500250319000,1.31093,1.31094,1.31093,1.31094,4000000,1
1500250320000,1500250379000,1.31094,1.31105,1.31093,1.31103,27750000,1
1500250380000,1500250439000,1.31103,1.31103,1.31097,1.31102,24420000,1
1500250440000,1500250499000,1.31102,1.31102,1.31101,1.31102,15240000,1
1500250500000,1500250559000,1.31101,1.31103,1.31099,1.31099,30260000,1
1500250560000,1500250619000,1.31101,1.31106,1.311,1.31101,13580000,1
1500250620000,1500250679000,1.31101,1.31101,1.31099,1.31099,11760000,1
1500250680000,1500250739000,1.311,1.311,1.31098,1.31099,16290000,1
1500250740000,1500250799000,1.31099,1.31099,1.31097,1.31097,42890000,1
1500250800000,1500250859000,1.31097,1.311,1.31097,1.311,30260000,1
1500250860000,1500250919000,1.311,1.31102,1.31099,1.311,17560000,1
1500250920000,1500250979000,1.31099,1.31102,1.31099,1.311,20660000,1
1500250980000,1500251039000,1.31099,1.31099,1.31079,1.3108,24040000,1
1500251040000,1500251099000,1.3108,1.3108,1.31069,1.31069,20370000,1
1500251100000,1500251159000,1.31069,1.31071,1.31069,1.31071,22890000,1
1500251160000,1500251219000,1.31067,1.31067,1.31059,1.3106,26050000,1
1500251220000,1500251279000,1.3106,1.31067,1.31059,1.31067,17250000,1
1500251280000,1500251339000,1.31069,1.31089,1.31068,1.31085,48880000,1
1500251340000,1500251399000,1.31085,1.3109,1.3108,1.31081,32300000,1
1500251400000,1500251459000,1.31081,1.31082,1.31074,1.31074,34200000,1
1500251460000,1500251519000,1.31074,1.31079,1.3107,1.31079,21190000,1
1500251520000,1500251579000,1.3108,1.31083,1.31078,1.31079,32250000,1
1500251580000,1500251639000,1.31081,1.31084,1.31081,1.31084,69190000,1
1500251640000,1500251699000,1.31084,1.31091,1.31081,1.31089,58070000,1
1500251700000,1500251759000,1.31088,1.31093,1.31087,1.31092,23260000,1
1500251760000,1500251819000,1.31093,1.31093,1.31092,1.31092,10000000,1
1500251820000,1500251879000,1.31092,1.31093,1.31088,1.31088,27570000,1
1500251880000,1500251939000,1.31088,1.31093,1.31088,1.31092,48480000,1
1500251940000,1500251999000,1.31092,1.31099,1.31089,1.31092,87190000,1
1500252000000,1500252059000,1.31091,1.31092,1.31073,1.31073,102090000,1
1500252060000,1500252119000,1.31073,1.31075,1.31071,1.31073,41000000,1
1500252120000,1500252179000,1.31073,1.31075,1.31068,1.31074,47420000,1
1500252180000,1500252239000,1.31073,1.31074,1.31072,1.31072,25570000,1
1500252240000,1500252299000,1.31073,1.31073,1.31072,1.31072,47250000,1
1500252300000,1500252359000,1.31072,1.31073,1.31035,1.31043,74800000,1
1500252360000,1500252419000,1.31044,1.31055,1.31043,1.31043,75490000,1
1500252420000,1500252479000,1.31043,1.31044,1.31026,1.31027,60870000,1
1500252480000,1500252539000,1.31026,1.31035,1.31024,1.3103,85430000,1
1500252540000,1500252599000,1.3103,1.31036,1.31018,1.31018,62510000,1
1500252600000,1500252659000,1.31019,1.31026,1.30996,1.31013,138930000,1
1500252660000,1500252719000,1.31013,1.3104,1.31013,1.31032,83810000,1
1500252720000,1500252779000,1.31032,1.31032,1.31017,1.31018,74230000,1
1500252780000,1500252839000,1.31018,1.3102,1.31011,1.31013,72320000,1
1500252840000,1500252899000,1.31015,1.31015,1.3101,1.31013,56430000,1
1500252900000,1500252959000,1.31013,1.31019,1.31013,1.31014,61750000,1
1500252960000,1500253019000,1.31015,1.31017,1.31012,1.31013,43320000,1
1500253020000,1500253079000,1.31014,1.31015,1.31013,1.31013,26710000,1
1500253080000,1500253139000,1.31011,1.31021,1.31011,1.31015,44370000,1
1500253140000,1500253199000,1.31015,1.31019,1.31014,1.31017,26110000,1
1500253200000,1500253259000,1.31019,1.31029,1.31017,1.31023,26370000,1
1500253260000,1500253319000,1.31023,1.31023,1.31014,1.31022,97310000,1
1500253320000,1500253379000,1.31024,1.3103,1.3101,1.3101,121380000,1
1500253380000,1500253439000,1.3101,1.31014,1.31008,1.31014,41970000,1
1500253440000,1500253499000,1.31014,1.31014,1.31013,1.31013,22860000,1
1500253500000,1500253559000,1.31019,1.31021,1.31013,1.31013,35290000,1
1500253560000,1500253619000,1.31013,1.31021,1.31013,1.31014,82840000,1
1500253620000,1500253679000,1.31014,1.31028,1.31013,1.31028,62270000,1
1500253680000,1500253739000,1.31028,1.31029,1.31028,1.31029,36750000,1
1500253740000,1500253799000,1.31029,1.31029,1.31024,1.31024,21940000,1
1500253800000,1500253859000,1.31023,1.31025,1.31023,1.31024,22190000,1
1500253860000,1500253919000,1.31023,1.31033,1.31023,1.31029,19500000,1
1500253920000,1500253979000,1.31029,1.31029,1.31023,1.31025,56620000,1
1500253980000,1500254039000,1.31026,1.31039,1.31026,1.31038,63090000,1
1500254040000,1500254099000,1.31038,1.31042,1.31029,1.31041,85430000,1
1500254100000,1500254159000,1.31041,1.31042,1.31031,1.31032,51310000,1
1500254160000,1500254219000,1.31031,1.31031,1.31004,1.31004,137570000,1
1500254220000,1500254279000,1.31003,1.31003,1.3098,1.3098,98410000,1
1500254280000,1500254339000,1.3098,1.30988,1.3098,1.3098,51750000,1
1500254340000,1500254399000,1.3098,1.30984,1.30976,1.30976,22000000,1
1500254400000,1500254459000,1.30977,1.31003,1.30977,1.31003,64110000,1
1500254460000,1500254519000,1.31003,1.31013,1.31,1.31003,22120000,1
1500254520000,1500254579000,1.31003,1.31003,1.30998,1.31,22880000,1
1500254580000,1500254639000,1.31,1.31035,1.31,1.31033,63750000,1
1500254640000,1500254699000,1.31036,1.31042,1.31036,1.3104,39750000,1
1500254700000,1500254759000,1.3104,1.31041,1.31039,1.31039,49160000,1
1500254760000,1500254819000,1.31039,1.31039,1.31027,1.31033,36530000,1
1500254820000,1500254879000,1.31032,1.31032,1.31003,1.31005,42610000,1
1500254880000,1500254939000,1.31008,1.31008,1.31004,1.31008,38020000,1
1500254940000,1500254999000,1.31009,1.31009,1.31005,1.31005,43120000,1
1500255000000,1500255059000,1.31005,1.3101,1.30995,1.31001,80070000,1
1500255060000,1500255119000,1.31,1.31004,1.30998,1.31003,29850000,1
1500255120000,1500255179000,1.31003,1.31005,1.31,1.31003,16730000,1
1500255180000,1500255239000,1.31004,1.31015,1.31004,1.31012,14550000,1
1500255240000,1500255299000,1.31012,1.31017,1.31009,1.3101,49470000,1
1500255300000,1500255359000,1.3101,1.31018,1.3101,1.31018,56830000,1
1500255360000,1500255419000,1.31018,1.31023,1.31012,1.31019,28200000,1
1500255420000,1500255479000,1.3102,1.31024,1.31019,1.31023,27250000,1
1500255480000,1500255539000,1.31023,1.31029,1.31,1.31026,81020000,1
1500255540000,1500255599000,1.31029,1.31033,1.31011,1.31025,85640000,1
1500255600000,1500255659000,1.31025,1.31026,1.31019,1.31019,42600000,1
1500255660000,1500255719000,1.31019,1.31022,1.3101,1.3101,34940000,1
1500255720000,1500255779000,1.3101,1.3101,1.30999,1.31004,65360000,1
1500255780000,1500255839000,1.31004,1.31004,1.31,1.31,42560000,1
1500255840000,1500255899000,1.31,1.31001,1.30998,1.30998,45450000,1
1500255900000,1500255959000,1.30998,1.30998,1.30972,1.30972,54200000,1
1500255960000,1500256019000,1.30972,1.30972,1.30958,1.30963,77560000,1
1500256020000,1500256079000,1.30963,1.30963,1.3095,1.3095,67580000,1
1500256080000,1500256139000,1.3095,1.30961,1.30941,1.30961,135600000,1
1500256140000,1500256199000,1.30961,1.30992,1.30961,1.30992,92010000,1
1500256200000,1500256259000,1.3099,1.31025,1.30979,1.31024,130240000,1
1500256260000,1500256319000,1.31024,1.31042,1.31016,1.31031,128080000,1
1500256320000,1500256379000,1.31032,1.31034,1.31023,1.31023,71370000,1
1500256380000,1500256439000,1.31024,1.3103,1.31024,1.31026,42690000,1
1500256440000,1500256499000,1.31026,1.31038,1.31026,1.31038,54690000,1
1500256500000,1500256559000,1.31039,1.31041,1.31035,1.31041,64470000,1
1500256560000,1500256619000,1.31041,1.31044,1.31032,1.31032,44570000,1
1500256620000,1500256679000,1.31033,1.31033,1.31028,1.3103,40300000,1
1500256680000,1500256739000,1.31029,1.31032,1.31028,1.31032,17470000,1
1500256740000,1500256799000,1.31031,1.31033,1.31028,1.31029,63560000,1
1500256800000,1500256859000,1.31029,1.31044,1.31027,1.3104,84620000,1
1500256860000,1500256919000,1.31041,1.31043,1.31039,1.31041,44910000,1
1500256920000,1500256979000,1.31045,1.31045,1.31038,1.31044,55510000,1
1500256980000,1500257039000,1.31044,1.31044,1.31018,1.31023,110990000,1
1500257040000,1500257099000,1.31024,1.31025,1.31022,1.31022,21000000,1
1500257100000,1500257159000,1.31023,1.31027,1.31023,1.31026,8000000,1
1500257160000,1500257219000,1.31026,1.31028,1.31026,1.31027,10000000,1
1500257220000,1500257279000,1.31027,1.31047,1.31024,1.3104,32000000,1
1500257280000,1500257339000,1.31043,1.31043,1.31017,1.31019,55640000,1
1500257340000,1500257399000,1.31019,1.31019,1.31012,1.31012,45710000,1
1500257400000,1500257459000,1.31016,1.31023,1.31008,1.31016,38020000,1
1500257460000,1500257519000,1.31017,1.31018,1.31013,1.31013,20250000,1
1500257520000,1500257579000,1.31013,1.3102,1.31013,1.3102,66180000,1
1500257580000,1500257639000,1.31022,1.31022,1.31019,1.31019,18870000,1
1500257640000,1500257699000,1.3102,1.31024,1.3102,1.31024,5620000,1
1500257700000,1500257759000,1.31023,1.31025,1.31022,1.31024,34250000,1
1500257760000,1500257819000,1.31022,1.31022,1.31019,1.3102,29440000,1
1500257820000,1500257879000,1.31019,1.31026,1.31018,1.31022,29370000,1
1500257880000,1500257939000,1.31023,1.31028,1.31022,1.31028,39500000,1
1500257940000,1500257999000,1.31027,1.31028,1.31024,1.31024,15500000,1
1500258000000,1500258059000,1.31023,1.31028,1.31022,1.31023,43640000,1
1500258060000,1500258119000,1.31024,1.3103,1.31018,1.31019,58510000,1
1500258120000,1500258179000,1.31019,1.31021,1.31011,1.31017,93410000,1
1500258180000,1500258239000,1.31016,1.31019,1.31008,1.31011,54660000,1
1500258240000,1500258299000,1.31009,1.31015,1.31006,1.31013,59420000,1
1500258300000,1500258359000,1.31013,1.31013,1.31004,1.31007,53190000,1
1500258360000,1500258419000,1.31006,1.3101,1.31004,1.31008,24870000,1
1500258420000,1500258479000,1.31008,1.31009,1.31004,1.31005,20000000,1
1500258480000,1500258539000,1.31005,1.31005,1.31002,1.31002,13000000,1
1500258540000,1500258599000,1.31002,1.31007,1.31001,1.31004,31500000,1
1500258600000,1500258659000,1.31004,1.31004,1.31004,1.31004,17000000,1
1500258660000,1500258719000,1.31003,1.31004,1.30999,1.31,33190000,1
1500258720000,1500258779000,1.30999,1.31005,1.30999,1.31003,52480000,1
1500258780000,1500258839000,1.31004,1.3101,1.31003,1.31006,52220000,1
1500258840000,1500258899000,1.31006,1.31014,1.31006,1.31014,23000000,1
1500258900000,1500258959000,1.31014,1.31014,1.31004,1.31004,56410000,1
1500258960000,1500259019000,1.31004,1.3101,1.31003,1.31004,25000000,1
1500259020000,1500259079000,1.31004,1.31005,1.30975,1.30977,47500000,1
1500259080000,1500259139000,1.30977,1.30981,1.30963,1.30967,76060000,1
1500259140000,1500259199000,1.30967,1.30968,1.30964,1.30965,29120000,1
1500259200000,1500259259000,1.30965,1.30965,1.30955,1.30962,45860000,1
1500259260000,1500259319000,1.3096,1.3097,1.30958,1.30964,51430000,1
1500259320000,1500259379000,1.30964,1.30964,1.30959,1.30964,24370000,1
1500259380000,1500259439000,1.30963,1.30971,1.30959,1.30969,51370000,1
1500259440000,1500259499000,1.30969,1.30969,1.30957,1.30958,62120000,1
1500259500000,1500259559000,1.30958,1.30961,1.30951,1.30952,53630000,1
1500259560000,1500259619000,1.30952,1.30954,1.3095,1.30953,39980000,1
1500259620000,1500259679000,1.30953,1.30959,1.30953,1.30957,71920000,1
1500259680000,1500259739000,1.30956,1.30959,1.30955,1.30959,47840000,1
1500259740000,1500259799000,1.30958,1.30967,1.30952,1.30958,47180000,1
1500259800000,1500259859000,1.30959,1.30963,1.30957,1.30962,61450000,1
1500259860000,1500259919000,1.30963,1.30968,1.30961,1.30963,28370000,1
1500259920000,1500259979000,1.30962,1.30963,1.3096,1.30962,22180000,1
1500259980000,1500260039000,1.30963,1.30963,1.30962,1.30963,34500000,1
1500260040000,1500260099000,1.30968,1.30971,1.30967,1.30968,76850000,1
1500260100000,1500260159000,1.30968,1.30982,1.30968,1.30982,60260000,1
1500260160000,1500260219000,1.30981,1.30985,1.30981,1.30985,18820000,1
1500260220000,1500260279000,1.30985,1.30985,1.30983,1.30983,18870000,1
1500260280000,1500260339000,1.30985,1.30985,1.3098,1.30982,37780000,1
1500260340000,1500260399000,1.30981,1.30993,1.3098,1.30991,91790000,1
1500260400000,1500260459000,1.30991,1.31003,1.30991,1.31002,35390000,1
1500260460000,1500260519000,1.31002,1.31002,1.31001,1.31001,17800000,1
1500260520000,1500260579000,1.31002,1.31019,1.31002,1.31019,49310000,1
1500260580000,1500260639000,1.31019,1.3102,1.31001,1.31017,86490000,1
1500260640000,1500260699000,1.31016,1.31019,1.31016,1.31017,40340000,1
1500260700000,1500260759000,1.31017,1.31021,1.31016,1.31021,41660000,1
1500260760000,1500260819000,1.31017,1.31019,1.3101,1.31018,42940000,1
1500260820000,1500260879000,1.31018,1.31018,1.31015,1.31017,21740000,1
1500260880000,1500260939000,1.31017,1.31017,1.31,1.31,55970000,1
1500260940000,1500260999000,1.30999,1.31009,1.30999,1.31009,41340000,1
1500261000000,1500261059000,1.31009,1.31013,1.30995,1.30999,62350000,1
1500261060000,1500261119000,1.31003,1.31003,1.30993,1.31003,49500000,1
1500261120000,1500261179000,1.31002,1.31003,1.30997,1.30997,14060000,1
1500261180000,1500261239000,1.30998,1.30999,1.30991,1.30999,32630000,1
1500261240000,1500261299000,1.30999,1.31005,1.30997,1.31005,32990000,1
1500261300000,1500261359000,1.31006,1.31023,1.31006,1.31023,41310000,1
1500261360000,1500261419000,1.31022,1.31022,1.31017,1.3102,15440000,1
1500261420000,1500261479000,1.31021,1.31021,1.31021,1.31021,18690000,1
1500261480000,1500261539000,1.3102,1.31021,1.31012,1.3102,38120000,1
1500261540000,1500261599000,1.3102,1.31022,1.31019,1.31021,38260000,1
1500261600000,1500261659000,1.31021,1.31021,1.31009,1.31014,36440000,1
1500261660000,1500261719000,1.31012,1.31013,1.31009,1.3101,32310000,1
1500261720000,1500261779000,1.3101,1.3101,1.31008,1.3101,40410000,1
1500261780000,1500261839000,1.31009,1.31012,1.31009,1.31011,19240000,1
1500261840000,1500261899000,1.31011,1.31015,1.31011,1.31014,35960000,1
1500261900000,1500261959000,1.31014,1.31014,1.31012,1.31012,15370000,1
1500261960000,1500262019000,1.31012,1.31013,1.31007,1.3101,25870000,1
1500262020000,1500262079000,1.31012,1.31012,1.31006,1.31006,33560000,1
1500262080000,1500262139000,1.31007,1.31008,1.31004,1.31005,32680000,1
1500262140000,1500262199000,1.31005,1.31008,1.31005,1.31008,39750000,1
1500262200000,1500262259000,1.31008,1.31008,1.31006,1.31006,17100000,1
1500262260000,1500262319000,1.31005,1.31005,1.30995,1.30995,37580000,1
1500262320000,1500262379000,1.30995,1.31003,1.30995,1.30999,64800000,1
1500262380000,1500262439000,1.30998,1.31003,1.30998,1.31003,18310000,1
1500262440000,1500262499000,1.31002,1.31002,1.30983,1.30989,46130000,1
1500262500000,1500262559000,1.30989,1.30991,1.30984,1.3099,76120000,1
1500262560000,1500262619000,1.3099,1.3099,1.3098,1.30981,41860000,1
1500262620000,1500262679000,1.30981,1.30984,1.30975,1.30978,76780000,1
1500262680000,1500262739000,1.30978,1.30979,1.3097,1.3097,51830000,1
1500262740000,1500262799000,1.3097,1.3097,1.30969,1.30969,15980000,1
1500262800000,1500262859000,1.30972,1.30981,1.30972,1.30974,47030000,1
1500262860000,1500262919000,1.30974,1.30976,1.30974,1.30975,32500000,1
1500262920000,1500262979000,1.30975,1.30975,1.30963,1.30963,61920000,1
1500262980000,1500263039000,1.30963,1.31008,1.30963,1.31003,99160000,1
1500263040000,1500263099000,1.31003,1.31004,1.30984,1.30984,36490000,1
1500263100000,1500263159000,1.30984,1.30996,1.30984,1.30985,66270000,1
1500263160000,1500263219000,1.30985,1.30991,1.30983,1.30989,56420000,1
1500263220000,1500263279000,1.30989,1.31002,1.30989,1.30999,82650000,1
1500263280000,1500263339000,1.30999,1.30999,1.30982,1.3099,73230000,1
1500263340000,1500263399000,1.3099,1.31003,1.3099,1.30999,115500000,1
1500263400000,1500263459000,1.30999,1.31013,1.30995,1.31013,109460000,1
1500263460000,1500263519000,1.31013,1.31015,1.31012,1.31013,22310000,1
1500263520000,1500263579000,1.31012,1.31016,1.30956,1.30967,73960000,1
1500263580000,1500263639000,1.30965,1.3097,1.30951,1.30955,55450000,1
1500263640000,1500263699000,1.30955,1.30974,1.30955,1.30968,195070000,1
1500263700000,1500263759000,1.30968,1.30969,1.30967,1.30968,40690000,1
1500263760000,1500263819000,1.30968,1.30979,1.30961,1.30962,63770000,1
1500263820000,1500263879000,1.30963,1.30969,1.30961,1.30969,32310000,1
1500263880000,1500263939000,1.30969,1.30985,1.30968,1.30985,64320000,1
1500263940000,1500263999000,1.30985,1.31012,1.30983,1.31011,59000000,1
1500264000000,1500264059000,1.3101,1.3101,1.30997,1.30998,128620000,1
1500264060000,1500264119000,1.30997,1.30997,1.3098,1.30981,94870000,1
1500264120000,1500264179000,1.30981,1.30987,1.30976,1.30987,66250000,1
1500264180000,1500264239000,1.30987,1.31003,1.30987,1.31003,55500000,1
1500264240000,1500264299000,1.30999,1.30999,1.30978,1.30988,2076410000,1
1500264300000,1500264359000,1.30992,1.30995,1.30988,1.30992,530270000,1
1500264360000,1500264419000,1.30992,1.30994,1.30989,1.30994,521500000,1
1500264420000,1500264479000,1.30991,1.30994,1.3099,1.3099,5205970000,1
1500264480000,1500264539000,1.30991,1.30994,1.3099,1.3099,45700000,1
1500264540000,1500264599000,1.30991,1.30993,1.3099,1.30992,33600000,1
1500264600000,1500264659000,1.30992,1.31001,1.30991,1.30991,84590000,1
1500264660000,1500264719000,1.30991,1.30991,1.30982,1.30982,28340000,1
1500264720000,1500264779000,1.30982,1.30994,1.30977,1.30993,37240000,1
1500264780000,1500264839000,1.30995,1.30997,1.30992,1.30992,34170000,1
1500264840000,1500264899000,1.30993,1.30995,1.30986,1.30986,70700000,1
1500264900000,1500264959000,1.30985,1.30987,1.30973,1.30984,76210000,1
1500264960000,1500265019000,1.30983,1.30987,1.30981,1.30986,441250000,1
1500265020000,1500265079000,1.30983,1.30983,1.30982,1.30982,13500000,1
1500265080000,1500265139000,1.30982,1.30982,1.3098,1.3098,21500000,1
1500265140000,1500265199000,1.3098,1.30985,1.3098,1.30982,8620000,1
1500265200000,1500265259000,1.30983,1.30985,1.30979,1.30979,5120000,1
1500265260000,1500265319000,1.30979,1.30994,1.30975,1.30992,49490000,1
1500265320000,1500265379000,1.30992,1.30994,1.3098,1.3098,42330000,1
1500265380000,1500265439000,1.3098,1.30984,1.3098,1.30981,220860000,1
1500265440000,1500265499000,1.30981,1.30998,1.30981,1.30992,29730000,1
1500265500000,1500265559000,1.30994,1.30999,1.30992,1.30998,38490000,1
1500265560000,1500265619000,1.30996,1.30998,1.30994,1.30994,34290000,1
1500265620000,1500265679000,1.30994,1.30997,1.30994,1.30996,49710000,1
1500265680000,1500265739000,1.30995,1.31,1.30994,1.30999,55930000,1
1500265740000,1500265799000,1.30999,1.30999,1.30995,1.30995,71470000,1
1500265800000,1500265859000,1.30995,1.30997,1.30993,1.30996,27340000,1
1500265860000,1500265919000,1.30996,1.30999,1.30996,1.30999,14000000,1
1500265920000,1500265979000,1.30998,1.30998,1.30995,1.30997,15810000,1
1500265980000,1500266039000,1.30997,1.30997,1.30996,1.30996,6000000,1
1500266040000,1500266099000,1.30996,1.31,1.30996,1.30997,28290000,1
1500266100000,1500266159000,1.30997,1.31,1.30982,1.30982,139200000,1
1500266160000,1500266219000,1.30984,1.30996,1.30983,1.30994,150410000,1
1500266220000,1500266279000,1.30993,1.31,1.30992,1.30994,350630000,1
1500266280000,1500266339000,1.30994,1.30996,1.30989,1.30996,71190000,1
1500266340000,1500266399000,1.30995,1.31,1.30974,1.30977,134750000,1
1500266400000,1500266459000,1.30979,1.30983,1.30958,1.30965,217710000,1
1500266460000,1500266519000,1.30966,1.30966,1.3095,1.30956,48930000,1
1500266520000,1500266579000,1.30956,1.30969,1.30951,1.30967,66300000,1
1500266580000,1500266639000,1.30967,1.3097,1.30961,1.30965,37870000,1
1500266640000,1500266699000,1.30966,1.30971,1.30963,1.30969,45370000,1
1500266700000,1500266759000,1.30969,1.30969,1.30952,1.30968,54690000,1
1500266760000,1500266819000,1.30969,1.30973,1.30951,1.30951,41120000,1
1500266820000,1500266879000,1.30952,1.30964,1.30951,1.30963,32220000,1
1500266880000,1500266939000,1.30963,1.30964,1.30952,1.30961,31800000,1
1500266940000,1500266999000,1.30962,1.30963,1.30942,1.3095,63420000,1
1500267000000,1500267059000,1.3095,1.30964,1.3095,1.30961,38950000,1
1500267060000,1500267119000,1.30961,1.30961,1.30942,1.30942,64750000,1
1500267120000,1500267179000,1.30938,1.30942,1.30919,1.30928,86610000,1
1500267180000,1500267239000,1.30928,1.30944,1.30928,1.30936,65940000,1
1500267240000,1500267299000,1.30935,1.3094,1.30929,1.30935,38190000,1
1500267300000,1500267359000,1.30936,1.30936,1.30927,1.30927,26860000,1
1500267360000,1500267419000,1.30927,1.30937,1.30926,1.30934,41350000,1
1500267420000,1500267479000,1.30935,1.30943,1.30933,1.30938,52630000,1
1500267480000,1500267539000,1.30938,1.30944,1.30938,1.30942,27930000,1
1500267540000,1500267599000,1.30937,1.30948,1.30933,1.30943,48290000,1
1500267600000,1500267659000,1.30947,1.30964,1.30941,1.30943,78090000,1
1500267660000,1500267719000,1.30944,1.30954,1.30936,1.30954,38130000,1
1500267720000,1500267779000,1.30953,1.30954,1.30943,1.30943,33060000,1
1500267780000,1500267839000,1.30942,1.30953,1.30942,1.30953,32820000,1
1500267840000,1500267899000,1.30953,1.30953,1.30936,1.30938,34190000,1
1500267900000,1500267959000,1.30937,1.30945,1.30934,1.30935,33670000,1
1500267960000,1500268019000,1.30934,1.30949,1.30933,1.30942,72280000,1
1500268020000,1500268079000,1.30942,1.30942,1.30933,1.30942,35530000,1
1500268080000,1500268139000,1.30943,1.30947,1.30931,1.30931,37460000,1
1500268140000,1500268199000,1.30931,1.30952,1.30931,1.30951,39840000,1
1500268200000,1500268259000,1.30951,1.30953,1.30941,1.30952,41850000,1
1500268260000,1500268319000,1.30951,1.30953,1.30929,1.30934,71510000,1
1500268320000,1500268379000,1.30934,1.30941,1.30926,1.30935,90010000,1
1500268380000,1500268439000,1.30935,1.3094,1.30928,1.30932,59170000,1
1500268440000,1500268499000,1.30932,1.30932,1.30921,1.30921,39090000,1
1500268500000,1500268559000,1.30921,1.30935,1.30916,1.30923,67750000,1
1500268560000,1500268619000,1.30923,1.30937,1.30921,1.30923,53360000,1
1500268620000,1500268679000,1.30927,1.30936,1.30921,1.30921,78600000,1
1500268680000,1500268739000,1.30921,1.30933,1.30921,1.30924,22440000,1
1500268740000,1500268799000,1.30926,1.30934,1.30913,1.30915,34190000,1
1500268800000,1500268859000,1.30913,1.30922,1.30911,1.30911,51000000,1
1500268860000,1500268919000,1.30911,1.30916,1.30901,1.30901,90070000,1
1500268920000,1500268979000,1.30902,1.30917,1.30893,1.30897,129970000,1
1500268980000,1500269039000,1.30897,1.309,1.30891,1.309,28820000,1
1500269040000,1500269099000,1.309,1.309,1.30897,1.30897,6750000,1
1500269100000,1500269159000,1.30897,1.30897,1.30896,1.30896,54120000,1
1500269160000,1500269219000,1.30897,1.30903,1.30888,1.30889,119510000,1
1500269220000,1500269279000,1.30889,1.30903,1.30888,1.30902,73630000,1
1500269280000,1500269339000,1.30903,1.30907,1.30895,1.30905,41250000,1
1500269340000,1500269399000,1.30906,1.30917,1.30898,1.30903,55090000,1
1500269400000,1500269459000,1.30904,1.30904,1.309,1.30902,24010000,1
1500269460000,1500269519000,1.30902,1.30918,1.30895,1.30918,76520000,1
1500269520000,1500269579000,1.3092,1.30934,1.30917,1.30929,38440000,1
1500269580000,1500269639000,1.3093,1.30931,1.30927,1.30928,72710000,1
1500269640000,1500269699000,1.30931,1.30931,1.3093,1.30931,59630000,1
1500269700000,1500269759000,1.30927,1.30928,1.3092,1.3092,80920000,1
1500269760000,1500269819000,1.3092,1.30924,1.30915,1.30917,71240000,1
1500269820000,1500269879000,1.30916,1.30924,1.30915,1.30922,49930000,1
1500269880000,1500269939000,1.30923,1.30923,1.30914,1.30915,44880000,1
1500269940000,1500269999000,1.30915,1.30918,1.30911,1.30913,49500000,1
1500270000000,1500270059000,1.30913,1.3092,1.3091,1.3091,56770000,1
1500270060000,1500270119000,1.30912,1.30921,1.30912,1.30921,11000000,1
1500270120000,1500270179000,1.3092,1.30921,1.30909,1.30921,33910000,1
1500270180000,1500270239000,1.30921,1.30921,1.30901,1.30904,35440000,1
1500270240000,1500270299000,1.30903,1.30912,1.30903,1.30911,20500000,1
1500270300000,1500270359000,1.30911,1.30911,1.30895,1.3091,40250000,1
1500270360000,1500270419000,1.3091,1.30911,1.30901,1.30904,35000000,1
1500270420000,1500270479000,1.30903,1.3091,1.309,1.30906,36060000,1
1500270480000,1500270539000,1.30906,1.30915,1.30902,1.30908,50320000,1
1500270540000,1500270599000,1.30908,1.30908,1.30905,1.30906,26000000,1
1500270600000,1500270659000,1.30905,1.30906,1.30903,1.30905,26000000,1
1500270660000,1500270719000,1.30905,1.30918,1.30905,1.30918,54860000,1
1500270720000,1500270779000,1.30918,1.30919,1.30905,1.30914,59500000,1
1500270780000,1500270839000,1.30914,1.30925,1.30911,1.30914,33500000,1
1500270840000,1500270899000,1.30912,1.30924,1.30912,1.30913,35840000,1
1500270900000,1500270959000,1.30911,1.30921,1.30905,1.30921,70730000,1
1500270960000,1500271019000,1.30922,1.30923,1.30911,1.30911,43780000,1
1500271020000,1500271079000,1.30915,1.30918,1.30905,1.30905,52960000,1
1500271080000,1500271139000,1.30908,1.30913,1.309,1.30901,48120000,1
1500271140000,1500271199000,1.309,1.3091,1.309,1.3091,31940000,1
1500271200000,1500271259000,1.3091,1.3091,1.30886,1.30891,89220000,1
1500271260000,1500271319000,1.30892,1.30905,1.3089,1.3089,88020000,1
1500271320000,1500271379000,1.3089,1.30895,1.30883,1.30892,121180000,1
1500271380000,1500271439000,1.30892,1.30898,1.30849,1.30853,97600000,1
1500271440000,1500271499000,1.30851,1.30863,1.30843,1.30847,77420000,1
1500271500000,1500271559000,1.30849,1.30856,1.30842,1.30848,85210000,1
1500271560000,1500271619000,1.3085,1.30856,1.30843,1.30844,70300000,1
1500271620000,1500271679000,1.30844,1.30858,1.30843,1.3085,86560000,1
1500271680000,1500271739000,1.30851,1.30853,1.30847,1.30849,76050000,1
1500271740000,1500271799000,1.3085,1.30852,1.30842,1.30846,85780000,1
1500271800000,1500271859000,1.30846,1.30848,1.3084,1.30848,109700000,1
1500271860000,1500271919000,1.30845,1.30858,1.30821,1.30841,118250000,1
1500271920000,1500271979000,1.30841,1.30846,1.3083,1.3083,94480000,1
1500271980000,1500272039000,1.30829,1.30849,1.30825,1.30847,98800000,1
1500272040000,1500272099000,1.30844,1.30857,1.30839,1.30854,109370000,1
1500272100000,1500272159000,1.30854,1.30854,1.30832,1.30843,130740000,1
1500272160000,1500272219000,1.30842,1.30843,1.30799,1.30803,148850000,1
1500272220000,1500272279000,1.30803,1.30826,1.30799,1.30826,94370000,1
1500272280000,1500272339000,1.30826,1.30855,1.30826,1.30851,89740000,1
1500272340000,1500272399000,1.30853,1.30866,1.30812,1.30823,115750000,1
1500272400000,1500272459000,1.30823,1.30828,1.30812,1.30821,133210000,1
1500272460000,1500272519000,1.30822,1.30843,1.30821,1.30828,171490000,1
1500272520000,1500272579000,1.30831,1.30851,1.30808,1.30823,215790000,1
1500272580000,1500272639000,1.30825,1.3084,1.30823,1.30835,117720000,1
1500272640000,1500272699000,1.30836,1.30845,1.30818,1.30821,133010000,1
1500272700000,1500272759000,1.30821,1.30832,1.30819,1.30821,115120000,1
1500272760000,1500272819000,1.30825,1.30842,1.30821,1.30834,99830000,1
1500272820000,1500272879000,1.30834,1.30838,1.30827,1.30833,142860000,1
1500272880000,1500272939000,1.30831,1.30833,1.30799,1.30799,129290000,1
1500272940000,1500272999000,1.30799,1.30802,1.30799,1.30802,64500000,1
1500273000000,1500273059000,1.30801,1.30815,1.30789,1.308,197800000,1
1500273060000,1500273119000,1.308,1.308,1.30792,1.30796,151410000,1
1500273120000,1500273179000,1.30796,1.30797,1.30792,1.30797,170630000,1
1500273180000,1500273239000,1.30795,1.30815,1.30795,1.30815,150410000,1
1500273240000,1500273299000,1.30817,1.30829,1.30815,1.30827,75000000,1
1500273300000,1500273359000,1.30827,1.30835,1.30823,1.30835,111370000,1
1500273360000,1500273419000,1.30834,1.30851,1.30834,1.30843,76740000,1
1500273420000,1500273479000,1.30843,1.3085,1.30843,1.30846,111040000,1
1500273480000,1500273539000,1.30844,1.30846,1.30842,1.30844,76840000,1
1500273540000,1500273599000,1.30844,1.30846,1.30822,1.30832,79200000,1
1500273600000,1500273659000,1.30832,1.30838,1.30832,1.30835,66110000,1
1500273660000,1500273719000,1.30835,1.30836,1.30827,1.30836,82870000,1
1500273720000,1500273779000,1.30834,1.30835,1.30824,1.30826,84490000,1
1500273780000,1500273839000,1.30826,1.3083,1.30815,1.30829,67050000,1
1500273840000,1500273899000,1.3083,1.30847,1.3083,1.30835,118280000,1
1500273900000,1500273959000,1.30837,1.30839,1.30822,1.30838,112810000,1
1500273960000,1500274019000,1.30839,1.30852,1.30836,1.30851,67790000,1
1500274020000,1500274079000,1.30849,1.30855,1.30848,1.30853,87280000,1
1500274080000,1500274139000,1.30853,1.3086,1.30847,1.30851,165770000,1
1500274140000,1500274199000,1.30852,1.30852,1.3083,1.30849,141160000,1
1500274200000,1500274259000,1.30847,1.30849,1.30839,1.3084,90570000,1
1500274260000,1500274319000,1.3084,1.3085,1.30838,1.30844,116860000,1
1500274320000,1500274379000,1.30845,1.30849,1.30843,1.30848,59230000,1
1500274380000,1500274439000,1.3085,1.30855,1.30849,1.30852,62180000,1
1500274440000,1500274499000,1.30848,1.30852,1.3084,1.30851,82970000,1
1500274500000,1500274559000,1.30851,1.30853,1.30843,1.30851,33300000,1
1500274560000,1500274619000,1.30851,1.30858,1.30849,1.30857,52110000,1
1500274620000,1500274679000,1.30857,1.30874,1.30855,1.30874,38250000,1
1500274680000,1500274739000,1.30874,1.30923,1.30865,1.30907,205100000,1
1500274740000,1500274799000,1.30907,1.30965,1.30907,1.30965,102050000,1
1500274800000,1500274859000,1.3096,1.3096,1.30899,1.30957,138320000,1
1500274860000,1500274919000,1.30955,1.30958,1.30938,1.30955,87610000,1
1500274920000,1500274979000,1.30955,1.30956,1.30931,1.30936,74610000,1
1500274980000,1500275039000,1.30938,1.30953,1.30931,1.30944,131300000,1
1500275040000,1500275099000,1.30943,1.30954,1.30938,1.30945,122910000,1
1500275100000,1500275159000,1.30945,1.30955,1.30911,1.30911,132210000,1
1500275160000,1500275219000,1.30912,1.30912,1.30894,1.30904,160490000,1
1500275220000,1500275279000,1.30904,1.30917,1.30895,1.30905,84150000,1
1500275280000,1500275339000,1.30905,1.30918,1.30902,1.30913,102690000,1
1500275340000,1500275399000,1.30913,1.30924,1.30907,1.30918,186450000,1
1500275400000,1500275459000,1.30917,1.30923,1.30904,1.30922,174740000,1
1500275460000,1500275519000,1.3092,1.3092,1.3091,1.30913,96800000,1
1500275520000,1500275579000,1.30915,1.30939,1.30914,1.30932,112360000,1
1500275580000,1500275639000,1.30931,1.30933,1.30923,1.30932,81110000,1
1500275640000,1500275699000,1.30931,1.30943,1.30924,1.30942,106280000,1
1500275700000,1500275759000,1.30942,1.30951,1.3094,1.30949,151030000,1
1500275760000,1500275819000,1.3095,1.3095,1.30921,1.30923,77260000,1
1500275820000,1500275879000,1.30922,1.30928,1.30912,1.30916,82980000,1
1500275880000,1500275939000,1.30914,1.30922,1.3091,1.30922,154310000,1
1500275940000,1500275999000,1.3092,1.30923,1.30905,1.30909,77460000,1
1500276000000,1500276059000,1.30909,1.3091,1.3085,1.3086,160420000,1
1500276060000,1500276119000,1.30861,1.30876,1.30854,1.30857,92440000,1
1500276120000,1500276179000,1.30857,1.30858,1.30844,1.30844,121920000,1
1500276180000,1500276239000,1.30843,1.30849,1.30843,1.30846,61620000,1
1500276240000,1500276299000,1.30839,1.30839,1.30822,1.30824,65660000,1
1500276300000,1500276359000,1.30823,1.30827,1.30803,1.30826,177260000,1
1500276360000,1500276419000,1.30826,1.30827,1.30815,1.30815,122240000,1
1500276420000,1500276479000,1.30815,1.30828,1.30806,1.30827,117440000,1
1500276480000,1500276539000,1.30828,1.30828,1.308,1.3081,189730000,1
1500276540000,1500276599000,1.3081,1.3081,1.30793,1.30798,137710000,1
1500276600000,1500276659000,1.30795,1.30854,1.30795,1.30852,216760000,1
1500276660000,1500276719000,1.30851,1.30852,1.30829,1.30832,218910000,1
1500276720000,1500276779000,1.30833,1.30843,1.30833,1.30842,114820000,1
1500276780000,1500276839000,1.30842,1.30854,1.30842,1.30845,211080000,1
1500276840000,1500276899000,1.30845,1.30848,1.30821,1.30834,196740000,1
1500276900000,1500276959000,1.30832,1.30832,1.30797,1.30804,179710000,1
1500276960000,1500277019000,1.30809,1.3081,1.30791,1.30793,166960000,1
1500277020000,1500277079000,1.30793,1.30819,1.30793,1.30815,92290000,1
1500277080000,1500277139000,1.30816,1.30822,1.30801,1.30806,106000000,1
1500277140000,1500277199000,1.30807,1.30813,1.30802,1.30809,93250000,1
1500277200000,1500277259000,1.30809,1.30809,1.30794,1.30795,104200000,1
1500277260000,1500277319000,1.30797,1.30801,1.30784,1.30785,130910000,1
1500277320000,1500277379000,1.30785,1.30789,1.30771,1.30773,142760000,1
1500277380000,1500277439000,1.30777,1.3078,1.30732,1.30751,168410000,1
1500277440000,1500277499000,1.30752,1.3076,1.30728,1.30742,195040000,1
1500277500000,1500277559000,1.30742,1.30762,1.30742,1.30748,125870000,1
1500277560000,1500277619000,1.30748,1.30757,1.30746,1.30752,143270000,1
1500277620000,1500277679000,1.30752,1.30761,1.3075,1.30751,170630000,1
1500277680000,1500277739000,1.30751,1.30752,1.30735,1.30738,179870000,1
1500277740000,1500277799000,1.30737,1.30745,1.3073,1.30741,139000000,1
1500277800000,1500277859000,1.30741,1.30756,1.3073,1.30731,101710000,1
1500277860000,1500277919000,1.30731,1.30757,1.30726,1.30754,165870000,1
1500277920000,1500277979000,1.30753,1.30753,1.30699,1.30712,198590000,1
1500277980000,1500278039000,1.30713,1.30734,1.30703,1.3071,145720000,1
1500278040000,1500278099000,1.3071,1.30713,1.307,1.30709,117740000,1
1500278100000,1500278159000,1.30708,1.3071,1.30698,1.30701,127600000,1
1500278160000,1500278219000,1.30701,1.30712,1.30699,1.30708,114290000,1
1500278220000,1500278279000,1.30705,1.30717,1.30701,1.3071,127160000,1
1500278280000,1500278339000,1.3071,1.30726,1.30703,1.30712,87610000,1
1500278340000,1500278399000,1.30711,1.30739,1.30711,1.30738,209890000,1
1500278400000,1500278459000,1.30737,1.30737,1.30719,1.30723,139720000,1
1500278460000,1500278519000,1.30723,1.30753,1.30722,1.30748,99730000,1
1500278520000,1500278579000,1.30751,1.30774,1.30742,1.30768,186360000,1
1500278580000,1500278639000,1.30768,1.30771,1.30751,1.30768,189350000,1
1500278640000,1500278699000,1.30768,1.30775,1.30761,1.30764,135170000,1
1500278700000,1500278759000,1.30764,1.3077,1.30761,1.30762,144140000,1
1500278760000,1500278819000,1.30763,1.30769,1.30752,1.30756,99220000,1
1500278820000,1500278879000,1.30754,1.30755,1.3074,1.3074,133470000,1
1500278880000,1500278939000,1.30738,1.30738,1.30698,1.30701,154580000,1
1500278940000,1500278999000,1.30701,1.30707,1.30698,1.30699,119180000,1
1500279000000,1500279059000,1.30699,1.30704,1.30689,1.30704,149340000,1
1500279060000,1500279119000,1.30709,1.30733,1.30709,1.30731,68380000,1
1500279120000,1500279179000,1.30731,1.30736,1.30731,1.30733,32190000,1
1500279180000,1500279239000,1.30735,1.30747,1.30719,1.30719,164890000,1
1500279240000,1500279299000,1.30722,1.30737,1.30719,1.30736,55050000,1
1500279300000,1500279359000,1.30736,1.30758,1.30736,1.30744,98500000,1
1500279360000,1500279419000,1.30745,1.30754,1.30721,1.30729,88700000,1
1500279420000,1500279479000,1.30728,1.30735,1.30728,1.30733,27000000,1
1500279480000,1500279539000,1.30733,1.30733,1.3072,1.3072,87470000,1
1500279540000,1500279599000,1.30718,1.3075,1.30717,1.30743,124090000,1
1500279600000,1500279659000,1.30743,1.3076,1.30743,1.30759,110430000,1
1500279660000,1500279719000,1.3076,1.3077,1.30759,1.30761,70110000,1
1500279720000,1500279779000,1.30761,1.30762,1.30748,1.30748,50510000,1
1500279780000,1500279839000,1.3075,1.30752,1.30744,1.30748,120200000,1
1500279840000,1500279899000,1.30748,1.30788,1.30748,1.3078,122040000,1
1500279900000,1500279959000,1.3078,1.30786,1.30771,1.30781,86170000,1
1500279960000,1500280019000,1.30783,1.308,1.30783,1.30791,62380000,1
1500280020000,1500280079000,1.30791,1.30808,1.30791,1.30802,132760000,1
1500280080000,1500280139000,1.30802,1.30811,1.30802,1.30811,75320000,1
1500280140000,1500280199000,1.30812,1.30823,1.30812,1.30823,127450000,1
1500280200000,1500280259000,1.30823,1.30825,1.308,1.30821,100780000,1
1500280260000,1500280319000,1.3082,1.30825,1.308,1.308,104320000,1
1500280320000,1500280379000,1.30793,1.30793,1.3077,1.3077,54180000,1
1500280380000,1500280439000,1.30768,1.3077,1.30759,1.30769,80240000,1
1500280440000,1500280499000,1.30767,1.30771,1.30749,1.30749,52080000,1
1500280500000,1500280559000,1.30749,1.30749,1.30738,1.30747,122860000,1
1500280560000,1500280619000,1.30744,1.30748,1.30731,1.30739,184520000,1
1500280620000,1500280679000,1.30739,1.3075,1.30739,1.30739,171460000,1
1500280680000,1500280739000,1.30739,1.30753,1.30738,1.30739,162680000,1
1500280740000,1500280799000,1.30739,1.3074,1.30697,1.30701,100100000,1
1500280800000,1500280859000,1.30701,1.30714,1.30695,1.30701,108000000,1
1500280860000,1500280919000,1.30701,1.30717,1.30698,1.30708,63490000,1
1500280920000,1500280979000,1.3071,1.30722,1.30703,1.30705,57180000,1
1500280980000,1500281039000,1.30705,1.30708,1.30676,1.30685,132480000,1
1500281040000,1500281099000,1.30686,1.3071,1.30686,1.30708,68190000,1
1500281100000,1500281159000,1.30709,1.30734,1.30708,1.30717,85500000,1
1500281160000,1500281219000,1.30718,1.30723,1.30709,1.30709,122000000,1
1500281220000,1500281279000,1.3071,1.30724,1.3071,1.30722,107950000,1
1500281280000,1500281339000,1.30722,1.30725,1.30721,1.30722,89850000,1
1500281340000,1500281399000,1.30722,1.30725,1.3072,1.3072,138400000,1
1500281400000,1500281459000,1.30723,1.30729,1.3072,1.30721,102160000,1
1500281460000,1500281519000,1.30721,1.30723,1.30713,1.30723,78440000,1
1500281520000,1500281579000,1.30723,1.3073,1.3072,1.3072,117150000,1
1500281580000,1500281639000,1.3072,1.30725,1.30718,1.30723,134840000,1
1500281640000,1500281699000,1.30724,1.30727,1.30718,1.3072,102420000,1
1500281700000,1500281759000,1.30719,1.30722,1.30706,1.30719,81230000,1
1500281760000,1500281819000,1.3072,1.3072,1.30703,1.30711,53670000,1
1500281820000,1500281879000,1.30709,1.3071,1.307,1.30702,57490000,1
1500281880000,1500281939000,1.30703,1.30719,1.30701,1.30718,96830000,1
1500281940000,1500281999000,1.30717,1.30721,1.30688,1.30712,138640000,1
1500282000000,1500282059000,1.30708,1.30722,1.307,1.30722,78250000,1
1500282060000,1500282119000,1.3072,1.30727,1.30717,1.30724,68120000,1
1500282120000,1500282179000,1.30725,1.30729,1.3072,1.30724,62000000,1
1500282180000,1500282239000,1.30724,1.30754,1.30724,1.30737,127950000,1
1500282240000,1500282299000,1.30737,1.30742,1.30734,1.30737,102940000,1
1500282300000,1500282359000,1.30737,1.30746,1.30729,1.3074,125660000,1
1500282360000,1500282419000,1.30739,1.30742,1.30734,1.3074,122790000,1
1500282420000,1500282479000,1.30739,1.30748,1.30739,1.30745,78750000,1
1500282480000,1500282539000,1.30747,1.30753,1.30746,1.3075,52180000,1
1500282540000,1500282599000,1.3075,1.3075,1.3074,1.3074,113190000,1
1500282600000,1500282659000,1.3074,1.3074,1.30709,1.3071,139140000,1
1500282660000,1500282719000,1.3071,1.3072,1.307,1.30702,116190000,1
1500282720000,1500282779000,1.30701,1.30706,1.3069,1.3069,76990000,1
1500282780000,1500282839000,1.30691,1.30702,1.3069,1.307,113190000,1
1500282840000,1500282899000,1.30704,1.30716,1.30703,1.3071,135430000,1
1500282900000,1500282959000,1.3071,1.30718,1.30707,1.30716,76710000,1
1500282960000,1500283019000,1.30716,1.30737,1.30716,1.30733,132320000,1
1500283020000,1500283079000,1.30733,1.30733,1.30709,1.30728,97800000,1
1500283080000,1500283139000,1.30729,1.30761,1.30729,1.30761,111300000,1
1500283140000,1500283199000,1.30761,1.30764,1.3075,1.30764,115680000,1
1500283200000,1500283259000,1.30763,1.3077,1.30739,1.30741,162160000,1
1500283260000,1500283319000,1.30741,1.30759,1.3074,1.30747,101870000,1
1500283320000,1500283379000,1.30748,1.30792,1.30748,1.30792,168560000,1
1500283380000,1500283439000,1.30793,1.30805,1.30772,1.30772,137640000,1
1500283440000,1500283499000,1.30771,1.30774,1.3076,1.3076,84400000,1
1500283500000,1500283559000,1.30759,1.30769,1.30759,1.30761,166380000,1
1500283560000,1500283619000,1.30761,1.30783,1.30761,1.30783,136550000,1
1500283620000,1500283679000,1.30782,1.30792,1.30775,1.30789,152140000,1
1500283680000,1500283739000,1.30789,1.3079,1.30768,1.3077,72680000,1
1500283740000,1500283799000,1.3077,1.30773,1.30748,1.30748,130170000,1
1500283800000,1500283859000,1.30747,1.3075,1.30718,1.30729,88300000,1
1500283860000,1500283919000,1.3073,1.30734,1.30724,1.30733,55000000,1
1500283920000,1500283979000,1.30731,1.30739,1.30729,1.30736,60440000,1
1500283980000,1500284039000,1.30737,1.3076,1.30736,1.30758,101440000,1
1500284040000,1500284099000,1.30759,1.30769,1.30751,1.30756,113780000,1
1500284100000,1500284159000,1.30755,1.30768,1.3075,1.30761,79250000,1
1500284160000,1500284219000,1.30759,1.30759,1.30709,1.30739,141050000,1
1500284220000,1500284279000,1.30738,1.30738,1.30717,1.30722,69080000,1
1500284280000,1500284339000,1.30723,1.3073,1.3072,1.30727,85680000,1
1500284340000,1500284399000,1.30726,1.30728,1.30717,1.30719,96430000,1
1500284400000,1500284459000,1.3072,1.30722,1.30715,1.30715,55150000,1
1500284460000,1500284519000,1.30715,1.30722,1.30694,1.30698,193280000,1
1500284520000,1500284579000,1.30698,1.30717,1.30698,1.30705,94330000,1
1500284580000,1500284639000,1.30706,1.30732,1.30706,1.3071,190540000,1
1500284640000,1500284699000,1.3071,1.30718,1.30705,1.30705,108770000,1
1500284700000,1500284759000,1.30704,1.3072,1.30698,1.30719,70010000,1
1500284760000,1500284819000,1.30718,1.3072,1.30699,1.30708,84620000,1
1500284820000,1500284879000,1.30708,1.30738,1.30708,1.30731,71120000,1
1500284880000,1500284939000,1.3073,1.30733,1.30718,1.3072,76940000,1
1500284940000,1500284999000,1.30719,1.3073,1.30719,1.30728,97470000,1
1500285000000,1500285059000,1.30728,1.30728,1.30713,1.30716,147950000,1
1500285060000,1500285119000,1.30714,1.30717,1.30686,1.30715,143570000,1
1500285120000,1500285179000,1.30715,1.30728,1.3071,1.30728,175650000,1
1500285180000,1500285239000,1.30728,1.30731,1.30727,1.30729,78270000,1
1500285240000,1500285299000,1.30729,1.30742,1.30729,1.30742,130990000,1
1500285300000,1500285359000,1.30741,1.30741,1.30721,1.30736,165460000,1
1500285360000,1500285419000,1.30736,1.30736,1.30724,1.30726,27420000,1
1500285420000,1500285479000,1.30726,1.30735,1.30726,1.3073,31750000,1
1500285480000,1500285539000,1.30732,1.30755,1.3073,1.30752,55740000,1
1500285540000,1500285599000,1.30752,1.30767,1.30752,1.30762,71550000,1
1500285600000,1500285659000,1.30763,1.30763,1.30722,1.30723,114390000,1
1500285660000,1500285719000,1.30724,1.3073,1.30716,1.30727,122270000,1
1500285720000,1500285779000,1.30728,1.30763,1.30727,1.30749,110750000,1
1500285780000,1500285839000,1.30749,1.3075,1.30737,1.30737,126500000,1
1500285840000,1500285899000,1.30737,1.30744,1.30718,1.30718,255140000,1
1500285900000,1500285959000,1.30719,1.30723,1.30687,1.30692,169580000,1
1500285960000,1500286019000,1.30692,1.30697,1.30647,1.3066,213150000,1
1500286020000,1500286079000,1.30659,1.30673,1.30657,1.30658,116420000,1
1500286080000,1500286139000,1.30658,1.3067,1.30654,1.30659,88360000,1
1500286140000,1500286199000,1.30659,1.3066,1.30649,1.30658,139870000,1
1500286200000,1500286259000,1.30654,1.3066,1.30647,1.30658,105700000,1
1500286260000,1500286319000,1.30658,1.30669,1.30658,1.30665,110640000,1
1500286320000,1500286379000,1.30665,1.30677,1.30665,1.30675,117660000,1
1500286380000,1500286439000,1.30675,1.30675,1.30667,1.30668,87250000,1
1500286440000,1500286499000,1.30667,1.30677,1.3066,1.30661,119410000,1
1500286500000,1500286559000,1.30665,1.3067,1.30659,1.30659,81790000,1
1500286560000,1500286619000,1.30661,1.30666,1.30658,1.3066,64900000,1
1500286620000,1500286679000,1.30661,1.30671,1.30658,1.30662,120750000,1
1500286680000,1500286739000,1.3066,1.30662,1.30648,1.30658,154990000,1
1500286740000,1500286799000,1.30658,1.30658,1.30607,1.30608,198680000,1
1500286800000,1500286859000,1.30609,1.30619,1.30609,1.30617,100330000,1
1500286860000,1500286919000,1.30616,1.30618,1.30607,1.30616,133150000,1
1500286920000,1500286979000,1.30616,1.30616,1.30608,1.30609,103510000,1
1500286980000,1500287039000,1.3061,1.30613,1.30605,1.30605,55220000,1
1500287040000,1500287099000,1.30605,1.30605,1.30577,1.30578,211620000,1
1500287100000,1500287159000,1.30577,1.306,1.30577,1.30595,77770000,1
1500287160000,1500287219000,1.30596,1.3064,1.30596,1.30633,125800000,1
1500287220000,1500287279000,1.30631,1.30679,1.30628,1.30678,171310000,1
1500287280000,1500287339000,1.30675,1.30677,1.30667,1.30668,139730000,1
1500287340000,1500287399000,1.30668,1.30668,1.30648,1.30667,77130000,1
1500287400000,1500287459000,1.30667,1.30668,1.30637,1.30648,127950000,1
1500287460000,1500287519000,1.30647,1.30675,1.30647,1.30669,111640000,1
1500287520000,1500287579000,1.30667,1.30713,1.30651,1.307,165550000,1
1500287580000,1500287639000,1.30699,1.30707,1.30692,1.30692,107090000,1
1500287640000,1500287699000,1.3069,1.307,1.30679,1.30698,204230000,1
1500287700000,1500287759000,1.30697,1.3072,1.30692,1.3072,159380000,1
1500287760000,1500287819000,1.3072,1.30738,1.30714,1.3073,116320000,1
1500287820000,1500287879000,1.30728,1.3074,1.30727,1.30734,186060000,1
1500287880000,1500287939000,1.30733,1.30744,1.30723,1.30739,138210000,1
1500287940000,1500287999000,1.30736,1.30748,1.30736,1.30744,87650000,1
1500288000000,1500288059000,1.30744,1.30744,1.3072,1.30722,61170000,1
1500288060000,1500288119000,1.30723,1.30723,1.307,1.30704,93360000,1
1500288120000,1500288179000,1.30706,1.30709,1.30687,1.30708,56250000,1
1500288180000,1500288239000,1.30709,1.30709,1.30702,1.30708,53520000,1
1500288240000,1500288299000,1.30705,1.30719,1.30697,1.30718,84050000,1
1500288300000,1500288359000,1.30713,1.30713,1.30688,1.30689,79110000,1
1500288360000,1500288419000,1.3069,1.30707,1.30678,1.30678,161660000,1
1500288420000,1500288479000,1.30679,1.30688,1.30677,1.30688,87850000,1
1500288480000,1500288539000,1.30684,1.30684,1.30658,1.30671,120470000,1
1500288540000,1500288599000,1.30671,1.30671,1.30653,1.30658,194030000,1
1500288600000,1500288659000,1.30659,1.30659,1.3064,1.30644,84870000,1
1500288660000,1500288719000,1.30647,1.30648,1.30621,1.30623,99080000,1
1500288720000,1500288779000,1.30622,1.30642,1.3062,1.30638,87210000,1
1500288780000,1500288839000,1.3064,1.3065,1.30638,1.3065,76290000,1
1500288840000,1500288899000,1.30649,1.30661,1.30648,1.30657,122830000,1
1500288900000,1500288959000,1.30657,1.30685,1.3065,1.30684,151120000,1
1500288960000,1500289019000,1.30683,1.3071,1.30679,1.30707,155130000,1
1500289020000,1500289079000,1.30707,1.30715,1.30666,1.30666,142050000,1
1500289080000,1500289139000,1.30666,1.30667,1.30638,1.3064,153480000,1
1500289140000,1500289199000,1.30643,1.30666,1.30643,1.30666,116640000,1
1500289200000,1500289259000,1.30669,1.30669,1.30635,1.30641,145030000,1
1500289260000,1500289319000,1.30641,1.30665,1.30639,1.30647,93900000,1
1500289320000,1500289379000,1.30647,1.30658,1.30639,1.3064,61350000,1
1500289380000,1500289439000,1.30639,1.30659,1.30639,1.30648,110540000,1
1500289440000,1500289499000,1.30647,1.30652,1.30637,1.30651,97370000,1
1500289500000,1500289559000,1.30651,1.30651,1.30634,1.30638,43110000,1
1500289560000,1500289619000,1.30637,1.30639,1.30627,1.30637,108460000,1
1500289620000,1500289679000,1.30637,1.30638,1.30626,1.30633,147430000,1
1500289680000,1500289739000,1.30633,1.30638,1.30626,1.30626,145390000,1
1500289740000,1500289799000,1.30626,1.30637,1.30626,1.30636,91200000,1
1500289800000,1500289859000,1.3064,1.30651,1.30638,1.30646,194870000,1
1500289860000,1500289919000,1.30646,1.30646,1.30632,1.30636,158100000,1
1500289920000,1500289979000,1.30636,1.30641,1.3063,1.30637,89760000,1
1500289980000,1500290039000,1.30637,1.30637,1.30629,1.3063,101760000,1
1500290040000,1500290099000,1.3063,1.30636,1.30618,1.30618,88390000,1
1500290100000,1500290159000,1.30618,1.30625,1.30602,1.30606,116570000,1
1500290160000,1500290219000,1.30606,1.30614,1.30606,1.30609,89930000,1
1500290220000,1500290279000,1.30609,1.30634,1.30608,1.30619,61800000,1
1500290280000,1500290339000,1.30619,1.30628,1.30616,1.30628,66570000,1
1500290340000,1500290399000,1.30626,1.3064,1.30622,1.30639,62920000,1
1500290400000,1500290459000,1.30638,1.30638,1.30618,1.30621,163510000,1
1500290460000,1500290519000,1.30621,1.30621,1.30611,1.30619,103030000,1
1500290520000,1500290579000,1.30617,1.30617,1.30599,1.30604,106770000,1
1500290580000,1500290639000,1.30604,1.30617,1.30602,1.30617,74790000,1
1500290640000,1500290699000,1.30617,1.30633,1.30614,1.3063,119660000,1
1500290700000,1500290759000,1.30631,1.30643,1.30613,1.30621,172030000,1
1500290760000,1500290819000,1.30618,1.30635,1.30618,1.30634,86980000,1
1500290820000,1500290879000,1.30634,1.30642,1.30617,1.30617,104970000,1
1500290880000,1500290939000,1.30617,1.30618,1.30612,1.30613,63060000,1
1500290940000,1500290999000,1.30613,1.30628,1.30613,1.30622,79450000,1
1500291000000,1500291059000,1.30621,1.30625,1.30615,1.30619,49030000,1
1500291060000,1500291119000,1.30619,1.30632,1.30619,1.3062,48940000,1
1500291120000,1500291179000,1.3062,1.3062,1.30609,1.30611,92820000,1
1500291180000,1500291239000,1.30611,1.30615,1.30603,1.30612,85440000,1
1500291240000,1500291299000,1.30612,1.30613,1.30606,1.30609,106190000,1
1500291300000,1500291359000,1.3061,1.30616,1.30607,1.30614,73060000,1
1500291360000,1500291419000,1.30614,1.30619,1.30614,1.30615,61550000,1
1500291420000,1500291479000,1.30615,1.3062,1.30613,1.30615,56480000,1
1500291480000,1500291539000,1.30615,1.30641,1.30613,1.30637,115750000,1
1500291540000,1500291599000,1.30634,1.30651,1.30628,1.30651,110890000,1
1500291600000,1500291659000,1.30651,1.30665,1.30651,1.30658,130370000,1
1500291660000,1500291719000,1.30654,1.30657,1.30634,1.30639,161630000,1
1500291720000,1500291779000,1.30639,1.3065,1.30636,1.30647,130420000,1
1500291780000,1500291839000,1.30648,1.30664,1.30644,1.30644,112060000,1
1500291840000,1500291899000,1.30644,1.30667,1.30644,1.30665,51210000,1
1500291900000,1500291959000,1.30666,1.30679,1.30662,1.30679,87100000,1
1500291960000,1500292019000,1.30679,1.30679,1.30655,1.30658,85910000,1
1500292020000,1500292079000,1.30658,1.30658,1.30642,1.30646,42050000,1
1500292080000,1500292139000,1.30646,1.30646,1.30621,1.30623,110850000,1
1500292140000,1500292199000,1.30622,1.30628,1.30611,1.30626,84880000,1
1500292200000,1500292259000,1.30624,1.30649,1.30624,1.30646,108970000,1
1500292260000,1500292319000,1.30644,1.30646,1.30633,1.30634,95960000,1
1500292320000,1500292379000,1.30633,1.30644,1.3063,1.3063,136280000,1
1500292380000,1500292439000,1.3063,1.30636,1.30619,1.30625,80460000,1
1500292440000,1500292499000,1.30624,1.30635,1.30621,1.30628,99960000,1
1500292500000,1500292559000,1.30628,1.30628,1.30604,1.30604,116030000,1
1500292560000,1500292619000,1.30604,1.30608,1.30597,1.30605,92210000,1
1500292620000,1500292679000,1.30605,1.30605,1.30596,1.30598,50570000,1
1500292680000,1500292739000,1.30596,1.30597,1.30587,1.30596,39670000,1
1500292740000,1500292799000,1.30596,1.30604,1.30596,1.30598,54830000,1
1500292800000,1500292859000,1.30598,1.30627,1.30598,1.30624,99840000,1
1500292860000,1500292919000,1.30626,1.30654,1.30616,1.3065,137250000,1
1500292920000,1500292979000,1.30646,1.30679,1.30646,1.30672,184270000,1
1500292980000,1500293039000,1.30674,1.30676,1.30641,1.30646,71740000,1
1500293040000,1500293099000,1.30646,1.30647,1.30636,1.30638,131890000,1
1500293100000,1500293159000,1.30635,1.30641,1.30634,1.30637,99440000,1
1500293160000,1500293219000,1.30637,1.30638,1.30618,1.30628,141050000,1
1500293220000,1500293279000,1.30627,1.30651,1.30625,1.30649,92640000,1
1500293280000,1500293339000,1.30647,1.30661,1.30643,1.30657,111780000,1
1500293340000,1500293399000,1.30656,1.30661,1.30639,1.30644,177550000,1
1500293400000,1500293459000,1.30643,1.30643,1.30623,1.30624,87290000,1
1500293460000,1500293519000,1.30625,1.30627,1.30619,1.30626,79170000,1
1500293520000,1500293579000,1.30626,1.30626,1.3061,1.30612,68430000,1
1500293580000,1500293639000,1.30614,1.30623,1.30607,1.30616,77440000,1
1500293640000,1500293699000,1.30616,1.30619,1.30615,1.30617,46360000,1
1500293700000,1500293759000,1.30616,1.30617,1.30604,1.30608,102090000,1
1500293760000,1500293819000,1.30607,1.30607,1.30592,1.30595,91580000,1
1500293820000,1500293879000,1.30595,1.30611,1.30595,1.30611,84550000,1
1500293880000,1500293939000,1.30609,1.30624,1.30606,1.30624,100780000,1
1500293940000,1500293999000,1.30622,1.30646,1.30618,1.30639,165380000,1
1500294000000,1500294059000,1.30645,1.30671,1.30643,1.30665,226670000,1
1500294060000,1500294119000,1.30665,1.30669,1.30655,1.30663,192950000,1
1500294120000,1500294179000,1.30664,1.30664,1.30653,1.30658,118860000,1
1500294180000,1500294239000,1.30661,1.30661,1.30655,1.30655,39370000,1
1500294240000,1500294299000,1.30653,1.30662,1.30641,1.30659,80850000,1
1500294300000,1500294359000,1.3066,1.30664,1.30651,1.30659,155920000,1
1500294360000,1500294419000,1.30659,1.30687,1.30658,1.30677,169800000,1
1500294420000,1500294479000,1.30677,1.30685,1.30675,1.30684,159020000,1
1500294480000,1500294539000,1.30684,1.30697,1.30684,1.30691,205510000,1
1500294540000,1500294599000,1.30695,1.30702,1.30655,1.30664,154650000,1
1500294600000,1500294659000,1.30671,1.30723,1.30665,1.3071,175080000,1
1500294660000,1500294719000,1.30711,1.30723,1.30701,1.30722,133950000,1
1500294720000,1500294779000,1.30719,1.30726,1.30687,1.30688,154950000,1
1500294780000,1500294839000,1.30694,1.30719,1.30687,1.30706,133390000,1
1500294840000,1500294899000,1.30707,1.30743,1.30707,1.30742,118710000,1
1500294900000,1500294959000,1.30742,1.30743,1.30718,1.30731,121260000,1
1500294960000,1500295019000,1.30731,1.30737,1.30716,1.30716,173670000,1
1500295020000,1500295079000,1.30716,1.30739,1.30713,1.30739,111010000,1
1500295080000,1500295139000,1.30741,1.30741,1.30725,1.30732,132540000,1
1500295140000,1500295199000,1.30732,1.30741,1.30729,1.30736,99180000,1
1500295200000,1500295259000,1.30738,1.30752,1.30728,1.3073,138290000,1
1500295260000,1500295319000,1.30729,1.30758,1.30725,1.30742,130860000,1
1500295320000,1500295379000,1.3074,1.30745,1.30729,1.30733,130950000,1
1500295380000,1500295439000,1.30735,1.30749,1.30726,1.30743,123920000,1
1500295440000,1500295499000,1.30743,1.30749,1.30741,1.30747,79480000,1
1500295500000,1500295559000,1.30747,1.30748,1.30741,1.30748,74710000,1
1500295560000,1500295619000,1.30749,1.3075,1.30739,1.3074,157480000,1
1500295620000,1500295679000,1.30742,1.30744,1.30727,1.30728,162740000,1
1500295680000,1500295739000,1.30727,1.30736,1.30726,1.30728,102400000,1
1500295740000,1500295799000,1.30728,1.30733,1.30719,1.30726,145690000,1
1500295800000,1500295859000,1.30725,1.30743,1.30722,1.30734,160720000,1
1500295860000,1500295919000,1.30734,1.30738,1.30729,1.30732,77180000,1
1500295920000,1500295979000,1.30735,1.30735,1.30721,1.30722,106420000,1
1500295980000,1500296039000,1.30724,1.30742,1.30719,1.30729,147840000,1
1500296040000,1500296099000,1.30729,1.30738,1.30727,1.30728,101330000,1
1500296100000,1500296159000,1.30729,1.30748,1.30725,1.30727,117430000,1
1500296160000,1500296219000,1.30725,1.30752,1.30725,1.30743,88710000,1
1500296220000,1500296279000,1.30742,1.30752,1.30729,1.30749,135780000,1
1500296280000,1500296339000,1.30755,1.30755,1.30735,1.30739,154800000,1
1500296340000,1500296399000,1.3074,1.30748,1.30738,1.30746,75480000,1
1500296400000,1500296459000,1.30744,1.30746,1.30734,1.30743,118540000,1
1500296460000,1500296519000,1.30743,1.30747,1.30739,1.30745,59440000,1
1500296520000,1500296579000,1.30744,1.30751,1.30728,1.30751,140040000,1
1500296580000,1500296639000,1.30751,1.30751,1.30725,1.30743,157840000,1
1500296640000,1500296699000,1.30743,1.30749,1.30739,1.30748,138430000,1
1500296700000,1500296759000,1.30748,1.3077,1.30747,1.30763,66700000,1
1500296760000,1500296819000,1.30764,1.30783,1.30757,1.3076,120460000,1
1500296820000,1500296879000,1.30755,1.30755,1.30734,1.30734,138500000,1
1500296880000,1500296939000,1.30734,1.30736,1.30701,1.30718,217920000,1
1500296940000,1500296999000,1.30718,1.30729,1.30701,1.30728,180480000,1
1500297000000,1500297059000,1.30728,1.30729,1.30706,1.30708,105780000,1
1500297060000,1500297119000,1.30709,1.30726,1.30697,1.30725,125470000,1
1500297120000,1500297179000,1.30722,1.30728,1.30722,1.30727,131880000,1
1500297180000,1500297239000,1.30726,1.30726,1.30717,1.30719,163270000,1
1500297240000,1500297299000,1.30719,1.30727,1.30717,1.30725,136900000,1
1500297300000,1500297359000,1.30726,1.30751,1.30725,1.30751,248960000,1
1500297360000,1500297419000,1.30751,1.30785,1.30746,1.30764,127690000,1
1500297420000,1500297479000,1.30764,1.30764,1.30737,1.30758,118990000,1
1500297480000,1500297539000,1.30758,1.3076,1.30749,1.30749,60900000,1
1500297540000,1500297599000,1.3075,1.30756,1.30736,1.30739,133880000,1
1500297600000,1500297659000,1.30739,1.30745,1.30717,1.30717,195080000,1
1500297660000,1500297719000,1.30717,1.30731,1.30698,1.30719,197180000,1
1500297720000,1500297779000,1.3072,1.30721,1.30696,1.30704,147940000,1
1500297780000,1500297839000,1.30704,1.30727,1.30697,1.30727,144840000,1
1500297840000,1500297899000,1.30727,1.30728,1.30719,1.30725,75120000,1
1500297900000,1500297959000,1.30724,1.30725,1.30707,1.30715,55810000,1
1500297960000,1500298019000,1.30715,1.30723,1.30709,1.3071,132650000,1
1500298020000,1500298079000,1.30709,1.30717,1.30704,1.30713,223350000,1
1500298080000,1500298139000,1.30713,1.30719,1.30704,1.30717,122940000,1
1500298140000,1500298199000,1.30717,1.30721,1.30715,1.3072,51000000,1
1500298200000,1500298259000,1.30721,1.30735,1.30718,1.3072,140270000,1
1500298260000,1500298319000,1.3072,1.30729,1.30717,1.30729,120080000,1
1500298320000,1500298379000,1.30729,1.30732,1.3072,1.30728,118180000,1
1500298380000,1500298439000,1.30728,1.30729,1.30725,1.30727,79390000,1
1500298440000,1500298499000,1.30729,1.30736,1.30722,1.30722,140840000,1
1500298500000,1500298559000,1.30722,1.30728,1.30714,1.30718,216320000,1
1500298560000,1500298619000,1.30718,1.30728,1.30713,1.30728,137670000,1
1500298620000,1500298679000,1.30728,1.30728,1.30719,1.30723,122090000,1
1500298680000,1500298739000,1.30723,1.30735,1.30723,1.30733,89200000,1
1500298740000,1500298799000,1.30731,1.30734,1.30687,1.30708,147040000,1
1500298800000,1500298859000,1.30708,1.30731,1.30688,1.30705,229970000,1
1500298860000,1500298919000,1.30705,1.30719,1.30697,1.30707,166190000,1
1500298920000,1500298979000,1.30706,1.30719,1.30696,1.30719,186070000,1
1500298980000,1500299039000,1.30718,1.30725,1.30705,1.3072,168460000,1
1500299040000,1500299099000,1.30719,1.3073,1.30709,1.30722,149950000,1
1500299100000,1500299159000,1.30723,1.30723,1.30717,1.30719,106060000,1
1500299160000,1500299219000,1.30718,1.30731,1.30709,1.30724,138740000,1
1500299220000,1500299279000,1.30723,1.30733,1.30723,1.30733,158700000,1
1500299280000,1500299339000,1.30729,1.30731,1.3072,1.30723,143500000,1
1500299340000,1500299399000,1.30724,1.30724,1.307,1.30702,88640000,1
1500299400000,1500299459000,1.307,1.30706,1.30684,1.30687,119280000,1
1500299460000,1500299519000,1.30693,1.30704,1.30691,1.30699,99290000,1
1500299520000,1500299579000,1.30696,1.30696,1.30668,1.3067,153630000,1
1500299580000,1500299639000,1.30671,1.30689,1.30668,1.30687,115140000,1
1500299640000,1500299699000,1.30688,1.30693,1.30668,1.30691,147090000,1
1500299700000,1500299759000,1.3069,1.30692,1.30686,1.3069,91280000,1
1500299760000,1500299819000,1.3069,1.30704,1.30689,1.30697,127200000,1
1500299820000,1500299879000,1.30698,1.30705,1.30692,1.30703,108290000,1
1500299880000,1500299939000,1.30703,1.30703,1.3068,1.30682,139470000,1
1500299940000,1500299999000,1.30682,1.30692,1.30679,1.30679,125440000,1
1500300000000,1500300059000,1.3068,1.307,1.30679,1.30688,163600000,1
1500300060000,1500300119000,1.30689,1.30713,1.30689,1.30708,180320000,1
1500300120000,1500300179000,1.30707,1.30726,1.30702,1.30724,131200000,1
1500300180000,1500300239000,1.30722,1.30752,1.30721,1.30744,98230000,1
1500300240000,1500300299000,1.30745,1.30751,1.3071,1.3071,216710000,1
1500300300000,1500300359000,1.3071,1.3072,1.30707,1.30709,132680000,1
1500300360000,1500300419000,1.3071,1.30715,1.30698,1.30707,126190000,1
1500300420000,1500300479000,1.30706,1.30707,1.30697,1.30697,98930000,1
1500300480000,1500300539000,1.30697,1.30697,1.30658,1.30667,125960000,1
1500300540000,1500300599000,1.30667,1.30674,1.30645,1.30647,147920000,1
1500300600000,1500300659000,1.30648,1.30671,1.30627,1.30634,199710000,1
1500300660000,1500300719000,1.30635,1.30648,1.30626,1.30641,141510000,1
1500300720000,1500300779000,1.30643,1.30661,1.30642,1.30661,146200000,1
1500300780000,1500300839000,1.30666,1.3067,1.30649,1.30655,173450000,1
1500300840000,1500300899000,1.30655,1.30683,1.30655,1.30681,286490000,1
1500300900000,1500300959000,1.30681,1.30703,1.30653,1.30655,175030000,1
1500300960000,1500301019000,1.30655,1.30663,1.30652,1.30655,158380000,1
1500301020000,1500301079000,1.30652,1.3066,1.30643,1.3066,114130000,1
1500301080000,1500301139000,1.3066,1.30673,1.30657,1.30663,225440000,1
1500301140000,1500301199000,1.30664,1.30705,1.30663,1.30699,454930000,1
1500301200000,1500301259000,1.307,1.3072,1.30678,1.30678,311310000,1
1500301260000,1500301319000,1.30678,1.30707,1.30676,1.30688,241890000,1
1500301320000,1500301379000,1.30687,1.30687,1.30669,1.30673,204960000,1
1500301380000,1500301439000,1.30674,1.30684,1.30673,1.30675,90460000,1
1500301440000,1500301499000,1.30676,1.30681,1.3067,1.30673,147070000,1
1500301500000,1500301559000,1.30673,1.30688,1.30672,1.30684,152480000,1
1500301560000,1500301619000,1.30682,1.30689,1.3067,1.30675,147740000,1
1500301620000,1500301679000,1.30675,1.3068,1.3065,1.30652,213600000,1
1500301680000,1500301739000,1.30653,1.30688,1.30653,1.30684,166560000,1
1500301740000,1500301799000,1.30684,1.30705,1.30681,1.30702,119240000,1
1500301800000,1500301859000,1.30704,1.30751,1.30703,1.3075,241780000,1
1500301860000,1500301919000,1.30751,1.30757,1.30739,1.3075,164910000,1
1500301920000,1500301979000,1.30749,1.30761,1.30718,1.3074,175470000,1
1500301980000,1500302039000,1.30738,1.30739,1.30721,1.30722,103070000,1
1500302040000,1500302099000,1.30724,1.30755,1.30722,1.30749,152150000,1
1500302100000,1500302159000,1.3075,1.30753,1.30728,1.30737,142380000,1
1500302160000,1500302219000,1.30739,1.30756,1.30727,1.30756,105210000,1
1500302220000,1500302279000,1.30755,1.30774,1.30738,1.3074,115380000,1
1500302280000,1500302339000,1.3074,1.30764,1.30738,1.30761,135630000,1
1500302340000,1500302399000,1.30761,1.30768,1.30755,1.3076,116520000,1
1500302400000,1500302459000,1.3076,1.30762,1.30725,1.30725,199570000,1
1500302460000,1500302519000,1.30725,1.30746,1.30717,1.30741,109500000,1
1500302520000,1500302579000,1.30741,1.30741,1.3072,1.30724,97700000,1
1500302580000,1500302639000,1.30724,1.30754,1.30723,1.30727,146080000,1
1500302640000,1500302699000,1.30727,1.30737,1.30711,1.30717,141080000,1
1500302700000,1500302759000,1.30717,1.30719,1.30686,1.30696,201580000,1
1500302760000,1500302819000,1.30697,1.30702,1.30665,1.30665,177490000,1
1500302820000,1500302879000,1.30665,1.30665,1.3062,1.30626,143970000,1
1500302880000,1500302939000,1.30627,1.30636,1.30618,1.30628,74440000,1
1500302940000,1500302999000,1.30628,1.30648,1.30628,1.30644,97240000,1
1500303000000,1500303059000,1.30645,1.30649,1.30627,1.30627,90460000,1
1500303060000,1500303119000,1.30629,1.30629,1.30615,1.30615,77950000,1
1500303120000,1500303179000,1.30613,1.30613,1.30541,1.30558,271130000,1
1500303180000,1500303239000,1.30559,1.30596,1.30552,1.30587,153510000,1
1500303240000,1500303299000,1.30587,1.30591,1.30577,1.30581,122350000,1
1500303300000,1500303359000,1.30578,1.30623,1.30578,1.30622,349180000,1
1500303360000,1500303419000,1.3062,1.30632,1.30613,1.30632,161950000,1
1500303420000,1500303479000,1.3063,1.30649,1.30611,1.30617,261620000,1
1500303480000,1500303539000,1.30617,1.30659,1.30617,1.30639,210570000,1
1500303540000,1500303599000,1.3064,1.30679,1.30639,1.30649,204330000,1
1500303600000,1500303659000,1.30653,1.30707,1.30653,1.307,279430000,1
1500303660000,1500303719000,1.30699,1.30714,1.30688,1.30689,372020000,1
1500303720000,1500303779000,1.30688,1.30704,1.30683,1.30686,227610000,1
1500303780000,1500303839000,1.30686,1.30702,1.30669,1.30675,247440000,1
1500303840000,1500303899000,1.30678,1.30678,1.30655,1.30663,97940000,1
1500303900000,1500303959000,1.30663,1.30668,1.30654,1.30666,77530000,1
1500303960000,1500304019000,1.30668,1.30668,1.30639,1.30647,146460000,1
1500304020000,1500304079000,1.30648,1.30668,1.30648,1.30655,155530000,1
1500304080000,1500304139000,1.30659,1.3066,1.30633,1.30635,128490000,1
1500304140000,1500304199000,1.30635,1.30645,1.30627,1.30642,106960000,1
1500304200000,1500304259000,1.30644,1.30661,1.30643,1.3066,67280000,1
1500304260000,1500304319000,1.30659,1.30672,1.30659,1.30659,77340000,1
1500304320000,1500304379000,1.3066,1.3066,1.30649,1.3065,63240000,1
1500304380000,1500304439000,1.30651,1.30651,1.30637,1.30639,130960000,1
1500304440000,1500304499000,1.30639,1.30639,1.30619,1.3062,86650000,1
1500304500000,1500304559000,1.30619,1.30626,1.30606,1.30619,115170000,1
1500304560000,1500304619000,1.30619,1.30619,1.30615,1.30618,56650000,1
1500304620000,1500304679000,1.30618,1.30632,1.306,1.30612,130630000,1
1500304680000,1500304739000,1.30612,1.30612,1.30608,1.3061,22230000,1
1500304740000,1500304799000,1.3061,1.30623,1.30607,1.30619,65320000,1
1500304800000,1500304859000,1.30621,1.30622,1.30618,1.3062,42010000,1
1500304860000,1500304919000,1.3062,1.30622,1.30607,1.30608,77600000,1
1500304920000,1500304979000,1.30608,1.30619,1.30608,1.30614,122470000,1
1500304980000,1500305039000,1.30614,1.30639,1.30609,1.30636,334540000,1
1500305040000,1500305099000,1.30636,1.30637,1.30622,1.30623,54350000,1
1500305100000,1500305159000,1.30625,1.30625,1.3061,1.30622,79460000,1
1500305160000,1500305219000,1.30622,1.30632,1.30622,1.3063,39220000,1
1500305220000,1500305279000,1.3063,1.30632,1.30619,1.30619,72300000,1
1500305280000,1500305339000,1.30619,1.3062,1.3061,1.30611,78150000,1
1500305340000,1500305399000,1.30609,1.30609,1.30575,1.30579,131780000,1
1500305400000,1500305459000,1.30579,1.30579,1.30559,1.30568,53900000,1
1500305460000,1500305519000,1.30565,1.30584,1.30565,1.30573,133850000,1
1500305520000,1500305579000,1.30573,1.30573,1.30562,1.30566,84710000,1
1500305580000,1500305639000,1.30566,1.30569,1.30559,1.30559,84430000,1
1500305640000,1500305699000,1.30558,1.30558,1.30539,1.30544,101100000,1
1500305700000,1500305759000,1.30544,1.30559,1.30539,1.30557,143770000,1
1500305760000,1500305819000,1.30558,1.30568,1.30539,1.30546,109390000,1
1500305820000,1500305879000,1.30545,1.30561,1.30542,1.30542,64060000,1
1500305880000,1500305939000,1.30543,1.30562,1.30542,1.3056,85070000,1
1500305940000,1500305999000,1.30561,1.30592,1.30554,1.30592,68110000,1
1500306000000,1500306059000,1.30593,1.30593,1.30562,1.30582,98530000,1
1500306060000,1500306119000,1.30581,1.30595,1.3058,1.30589,127840000,1
1500306120000,1500306179000,1.30588,1.30601,1.30578,1.3058,161470000,1
1500306180000,1500306239000,1.3058,1.30587,1.30574,1.30576,127110000,1
1500306240000,1500306299000,1.30578,1.30578,1.30563,1.30564,125740000,1
1500306300000,1500306359000,1.30565,1.30572,1.30559,1.3056,113430000,1
1500306360000,1500306419000,1.3056,1.30563,1.30552,1.30557,103330000,1
1500306420000,1500306479000,1.30556,1.30556,1.30504,1.30524,208480000,1
1500306480000,1500306539000,1.30526,1.3055,1.30519,1.3055,136970000,1
1500306540000,1500306599000,1.3055,1.3056,1.30541,1.30559,88130000,1
1500306600000,1500306659000,1.3056,1.30567,1.30551,1.3056,77810000,1
1500306660000,1500306719000,1.30559,1.30559,1.30541,1.30556,110580000,1
1500306720000,1500306779000,1.30556,1.30569,1.30553,1.30569,81540000,1
1500306780000,1500306839000,1.30569,1.30607,1.30565,1.30589,137640000,1
1500306840000,1500306899000,1.30588,1.30593,1.30579,1.30587,100600000,1
1500306900000,1500306959000,1.30587,1.3059,1.30576,1.30578,57570000,1
1500306960000,1500307019000,1.30579,1.30585,1.30577,1.30578,77160000,1
1500307020000,1500307079000,1.30579,1.30584,1.30577,1.30582,74990000,1
1500307080000,1500307139000,1.30582,1.30583,1.30569,1.3057,61010000,1
1500307140000,1500307199000,1.3057,1.30578,1.30569,1.30578,58690000,1
1500307200000,1500307259000,1.30577,1.30577,1.30562,1.30576,104010000,1
1500307260000,1500307319000,1.30576,1.3059,1.30571,1.30584,90650000,1
1500307320000,1500307379000,1.30584,1.30585,1.30582,1.30585,65580000,1
1500307380000,1500307439000,1.30585,1.30585,1.3058,1.3058,50100000,1
1500307440000,1500307499000,1.3058,1.30584,1.30579,1.30582,71150000,1
1500307500000,1500307559000,1.30582,1.30588,1.3058,1.30584,70270000,1
1500307560000,1500307619000,1.30584,1.30584,1.3058,1.30583,55090000,1
1500307620000,1500307679000,1.30583,1.30589,1.30583,1.30588,28740000,1
1500307680000,1500307739000,1.30587,1.30598,1.30585,1.30598,68450000,1
1500307740000,1500307799000,1.30598,1.30608,1.30597,1.30606,50980000,1
1500307800000,1500307859000,1.30607,1.30613,1.30607,1.30609,91700000,1
1500307860000,1500307919000,1.30608,1.30608,1.30587,1.30598,84660000,1
1500307920000,1500307979000,1.306,1.30608,1.30598,1.30604,105970000,1
1500307980000,1500308039000,1.30601,1.30605,1.30599,1.30603,56610000,1
1500308040000,1500308099000,1.30603,1.30612,1.30603,1.30612,42130000,1
1500308100000,1500308159000,1.3061,1.3061,1.30608,1.30608,26100000,1
1500308160000,1500308219000,1.30608,1.30609,1.30605,1.30606,35450000,1
1500308220000,1500308279000,1.30605,1.30607,1.3059,1.30592,60130000,1
1500308280000,1500308339000,1.30591,1.30598,1.30591,1.30596,42010000,1
1500308340000,1500308399000,1.30596,1.306,1.30596,1.306,42020000,1
1500308400000,1500308459000,1.306,1.306,1.30589,1.3059,65320000,1
1500308460000,1500308519000,1.3059,1.30597,1.30587,1.30594,71500000,1
1500308520000,1500308579000,1.30593,1.30599,1.3059,1.30598,49690000,1
1500308580000,1500308639000,1.30599,1.30609,1.30599,1.30607,48340000,1
1500308640000,1500308699000,1.30605,1.30605,1.306,1.30604,45690000,1
1500308700000,1500308759000,1.30608,1.30609,1.30604,1.30608,43280000,1
1500308760000,1500308819000,1.30608,1.30612,1.30608,1.30611,26670000,1
1500308820000,1500308879000,1.30613,1.30618,1.30612,1.30615,44070000,1
1500308880000,1500308939000,1.30615,1.30615,1.30582,1.30583,83030000,1
1500308940000,1500308999000,1.30582,1.30585,1.30582,1.30584,33550000,1
1500309000000,1500309059000,1.30587,1.30588,1.30583,1.30588,56920000,1
1500309060000,1500309119000,1.30588,1.30591,1.30582,1.30589,58290000,1
1500309120000,1500309179000,1.3059,1.3059,1.30585,1.30589,50500000,1
1500309180000,1500309239000,1.30589,1.306,1.30589,1.306,47290000,1
1500309240000,1500309299000,1.306,1.306,1.30586,1.3059,40730000,1
1500309300000,1500309359000,1.30589,1.30589,1.30583,1.30585,55420000,1
1500309360000,1500309419000,1.30585,1.30585,1.30569,1.30575,87730000,1
1500309420000,1500309479000,1.30576,1.30576,1.30551,1.30555,58200000,1
1500309480000,1500309539000,1.30557,1.30557,1.30546,1.30546,50830000,1
1500309540000,1500309599000,1.30545,1.30546,1.30538,1.30541,63760000,1
1500309600000,1500309659000,1.30541,1.30545,1.30537,1.30538,87840000,1
1500309660000,1500309719000,1.30538,1.3054,1.30537,1.30537,21100000,1
1500309720000,1500309779000,1.30537,1.30538,1.30536,1.30536,25120000,1
1500309780000,1500309839000,1.30538,1.30563,1.30538,1.30563,59430000,1
1500309840000,1500309899000,1.30561,1.30563,1.30559,1.30563,10110000,1
1500309900000,1500309959000,1.30563,1.30563,1.30563,1.30563,24000000,1
1500309960000,1500310019000,1.30563,1.30563,1.3053,1.3053,49210000,1
1500310020000,1500310079000,1.30529,1.30549,1.30529,1.30548,86730000,1
1500310080000,1500310139000,1.30549,1.30564,1.3054,1.30564,48520000,1
1500310140000,1500310199000,1.30564,1.30582,1.30564,1.30575,41610000,1
1500310200000,1500310259000,1.30575,1.30584,1.30572,1.30583,42620000,1
1500310260000,1500310319000,1.30583,1.30595,1.30583,1.30595,31500000,1
1500310320000,1500310379000,1.30594,1.30594,1.30578,1.30582,44320000,1
1500310380000,1500310439000,1.30583,1.30585,1.30574,1.30574,17500000,1
1500310440000,1500310499000,1.30576,1.30587,1.30573,1.30584,28500000,1
1500310500000,1500310559000,1.30584,1.30593,1.30582,1.30593,21500000,1
1500310560000,1500310619000,1.30597,1.30615,1.30593,1.30615,41690000,1
1500310620000,1500310679000,1.30615,1.30615,1.30575,1.30578,74100000,1
1500310680000,1500310739000,1.30578,1.30583,1.30551,1.30583,59240000,1
1500310740000,1500310799000,1.30585,1.30597,1.30583,1.30592,48240000,1
1500310800000,1500310859000,1.30591,1.30609,1.3059,1.30606,65130000,1
1500310860000,1500310919000,1.30607,1.3061,1.30601,1.30604,52830000,1
1500310920000,1500310979000,1.30603,1.30612,1.306,1.30612,63340000,1
1500310980000,1500311039000,1.30612,1.30618,1.30599,1.30599,82360000,1
1500311040000,1500311099000,1.306,1.306,1.30585,1.30586,36830000,1
1500311100000,1500311159000,1.30587,1.30601,1.30587,1.30591,110270000,1
1500311160000,1500311219000,1.30591,1.30591,1.30578,1.30578,54440000,1
1500311220000,1500311279000,1.30578,1.30583,1.30576,1.30581,35890000,1
1500311280000,1500311339000,1.30581,1.30604,1.3058,1.30599,65380000,1
1500311340000,1500311399000,1.30599,1.30601,1.30598,1.30598,54230000,1
1500311400000,1500311459000,1.30601,1.30605,1.30601,1.30604,38000000,1
1500311460000,1500311519000,1.30604,1.30604,1.30602,1.30603,18000000,1
1500311520000,1500311579000,1.30603,1.30608,1.30603,1.30606,30120000,1
1500311580000,1500311639000,1.30604,1.30607,1.30604,1.30605,36500000,1
1500311640000,1500311699000,1.30605,1.30605,1.30591,1.30591,28370000,1
1500311700000,1500311759000,1.30589,1.3059,1.30583,1.30583,52360000,1
1500311760000,1500311819000,1.30584,1.30591,1.30573,1.30588,39000000,1
1500311820000,1500311879000,1.3059,1.30593,1.30584,1.30584,32000000,1
1500311880000,1500311939000,1.30584,1.30591,1.30583,1.30591,25750000,1
1500311940000,1500311999000,1.30591,1.30599,1.30591,1.30593,41620000,1
1500312000000,1500312059000,1.30594,1.30601,1.30594,1.30597,59840000,1
1500312060000,1500312119000,1.30596,1.306,1.30593,1.30594,53000000,1
1500312120000,1500312179000,1.30594,1.30604,1.30594,1.30598,47370000,1
1500312180000,1500312239000,1.30598,1.30603,1.30594,1.30597,39350000,1
1500312240000,1500312299000,1.30597,1.30603,1.30595,1.30598,47500000,1
1500312300000,1500312359000,1.30598,1.30602,1.30594,1.30596,47870000,1
1500312360000,1500312419000,1.30596,1.30599,1.30594,1.30596,49000000,1
1500312420000,1500312479000,1.30596,1.30599,1.30595,1.30596,37000000,1
1500312480000,1500312539000,1.30597,1.30601,1.30595,1.30596,34250000,1
1500312540000,1500312599000,1.30596,1.30596,1.30592,1.30595,17620000,1
1500312600000,1500312659000,1.30595,1.30599,1.30594,1.30594,13000000,1
1500312660000,1500312719000,1.30594,1.30596,1.30591,1.30594,23240000,1
1500312720000,1500312779000,1.30592,1.30594,1.30591,1.30591,14000000,1
1500312780000,1500312839000,1.30591,1.306,1.30591,1.306,15000000,1
1500312840000,1500312899000,1.306,1.306,1.30595,1.30598,16360000,1
1500312900000,1500312959000,1.30598,1.30598,1.30594,1.30595,19000000,1
1500312960000,1500313019000,1.30595,1.30595,1.30592,1.30592,16730000,1
1500313020000,1500313079000,1.30592,1.30596,1.30592,1.30596,17860000,1
1500313080000,1500313139000,1.30596,1.30596,1.30592,1.30595,61690000,1
1500313140000,1500313199000,1.30595,1.30596,1.30594,1.30596,45600000,1
1500313200000,1500313259000,1.30596,1.30596,1.30595,1.30595,8870000,1
1500313260000,1500313319000,1.30595,1.30597,1.3059,1.30592,29590000,1
1500313320000,1500313379000,1.30592,1.30597,1.30591,1.30594,43820000,1
1500313380000,1500313439000,1.30594,1.30599,1.30577,1.30577,91180000,1
1500313440000,1500313499000,1.30576,1.30576,1.30558,1.30565,81900000,1
1500313500000,1500313559000,1.30563,1.30566,1.30558,1.30566,70030000,1
1500313560000,1500313619000,1.30566,1.30569,1.30566,1.30569,22110000,1
1500313620000,1500313679000,1.3057,1.30572,1.30569,1.30569,17610000,1
1500313680000,1500313739000,1.30569,1.30571,1.30569,1.30569,27580000,1
1500313740000,1500313799000,1.30569,1.3058,1.30569,1.3058,30040000,1
1500313800000,1500313859000,1.3058,1.30582,1.30579,1.3058,27690000,1
1500313860000,1500313919000,1.3058,1.3058,1.3056,1.30569,70800000,1
1500313920000,1500313979000,1.30569,1.30582,1.30568,1.30577,78050000,1
1500313980000,1500314039000,1.3058,1.30603,1.30578,1.30598,84470000,1
1500314040000,1500314099000,1.30599,1.30601,1.30595,1.30596,46160000,1
1500314100000,1500314159000,1.30595,1.30598,1.30588,1.30588,49450000,1
1500314160000,1500314219000,1.30588,1.30602,1.30588,1.30599,40980000,1
1500314220000,1500314279000,1.30602,1.30602,1.30595,1.30599,50440000,1
1500314280000,1500314339000,1.30599,1.30599,1.30592,1.30594,34030000,1
1500314340000,1500314399000,1.30596,1.30599,1.30591,1.30591,36460000,1
1500314400000,1500314459000,1.3059,1.3059,1.30588,1.3059,59360000,1
1500314460000,1500314519000,1.30591,1.30593,1.30578,1.30578,47580000,1
1500314520000,1500314579000,1.30578,1.30581,1.30578,1.3058,29470000,1
1500314580000,1500314639000,1.30581,1.30586,1.30578,1.3058,58730000,1
1500314640000,1500314699000,1.3058,1.30591,1.3058,1.30591,35980000,1
1500314700000,1500314759000,1.30591,1.30603,1.30591,1.30602,40450000,1
1500314760000,1500314819000,1.30603,1.30603,1.30591,1.30591,38160000,1
1500314820000,1500314879000,1.30591,1.30591,1.30584,1.30588,29110000,1
1500314880000,1500314939000,1.30589,1.3059,1.30583,1.3059,38300000,1
1500314940000,1500314999000,1.3059,1.3059,1.30578,1.3058,126700000,1
1500315000000,1500315059000,1.3058,1.30589,1.3058,1.30587,106420000,1
1500315060000,1500315119000,1.30587,1.30591,1.30581,1.30581,110720000,1
1500315120000,1500315179000,1.30581,1.30581,1.30573,1.30577,86010000,1
1500315180000,1500315239000,1.30577,1.30578,1.3057,1.3057,105980000,1
1500315240000,1500315299000,1.30571,1.30578,1.3057,1.30577,31250000,1
1500315300000,1500315359000,1.30578,1.30579,1.30574,1.30579,19950000,1
1500315360000,1500315419000,1.30579,1.30581,1.30571,1.30581,39780000,1
1500315420000,1500315479000,1.3058,1.30581,1.30574,1.30578,29340000,1
1500315480000,1500315539000,1.30578,1.30578,1.30574,1.30577,24330000,1
1500315540000,1500315599000,1.30577,1.30577,1.30557,1.30562,62080000,1
1500315600000,1500315659000,1.30567,1.30569,1.30562,1.30562,25610000,1
1500315660000,1500315719000,1.30563,1.30572,1.30563,1.30569,25500000,1
1500315720000,1500315779000,1.30569,1.30571,1.30563,1.30563,34980000,1
1500315780000,1500315839000,1.30565,1.30569,1.30563,1.30563,24000000,1
1500315840000,1500315899000,1.30563,1.30563,1.3056,1.30562,19620000,1
1500315900000,1500315959000,1.30562,1.30564,1.30554,1.30554,14120000,1
1500315960000,1500316019000,1.30553,1.30555,1.30553,1.30555,12240000,1
1500316020000,1500316079000,1.30555,1.30562,1.30552,1.30552,25620000,1
1500316080000,1500316139000,1.30554,1.30554,1.30551,1.30553,16120000,1
1500316140000,1500316199000,1.30553,1.30553,1.30551,1.30551,11000000,1
1500316200000,1500316259000,1.30551,1.30551,1.30535,1.30537,84050000,1
1500316260000,1500316319000,1.30537,1.30539,1.30529,1.30532,40180000,1
1500316320000,1500316379000,1.30532,1.30532,1.30529,1.30529,26850000,1
1500316380000,1500316439000,1.30529,1.30538,1.30529,1.30531,26400000,1
1500316440000,1500316499000,1.3053,1.30547,1.3053,1.30547,45930000,1
1500316500000,1500316559000,1.30546,1.30548,1.30542,1.30542,60440000,1
1500316560000,1500316619000,1.30542,1.30552,1.30541,1.30552,28980000,1
1500316620000,1500316679000,1.30552,1.30552,1.30538,1.30539,20610000,1
1500316680000,1500316739000,1.30539,1.30548,1.30539,1.30543,98540000,1
1500316740000,1500316799000,1.30546,1.30548,1.30541,1.30541,63550000,1
1500316800000,1500316859000,1.30542,1.30543,1.30541,1.30542,57230000,1
1500316860000,1500316919000,1.30541,1.30542,1.30539,1.30539,46070000,1
1500316920000,1500316979000,1.30539,1.30539,1.30535,1.30536,34350000,1
1500316980000,1500317039000,1.30536,1.30536,1.30535,1.30536,5500000,1
1500317040000,1500317099000,1.30536,1.30539,1.30536,1.30539,20970000,1
1500317100000,1500317159000,1.30539,1.30539,1.30538,1.30539,26980000,1
1500317160000,1500317219000,1.30539,1.30548,1.30539,1.30545,40070000,1
1500317220000,1500317279000,1.30546,1.30553,1.30545,1.30546,41960000,1
1500317280000,1500317339000,1.30546,1.3055,1.30543,1.30549,59180000,1
1500317340000,1500317399000,1.30547,1.30549,1.30547,1.30548,18100000,1
1500317400000,1500317459000,1.30548,1.3055,1.30547,1.3055,57180000,1
1500317460000,1500317519000,1.30551,1.30554,1.3055,1.3055,30090000,1
1500317520000,1500317579000,1.3055,1.3055,1.30547,1.30548,22170000,1
1500317580000,1500317639000,1.30548,1.30549,1.30546,1.30546,47060000,1
1500317640000,1500317699000,1.30547,1.3055,1.30546,1.3055,102800000,1
1500317700000,1500317759000,1.30549,1.30558,1.30549,1.30557,75400000,1
1500317760000,1500317819000,1.30557,1.30558,1.30556,1.30557,92120000,1
1500317820000,1500317879000,1.30557,1.30559,1.30549,1.30559,59980000,1
1500317880000,1500317939000,1.30558,1.30561,1.30556,1.30559,105710000,1
1500317940000,1500317999000,1.30564,1.30573,1.30559,1.30567,167910000,1
1500318000000,1500318059000,1.30565,1.30565,1.3055,1.30562,86890000,1
1500318060000,1500318119000,1.30562,1.30565,1.30562,1.30563,11000000,1
1500318120000,1500318179000,1.30563,1.30571,1.30563,1.30567,59570000,1
1500318180000,1500318239000,1.30566,1.30568,1.30562,1.30562,68430000,1
1500318240000,1500318299000,1.30562,1.30563,1.30547,1.30551,347800000,1
1500318300000,1500318359000,1.30552,1.30552,1.30535,1.30535,70480000,1
1500318360000,1500318419000,1.30536,1.30538,1.30529,1.30533,84020000,1
1500318420000,1500318479000,1.30533,1.30533,1.30529,1.30531,47970000,1
1500318480000,1500318539000,1.30531,1.30533,1.3053,1.30532,21990000,1
1500318540000,1500318599000,1.30532,1.30532,1.30531,1.30531,5620000,1
1500318600000,1500318659000,1.30528,1.30537,1.30528,1.30533,37450000,1
1500318660000,1500318719000,1.30533,1.30533,1.30531,1.30533,14690000,1
1500318720000,1500318779000,1.30532,1.30532,1.30527,1.30529,35590000,1
1500318780000,1500318839000,1.30529,1.30529,1.30527,1.30529,14760000,1
1500318840000,1500318899000,1.30529,1.30529,1.30528,1.30529,22600000,1
1500318900000,1500318959000,1.30529,1.30538,1.30529,1.30533,37020000,1
1500318960000,1500319019000,1.30533,1.30535,1.30532,1.30533,45400000,1
1500319020000,1500319079000,1.30533,1.30533,1.30529,1.30529,25560000,1
1500319080000,1500319139000,1.30527,1.30527,1.30501,1.30509,60920000,1
1500319140000,1500319199000,1.3051,1.30515,1.3051,1.30512,20990000,1
1500319200000,1500319259000,1.30512,1.30523,1.30512,1.30522,34310000,1
1500319260000,1500319319000,1.30522,1.30523,1.30521,1.30522,37470000,1
1500319320000,1500319379000,1.30522,1.30522,1.30512,1.30512,83630000,1
1500319380000,1500319439000,1.30512,1.30512,1.3051,1.30511,29530000,1
1500319440000,1500319499000,1.30511,1.30513,1.30502,1.30503,94860000,1
1500319500000,1500319559000,1.30502,1.30502,1.30488,1.3049,76240000,1
1500319560000,1500319619000,1.30491,1.30492,1.30472,1.30472,66210000,1
1500319620000,1500319679000,1.30471,1.30486,1.30465,1.30484,55010000,1
1500319680000,1500319739000,1.30482,1.30494,1.30481,1.30493,46280000,1
1500319740000,1500319799000,1.30494,1.30508,1.30493,1.30505,53100000,1
1500319800000,1500319859000,1.30503,1.30503,1.30493,1.30495,92780000,1
1500319860000,1500319919000,1.30495,1.30511,1.30493,1.30504,180010000,1
1500319920000,1500319979000,1.30504,1.30524,1.30504,1.30524,90430000,1
1500319980000,1500320039000,1.30525,1.30541,1.30522,1.30533,94510000,1
1500320040000,1500320099000,1.30532,1.30542,1.3053,1.30537,77690000,1
1500320100000,1500320159000,1.30537,1.30541,1.30533,1.30535,55460000,1
1500320160000,1500320219000,1.30533,1.30535,1.30523,1.30525,28730000,1
1500320220000,1500320279000,1.30525,1.30525,1.30517,1.30517,26430000,1
1500320280000,1500320339000,1.30517,1.30521,1.30514,1.30514,35860000,1
1500320340000,1500320399000,1.30514,1.30522,1.30514,1.30522,40350000,1
1500320400000,1500320459000,1.30524,1.3053,1.30522,1.30528,36870000,1
1500320460000,1500320519000,1.30528,1.30535,1.30528,1.30531,62220000,1
1500320520000,1500320579000,1.3053,1.30543,1.30529,1.30542,47230000,1
1500320580000,1500320639000,1.30543,1.30543,1.30532,1.30532,63810000,1
1500320640000,1500320699000,1.30532,1.30535,1.30531,1.30533,43500000,1
1500320700000,1500320759000,1.30533,1.30533,1.30528,1.30529,59480000,1
1500320760000,1500320819000,1.3053,1.3054,1.30528,1.30539,75160000,1
1500320820000,1500320879000,1.30539,1.30539,1.30531,1.30531,61580000,1
1500320880000,1500320939000,1.30531,1.30534,1.30531,1.30532,42550000,1
1500320940000,1500320999000,1.30532,1.30534,1.3053,1.3053,30560000,1
1500321000000,1500321059000,1.30529,1.30529,1.3052,1.30524,25100000,1
1500321060000,1500321119000,1.30523,1.30523,1.30513,1.30515,96390000,1
1500321120000,1500321179000,1.30515,1.30521,1.30513,1.30513,39290000,1
1500321180000,1500321239000,1.30513,1.30516,1.30513,1.30515,28360000,1
1500321240000,1500321299000,1.30515,1.30526,1.30514,1.30526,30000000,1
1500321300000,1500321359000,1.30525,1.30536,1.30523,1.30533,47180000,1
1500321360000,1500321419000,1.30533,1.30539,1.30532,1.30534,40740000,1
1500321420000,1500321479000,1.30534,1.30537,1.30533,1.30537,52080000,1
1500321480000,1500321539000,1.30536,1.30551,1.30532,1.30546,62220000,1
1500321540000,1500321599000,1.30546,1.30563,1.30546,1.30558,51970000,1
1500321600000,1500321659000,1.30558,1.30558,1.30552,1.30553,34000000,1
1500321660000,1500321719000,1.30552,1.30573,1.30552,1.3056,114250000,1
1500321720000,1500321779000,1.3056,1.30563,1.30559,1.30561,65950000,1
1500321780000,1500321839000,1.30561,1.30561,1.30552,1.30554,69240000,1
1500321840000,1500321899000,1.30553,1.30554,1.30551,1.30554,75380000,1
1500321900000,1500321959000,1.30552,1.30553,1.30551,1.30553,45470000,1
1500321960000,1500322019000,1.30553,1.30554,1.30551,1.30551,30120000,1
1500322020000,1500322079000,1.30551,1.30555,1.30551,1.30551,33120000,1
1500322080000,1500322139000,1.30551,1.30556,1.30551,1.30553,31000000,1
1500322140000,1500322199000,1.30553,1.30554,1.30544,1.30544,28370000,1
1500322200000,1500322259000,1.30545,1.30564,1.30545,1.30561,39560000,1
1500322260000,1500322319000,1.30561,1.30564,1.30553,1.30562,45860000,1
1500322320000,1500322379000,1.30561,1.30564,1.30561,1.30563,26480000,1
1500322380000,1500322439000,1.30565,1.30565,1.30554,1.3056,34030000,1
1500322440000,1500322499000,1.3056,1.3056,1.30559,1.30559,20810000,1
1500322500000,1500322559000,1.30559,1.30559,1.30549,1.30549,61270000,1
1500322560000,1500322619000,1.30549,1.3055,1.30548,1.30548,43450000,1
1500322620000,1500322679000,1.30548,1.3055,1.30548,1.3055,48680000,1
1500322680000,1500322739000,1.3055,1.3055,1.30548,1.30549,13930000,1
1500322740000,1500322799000,1.30549,1.3055,1.30548,1.3055,31630000,1
1500322800000,1500322859000,1.3055,1.3055,1.30549,1.3055,18820000,1
1500322860000,1500322919000,1.3055,1.30551,1.3055,1.30551,3000000,1
1500322920000,1500322979000,1.30551,1.3056,1.30542,1.30559,24560000,1
1500322980000,1500323039000,1.3056,1.30563,1.30554,1.30563,28670000,1
1500323040000,1500323099000,1.30563,1.30563,1.3056,1.30562,20970000,1
1500323100000,1500323159000,1.30562,1.30563,1.30558,1.30558,47770000,1
1500323160000,1500323219000,1.30558,1.30564,1.30558,1.30562,75110000,1
1500323220000,1500323279000,1.30563,1.30563,1.30562,1.30563,49250000,1
1500323280000,1500323339000,1.30562,1.30563,1.30562,1.30562,15860000,1
1500323340000,1500323399000,1.30562,1.30572,1.30561,1.30561,105970000,1
1500323400000,1500323459000,1.30561,1.30567,1.30558,1.3056,78810000,1
1500323460000,1500323519000,1.30559,1.30561,1.30558,1.3056,47250000,1
1500323520000,1500323579000,1.30559,1.30563,1.30559,1.30559,66790000,1
1500323580000,1500323639000,1.30559,1.30575,1.30558,1.30571,60970000,1
1500323640000,1500323699000,1.30573,1.30573,1.30572,1.30572,7250000,1
1500323700000,1500323759000,1.30572,1.3059,1.3057,1.30587,52400000,1
1500323760000,1500323819000,1.30587,1.30587,1.30578,1.30578,57830000,1
1500323820000,1500323879000,1.30578,1.30578,1.30577,1.30577,79670000,1
1500323880000,1500323939000,1.30578,1.3058,1.30577,1.30577,36130000,1
1500323940000,1500323999000,1.30577,1.30577,1.30554,1.30556,82990000,1
1500324000000,1500324059000,1.30555,1.30562,1.30555,1.3056,68540000,1
1500324060000,1500324119000,1.30559,1.30582,1.30559,1.3058,30000000,1
1500324120000,1500324179000,1.30581,1.30588,1.30579,1.30586,83360000,1
1500324180000,1500324239000,1.30588,1.30593,1.30582,1.30585,62650000,1
1500324240000,1500324299000,1.30583,1.30588,1.30583,1.30587,28370000,1
1500324300000,1500324359000,1.30586,1.30586,1.30564,1.30566,53890000,1
1500324360000,1500324419000,1.30566,1.30572,1.30564,1.30567,40480000,1
1500324420000,1500324479000,1.30568,1.30572,1.30564,1.30565,37120000,1
1500324480000,1500324539000,1.30564,1.30568,1.30564,1.30568,13750000,1
1500324540000,1500324599000,1.3057,1.30577,1.3057,1.30577,22120000,1
1500324600000,1500324659000,1.30575,1.30576,1.30572,1.30574,66370000,1
1500324660000,1500324719000,1.30573,1.30577,1.30571,1.30573,40410000,1
1500324720000,1500324779000,1.30573,1.30573,1.30566,1.30566,41700000,1
1500324780000,1500324839000,1.30566,1.30566,1.30542,1.30542,78270000,1
1500324840000,1500324899000,1.30542,1.30543,1.30514,1.30526,91640000,1
1500324900000,1500324959000,1.30521,1.30534,1.3052,1.30533,51310000,1
1500324960000,1500325019000,1.30533,1.30536,1.30531,1.30532,83560000,1
1500325020000,1500325079000,1.30532,1.30532,1.30523,1.30527,50840000,1
1500325080000,1500325139000,1.30524,1.30525,1.30518,1.30524,74250000,1
1500325140000,1500325199000,1.30524,1.30541,1.30515,1.30532,89770000,1
1500325200000,1500325259000,1.30509,1.3054,1.30508,1.30509,15600000,1
1500325260000,1500325319000,1.3051,1.30537,1.30509,1.30509,19000000,1
1500325320000,1500325379000,1.30537,1.30555,1.30529,1.30552,16120000,1
1500325380000,1500325439000,1.30537,1.30537,1.30536,1.30536,1500000,1
1500325440000,1500325499000,1.30517,1.3052,1.30517,1.3052,12120000,1
1500325500000,1500325559000,1.30538,1.30538,1.30538,1.30538,750000,1
1500325560000,1500325619000,1.30533,1.30534,1.30522,1.30533,25990000,1
1500325620000,1500325679000,1.30532,1.30537,1.30531,1.30532,22230000,1
1500325680000,1500325739000,1.30532,1.30533,1.30531,1.30531,25750000,1
1500325740000,1500325799000,1.30531,1.30531,1.30529,1.30531,17120000,1
1500325800000,1500325859000,1.30533,1.30541,1.30533,1.3054,14500000,1
1500325860000,1500325919000,1.3054,1.30543,1.3054,1.30541,14500000,1
1500325920000,1500325979000,1.30541,1.30542,1.30537,1.30537,14420000,1
1500325980000,1500326039000,1.30537,1.3055,1.30533,1.30545,84400000,1
1500326040000,1500326099000,1.30548,1.30549,1.30544,1.30546,91310000,1
1500326100000,1500326159000,1.30546,1.30546,1.3054,1.3054,97830000,1
1500326160000,1500326219000,1.30552,1.30552,1.30541,1.30552,5000000,1
1500326220000,1500326279000,1.30547,1.30548,1.30547,1.30548,17000000,1
1500326280000,1500326339000,1.30548,1.30548,1.30547,1.30547,5000000,1
1500326340000,1500326399000,1.30547,1.30547,1.30547,1.30547,18000000,1
1500326400000,1500326459000,1.30548,1.30548,1.30547,1.30547,22000000,1
1500326460000,1500326519000,1.30548,1.30551,1.30547,1.30551,46000000,1
1500326520000,1500326579000,1.30546,1.30546,1.30546,1.30546,3000000,1
1500326580000,1500326639000,1.30546,1.30546,1.30537,1.30537,20250000,1
1500326640000,1500326699000,1.30537,1.30546,1.30537,1.30545,82000000,1
1500326700000,1500326759000,1.30545,1.30545,1.30533,1.30534,51000000,1
1500326760000,1500326819000,1.30533,1.30546,1.30533,1.30545,53500000,1
1500326820000,1500326879000,1.30545,1.30546,1.30537,1.30546,99000000,1
1500326880000,1500326939000,1.30546,1.30552,1.30538,1.30552,58750000,1
1500326940000,1500326999000,1.30563,1.30563,1.30558,1.30558,33750000,1
1500327000000,1500327059000,1.30558,1.30574,1.30554,1.30555,18250000,1
1500327060000,1500327119000,1.3056,1.30563,1.30557,1.30563,24270000,1
1500327120000,1500327179000,1.30563,1.30567,1.30557,1.30567,39000000,1
1500327180000,1500327239000,1.30567,1.30568,1.30563,1.30563,23000000,1
1500327240000,1500327299000,1.30558,1.30558,1.30557,1.30557,4000000,1
1500327300000,1500327359000,1.30557,1.3056,1.30557,1.30557,6500000,1
1500327360000,1500327419000,1.30557,1.30557,1.30548,1.30553,28250000,1
1500327420000,1500327479000,1.30553,1.30557,1.30551,1.30557,84000000,1
1500327480000,1500327539000,1.30557,1.30557,1.30555,1.30555,71000000,1
1500327540000,1500327599000,1.30555,1.30555,1.3055,1.30551,81000000,1
1500327600000,1500327659000,1.30551,1.30551,1.3055,1.3055,65000000,1
1500327660000,1500327719000,1.3055,1.30551,1.3055,1.3055,75500000,1
1500327720000,1500327779000,1.3055,1.30558,1.3054,1.30552,27500000,1
1500327780000,1500327839000,1.30549,1.30549,1.30548,1.30548,4000000,1
1500327840000,1500327899000,1.30542,1.30546,1.30542,1.30546,5000000,1
1500327900000,1500327959000,1.30541,1.30541,1.30541,1.30541,1000000,1
1500327960000,1500328019000,1.30541,1.30541,1.3054,1.30541,6250000,1
1500328020000,1500328079000,1.30541,1.30541,1.3054,1.3054,7750000,1
1500328080000,1500328139000,1.3054,1.3054,1.3054,1.3054,2250000,1
1500328140000,1500328199000,1.3054,1.30547,1.3054,1.30547,12250000,1
1500328200000,1500328259000,1.30542,1.30543,1.30542,1.30543,12000000,1
1500328260000,1500328319000,1.30542,1.30548,1.30542,1.30548,71850000,1
1500328320000,1500328379000,1.30548,1.30548,1.30542,1.30542,30990000,1
1500328380000,1500328439000,1.30542,1.30542,1.30537,1.30538,27850000,1
1500328440000,1500328499000,1.30538,1.30541,1.30537,1.3054,47960000,1
1500328500000,1500328559000,1.30539,1.3056,1.30538,1.30559,87560000,1
1500328560000,1500328619000,1.30557,1.30558,1.30541,1.30548,144190000,1
1500328620000,1500328679000,1.30548,1.30548,1.30547,1.30547,14610000,1
1500328680000,1500328739000,1.30546,1.30546,1.30546,1.30546,2120000,1
1500328740000,1500328799000,1.30548,1.30555,1.30546,1.30555,22280000,1
1500328800000,1500328859000,1.30552,1.30557,1.30542,1.30542,21370000,1
1500328860000,1500328919000,1.30542,1.30547,1.30536,1.30537,59030000,1
1500328920000,1500328979000,1.30536,1.30537,1.30533,1.30536,73720000,1
1500328980000,1500329039000,1.30542,1.30542,1.3053,1.30539,66370000,1
1500329040000,1500329099000,1.30538,1.30538,1.30534,1.30535,56160000,1
1500329100000,1500329159000,1.30535,1.3054,1.30529,1.30538,73060000,1
1500329160000,1500329219000,1.30537,1.3054,1.30535,1.30535,22700000,1
1500329220000,1500329279000,1.30535,1.30535,1.30532,1.30532,10640000,1
1500329280000,1500329339000,1.30531,1.30532,1.30531,1.30532,5950000,1
1500329340000,1500329399000,1.30531,1.30533,1.30531,1.30533,13640000,1
1500329400000,1500329459000,1.30532,1.30532,1.3053,1.3053,19960000,1
1500329460000,1500329519000,1.3053,1.30532,1.30529,1.3053,47590000,1
1500329520000,1500329579000,1.3053,1.30531,1.30529,1.30531,35000000,1
1500329580000,1500329639000,1.30531,1.30533,1.3053,1.30531,43590000,1
1500329640000,1500329699000,1.30532,1.30537,1.30531,1.30536,32600000,1
1500329700000,1500329759000,1.30536,1.30543,1.30536,1.3054,106140000,1
1500329760000,1500329819000,1.30541,1.30568,1.30538,1.30564,59370000,1
1500329820000,1500329879000,1.30562,1.30573,1.30557,1.30562,65080000,1
1500329880000,1500329939000,1.30563,1.3058,1.30562,1.30573,54830000,1
1500329940000,1500329999000,1.30574,1.30579,1.30573,1.30579,19520000,1
1500330000000,1500330059000,1.30579,1.30579,1.30573,1.30573,17770000,1
1500330060000,1500330119000,1.30568,1.30569,1.30568,1.30568,29750000,1
1500330120000,1500330179000,1.30569,1.30574,1.30568,1.30568,34160000,1
1500330180000,1500330239000,1.30569,1.30575,1.30568,1.30569,53820000,1
1500330240000,1500330299000,1.30568,1.30569,1.30568,1.30568,34000000,1
1500330300000,1500330359000,1.30569,1.30569,1.30568,1.30568,44440000,1
1500330360000,1500330419000,1.30568,1.3058,1.30568,1.30579,70430000,1
1500330420000,1500330479000,1.30577,1.30577,1.30576,1.30577,53680000,1
1500330480000,1500330539000,1.30578,1.30581,1.30578,1.30578,94100000,1
1500330540000,1500330599000,1.3058,1.30582,1.30576,1.30579,89030000,1
1500330600000,1500330659000,1.30576,1.30577,1.30576,1.30577,96370000,1
1500330660000,1500330719000,1.30577,1.30577,1.30568,1.3057,133780000,1
1500330720000,1500330779000,1.30568,1.30581,1.30568,1.30579,152370000,1
1500330780000,1500330839000,1.30579,1.30579,1.30576,1.30577,103410000,1
1500330840000,1500330899000,1.30573,1.30576,1.30569,1.30573,79570000,1
1500330900000,1500330959000,1.30574,1.30582,1.30572,1.30579,106420000,1
1500330960000,1500331019000,1.30578,1.30579,1.30572,1.30576,100710000,1
1500331020000,1500331079000,1.30578,1.30588,1.30573,1.30581,87090000,1
1500331080000,1500331139000,1.3058,1.30584,1.30579,1.30583,37760000,1
1500331140000,1500331199000,1.30584,1.30585,1.30579,1.30583,86970000,1
1500331200000,1500331259000,1.30581,1.30585,1.30581,1.30582,83990000,1
1500331260000,1500331319000,1.30582,1.30586,1.30582,1.30586,62000000,1
1500331320000,1500331379000,1.30583,1.30584,1.30581,1.30582,56810000,1
1500331380000,1500331439000,1.30578,1.30587,1.30578,1.30587,47900000,1
1500331440000,1500331499000,1.30589,1.30589,1.30589,1.30589,9500000,1
1500331500000,1500331559000,1.30589,1.30591,1.30564,1.30578,90380000,1
1500331560000,1500331619000,1.30577,1.30591,1.30577,1.30589,113550000,1
1500331620000,1500331679000,1.30591,1.30609,1.30588,1.30599,67030000,1
1500331680000,1500331739000,1.306,1.30613,1.30598,1.30613,48000000,1
1500331740000,1500331799000,1.30613,1.30613,1.30576,1.30576,31980000,1
1500331800000,1500331859000,1.30576,1.30576,1.30549,1.30549,67250000,1
1500331860000,1500331919000,1.30549,1.30549,1.30535,1.30538,51870000,1
1500331920000,1500331979000,1.30538,1.30539,1.3053,1.30539,42800000,1
1500331980000,1500332039000,1.30538,1.30548,1.30534,1.30542,42820000,1
1500332040000,1500332099000,1.30542,1.30542,1.30538,1.30539,23850000,1
1500332100000,1500332159000,1.30539,1.30539,1.30527,1.30527,44730000,1
1500332160000,1500332219000,1.30527,1.3053,1.30525,1.30526,33810000,1
1500332220000,1500332279000,1.30526,1.30527,1.30526,1.30526,19280000,1
1500332280000,1500332339000,1.30528,1.30529,1.30525,1.30525,24900000,1
1500332340000,1500332399000,1.30525,1.30526,1.30525,1.30526,13580000,1
1500332400000,1500332459000,1.30524,1.30544,1.30524,1.30542,23960000,1
1500332460000,1500332519000,1.30541,1.30541,1.30532,1.30533,38570000,1
1500332520000,1500332579000,1.30532,1.30533,1.30531,1.30531,55100000,1
1500332580000,1500332639000,1.30531,1.30536,1.30529,1.30536,32370000,1
1500332640000,1500332699000,1.30534,1.30534,1.30531,1.30533,29600000,1
1500332700000,1500332759000,1.30533,1.30539,1.30533,1.30537,24660000,1
1500332760000,1500332819000,1.30537,1.30538,1.30536,1.30538,15580000,1
1500332820000,1500332879000,1.30542,1.30545,1.30541,1.30541,18920000,1
1500332880000,1500332939000,1.30542,1.30544,1.30539,1.30542,24500000,1
1500332940000,1500332999000,1.30543,1.30543,1.30534,1.30536,13500000,1
1500333000000,1500333059000,1.30535,1.30535,1.3053,1.30534,21130000,1
1500333060000,1500333119000,1.30534,1.30535,1.3053,1.3053,49290000,1
1500333120000,1500333179000,1.3053,1.30533,1.30529,1.30531,67390000,1
1500333180000,1500333239000,1.30532,1.30532,1.30527,1.30528,62130000,1
1500333240000,1500333299000,1.30528,1.30537,1.30527,1.30532,62750000,1
1500333300000,1500333359000,1.30532,1.30533,1.30522,1.30522,29190000,1
1500333360000,1500333419000,1.30523,1.30523,1.30523,1.30523,3630000,1
1500333420000,1500333479000,1.30523,1.30524,1.30522,1.30523,12170000,1
1500333480000,1500333539000,1.30523,1.30523,1.30522,1.30523,16100000,1
1500333540000,1500333599000,1.30523,1.30528,1.30523,1.30528,18600000,1
1500333600000,1500333659000,1.30527,1.30527,1.30526,1.30527,13800000,1
1500333660000,1500333719000,1.30527,1.30528,1.30523,1.30525,99440000,1
1500333720000,1500333779000,1.30524,1.30524,1.30522,1.30522,35360000,1
1500333780000,1500333839000,1.30522,1.30523,1.30522,1.30523,14670000,1
1500333840000,1500333899000,1.30523,1.30523,1.30522,1.30523,8470000,1
1500333900000,1500333959000,1.30524,1.30524,1.30518,1.3052,39210000,1
1500333960000,1500334019000,1.30522,1.30525,1.3052,1.30521,20430000,1
1500334020000,1500334079000,1.3052,1.30524,1.3052,1.30522,40920000,1
1500334080000,1500334139000,1.30521,1.30523,1.30521,1.30523,12610000,1
1500334140000,1500334199000,1.30522,1.30533,1.30522,1.30532,21990000,1
1500334200000,1500334259000,1.30533,1.30533,1.30526,1.30526,16360000,1
1500334260000,1500334319000,1.30529,1.30534,1.30528,1.30528,22830000,1
1500334320000,1500334379000,1.30528,1.30531,1.30527,1.30531,29750000,1
1500334380000,1500334439000,1.30531,1.30531,1.30527,1.30527,43340000,1
1500334440000,1500334499000,1.30527,1.30527,1.30527,1.30527,21350000,1
1500334500000,1500334559000,1.30528,1.30528,1.30527,1.30527,37220000,1
1500334560000,1500334619000,1.30527,1.3053,1.30527,1.30528,18180000,1
1500334620000,1500334679000,1.30528,1.30529,1.30528,1.30528,23350000,1
1500334680000,1500334739000,1.30529,1.30531,1.30528,1.30529,16180000,1
1500334740000,1500334799000,1.30528,1.30533,1.30528,1.30528,6000000,1
1500334800000,1500334859000,1.30527,1.30532,1.30527,1.30532,5500000,1
1500334860000,1500334919000,1.30533,1.30533,1.30528,1.30529,17480000,1
1500334920000,1500334979000,1.30525,1.30533,1.30525,1.30531,19370000,1
1500334980000,1500335039000,1.30531,1.30533,1.30527,1.30532,19000000,1
1500335040000,1500335099000,1.30533,1.30533,1.30526,1.30528,33500000,1
1500335100000,1500335159000,1.30528,1.30533,1.30528,1.30532,11000000,1
1500335160000,1500335219000,1.30532,1.30532,1.30531,1.30532,5500000,1
1500335220000,1500335279000,1.30532,1.30533,1.30531,1.30531,11690000,1
1500335280000,1500335339000,1.30531,1.30531,1.30529,1.3053,9680000,1
1500335340000,1500335399000,1.30528,1.30529,1.30528,1.30528,12630000,1
1500335400000,1500335459000,1.30529,1.3053,1.30529,1.30529,70060000,1
1500335460000,1500335519000,1.3053,1.3053,1.30529,1.30529,30910000,1
1500335520000,1500335579000,1.30529,1.30533,1.30529,1.30532,9810000,1
1500335580000,1500335639000,1.30533,1.30533,1.30525,1.30526,21070000,1
1500335640000,1500335699000,1.30525,1.30528,1.30518,1.30518,16000000,1
1500335700000,1500335759000,1.30518,1.30518,1.30515,1.30516,13500000,1
1500335760000,1500335819000,1.30515,1.30518,1.30512,1.30512,31500000,1
1500335820000,1500335879000,1.30513,1.30513,1.30512,1.30512,41810000,1
1500335880000,1500335939000,1.30513,1.30513,1.30512,1.30512,25940000,1
1500335940000,1500335999000,1.30512,1.30513,1.30511,1.30511,23520000,1
1500336000000,1500336059000,1.30511,1.30511,1.30508,1.30511,35370000,1
1500336060000,1500336119000,1.30511,1.30529,1.30507,1.30529,45700000,1
1500336120000,1500336179000,1.30529,1.30531,1.30525,1.3053,29120000,1
1500336180000,1500336239000,1.3053,1.30534,1.30527,1.30533,39950000,1
1500336240000,1500336299000,1.30534,1.30534,1.30528,1.30532,61900000,1
1500336300000,1500336359000,1.30533,1.30533,1.3053,1.30532,36430000,1
1500336360000,1500336419000,1.30533,1.30539,1.30532,1.30539,34160000,1
1500336420000,1500336479000,1.30539,1.30552,1.30539,1.30542,42500000,1
1500336480000,1500336539000,1.30541,1.30543,1.30538,1.30539,37980000,1
1500336540000,1500336599000,1.30539,1.30544,1.30539,1.30544,37720000,1
1500336600000,1500336659000,1.30545,1.30545,1.30539,1.3054,66830000,1
1500336660000,1500336719000,1.30539,1.30541,1.30538,1.30538,104950000,1
1500336720000,1500336779000,1.30538,1.30541,1.30537,1.30538,57910000,1
1500336780000,1500336839000,1.30539,1.30541,1.30532,1.30533,50920000,1
1500336840000,1500336899000,1.30532,1.30539,1.30532,1.30535,46370000,1
1500336900000,1500336959000,1.30534,1.30538,1.30532,1.30538,16000000,1
1500336960000,1500337019000,1.30539,1.3054,1.30537,1.30538,48410000,1
1500337020000,1500337079000,1.30537,1.30537,1.30525,1.30525,27620000,1
1500337080000,1500337139000,1.30524,1.30526,1.30522,1.30523,27000000,1
1500337140000,1500337199000,1.30522,1.30533,1.30522,1.30533,43620000,1
1500337200000,1500337259000,1.30532,1.30533,1.30529,1.30529,28740000,1
1500337260000,1500337319000,1.30527,1.30528,1.30513,1.30517,68420000,1
1500337320000,1500337379000,1.30518,1.30523,1.30517,1.30522,18500000,1
1500337380000,1500337439000,1.30523,1.30533,1.30522,1.30533,20000000,1
1500337440000,1500337499000,1.30532,1.30533,1.30531,1.30531,13260000,1
1500337500000,1500337559000,1.30531,1.30553,1.30531,1.30553,59700000,1
1500337560000,1500337619000,1.30552,1.30571,1.30552,1.30562,46940000,1
1500337620000,1500337679000,1.30564,1.30566,1.30558,1.30559,77040000,1
1500337680000,1500337739000,1.3056,1.30562,1.30547,1.30562,31990000,1
1500337740000,1500337799000,1.30563,1.30568,1.30562,1.30563,88860000,1
1500337800000,1500337859000,1.30562,1.30599,1.30561,1.30599,92700000,1
1500337860000,1500337919000,1.30602,1.30603,1.30593,1.30599,141880000,1
1500337920000,1500337979000,1.30599,1.30616,1.30598,1.30612,141470000,1
1500337980000,1500338039000,1.30612,1.30618,1.30611,1.30611,214550000,1
1500338040000,1500338099000,1.30611,1.30616,1.3061,1.30614,107980000,1
1500338100000,1500338159000,1.30614,1.30616,1.30609,1.30609,154710000,1
1500338160000,1500338219000,1.30609,1.30613,1.30608,1.30613,90120000,1
1500338220000,1500338279000,1.30615,1.30615,1.3061,1.30614,26370000,1
1500338280000,1500338339000,1.30614,1.30615,1.3061,1.30614,34000000,1
1500338340000,1500338399000,1.30614,1.30614,1.30612,1.30614,58710000,1
1500338400000,1500338459000,1.30614,1.30614,1.30613,1.30614,18710000,1
1500338460000,1500338519000,1.30614,1.30615,1.30614,1.30615,27000000,1
1500338520000,1500338579000,1.30615,1.30615,1.30612,1.30612,25480000,1
1500338580000,1500338639000,1.30612,1.30614,1.3061,1.30613,39430000,1
1500338640000,1500338699000,1.30613,1.30613,1.30612,1.30612,12000000,1
1500338700000,1500338759000,1.30612,1.30613,1.30608,1.30613,25950000,1
1500338760000,1500338819000,1.30613,1.30614,1.3061,1.3061,46620000,1
1500338820000,1500338879000,1.30614,1.30614,1.30605,1.30605,39610000,1
1500338880000,1500338939000,1.30604,1.30606,1.30602,1.30604,31500000,1
1500338940000,1500338999000,1.30604,1.30605,1.306,1.30603,49500000,1
1500339000000,1500339059000,1.30603,1.30604,1.30586,1.30592,44250000,1
1500339060000,1500339119000,1.30593,1.30593,1.30581,1.30581,42750000,1
1500339120000,1500339179000,1.30582,1.30582,1.30576,1.30578,71710000,1
1500339180000,1500339239000,1.30579,1.30585,1.30573,1.3058,62200000,1
1500339240000,1500339299000,1.3058,1.30599,1.30527,1.30533,183720000,1
1500339300000,1500339359000,1.30531,1.30572,1.30531,1.30568,93710000,1
1500339360000,1500339419000,1.30568,1.30573,1.30562,1.30565,100090000,1
1500339420000,1500339479000,1.30565,1.30569,1.30554,1.30565,61380000,1
1500339480000,1500339539000,1.30565,1.30567,1.30563,1.30563,69040000,1
1500339540000,1500339599000,1.30563,1.30563,1.30553,1.30562,55890000,1
1500339600000,1500339659000,1.30562,1.30567,1.3054,1.30564,106920000,1
1500339660000,1500339719000,1.30563,1.30566,1.30553,1.30553,49800000,1
1500339720000,1500339779000,1.30553,1.30553,1.30538,1.30553,58990000,1
1500339780000,1500339839000,1.30553,1.30596,1.30531,1.3055,151350000,1
1500339840000,1500339899000,1.30547,1.30562,1.30547,1.30558,70890000,1
1500339900000,1500339959000,1.30558,1.30647,1.30558,1.30627,229870000,1
1500339960000,1500340019000,1.30626,1.30643,1.30601,1.30614,183700000,1
1500340020000,1500340079000,1.30614,1.30653,1.30613,1.30642,189100000,1
1500340080000,1500340139000,1.30642,1.30659,1.30634,1.30657,153780000,1
1500340140000,1500340199000,1.30658,1.30662,1.30627,1.30632,134890000,1
1500340200000,1500340259000,1.30633,1.30653,1.30626,1.30653,166090000,1
1500340260000,1500340319000,1.30652,1.30678,1.30652,1.30672,125520000,1
1500340320000,1500340379000,1.30673,1.30685,1.30672,1.30685,154740000,1
1500340380000,1500340439000,1.30684,1.30701,1.30683,1.30699,171170000,1
1500340440000,1500340499000,1.30699,1.30716,1.3068,1.30686,104710000,1
1500340500000,1500340559000,1.30686,1.30705,1.30664,1.30678,169780000,1
1500340560000,1500340619000,1.30677,1.30691,1.30677,1.30688,85860000,1
1500340620000,1500340679000,1.30688,1.30688,1.3066,1.30673,175590000,1
1500340680000,1500340739000,1.30673,1.3068,1.30663,1.3068,45980000,1
1500340740000,1500340799000,1.30682,1.30734,1.30682,1.30733,156870000,1
1500340800000,1500340859000,1.30738,1.30748,1.30725,1.30747,123700000,1
1500340860000,1500340919000,1.30747,1.30749,1.30741,1.30743,80150000,1
1500340920000,1500340979000,1.30743,1.30763,1.30734,1.3076,130140000,1
1500340980000,1500341039000,1.3076,1.30783,1.30758,1.30782,87430000,1
1500341040000,1500341099000,1.30782,1.30785,1.3074,1.30741,139140000,1
1500341100000,1500341159000,1.30741,1.30757,1.30741,1.30756,73650000,1
1500341160000,1500341219000,1.30756,1.30761,1.30751,1.30761,53750000,1
1500341220000,1500341279000,1.30761,1.30761,1.30744,1.30744,73390000,1
1500341280000,1500341339000,1.30744,1.30754,1.30744,1.30754,51610000,1
1500341340000,1500341399000,1.30754,1.30755,1.30752,1.30754,41560000,1
1500341400000,1500341459000,1.30755,1.30779,1.30749,1.30779,80930000,1
1500341460000,1500341519000,1.30777,1.30784,1.30777,1.30783,99930000,1
1500341520000,1500341579000,1.30782,1.30785,1.30782,1.30784,112970000,1
1500341580000,1500341639000,1.30783,1.30783,1.30762,1.30762,95000000,1
1500341640000,1500341699000,1.30762,1.30767,1.30749,1.30753,102650000,1
1500341700000,1500341759000,1.30753,1.30783,1.30744,1.30778,121300000,1
1500341760000,1500341819000,1.30778,1.30787,1.30777,1.30783,61450000,1
1500341820000,1500341879000,1.30783,1.30787,1.3077,1.30773,77980000,1
1500341880000,1500341939000,1.30771,1.30787,1.30771,1.30787,102120000,1
1500341940000,1500341999000,1.30792,1.30824,1.30792,1.30813,76750000,1
1500342000000,1500342059000,1.30812,1.30815,1.30798,1.30798,75160000,1
1500342060000,1500342119000,1.30795,1.30814,1.3079,1.30805,93410000,1
1500342120000,1500342179000,1.30805,1.30827,1.30803,1.30821,94650000,1
1500342180000,1500342239000,1.3082,1.30822,1.30815,1.30817,44830000,1
1500342240000,1500342299000,1.30817,1.30831,1.30817,1.30829,191000000,1
1500342300000,1500342359000,1.30828,1.3083,1.30814,1.30814,143970000,1
1500342360000,1500342419000,1.30812,1.30817,1.30812,1.30817,85890000,1
1500342420000,1500342479000,1.30813,1.30826,1.3081,1.30825,69160000,1
1500342480000,1500342539000,1.30823,1.30824,1.30819,1.30819,22240000,1
1500342540000,1500342599000,1.30819,1.30822,1.30818,1.3082,78930000,1
1500342600000,1500342659000,1.3082,1.30824,1.30819,1.30824,44310000,1
1500342660000,1500342719000,1.30824,1.30828,1.30822,1.30823,66430000,1
1500342720000,1500342779000,1.30823,1.30835,1.30822,1.30831,114150000,1
1500342780000,1500342839000,1.3083,1.30834,1.30825,1.30833,63220000,1
1500342840000,1500342899000,1.30833,1.30836,1.30824,1.30831,125870000,1
1500342900000,1500342959000,1.30833,1.30833,1.30809,1.30815,156960000,1
1500342960000,1500343019000,1.30816,1.30816,1.30808,1.30808,56690000,1
1500343020000,1500343079000,1.30809,1.3081,1.30791,1.30801,89320000,1
1500343080000,1500343139000,1.30801,1.30829,1.30801,1.30829,179240000,1
1500343140000,1500343199000,1.30829,1.30838,1.30828,1.30838,80400000,1
1500343200000,1500343259000,1.30838,1.30884,1.30836,1.30874,180280000,1
1500343260000,1500343319000,1.30874,1.30916,1.30868,1.30915,140750000,1
1500343320000,1500343379000,1.30917,1.30942,1.30915,1.30921,157230000,1
1500343380000,1500343439000,1.30921,1.3093,1.30911,1.30927,117450000,1
1500343440000,1500343499000,1.30928,1.3094,1.30922,1.30939,82690000,1
1500343500000,1500343559000,1.30939,1.30948,1.30923,1.30927,100950000,1
1500343560000,1500343619000,1.30925,1.30932,1.30899,1.30899,70910000,1
1500343620000,1500343679000,1.309,1.309,1.30878,1.30887,104180000,1
1500343680000,1500343739000,1.30888,1.30893,1.30878,1.30886,90240000,1
1500343740000,1500343799000,1.30891,1.30891,1.30867,1.30873,72670000,1
1500343800000,1500343859000,1.30873,1.30874,1.30865,1.30868,46450000,1
1500343860000,1500343919000,1.30868,1.30878,1.30861,1.30872,53120000,1
1500343920000,1500343979000,1.30873,1.30876,1.3087,1.30872,32000000,1
1500343980000,1500344039000,1.3087,1.30872,1.30869,1.30869,47200000,1
1500344040000,1500344099000,1.30869,1.30874,1.30869,1.30869,48330000,1
1500344100000,1500344159000,1.3087,1.30872,1.30859,1.30862,59210000,1
1500344160000,1500344219000,1.30863,1.30868,1.30851,1.30851,76610000,1
1500344220000,1500344279000,1.30851,1.30873,1.30851,1.30873,103190000,1
1500344280000,1500344339000,1.30872,1.30898,1.30872,1.30892,101220000,1
1500344340000,1500344399000,1.30893,1.30893,1.30868,1.30869,117500000,1
1500344400000,1500344459000,1.30868,1.30868,1.30853,1.3086,67210000,1
1500344460000,1500344519000,1.30862,1.30863,1.30862,1.30862,36120000,1
1500344520000,1500344579000,1.30863,1.30863,1.30862,1.30862,38120000,1
1500344580000,1500344639000,1.30863,1.30863,1.30858,1.30862,54060000,1
1500344640000,1500344699000,1.30862,1.30872,1.30859,1.30872,32610000,1
1500344700000,1500344759000,1.30873,1.30882,1.30872,1.30882,37120000,1
1500344760000,1500344819000,1.30882,1.30883,1.30877,1.30882,37740000,1
1500344820000,1500344879000,1.30881,1.30898,1.30881,1.30885,115240000,1
1500344880000,1500344939000,1.30885,1.30885,1.3088,1.30883,84390000,1
1500344940000,1500344999000,1.30883,1.30906,1.30883,1.30904,68490000,1
1500345000000,1500345059000,1.30904,1.30907,1.30877,1.3088,72890000,1
1500345060000,1500345119000,1.30882,1.30894,1.3088,1.30883,95320000,1
1500345120000,1500345179000,1.30882,1.30884,1.3087,1.30873,75950000,1
1500345180000,1500345239000,1.30873,1.30873,1.30862,1.30862,71740000,1
1500345240000,1500345299000,1.30863,1.30871,1.30862,1.30869,33830000,1
1500345300000,1500345359000,1.3087,1.30877,1.30869,1.30877,46150000,1
1500345360000,1500345419000,1.30879,1.30879,1.30869,1.30869,39980000,1
1500345420000,1500345479000,1.30869,1.30882,1.30868,1.30882,27000000,1
1500345480000,1500345539000,1.30882,1.30883,1.30877,1.30883,24570000,1
1500345540000,1500345599000,1.30883,1.30894,1.30883,1.30887,65620000,1
1500345600000,1500345659000,1.30881,1.30893,1.30874,1.30875,84680000,1
1500345660000,1500345719000,1.30874,1.30891,1.30859,1.30891,197970000,1
1500345720000,1500345779000,1.30891,1.30893,1.30889,1.30892,68540000,1
1500345780000,1500345839000,1.30895,1.30902,1.30892,1.30893,48440000,1
1500345840000,1500345899000,1.30893,1.30902,1.30893,1.30901,79180000,1
1500345900000,1500345959000,1.30898,1.30912,1.30896,1.30911,51110000,1
1500345960000,1500346019000,1.30913,1.3092,1.3091,1.30918,61910000,1
1500346020000,1500346079000,1.30918,1.30921,1.30915,1.30918,30070000,1
1500346080000,1500346139000,1.3092,1.30932,1.30918,1.30932,71940000,1
1500346140000,1500346199000,1.30933,1.30937,1.30902,1.30902,68990000,1
1500346200000,1500346259000,1.30901,1.30906,1.30901,1.30904,51500000,1
1500346260000,1500346319000,1.30903,1.30903,1.30891,1.30891,24510000,1
1500346320000,1500346379000,1.3089,1.3089,1.30875,1.30881,77100000,1
1500346380000,1500346439000,1.30881,1.30883,1.30877,1.30883,19300000,1
1500346440000,1500346499000,1.30883,1.30892,1.30883,1.30887,41520000,1
1500346500000,1500346559000,1.30886,1.30893,1.30881,1.3089,62220000,1
1500346560000,1500346619000,1.3089,1.30892,1.30884,1.30884,70190000,1
1500346620000,1500346679000,1.30884,1.30885,1.30883,1.30885,49930000,1
1500346680000,1500346739000,1.30885,1.30912,1.30883,1.30897,129400000,1
1500346740000,1500346799000,1.30897,1.30897,1.30878,1.3089,64950000,1
1500346800000,1500346859000,1.3089,1.30895,1.30885,1.30885,20500000,1
1500346860000,1500346919000,1.30883,1.30886,1.30869,1.3087,43040000,1
1500346920000,1500346979000,1.30869,1.30872,1.3086,1.30871,48840000,1
1500346980000,1500347039000,1.30867,1.30874,1.30862,1.30874,30740000,1
1500347040000,1500347099000,1.30874,1.30882,1.30874,1.30882,43100000,1
1500347100000,1500347159000,1.30882,1.30885,1.30879,1.30879,24370000,1
1500347160000,1500347219000,1.3088,1.30882,1.30873,1.30873,20290000,1
1500347220000,1500347279000,1.3087,1.30885,1.30869,1.30882,21610000,1
1500347280000,1500347339000,1.30883,1.30901,1.30883,1.30899,41690000,1
1500347340000,1500347399000,1.30899,1.30903,1.3087,1.30873,59540000,1
1500347400000,1500347459000,1.30872,1.30893,1.30872,1.30889,31110000,1
1500347460000,1500347519000,1.30888,1.30888,1.30878,1.3088,41520000,1
1500347520000,1500347579000,1.3088,1.30902,1.3088,1.30892,50680000,1
1500347580000,1500347639000,1.30892,1.3091,1.30892,1.30903,65860000,1
1500347640000,1500347699000,1.30904,1.30906,1.30875,1.30876,84790000,1
1500347700000,1500347759000,1.30876,1.30886,1.30872,1.30886,48050000,1
1500347760000,1500347819000,1.30887,1.30909,1.30882,1.30909,46920000,1
1500347820000,1500347879000,1.30906,1.30915,1.30893,1.30894,48070000,1
1500347880000,1500347939000,1.30892,1.30904,1.30877,1.30904,62860000,1
1500347940000,1500347999000,1.30904,1.30906,1.30902,1.30906,24740000,1
1500348000000,1500348059000,1.30908,1.30936,1.30905,1.30933,55990000,1
1500348060000,1500348119000,1.30932,1.30933,1.3092,1.30932,68300000,1
1500348120000,1500348179000,1.30931,1.30951,1.30928,1.30947,90520000,1
1500348180000,1500348239000,1.30947,1.30948,1.30926,1.30928,71130000,1
1500348240000,1500348299000,1.30926,1.30931,1.30922,1.30931,62210000,1
1500348300000,1500348359000,1.30932,1.30932,1.30914,1.30914,118530000,1
1500348360000,1500348419000,1.30915,1.30924,1.30903,1.30924,65130000,1
1500348420000,1500348479000,1.30924,1.30959,1.30924,1.30955,94120000,1
1500348480000,1500348539000,1.30955,1.30959,1.30947,1.30959,48120000,1
1500348540000,1500348599000,1.3096,1.30981,1.30949,1.30971,108550000,1
1500348600000,1500348659000,1.30973,1.30975,1.30923,1.30931,80010000,1
1500348660000,1500348719000,1.30931,1.30948,1.30931,1.30948,39290000,1
1500348720000,1500348779000,1.30948,1.30962,1.30948,1.30962,17490000,1
1500348780000,1500348839000,1.3096,1.30971,1.3096,1.30961,44180000,1
1500348840000,1500348899000,1.30961,1.30973,1.30952,1.30961,52240000,1
1500348900000,1500348959000,1.3096,1.30965,1.30953,1.30953,62080000,1
1500348960000,1500349019000,1.30954,1.30984,1.30954,1.30984,73860000,1
1500349020000,1500349079000,1.30978,1.30996,1.30971,1.30978,66400000,1
1500349080000,1500349139000,1.3098,1.3098,1.30959,1.3096,85980000,1
1500349140000,1500349199000,1.3096,1.3099,1.30943,1.30975,112170000,1
1500349200000,1500349259000,1.30974,1.30976,1.30972,1.30972,13490000,1
1500349260000,1500349319000,1.3097,1.30972,1.30967,1.30968,27340000,1
1500349320000,1500349379000,1.30967,1.30967,1.3095,1.3096,32800000,1
1500349380000,1500349439000,1.30962,1.3098,1.30957,1.30971,59330000,1
1500349440000,1500349499000,1.30968,1.30969,1.30968,1.30968,9860000,1
1500349500000,1500349559000,1.30968,1.30968,1.3096,1.3096,24830000,1
1500349560000,1500349619000,1.3096,1.30968,1.30959,1.30968,46950000,1
1500349620000,1500349679000,1.30968,1.30968,1.30957,1.30957,43610000,1
1500349680000,1500349739000,1.30957,1.30958,1.30953,1.30956,26380000,1
1500349740000,1500349799000,1.30955,1.30961,1.30933,1.30933,68060000,1
1500349800000,1500349859000,1.30934,1.30942,1.30929,1.30938,61720000,1
1500349860000,1500349919000,1.3094,1.3094,1.30915,1.30931,104580000,1
1500349920000,1500349979000,1.3093,1.30963,1.3093,1.30948,75550000,1
1500349980000,1500350039000,1.30948,1.30948,1.30946,1.30946,58170000,1
1500350040000,1500350099000,1.30946,1.30948,1.30925,1.30926,93420000,1
1500350100000,1500350159000,1.30926,1.30938,1.30926,1.30938,63270000,1
1500350160000,1500350219000,1.30938,1.30938,1.30923,1.30923,54410000,1
1500350220000,1500350279000,1.30923,1.30932,1.3092,1.30927,100480000,1
1500350280000,1500350339000,1.30928,1.30928,1.30908,1.30911,78070000,1
1500350340000,1500350399000,1.30916,1.30938,1.30916,1.30921,69740000,1
1500350400000,1500350459000,1.30921,1.30925,1.30909,1.30912,85710000,1
1500350460000,1500350519000,1.30914,1.30948,1.30913,1.30943,70490000,1
1500350520000,1500350579000,1.30942,1.30944,1.30929,1.30935,79340000,1
1500350580000,1500350639000,1.30935,1.30935,1.3091,1.30914,101480000,1
1500350640000,1500350699000,1.30916,1.30921,1.30916,1.3092,51630000,1
1500350700000,1500350759000,1.30922,1.30928,1.30919,1.30921,36690000,1
1500350760000,1500350819000,1.30921,1.30923,1.30921,1.30923,44000000,1
1500350820000,1500350879000,1.30922,1.30923,1.30917,1.30922,60750000,1
1500350880000,1500350939000,1.30923,1.30923,1.3092,1.3092,28250000,1
1500350940000,1500350999000,1.30919,1.30922,1.30917,1.30918,36120000,1
1500351000000,1500351059000,1.30917,1.30918,1.30903,1.30907,55680000,1
1500351060000,1500351119000,1.30906,1.30906,1.30897,1.30898,82870000,1
1500351120000,1500351179000,1.30904,1.30932,1.30904,1.30928,88770000,1
1500351180000,1500351239000,1.30928,1.30928,1.30901,1.30901,49020000,1
1500351240000,1500351299000,1.30902,1.30902,1.30902,1.30902,14940000,1
1500351300000,1500351359000,1.30902,1.30902,1.30895,1.30896,46490000,1
1500351360000,1500351419000,1.30894,1.30901,1.30893,1.30894,32750000,1
1500351420000,1500351479000,1.30894,1.30916,1.30894,1.3091,47400000,1
1500351480000,1500351539000,1.30909,1.30911,1.309,1.309,31260000,1
1500351540000,1500351599000,1.30899,1.30899,1.30878,1.30886,69440000,1
1500351600000,1500351659000,1.30886,1.30907,1.30886,1.30906,86500000,1
1500351660000,1500351719000,1.30907,1.30907,1.30889,1.30891,45220000,1
1500351720000,1500351779000,1.30891,1.30893,1.30882,1.30891,19620000,1
1500351780000,1500351839000,1.30894,1.30903,1.30894,1.309,10000000,1
1500351840000,1500351899000,1.309,1.309,1.30866,1.3088,79280000,1
1500351900000,1500351959000,1.30878,1.30878,1.30869,1.30869,9370000,1
1500351960000,1500352019000,1.30871,1.30871,1.30867,1.30869,26630000,1
1500352020000,1500352079000,1.30869,1.30875,1.30868,1.30871,36300000,1
1500352080000,1500352139000,1.30869,1.30874,1.30868,1.30869,43060000,1
1500352140000,1500352199000,1.30872,1.30909,1.30872,1.30885,67830000,1
1500352200000,1500352259000,1.30887,1.3089,1.30877,1.30881,88320000,1
1500352260000,1500352319000,1.30879,1.30894,1.30879,1.30888,48120000,1
1500352320000,1500352379000,1.30889,1.30889,1.30881,1.30888,21030000,1
1500352380000,1500352439000,1.30889,1.3089,1.3088,1.30884,36720000,1
1500352440000,1500352499000,1.30884,1.30891,1.3088,1.3089,43810000,1
1500352500000,1500352559000,1.3089,1.3089,1.30879,1.30879,29150000,1
1500352560000,1500352619000,1.30879,1.30889,1.30879,1.3088,56610000,1
1500352620000,1500352679000,1.3088,1.30889,1.30878,1.30889,44020000,1
1500352680000,1500352739000,1.30887,1.30893,1.3087,1.30892,63080000,1
1500352740000,1500352799000,1.30893,1.30908,1.30879,1.3088,73130000,1
1500352800000,1500352859000,1.30879,1.30891,1.30877,1.30891,63760000,1
1500352860000,1500352919000,1.30891,1.30891,1.3086,1.30876,54580000,1
1500352920000,1500352979000,1.30878,1.30879,1.30871,1.30871,36320000,1
1500352980000,1500353039000,1.30872,1.30873,1.30862,1.30864,27850000,1
1500353040000,1500353099000,1.30865,1.30891,1.30865,1.30891,28000000,1
1500353100000,1500353159000,1.3089,1.30893,1.30871,1.30893,41390000,1
1500353160000,1500353219000,1.30895,1.30913,1.30895,1.30905,69130000,1
1500353220000,1500353279000,1.30907,1.30923,1.30907,1.3091,35360000,1
1500353280000,1500353339000,1.30907,1.3093,1.30899,1.30922,51850000,1
1500353340000,1500353399000,1.30921,1.30931,1.30921,1.30929,38790000,1
1500353400000,1500353459000,1.3093,1.30939,1.30929,1.30938,51120000,1
1500353460000,1500353519000,1.30939,1.3095,1.30939,1.30945,29190000,1
1500353520000,1500353579000,1.30945,1.30945,1.3094,1.30943,15000000,1
1500353580000,1500353639000,1.30941,1.30941,1.30914,1.30923,70190000,1
1500353640000,1500353699000,1.30922,1.30951,1.30922,1.30935,90380000,1
1500353700000,1500353759000,1.30933,1.30948,1.30919,1.30947,98580000,1
1500353760000,1500353819000,1.30948,1.30958,1.3093,1.30931,1686860000,1
1500353820000,1500353879000,1.30935,1.30941,1.30923,1.30926,99690000,1
1500353880000,1500353939000,1.30924,1.3093,1.30921,1.30929,105930000,1
1500353940000,1500353999000,1.30927,1.30931,1.30919,1.30926,78110000,1
1500354000000,1500354059000,1.30927,1.30927,1.3092,1.3092,25620000,1
1500354060000,1500354119000,1.3092,1.30927,1.30915,1.30916,59950000,1
1500354120000,1500354179000,1.30918,1.3092,1.30906,1.30915,118600000,1
1500354180000,1500354239000,1.30916,1.30945,1.30916,1.30943,88230000,1
1500354240000,1500354299000,1.30943,1.30943,1.30928,1.30928,74240000,1
1500354300000,1500354359000,1.30928,1.3094,1.30911,1.30924,67430000,1
1500354360000,1500354419000,1.30924,1.30938,1.30919,1.30928,55900000,1
1500354420000,1500354479000,1.30926,1.30926,1.30908,1.30908,108920000,1
1500354480000,1500354539000,1.30908,1.30921,1.30907,1.30907,109350000,1
1500354540000,1500354599000,1.30907,1.30907,1.30895,1.30897,71260000,1
1500354600000,1500354659000,1.30898,1.3091,1.30894,1.30899,59600000,1
1500354660000,1500354719000,1.30899,1.30903,1.30894,1.30898,42240000,1
1500354720000,1500354779000,1.30898,1.30898,1.30888,1.30888,45570000,1
1500354780000,1500354839000,1.30888,1.30898,1.30888,1.30898,57510000,1
1500354840000,1500354899000,1.30897,1.30901,1.30887,1.30887,34200000,1
1500354900000,1500354959000,1.30886,1.30888,1.30885,1.30887,31940000,1
1500354960000,1500355019000,1.30887,1.30888,1.30864,1.30888,60750000,1
1500355020000,1500355079000,1.30885,1.30885,1.30871,1.3088,38350000,1
1500355080000,1500355139000,1.30881,1.30884,1.30879,1.3088,16360000,1
1500355140000,1500355199000,1.30881,1.30889,1.30869,1.3088,73420000,1
1500355200000,1500355259000,1.30882,1.3089,1.30882,1.30883,44800000,1
1500355260000,1500355319000,1.30884,1.30884,1.30875,1.30877,62270000,1
1500355320000,1500355379000,1.30876,1.30893,1.30875,1.30886,88710000,1
1500355380000,1500355439000,1.30886,1.30902,1.30885,1.30901,54960000,1
1500355440000,1500355499000,1.30901,1.30924,1.30901,1.30924,78030000,1
1500355500000,1500355559000,1.30924,1.30934,1.30924,1.3093,31790000,1
1500355560000,1500355619000,1.30931,1.30931,1.30922,1.30923,25170000,1
1500355620000,1500355679000,1.30922,1.30924,1.30922,1.30923,61230000,1
1500355680000,1500355739000,1.30923,1.30932,1.30922,1.30929,57110000,1
1500355740000,1500355799000,1.30928,1.30963,1.30927,1.30958,90090000,1
1500355800000,1500355859000,1.30956,1.30974,1.30952,1.30963,60820000,1
1500355860000,1500355919000,1.30962,1.30964,1.30961,1.30961,16790000,1
1500355920000,1500355979000,1.30963,1.30984,1.30962,1.30972,61460000,1
1500355980000,1500356039000,1.30971,1.30978,1.3097,1.30978,34800000,1
1500356040000,1500356099000,1.30983,1.30988,1.30978,1.30988,54390000,1
1500356100000,1500356159000,1.30989,1.31008,1.30989,1.31,56360000,1
1500356160000,1500356219000,1.30997,1.30997,1.30982,1.30982,47750000,1
1500356220000,1500356279000,1.30983,1.31006,1.30983,1.31003,45360000,1
1500356280000,1500356339000,1.31002,1.31003,1.30992,1.31003,44430000,1
1500356340000,1500356399000,1.31003,1.31019,1.30997,1.31007,56770000,1
1500356400000,1500356459000,1.31008,1.31009,1.31005,1.31008,52240000,1
1500356460000,1500356519000,1.31008,1.31011,1.31001,1.31001,41450000,1
1500356520000,1500356579000,1.30999,1.31004,1.30992,1.31002,53300000,1
1500356580000,1500356639000,1.31002,1.31013,1.30999,1.31006,57630000,1
1500356640000,1500356699000,1.31007,1.31013,1.31006,1.31006,85530000,1
1500356700000,1500356759000,1.31006,1.31018,1.31006,1.31016,66020000,1
1500356760000,1500356819000,1.31016,1.31018,1.31002,1.31004,68290000,1
1500356820000,1500356879000,1.31001,1.31002,1.30992,1.30992,54200000,1
1500356880000,1500356939000,1.3099,1.30993,1.30974,1.30975,53400000,1
1500356940000,1500356999000,1.30976,1.30983,1.30975,1.30981,41800000,1
1500357000000,1500357059000,1.30981,1.30981,1.30954,1.30958,87780000,1
1500357060000,1500357119000,1.30958,1.30962,1.30937,1.30943,81610000,1
1500357120000,1500357179000,1.30942,1.30954,1.30941,1.30942,41500000,1
1500357180000,1500357239000,1.30941,1.30946,1.30938,1.3094,43000000,1
1500357240000,1500357299000,1.30941,1.30943,1.30928,1.30931,91560000,1
1500357300000,1500357359000,1.30931,1.30949,1.30929,1.30947,99280000,1
1500357360000,1500357419000,1.30947,1.30948,1.30924,1.30935,94750000,1
1500357420000,1500357479000,1.30936,1.30944,1.30932,1.30933,128020000,1
1500357480000,1500357539000,1.30933,1.30938,1.30932,1.30938,56310000,1
1500357540000,1500357599000,1.30939,1.30939,1.30923,1.30924,96860000,1
1500357600000,1500357659000,1.30924,1.30932,1.3092,1.30932,155700000,1
1500357660000,1500357719000,1.30932,1.30932,1.30923,1.30928,108800000,1
1500357720000,1500357779000,1.30928,1.30944,1.30921,1.30942,100410000,1
1500357780000,1500357839000,1.30942,1.30967,1.30938,1.30962,96940000,1
1500357840000,1500357899000,1.30962,1.30991,1.3096,1.30985,112930000,1
1500357900000,1500357959000,1.30985,1.30985,1.30976,1.30976,75330000,1
1500357960000,1500358019000,1.30975,1.30983,1.30972,1.30977,98000000,1
1500358020000,1500358079000,1.30977,1.31012,1.30972,1.31005,84770000,1
1500358080000,1500358139000,1.31006,1.31014,1.3099,1.31003,102280000,1
1500358140000,1500358199000,1.31002,1.31002,1.30979,1.30986,147420000,1
1500358200000,1500358259000,1.30986,1.30998,1.30977,1.30981,127390000,1
1500358260000,1500358319000,1.30985,1.31014,1.30985,1.31014,146160000,1
1500358320000,1500358379000,1.31014,1.31031,1.31009,1.3103,128580000,1
1500358380000,1500358439000,1.31028,1.31028,1.31019,1.31028,112940000,1
1500358440000,1500358499000,1.31027,1.31028,1.30991,1.31002,132770000,1
1500358500000,1500358559000,1.31002,1.31005,1.30991,1.30992,143410000,1
1500358560000,1500358619000,1.30992,1.30996,1.30979,1.30995,76490000,1
1500358620000,1500358679000,1.30995,1.30996,1.30983,1.30988,101190000,1
1500358680000,1500358739000,1.30988,1.31003,1.30985,1.3099,85000000,1
1500358740000,1500358799000,1.3099,1.30997,1.30989,1.30994,62470000,1
1500358800000,1500358859000,1.30996,1.30999,1.30992,1.30992,58550000,1
1500358860000,1500358919000,1.30991,1.31019,1.30989,1.31015,75770000,1
1500358920000,1500358979000,1.31014,1.31025,1.31013,1.31022,40140000,1
1500358980000,1500359039000,1.31021,1.31042,1.31014,1.31042,119790000,1
1500359040000,1500359099000,1.31042,1.31052,1.3104,1.3104,94390000,1
1500359100000,1500359159000,1.3104,1.3104,1.31028,1.31032,91500000,1
1500359160000,1500359219000,1.31032,1.31033,1.31022,1.31031,73750000,1
1500359220000,1500359279000,1.31032,1.31033,1.31016,1.31027,87620000,1
1500359280000,1500359339000,1.31031,1.31034,1.31015,1.31032,55230000,1
1500359340000,1500359399000,1.31033,1.31035,1.31029,1.31033,136890000,1
1500359400000,1500359459000,1.31032,1.31032,1.31002,1.31004,94890000,1
1500359460000,1500359519000,1.31003,1.31012,1.31003,1.3101,95980000,1
1500359520000,1500359579000,1.3101,1.31013,1.30978,1.30993,254510000,1
1500359580000,1500359639000,1.30992,1.30994,1.30976,1.30993,175180000,1
1500359640000,1500359699000,1.30997,1.31013,1.30997,1.31007,103070000,1
1500359700000,1500359759000,1.31006,1.31013,1.31004,1.31004,94960000,1
1500359760000,1500359819000,1.31004,1.31009,1.30982,1.30982,153100000,1
1500359820000,1500359879000,1.30982,1.30989,1.30971,1.30987,128950000,1
1500359880000,1500359939000,1.30987,1.30995,1.30972,1.30986,149620000,1
1500359940000,1500359999000,1.30986,1.30994,1.30977,1.30987,144240000,1
1500360000000,1500360059000,1.30987,1.30987,1.30962,1.30982,154850000,1
1500360060000,1500360119000,1.30983,1.30989,1.3096,1.3096,192510000,1
1500360120000,1500360179000,1.3096,1.3096,1.30948,1.30951,58370000,1
1500360180000,1500360239000,1.3095,1.30982,1.3095,1.30981,57230000,1
1500360240000,1500360299000,1.30985,1.30993,1.30979,1.3099,57970000,1
1500360300000,1500360359000,1.3099,1.30993,1.3098,1.3098,76610000,1
1500360360000,1500360419000,1.30976,1.30985,1.30966,1.30979,114030000,1
1500360420000,1500360479000,1.30978,1.30982,1.30973,1.3098,64070000,1
1500360480000,1500360539000,1.3098,1.30994,1.30979,1.30982,172840000,1
1500360540000,1500360599000,1.30982,1.30984,1.30961,1.30969,194980000,1
1500360600000,1500360659000,1.30969,1.31002,1.30969,1.30989,141020000,1
1500360660000,1500360719000,1.30988,1.30994,1.30979,1.30982,116350000,1
1500360720000,1500360779000,1.3098,1.3098,1.30974,1.30977,45050000,1
1500360780000,1500360839000,1.30977,1.3098,1.30962,1.30965,262690000,1
1500360840000,1500360899000,1.30965,1.3101,1.30959,1.31008,494620000,1
1500360900000,1500360959000,1.31009,1.31009,1.3098,1.3099,147250000,1
1500360960000,1500361019000,1.30991,1.31012,1.3099,1.31007,271680000,1
1500361020000,1500361079000,1.31008,1.31015,1.31002,1.31012,200100000,1
1500361080000,1500361139000,1.31012,1.31013,1.30978,1.30985,109740000,1
1500361140000,1500361199000,1.30989,1.30997,1.3098,1.3098,149350000,1
1500361200000,1500361259000,1.3098,1.30982,1.30939,1.30939,201630000,1
1500361260000,1500361319000,1.30937,1.30959,1.30931,1.30951,284080000,1
1500361320000,1500361379000,1.30947,1.30956,1.30947,1.30951,149430000,1
1500361380000,1500361439000,1.30953,1.30983,1.30949,1.30979,149880000,1
1500361440000,1500361499000,1.30981,1.31013,1.30981,1.31003,152140000,1
1500361500000,1500361559000,1.31004,1.31033,1.31004,1.3103,157050000,1
1500361560000,1500361619000,1.31029,1.31033,1.31011,1.31016,246790000,1
1500361620000,1500361679000,1.31017,1.31025,1.3101,1.31024,120620000,1
1500361680000,1500361739000,1.31025,1.31028,1.3101,1.3101,158480000,1
1500361740000,1500361799000,1.3101,1.31025,1.31,1.31021,261740000,1
1500361800000,1500361859000,1.31022,1.31026,1.31013,1.31022,213510000,1
1500361860000,1500361919000,1.31025,1.31031,1.30983,1.30991,410110000,1
1500361920000,1500361979000,1.3099,1.30993,1.30965,1.30965,604720000,1
1500361980000,1500362039000,1.30968,1.30971,1.3094,1.30952,445760000,1
1500362040000,1500362099000,1.30951,1.30971,1.30947,1.30948,144970000,1
1500362100000,1500362159000,1.3095,1.3095,1.30929,1.30933,157400000,1
1500362160000,1500362219000,1.3093,1.30972,1.3093,1.3096,175940000,1
1500362220000,1500362279000,1.3096,1.30965,1.30951,1.3096,123640000,1
1500362280000,1500362339000,1.3096,1.30983,1.30959,1.30971,100030000,1
1500362340000,1500362399000,1.30969,1.30981,1.30967,1.30979,74830000,1
1500362400000,1500362459000,1.30978,1.3098,1.30959,1.30959,53960000,1
1500362460000,1500362519000,1.3096,1.30972,1.30931,1.30949,134620000,1
1500362520000,1500362579000,1.30949,1.30969,1.30949,1.3096,126010000,1
1500362580000,1500362639000,1.30961,1.30965,1.30949,1.30959,131730000,1
1500362640000,1500362699000,1.30959,1.30976,1.30959,1.30976,85920000,1
1500362700000,1500362759000,1.30976,1.30988,1.30969,1.30969,122720000,1
1500362760000,1500362819000,1.3097,1.3099,1.3097,1.30987,129860000,1
1500362820000,1500362879000,1.30988,1.30989,1.30976,1.30984,177900000,1
1500362880000,1500362939000,1.30983,1.31004,1.30983,1.31,121580000,1
1500362940000,1500362999000,1.30998,1.31005,1.30997,1.31001,61250000,1
1500363000000,1500363059000,1.31,1.31014,1.30999,1.31011,42570000,1
1500363060000,1500363119000,1.31011,1.31036,1.31011,1.31035,111250000,1
1500363120000,1500363179000,1.31034,1.31039,1.30998,1.31003,172130000,1
1500363180000,1500363239000,1.31002,1.31002,1.30988,1.30998,37520000,1
1500363240000,1500363299000,1.30998,1.30998,1.30981,1.30996,124640000,1
1500363300000,1500363359000,1.30995,1.31012,1.30991,1.30998,107980000,1
1500363360000,1500363419000,1.30998,1.3102,1.30986,1.31011,135400000,1
1500363420000,1500363479000,1.31011,1.3102,1.31009,1.3101,114120000,1
1500363480000,1500363539000,1.3101,1.31013,1.31004,1.31004,103700000,1
1500363540000,1500363599000,1.31004,1.31007,1.31003,1.31007,40880000,1
1500363600000,1500363659000,1.31007,1.31023,1.31005,1.31021,86190000,1
1500363660000,1500363719000,1.3102,1.3102,1.31001,1.31006,110800000,1
1500363720000,1500363779000,1.31009,1.31011,1.30999,1.31007,70470000,1
1500363780000,1500363839000,1.31007,1.31019,1.31007,1.31013,73070000,1
1500363840000,1500363899000,1.31013,1.31027,1.31002,1.31008,153970000,1
1500363900000,1500363959000,1.31007,1.31008,1.30989,1.30996,112170000,1
1500363960000,1500364019000,1.30994,1.31004,1.30992,1.31003,106890000,1
1500364020000,1500364079000,1.31003,1.31018,1.31001,1.31006,183010000,1
1500364080000,1500364139000,1.31005,1.31016,1.31002,1.31007,102620000,1
1500364140000,1500364199000,1.31007,1.31025,1.31,1.31014,124340000,1
1500364200000,1500364259000,1.31014,1.31027,1.3101,1.31026,114640000,1
1500364260000,1500364319000,1.31026,1.3104,1.31026,1.31032,54850000,1
1500364320000,1500364379000,1.3103,1.31042,1.3103,1.31031,59870000,1
1500364380000,1500364439000,1.31033,1.31075,1.31033,1.31074,130220000,1
1500364440000,1500364499000,1.31076,1.31091,1.31063,1.31091,133470000,1
1500364500000,1500364559000,1.31091,1.3119,1.31088,1.31167,312420000,1
1500364560000,1500364619000,1.31167,1.31253,1.31167,1.3122,242190000,1
1500364620000,1500364679000,1.31221,1.31224,1.31173,1.31194,176690000,1
1500364680000,1500364739000,1.31195,1.31198,1.31179,1.31187,140290000,1
1500364740000,1500364799000,1.31187,1.31188,1.31168,1.31181,174900000,1
1500364800000,1500364859000,1.31181,1.31181,1.3114,1.3114,190300000,1
1500364860000,1500364919000,1.3114,1.31148,1.31131,1.31143,229550000,1
1500364920000,1500364979000,1.31143,1.31143,1.31097,1.31111,135950000,1
1500364980000,1500365039000,1.31109,1.31109,1.31067,1.31088,210560000,1
1500365040000,1500365099000,1.3109,1.3109,1.31045,1.31067,186840000,1
1500365100000,1500365159000,1.31066,1.31084,1.31059,1.31079,125090000,1
1500365160000,1500365219000,1.31079,1.31092,1.31058,1.31081,210900000,1
1500365220000,1500365279000,1.3108,1.3109,1.31066,1.31081,162610000,1
1500365280000,1500365339000,1.31081,1.31082,1.31067,1.31071,176640000,1
1500365340000,1500365399000,1.31069,1.31077,1.31048,1.31049,171000000,1
1500365400000,1500365459000,1.31048,1.31048,1.31009,1.3102,256110000,1
1500365460000,1500365519000,1.31024,1.31028,1.31011,1.31019,162990000,1
1500365520000,1500365579000,1.31019,1.31024,1.3101,1.31019,115670000,1
1500365580000,1500365639000,1.31019,1.31029,1.31019,1.31021,131760000,1
1500365640000,1500365699000,1.3102,1.31027,1.30968,1.30968,249290000,1
1500365700000,1500365759000,1.30971,1.30993,1.30821,1.30824,327890000,1
1500365760000,1500365819000,1.30824,1.30849,1.3074,1.30829,437880000,1
1500365820000,1500365879000,1.30829,1.30829,1.30775,1.30818,263310000,1
1500365880000,1500365939000,1.30817,1.30841,1.30811,1.30821,274450000,1
1500365940000,1500365999000,1.30821,1.30834,1.30788,1.30797,230580000,1
1500366000000,1500366059000,1.30795,1.30808,1.30747,1.30808,259760000,1
1500366060000,1500366119000,1.30808,1.30842,1.308,1.30841,170260000,1
1500366120000,1500366179000,1.30841,1.30841,1.30791,1.30802,160930000,1
1500366180000,1500366239000,1.30802,1.3081,1.30778,1.30782,112520000,1
1500366240000,1500366299000,1.30798,1.30799,1.30726,1.30741,180060000,1
1500366300000,1500366359000,1.30739,1.30766,1.307,1.30738,214640000,1
1500366360000,1500366419000,1.30739,1.30765,1.30716,1.30762,168270000,1
1500366420000,1500366479000,1.30754,1.30784,1.30751,1.30782,118900000,1
1500366480000,1500366539000,1.30783,1.30802,1.30753,1.3076,121810000,1
1500366540000,1500366599000,1.30761,1.30785,1.3069,1.30697,204700000,1
1500366600000,1500366659000,1.30704,1.30704,1.30284,1.30306,638960000,1
1500366660000,1500366719000,1.30314,1.30351,1.30206,1.30348,471000000,1
1500366720000,1500366779000,1.30345,1.30372,1.30324,1.30324,315510000,1
1500366780000,1500366839000,1.3032,1.30333,1.30273,1.30327,400260000,1
1500366840000,1500366899000,1.30328,1.30352,1.30296,1.30352,271610000,1
1500366900000,1500366959000,1.3035,1.3035,1.30295,1.30305,301390000,1
1500366960000,1500367019000,1.30305,1.30307,1.30259,1.30293,196090000,1
1500367020000,1500367079000,1.30291,1.30309,1.3023,1.30234,236690000,1
1500367080000,1500367139000,1.30233,1.30264,1.30189,1.30262,374450000,1
1500367140000,1500367199000,1.30262,1.30322,1.30252,1.3031,365320000,1
1500367200000,1500367259000,1.30312,1.30333,1.30287,1.30288,273570000,1
1500367260000,1500367319000,1.30288,1.30297,1.30252,1.30278,243230000,1
1500367320000,1500367379000,1.30278,1.30324,1.30276,1.30296,218330000,1
1500367380000,1500367439000,1.30296,1.30316,1.30288,1.30303,215000000,1
1500367440000,1500367499000,1.30304,1.30337,1.30291,1.30291,215670000,1
1500367500000,1500367559000,1.3029,1.3029,1.3026,1.3028,207610000,1
1500367560000,1500367619000,1.30283,1.30301,1.30269,1.30278,132260000,1
1500367620000,1500367679000,1.30277,1.30316,1.30277,1.303,124670000,1
1500367680000,1500367739000,1.30299,1.30331,1.3029,1.30307,187560000,1
1500367740000,1500367799000,1.30303,1.30312,1.30206,1.3024,247470000,1
1500367800000,1500367859000,1.30239,1.30239,1.30183,1.30193,236410000,1
1500367860000,1500367919000,1.30196,1.3022,1.30181,1.30212,128670000,1
1500367920000,1500367979000,1.30212,1.30222,1.30181,1.30211,175320000,1
1500367980000,1500368039000,1.30203,1.30216,1.30156,1.30214,235950000,1
1500368040000,1500368099000,1.30214,1.30274,1.30202,1.30268,190930000,1
1500368100000,1500368159000,1.30269,1.30278,1.30259,1.30266,129290000,1
1500368160000,1500368219000,1.30266,1.30289,1.30266,1.30272,156370000,1
1500368220000,1500368279000,1.30272,1.30301,1.30272,1.30293,105110000,1
1500368280000,1500368339000,1.30292,1.30292,1.30243,1.30263,149780000,1
1500368340000,1500368399000,1.30265,1.30267,1.30235,1.30254,160730000,1
1500368400000,1500368459000,1.30253,1.30253,1.30191,1.30232,260850000,1
1500368460000,1500368519000,1.30229,1.30248,1.3022,1.30233,192590000,1
1500368520000,1500368579000,1.30233,1.30246,1.30223,1.30243,198060000,1
1500368580000,1500368639000,1.30244,1.30288,1.30244,1.30286,309210000,1
1500368640000,1500368699000,1.30286,1.30336,1.30286,1.30301,245560000,1
1500368700000,1500368759000,1.30302,1.30316,1.30297,1.30314,210890000,1
1500368760000,1500368819000,1.30314,1.30318,1.30312,1.30315,137860000,1
1500368820000,1500368879000,1.30315,1.30323,1.30282,1.30291,214600000,1
1500368880000,1500368939000,1.30294,1.30305,1.30292,1.30298,90240000,1
1500368940000,1500368999000,1.30298,1.30298,1.30248,1.30254,234460000,1
1500369000000,1500369059000,1.30255,1.30256,1.30233,1.30236,129620000,1
1500369060000,1500369119000,1.30233,1.30241,1.30231,1.30234,154580000,1
1500369120000,1500369179000,1.30234,1.30242,1.30197,1.30203,178600000,1
1500369180000,1500369239000,1.30205,1.30221,1.302,1.30221,66840000,1
1500369240000,1500369299000,1.30222,1.30225,1.30191,1.30211,116440000,1
1500369300000,1500369359000,1.30211,1.30261,1.30209,1.30254,167870000,1
1500369360000,1500369419000,1.30254,1.30258,1.30248,1.30251,105190000,1
1500369420000,1500369479000,1.30253,1.30272,1.30248,1.30261,165770000,1
1500369480000,1500369539000,1.30261,1.30315,1.30261,1.30312,156120000,1
1500369540000,1500369599000,1.30313,1.30344,1.30303,1.30337,326780000,1
1500369600000,1500369659000,1.30334,1.30334,1.30297,1.30307,247150000,1
1500369660000,1500369719000,1.30307,1.30309,1.3028,1.30285,209260000,1
1500369720000,1500369779000,1.30287,1.30295,1.30259,1.30282,171590000,1
1500369780000,1500369839000,1.30283,1.30284,1.30237,1.30248,163790000,1
1500369840000,1500369899000,1.30249,1.30272,1.30249,1.30261,224850000,1
1500369900000,1500369959000,1.30261,1.30272,1.3025,1.30262,200230000,1
1500369960000,1500370019000,1.30263,1.30265,1.30227,1.30231,231810000,1
1500370020000,1500370079000,1.3023,1.30258,1.30208,1.30254,260200000,1
1500370080000,1500370139000,1.30252,1.30255,1.30222,1.30233,194130000,1
1500370140000,1500370199000,1.30232,1.30284,1.30232,1.30284,407320000,1
1500370200000,1500370259000,1.30281,1.30307,1.3028,1.30302,400680000,1
1500370260000,1500370319000,1.30302,1.30304,1.3029,1.30302,142330000,1
1500370320000,1500370379000,1.30303,1.30312,1.30297,1.30297,90130000,1
1500370380000,1500370439000,1.30296,1.30309,1.30267,1.30308,216640000,1
1500370440000,1500370499000,1.30307,1.30345,1.30297,1.30342,193580000,1
1500370500000,1500370559000,1.30341,1.30358,1.3033,1.30349,180830000,1
1500370560000,1500370619000,1.30351,1.30382,1.30338,1.30381,317780000,1
1500370620000,1500370679000,1.30381,1.30396,1.30371,1.30394,169350000,1
1500370680000,1500370739000,1.30393,1.30436,1.30393,1.30421,218010000,1
1500370740000,1500370799000,1.30423,1.30423,1.30376,1.30388,228820000,1
1500370800000,1500370859000,1.30387,1.30395,1.30377,1.30381,162120000,1
1500370860000,1500370919000,1.30382,1.30384,1.30376,1.30382,91270000,1
1500370920000,1500370979000,1.30381,1.30383,1.30368,1.30378,155950000,1
1500370980000,1500371039000,1.30377,1.30399,1.30376,1.30392,135090000,1
1500371040000,1500371099000,1.30392,1.30393,1.30374,1.30378,136150000,1
1500371100000,1500371159000,1.30378,1.30382,1.30369,1.3037,110360000,1
1500371160000,1500371219000,1.30372,1.3038,1.30367,1.30368,99700000,1
1500371220000,1500371279000,1.30368,1.3037,1.30356,1.30358,111230000,1
1500371280000,1500371339000,1.3036,1.30366,1.3034,1.30345,172250000,1
1500371340000,1500371399000,1.30346,1.30365,1.30345,1.30365,88750000,1
1500371400000,1500371459000,1.30363,1.30384,1.30348,1.30383,124170000,1
1500371460000,1500371519000,1.30384,1.30412,1.30382,1.30409,148350000,1
1500371520000,1500371579000,1.30409,1.30417,1.3039,1.30411,87070000,1
1500371580000,1500371639000,1.30409,1.30419,1.30386,1.30415,200420000,1
1500371640000,1500371699000,1.30415,1.30422,1.30407,1.30418,172010000,1
1500371700000,1500371759000,1.30416,1.30428,1.30403,1.30412,149750000,1
1500371760000,1500371819000,1.3041,1.30411,1.30386,1.3039,113390000,1
1500371820000,1500371879000,1.3039,1.30394,1.30383,1.30394,98680000,1
1500371880000,1500371939000,1.30395,1.30437,1.30395,1.30434,110350000,1
1500371940000,1500371999000,1.30434,1.30476,1.30434,1.30452,179290000,1
1500372000000,1500372059000,1.3045,1.30487,1.30444,1.30482,145830000,1
1500372060000,1500372119000,1.30481,1.30481,1.30435,1.30445,216810000,1
1500372120000,1500372179000,1.30444,1.30446,1.30407,1.30417,135050000,1
1500372180000,1500372239000,1.30415,1.30451,1.30398,1.30435,134260000,1
1500372240000,1500372299000,1.30435,1.30485,1.30428,1.3046,132980000,1
1500372300000,1500372359000,1.30459,1.30459,1.30411,1.30411,106240000,1
1500372360000,1500372419000,1.30411,1.30433,1.30411,1.30418,72820000,1
1500372420000,1500372479000,1.30417,1.30426,1.30399,1.304,111420000,1
1500372480000,1500372539000,1.30401,1.30407,1.30386,1.30386,76050000,1
1500372540000,1500372599000,1.30386,1.30388,1.30369,1.30379,131280000,1
1500372600000,1500372659000,1.30378,1.30386,1.30375,1.30376,57580000,1
1500372660000,1500372719000,1.30375,1.30381,1.30371,1.30374,120280000,1
1500372720000,1500372779000,1.30375,1.30394,1.30374,1.30391,118660000,1
1500372780000,1500372839000,1.3039,1.30391,1.3034,1.30342,196320000,1
1500372840000,1500372899000,1.30342,1.30343,1.30319,1.30326,111840000,1
1500372900000,1500372959000,1.30326,1.30358,1.30319,1.30319,181210000,1
1500372960000,1500373019000,1.30317,1.3033,1.30305,1.30308,151630000,1
1500373020000,1500373079000,1.30304,1.30338,1.30299,1.30304,230450000,1
1500373080000,1500373139000,1.30305,1.30311,1.30233,1.30238,211350000,1
1500373140000,1500373199000,1.3024,1.30267,1.30193,1.30265,222290000,1
1500373200000,1500373259000,1.30268,1.30291,1.30234,1.3025,158060000,1
1500373260000,1500373319000,1.30251,1.30251,1.30217,1.30228,194240000,1
1500373320000,1500373379000,1.30222,1.30255,1.30196,1.30248,255740000,1
1500373380000,1500373439000,1.30246,1.30267,1.3024,1.30248,143940000,1
1500373440000,1500373499000,1.30246,1.30279,1.30246,1.30267,139010000,1
1500373500000,1500373559000,1.30267,1.30267,1.30212,1.30227,227310000,1
1500373560000,1500373619000,1.30227,1.30227,1.3019,1.30216,264880000,1
1500373620000,1500373679000,1.30215,1.30269,1.30208,1.30265,156840000,1
1500373680000,1500373739000,1.30262,1.30262,1.30229,1.30233,128310000,1
1500373740000,1500373799000,1.30233,1.30261,1.30231,1.30259,249690000,1
1500373800000,1500373859000,1.30258,1.3026,1.3024,1.30258,246440000,1
1500373860000,1500373919000,1.30257,1.30281,1.30257,1.3026,175680000,1
1500373920000,1500373979000,1.30259,1.30283,1.30243,1.30257,124830000,1
1500373980000,1500374039000,1.30258,1.3026,1.30233,1.30233,166740000,1
1500374040000,1500374099000,1.30233,1.30241,1.30233,1.30238,155520000,1
1500374100000,1500374159000,1.30237,1.30249,1.30237,1.30248,136060000,1
1500374160000,1500374219000,1.30246,1.30247,1.30239,1.30241,108920000,1
1500374220000,1500374279000,1.3024,1.30248,1.30238,1.30243,205150000,1
1500374280000,1500374339000,1.30242,1.30275,1.30239,1.30257,172220000,1
1500374340000,1500374399000,1.30259,1.30264,1.30257,1.30261,124410000,1
1500374400000,1500374459000,1.30261,1.30266,1.30257,1.30257,145620000,1
1500374460000,1500374519000,1.30257,1.30285,1.30249,1.30275,176970000,1
1500374520000,1500374579000,1.30276,1.3028,1.30257,1.30258,162810000,1
1500374580000,1500374639000,1.30258,1.3026,1.30249,1.30254,173690000,1
1500374640000,1500374699000,1.30254,1.30289,1.30254,1.30283,358830000,1
1500374700000,1500374759000,1.3028,1.3028,1.30249,1.30253,116680000,1
1500374760000,1500374819000,1.30253,1.30253,1.30237,1.30242,107270000,1
1500374820000,1500374879000,1.3024,1.3027,1.3024,1.30267,87680000,1
1500374880000,1500374939000,1.30269,1.30284,1.30257,1.30279,78960000,1
1500374940000,1500374999000,1.30278,1.30285,1.30238,1.30248,176100000,1
1500375000000,1500375059000,1.30248,1.30284,1.30243,1.30283,120770000,1
1500375060000,1500375119000,1.30284,1.30305,1.30284,1.3029,148940000,1
1500375120000,1500375179000,1.30289,1.30311,1.30282,1.30292,177130000,1
1500375180000,1500375239000,1.30292,1.30306,1.30279,1.30284,219810000,1
1500375240000,1500375299000,1.30284,1.30311,1.30269,1.30293,139530000,1
1500375300000,1500375359000,1.30294,1.30298,1.30266,1.30271,124210000,1
1500375360000,1500375419000,1.30268,1.30277,1.30251,1.30277,135560000,1
1500375420000,1500375479000,1.30279,1.30281,1.30267,1.30277,84980000,1
1500375480000,1500375539000,1.30277,1.30279,1.30256,1.30268,198830000,1
1500375540000,1500375599000,1.30268,1.30269,1.30239,1.30246,130770000,1
1500375600000,1500375659000,1.30246,1.3025,1.30235,1.30245,154110000,1
1500375660000,1500375719000,1.30245,1.30247,1.30237,1.3024,202450000,1
1500375720000,1500375779000,1.30239,1.30274,1.30239,1.30246,101020000,1
1500375780000,1500375839000,1.30245,1.30257,1.30239,1.30257,185460000,1
1500375840000,1500375899000,1.30257,1.30262,1.3023,1.30241,209680000,1
1500375900000,1500375959000,1.30241,1.30258,1.30238,1.30253,268340000,1
1500375960000,1500376019000,1.30251,1.30257,1.30224,1.30225,137310000,1
1500376020000,1500376079000,1.30222,1.30227,1.30178,1.30178,244160000,1
1500376080000,1500376139000,1.3018,1.30195,1.3017,1.30176,224240000,1
1500376140000,1500376199000,1.30176,1.30176,1.30127,1.30127,206770000,1
1500376200000,1500376259000,1.30127,1.30166,1.30114,1.30133,244760000,1
1500376260000,1500376319000,1.30133,1.30134,1.30059,1.30059,193150000,1
1500376320000,1500376379000,1.30059,1.30095,1.30057,1.30079,129740000,1
1500376380000,1500376439000,1.30075,1.30082,1.30068,1.3008,166550000,1
1500376440000,1500376499000,1.30078,1.301,1.30073,1.30092,173180000,1
1500376500000,1500376559000,1.30092,1.30148,1.30091,1.30139,173970000,1
1500376560000,1500376619000,1.3014,1.3014,1.3011,1.30113,213640000,1
1500376620000,1500376679000,1.30104,1.30123,1.30095,1.30118,148990000,1
1500376680000,1500376739000,1.30116,1.30119,1.3009,1.30105,124540000,1
1500376740000,1500376799000,1.30104,1.30124,1.30098,1.30109,309820000,1
1500376800000,1500376859000,1.30112,1.3012,1.301,1.30102,349870000,1
1500376860000,1500376919000,1.30102,1.30118,1.30097,1.30098,155880000,1
1500376920000,1500376979000,1.30097,1.30101,1.30086,1.30087,134640000,1
1500376980000,1500377039000,1.30087,1.30095,1.30073,1.30094,273030000,1
1500377040000,1500377099000,1.30094,1.30111,1.30086,1.30097,181040000,1
1500377100000,1500377159000,1.30098,1.30143,1.30095,1.30113,300020000,1
1500377160000,1500377219000,1.3011,1.30131,1.3011,1.3012,175880000,1
1500377220000,1500377279000,1.30122,1.30142,1.30109,1.3011,162990000,1
1500377280000,1500377339000,1.3011,1.30134,1.30107,1.30133,147770000,1
1500377340000,1500377399000,1.30133,1.30133,1.30116,1.30119,164340000,1
1500377400000,1500377459000,1.30117,1.30139,1.30115,1.30135,222540000,1
1500377460000,1500377519000,1.30134,1.30161,1.30134,1.30151,476790000,1
1500377520000,1500377579000,1.30151,1.3017,1.30141,1.30141,403770000,1
1500377580000,1500377639000,1.30141,1.30172,1.30141,1.30159,172580000,1
1500377640000,1500377699000,1.3016,1.30189,1.30159,1.30182,210690000,1
1500377700000,1500377759000,1.30183,1.30219,1.30181,1.30186,180640000,1
1500377760000,1500377819000,1.30186,1.30198,1.30182,1.30192,132800000,1
1500377820000,1500377879000,1.30192,1.30192,1.3016,1.30161,151610000,1
1500377880000,1500377939000,1.30161,1.3018,1.30136,1.30161,230260000,1
1500377940000,1500377999000,1.30164,1.30165,1.30146,1.30151,142130000,1
1500378000000,1500378059000,1.3015,1.30168,1.3015,1.30158,76530000,1
1500378060000,1500378119000,1.3016,1.3017,1.30148,1.30168,163970000,1
1500378120000,1500378179000,1.30168,1.30174,1.30155,1.30167,141290000,1
1500378180000,1500378239000,1.30167,1.30169,1.30157,1.30157,112450000,1
1500378240000,1500378299000,1.30158,1.30158,1.30138,1.30145,142050000,1
1500378300000,1500378359000,1.30146,1.30158,1.30145,1.30148,111190000,1
1500378360000,1500378419000,1.30148,1.30191,1.30148,1.30191,197330000,1
1500378420000,1500378479000,1.3019,1.30203,1.30189,1.3019,178250000,1
1500378480000,1500378539000,1.3019,1.30203,1.30189,1.302,92900000,1
1500378540000,1500378599000,1.302,1.30207,1.30187,1.30197,186110000,1
1500378600000,1500378659000,1.30196,1.30198,1.30187,1.30188,89400000,1
1500378660000,1500378719000,1.30189,1.30204,1.30189,1.30199,103150000,1
1500378720000,1500378779000,1.30198,1.30199,1.30187,1.30193,140990000,1
1500378780000,1500378839000,1.30193,1.30201,1.30188,1.30188,147230000,1
1500378840000,1500378899000,1.30187,1.30189,1.30185,1.30189,129170000,1
1500378900000,1500378959000,1.30189,1.30189,1.30146,1.30146,137560000,1
1500378960000,1500379019000,1.30146,1.30146,1.30125,1.30126,105920000,1
1500379020000,1500379079000,1.30126,1.30132,1.30086,1.30086,201400000,1
1500379080000,1500379139000,1.30086,1.30102,1.30068,1.30075,318360000,1
1500379140000,1500379199000,1.30074,1.30083,1.3006,1.30074,229090000,1
1500379200000,1500379259000,1.30074,1.30097,1.30049,1.3009,215400000,1
1500379260000,1500379319000,1.30096,1.30117,1.30095,1.30104,196480000,1
1500379320000,1500379379000,1.30102,1.30102,1.30087,1.30088,147930000,1
1500379380000,1500379439000,1.30089,1.30099,1.30077,1.30098,89410000,1
1500379440000,1500379499000,1.301,1.30108,1.30095,1.30105,94200000,1
1500379500000,1500379559000,1.30105,1.30161,1.30084,1.30139,236960000,1
1500379560000,1500379619000,1.30141,1.30171,1.30133,1.30133,262090000,1
1500379620000,1500379679000,1.30134,1.30144,1.30113,1.30127,204470000,1
1500379680000,1500379739000,1.30127,1.30158,1.30127,1.30151,151840000,1
1500379740000,1500379799000,1.3015,1.30154,1.30139,1.30142,141090000,1
1500379800000,1500379859000,1.30142,1.30148,1.30123,1.30139,192380000,1
1500379860000,1500379919000,1.3014,1.30188,1.30139,1.30173,320570000,1
1500379920000,1500379979000,1.30172,1.30202,1.30172,1.302,217830000,1
1500379980000,1500380039000,1.302,1.30201,1.30167,1.30167,134870000,1
1500380040000,1500380099000,1.30167,1.3017,1.30157,1.30163,190230000,1
1500380100000,1500380159000,1.30165,1.30165,1.30138,1.30139,166770000,1
1500380160000,1500380219000,1.30139,1.30139,1.30107,1.30129,112370000,1
1500380220000,1500380279000,1.30128,1.30129,1.30121,1.30127,15350000,1
1500380280000,1500380339000,1.30129,1.30141,1.30126,1.30141,47970000,1
1500380340000,1500380399000,1.30141,1.3016,1.3014,1.30142,161800000,1
1500380400000,1500380459000,1.30141,1.30183,1.30141,1.30183,115460000,1
1500380460000,1500380519000,1.30183,1.30189,1.30162,1.30185,158020000,1
1500380520000,1500380579000,1.30186,1.30192,1.30172,1.3018,166140000,1
1500380580000,1500380639000,1.3018,1.3018,1.30126,1.30135,224180000,1
1500380640000,1500380699000,1.30136,1.30137,1.30087,1.30099,184430000,1
1500380700000,1500380759000,1.30097,1.30119,1.30097,1.30117,238750000,1
1500380760000,1500380819000,1.30117,1.30119,1.30104,1.30104,94590000,1
1500380820000,1500380879000,1.30106,1.30108,1.30104,1.30106,54610000,1
1500380880000,1500380939000,1.30105,1.30138,1.30105,1.30138,136660000,1
1500380940000,1500380999000,1.30138,1.30151,1.301,1.30104,149530000,1
1500381000000,1500381059000,1.30106,1.30118,1.30082,1.30097,175610000,1
1500381060000,1500381119000,1.30097,1.301,1.30063,1.30063,173640000,1
1500381120000,1500381179000,1.30063,1.30071,1.30054,1.30061,207160000,1
1500381180000,1500381239000,1.30061,1.30102,1.30061,1.30101,237850000,1
1500381240000,1500381299000,1.30101,1.30115,1.30098,1.30099,149890000,1
1500381300000,1500381359000,1.30098,1.30108,1.30094,1.30107,89640000,1
1500381360000,1500381419000,1.30108,1.30109,1.30086,1.30087,100320000,1
1500381420000,1500381479000,1.30086,1.30129,1.30086,1.3012,122060000,1
1500381480000,1500381539000,1.3012,1.30202,1.30119,1.30202,130310000,1
1500381540000,1500381599000,1.302,1.30212,1.30182,1.30185,227580000,1
1500381600000,1500381659000,1.30184,1.30222,1.30156,1.3016,243320000,1
1500381660000,1500381719000,1.30164,1.30209,1.30161,1.30209,268490000,1
1500381720000,1500381779000,1.30209,1.30214,1.30197,1.30201,255470000,1
1500381780000,1500381839000,1.30198,1.30231,1.30198,1.30231,218110000,1
1500381840000,1500381899000,1.30229,1.30229,1.30209,1.3022,146680000,1
1500381900000,1500381959000,1.30219,1.30242,1.30189,1.30195,177450000,1
1500381960000,1500382019000,1.30197,1.30215,1.30185,1.30215,205090000,1
1500382020000,1500382079000,1.30217,1.3022,1.30203,1.30207,138880000,1
1500382080000,1500382139000,1.30207,1.30217,1.30184,1.30217,242970000,1
1500382140000,1500382199000,1.3022,1.30242,1.30214,1.30242,187180000,1
1500382200000,1500382259000,1.30241,1.30263,1.30236,1.30257,136150000,1
1500382260000,1500382319000,1.30251,1.30251,1.30223,1.30228,153660000,1
1500382320000,1500382379000,1.30227,1.30227,1.30198,1.30199,220170000,1
1500382380000,1500382439000,1.30205,1.3021,1.30158,1.30167,252470000,1
1500382440000,1500382499000,1.30166,1.30168,1.30145,1.30157,231100000,1
1500382500000,1500382559000,1.30155,1.30218,1.30148,1.30207,170920000,1
1500382560000,1500382619000,1.30206,1.30217,1.30172,1.30191,230680000,1
1500382620000,1500382679000,1.30191,1.30197,1.30139,1.30153,248200000,1
1500382680000,1500382739000,1.30151,1.3017,1.30137,1.30139,153460000,1
1500382740000,1500382799000,1.30141,1.30145,1.30109,1.30141,240610000,1
1500382800000,1500382859000,1.30141,1.30159,1.30104,1.30114,280050000,1
1500382860000,1500382919000,1.30117,1.30134,1.30112,1.30129,223880000,1
1500382920000,1500382979000,1.30129,1.30141,1.30121,1.30132,128400000,1
1500382980000,1500383039000,1.30132,1.30175,1.30132,1.30165,239680000,1
1500383040000,1500383099000,1.30164,1.30194,1.30159,1.30192,154780000,1
1500383100000,1500383159000,1.30192,1.30232,1.3019,1.30232,174640000,1
1500383160000,1500383219000,1.30231,1.30254,1.30228,1.30237,202590000,1
1500383220000,1500383279000,1.30237,1.30258,1.30232,1.3024,271550000,1
1500383280000,1500383339000,1.30243,1.30249,1.30216,1.30221,170350000,1
1500383340000,1500383399000,1.3022,1.30238,1.30208,1.30236,159490000,1
1500383400000,1500383459000,1.30238,1.30251,1.30215,1.30222,91150000,1
1500383460000,1500383519000,1.30222,1.30237,1.30211,1.30236,125190000,1
1500383520000,1500383579000,1.30236,1.30246,1.30228,1.30241,83190000,1
1500383580000,1500383639000,1.3024,1.30263,1.30233,1.30263,130630000,1
1500383640000,1500383699000,1.30262,1.30262,1.30232,1.30251,145100000,1
1500383700000,1500383759000,1.30251,1.30251,1.3022,1.30228,85350000,1
1500383760000,1500383819000,1.30234,1.30248,1.30234,1.30242,106100000,1
1500383820000,1500383879000,1.30242,1.30247,1.30234,1.30234,94410000,1
1500383880000,1500383939000,1.30236,1.30258,1.30236,1.30241,70860000,1
1500383940000,1500383999000,1.30247,1.3025,1.30229,1.3023,117040000,1
1500384000000,1500384059000,1.30229,1.3025,1.30229,1.30248,124180000,1
1500384060000,1500384119000,1.30248,1.3027,1.30247,1.30267,116600000,1
1500384120000,1500384179000,1.30268,1.30272,1.30236,1.30237,152060000,1
1500384180000,1500384239000,1.30238,1.30278,1.3023,1.30268,130600000,1
1500384240000,1500384299000,1.30263,1.30267,1.3024,1.30242,132680000,1
1500384300000,1500384359000,1.30242,1.30242,1.30208,1.30228,150140000,1
1500384360000,1500384419000,1.30228,1.30276,1.30223,1.30274,132040000,1
1500384420000,1500384479000,1.30276,1.30276,1.30259,1.30269,142730000,1
1500384480000,1500384539000,1.30269,1.30274,1.30247,1.30251,214580000,1
1500384540000,1500384599000,1.30251,1.30258,1.3024,1.30247,116810000,1
1500384600000,1500384659000,1.30248,1.30253,1.30239,1.30252,230280000,1
1500384660000,1500384719000,1.30252,1.30261,1.30229,1.30247,210670000,1
1500384720000,1500384779000,1.30245,1.30279,1.30241,1.30258,209450000,1
1500384780000,1500384839000,1.30258,1.30275,1.30227,1.30239,222750000,1
1500384840000,1500384899000,1.30239,1.30244,1.30217,1.30229,150250000,1
1500384900000,1500384959000,1.30229,1.30258,1.30225,1.30238,158780000,1
1500384960000,1500385019000,1.30241,1.30243,1.30207,1.30213,159940000,1
1500385020000,1500385079000,1.30211,1.30232,1.30211,1.3022,162100000,1
1500385080000,1500385139000,1.3022,1.30248,1.3022,1.30232,136860000,1
1500385140000,1500385199000,1.30232,1.30233,1.30222,1.30222,84420000,1
1500385200000,1500385259000,1.30223,1.30243,1.30222,1.30243,123560000,1
1500385260000,1500385319000,1.30245,1.3026,1.30222,1.30243,160690000,1
1500385320000,1500385379000,1.30244,1.30262,1.30237,1.30248,80870000,1
1500385380000,1500385439000,1.30249,1.30253,1.3022,1.3022,112710000,1
1500385440000,1500385499000,1.30222,1.30237,1.30212,1.30228,107290000,1
1500385500000,1500385559000,1.30226,1.3023,1.30212,1.30221,70760000,1
1500385560000,1500385619000,1.30221,1.30233,1.30218,1.30233,62840000,1
1500385620000,1500385679000,1.30232,1.30238,1.30222,1.30237,158740000,1
1500385680000,1500385739000,1.30238,1.30268,1.30235,1.30252,218670000,1
1500385740000,1500385799000,1.30251,1.30273,1.30248,1.30263,95090000,1
1500385800000,1500385859000,1.30264,1.30264,1.30259,1.30261,57610000,1
1500385860000,1500385919000,1.30262,1.30279,1.3026,1.30264,102500000,1
1500385920000,1500385979000,1.30263,1.30269,1.30261,1.30261,87920000,1
1500385980000,1500386039000,1.30262,1.30282,1.30261,1.30271,111940000,1
1500386040000,1500386099000,1.30272,1.30284,1.3027,1.30279,68950000,1
1500386100000,1500386159000,1.30279,1.30299,1.30277,1.30298,85490000,1
1500386160000,1500386219000,1.30298,1.30308,1.3027,1.30273,190290000,1
1500386220000,1500386279000,1.30275,1.30302,1.30273,1.30302,66360000,1
1500386280000,1500386339000,1.30302,1.30314,1.30302,1.30313,133040000,1
1500386340000,1500386399000,1.30314,1.30339,1.30309,1.30312,151530000,1
1500386400000,1500386459000,1.30313,1.30338,1.30301,1.30338,177780000,1
1500386460000,1500386519000,1.30335,1.30335,1.30301,1.30302,143530000,1
1500386520000,1500386579000,1.30302,1.30307,1.30291,1.303,176190000,1
1500386580000,1500386639000,1.303,1.30356,1.30298,1.30353,180190000,1
1500386640000,1500386699000,1.30352,1.30361,1.30331,1.30339,139070000,1
1500386700000,1500386759000,1.30339,1.30339,1.30297,1.30299,215930000,1
1500386760000,1500386819000,1.30298,1.30301,1.30288,1.30289,169760000,1
1500386820000,1500386879000,1.3029,1.30304,1.3029,1.30291,47640000,1
1500386880000,1500386939000,1.30292,1.30331,1.30292,1.30311,113560000,1
1500386940000,1500386999000,1.30311,1.30313,1.30301,1.30303,161920000,1
1500387000000,1500387059000,1.30301,1.30312,1.303,1.30301,164860000,1
1500387060000,1500387119000,1.30304,1.30332,1.30304,1.30313,148660000,1
1500387120000,1500387179000,1.30313,1.30324,1.3031,1.30323,112620000,1
1500387180000,1500387239000,1.30324,1.30333,1.30293,1.30311,117540000,1
1500387240000,1500387299000,1.30311,1.30315,1.30292,1.30296,166970000,1
1500387300000,1500387359000,1.30298,1.30319,1.30296,1.303,151140000,1
1500387360000,1500387419000,1.30298,1.30307,1.30291,1.30292,170620000,1
1500387420000,1500387479000,1.30292,1.30302,1.30284,1.30288,67850000,1
1500387480000,1500387539000,1.30287,1.3029,1.30287,1.3029,34730000,1
1500387540000,1500387599000,1.30289,1.30291,1.3028,1.3028,56860000,1
1500387600000,1500387659000,1.30284,1.30297,1.30278,1.3028,121950000,1
1500387660000,1500387719000,1.30281,1.30282,1.30234,1.30252,131410000,1
1500387720000,1500387779000,1.30254,1.30272,1.30238,1.30238,124880000,1
1500387780000,1500387839000,1.30237,1.30242,1.30207,1.30228,142000000,1
1500387840000,1500387899000,1.30227,1.30227,1.30167,1.30168,151490000,1
1500387900000,1500387959000,1.30167,1.30179,1.30156,1.3017,129870000,1
1500387960000,1500388019000,1.3017,1.30184,1.30162,1.30178,136060000,1
1500388020000,1500388079000,1.30181,1.30193,1.30178,1.30179,95650000,1
1500388080000,1500388139000,1.30178,1.3019,1.30171,1.30181,123700000,1
1500388140000,1500388199000,1.30179,1.3018,1.3014,1.30145,139420000,1
1500388200000,1500388259000,1.30144,1.30164,1.30137,1.30137,225020000,1
1500388260000,1500388319000,1.30137,1.3015,1.30136,1.30146,129630000,1
1500388320000,1500388379000,1.30145,1.30163,1.3014,1.30142,110350000,1
1500388380000,1500388439000,1.30143,1.30148,1.30135,1.30136,114410000,1
1500388440000,1500388499000,1.30135,1.30149,1.30135,1.30146,72040000,1
1500388500000,1500388559000,1.30147,1.3016,1.30147,1.30158,64820000,1
1500388560000,1500388619000,1.30158,1.30183,1.30151,1.30181,131550000,1
1500388620000,1500388679000,1.3018,1.30192,1.30166,1.30178,166340000,1
1500388680000,1500388739000,1.30178,1.30211,1.30177,1.30189,174150000,1
1500388740000,1500388799000,1.3019,1.30221,1.30188,1.30201,280050000,1
1500388800000,1500388859000,1.30202,1.30206,1.30186,1.30186,204540000,1
1500388860000,1500388919000,1.30186,1.30189,1.3018,1.30187,104520000,1
1500388920000,1500388979000,1.30187,1.30209,1.30187,1.30203,139870000,1
1500388980000,1500389039000,1.30202,1.30207,1.30201,1.30201,97980000,1
1500389040000,1500389099000,1.30201,1.30207,1.30189,1.3019,135250000,1
1500389100000,1500389159000,1.3019,1.302,1.30137,1.30147,157780000,1
1500389160000,1500389219000,1.30146,1.30163,1.30132,1.30136,170110000,1
1500389220000,1500389279000,1.30135,1.30146,1.30127,1.30127,101070000,1
1500389280000,1500389339000,1.30127,1.30129,1.30108,1.30126,173520000,1
1500389340000,1500389399000,1.30127,1.30142,1.30119,1.30142,90020000,1
1500389400000,1500389459000,1.30143,1.30148,1.30127,1.30128,79200000,1
1500389460000,1500389519000,1.30129,1.30129,1.30105,1.30105,109290000,1
1500389520000,1500389579000,1.30104,1.3012,1.30104,1.30118,99910000,1
1500389580000,1500389639000,1.30119,1.30126,1.30108,1.30126,130190000,1
1500389640000,1500389699000,1.30127,1.30142,1.30127,1.3014,76460000,1
1500389700000,1500389759000,1.30141,1.30178,1.30141,1.30155,145770000,1
1500389760000,1500389819000,1.30156,1.30168,1.30153,1.30168,83710000,1
1500389820000,1500389879000,1.30169,1.30169,1.30134,1.3015,148670000,1
1500389880000,1500389939000,1.3015,1.3019,1.3015,1.30183,210670000,1
1500389940000,1500389999000,1.30182,1.30203,1.30179,1.3018,223830000,1
1500390000000,1500390059000,1.3018,1.30216,1.3018,1.30189,270580000,1
1500390060000,1500390119000,1.30189,1.30196,1.30174,1.30192,186580000,1
1500390120000,1500390179000,1.30194,1.30258,1.30192,1.30249,255690000,1
1500390180000,1500390239000,1.30248,1.30259,1.30237,1.30253,110480000,1
1500390240000,1500390299000,1.30256,1.30293,1.30252,1.30271,167370000,1
1500390300000,1500390359000,1.30271,1.30289,1.30261,1.30287,132370000,1
1500390360000,1500390419000,1.30287,1.30288,1.3027,1.30277,133020000,1
1500390420000,1500390479000,1.30275,1.30282,1.30259,1.30261,203820000,1
1500390480000,1500390539000,1.30261,1.30261,1.3024,1.30245,250300000,1
1500390540000,1500390599000,1.30245,1.30258,1.30245,1.30252,83690000,1
1500390600000,1500390659000,1.30255,1.30271,1.30255,1.3027,82470000,1
1500390660000,1500390719000,1.30276,1.30281,1.30256,1.30266,115460000,1
1500390720000,1500390779000,1.30266,1.30268,1.30258,1.30262,178070000,1
1500390780000,1500390839000,1.30259,1.30283,1.30259,1.30278,105550000,1
1500390840000,1500390899000,1.30277,1.30321,1.30277,1.30319,171430000,1
1500390900000,1500390959000,1.30319,1.30326,1.30299,1.30301,180370000,1
1500390960000,1500391019000,1.30302,1.30318,1.30299,1.30311,140850000,1
1500391020000,1500391079000,1.3031,1.30328,1.303,1.30312,108430000,1
1500391080000,1500391139000,1.30312,1.30312,1.3029,1.30298,155020000,1
1500391140000,1500391199000,1.30297,1.30298,1.30268,1.30268,113990000,1
1500391200000,1500391259000,1.30268,1.30282,1.30268,1.30282,32910000,1
1500391260000,1500391319000,1.30284,1.30297,1.30265,1.30265,111490000,1
1500391320000,1500391379000,1.30266,1.30276,1.30257,1.30276,194040000,1
1500391380000,1500391439000,1.30275,1.30296,1.30275,1.30294,108020000,1
1500391440000,1500391499000,1.30294,1.30295,1.30265,1.30275,93190000,1
1500391500000,1500391559000,1.30275,1.30276,1.30254,1.30257,156080000,1
1500391560000,1500391619000,1.30257,1.30306,1.30252,1.30254,180160000,1
1500391620000,1500391679000,1.30254,1.30271,1.30253,1.30268,137710000,1
1500391680000,1500391739000,1.30274,1.30286,1.30253,1.30283,182920000,1
1500391740000,1500391799000,1.30282,1.3029,1.30279,1.3029,128900000,1
1500391800000,1500391859000,1.3029,1.3029,1.30275,1.30275,103230000,1
1500391860000,1500391919000,1.30273,1.30284,1.30269,1.30281,92980000,1
1500391920000,1500391979000,1.30281,1.30306,1.30281,1.30285,66370000,1
1500391980000,1500392039000,1.30285,1.30288,1.30276,1.30287,184370000,1
1500392040000,1500392099000,1.30287,1.30308,1.30287,1.30296,121360000,1
1500392100000,1500392159000,1.30295,1.30304,1.30277,1.30298,131500000,1
1500392160000,1500392219000,1.30298,1.30298,1.30289,1.30295,115940000,1
1500392220000,1500392279000,1.30293,1.30299,1.30285,1.30298,73370000,1
1500392280000,1500392339000,1.30298,1.30335,1.30297,1.3032,274000000,1
1500392340000,1500392399000,1.30321,1.30331,1.30319,1.30328,268940000,1
1500392400000,1500392459000,1.3033,1.3033,1.30305,1.30312,87330000,1
1500392460000,1500392519000,1.30311,1.30326,1.30309,1.30309,93140000,1
1500392520000,1500392579000,1.30309,1.30316,1.30287,1.30295,96300000,1
1500392580000,1500392639000,1.30298,1.30308,1.30295,1.30306,49590000,1
1500392640000,1500392699000,1.30303,1.30303,1.30288,1.30294,136080000,1
1500392700000,1500392759000,1.30293,1.30294,1.30285,1.30288,71090000,1
1500392760000,1500392819000,1.30288,1.30289,1.30277,1.30289,44710000,1
1500392820000,1500392879000,1.30292,1.30297,1.30267,1.30268,148460000,1
1500392880000,1500392939000,1.30268,1.30268,1.30254,1.30257,92200000,1
1500392940000,1500392999000,1.30257,1.30264,1.30251,1.30261,70120000,1
1500393000000,1500393059000,1.30261,1.30265,1.30259,1.30259,84490000,1
1500393060000,1500393119000,1.30259,1.30276,1.30258,1.30276,95530000,1
1500393120000,1500393179000,1.30272,1.30278,1.30268,1.30277,99160000,1
1500393180000,1500393239000,1.30278,1.30279,1.30277,1.30278,59320000,1
1500393240000,1500393299000,1.30277,1.30278,1.30275,1.30276,36230000,1
1500393300000,1500393359000,1.30283,1.30284,1.30271,1.30277,125820000,1
1500393360000,1500393419000,1.30278,1.30278,1.30261,1.30266,103490000,1
1500393420000,1500393479000,1.30265,1.3028,1.30265,1.30275,144900000,1
1500393480000,1500393539000,1.30277,1.30277,1.30249,1.30255,207210000,1
1500393540000,1500393599000,1.30259,1.30267,1.30239,1.30253,196890000,1
1500393600000,1500393659000,1.30251,1.30263,1.30247,1.30262,112860000,1
1500393660000,1500393719000,1.30264,1.3027,1.30259,1.30264,146540000,1
1500393720000,1500393779000,1.30265,1.30268,1.3026,1.30267,126130000,1
1500393780000,1500393839000,1.30266,1.30279,1.30264,1.30277,91160000,1
1500393840000,1500393899000,1.30275,1.30297,1.30269,1.3028,145610000,1
1500393900000,1500393959000,1.3028,1.30313,1.3028,1.30306,103010000,1
1500393960000,1500394019000,1.30308,1.30323,1.30298,1.30316,190450000,1
1500394020000,1500394079000,1.30316,1.30358,1.30311,1.30354,139310000,1
1500394080000,1500394139000,1.30355,1.30356,1.30331,1.30351,133400000,1
1500394140000,1500394199000,1.30353,1.30373,1.30353,1.30372,70060000,1
1500394200000,1500394259000,1.30373,1.30373,1.3035,1.3035,99600000,1
1500394260000,1500394319000,1.30348,1.30348,1.30336,1.30337,98400000,1
1500394320000,1500394379000,1.30338,1.30348,1.30337,1.30348,145130000,1
1500394380000,1500394439000,1.30347,1.30481,1.30343,1.30456,410560000,1
1500394440000,1500394499000,1.30453,1.30526,1.30423,1.30511,450660000,1
1500394500000,1500394559000,1.30511,1.30579,1.30479,1.30538,325030000,1
1500394560000,1500394619000,1.30538,1.30619,1.30521,1.30569,335740000,1
1500394620000,1500394679000,1.30568,1.30583,1.30513,1.30525,270990000,1
1500394680000,1500394739000,1.30526,1.30558,1.3051,1.30554,174290000,1
1500394740000,1500394799000,1.30553,1.30599,1.30542,1.30548,248030000,1
1500394800000,1500394859000,1.30546,1.30558,1.30527,1.30553,193710000,1
1500394860000,1500394919000,1.30553,1.30569,1.30534,1.30566,130270000,1
1500394920000,1500394979000,1.30566,1.30567,1.30552,1.30554,60100000,1
1500394980000,1500395039000,1.30554,1.30566,1.3055,1.30558,139100000,1
1500395040000,1500395099000,1.30559,1.30559,1.30542,1.3055,147760000,1
1500395100000,1500395159000,1.30552,1.30552,1.30542,1.30542,58850000,1
1500395160000,1500395219000,1.30542,1.30545,1.30502,1.30506,176490000,1
1500395220000,1500395279000,1.30506,1.30515,1.30487,1.30499,168190000,1
1500395280000,1500395339000,1.30499,1.30509,1.30494,1.30506,73900000,1
1500395340000,1500395399000,1.30506,1.30506,1.30487,1.30487,67260000,1
1500395400000,1500395459000,1.30487,1.30488,1.30478,1.30487,82980000,1
1500395460000,1500395519000,1.30485,1.30485,1.30473,1.30476,100610000,1
1500395520000,1500395579000,1.30476,1.30476,1.30456,1.30456,164820000,1
1500395580000,1500395639000,1.30456,1.30464,1.30443,1.30444,146750000,1
1500395640000,1500395699000,1.30446,1.30477,1.30444,1.30476,106150000,1
1500395700000,1500395759000,1.30476,1.30477,1.30462,1.30463,139930000,1
1500395760000,1500395819000,1.30459,1.30466,1.30444,1.30445,170820000,1
1500395820000,1500395879000,1.30446,1.30446,1.30416,1.30443,178420000,1
1500395880000,1500395939000,1.30443,1.30446,1.30417,1.30417,126090000,1
1500395940000,1500395999000,1.30423,1.30429,1.30386,1.30405,174530000,1
1500396000000,1500396059000,1.30406,1.30426,1.30405,1.30426,143440000,1
1500396060000,1500396119000,1.30427,1.30437,1.30423,1.30436,146660000,1
1500396120000,1500396179000,1.30436,1.30441,1.30429,1.30439,87270000,1
1500396180000,1500396239000,1.30439,1.30457,1.30432,1.30453,104580000,1
1500396240000,1500396299000,1.3045,1.30453,1.30437,1.30443,132160000,1
1500396300000,1500396359000,1.30443,1.30456,1.30438,1.30446,187630000,1
1500396360000,1500396419000,1.30446,1.30446,1.30436,1.30439,89210000,1
1500396420000,1500396479000,1.30439,1.30451,1.30437,1.30451,51880000,1
1500396480000,1500396539000,1.30458,1.30459,1.30449,1.30456,74150000,1
1500396540000,1500396599000,1.30457,1.30468,1.30455,1.30458,91170000,1
1500396600000,1500396659000,1.30457,1.30459,1.30446,1.30449,68150000,1
1500396660000,1500396719000,1.30448,1.30468,1.30448,1.30453,80810000,1
1500396720000,1500396779000,1.30455,1.30471,1.30455,1.30459,71090000,1
1500396780000,1500396839000,1.3046,1.30471,1.30459,1.30466,42040000,1
1500396840000,1500396899000,1.30464,1.3047,1.30462,1.30469,33850000,1
1500396900000,1500396959000,1.30469,1.3047,1.30458,1.30466,93740000,1
1500396960000,1500397019000,1.30465,1.30469,1.30463,1.30467,62630000,1
1500397020000,1500397079000,1.30466,1.30474,1.3046,1.30468,112310000,1
1500397080000,1500397139000,1.30468,1.30478,1.30465,1.30471,73390000,1
1500397140000,1500397199000,1.30471,1.30495,1.30454,1.30455,147620000,1
1500397200000,1500397259000,1.30455,1.30466,1.30447,1.30458,128290000,1
1500397260000,1500397319000,1.30458,1.30481,1.30449,1.3047,130620000,1
1500397320000,1500397379000,1.3047,1.30474,1.30459,1.3047,65000000,1
1500397380000,1500397439000,1.30477,1.30478,1.30468,1.30478,57800000,1
1500397440000,1500397499000,1.30478,1.30491,1.30469,1.30472,55350000,1
1500397500000,1500397559000,1.30472,1.30486,1.30446,1.30452,93560000,1
1500397560000,1500397619000,1.30452,1.30479,1.30452,1.30475,73680000,1
1500397620000,1500397679000,1.30476,1.30479,1.30467,1.30479,68660000,1
1500397680000,1500397739000,1.30479,1.30481,1.30477,1.30477,33560000,1
1500397740000,1500397799000,1.30478,1.30486,1.30477,1.30479,92260000,1
1500397800000,1500397859000,1.30479,1.3049,1.30478,1.30489,56530000,1
1500397860000,1500397919000,1.30489,1.30493,1.30487,1.30493,53600000,1
1500397920000,1500397979000,1.30495,1.30496,1.30482,1.30487,70700000,1
1500397980000,1500398039000,1.30487,1.30488,1.3047,1.30478,61310000,1
1500398040000,1500398099000,1.30477,1.30486,1.30477,1.30486,54910000,1
1500398100000,1500398159000,1.30487,1.30488,1.30478,1.30488,60640000,1
1500398160000,1500398219000,1.30488,1.30491,1.30486,1.30487,26360000,1
1500398220000,1500398279000,1.30487,1.30487,1.30477,1.30477,50510000,1
1500398280000,1500398339000,1.30478,1.3048,1.30477,1.30479,67500000,1
1500398340000,1500398399000,1.30479,1.30484,1.30476,1.30482,28990000,1
1500398400000,1500398459000,1.30483,1.30483,1.30459,1.30464,56620000,1
1500398460000,1500398519000,1.30464,1.30464,1.30439,1.30449,64100000,1
1500398520000,1500398579000,1.30449,1.30463,1.30435,1.30452,111960000,1
1500398580000,1500398639000,1.30452,1.30454,1.30447,1.30448,59440000,1
1500398640000,1500398699000,1.30447,1.30448,1.30428,1.30429,53080000,1
1500398700000,1500398759000,1.30429,1.30442,1.30428,1.30435,70350000,1
1500398760000,1500398819000,1.30433,1.30433,1.30409,1.30409,59490000,1
1500398820000,1500398879000,1.30409,1.3041,1.30396,1.30404,125460000,1
1500398880000,1500398939000,1.30406,1.30406,1.30389,1.3039,72430000,1
1500398940000,1500398999000,1.30389,1.30397,1.30383,1.30396,89970000,1
1500399000000,1500399059000,1.30394,1.30394,1.30365,1.30367,85930000,1
1500399060000,1500399119000,1.30367,1.30375,1.30366,1.3037,34480000,1
1500399120000,1500399179000,1.30369,1.30378,1.30367,1.30368,26760000,1
1500399180000,1500399239000,1.30367,1.30368,1.30365,1.30368,42060000,1
1500399240000,1500399299000,1.30368,1.30368,1.30362,1.30366,38820000,1
1500399300000,1500399359000,1.30366,1.30376,1.30365,1.30369,95510000,1
1500399360000,1500399419000,1.30368,1.30381,1.30367,1.30374,100330000,1
1500399420000,1500399479000,1.30371,1.30375,1.30364,1.30374,85050000,1
1500399480000,1500399539000,1.30374,1.30383,1.30374,1.30378,41720000,1
1500399540000,1500399599000,1.30378,1.30381,1.30377,1.30379,25100000,1
1500399600000,1500399659000,1.30378,1.30389,1.30378,1.30387,60830000,1
1500399660000,1500399719000,1.30387,1.30388,1.30376,1.30377,52070000,1
1500399720000,1500399779000,1.30377,1.30392,1.3037,1.30392,61090000,1
1500399780000,1500399839000,1.30392,1.30414,1.30392,1.30414,55240000,1
1500399840000,1500399899000,1.30414,1.30414,1.30407,1.30407,46490000,1
1500399900000,1500399959000,1.30407,1.30418,1.30405,1.30409,59880000,1
1500399960000,1500400019000,1.30409,1.3042,1.30409,1.3042,31870000,1
1500400020000,1500400079000,1.3042,1.30423,1.30415,1.30423,47610000,1
1500400080000,1500400139000,1.30419,1.30419,1.30409,1.30409,41370000,1
1500400140000,1500400199000,1.30409,1.30409,1.30397,1.30408,44970000,1
1500400200000,1500400259000,1.30407,1.30408,1.30399,1.30407,57330000,1
1500400260000,1500400319000,1.30407,1.30409,1.30407,1.30407,37730000,1
1500400320000,1500400379000,1.30408,1.30432,1.30407,1.30429,85770000,1
1500400380000,1500400439000,1.30429,1.30444,1.30429,1.30444,66570000,1
1500400440000,1500400499000,1.30445,1.30469,1.30445,1.30462,75410000,1
1500400500000,1500400559000,1.30465,1.30474,1.30461,1.30472,62530000,1
1500400560000,1500400619000,1.30473,1.30493,1.30469,1.30469,100160000,1
1500400620000,1500400679000,1.30468,1.30477,1.30468,1.30477,45080000,1
1500400680000,1500400739000,1.30478,1.30498,1.30477,1.3049,69960000,1
1500400740000,1500400799000,1.3049,1.3051,1.3049,1.3051,53090000,1
1500400800000,1500400859000,1.3051,1.30516,1.30499,1.3051,67360000,1
1500400860000,1500400919000,1.3051,1.3051,1.3049,1.30499,48360000,1
1500400920000,1500400979000,1.305,1.30516,1.30497,1.30497,48850000,1
1500400980000,1500401039000,1.30497,1.30498,1.30486,1.30486,47230000,1
1500401040000,1500401099000,1.30487,1.30487,1.30477,1.30478,51360000,1
1500401100000,1500401159000,1.30477,1.3049,1.30477,1.30487,38840000,1
1500401160000,1500401219000,1.30487,1.30488,1.30478,1.30478,54480000,1
1500401220000,1500401279000,1.30477,1.30478,1.30468,1.30469,24000000,1
1500401280000,1500401339000,1.30469,1.30478,1.30468,1.30478,39720000,1
1500401340000,1500401399000,1.30478,1.30479,1.30473,1.30478,22360000,1
1500401400000,1500401459000,1.30478,1.30478,1.30468,1.30478,50100000,1
1500401460000,1500401519000,1.30478,1.30489,1.30478,1.30487,40340000,1
1500401520000,1500401579000,1.30487,1.30489,1.30487,1.30488,39910000,1
1500401580000,1500401639000,1.30488,1.30498,1.30488,1.30498,22240000,1
1500401640000,1500401699000,1.30498,1.30505,1.30498,1.30498,34360000,1
1500401700000,1500401759000,1.30498,1.30499,1.30493,1.30499,41850000,1
1500401760000,1500401819000,1.30499,1.30506,1.30499,1.305,27500000,1
1500401820000,1500401879000,1.305,1.30516,1.305,1.30509,42980000,1
1500401880000,1500401939000,1.30509,1.3051,1.305,1.305,17620000,1
1500401940000,1500401999000,1.305,1.30503,1.3049,1.3049,51480000,1
1500402000000,1500402059000,1.3049,1.3049,1.30479,1.3048,26740000,1
1500402060000,1500402119000,1.30479,1.3048,1.30466,1.30468,76880000,1
1500402120000,1500402179000,1.30468,1.30469,1.30467,1.30467,86330000,1
1500402180000,1500402239000,1.30468,1.30475,1.30467,1.30468,82660000,1
1500402240000,1500402299000,1.30468,1.30481,1.30467,1.30477,107810000,1
1500402300000,1500402359000,1.30478,1.30488,1.30477,1.30488,113840000,1
1500402360000,1500402419000,1.30488,1.30489,1.30481,1.30489,47120000,1
1500402420000,1500402479000,1.30489,1.3049,1.30486,1.30487,36820000,1
1500402480000,1500402539000,1.30487,1.3049,1.30486,1.3049,42920000,1
1500402540000,1500402599000,1.3049,1.30498,1.30488,1.30498,64430000,1
1500402600000,1500402659000,1.30497,1.30501,1.30497,1.30498,47690000,1
1500402660000,1500402719000,1.30498,1.30499,1.3049,1.30498,725550000,1
1500402720000,1500402779000,1.30497,1.305,1.30492,1.30494,60820000,1
1500402780000,1500402839000,1.30498,1.30498,1.30482,1.30485,39070000,1
1500402840000,1500402899000,1.30483,1.30483,1.30466,1.30468,47590000,1
1500402900000,1500402959000,1.30467,1.30468,1.3045,1.3045,61980000,1
1500402960000,1500403019000,1.30451,1.30451,1.30436,1.30449,66040000,1
1500403020000,1500403079000,1.3045,1.30454,1.3045,1.3045,15370000,1
1500403080000,1500403139000,1.30451,1.30457,1.30447,1.30449,33490000,1
1500403140000,1500403199000,1.30451,1.3046,1.30449,1.30459,29750000,1
1500403200000,1500403259000,1.30455,1.30455,1.30449,1.30449,48910000,1
1500403260000,1500403319000,1.30449,1.30452,1.30449,1.30451,20370000,1
1500403320000,1500403379000,1.30451,1.30452,1.30449,1.30449,22310000,1
1500403380000,1500403439000,1.30452,1.30452,1.30451,1.30451,16320000,1
1500403440000,1500403499000,1.3045,1.30452,1.3045,1.30452,13500000,1
1500403500000,1500403559000,1.30451,1.30451,1.30451,1.30451,3000000,1
1500403560000,1500403619000,1.30451,1.30453,1.30448,1.3045,41740000,1
1500403620000,1500403679000,1.3045,1.30456,1.30449,1.3045,15250000,1
1500403680000,1500403739000,1.3045,1.30458,1.30446,1.30446,28240000,1
1500403740000,1500403799000,1.30449,1.30459,1.30437,1.30458,73130000,1
1500403800000,1500403859000,1.30458,1.3046,1.30449,1.30455,72680000,1
1500403860000,1500403919000,1.30455,1.30457,1.30449,1.30455,34980000,1
1500403920000,1500403979000,1.30455,1.30459,1.30449,1.30457,51980000,1
1500403980000,1500404039000,1.30457,1.30457,1.30447,1.30449,31500000,1
1500404040000,1500404099000,1.30449,1.3045,1.30447,1.30449,34500000,1
1500404100000,1500404159000,1.3045,1.30458,1.30448,1.30458,31250000,1
1500404160000,1500404219000,1.30458,1.30459,1.30448,1.30448,37490000,1
1500404220000,1500404279000,1.30448,1.3046,1.30447,1.30458,25620000,1
1500404280000,1500404339000,1.30458,1.30471,1.30458,1.3047,47250000,1
1500404340000,1500404399000,1.30469,1.30485,1.30465,1.30484,78110000,1
1500404400000,1500404459000,1.30485,1.30485,1.30478,1.30481,100680000,1
1500404460000,1500404519000,1.3048,1.30491,1.3048,1.3049,58360000,1
1500404520000,1500404579000,1.30489,1.30489,1.30479,1.30481,79870000,1
1500404580000,1500404639000,1.30481,1.30488,1.30481,1.30487,70740000,1
1500404640000,1500404699000,1.30487,1.30488,1.30482,1.30487,90640000,1
1500404700000,1500404759000,1.30488,1.30489,1.30483,1.30487,55060000,1
1500404760000,1500404819000,1.30486,1.30486,1.3047,1.3047,29220000,1
1500404820000,1500404879000,1.3047,1.3047,1.3045,1.30458,62600000,1
1500404880000,1500404939000,1.30458,1.30458,1.30457,1.30458,43120000,1
1500404940000,1500404999000,1.30458,1.30458,1.30453,1.30458,31750000,1
1500405000000,1500405059000,1.30458,1.30465,1.30455,1.30458,43290000,1
1500405060000,1500405119000,1.30457,1.30458,1.30456,1.30457,15290000,1
1500405120000,1500405179000,1.30456,1.3046,1.30456,1.30457,54090000,1
1500405180000,1500405239000,1.30457,1.30458,1.30456,1.30456,27050000,1
1500405240000,1500405299000,1.30455,1.30456,1.30437,1.30437,42150000,1
1500405300000,1500405359000,1.30437,1.30438,1.30425,1.30426,82480000,1
1500405360000,1500405419000,1.30426,1.30432,1.30425,1.30425,56320000,1
1500405420000,1500405479000,1.30425,1.30425,1.30422,1.30424,34700000,1
1500405480000,1500405539000,1.30425,1.30425,1.30403,1.30406,203990000,1
1500405540000,1500405599000,1.30405,1.30414,1.30392,1.30406,97240000,1
1500405600000,1500405659000,1.30406,1.30406,1.30396,1.30406,87070000,1
1500405660000,1500405719000,1.30407,1.3042,1.30407,1.30416,54060000,1
1500405720000,1500405779000,1.30417,1.30417,1.30417,1.30417,44120000,1
1500405780000,1500405839000,1.30419,1.30429,1.30419,1.30428,40700000,1
1500405840000,1500405899000,1.30428,1.30428,1.30424,1.30426,94360000,1
1500405900000,1500405959000,1.30426,1.30438,1.30424,1.30431,26190000,1
1500405960000,1500406019000,1.30431,1.30441,1.30431,1.30432,14750000,1
1500406020000,1500406079000,1.30433,1.30461,1.30432,1.3046,34990000,1
1500406080000,1500406139000,1.30461,1.30466,1.30454,1.30454,85770000,1
1500406140000,1500406199000,1.30455,1.30456,1.30448,1.30452,243560000,1
1500406200000,1500406259000,1.30452,1.30452,1.30435,1.30436,39540000,1
1500406260000,1500406319000,1.30436,1.3044,1.30429,1.30438,80690000,1
1500406320000,1500406379000,1.30435,1.30437,1.30419,1.30428,50420000,1
1500406380000,1500406439000,1.30428,1.30431,1.30426,1.30427,60390000,1
1500406440000,1500406499000,1.30427,1.30439,1.3042,1.3042,60170000,1
1500406500000,1500406559000,1.30421,1.30426,1.30418,1.3042,140320000,1
1500406560000,1500406619000,1.30419,1.30424,1.30418,1.30419,76180000,1
1500406620000,1500406679000,1.30419,1.30419,1.30397,1.30407,113910000,1
1500406680000,1500406739000,1.30407,1.30414,1.30406,1.30409,76710000,1
1500406740000,1500406799000,1.30409,1.30409,1.30409,1.30409,6000000,1
1500406800000,1500406859000,1.30409,1.30409,1.30399,1.30409,41850000,1
1500406860000,1500406919000,1.30407,1.30422,1.30407,1.30421,79660000,1
1500406920000,1500406979000,1.30413,1.30425,1.30413,1.3042,28110000,1
1500406980000,1500407039000,1.3042,1.3042,1.30419,1.3042,8000000,1
1500407040000,1500407099000,1.3042,1.30426,1.30416,1.30421,25060000,1
1500407100000,1500407159000,1.30419,1.30421,1.3041,1.3041,70370000,1
1500407160000,1500407219000,1.30408,1.30409,1.30408,1.30409,14370000,1
1500407220000,1500407279000,1.30409,1.30409,1.30407,1.30408,27260000,1
1500407280000,1500407339000,1.30408,1.3041,1.30408,1.30409,19940000,1
1500407340000,1500407399000,1.30409,1.3041,1.30409,1.30409,58940000,1
1500407400000,1500407459000,1.30409,1.30411,1.30408,1.30411,19220000,1
1500407460000,1500407519000,1.30411,1.30411,1.304,1.30403,13610000,1
1500407520000,1500407579000,1.30402,1.30411,1.304,1.30411,33990000,1
1500407580000,1500407639000,1.30411,1.30412,1.3041,1.30411,21000000,1
1500407640000,1500407699000,1.30411,1.30414,1.30407,1.30409,28370000,1
1500407700000,1500407759000,1.30409,1.30419,1.304,1.3041,83430000,1
1500407760000,1500407819000,1.3041,1.30439,1.3041,1.30431,147540000,1
1500407820000,1500407879000,1.30431,1.30452,1.30431,1.30452,53890000,1
1500407880000,1500407939000,1.30452,1.30462,1.30444,1.30462,40500000,1
1500407940000,1500407999000,1.30461,1.30463,1.30451,1.3046,104200000,1
1500408000000,1500408059000,1.30458,1.30459,1.30442,1.3045,87930000,1
1500408060000,1500408119000,1.30453,1.30453,1.30448,1.30451,50650000,1
1500408120000,1500408179000,1.30449,1.3045,1.3044,1.3044,38040000,1
1500408180000,1500408239000,1.30437,1.30437,1.30429,1.30429,64780000,1
1500408240000,1500408299000,1.30429,1.3043,1.30428,1.3043,36640000,1
1500408300000,1500408359000,1.3043,1.3043,1.30429,1.3043,25360000,1
1500408360000,1500408419000,1.3043,1.3043,1.30429,1.3043,23350000,1
1500408420000,1500408479000,1.30429,1.30431,1.30428,1.30429,75470000,1
1500408480000,1500408539000,1.3043,1.3044,1.3043,1.30431,69900000,1
1500408540000,1500408599000,1.30431,1.30439,1.30431,1.30436,72500000,1
1500408600000,1500408659000,1.30434,1.30436,1.30432,1.30434,66880000,1
1500408660000,1500408719000,1.30434,1.30441,1.30433,1.30441,39360000,1
1500408720000,1500408779000,1.30441,1.30447,1.30439,1.30439,26850000,1
1500408780000,1500408839000,1.30439,1.30441,1.30431,1.30434,52290000,1
1500408840000,1500408899000,1.30434,1.30437,1.30431,1.30435,77370000,1
1500408900000,1500408959000,1.30434,1.30436,1.30434,1.30436,23860000,1
1500408960000,1500409019000,1.30437,1.30437,1.30426,1.30428,70430000,1
1500409020000,1500409079000,1.30428,1.30428,1.30419,1.3042,57660000,1
1500409080000,1500409139000,1.3042,1.30421,1.30419,1.30421,28100000,1
1500409140000,1500409199000,1.30422,1.30423,1.30419,1.3042,41320000,1
1500409200000,1500409259000,1.3042,1.30423,1.3042,1.30421,63650000,1
1500409260000,1500409319000,1.3042,1.30423,1.3042,1.3042,36910000,1
1500409320000,1500409379000,1.3042,1.30421,1.30419,1.3042,20240000,1
1500409380000,1500409439000,1.3042,1.30422,1.3042,1.3042,28840000,1
1500409440000,1500409499000,1.30422,1.30422,1.30419,1.30421,19860000,1
1500409500000,1500409559000,1.3042,1.30425,1.3042,1.30425,47810000,1
1500409560000,1500409619000,1.30425,1.30425,1.30423,1.30423,41300000,1
1500409620000,1500409679000,1.30423,1.30426,1.30423,1.30424,42300000,1
1500409680000,1500409739000,1.30424,1.30426,1.30424,1.30425,22500000,1
1500409740000,1500409799000,1.30425,1.30427,1.30422,1.30422,53430000,1
1500409800000,1500409859000,1.30422,1.30422,1.30419,1.30419,76020000,1
1500409860000,1500409919000,1.30419,1.30421,1.30403,1.30419,66490000,1
1500409920000,1500409979000,1.30419,1.30426,1.30419,1.30421,85760000,1
1500409980000,1500410039000,1.30421,1.30421,1.30419,1.30419,47270000,1
1500410040000,1500410099000,1.3042,1.30422,1.30419,1.3042,59530000,1
1500410100000,1500410159000,1.3042,1.30422,1.3042,1.3042,67880000,1
1500410160000,1500410219000,1.3042,1.30421,1.30419,1.30421,60940000,1
1500410220000,1500410279000,1.30421,1.30421,1.30419,1.30421,39220000,1
1500410280000,1500410339000,1.30421,1.30421,1.30417,1.30419,59270000,1
1500410340000,1500410399000,1.30419,1.30421,1.30419,1.30421,60950000,1
1500410400000,1500410459000,1.30419,1.3042,1.30407,1.30408,66340000,1
1500410460000,1500410519000,1.30408,1.30408,1.30398,1.30398,42220000,1
1500410520000,1500410579000,1.30398,1.30398,1.30395,1.30396,58100000,1
1500410580000,1500410639000,1.30395,1.30401,1.30387,1.30398,57940000,1
1500410640000,1500410699000,1.30398,1.30402,1.30397,1.30401,63220000,1
1500410700000,1500410759000,1.30401,1.30405,1.30401,1.30402,34130000,1
1500410760000,1500410819000,1.30402,1.30411,1.30402,1.30411,27250000,1
1500410820000,1500410879000,1.3041,1.3041,1.30408,1.30409,5690000,1
1500410880000,1500410939000,1.3041,1.30413,1.30406,1.30407,32010000,1
1500410940000,1500410999000,1.30406,1.30412,1.30404,1.30409,63220000,1
1500411000000,1500411059000,1.30409,1.3041,1.30402,1.30402,48810000,1
1500411060000,1500411119000,1.304,1.304,1.30395,1.30397,98660000,1
1500411120000,1500411179000,1.30397,1.30398,1.30396,1.30397,34310000,1
1500411180000,1500411239000,1.30398,1.30398,1.30392,1.30395,25060000,1
1500411240000,1500411299000,1.30396,1.30402,1.30392,1.30398,63510000,1
1500411300000,1500411359000,1.30397,1.30405,1.30394,1.30396,72300000,1
1500411360000,1500411419000,1.30399,1.30399,1.30395,1.30397,40860000,1
1500411420000,1500411479000,1.30396,1.30398,1.30394,1.30394,53930000,1
1500411480000,1500411539000,1.30394,1.30395,1.30394,1.30394,41260000,1
1500411540000,1500411599000,1.30395,1.30412,1.30378,1.30378,91700000,1
1500411600000,1500411659000,1.30379,1.3039,1.30379,1.30389,10820000,1
1500411660000,1500411719000,1.30389,1.3039,1.30389,1.3039,2970000,1
1500411720000,1500411779000,1.30389,1.30406,1.30379,1.3038,4110000,1
1500411780000,1500411839000,1.30396,1.30396,1.30395,1.30395,4440000,1
1500411840000,1500411899000,1.3038,1.3038,1.30379,1.30379,25460000,1
1500411900000,1500411959000,1.30379,1.3038,1.30379,1.30379,21050000,1
1500411960000,1500412019000,1.3038,1.3038,1.30379,1.30379,11320000,1
1500412020000,1500412079000,1.3038,1.3038,1.30379,1.30379,17090000,1
1500412080000,1500412139000,1.30404,1.30417,1.30404,1.30417,6000000,1
1500412140000,1500412199000,1.30417,1.30421,1.30416,1.30416,11000000,1
1500412200000,1500412259000,1.30417,1.30417,1.30416,1.30416,10000000,1
1500412260000,1500412319000,1.30417,1.30417,1.30416,1.30416,7000000,1
1500412320000,1500412379000,1.30417,1.30424,1.30398,1.3042,65670000,1
1500412380000,1500412439000,1.3042,1.30422,1.30405,1.30406,216610000,1
1500412440000,1500412499000,1.30405,1.30407,1.30401,1.30401,397090000,1
1500412500000,1500412559000,1.30402,1.30423,1.30402,1.30406,166680000,1
1500412560000,1500412619000,1.30405,1.30409,1.30404,1.30405,150980000,1
1500412620000,1500412679000,1.30405,1.30439,1.30405,1.30438,231280000,1
1500412680000,1500412739000,1.30439,1.30443,1.30417,1.30419,233980000,1
1500412740000,1500412799000,1.30422,1.3044,1.30416,1.30428,246190000,1
1500412800000,1500412859000,1.30421,1.30442,1.30418,1.3043,243260000,1
1500412860000,1500412919000,1.3043,1.3044,1.30408,1.3044,152940000,1
1500412920000,1500412979000,1.3044,1.3044,1.30417,1.30422,54670000,1
1500412980000,1500413039000,1.30416,1.3042,1.30414,1.30418,35840000,1
1500413040000,1500413099000,1.30418,1.30422,1.30418,1.30422,19210000,1
1500413100000,1500413159000,1.3042,1.3042,1.30408,1.30415,27460000,1
1500413160000,1500413219000,1.30415,1.30417,1.30414,1.30415,109680000,1
1500413220000,1500413279000,1.30415,1.3043,1.30415,1.3043,194850000,1
1500413280000,1500413339000,1.3043,1.3043,1.30416,1.30416,430840000,1
1500413340000,1500413399000,1.30416,1.30434,1.30416,1.30429,429400000,1
1500413400000,1500413459000,1.30429,1.30433,1.30411,1.30426,106000000,1
1500413460000,1500413519000,1.30425,1.3043,1.30424,1.30425,151670000,1
1500413520000,1500413579000,1.30425,1.30425,1.30422,1.30423,195590000,1
1500413580000,1500413639000,1.30422,1.30428,1.30422,1.30425,233630000,1
1500413640000,1500413699000,1.30425,1.30432,1.30422,1.30425,67800000,1
1500413700000,1500413759000,1.30422,1.30422,1.30422,1.30422,1370000,1
1500413760000,1500413819000,1.30422,1.30433,1.30422,1.30433,30990000,1
1500413820000,1500413879000,1.30432,1.30436,1.30422,1.30422,18950000,1
1500413880000,1500413939000,1.30422,1.30423,1.30422,1.30422,16800000,1
1500413940000,1500413999000,1.30418,1.3042,1.30412,1.30412,8950000,1
1500414000000,1500414059000,1.30412,1.30423,1.30412,1.30422,17840000,1
1500414060000,1500414119000,1.30423,1.30423,1.30408,1.30408,18420000,1
1500414120000,1500414179000,1.30409,1.30415,1.30407,1.30414,19370000,1
1500414180000,1500414239000,1.30414,1.30414,1.30414,1.30414,14470000,1
1500414240000,1500414299000,1.30407,1.30415,1.30407,1.30415,4250000,1
1500414300000,1500414359000,1.30415,1.30415,1.30412,1.30414,23340000,1
1500414360000,1500414419000,1.30414,1.30415,1.30414,1.30415,17360000,1
1500414420000,1500414479000,1.30415,1.30416,1.30414,1.30416,10360000,1
1500414480000,1500414539000,1.30416,1.30416,1.30415,1.30415,11610000,1
1500414540000,1500414599000,1.30415,1.30415,1.30414,1.30414,16600000,1
1500414600000,1500414659000,1.30414,1.30414,1.30414,1.30414,9610000,1
1500414660000,1500414719000,1.30414,1.30422,1.30409,1.30422,35250000,1
1500414720000,1500414779000,1.30422,1.30423,1.30414,1.30414,48450000,1
1500414780000,1500414839000,1.30415,1.30417,1.30414,1.30417,25720000,1
1500414840000,1500414899000,1.30417,1.30417,1.30414,1.30416,27450000,1
1500414900000,1500414959000,1.30415,1.30422,1.30414,1.30415,42560000,1
1500414960000,1500415019000,1.30418,1.30423,1.30414,1.30414,32210000,1
1500415020000,1500415079000,1.30414,1.30423,1.30414,1.30422,57420000,1
1500415080000,1500415139000,1.30423,1.30423,1.30411,1.30423,28000000,1
1500415140000,1500415199000,1.30422,1.30423,1.30411,1.30413,19590000,1
1500415200000,1500415259000,1.30413,1.30426,1.30403,1.30403,35550000,1
1500415260000,1500415319000,1.30402,1.30404,1.30402,1.30402,14110000,1
1500415320000,1500415379000,1.30403,1.30403,1.30397,1.30398,52810000,1
1500415380000,1500415439000,1.30399,1.304,1.30383,1.30387,37870000,1
1500415440000,1500415499000,1.30387,1.30387,1.30382,1.30384,45760000,1
1500415500000,1500415559000,1.30385,1.30386,1.30383,1.30386,42380000,1
1500415560000,1500415619000,1.30386,1.3039,1.30385,1.30386,57050000,1
1500415620000,1500415679000,1.30385,1.30385,1.30375,1.30376,48840000,1
1500415680000,1500415739000,1.30375,1.30378,1.3037,1.30372,51120000,1
1500415740000,1500415799000,1.3037,1.30371,1.30367,1.3037,66010000,1
1500415800000,1500415859000,1.30371,1.30376,1.30371,1.30372,23930000,1
1500415860000,1500415919000,1.30371,1.30371,1.30358,1.30359,109520000,1
1500415920000,1500415979000,1.30359,1.30362,1.30354,1.30361,60410000,1
1500415980000,1500416039000,1.30362,1.30363,1.30359,1.30362,21200000,1
1500416040000,1500416099000,1.30362,1.30364,1.30362,1.30364,14820000,1
1500416100000,1500416159000,1.30363,1.30372,1.30363,1.30372,67860000,1
1500416160000,1500416219000,1.30373,1.30373,1.30367,1.30367,44100000,1
1500416220000,1500416279000,1.30372,1.30373,1.30369,1.30369,17320000,1
1500416280000,1500416339000,1.30372,1.30378,1.30367,1.30378,57520000,1
1500416340000,1500416399000,1.30377,1.30378,1.30372,1.30372,47180000,1
1500416400000,1500416459000,1.30377,1.30378,1.30373,1.30373,63440000,1
1500416460000,1500416519000,1.30373,1.30378,1.30373,1.30377,41730000,1
1500416520000,1500416579000,1.30378,1.30378,1.30377,1.30378,22500000,1
1500416580000,1500416639000,1.30377,1.30378,1.30371,1.30371,25040000,1
1500416640000,1500416699000,1.3037,1.30377,1.30369,1.30369,58170000,1
1500416700000,1500416759000,1.30369,1.30373,1.30367,1.30372,58510000,1
1500416760000,1500416819000,1.30368,1.30368,1.30362,1.30368,54610000,1
1500416820000,1500416879000,1.30367,1.30373,1.30367,1.30373,60360000,1
1500416880000,1500416939000,1.30372,1.30378,1.30372,1.30373,49500000,1
1500416940000,1500416999000,1.30372,1.30382,1.30372,1.30377,45000000,1
1500417000000,1500417059000,1.30377,1.30384,1.30377,1.30377,44190000,1
1500417060000,1500417119000,1.30377,1.30381,1.30377,1.30381,25000000,1
1500417120000,1500417179000,1.30381,1.30381,1.30377,1.30377,43370000,1
1500417180000,1500417239000,1.30377,1.30378,1.30371,1.30376,31500000,1
1500417240000,1500417299000,1.30377,1.3038,1.30372,1.30372,33000000,1
1500417300000,1500417359000,1.30373,1.30373,1.30372,1.30372,34380000,1
1500417360000,1500417419000,1.30372,1.30373,1.30372,1.30372,18500000,1
1500417420000,1500417479000,1.30373,1.30373,1.30372,1.30372,15500000,1
1500417480000,1500417539000,1.30373,1.30375,1.30372,1.30374,36500000,1
1500417540000,1500417599000,1.30373,1.30375,1.30372,1.30375,57000000,1
1500417600000,1500417659000,1.30376,1.30384,1.30373,1.30384,20000000,1
1500417660000,1500417719000,1.30385,1.30385,1.30384,1.30384,14000000,1
1500417720000,1500417779000,1.30384,1.30385,1.30384,1.30385,23000000,1
1500417780000,1500417839000,1.30385,1.30385,1.30382,1.30384,30000000,1
1500417840000,1500417899000,1.30383,1.30391,1.30382,1.30391,21320000,1
1500417900000,1500417959000,1.30392,1.30392,1.30387,1.30391,22430000,1
1500417960000,1500418019000,1.30391,1.30391,1.30385,1.30387,13660000,1
1500418020000,1500418079000,1.30387,1.30387,1.30384,1.30384,14760000,1
1500418080000,1500418139000,1.30384,1.30384,1.30382,1.30382,10480000,1
1500418140000,1500418199000,1.30381,1.30381,1.30363,1.30369,30920000,1
1500418200000,1500418259000,1.30369,1.30376,1.30369,1.3037,31190000,1
1500418260000,1500418319000,1.3037,1.30371,1.3037,1.30371,28870000,1
1500418320000,1500418379000,1.30371,1.30374,1.30369,1.30371,40320000,1
1500418380000,1500418439000,1.30372,1.30373,1.30369,1.30373,38040000,1
1500418440000,1500418499000,1.3037,1.3037,1.30362,1.30362,35350000,1
1500418500000,1500418559000,1.30362,1.30368,1.30361,1.30361,23350000,1
1500418560000,1500418619000,1.30361,1.30362,1.3036,1.30361,29590000,1
1500418620000,1500418679000,1.3036,1.30361,1.30359,1.30361,78970000,1
1500418680000,1500418739000,1.30361,1.30364,1.3036,1.3036,12690000,1
1500418740000,1500418799000,1.3036,1.30361,1.30359,1.30359,14360000,1
1500418800000,1500418859000,1.30363,1.30363,1.30349,1.30353,18120000,1
1500418860000,1500418919000,1.30353,1.30353,1.30349,1.30351,19320000,1
1500418920000,1500418979000,1.30351,1.30351,1.30349,1.30349,31010000,1
1500418980000,1500419039000,1.30349,1.30349,1.30349,1.30349,8630000,1
1500419040000,1500419099000,1.3035,1.3035,1.30349,1.30349,14170000,1
1500419100000,1500419159000,1.30349,1.30352,1.30349,1.3035,10380000,1
1500419160000,1500419219000,1.30349,1.30349,1.30349,1.30349,3190000,1
1500419220000,1500419279000,1.3035,1.30359,1.3035,1.30354,25950000,1
1500419280000,1500419339000,1.30355,1.30359,1.30355,1.30357,25310000,1
1500419340000,1500419399000,1.30357,1.30357,1.30339,1.30339,35810000,1
1500419400000,1500419459000,1.30339,1.3034,1.30338,1.30339,24430000,1
1500419460000,1500419519000,1.30338,1.30346,1.30338,1.30341,9380000,1
1500419520000,1500419579000,1.30342,1.30359,1.3034,1.30343,107230000,1
1500419580000,1500419639000,1.30343,1.30351,1.30342,1.3035,82340000,1
1500419640000,1500419699000,1.30349,1.3035,1.30347,1.30349,99650000,1
1500419700000,1500419759000,1.3035,1.30351,1.30344,1.30351,68030000,1
1500419760000,1500419819000,1.30352,1.30352,1.30349,1.3035,31900000,1
1500419820000,1500419879000,1.30351,1.30351,1.3035,1.30351,26470000,1
1500419880000,1500419939000,1.30351,1.30351,1.30351,1.30351,5620000,1
1500419940000,1500419999000,1.30351,1.30352,1.3035,1.3035,11110000,1
1500420000000,1500420059000,1.3035,1.3035,1.30345,1.30345,10420000,1
1500420060000,1500420119000,1.30344,1.30349,1.30341,1.30349,15050000,1
1500420120000,1500420179000,1.30348,1.3035,1.30348,1.30349,48190000,1
1500420180000,1500420239000,1.30349,1.30354,1.30348,1.3035,39360000,1
1500420240000,1500420299000,1.30349,1.30351,1.30346,1.30351,56260000,1
1500420300000,1500420359000,1.3035,1.30352,1.30339,1.30339,36280000,1
1500420360000,1500420419000,1.30339,1.30346,1.30339,1.30344,19180000,1
1500420420000,1500420479000,1.30344,1.30344,1.30343,1.30344,8000000,1
1500420480000,1500420539000,1.30343,1.30344,1.30343,1.30344,2000000,1
1500420540000,1500420599000,1.30344,1.30344,1.30344,1.30344,0,1
1500420600000,1500420659000,1.30343,1.30344,1.30343,1.30343,3000000,1
1500420660000,1500420719000,1.30343,1.30354,1.30343,1.30349,14690000,1
1500420720000,1500420779000,1.30349,1.30349,1.30345,1.30346,23290000,1
1500420780000,1500420839000,1.30345,1.30347,1.30345,1.30345,6000000,1
1500420840000,1500420899000,1.30344,1.30345,1.30339,1.30339,32250000,1
1500420900000,1500420959000,1.3034,1.30341,1.30338,1.30341,38700000,1
1500420960000,1500421019000,1.30341,1.30349,1.30341,1.30348,32320000,1
1500421020000,1500421079000,1.30346,1.30349,1.30346,1.30348,46870000,1
1500421080000,1500421139000,1.30349,1.30359,1.30349,1.30359,39560000,1
1500421140000,1500421199000,1.30358,1.30363,1.30353,1.30353,59670000,1
1500421200000,1500421259000,1.30354,1.3036,1.30339,1.3034,35190000,1
1500421260000,1500421319000,1.30339,1.30342,1.30331,1.30332,36740000,1
1500421320000,1500421379000,1.30331,1.30331,1.30323,1.30327,40620000,1
1500421380000,1500421439000,1.30327,1.30347,1.30327,1.30338,102200000,1
1500421440000,1500421499000,1.30338,1.30341,1.30335,1.3034,35410000,1
1500421500000,1500421559000,1.3034,1.30341,1.30335,1.30339,49480000,1
1500421560000,1500421619000,1.30339,1.30346,1.30337,1.30345,41780000,1
1500421620000,1500421679000,1.30347,1.3036,1.30343,1.3036,51140000,1
1500421680000,1500421739000,1.3036,1.30373,1.30358,1.30373,46450000,1
1500421740000,1500421799000,1.30372,1.30374,1.30369,1.30371,28860000,1
1500421800000,1500421859000,1.30371,1.30373,1.30353,1.30357,39570000,1
1500421860000,1500421919000,1.30357,1.30365,1.30354,1.30365,34040000,1
1500421920000,1500421979000,1.30365,1.30375,1.30365,1.30371,55300000,1
1500421980000,1500422039000,1.30372,1.30372,1.30364,1.30366,128330000,1
1500422040000,1500422099000,1.30365,1.30366,1.3036,1.30366,36600000,1
1500422100000,1500422159000,1.30364,1.30365,1.30355,1.30356,40840000,1
1500422160000,1500422219000,1.30356,1.30358,1.30345,1.30355,41480000,1
1500422220000,1500422279000,1.30353,1.30366,1.30353,1.30366,17300000,1
1500422280000,1500422339000,1.30369,1.30376,1.30343,1.30354,63680000,1
1500422340000,1500422399000,1.30355,1.30362,1.30355,1.30359,47470000,1
1500422400000,1500422459000,1.30359,1.30359,1.30352,1.30356,52260000,1
1500422460000,1500422519000,1.30358,1.30365,1.30351,1.3036,58690000,1
1500422520000,1500422579000,1.30364,1.30365,1.30361,1.30361,26930000,1
1500422580000,1500422639000,1.3036,1.30361,1.3036,1.30361,6550000,1
1500422640000,1500422699000,1.3036,1.30362,1.3036,1.30361,27310000,1
1500422700000,1500422759000,1.30361,1.30361,1.30352,1.30353,38660000,1
1500422760000,1500422819000,1.30353,1.30364,1.30353,1.30364,39110000,1
1500422820000,1500422879000,1.30363,1.30372,1.30361,1.30362,44000000,1
1500422880000,1500422939000,1.3036,1.3036,1.3034,1.30343,27330000,1
1500422940000,1500422999000,1.30344,1.30355,1.3034,1.30354,14000000,1
1500423000000,1500423059000,1.30356,1.30365,1.30356,1.30363,71900000,1
1500423060000,1500423119000,1.30364,1.30366,1.30352,1.30352,37030000,1
1500423120000,1500423179000,1.30352,1.30352,1.30333,1.30333,28210000,1
1500423180000,1500423239000,1.30334,1.30348,1.30333,1.30347,34800000,1
1500423240000,1500423299000,1.30347,1.30356,1.30347,1.30352,54330000,1
1500423300000,1500423359000,1.30352,1.30352,1.30324,1.30325,86450000,1
1500423360000,1500423419000,1.30323,1.30333,1.30323,1.30331,48990000,1
1500423420000,1500423479000,1.30332,1.30334,1.30331,1.30334,12000000,1
1500423480000,1500423539000,1.30334,1.30352,1.30326,1.30351,44950000,1
1500423540000,1500423599000,1.30349,1.30353,1.30339,1.30339,56390000,1
1500423600000,1500423659000,1.30339,1.30342,1.30338,1.30338,30840000,1
1500423660000,1500423719000,1.3034,1.30345,1.3034,1.30343,15000000,1
1500423720000,1500423779000,1.30351,1.30356,1.30339,1.30339,38850000,1
1500423780000,1500423839000,1.30339,1.30339,1.30318,1.30318,22640000,1
1500423840000,1500423899000,1.30318,1.30344,1.30317,1.3034,45940000,1
1500423900000,1500423959000,1.30338,1.30342,1.3033,1.30332,35620000,1
1500423960000,1500424019000,1.30332,1.30341,1.30332,1.3034,22180000,1
1500424020000,1500424079000,1.30341,1.30349,1.30338,1.30348,62020000,1
1500424080000,1500424139000,1.30349,1.30351,1.30347,1.30351,30590000,1
1500424140000,1500424199000,1.30353,1.30354,1.30351,1.30353,6000000,1
1500424200000,1500424259000,1.30355,1.30355,1.30351,1.30353,19000000,1
1500424260000,1500424319000,1.30353,1.30353,1.30348,1.3035,24750000,1
1500424320000,1500424379000,1.30348,1.30366,1.30348,1.30363,44820000,1
1500424380000,1500424439000,1.30361,1.30365,1.30349,1.30365,41990000,1
1500424440000,1500424499000,1.30361,1.30366,1.3036,1.30365,31730000,1
1500424500000,1500424559000,1.30366,1.30388,1.30366,1.30383,45770000,1
1500424560000,1500424619000,1.30383,1.3039,1.30372,1.30388,73360000,1
1500424620000,1500424679000,1.30387,1.30388,1.30386,1.30386,58460000,1
1500424680000,1500424739000,1.30386,1.30387,1.30379,1.30384,38340000,1
1500424740000,1500424799000,1.30384,1.30388,1.30378,1.30378,19700000,1
1500424800000,1500424859000,1.30377,1.3038,1.30362,1.30368,47080000,1
1500424860000,1500424919000,1.30364,1.30382,1.3036,1.30373,65770000,1
1500424920000,1500424979000,1.30372,1.30372,1.30348,1.30348,33710000,1
1500424980000,1500425039000,1.30351,1.30351,1.30338,1.3034,53890000,1
1500425040000,1500425099000,1.30339,1.30341,1.30336,1.3034,45090000,1
1500425100000,1500425159000,1.3034,1.30341,1.30329,1.30334,45490000,1
1500425160000,1500425219000,1.30335,1.30355,1.30335,1.30353,95670000,1
1500425220000,1500425279000,1.30352,1.30355,1.30349,1.30349,25670000,1
1500425280000,1500425339000,1.30349,1.30349,1.30325,1.30327,48590000,1
1500425340000,1500425399000,1.30327,1.30332,1.30324,1.30329,64710000,1
1500425400000,1500425459000,1.3033,1.3033,1.30319,1.30322,33740000,1
1500425460000,1500425519000,1.30323,1.30351,1.30323,1.30349,34190000,1
1500425520000,1500425579000,1.30348,1.30348,1.30335,1.30335,15360000,1
1500425580000,1500425639000,1.30339,1.30339,1.30299,1.30301,43660000,1
1500425640000,1500425699000,1.303,1.30316,1.303,1.30314,41840000,1
1500425700000,1500425759000,1.30314,1.30314,1.3031,1.3031,31370000,1
1500425760000,1500425819000,1.3031,1.30315,1.30308,1.30313,15000000,1
1500425820000,1500425879000,1.30313,1.30326,1.30313,1.30323,21250000,1
1500425880000,1500425939000,1.30324,1.30332,1.30323,1.30323,66470000,1
1500425940000,1500425999000,1.30322,1.30322,1.30296,1.30298,36890000,1
1500426000000,1500426059000,1.30296,1.30296,1.3029,1.30292,26500000,1
1500426060000,1500426119000,1.30292,1.30293,1.30286,1.30292,26240000,1
1500426120000,1500426179000,1.30292,1.30298,1.30282,1.30298,69860000,1
1500426180000,1500426239000,1.30299,1.30316,1.30299,1.30302,58930000,1
1500426240000,1500426299000,1.30304,1.30305,1.30303,1.30304,10240000,1
1500426300000,1500426359000,1.30303,1.30305,1.30293,1.30297,65150000,1
1500426360000,1500426419000,1.30298,1.30298,1.30293,1.30295,42380000,1
1500426420000,1500426479000,1.30295,1.30327,1.30295,1.30311,54450000,1
1500426480000,1500426539000,1.30311,1.30311,1.30294,1.30294,112810000,1
1500426540000,1500426599000,1.30295,1.30313,1.30294,1.30311,98390000,1
1500426600000,1500426659000,1.30311,1.30312,1.30306,1.30307,47230000,1
1500426660000,1500426719000,1.30308,1.30308,1.30307,1.30307,8120000,1
1500426720000,1500426779000,1.30307,1.30309,1.30306,1.30306,16990000,1
1500426780000,1500426839000,1.30305,1.30309,1.30305,1.30307,19000000,1
1500426840000,1500426899000,1.30307,1.3031,1.30302,1.30302,70120000,1
1500426900000,1500426959000,1.30302,1.30302,1.30295,1.30297,88430000,1
1500426960000,1500427019000,1.30298,1.30307,1.30297,1.30307,61920000,1
1500427020000,1500427079000,1.30308,1.30324,1.30308,1.30324,71570000,1
1500427080000,1500427139000,1.30322,1.30322,1.30313,1.30317,35910000,1
1500427140000,1500427199000,1.30317,1.30319,1.30306,1.30306,58100000,1
1500427200000,1500427259000,1.30306,1.30307,1.30302,1.30305,59130000,1
1500427260000,1500427319000,1.30305,1.30308,1.30302,1.30302,40870000,1
1500427320000,1500427379000,1.30302,1.30308,1.30302,1.30302,23940000,1
1500427380000,1500427439000,1.30302,1.30308,1.30302,1.30308,37920000,1
1500427440000,1500427499000,1.30307,1.30313,1.30307,1.30312,27380000,1
1500427500000,1500427559000,1.30312,1.30313,1.30312,1.30312,30070000,1
1500427560000,1500427619000,1.30314,1.30323,1.30314,1.30317,57750000,1
1500427620000,1500427679000,1.30318,1.30318,1.30292,1.30311,55940000,1
1500427680000,1500427739000,1.30312,1.30318,1.30312,1.30317,43110000,1
1500427740000,1500427799000,1.30314,1.30318,1.30311,1.30312,33410000,1
1500427800000,1500427859000,1.30313,1.30313,1.30312,1.30312,11100000,1
1500427860000,1500427919000,1.30312,1.30313,1.30312,1.30312,19100000,1
1500427920000,1500427979000,1.30312,1.30313,1.30312,1.30312,7320000,1
1500427980000,1500428039000,1.30312,1.30312,1.30302,1.30302,15760200000,1
1500428040000,1500428099000,1.30303,1.30313,1.30302,1.30313,30500000,1
1500428100000,1500428159000,1.30312,1.30313,1.303,1.30305,45030000,1
1500428160000,1500428219000,1.30307,1.30308,1.303,1.30303,41790000,1
1500428220000,1500428279000,1.30305,1.30308,1.30288,1.30291,81080000,1
1500428280000,1500428339000,1.30292,1.30292,1.30284,1.30286,57120000,1
1500428340000,1500428399000,1.30286,1.30286,1.30275,1.30282,40990000,1
1500428400000,1500428459000,1.30282,1.30292,1.30282,1.30288,38620000,1
1500428460000,1500428519000,1.30287,1.30289,1.30285,1.30285,28250000,1
1500428520000,1500428579000,1.30285,1.30286,1.30282,1.30285,15000000,1
1500428580000,1500428639000,1.30284,1.30293,1.30278,1.30278,35150000,1
1500428640000,1500428699000,1.30278,1.30298,1.30277,1.30296,135950000,1
1500428700000,1500428759000,1.30296,1.30301,1.30289,1.30294,81030000,1
1500428760000,1500428819000,1.30294,1.30297,1.30288,1.30288,91360000,1
1500428820000,1500428879000,1.30292,1.30299,1.30286,1.30289,84050000,1
1500428880000,1500428939000,1.30289,1.30296,1.30264,1.30293,48790000,1
1500428940000,1500428999000,1.30295,1.30295,1.30284,1.30286,33360000,1
1500429000000,1500429059000,1.30286,1.30294,1.30284,1.30286,26000000,1
1500429060000,1500429119000,1.30286,1.30286,1.30276,1.30283,37040000,1
1500429120000,1500429179000,1.30283,1.30296,1.30282,1.30296,59870000,1
1500429180000,1500429239000,1.30296,1.30302,1.30284,1.30291,89510000,1
1500429240000,1500429299000,1.3029,1.30298,1.3029,1.30298,41740000,1
1500429300000,1500429359000,1.30297,1.30304,1.30293,1.30297,44490000,1
1500429360000,1500429419000,1.30294,1.3031,1.30289,1.30305,76590000,1
1500429420000,1500429479000,1.30304,1.30304,1.30289,1.30295,33690000,1
1500429480000,1500429539000,1.30296,1.30296,1.30289,1.30294,46480000,1
1500429540000,1500429599000,1.30294,1.30295,1.30293,1.30293,45700000,1
1500429600000,1500429659000,1.30293,1.30302,1.30289,1.30297,54240000,1
1500429660000,1500429719000,1.30299,1.30305,1.30287,1.30297,88080000,1
1500429720000,1500429779000,1.30299,1.30299,1.30294,1.30295,27750000,1
1500429780000,1500429839000,1.30295,1.30301,1.30293,1.30295,38430000,1
1500429840000,1500429899000,1.30295,1.30304,1.30294,1.30304,21470000,1
1500429900000,1500429959000,1.30305,1.30306,1.30305,1.30306,6000000,1
1500429960000,1500430019000,1.30305,1.30305,1.30297,1.30305,32300000,1
1500430020000,1500430079000,1.30302,1.30303,1.30297,1.30297,96770000,1
1500430080000,1500430139000,1.30298,1.30303,1.30297,1.30302,32620000,1
1500430140000,1500430199000,1.30303,1.30315,1.30302,1.30314,41950000,1
1500430200000,1500430259000,1.30317,1.3032,1.30317,1.30318,59370000,1
1500430260000,1500430319000,1.30318,1.3032,1.30317,1.30318,37920000,1
1500430320000,1500430379000,1.30317,1.30318,1.30317,1.30318,32500000,1
1500430380000,1500430439000,1.30317,1.30322,1.30312,1.3032,28250000,1
1500430440000,1500430499000,1.30318,1.30318,1.30308,1.30318,31940000,1
1500430500000,1500430559000,1.30317,1.30325,1.30317,1.30325,44440000,1
1500430560000,1500430619000,1.30325,1.30325,1.30322,1.30322,7190000,1
1500430620000,1500430679000,1.30323,1.30331,1.30319,1.30327,66370000,1
1500430680000,1500430739000,1.30327,1.30342,1.30327,1.30338,115990000,1
1500430740000,1500430799000,1.30339,1.30345,1.30337,1.30338,80170000,1
1500430800000,1500430859000,1.30338,1.30343,1.30337,1.30338,103030000,1
1500430860000,1500430919000,1.30337,1.30343,1.30337,1.30338,108710000,1
1500430920000,1500430979000,1.30338,1.30353,1.3032,1.30322,121370000,1
1500430980000,1500431039000,1.30322,1.30323,1.30308,1.30309,57780000,1
1500431040000,1500431099000,1.30309,1.30319,1.30309,1.30312,42210000,1
1500431100000,1500431159000,1.30312,1.30319,1.30312,1.30319,35270000,1
1500431160000,1500431219000,1.30318,1.30318,1.30308,1.30313,35540000,1
1500431220000,1500431279000,1.30315,1.30315,1.30311,1.30311,14310000,1
1500431280000,1500431339000,1.30312,1.30318,1.30308,1.30308,45600000,1
1500431340000,1500431399000,1.30308,1.30311,1.30299,1.30299,30580000,1
1500431400000,1500431459000,1.303,1.30308,1.30299,1.30308,12440000,1
1500431460000,1500431519000,1.30309,1.30309,1.30299,1.303,25510000,1
1500431520000,1500431579000,1.303,1.3031,1.303,1.30303,15500000,1
1500431580000,1500431639000,1.30304,1.30305,1.30293,1.30293,25870000,1
1500431640000,1500431699000,1.30294,1.30304,1.30292,1.30304,48830000,1
1500431700000,1500431759000,1.303,1.303,1.30293,1.30297,53670000,1
1500431760000,1500431819000,1.30298,1.303,1.30292,1.30293,62720000,1
1500431820000,1500431879000,1.30294,1.3031,1.30293,1.30302,66820000,1
1500431880000,1500431939000,1.30301,1.30304,1.30301,1.30304,75200000,1
1500431940000,1500431999000,1.30304,1.3031,1.30304,1.3031,21710000,1
1500432000000,1500432059000,1.30308,1.30312,1.30308,1.30312,10260000,1
1500432060000,1500432119000,1.30312,1.30315,1.30312,1.30312,15560000,1
1500432120000,1500432179000,1.30312,1.30312,1.30305,1.30312,6720000,1
1500432180000,1500432239000,1.30312,1.30315,1.30312,1.30312,12140000,1
1500432240000,1500432299000,1.30306,1.30312,1.30301,1.30302,30750000,1
1500432300000,1500432359000,1.30303,1.30312,1.30301,1.30312,52560000,1
1500432360000,1500432419000,1.30312,1.30313,1.30304,1.30313,58630000,1
1500432420000,1500432479000,1.30313,1.30313,1.30271,1.30286,71380000,1
1500432480000,1500432539000,1.30285,1.30288,1.30281,1.30287,22620000,1
1500432540000,1500432599000,1.30287,1.30296,1.30287,1.30292,91780000,1
1500432600000,1500432659000,1.30296,1.303,1.30296,1.30296,27270000,1
1500432660000,1500432719000,1.30296,1.30298,1.30296,1.30296,25550000,1
1500432720000,1500432779000,1.30296,1.30296,1.30296,1.30296,3060000,1
1500432780000,1500432839000,1.30296,1.30296,1.30281,1.30282,25940000,1
1500432840000,1500432899000,1.30282,1.30291,1.30282,1.30283,52920000,1
1500432900000,1500432959000,1.30282,1.30289,1.3028,1.30282,39060000,1
1500432960000,1500433019000,1.30282,1.30282,1.30274,1.30281,45640000,1
1500433020000,1500433079000,1.30281,1.30293,1.30281,1.30286,71980000,1
1500433080000,1500433139000,1.30286,1.30316,1.30286,1.30307,36350000,1
1500433140000,1500433199000,1.30307,1.30318,1.30296,1.30311,212310000,1
1500433200000,1500433259000,1.3031,1.3031,1.30272,1.30272,61120000,1
1500433260000,1500433319000,1.30271,1.30309,1.30271,1.30302,71070000,1
1500433320000,1500433379000,1.30303,1.30303,1.3028,1.3028,91610000,1
1500433380000,1500433439000,1.30278,1.30299,1.30269,1.30291,65850000,1
1500433440000,1500433499000,1.3029,1.30299,1.30272,1.30299,100690000,1
1500433500000,1500433559000,1.303,1.303,1.3027,1.30286,88830000,1
1500433560000,1500433619000,1.30287,1.30287,1.30265,1.30284,57330000,1
1500433620000,1500433679000,1.30283,1.30294,1.30273,1.30275,121370000,1
1500433680000,1500433739000,1.30274,1.30288,1.30261,1.30283,80780000,1
1500433740000,1500433799000,1.30284,1.3029,1.30259,1.30286,108240000,1
1500433800000,1500433859000,1.30285,1.30287,1.30244,1.30261,99930000,1
1500433860000,1500433919000,1.30262,1.30272,1.30261,1.30267,38030000,1
1500433920000,1500433979000,1.30266,1.30267,1.30266,1.30266,37440000,1
1500433980000,1500434039000,1.30267,1.30279,1.30266,1.30277,74690000,1
1500434040000,1500434099000,1.30277,1.30278,1.30277,1.30278,35320000,1
1500434100000,1500434159000,1.30278,1.30284,1.30277,1.30284,27000000,1
1500434160000,1500434219000,1.30284,1.30294,1.30261,1.30284,81500000,1
1500434220000,1500434279000,1.30282,1.3031,1.30267,1.3031,140140000,1
1500434280000,1500434339000,1.30313,1.30313,1.30267,1.30282,120560000,1
1500434340000,1500434399000,1.30282,1.30295,1.3028,1.30284,59000000,1
1500434400000,1500434459000,1.30285,1.30288,1.30279,1.3028,37990000,1
1500434460000,1500434519000,1.3028,1.30299,1.3028,1.30282,36250000,1
1500434520000,1500434579000,1.30282,1.30286,1.30278,1.30285,23440000,1
1500434580000,1500434639000,1.30285,1.3029,1.30275,1.30275,39000000,1
1500434640000,1500434699000,1.30275,1.30282,1.30271,1.30272,41000000,1
1500434700000,1500434759000,1.30271,1.30276,1.30257,1.3027,62490000,1
1500434760000,1500434819000,1.30273,1.30284,1.30249,1.30249,122340000,1
1500434820000,1500434879000,1.3025,1.30253,1.30231,1.30253,42860000,1
1500434880000,1500434939000,1.30255,1.30276,1.30255,1.30276,35000000,1
1500434940000,1500434999000,1.30275,1.30276,1.30263,1.30263,10490000,1
1500435000000,1500435059000,1.30263,1.30286,1.30262,1.30283,43620000,1
1500435060000,1500435119000,1.30284,1.30284,1.30273,1.30277,27890000,1
1500435120000,1500435179000,1.30279,1.30295,1.30279,1.30284,39810000,1
1500435180000,1500435239000,1.30284,1.3029,1.30284,1.30288,17620000,1
1500435240000,1500435299000,1.30288,1.3029,1.30284,1.30289,28000000,1
1500435300000,1500435359000,1.30289,1.3029,1.30285,1.30288,8000000,1
1500435360000,1500435419000,1.30287,1.30294,1.30284,1.30285,33730000,1
1500435420000,1500435479000,1.30285,1.30287,1.30273,1.30285,40510000,1
1500435480000,1500435539000,1.30284,1.30298,1.30283,1.30295,39600000,1
1500435540000,1500435599000,1.30295,1.30295,1.30294,1.30295,10240000,1
1500435600000,1500435659000,1.30295,1.30295,1.30294,1.30294,5120000,1
1500435660000,1500435719000,1.30294,1.30294,1.30283,1.30286,45910000,1
1500435720000,1500435779000,1.30292,1.30302,1.30284,1.30295,56010000,1
1500435780000,1500435839000,1.30295,1.30295,1.30281,1.30287,48230000,1
1500435840000,1500435899000,1.30287,1.30295,1.30287,1.30294,39580000,1
1500435900000,1500435959000,1.30294,1.30306,1.30294,1.30306,39680000,1
1500435960000,1500436019000,1.30306,1.30307,1.30302,1.30306,32570000,1
1500436020000,1500436079000,1.30306,1.30318,1.30306,1.30316,57260000,1
1500436080000,1500436139000,1.30315,1.30324,1.30315,1.30319,51160000,1
1500436140000,1500436199000,1.30317,1.30325,1.30314,1.30321,40690000,1
1500436200000,1500436259000,1.30321,1.30321,1.30316,1.30317,46590000,1
1500436260000,1500436319000,1.30317,1.30317,1.30316,1.30316,31200000,1
1500436320000,1500436379000,1.30317,1.30317,1.30314,1.30316,29690000,1
1500436380000,1500436439000,1.30316,1.30325,1.30315,1.3032,40630000,1
1500436440000,1500436499000,1.3032,1.3032,1.30315,1.30316,28640000,1
1500436500000,1500436559000,1.30315,1.30325,1.30315,1.30325,48780000,1
1500436560000,1500436619000,1.30325,1.30325,1.30315,1.30318,67310000,1
1500436620000,1500436679000,1.30318,1.30321,1.30318,1.30319,74760000,1
1500436680000,1500436739000,1.3032,1.30321,1.30319,1.30321,37730000,1
1500436740000,1500436799000,1.30321,1.30321,1.30313,1.30313,18470000,1
1500436800000,1500436859000,1.30312,1.30313,1.30311,1.30312,53580000,1
1500436860000,1500436919000,1.30312,1.30313,1.30312,1.30313,25770000,1
1500436920000,1500436979000,1.30312,1.30312,1.30312,1.30312,23160000,1
1500436980000,1500437039000,1.30312,1.30313,1.30312,1.30313,14190000,1
1500437040000,1500437099000,1.30313,1.30314,1.30312,1.30312,7850000,1
1500437100000,1500437159000,1.30318,1.30339,1.30318,1.30329,71210000,1
1500437160000,1500437219000,1.3033,1.3033,1.30322,1.30322,28590000,1
1500437220000,1500437279000,1.30322,1.30323,1.30322,1.30323,11390000,1
1500437280000,1500437339000,1.30323,1.30331,1.30323,1.30331,30560000,1
1500437340000,1500437399000,1.30332,1.3034,1.30287,1.30304,48630000,1
1500437400000,1500437459000,1.30303,1.30309,1.30303,1.30307,22940000,1
1500437460000,1500437519000,1.30307,1.30308,1.30304,1.30305,24500000,1
1500437520000,1500437579000,1.30303,1.30306,1.30302,1.30302,14580000,1
1500437580000,1500437639000,1.30302,1.30302,1.30301,1.30301,5870000,1
1500437640000,1500437699000,1.30301,1.30302,1.30291,1.30293,30570000,1
1500437700000,1500437759000,1.30293,1.30296,1.30291,1.30291,34680000,1
1500437760000,1500437819000,1.30292,1.30302,1.30291,1.30292,50550000,1
1500437820000,1500437879000,1.30292,1.30294,1.30291,1.30293,43920000,1
1500437880000,1500437939000,1.30293,1.30293,1.30289,1.30292,19340000,1
1500437940000,1500437999000,1.30291,1.30298,1.30291,1.30296,14190000,1
1500438000000,1500438059000,1.30294,1.30294,1.30292,1.30294,14000000,1
1500438060000,1500438119000,1.30293,1.30301,1.30291,1.30301,27500000,1
1500438120000,1500438179000,1.303,1.30302,1.30294,1.30294,28340000,1
1500438180000,1500438239000,1.30294,1.30304,1.30294,1.30303,38800000,1
1500438240000,1500438299000,1.30304,1.30304,1.30302,1.30304,12430000,1
1500438300000,1500438359000,1.30303,1.30306,1.30302,1.30304,21200000,1
1500438360000,1500438419000,1.30303,1.30304,1.30301,1.30302,7770000,1
1500438420000,1500438479000,1.30303,1.30305,1.30302,1.30303,13050000,1
1500438480000,1500438539000,1.30303,1.30305,1.30302,1.30302,10550000,1
1500438540000,1500438599000,1.30303,1.30312,1.30302,1.30303,49240000,1
1500438600000,1500438659000,1.30303,1.30305,1.30302,1.30302,68130000,1
1500438660000,1500438719000,1.30304,1.30304,1.30304,1.30304,7620000,1
1500438720000,1500438779000,1.30302,1.30307,1.30302,1.30307,14120000,1
1500438780000,1500438839000,1.30307,1.3031,1.30307,1.30307,10000000,1
1500438840000,1500438899000,1.30309,1.3032,1.30309,1.3032,15000000,1
1500438900000,1500438959000,1.30321,1.30321,1.30312,1.30319,20370000,1
1500438960000,1500439019000,1.30319,1.30322,1.30317,1.30318,28620000,1
1500439020000,1500439079000,1.30318,1.30326,1.30316,1.30316,24750000,1
1500439080000,1500439139000,1.30312,1.30312,1.30311,1.30311,18380000,1
1500439140000,1500439199000,1.30311,1.30311,1.30309,1.30311,27830000,1
1500439200000,1500439259000,1.30313,1.30313,1.30306,1.30307,23810000,1
1500439260000,1500439319000,1.30307,1.30307,1.30304,1.30305,48710000,1
1500439320000,1500439379000,1.30304,1.30307,1.30304,1.30304,56860000,1
1500439380000,1500439439000,1.30304,1.30315,1.30301,1.30314,55180000,1
1500439440000,1500439499000,1.30314,1.30314,1.30312,1.30312,14700000,1
1500439500000,1500439559000,1.30312,1.30315,1.30311,1.30311,24400000,1
1500439560000,1500439619000,1.30312,1.30313,1.3031,1.30311,22830000,1
1500439620000,1500439679000,1.30311,1.30313,1.30309,1.30311,30390000,1
1500439680000,1500439739000,1.3031,1.30314,1.30305,1.30309,45180000,1
1500439740000,1500439799000,1.30309,1.30309,1.30304,1.30304,25750000,1
1500439800000,1500439859000,1.30305,1.30307,1.30302,1.30306,37890000,1
1500439860000,1500439919000,1.30307,1.30313,1.30303,1.30307,20000000,1
1500439920000,1500439979000,1.30307,1.30307,1.30303,1.30303,28540000,1
1500439980000,1500440039000,1.30303,1.30315,1.30303,1.30315,34620000,1
1500440040000,1500440099000,1.30316,1.30319,1.30313,1.30313,18450000,1
1500440100000,1500440159000,1.3031,1.3031,1.30304,1.30307,15440000,1
1500440160000,1500440219000,1.30306,1.30306,1.30303,1.30303,13070000,1
1500440220000,1500440279000,1.30303,1.30306,1.30302,1.30305,24190000,1
1500440280000,1500440339000,1.30307,1.30309,1.30304,1.30304,15250000,1
1500440340000,1500440399000,1.30305,1.30306,1.30304,1.30306,14500000,1
1500440400000,1500440459000,1.30304,1.30308,1.30304,1.30308,27500000,1
1500440460000,1500440519000,1.30308,1.30308,1.30295,1.30306,29870000,1
1500440520000,1500440579000,1.30305,1.30309,1.30303,1.30304,15250000,1
1500440580000,1500440639000,1.30304,1.30307,1.30303,1.30307,8500000,1
1500440640000,1500440699000,1.30306,1.30306,1.30305,1.30305,19000000,1
1500440700000,1500440759000,1.30305,1.30308,1.30301,1.30306,23690000,1
1500440760000,1500440819000,1.30304,1.30318,1.30304,1.30315,34010000,1
1500440820000,1500440879000,1.30311,1.30313,1.30303,1.30305,21310000,1
1500440880000,1500440939000,1.30306,1.30307,1.30304,1.30307,9250000,1
1500440940000,1500440999000,1.30307,1.3032,1.30303,1.30318,15000000,1
1500441000000,1500441059000,1.30317,1.30322,1.30316,1.3032,45500000,1
1500441060000,1500441119000,1.30318,1.30324,1.30317,1.3032,58000000,1
1500441120000,1500441179000,1.3032,1.30328,1.30316,1.30322,39600000,1
1500441180000,1500441239000,1.30322,1.30324,1.30318,1.30321,30870000,1
1500441240000,1500441299000,1.30321,1.30323,1.30321,1.30323,44000000,1
1500441300000,1500441359000,1.30321,1.30322,1.30317,1.30322,38260000,1
1500441360000,1500441419000,1.30322,1.30333,1.30322,1.30332,22810000,1
1500441420000,1500441479000,1.30331,1.30334,1.30325,1.30328,31510000,1
1500441480000,1500441539000,1.30331,1.30341,1.30331,1.30337,33200000,1
1500441540000,1500441599000,1.30338,1.3034,1.30337,1.30338,36500000,1
1500441600000,1500441659000,1.30337,1.30343,1.30337,1.30338,44340000,1
1500441660000,1500441719000,1.30338,1.30338,1.30331,1.30337,16260000,1
1500441720000,1500441779000,1.30338,1.30341,1.30337,1.30338,48350000,1
1500441780000,1500441839000,1.30337,1.30343,1.30336,1.30336,46320000,1
1500441840000,1500441899000,1.30337,1.30338,1.30336,1.30337,29500000,1
1500441900000,1500441959000,1.30338,1.30338,1.30337,1.30337,34380000,1
1500441960000,1500442019000,1.30337,1.30338,1.30337,1.30337,40040000,1
1500442020000,1500442079000,1.30337,1.30338,1.30337,1.30337,41230000,1
1500442080000,1500442139000,1.30337,1.30343,1.30337,1.30343,31280000,1
1500442140000,1500442199000,1.30343,1.30343,1.30342,1.30343,49040000,1
1500442200000,1500442259000,1.30342,1.30343,1.30337,1.30343,56090000,1
1500442260000,1500442319000,1.30343,1.30343,1.30339,1.30339,38480000,1
1500442320000,1500442379000,1.30339,1.30343,1.30339,1.30342,50750000,1
1500442380000,1500442439000,1.30343,1.30361,1.3034,1.30358,98000000,1
1500442440000,1500442499000,1.30358,1.30367,1.30358,1.30367,39250000,1
1500442500000,1500442559000,1.30367,1.30367,1.30355,1.30356,52940000,1
1500442560000,1500442619000,1.30357,1.30357,1.30346,1.30346,41870000,1
1500442620000,1500442679000,1.30347,1.30364,1.30345,1.30362,52910000,1
1500442680000,1500442739000,1.30363,1.30367,1.30363,1.30367,12500000,1
1500442740000,1500442799000,1.30367,1.30379,1.30367,1.30377,60380000,1
1500442800000,1500442859000,1.30376,1.30411,1.30376,1.30395,96980000,1
1500442860000,1500442919000,1.30391,1.30404,1.30379,1.3038,60040000,1
1500442920000,1500442979000,1.30379,1.30403,1.30373,1.30387,125380000,1
1500442980000,1500443039000,1.30388,1.30393,1.30385,1.30386,29120000,1
1500443040000,1500443099000,1.30389,1.3039,1.30377,1.30378,60530000,1
1500443100000,1500443159000,1.30381,1.3039,1.30379,1.30388,32060000,1
1500443160000,1500443219000,1.3039,1.3039,1.30374,1.30375,35690000,1
1500443220000,1500443279000,1.30377,1.30381,1.3037,1.30377,41420000,1
1500443280000,1500443339000,1.30376,1.30387,1.30375,1.30382,38490000,1
1500443340000,1500443399000,1.30382,1.3039,1.3038,1.3039,20440000,1
1500443400000,1500443459000,1.3039,1.304,1.3039,1.30396,28110000,1
1500443460000,1500443519000,1.30394,1.30403,1.30391,1.30401,44800000,1
1500443520000,1500443579000,1.30402,1.30413,1.304,1.30413,48650000,1
1500443580000,1500443639000,1.30413,1.30413,1.30395,1.30402,44740000,1
1500443640000,1500443699000,1.30402,1.30405,1.30402,1.30402,20000000,1
1500443700000,1500443759000,1.30402,1.30402,1.30391,1.30396,45570000,1
1500443760000,1500443819000,1.30395,1.30396,1.30391,1.30396,72070000,1
1500443820000,1500443879000,1.30396,1.304,1.30391,1.304,29020000,1
1500443880000,1500443939000,1.304,1.30411,1.304,1.30408,49070000,1
1500443940000,1500443999000,1.30407,1.30415,1.30404,1.30415,25000000,1
1500444000000,1500444059000,1.30416,1.3042,1.30398,1.30405,80250000,1
1500444060000,1500444119000,1.30406,1.30427,1.30402,1.30408,93690000,1
1500444120000,1500444179000,1.30407,1.30432,1.30407,1.30424,67990000,1
1500444180000,1500444239000,1.30424,1.30438,1.30413,1.30438,46500000,1
1500444240000,1500444299000,1.30442,1.30445,1.3043,1.30441,87240000,1
1500444300000,1500444359000,1.30439,1.30452,1.3043,1.30452,70460000,1
1500444360000,1500444419000,1.3045,1.30452,1.3044,1.30441,70310000,1
1500444420000,1500444479000,1.30444,1.30447,1.30438,1.30439,52020000,1
1500444480000,1500444539000,1.30439,1.30455,1.30439,1.30453,121770000,1
1500444540000,1500444599000,1.30454,1.30469,1.30446,1.30465,45360000,1
1500444600000,1500444659000,1.30464,1.30464,1.30414,1.3044,109650000,1
1500444660000,1500444719000,1.30441,1.30468,1.30437,1.3046,99130000,1
1500444720000,1500444779000,1.30459,1.30459,1.30425,1.30446,92140000,1
1500444780000,1500444839000,1.30446,1.30459,1.30446,1.30449,81990000,1
1500444840000,1500444899000,1.30454,1.30475,1.30451,1.30463,114830000,1
1500444900000,1500444959000,1.30463,1.30465,1.30436,1.30452,220010000,1
1500444960000,1500445019000,1.30453,1.30466,1.30433,1.30453,126160000,1
1500445020000,1500445079000,1.30451,1.30454,1.30442,1.30452,55880000,1
1500445080000,1500445139000,1.30451,1.30451,1.30439,1.30445,46750000,1
1500445140000,1500445199000,1.30444,1.30446,1.30424,1.30426,44740000,1
1500445200000,1500445259000,1.30426,1.30437,1.30425,1.30426,50800000,1
1500445260000,1500445319000,1.30425,1.30425,1.30393,1.30393,89300000,1
1500445320000,1500445379000,1.30393,1.30397,1.30392,1.30392,77140000,1
1500445380000,1500445439000,1.30393,1.30394,1.30373,1.30383,73270000,1
1500445440000,1500445499000,1.30385,1.30403,1.30385,1.30388,108150000,1
1500445500000,1500445559000,1.30387,1.30401,1.30387,1.30395,89420000,1
1500445560000,1500445619000,1.30395,1.30396,1.30391,1.30391,55380000,1
1500445620000,1500445679000,1.30391,1.30392,1.30363,1.30363,82580000,1
1500445680000,1500445739000,1.30363,1.30363,1.30347,1.30347,65550000,1
1500445740000,1500445799000,1.30346,1.30351,1.3032,1.30327,178570000,1
1500445800000,1500445859000,1.30329,1.30374,1.30329,1.30367,98640000,1
1500445860000,1500445919000,1.30367,1.30378,1.30362,1.30378,86710000,1
1500445920000,1500445979000,1.30377,1.30389,1.30373,1.30374,120800000,1
1500445980000,1500446039000,1.30374,1.30374,1.30342,1.30344,160780000,1
1500446040000,1500446099000,1.30344,1.30356,1.30339,1.30353,86140000,1
1500446100000,1500446159000,1.30354,1.30356,1.30322,1.30323,145930000,1
1500446160000,1500446219000,1.30321,1.30345,1.30312,1.30344,176880000,1
1500446220000,1500446279000,1.30343,1.30366,1.30342,1.30363,144720000,1
1500446280000,1500446339000,1.30362,1.30373,1.30334,1.30337,166480000,1
1500446340000,1500446399000,1.30337,1.30337,1.30299,1.30303,208080000,1
1500446400000,1500446459000,1.30304,1.30325,1.303,1.30322,109480000,1
1500446460000,1500446519000,1.30323,1.30352,1.30323,1.30334,129300000,1
1500446520000,1500446579000,1.30332,1.30341,1.30313,1.30328,106880000,1
1500446580000,1500446639000,1.30328,1.30355,1.3032,1.30354,92650000,1
1500446640000,1500446699000,1.30352,1.30356,1.30349,1.30355,93850000,1
1500446700000,1500446759000,1.30354,1.30365,1.30352,1.30365,68890000,1
1500446760000,1500446819000,1.30364,1.30397,1.30364,1.30392,144600000,1
1500446820000,1500446879000,1.30392,1.30394,1.30374,1.30376,135800000,1
1500446880000,1500446939000,1.30376,1.30387,1.30374,1.30375,85930000,1
1500446940000,1500446999000,1.30375,1.30375,1.30356,1.30356,149640000,1
1500447000000,1500447059000,1.30361,1.30382,1.30359,1.30367,127830000,1
1500447060000,1500447119000,1.30367,1.30369,1.30348,1.30354,126140000,1
1500447120000,1500447179000,1.30355,1.30365,1.30352,1.30365,138990000,1
1500447180000,1500447239000,1.30364,1.30375,1.30361,1.30364,99760000,1
1500447240000,1500447299000,1.30364,1.30372,1.30362,1.30364,64020000,1
1500447300000,1500447359000,1.30364,1.30365,1.30346,1.30346,79740000,1
1500447360000,1500447419000,1.30345,1.30354,1.30344,1.3035,107610000,1
1500447420000,1500447479000,1.30352,1.30361,1.30351,1.30353,112870000,1
1500447480000,1500447539000,1.30353,1.30356,1.30332,1.30332,102530000,1
1500447540000,1500447599000,1.30331,1.30335,1.30316,1.30316,123520000,1
1500447600000,1500447659000,1.30318,1.30368,1.30316,1.30353,232490000,1
1500447660000,1500447719000,1.30354,1.30384,1.30353,1.30382,174420000,1
1500447720000,1500447779000,1.30382,1.30387,1.30377,1.30383,135180000,1
1500447780000,1500447839000,1.30383,1.30385,1.30373,1.30376,98280000,1
1500447840000,1500447899000,1.30376,1.30379,1.30362,1.30366,125390000,1
1500447900000,1500447959000,1.30365,1.30379,1.30362,1.30373,150780000,1
1500447960000,1500448019000,1.30373,1.30383,1.30362,1.30371,126880000,1
1500448020000,1500448079000,1.30374,1.30395,1.30372,1.30388,201440000,1
1500448080000,1500448139000,1.30385,1.30413,1.30374,1.30376,244080000,1
1500448140000,1500448199000,1.30376,1.30394,1.30362,1.30385,188710000,1
1500448200000,1500448259000,1.30384,1.30408,1.30382,1.30395,138260000,1
1500448260000,1500448319000,1.30395,1.3042,1.30392,1.30419,116790000,1
1500448320000,1500448379000,1.30419,1.3045,1.30417,1.30448,77500000,1
1500448380000,1500448439000,1.3045,1.30479,1.30438,1.30476,139740000,1
1500448440000,1500448499000,1.30478,1.3048,1.3047,1.30477,76650000,1
1500448500000,1500448559000,1.30479,1.30484,1.30473,1.30475,128420000,1
1500448560000,1500448619000,1.30475,1.30478,1.30471,1.30472,110430000,1
1500448620000,1500448679000,1.30472,1.30472,1.30441,1.30444,127210000,1
1500448680000,1500448739000,1.30444,1.30465,1.30438,1.30444,146270000,1
1500448740000,1500448799000,1.30444,1.30444,1.3042,1.30422,155050000,1
1500448800000,1500448859000,1.30422,1.30433,1.30407,1.30407,131290000,1
1500448860000,1500448919000,1.30406,1.30407,1.304,1.30404,133230000,1
1500448920000,1500448979000,1.30404,1.30407,1.30402,1.30403,94200000,1
1500448980000,1500449039000,1.30403,1.30403,1.304,1.30401,113890000,1
1500449040000,1500449099000,1.304,1.304,1.30383,1.30392,107020000,1
1500449100000,1500449159000,1.30391,1.30393,1.30384,1.30391,171490000,1
1500449160000,1500449219000,1.30391,1.30394,1.30384,1.30394,105110000,1
1500449220000,1500449279000,1.30393,1.30396,1.30384,1.30394,140720000,1
1500449280000,1500449339000,1.30396,1.30402,1.30383,1.30383,168870000,1
1500449340000,1500449399000,1.30383,1.30391,1.30376,1.3038,125720000,1
1500449400000,1500449459000,1.3038,1.3038,1.30354,1.30372,124340000,1
1500449460000,1500449519000,1.30372,1.30373,1.30351,1.30363,104990000,1
1500449520000,1500449579000,1.30363,1.30363,1.30343,1.30349,86500000,1
1500449580000,1500449639000,1.30346,1.30346,1.3031,1.30312,84160000,1
1500449640000,1500449699000,1.30312,1.30322,1.30309,1.30312,99560000,1
1500449700000,1500449759000,1.30313,1.30324,1.3031,1.30323,94090000,1
1500449760000,1500449819000,1.30321,1.30324,1.30312,1.30313,87630000,1
1500449820000,1500449879000,1.30313,1.3032,1.30302,1.30316,155830000,1
1500449880000,1500449939000,1.30316,1.3032,1.30298,1.30302,112930000,1
1500449940000,1500449999000,1.30302,1.30308,1.30287,1.30292,132860000,1
1500450000000,1500450059000,1.30292,1.30309,1.30291,1.30293,83370000,1
1500450060000,1500450119000,1.30293,1.30293,1.30248,1.30262,203930000,1
1500450120000,1500450179000,1.30263,1.30275,1.30262,1.30266,164060000,1
1500450180000,1500450239000,1.30266,1.30268,1.30252,1.30253,232630000,1
1500450240000,1500450299000,1.30254,1.30287,1.30254,1.30286,128660000,1
1500450300000,1500450359000,1.30285,1.30296,1.30272,1.30273,142980000,1
1500450360000,1500450419000,1.30272,1.30279,1.30262,1.30263,135760000,1
1500450420000,1500450479000,1.30263,1.30263,1.30194,1.30234,214450000,1
1500450480000,1500450539000,1.30233,1.30233,1.30191,1.30195,256210000,1
1500450540000,1500450599000,1.30194,1.30215,1.30185,1.30215,117510000,1
1500450600000,1500450659000,1.30215,1.30215,1.30189,1.30194,67840000,1
1500450660000,1500450719000,1.30195,1.302,1.30174,1.30181,123950000,1
1500450720000,1500450779000,1.30181,1.30189,1.30106,1.30128,201260000,1
1500450780000,1500450839000,1.30129,1.30186,1.30111,1.30173,229420000,1
1500450840000,1500450899000,1.30172,1.30204,1.30169,1.30194,118960000,1
1500450900000,1500450959000,1.30194,1.30221,1.30194,1.30218,106620000,1
1500450960000,1500451019000,1.30216,1.30239,1.30216,1.30224,241160000,1
1500451020000,1500451079000,1.30224,1.30229,1.30194,1.30201,284040000,1
1500451080000,1500451139000,1.30201,1.30201,1.30172,1.30182,127360000,1
1500451140000,1500451199000,1.30182,1.30202,1.30174,1.30188,112240000,1
1500451200000,1500451259000,1.30192,1.30192,1.30167,1.30169,133880000,1
1500451260000,1500451319000,1.3017,1.30192,1.3017,1.30188,102440000,1
1500451320000,1500451379000,1.30187,1.30198,1.30183,1.30197,77080000,1
1500451380000,1500451439000,1.30198,1.30203,1.30181,1.30181,114770000,1
1500451440000,1500451499000,1.30181,1.30196,1.30177,1.30193,93730000,1
1500451500000,1500451559000,1.30193,1.30201,1.30141,1.30144,149510000,1
1500451560000,1500451619000,1.30143,1.30162,1.30143,1.30143,143040000,1
1500451620000,1500451679000,1.30143,1.30145,1.30121,1.30122,116070000,1
1500451680000,1500451739000,1.30122,1.30158,1.30122,1.30157,132590000,1
1500451740000,1500451799000,1.30158,1.30189,1.30157,1.30185,119810000,1
1500451800000,1500451859000,1.30186,1.30196,1.30176,1.30182,104690000,1
1500451860000,1500451919000,1.30183,1.30197,1.3017,1.30172,134780000,1
1500451920000,1500451979000,1.30172,1.30173,1.3016,1.30162,99610000,1
1500451980000,1500452039000,1.30162,1.30163,1.30152,1.30153,119360000,1
1500452040000,1500452099000,1.30153,1.30198,1.30152,1.30194,120570000,1
1500452100000,1500452159000,1.30194,1.3024,1.30194,1.30234,102800000,1
1500452160000,1500452219000,1.30233,1.30263,1.30225,1.30263,184540000,1
1500452220000,1500452279000,1.30264,1.30264,1.30251,1.30253,134500000,1
1500452280000,1500452339000,1.30252,1.30254,1.30243,1.30243,93500000,1
1500452340000,1500452399000,1.30242,1.30264,1.30242,1.30264,76770000,1
1500452400000,1500452459000,1.30264,1.30264,1.30234,1.30245,103450000,1
1500452460000,1500452519000,1.30242,1.30258,1.30241,1.30253,67950000,1
1500452520000,1500452579000,1.30253,1.30263,1.30238,1.30242,146240000,1
1500452580000,1500452639000,1.30243,1.30258,1.30243,1.30246,142200000,1
1500452640000,1500452699000,1.30246,1.30266,1.30243,1.30264,83430000,1
1500452700000,1500452759000,1.30263,1.30263,1.30249,1.30253,59240000,1
1500452760000,1500452819000,1.30252,1.30264,1.30247,1.30264,123040000,1
1500452820000,1500452879000,1.30263,1.30277,1.30255,1.30261,143100000,1
1500452880000,1500452939000,1.30257,1.30258,1.3025,1.30258,72930000,1
1500452940000,1500452999000,1.30256,1.30266,1.30235,1.30236,110790000,1
1500453000000,1500453059000,1.30235,1.30256,1.30232,1.30256,79470000,1
1500453060000,1500453119000,1.30255,1.30261,1.30247,1.30257,75680000,1
1500453120000,1500453179000,1.30257,1.30258,1.30236,1.30253,89970000,1
1500453180000,1500453239000,1.30253,1.30278,1.30247,1.30265,83240000,1
1500453240000,1500453299000,1.30264,1.30268,1.30257,1.3026,126420000,1
1500453300000,1500453359000,1.3026,1.30278,1.30257,1.30277,109010000,1
1500453360000,1500453419000,1.30277,1.30277,1.30262,1.30265,109010000,1
1500453420000,1500453479000,1.30265,1.30288,1.30264,1.30278,170420000,1
1500453480000,1500453539000,1.30278,1.30282,1.30267,1.30267,99540000,1
1500453540000,1500453599000,1.30266,1.30269,1.30257,1.30262,94980000,1
1500453600000,1500453659000,1.30264,1.30273,1.30255,1.30272,101490000,1
1500453660000,1500453719000,1.30273,1.30278,1.30264,1.30274,141220000,1
1500453720000,1500453779000,1.30273,1.30273,1.30263,1.30264,145260000,1
1500453780000,1500453839000,1.30264,1.3028,1.30251,1.30274,163810000,1
1500453840000,1500453899000,1.30273,1.30292,1.30265,1.30285,132200000,1
1500453900000,1500453959000,1.30284,1.30305,1.30281,1.30295,197230000,1
1500453960000,1500454019000,1.30295,1.30324,1.30294,1.30322,204700000,1
1500454020000,1500454079000,1.30321,1.30329,1.30304,1.30304,186650000,1
1500454080000,1500454139000,1.30303,1.30314,1.30303,1.30306,140540000,1
1500454140000,1500454199000,1.30305,1.30305,1.30282,1.30283,85200000,1
1500454200000,1500454259000,1.30283,1.30294,1.30283,1.30293,118430000,1
1500454260000,1500454319000,1.30292,1.30294,1.30275,1.30282,50250000,1
1500454320000,1500454379000,1.30283,1.30283,1.30272,1.30275,64980000,1
1500454380000,1500454439000,1.30277,1.30277,1.30255,1.30265,129250000,1
1500454440000,1500454499000,1.30264,1.30267,1.30258,1.30262,78850000,1
1500454500000,1500454559000,1.3026,1.3026,1.30245,1.30251,62080000,1
1500454560000,1500454619000,1.30252,1.30263,1.30251,1.30251,74810000,1
1500454620000,1500454679000,1.30253,1.30276,1.30253,1.30276,61030000,1
1500454680000,1500454739000,1.30275,1.30276,1.30264,1.30273,53120000,1
1500454740000,1500454799000,1.30273,1.30273,1.30262,1.30262,69300000,1
1500454800000,1500454859000,1.30261,1.30272,1.3026,1.30271,99510000,1
1500454860000,1500454919000,1.30271,1.30273,1.30258,1.30272,91840000,1
1500454920000,1500454979000,1.30271,1.30277,1.30255,1.30255,190090000,1
1500454980000,1500455039000,1.30256,1.30274,1.30254,1.30263,138690000,1
1500455040000,1500455099000,1.30263,1.30263,1.30229,1.30243,201510000,1
1500455100000,1500455159000,1.30243,1.30253,1.30234,1.30248,107790000,1
1500455160000,1500455219000,1.3025,1.30276,1.3025,1.30263,274650000,1
1500455220000,1500455279000,1.30263,1.30286,1.30263,1.30277,144280000,1
1500455280000,1500455339000,1.30277,1.30287,1.30277,1.30283,156190000,1
1500455340000,1500455399000,1.30283,1.30285,1.30272,1.30285,83830000,1
1500455400000,1500455459000,1.30284,1.30314,1.30273,1.30314,121430000,1
1500455460000,1500455519000,1.30314,1.30317,1.30304,1.30305,118080000,1
1500455520000,1500455579000,1.30304,1.30314,1.30303,1.30307,167000000,1
1500455580000,1500455639000,1.30306,1.30311,1.30302,1.30306,225910000,1
1500455640000,1500455699000,1.30306,1.30318,1.30304,1.30312,184960000,1
1500455700000,1500455759000,1.30312,1.30327,1.30312,1.30327,93410000,1
1500455760000,1500455819000,1.30327,1.30343,1.30327,1.30339,146300000,1
1500455820000,1500455879000,1.30339,1.30352,1.30337,1.30348,230490000,1
1500455880000,1500455939000,1.30348,1.30355,1.30347,1.3035,96360000,1
1500455940000,1500455999000,1.30348,1.30364,1.30348,1.30363,137460000,1
1500456000000,1500456059000,1.30363,1.30383,1.30359,1.30378,203340000,1
1500456060000,1500456119000,1.30379,1.30383,1.30366,1.30371,258940000,1
1500456120000,1500456179000,1.30372,1.30372,1.30368,1.30369,140890000,1
1500456180000,1500456239000,1.30369,1.30369,1.30359,1.30364,87560000,1
1500456240000,1500456299000,1.30365,1.30368,1.30364,1.30366,69070000,1
1500456300000,1500456359000,1.30369,1.30392,1.30369,1.30388,172980000,1
1500456360000,1500456419000,1.30388,1.30389,1.3038,1.30384,135190000,1
1500456420000,1500456479000,1.30383,1.30384,1.30377,1.30377,111330000,1
1500456480000,1500456539000,1.30377,1.30382,1.30373,1.30377,85930000,1
1500456540000,1500456599000,1.30377,1.30388,1.30376,1.30388,73230000,1
1500456600000,1500456659000,1.30387,1.30391,1.30377,1.30391,75240000,1
1500456660000,1500456719000,1.3039,1.3039,1.30371,1.30386,54120000,1
1500456720000,1500456779000,1.30387,1.30404,1.30383,1.30389,83240000,1
1500456780000,1500456839000,1.3039,1.30397,1.30385,1.30389,47250000,1
1500456840000,1500456899000,1.3039,1.30395,1.30377,1.30378,68870000,1
1500456900000,1500456959000,1.30378,1.30378,1.30343,1.3035,99980000,1
1500456960000,1500457019000,1.30351,1.30351,1.30311,1.30336,86850000,1
1500457020000,1500457079000,1.30336,1.30338,1.30326,1.30326,45860000,1
1500457080000,1500457139000,1.30326,1.30341,1.30324,1.30332,76370000,1
1500457140000,1500457199000,1.3033,1.30331,1.30311,1.30314,86590000,1
1500457200000,1500457259000,1.30314,1.3033,1.30314,1.30328,81000000,1
1500457260000,1500457319000,1.30328,1.30344,1.30324,1.30338,79070000,1
1500457320000,1500457379000,1.30337,1.30338,1.30312,1.30312,76500000,1
1500457380000,1500457439000,1.30312,1.30315,1.30303,1.30303,74700000,1
1500457440000,1500457499000,1.30303,1.30305,1.30283,1.30289,131320000,1
1500457500000,1500457559000,1.30289,1.30303,1.30282,1.30287,88050000,1
1500457560000,1500457619000,1.30287,1.30298,1.30281,1.30297,200270000,1
1500457620000,1500457679000,1.30298,1.30298,1.30259,1.30271,117880000,1
1500457680000,1500457739000,1.3027,1.30281,1.3027,1.30274,124140000,1
1500457740000,1500457799000,1.30274,1.30282,1.30255,1.30255,107800000,1
1500457800000,1500457859000,1.30254,1.30257,1.30222,1.30233,206250000,1
1500457860000,1500457919000,1.30234,1.30244,1.30228,1.3024,136540000,1
1500457920000,1500457979000,1.30241,1.30245,1.30232,1.30244,57880000,1
1500457980000,1500458039000,1.30243,1.30255,1.30242,1.30243,72170000,1
1500458040000,1500458099000,1.30242,1.30245,1.30235,1.30237,128310000,1
1500458100000,1500458159000,1.30237,1.30247,1.30225,1.30246,75070000,1
1500458160000,1500458219000,1.30246,1.30251,1.30239,1.3025,83180000,1
1500458220000,1500458279000,1.30251,1.30266,1.30251,1.30261,45500000,1
1500458280000,1500458339000,1.3026,1.3026,1.30246,1.30251,118590000,1
1500458340000,1500458399000,1.3025,1.30253,1.30247,1.30253,63610000,1
1500458400000,1500458459000,1.30253,1.30253,1.30247,1.30253,33610000,1
1500458460000,1500458519000,1.30251,1.30254,1.30205,1.3022,131950000,1
1500458520000,1500458579000,1.3022,1.30223,1.30216,1.30222,157590000,1
1500458580000,1500458639000,1.30221,1.30221,1.30204,1.30207,114790000,1
1500458640000,1500458699000,1.30204,1.30223,1.30204,1.30221,125610000,1
1500458700000,1500458759000,1.30221,1.30255,1.3021,1.30252,115260000,1
1500458760000,1500458819000,1.30254,1.3029,1.30249,1.3029,91570000,1
1500458820000,1500458879000,1.30287,1.30295,1.30284,1.30291,49390000,1
1500458880000,1500458939000,1.3029,1.30309,1.30288,1.30308,44120000,1
1500458940000,1500458999000,1.30307,1.30317,1.303,1.30308,54580000,1
1500459000000,1500459059000,1.30309,1.30329,1.30309,1.30321,56660000,1
1500459060000,1500459119000,1.3032,1.30327,1.30316,1.30327,33820000,1
1500459120000,1500459179000,1.30324,1.30324,1.30304,1.30311,29990000,1
1500459180000,1500459239000,1.30311,1.30314,1.30306,1.30311,30300000,1
1500459240000,1500459299000,1.30311,1.30321,1.30302,1.30318,71480000,1
1500459300000,1500459359000,1.30319,1.30327,1.30316,1.30324,73000000,1
1500459360000,1500459419000,1.30323,1.30351,1.30318,1.30347,172390000,1
1500459420000,1500459479000,1.30348,1.30357,1.30335,1.30335,195760000,1
1500459480000,1500459539000,1.30334,1.30347,1.30317,1.30319,142070000,1
1500459540000,1500459599000,1.30318,1.30318,1.30305,1.30305,62730000,1
1500459600000,1500459659000,1.30304,1.30328,1.30304,1.30328,64680000,1
1500459660000,1500459719000,1.30328,1.30333,1.30326,1.30328,64820000,1
1500459720000,1500459779000,1.30328,1.30333,1.30322,1.30323,36090000,1
1500459780000,1500459839000,1.30322,1.30327,1.3032,1.30326,32940000,1
1500459840000,1500459899000,1.30326,1.30343,1.30326,1.30341,51620000,1
1500459900000,1500459959000,1.30341,1.30359,1.30339,1.30357,91850000,1
1500459960000,1500460019000,1.30357,1.30406,1.30356,1.30398,175560000,1
1500460020000,1500460079000,1.30402,1.30443,1.30402,1.30442,166700000,1
1500460080000,1500460139000,1.30443,1.30475,1.30443,1.30467,171550000,1
1500460140000,1500460199000,1.30469,1.30471,1.30425,1.30434,230380000,1
1500460200000,1500460259000,1.30437,1.30446,1.3043,1.30444,93540000,1
1500460260000,1500460319000,1.30445,1.30453,1.30394,1.30402,166450000,1
1500460320000,1500460379000,1.30403,1.30417,1.30402,1.30413,44140000,1
1500460380000,1500460439000,1.30413,1.30434,1.30403,1.30405,81480000,1
1500460440000,1500460499000,1.30406,1.30415,1.30404,1.30414,85870000,1
1500460500000,1500460559000,1.30414,1.30422,1.30412,1.30412,67090000,1
1500460560000,1500460619000,1.30411,1.30411,1.30384,1.30388,58360000,1
1500460620000,1500460679000,1.30389,1.30402,1.30386,1.30399,106460000,1
1500460680000,1500460739000,1.30402,1.30408,1.30401,1.30403,47400000,1
1500460740000,1500460799000,1.30406,1.30416,1.30393,1.30416,134660000,1
1500460800000,1500460859000,1.30417,1.30417,1.304,1.30406,98630000,1
1500460860000,1500460919000,1.30407,1.30433,1.30407,1.30427,83540000,1
1500460920000,1500460979000,1.30425,1.3043,1.30413,1.30413,54920000,1
1500460980000,1500461039000,1.30411,1.30448,1.30411,1.30442,170360000,1
1500461040000,1500461099000,1.30442,1.30461,1.30442,1.30454,97070000,1
1500461100000,1500461159000,1.30452,1.30456,1.30444,1.30448,73390000,1
1500461160000,1500461219000,1.3045,1.30451,1.30432,1.30434,129170000,1
1500461220000,1500461279000,1.30434,1.30447,1.30418,1.30422,169330000,1
1500461280000,1500461339000,1.30422,1.30434,1.30421,1.30432,158180000,1
1500461340000,1500461399000,1.30434,1.30441,1.30425,1.30426,119370000,1
1500461400000,1500461459000,1.30426,1.30427,1.30396,1.30396,150730000,1
1500461460000,1500461519000,1.30395,1.30398,1.30387,1.30392,77980000,1
1500461520000,1500461579000,1.30392,1.30411,1.30392,1.30405,41440000,1
1500461580000,1500461639000,1.30405,1.30416,1.30398,1.30416,104400000,1
1500461640000,1500461699000,1.30415,1.30427,1.30411,1.30424,62020000,1
1500461700000,1500461759000,1.30423,1.30433,1.30416,1.30432,96970000,1
1500461760000,1500461819000,1.30433,1.30464,1.30431,1.30464,168390000,1
1500461820000,1500461879000,1.30465,1.30519,1.30463,1.30509,267020000,1
1500461880000,1500461939000,1.30505,1.30525,1.30493,1.30504,160580000,1
1500461940000,1500461999000,1.30504,1.30527,1.30491,1.30521,128780000,1
1500462000000,1500462059000,1.30522,1.30522,1.30472,1.30472,162330000,1
1500462060000,1500462119000,1.30471,1.30476,1.30458,1.3046,95700000,1
1500462120000,1500462179000,1.3046,1.30474,1.30458,1.30464,70300000,1
1500462180000,1500462239000,1.30464,1.30467,1.30451,1.30467,70700000,1
1500462240000,1500462299000,1.30466,1.30471,1.30457,1.30461,80410000,1
1500462300000,1500462359000,1.3046,1.30463,1.30428,1.3043,135800000,1
1500462360000,1500462419000,1.3043,1.30454,1.30424,1.30446,56720000,1
1500462420000,1500462479000,1.30444,1.30453,1.3043,1.30436,79260000,1
1500462480000,1500462539000,1.30437,1.30456,1.30431,1.30446,107410000,1
1500462540000,1500462599000,1.30446,1.30446,1.30431,1.30432,114700000,1
1500462600000,1500462659000,1.30433,1.30438,1.30422,1.30425,123630000,1
1500462660000,1500462719000,1.30423,1.30426,1.30413,1.30413,93820000,1
1500462720000,1500462779000,1.30414,1.30426,1.30405,1.30426,71070000,1
1500462780000,1500462839000,1.30425,1.30425,1.30404,1.30408,131730000,1
1500462840000,1500462899000,1.30409,1.30411,1.30403,1.30405,47630000,1
1500462900000,1500462959000,1.30405,1.30405,1.30375,1.30377,165600000,1
1500462960000,1500463019000,1.30378,1.30378,1.30353,1.30363,159420000,1
1500463020000,1500463079000,1.30361,1.30361,1.30343,1.30355,75370000,1
1500463080000,1500463139000,1.30355,1.30359,1.30351,1.30355,67260000,1
1500463140000,1500463199000,1.30354,1.30357,1.30339,1.30349,134060000,1
1500463200000,1500463259000,1.3035,1.30351,1.30314,1.30324,131330000,1
1500463260000,1500463319000,1.30322,1.30334,1.30318,1.30334,85850000,1
1500463320000,1500463379000,1.30334,1.30348,1.30328,1.30333,116330000,1
1500463380000,1500463439000,1.30333,1.30358,1.30333,1.30354,68150000,1
1500463440000,1500463499000,1.30354,1.30363,1.30352,1.30357,57350000,1
1500463500000,1500463559000,1.30357,1.30357,1.30318,1.30325,101790000,1
1500463560000,1500463619000,1.30323,1.30333,1.30298,1.303,127890000,1
1500463620000,1500463679000,1.30302,1.30315,1.30298,1.3031,103050000,1
1500463680000,1500463739000,1.30308,1.30308,1.30268,1.30287,208680000,1
1500463740000,1500463799000,1.30282,1.30288,1.30279,1.30288,56810000,1
1500463800000,1500463859000,1.30288,1.30313,1.30288,1.30307,67920000,1
1500463860000,1500463919000,1.30307,1.30319,1.30307,1.30316,92890000,1
1500463920000,1500463979000,1.30316,1.30316,1.30285,1.30286,147830000,1
1500463980000,1500464039000,1.30285,1.30287,1.30252,1.30253,271740000,1
1500464040000,1500464099000,1.30252,1.30268,1.30242,1.30252,351390000,1
1500464100000,1500464159000,1.30254,1.30263,1.30247,1.30249,196470000,1
1500464160000,1500464219000,1.30247,1.30258,1.30247,1.30257,87660000,1
1500464220000,1500464279000,1.30257,1.3028,1.30257,1.3028,78040000,1
1500464280000,1500464339000,1.30279,1.30297,1.30279,1.30295,99900000,1
1500464340000,1500464399000,1.30294,1.30301,1.30289,1.30298,104680000,1
1500464400000,1500464459000,1.30298,1.30301,1.30287,1.30291,78900000,1
1500464460000,1500464519000,1.30288,1.30293,1.30278,1.30282,103440000,1
1500464520000,1500464579000,1.30284,1.30318,1.30269,1.30302,111210000,1
1500464580000,1500464639000,1.30302,1.30302,1.30281,1.30284,62420000,1
1500464640000,1500464699000,1.30287,1.303,1.30287,1.30296,48850000,1
1500464700000,1500464759000,1.30295,1.30303,1.30294,1.30303,58440000,1
1500464760000,1500464819000,1.30303,1.30332,1.30298,1.30331,82180000,1
1500464820000,1500464879000,1.30327,1.30329,1.30318,1.30318,50270000,1
1500464880000,1500464939000,1.30318,1.3032,1.30317,1.30319,58880000,1
1500464940000,1500464999000,1.30316,1.30324,1.30315,1.30317,53040000,1
1500465000000,1500465059000,1.30316,1.30319,1.30309,1.30319,45720000,1
1500465060000,1500465119000,1.30319,1.30319,1.30307,1.30307,59850000,1
1500465120000,1500465179000,1.3031,1.3031,1.30293,1.30298,65270000,1
1500465180000,1500465239000,1.30298,1.30307,1.30294,1.303,122690000,1
1500465240000,1500465299000,1.30301,1.30318,1.303,1.30318,62210000,1
1500465300000,1500465359000,1.30318,1.30318,1.30304,1.30315,96570000,1
1500465360000,1500465419000,1.30316,1.30316,1.30314,1.30316,36320000,1
1500465420000,1500465479000,1.30316,1.3032,1.30315,1.30319,41210000,1
1500465480000,1500465539000,1.30319,1.30321,1.30315,1.30316,55360000,1
1500465540000,1500465599000,1.30316,1.30316,1.30304,1.30306,88540000,1
1500465600000,1500465659000,1.30307,1.30325,1.30306,1.30324,121720000,1
1500465660000,1500465719000,1.30325,1.30339,1.30317,1.30338,114570000,1
1500465720000,1500465779000,1.30338,1.30349,1.30335,1.30338,71330000,1
1500465780000,1500465839000,1.30338,1.30339,1.30323,1.30339,63230000,1
1500465840000,1500465899000,1.30339,1.30348,1.30337,1.30348,45600000,1
1500465900000,1500465959000,1.30348,1.3035,1.30337,1.30338,135090000,1
1500465960000,1500466019000,1.30338,1.3035,1.30332,1.30337,121890000,1
1500466020000,1500466079000,1.30337,1.30349,1.30337,1.30349,183770000,1
1500466080000,1500466139000,1.30348,1.30369,1.30346,1.30355,270520000,1
1500466140000,1500466199000,1.30355,1.30368,1.30343,1.30343,94940000,1
1500466200000,1500466259000,1.30341,1.30361,1.30335,1.30361,73110000,1
1500466260000,1500466319000,1.30361,1.30369,1.30339,1.30339,119820000,1
1500466320000,1500466379000,1.30338,1.30351,1.30335,1.30351,119870000,1
1500466380000,1500466439000,1.30351,1.30352,1.30343,1.3035,70500000,1
1500466440000,1500466499000,1.30351,1.30356,1.30335,1.3034,106790000,1
1500466500000,1500466559000,1.3034,1.3034,1.30314,1.30314,80190000,1
1500466560000,1500466619000,1.30314,1.30329,1.30309,1.30316,96420000,1
1500466620000,1500466679000,1.30315,1.30332,1.30314,1.30332,82420000,1
1500466680000,1500466739000,1.30331,1.30348,1.30325,1.30348,144520000,1
1500466740000,1500466799000,1.30348,1.30374,1.30348,1.3037,72070000,1
1500466800000,1500466859000,1.30374,1.30378,1.30357,1.30357,93360000,1
1500466860000,1500466919000,1.30358,1.30358,1.30341,1.30349,82320000,1
1500466920000,1500466979000,1.30348,1.30348,1.30306,1.30317,164660000,1
1500466980000,1500467039000,1.30318,1.3032,1.30303,1.30311,103930000,1
1500467040000,1500467099000,1.30308,1.30322,1.30308,1.30318,121870000,1
1500467100000,1500467159000,1.30317,1.30318,1.30315,1.30315,43180000,1
1500467160000,1500467219000,1.30314,1.30338,1.30313,1.30338,108050000,1
1500467220000,1500467279000,1.30338,1.30356,1.30338,1.30354,89850000,1
1500467280000,1500467339000,1.30352,1.30359,1.30349,1.30351,57480000,1
1500467340000,1500467399000,1.30351,1.30381,1.30339,1.30344,167340000,1
1500467400000,1500467459000,1.30345,1.30398,1.30344,1.30378,310850000,1
1500467460000,1500467519000,1.30376,1.30397,1.30333,1.30334,150850000,1
1500467520000,1500467579000,1.30334,1.30357,1.30317,1.30338,179520000,1
1500467580000,1500467639000,1.30339,1.30339,1.30326,1.30337,156270000,1
1500467640000,1500467699000,1.30337,1.30342,1.30307,1.30307,85600000,1
1500467700000,1500467759000,1.30307,1.30307,1.3027,1.30272,170230000,1
1500467760000,1500467819000,1.30273,1.30294,1.3027,1.30294,105260000,1
1500467820000,1500467879000,1.30294,1.30305,1.30294,1.30304,93400000,1
1500467880000,1500467939000,1.30307,1.30307,1.30288,1.30289,150950000,1
1500467940000,1500467999000,1.30288,1.30291,1.30269,1.30291,94650000,1
1500468000000,1500468059000,1.30292,1.30305,1.30276,1.30278,116930000,1
1500468060000,1500468119000,1.30278,1.3029,1.30264,1.30264,124900000,1
1500468120000,1500468179000,1.30264,1.30277,1.30256,1.30276,156280000,1
1500468180000,1500468239000,1.30277,1.30291,1.30264,1.30291,98790000,1
1500468240000,1500468299000,1.30294,1.30314,1.30294,1.30298,127040000,1
1500468300000,1500468359000,1.30299,1.3032,1.30299,1.30306,123120000,1
1500468360000,1500468419000,1.30305,1.30328,1.30297,1.30328,97630000,1
1500468420000,1500468479000,1.30326,1.30357,1.30317,1.30357,175710000,1
1500468480000,1500468539000,1.30357,1.30357,1.30345,1.30353,125770000,1
1500468540000,1500468599000,1.30353,1.30379,1.30337,1.30369,269870000,1
1500468600000,1500468659000,1.30369,1.3037,1.30351,1.30358,258540000,1
1500468660000,1500468719000,1.30356,1.30357,1.30322,1.30323,137980000,1
1500468720000,1500468779000,1.30319,1.30319,1.30275,1.30276,174680000,1
1500468780000,1500468839000,1.30277,1.30291,1.30273,1.30273,132350000,1
1500468840000,1500468899000,1.30272,1.30325,1.30272,1.3032,101770000,1
1500468900000,1500468959000,1.3032,1.30335,1.30318,1.30323,95850000,1
1500468960000,1500469019000,1.30323,1.3033,1.3032,1.30321,64620000,1
1500469020000,1500469079000,1.3032,1.30332,1.30303,1.30329,147230000,1
1500469080000,1500469139000,1.30327,1.30331,1.30307,1.30319,188250000,1
1500469140000,1500469199000,1.30319,1.30319,1.30293,1.30293,129250000,1
1500469200000,1500469259000,1.30293,1.30306,1.30267,1.30273,185910000,1
1500469260000,1500469319000,1.30274,1.30308,1.30274,1.303,118930000,1
1500469320000,1500469379000,1.303,1.30323,1.303,1.30319,170580000,1
1500469380000,1500469439000,1.30318,1.30318,1.30263,1.30281,210150000,1
1500469440000,1500469499000,1.30281,1.30295,1.30273,1.30278,188370000,1
1500469500000,1500469559000,1.30278,1.3028,1.30253,1.30266,96370000,1
1500469560000,1500469619000,1.30266,1.3028,1.30266,1.30271,96990000,1
1500469620000,1500469679000,1.30271,1.30292,1.30271,1.30279,135230000,1
1500469680000,1500469739000,1.3028,1.30296,1.30276,1.30284,90460000,1
1500469740000,1500469799000,1.30286,1.30304,1.30281,1.30281,80290000,1
1500469800000,1500469859000,1.30279,1.30288,1.30279,1.30285,56500000,1
1500469860000,1500469919000,1.30286,1.30307,1.30284,1.303,107370000,1
1500469920000,1500469979000,1.30302,1.30321,1.30294,1.3031,156750000,1
1500469980000,1500470039000,1.30311,1.30315,1.3031,1.30311,131380000,1
1500470040000,1500470099000,1.30311,1.3032,1.30311,1.3032,74640000,1
1500470100000,1500470159000,1.3032,1.30324,1.30307,1.30307,83660000,1
1500470160000,1500470219000,1.30307,1.30309,1.30301,1.30307,57750000,1
1500470220000,1500470279000,1.30307,1.30338,1.30307,1.30321,120580000,1
1500470280000,1500470339000,1.30321,1.30342,1.30321,1.30331,106730000,1
1500470340000,1500470399000,1.30329,1.30331,1.30312,1.3033,90520000,1
1500470400000,1500470459000,1.30331,1.30334,1.30328,1.30331,64250000,1
1500470460000,1500470519000,1.30331,1.30341,1.30328,1.30328,138740000,1
1500470520000,1500470579000,1.30328,1.30329,1.30298,1.30313,138340000,1
1500470580000,1500470639000,1.30311,1.30318,1.30311,1.30317,115170000,1
1500470640000,1500470699000,1.30317,1.3032,1.30307,1.30319,88170000,1
1500470700000,1500470759000,1.30319,1.30338,1.30317,1.30333,144740000,1
1500470760000,1500470819000,1.30333,1.30347,1.30327,1.30328,153090000,1
1500470820000,1500470879000,1.30328,1.30339,1.30328,1.30338,110580000,1
1500470880000,1500470939000,1.30338,1.3036,1.30331,1.30333,167980000,1
1500470940000,1500470999000,1.30333,1.30358,1.30331,1.30357,62700000,1
1500471000000,1500471059000,1.30358,1.30366,1.30337,1.30341,105320000,1
1500471060000,1500471119000,1.30342,1.30348,1.30337,1.30337,92350000,1
1500471120000,1500471179000,1.30337,1.30338,1.30322,1.30327,173920000,1
1500471180000,1500471239000,1.30327,1.30338,1.30327,1.30329,142210000,1
1500471240000,1500471299000,1.30329,1.30344,1.30327,1.30343,109190000,1
1500471300000,1500471359000,1.30343,1.30344,1.30334,1.30338,100730000,1
1500471360000,1500471419000,1.30337,1.30345,1.30337,1.30339,90150000,1
1500471420000,1500471479000,1.30339,1.3036,1.30337,1.30348,127030000,1
1500471480000,1500471539000,1.30347,1.30368,1.30347,1.30363,102980000,1
1500471540000,1500471599000,1.30363,1.30363,1.30353,1.30357,61480000,1
1500471600000,1500471659000,1.30358,1.30358,1.30335,1.30348,88670000,1
1500471660000,1500471719000,1.30347,1.30359,1.30344,1.30358,106530000,1
1500471720000,1500471779000,1.30357,1.30379,1.30357,1.30378,87460000,1
1500471780000,1500471839000,1.30377,1.30378,1.30357,1.30365,130310000,1
1500471840000,1500471899000,1.30368,1.30375,1.30359,1.30359,130780000,1
1500471900000,1500471959000,1.3036,1.30377,1.30359,1.30369,118010000,1
1500471960000,1500472019000,1.30368,1.3037,1.30357,1.30357,75760000,1
1500472020000,1500472079000,1.30358,1.30376,1.30357,1.30371,157740000,1
1500472080000,1500472139000,1.3037,1.30377,1.30354,1.30375,117410000,1
1500472140000,1500472199000,1.30374,1.30387,1.30346,1.30354,185700000,1
1500472200000,1500472259000,1.30353,1.30373,1.3034,1.30371,103700000,1
1500472260000,1500472319000,1.30369,1.30371,1.30315,1.30316,246730000,1
1500472320000,1500472379000,1.30317,1.30337,1.30314,1.30323,149740000,1
1500472380000,1500472439000,1.30322,1.30327,1.30307,1.30309,198950000,1
1500472440000,1500472499000,1.30309,1.30315,1.30296,1.30306,169610000,1
1500472500000,1500472559000,1.30305,1.30306,1.30236,1.30254,223600000,1
1500472560000,1500472619000,1.30255,1.30255,1.30185,1.30209,271240000,1
1500472620000,1500472679000,1.30209,1.30209,1.30176,1.30179,134380000,1
1500472680000,1500472739000,1.30183,1.30193,1.30178,1.30188,135120000,1
1500472740000,1500472799000,1.30186,1.30189,1.30146,1.30146,167520000,1
1500472800000,1500472859000,1.30147,1.30158,1.30126,1.3013,181180000,1
1500472860000,1500472919000,1.30131,1.30149,1.3013,1.30146,104420000,1
1500472920000,1500472979000,1.30146,1.30183,1.3014,1.30169,128450000,1
1500472980000,1500473039000,1.30168,1.30204,1.30168,1.30198,117870000,1
1500473040000,1500473099000,1.30196,1.30238,1.30195,1.3023,255080000,1
1500473100000,1500473159000,1.30231,1.30237,1.30209,1.30209,104360000,1
1500473160000,1500473219000,1.30208,1.30208,1.30177,1.30177,139160000,1
1500473220000,1500473279000,1.30178,1.30186,1.30174,1.30179,81710000,1
1500473280000,1500473339000,1.3018,1.30239,1.3018,1.30209,147800000,1
1500473340000,1500473399000,1.30209,1.30242,1.302,1.3024,112430000,1
1500473400000,1500473459000,1.30242,1.30248,1.30211,1.30211,249200000,1
1500473460000,1500473519000,1.30212,1.30265,1.30212,1.30264,243920000,1
1500473520000,1500473579000,1.30263,1.30271,1.30232,1.30238,244740000,1
1500473580000,1500473639000,1.3024,1.3024,1.3021,1.30217,211470000,1
1500473640000,1500473699000,1.30217,1.30236,1.30217,1.30218,55600000,1
1500473700000,1500473759000,1.30217,1.30238,1.30213,1.30236,178310000,1
1500473760000,1500473819000,1.30237,1.30238,1.30218,1.30227,104510000,1
1500473820000,1500473879000,1.30228,1.30261,1.30226,1.30261,142050000,1
1500473880000,1500473939000,1.30261,1.3028,1.30251,1.3027,158900000,1
1500473940000,1500473999000,1.3027,1.3027,1.30228,1.30255,235510000,1
1500474000000,1500474059000,1.30256,1.30258,1.30237,1.30239,117650000,1
1500474060000,1500474119000,1.30239,1.3024,1.30223,1.30233,118840000,1
1500474120000,1500474179000,1.30233,1.30249,1.30233,1.30238,125920000,1
1500474180000,1500474239000,1.30238,1.30268,1.30234,1.30259,152830000,1
1500474240000,1500474299000,1.30258,1.3026,1.30242,1.30257,139300000,1
1500474300000,1500474359000,1.30258,1.30269,1.30257,1.30267,171250000,1
1500474360000,1500474419000,1.30268,1.30269,1.30243,1.30244,174890000,1
1500474420000,1500474479000,1.30248,1.30259,1.30241,1.30258,110180000,1
1500474480000,1500474539000,1.30259,1.30262,1.30238,1.30239,120610000,1
1500474540000,1500474599000,1.30242,1.30273,1.3023,1.30271,181800000,1
1500474600000,1500474659000,1.30273,1.30278,1.30248,1.30258,202370000,1
1500474660000,1500474719000,1.30258,1.30262,1.30216,1.30227,112080000,1
1500474720000,1500474779000,1.30227,1.30235,1.30217,1.30226,92180000,1
1500474780000,1500474839000,1.30225,1.30242,1.30225,1.30229,82250000,1
1500474840000,1500474899000,1.30229,1.30247,1.30229,1.30247,81870000,1
1500474900000,1500474959000,1.3025,1.30271,1.30249,1.30269,110080000,1
1500474960000,1500475019000,1.30269,1.30273,1.3025,1.30269,107420000,1
1500475020000,1500475079000,1.30268,1.30282,1.30261,1.30264,181910000,1
1500475080000,1500475139000,1.30265,1.30268,1.30216,1.30243,211600000,1
1500475140000,1500475199000,1.30242,1.3026,1.30237,1.30251,181880000,1
1500475200000,1500475259000,1.3025,1.3026,1.30237,1.3024,130530000,1
1500475260000,1500475319000,1.3024,1.30252,1.30239,1.30248,73410000,1
1500475320000,1500475379000,1.30247,1.30278,1.30247,1.30278,156970000,1
1500475380000,1500475439000,1.30278,1.30289,1.3027,1.30272,153510000,1
1500475440000,1500475499000,1.30272,1.30295,1.30272,1.3029,94720000,1
1500475500000,1500475559000,1.3029,1.30296,1.30282,1.30292,103210000,1
1500475560000,1500475619000,1.30293,1.30305,1.30289,1.30303,149360000,1
1500475620000,1500475679000,1.30303,1.3031,1.30278,1.30283,115930000,1
1500475680000,1500475739000,1.30286,1.3029,1.30269,1.3027,124220000,1
1500475740000,1500475799000,1.3027,1.30283,1.30259,1.3028,80550000,1
1500475800000,1500475859000,1.30278,1.30291,1.30268,1.3029,218730000,1
1500475860000,1500475919000,1.30288,1.30301,1.30287,1.30297,151980000,1
1500475920000,1500475979000,1.30297,1.30301,1.30288,1.30297,182460000,1
1500475980000,1500476039000,1.30297,1.30307,1.30297,1.30299,86420000,1
1500476040000,1500476099000,1.30299,1.3031,1.30289,1.30289,65420000,1
1500476100000,1500476159000,1.30289,1.30304,1.30288,1.30289,82030000,1
1500476160000,1500476219000,1.30289,1.30302,1.30281,1.303,79570000,1
1500476220000,1500476279000,1.30299,1.30386,1.30297,1.30357,265990000,1
1500476280000,1500476339000,1.30361,1.30419,1.30359,1.30402,292720000,1
1500476340000,1500476399000,1.30406,1.30427,1.30389,1.30424,226820000,1
1500476400000,1500476459000,1.30421,1.30437,1.30399,1.30432,190330000,1
1500476460000,1500476519000,1.30436,1.30491,1.30434,1.30461,294070000,1
1500476520000,1500476579000,1.30461,1.30471,1.30429,1.3044,191150000,1
1500476580000,1500476639000,1.30437,1.30476,1.30428,1.30458,215310000,1
1500476640000,1500476699000,1.30458,1.30474,1.30447,1.3045,145590000,1
1500476700000,1500476759000,1.30449,1.30474,1.30436,1.30462,208940000,1
1500476760000,1500476819000,1.30462,1.30462,1.30425,1.30431,128670000,1
1500476820000,1500476879000,1.30436,1.30436,1.30417,1.30423,115630000,1
1500476880000,1500476939000,1.30423,1.30469,1.30423,1.3045,105540000,1
1500476940000,1500476999000,1.3045,1.30458,1.30439,1.30458,164450000,1
1500477000000,1500477059000,1.30458,1.305,1.30458,1.305,200030000,1
1500477060000,1500477119000,1.305,1.305,1.30444,1.30446,130280000,1
1500477120000,1500477179000,1.30446,1.30449,1.30421,1.30438,145380000,1
1500477180000,1500477239000,1.30437,1.30463,1.30436,1.30442,116210000,1
1500477240000,1500477299000,1.30442,1.30473,1.30441,1.30452,146750000,1
1500477300000,1500477359000,1.30458,1.30484,1.30453,1.30458,211500000,1
1500477360000,1500477419000,1.30461,1.30464,1.30441,1.30458,111950000,1
1500477420000,1500477479000,1.30457,1.30501,1.30447,1.30447,151660000,1
1500477480000,1500477539000,1.30447,1.3045,1.30435,1.30435,147070000,1
1500477540000,1500477599000,1.30435,1.30445,1.30425,1.30427,152780000,1
1500477600000,1500477659000,1.3043,1.30438,1.30416,1.30437,146900000,1
1500477660000,1500477719000,1.30437,1.30441,1.30418,1.30421,119740000,1
1500477720000,1500477779000,1.30418,1.30423,1.30386,1.30386,152270000,1
1500477780000,1500477839000,1.30386,1.30395,1.30368,1.30368,221700000,1
1500477840000,1500477899000,1.30368,1.30372,1.30347,1.30362,181450000,1
1500477900000,1500477959000,1.30362,1.30371,1.30361,1.30367,222200000,1
1500477960000,1500478019000,1.30367,1.30395,1.30366,1.30391,227210000,1
1500478020000,1500478079000,1.30391,1.30391,1.30366,1.30381,176810000,1
1500478080000,1500478139000,1.30381,1.30383,1.30368,1.30378,211460000,1
1500478140000,1500478199000,1.30379,1.30391,1.30374,1.30389,191700000,1
1500478200000,1500478259000,1.30391,1.30391,1.30367,1.3038,142840000,1
1500478260000,1500478319000,1.30381,1.30382,1.30377,1.30378,78210000,1
1500478320000,1500478379000,1.30379,1.30389,1.30358,1.3038,159500000,1
1500478380000,1500478439000,1.30379,1.30387,1.30351,1.30357,202460000,1
1500478440000,1500478499000,1.30355,1.30359,1.30346,1.30346,164500000,1
1500478500000,1500478559000,1.30346,1.30346,1.3033,1.30342,97370000,1
1500478560000,1500478619000,1.30342,1.3036,1.30342,1.30358,82060000,1
1500478620000,1500478679000,1.30359,1.30359,1.3034,1.30346,157280000,1
1500478680000,1500478739000,1.30346,1.30355,1.30345,1.30349,146460000,1
1500478740000,1500478799000,1.30349,1.30357,1.30348,1.30353,106850000,1
1500478800000,1500478859000,1.30353,1.30359,1.30349,1.30358,62310000,1
1500478860000,1500478919000,1.30358,1.30363,1.30351,1.30353,79970000,1
1500478920000,1500478979000,1.30352,1.30363,1.30351,1.3036,93270000,1
1500478980000,1500479039000,1.30359,1.3036,1.30343,1.30346,120370000,1
1500479040000,1500479099000,1.30346,1.30349,1.30338,1.30348,125380000,1
1500479100000,1500479159000,1.30347,1.30362,1.3034,1.30359,42530000,1
1500479160000,1500479219000,1.30359,1.30371,1.30359,1.30361,100920000,1
1500479220000,1500479279000,1.30365,1.30371,1.30363,1.30369,59180000,1
1500479280000,1500479339000,1.3037,1.3037,1.30339,1.30339,99670000,1
1500479340000,1500479399000,1.30338,1.30352,1.30335,1.30349,85360000,1
1500479400000,1500479459000,1.30348,1.30393,1.30348,1.30393,76670000,1
1500479460000,1500479519000,1.30391,1.30403,1.3039,1.30401,72120000,1
1500479520000,1500479579000,1.30403,1.30421,1.30398,1.30398,61720000,1
1500479580000,1500479639000,1.30398,1.30403,1.30397,1.30399,115030000,1
1500479640000,1500479699000,1.30398,1.30406,1.30388,1.304,125050000,1
1500479700000,1500479759000,1.304,1.304,1.30396,1.30397,76060000,1
1500479760000,1500479819000,1.30397,1.30407,1.30396,1.30399,62000000,1
1500479820000,1500479879000,1.30399,1.30408,1.3039,1.3039,58790000,1
1500479880000,1500479939000,1.3039,1.3039,1.30378,1.3038,62670000,1
1500479940000,1500479999000,1.30378,1.3038,1.3035,1.30357,103490000,1
1500480000000,1500480059000,1.30356,1.30357,1.30336,1.30342,111820000,1
1500480060000,1500480119000,1.30342,1.30342,1.3033,1.30338,57800000,1
1500480120000,1500480179000,1.30338,1.30344,1.30338,1.30339,50300000,1
1500480180000,1500480239000,1.30339,1.30339,1.30336,1.30336,59290000,1
1500480240000,1500480299000,1.30337,1.30341,1.30328,1.30328,81360000,1
1500480300000,1500480359000,1.30329,1.30329,1.30327,1.30327,46590000,1
1500480360000,1500480419000,1.30326,1.30326,1.30308,1.30316,83760000,1
1500480420000,1500480479000,1.30317,1.30329,1.30317,1.3032,43310000,1
1500480480000,1500480539000,1.3032,1.30326,1.30319,1.30319,61280000,1
1500480540000,1500480599000,1.3032,1.30324,1.30318,1.30318,44420000,1
1500480600000,1500480659000,1.3032,1.30323,1.30319,1.3032,82460000,1
1500480660000,1500480719000,1.30319,1.30319,1.30297,1.30299,92630000,1
1500480720000,1500480779000,1.30298,1.30301,1.30287,1.3029,57520000,1
1500480780000,1500480839000,1.30291,1.30294,1.30278,1.30283,61690000,1
1500480840000,1500480899000,1.30282,1.30313,1.3028,1.30312,77500000,1
1500480900000,1500480959000,1.30313,1.30325,1.30313,1.30324,39190000,1
1500480960000,1500481019000,1.30323,1.30324,1.30322,1.30323,17500000,1
1500481020000,1500481079000,1.30323,1.30324,1.30322,1.30323,18000000,1
1500481080000,1500481139000,1.30324,1.30324,1.30321,1.30322,21500000,1
1500481140000,1500481199000,1.30322,1.30331,1.30322,1.30329,41370000,1
1500481200000,1500481259000,1.30328,1.30332,1.30328,1.30329,28870000,1
1500481260000,1500481319000,1.30331,1.30331,1.30328,1.30328,28240000,1
1500481320000,1500481379000,1.30328,1.30329,1.30326,1.30326,45220000,1
1500481380000,1500481439000,1.30326,1.30329,1.30326,1.30328,39110000,1
1500481440000,1500481499000,1.30329,1.30349,1.30329,1.30338,63920000,1
1500481500000,1500481559000,1.30338,1.30344,1.30329,1.30329,30410000,1
1500481560000,1500481619000,1.30327,1.30331,1.30325,1.30328,81740000,1
1500481620000,1500481679000,1.30328,1.3033,1.30326,1.30328,76310000,1
1500481680000,1500481739000,1.30328,1.30329,1.30325,1.30327,68470000,1
1500481740000,1500481799000,1.30325,1.30329,1.30321,1.30326,114260000,1
1500481800000,1500481859000,1.30328,1.3033,1.30328,1.30329,65090000,1
1500481860000,1500481919000,1.30333,1.30351,1.30333,1.3035,80190000,1
1500481920000,1500481979000,1.30351,1.30357,1.30346,1.3035,43550000,1
1500481980000,1500482039000,1.30351,1.30359,1.30351,1.30359,52110000,1
1500482040000,1500482099000,1.30359,1.30363,1.30355,1.30358,36680000,1
1500482100000,1500482159000,1.30359,1.30369,1.30358,1.30368,78220000,1
1500482160000,1500482219000,1.30368,1.30368,1.30358,1.30359,82850000,1
1500482220000,1500482279000,1.30359,1.30359,1.30357,1.30357,54450000,1
1500482280000,1500482339000,1.30357,1.30366,1.30349,1.30349,101030000,1
1500482340000,1500482399000,1.30352,1.30357,1.30349,1.30352,80850000,1
1500482400000,1500482459000,1.30351,1.30362,1.30351,1.30362,27980000,1
1500482460000,1500482519000,1.30362,1.30362,1.30351,1.30352,23990000,1
1500482520000,1500482579000,1.30352,1.30352,1.30339,1.30342,33580000,1
1500482580000,1500482639000,1.30339,1.3034,1.30337,1.3034,53520000,1
1500482640000,1500482699000,1.3034,1.30351,1.3034,1.30349,36220000,1
1500482700000,1500482759000,1.30348,1.30351,1.30332,1.3035,50830000,1
1500482760000,1500482819000,1.3035,1.30351,1.3035,1.30351,22120000,1
1500482820000,1500482879000,1.30351,1.3036,1.30349,1.30359,57940000,1
1500482880000,1500482939000,1.30359,1.3036,1.30357,1.30357,27480000,1
1500482940000,1500482999000,1.30357,1.30357,1.30348,1.30348,48940000,1
1500483000000,1500483059000,1.30348,1.30356,1.30347,1.30347,49090000,1
1500483060000,1500483119000,1.30347,1.30359,1.30347,1.30357,47340000,1
1500483120000,1500483179000,1.30356,1.30357,1.30351,1.30351,51720000,1
1500483180000,1500483239000,1.30351,1.30351,1.30343,1.30343,24000000,1
1500483240000,1500483299000,1.30343,1.30352,1.30343,1.30352,16000000,1
1500483300000,1500483359000,1.30349,1.30353,1.30336,1.30338,50430000,1
1500483360000,1500483419000,1.30338,1.30339,1.30336,1.30339,20610000,1
1500483420000,1500483479000,1.30339,1.30351,1.30339,1.30348,32670000,1
1500483480000,1500483539000,1.30348,1.30349,1.3034,1.30343,34900000,1
1500483540000,1500483599000,1.30341,1.30349,1.3034,1.30347,75430000,1
1500483600000,1500483659000,1.30346,1.3035,1.30344,1.3035,37210000,1
1500483660000,1500483719000,1.3035,1.30351,1.30348,1.30348,12120000,1
1500483720000,1500483779000,1.30349,1.30349,1.30313,1.30321,47480000,1
1500483780000,1500483839000,1.30321,1.30341,1.30321,1.30341,31370000,1
1500483840000,1500483899000,1.30342,1.30349,1.30342,1.30342,17120000,1
1500483900000,1500483959000,1.3034,1.30343,1.3034,1.3034,28610000,1
1500483960000,1500484019000,1.3034,1.30349,1.30338,1.30349,25360000,1
1500484020000,1500484079000,1.30349,1.30357,1.30349,1.30357,57950000,1
1500484080000,1500484139000,1.30358,1.30387,1.30357,1.30367,80310000,1
1500484140000,1500484199000,1.30367,1.30379,1.30367,1.30367,46240000,1
1500484200000,1500484259000,1.30367,1.30367,1.30362,1.30363,139680000,1
1500484260000,1500484319000,1.30363,1.30363,1.30348,1.30348,76210000,1
1500484320000,1500484379000,1.30348,1.30351,1.30347,1.30349,46350000,1
1500484380000,1500484439000,1.30351,1.30371,1.30351,1.30371,50000000,1
1500484440000,1500484499000,1.30371,1.30393,1.30371,1.30381,51690000,1
1500484500000,1500484559000,1.30381,1.30387,1.30374,1.30378,75030000,1
1500484560000,1500484619000,1.30377,1.30378,1.30367,1.30367,113770000,1
1500484620000,1500484679000,1.30367,1.30368,1.30367,1.30368,46270000,1
1500484680000,1500484739000,1.30367,1.30368,1.30347,1.30347,132840000,1
1500484740000,1500484799000,1.30347,1.30355,1.30347,1.30351,139980000,1
1500484800000,1500484859000,1.30351,1.30357,1.30349,1.3035,48110000,1
1500484860000,1500484919000,1.30349,1.30352,1.30349,1.3035,23000000,1
1500484920000,1500484979000,1.30347,1.30349,1.30327,1.30327,60670000,1
1500484980000,1500485039000,1.30327,1.30328,1.30317,1.30317,57820000,1
1500485040000,1500485099000,1.30317,1.30319,1.30317,1.30319,12500000,1
1500485100000,1500485159000,1.30319,1.30329,1.30319,1.30319,26500000,1
1500485160000,1500485219000,1.30319,1.30329,1.30318,1.30318,36870000,1
1500485220000,1500485279000,1.30317,1.30322,1.30298,1.30298,69200000,1
1500485280000,1500485339000,1.30302,1.3032,1.30302,1.30307,55910000,1
1500485340000,1500485399000,1.3031,1.3031,1.30299,1.30301,33430000,1
1500485400000,1500485459000,1.30301,1.30303,1.30301,1.30303,4040000,1
1500485460000,1500485519000,1.30303,1.30309,1.30297,1.30298,26440000,1
1500485520000,1500485579000,1.303,1.30308,1.30294,1.30298,53690000,1
1500485580000,1500485639000,1.30298,1.303,1.30284,1.30295,95570000,1
1500485640000,1500485699000,1.30294,1.30305,1.30292,1.30294,61690000,1
1500485700000,1500485759000,1.30294,1.30302,1.30291,1.30294,109590000,1
1500485760000,1500485819000,1.30294,1.30294,1.30287,1.30289,66390000,1
1500485820000,1500485879000,1.30287,1.30298,1.3027,1.3027,83660000,1
1500485880000,1500485939000,1.30268,1.30278,1.30257,1.30278,42660000,1
1500485940000,1500485999000,1.3028,1.30281,1.3027,1.30273,49470000,1
1500486000000,1500486059000,1.30271,1.30283,1.30269,1.30281,40350000,1
1500486060000,1500486119000,1.3028,1.30287,1.30278,1.30282,29870000,1
1500486120000,1500486179000,1.30281,1.30288,1.30279,1.30288,51040000,1
1500486180000,1500486239000,1.30288,1.30292,1.30288,1.30292,30060000,1
1500486240000,1500486299000,1.30292,1.30295,1.30284,1.30292,44710000,1
1500486300000,1500486359000,1.30293,1.30299,1.30292,1.30297,77220000,1
1500486360000,1500486419000,1.30298,1.30298,1.30288,1.30292,31110000,1
1500486420000,1500486479000,1.30293,1.30293,1.30288,1.30289,24990000,1
1500486480000,1500486539000,1.30289,1.30298,1.30289,1.30292,27480000,1
1500486540000,1500486599000,1.30293,1.30293,1.30292,1.30293,39240000,1
1500486600000,1500486659000,1.30292,1.30293,1.3029,1.30291,22500000,1
1500486660000,1500486719000,1.30291,1.30299,1.3029,1.30298,22360000,1
1500486720000,1500486779000,1.30298,1.3032,1.30289,1.30297,99570000,1
1500486780000,1500486839000,1.30298,1.30319,1.30286,1.30286,95230000,1
1500486840000,1500486899000,1.30285,1.30299,1.30285,1.3029,31420000,1
1500486900000,1500486959000,1.30296,1.30297,1.30288,1.30291,24740000,1
1500486960000,1500487019000,1.3029,1.3029,1.30278,1.3028,14240000,1
1500487020000,1500487079000,1.30277,1.30277,1.30265,1.30268,28230000,1
1500487080000,1500487139000,1.30267,1.30269,1.30247,1.30247,39750000,1
1500487140000,1500487199000,1.30247,1.30247,1.30204,1.30218,140260000,1
1500487200000,1500487259000,1.30218,1.30218,1.30186,1.30196,75560000,1
1500487260000,1500487319000,1.30197,1.30207,1.30189,1.3019,57420000,1
1500487320000,1500487379000,1.3019,1.30199,1.30186,1.30197,73860000,1
1500487380000,1500487439000,1.30198,1.30203,1.30176,1.302,156280000,1
1500487440000,1500487499000,1.30199,1.30211,1.30198,1.30206,102990000,1
1500487500000,1500487559000,1.30207,1.30224,1.30174,1.30188,173630000,1
1500487560000,1500487619000,1.30189,1.3019,1.30173,1.3018,101190000,1
1500487620000,1500487679000,1.3018,1.30191,1.30163,1.30191,68540000,1
1500487680000,1500487739000,1.30194,1.30211,1.30194,1.30211,68620000,1
1500487740000,1500487799000,1.30211,1.30213,1.30201,1.30201,29370000,1
1500487800000,1500487859000,1.30202,1.30202,1.30188,1.30195,46400000,1
1500487860000,1500487919000,1.30196,1.30199,1.30187,1.30188,75380000,1
1500487920000,1500487979000,1.30187,1.3019,1.30185,1.30188,60880000,1
1500487980000,1500488039000,1.30188,1.30189,1.30188,1.30188,32340000,1
1500488040000,1500488099000,1.30188,1.3019,1.30187,1.30187,27230000,1
1500488100000,1500488159000,1.30188,1.30207,1.30187,1.302,54720000,1
1500488160000,1500488219000,1.30197,1.30212,1.30191,1.30211,50860000,1
1500488220000,1500488279000,1.30211,1.30211,1.30204,1.30204,10990000,1
1500488280000,1500488339000,1.30204,1.30226,1.30204,1.30224,27990000,1
1500488340000,1500488399000,1.30224,1.30229,1.30191,1.30201,142300000,1
1500488400000,1500488459000,1.30202,1.30222,1.30202,1.30221,94410000,1
1500488460000,1500488519000,1.30222,1.30229,1.30219,1.30227,46310000,1
1500488520000,1500488579000,1.30226,1.30232,1.30222,1.30232,43460000,1
1500488580000,1500488639000,1.30239,1.30249,1.30239,1.30247,25580000,1
1500488640000,1500488699000,1.30244,1.3025,1.30241,1.3025,37410000,1
1500488700000,1500488759000,1.30249,1.30254,1.30239,1.30241,56340000,1
1500488760000,1500488819000,1.30248,1.30252,1.30248,1.30251,78540000,1
1500488820000,1500488879000,1.30252,1.30261,1.30248,1.3025,72090000,1
1500488880000,1500488939000,1.30249,1.30251,1.3024,1.3024,62590000,1
1500488940000,1500488999000,1.30242,1.30245,1.30242,1.30244,16500000,1
1500489000000,1500489059000,1.30245,1.30264,1.30245,1.30264,25620000,1
1500489060000,1500489119000,1.30264,1.30264,1.30264,1.30264,17000000,1
1500489120000,1500489179000,1.30264,1.30274,1.30262,1.30269,30490000,1
1500489180000,1500489239000,1.30269,1.30272,1.3026,1.30262,30610000,1
1500489240000,1500489299000,1.30263,1.30263,1.30251,1.30251,20500000,1
1500489300000,1500489359000,1.30251,1.30262,1.30251,1.3026,29110000,1
1500489360000,1500489419000,1.3026,1.30264,1.30252,1.3026,29860000,1
1500489420000,1500489479000,1.3026,1.30263,1.30255,1.30258,28500000,1
1500489480000,1500489539000,1.30258,1.30263,1.30257,1.30261,32750000,1
1500489540000,1500489599000,1.30261,1.30262,1.30259,1.30259,27340000,1
1500489600000,1500489659000,1.30259,1.30261,1.30259,1.3026,6730000,1
1500489660000,1500489719000,1.3026,1.30261,1.3026,1.30261,9500000,1
1500489720000,1500489779000,1.30259,1.3026,1.30259,1.3026,21000000,1
1500489780000,1500489839000,1.3026,1.3026,1.3025,1.3025,23620000,1
1500489840000,1500489899000,1.30251,1.30261,1.3025,1.3026,56250000,1
1500489900000,1500489959000,1.30262,1.3027,1.30262,1.3027,26500000,1
1500489960000,1500490019000,1.3027,1.30281,1.3027,1.30271,84670000,1
1500490020000,1500490079000,1.30271,1.30278,1.30252,1.30252,58340000,1
1500490080000,1500490139000,1.30252,1.30252,1.30242,1.30242,55120000,1
1500490140000,1500490199000,1.30242,1.30249,1.30238,1.30243,52160000,1
1500490200000,1500490259000,1.30242,1.30243,1.30237,1.30241,42230000,1
1500490260000,1500490319000,1.30242,1.30243,1.30242,1.30243,24500000,1
1500490320000,1500490379000,1.30242,1.30261,1.30242,1.30261,55990000,1
1500490380000,1500490439000,1.30262,1.30263,1.3025,1.3025,25620000,1
1500490440000,1500490499000,1.30252,1.30252,1.30242,1.3025,27080000,1
1500490500000,1500490559000,1.3025,1.30255,1.3025,1.30253,18500000,1
1500490560000,1500490619000,1.30257,1.30263,1.30257,1.30263,48950000,1
1500490620000,1500490679000,1.30258,1.30259,1.3025,1.3025,25740000,1
1500490680000,1500490739000,1.30251,1.30252,1.30247,1.30248,36930000,1
1500490740000,1500490799000,1.30247,1.30268,1.30237,1.30263,109260000,1
1500490800000,1500490859000,1.30266,1.3027,1.30247,1.30251,53370000,1
1500490860000,1500490919000,1.30252,1.30252,1.3025,1.30251,10620000,1
1500490920000,1500490979000,1.30251,1.30253,1.30229,1.30241,76100000,1
1500490980000,1500491039000,1.30241,1.30253,1.30239,1.30243,26100000,1
1500491040000,1500491099000,1.30242,1.30244,1.30233,1.3024,34940000,1
1500491100000,1500491159000,1.3024,1.30241,1.3024,1.30241,13250000,1
1500491160000,1500491219000,1.30244,1.30244,1.30235,1.30241,16750000,1
1500491220000,1500491279000,1.30241,1.30242,1.30233,1.30241,59030000,1
1500491280000,1500491339000,1.3024,1.30243,1.3024,1.30241,527640000,1
1500491340000,1500491399000,1.30241,1.30244,1.3024,1.30243,949230000,1
1500491400000,1500491459000,1.30243,1.30243,1.30241,1.30242,46550000,1
1500491460000,1500491519000,1.30241,1.30243,1.30241,1.30242,24000000,1
1500491520000,1500491579000,1.30243,1.30243,1.30242,1.30242,18120000,1
1500491580000,1500491639000,1.30242,1.30243,1.30231,1.30233,52660000,1
1500491640000,1500491699000,1.30232,1.3024,1.30222,1.3023,127550000,1
1500491700000,1500491759000,1.3023,1.3023,1.30221,1.30222,70710000,1
1500491760000,1500491819000,1.30221,1.30223,1.30212,1.30222,68970000,1
1500491820000,1500491879000,1.30222,1.30225,1.30219,1.30222,13240000,1
1500491880000,1500491939000,1.30222,1.30222,1.30218,1.30222,15500000,1
1500491940000,1500491999000,1.30222,1.30222,1.30201,1.30202,38730000,1
1500492000000,1500492059000,1.30203,1.30204,1.30203,1.30204,14000000,1
1500492060000,1500492119000,1.30203,1.30213,1.30203,1.3021,25620000,1
1500492120000,1500492179000,1.30211,1.30221,1.30211,1.30221,15480000,1
1500492180000,1500492239000,1.30221,1.30221,1.30215,1.30215,34440000,1
1500492240000,1500492299000,1.30214,1.30214,1.30208,1.30208,44480000,1
1500492300000,1500492359000,1.30209,1.30212,1.30209,1.30211,34640000,1
1500492360000,1500492419000,1.30211,1.30222,1.30209,1.3022,78890000,1
1500492420000,1500492479000,1.30221,1.30221,1.3021,1.30212,63400000,1
1500492480000,1500492539000,1.30212,1.30219,1.3021,1.3021,65460000,1
1500492540000,1500492599000,1.3021,1.30213,1.30202,1.30212,93340000,1
1500492600000,1500492659000,1.30212,1.30213,1.30208,1.30208,29860000,1
1500492660000,1500492719000,1.30207,1.30208,1.30203,1.30203,40100000,1
1500492720000,1500492779000,1.30208,1.30208,1.30191,1.30193,73760000,1
1500492780000,1500492839000,1.30192,1.30198,1.30191,1.30192,132310000,1
1500492840000,1500492899000,1.30192,1.30203,1.30191,1.30202,100920000,1
1500492900000,1500492959000,1.30202,1.30202,1.30191,1.30193,42600000,1
1500492960000,1500493019000,1.30192,1.30206,1.30192,1.30201,35560000,1
1500493020000,1500493079000,1.30203,1.30205,1.30198,1.30201,39980000,1
1500493080000,1500493139000,1.30201,1.30211,1.30201,1.30211,31970000,1
1500493140000,1500493199000,1.30212,1.30216,1.3021,1.3021,23990000,1
1500493200000,1500493259000,1.30207,1.30207,1.302,1.30202,26920000,1
1500493260000,1500493319000,1.30202,1.30203,1.30202,1.30202,8000000,1
1500493320000,1500493379000,1.30202,1.30202,1.30201,1.30202,19000000,1
1500493380000,1500493439000,1.30202,1.30202,1.30201,1.30201,12000000,1
1500493440000,1500493499000,1.30201,1.30201,1.30201,1.30201,7000000,1
1500493500000,1500493559000,1.30198,1.30216,1.30198,1.30215,36240000,1
1500493560000,1500493619000,1.30214,1.30215,1.30209,1.30215,25240000,1
1500493620000,1500493679000,1.30215,1.30217,1.30213,1.30215,32100000,1
1500493680000,1500493739000,1.30213,1.30214,1.30213,1.30213,9240000,1
1500493740000,1500493799000,1.30212,1.30227,1.30212,1.30221,52630000,1
1500493800000,1500493859000,1.30221,1.30223,1.30221,1.30223,14250000,1
1500493860000,1500493919000,1.30222,1.30222,1.30221,1.30221,11750000,1
1500493920000,1500493979000,1.30221,1.30233,1.30221,1.30221,49660000,1
1500493980000,1500494039000,1.30221,1.30221,1.30212,1.30212,27310000,1
1500494040000,1500494099000,1.30212,1.30217,1.30212,1.30216,33000000,1
1500494100000,1500494159000,1.30213,1.30222,1.30212,1.30215,45560000,1
1500494160000,1500494219000,1.30214,1.30225,1.30212,1.30221,65090000,1
1500494220000,1500494279000,1.3022,1.30223,1.30218,1.30221,79220000,1
1500494280000,1500494339000,1.30221,1.30221,1.30209,1.30215,65010000,1
1500494340000,1500494399000,1.30213,1.30213,1.30201,1.30209,93270000,1
1500494400000,1500494459000,1.30207,1.30207,1.30194,1.302,190450000,1
1500494460000,1500494519000,1.302,1.30202,1.30199,1.30199,54720000,1
1500494520000,1500494579000,1.30199,1.30203,1.30199,1.302,48240000,1
1500494580000,1500494639000,1.302,1.302,1.30198,1.302,32350000,1
1500494640000,1500494699000,1.302,1.30201,1.30198,1.302,23560000,1
1500494700000,1500494759000,1.302,1.30201,1.30198,1.30198,103250000,1
1500494760000,1500494819000,1.30197,1.30198,1.30196,1.30197,17000000,1
1500494820000,1500494879000,1.30198,1.302,1.30197,1.30198,29680000,1
1500494880000,1500494939000,1.30198,1.30201,1.30198,1.302,21720000,1
1500494940000,1500494999000,1.302,1.30201,1.302,1.30201,14380000,1
1500495000000,1500495059000,1.30201,1.30203,1.30201,1.30203,21000000,1
1500495060000,1500495119000,1.30203,1.30205,1.30194,1.30201,27990000,1
1500495120000,1500495179000,1.30201,1.30202,1.302,1.302,16000000,1
1500495180000,1500495239000,1.30202,1.30203,1.30201,1.30201,13000000,1
1500495240000,1500495299000,1.30202,1.30204,1.30197,1.30204,31620000,1
1500495300000,1500495359000,1.30205,1.30205,1.30202,1.30202,23500000,1
1500495360000,1500495419000,1.30202,1.30202,1.30201,1.30201,16480000,1
1500495420000,1500495479000,1.30201,1.30201,1.302,1.30201,16840000,1
1500495480000,1500495539000,1.30202,1.30202,1.302,1.302,23840000,1
1500495540000,1500495599000,1.302,1.302,1.30199,1.30199,4990000,1
1500495600000,1500495659000,1.30198,1.30198,1.30192,1.30192,19360000,1
1500495660000,1500495719000,1.30192,1.30197,1.30191,1.30192,26540000,1
1500495720000,1500495779000,1.30192,1.302,1.3019,1.30191,45850000,1
1500495780000,1500495839000,1.30191,1.30201,1.30187,1.30195,76900000,1
1500495840000,1500495899000,1.30195,1.30201,1.30192,1.30201,22740000,1
1500495900000,1500495959000,1.30201,1.30213,1.30201,1.30211,62730000,1
1500495960000,1500496019000,1.30211,1.30211,1.30191,1.30203,74640000,1
1500496020000,1500496079000,1.30202,1.30208,1.302,1.30208,41490000,1
1500496080000,1500496139000,1.3021,1.30222,1.3021,1.3022,69970000,1
1500496140000,1500496199000,1.30218,1.30229,1.30216,1.3022,70960000,1
1500496200000,1500496259000,1.30219,1.30227,1.30218,1.3022,42320000,1
1500496260000,1500496319000,1.30219,1.30232,1.30207,1.30208,95850000,1
1500496320000,1500496379000,1.30207,1.30229,1.30203,1.30208,116560000,1
1500496380000,1500496439000,1.30208,1.30216,1.302,1.30206,82400000,1
1500496440000,1500496499000,1.30206,1.30206,1.30198,1.30206,63780000,1
1500496500000,1500496559000,1.30206,1.30211,1.30197,1.30205,77610000,1
1500496560000,1500496619000,1.30205,1.30215,1.30202,1.30215,34230000,1
1500496620000,1500496679000,1.30213,1.30221,1.30213,1.3022,26000000,1
1500496680000,1500496739000,1.3022,1.3022,1.30216,1.30218,13000000,1
1500496740000,1500496799000,1.30217,1.30227,1.30215,1.30217,33620000,1
1500496800000,1500496859000,1.30219,1.30219,1.30216,1.30218,9000000,1
1500496860000,1500496919000,1.30218,1.30228,1.30216,1.30217,45780000,1
1500496920000,1500496979000,1.30218,1.30218,1.30186,1.3019,55340000,1
1500496980000,1500497039000,1.30191,1.30209,1.30191,1.30207,34360000,1
1500497040000,1500497099000,1.30207,1.30221,1.30207,1.3022,64540000,1
1500497100000,1500497159000,1.3022,1.30222,1.30219,1.30219,66150000,1
1500497160000,1500497219000,1.3022,1.30226,1.30219,1.30224,73000000,1
1500497220000,1500497279000,1.30223,1.30236,1.30223,1.30227,98380000,1
1500497280000,1500497339000,1.30226,1.30226,1.30222,1.30225,42350000,1
1500497340000,1500497399000,1.30225,1.3023,1.3022,1.30228,72560000,1
1500497400000,1500497459000,1.30228,1.30229,1.30226,1.30228,44190000,1
1500497460000,1500497519000,1.30225,1.30228,1.30225,1.30227,65330000,1
1500497520000,1500497579000,1.30228,1.30228,1.30226,1.30226,66370000,1
1500497580000,1500497639000,1.30226,1.3024,1.30225,1.30239,101320000,1
1500497640000,1500497699000,1.30239,1.3024,1.30238,1.30239,73360000,1
1500497700000,1500497759000,1.30239,1.30239,1.30237,1.30239,74160000,1
1500497760000,1500497819000,1.30238,1.30241,1.30223,1.30229,97340000,1
1500497820000,1500497879000,1.30228,1.30231,1.30228,1.30228,46320000,1
1500497880000,1500497939000,1.30228,1.30233,1.30227,1.30229,75050000,1
1500497940000,1500497999000,1.30228,1.30234,1.30195,1.30203,58210000,1
1500498000000,1500498059000,1.3021,1.30244,1.30177,1.30228,15010000,1
1500498060000,1500498119000,1.30228,1.30228,1.30189,1.30197,6340000,1
1500498120000,1500498179000,1.30198,1.3021,1.30192,1.30205,9000000,1
1500498180000,1500498239000,1.30208,1.30223,1.30193,1.30196,18360000,1
1500498240000,1500498299000,1.30196,1.30196,1.30182,1.30191,13000000,1
1500498300000,1500498359000,1.3019,1.30191,1.3019,1.3019,7000000,1
1500498360000,1500498419000,1.30191,1.30191,1.3019,1.3019,6000000,1
1500498420000,1500498479000,1.3019,1.3019,1.3019,1.3019,2000000,1
1500498480000,1500498539000,1.3019,1.3019,1.3019,1.3019,3000000,1
1500498540000,1500498599000,1.30191,1.30191,1.30159,1.30176,30880000,1
1500498600000,1500498659000,1.30176,1.30179,1.30174,1.30179,21150000,1
1500498660000,1500498719000,1.30175,1.30184,1.30175,1.30178,23260000,1
1500498720000,1500498779000,1.30183,1.30183,1.30173,1.30173,13850000,1
1500498780000,1500498839000,1.30177,1.30177,1.30173,1.30173,4130000,1
1500498840000,1500498899000,1.30173,1.30182,1.30172,1.30182,22610000,1
1500498900000,1500498959000,1.30182,1.30182,1.30182,1.30182,10620000,1
1500498960000,1500499019000,1.30188,1.30204,1.30188,1.30198,18980000,1
1500499020000,1500499079000,1.30197,1.30198,1.30197,1.30198,6000000,1
1500499080000,1500499139000,1.30197,1.30197,1.30197,1.30197,3000000,1
1500499140000,1500499199000,1.30195,1.30213,1.30195,1.30213,13500000,1
1500499200000,1500499259000,1.30197,1.30197,1.30197,1.30197,6000000,1
1500499260000,1500499319000,1.30197,1.30206,1.30192,1.30193,30250000,1
1500499320000,1500499379000,1.30192,1.30193,1.30192,1.30192,8000000,1
1500499380000,1500499439000,1.30184,1.30203,1.30184,1.30197,12930000,1
1500499440000,1500499499000,1.30202,1.30203,1.30202,1.30203,4000000,1
1500499500000,1500499559000,1.30202,1.30208,1.30202,1.30208,6000000,1
1500499560000,1500499619000,1.30207,1.30227,1.30207,1.30207,11120000,1
1500499620000,1500499679000,1.30208,1.30213,1.30207,1.30207,9000000,1
1500499680000,1500499739000,1.30208,1.30208,1.30207,1.30207,14750000,1
1500499740000,1500499799000,1.30208,1.30229,1.30207,1.30211,59670000,1
1500499800000,1500499859000,1.30213,1.30213,1.30211,1.30212,8000000,1
1500499860000,1500499919000,1.30207,1.3021,1.30207,1.3021,2000000,1
1500499920000,1500499979000,1.30207,1.30214,1.30207,1.30207,49000000,1
1500499980000,1500500039000,1.30208,1.30217,1.30207,1.30213,53500000,1
1500500040000,1500500099000,1.3021,1.3021,1.30207,1.30208,7500000,1
1500500100000,1500500159000,1.30208,1.30211,1.30207,1.30209,9000000,1
1500500160000,1500500219000,1.30207,1.30209,1.30207,1.30207,26000000,1
1500500220000,1500500279000,1.30208,1.3021,1.30207,1.3021,47000000,1
1500500280000,1500500339000,1.3021,1.3021,1.30209,1.3021,8000000,1
1500500340000,1500500399000,1.30211,1.30212,1.30209,1.3021,9000000,1
1500500400000,1500500459000,1.3021,1.30214,1.30204,1.30213,15000000,1
1500500460000,1500500519000,1.30213,1.30213,1.30208,1.30208,6000000,1
1500500520000,1500500579000,1.30209,1.30209,1.30208,1.30208,14000000,1
1500500580000,1500500639000,1.30209,1.30227,1.30208,1.30222,38080000,1
1500500640000,1500500699000,1.30223,1.30237,1.30222,1.30237,18240000,1
1500500700000,1500500759000,1.30233,1.30235,1.30233,1.30235,6500000,1
1500500760000,1500500819000,1.3023,1.30232,1.30228,1.30228,5000000,1
1500500820000,1500500879000,1.30228,1.30228,1.30228,1.30228,6000000,1
1500500880000,1500500939000,1.30228,1.3023,1.30225,1.30225,64640000,1
1500500940000,1500500999000,1.30226,1.30229,1.30224,1.30225,127270000,1
1500501000000,1500501059000,1.30225,1.30229,1.30224,1.30225,135810000,1
1500501060000,1500501119000,1.30225,1.30226,1.30225,1.30225,86380000,1
1500501120000,1500501179000,1.30225,1.30227,1.30225,1.30225,98130000,1
1500501180000,1500501239000,1.30225,1.30229,1.30225,1.30226,162950000,1
1500501240000,1500501299000,1.30225,1.30233,1.30225,1.30232,127950000,1
1500501300000,1500501359000,1.30232,1.30233,1.30232,1.30232,26000000,1
1500501360000,1500501419000,1.30229,1.30232,1.30226,1.30232,15620000,1
1500501420000,1500501479000,1.30233,1.30233,1.30232,1.30232,22000000,1
1500501480000,1500501539000,1.30232,1.30233,1.30232,1.30232,46000000,1
1500501540000,1500501599000,1.30232,1.30233,1.30222,1.30225,25820000,1
1500501600000,1500501659000,1.30226,1.30258,1.30225,1.30257,51850000,1
1500501660000,1500501719000,1.30258,1.30258,1.30256,1.30257,47880000,1
1500501720000,1500501779000,1.30256,1.30262,1.30256,1.30257,31870000,1
1500501780000,1500501839000,1.30256,1.30262,1.30256,1.30261,34840000,1
1500501840000,1500501899000,1.30262,1.30263,1.30261,1.30262,30750000,1
1500501900000,1500501959000,1.30263,1.30263,1.30252,1.30253,25320000,1
1500501960000,1500502019000,1.30252,1.30253,1.30252,1.30252,46000000,1
1500502020000,1500502079000,1.30253,1.30257,1.30252,1.30256,52470000,1
1500502080000,1500502139000,1.30257,1.30257,1.30256,1.30257,10000000,1
1500502140000,1500502199000,1.30256,1.30257,1.30256,1.30256,34000000,1
1500502200000,1500502259000,1.30256,1.30262,1.30256,1.30262,76690000,1
1500502260000,1500502319000,1.30261,1.30262,1.30261,1.30262,35500000,1
1500502320000,1500502379000,1.30261,1.30262,1.30261,1.30262,25000000,1
1500502380000,1500502439000,1.30261,1.30262,1.30261,1.30262,30000000,1
1500502440000,1500502499000,1.30261,1.30273,1.30261,1.30272,36000000,1
1500502500000,1500502559000,1.30272,1.30273,1.30266,1.30267,33500000,1
1500502560000,1500502619000,1.30266,1.30267,1.30266,1.30266,38370000,1
1500502620000,1500502679000,1.30266,1.30267,1.30266,1.30267,13570000,1
1500502680000,1500502739000,1.30267,1.30273,1.30266,1.30272,29720000,1
1500502740000,1500502799000,1.30272,1.30277,1.30272,1.30277,36200000,1
1500502800000,1500502859000,1.30277,1.30277,1.30269,1.30269,33010000,1
1500502860000,1500502919000,1.30269,1.30273,1.30261,1.30261,31090000,1
1500502920000,1500502979000,1.30262,1.30265,1.30256,1.30265,38060000,1
1500502980000,1500503039000,1.30266,1.30267,1.30256,1.30256,47220000,1
1500503040000,1500503099000,1.30256,1.30262,1.30256,1.30261,42280000,1
1500503100000,1500503159000,1.30262,1.30262,1.30261,1.30261,37630000,1
1500503160000,1500503219000,1.30261,1.30262,1.30261,1.30261,28820000,1
1500503220000,1500503279000,1.30261,1.30262,1.30261,1.30261,11440000,1
1500503280000,1500503339000,1.30262,1.30262,1.30261,1.30262,19250000,1
1500503340000,1500503399000,1.30261,1.30262,1.30253,1.30261,55010000,1
1500503400000,1500503459000,1.30262,1.30273,1.30257,1.30272,90520000,1
1500503460000,1500503519000,1.30272,1.30277,1.30268,1.30276,86420000,1
1500503520000,1500503579000,1.30276,1.30277,1.30272,1.30273,60340000,1
1500503580000,1500503639000,1.30273,1.30277,1.30269,1.30272,66600000,1
1500503640000,1500503699000,1.30272,1.30277,1.30269,1.30276,93940000,1
1500503700000,1500503759000,1.30276,1.30277,1.30272,1.30276,78330000,1
1500503760000,1500503819000,1.30277,1.30277,1.30276,1.30276,93280000,1
1500503820000,1500503879000,1.30277,1.30287,1.30276,1.30286,59410000,1
1500503880000,1500503939000,1.30287,1.30287,1.30281,1.30281,31840000,1
1500503940000,1500503999000,1.30282,1.30282,1.30279,1.30279,30890000,1
1500504000000,1500504059000,1.3028,1.3028,1.30279,1.3028,12500000,1
1500504060000,1500504119000,1.30274,1.30275,1.30269,1.3027,40470000,1
1500504120000,1500504179000,1.3027,1.3027,1.30256,1.30259,128850000,1
1500504180000,1500504239000,1.30259,1.30259,1.30255,1.30255,56950000,1
1500504240000,1500504299000,1.30255,1.30255,1.30247,1.30247,105450000,1
1500504300000,1500504359000,1.30247,1.3026,1.30247,1.3026,59980000,1
1500504360000,1500504419000,1.30258,1.3026,1.30257,1.30258,86850000,1
1500504420000,1500504479000,1.30258,1.30262,1.30257,1.30259,39410000,1
1500504480000,1500504539000,1.30258,1.3026,1.30257,1.30258,88000000,1
1500504540000,1500504599000,1.30257,1.30259,1.30256,1.30256,83090000,1
1500504600000,1500504659000,1.30255,1.30257,1.30248,1.3025,84150000,1
1500504660000,1500504719000,1.30252,1.30255,1.30251,1.30252,33840000,1
1500504720000,1500504779000,1.30252,1.30252,1.30247,1.30247,18860000,1
1500504780000,1500504839000,1.30247,1.30253,1.30247,1.30253,15120000,1
1500504840000,1500504899000,1.30253,1.30253,1.3025,1.3025,9750000,1
1500504900000,1500504959000,1.30251,1.30251,1.30224,1.30237,33910000,1
1500504960000,1500505019000,1.30237,1.30241,1.30236,1.30238,14740000,1
1500505020000,1500505079000,1.30239,1.3024,1.30239,1.30239,4000000,1
1500505080000,1500505139000,1.30242,1.30242,1.30239,1.3024,14000000,1
1500505140000,1500505199000,1.3024,1.30251,1.3024,1.30251,21000000,1
1500505200000,1500505259000,1.30251,1.30253,1.30248,1.30253,14370000,1
1500505260000,1500505319000,1.30258,1.30261,1.30258,1.30261,5120000,1
1500505320000,1500505379000,1.3026,1.30265,1.3026,1.3026,14250000,1
1500505380000,1500505439000,1.30262,1.30265,1.30262,1.30262,11000000,1
1500505440000,1500505499000,1.30264,1.30265,1.30261,1.30265,15500000,1
1500505500000,1500505559000,1.30265,1.30265,1.30263,1.30263,13000000,1
1500505560000,1500505619000,1.30263,1.30264,1.30263,1.30263,18000000,1
1500505620000,1500505679000,1.30263,1.30264,1.30263,1.30263,18000000,1
1500505680000,1500505739000,1.30262,1.30265,1.30262,1.30262,30250000,1
1500505740000,1500505799000,1.30262,1.30264,1.30261,1.30261,23000000,1
1500505800000,1500505859000,1.30261,1.30261,1.3026,1.3026,6500000,1
1500505860000,1500505919000,1.3026,1.30268,1.3026,1.30268,17100000,1
1500505920000,1500505979000,1.30268,1.30272,1.30268,1.30272,5620000,1
1500505980000,1500506039000,1.30272,1.30273,1.30269,1.30273,7120000,1
1500506040000,1500506099000,1.30272,1.30273,1.30271,1.30272,9000000,1
1500506100000,1500506159000,1.30268,1.30273,1.30268,1.30271,43010000,1
1500506160000,1500506219000,1.30273,1.30273,1.3027,1.3027,24000000,1
1500506220000,1500506279000,1.3027,1.30277,1.30268,1.30272,74000000,1
1500506280000,1500506339000,1.30272,1.30272,1.30269,1.30269,16000000,1
1500506340000,1500506399000,1.3027,1.3027,1.30268,1.3027,26880000,1
1500506400000,1500506459000,1.30273,1.30273,1.30269,1.30271,24750000,1
1500506460000,1500506519000,1.30272,1.30273,1.3027,1.30272,42560000,1
1500506520000,1500506579000,1.30272,1.30273,1.30267,1.3027,24120000,1
1500506580000,1500506639000,1.3027,1.30271,1.3027,1.30271,21500000,1
1500506640000,1500506699000,1.30271,1.30274,1.30269,1.30269,48690000,1
1500506700000,1500506759000,1.30268,1.30272,1.30268,1.30271,54360000,1
1500506760000,1500506819000,1.30271,1.30272,1.30266,1.30266,56100000,1
1500506820000,1500506879000,1.30267,1.30272,1.30266,1.30268,82740000,1
1500506880000,1500506939000,1.3027,1.30274,1.3027,1.3027,20750000,1
1500506940000,1500506999000,1.30273,1.30273,1.30267,1.30268,41380000,1
1500507000000,1500507059000,1.30268,1.3027,1.30268,1.3027,89250000,1
1500507060000,1500507119000,1.30269,1.30277,1.30266,1.30276,72770000,1
1500507120000,1500507179000,1.30276,1.30276,1.30273,1.30274,45910000,1
1500507180000,1500507239000,1.30274,1.30274,1.30268,1.30273,54450000,1
1500507240000,1500507299000,1.30272,1.30275,1.30267,1.30271,58190000,1
1500507300000,1500507359000,1.30271,1.30271,1.30265,1.30271,33170000,1
1500507360000,1500507419000,1.30272,1.30274,1.30267,1.30269,32950000,1
1500507420000,1500507479000,1.30271,1.30281,1.30271,1.3028,35910000,1
1500507480000,1500507539000,1.3028,1.30291,1.3028,1.30282,71610000,1
1500507540000,1500507599000,1.30282,1.30284,1.30282,1.30284,20890000,1
1500507600000,1500507659000,1.30282,1.30284,1.30282,1.30284,6060000,1
1500507660000,1500507719000,1.30283,1.30284,1.30282,1.30282,8250000,1
1500507720000,1500507779000,1.30282,1.30282,1.3028,1.30281,94960000,1
1500507780000,1500507839000,1.3028,1.30281,1.30276,1.3028,31920000,1
1500507840000,1500507899000,1.3028,1.30285,1.3028,1.30285,13370000,1
1500507900000,1500507959000,1.30285,1.30285,1.30284,1.30285,82490000,1
1500507960000,1500508019000,1.30285,1.30288,1.30282,1.30286,49530000,1
1500508020000,1500508079000,1.30286,1.30287,1.30285,1.30286,25690000,1
1500508080000,1500508139000,1.30283,1.30283,1.3028,1.3028,29330000,1
1500508140000,1500508199000,1.30278,1.30289,1.30278,1.30281,102740000,1
1500508200000,1500508259000,1.30281,1.30281,1.30265,1.3027,46130000,1
1500508260000,1500508319000,1.30271,1.30272,1.30267,1.30268,58520000,1
1500508320000,1500508379000,1.30268,1.30278,1.30268,1.30275,46320000,1
1500508380000,1500508439000,1.30276,1.30277,1.30275,1.30275,24260000,1
1500508440000,1500508499000,1.30275,1.3028,1.30271,1.3028,21450000,1
1500508500000,1500508559000,1.30284,1.30289,1.30284,1.30289,10500000,1
1500508560000,1500508619000,1.30289,1.30289,1.30285,1.30285,24370000,1
1500508620000,1500508679000,1.30286,1.303,1.30285,1.30291,72420000,1
1500508680000,1500508739000,1.30291,1.30298,1.30291,1.30298,11440000,1
1500508740000,1500508799000,1.30298,1.30301,1.30298,1.30301,15190000,1
1500508800000,1500508859000,1.30302,1.30303,1.30298,1.30303,50570000,1
1500508860000,1500508919000,1.30303,1.30314,1.30303,1.30307,54260000,1
1500508920000,1500508979000,1.30307,1.30307,1.30303,1.30304,25820000,1
1500508980000,1500509039000,1.30304,1.30311,1.30303,1.30311,36760000,1
1500509040000,1500509099000,1.30311,1.30321,1.30311,1.30316,36250000,1
1500509100000,1500509159000,1.30316,1.30316,1.30311,1.30311,47410000,1
1500509160000,1500509219000,1.30312,1.30313,1.30311,1.30311,71830000,1
1500509220000,1500509279000,1.30312,1.30315,1.30281,1.30284,63760000,1
1500509280000,1500509339000,1.30284,1.30287,1.3028,1.30284,98840000,1
1500509340000,1500509399000,1.30285,1.30286,1.30269,1.30269,66740000,1
1500509400000,1500509459000,1.30269,1.30271,1.30262,1.30262,63680000,1
1500509460000,1500509519000,1.30261,1.30262,1.30259,1.3026,22190000,1
1500509520000,1500509579000,1.30261,1.30261,1.3026,1.30261,13520000,1
1500509580000,1500509639000,1.30261,1.30262,1.3026,1.30262,38240000,1
1500509640000,1500509699000,1.30261,1.30264,1.30261,1.30264,38020000,1
1500509700000,1500509759000,1.30263,1.30271,1.30262,1.3027,54500000,1
1500509760000,1500509819000,1.30272,1.30275,1.3027,1.30275,39730000,1
1500509820000,1500509879000,1.30275,1.30285,1.30275,1.30285,40550000,1
1500509880000,1500509939000,1.30285,1.30306,1.30285,1.30305,84190000,1
1500509940000,1500509999000,1.30304,1.30314,1.30302,1.30314,78510000,1
1500510000000,1500510059000,1.30314,1.30323,1.30308,1.30312,101850000,1
1500510060000,1500510119000,1.30312,1.30313,1.30312,1.30312,22000000,1
1500510120000,1500510179000,1.30312,1.30313,1.30298,1.30302,32980000,1
1500510180000,1500510239000,1.30302,1.30302,1.303,1.303,8250000,1
1500510240000,1500510299000,1.30302,1.30305,1.30298,1.30299,89230000,1
1500510300000,1500510359000,1.30299,1.303,1.30292,1.30294,39060000,1
1500510360000,1500510419000,1.30295,1.30314,1.30295,1.30314,26500000,1
1500510420000,1500510479000,1.30313,1.30313,1.30312,1.30312,43540000,1
1500510480000,1500510539000,1.30312,1.30313,1.30312,1.30313,15080000,1
1500510540000,1500510599000,1.30312,1.30313,1.30284,1.30284,55290000,1
1500510600000,1500510659000,1.30284,1.30289,1.3026,1.30271,49750000,1
1500510660000,1500510719000,1.30271,1.3028,1.30262,1.30265,75800000,1
1500510720000,1500510779000,1.30266,1.3028,1.30259,1.30276,73060000,1
1500510780000,1500510839000,1.30276,1.30278,1.30259,1.30263,57110000,1
1500510840000,1500510899000,1.30263,1.30263,1.3025,1.30263,36370000,1
1500510900000,1500510959000,1.30262,1.30264,1.30253,1.30264,36120000,1
1500510960000,1500511019000,1.30264,1.30272,1.30263,1.30272,31000000,1
1500511020000,1500511079000,1.30272,1.30274,1.30271,1.30274,22500000,1
1500511080000,1500511139000,1.30275,1.30282,1.30274,1.30279,41440000,1
1500511140000,1500511199000,1.3028,1.30294,1.30277,1.30292,39870000,1
1500511200000,1500511259000,1.3029,1.3029,1.30288,1.3029,17000000,1
1500511260000,1500511319000,1.3029,1.3029,1.30277,1.30282,52870000,1
1500511320000,1500511379000,1.30282,1.30283,1.30278,1.30282,20500000,1
1500511380000,1500511439000,1.30282,1.30282,1.30272,1.30272,79290000,1
1500511440000,1500511499000,1.30272,1.30277,1.30272,1.30272,37570000,1
1500511500000,1500511559000,1.30272,1.30272,1.30258,1.30258,63900000,1
1500511560000,1500511619000,1.30258,1.30261,1.30258,1.30261,34500000,1
1500511620000,1500511679000,1.30263,1.3027,1.30263,1.3027,16250000,1
1500511680000,1500511739000,1.3027,1.30275,1.3027,1.30275,46000000,1
1500511740000,1500511799000,1.30275,1.30275,1.30272,1.30273,40250000,1
1500511800000,1500511859000,1.30273,1.30273,1.30272,1.30273,27940000,1
1500511860000,1500511919000,1.30273,1.30273,1.30257,1.30257,51560000,1
1500511920000,1500511979000,1.30257,1.30258,1.30257,1.30257,64000000,1
1500511980000,1500512039000,1.30257,1.30268,1.30257,1.30267,65250000,1
1500512040000,1500512099000,1.30268,1.30268,1.30254,1.30254,107970000,1
1500512100000,1500512159000,1.30242,1.30259,1.30242,1.30253,41740000,1
1500512160000,1500512219000,1.30253,1.30253,1.30234,1.30241,33050000,1
1500512220000,1500512279000,1.3024,1.30262,1.3024,1.30255,80500000,1
1500512280000,1500512339000,1.30255,1.30258,1.30243,1.30254,57720000,1
1500512340000,1500512399000,1.30253,1.30256,1.30253,1.30254,47350000,1
1500512400000,1500512459000,1.30254,1.30258,1.30254,1.30257,57480000,1
1500512460000,1500512519000,1.30257,1.30258,1.30234,1.30238,87080000,1
1500512520000,1500512579000,1.30236,1.30238,1.30232,1.30236,28610000,1
1500512580000,1500512639000,1.30234,1.30238,1.30233,1.30236,33000000,1
1500512640000,1500512699000,1.30235,1.30255,1.30235,1.30255,38500000,1
1500512700000,1500512759000,1.30253,1.30275,1.30253,1.30275,25450000,1
1500512760000,1500512819000,1.30275,1.30275,1.30274,1.30275,8000000,1
1500512820000,1500512879000,1.30274,1.30274,1.30272,1.30273,39070000,1
1500512880000,1500512939000,1.30271,1.30275,1.30271,1.30275,55020000,1
1500512940000,1500512999000,1.30275,1.30275,1.30271,1.30272,113640000,1
1500513000000,1500513059000,1.30273,1.30273,1.30272,1.30272,61180000,1
1500513060000,1500513119000,1.30273,1.30283,1.30272,1.30283,54380000,1
1500513120000,1500513179000,1.30282,1.30283,1.30282,1.30282,39880000,1
1500513180000,1500513239000,1.30283,1.30283,1.30282,1.30283,35990000,1
1500513240000,1500513299000,1.30282,1.30293,1.30282,1.30288,54580000,1
1500513300000,1500513359000,1.30288,1.30288,1.30279,1.30282,42120000,1
1500513360000,1500513419000,1.30283,1.30283,1.30282,1.30283,10000000,1
1500513420000,1500513479000,1.30282,1.30283,1.30282,1.30282,19000000,1
1500513480000,1500513539000,1.30283,1.30283,1.30282,1.30282,17000000,1
1500513540000,1500513599000,1.30283,1.30283,1.30274,1.30275,20620000,1
1500513600000,1500513659000,1.30275,1.30285,1.30275,1.30281,29360000,1
1500513660000,1500513719000,1.3028,1.30285,1.30279,1.30279,36840000,1
1500513720000,1500513779000,1.30277,1.30288,1.30276,1.30277,35310000,1
1500513780000,1500513839000,1.30277,1.30289,1.30274,1.30289,25560000,1
1500513840000,1500513899000,1.30289,1.30289,1.30257,1.30259,66590000,1
1500513900000,1500513959000,1.30259,1.30262,1.30258,1.30258,20410000,1
1500513960000,1500514019000,1.30258,1.30277,1.30258,1.30274,41860000,1
1500514020000,1500514079000,1.30271,1.30279,1.30271,1.30275,47700000,1
1500514080000,1500514139000,1.30276,1.30281,1.30269,1.30269,19680000,1
1500514140000,1500514199000,1.30269,1.3027,1.30238,1.30238,63310000,1
1500514200000,1500514259000,1.30238,1.30284,1.30235,1.30277,109760000,1
1500514260000,1500514319000,1.30277,1.30277,1.30265,1.30265,89400000,1
1500514320000,1500514379000,1.30266,1.30266,1.30248,1.30248,279100000,1
1500514380000,1500514439000,1.30248,1.30248,1.30237,1.30239,80940000,1
1500514440000,1500514499000,1.30239,1.30267,1.30239,1.3026,70050000,1
1500514500000,1500514559000,1.3026,1.30281,1.3026,1.30275,362640000,1
1500514560000,1500514619000,1.30275,1.30275,1.30259,1.30259,32620000,1
1500514620000,1500514679000,1.30259,1.3027,1.30251,1.30253,80800000,1
1500514680000,1500514739000,1.30253,1.3026,1.30243,1.3026,313460000,1
1500514740000,1500514799000,1.3026,1.30269,1.30251,1.30267,105600000,1
1500514800000,1500514859000,1.30267,1.30281,1.30267,1.30278,120950000,1
1500514860000,1500514919000,1.30277,1.3028,1.30276,1.30277,57750000,1
1500514920000,1500514979000,1.30278,1.3028,1.30274,1.30279,49250000,1
1500514980000,1500515039000,1.30278,1.30278,1.30275,1.30277,25730000,1
1500515040000,1500515099000,1.30276,1.30278,1.30276,1.30278,42430000,1
1500515100000,1500515159000,1.30277,1.30278,1.30274,1.30277,75560000,1
1500515160000,1500515219000,1.30277,1.30278,1.30264,1.3027,125540000,1
1500515220000,1500515279000,1.30268,1.3027,1.3026,1.3026,65800000,1
1500515280000,1500515339000,1.3026,1.30261,1.30257,1.30257,34060000,1
1500515340000,1500515399000,1.30257,1.30261,1.30245,1.30246,57670000,1
1500515400000,1500515459000,1.30245,1.30247,1.30233,1.3024,110140000,1
1500515460000,1500515519000,1.3024,1.30243,1.30238,1.30241,103070000,1
1500515520000,1500515579000,1.30242,1.30246,1.30239,1.3024,33880000,1
1500515580000,1500515639000,1.3024,1.30245,1.30239,1.3024,54400000,1
1500515640000,1500515699000,1.30242,1.30244,1.30239,1.30243,47000000,1
1500515700000,1500515759000,1.30241,1.30252,1.30241,1.30252,80010000,1
1500515760000,1500515819000,1.30248,1.30254,1.30246,1.30247,35020000,1
1500515820000,1500515879000,1.30243,1.30244,1.30229,1.3023,55940000,1
1500515880000,1500515939000,1.30233,1.30233,1.30223,1.30227,66470000,1
1500515940000,1500515999000,1.30224,1.30229,1.30221,1.30222,68370000,1
1500516000000,1500516059000,1.30223,1.3026,1.3022,1.30255,76510000,1
1500516060000,1500516119000,1.30255,1.30259,1.3025,1.30254,36190000,1
1500516120000,1500516179000,1.30253,1.30254,1.30243,1.30251,42740000,1
1500516180000,1500516239000,1.30248,1.30254,1.30243,1.30254,31030000,1
1500516240000,1500516299000,1.30254,1.30254,1.3025,1.30254,11620000,1
1500516300000,1500516359000,1.30254,1.30256,1.30252,1.30254,15000000,1
1500516360000,1500516419000,1.30254,1.30263,1.30254,1.30263,13000000,1
1500516420000,1500516479000,1.3026,1.30275,1.3026,1.30275,12250000,1
1500516480000,1500516539000,1.30274,1.30274,1.30255,1.30262,63360000,1
1500516540000,1500516599000,1.30263,1.30267,1.30239,1.3025,97880000,1
1500516600000,1500516659000,1.3025,1.30255,1.30244,1.30249,52750000,1
1500516660000,1500516719000,1.30249,1.30262,1.30249,1.30261,49360000,1
1500516720000,1500516779000,1.30261,1.30263,1.30261,1.30261,18360000,1
1500516780000,1500516839000,1.30261,1.30273,1.3026,1.3027,57530000,1
1500516840000,1500516899000,1.3027,1.30273,1.3027,1.30273,23460000,1
1500516900000,1500516959000,1.30273,1.30281,1.30273,1.30275,72120000,1
1500516960000,1500517019000,1.30275,1.30275,1.30259,1.30259,44690000,1
1500517020000,1500517079000,1.30259,1.30272,1.3024,1.30271,88680000,1
1500517080000,1500517139000,1.30273,1.30274,1.30268,1.30272,45940000,1
1500517140000,1500517199000,1.30272,1.30276,1.3027,1.30272,36250000,1
1500517200000,1500517259000,1.30273,1.30275,1.30271,1.30273,58710000,1
1500517260000,1500517319000,1.30273,1.30276,1.30257,1.30259,70580000,1
1500517320000,1500517379000,1.3026,1.30262,1.30239,1.30239,96790000,1
1500517380000,1500517439000,1.30238,1.30253,1.3023,1.30252,36780000,1
1500517440000,1500517499000,1.30252,1.3026,1.30229,1.30231,94970000,1
1500517500000,1500517559000,1.30229,1.3023,1.30219,1.30221,110000000,1
1500517560000,1500517619000,1.30222,1.30226,1.3022,1.3022,70080000,1
1500517620000,1500517679000,1.3022,1.30224,1.30215,1.3022,70230000,1
1500517680000,1500517739000,1.3022,1.30222,1.30204,1.30207,96470000,1
1500517740000,1500517799000,1.30208,1.30209,1.30203,1.30203,114570000,1
1500517800000,1500517859000,1.30203,1.30217,1.30203,1.30205,120260000,1
1500517860000,1500517919000,1.30205,1.30208,1.30205,1.30206,74160000,1
1500517920000,1500517979000,1.30206,1.30214,1.30204,1.30207,67820000,1
1500517980000,1500518039000,1.30207,1.30214,1.30206,1.3021,87430000,1
1500518040000,1500518099000,1.3021,1.30213,1.30205,1.30206,40140000,1
1500518100000,1500518159000,1.30206,1.30217,1.30206,1.30215,47580000,1
1500518160000,1500518219000,1.30216,1.3022,1.3021,1.3021,55250000,1
1500518220000,1500518279000,1.3021,1.30215,1.3021,1.30211,99060000,1
1500518280000,1500518339000,1.30214,1.30224,1.30213,1.30219,61870000,1
1500518340000,1500518399000,1.30216,1.30216,1.3021,1.30213,47410000,1
1500518400000,1500518459000,1.30212,1.30223,1.30212,1.30223,68170000,1
1500518460000,1500518519000,1.3022,1.30221,1.30211,1.30215,46910000,1
1500518520000,1500518579000,1.30215,1.30224,1.30214,1.30216,36950000,1
1500518580000,1500518639000,1.30214,1.30217,1.3021,1.30215,40110000,1
1500518640000,1500518699000,1.30216,1.30219,1.30213,1.30215,49410000,1
1500518700000,1500518759000,1.30215,1.30215,1.30209,1.30212,65380000,1
1500518760000,1500518819000,1.30212,1.30219,1.30204,1.30204,56230000,1
1500518820000,1500518879000,1.30207,1.30222,1.30204,1.30219,85570000,1
1500518880000,1500518939000,1.30219,1.3022,1.30217,1.30218,70580000,1
1500518940000,1500518999000,1.30218,1.30221,1.30217,1.3022,81500000,1
1500519000000,1500519059000,1.3022,1.30224,1.30218,1.30219,97490000,1
1500519060000,1500519119000,1.30219,1.3022,1.30218,1.30219,55000000,1
1500519120000,1500519179000,1.3022,1.30223,1.3022,1.30221,87650000,1
1500519180000,1500519239000,1.30222,1.30225,1.30222,1.30223,28080000,1
1500519240000,1500519299000,1.30223,1.30229,1.30221,1.30225,144690000,1
1500519300000,1500519359000,1.30225,1.30226,1.30224,1.30224,57640000,1
1500519360000,1500519419000,1.30225,1.30225,1.30223,1.30224,66680000,1
1500519420000,1500519479000,1.30224,1.30225,1.30223,1.30225,74460000,1
1500519480000,1500519539000,1.30225,1.30237,1.30225,1.30233,61740000,1
1500519540000,1500519599000,1.30232,1.30233,1.30221,1.30227,89240000,1
1500519600000,1500519659000,1.30228,1.30293,1.30222,1.30292,115310000,1
1500519660000,1500519719000,1.30292,1.3031,1.30287,1.30299,143670000,1
1500519720000,1500519779000,1.30299,1.30299,1.30287,1.3029,40490000,1
1500519780000,1500519839000,1.30291,1.30291,1.30285,1.30285,56050000,1
1500519840000,1500519899000,1.30282,1.30289,1.30281,1.30288,1721260000,1
1500519900000,1500519959000,1.30288,1.30288,1.30267,1.30268,109690000,1
1500519960000,1500520019000,1.30267,1.30268,1.30258,1.30261,72000000,1
1500520020000,1500520079000,1.30264,1.3027,1.30259,1.30259,67260000,1
1500520080000,1500520139000,1.30259,1.30261,1.30248,1.30256,86250000,1
1500520140000,1500520199000,1.30259,1.30269,1.30258,1.30259,97120000,1
1500520200000,1500520259000,1.30259,1.30263,1.3025,1.30262,81730000,1
1500520260000,1500520319000,1.30262,1.30282,1.30262,1.30282,87690000,1
1500520320000,1500520379000,1.30283,1.30283,1.30236,1.3024,252150000,1
1500520380000,1500520439000,1.3024,1.30241,1.30236,1.30239,61700000,1
1500520440000,1500520499000,1.3024,1.30241,1.30237,1.30241,43610000,1
1500520500000,1500520559000,1.3024,1.3024,1.3024,1.3024,8610000,1
1500520560000,1500520619000,1.3024,1.3024,1.30239,1.30239,40720000,1
1500520620000,1500520679000,1.30239,1.30243,1.30238,1.30239,92550000,1
1500520680000,1500520739000,1.30238,1.30259,1.30238,1.30239,115120000,1
1500520740000,1500520799000,1.3024,1.30253,1.3024,1.30248,101410000,1
1500520800000,1500520859000,1.3025,1.30256,1.30239,1.30256,52130000,1
1500520860000,1500520919000,1.30256,1.30263,1.30254,1.3026,35240000,1
1500520920000,1500520979000,1.3026,1.30273,1.3026,1.30271,71940000,1
1500520980000,1500521039000,1.3027,1.3027,1.30239,1.30248,35230000,1
1500521040000,1500521099000,1.30248,1.30254,1.3024,1.3024,25490000,1
1500521100000,1500521159000,1.30239,1.3024,1.30227,1.3024,58170000,1
1500521160000,1500521219000,1.3024,1.30248,1.3024,1.3024,36370000,1
1500521220000,1500521279000,1.3024,1.30245,1.30239,1.30239,38030000,1
1500521280000,1500521339000,1.30239,1.30239,1.3023,1.3023,39090000,1
1500521340000,1500521399000,1.3023,1.30231,1.30227,1.30227,25370000,1
1500521400000,1500521459000,1.30227,1.30229,1.30219,1.3022,78990000,1
1500521460000,1500521519000,1.30221,1.3024,1.3022,1.30231,62120000,1
1500521520000,1500521579000,1.30231,1.30232,1.3022,1.3022,28250000,1
1500521580000,1500521639000,1.3022,1.3022,1.30219,1.3022,24000000,1
1500521640000,1500521699000,1.3022,1.30226,1.30216,1.30221,31720000,1
1500521700000,1500521759000,1.30221,1.30226,1.30221,1.30221,48100000,1
1500521760000,1500521819000,1.30221,1.30221,1.30216,1.30221,27740000,1
1500521820000,1500521879000,1.30221,1.30231,1.30221,1.30227,26980000,1
1500521880000,1500521939000,1.30227,1.3023,1.30213,1.30216,85900000,1
1500521940000,1500521999000,1.30216,1.30221,1.30216,1.3022,15230000,1
1500522000000,1500522059000,1.30221,1.3023,1.3022,1.30229,24910000,1
1500522060000,1500522119000,1.30231,1.30231,1.30218,1.3022,26940000,1
1500522120000,1500522179000,1.30221,1.3023,1.3022,1.30222,31850000,1
1500522180000,1500522239000,1.30227,1.30234,1.30224,1.30229,22960000,1
1500522240000,1500522299000,1.3023,1.30245,1.3023,1.30243,26000000,1
1500522300000,1500522359000,1.30243,1.30248,1.30234,1.30243,46000000,1
1500522360000,1500522419000,1.30242,1.30246,1.30242,1.30242,21000000,1
1500522420000,1500522479000,1.30243,1.30245,1.30234,1.30243,21070000,1
1500522480000,1500522539000,1.30241,1.30241,1.30214,1.30218,72490000,1
1500522540000,1500522599000,1.30218,1.30218,1.30212,1.30214,50480000,1
1500522600000,1500522659000,1.30213,1.30214,1.30192,1.30194,61080000,1
1500522660000,1500522719000,1.30195,1.302,1.30151,1.3017,112130000,1
1500522720000,1500522779000,1.30171,1.30171,1.30157,1.30166,84240000,1
1500522780000,1500522839000,1.30169,1.30169,1.30165,1.30168,49390000,1
1500522840000,1500522899000,1.30167,1.30167,1.30155,1.30155,58340000,1
1500522900000,1500522959000,1.30156,1.30161,1.30155,1.30155,47810000,1
1500522960000,1500523019000,1.30155,1.30167,1.30155,1.30158,52870000,1
1500523020000,1500523079000,1.30157,1.30167,1.30157,1.30162,38750000,1
1500523080000,1500523139000,1.30162,1.30162,1.30159,1.30159,20500000,1
1500523140000,1500523199000,1.30159,1.30168,1.30155,1.30162,48850000,1
1500523200000,1500523259000,1.30163,1.30167,1.30162,1.30162,34000000,1
1500523260000,1500523319000,1.30162,1.3017,1.3016,1.30162,37430000,1
1500523320000,1500523379000,1.30162,1.30163,1.30161,1.30162,28510000,1
1500523380000,1500523439000,1.30161,1.30162,1.30158,1.30161,27050000,1
1500523440000,1500523499000,1.3016,1.30163,1.30159,1.3016,27030000,1
1500523500000,1500523559000,1.3016,1.30163,1.30156,1.30162,29680000,1
1500523560000,1500523619000,1.30163,1.30178,1.30162,1.30176,31160000,1
1500523620000,1500523679000,1.30176,1.30178,1.30171,1.30171,53780000,1
1500523680000,1500523739000,1.30174,1.30179,1.30168,1.30177,45270000,1
1500523740000,1500523799000,1.30177,1.3018,1.3017,1.30179,33880000,1
1500523800000,1500523859000,1.30175,1.30175,1.3017,1.30173,25090000,1
1500523860000,1500523919000,1.30173,1.3018,1.3017,1.30171,52940000,1
1500523920000,1500523979000,1.30171,1.30182,1.3017,1.30176,23830000,1
1500523980000,1500524039000,1.30177,1.30191,1.30177,1.30184,51580000,1
1500524040000,1500524099000,1.30184,1.30206,1.30184,1.30205,42190000,1
1500524100000,1500524159000,1.30205,1.30206,1.30199,1.30205,78090000,1
1500524160000,1500524219000,1.30205,1.30214,1.30202,1.30206,37970000,1
1500524220000,1500524279000,1.30206,1.30206,1.302,1.30204,30520000,1
1500524280000,1500524339000,1.30204,1.30213,1.30203,1.30212,28450000,1
1500524340000,1500524399000,1.30215,1.30215,1.30212,1.30212,26550000,1
1500524400000,1500524459000,1.30212,1.30223,1.30212,1.30223,25570000,1
1500524460000,1500524519000,1.30223,1.30224,1.30214,1.30221,74380000,1
1500524520000,1500524579000,1.30222,1.30226,1.3022,1.30221,41700000,1
1500524580000,1500524639000,1.3022,1.30223,1.3022,1.30221,53490000,1
1500524640000,1500524699000,1.30224,1.30225,1.30217,1.30225,41060000,1
1500524700000,1500524759000,1.30224,1.30224,1.30219,1.30221,35420000,1
1500524760000,1500524819000,1.30221,1.30232,1.30216,1.30232,47180000,1
1500524820000,1500524879000,1.30233,1.30233,1.3022,1.30221,69000000,1
1500524880000,1500524939000,1.3022,1.30222,1.30215,1.30221,56690000,1
1500524940000,1500524999000,1.30221,1.30221,1.30215,1.30215,28190000,1
1500525000000,1500525059000,1.30215,1.30216,1.30201,1.30203,74090000,1
1500525060000,1500525119000,1.30202,1.3021,1.30195,1.3021,44080000,1
1500525120000,1500525179000,1.30211,1.30215,1.3021,1.3021,29840000,1
1500525180000,1500525239000,1.30209,1.3021,1.30208,1.30208,33330000,1
1500525240000,1500525299000,1.30209,1.30209,1.30209,1.30209,5120000,1
1500525300000,1500525359000,1.30208,1.30214,1.30207,1.30209,53100000,1
1500525360000,1500525419000,1.30209,1.30212,1.30207,1.3021,52880000,1
1500525420000,1500525479000,1.3021,1.3021,1.30207,1.30208,72730000,1
1500525480000,1500525539000,1.30208,1.3022,1.30206,1.3022,63410000,1
1500525540000,1500525599000,1.30223,1.30223,1.30216,1.30216,27310000,1
1500525600000,1500525659000,1.30216,1.3022,1.30213,1.30217,20820000,1
1500525660000,1500525719000,1.30216,1.30217,1.30211,1.30211,59570000,1
1500525720000,1500525779000,1.30211,1.30214,1.30211,1.30214,49850000,1
1500525780000,1500525839000,1.30214,1.30216,1.30214,1.30215,34000000,1
1500525840000,1500525899000,1.30215,1.30217,1.30212,1.30214,28000000,1
1500525900000,1500525959000,1.30214,1.30217,1.30205,1.30205,44000000,1
1500525960000,1500526019000,1.30205,1.30213,1.302,1.30206,42000000,1
1500526020000,1500526079000,1.30207,1.30207,1.30199,1.302,31500000,1
1500526080000,1500526139000,1.302,1.30213,1.302,1.30206,36370000,1
1500526140000,1500526199000,1.30206,1.30211,1.30204,1.30211,19500000,1
1500526200000,1500526259000,1.30212,1.30223,1.30212,1.30216,30500000,1
1500526260000,1500526319000,1.30216,1.30216,1.3021,1.30215,24500000,1
1500526320000,1500526379000,1.30216,1.30224,1.30216,1.30224,14000000,1
1500526380000,1500526439000,1.30223,1.30224,1.30213,1.30224,29850000,1
1500526440000,1500526499000,1.30223,1.30226,1.30214,1.30214,26000000,1
1500526500000,1500526559000,1.30214,1.30214,1.3021,1.3021,14470000,1
1500526560000,1500526619000,1.3021,1.30221,1.3021,1.3021,38200000,1
1500526620000,1500526679000,1.3021,1.30214,1.3021,1.30212,40480000,1
1500526680000,1500526739000,1.30213,1.30213,1.30208,1.3021,45780000,1
1500526740000,1500526799000,1.3021,1.30211,1.30207,1.3021,35760000,1
1500526800000,1500526859000,1.30212,1.3022,1.30209,1.30211,31980000,1
1500526860000,1500526919000,1.30211,1.30215,1.30206,1.30215,18100000,1
1500526920000,1500526979000,1.30215,1.30215,1.3021,1.30213,20050000,1
1500526980000,1500527039000,1.30212,1.30217,1.3021,1.30215,25500000,1
1500527040000,1500527099000,1.30215,1.30215,1.30203,1.30203,51320000,1
1500527100000,1500527159000,1.30203,1.30219,1.30203,1.30213,26860000,1
1500527160000,1500527219000,1.30213,1.30213,1.30208,1.30211,28100000,1
1500527220000,1500527279000,1.30211,1.30214,1.30211,1.30214,17110000,1
1500527280000,1500527339000,1.30218,1.30222,1.30211,1.30221,55870000,1
1500527340000,1500527399000,1.30221,1.30223,1.3021,1.3021,46390000,1
1500527400000,1500527459000,1.30212,1.30216,1.3021,1.30211,48690000,1
1500527460000,1500527519000,1.30211,1.30211,1.30209,1.3021,49000000,1
1500527520000,1500527579000,1.30209,1.3021,1.30208,1.3021,19460000,1
1500527580000,1500527639000,1.3021,1.30212,1.3021,1.3021,5120000,1
1500527640000,1500527699000,1.30209,1.30211,1.30208,1.30211,15850000,1
1500527700000,1500527759000,1.3021,1.30215,1.30204,1.30209,42360000,1
1500527760000,1500527819000,1.30209,1.3021,1.30207,1.3021,32300000,1
1500527820000,1500527879000,1.3021,1.30211,1.30207,1.30211,28610000,1
1500527880000,1500527939000,1.3021,1.30222,1.3021,1.30218,27940000,1
1500527940000,1500527999000,1.3022,1.30226,1.30219,1.3022,22550000,1
1500528000000,1500528059000,1.30223,1.30223,1.30218,1.30218,13420000,1
1500528060000,1500528119000,1.30217,1.30233,1.30217,1.30231,55840000,1
1500528120000,1500528179000,1.30229,1.30231,1.30224,1.30229,39020000,1
1500528180000,1500528239000,1.30229,1.30229,1.30209,1.30209,30800000,1
1500528240000,1500528299000,1.30211,1.30211,1.30206,1.30209,31900000,1
1500528300000,1500528359000,1.30209,1.3021,1.30199,1.3021,39940000,1
1500528360000,1500528419000,1.30211,1.30211,1.30205,1.3021,15320000,1
1500528420000,1500528479000,1.30211,1.30211,1.30205,1.30211,17000000,1
1500528480000,1500528539000,1.30211,1.3022,1.3021,1.30216,17920000,1
1500528540000,1500528599000,1.30217,1.30224,1.3021,1.30223,39830000,1
1500528600000,1500528659000,1.30224,1.30235,1.30222,1.30226,29000000,1
1500528660000,1500528719000,1.30225,1.30226,1.30222,1.30225,24500000,1
1500528720000,1500528779000,1.30224,1.30235,1.30223,1.30231,31500000,1
1500528780000,1500528839000,1.30233,1.30233,1.30228,1.30228,12120000,1
1500528840000,1500528899000,1.30228,1.30233,1.30227,1.30233,33500000,1
1500528900000,1500528959000,1.30234,1.30235,1.30228,1.30231,18250000,1
1500528960000,1500529019000,1.3023,1.30238,1.30229,1.30235,31740000,1
1500529020000,1500529079000,1.30235,1.30235,1.30228,1.3023,50580000,1
1500529080000,1500529139000,1.3023,1.30239,1.3023,1.30232,77900000,1
1500529140000,1500529199000,1.30232,1.30233,1.30227,1.30228,72920000,1
1500529200000,1500529259000,1.30229,1.30242,1.30228,1.30237,75290000,1
1500529260000,1500529319000,1.30236,1.30236,1.30225,1.30236,23810000,1
1500529320000,1500529379000,1.30237,1.30245,1.30237,1.30239,29580000,1
1500529380000,1500529439000,1.30236,1.30246,1.30232,1.30242,40160000,1
1500529440000,1500529499000,1.3024,1.30244,1.30236,1.30241,39470000,1
1500529500000,1500529559000,1.30242,1.30246,1.3023,1.30242,72000000,1
1500529560000,1500529619000,1.30243,1.30264,1.30239,1.30253,35850000,1
1500529620000,1500529679000,1.30251,1.30251,1.30238,1.30241,105350000,1
1500529680000,1500529739000,1.30239,1.30246,1.30236,1.30236,65630000,1
1500529740000,1500529799000,1.30235,1.30243,1.30234,1.30243,124380000,1
1500529800000,1500529859000,1.30243,1.30245,1.30236,1.30243,55820000,1
1500529860000,1500529919000,1.30243,1.30253,1.30243,1.30246,39630000,1
1500529920000,1500529979000,1.30246,1.30252,1.30245,1.30245,54400000,1
1500529980000,1500530039000,1.30245,1.30253,1.30245,1.30249,39810000,1
1500530040000,1500530099000,1.30251,1.30251,1.30241,1.30244,47170000,1
1500530100000,1500530159000,1.30244,1.30261,1.30244,1.30246,71290000,1
1500530160000,1500530219000,1.30243,1.30265,1.30241,1.30264,88110000,1
1500530220000,1500530279000,1.30264,1.30275,1.30264,1.30265,38580000,1
1500530280000,1500530339000,1.30265,1.30279,1.30265,1.30275,72980000,1
1500530340000,1500530399000,1.30274,1.30274,1.30257,1.30257,44930000,1
1500530400000,1500530459000,1.30255,1.30293,1.30252,1.30291,62570000,1
1500530460000,1500530519000,1.30292,1.30293,1.30273,1.30278,97870000,1
1500530520000,1500530579000,1.30274,1.30286,1.30268,1.30272,89450000,1
1500530580000,1500530639000,1.30272,1.30281,1.30269,1.30272,86530000,1
1500530640000,1500530699000,1.30272,1.30281,1.3026,1.30281,93160000,1
1500530700000,1500530759000,1.3028,1.30288,1.30275,1.3028,103410000,1
1500530760000,1500530819000,1.30281,1.3029,1.30235,1.30238,97040000,1
1500530820000,1500530879000,1.30238,1.30242,1.30233,1.30235,120200000,1
1500530880000,1500530939000,1.30235,1.30237,1.30232,1.30237,71720000,1
1500530940000,1500530999000,1.30239,1.30249,1.30229,1.30239,55630000,1
1500531000000,1500531059000,1.3024,1.30251,1.30238,1.30251,70520000,1
1500531060000,1500531119000,1.30251,1.30252,1.30241,1.30249,100410000,1
1500531120000,1500531179000,1.3025,1.30251,1.30248,1.3025,73130000,1
1500531180000,1500531239000,1.30252,1.30252,1.30238,1.30245,69760000,1
1500531240000,1500531299000,1.30241,1.30245,1.30238,1.30241,55300000,1
1500531300000,1500531359000,1.30243,1.30251,1.3024,1.3025,60240000,1
1500531360000,1500531419000,1.3025,1.30251,1.30245,1.3025,47870000,1
1500531420000,1500531479000,1.30249,1.30255,1.30248,1.30255,24740000,1
1500531480000,1500531539000,1.30255,1.3026,1.30254,1.30254,61300000,1
1500531540000,1500531599000,1.30253,1.30254,1.30244,1.30248,64430000,1
1500531600000,1500531659000,1.30248,1.30249,1.30244,1.30249,84210000,1
1500531660000,1500531719000,1.30249,1.30249,1.3024,1.30241,100680000,1
1500531720000,1500531779000,1.30241,1.30241,1.30233,1.30234,50600000,1
1500531780000,1500531839000,1.30234,1.30234,1.30229,1.30231,80650000,1
1500531840000,1500531899000,1.30229,1.30232,1.3022,1.3022,65780000,1
1500531900000,1500531959000,1.3022,1.30229,1.30214,1.30218,79370000,1
1500531960000,1500532019000,1.30219,1.30219,1.30214,1.30219,94560000,1
1500532020000,1500532079000,1.30219,1.30219,1.30209,1.30217,82730000,1
1500532080000,1500532139000,1.30217,1.30217,1.30204,1.30212,89510000,1
1500532140000,1500532199000,1.30212,1.30221,1.3021,1.30216,76730000,1
1500532200000,1500532259000,1.30215,1.30219,1.30195,1.30215,127840000,1
1500532260000,1500532319000,1.30215,1.3022,1.30205,1.3021,128200000,1
1500532320000,1500532379000,1.30211,1.30233,1.30208,1.30227,126590000,1
1500532380000,1500532439000,1.30227,1.30227,1.30219,1.30222,362220000,1
1500532440000,1500532499000,1.30222,1.30231,1.30221,1.30221,55800000,1
1500532500000,1500532559000,1.30221,1.30221,1.30181,1.30181,133250000,1
1500532560000,1500532619000,1.30181,1.30193,1.30179,1.30182,177320000,1
1500532620000,1500532679000,1.30182,1.30201,1.30177,1.30201,106560000,1
1500532680000,1500532739000,1.30199,1.30202,1.30195,1.30201,15610000,1
1500532740000,1500532799000,1.30201,1.30213,1.302,1.30211,46540000,1
1500532800000,1500532859000,1.3021,1.3021,1.30179,1.3018,90680000,1
1500532860000,1500532919000,1.30179,1.30188,1.3016,1.30165,86300000,1
1500532920000,1500532979000,1.30165,1.30175,1.30147,1.30175,133280000,1
1500532980000,1500533039000,1.30175,1.30175,1.30139,1.30142,143660000,1
1500533040000,1500533099000,1.30142,1.30162,1.30142,1.30153,136310000,1
1500533100000,1500533159000,1.30151,1.30163,1.30141,1.30149,68090000,1
1500533160000,1500533219000,1.3015,1.30163,1.3015,1.30162,29870000,1
1500533220000,1500533279000,1.30162,1.30174,1.30159,1.30174,92520000,1
1500533280000,1500533339000,1.30174,1.30208,1.30174,1.30186,196200000,1
1500533340000,1500533399000,1.30186,1.30227,1.30186,1.30227,163200000,1
1500533400000,1500533459000,1.30226,1.30254,1.30223,1.30237,266340000,1
1500533460000,1500533519000,1.30237,1.30271,1.30236,1.30262,193480000,1
1500533520000,1500533579000,1.30262,1.30265,1.30223,1.30223,115650000,1
1500533580000,1500533639000,1.30223,1.30252,1.30223,1.30247,84030000,1
1500533640000,1500533699000,1.30246,1.30248,1.30232,1.30241,115890000,1
1500533700000,1500533759000,1.30241,1.30244,1.3023,1.3023,116200000,1
1500533760000,1500533819000,1.30232,1.30236,1.30209,1.30218,151570000,1
1500533820000,1500533879000,1.30218,1.3023,1.3021,1.30225,176220000,1
1500533880000,1500533939000,1.30229,1.30232,1.30213,1.30213,208550000,1
1500533940000,1500533999000,1.30212,1.30225,1.30212,1.30213,186820000,1
1500534000000,1500534059000,1.30211,1.30241,1.30197,1.30219,296630000,1
1500534060000,1500534119000,1.30219,1.30251,1.30211,1.30251,242910000,1
1500534120000,1500534179000,1.3025,1.30273,1.30239,1.30256,194880000,1
1500534180000,1500534239000,1.30259,1.30263,1.30241,1.30262,162530000,1
1500534240000,1500534299000,1.30262,1.30262,1.30239,1.30249,212880000,1
1500534300000,1500534359000,1.30251,1.30264,1.30246,1.30263,212490000,1
1500534360000,1500534419000,1.30262,1.30266,1.30245,1.3026,178210000,1
1500534420000,1500534479000,1.30263,1.30263,1.30238,1.3024,111290000,1
1500534480000,1500534539000,1.3024,1.3025,1.30238,1.30249,81480000,1
1500534540000,1500534599000,1.30248,1.30248,1.30229,1.30233,106170000,1
1500534600000,1500534659000,1.30231,1.30235,1.3022,1.3023,132160000,1
1500534660000,1500534719000,1.3023,1.3023,1.30214,1.30219,107520000,1
1500534720000,1500534779000,1.30221,1.30223,1.30212,1.30223,110930000,1
1500534780000,1500534839000,1.30223,1.30241,1.30221,1.3024,73690000,1
1500534840000,1500534899000,1.30239,1.3024,1.3021,1.30211,125460000,1
1500534900000,1500534959000,1.30219,1.30225,1.30211,1.30211,77990000,1
1500534960000,1500535019000,1.3021,1.3021,1.30198,1.30199,199610000,1
1500535020000,1500535079000,1.30198,1.30198,1.30161,1.30161,108810000,1
1500535080000,1500535139000,1.30159,1.30164,1.3015,1.30162,123510000,1
1500535140000,1500535199000,1.30163,1.30163,1.30153,1.30153,92420000,1
1500535200000,1500535259000,1.30153,1.30164,1.30152,1.30164,60490000,1
1500535260000,1500535319000,1.30163,1.30165,1.30144,1.30152,116560000,1
1500535320000,1500535379000,1.30152,1.30167,1.30152,1.30164,204760000,1
1500535380000,1500535439000,1.30165,1.30178,1.3016,1.30161,173230000,1
1500535440000,1500535499000,1.30161,1.30171,1.3014,1.3014,147290000,1
1500535500000,1500535559000,1.30141,1.30173,1.30131,1.30133,111320000,1
1500535560000,1500535619000,1.30134,1.30134,1.2986,1.29957,451200000,1
1500535620000,1500535679000,1.29957,1.29998,1.29946,1.29972,333230000,1
1500535680000,1500535739000,1.29972,1.29976,1.29935,1.29935,324830000,1
1500535740000,1500535799000,1.29935,1.29961,1.29917,1.29944,191480000,1
1500535800000,1500535859000,1.29944,1.29963,1.29936,1.29952,212690000,1
1500535860000,1500535919000,1.29952,1.29952,1.29893,1.29893,229270000,1
1500535920000,1500535979000,1.29891,1.29895,1.29867,1.29873,359860000,1
1500535980000,1500536039000,1.29874,1.29883,1.29844,1.29879,221550000,1
1500536040000,1500536099000,1.29878,1.29912,1.29874,1.29912,143350000,1
1500536100000,1500536159000,1.2991,1.29923,1.29902,1.29923,141290000,1
1500536160000,1500536219000,1.29921,1.29921,1.29894,1.29894,112530000,1
1500536220000,1500536279000,1.29894,1.29907,1.29885,1.29904,138350000,1
1500536280000,1500536339000,1.29904,1.29919,1.29892,1.29917,130640000,1
1500536340000,1500536399000,1.29919,1.29923,1.29907,1.2992,78430000,1
1500536400000,1500536459000,1.29922,1.29949,1.29922,1.29936,165570000,1
1500536460000,1500536519000,1.29936,1.2994,1.29936,1.29937,84320000,1
1500536520000,1500536579000,1.29937,1.29937,1.29925,1.2993,125940000,1
1500536580000,1500536639000,1.2993,1.29938,1.29928,1.29932,175700000,1
1500536640000,1500536699000,1.29933,1.2997,1.29928,1.29957,245340000,1
1500536700000,1500536759000,1.2996,1.29995,1.29957,1.29987,234200000,1
1500536760000,1500536819000,1.29984,1.29989,1.29962,1.29962,144750000,1
1500536820000,1500536879000,1.29963,1.29973,1.2996,1.29969,112150000,1
1500536880000,1500536939000,1.29966,1.29977,1.29965,1.29977,69620000,1
1500536940000,1500536999000,1.29975,1.29989,1.29962,1.29978,107360000,1
1500537000000,1500537059000,1.29978,1.29989,1.29969,1.29988,196150000,1
1500537060000,1500537119000,1.29985,1.29988,1.29944,1.29953,169120000,1
1500537120000,1500537179000,1.29953,1.29965,1.29953,1.29953,140800000,1
1500537180000,1500537239000,1.29953,1.29956,1.29946,1.29956,105790000,1
1500537240000,1500537299000,1.29954,1.29954,1.29951,1.29952,78230000,1
1500537300000,1500537359000,1.29952,1.29974,1.29952,1.29973,179610000,1
1500537360000,1500537419000,1.29972,1.29984,1.29972,1.29983,155430000,1
1500537420000,1500537479000,1.29984,1.3,1.29983,1.29996,131150000,1
1500537480000,1500537539000,1.29995,1.30006,1.29993,1.30006,138810000,1
1500537540000,1500537599000,1.30005,1.30016,1.29984,1.29985,191540000,1
1500537600000,1500537659000,1.29985,1.29997,1.29972,1.29986,143240000,1
1500537660000,1500537719000,1.29985,1.29987,1.2994,1.29951,125410000,1
1500537720000,1500537779000,1.29951,1.29953,1.29913,1.29913,85160000,1
1500537780000,1500537839000,1.29913,1.29917,1.2989,1.2989,124060000,1
1500537840000,1500537899000,1.2989,1.29906,1.29852,1.29852,239830000,1
1500537900000,1500537959000,1.29856,1.29859,1.29808,1.29832,262550000,1
1500537960000,1500538019000,1.29833,1.29852,1.29812,1.29815,196770000,1
1500538020000,1500538079000,1.29816,1.29849,1.29798,1.29822,248480000,1
1500538080000,1500538139000,1.29818,1.29824,1.29722,1.29777,342920000,1
1500538140000,1500538199000,1.29778,1.29828,1.29778,1.29827,231970000,1
1500538200000,1500538259000,1.29828,1.29848,1.29827,1.29846,295590000,1
1500538260000,1500538319000,1.29846,1.29857,1.29843,1.2985,243670000,1
1500538320000,1500538379000,1.2985,1.29857,1.29842,1.29857,148560000,1
1500538380000,1500538439000,1.29857,1.29859,1.29816,1.29818,107890000,1
1500538440000,1500538499000,1.29818,1.29845,1.29817,1.29826,70730000,1
1500538500000,1500538559000,1.29826,1.29849,1.29826,1.29839,99620000,1
1500538560000,1500538619000,1.2984,1.29856,1.2984,1.29847,98440000,1
1500538620000,1500538679000,1.29848,1.29861,1.29817,1.29818,161740000,1
1500538680000,1500538739000,1.29817,1.29818,1.29754,1.29775,243910000,1
1500538740000,1500538799000,1.29775,1.29788,1.29749,1.29749,190480000,1
1500538800000,1500538859000,1.29751,1.2979,1.29751,1.29766,201990000,1
1500538860000,1500538919000,1.29769,1.29794,1.29764,1.29788,259680000,1
1500538920000,1500538979000,1.29788,1.29853,1.29783,1.29851,236710000,1
1500538980000,1500539039000,1.29848,1.29851,1.29832,1.29841,126860000,1
1500539040000,1500539099000,1.29841,1.29852,1.29832,1.29852,155000000,1
1500539100000,1500539159000,1.2985,1.29935,1.2985,1.29901,268480000,1
1500539160000,1500539219000,1.29903,1.29905,1.29888,1.29897,133030000,1
1500539220000,1500539279000,1.29898,1.29903,1.29885,1.29887,171040000,1
1500539280000,1500539339000,1.29887,1.29895,1.29849,1.29895,161790000,1
1500539340000,1500539399000,1.29894,1.29904,1.29852,1.29853,238020000,1
1500539400000,1500539459000,1.29851,1.30178,1.29847,1.30151,596080000,1
1500539460000,1500539519000,1.30153,1.30153,1.30092,1.3013,308150000,1
1500539520000,1500539579000,1.30135,1.30136,1.30045,1.3008,287780000,1
1500539580000,1500539639000,1.30083,1.30083,1.30053,1.30061,212330000,1
1500539640000,1500539699000,1.30061,1.30082,1.30045,1.30061,195060000,1
1500539700000,1500539759000,1.30061,1.30101,1.30052,1.30091,172110000,1
1500539760000,1500539819000,1.30089,1.30091,1.3003,1.3004,192920000,1
1500539820000,1500539879000,1.3004,1.30044,1.29993,1.30004,131680000,1
1500539880000,1500539939000,1.30006,1.30023,1.29984,1.29986,133390000,1
1500539940000,1500539999000,1.29986,1.30018,1.29986,1.29991,95280000,1
1500540000000,1500540059000,1.29991,1.29999,1.29985,1.29988,79200000,1
1500540060000,1500540119000,1.29988,1.29988,1.2991,1.29929,192720000,1
1500540120000,1500540179000,1.29931,1.29956,1.29921,1.29956,128650000,1
1500540180000,1500540239000,1.29958,1.29968,1.29951,1.29951,73770000,1
1500540240000,1500540299000,1.29949,1.29949,1.29924,1.29938,93090000,1
1500540300000,1500540359000,1.29937,1.29954,1.29935,1.29942,99030000,1
1500540360000,1500540419000,1.29941,1.29994,1.2994,1.29981,234620000,1
1500540420000,1500540479000,1.2998,1.29986,1.29958,1.29966,164380000,1
1500540480000,1500540539000,1.29965,1.29992,1.29965,1.29985,91110000,1
1500540540000,1500540599000,1.29985,1.30024,1.29985,1.30023,109810000,1
1500540600000,1500540659000,1.30025,1.3004,1.29995,1.30013,119510000,1
1500540660000,1500540719000,1.30013,1.30036,1.3001,1.30028,120610000,1
1500540720000,1500540779000,1.30028,1.30065,1.30024,1.30057,144060000,1
1500540780000,1500540839000,1.30048,1.30054,1.30022,1.30022,109650000,1
1500540840000,1500540899000,1.30022,1.30022,1.30002,1.30012,175990000,1
1500540900000,1500540959000,1.30012,1.30053,1.30012,1.30033,178130000,1
1500540960000,1500541019000,1.30032,1.30053,1.30027,1.3005,131350000,1
1500541020000,1500541079000,1.30048,1.30053,1.30032,1.30037,108890000,1
1500541080000,1500541139000,1.30038,1.30052,1.30037,1.30048,94830000,1
1500541140000,1500541199000,1.30047,1.30063,1.29992,1.29992,143630000,1
1500541200000,1500541259000,1.29992,1.30014,1.29992,1.29995,97140000,1
1500541260000,1500541319000,1.29995,1.29998,1.29986,1.29987,132090000,1
1500541320000,1500541379000,1.29988,1.29991,1.29975,1.29984,122680000,1
1500541380000,1500541439000,1.29984,1.29993,1.29983,1.29983,110420000,1
1500541440000,1500541499000,1.2999,1.29996,1.29963,1.29979,147950000,1
1500541500000,1500541559000,1.29978,1.29985,1.29973,1.29976,105370000,1
1500541560000,1500541619000,1.29976,1.29985,1.29964,1.29964,99280000,1
1500541620000,1500541679000,1.29964,1.29974,1.29963,1.29964,93530000,1
1500541680000,1500541739000,1.29964,1.29972,1.29955,1.29955,84310000,1
1500541740000,1500541799000,1.29955,1.29955,1.29901,1.29922,194710000,1
1500541800000,1500541859000,1.29921,1.29923,1.29879,1.29893,181790000,1
1500541860000,1500541919000,1.29892,1.29897,1.29883,1.29888,131020000,1
1500541920000,1500541979000,1.29886,1.29889,1.29781,1.29794,171960000,1
1500541980000,1500542039000,1.29796,1.29842,1.29794,1.29808,211240000,1
1500542040000,1500542099000,1.29807,1.2982,1.29792,1.29796,221160000,1
1500542100000,1500542159000,1.29795,1.29813,1.29794,1.29811,146650000,1
1500542160000,1500542219000,1.2981,1.29815,1.29803,1.29803,103330000,1
1500542220000,1500542279000,1.29803,1.29803,1.29786,1.29793,161960000,1
1500542280000,1500542339000,1.29793,1.2981,1.29793,1.29803,132320000,1
1500542340000,1500542399000,1.29801,1.29824,1.298,1.29818,166020000,1
1500542400000,1500542459000,1.29817,1.29825,1.29808,1.29819,122690000,1
1500542460000,1500542519000,1.29819,1.29823,1.29786,1.29804,110090000,1
1500542520000,1500542579000,1.29804,1.29804,1.2974,1.29742,190710000,1
1500542580000,1500542639000,1.29742,1.29753,1.29663,1.29692,224260000,1
1500542640000,1500542699000,1.29692,1.29722,1.29675,1.29713,194480000,1
1500542700000,1500542759000,1.29712,1.29724,1.29698,1.29719,109050000,1
1500542760000,1500542819000,1.2972,1.2973,1.29719,1.29728,138090000,1
1500542820000,1500542879000,1.29728,1.29731,1.29724,1.29727,46710000,1
1500542880000,1500542939000,1.29731,1.29763,1.29731,1.29758,67500000,1
1500542940000,1500542999000,1.29757,1.29758,1.29745,1.29756,86610000,1
1500543000000,1500543059000,1.29755,1.29756,1.29725,1.29737,120780000,1
1500543060000,1500543119000,1.29737,1.29737,1.29723,1.29727,103280000,1
1500543120000,1500543179000,1.29727,1.2973,1.29659,1.29661,176730000,1
1500543180000,1500543239000,1.29664,1.29664,1.2957,1.29616,230740000,1
1500543240000,1500543299000,1.29616,1.29646,1.29615,1.29642,131330000,1
1500543300000,1500543359000,1.29642,1.29645,1.29635,1.29637,138660000,1
1500543360000,1500543419000,1.29637,1.29646,1.29623,1.29623,130320000,1
1500543420000,1500543479000,1.29623,1.29624,1.29583,1.29605,174400000,1
1500543480000,1500543539000,1.29605,1.29628,1.29605,1.29625,143840000,1
1500543540000,1500543599000,1.29624,1.29625,1.29588,1.29593,148600000,1
1500543600000,1500543659000,1.29593,1.29606,1.29592,1.29602,142050000,1
1500543660000,1500543719000,1.29601,1.29633,1.29593,1.2963,124970000,1
1500543720000,1500543779000,1.2963,1.2966,1.29628,1.29656,121570000,1
1500543780000,1500543839000,1.29659,1.29669,1.29656,1.29668,74420000,1
1500543840000,1500543899000,1.29668,1.29697,1.29668,1.29693,164270000,1
1500543900000,1500543959000,1.29692,1.29707,1.29667,1.29674,313180000,1
1500543960000,1500544019000,1.29675,1.29684,1.29663,1.29684,104140000,1
1500544020000,1500544079000,1.29683,1.29688,1.29677,1.29685,85570000,1
1500544080000,1500544139000,1.29685,1.29686,1.29654,1.29654,103700000,1
1500544140000,1500544199000,1.29652,1.29658,1.29646,1.29654,69820000,1
1500544200000,1500544259000,1.29656,1.29656,1.29633,1.29634,56040000,1
1500544260000,1500544319000,1.29634,1.29634,1.29552,1.29561,206300000,1
1500544320000,1500544379000,1.29561,1.29588,1.29555,1.29581,87390000,1
1500544380000,1500544439000,1.29581,1.29615,1.29576,1.29615,113210000,1
1500544440000,1500544499000,1.29609,1.29614,1.29585,1.29585,146950000,1
1500544500000,1500544559000,1.29582,1.29583,1.29564,1.29573,141830000,1
1500544560000,1500544619000,1.29575,1.29617,1.29563,1.29617,212550000,1
1500544620000,1500544679000,1.29617,1.29634,1.29606,1.29606,258640000,1
1500544680000,1500544739000,1.29606,1.29633,1.29605,1.29632,132750000,1
1500544740000,1500544799000,1.29632,1.29652,1.29621,1.29648,158720000,1
1500544800000,1500544859000,1.29651,1.29652,1.2961,1.29618,201870000,1
1500544860000,1500544919000,1.29617,1.29632,1.29599,1.29626,173380000,1
1500544920000,1500544979000,1.29627,1.29639,1.29627,1.29636,85760000,1
1500544980000,1500545039000,1.29637,1.29638,1.29603,1.29626,196170000,1
1500545040000,1500545099000,1.29628,1.29631,1.29599,1.29616,148540000,1
1500545100000,1500545159000,1.29616,1.29622,1.29616,1.29616,100310000,1
1500545160000,1500545219000,1.29617,1.29617,1.29589,1.29596,96980000,1
1500545220000,1500545279000,1.29596,1.29598,1.29584,1.29593,86740000,1
1500545280000,1500545339000,1.29593,1.29593,1.29561,1.29591,103970000,1
1500545340000,1500545399000,1.29589,1.29592,1.29572,1.2958,93490000,1
1500545400000,1500545459000,1.29581,1.29595,1.29573,1.29576,50750000,1
1500545460000,1500545519000,1.29576,1.29605,1.29576,1.29586,83910000,1
1500545520000,1500545579000,1.29587,1.29616,1.29587,1.296,83260000,1
1500545580000,1500545639000,1.29602,1.29608,1.29599,1.29607,56310000,1
1500545640000,1500545699000,1.29609,1.2961,1.29596,1.29598,46740000,1
1500545700000,1500545759000,1.29598,1.29622,1.29598,1.29616,107270000,1
1500545760000,1500545819000,1.29616,1.29628,1.29599,1.29599,100770000,1
1500545820000,1500545879000,1.29599,1.29603,1.29587,1.29589,63610000,1
1500545880000,1500545939000,1.29589,1.29589,1.29562,1.29573,78420000,1
1500545940000,1500545999000,1.29572,1.29574,1.2956,1.29563,74800000,1
1500546000000,1500546059000,1.29562,1.29569,1.29512,1.29522,206260000,1
1500546060000,1500546119000,1.29523,1.29536,1.29497,1.29527,275830000,1
1500546120000,1500546179000,1.29528,1.29528,1.29508,1.2951,129860000,1
1500546180000,1500546239000,1.2951,1.29515,1.29498,1.29505,152080000,1
1500546240000,1500546299000,1.29503,1.29507,1.29427,1.29432,243330000,1
1500546300000,1500546359000,1.29434,1.29463,1.29434,1.29456,216290000,1
1500546360000,1500546419000,1.29457,1.29495,1.29446,1.29491,224530000,1
1500546420000,1500546479000,1.29496,1.29537,1.29484,1.29528,165100000,1
1500546480000,1500546539000,1.29527,1.29548,1.29527,1.29546,101280000,1
1500546540000,1500546599000,1.29546,1.29569,1.29539,1.29554,147220000,1
1500546600000,1500546659000,1.29555,1.29558,1.29547,1.29551,127720000,1
1500546660000,1500546719000,1.29553,1.29554,1.29542,1.29544,70710000,1
1500546720000,1500546779000,1.29544,1.29553,1.29538,1.2955,131340000,1
1500546780000,1500546839000,1.2955,1.29554,1.2954,1.29548,175940000,1
1500546840000,1500546899000,1.29551,1.29552,1.29521,1.29523,109540000,1
1500546900000,1500546959000,1.29523,1.29533,1.29519,1.29533,121150000,1
1500546960000,1500547019000,1.29535,1.29553,1.29535,1.29552,124970000,1
1500547020000,1500547079000,1.29553,1.29565,1.29543,1.29544,147900000,1
1500547080000,1500547139000,1.29543,1.29543,1.29525,1.29525,165380000,1
1500547140000,1500547199000,1.29522,1.29532,1.29522,1.29529,156090000,1
1500547200000,1500547259000,1.2953,1.29538,1.29517,1.29538,163050000,1
1500547260000,1500547319000,1.29538,1.29543,1.29525,1.29527,150000000,1
1500547320000,1500547379000,1.29527,1.29535,1.29527,1.29533,98290000,1
1500547380000,1500547439000,1.29533,1.29559,1.29532,1.29558,118330000,1
1500547440000,1500547499000,1.29555,1.29565,1.29537,1.29538,135270000,1
1500547500000,1500547559000,1.29537,1.29552,1.29537,1.29547,215410000,1
1500547560000,1500547619000,1.29544,1.29555,1.29532,1.29554,99280000,1
1500547620000,1500547679000,1.29554,1.29558,1.29542,1.29547,101140000,1
1500547680000,1500547739000,1.29548,1.29555,1.29543,1.29544,132780000,1
1500547740000,1500547799000,1.29544,1.29544,1.29537,1.29539,36340000,1
1500547800000,1500547859000,1.29539,1.29549,1.29537,1.29537,219290000,1
1500547860000,1500547919000,1.29538,1.29539,1.29535,1.29538,48430000,1
1500547920000,1500547979000,1.29536,1.29563,1.29521,1.29536,93440000,1
1500547980000,1500548039000,1.29532,1.29548,1.29503,1.29526,168460000,1
1500548040000,1500548099000,1.29524,1.29526,1.2947,1.29474,186350000,1
1500548100000,1500548159000,1.29474,1.29498,1.29471,1.29497,162850000,1
1500548160000,1500548219000,1.29497,1.29513,1.29483,1.29497,186140000,1
1500548220000,1500548279000,1.29498,1.29505,1.29487,1.29488,157010000,1
1500548280000,1500548339000,1.29487,1.29489,1.29472,1.29472,147790000,1
1500548340000,1500548399000,1.29472,1.29473,1.29402,1.29411,277530000,1
1500548400000,1500548459000,1.29413,1.29414,1.29329,1.29382,404400000,1
1500548460000,1500548519000,1.29387,1.29398,1.29375,1.2938,484090000,1
1500548520000,1500548579000,1.29379,1.294,1.2937,1.294,239570000,1
1500548580000,1500548639000,1.294,1.2941,1.29389,1.29407,191720000,1
1500548640000,1500548699000,1.29408,1.29433,1.29407,1.29429,90210000,1
1500548700000,1500548759000,1.29427,1.29433,1.29421,1.29431,110140000,1
1500548760000,1500548819000,1.2943,1.29444,1.29424,1.29436,120370000,1
1500548820000,1500548879000,1.29438,1.29438,1.29417,1.29422,126380000,1
1500548880000,1500548939000,1.2942,1.29433,1.29417,1.2943,145960000,1
1500548940000,1500548999000,1.2943,1.29469,1.29425,1.29448,231010000,1
1500549000000,1500549059000,1.29447,1.29458,1.29429,1.29448,129800000,1
1500549060000,1500549119000,1.29448,1.29456,1.29439,1.29454,167590000,1
1500549120000,1500549179000,1.29452,1.29471,1.29446,1.29471,154340000,1
1500549180000,1500549239000,1.29468,1.29477,1.29459,1.29468,118430000,1
1500549240000,1500549299000,1.29467,1.29473,1.29449,1.29466,128720000,1
1500549300000,1500549359000,1.29471,1.29478,1.29461,1.29465,104810000,1
1500549360000,1500549419000,1.29468,1.29477,1.29458,1.29477,101230000,1
1500549420000,1500549479000,1.29477,1.29486,1.29474,1.29486,177900000,1
1500549480000,1500549539000,1.29486,1.29498,1.29481,1.29484,175520000,1
1500549540000,1500549599000,1.29485,1.29488,1.29469,1.29474,172270000,1
1500549600000,1500549659000,1.29472,1.29486,1.29468,1.29471,136170000,1
1500549660000,1500549719000,1.29472,1.29472,1.29436,1.29445,137630000,1
1500549720000,1500549779000,1.29445,1.29468,1.29445,1.29457,162380000,1
1500549780000,1500549839000,1.29459,1.29475,1.29418,1.29446,203480000,1
1500549840000,1500549899000,1.29446,1.2946,1.29427,1.29452,147700000,1
1500549900000,1500549959000,1.29452,1.2947,1.29431,1.29437,174950000,1
1500549960000,1500550019000,1.29437,1.29445,1.29424,1.29438,148800000,1
1500550020000,1500550079000,1.29437,1.29438,1.29429,1.29436,112930000,1
1500550080000,1500550139000,1.29436,1.29462,1.29433,1.2945,126400000,1
1500550140000,1500550199000,1.2945,1.29456,1.29432,1.29437,117610000,1
1500550200000,1500550259000,1.29437,1.29438,1.29415,1.29415,114680000,1
1500550260000,1500550319000,1.29414,1.29442,1.29414,1.29434,65180000,1
1500550320000,1500550379000,1.29432,1.29454,1.29424,1.29447,151120000,1
1500550380000,1500550439000,1.29444,1.29452,1.29441,1.29447,57200000,1
1500550440000,1500550499000,1.29445,1.29451,1.29429,1.29429,136010000,1
1500550500000,1500550559000,1.29428,1.29454,1.29413,1.29414,157460000,1
1500550560000,1500550619000,1.29415,1.29437,1.29411,1.29429,110640000,1
1500550620000,1500550679000,1.29428,1.29437,1.29415,1.29416,146220000,1
1500550680000,1500550739000,1.29417,1.29425,1.2941,1.2942,104070000,1
1500550740000,1500550799000,1.2942,1.2944,1.2942,1.29438,75110000,1
1500550800000,1500550859000,1.29438,1.29446,1.29433,1.29444,63000000,1
1500550860000,1500550919000,1.29443,1.29443,1.29437,1.29438,39370000,1
1500550920000,1500550979000,1.29438,1.29438,1.29426,1.29426,48500000,1
1500550980000,1500551039000,1.29425,1.29436,1.29418,1.29435,70500000,1
1500551040000,1500551099000,1.29436,1.29452,1.29413,1.29437,158260000,1
1500551100000,1500551159000,1.29438,1.29456,1.29371,1.29381,439480000,1
1500551160000,1500551219000,1.2938,1.29393,1.29357,1.29372,262610000,1
1500551220000,1500551279000,1.29375,1.29397,1.29375,1.29394,119890000,1
1500551280000,1500551339000,1.29394,1.29426,1.29382,1.29426,176520000,1
1500551340000,1500551399000,1.29428,1.29436,1.29412,1.29423,148710000,1
1500551400000,1500551459000,1.29423,1.29463,1.29423,1.29463,138640000,1
1500551460000,1500551519000,1.29464,1.29485,1.29455,1.29485,283560000,1
1500551520000,1500551579000,1.29485,1.29506,1.29464,1.29485,162570000,1
1500551580000,1500551639000,1.29484,1.29488,1.29432,1.29451,208170000,1
1500551640000,1500551699000,1.29452,1.29468,1.29424,1.29446,178170000,1
1500551700000,1500551759000,1.29445,1.29448,1.29427,1.29448,141720000,1
1500551760000,1500551819000,1.29447,1.29462,1.29441,1.2946,127700000,1
1500551820000,1500551879000,1.29464,1.29473,1.29449,1.29452,102440000,1
1500551880000,1500551939000,1.29453,1.29454,1.29441,1.29443,79680000,1
1500551940000,1500551999000,1.29443,1.29468,1.29439,1.29467,173380000,1
1500552000000,1500552059000,1.29466,1.29473,1.29456,1.29458,148890000,1
1500552060000,1500552119000,1.29458,1.29461,1.29443,1.29454,191840000,1
1500552120000,1500552179000,1.29454,1.29454,1.29444,1.29446,138870000,1
1500552180000,1500552239000,1.29446,1.29456,1.29436,1.29436,143440000,1
1500552240000,1500552299000,1.29436,1.29436,1.29385,1.29385,263890000,1
1500552300000,1500552359000,1.29384,1.29384,1.2937,1.29376,122550000,1
1500552360000,1500552419000,1.29376,1.29386,1.29354,1.29354,144370000,1
1500552420000,1500552479000,1.29354,1.29367,1.29335,1.29356,174220000,1
1500552480000,1500552539000,1.29357,1.29375,1.29329,1.29374,205260000,1
1500552540000,1500552599000,1.29375,1.29388,1.29375,1.29387,91710000,1
1500552600000,1500552659000,1.29388,1.29391,1.29388,1.29391,30250000,1
1500552660000,1500552719000,1.29396,1.2944,1.29396,1.29432,114990000,1
1500552720000,1500552779000,1.29432,1.29447,1.29421,1.29444,68610000,1
1500552780000,1500552839000,1.29444,1.29446,1.29434,1.29444,54230000,1
1500552840000,1500552899000,1.29444,1.29463,1.29441,1.2946,73230000,1
1500552900000,1500552959000,1.2946,1.29486,1.29451,1.2948,100950000,1
1500552960000,1500553019000,1.2948,1.29483,1.29455,1.29462,156260000,1
1500553020000,1500553079000,1.29465,1.29465,1.29444,1.29447,113420000,1
1500553080000,1500553139000,1.29446,1.29478,1.29444,1.29466,102930000,1
1500553140000,1500553199000,1.29468,1.29478,1.29455,1.29468,120590000,1
1500553200000,1500553259000,1.29465,1.2948,1.29448,1.29478,152710000,1
1500553260000,1500553319000,1.29478,1.29485,1.29465,1.29477,178030000,1
1500553320000,1500553379000,1.29477,1.29485,1.29465,1.29474,132530000,1
1500553380000,1500553439000,1.29474,1.29485,1.2946,1.29478,236890000,1
1500553440000,1500553499000,1.29478,1.2948,1.29456,1.29458,198410000,1
1500553500000,1500553559000,1.29459,1.29478,1.29459,1.29476,168030000,1
1500553560000,1500553619000,1.29474,1.29493,1.2947,1.29482,166970000,1
1500553620000,1500553679000,1.29482,1.29498,1.29466,1.2948,165490000,1
1500553680000,1500553739000,1.29479,1.29481,1.29473,1.29476,74260000,1
1500553740000,1500553799000,1.29476,1.29479,1.29462,1.29468,129450000,1
1500553800000,1500553859000,1.29468,1.29493,1.29459,1.29491,124710000,1
1500553860000,1500553919000,1.29491,1.29495,1.2948,1.29491,151090000,1
1500553920000,1500553979000,1.29491,1.29519,1.29491,1.29507,162170000,1
1500553980000,1500554039000,1.29506,1.29518,1.29497,1.29516,196070000,1
1500554040000,1500554099000,1.29515,1.29522,1.29497,1.29503,207760000,1
1500554100000,1500554159000,1.29501,1.29506,1.29483,1.29483,204060000,1
1500554160000,1500554219000,1.29481,1.29554,1.29481,1.2951,527870000,1
1500554220000,1500554279000,1.29506,1.29535,1.29495,1.29516,556380000,1
1500554280000,1500554339000,1.29512,1.29554,1.29506,1.29512,448910000,1
1500554340000,1500554399000,1.2951,1.29547,1.29503,1.29526,330280000,1
1500554400000,1500554459000,1.29527,1.29553,1.29521,1.29553,295990000,1
1500554460000,1500554519000,1.29552,1.29563,1.29544,1.29547,172770000,1
1500554520000,1500554579000,1.29547,1.29597,1.29545,1.29576,327860000,1
1500554580000,1500554639000,1.29575,1.29602,1.29573,1.29596,226260000,1
1500554640000,1500554699000,1.29596,1.29634,1.29595,1.29609,304350000,1
1500554700000,1500554759000,1.29608,1.29619,1.29559,1.29601,425860000,1
1500554760000,1500554819000,1.29599,1.29613,1.2958,1.29583,363880000,1
1500554820000,1500554879000,1.2958,1.29654,1.29542,1.29654,540190000,1
1500554880000,1500554939000,1.29652,1.29718,1.29612,1.29642,489220000,1
1500554940000,1500554999000,1.29642,1.29693,1.29635,1.29676,422940000,1
1500555000000,1500555059000,1.29674,1.29746,1.29668,1.29717,325360000,1
1500555060000,1500555119000,1.29718,1.29723,1.29678,1.29704,352640000,1
1500555120000,1500555179000,1.29708,1.29727,1.29691,1.29714,311090000,1
1500555180000,1500555239000,1.29714,1.29737,1.29692,1.29721,228160000,1
1500555240000,1500555299000,1.29723,1.29723,1.29663,1.29689,294630000,1
1500555300000,1500555359000,1.29689,1.29708,1.29674,1.2968,295120000,1
1500555360000,1500555419000,1.2968,1.29689,1.29662,1.29681,279990000,1
1500555420000,1500555479000,1.2968,1.29688,1.2966,1.29664,251380000,1
1500555480000,1500555539000,1.29665,1.29667,1.29633,1.29652,240780000,1
1500555540000,1500555599000,1.29653,1.29706,1.29643,1.29706,198690000,1
1500555600000,1500555659000,1.29706,1.29723,1.29689,1.29703,284110000,1
1500555660000,1500555719000,1.29701,1.29705,1.29668,1.2967,198940000,1
1500555720000,1500555779000,1.2967,1.29684,1.29652,1.29658,209990000,1
1500555780000,1500555839000,1.29657,1.29665,1.2963,1.29632,197550000,1
1500555840000,1500555899000,1.29632,1.29641,1.29611,1.29615,175690000,1
1500555900000,1500555959000,1.29617,1.29642,1.29617,1.29634,192140000,1
1500555960000,1500556019000,1.2963,1.29661,1.29611,1.2963,174980000,1
1500556020000,1500556079000,1.29632,1.29697,1.29622,1.2969,175080000,1
1500556080000,1500556139000,1.29691,1.297,1.29672,1.29689,247630000,1
1500556140000,1500556199000,1.29689,1.29726,1.29688,1.29706,223820000,1
1500556200000,1500556259000,1.29711,1.29753,1.29704,1.29742,267770000,1
1500556260000,1500556319000,1.29742,1.29763,1.29727,1.29733,244680000,1
1500556320000,1500556379000,1.29734,1.29734,1.29649,1.29649,225130000,1
1500556380000,1500556439000,1.2965,1.29663,1.2964,1.29653,262330000,1
1500556440000,1500556499000,1.29655,1.2968,1.29641,1.2968,173630000,1
1500556500000,1500556559000,1.2968,1.29683,1.29631,1.29634,213460000,1
1500556560000,1500556619000,1.29635,1.29649,1.29632,1.29641,185490000,1
1500556620000,1500556679000,1.29642,1.29648,1.29625,1.29644,171980000,1
1500556680000,1500556739000,1.29645,1.29647,1.29631,1.29639,130410000,1
1500556740000,1500556799000,1.29639,1.29652,1.29633,1.29636,153160000,1
1500556800000,1500556859000,1.29641,1.29653,1.2964,1.29652,149990000,1
1500556860000,1500556919000,1.29657,1.29658,1.29632,1.29637,124660000,1
1500556920000,1500556979000,1.29639,1.29662,1.29623,1.2966,152790000,1
1500556980000,1500557039000,1.2966,1.29725,1.29653,1.29719,167040000,1
1500557040000,1500557099000,1.29718,1.29718,1.29692,1.29711,162660000,1
1500557100000,1500557159000,1.29711,1.29738,1.29703,1.29738,111800000,1
1500557160000,1500557219000,1.29738,1.29738,1.29715,1.29722,108730000,1
1500557220000,1500557279000,1.29715,1.29728,1.29693,1.29693,135730000,1
1500557280000,1500557339000,1.29692,1.29734,1.29692,1.29732,217480000,1
1500557340000,1500557399000,1.29733,1.29742,1.29714,1.29723,199850000,1
1500557400000,1500557459000,1.29723,1.29799,1.29721,1.29799,165420000,1
1500557460000,1500557519000,1.29796,1.29803,1.29761,1.29761,206940000,1
1500557520000,1500557579000,1.29761,1.298,1.29752,1.29781,284210000,1
1500557580000,1500557639000,1.29781,1.29781,1.29699,1.29699,240850000,1
1500557640000,1500557699000,1.29699,1.29754,1.29694,1.29744,158430000,1
1500557700000,1500557759000,1.29746,1.29759,1.29731,1.29732,183970000,1
1500557760000,1500557819000,1.29731,1.29731,1.2972,1.2972,141790000,1
1500557820000,1500557879000,1.29721,1.29724,1.29709,1.29709,92880000,1
1500557880000,1500557939000,1.2971,1.29725,1.297,1.29724,235850000,1
1500557940000,1500557999000,1.29725,1.29745,1.29688,1.29691,273420000,1
1500558000000,1500558059000,1.29692,1.29709,1.29679,1.2968,248150000,1
1500558060000,1500558119000,1.2968,1.29695,1.29661,1.29682,270510000,1
1500558120000,1500558179000,1.29682,1.29682,1.29666,1.2967,189060000,1
1500558180000,1500558239000,1.29671,1.29717,1.2967,1.29702,162340000,1
1500558240000,1500558299000,1.29702,1.29737,1.29699,1.29728,144440000,1
1500558300000,1500558359000,1.29726,1.2974,1.29712,1.29715,131290000,1
1500558360000,1500558419000,1.29718,1.29727,1.29672,1.29679,269510000,1
1500558420000,1500558479000,1.29678,1.29706,1.29663,1.29706,138760000,1
1500558480000,1500558539000,1.29706,1.29706,1.29681,1.29681,109350000,1
1500558540000,1500558599000,1.2968,1.2972,1.29675,1.29717,147040000,1
1500558600000,1500558659000,1.29719,1.29761,1.29715,1.29724,209670000,1
1500558660000,1500558719000,1.29725,1.29756,1.29724,1.29735,139450000,1
1500558720000,1500558779000,1.29736,1.29759,1.29734,1.29756,92340000,1
1500558780000,1500558839000,1.29756,1.29765,1.29739,1.29744,106180000,1
1500558840000,1500558899000,1.29744,1.29753,1.29742,1.29753,75100000,1
1500558900000,1500558959000,1.29752,1.2976,1.29743,1.29743,124210000,1
1500558960000,1500559019000,1.29742,1.29742,1.29691,1.29694,227060000,1
1500559020000,1500559079000,1.29694,1.29712,1.29691,1.29702,116660000,1
1500559080000,1500559139000,1.29705,1.29705,1.29696,1.297,161220000,1
1500559140000,1500559199000,1.297,1.29727,1.297,1.29724,86030000,1
1500559200000,1500559259000,1.29723,1.29724,1.29697,1.29698,196410000,1
1500559260000,1500559319000,1.29699,1.29714,1.29682,1.29712,198390000,1
1500559320000,1500559379000,1.29712,1.29727,1.29701,1.29715,224740000,1
1500559380000,1500559439000,1.29714,1.29756,1.29698,1.297,267130000,1
1500559440000,1500559499000,1.297,1.29713,1.29693,1.297,74270000,1
1500559500000,1500559559000,1.297,1.297,1.29679,1.2968,181540000,1
1500559560000,1500559619000,1.29679,1.29701,1.2967,1.29691,211030000,1
1500559620000,1500559679000,1.2969,1.29701,1.29678,1.29694,137370000,1
1500559680000,1500559739000,1.29694,1.29711,1.29693,1.29694,51220000,1
1500559740000,1500559799000,1.29695,1.29716,1.29695,1.29703,104450000,1
1500559800000,1500559859000,1.29704,1.2973,1.29703,1.29711,170590000,1
1500559860000,1500559919000,1.2971,1.29734,1.2971,1.29723,104460000,1
1500559920000,1500559979000,1.29722,1.29723,1.2969,1.29692,118090000,1
1500559980000,1500560039000,1.29693,1.29703,1.29692,1.29702,70400000,1
1500560040000,1500560099000,1.29702,1.29703,1.29669,1.29669,117680000,1
1500560100000,1500560159000,1.29673,1.29689,1.29643,1.29678,152640000,1
1500560160000,1500560219000,1.29676,1.29707,1.29675,1.29705,70460000,1
1500560220000,1500560279000,1.29705,1.29716,1.29697,1.29706,138540000,1
1500560280000,1500560339000,1.29706,1.29751,1.29695,1.29724,117350000,1
1500560340000,1500560399000,1.29721,1.29727,1.29699,1.29702,187480000,1
1500560400000,1500560459000,1.29702,1.29706,1.29668,1.29668,176200000,1
1500560460000,1500560519000,1.29667,1.2967,1.29633,1.29641,233000000,1
1500560520000,1500560579000,1.29641,1.29672,1.2963,1.29671,220980000,1
1500560580000,1500560639000,1.29671,1.29705,1.29659,1.29685,205370000,1
1500560640000,1500560699000,1.29685,1.29696,1.29668,1.29693,136360000,1
1500560700000,1500560759000,1.29694,1.29725,1.29682,1.29704,186380000,1
1500560760000,1500560819000,1.29704,1.29757,1.29694,1.29745,300140000,1
1500560820000,1500560879000,1.29745,1.29745,1.29715,1.29715,209600000,1
1500560880000,1500560939000,1.29715,1.29734,1.29704,1.29733,207680000,1
1500560940000,1500560999000,1.29731,1.2975,1.29725,1.2975,182840000,1
1500561000000,1500561059000,1.2975,1.29784,1.2971,1.29774,278340000,1
1500561060000,1500561119000,1.29773,1.29926,1.29773,1.29887,538550000,1
1500561120000,1500561179000,1.29888,1.2989,1.29802,1.29872,407590000,1
1500561180000,1500561239000,1.29874,1.29877,1.29816,1.29833,240470000,1
1500561240000,1500561299000,1.29833,1.29834,1.29751,1.29751,338040000,1
1500561300000,1500561359000,1.29754,1.29778,1.2972,1.29755,467190000,1
1500561360000,1500561419000,1.29755,1.29825,1.29755,1.29804,284380000,1
1500561420000,1500561479000,1.29803,1.2987,1.29803,1.29832,239080000,1
1500561480000,1500561539000,1.29832,1.29844,1.29809,1.29816,338530000,1
1500561540000,1500561599000,1.29818,1.29821,1.29763,1.29803,160460000,1
1500561600000,1500561659000,1.29801,1.29804,1.29718,1.29786,334530000,1
1500561660000,1500561719000,1.29788,1.29799,1.29748,1.29762,286330000,1
1500561720000,1500561779000,1.29762,1.29795,1.2973,1.29795,290950000,1
1500561780000,1500561839000,1.29794,1.29812,1.29773,1.2981,329030000,1
1500561840000,1500561899000,1.29809,1.29826,1.29794,1.29794,217100000,1
1500561900000,1500561959000,1.29791,1.29864,1.29789,1.29847,257310000,1
1500561960000,1500562019000,1.29848,1.29858,1.29812,1.29822,301840000,1
1500562020000,1500562079000,1.29822,1.2983,1.29803,1.29825,304250000,1
1500562080000,1500562139000,1.29825,1.29846,1.29822,1.29833,320610000,1
1500562140000,1500562199000,1.29832,1.29874,1.29824,1.29854,208710000,1
1500562200000,1500562259000,1.29854,1.29864,1.29807,1.29811,194860000,1
1500562260000,1500562319000,1.29811,1.29839,1.29802,1.29835,186450000,1
1500562320000,1500562379000,1.29834,1.29843,1.29802,1.29809,166180000,1
1500562380000,1500562439000,1.29805,1.29812,1.29792,1.2981,101580000,1
1500562440000,1500562499000,1.2981,1.29814,1.29801,1.29811,166810000,1
1500562500000,1500562559000,1.29812,1.29812,1.29737,1.29773,294720000,1
1500562560000,1500562619000,1.29777,1.29786,1.29761,1.29786,187030000,1
1500562620000,1500562679000,1.29786,1.2983,1.29762,1.2982,196350000,1
1500562680000,1500562739000,1.29819,1.2987,1.29819,1.29865,298170000,1
1500562740000,1500562799000,1.29866,1.29892,1.29858,1.29882,224260000,1
1500562800000,1500562859000,1.29884,1.2989,1.29832,1.29834,253370000,1
1500562860000,1500562919000,1.29833,1.29852,1.29828,1.29838,184010000,1
1500562920000,1500562979000,1.29839,1.29859,1.29828,1.29839,209660000,1
1500562980000,1500563039000,1.29839,1.29852,1.29827,1.29845,192060000,1
1500563040000,1500563099000,1.29844,1.29861,1.29839,1.29851,107870000,1
1500563100000,1500563159000,1.2985,1.2989,1.29832,1.2989,194230000,1
1500563160000,1500563219000,1.29897,1.29936,1.2988,1.29931,221040000,1
1500563220000,1500563279000,1.29927,1.29961,1.29903,1.29942,193580000,1
1500563280000,1500563339000,1.29942,1.29977,1.29942,1.29945,168450000,1
1500563340000,1500563399000,1.29947,1.29947,1.29876,1.29878,194030000,1
1500563400000,1500563459000,1.29877,1.29908,1.2987,1.29902,146600000,1
1500563460000,1500563519000,1.29902,1.2992,1.29899,1.29908,172620000,1
1500563520000,1500563579000,1.29906,1.29906,1.2989,1.29891,163850000,1
1500563580000,1500563639000,1.29891,1.29921,1.2989,1.29919,190400000,1
1500563640000,1500563699000,1.29921,1.2993,1.2991,1.29921,102730000,1
1500563700000,1500563759000,1.29919,1.29942,1.29903,1.29942,174430000,1
1500563760000,1500563819000,1.29944,1.29944,1.29919,1.29921,190350000,1
1500563820000,1500563879000,1.29921,1.29921,1.299,1.29909,110770000,1
1500563880000,1500563939000,1.29909,1.29912,1.29899,1.29901,96420000,1
1500563940000,1500563999000,1.29901,1.2991,1.29893,1.29897,154090000,1
1500564000000,1500564059000,1.29896,1.299,1.29894,1.29899,213330000,1
1500564060000,1500564119000,1.29898,1.2991,1.29898,1.2991,69710000,1
1500564120000,1500564179000,1.29909,1.29909,1.29888,1.29899,141960000,1
1500564180000,1500564239000,1.29899,1.29908,1.29884,1.29903,153900000,1
1500564240000,1500564299000,1.29903,1.29941,1.29901,1.29941,141660000,1
1500564300000,1500564359000,1.29939,1.29943,1.29927,1.29929,146780000,1
1500564360000,1500564419000,1.29929,1.29955,1.29927,1.2994,317070000,1
1500564420000,1500564479000,1.2994,1.29941,1.2991,1.29941,151530000,1
1500564480000,1500564539000,1.29941,1.29943,1.2993,1.29942,128870000,1
1500564540000,1500564599000,1.29944,1.29951,1.29932,1.2995,163840000,1
1500564600000,1500564659000,1.2995,1.29953,1.29877,1.29879,254890000,1
1500564660000,1500564719000,1.29881,1.29911,1.29863,1.29882,200060000,1
1500564720000,1500564779000,1.29882,1.299,1.29882,1.29899,120500000,1
1500564780000,1500564839000,1.29892,1.29901,1.29881,1.29895,114610000,1
1500564840000,1500564899000,1.29893,1.29911,1.29883,1.2991,195410000,1
1500564900000,1500564959000,1.2991,1.29912,1.29888,1.29891,156710000,1
1500564960000,1500565019000,1.29891,1.299,1.29862,1.29867,148800000,1
1500565020000,1500565079000,1.29869,1.2987,1.29839,1.29841,141020000,1
1500565080000,1500565139000,1.29841,1.29842,1.29817,1.29821,223910000,1
1500565140000,1500565199000,1.29821,1.2984,1.29814,1.29839,215440000,1
1500565200000,1500565259000,1.29839,1.29853,1.29797,1.29798,230010000,1
1500565260000,1500565319000,1.29798,1.298,1.29733,1.2975,293450000,1
1500565320000,1500565379000,1.2975,1.29756,1.29725,1.29756,294560000,1
1500565380000,1500565439000,1.29757,1.29757,1.29739,1.2975,383040000,1
1500565440000,1500565499000,1.29751,1.29756,1.29751,1.29754,178240000,1
1500565500000,1500565559000,1.29755,1.29756,1.29732,1.29732,229470000,1
1500565560000,1500565619000,1.29732,1.29743,1.29723,1.29738,248170000,1
1500565620000,1500565679000,1.2974,1.29762,1.2974,1.2975,170080000,1
1500565680000,1500565739000,1.2975,1.29751,1.29723,1.29743,143080000,1
1500565740000,1500565799000,1.29744,1.29786,1.29744,1.2978,246270000,1
1500565800000,1500565859000,1.29774,1.29776,1.29738,1.29743,233540000,1
1500565860000,1500565919000,1.29744,1.29748,1.29732,1.29733,182720000,1
1500565920000,1500565979000,1.29732,1.2975,1.29732,1.29745,248380000,1
1500565980000,1500566039000,1.29743,1.29746,1.29733,1.29742,111710000,1
1500566040000,1500566099000,1.29742,1.29745,1.29733,1.29742,158320000,1
1500566100000,1500566159000,1.29742,1.29742,1.29732,1.29738,179580000,1
1500566160000,1500566219000,1.29734,1.29734,1.29722,1.29733,92140000,1
1500566220000,1500566279000,1.29732,1.29741,1.2973,1.29733,89130000,1
1500566280000,1500566339000,1.29732,1.29738,1.29724,1.29734,191060000,1
1500566340000,1500566399000,1.29734,1.29763,1.29733,1.29751,132000000,1
1500566400000,1500566459000,1.29751,1.29753,1.2973,1.29731,151910000,1
1500566460000,1500566519000,1.2973,1.29733,1.2969,1.2969,181450000,1
1500566520000,1500566579000,1.29688,1.29713,1.29682,1.29682,197480000,1
1500566580000,1500566639000,1.29683,1.29711,1.29683,1.29702,126820000,1
1500566640000,1500566699000,1.29703,1.29723,1.29702,1.29712,87800000,1
1500566700000,1500566759000,1.29712,1.29713,1.29699,1.29701,120030000,1
1500566760000,1500566819000,1.29703,1.29723,1.29702,1.29721,74000000,1
1500566820000,1500566879000,1.29723,1.29733,1.29722,1.29726,55700000,1
1500566880000,1500566939000,1.29726,1.2974,1.29723,1.2974,46570000,1
1500566940000,1500566999000,1.29739,1.29742,1.29733,1.29742,77860000,1
1500567000000,1500567059000,1.29743,1.29743,1.29702,1.29709,144550000,1
1500567060000,1500567119000,1.29709,1.29709,1.29661,1.29661,132570000,1
1500567120000,1500567179000,1.2966,1.29673,1.29653,1.29669,147260000,1
1500567180000,1500567239000,1.2967,1.29697,1.29663,1.29694,92800000,1
1500567240000,1500567299000,1.29694,1.29701,1.29656,1.29661,213880000,1
1500567300000,1500567359000,1.29661,1.29661,1.29623,1.29629,133450000,1
1500567360000,1500567419000,1.29631,1.29634,1.29619,1.2962,150720000,1
1500567420000,1500567479000,1.29621,1.29622,1.29609,1.29613,39240000,1
1500567480000,1500567539000,1.29618,1.29638,1.29618,1.29638,118180000,1
1500567540000,1500567599000,1.29639,1.29674,1.29631,1.29631,101510000,1
1500567600000,1500567659000,1.29631,1.29639,1.29618,1.29634,202290000,1
1500567660000,1500567719000,1.29634,1.29652,1.29632,1.29643,101390000,1
1500567720000,1500567779000,1.29641,1.29663,1.2964,1.29661,171620000,1
1500567780000,1500567839000,1.29661,1.29661,1.29632,1.29644,89110000,1
1500567840000,1500567899000,1.29644,1.29653,1.29643,1.29653,58430000,1
1500567900000,1500567959000,1.29653,1.29662,1.29641,1.29662,94040000,1
1500567960000,1500568019000,1.29662,1.29674,1.29659,1.29672,94460000,1
1500568020000,1500568079000,1.29673,1.29698,1.29672,1.29695,68350000,1
1500568080000,1500568139000,1.29695,1.29708,1.29679,1.29679,95250000,1
1500568140000,1500568199000,1.29679,1.29688,1.29674,1.29677,114850000,1
1500568200000,1500568259000,1.29679,1.29689,1.29651,1.2967,305670000,1
1500568260000,1500568319000,1.29671,1.29676,1.29671,1.29674,73580000,1
1500568320000,1500568379000,1.29673,1.2968,1.29673,1.29676,126700000,1
1500568380000,1500568439000,1.29676,1.29678,1.29674,1.29674,33360000,1
1500568440000,1500568499000,1.29675,1.29676,1.29665,1.29666,47810000,1
1500568500000,1500568559000,1.29668,1.29675,1.29655,1.29675,135960000,1
1500568560000,1500568619000,1.29675,1.29687,1.29675,1.29684,29120000,1
1500568620000,1500568679000,1.29685,1.29689,1.29631,1.29632,120180000,1
1500568680000,1500568739000,1.29633,1.29649,1.29623,1.29649,66310000,1
1500568740000,1500568799000,1.29648,1.29659,1.29648,1.29652,51620000,1
1500568800000,1500568859000,1.29652,1.29664,1.29652,1.29658,73580000,1
1500568860000,1500568919000,1.29657,1.29669,1.29643,1.29643,155130000,1
1500568920000,1500568979000,1.29638,1.29644,1.29632,1.29643,98900000,1
1500568980000,1500569039000,1.29644,1.29684,1.29644,1.29679,60730000,1
1500569040000,1500569099000,1.2968,1.29699,1.29679,1.29691,67990000,1
1500569100000,1500569159000,1.29691,1.2971,1.29691,1.2971,210070000,1
1500569160000,1500569219000,1.29711,1.29724,1.29707,1.29724,105080000,1
1500569220000,1500569279000,1.29722,1.2974,1.2972,1.29731,123210000,1
1500569280000,1500569339000,1.29729,1.29734,1.29723,1.29733,65310000,1
1500569340000,1500569399000,1.29731,1.29734,1.29713,1.29728,119650000,1
1500569400000,1500569459000,1.29727,1.29747,1.29727,1.29747,84320000,1
1500569460000,1500569519000,1.29748,1.29748,1.29733,1.29733,63170000,1
1500569520000,1500569579000,1.29733,1.29745,1.29733,1.29743,102530000,1
1500569580000,1500569639000,1.29742,1.29745,1.29726,1.29732,147230000,1
1500569640000,1500569699000,1.29733,1.29755,1.29733,1.29755,98890000,1
1500569700000,1500569759000,1.29753,1.29763,1.29747,1.29752,115130000,1
1500569760000,1500569819000,1.29753,1.29767,1.29748,1.29749,110520000,1
1500569820000,1500569879000,1.29752,1.29762,1.29732,1.29733,180490000,1
1500569880000,1500569939000,1.29733,1.29773,1.29733,1.2977,136950000,1
1500569940000,1500569999000,1.29767,1.29771,1.29749,1.29763,149360000,1
1500570000000,1500570059000,1.29764,1.29783,1.29739,1.29743,195590000,1
1500570060000,1500570119000,1.29748,1.29748,1.29731,1.29741,152230000,1
1500570120000,1500570179000,1.29739,1.29739,1.2971,1.2971,208870000,1
1500570180000,1500570239000,1.2971,1.2972,1.29695,1.29695,210900000,1
1500570240000,1500570299000,1.29691,1.29699,1.29689,1.29691,165760000,1
1500570300000,1500570359000,1.29691,1.29698,1.29689,1.2969,89700000,1
1500570360000,1500570419000,1.2969,1.29701,1.29681,1.29691,111790000,1
1500570420000,1500570479000,1.29691,1.29711,1.2969,1.29705,134530000,1
1500570480000,1500570539000,1.29705,1.29705,1.29702,1.29702,20500000,1
1500570540000,1500570599000,1.29702,1.29714,1.29687,1.29692,193830000,1
1500570600000,1500570659000,1.2969,1.29714,1.29682,1.29712,246970000,1
1500570660000,1500570719000,1.29712,1.29728,1.2971,1.29722,210370000,1
1500570720000,1500570779000,1.29723,1.29732,1.29714,1.29723,116510000,1
1500570780000,1500570839000,1.29725,1.29731,1.2972,1.29723,48170000,1
1500570840000,1500570899000,1.29721,1.29721,1.29698,1.29699,120960000,1
1500570900000,1500570959000,1.29699,1.29711,1.29698,1.29709,100010000,1
1500570960000,1500571019000,1.2971,1.29725,1.2971,1.29721,138470000,1
1500571020000,1500571079000,1.29722,1.29743,1.29721,1.29732,159980000,1
1500571080000,1500571139000,1.29732,1.29733,1.29725,1.29733,61300000,1
1500571140000,1500571199000,1.29732,1.29755,1.29732,1.29753,175440000,1
1500571200000,1500571259000,1.29753,1.2977,1.29748,1.29769,119450000,1
1500571260000,1500571319000,1.29768,1.29787,1.29763,1.29772,782940000,1
1500571320000,1500571379000,1.29772,1.29772,1.29742,1.29749,175150000,1
1500571380000,1500571439000,1.29749,1.29763,1.29748,1.29763,56020000,1
1500571440000,1500571499000,1.29762,1.29763,1.29762,1.29763,53460000,1
1500571500000,1500571559000,1.29767,1.29783,1.29765,1.29779,99840000,1
1500571560000,1500571619000,1.29779,1.29788,1.29778,1.29787,69260000,1
1500571620000,1500571679000,1.29787,1.29791,1.29785,1.29786,66160000,1
1500571680000,1500571739000,1.29786,1.29792,1.29786,1.29791,57740000,1
1500571740000,1500571799000,1.29791,1.29804,1.29791,1.29802,61820000,1
1500571800000,1500571859000,1.29803,1.29805,1.2978,1.29782,67350000,1
1500571860000,1500571919000,1.29782,1.29791,1.2977,1.29771,163060000,1
1500571920000,1500571979000,1.29771,1.29786,1.29765,1.29776,97170000,1
1500571980000,1500572039000,1.29776,1.29777,1.29775,1.29776,57120000,1
1500572040000,1500572099000,1.29776,1.29776,1.29757,1.29767,130740000,1
1500572100000,1500572159000,1.2977,1.29775,1.29767,1.29773,89060000,1
1500572160000,1500572219000,1.29774,1.29781,1.29772,1.29781,34090000,1
1500572220000,1500572279000,1.2978,1.2978,1.29771,1.29773,57570000,1
1500572280000,1500572339000,1.29771,1.29778,1.2977,1.29773,58170000,1
1500572340000,1500572399000,1.29774,1.29783,1.29772,1.29774,56830000,1
1500572400000,1500572459000,1.29777,1.29794,1.29777,1.29793,84190000,1
1500572460000,1500572519000,1.29793,1.29805,1.29792,1.29803,59980000,1
1500572520000,1500572579000,1.29803,1.29803,1.29783,1.29793,99980000,1
1500572580000,1500572639000,1.29793,1.29793,1.29772,1.29772,96190000,1
1500572640000,1500572699000,1.29772,1.29788,1.29771,1.29783,85900000,1
1500572700000,1500572759000,1.29783,1.29804,1.29782,1.29782,80440000,1
1500572760000,1500572819000,1.29781,1.29782,1.29768,1.29772,51580000,1
1500572820000,1500572879000,1.29772,1.29773,1.2975,1.29751,133920000,1
1500572880000,1500572939000,1.29751,1.2977,1.29749,1.29751,80640000,1
1500572940000,1500572999000,1.29751,1.29751,1.29718,1.2972,188640000,1
1500573000000,1500573059000,1.2972,1.2972,1.29719,1.2972,56400000,1
1500573060000,1500573119000,1.29721,1.29722,1.29713,1.29722,44780000,1
1500573120000,1500573179000,1.29722,1.29724,1.29712,1.29724,110470000,1
1500573180000,1500573239000,1.29727,1.29732,1.29712,1.29719,86420000,1
1500573240000,1500573299000,1.29719,1.2973,1.29712,1.29723,99100000,1
1500573300000,1500573359000,1.29721,1.29722,1.29712,1.29713,32950000,1
1500573360000,1500573419000,1.29716,1.29722,1.29712,1.29714,60730000,1
1500573420000,1500573479000,1.29714,1.29726,1.29713,1.29724,74320000,1
1500573480000,1500573539000,1.29725,1.29741,1.29718,1.29737,149590000,1
1500573540000,1500573599000,1.29733,1.29733,1.2972,1.2973,51600000,1
1500573600000,1500573659000,1.2973,1.2974,1.29726,1.2974,96230000,1
1500573660000,1500573719000,1.29738,1.29742,1.29729,1.29737,90710000,1
1500573720000,1500573779000,1.29737,1.29742,1.29735,1.2974,129880000,1
1500573780000,1500573839000,1.2974,1.2974,1.2973,1.29738,142120000,1
1500573840000,1500573899000,1.29738,1.29753,1.29737,1.2975,73560000,1
1500573900000,1500573959000,1.2975,1.2975,1.29744,1.29748,85240000,1
1500573960000,1500574019000,1.29748,1.2978,1.29748,1.2977,130790000,1
1500574020000,1500574079000,1.2977,1.29771,1.29752,1.29752,69390000,1
1500574080000,1500574139000,1.29752,1.29752,1.29746,1.29749,64490000,1
1500574140000,1500574199000,1.29749,1.2975,1.29748,1.2975,51550000,1
1500574200000,1500574259000,1.2975,1.2977,1.2975,1.29761,45140000,1
1500574260000,1500574319000,1.2976,1.29767,1.29759,1.2976,91840000,1
1500574320000,1500574379000,1.2976,1.29764,1.2975,1.29764,78900000,1
1500574380000,1500574439000,1.29765,1.29775,1.29748,1.29755,65730000,1
1500574440000,1500574499000,1.29749,1.29757,1.29749,1.29755,31500000,1
1500574500000,1500574559000,1.29755,1.29767,1.29751,1.29767,38000000,1
1500574560000,1500574619000,1.29767,1.29776,1.2976,1.29763,64080000,1
1500574620000,1500574679000,1.29765,1.29767,1.29752,1.29758,93420000,1
1500574680000,1500574739000,1.29758,1.29763,1.29752,1.29759,107930000,1
1500574740000,1500574799000,1.29759,1.29773,1.29759,1.29772,66000000,1
1500574800000,1500574859000,1.29773,1.29779,1.29768,1.29779,43540000,1
1500574860000,1500574919000,1.29778,1.29779,1.29771,1.29772,84850000,1
1500574920000,1500574979000,1.29773,1.29793,1.29772,1.29792,79720000,1
1500574980000,1500575039000,1.2979,1.29792,1.29783,1.2979,59130000,1
1500575040000,1500575099000,1.2979,1.2979,1.29761,1.29761,84280000,1
1500575100000,1500575159000,1.2976,1.29792,1.29759,1.2978,125760000,1
1500575160000,1500575219000,1.29781,1.29786,1.29771,1.29772,50380000,1
1500575220000,1500575279000,1.29772,1.29795,1.29771,1.29795,32680000,1
1500575280000,1500575339000,1.29794,1.29794,1.29788,1.2979,24870000,1
1500575340000,1500575399000,1.29788,1.29788,1.29777,1.29785,65090000,1
1500575400000,1500575459000,1.29786,1.29786,1.29778,1.29784,22120000,1
1500575460000,1500575519000,1.29784,1.29784,1.29776,1.29783,28610000,1
1500575520000,1500575579000,1.29788,1.29788,1.29771,1.29771,37720000,1
1500575580000,1500575639000,1.29771,1.29771,1.29754,1.29759,66240000,1
1500575640000,1500575699000,1.29758,1.29769,1.29751,1.29751,74790000,1
1500575700000,1500575759000,1.29751,1.29751,1.29731,1.29736,87650000,1
1500575760000,1500575819000,1.29734,1.29755,1.2973,1.29751,76640000,1
1500575820000,1500575879000,1.29751,1.29753,1.29742,1.29743,126010000,1
1500575880000,1500575939000,1.29743,1.29749,1.29732,1.29749,77970000,1
1500575940000,1500575999000,1.29749,1.29751,1.29721,1.29726,142590000,1
1500576000000,1500576059000,1.29726,1.29726,1.29708,1.29709,70410000,1
1500576060000,1500576119000,1.2971,1.2971,1.29689,1.29689,107730000,1
1500576120000,1500576179000,1.2969,1.2969,1.29676,1.29676,127200000,1
1500576180000,1500576239000,1.29673,1.2968,1.29668,1.29669,70790000,1
1500576240000,1500576299000,1.2967,1.29671,1.2967,1.29671,18490000,1
1500576300000,1500576359000,1.29671,1.29672,1.2967,1.29671,45940000,1
1500576360000,1500576419000,1.29669,1.29671,1.29669,1.29671,56570000,1
1500576420000,1500576479000,1.29671,1.29681,1.29671,1.29679,56610000,1
1500576480000,1500576539000,1.2968,1.29714,1.2968,1.29711,99290000,1
1500576540000,1500576599000,1.29711,1.2972,1.29711,1.29713,98680000,1
1500576600000,1500576659000,1.29712,1.29722,1.29708,1.29714,97590000,1
1500576660000,1500576719000,1.29714,1.29714,1.29712,1.29712,47700000,1
1500576720000,1500576779000,1.29714,1.29721,1.297,1.29719,86050000,1
1500576780000,1500576839000,1.29719,1.29727,1.29714,1.29722,130890000,1
1500576840000,1500576899000,1.29724,1.29743,1.29723,1.29727,174890000,1
1500576900000,1500576959000,1.29726,1.29733,1.29724,1.29731,32490000,1
1500576960000,1500577019000,1.29733,1.29738,1.29722,1.29722,75690000,1
1500577020000,1500577079000,1.29723,1.29725,1.29706,1.29708,74040000,1
1500577080000,1500577139000,1.29707,1.29728,1.29693,1.29725,252220000,1
1500577140000,1500577199000,1.29725,1.29767,1.29717,1.29763,389960000,1
1500577200000,1500577259000,1.29763,1.29773,1.29748,1.29772,154760000,1
1500577260000,1500577319000,1.29773,1.29781,1.29772,1.29777,60580000,1
1500577320000,1500577379000,1.29778,1.29781,1.29757,1.29758,295650000,1
1500577380000,1500577439000,1.29757,1.29758,1.29741,1.29742,64360000,1
1500577440000,1500577499000,1.29743,1.29753,1.29732,1.29753,67090000,1
1500577500000,1500577559000,1.29753,1.29768,1.29753,1.29763,48000000,1
1500577560000,1500577619000,1.29762,1.29763,1.29758,1.29763,34100000,1
1500577620000,1500577679000,1.29763,1.29763,1.29762,1.29763,40180000,1
1500577680000,1500577739000,1.29762,1.29768,1.29761,1.29761,31980000,1
1500577740000,1500577799000,1.29762,1.29762,1.29761,1.29762,19720000,1
1500577800000,1500577859000,1.29763,1.29783,1.29763,1.29783,60730000,1
1500577860000,1500577919000,1.29783,1.29785,1.29769,1.2977,76090000,1
1500577920000,1500577979000,1.2977,1.29771,1.29769,1.2977,35280000,1
1500577980000,1500578039000,1.2977,1.2977,1.29762,1.29767,49760000,1
1500578040000,1500578099000,1.29772,1.29783,1.29767,1.29772,76620000,1
1500578100000,1500578159000,1.29771,1.29771,1.29768,1.29769,58060000,1
1500578160000,1500578219000,1.29768,1.29768,1.2976,1.29761,95400000,1
1500578220000,1500578279000,1.29761,1.29773,1.29761,1.29773,60570000,1
1500578280000,1500578339000,1.29772,1.29782,1.29772,1.29781,129860000,1
1500578340000,1500578399000,1.29781,1.29782,1.29779,1.29782,105350000,1
1500578400000,1500578459000,1.29782,1.29783,1.29777,1.29781,90800000,1
1500578460000,1500578519000,1.2978,1.29781,1.29772,1.29773,90640000,1
1500578520000,1500578579000,1.29773,1.29773,1.29772,1.29772,34120000,1
1500578580000,1500578639000,1.29771,1.29774,1.29761,1.29773,15230000,1
1500578640000,1500578699000,1.29774,1.29774,1.29767,1.29772,53230000,1
1500578700000,1500578759000,1.29773,1.29773,1.29753,1.29761,58220000,1
1500578760000,1500578819000,1.29761,1.29761,1.29752,1.29753,50360000,1
1500578820000,1500578879000,1.29752,1.29753,1.29752,1.29753,6000000,1
1500578880000,1500578939000,1.29752,1.29753,1.29752,1.29752,42250000,1
1500578940000,1500578999000,1.29753,1.29756,1.29752,1.29752,62230000,1
1500579000000,1500579059000,1.29752,1.29774,1.29752,1.29774,34740000,1
1500579060000,1500579119000,1.29774,1.29774,1.29765,1.29768,29620000,1
1500579120000,1500579179000,1.2977,1.29778,1.29764,1.29773,59300000,1
1500579180000,1500579239000,1.29773,1.29773,1.29739,1.29742,84260000,1
1500579240000,1500579299000,1.29742,1.29748,1.29741,1.29741,75370000,1
1500579300000,1500579359000,1.2974,1.2974,1.29719,1.29722,112620000,1
1500579360000,1500579419000,1.29724,1.29728,1.2972,1.29724,83460000,1
1500579420000,1500579479000,1.29727,1.29727,1.29717,1.29718,47700000,1
1500579480000,1500579539000,1.29717,1.29717,1.29708,1.29709,57920000,1
1500579540000,1500579599000,1.29709,1.2971,1.29699,1.29701,98990000,1
1500579600000,1500579659000,1.29701,1.29707,1.29686,1.29699,146180000,1
1500579660000,1500579719000,1.297,1.29701,1.2969,1.29692,98520000,1
1500579720000,1500579779000,1.29692,1.29692,1.29689,1.29689,37560000,1
1500579780000,1500579839000,1.29689,1.29691,1.29688,1.29688,78430000,1
1500579840000,1500579899000,1.29688,1.2969,1.29681,1.2969,67840000,1
1500579900000,1500579959000,1.29688,1.2969,1.29687,1.29689,47230000,1
1500579960000,1500580019000,1.29688,1.2969,1.29688,1.29689,84840000,1
1500580020000,1500580079000,1.29689,1.29693,1.29685,1.29689,52720000,1
1500580080000,1500580139000,1.29689,1.29691,1.29687,1.29689,42340000,1
1500580140000,1500580199000,1.29687,1.29691,1.29687,1.2969,49060000,1
1500580200000,1500580259000,1.29688,1.29703,1.29687,1.29702,48590000,1
1500580260000,1500580319000,1.297,1.29702,1.29692,1.29702,56960000,1
1500580320000,1500580379000,1.29702,1.29703,1.29693,1.29702,47470000,1
1500580380000,1500580439000,1.29702,1.29705,1.29702,1.29702,20290000,1
1500580440000,1500580499000,1.29702,1.29702,1.29691,1.29698,106610000,1
1500580500000,1500580559000,1.29699,1.29719,1.29692,1.29712,232370000,1
1500580560000,1500580619000,1.29713,1.29736,1.29713,1.29734,403530000,1
1500580620000,1500580679000,1.29734,1.29748,1.29734,1.29745,267650000,1
1500580680000,1500580739000,1.29745,1.29746,1.29734,1.29735,104050000,1
1500580740000,1500580799000,1.29733,1.29746,1.2973,1.29743,89990000,1
1500580800000,1500580859000,1.29741,1.29741,1.29732,1.29733,32970000,1
1500580860000,1500580919000,1.29731,1.29732,1.29708,1.29708,71880000,1
1500580920000,1500580979000,1.29708,1.29708,1.29685,1.29685,84690000,1
1500580980000,1500581039000,1.29685,1.29685,1.29682,1.29682,23920000,1
1500581040000,1500581099000,1.29682,1.29703,1.29682,1.29702,62090000,1
1500581100000,1500581159000,1.29702,1.29713,1.29702,1.29713,39150000,1
1500581160000,1500581219000,1.29712,1.29713,1.29709,1.2971,33870000,1
1500581220000,1500581279000,1.29709,1.29716,1.297,1.29714,129540000,1
1500581280000,1500581339000,1.29715,1.29728,1.29713,1.29723,170420000,1
1500581340000,1500581399000,1.29723,1.29723,1.29722,1.29722,12000000,1
1500581400000,1500581459000,1.29722,1.29723,1.29722,1.29722,43490000,1
1500581460000,1500581519000,1.29722,1.29726,1.29715,1.29725,217580000,1
1500581520000,1500581579000,1.29726,1.29726,1.29723,1.29723,159980000,1
1500581580000,1500581639000,1.29725,1.29725,1.29721,1.29722,102940000,1
1500581640000,1500581699000,1.29723,1.29729,1.2972,1.2972,23590000,1
1500581700000,1500581759000,1.2972,1.29723,1.29712,1.29722,47330000,1
1500581760000,1500581819000,1.29722,1.29723,1.29722,1.29722,35860000,1
1500581820000,1500581879000,1.29722,1.29728,1.29722,1.29722,30230000,1
1500581880000,1500581939000,1.29722,1.29725,1.29722,1.29725,12120000,1
1500581940000,1500581999000,1.29722,1.29723,1.29721,1.29722,18240000,1
1500582000000,1500582059000,1.29722,1.29728,1.29722,1.29728,70980000,1
1500582060000,1500582119000,1.29727,1.29736,1.29726,1.29736,137230000,1
1500582120000,1500582179000,1.29736,1.29745,1.29735,1.29744,219500000,1
1500582180000,1500582239000,1.29743,1.29745,1.29701,1.2971,121210000,1
1500582240000,1500582299000,1.2971,1.29722,1.2971,1.29721,33180000,1
1500582300000,1500582359000,1.29721,1.29723,1.29719,1.29719,36620000,1
1500582360000,1500582419000,1.29719,1.29723,1.29719,1.29722,34370000,1
1500582420000,1500582479000,1.29723,1.29725,1.29722,1.29722,69740000,1
1500582480000,1500582539000,1.29722,1.29723,1.2972,1.29722,53220000,1
1500582540000,1500582599000,1.29723,1.29733,1.29722,1.29729,68500000,1
1500582600000,1500582659000,1.2973,1.29735,1.29728,1.29731,122750000,1
1500582660000,1500582719000,1.29731,1.29742,1.29729,1.29741,89530000,1
1500582720000,1500582779000,1.29741,1.29743,1.29741,1.29742,67260000,1
1500582780000,1500582839000,1.29742,1.29742,1.2974,1.29741,98140000,1
1500582840000,1500582899000,1.2974,1.2974,1.29737,1.29738,83950000,1
1500582900000,1500582959000,1.29739,1.29739,1.29732,1.29733,35000000,1
1500582960000,1500583019000,1.29733,1.29733,1.29732,1.29732,48750000,1
1500583020000,1500583079000,1.29732,1.29733,1.29729,1.29732,44850000,1
1500583080000,1500583139000,1.29732,1.29733,1.29724,1.29724,59000000,1
1500583140000,1500583199000,1.29724,1.29725,1.29721,1.29725,45620000,1
1500583200000,1500583259000,1.29725,1.2973,1.29722,1.29729,81510000,1
1500583260000,1500583319000,1.29729,1.29731,1.29726,1.29726,45510000,1
1500583320000,1500583379000,1.29723,1.29723,1.29721,1.29721,99510000,1
1500583380000,1500583439000,1.29721,1.29722,1.29721,1.29721,52440000,1
1500583440000,1500583499000,1.29721,1.29723,1.29718,1.29722,51350000,1
1500583500000,1500583559000,1.29723,1.29723,1.2972,1.29723,52990000,1
1500583560000,1500583619000,1.29722,1.29725,1.29722,1.29724,39810000,1
1500583620000,1500583679000,1.29725,1.29751,1.2972,1.29748,133850000,1
1500583680000,1500583739000,1.29748,1.29753,1.29741,1.29748,102170000,1
1500583740000,1500583799000,1.29748,1.29748,1.29741,1.29743,84550000,1
1500583800000,1500583859000,1.29743,1.29747,1.29738,1.2974,91800000,1
1500583860000,1500583919000,1.29741,1.29743,1.29737,1.29743,102750000,1
1500583920000,1500583979000,1.29743,1.29749,1.29743,1.29749,127200000,1
1500583980000,1500584039000,1.29749,1.29749,1.2974,1.29742,63750000,1
1500584040000,1500584099000,1.29742,1.29745,1.29741,1.29745,47210000,1
1500584100000,1500584159000,1.29745,1.29749,1.2974,1.29742,199000000,1
1500584160000,1500584219000,1.29742,1.29757,1.29741,1.29749,112040000,1
1500584220000,1500584279000,1.29749,1.29752,1.29743,1.29743,61710000,1
1500584280000,1500584339000,1.29743,1.29743,1.29729,1.29734,112000000,1
1500584340000,1500584399000,1.29734,1.29738,1.29729,1.29738,212750000,1
1500584400000,1500584459000,1.29737,1.29738,1.29704,1.29738,14070000,1
1500584460000,1500584519000,1.29738,1.29738,1.29728,1.29728,3750000,1
1500584520000,1500584579000,1.29727,1.29747,1.29727,1.29738,13120000,1
1500584580000,1500584639000,1.29737,1.29738,1.29737,1.29738,5250000,1
1500584640000,1500584699000,1.29738,1.29738,1.29737,1.29738,5000000,1
1500584700000,1500584759000,1.29737,1.29738,1.29737,1.29737,6000000,1
1500584760000,1500584819000,1.29738,1.29738,1.29737,1.29738,10000000,1
1500584820000,1500584879000,1.29737,1.29737,1.29737,1.29737,1000000,1
1500584880000,1500584939000,1.29737,1.29738,1.29737,1.29737,3000000,1
1500584940000,1500584999000,1.29738,1.29738,1.29727,1.29727,7000000,1
1500585000000,1500585059000,1.29727,1.29758,1.29709,1.29757,137790000,1
1500585060000,1500585119000,1.29758,1.29758,1.2974,1.2974,36000000,1
1500585120000,1500585179000,1.29736,1.29736,1.29719,1.29721,285660000,1
1500585180000,1500585239000,1.29722,1.29724,1.2972,1.29723,338720000,1
1500585240000,1500585299000,1.29722,1.29724,1.2972,1.29723,286420000,1
1500585300000,1500585359000,1.29723,1.29742,1.2972,1.29737,107120000,1
1500585360000,1500585419000,1.29738,1.29738,1.29737,1.29738,127000000,1
1500585420000,1500585479000,1.29738,1.29738,1.29737,1.29738,90000000,1
1500585480000,1500585539000,1.29738,1.29738,1.29737,1.29738,86000000,1
1500585540000,1500585599000,1.29737,1.29738,1.29737,1.29737,61000000,1
1500585600000,1500585659000,1.29737,1.29738,1.29737,1.29737,6000000,1
1500585660000,1500585719000,1.29737,1.29742,1.29727,1.29742,4000000,1
1500585720000,1500585779000,1.29742,1.29742,1.29732,1.29732,2000000,1
1500585780000,1500585839000,1.29728,1.29729,1.29728,1.29729,3490000,1
1500585840000,1500585899000,1.29729,1.29743,1.29728,1.29743,9230000,1
1500585900000,1500585959000,1.2974,1.2974,1.2974,1.2974,1000000,1
1500585960000,1500586019000,1.2973,1.29731,1.29729,1.29729,12480000,1
1500586020000,1500586079000,1.29729,1.29734,1.29726,1.29731,14230000,1
1500586080000,1500586139000,1.29731,1.29731,1.29731,1.29731,10500000,1
1500586140000,1500586199000,1.29732,1.29732,1.29729,1.29729,5990000,1
1500586200000,1500586259000,1.29728,1.29731,1.29728,1.2973,18220000,1
1500586260000,1500586319000,1.2973,1.29738,1.2973,1.29735,7120000,1
1500586320000,1500586379000,1.29729,1.29731,1.29729,1.2973,7730000,1
1500586380000,1500586439000,1.29731,1.29731,1.29731,1.29731,4370000,1
1500586440000,1500586499000,1.29731,1.29731,1.2973,1.2973,8740000,1
1500586500000,1500586559000,1.2973,1.2973,1.29728,1.29728,9490000,1
1500586560000,1500586619000,1.29743,1.29748,1.29743,1.29747,16000000,1
1500586620000,1500586679000,1.29747,1.29748,1.29747,1.29747,14000000,1
1500586680000,1500586739000,1.29748,1.29748,1.2974,1.29748,21000000,1
1500586740000,1500586799000,1.29747,1.29748,1.29739,1.29739,31000000,1
1500586800000,1500586859000,1.2974,1.2974,1.29739,1.29739,7620000,1
1500586860000,1500586919000,1.29739,1.29739,1.29739,1.29739,2000000,1
1500586920000,1500586979000,1.29735,1.2974,1.29735,1.2974,5250000,1
1500586980000,1500587039000,1.2974,1.2974,1.29735,1.29739,25100000,1
1500587040000,1500587099000,1.29738,1.29739,1.29735,1.29739,35230000,1
1500587100000,1500587159000,1.29739,1.2974,1.29739,1.2974,6000000,1
1500587160000,1500587219000,1.2974,1.2974,1.29734,1.29739,26840000,1
1500587220000,1500587279000,1.29739,1.2974,1.29739,1.2974,10000000,1
1500587280000,1500587339000,1.2974,1.2974,1.29739,1.29739,18360000,1
1500587340000,1500587399000,1.29739,1.29739,1.29737,1.29738,15740000,1
1500587400000,1500587459000,1.29737,1.29741,1.29737,1.29741,43740000,1
1500587460000,1500587519000,1.2974,1.29741,1.2974,1.29741,39500000,1
1500587520000,1500587579000,1.29741,1.29741,1.2974,1.2974,31500000,1
1500587580000,1500587639000,1.2974,1.29745,1.29728,1.29744,63390000,1
1500587640000,1500587699000,1.29744,1.2975,1.29734,1.29745,96400000,1
1500587700000,1500587759000,1.29745,1.29762,1.29729,1.2973,94560000,1
1500587760000,1500587819000,1.2973,1.29771,1.29729,1.29735,110000000,1
1500587820000,1500587879000,1.29735,1.29749,1.29735,1.29747,133300000,1
1500587880000,1500587939000,1.29747,1.2976,1.29704,1.29708,139040000,1
1500587940000,1500587999000,1.29707,1.29745,1.29703,1.2974,40870000,1
1500588000000,1500588059000,1.29742,1.29749,1.29709,1.29716,117290000,1
1500588060000,1500588119000,1.29715,1.29715,1.29701,1.29703,24690000,1
1500588120000,1500588179000,1.29704,1.2971,1.29701,1.29707,34710000,1
1500588180000,1500588239000,1.29709,1.29711,1.29706,1.2971,29240000,1
1500588240000,1500588299000,1.29709,1.29713,1.29706,1.29713,89120000,1
1500588300000,1500588359000,1.29712,1.29715,1.29711,1.29712,68280000,1
1500588360000,1500588419000,1.29712,1.29716,1.29712,1.29716,87170000,1
1500588420000,1500588479000,1.29715,1.29715,1.29708,1.29711,86560000,1
1500588480000,1500588539000,1.29713,1.29715,1.29701,1.29701,99910000,1
1500588540000,1500588599000,1.297,1.29702,1.29694,1.297,68550000,1
1500588600000,1500588659000,1.29701,1.29703,1.29697,1.29698,38630000,1
1500588660000,1500588719000,1.29697,1.29701,1.29696,1.29697,57310000,1
1500588720000,1500588779000,1.29696,1.29702,1.29687,1.29687,103680000,1
1500588780000,1500588839000,1.29686,1.29691,1.29686,1.29691,52280000,1
1500588840000,1500588899000,1.29691,1.29696,1.29691,1.29696,48270000,1
1500588900000,1500588959000,1.29695,1.29698,1.29694,1.29697,74960000,1
1500588960000,1500589019000,1.29697,1.297,1.29694,1.29694,59250000,1
1500589020000,1500589079000,1.29695,1.29705,1.29694,1.29702,104300000,1
1500589080000,1500589139000,1.29704,1.29704,1.29691,1.29695,55630000,1
1500589140000,1500589199000,1.29694,1.29694,1.29682,1.29686,105830000,1
1500589200000,1500589259000,1.29685,1.29687,1.29681,1.29682,60050000,1
1500589260000,1500589319000,1.29682,1.29683,1.2968,1.29682,287620000,1
1500589320000,1500589379000,1.29682,1.29695,1.29682,1.29693,86580000,1
1500589380000,1500589439000,1.29693,1.29693,1.29689,1.2969,84960000,1
1500589440000,1500589499000,1.29689,1.29696,1.29688,1.29695,52570000,1
1500589500000,1500589559000,1.29696,1.29698,1.29693,1.29696,91230000,1
1500589560000,1500589619000,1.29698,1.29705,1.29698,1.29699,86660000,1
1500589620000,1500589679000,1.297,1.29705,1.297,1.29705,45410000,1
1500589680000,1500589739000,1.29706,1.29707,1.29694,1.29694,87230000,1
1500589740000,1500589799000,1.29694,1.29697,1.29691,1.29692,52130000,1
1500589800000,1500589859000,1.29691,1.29693,1.29691,1.29691,51570000,1
1500589860000,1500589919000,1.29691,1.29691,1.29688,1.29688,57610000,1
1500589920000,1500589979000,1.29688,1.2969,1.29677,1.29682,66060000,1
1500589980000,1500590039000,1.29682,1.29682,1.29679,1.29679,31750000,1
1500590040000,1500590099000,1.29679,1.2968,1.29677,1.29679,71870000,1
1500590100000,1500590159000,1.2968,1.2968,1.29659,1.29662,94540000,1
1500590160000,1500590219000,1.29662,1.29666,1.29659,1.29661,140920000,1
1500590220000,1500590279000,1.29662,1.29663,1.2966,1.29662,65370000,1
1500590280000,1500590339000,1.29661,1.29666,1.29661,1.29663,57500000,1
1500590340000,1500590399000,1.29665,1.29665,1.29658,1.29661,173770000,1
1500590400000,1500590459000,1.2966,1.29665,1.29653,1.29663,89130000,1
1500590460000,1500590519000,1.29662,1.29664,1.29661,1.29663,68930000,1
1500590520000,1500590579000,1.29664,1.29665,1.29661,1.29663,82010000,1
1500590580000,1500590639000,1.29663,1.29664,1.29661,1.29662,60300000,1
1500590640000,1500590699000,1.29661,1.29663,1.2965,1.29653,48440000,1
1500590700000,1500590759000,1.29656,1.29666,1.29655,1.29665,42000000,1
1500590760000,1500590819000,1.29665,1.29667,1.29662,1.29664,16000000,1
1500590820000,1500590879000,1.29664,1.29666,1.29661,1.29661,13440000,1
1500590880000,1500590939000,1.29661,1.29662,1.29659,1.29661,39230000,1
1500590940000,1500590999000,1.29661,1.29666,1.2966,1.29663,98500000,1
1500591000000,1500591059000,1.29664,1.29664,1.29652,1.29656,69430000,1
1500591060000,1500591119000,1.29654,1.29656,1.29651,1.29655,19440000,1
1500591120000,1500591179000,1.29655,1.29659,1.29651,1.29659,48200000,1
1500591180000,1500591239000,1.29659,1.29669,1.29659,1.29667,58910000,1
1500591240000,1500591299000,1.29666,1.29668,1.29665,1.29666,44920000,1
1500591300000,1500591359000,1.29667,1.29671,1.29667,1.2967,33950000,1
1500591360000,1500591419000,1.29671,1.29672,1.29665,1.29665,49080000,1
1500591420000,1500591479000,1.29666,1.29666,1.29663,1.29663,71200000,1
1500591480000,1500591539000,1.29662,1.29662,1.29649,1.29649,41290000,1
1500591540000,1500591599000,1.29649,1.29651,1.29637,1.29646,47890000,1
1500591600000,1500591659000,1.29648,1.29648,1.29637,1.29639,75430000,1
1500591660000,1500591719000,1.29639,1.29657,1.29639,1.29653,106850000,1
1500591720000,1500591779000,1.29653,1.29653,1.29629,1.29632,88010000,1
1500591780000,1500591839000,1.29631,1.29632,1.29624,1.29625,68250000,1
1500591840000,1500591899000,1.29626,1.29629,1.29625,1.29629,38500000,1
1500591900000,1500591959000,1.29628,1.29631,1.29625,1.2963,48060000,1
1500591960000,1500592019000,1.29631,1.29631,1.29621,1.29621,80470000,1
1500592020000,1500592079000,1.29622,1.29632,1.2962,1.29629,20370000,1
1500592080000,1500592139000,1.29629,1.2963,1.29629,1.29629,8230000,1
1500592140000,1500592199000,1.29629,1.29629,1.29625,1.29625,5490000,1
1500592200000,1500592259000,1.29626,1.29635,1.29626,1.29633,98760000,1
1500592260000,1500592319000,1.29631,1.29633,1.29625,1.29626,79820000,1
1500592320000,1500592379000,1.29626,1.29627,1.29625,1.29626,51560000,1
1500592380000,1500592439000,1.29625,1.29641,1.29625,1.29639,19860000,1
1500592440000,1500592499000,1.29639,1.29639,1.29636,1.29636,8120000,1
1500592500000,1500592559000,1.29636,1.29637,1.29635,1.29637,7120000,1
1500592560000,1500592619000,1.29637,1.29637,1.29632,1.29634,14480000,1
1500592620000,1500592679000,1.29635,1.29636,1.29634,1.29634,20370000,1
1500592680000,1500592739000,1.29633,1.29635,1.29633,1.29635,4870000,1
1500592740000,1500592799000,1.29635,1.29635,1.29635,1.29635,5000000,1
1500592800000,1500592859000,1.29634,1.29634,1.29621,1.29624,21810000,1
1500592860000,1500592919000,1.29626,1.29627,1.29621,1.29624,20560000,1
1500592920000,1500592979000,1.29624,1.29626,1.29622,1.29622,43090000,1
1500592980000,1500593039000,1.29622,1.29637,1.29622,1.29637,43480000,1
1500593040000,1500593099000,1.29638,1.29641,1.29637,1.29639,15000000,1
1500593100000,1500593159000,1.29639,1.29643,1.29638,1.29642,16570000,1
1500593160000,1500593219000,1.29642,1.29643,1.29641,1.29642,5250000,1
1500593220000,1500593279000,1.29642,1.29642,1.29639,1.29639,8000000,1
1500593280000,1500593339000,1.2964,1.29642,1.2964,1.29641,4870000,1
1500593340000,1500593399000,1.29641,1.29641,1.29641,1.29641,2500000,1
1500593400000,1500593459000,1.29642,1.29642,1.2964,1.29642,30670000,1
1500593460000,1500593519000,1.29643,1.29643,1.2964,1.29642,61900000,1
1500593520000,1500593579000,1.29641,1.29644,1.29641,1.29643,4500000,1
1500593580000,1500593639000,1.29644,1.29658,1.29643,1.29645,25000000,1
1500593640000,1500593699000,1.29646,1.29646,1.29644,1.29645,18120000,1
1500593700000,1500593759000,1.29646,1.29646,1.29643,1.29643,5000000,1
1500593760000,1500593819000,1.29644,1.29644,1.2964,1.2964,10250000,1
1500593820000,1500593879000,1.2964,1.29641,1.2964,1.2964,34800000,1
1500593880000,1500593939000,1.2964,1.29645,1.2964,1.29644,46140000,1
1500593940000,1500593999000,1.29644,1.29646,1.29644,1.29645,6250000,1
1500594000000,1500594059000,1.29646,1.29648,1.29644,1.29647,18610000,1
1500594060000,1500594119000,1.29644,1.29644,1.29637,1.29637,24960000,1
1500594120000,1500594179000,1.29637,1.29643,1.29637,1.2964,44690000,1
1500594180000,1500594239000,1.2964,1.2964,1.2964,1.2964,7240000,1
1500594240000,1500594299000,1.2964,1.29644,1.2964,1.29644,8500000,1
1500594300000,1500594359000,1.29643,1.29647,1.29643,1.29645,11190000,1
1500594360000,1500594419000,1.29644,1.29644,1.29642,1.29642,14000000,1
1500594420000,1500594479000,1.29643,1.29648,1.29643,1.29646,9120000,1
1500594480000,1500594539000,1.29647,1.29647,1.29644,1.29644,12190000,1
1500594540000,1500594599000,1.29643,1.29643,1.29642,1.29642,44730000,1
1500594600000,1500594659000,1.29643,1.29646,1.29642,1.29643,53960000,1
1500594660000,1500594719000,1.29643,1.29643,1.29641,1.29642,47900000,1
1500594720000,1500594779000,1.29641,1.29646,1.29641,1.29644,32100000,1
1500594780000,1500594839000,1.29644,1.29644,1.29643,1.29643,16870000,1
1500594840000,1500594899000,1.29645,1.29646,1.29642,1.29646,47000000,1
1500594900000,1500594959000,1.29646,1.29647,1.29645,1.29646,12000000,1
1500594960000,1500595019000,1.29646,1.29648,1.29645,1.29647,11000000,1
1500595020000,1500595079000,1.29647,1.29647,1.29645,1.29645,21860000,1
1500595080000,1500595139000,1.29645,1.29645,1.29645,1.29645,8750000,1
1500595140000,1500595199000,1.29645,1.29647,1.29644,1.29646,8500000,1
1500595200000,1500595259000,1.29648,1.29649,1.29643,1.29647,28060000,1
1500595260000,1500595319000,1.29648,1.29654,1.29645,1.2965,34920000,1
1500595320000,1500595379000,1.2965,1.29652,1.29645,1.29645,28360000,1
1500595380000,1500595439000,1.29645,1.29657,1.29635,1.29657,68830000,1
1500595440000,1500595499000,1.29657,1.29674,1.29648,1.29665,62420000,1
1500595500000,1500595559000,1.29665,1.29665,1.29656,1.29657,42790000,1
1500595560000,1500595619000,1.29658,1.29664,1.29642,1.29646,116170000,1
1500595620000,1500595679000,1.29646,1.29675,1.29646,1.29664,126220000,1
1500595680000,1500595739000,1.29664,1.29666,1.29657,1.29665,89450000,1
1500595740000,1500595799000,1.29662,1.29666,1.29654,1.29654,117480000,1
1500595800000,1500595859000,1.29654,1.29656,1.29639,1.29643,91210000,1
1500595860000,1500595919000,1.29644,1.29645,1.29642,1.29644,63490000,1
1500595920000,1500595979000,1.29643,1.29648,1.29642,1.29648,19340000,1
1500595980000,1500596039000,1.29646,1.29652,1.29646,1.29652,27510000,1
1500596040000,1500596099000,1.29652,1.29654,1.29649,1.29654,102150000,1
1500596100000,1500596159000,1.29654,1.29655,1.29646,1.29649,87380000,1
1500596160000,1500596219000,1.2965,1.2965,1.29634,1.29634,53790000,1
1500596220000,1500596279000,1.29634,1.29639,1.29634,1.29638,91100000,1
1500596280000,1500596339000,1.29636,1.29636,1.29623,1.29623,50700000,1
1500596340000,1500596399000,1.29623,1.29624,1.29608,1.29618,118860000,1
1500596400000,1500596459000,1.29618,1.29619,1.29608,1.2961,39000000,1
1500596460000,1500596519000,1.29609,1.29612,1.29606,1.29609,86180000,1
1500596520000,1500596579000,1.29608,1.29612,1.29607,1.29609,27120000,1
1500596580000,1500596639000,1.29608,1.29615,1.29601,1.29606,50050000,1
1500596640000,1500596699000,1.29605,1.29605,1.29596,1.29599,75570000,1
1500596700000,1500596759000,1.29598,1.29603,1.29577,1.29586,81620000,1
1500596760000,1500596819000,1.29586,1.29586,1.29564,1.29564,79400000,1
1500596820000,1500596879000,1.29559,1.2957,1.29557,1.29569,65360000,1
1500596880000,1500596939000,1.29569,1.2958,1.29564,1.29579,83700000,1
1500596940000,1500596999000,1.29579,1.29584,1.29558,1.29558,70870000,1
1500597000000,1500597059000,1.29558,1.29572,1.29545,1.29547,61360000,1
1500597060000,1500597119000,1.29547,1.29555,1.29544,1.29555,37500000,1
1500597120000,1500597179000,1.29555,1.29568,1.29554,1.29567,32500000,1
1500597180000,1500597239000,1.29569,1.2958,1.29569,1.29573,93740000,1
1500597240000,1500597299000,1.29572,1.29572,1.29563,1.29564,65640000,1
1500597300000,1500597359000,1.29565,1.29581,1.29565,1.29581,45210000,1
1500597360000,1500597419000,1.29581,1.29592,1.29568,1.29572,87080000,1
1500597420000,1500597479000,1.29572,1.29573,1.2955,1.29557,61460000,1
1500597480000,1500597539000,1.29558,1.29571,1.29557,1.29568,66500000,1
1500597540000,1500597599000,1.29569,1.29584,1.29565,1.29567,124610000,1
1500597600000,1500597659000,1.29571,1.29572,1.29567,1.29568,53680000,1
1500597660000,1500597719000,1.29567,1.29568,1.29548,1.29553,156870000,1
1500597720000,1500597779000,1.29552,1.29573,1.29537,1.29568,89160000,1
1500597780000,1500597839000,1.29568,1.29573,1.29543,1.29543,76900000,1
1500597840000,1500597899000,1.29544,1.29544,1.29531,1.29532,150850000,1
1500597900000,1500597959000,1.29532,1.29566,1.29532,1.29563,104160000,1
1500597960000,1500598019000,1.29563,1.29571,1.29559,1.29564,824300000,1
1500598020000,1500598079000,1.29564,1.29567,1.29562,1.29566,35950000,1
1500598080000,1500598139000,1.29565,1.29566,1.29553,1.29556,63650000,1
1500598140000,1500598199000,1.29555,1.29555,1.29552,1.29552,22110000,1
1500598200000,1500598259000,1.29552,1.29554,1.29552,1.29553,23130000,1
1500598260000,1500598319000,1.29553,1.29577,1.29553,1.29573,65420000,1
1500598320000,1500598379000,1.29576,1.29579,1.29572,1.29573,122810000,1
1500598380000,1500598439000,1.29574,1.29577,1.2955,1.29551,59060000,1
1500598440000,1500598499000,1.29552,1.29561,1.2954,1.29555,170410000,1
1500598500000,1500598559000,1.29554,1.29562,1.29541,1.29543,86580000,1
1500598560000,1500598619000,1.29542,1.2955,1.29541,1.29541,49730000,1
1500598620000,1500598679000,1.29546,1.29547,1.29543,1.29545,10000000,1
1500598680000,1500598739000,1.29547,1.29576,1.29546,1.29575,98620000,1
1500598740000,1500598799000,1.29574,1.29612,1.29574,1.29606,162020000,1
1500598800000,1500598859000,1.29609,1.29609,1.29584,1.29586,74270000,1
1500598860000,1500598919000,1.29587,1.29587,1.29544,1.29546,110230000,1
1500598920000,1500598979000,1.29547,1.29547,1.2954,1.2954,135410000,1
1500598980000,1500599039000,1.29541,1.29588,1.2954,1.29588,129250000,1
1500599040000,1500599099000,1.29586,1.29586,1.29564,1.29567,108740000,1
1500599100000,1500599159000,1.29568,1.29569,1.29543,1.29543,119050000,1
1500599160000,1500599219000,1.29542,1.29556,1.2954,1.29552,43630000,1
1500599220000,1500599279000,1.2955,1.29587,1.2955,1.29576,135740000,1
1500599280000,1500599339000,1.29578,1.29578,1.29547,1.29553,85190000,1
1500599340000,1500599399000,1.29553,1.29576,1.29551,1.29571,80050000,1
1500599400000,1500599459000,1.29571,1.29581,1.29549,1.29551,173310000,1
1500599460000,1500599519000,1.29553,1.29555,1.29542,1.29553,89700000,1
1500599520000,1500599579000,1.29553,1.29587,1.29547,1.29579,106400000,1
1500599580000,1500599639000,1.29581,1.29584,1.29557,1.29558,99670000,1
1500599640000,1500599699000,1.29556,1.29564,1.29544,1.29559,163630000,1
1500599700000,1500599759000,1.29559,1.2958,1.29557,1.29571,158950000,1
1500599760000,1500599819000,1.29571,1.29573,1.29551,1.29558,104690000,1
1500599820000,1500599879000,1.29557,1.29571,1.29549,1.29567,73740000,1
1500599880000,1500599939000,1.29567,1.2959,1.29567,1.29571,358020000,1
1500599940000,1500599999000,1.29573,1.29573,1.29544,1.29552,151560000,1
1500600000000,1500600059000,1.29552,1.29579,1.29552,1.29577,74800000,1
1500600060000,1500600119000,1.29577,1.296,1.29577,1.29586,141770000,1
1500600120000,1500600179000,1.29587,1.29592,1.29553,1.29553,129890000,1
1500600180000,1500600239000,1.2956,1.29571,1.29555,1.2957,76950000,1
1500600240000,1500600299000,1.29569,1.29599,1.29569,1.29598,66070000,1
1500600300000,1500600359000,1.29598,1.29609,1.29573,1.29574,143760000,1
1500600360000,1500600419000,1.29572,1.29587,1.29567,1.29586,110590000,1
1500600420000,1500600479000,1.29586,1.29623,1.29586,1.29613,112380000,1
1500600480000,1500600539000,1.29614,1.29614,1.29578,1.29589,119110000,1
1500600540000,1500600599000,1.29587,1.29587,1.29576,1.29576,105950000,1
1500600600000,1500600659000,1.29577,1.29607,1.29566,1.29594,190640000,1
1500600660000,1500600719000,1.29592,1.29593,1.29563,1.29573,162330000,1
1500600720000,1500600779000,1.29573,1.29605,1.29573,1.29584,75210000,1
1500600780000,1500600839000,1.29583,1.29594,1.29583,1.29591,27460000,1
1500600840000,1500600899000,1.29591,1.29615,1.2959,1.2961,99590000,1
1500600900000,1500600959000,1.29611,1.29612,1.29581,1.29585,110840000,1
1500600960000,1500601019000,1.29585,1.29594,1.29584,1.29594,25470000,1
1500601020000,1500601079000,1.29593,1.29615,1.29582,1.29582,143700000,1
1500601080000,1500601139000,1.29583,1.29584,1.29564,1.29577,117440000,1
1500601140000,1500601199000,1.29578,1.296,1.29578,1.29592,98540000,1
1500601200000,1500601259000,1.29593,1.29593,1.29564,1.29579,81870000,1
1500601260000,1500601319000,1.29578,1.296,1.29578,1.29593,53160000,1
1500601320000,1500601379000,1.29591,1.29598,1.29564,1.29581,125650000,1
1500601380000,1500601439000,1.2958,1.29591,1.2956,1.29585,128150000,1
1500601440000,1500601499000,1.29585,1.29593,1.29573,1.29573,102790000,1
1500601500000,1500601559000,1.29572,1.29642,1.29557,1.29623,134930000,1
1500601560000,1500601619000,1.29622,1.29622,1.29567,1.29598,128650000,1
1500601620000,1500601679000,1.296,1.29607,1.29555,1.29582,93020000,1
1500601680000,1500601739000,1.29582,1.29583,1.29571,1.29571,43630000,1
1500601740000,1500601799000,1.2957,1.29576,1.29567,1.29574,64460000,1
1500601800000,1500601859000,1.29575,1.29606,1.29571,1.29593,98930000,1
1500601860000,1500601919000,1.29592,1.29611,1.29592,1.29602,64430000,1
1500601920000,1500601979000,1.29603,1.29605,1.29602,1.29605,87730000,1
1500601980000,1500602039000,1.29604,1.29616,1.29604,1.29613,77360000,1
1500602040000,1500602099000,1.29613,1.29616,1.29613,1.29615,78580000,1
1500602100000,1500602159000,1.29616,1.29618,1.29614,1.29615,45680000,1
1500602160000,1500602219000,1.29616,1.2962,1.29615,1.29619,40500000,1
1500602220000,1500602279000,1.2962,1.29622,1.29619,1.29622,29440000,1
1500602280000,1500602339000,1.29621,1.29622,1.29614,1.29614,25750000,1
1500602340000,1500602399000,1.29612,1.29623,1.29612,1.29622,77720000,1
1500602400000,1500602459000,1.29624,1.2963,1.29624,1.29627,62140000,1
1500602460000,1500602519000,1.29624,1.29624,1.29618,1.29621,33760000,1
1500602520000,1500602579000,1.29621,1.29635,1.29621,1.2963,80860000,1
1500602580000,1500602639000,1.29631,1.29631,1.2963,1.29631,37690000,1
1500602640000,1500602699000,1.2963,1.29641,1.2963,1.29634,70520000,1
1500602700000,1500602759000,1.29635,1.29652,1.29634,1.29649,47640000,1
1500602760000,1500602819000,1.29649,1.29657,1.29649,1.29656,80200000,1
1500602820000,1500602879000,1.29656,1.29659,1.29656,1.29659,38860000,1
1500602880000,1500602939000,1.29659,1.29668,1.29658,1.29662,67600000,1
1500602940000,1500602999000,1.29663,1.29671,1.29662,1.29663,47900000,1
1500603000000,1500603059000,1.29662,1.29682,1.29662,1.29681,91680000,1
1500603060000,1500603119000,1.29681,1.29682,1.29672,1.29672,124050000,1
1500603120000,1500603179000,1.29672,1.29673,1.29667,1.29672,109640000,1
1500603180000,1500603239000,1.2967,1.29679,1.29665,1.29678,71930000,1
1500603240000,1500603299000,1.29678,1.29679,1.29674,1.29677,64480000,1
1500603300000,1500603359000,1.29676,1.29677,1.29647,1.29648,134310000,1
1500603360000,1500603419000,1.29647,1.29651,1.29647,1.29649,92190000,1
1500603420000,1500603479000,1.29649,1.2965,1.29643,1.2965,84520000,1
1500603480000,1500603539000,1.29646,1.29659,1.29646,1.29652,111850000,1
1500603540000,1500603599000,1.29652,1.2967,1.29652,1.29668,70280000,1
1500603600000,1500603659000,1.29668,1.29669,1.29663,1.29665,48310000,1
1500603660000,1500603719000,1.29666,1.29673,1.29666,1.29666,46700000,1
1500603720000,1500603779000,1.29667,1.29669,1.29666,1.29669,30680000,1
1500603780000,1500603839000,1.29668,1.29671,1.29668,1.29671,38750000,1
1500603840000,1500603899000,1.2967,1.29671,1.29666,1.29668,18260000,1
1500603900000,1500603959000,1.29668,1.29671,1.29668,1.2967,26480000,1
1500603960000,1500604019000,1.29671,1.29681,1.2967,1.29678,59050000,1
1500604020000,1500604079000,1.29679,1.2968,1.29678,1.2968,42900000,1
1500604080000,1500604139000,1.2968,1.29681,1.29679,1.2968,25380000,1
1500604140000,1500604199000,1.29678,1.29683,1.29678,1.29682,33250000,1
1500604200000,1500604259000,1.29683,1.29683,1.2967,1.29674,83680000,1
1500604260000,1500604319000,1.29675,1.29692,1.29674,1.29691,74780000,1
1500604320000,1500604379000,1.29691,1.29696,1.29681,1.29688,60650000,1
1500604380000,1500604439000,1.29689,1.29689,1.29681,1.29684,73440000,1
1500604440000,1500604499000,1.29685,1.29685,1.2968,1.29681,27750000,1
1500604500000,1500604559000,1.2968,1.29681,1.29675,1.29678,39390000,1
1500604560000,1500604619000,1.29677,1.29678,1.29673,1.29677,34530000,1
1500604620000,1500604679000,1.29677,1.29678,1.2967,1.2967,33880000,1
1500604680000,1500604739000,1.29669,1.29669,1.29658,1.29659,53080000,1
1500604740000,1500604799000,1.2966,1.29663,1.29657,1.29661,54190000,1
1500604800000,1500604859000,1.29661,1.29662,1.29626,1.29657,180070000,1
1500604860000,1500604919000,1.29657,1.29666,1.29634,1.29637,156600000,1
1500604920000,1500604979000,1.29636,1.29637,1.29622,1.29622,85660000,1
1500604980000,1500605039000,1.29623,1.29624,1.29618,1.29618,92910000,1
1500605040000,1500605099000,1.29619,1.29629,1.29615,1.29615,169540000,1
1500605100000,1500605159000,1.29615,1.29639,1.29611,1.29638,160280000,1
1500605160000,1500605219000,1.2964,1.29646,1.29631,1.29643,120460000,1
1500605220000,1500605279000,1.29643,1.29661,1.2964,1.29641,113090000,1
1500605280000,1500605339000,1.29643,1.29661,1.29643,1.2965,66160000,1
1500605340000,1500605399000,1.2965,1.29653,1.29641,1.29646,83340000,1
1500605400000,1500605459000,1.29648,1.29648,1.29638,1.29638,71470000,1
1500605460000,1500605519000,1.29639,1.29653,1.29639,1.29649,59840000,1
1500605520000,1500605579000,1.29654,1.29666,1.29648,1.29657,104520000,1
1500605580000,1500605639000,1.29655,1.29665,1.29647,1.29647,96740000,1
1500605640000,1500605699000,1.29647,1.29651,1.29642,1.29647,77840000,1
1500605700000,1500605759000,1.29646,1.29647,1.29636,1.29645,128190000,1
1500605760000,1500605819000,1.29646,1.29655,1.29646,1.29647,158820000,1
1500605820000,1500605879000,1.29648,1.29649,1.29638,1.29646,204730000,1
1500605880000,1500605939000,1.29647,1.29647,1.29635,1.29637,74140000,1
1500605940000,1500605999000,1.29637,1.29638,1.29627,1.29633,95780000,1
1500606000000,1500606059000,1.2963,1.29632,1.2962,1.29627,78320000,1
1500606060000,1500606119000,1.29627,1.29633,1.29616,1.29633,96200000,1
1500606120000,1500606179000,1.29628,1.2966,1.29627,1.29658,78300000,1
1500606180000,1500606239000,1.29657,1.29658,1.29647,1.29648,62570000,1
1500606240000,1500606299000,1.29647,1.2965,1.29642,1.29648,50130000,1
1500606300000,1500606359000,1.29648,1.29649,1.29647,1.29648,84130000,1
1500606360000,1500606419000,1.29648,1.29656,1.29642,1.29651,136670000,1
1500606420000,1500606479000,1.29651,1.29652,1.29646,1.29649,63440000,1
1500606480000,1500606539000,1.29648,1.29656,1.29647,1.29655,140160000,1
1500606540000,1500606599000,1.29654,1.29655,1.2965,1.2965,161030000,1
1500606600000,1500606659000,1.29651,1.29662,1.29651,1.29661,55800000,1
1500606660000,1500606719000,1.29661,1.29661,1.29652,1.29659,54350000,1
1500606720000,1500606779000,1.29659,1.2966,1.29654,1.29658,111700000,1
1500606780000,1500606839000,1.29658,1.29659,1.29657,1.29659,86510000,1
1500606840000,1500606899000,1.29659,1.29659,1.29657,1.29657,58200000,1
1500606900000,1500606959000,1.29657,1.29666,1.29657,1.29666,62490000,1
1500606960000,1500607019000,1.29666,1.29666,1.29657,1.29658,150500000,1
1500607020000,1500607079000,1.29657,1.2966,1.29657,1.29659,58090000,1
1500607080000,1500607139000,1.29659,1.29659,1.29657,1.29657,97080000,1
1500607140000,1500607199000,1.29658,1.29661,1.29657,1.29658,37460000,1
1500607200000,1500607259000,1.29658,1.29659,1.29655,1.29659,36630000,1
1500607260000,1500607319000,1.29657,1.2966,1.29649,1.29657,73180000,1
1500607320000,1500607379000,1.29659,1.29659,1.29647,1.29647,42700000,1
1500607380000,1500607439000,1.29648,1.29656,1.29648,1.29656,80330000,1
1500607440000,1500607499000,1.29654,1.29657,1.29645,1.29646,209440000,1
1500607500000,1500607559000,1.29647,1.29652,1.29628,1.29628,267170000,1
1500607560000,1500607619000,1.29628,1.29636,1.29627,1.29635,53270000,1
1500607620000,1500607679000,1.29635,1.29635,1.29617,1.29617,148910000,1
1500607680000,1500607739000,1.29617,1.29628,1.29617,1.29622,80690000,1
1500607740000,1500607799000,1.29623,1.29623,1.29617,1.29617,76230000,1
1500607800000,1500607859000,1.29617,1.29628,1.29617,1.29622,90110000,1
1500607860000,1500607919000,1.29622,1.29627,1.29617,1.29627,55580000,1
1500607920000,1500607979000,1.29627,1.29632,1.29627,1.2963,23930000,1
1500607980000,1500608039000,1.29628,1.29628,1.29618,1.29627,101230000,1
1500608040000,1500608099000,1.29627,1.29638,1.29627,1.29638,56770000,1
1500608100000,1500608159000,1.29638,1.29638,1.29626,1.29631,77740000,1
1500608160000,1500608219000,1.29631,1.29639,1.29631,1.29639,41020000,1
1500608220000,1500608279000,1.29639,1.29642,1.29629,1.29642,45280000,1
1500608280000,1500608339000,1.29642,1.29648,1.29641,1.29645,39000000,1
1500608340000,1500608399000,1.29643,1.29648,1.29641,1.29647,60500000,1
1500608400000,1500608459000,1.29645,1.29653,1.29643,1.29651,26000000,1
1500608460000,1500608519000,1.29649,1.29656,1.29643,1.29654,80420000,1
1500608520000,1500608579000,1.29654,1.29662,1.29652,1.29662,39000000,1
1500608580000,1500608639000,1.29662,1.29662,1.29654,1.29662,30930000,1
1500608640000,1500608699000,1.29662,1.29665,1.29658,1.29662,36370000,1
1500608700000,1500608759000,1.2966,1.29666,1.29653,1.29666,33000000,1
1500608760000,1500608819000,1.29668,1.29668,1.29651,1.29652,36870000,1
1500608820000,1500608879000,1.29653,1.29667,1.29653,1.29664,43500000,1
1500608880000,1500608939000,1.29662,1.29666,1.29658,1.29663,61120000,1
1500608940000,1500608999000,1.29662,1.29672,1.29662,1.29672,40750000,1
1500609000000,1500609059000,1.29671,1.29674,1.2967,1.29673,83370000,1
1500609060000,1500609119000,1.29673,1.29682,1.2967,1.29682,47740000,1
1500609120000,1500609179000,1.29682,1.29682,1.29668,1.29668,67160000,1
1500609180000,1500609239000,1.29668,1.2967,1.29663,1.29669,160070000,1
1500609240000,1500609299000,1.29669,1.29669,1.29662,1.29668,87050000,1
1500609300000,1500609359000,1.29668,1.29672,1.29667,1.2967,110580000,1
1500609360000,1500609419000,1.29668,1.29673,1.29654,1.29664,49990000,1
1500609420000,1500609479000,1.29665,1.29675,1.29662,1.29675,23320000,1
1500609480000,1500609539000,1.29675,1.29684,1.29666,1.29684,48750000,1
1500609540000,1500609599000,1.29684,1.29685,1.29668,1.29668,31460000,1
1500609600000,1500609659000,1.29668,1.29683,1.29668,1.29671,70410000,1
1500609660000,1500609719000,1.29671,1.29678,1.29669,1.29674,20930000,1
1500609720000,1500609779000,1.29675,1.29678,1.29672,1.29674,23100000,1
1500609780000,1500609839000,1.29673,1.29673,1.29662,1.29671,27470000,1
1500609840000,1500609899000,1.29671,1.29677,1.29666,1.29677,30720000,1
1500609900000,1500609959000,1.29678,1.29678,1.2967,1.2967,22760000,1
1500609960000,1500610019000,1.29669,1.2968,1.29667,1.29675,48100000,1
1500610020000,1500610079000,1.29673,1.29682,1.29667,1.29682,46210000,1
1500610080000,1500610139000,1.29682,1.29685,1.29681,1.29681,10000000,1
1500610140000,1500610199000,1.29681,1.29681,1.29666,1.29668,68220000,1
1500610200000,1500610259000,1.29669,1.29672,1.29646,1.29649,98310000,1
1500610260000,1500610319000,1.29647,1.29655,1.29639,1.29644,90700000,1
1500610320000,1500610379000,1.29644,1.29646,1.2964,1.29643,28070000,1
1500610380000,1500610439000,1.29646,1.29658,1.29646,1.29654,54140000,1
1500610440000,1500610499000,1.29655,1.29662,1.29647,1.29662,28700000,1
1500610500000,1500610559000,1.29663,1.29673,1.29661,1.29661,25870000,1
1500610560000,1500610619000,1.29658,1.29668,1.29657,1.29668,20820000,1
1500610620000,1500610679000,1.29669,1.29669,1.29654,1.29656,29530000,1
1500610680000,1500610739000,1.29655,1.29671,1.29655,1.29671,33380000,1
1500610740000,1500610799000,1.29668,1.29668,1.29658,1.29658,46680000,1
1500610800000,1500610859000,1.29658,1.29671,1.29658,1.29671,23630000,1
1500610860000,1500610919000,1.29666,1.29666,1.29652,1.29652,43530000,1
1500610920000,1500610979000,1.29652,1.29669,1.29652,1.29669,95920000,1
1500610980000,1500611039000,1.29669,1.29669,1.29655,1.29662,43240000,1
1500611040000,1500611099000,1.29661,1.2967,1.2966,1.29665,31970000,1
1500611100000,1500611159000,1.29665,1.2967,1.29659,1.2967,28310000,1
1500611160000,1500611219000,1.2967,1.29682,1.2967,1.29677,49190000,1
1500611220000,1500611279000,1.29674,1.29674,1.2966,1.29668,53100000,1
1500611280000,1500611339000,1.29668,1.29677,1.29668,1.29676,28220000,1
1500611340000,1500611399000,1.29672,1.29672,1.2966,1.29668,59080000,1
1500611400000,1500611459000,1.29668,1.29671,1.2965,1.2965,45910000,1
1500611460000,1500611519000,1.29648,1.29655,1.29647,1.29654,22190000,1
1500611520000,1500611579000,1.29651,1.29658,1.29651,1.29656,30560000,1
1500611580000,1500611639000,1.29654,1.29657,1.29649,1.29657,29940000,1
1500611640000,1500611699000,1.29657,1.29667,1.29657,1.29659,54680000,1
1500611700000,1500611759000,1.29659,1.29659,1.29646,1.29652,40290000,1
1500611760000,1500611819000,1.29653,1.29659,1.29651,1.29654,43240000,1
1500611820000,1500611879000,1.29654,1.29654,1.29641,1.29653,60480000,1
1500611880000,1500611939000,1.29656,1.29659,1.29645,1.29645,20200000,1
1500611940000,1500611999000,1.29646,1.29659,1.29646,1.29659,39500000,1
1500612000000,1500612059000,1.29659,1.29659,1.29651,1.29652,17300000,1
1500612060000,1500612119000,1.29652,1.29654,1.29647,1.29654,35320000,1
1500612120000,1500612179000,1.29656,1.29659,1.29651,1.29655,57480000,1
1500612180000,1500612239000,1.29654,1.29654,1.2965,1.29653,15500000,1
1500612240000,1500612299000,1.29656,1.29657,1.29651,1.29651,39180000,1
1500612300000,1500612359000,1.29648,1.29652,1.29645,1.29648,24430000,1
1500612360000,1500612419000,1.29649,1.29656,1.29649,1.2965,16000000,1
1500612420000,1500612479000,1.29648,1.29658,1.29648,1.29648,21950000,1
1500612480000,1500612539000,1.29649,1.29649,1.29646,1.29648,19900000,1
1500612540000,1500612599000,1.29648,1.29649,1.29647,1.29647,17850000,1
1500612600000,1500612659000,1.29648,1.29652,1.29647,1.29651,15270000,1
1500612660000,1500612719000,1.29651,1.29651,1.29646,1.2965,16000000,1
1500612720000,1500612779000,1.2965,1.2965,1.29638,1.29643,31480000,1
1500612780000,1500612839000,1.29644,1.29658,1.29643,1.29658,31620000,1
1500612840000,1500612899000,1.29658,1.29681,1.29658,1.29677,98300000,1
1500612900000,1500612959000,1.29679,1.2969,1.29677,1.29685,104070000,1
1500612960000,1500613019000,1.29685,1.2969,1.29678,1.29686,55300000,1
1500613020000,1500613079000,1.29686,1.29686,1.29678,1.29682,34060000,1
1500613080000,1500613139000,1.29686,1.29703,1.29683,1.29701,176180000,1
1500613140000,1500613199000,1.297,1.29708,1.29698,1.29698,57610000,1
1500613200000,1500613259000,1.29698,1.29704,1.29697,1.29703,30000000,1
1500613260000,1500613319000,1.29704,1.29712,1.29704,1.29711,27000000,1
1500613320000,1500613379000,1.29711,1.29712,1.29711,1.29711,5000000,1
1500613380000,1500613439000,1.2971,1.29718,1.29709,1.29718,54140000,1
1500613440000,1500613499000,1.29718,1.29718,1.29708,1.29708,43010000,1
1500613500000,1500613559000,1.29708,1.29712,1.29701,1.29702,40220000,1
1500613560000,1500613619000,1.29701,1.29705,1.29701,1.29701,8980000,1
1500613620000,1500613679000,1.29701,1.29709,1.297,1.29704,43000000,1
1500613680000,1500613739000,1.29702,1.29705,1.29702,1.29704,29640000,1
1500613740000,1500613799000,1.29704,1.29705,1.29704,1.29705,17750000,1
1500613800000,1500613859000,1.29705,1.29705,1.29701,1.29704,20580000,1
1500613860000,1500613919000,1.29706,1.29707,1.29706,1.29706,32210000,1
1500613920000,1500613979000,1.29706,1.29719,1.29706,1.29719,25250000,1
1500613980000,1500614039000,1.29719,1.29722,1.29718,1.29719,32310000,1
1500614040000,1500614099000,1.29719,1.29721,1.29718,1.29719,11560000,1
1500614100000,1500614159000,1.29718,1.29718,1.29712,1.29713,36010000,1
1500614160000,1500614219000,1.29713,1.29719,1.29712,1.29718,37700000,1
1500614220000,1500614279000,1.29719,1.2974,1.29719,1.29739,26700000,1
1500614280000,1500614339000,1.29738,1.29743,1.29735,1.29743,45360000,1
1500614340000,1500614399000,1.29742,1.29743,1.29738,1.29741,22910000,1
1500614400000,1500614459000,1.29741,1.29741,1.29735,1.29738,12860000,1
1500614460000,1500614519000,1.29738,1.2974,1.29735,1.29739,24490000,1
1500614520000,1500614579000,1.29738,1.29748,1.29738,1.29748,20230000,1
1500614580000,1500614639000,1.29749,1.29753,1.29749,1.29753,14450000,1
1500614640000,1500614699000,1.29753,1.29758,1.29753,1.29758,33120000,1
1500614700000,1500614759000,1.29757,1.2976,1.29745,1.29751,29230000,1
1500614760000,1500614819000,1.29751,1.29758,1.29751,1.29758,24240000,1
1500614820000,1500614879000,1.29758,1.29761,1.29757,1.29759,26860000,1
1500614880000,1500614939000,1.29759,1.29759,1.29757,1.29758,30500000,1
1500614940000,1500614999000,1.29759,1.29766,1.29759,1.29762,40290000,1
1500615000000,1500615059000,1.29763,1.29763,1.29757,1.29762,47840000,1
1500615060000,1500615119000,1.29763,1.29764,1.29752,1.29759,34110000,1
1500615120000,1500615179000,1.29757,1.29765,1.29757,1.29764,32610000,1
1500615180000,1500615239000,1.29766,1.2977,1.29766,1.29768,28500000,1
1500615240000,1500615299000,1.2977,1.2977,1.29763,1.2977,49270000,1
1500615300000,1500615359000,1.29769,1.2977,1.29763,1.29765,33680000,1
1500615360000,1500615419000,1.29765,1.2977,1.29762,1.29762,55660000,1
1500615420000,1500615479000,1.29763,1.29771,1.29762,1.29768,34250000,1
1500615480000,1500615539000,1.29768,1.29769,1.29753,1.29757,42110000,1
1500615540000,1500615599000,1.29754,1.29775,1.29754,1.29771,40250000,1
1500615600000,1500615659000,1.29771,1.29782,1.29767,1.29778,52710000,1
1500615660000,1500615719000,1.29779,1.29781,1.29777,1.29777,45510000,1
1500615720000,1500615779000,1.29778,1.29783,1.29777,1.29783,26300000,1
1500615780000,1500615839000,1.29783,1.29797,1.29783,1.29797,44550000,1
1500615840000,1500615899000,1.29798,1.29809,1.29793,1.29793,55580000,1
1500615900000,1500615959000,1.29793,1.29793,1.29788,1.29789,27520000,1
1500615960000,1500616019000,1.29789,1.29806,1.29788,1.29803,29690000,1
1500616020000,1500616079000,1.29801,1.2982,1.29797,1.29811,102040000,1
1500616080000,1500616139000,1.29811,1.29812,1.29808,1.29809,51850000,1
1500616140000,1500616199000,1.29808,1.29811,1.29785,1.29788,86290000,1
1500616200000,1500616259000,1.29788,1.29803,1.29788,1.29802,37250000,1
1500616260000,1500616319000,1.29802,1.29813,1.29802,1.29813,32510000,1
1500616320000,1500616379000,1.29811,1.29817,1.29811,1.29813,16250000,1
1500616380000,1500616439000,1.29812,1.29813,1.29808,1.29811,56320000,1
1500616440000,1500616499000,1.29812,1.29823,1.29812,1.29818,88740000,1
1500616500000,1500616559000,1.29816,1.29826,1.29815,1.29821,72490000,1
1500616560000,1500616619000,1.29821,1.29825,1.29821,1.29821,25650000,1
1500616620000,1500616679000,1.29822,1.2983,1.29817,1.29819,77160000,1
1500616680000,1500616739000,1.29819,1.29821,1.29814,1.29821,51500000,1
1500616740000,1500616799000,1.2982,1.29828,1.29819,1.29823,49100000,1
1500616800000,1500616859000,1.29823,1.29843,1.29818,1.29838,119540000,1
1500616860000,1500616919000,1.2984,1.29843,1.29831,1.29841,67280000,1
1500616920000,1500616979000,1.2984,1.29868,1.2984,1.29858,118280000,1
1500616980000,1500617039000,1.29859,1.29861,1.29855,1.29859,39840000,1
1500617040000,1500617099000,1.2986,1.29862,1.29855,1.29858,47480000,1
1500617100000,1500617159000,1.29858,1.2987,1.29854,1.29867,82340000,1
1500617160000,1500617219000,1.29869,1.29876,1.29862,1.29872,73540000,1
1500617220000,1500617279000,1.29872,1.2992,1.29872,1.29886,155100000,1
1500617280000,1500617339000,1.29886,1.2989,1.29856,1.29882,176540000,1
1500617340000,1500617399000,1.29882,1.29885,1.2987,1.29879,102410000,1
1500617400000,1500617459000,1.29878,1.29882,1.29865,1.29866,76150000,1
1500617460000,1500617519000,1.2987,1.29877,1.29829,1.29832,253100000,1
1500617520000,1500617579000,1.29834,1.29836,1.29825,1.29829,98950000,1
1500617580000,1500617639000,1.29828,1.29836,1.29827,1.29828,96300000,1
1500617640000,1500617699000,1.29827,1.29855,1.29827,1.29855,133380000,1
1500617700000,1500617759000,1.29855,1.29866,1.29852,1.2986,122220000,1
1500617760000,1500617819000,1.2986,1.29871,1.29854,1.29866,120620000,1
1500617820000,1500617879000,1.29868,1.29888,1.29864,1.29884,104460000,1
1500617880000,1500617939000,1.29884,1.29933,1.29884,1.29929,129870000,1
1500617940000,1500617999000,1.29929,1.29937,1.29909,1.29924,165310000,1
1500618000000,1500618059000,1.29922,1.29979,1.29919,1.2993,175560000,1
1500618060000,1500618119000,1.2993,1.29946,1.29919,1.2992,122950000,1
1500618120000,1500618179000,1.2992,1.29929,1.29907,1.29907,108960000,1
1500618180000,1500618239000,1.2991,1.2991,1.29875,1.29877,91120000,1
1500618240000,1500618299000,1.29876,1.29884,1.29865,1.29877,148050000,1
1500618300000,1500618359000,1.29875,1.29881,1.29872,1.2988,102170000,1
1500618360000,1500618419000,1.29887,1.29923,1.29887,1.29919,170300000,1
1500618420000,1500618479000,1.29921,1.29963,1.29919,1.29951,196570000,1
1500618480000,1500618539000,1.2995,1.29957,1.29929,1.29946,170020000,1
1500618540000,1500618599000,1.29943,1.29944,1.29935,1.29939,103450000,1
1500618600000,1500618659000,1.29937,1.29938,1.29908,1.29909,203640000,1
1500618660000,1500618719000,1.2991,1.29918,1.29907,1.29908,92920000,1
1500618720000,1500618779000,1.29908,1.29915,1.29885,1.2989,169400000,1
1500618780000,1500618839000,1.2989,1.29891,1.2985,1.29853,218220000,1
1500618840000,1500618899000,1.29853,1.29873,1.29848,1.29872,150730000,1
1500618900000,1500618959000,1.29872,1.29879,1.29851,1.29864,121180000,1
1500618960000,1500619019000,1.29863,1.2989,1.29863,1.29882,75670000,1
1500619020000,1500619079000,1.29883,1.29932,1.29882,1.29915,105210000,1
1500619080000,1500619139000,1.29915,1.29924,1.29904,1.29907,95620000,1
1500619140000,1500619199000,1.29908,1.29908,1.29877,1.2988,99570000,1
1500619200000,1500619259000,1.29878,1.2991,1.29877,1.29882,232010000,1
1500619260000,1500619319000,1.29882,1.29882,1.29869,1.29869,93880000,1
1500619320000,1500619379000,1.29867,1.2988,1.29832,1.29833,246200000,1
1500619380000,1500619439000,1.29833,1.29833,1.29816,1.29827,114760000,1
1500619440000,1500619499000,1.29828,1.2983,1.29804,1.29814,150020000,1
1500619500000,1500619559000,1.29814,1.29863,1.29794,1.29862,244870000,1
1500619560000,1500619619000,1.29862,1.29863,1.29791,1.29817,345390000,1
1500619620000,1500619679000,1.29816,1.29817,1.29792,1.29808,200520000,1
1500619680000,1500619739000,1.29808,1.29813,1.29796,1.29808,94820000,1
1500619740000,1500619799000,1.29808,1.29859,1.29807,1.29857,221750000,1
1500619800000,1500619859000,1.29857,1.29888,1.29849,1.29863,179090000,1
1500619860000,1500619919000,1.29862,1.29868,1.29853,1.29865,231870000,1
1500619920000,1500619979000,1.29866,1.29917,1.29861,1.29902,267700000,1
1500619980000,1500620039000,1.29903,1.29937,1.299,1.29904,129980000,1
1500620040000,1500620099000,1.29904,1.29905,1.29858,1.29864,166300000,1
1500620100000,1500620159000,1.29869,1.29912,1.29868,1.29911,84620000,1
1500620160000,1500620219000,1.29912,1.29946,1.29911,1.29937,116450000,1
1500620220000,1500620279000,1.29937,1.29939,1.29922,1.29924,212900000,1
1500620280000,1500620339000,1.29925,1.29978,1.29922,1.29967,178140000,1
1500620340000,1500620399000,1.29967,1.29983,1.29963,1.29971,119460000,1
1500620400000,1500620459000,1.29974,1.29994,1.29963,1.29964,187540000,1
1500620460000,1500620519000,1.29965,1.29967,1.29958,1.29961,97440000,1
1500620520000,1500620579000,1.29962,1.29963,1.29942,1.29953,118010000,1
1500620580000,1500620639000,1.29952,1.2996,1.29942,1.2996,119290000,1
1500620640000,1500620699000,1.29965,1.29967,1.29937,1.29962,152660000,1
1500620700000,1500620759000,1.29962,1.29963,1.2994,1.29946,141480000,1
1500620760000,1500620819000,1.29947,1.29947,1.29923,1.29926,127860000,1
1500620820000,1500620879000,1.29926,1.29926,1.29875,1.29876,176320000,1
1500620880000,1500620939000,1.29876,1.29899,1.29865,1.29897,109210000,1
1500620940000,1500620999000,1.29897,1.29919,1.29897,1.29906,89200000,1
1500621000000,1500621059000,1.29905,1.29915,1.29888,1.29908,156650000,1
1500621060000,1500621119000,1.29908,1.29929,1.29896,1.29898,181170000,1
1500621120000,1500621179000,1.29898,1.29907,1.29895,1.29896,135540000,1
1500621180000,1500621239000,1.29895,1.29895,1.29839,1.29869,166750000,1
1500621240000,1500621299000,1.29869,1.29872,1.29858,1.29867,73290000,1
1500621300000,1500621359000,1.29869,1.29924,1.29869,1.29901,206210000,1
1500621360000,1500621419000,1.29901,1.29918,1.29896,1.29897,167050000,1
1500621420000,1500621479000,1.29901,1.29924,1.29896,1.29909,207210000,1
1500621480000,1500621539000,1.29908,1.29918,1.29907,1.29907,112380000,1
1500621540000,1500621599000,1.29907,1.29928,1.29905,1.29918,86700000,1
1500621600000,1500621659000,1.29917,1.29945,1.29917,1.29942,109350000,1
1500621660000,1500621719000,1.2994,1.29958,1.29938,1.29939,76470000,1
1500621720000,1500621779000,1.29939,1.29949,1.29918,1.29927,178860000,1
1500621780000,1500621839000,1.29926,1.29949,1.2992,1.29949,126820000,1
1500621840000,1500621899000,1.29947,1.29948,1.29912,1.29918,132920000,1
1500621900000,1500621959000,1.29918,1.29918,1.29907,1.29912,97940000,1
1500621960000,1500622019000,1.2991,1.29924,1.29906,1.29907,176720000,1
1500622020000,1500622079000,1.29907,1.29908,1.29813,1.29822,234480000,1
1500622080000,1500622139000,1.29821,1.29848,1.29811,1.2984,181750000,1
1500622140000,1500622199000,1.29837,1.29855,1.29836,1.29855,73100000,1
1500622200000,1500622259000,1.29852,1.29858,1.29839,1.29847,98700000,1
1500622260000,1500622319000,1.29847,1.29849,1.29844,1.29847,59590000,1
1500622320000,1500622379000,1.29849,1.29875,1.29845,1.2987,154310000,1
1500622380000,1500622439000,1.2987,1.29879,1.29866,1.29873,116020000,1
1500622440000,1500622499000,1.29873,1.29879,1.29853,1.29879,128120000,1
1500622500000,1500622559000,1.29879,1.29888,1.29872,1.29888,91960000,1
1500622560000,1500622619000,1.29887,1.29928,1.29887,1.29895,126570000,1
1500622620000,1500622679000,1.29894,1.299,1.2989,1.29896,92400000,1
1500622680000,1500622739000,1.29892,1.29909,1.29891,1.29907,49580000,1
1500622740000,1500622799000,1.29907,1.29909,1.29905,1.29906,69610000,1
1500622800000,1500622859000,1.29906,1.29915,1.29906,1.29907,130760000,1
1500622860000,1500622919000,1.29907,1.29909,1.299,1.29909,99150000,1
1500622920000,1500622979000,1.29908,1.29914,1.29894,1.29897,108160000,1
1500622980000,1500623039000,1.29898,1.29923,1.29898,1.29918,66990000,1
1500623040000,1500623099000,1.29917,1.29918,1.29903,1.29905,97090000,1
1500623100000,1500623159000,1.29905,1.29922,1.29903,1.2992,117000000,1
1500623160000,1500623219000,1.29918,1.29924,1.29896,1.29909,88260000,1
1500623220000,1500623279000,1.29909,1.2991,1.29897,1.29898,49370000,1
1500623280000,1500623339000,1.29899,1.29917,1.29899,1.29908,82030000,1
1500623340000,1500623399000,1.29907,1.29916,1.29901,1.29916,52800000,1
1500623400000,1500623459000,1.29915,1.29931,1.29915,1.2993,69970000,1
1500623460000,1500623519000,1.29926,1.29949,1.29922,1.2994,69240000,1
1500623520000,1500623579000,1.2994,1.29941,1.29927,1.2993,116160000,1
1500623580000,1500623639000,1.2993,1.29967,1.29928,1.29943,213420000,1
1500623640000,1500623699000,1.29941,1.29943,1.29938,1.2994,144590000,1
1500623700000,1500623759000,1.29939,1.29944,1.29926,1.29927,125460000,1
1500623760000,1500623819000,1.29928,1.29928,1.29906,1.29907,146310000,1
1500623820000,1500623879000,1.29907,1.29918,1.29907,1.29918,78130000,1
1500623880000,1500623939000,1.29918,1.29957,1.29917,1.29957,176640000,1
1500623940000,1500623999000,1.29957,1.29963,1.29948,1.2995,169380000,1
1500624000000,1500624059000,1.2995,1.29969,1.29949,1.29969,122790000,1
1500624060000,1500624119000,1.29969,1.3002,1.29965,1.29966,265310000,1
1500624120000,1500624179000,1.29965,1.29965,1.29914,1.29935,188280000,1
1500624180000,1500624239000,1.29938,1.29954,1.29937,1.29951,139920000,1
1500624240000,1500624299000,1.29951,1.29951,1.29917,1.29919,100290000,1
1500624300000,1500624359000,1.2992,1.29935,1.29844,1.29851,142350000,1
1500624360000,1500624419000,1.29852,1.29862,1.29839,1.29843,123770000,1
1500624420000,1500624479000,1.29844,1.29854,1.29844,1.29848,38000000,1
1500624480000,1500624539000,1.29848,1.2988,1.29848,1.2988,209350000,1
1500624540000,1500624599000,1.2988,1.29884,1.29869,1.29878,45110000,1
1500624600000,1500624659000,1.29874,1.29882,1.29874,1.2988,67460000,1
1500624660000,1500624719000,1.2988,1.29898,1.29876,1.29897,37870000,1
1500624720000,1500624779000,1.29894,1.29894,1.29877,1.29879,38500000,1
1500624780000,1500624839000,1.29879,1.29891,1.29878,1.29891,31490000,1
1500624840000,1500624899000,1.29892,1.2991,1.29892,1.29907,281030000,1
1500624900000,1500624959000,1.29904,1.29934,1.29904,1.29929,181800000,1
1500624960000,1500625019000,1.29927,1.29945,1.29925,1.29926,95940000,1
1500625020000,1500625079000,1.29944,1.29949,1.29931,1.29937,94680000,1
1500625080000,1500625139000,1.29937,1.29949,1.29932,1.29945,112190000,1
1500625140000,1500625199000,1.29947,1.29956,1.29934,1.29935,156600000,1
1500625200000,1500625259000,1.29935,1.29937,1.29933,1.29937,102000000,1
1500625260000,1500625319000,1.29935,1.29935,1.29928,1.29929,48310000,1
1500625320000,1500625379000,1.29929,1.29934,1.29927,1.29933,56120000,1
1500625380000,1500625439000,1.29934,1.2994,1.29931,1.29937,77830000,1
1500625440000,1500625499000,1.29937,1.29951,1.29936,1.29937,88960000,1
1500625500000,1500625559000,1.29934,1.29934,1.29917,1.29919,78690000,1
1500625560000,1500625619000,1.29919,1.2994,1.29919,1.29939,75790000,1
1500625620000,1500625679000,1.29936,1.29958,1.29936,1.29947,104180000,1
1500625680000,1500625739000,1.29947,1.29949,1.29936,1.29937,53200000,1
1500625740000,1500625799000,1.29939,1.29955,1.29936,1.29949,72620000,1
1500625800000,1500625859000,1.29948,1.29951,1.29942,1.29948,51430000,1
1500625860000,1500625919000,1.29948,1.2995,1.29944,1.29949,37990000,1
1500625920000,1500625979000,1.29951,1.29951,1.29944,1.29949,65840000,1
1500625980000,1500626039000,1.29949,1.29962,1.29949,1.29958,115430000,1
1500626040000,1500626099000,1.29958,1.29978,1.29957,1.29967,106290000,1
1500626100000,1500626159000,1.29967,1.29977,1.29967,1.29969,85370000,1
1500626160000,1500626219000,1.2997,1.29977,1.29967,1.29969,178400000,1
1500626220000,1500626279000,1.29968,1.29969,1.29963,1.29963,103420000,1
1500626280000,1500626339000,1.29966,1.29968,1.29947,1.29957,99450000,1
1500626340000,1500626399000,1.29958,1.29958,1.29947,1.29947,77760000,1
1500626400000,1500626459000,1.29953,1.2996,1.29953,1.29958,45090000,1
1500626460000,1500626519000,1.29957,1.2996,1.29956,1.29959,69740000,1
1500626520000,1500626579000,1.29958,1.29966,1.29954,1.29957,112090000,1
1500626580000,1500626639000,1.29958,1.29983,1.29955,1.29966,90090000,1
1500626640000,1500626699000,1.29966,1.2998,1.29965,1.29967,746390000,1
1500626700000,1500626759000,1.29966,1.29966,1.29952,1.29954,108640000,1
1500626760000,1500626819000,1.29956,1.29971,1.29954,1.29969,138460000,1
1500626820000,1500626879000,1.29969,1.29971,1.29964,1.29965,94830000,1
1500626880000,1500626939000,1.29965,1.29968,1.29963,1.29965,62540000,1
1500626940000,1500626999000,1.29965,1.29988,1.29965,1.29987,108700000,1
1500627000000,1500627059000,1.29988,1.29995,1.29975,1.29994,74420000,1
1500627060000,1500627119000,1.29995,1.30003,1.29987,1.29994,152030000,1
1500627120000,1500627179000,1.29994,1.29996,1.29967,1.29967,81600000,1
1500627180000,1500627239000,1.29967,1.29979,1.29957,1.29979,98990000,1
1500627240000,1500627299000,1.29978,1.29992,1.29978,1.29988,71360000,1
1500627300000,1500627359000,1.29989,1.29998,1.29987,1.29998,65170000,1
1500627360000,1500627419000,1.3,1.30013,1.29981,1.29981,132170000,1
1500627420000,1500627479000,1.29981,1.29988,1.29953,1.29956,145750000,1
1500627480000,1500627539000,1.29954,1.29957,1.29934,1.29935,79500000,1
1500627540000,1500627599000,1.29936,1.29938,1.29918,1.29925,87720000,1
1500627600000,1500627659000,1.29925,1.2994,1.29924,1.29933,63150000,1
1500627660000,1500627719000,1.29933,1.29933,1.29914,1.29926,170680000,1
1500627720000,1500627779000,1.29927,1.29934,1.29912,1.29921,141610000,1
1500627780000,1500627839000,1.29921,1.29942,1.29921,1.29928,93850000,1
1500627840000,1500627899000,1.29928,1.29957,1.29927,1.29957,129780000,1
1500627900000,1500627959000,1.29957,1.29978,1.29944,1.29954,147720000,1
1500627960000,1500628019000,1.29955,1.29965,1.29954,1.29959,104990000,1
1500628020000,1500628079000,1.29957,1.2996,1.29947,1.2996,55000000,1
1500628080000,1500628139000,1.2996,1.29981,1.29958,1.29981,96340000,1
1500628140000,1500628199000,1.29979,1.29993,1.29979,1.29993,189120000,1
1500628200000,1500628259000,1.29993,1.29994,1.29984,1.29989,61350000,1
1500628260000,1500628319000,1.29988,1.2999,1.29981,1.29983,27000000,1
1500628320000,1500628379000,1.29981,1.30005,1.29981,1.30003,59500000,1
1500628380000,1500628439000,1.30004,1.30048,1.30004,1.3002,141750000,1
1500628440000,1500628499000,1.30021,1.30049,1.30015,1.30038,128040000,1
1500628500000,1500628559000,1.30037,1.3004,1.29989,1.30009,142150000,1
1500628560000,1500628619000,1.30009,1.30019,1.30009,1.30013,126060000,1
1500628620000,1500628679000,1.30012,1.30018,1.29993,1.29994,140730000,1
1500628680000,1500628739000,1.29994,1.29999,1.2999,1.29991,67210000,1
1500628740000,1500628799000,1.29989,1.29989,1.29987,1.29989,23990000,1
1500628800000,1500628859000,1.29989,1.30009,1.29989,1.30008,47940000,1
1500628860000,1500628919000,1.30008,1.3002,1.30005,1.3002,88730000,1
1500628920000,1500628979000,1.30019,1.30039,1.30017,1.30028,161230000,1
1500628980000,1500629039000,1.30027,1.3005,1.30023,1.30028,104820000,1
1500629040000,1500629099000,1.30027,1.3004,1.30027,1.30036,89640000,1
1500629100000,1500629159000,1.30036,1.3004,1.30005,1.30008,137500000,1
1500629160000,1500629219000,1.30007,1.30018,1.30002,1.30018,88010000,1
1500629220000,1500629279000,1.30017,1.3002,1.30014,1.30019,74060000,1
1500629280000,1500629339000,1.3002,1.3004,1.30017,1.30038,88410000,1
1500629340000,1500629399000,1.30037,1.30038,1.30022,1.30023,105680000,1
1500629400000,1500629459000,1.30022,1.30079,1.30022,1.30073,207060000,1
1500629460000,1500629519000,1.30072,1.30072,1.30057,1.30063,173990000,1
1500629520000,1500629579000,1.30064,1.3007,1.30051,1.3007,141320000,1
1500629580000,1500629639000,1.30068,1.30072,1.30031,1.30037,124110000,1
1500629640000,1500629699000,1.30038,1.30038,1.29989,1.29989,127160000,1
1500629700000,1500629759000,1.29988,1.30006,1.29983,1.30003,112030000,1
1500629760000,1500629819000,1.30002,1.30008,1.2999,1.30006,131710000,1
1500629820000,1500629879000,1.30007,1.3002,1.30004,1.30006,159640000,1
1500629880000,1500629939000,1.30006,1.30047,1.30003,1.30043,223690000,1
1500629940000,1500629999000,1.30043,1.30047,1.30027,1.30036,119770000,1
1500630000000,1500630059000,1.30037,1.30069,1.30036,1.30061,108100000,1
1500630060000,1500630119000,1.30064,1.3007,1.30062,1.30069,67050000,1
1500630120000,1500630179000,1.30069,1.30079,1.30038,1.30054,171980000,1
1500630180000,1500630239000,1.30054,1.30056,1.3004,1.30052,92020000,1
1500630240000,1500630299000,1.30054,1.30076,1.3005,1.30062,155840000,1
1500630300000,1500630359000,1.30061,1.30064,1.30056,1.30058,70290000,1
1500630360000,1500630419000,1.30057,1.30061,1.30056,1.30058,49840000,1
1500630420000,1500630479000,1.30059,1.30078,1.30044,1.30077,112200000,1
1500630480000,1500630539000,1.30077,1.30078,1.30059,1.30077,130760000,1
1500630540000,1500630599000,1.30077,1.30078,1.30068,1.30078,125720000,1
1500630600000,1500630659000,1.30078,1.30085,1.30077,1.3008,144640000,1
1500630660000,1500630719000,1.3008,1.30084,1.30048,1.30058,150640000,1
1500630720000,1500630779000,1.30059,1.30061,1.30049,1.30056,92230000,1
1500630780000,1500630839000,1.30054,1.30058,1.30047,1.30047,123070000,1
1500630840000,1500630899000,1.30047,1.30055,1.30047,1.30053,59480000,1
1500630900000,1500630959000,1.30054,1.30057,1.30049,1.30055,114650000,1
1500630960000,1500631019000,1.30055,1.30076,1.30052,1.30076,79600000,1
1500631020000,1500631079000,1.30075,1.30086,1.3007,1.30086,64500000,1
1500631080000,1500631139000,1.30086,1.3009,1.30083,1.3009,86600000,1
1500631140000,1500631199000,1.30087,1.30097,1.30066,1.30068,100150000,1
1500631200000,1500631259000,1.3007,1.30082,1.30065,1.30079,95100000,1
1500631260000,1500631319000,1.30079,1.30094,1.30079,1.30094,59000000,1
1500631320000,1500631379000,1.30094,1.30098,1.30084,1.30091,74370000,1
1500631380000,1500631439000,1.30092,1.30097,1.30091,1.30096,54860000,1
1500631440000,1500631499000,1.30095,1.3011,1.3009,1.30093,146570000,1
1500631500000,1500631559000,1.30092,1.30101,1.30091,1.30099,79280000,1
1500631560000,1500631619000,1.30097,1.30099,1.30092,1.30092,28000000,1
1500631620000,1500631679000,1.30093,1.30174,1.30093,1.30174,231800000,1
1500631680000,1500631739000,1.30174,1.3019,1.30155,1.30156,135710000,1
1500631740000,1500631799000,1.30155,1.3016,1.3015,1.30156,153490000,1
1500631800000,1500631859000,1.30156,1.3017,1.30156,1.30168,102430000,1
1500631860000,1500631919000,1.30168,1.30195,1.30166,1.30184,136450000,1
1500631920000,1500631979000,1.30187,1.3019,1.30165,1.30166,123040000,1
1500631980000,1500632039000,1.30165,1.30166,1.30135,1.30135,157680000,1
1500632040000,1500632099000,1.30135,1.30153,1.30121,1.30147,125870000,1
1500632100000,1500632159000,1.30146,1.30146,1.30102,1.30103,97410000,1
1500632160000,1500632219000,1.30103,1.30121,1.30093,1.30103,134220000,1
1500632220000,1500632279000,1.30104,1.30125,1.30102,1.30116,96690000,1
1500632280000,1500632339000,1.30116,1.30144,1.30116,1.30137,140250000,1
1500632340000,1500632399000,1.30137,1.30141,1.30121,1.30139,126050000,1
1500632400000,1500632459000,1.3014,1.30153,1.30127,1.3015,83310000,1
1500632460000,1500632519000,1.30148,1.3015,1.30135,1.3014,70120000,1
1500632520000,1500632579000,1.30139,1.30139,1.30125,1.30134,127830000,1
1500632580000,1500632639000,1.30135,1.30159,1.30135,1.30148,119380000,1
1500632640000,1500632699000,1.30148,1.30162,1.30148,1.30162,66460000,1
1500632700000,1500632759000,1.30162,1.30172,1.30162,1.3017,48120000,1
1500632760000,1500632819000,1.30169,1.3017,1.30169,1.3017,24120000,1
1500632820000,1500632879000,1.3017,1.30171,1.30136,1.30136,128030000,1
1500632880000,1500632939000,1.30136,1.30146,1.30107,1.30122,147880000,1
1500632940000,1500632999000,1.30123,1.3013,1.30119,1.30129,101380000,1
1500633000000,1500633059000,1.30129,1.30138,1.30121,1.30138,63230000,1
1500633060000,1500633119000,1.30138,1.30151,1.30138,1.30139,107370000,1
1500633120000,1500633179000,1.30138,1.30153,1.30138,1.30144,64240000,1
1500633180000,1500633239000,1.30145,1.30148,1.30135,1.30138,54370000,1
1500633240000,1500633299000,1.30138,1.30141,1.30132,1.30132,62990000,1
1500633300000,1500633359000,1.30132,1.30142,1.30132,1.30139,145620000,1
1500633360000,1500633419000,1.30139,1.30193,1.30139,1.30181,323350000,1
1500633420000,1500633479000,1.30181,1.30192,1.30153,1.30163,282550000,1
1500633480000,1500633539000,1.30164,1.30181,1.30156,1.30156,96190000,1
1500633540000,1500633599000,1.30156,1.30156,1.30137,1.30137,137540000,1
1500633600000,1500633659000,1.30137,1.3014,1.30135,1.30138,81860000,1
1500633660000,1500633719000,1.30138,1.3014,1.30137,1.30137,74680000,1
1500633720000,1500633779000,1.30138,1.30138,1.30113,1.30118,159240000,1
1500633780000,1500633839000,1.30117,1.30136,1.30117,1.30132,93970000,1
1500633840000,1500633899000,1.30132,1.30135,1.30104,1.30104,88620000,1
1500633900000,1500633959000,1.30104,1.30124,1.30098,1.30103,138930000,1
1500633960000,1500634019000,1.30103,1.30103,1.30022,1.30022,206020000,1
1500634020000,1500634079000,1.30022,1.30029,1.30019,1.30024,110020000,1
1500634080000,1500634139000,1.30022,1.30022,1.29983,1.30005,137850000,1
1500634140000,1500634199000,1.30006,1.30007,1.29996,1.30001,36000000,1
1500634200000,1500634259000,1.30003,1.30003,1.29992,1.30003,58180000,1
1500634260000,1500634319000,1.3,1.3,1.29992,1.29993,36060000,1
1500634320000,1500634379000,1.29992,1.30013,1.29992,1.30008,59990000,1
1500634380000,1500634439000,1.30007,1.30007,1.29972,1.29976,111590000,1
1500634440000,1500634499000,1.29976,1.29977,1.29964,1.29977,91020000,1
1500634500000,1500634559000,1.29977,1.3002,1.29973,1.30011,125530000,1
1500634560000,1500634619000,1.30012,1.30023,1.30007,1.3001,154080000,1
1500634620000,1500634679000,1.3001,1.30026,1.30008,1.30026,147890000,1
1500634680000,1500634739000,1.30027,1.30028,1.30013,1.30024,134980000,1
1500634740000,1500634799000,1.30025,1.30039,1.30009,1.30012,122230000,1
1500634800000,1500634859000,1.30014,1.30044,1.30013,1.30044,151150000,1
1500634860000,1500634919000,1.3004,1.30086,1.3004,1.30069,128140000,1
1500634920000,1500634979000,1.30069,1.30079,1.30067,1.30075,70120000,1
1500634980000,1500635039000,1.30074,1.30099,1.30072,1.30099,69870000,1
1500635040000,1500635099000,1.30099,1.30107,1.3009,1.301,108330000,1
1500635100000,1500635159000,1.301,1.30129,1.30098,1.30128,92210000,1
1500635160000,1500635219000,1.30128,1.3014,1.30118,1.30123,76540000,1
1500635220000,1500635279000,1.30122,1.30122,1.30092,1.30102,141990000,1
1500635280000,1500635339000,1.30101,1.30108,1.30101,1.30103,96650000,1
1500635340000,1500635399000,1.30105,1.30129,1.30099,1.30128,128940000,1
1500635400000,1500635459000,1.30127,1.30128,1.30085,1.30087,161120000,1
1500635460000,1500635519000,1.30085,1.30097,1.3008,1.30081,65990000,1
1500635520000,1500635579000,1.3008,1.30093,1.3008,1.30086,68500000,1
1500635580000,1500635639000,1.3008,1.30086,1.30067,1.30077,93020000,1
1500635640000,1500635699000,1.30079,1.30095,1.30079,1.30091,122620000,1
1500635700000,1500635759000,1.30089,1.3009,1.3008,1.30086,78050000,1
1500635760000,1500635819000,1.30085,1.30104,1.30082,1.30103,34000000,1
1500635820000,1500635879000,1.30103,1.30109,1.30097,1.30097,71000000,1
1500635880000,1500635939000,1.30098,1.30102,1.30096,1.30096,34000000,1
1500635940000,1500635999000,1.30097,1.30098,1.30084,1.30085,49880000,1
1500636000000,1500636059000,1.30086,1.301,1.30086,1.30098,68860000,1
1500636060000,1500636119000,1.30098,1.30126,1.30098,1.30126,104900000,1
1500636120000,1500636179000,1.30125,1.30138,1.30117,1.30137,169890000,1
1500636180000,1500636239000,1.30137,1.30147,1.30135,1.30139,138210000,1
1500636240000,1500636299000,1.30139,1.30154,1.30127,1.30128,112480000,1
1500636300000,1500636359000,1.30129,1.30141,1.30118,1.30118,110270000,1
1500636360000,1500636419000,1.30119,1.30119,1.30105,1.30105,76330000,1
1500636420000,1500636479000,1.30105,1.30108,1.30096,1.30096,72490000,1
1500636480000,1500636539000,1.30096,1.30096,1.30075,1.30086,56500000,1
1500636540000,1500636599000,1.30087,1.30088,1.30058,1.30067,65240000,1
1500636600000,1500636659000,1.30066,1.30079,1.30058,1.30068,148700000,1
1500636660000,1500636719000,1.30067,1.30067,1.3005,1.30052,51850000,1
1500636720000,1500636779000,1.30052,1.30061,1.30047,1.30053,111100000,1
1500636780000,1500636839000,1.30052,1.30056,1.30042,1.30054,129600000,1
1500636840000,1500636899000,1.30055,1.30056,1.30052,1.30056,31970000,1
1500636900000,1500636959000,1.30055,1.30082,1.30055,1.30081,71850000,1
1500636960000,1500637019000,1.30081,1.30086,1.30072,1.30077,66830000,1
1500637020000,1500637079000,1.30077,1.30086,1.30077,1.30083,73620000,1
1500637080000,1500637139000,1.30083,1.30091,1.30081,1.3009,52620000,1
1500637140000,1500637199000,1.30089,1.30091,1.30085,1.30086,31480000,1
1500637200000,1500637259000,1.30084,1.30084,1.30077,1.30082,65610000,1
1500637260000,1500637319000,1.30082,1.30084,1.30079,1.30082,55800000,1
1500637320000,1500637379000,1.30082,1.30089,1.30065,1.30065,84250000,1
1500637380000,1500637439000,1.30065,1.30066,1.30032,1.30036,92940000,1
1500637440000,1500637499000,1.30035,1.30046,1.30029,1.3003,114590000,1
1500637500000,1500637559000,1.30029,1.3003,1.30016,1.30018,108970000,1
1500637560000,1500637619000,1.30022,1.30032,1.30005,1.30016,189930000,1
1500637620000,1500637679000,1.30015,1.30018,1.30004,1.30006,118940000,1
1500637680000,1500637739000,1.30006,1.30014,1.29991,1.29991,86160000,1
1500637740000,1500637799000,1.29991,1.29999,1.29984,1.2999,198960000,1
1500637800000,1500637859000,1.29992,1.29992,1.29982,1.29987,83300000,1
1500637860000,1500637919000,1.29983,1.29996,1.29979,1.2998,87400000,1
1500637920000,1500637979000,1.29981,1.29982,1.2997,1.2997,95100000,1
1500637980000,1500638039000,1.2997,1.2998,1.29956,1.29962,102210000,1
1500638040000,1500638099000,1.29961,1.29964,1.29957,1.29963,98290000,1
1500638100000,1500638159000,1.29963,1.29975,1.29963,1.29973,118620000,1
1500638160000,1500638219000,1.29973,1.29979,1.2997,1.29973,100060000,1
1500638220000,1500638279000,1.29977,1.29977,1.29967,1.29972,121800000,1
1500638280000,1500638339000,1.29971,1.29977,1.2997,1.29974,60090000,1
1500638340000,1500638399000,1.29974,1.29983,1.29955,1.29964,140460000,1
1500638400000,1500638459000,1.29964,1.29985,1.29964,1.29973,81180000,1
1500638460000,1500638519000,1.29973,1.29973,1.29926,1.29926,151620000,1
1500638520000,1500638579000,1.29925,1.29933,1.29915,1.29927,70920000,1
1500638580000,1500638639000,1.29928,1.29958,1.29926,1.29935,466570000,1
1500638640000,1500638699000,1.29935,1.29942,1.29929,1.29939,189800000,1
1500638700000,1500638759000,1.29939,1.29939,1.2992,1.2992,25370000,1
1500638760000,1500638819000,1.29921,1.29927,1.29913,1.29913,56410000,1
1500638820000,1500638879000,1.29914,1.29916,1.29907,1.29915,111940000,1
1500638880000,1500638939000,1.29915,1.29925,1.29915,1.29924,36120000,1
1500638940000,1500638999000,1.29924,1.29924,1.29916,1.29917,77010000,1
1500639000000,1500639059000,1.29918,1.2992,1.29907,1.29913,73260000,1
1500639060000,1500639119000,1.29913,1.29921,1.29907,1.29916,52900000,1
1500639120000,1500639179000,1.29913,1.29922,1.29906,1.29922,105090000,1
1500639180000,1500639239000,1.29921,1.29926,1.29917,1.29919,60970000,1
1500639240000,1500639299000,1.29919,1.29928,1.29919,1.29928,73680000,1
1500639300000,1500639359000,1.29928,1.29934,1.29927,1.29929,32750000,1
1500639360000,1500639419000,1.29927,1.29929,1.29924,1.29925,40750000,1
1500639420000,1500639479000,1.29925,1.29927,1.29924,1.29927,114430000,1
1500639480000,1500639539000,1.29924,1.29938,1.29924,1.29936,42560000,1
1500639540000,1500639599000,1.29936,1.29939,1.29935,1.29937,114360000,1
1500639600000,1500639659000,1.29938,1.29948,1.29929,1.29948,149260000,1
1500639660000,1500639719000,1.29948,1.29971,1.29947,1.29971,117000000,1
1500639720000,1500639779000,1.29972,1.29982,1.29942,1.29951,63860000,1
1500639780000,1500639839000,1.29952,1.29964,1.29951,1.29951,32370000,1
1500639840000,1500639899000,1.29951,1.29951,1.29938,1.29938,40120000,1
1500639900000,1500639959000,1.29939,1.29943,1.29929,1.29938,56500000,1
1500639960000,1500640019000,1.29937,1.29938,1.29924,1.29929,72730000,1
1500640020000,1500640079000,1.29929,1.2993,1.2992,1.29928,61180000,1
1500640080000,1500640139000,1.29928,1.29938,1.29928,1.29932,61670000,1
1500640140000,1500640199000,1.29932,1.29938,1.29929,1.29938,49740000,1
1500640200000,1500640259000,1.29942,1.29971,1.29939,1.29964,117080000,1
1500640260000,1500640319000,1.29964,1.29972,1.29962,1.29966,58840000,1
1500640320000,1500640379000,1.29966,1.29992,1.29966,1.29991,112910000,1
1500640380000,1500640439000,1.29991,1.30019,1.29988,1.30006,97160000,1
1500640440000,1500640499000,1.30006,1.30023,1.30004,1.30021,38060000,1
1500640500000,1500640559000,1.3002,1.30078,1.30019,1.30062,275040000,1
1500640560000,1500640619000,1.30065,1.30068,1.30037,1.30038,133970000,1
1500640620000,1500640679000,1.30038,1.30038,1.29983,1.29986,141520000,1
1500640680000,1500640739000,1.29987,1.29987,1.29946,1.29954,130310000,1
1500640740000,1500640799000,1.29955,1.29966,1.29952,1.29958,76070000,1
1500640800000,1500640859000,1.29958,1.2997,1.29954,1.2997,35740000,1
1500640860000,1500640919000,1.2997,1.29987,1.2997,1.29983,80650000,1
1500640920000,1500640979000,1.29983,1.29989,1.29977,1.29986,52550000,1
1500640980000,1500641039000,1.29987,1.29987,1.29974,1.29984,75510000,1
1500641040000,1500641099000,1.29983,1.29989,1.29977,1.29981,90690000,1
1500641100000,1500641159000,1.29981,1.29996,1.29981,1.29989,121670000,1
1500641160000,1500641219000,1.29991,1.29998,1.29986,1.29995,85280000,1
1500641220000,1500641279000,1.29995,1.30017,1.29995,1.30011,142750000,1
1500641280000,1500641339000,1.30013,1.30029,1.30004,1.30026,99560000,1
1500641340000,1500641399000,1.30026,1.30028,1.30019,1.30026,92850000,1
1500641400000,1500641459000,1.30026,1.30035,1.30015,1.30017,87210000,1
1500641460000,1500641519000,1.30017,1.30018,1.29994,1.29995,62110000,1
1500641520000,1500641579000,1.29995,1.30014,1.29995,1.30012,133800000,1
1500641580000,1500641639000,1.30012,1.30016,1.30003,1.30005,106850000,1
1500641640000,1500641699000,1.30006,1.30016,1.30004,1.30012,102700000,1
1500641700000,1500641759000,1.30013,1.30013,1.3,1.30005,102960000,1
1500641760000,1500641819000,1.30005,1.30005,1.2995,1.29953,174940000,1
1500641820000,1500641879000,1.29953,1.29958,1.29934,1.29957,136630000,1
1500641880000,1500641939000,1.29959,1.29969,1.29946,1.29958,91610000,1
1500641940000,1500641999000,1.29956,1.29967,1.29944,1.29944,108230000,1
1500642000000,1500642059000,1.29947,1.29977,1.29947,1.2997,135420000,1
1500642060000,1500642119000,1.2997,1.29981,1.29966,1.2998,82610000,1
1500642120000,1500642179000,1.29979,1.2998,1.29958,1.29958,67190000,1
1500642180000,1500642239000,1.29958,1.29965,1.29957,1.29962,88130000,1
1500642240000,1500642299000,1.29962,1.29965,1.29958,1.29958,115240000,1
1500642300000,1500642359000,1.2996,1.29968,1.29955,1.29967,87310000,1
1500642360000,1500642419000,1.29967,1.29977,1.29959,1.29976,78730000,1
1500642420000,1500642479000,1.29976,1.29987,1.29976,1.29979,87260000,1
1500642480000,1500642539000,1.29982,1.29995,1.29949,1.29952,161100000,1
1500642540000,1500642599000,1.29951,1.29956,1.29933,1.29935,204140000,1
1500642600000,1500642659000,1.29935,1.29946,1.29929,1.29946,121410000,1
1500642660000,1500642719000,1.29945,1.29955,1.29945,1.29954,82380000,1
1500642720000,1500642779000,1.29954,1.29978,1.29953,1.29954,132970000,1
1500642780000,1500642839000,1.29953,1.29954,1.2994,1.2995,102240000,1
1500642840000,1500642899000,1.2995,1.29955,1.29945,1.29948,73300000,1
1500642900000,1500642959000,1.29946,1.29989,1.29939,1.29975,138190000,1
1500642960000,1500643019000,1.29975,1.29978,1.29967,1.29977,49180000,1
1500643020000,1500643079000,1.29978,1.29978,1.29965,1.2997,109720000,1
1500643080000,1500643139000,1.29972,1.29997,1.29972,1.29994,98040000,1
1500643140000,1500643199000,1.29994,1.30017,1.29992,1.29994,139170000,1
1500643200000,1500643259000,1.29993,1.29999,1.29988,1.29999,116680000,1
1500643260000,1500643319000,1.29999,1.29999,1.29945,1.29956,87590000,1
1500643320000,1500643379000,1.29956,1.29978,1.2995,1.29976,67070000,1
1500643380000,1500643439000,1.29977,1.29977,1.2996,1.29963,76120000,1
1500643440000,1500643499000,1.29963,1.2998,1.29962,1.29975,88650000,1
1500643500000,1500643559000,1.29973,1.29975,1.29964,1.29966,74110000,1
1500643560000,1500643619000,1.29965,1.29989,1.29965,1.29989,46760000,1
1500643620000,1500643679000,1.29989,1.3,1.29975,1.29976,61430000,1
1500643680000,1500643739000,1.29977,1.29979,1.29922,1.29926,161970000,1
1500643740000,1500643799000,1.29925,1.29934,1.29922,1.29923,114780000,1
1500643800000,1500643859000,1.29925,1.29927,1.29896,1.29905,124490000,1
1500643860000,1500643919000,1.29907,1.29921,1.299,1.29921,71950000,1
1500643920000,1500643979000,1.29918,1.29936,1.29918,1.29935,107350000,1
1500643980000,1500644039000,1.29936,1.29939,1.29926,1.29934,92220000,1
1500644040000,1500644099000,1.29933,1.29937,1.29894,1.29897,191680000,1
1500644100000,1500644159000,1.29897,1.29897,1.29836,1.29836,147960000,1
1500644160000,1500644219000,1.29836,1.29865,1.29831,1.29843,205090000,1
1500644220000,1500644279000,1.29845,1.29851,1.29835,1.29835,95740000,1
1500644280000,1500644339000,1.29835,1.29843,1.29744,1.29778,212490000,1
1500644340000,1500644399000,1.29777,1.29803,1.2977,1.29777,167910000,1
1500644400000,1500644459000,1.29777,1.29798,1.29747,1.29783,105930000,1
1500644460000,1500644519000,1.29785,1.29791,1.29781,1.2979,167830000,1
1500644520000,1500644579000,1.29793,1.29802,1.29788,1.29792,98470000,1
1500644580000,1500644639000,1.29791,1.2981,1.29768,1.29768,97620000,1
1500644640000,1500644699000,1.29768,1.29773,1.29744,1.29744,141070000,1
1500644700000,1500644759000,1.29745,1.29769,1.29735,1.29759,78560000,1
1500644760000,1500644819000,1.29763,1.29778,1.29727,1.29727,143500000,1
1500644820000,1500644879000,1.29728,1.29768,1.29727,1.2976,111860000,1
1500644880000,1500644939000,1.29759,1.29759,1.29727,1.29754,96160000,1
1500644940000,1500644999000,1.29753,1.29768,1.2975,1.29758,80350000,1
1500645000000,1500645059000,1.29759,1.29765,1.29751,1.29761,90390000,1
1500645060000,1500645119000,1.2976,1.298,1.2976,1.298,124870000,1
1500645120000,1500645179000,1.29801,1.29802,1.29776,1.29778,60930000,1
1500645180000,1500645239000,1.2978,1.29781,1.29749,1.29758,105360000,1
1500645240000,1500645299000,1.29759,1.29789,1.29759,1.29788,101400000,1
1500645300000,1500645359000,1.29788,1.29819,1.29788,1.29819,114580000,1
1500645360000,1500645419000,1.29825,1.2985,1.29818,1.2983,126300000,1
1500645420000,1500645479000,1.2983,1.29832,1.2982,1.29829,95790000,1
1500645480000,1500645539000,1.29824,1.29846,1.29819,1.29842,118510000,1
1500645540000,1500645599000,1.29843,1.29851,1.29742,1.29743,217890000,1
1500645600000,1500645659000,1.29725,1.29767,1.29724,1.29765,231060000,1
1500645660000,1500645719000,1.29765,1.29802,1.29765,1.29802,168590000,1
1500645720000,1500645779000,1.29802,1.29826,1.29787,1.29807,247260000,1
1500645780000,1500645839000,1.29806,1.29827,1.29802,1.29825,95470000,1
1500645840000,1500645899000,1.29825,1.29825,1.29797,1.29817,106910000,1
1500645900000,1500645959000,1.29816,1.29816,1.2979,1.29798,122110000,1
1500645960000,1500646019000,1.29799,1.29799,1.29791,1.29795,45860000,1
1500646020000,1500646079000,1.29795,1.29809,1.29788,1.29809,79510000,1
1500646080000,1500646139000,1.29808,1.29841,1.29808,1.29841,54490000,1
1500646140000,1500646199000,1.29842,1.29848,1.29838,1.29841,66860000,1
1500646200000,1500646259000,1.29845,1.29866,1.29842,1.29861,107410000,1
1500646260000,1500646319000,1.29862,1.2988,1.29849,1.29869,430160000,1
1500646320000,1500646379000,1.29868,1.29868,1.29847,1.29848,86910000,1
1500646380000,1500646439000,1.29857,1.29885,1.29847,1.29857,108110000,1
1500646440000,1500646499000,1.29858,1.29858,1.29792,1.29792,139010000,1
1500646500000,1500646559000,1.29792,1.29843,1.29792,1.29843,111810000,1
1500646560000,1500646619000,1.29842,1.29848,1.29839,1.29844,135430000,1
1500646620000,1500646679000,1.29843,1.29852,1.29838,1.29842,134890000,1
1500646680000,1500646739000,1.29832,1.29832,1.29784,1.29784,159130000,1
1500646740000,1500646799000,1.29786,1.29797,1.29775,1.29786,90890000,1
1500646800000,1500646859000,1.29786,1.29851,1.29786,1.2985,110640000,1
1500646860000,1500646919000,1.2985,1.29866,1.29838,1.29857,208320000,1
1500646920000,1500646979000,1.29858,1.29869,1.29848,1.29868,111020000,1
1500646980000,1500647039000,1.29868,1.29873,1.29847,1.29847,112780000,1
1500647040000,1500647099000,1.29848,1.29869,1.29847,1.29869,73030000,1
1500647100000,1500647159000,1.29869,1.29878,1.2986,1.29869,130940000,1
1500647160000,1500647219000,1.29869,1.29869,1.29857,1.29866,107630000,1
1500647220000,1500647279000,1.29867,1.29867,1.29845,1.29847,117630000,1
1500647280000,1500647339000,1.29847,1.29848,1.29827,1.29834,82780000,1
1500647340000,1500647399000,1.29834,1.29848,1.29824,1.29824,136930000,1
1500647400000,1500647459000,1.29824,1.29833,1.29809,1.29832,117060000,1
1500647460000,1500647519000,1.29834,1.29845,1.29824,1.29826,112660000,1
1500647520000,1500647579000,1.29827,1.29864,1.29826,1.29857,136600000,1
1500647580000,1500647639000,1.29857,1.2986,1.29847,1.29858,54690000,1
1500647640000,1500647699000,1.29856,1.29888,1.29846,1.29876,144850000,1
1500647700000,1500647759000,1.29875,1.29876,1.29837,1.29846,157200000,1
1500647760000,1500647819000,1.29848,1.29867,1.29834,1.29856,134530000,1
1500647820000,1500647879000,1.29855,1.29878,1.29848,1.29874,188600000,1
1500647880000,1500647939000,1.29874,1.29923,1.29874,1.29908,100320000,1
1500647940000,1500647999000,1.29907,1.29913,1.29856,1.29867,130830000,1
1500648000000,1500648059000,1.29867,1.29876,1.29847,1.2986,131460000,1
1500648060000,1500648119000,1.2986,1.2987,1.29849,1.2986,100170000,1
1500648120000,1500648179000,1.29864,1.29878,1.29864,1.29878,84300000,1
1500648180000,1500648239000,1.2988,1.29891,1.2988,1.29889,85250000,1
1500648240000,1500648299000,1.29889,1.29902,1.29888,1.29901,110470000,1
1500648300000,1500648359000,1.29902,1.29929,1.29902,1.29927,108500000,1
1500648360000,1500648419000,1.29927,1.29943,1.29919,1.2992,123900000,1
1500648420000,1500648479000,1.2992,1.29949,1.29916,1.29918,203430000,1
1500648480000,1500648539000,1.29918,1.29938,1.29918,1.29928,89280000,1
1500648540000,1500648599000,1.29927,1.29928,1.29887,1.29894,95210000,1
1500648600000,1500648659000,1.29894,1.29897,1.29879,1.29883,143500000,1
1500648660000,1500648719000,1.29884,1.2989,1.29866,1.29885,130140000,1
1500648720000,1500648779000,1.29886,1.29898,1.29877,1.29885,100200000,1
1500648780000,1500648839000,1.29889,1.29893,1.29851,1.29853,179860000,1
1500648840000,1500648899000,1.29854,1.29854,1.29814,1.29835,196670000,1
1500648900000,1500648959000,1.29836,1.29856,1.29823,1.29851,189950000,1
1500648960000,1500649019000,1.29851,1.29887,1.29851,1.29878,116840000,1
1500649020000,1500649079000,1.29878,1.29929,1.29859,1.29909,247960000,1
1500649080000,1500649139000,1.29911,1.29943,1.29877,1.29892,282420000,1
1500649140000,1500649199000,1.2989,1.29909,1.29878,1.29888,319220000,1
1500649200000,1500649259000,1.29888,1.2991,1.29888,1.29906,242040000,1
1500649260000,1500649319000,1.29905,1.29905,1.29833,1.29863,227850000,1
1500649320000,1500649379000,1.29863,1.29875,1.29837,1.29858,171540000,1
1500649380000,1500649439000,1.29857,1.29858,1.29814,1.29829,140300000,1
1500649440000,1500649499000,1.29829,1.29843,1.29825,1.29835,105720000,1
1500649500000,1500649559000,1.29833,1.29834,1.29805,1.29806,124140000,1
1500649560000,1500649619000,1.29806,1.29806,1.29764,1.29773,151370000,1
1500649620000,1500649679000,1.29771,1.29771,1.29715,1.29727,315740000,1
1500649680000,1500649739000,1.29727,1.29738,1.29714,1.29722,162060000,1
1500649740000,1500649799000,1.29722,1.29726,1.2969,1.29695,115480000,1
1500649800000,1500649859000,1.29695,1.29701,1.29676,1.29693,121450000,1
1500649860000,1500649919000,1.29694,1.29747,1.29694,1.29747,82650000,1
1500649920000,1500649979000,1.29747,1.29757,1.29735,1.29736,54200000,1
1500649980000,1500650039000,1.29735,1.2976,1.29735,1.2976,112910000,1
1500650040000,1500650099000,1.29763,1.29784,1.29758,1.29778,110970000,1
1500650100000,1500650159000,1.29777,1.29779,1.29764,1.29765,82040000,1
1500650160000,1500650219000,1.29764,1.29768,1.29745,1.29758,51580000,1
1500650220000,1500650279000,1.29757,1.29762,1.29737,1.29738,48950000,1
1500650280000,1500650339000,1.29737,1.29738,1.29726,1.29726,86240000,1
1500650340000,1500650399000,1.29725,1.29727,1.29653,1.29656,147760000,1
1500650400000,1500650459000,1.29656,1.29666,1.2961,1.29614,261210000,1
1500650460000,1500650519000,1.29614,1.2962,1.29605,1.29608,177290000,1
1500650520000,1500650579000,1.29608,1.29616,1.29595,1.29606,114650000,1
1500650580000,1500650639000,1.29605,1.29653,1.29605,1.29648,74590000,1
1500650640000,1500650699000,1.29649,1.29659,1.29631,1.29638,69490000,1
1500650700000,1500650759000,1.29638,1.29669,1.29638,1.29649,100230000,1
1500650760000,1500650819000,1.29648,1.29661,1.29615,1.29647,158440000,1
1500650820000,1500650879000,1.29647,1.29667,1.29639,1.29649,138240000,1
1500650880000,1500650939000,1.29649,1.29658,1.29645,1.29657,74940000,1
1500650940000,1500650999000,1.29658,1.29658,1.29615,1.29617,158940000,1
1500651000000,1500651059000,1.29616,1.29636,1.29591,1.29597,117920000,1
1500651060000,1500651119000,1.29596,1.29623,1.29595,1.29622,120020000,1
1500651120000,1500651179000,1.29622,1.29657,1.29619,1.29657,139170000,1
1500651180000,1500651239000,1.2966,1.29663,1.29626,1.29657,107000000,1
1500651240000,1500651299000,1.29657,1.29664,1.29646,1.29657,94410000,1
1500651300000,1500651359000,1.29657,1.29667,1.29656,1.29667,54400000,1
1500651360000,1500651419000,1.29667,1.29678,1.29666,1.29678,47260000,1
1500651420000,1500651479000,1.29678,1.29678,1.29668,1.29668,82870000,1
1500651480000,1500651539000,1.29669,1.29669,1.29655,1.29655,73930000,1
1500651540000,1500651599000,1.29656,1.29667,1.2964,1.29644,90530000,1
1500651600000,1500651659000,1.29645,1.2965,1.29643,1.29645,54230000,1
1500651660000,1500651719000,1.29645,1.2966,1.29645,1.2966,35080000,1
1500651720000,1500651779000,1.29659,1.29664,1.29637,1.29646,122220000,1
1500651780000,1500651839000,1.29647,1.29667,1.29638,1.29667,55280000,1
1500651840000,1500651899000,1.29667,1.29675,1.29636,1.29649,181790000,1
1500651900000,1500651959000,1.29649,1.29649,1.29635,1.29635,125900000,1
1500651960000,1500652019000,1.29635,1.29642,1.29628,1.29633,123760000,1
1500652020000,1500652079000,1.29634,1.29669,1.29634,1.29666,84350000,1
1500652080000,1500652139000,1.29663,1.29668,1.29663,1.29665,33840000,1
1500652140000,1500652199000,1.29665,1.29667,1.2964,1.29651,145840000,1
1500652200000,1500652259000,1.29651,1.29669,1.29647,1.29647,112570000,1
1500652260000,1500652319000,1.29647,1.29652,1.29646,1.29646,57870000,1
1500652320000,1500652379000,1.29646,1.29646,1.29644,1.29645,18480000,1
1500652380000,1500652439000,1.29646,1.29646,1.29616,1.29617,69670000,1
1500652440000,1500652499000,1.29616,1.29631,1.29616,1.29625,34000000,1
1500652500000,1500652559000,1.29625,1.29653,1.29625,1.2965,120370000,1
1500652560000,1500652619000,1.29651,1.2966,1.29646,1.29651,124800000,1
1500652620000,1500652679000,1.29652,1.2966,1.29648,1.29659,79530000,1
1500652680000,1500652739000,1.29658,1.29666,1.29655,1.29659,66820000,1
1500652740000,1500652799000,1.29659,1.29682,1.29659,1.29673,93210000,1
1500652800000,1500652859000,1.29671,1.29672,1.29659,1.29666,110930000,1
1500652860000,1500652919000,1.29667,1.29681,1.29667,1.29678,149900000,1
1500652920000,1500652979000,1.29678,1.29678,1.29664,1.29667,122860000,1
1500652980000,1500653039000,1.29665,1.29684,1.29665,1.29679,61930000,1
1500653040000,1500653099000,1.2968,1.29682,1.29671,1.29675,103320000,1
1500653100000,1500653159000,1.29676,1.29689,1.29676,1.29687,87080000,1
1500653160000,1500653219000,1.29687,1.29699,1.29687,1.29697,78760000,1
1500653220000,1500653279000,1.29697,1.29712,1.29697,1.29697,138530000,1
1500653280000,1500653339000,1.29697,1.29697,1.29657,1.29657,135810000,1
1500653340000,1500653399000,1.29658,1.29658,1.29648,1.29656,90440000,1
1500653400000,1500653459000,1.29657,1.29659,1.29653,1.29658,51220000,1
1500653460000,1500653519000,1.29657,1.29666,1.29657,1.29657,43740000,1
1500653520000,1500653579000,1.29657,1.29678,1.29652,1.29677,88510000,1
1500653580000,1500653639000,1.29678,1.29678,1.29677,1.29678,58250000,1
1500653640000,1500653699000,1.29678,1.29693,1.29677,1.29687,100940000,1
1500653700000,1500653759000,1.29688,1.29689,1.29672,1.29672,54130000,1
1500653760000,1500653819000,1.29673,1.29679,1.29669,1.29679,82190000,1
1500653820000,1500653879000,1.29678,1.29691,1.29667,1.29688,69970000,1
1500653880000,1500653939000,1.29687,1.29689,1.29678,1.29678,88110000,1
1500653940000,1500653999000,1.2968,1.29718,1.29677,1.29708,122140000,1
1500654000000,1500654059000,1.29709,1.29721,1.29708,1.29718,82290000,1
1500654060000,1500654119000,1.29718,1.29733,1.29717,1.29719,105160000,1
1500654120000,1500654179000,1.29721,1.29721,1.29716,1.29718,83810000,1
1500654180000,1500654239000,1.29718,1.29732,1.29718,1.2973,66860000,1
1500654240000,1500654299000,1.29729,1.29738,1.29729,1.29729,85080000,1
1500654300000,1500654359000,1.29729,1.29731,1.29707,1.29707,37920000,1
1500654360000,1500654419000,1.29708,1.29708,1.29694,1.29698,42620000,1
1500654420000,1500654479000,1.29699,1.29704,1.29697,1.29697,62560000,1
1500654480000,1500654539000,1.29698,1.29709,1.29697,1.29703,38480000,1
1500654540000,1500654599000,1.29703,1.29729,1.29702,1.29724,106640000,1
1500654600000,1500654659000,1.29723,1.29737,1.29723,1.29737,59960000,1
1500654660000,1500654719000,1.29737,1.29773,1.29737,1.29772,52620000,1
1500654720000,1500654779000,1.29773,1.29773,1.29727,1.29727,125180000,1
1500654780000,1500654839000,1.29724,1.29759,1.29717,1.29739,184550000,1
1500654840000,1500654899000,1.29738,1.29759,1.29738,1.29747,105490000,1
1500654900000,1500654959000,1.29748,1.2975,1.29723,1.29727,79440000,1
1500654960000,1500655019000,1.29727,1.29757,1.29727,1.29749,102160000,1
1500655020000,1500655079000,1.29752,1.29764,1.29751,1.29759,87450000,1
1500655080000,1500655139000,1.29759,1.29766,1.29742,1.29745,89210000,1
1500655140000,1500655199000,1.29744,1.29747,1.29744,1.29747,19750000,1
1500655200000,1500655259000,1.29748,1.29768,1.29747,1.29763,53870000,1
1500655260000,1500655319000,1.29762,1.29803,1.29746,1.29759,111300000,1
1500655320000,1500655379000,1.2976,1.29771,1.29758,1.29768,52670000,1
1500655380000,1500655439000,1.29768,1.29793,1.29768,1.29788,51400000,1
1500655440000,1500655499000,1.29788,1.29831,1.29783,1.29831,152590000,1
1500655500000,1500655559000,1.2983,1.2983,1.29792,1.29796,142520000,1
1500655560000,1500655619000,1.29796,1.29799,1.29795,1.29797,37580000,1
1500655620000,1500655679000,1.29797,1.29809,1.29797,1.29808,92700000,1
1500655680000,1500655739000,1.29808,1.29818,1.29806,1.29807,173880000,1
1500655740000,1500655799000,1.29806,1.29816,1.29806,1.29808,80430000,1
1500655800000,1500655859000,1.29808,1.29818,1.29807,1.29818,101080000,1
1500655860000,1500655919000,1.29818,1.29822,1.29817,1.2982,21610000,1
1500655920000,1500655979000,1.2982,1.29821,1.29818,1.29821,16250000,1
1500655980000,1500656039000,1.2982,1.29821,1.29817,1.29818,40850000,1
1500656040000,1500656099000,1.29817,1.29821,1.29817,1.29821,48470000,1
1500656100000,1500656159000,1.2982,1.2982,1.29775,1.29777,184760000,1
1500656160000,1500656219000,1.29778,1.29787,1.29776,1.29776,72350000,1
1500656220000,1500656279000,1.29776,1.29776,1.29747,1.29747,126370000,1
1500656280000,1500656339000,1.29747,1.29768,1.29737,1.29768,179770000,1
1500656340000,1500656399000,1.29767,1.29788,1.29767,1.29785,128970000,1
1500656400000,1500656459000,1.29784,1.29808,1.29774,1.29807,115150000,1
1500656460000,1500656519000,1.29808,1.29816,1.29797,1.29808,78980000,1
1500656520000,1500656579000,1.29808,1.29821,1.29808,1.29808,74170000,1
1500656580000,1500656639000,1.29808,1.29811,1.29807,1.2981,43620000,1
1500656640000,1500656699000,1.29811,1.29819,1.29807,1.29818,94750000,1
1500656700000,1500656759000,1.29818,1.29842,1.29818,1.29841,65620000,1
1500656760000,1500656819000,1.2984,1.29842,1.2981,1.29822,78720000,1
1500656820000,1500656879000,1.29823,1.29848,1.29818,1.29848,44180000,1
1500656880000,1500656939000,1.29847,1.29848,1.29826,1.29826,113180000,1
1500656940000,1500656999000,1.29826,1.29832,1.29818,1.29831,81880000,1
1500657000000,1500657059000,1.29832,1.29832,1.29817,1.29817,38480000,1
1500657060000,1500657119000,1.29817,1.29846,1.29817,1.29845,75310000,1
1500657120000,1500657179000,1.29845,1.29847,1.2984,1.29841,36580000,1
1500657180000,1500657239000,1.2984,1.29874,1.29838,1.29866,131790000,1
1500657240000,1500657299000,1.29866,1.29867,1.29855,1.29858,19620000,1
1500657300000,1500657359000,1.29858,1.29861,1.29858,1.2986,24870000,1
1500657360000,1500657419000,1.29866,1.29898,1.29866,1.29891,31790000,1
1500657420000,1500657479000,1.29891,1.29896,1.2988,1.29896,109450000,1
1500657480000,1500657539000,1.29895,1.29895,1.29881,1.29881,104960000,1
1500657540000,1500657599000,1.29885,1.29895,1.29881,1.29882,131080000,1
1500657600000,1500657659000,1.29883,1.29894,1.29883,1.29887,84660000,1
1500657660000,1500657719000,1.29887,1.29927,1.29883,1.29883,241300000,1
1500657720000,1500657779000,1.29883,1.29887,1.29866,1.29875,124280000,1
1500657780000,1500657839000,1.29875,1.29879,1.29864,1.29864,94740000,1
1500657840000,1500657899000,1.29865,1.29865,1.29847,1.29854,170870000,1
1500657900000,1500657959000,1.29854,1.29887,1.29854,1.29878,101450000,1
1500657960000,1500658019000,1.29877,1.29896,1.29865,1.29883,72710000,1
1500658020000,1500658079000,1.29883,1.29887,1.29874,1.29878,68950000,1
1500658080000,1500658139000,1.29882,1.29887,1.29877,1.29879,78730000,1
1500658140000,1500658199000,1.29878,1.29881,1.29878,1.2988,13870000,1
1500658200000,1500658259000,1.29881,1.29881,1.29876,1.29881,24120000,1
1500658260000,1500658319000,1.29885,1.29891,1.29885,1.2989,41360000,1
1500658320000,1500658379000,1.2989,1.2989,1.29888,1.29889,26310000,1
1500658380000,1500658439000,1.29889,1.29889,1.29887,1.29888,30720000,1
1500658440000,1500658499000,1.29888,1.29888,1.29877,1.29877,81540000,1
1500658500000,1500658559000,1.29878,1.29888,1.29877,1.29881,117100000,1
1500658560000,1500658619000,1.29882,1.29902,1.29875,1.29902,135420000,1
1500658620000,1500658679000,1.29905,1.29918,1.29897,1.29897,106480000,1
1500658680000,1500658739000,1.29897,1.29907,1.29893,1.29906,115600000,1
1500658740000,1500658799000,1.29906,1.29918,1.29906,1.29917,107110000,1
1500658800000,1500658859000,1.29917,1.29917,1.29908,1.29908,33170000,1
1500658860000,1500658919000,1.29908,1.29932,1.29907,1.29932,54040000,1
1500658920000,1500658979000,1.29931,1.29943,1.29928,1.29931,264030000,1
1500658980000,1500659039000,1.2993,1.2993,1.29907,1.29908,79890000,1
1500659040000,1500659099000,1.29907,1.2991,1.29897,1.29897,99050000,1
1500659100000,1500659159000,1.29897,1.29951,1.29897,1.29944,108460000,1
1500659160000,1500659219000,1.29944,1.29973,1.29944,1.29973,92560000,1
1500659220000,1500659279000,1.29972,1.2998,1.29958,1.29958,67480000,1
1500659280000,1500659339000,1.29957,1.29958,1.29948,1.29948,72120000,1
1500659340000,1500659399000,1.29949,1.2995,1.29925,1.29928,88600000,1
1500659400000,1500659459000,1.29928,1.29928,1.29917,1.29917,33180000,1
1500659460000,1500659519000,1.29915,1.29919,1.29915,1.29919,18190000,1
1500659520000,1500659579000,1.29919,1.29919,1.29903,1.29906,37110000,1
1500659580000,1500659639000,1.29906,1.29931,1.29902,1.29921,50220000,1
1500659640000,1500659699000,1.29921,1.29921,1.29918,1.29919,22250000,1
1500659700000,1500659759000,1.29919,1.29919,1.2991,1.29911,9000000,1
1500659760000,1500659819000,1.29911,1.29911,1.299,1.299,16370000,1
1500659820000,1500659879000,1.29902,1.2991,1.29894,1.29897,44740000,1
1500659880000,1500659939000,1.29897,1.29917,1.29897,1.29916,100280000,1
1500659940000,1500659999000,1.29915,1.29915,1.29896,1.29908,48580000,1
1500660000000,1500660059000,1.29904,1.29906,1.29884,1.29884,82580000,1
1500660060000,1500660119000,1.29886,1.29889,1.29884,1.29885,43630000,1
1500660120000,1500660179000,1.29884,1.29894,1.29884,1.29894,56880000,1
1500660180000,1500660239000,1.29892,1.29893,1.29885,1.29892,73430000,1
1500660240000,1500660299000,1.29892,1.29893,1.29891,1.29892,13000000,1
1500660300000,1500660359000,1.29892,1.29916,1.29892,1.29916,43000000,1
1500660360000,1500660419000,1.29916,1.2993,1.29916,1.2993,25120000,1
1500660420000,1500660479000,1.2993,1.29932,1.2993,1.29932,20000000,1
1500660480000,1500660539000,1.29933,1.2994,1.2993,1.29939,21570000,1
1500660540000,1500660599000,1.29939,1.29947,1.29928,1.29928,58960000,1
1500660600000,1500660659000,1.29928,1.29928,1.29918,1.29918,14570000,1
1500660660000,1500660719000,1.29918,1.29926,1.29918,1.29926,95850000,1
1500660720000,1500660779000,1.29926,1.29937,1.29924,1.29928,71590000,1
1500660780000,1500660839000,1.29929,1.29949,1.29926,1.29947,25170000,1
1500660840000,1500660899000,1.29947,1.29947,1.29937,1.29937,54700000,1
1500660900000,1500660959000,1.29938,1.29957,1.29938,1.29946,99190000,1
1500660960000,1500661019000,1.29945,1.29957,1.29945,1.29948,50390000,1
1500661020000,1500661079000,1.29947,1.29954,1.29946,1.29948,128990000,1
1500661080000,1500661139000,1.29948,1.29954,1.29946,1.29954,34110000,1
1500661140000,1500661199000,1.29953,1.29955,1.29947,1.29954,83540000,1
1500661200000,1500661259000,1.29954,1.3,1.29954,1.29999,86530000,1
1500661260000,1500661319000,1.3,1.3,1.29977,1.2998,51930000,1
1500661320000,1500661379000,1.29986,1.29988,1.29971,1.29977,63970000,1
1500661380000,1500661439000,1.29977,1.29983,1.2997,1.2997,91820000,1
1500661440000,1500661499000,1.29971,1.29977,1.29967,1.29967,62710000,1
1500661500000,1500661559000,1.29967,1.29968,1.29967,1.29968,33860000,1
1500661560000,1500661619000,1.29968,1.29971,1.29968,1.29971,36500000,1
1500661620000,1500661679000,1.29971,1.29979,1.2997,1.29979,17000000,1
1500661680000,1500661739000,1.29979,1.2999,1.29979,1.29989,18000000,1
1500661740000,1500661799000,1.29987,1.3,1.29984,1.29987,39390000,1
1500661800000,1500661859000,1.29987,1.29987,1.29977,1.29977,53860000,1
1500661860000,1500661919000,1.29978,1.29978,1.29977,1.29978,9370000,1
1500661920000,1500661979000,1.29978,1.29978,1.29968,1.29978,80200000,1
1500661980000,1500662039000,1.29979,1.29989,1.29968,1.29968,88800000,1
1500662040000,1500662099000,1.29969,1.29979,1.29969,1.29978,53710000,1
1500662100000,1500662159000,1.29977,1.29978,1.29969,1.29974,71330000,1
1500662160000,1500662219000,1.29974,1.29974,1.29969,1.29969,12930000,1
1500662220000,1500662279000,1.29969,1.2999,1.29968,1.2999,16440000,1
1500662280000,1500662339000,1.29997,1.30001,1.29997,1.29998,17360000,1
1500662340000,1500662399000,1.29999,1.3002,1.29998,1.3002,20370000,1
1500662400000,1500662459000,1.3002,1.3002,1.30017,1.30019,31370000,1
1500662460000,1500662519000,1.30016,1.30016,1.29999,1.29999,22490000,1
1500662520000,1500662579000,1.29999,1.30002,1.29997,1.30001,34090000,1
1500662580000,1500662639000,1.3,1.30008,1.29999,1.30004,22240000,1
1500662640000,1500662699000,1.30004,1.30021,1.30004,1.30018,62040000,1
1500662700000,1500662759000,1.30018,1.30038,1.30018,1.30037,72980000,1
1500662760000,1500662819000,1.30039,1.3004,1.30032,1.30038,46430000,1
1500662820000,1500662879000,1.30038,1.30041,1.30035,1.30041,51590000,1
1500662880000,1500662939000,1.30039,1.30041,1.30029,1.3003,59230000,1
1500662940000,1500662999000,1.30029,1.30041,1.30029,1.30038,83910000,1
1500663000000,1500663059000,1.30039,1.30039,1.30037,1.30037,133390000,1
1500663060000,1500663119000,1.30037,1.30063,1.30014,1.30061,130200000,1
1500663120000,1500663179000,1.30061,1.30106,1.3006,1.30093,242200000,1
1500663180000,1500663239000,1.30092,1.30093,1.30062,1.30062,146750000,1
1500663240000,1500663299000,1.30059,1.30064,1.30051,1.30055,77210000,1
1500663300000,1500663359000,1.30056,1.30056,1.30046,1.30047,89520000,1
1500663360000,1500663419000,1.3005,1.30054,1.30044,1.30054,70120000,1
1500663420000,1500663479000,1.30053,1.30054,1.30039,1.30054,95860000,1
1500663480000,1500663539000,1.30054,1.30057,1.30047,1.30053,86100000,1
1500663540000,1500663599000,1.30053,1.30084,1.30052,1.30067,150380000,1
1500663600000,1500663659000,1.30069,1.30069,1.30054,1.30062,129670000,1
1500663660000,1500663719000,1.30062,1.30062,1.30043,1.30043,121010000,1
1500663720000,1500663779000,1.30042,1.30046,1.30042,1.30045,39960000,1
1500663780000,1500663839000,1.30042,1.30044,1.30042,1.30042,86410000,1
1500663840000,1500663899000,1.30042,1.30044,1.30034,1.30034,59050000,1
1500663900000,1500663959000,1.30034,1.30034,1.30024,1.30024,24330000,1
1500663960000,1500664019000,1.30024,1.30024,1.30023,1.30023,38590000,1
1500664020000,1500664079000,1.30022,1.30023,1.30014,1.30014,66420000,1
1500664080000,1500664139000,1.30014,1.30014,1.29991,1.29995,125280000,1
1500664140000,1500664199000,1.29994,1.30001,1.29984,1.29984,94130000,1
1500664200000,1500664259000,1.29984,1.29986,1.29984,1.29986,29220000,1
1500664260000,1500664319000,1.29986,1.29987,1.29985,1.29987,30960000,1
1500664320000,1500664379000,1.29988,1.29988,1.29987,1.29988,13000000,1
1500664380000,1500664439000,1.29988,1.29989,1.29983,1.29984,34590000,1
1500664440000,1500664499000,1.29986,1.29995,1.29986,1.29986,46580000,1
1500664500000,1500664559000,1.29986,1.29986,1.29983,1.29983,29710000,1
1500664560000,1500664619000,1.29983,1.30003,1.29983,1.30003,89160000,1
1500664620000,1500664679000,1.30004,1.30006,1.30003,1.30006,80890000,1
1500664680000,1500664739000,1.30006,1.30006,1.29993,1.29995,95510000,1
1500664740000,1500664799000,1.29995,1.30003,1.29994,1.29994,36160000,1
1500664800000,1500664859000,1.29994,1.29994,1.29993,1.29993,37090000,1
1500664860000,1500664919000,1.29993,1.30003,1.29993,1.29997,120410000,1
1500664920000,1500664979000,1.29998,1.29998,1.29994,1.29996,58560000,1
1500664980000,1500665039000,1.29996,1.29998,1.29994,1.29994,16990000,1
1500665040000,1500665099000,1.29994,1.29994,1.29985,1.29987,36710000,1
1500665100000,1500665159000,1.29985,1.29987,1.29983,1.29983,22850000,1
1500665160000,1500665219000,1.29976,1.29976,1.29963,1.29974,83860000,1
1500665220000,1500665279000,1.29975,1.29976,1.29965,1.29965,42140000,1
1500665280000,1500665339000,1.29965,1.29967,1.29963,1.29965,35720000,1
1500665340000,1500665399000,1.29964,1.29965,1.29946,1.29952,104170000,1
1500665400000,1500665459000,1.29951,1.29951,1.29943,1.29943,88010000,1
1500665460000,1500665519000,1.29944,1.29944,1.29942,1.29944,31480000,1
1500665520000,1500665579000,1.29944,1.29944,1.29933,1.29935,73030000,1
1500665580000,1500665639000,1.29936,1.29942,1.29921,1.29921,92550000,1
1500665640000,1500665699000,1.29922,1.29931,1.29921,1.29922,71440000,1
1500665700000,1500665759000,1.29922,1.29931,1.29921,1.29921,48440000,1
1500665760000,1500665819000,1.29921,1.29922,1.29921,1.29921,59910000,1
1500665820000,1500665879000,1.29921,1.29922,1.29921,1.29922,12730000,1
1500665880000,1500665939000,1.29922,1.29923,1.29921,1.29923,95030000,1
1500665940000,1500665999000,1.29923,1.29924,1.29922,1.29922,50810000,1
1500666000000,1500666059000,1.29922,1.29935,1.29922,1.29935,57210000,1
1500666060000,1500666119000,1.29935,1.29943,1.29935,1.29943,41750000,1
1500666120000,1500666179000,1.29943,1.29943,1.29933,1.29933,21220000,1
1500666180000,1500666239000,1.29933,1.29934,1.29932,1.29934,67230000,1
1500666240000,1500666299000,1.29934,1.29934,1.29933,1.29933,33000000,1
1500666300000,1500666359000,1.29938,1.29938,1.29933,1.29933,36410000,1
1500666360000,1500666419000,1.29932,1.29933,1.29922,1.29924,104600000,1
1500666420000,1500666479000,1.29924,1.29924,1.29921,1.29922,59000000,1
1500666480000,1500666539000,1.29922,1.29944,1.29922,1.29944,46600000,1
1500666540000,1500666599000,1.29943,1.29943,1.29932,1.29933,63640000,1
1500666600000,1500666659000,1.29932,1.29937,1.29922,1.29923,107720000,1
1500666660000,1500666719000,1.29924,1.29924,1.29922,1.29922,42330000,1
1500666720000,1500666779000,1.29922,1.29934,1.29922,1.29933,45320000,1
1500666780000,1500666839000,1.29934,1.29934,1.29915,1.29915,34450000,1
1500666840000,1500666899000,1.29919,1.29949,1.29919,1.29942,51490000,1
1500666900000,1500666959000,1.29942,1.29957,1.2992,1.29942,116350000,1
1500666960000,1500667019000,1.29942,1.29944,1.29934,1.29934,48340000,1
1500667020000,1500667079000,1.29931,1.29944,1.29923,1.29942,115850000,1
1500667080000,1500667139000,1.29943,1.29945,1.29931,1.29943,144650000,1
1500667140000,1500667199000,1.29941,1.29958,1.29941,1.29949,106650000,1
1500667200000,1500667259000,1.29948,1.29948,1.29944,1.29946,31740000,1
1500667260000,1500667319000,1.29947,1.29947,1.29935,1.29935,25100000,1
1500667320000,1500667379000,1.29935,1.29936,1.29919,1.29927,636040000,1
1500667380000,1500667439000,1.29926,1.29929,1.29924,1.29928,58720000,1
1500667440000,1500667499000,1.29929,1.29929,1.29926,1.29927,35990000,1
1500667500000,1500667559000,1.29926,1.29929,1.29919,1.29919,52700000,1
1500667560000,1500667619000,1.2992,1.2992,1.29919,1.29919,42880000,1
1500667620000,1500667679000,1.29919,1.29929,1.29919,1.29928,56240000,1
1500667680000,1500667739000,1.29927,1.29931,1.29927,1.29931,69860000,1
1500667740000,1500667799000,1.29929,1.29931,1.29929,1.2993,38240000,1
1500667800000,1500667859000,1.2993,1.29933,1.29929,1.2993,49950000,1
1500667860000,1500667919000,1.29936,1.29949,1.29932,1.29949,47660000,1
1500667920000,1500667979000,1.29949,1.29958,1.29949,1.29949,35930000,1
1500667980000,1500668039000,1.29949,1.29953,1.29944,1.29947,40340000,1
1500668040000,1500668099000,1.29946,1.29959,1.29946,1.29959,35180000,1
1500668100000,1500668159000,1.29959,1.29959,1.29957,1.29957,29620000,1
1500668160000,1500668219000,1.29957,1.29958,1.29957,1.29958,33000000,1
1500668220000,1500668279000,1.29958,1.29958,1.29946,1.29946,14120000,1
1500668280000,1500668339000,1.29942,1.29945,1.29932,1.29936,45260000,1
1500668340000,1500668399000,1.29936,1.2994,1.29935,1.29937,60210000,1
1500668400000,1500668459000,1.29937,1.29938,1.29936,1.29937,33470000,1
1500668460000,1500668519000,1.29938,1.29938,1.29935,1.29936,79420000,1
1500668520000,1500668579000,1.29936,1.29937,1.29934,1.29937,70160000,1
1500668580000,1500668639000,1.29937,1.29937,1.29934,1.29935,26730000,1
1500668640000,1500668699000,1.29934,1.29937,1.29931,1.29935,21460000,1
1500668700000,1500668759000,1.29934,1.29936,1.29931,1.29934,45580000,1
1500668760000,1500668819000,1.29934,1.29934,1.29932,1.29932,92710000,1
1500668820000,1500668879000,1.29932,1.29945,1.29931,1.29941,37420000,1
1500668880000,1500668939000,1.29945,1.29954,1.29945,1.29954,23740000,1
1500668940000,1500668999000,1.2995,1.29953,1.29944,1.29945,23960000,1
1500669000000,1500669059000,1.29941,1.29943,1.29941,1.29942,29220000,1
1500669060000,1500669119000,1.29942,1.29942,1.29931,1.29931,19600000,1
1500669120000,1500669179000,1.29932,1.29937,1.29926,1.29926,58340000,1
1500669180000,1500669239000,1.29926,1.29927,1.29926,1.29926,54020000,1
1500669240000,1500669299000,1.29926,1.29949,1.29923,1.29935,81320000,1
1500669300000,1500669359000,1.29936,1.29945,1.29934,1.29945,94350000,1
1500669360000,1500669419000,1.29945,1.29949,1.29944,1.29946,52540000,1
1500669420000,1500669479000,1.29946,1.29947,1.29944,1.29946,74850000,1
1500669480000,1500669539000,1.29946,1.29948,1.29946,1.29947,41830000,1
1500669540000,1500669599000,1.29947,1.29948,1.29945,1.29946,52670000,1
1500669600000,1500669659000,1.29946,1.29948,1.29944,1.29944,117910000,1
1500669660000,1500669719000,1.29944,1.29945,1.29943,1.29944,35000000,1
1500669720000,1500669779000,1.29944,1.29954,1.29943,1.29954,55390000,1
1500669780000,1500669839000,1.29954,1.29955,1.29949,1.29952,61730000,1
1500669840000,1500669899000,1.29952,1.29955,1.29951,1.29955,71560000,1
1500669900000,1500669959000,1.29955,1.29962,1.29914,1.29922,158630000,1
1500669960000,1500670019000,1.29921,1.29922,1.29899,1.2992,199740000,1
1500670020000,1500670079000,1.2992,1.29924,1.29907,1.2992,141890000,1
1500670080000,1500670139000,1.2992,1.2992,1.29899,1.2991,96290000,1
1500670140000,1500670199000,1.2991,1.29968,1.29909,1.29961,80670000,1
1500670200000,1500670259000,1.29962,1.29972,1.29947,1.29972,98790000,1
1500670260000,1500670319000,1.29971,1.29977,1.29949,1.29949,95730000,1
1500670320000,1500670379000,1.2995,1.29966,1.29944,1.29944,126450000,1
1500670380000,1500670439000,1.29944,1.2996,1.29944,1.2995,113800000,1
1500670440000,1500670499000,1.2995,1.29958,1.29929,1.29935,211490000,1
1500670500000,1500670559000,1.29943,1.29948,1.2993,1.29939,67950000,1
1500670560000,1500670619000,1.2994,1.2994,1.29919,1.29929,63990000,1
1500670620000,1500670679000,1.29929,1.29941,1.29927,1.29939,70870000,1
1500670680000,1500670739000,1.29941,1.2995,1.29938,1.29941,72500000,1
1500670740000,1500670799000,1.29941,1.29988,1.29924,1.29931,40940000,1
1500670800000,1500670859000,1.29931,1.29931,1.29931,1.29931,0,1
1500670860000,1500670919000,1.29931,1.29931,1.29931,1.29931,0,1
1500670920000,1500670979000,1.29931,1.29931,1.29931,1.29931,0,1
1500670980000,1500671039000,1.29931,1.29931,1.29931,1.29931,0,1
1500671040000,1500671099000,1.29931,1.29931,1.29931,1.29931,0,1
1500671100000,1500671159000,1.29931,1.29931,1.29931,1.29931,0,1
1500671160000,1500671219000,1.29931,1.29931,1.29931,1.29931,0,1
1500671220000,1500671279000,1.29931,1.29931,1.29931,1.29931,0,1
1500671280000,1500671339000,1.29931,1.29931,1.29931,1.29931,0,1
1500671340000,1500671399000,1.29931,1.29931,1.29931,1.29931,0,1
1500671400000,1500671459000,1.29931,1.29931,1.29931,1.29931,0,1
1500671460000,1500671519000,1.29931,1.29931,1.29931,1.29931,0,1
1500671520000,1500671579000,1.29931,1.29931,1.29931,1.29931,0,1
1500671580000,1500671639000,1.29931,1.29931,1.29931,1.29931,0,1
1500671640000,1500671699000,1.29931,1.29931,1.29931,1.29931,0,1
1500671700000,1500671759000,1.29931,1.29931,1.29931,1.29931,0,1
1500671760000,1500671819000,1.29931,1.29931,1.29931,1.29931,0,1
1500671820000,1500671879000,1.29931,1.29931,1.29931,1.29931,0,1
1500671880000,1500671939000,1.29931,1.29931,1.29931,1.29931,0,1
1500671940000,1500671999000,1.29931,1.29931,1.29931,1.29931,0,1
1500672000000,1500672059000,1.29931,1.29931,1.29931,1.29931,0,1
1500672060000,1500672119000,1.29931,1.29931,1.29931,1.29931,0,1
1500672120000,1500672179000,1.29931,1.29931,1.29931,1.29931,0,1
1500672180000,1500672239000,1.29931,1.29931,1.29931,1.29931,0,1
1500672240000,1500672299000,1.29931,1.29931,1.29931,1.29931,0,1
1500672300000,1500672359000,1.29931,1.29931,1.29931,1.29931,0,1
1500672360000,1500672419000,1.29931,1.29931,1.29931,1.29931,0,1
1500672420000,1500672479000,1.29931,1.29931,1.29931,1.29931,0,1
1500672480000,1500672539000,1.29931,1.29931,1.29931,1.29931,0,1
1500672540000,1500672599000,1.29931,1.29931,1.29931,1.29931,0,1
1500672600000,1500672659000,1.29931,1.29931,1.29931,1.29931,0,1
1500672660000,1500672719000,1.29931,1.29931,1.29931,1.29931,0,1
1500672720000,1500672779000,1.29931,1.29931,1.29931,1.29931,0,1
1500672780000,1500672839000,1.29931,1.29931,1.29931,1.29931,0,1
1500672840000,1500672899000,1.29931,1.29931,1.29931,1.29931,0,1
1500672900000,1500672959000,1.29931,1.29931,1.29931,1.29931,0,1
1500672960000,1500673019000,1.29931,1.29931,1.29931,1.29931,0,1
1500673020000,1500673079000,1.29931,1.29931,1.29931,1.29931,0,1
1500673080000,1500673139000,1.29931,1.29931,1.29931,1.29931,0,1
1500673140000,1500673199000,1.29931,1.29931,1.29931,1.29931,0,1
1500673200000,1500673259000,1.29931,1.29931,1.29931,1.29931,0,1
1500673260000,1500673319000,1.29931,1.29931,1.29931,1.29931,0,1
1500673320000,1500673379000,1.29931,1.29931,1.29931,1.29931,0,1
1500673380000,1500673439000,1.29931,1.29931,1.29931,1.29931,0,1
1500673440000,1500673499000,1.29931,1.29931,1.29931,1.29931,0,1
1500673500000,1500673559000,1.29931,1.29931,1.29931,1.29931,0,1
1500673560000,1500673619000,1.29931,1.29931,1.29931,1.29931,0,1
1500673620000,1500673679000,1.29931,1.29931,1.29931,1.29931,0,1
1500673680000,1500673739000,1.29931,1.29931,1.29931,1.29931,0,1
1500673740000,1500673799000,1.29931,1.29931,1.29931,1.29931,0,1
1500673800000,1500673859000,1.29931,1.29931,1.29931,1.29931,0,1
1500673860000,1500673919000,1.29931,1.29931,1.29931,1.29931,0,1
1500673920000,1500673979000,1.29931,1.29931,1.29931,1.29931,0,1
1500673980000,1500674039000,1.29931,1.29931,1.29931,1.29931,0,1
1500674040000,1500674099000,1.29931,1.29931,1.29931,1.29931,0,1
1500674100000,1500674159000,1.29931,1.29931,1.29931,1.29931,0,1
1500674160000,1500674219000,1.29931,1.29931,1.29931,1.29931,0,1
1500674220000,1500674279000,1.29931,1.29931,1.29931,1.29931,0,1
1500674280000,1500674339000,1.29931,1.29931,1.29931,1.29931,0,1
1500674340000,1500674399000,1.29931,1.29931,1.29931,1.29931,0,1
1500674400000,1500674459000,1.29931,1.29931,1.29931,1.29931,0,1
1500674460000,1500674519000,1.29931,1.29931,1.29931,1.29931,0,1
1500674520000,1500674579000,1.29931,1.29931,1.29931,1.29931,0,1
1500674580000,1500674639000,1.29931,1.29931,1.29931,1.29931,0,1
1500674640000,1500674699000,1.29931,1.29931,1.29931,1.29931,0,1
1500674700000,1500674759000,1.29931,1.29931,1.29931,1.29931,0,1
1500674760000,1500674819000,1.29931,1.29931,1.29931,1.29931,0,1
1500674820000,1500674879000,1.29931,1.29931,1.29931,1.29931,0,1
1500674880000,1500674939000,1.29931,1.29931,1.29931,1.29931,0,1
1500674940000,1500674999000,1.29931,1.29931,1.29931,1.29931,0,1
1500675000000,1500675059000,1.29931,1.29931,1.29931,1.29931,0,1
1500675060000,1500675119000,1.29931,1.29931,1.29931,1.29931,0,1
1500675120000,1500675179000,1.29931,1.29931,1.29931,1.29931,0,1
1500675180000,1500675239000,1.29931,1.29931,1.29931,1.29931,0,1
1500675240000,1500675299000,1.29931,1.29931,1.29931,1.29931,0,1
1500675300000,1500675359000,1.29931,1.29931,1.29931,1.29931,0,1
1500675360000,1500675419000,1.29931,1.29931,1.29931,1.29931,0,1
1500675420000,1500675479000,1.29931,1.29931,1.29931,1.29931,0,1
1500675480000,1500675539000,1.29931,1.29931,1.29931,1.29931,0,1
1500675540000,1500675599000,1.29931,1.29931,1.29931,1.29931,0,1
1500675600000,1500675659000,1.29931,1.29931,1.29931,1.29931,0,1
1500675660000,1500675719000,1.29931,1.29931,1.29931,1.29931,0,1
1500675720000,1500675779000,1.29931,1.29931,1.29931,1.29931,0,1
1500675780000,1500675839000,1.29931,1.29931,1.29931,1.29931,0,1
1500675840000,1500675899000,1.29931,1.29931,1.29931,1.29931,0,1
1500675900000,1500675959000,1.29931,1.29931,1.29931,1.29931,0,1
1500675960000,1500676019000,1.29931,1.29931,1.29931,1.29931,0,1
1500676020000,1500676079000,1.29931,1.29931,1.29931,1.29931,0,1
1500676080000,1500676139000,1.29931,1.29931,1.29931,1.29931,0,1
1500676140000,1500676199000,1.29931,1.29931,1.29931,1.29931,0,1
1500676200000,1500676259000,1.29931,1.29931,1.29931,1.29931,0,1
1500676260000,1500676319000,1.29931,1.29931,1.29931,1.29931,0,1
1500676320000,1500676379000,1.29931,1.29931,1.29931,1.29931,0,1
1500676380000,1500676439000,1.29931,1.29931,1.29931,1.29931,0,1
1500676440000,1500676499000,1.29931,1.29931,1.29931,1.29931,0,1
1500676500000,1500676559000,1.29931,1.29931,1.29931,1.29931,0,1
1500676560000,1500676619000,1.29931,1.29931,1.29931,1.29931,0,1
1500676620000,1500676679000,1.29931,1.29931,1.29931,1.29931,0,1
1500676680000,1500676739000,1.29931,1.29931,1.29931,1.29931,0,1
1500676740000,1500676799000,1.29931,1.29931,1.29931,1.29931,0,1
1500676800000,1500676859000,1.29931,1.29931,1.29931,1.29931,0,1
1500676860000,1500676919000,1.29931,1.29931,1.29931,1.29931,0,1
1500676920000,1500676979000,1.29931,1.29931,1.29931,1.29931,0,1
1500676980000,1500677039000,1.29931,1.29931,1.29931,1.29931,0,1
1500677040000,1500677099000,1.29931,1.29931,1.29931,1.29931,0,1
1500677100000,1500677159000,1.29931,1.29931,1.29931,1.29931,0,1
1500677160000,1500677219000,1.29931,1.29931,1.29931,1.29931,0,1
1500677220000,1500677279000,1.29931,1.29931,1.29931,1.29931,0,1
1500677280000,1500677339000,1.29931,1.29931,1.29931,1.29931,0,1
1500677340000,1500677399000,1.29931,1.29931,1.29931,1.29931,0,1
1500677400000,1500677459000,1.29931,1.29931,1.29931,1.29931,0,1
1500677460000,1500677519000,1.29931,1.29931,1.29931,1.29931,0,1
1500677520000,1500677579000,1.29931,1.29931,1.29931,1.29931,0,1
1500677580000,1500677639000,1.29931,1.29931,1.29931,1.29931,0,1
1500677640000,1500677699000,1.29931,1.29931,1.29931,1.29931,0,1
1500677700000,1500677759000,1.29931,1.29931,1.29931,1.29931,0,1
1500677760000,1500677819000,1.29931,1.29931,1.29931,1.29931,0,1
1500677820000,1500677879000,1.29931,1.29931,1.29931,1.29931,0,1
1500677880000,1500677939000,1.29931,1.29931,1.29931,1.29931,0,1
1500677940000,1500677999000,1.29931,1.29931,1.29931,1.29931,0,1
1500678000000,1500678059000,1.29931,1.29931,1.29931,1.29931,0,1
1500678060000,1500678119000,1.29931,1.29931,1.29931,1.29931,0,1
1500678120000,1500678179000,1.29931,1.29931,1.29931,1.29931,0,1
1500678180000,1500678239000,1.29931,1.29931,1.29931,1.29931,0,1
1500678240000,1500678299000,1.29931,1.29931,1.29931,1.29931,0,1
1500678300000,1500678359000,1.29931,1.29931,1.29931,1.29931,0,1
1500678360000,1500678419000,1.29931,1.29931,1.29931,1.29931,0,1
1500678420000,1500678479000,1.29931,1.29931,1.29931,1.29931,0,1
1500678480000,1500678539000,1.29931,1.29931,1.29931,1.29931,0,1
1500678540000,1500678599000,1.29931,1.29931,1.29931,1.29931,0,1
1500678600000,1500678659000,1.29931,1.29931,1.29931,1.29931,0,1
1500678660000,1500678719000,1.29931,1.29931,1.29931,1.29931,0,1
1500678720000,1500678779000,1.29931,1.29931,1.29931,1.29931,0,1
1500678780000,1500678839000,1.29931,1.29931,1.29931,1.29931,0,1
1500678840000,1500678899000,1.29931,1.29931,1.29931,1.29931,0,1
1500678900000,1500678959000,1.29931,1.29931,1.29931,1.29931,0,1
1500678960000,1500679019000,1.29931,1.29931,1.29931,1.29931,0,1
1500679020000,1500679079000,1.29931,1.29931,1.29931,1.29931,0,1
1500679080000,1500679139000,1.29931,1.29931,1.29931,1.29931,0,1
1500679140000,1500679199000,1.29931,1.29931,1.29931,1.29931,0,1
1500679200000,1500679259000,1.29931,1.29931,1.29931,1.29931,0,1
1500679260000,1500679319000,1.29931,1.29931,1.29931,1.29931,0,1
1500679320000,1500679379000,1.29931,1.29931,1.29931,1.29931,0,1
1500679380000,1500679439000,1.29931,1.29931,1.29931,1.29931,0,1
1500679440000,1500679499000,1.29931,1.29931,1.29931,1.29931,0,1
1500679500000,1500679559000,1.29931,1.29931,1.29931,1.29931,0,1
1500679560000,1500679619000,1.29931,1.29931,1.29931,1.29931,0,1
1500679620000,1500679679000,1.29931,1.29931,1.29931,1.29931,0,1
1500679680000,1500679739000,1.29931,1.29931,1.29931,1.29931,0,1
1500679740000,1500679799000,1.29931,1.29931,1.29931,1.29931,0,1
1500679800000,1500679859000,1.29931,1.29931,1.29931,1.29931,0,1
1500679860000,1500679919000,1.29931,1.29931,1.29931,1.29931,0,1
1500679920000,1500679979000,1.29931,1.29931,1.29931,1.29931,0,1
1500679980000,1500680039000,1.29931,1.29931,1.29931,1.29931,0,1
1500680040000,1500680099000,1.29931,1.29931,1.29931,1.29931,0,1
1500680100000,1500680159000,1.29931,1.29931,1.29931,1.29931,0,1
1500680160000,1500680219000,1.29931,1.29931,1.29931,1.29931,0,1
1500680220000,1500680279000,1.29931,1.29931,1.29931,1.29931,0,1
1500680280000,1500680339000,1.29931,1.29931,1.29931,1.29931,0,1
1500680340000,1500680399000,1.29931,1.29931,1.29931,1.29931,0,1
1500680400000,1500680459000,1.29931,1.29931,1.29931,1.29931,0,1
1500680460000,1500680519000,1.29931,1.29931,1.29931,1.29931,0,1
1500680520000,1500680579000,1.29931,1.29931,1.29931,1.29931,0,1
1500680580000,1500680639000,1.29931,1.29931,1.29931,1.29931,0,1
1500680640000,1500680699000,1.29931,1.29931,1.29931,1.29931,0,1
1500680700000,1500680759000,1.29931,1.29931,1.29931,1.29931,0,1
1500680760000,1500680819000,1.29931,1.29931,1.29931,1.29931,0,1
1500680820000,1500680879000,1.29931,1.29931,1.29931,1.29931,0,1
1500680880000,1500680939000,1.29931,1.29931,1.29931,1.29931,0,1
1500680940000,1500680999000,1.29931,1.29931,1.29931,1.29931,0,1
1500681000000,1500681059000,1.29931,1.29931,1.29931,1.29931,0,1
1500681060000,1500681119000,1.29931,1.29931,1.29931,1.29931,0,1
1500681120000,1500681179000,1.29931,1.29931,1.29931,1.29931,0,1
1500681180000,1500681239000,1.29931,1.29931,1.29931,1.29931,0,1
1500681240000,1500681299000,1.29931,1.29931,1.29931,1.29931,0,1
1500681300000,1500681359000,1.29931,1.29931,1.29931,1.29931,0,1
1500681360000,1500681419000,1.29931,1.29931,1.29931,1.29931,0,1
1500681420000,1500681479000,1.29931,1.29931,1.29931,1.29931,0,1
1500681480000,1500681539000,1.29931,1.29931,1.29931,1.29931,0,1
1500681540000,1500681599000,1.29931,1.29931,1.29931,1.29931,0,1
1500843660000,1500843719000,1.29878,1.29878,1.29878,1.29878,2250000,1
1500843780000,1500843839000,1.29904,1.29904,1.29904,1.29904,4500000,1
1500843840000,1500843899000,1.29904,1.29904,1.29878,1.29878,6500000,1
1500843900000,1500843959000,1.29889,1.2989,1.29888,1.2989,9000000,1
1500843960000,1500844019000,1.29888,1.2989,1.29887,1.2989,5000000,1
1500844020000,1500844079000,1.2989,1.2989,1.29889,1.29889,3000000,1
1500844080000,1500844139000,1.29905,1.29905,1.29904,1.29904,2500000,1
1500844140000,1500844199000,1.29879,1.29879,1.29873,1.29879,4000000,1
1500844200000,1500844259000,1.29879,1.29905,1.29879,1.29905,3250000,1
1500844260000,1500844319000,1.29901,1.29903,1.29901,1.29903,3000000,1
1500844320000,1500844379000,1.299,1.29905,1.299,1.29901,7500000,1
1500844380000,1500844439000,1.29903,1.29904,1.299,1.299,12000000,1
1500844440000,1500844499000,1.29903,1.29905,1.299,1.299,10500000,1
1500844500000,1500844559000,1.29903,1.29904,1.29894,1.29899,13250000,1
1500844560000,1500844619000,1.29901,1.29901,1.29893,1.29897,10500000,1
1500844620000,1500844679000,1.29893,1.29895,1.29893,1.29893,8500000,1
1500844680000,1500844739000,1.29894,1.29894,1.29893,1.29893,4000000,1
1500844740000,1500844799000,1.29894,1.29894,1.29893,1.29893,10500000,1
1500844800000,1500844859000,1.29894,1.29913,1.29894,1.29912,55130000,1
1500844860000,1500844919000,1.29915,1.29948,1.29915,1.29948,46500000,1
1500844920000,1500844979000,1.29947,1.29948,1.29919,1.29933,41750000,1
1500844980000,1500845039000,1.29932,1.29933,1.29932,1.29932,28000000,1
1500845040000,1500845099000,1.29933,1.29933,1.29932,1.29932,21000000,1
1500845100000,1500845159000,1.29932,1.29933,1.29932,1.29933,19500000,1
1500845160000,1500845219000,1.29932,1.29948,1.29932,1.29947,19000000,1
1500845220000,1500845279000,1.29947,1.29947,1.29932,1.29932,25000000,1
1500845280000,1500845339000,1.29933,1.29933,1.29932,1.29932,22500000,1
1500845340000,1500845399000,1.29933,1.29933,1.29932,1.29932,21000000,1
1500845400000,1500845459000,1.29933,1.29953,1.29932,1.29952,40500000,1
1500845460000,1500845519000,1.29952,1.29957,1.29943,1.29945,11110000,1
1500845520000,1500845579000,1.29943,1.29946,1.29931,1.29939,28320000,1
1500845580000,1500845639000,1.2994,1.2994,1.29934,1.29937,21940000,1
1500845640000,1500845699000,1.2994,1.29942,1.29939,1.29942,19700000,1
1500845700000,1500845759000,1.29944,1.29944,1.29942,1.29942,16770000,1
1500845760000,1500845819000,1.29942,1.29942,1.29935,1.29942,10790000,1
1500845820000,1500845879000,1.29944,1.29944,1.29939,1.29942,23920000,1
1500845880000,1500845939000,1.29943,1.29943,1.29934,1.29934,6570000,1
1500845940000,1500845999000,1.29942,1.29944,1.2994,1.2994,15610000,1
1500846000000,1500846059000,1.29939,1.2994,1.29935,1.29939,17240000,1
1500846060000,1500846119000,1.29939,1.29946,1.29939,1.2994,17550000,1
1500846120000,1500846179000,1.2994,1.29947,1.29935,1.29943,13860000,1
1500846180000,1500846239000,1.29943,1.29943,1.29935,1.29935,16430000,1
1500846240000,1500846299000,1.29942,1.29943,1.29935,1.29935,6760000,1
1500846300000,1500846359000,1.29935,1.29945,1.29925,1.29933,16590000,1
1500846360000,1500846419000,1.29932,1.29946,1.29924,1.29924,24210000,1
1500846420000,1500846479000,1.29931,1.29932,1.29931,1.29932,2940000,1
1500846480000,1500846539000,1.29931,1.29932,1.29929,1.29929,8510000,1
1500846540000,1500846599000,1.29929,1.29933,1.29928,1.29929,20250000,1
1500846600000,1500846659000,1.29928,1.29946,1.29928,1.29928,10330000,1
1500846660000,1500846719000,1.29933,1.29946,1.29928,1.29945,15810000,1
1500846720000,1500846779000,1.29931,1.29945,1.29926,1.29926,10360000,1
1500846780000,1500846839000,1.29926,1.29958,1.29926,1.2995,42580000,1
1500846840000,1500846899000,1.2995,1.29951,1.2995,1.2995,6750000,1
1500846900000,1500846959000,1.29951,1.29951,1.2995,1.29951,60750000,1
1500846960000,1500847019000,1.2995,1.29951,1.2995,1.29951,33750000,1
1500847020000,1500847079000,1.29951,1.29951,1.2995,1.2995,9000000,1
1500847080000,1500847139000,1.2995,1.29958,1.29928,1.29929,51170000,1
1500847140000,1500847199000,1.29945,1.29953,1.29925,1.29925,90510000,1
1500847200000,1500847259000,1.29926,1.29949,1.29923,1.29948,134300000,1
1500847260000,1500847319000,1.29949,1.29956,1.29943,1.29945,123420000,1
1500847320000,1500847379000,1.29944,1.29958,1.29944,1.29956,57120000,1
1500847380000,1500847439000,1.29953,1.29968,1.29953,1.29958,67530000,1
1500847440000,1500847499000,1.29957,1.29968,1.29951,1.29962,269730000,1
1500847500000,1500847559000,1.29959,1.29959,1.29939,1.2994,177590000,1
1500847560000,1500847619000,1.29939,1.29945,1.29936,1.29944,68820000,1
1500847620000,1500847679000,1.29944,1.29944,1.29932,1.29935,33920000,1
1500847680000,1500847739000,1.29936,1.29939,1.29925,1.29939,40150000,1
1500847740000,1500847799000,1.29938,1.29945,1.29938,1.29944,10000000,1
1500847800000,1500847859000,1.29944,1.29944,1.29933,1.29936,15200000,1
1500847860000,1500847919000,1.29935,1.29941,1.29935,1.29939,22500000,1
1500847920000,1500847979000,1.29939,1.29954,1.29935,1.29937,24100000,1
1500847980000,1500848039000,1.29936,1.29945,1.29936,1.29936,25630000,1
1500848040000,1500848099000,1.29935,1.29937,1.29935,1.29935,12630000,1
1500848100000,1500848159000,1.29934,1.29949,1.29934,1.29949,31450000,1
1500848160000,1500848219000,1.2995,1.29953,1.29949,1.29952,17750000,1
1500848220000,1500848279000,1.29952,1.29953,1.29949,1.29952,84240000,1
1500848280000,1500848339000,1.29952,1.29953,1.29951,1.29953,72280000,1
1500848340000,1500848399000,1.29952,1.29953,1.29946,1.29946,59370000,1
1500848400000,1500848459000,1.29946,1.29963,1.29943,1.29963,63550000,1
1500848460000,1500848519000,1.29963,1.2997,1.29958,1.29963,128830000,1
1500848520000,1500848579000,1.29964,1.29967,1.29962,1.29963,100800000,1
1500848580000,1500848639000,1.29963,1.29966,1.29962,1.29962,52290000,1
1500848640000,1500848699000,1.29962,1.29963,1.29962,1.29962,79520000,1
1500848700000,1500848759000,1.29963,1.29971,1.29962,1.29971,96080000,1
1500848760000,1500848819000,1.2997,1.29971,1.29968,1.29969,27740000,1
1500848820000,1500848879000,1.29967,1.29967,1.29955,1.29961,179640000,1
1500848880000,1500848939000,1.29959,1.29968,1.29959,1.29961,64240000,1
1500848940000,1500848999000,1.29962,1.29968,1.29949,1.29966,73310000,1
1500849000000,1500849059000,1.29965,1.29965,1.29953,1.29956,98280000,1
1500849060000,1500849119000,1.29955,1.29955,1.29948,1.29948,44460000,1
1500849120000,1500849179000,1.29948,1.29951,1.29947,1.29949,127220000,1
1500849180000,1500849239000,1.29948,1.29957,1.29946,1.29954,67420000,1
1500849240000,1500849299000,1.29955,1.29956,1.2995,1.29955,52880000,1
1500849300000,1500849359000,1.29955,1.29956,1.29953,1.29954,33530000,1
1500849360000,1500849419000,1.29954,1.29956,1.2995,1.2995,47440000,1
1500849420000,1500849479000,1.2995,1.29953,1.29948,1.29952,64330000,1
1500849480000,1500849539000,1.29952,1.29956,1.2995,1.29951,27210000,1
1500849540000,1500849599000,1.29951,1.29954,1.29951,1.29953,30570000,1
1500849600000,1500849659000,1.29954,1.29955,1.29953,1.29955,35050000,1
1500849660000,1500849719000,1.29955,1.29962,1.29954,1.29962,43070000,1
1500849720000,1500849779000,1.29962,1.29972,1.29959,1.2997,30770000,1
1500849780000,1500849839000,1.29971,1.29972,1.29966,1.29969,20140000,1
1500849840000,1500849899000,1.29968,1.29971,1.29964,1.29966,50580000,1
1500849900000,1500849959000,1.29963,1.29965,1.29963,1.29965,11300000,1
1500849960000,1500850019000,1.29963,1.29963,1.2996,1.29961,36220000,1
1500850020000,1500850079000,1.29962,1.29977,1.29962,1.29974,88470000,1
1500850080000,1500850139000,1.29974,1.29974,1.29969,1.29969,41790000,1
1500850140000,1500850199000,1.29967,1.29971,1.29966,1.29971,18560000,1
1500850200000,1500850259000,1.29969,1.29969,1.29965,1.29965,28070000,1
1500850260000,1500850319000,1.29967,1.29971,1.29965,1.2997,92280000,1
1500850320000,1500850379000,1.29974,1.29976,1.29969,1.29969,94760000,1
1500850380000,1500850439000,1.29969,1.29972,1.29967,1.2997,84000000,1
1500850440000,1500850499000,1.29969,1.2998,1.29969,1.29978,98170000,1
1500850500000,1500850559000,1.2998,1.29989,1.29979,1.29988,145480000,1
1500850560000,1500850619000,1.29989,1.30003,1.29989,1.30002,43990000,1
1500850620000,1500850679000,1.30002,1.30003,1.29999,1.29999,23790000,1
1500850680000,1500850739000,1.29998,1.30003,1.29998,1.30002,17440000,1
1500850740000,1500850799000,1.30003,1.30003,1.30002,1.30002,28830000,1
1500850800000,1500850859000,1.30002,1.30012,1.29998,1.30003,30260000,1
1500850860000,1500850919000,1.30002,1.30003,1.29998,1.29998,17570000,1
1500850920000,1500850979000,1.29998,1.29998,1.29998,1.29998,13940000,1
1500850980000,1500851039000,1.29998,1.30013,1.29998,1.30012,28420000,1
1500851040000,1500851099000,1.3001,1.3001,1.29999,1.30001,9380000,1
1500851100000,1500851159000,1.30001,1.30002,1.29983,1.29985,41230000,1
1500851160000,1500851219000,1.29984,1.29999,1.29983,1.29999,39270000,1
1500851220000,1500851279000,1.29999,1.29999,1.29998,1.29998,2690000,1
1500851280000,1500851339000,1.29999,1.29999,1.29996,1.29999,34630000,1
1500851340000,1500851399000,1.29997,1.3,1.29997,1.3,16250000,1
1500851400000,1500851459000,1.3,1.3,1.3,1.3,7500000,1
1500851460000,1500851519000,1.3,1.3,1.3,1.3,5070000,1
1500851520000,1500851579000,1.3,1.30001,1.29999,1.30001,17430000,1
1500851580000,1500851639000,1.30001,1.30009,1.30001,1.30009,9440000,1
1500851640000,1500851699000,1.3001,1.30012,1.3001,1.3001,56180000,1
1500851700000,1500851759000,1.30009,1.30009,1.30008,1.30008,25880000,1
1500851760000,1500851819000,1.30008,1.30011,1.30008,1.30009,16120000,1
1500851820000,1500851879000,1.3001,1.3001,1.30008,1.30008,2000000,1
1500851880000,1500851939000,1.30008,1.3001,1.30008,1.3001,12240000,1
1500851940000,1500851999000,1.3001,1.30011,1.3001,1.3001,6250000,1
1500852000000,1500852059000,1.30014,1.30022,1.30014,1.30022,12000000,1
1500852060000,1500852119000,1.30022,1.30032,1.30022,1.3003,30910000,1
1500852120000,1500852179000,1.3003,1.30032,1.3003,1.30031,17870000,1
1500852180000,1500852239000,1.3003,1.30032,1.3003,1.3003,39800000,1
1500852240000,1500852299000,1.3003,1.30032,1.3003,1.30032,77640000,1
1500852300000,1500852359000,1.30032,1.30045,1.3003,1.30045,40220000,1
1500852360000,1500852419000,1.30044,1.30055,1.30044,1.30053,68780000,1
1500852420000,1500852479000,1.30053,1.30056,1.30053,1.30056,59460000,1
1500852480000,1500852539000,1.30056,1.30077,1.30056,1.3006,69420000,1
1500852540000,1500852599000,1.30057,1.30062,1.30052,1.30062,17870000,1
1500852600000,1500852659000,1.3006,1.30061,1.30046,1.30049,67580000,1
1500852660000,1500852719000,1.30051,1.3006,1.3005,1.3006,30320000,1
1500852720000,1500852779000,1.3006,1.30072,1.3006,1.30071,40030000,1
1500852780000,1500852839000,1.3007,1.30081,1.30069,1.30081,30740000,1
1500852840000,1500852899000,1.3008,1.3008,1.30071,1.30071,39110000,1
1500852900000,1500852959000,1.30071,1.30071,1.30068,1.30071,22370000,1
1500852960000,1500853019000,1.30071,1.3009,1.30071,1.30081,93930000,1
1500853020000,1500853079000,1.30081,1.30084,1.30081,1.30081,16560000,1
1500853080000,1500853139000,1.30082,1.30082,1.30071,1.30072,46860000,1
1500853140000,1500853199000,1.30072,1.30072,1.30068,1.30068,61500000,1
1500853200000,1500853259000,1.30068,1.30069,1.30068,1.30069,69290000,1
1500853260000,1500853319000,1.30068,1.30068,1.3002,1.30021,71970000,1
1500853320000,1500853379000,1.30022,1.30022,1.30021,1.30022,18750000,1
1500853380000,1500853439000,1.30022,1.30023,1.30019,1.30022,29870000,1
1500853440000,1500853499000,1.30023,1.30025,1.30022,1.30024,27870000,1
1500853500000,1500853559000,1.30025,1.30032,1.30024,1.30029,26490000,1
1500853560000,1500853619000,1.30029,1.30033,1.30028,1.30032,31070000,1
1500853620000,1500853679000,1.30033,1.30044,1.30029,1.30032,61420000,1
1500853680000,1500853739000,1.30031,1.30035,1.30028,1.30028,37120000,1
1500853740000,1500853799000,1.30029,1.30032,1.30027,1.30028,42090000,1
1500853800000,1500853859000,1.30027,1.30032,1.30017,1.30017,95090000,1
1500853860000,1500853919000,1.30018,1.30031,1.30018,1.30031,50770000,1
1500853920000,1500853979000,1.30032,1.30032,1.30029,1.30032,41340000,1
1500853980000,1500854039000,1.30031,1.30034,1.30025,1.30025,89150000,1
1500854040000,1500854099000,1.30026,1.30026,1.30016,1.30019,24240000,1
1500854100000,1500854159000,1.30015,1.30016,1.30009,1.30011,29300000,1
1500854160000,1500854219000,1.30009,1.30016,1.30009,1.30015,29480000,1
1500854220000,1500854279000,1.30016,1.3002,1.30014,1.3002,17480000,1
1500854280000,1500854339000,1.30021,1.3004,1.3002,1.3004,38000000,1
1500854340000,1500854399000,1.30042,1.30047,1.30042,1.30047,65310000,1
1500854400000,1500854459000,1.30047,1.30057,1.30037,1.30057,100740000,1
1500854460000,1500854519000,1.30055,1.30068,1.30049,1.30067,107760000,1
1500854520000,1500854579000,1.30069,1.3007,1.30063,1.30065,76470000,1
1500854580000,1500854639000,1.30064,1.30064,1.30032,1.30033,104580000,1
1500854640000,1500854699000,1.30033,1.30043,1.30032,1.30042,78830000,1
1500854700000,1500854759000,1.30042,1.30042,1.30023,1.30024,68300000,1
1500854760000,1500854819000,1.30024,1.3003,1.30023,1.30027,127850000,1
1500854820000,1500854879000,1.30028,1.3003,1.30027,1.3003,19820000,1
1500854880000,1500854939000,1.3003,1.30031,1.30027,1.30027,39880000,1
1500854940000,1500854999000,1.30027,1.30029,1.30024,1.30024,30490000,1
1500855000000,1500855059000,1.30024,1.30024,1.3002,1.3002,23680000,1
1500855060000,1500855119000,1.30021,1.30023,1.3002,1.30021,133500000,1
1500855120000,1500855179000,1.30021,1.30021,1.30015,1.30019,104560000,1
1500855180000,1500855239000,1.30019,1.30032,1.30019,1.30019,114380000,1
1500855240000,1500855299000,1.30019,1.30024,1.30019,1.30019,40940000,1
1500855300000,1500855359000,1.30021,1.30044,1.3002,1.30035,88590000,1
1500855360000,1500855419000,1.30033,1.30038,1.30027,1.30035,70820000,1
1500855420000,1500855479000,1.30035,1.30035,1.3003,1.3003,29390000,1
1500855480000,1500855539000,1.3003,1.30044,1.3003,1.30035,72660000,1
1500855540000,1500855599000,1.30036,1.30036,1.30029,1.30029,69180000,1
1500855600000,1500855659000,1.3003,1.3003,1.30014,1.30014,86670000,1
1500855660000,1500855719000,1.30014,1.30015,1.3001,1.30011,82360000,1
1500855720000,1500855779000,1.3001,1.3001,1.29988,1.29988,56380000,1
1500855780000,1500855839000,1.2999,1.3,1.29988,1.29993,71810000,1
1500855840000,1500855899000,1.29993,1.30035,1.29993,1.30034,97170000,1
1500855900000,1500855959000,1.30034,1.30043,1.30033,1.30041,36800000,1
1500855960000,1500856019000,1.3004,1.30044,1.30032,1.30032,43180000,1
1500856020000,1500856079000,1.30032,1.30032,1.3003,1.3003,9120000,1
1500856080000,1500856139000,1.3003,1.30032,1.29992,1.29992,69980000,1
1500856140000,1500856199000,1.29994,1.3,1.29986,1.29986,48860000,1
1500856200000,1500856259000,1.29982,1.30011,1.29982,1.30002,67500000,1
1500856260000,1500856319000,1.30001,1.30007,1.29996,1.30001,45500000,1
1500856320000,1500856379000,1.29998,1.30011,1.29998,1.30011,42940000,1
1500856380000,1500856439000,1.30009,1.30014,1.3,1.30012,65700000,1
1500856440000,1500856499000,1.30012,1.30013,1.30012,1.30013,21570000,1
1500856500000,1500856559000,1.30012,1.30012,1.2999,1.29992,46750000,1
1500856560000,1500856619000,1.29994,1.30013,1.29993,1.30012,56580000,1
1500856620000,1500856679000,1.30012,1.30024,1.30012,1.30022,41710000,1
1500856680000,1500856739000,1.30022,1.3003,1.30022,1.30024,68630000,1
1500856740000,1500856799000,1.30025,1.30032,1.30015,1.30031,62990000,1
1500856800000,1500856859000,1.30031,1.30032,1.30029,1.30031,53690000,1
1500856860000,1500856919000,1.30032,1.30032,1.30031,1.30032,49980000,1
1500856920000,1500856979000,1.30032,1.30034,1.30031,1.30034,36740000,1
1500856980000,1500857039000,1.30033,1.30047,1.30033,1.30047,21260000,1
1500857040000,1500857099000,1.30047,1.30053,1.30045,1.30051,58670000,1
1500857100000,1500857159000,1.30048,1.30053,1.30046,1.30046,103560000,1
1500857160000,1500857219000,1.30047,1.30047,1.30041,1.30041,52350000,1
1500857220000,1500857279000,1.30042,1.30054,1.30042,1.30049,46170000,1
1500857280000,1500857339000,1.30049,1.30062,1.30046,1.30062,34220000,1
1500857340000,1500857399000,1.30062,1.3007,1.30061,1.30062,54650000,1
1500857400000,1500857459000,1.30061,1.30068,1.30041,1.30041,101400000,1
1500857460000,1500857519000,1.30042,1.30072,1.30042,1.30061,68140000,1
1500857520000,1500857579000,1.30062,1.3007,1.30061,1.3007,50940000,1
1500857580000,1500857639000,1.30071,1.30082,1.30069,1.3008,80400000,1
1500857640000,1500857699000,1.3008,1.30108,1.30079,1.30099,207450000,1
1500857700000,1500857759000,1.30105,1.30121,1.3007,1.30081,151880000,1
1500857760000,1500857819000,1.30085,1.30085,1.30065,1.30075,65810000,1
1500857820000,1500857879000,1.30075,1.3008,1.30073,1.30079,26000000,1
1500857880000,1500857939000,1.30078,1.30081,1.3007,1.30074,93530000,1
1500857940000,1500857999000,1.30074,1.30075,1.3007,1.30071,68880000,1
1500858000000,1500858059000,1.30073,1.30073,1.30065,1.30072,41910000,1
1500858060000,1500858119000,1.30071,1.30073,1.30066,1.30073,55610000,1
1500858120000,1500858179000,1.30072,1.30073,1.30071,1.30072,7000000,1
1500858180000,1500858239000,1.30073,1.30074,1.3007,1.30072,16940000,1
1500858240000,1500858299000,1.30074,1.30075,1.30072,1.30073,22000000,1
1500858300000,1500858359000,1.30073,1.30074,1.30072,1.30074,20000000,1
1500858360000,1500858419000,1.30073,1.30074,1.3007,1.3007,29000000,1
1500858420000,1500858479000,1.3007,1.3007,1.30058,1.30058,56450000,1
1500858480000,1500858539000,1.30059,1.30061,1.30036,1.30036,91800000,1
1500858540000,1500858599000,1.30037,1.30038,1.3003,1.3003,95550000,1
1500858600000,1500858659000,1.3003,1.30032,1.30029,1.30031,66280000,1
1500858660000,1500858719000,1.3003,1.30035,1.3003,1.30032,41350000,1
1500858720000,1500858779000,1.30032,1.30038,1.30031,1.30034,115660000,1
1500858780000,1500858839000,1.30035,1.30038,1.30035,1.30037,154160000,1
1500858840000,1500858899000,1.30037,1.30038,1.30032,1.30034,82600000,1
1500858900000,1500858959000,1.30032,1.30041,1.30029,1.30041,55750000,1
1500858960000,1500859019000,1.30041,1.30042,1.30037,1.3004,29000000,1
1500859020000,1500859079000,1.3004,1.30042,1.30033,1.30033,79490000,1
1500859080000,1500859139000,1.30033,1.30047,1.3003,1.30042,69380000,1
1500859140000,1500859199000,1.30042,1.3005,1.30041,1.30048,102890000,1
1500859200000,1500859259000,1.30048,1.30051,1.30046,1.30049,46730000,1
1500859260000,1500859319000,1.30048,1.30049,1.30045,1.30046,23670000,1
1500859320000,1500859379000,1.30046,1.30049,1.30044,1.30048,32840000,1
1500859380000,1500859439000,1.30048,1.3005,1.30043,1.30048,58950000,1
1500859440000,1500859499000,1.30047,1.30047,1.30045,1.30047,159740000,1
1500859500000,1500859559000,1.30047,1.3005,1.30046,1.30049,54930000,1
1500859560000,1500859619000,1.3005,1.3007,1.3005,1.30069,54860000,1
1500859620000,1500859679000,1.30069,1.3007,1.30069,1.3007,17230000,1
1500859680000,1500859739000,1.30072,1.30078,1.3007,1.30078,98060000,1
1500859740000,1500859799000,1.30078,1.30079,1.30078,1.30078,36250000,1
1500859800000,1500859859000,1.30078,1.30082,1.30078,1.30082,75870000,1
1500859860000,1500859919000,1.30082,1.30098,1.30082,1.30093,113990000,1
1500859920000,1500859979000,1.30093,1.30107,1.30093,1.30104,149750000,1
1500859980000,1500860039000,1.30104,1.30128,1.30103,1.30127,195620000,1
1500860040000,1500860099000,1.30128,1.30128,1.30124,1.30128,85890000,1
1500860100000,1500860159000,1.30128,1.30128,1.30123,1.30123,67690000,1
1500860160000,1500860219000,1.30122,1.30122,1.30092,1.30092,71650000,1
1500860220000,1500860279000,1.30093,1.30094,1.30088,1.30093,147660000,1
1500860280000,1500860339000,1.30093,1.30098,1.30093,1.30097,187050000,1
1500860340000,1500860399000,1.30097,1.30098,1.30091,1.30093,50630000,1
1500860400000,1500860459000,1.30093,1.30103,1.30092,1.30103,73240000,1
1500860460000,1500860519000,1.30103,1.30104,1.30096,1.30102,50120000,1
1500860520000,1500860579000,1.30103,1.30103,1.30102,1.30102,15250000,1
1500860580000,1500860639000,1.30103,1.30105,1.30102,1.30105,22000000,1
1500860640000,1500860699000,1.30105,1.30119,1.30105,1.30107,56740000,1
1500860700000,1500860759000,1.30108,1.30108,1.30094,1.30094,51440000,1
1500860760000,1500860819000,1.30094,1.30096,1.30084,1.30089,56050000,1
1500860820000,1500860879000,1.30089,1.30094,1.30085,1.3009,46310000,1
1500860880000,1500860939000,1.3009,1.3009,1.30079,1.30081,41310000,1
1500860940000,1500860999000,1.30081,1.30101,1.30079,1.30087,68770000,1
1500861000000,1500861059000,1.30089,1.30089,1.30075,1.3008,79410000,1
1500861060000,1500861119000,1.3008,1.30086,1.30078,1.30083,72680000,1
1500861120000,1500861179000,1.30083,1.30103,1.30083,1.30103,121530000,1
1500861180000,1500861239000,1.30103,1.30103,1.30088,1.30088,81400000,1
1500861240000,1500861299000,1.30088,1.30094,1.30079,1.30091,88120000,1
1500861300000,1500861359000,1.30092,1.30094,1.30087,1.30087,76550000,1
1500861360000,1500861419000,1.30087,1.3009,1.30076,1.30078,87170000,1
1500861420000,1500861479000,1.30079,1.30079,1.30073,1.30074,26190000,1
1500861480000,1500861539000,1.30074,1.30084,1.30073,1.30082,73870000,1
1500861540000,1500861599000,1.30081,1.30101,1.30078,1.30096,132140000,1
1500861600000,1500861659000,1.30093,1.30096,1.30072,1.30073,90330000,1
1500861660000,1500861719000,1.30073,1.30082,1.30058,1.3008,91260000,1
1500861720000,1500861779000,1.30079,1.30084,1.30078,1.30083,32130000,1
1500861780000,1500861839000,1.30083,1.30099,1.30083,1.30093,67590000,1
1500861840000,1500861899000,1.30092,1.30093,1.30083,1.3009,36860000,1
1500861900000,1500861959000,1.30091,1.30091,1.30083,1.30087,55760000,1
1500861960000,1500862019000,1.30087,1.30088,1.30067,1.30067,57300000,1
1500862020000,1500862079000,1.30068,1.3009,1.30067,1.3009,62890000,1
1500862080000,1500862139000,1.30089,1.3009,1.30075,1.3008,50880000,1
1500862140000,1500862199000,1.30081,1.30093,1.30081,1.30084,70410000,1
1500862200000,1500862259000,1.30085,1.30085,1.30074,1.30081,44880000,1
1500862260000,1500862319000,1.3008,1.30082,1.30078,1.30082,41000000,1
1500862320000,1500862379000,1.30081,1.30081,1.30065,1.30073,70630000,1
1500862380000,1500862439000,1.30069,1.30092,1.30069,1.30091,72180000,1
1500862440000,1500862499000,1.30092,1.30099,1.30084,1.30095,114990000,1
1500862500000,1500862559000,1.30095,1.30095,1.30079,1.30081,71240000,1
1500862560000,1500862619000,1.30082,1.30089,1.30081,1.30085,60590000,1
1500862620000,1500862679000,1.30085,1.3009,1.30075,1.30082,75300000,1
1500862680000,1500862739000,1.30082,1.30082,1.30065,1.3007,84750000,1
1500862740000,1500862799000,1.30071,1.30071,1.3007,1.30071,28710000,1
1500862800000,1500862859000,1.30072,1.30076,1.30067,1.30075,45690000,1
1500862860000,1500862919000,1.30077,1.30077,1.30067,1.3007,37350000,1
1500862920000,1500862979000,1.30072,1.30087,1.30071,1.30081,36600000,1
1500862980000,1500863039000,1.30082,1.30082,1.30072,1.3008,60350000,1
1500863040000,1500863099000,1.3008,1.30088,1.30079,1.30082,72000000,1
1500863100000,1500863159000,1.30082,1.3009,1.30082,1.30084,44200000,1
1500863160000,1500863219000,1.30085,1.30089,1.30082,1.30089,46940000,1
1500863220000,1500863279000,1.30088,1.30089,1.30079,1.30089,68750000,1
1500863280000,1500863339000,1.30089,1.3009,1.30074,1.30077,77150000,1
1500863340000,1500863399000,1.30077,1.3008,1.30073,1.30079,61030000,1
1500863400000,1500863459000,1.3008,1.3008,1.3006,1.3006,62160000,1
1500863460000,1500863519000,1.3006,1.30072,1.30057,1.30072,61370000,1
1500863520000,1500863579000,1.30072,1.30074,1.30059,1.30062,40360000,1
1500863580000,1500863639000,1.30062,1.30066,1.30056,1.30066,32500000,1
1500863640000,1500863699000,1.3007,1.30084,1.3007,1.30081,38350000,1
1500863700000,1500863759000,1.30081,1.30082,1.30068,1.30082,58790000,1
1500863760000,1500863819000,1.30082,1.3009,1.30079,1.30079,69760000,1
1500863820000,1500863879000,1.30079,1.30084,1.30075,1.30075,96790000,1
1500863880000,1500863939000,1.30075,1.30081,1.30061,1.30069,84280000,1
1500863940000,1500863999000,1.3007,1.3007,1.30054,1.30062,48370000,1
1500864000000,1500864059000,1.30061,1.30074,1.3006,1.30073,54550000,1
1500864060000,1500864119000,1.30074,1.30082,1.30065,1.30073,79040000,1
1500864120000,1500864179000,1.30074,1.30085,1.30074,1.30083,58860000,1
1500864180000,1500864239000,1.30083,1.30083,1.30073,1.3008,97610000,1
1500864240000,1500864299000,1.3008,1.3009,1.3008,1.3009,45450000,1
1500864300000,1500864359000,1.30087,1.3009,1.30074,1.30086,129910000,1
1500864360000,1500864419000,1.30085,1.30096,1.30085,1.30086,238940000,1
1500864420000,1500864479000,1.30085,1.30086,1.30072,1.30083,181140000,1
1500864480000,1500864539000,1.30083,1.3011,1.30083,1.30095,80420000,1
1500864540000,1500864599000,1.30094,1.30097,1.30089,1.30093,82310000,1
1500864600000,1500864659000,1.30093,1.30101,1.30093,1.30093,61570000,1
1500864660000,1500864719000,1.30093,1.30093,1.30082,1.30092,39720000,1
1500864720000,1500864779000,1.3009,1.30101,1.3009,1.30092,87540000,1
1500864780000,1500864839000,1.30092,1.30092,1.30078,1.30082,51700000,1
1500864840000,1500864899000,1.30082,1.30092,1.30082,1.30087,29220000,1
1500864900000,1500864959000,1.30087,1.30091,1.30084,1.30088,52700000,1
1500864960000,1500865019000,1.30089,1.30095,1.30089,1.30092,31980000,1
1500865020000,1500865079000,1.30092,1.30093,1.30084,1.30093,32960000,1
1500865080000,1500865139000,1.30097,1.30102,1.30083,1.30083,59220000,1
1500865140000,1500865199000,1.30082,1.30103,1.30074,1.30097,142740000,1
1500865200000,1500865259000,1.30097,1.30098,1.30087,1.30092,52370000,1
1500865260000,1500865319000,1.30092,1.30102,1.30087,1.30093,57840000,1
1500865320000,1500865379000,1.30093,1.30104,1.30085,1.30102,88550000,1
1500865380000,1500865439000,1.30102,1.30117,1.30102,1.30114,42000000,1
1500865440000,1500865499000,1.30114,1.30119,1.301,1.30102,60890000,1
1500865500000,1500865559000,1.30101,1.30112,1.30101,1.30108,55740000,1
1500865560000,1500865619000,1.30108,1.30108,1.30081,1.30092,43060000,1
1500865620000,1500865679000,1.30092,1.301,1.30091,1.30096,23720000,1
1500865680000,1500865739000,1.30096,1.30096,1.30084,1.30092,20000000,1
1500865740000,1500865799000,1.30092,1.30099,1.30088,1.3009,36200000,1
1500865800000,1500865859000,1.30091,1.30091,1.30082,1.30088,26730000,1
1500865860000,1500865919000,1.3009,1.30099,1.30088,1.30088,33840000,1
1500865920000,1500865979000,1.30088,1.30089,1.30082,1.30085,28870000,1
1500865980000,1500866039000,1.30085,1.30098,1.30084,1.30096,43810000,1
1500866040000,1500866099000,1.30098,1.301,1.30095,1.30099,67700000,1
1500866100000,1500866159000,1.30099,1.30113,1.30098,1.30113,35100000,1
1500866160000,1500866219000,1.30114,1.30121,1.30113,1.30121,26500000,1
1500866220000,1500866279000,1.30121,1.30128,1.30121,1.30122,63810000,1
1500866280000,1500866339000,1.30122,1.30131,1.30109,1.30109,66020000,1
1500866340000,1500866399000,1.30111,1.30113,1.30104,1.30108,50620000,1
1500866400000,1500866459000,1.3011,1.30118,1.3011,1.30111,56150000,1
1500866460000,1500866519000,1.30111,1.30118,1.30109,1.30116,48970000,1
1500866520000,1500866579000,1.30118,1.30131,1.30117,1.30126,64500000,1
1500866580000,1500866639000,1.30128,1.30146,1.30128,1.30138,135400000,1
1500866640000,1500866699000,1.30138,1.30147,1.30133,1.30135,116660000,1
1500866700000,1500866759000,1.30135,1.30141,1.30131,1.30141,15120000,1
1500866760000,1500866819000,1.30141,1.30145,1.30141,1.30144,16120000,1
1500866820000,1500866879000,1.30144,1.30144,1.30132,1.30133,32850000,1
1500866880000,1500866939000,1.30134,1.30142,1.30134,1.30137,20740000,1
1500866940000,1500866999000,1.30139,1.30142,1.30131,1.30132,39980000,1
1500867000000,1500867059000,1.30132,1.30142,1.30132,1.30138,54190000,1
1500867060000,1500867119000,1.30141,1.30141,1.30132,1.30132,24360000,1
1500867120000,1500867179000,1.30132,1.30142,1.3013,1.30136,28870000,1
1500867180000,1500867239000,1.30136,1.30137,1.3013,1.30131,48770000,1
1500867240000,1500867299000,1.30131,1.30154,1.30131,1.30152,82180000,1
1500867300000,1500867359000,1.30152,1.30154,1.30149,1.30151,150090000,1
1500867360000,1500867419000,1.30153,1.30154,1.3015,1.30153,26360000,1
1500867420000,1500867479000,1.30153,1.30157,1.30152,1.30156,21120000,1
1500867480000,1500867539000,1.30154,1.30164,1.30153,1.30156,89910000,1
1500867540000,1500867599000,1.30155,1.30176,1.30155,1.30173,75340000,1
1500867600000,1500867659000,1.30173,1.30173,1.30167,1.30167,36960000,1
1500867660000,1500867719000,1.30166,1.3017,1.30164,1.3017,29820000,1
1500867720000,1500867779000,1.30171,1.30171,1.30167,1.30168,61930000,1
1500867780000,1500867839000,1.30169,1.30173,1.30168,1.30171,93550000,1
1500867840000,1500867899000,1.30169,1.30176,1.30147,1.30147,89170000,1
1500867900000,1500867959000,1.30149,1.30153,1.30147,1.30152,30990000,1
1500867960000,1500868019000,1.30151,1.30151,1.3014,1.30141,17110000,1
1500868020000,1500868079000,1.30141,1.30143,1.30136,1.30141,26370000,1
1500868080000,1500868139000,1.3014,1.30142,1.30137,1.30141,62100000,1
1500868140000,1500868199000,1.3014,1.30141,1.30135,1.30136,63850000,1
1500868200000,1500868259000,1.30136,1.30143,1.3012,1.30121,70360000,1
1500868260000,1500868319000,1.30122,1.30127,1.3012,1.30123,36780000,1
1500868320000,1500868379000,1.30125,1.30125,1.3012,1.3012,37460000,1
1500868380000,1500868439000,1.3012,1.30124,1.3012,1.30123,62730000,1
1500868440000,1500868499000,1.30123,1.30126,1.30122,1.30123,40530000,1
1500868500000,1500868559000,1.30125,1.30125,1.30124,1.30124,29250000,1
1500868560000,1500868619000,1.30124,1.30126,1.30121,1.30122,27240000,1
1500868620000,1500868679000,1.30122,1.30127,1.3012,1.30123,32350000,1
1500868680000,1500868739000,1.30122,1.30122,1.30121,1.30122,19970000,1
1500868740000,1500868799000,1.30121,1.30124,1.3012,1.30121,27230000,1
1500868800000,1500868859000,1.30121,1.30131,1.3012,1.3012,77020000,1
1500868860000,1500868919000,1.3012,1.30122,1.30116,1.3012,91680000,1
1500868920000,1500868979000,1.3012,1.30123,1.30103,1.30103,58290000,1
1500868980000,1500869039000,1.30102,1.30113,1.30102,1.30109,86850000,1
1500869040000,1500869099000,1.3011,1.30127,1.30106,1.30122,27250000,1
1500869100000,1500869159000,1.30121,1.30125,1.30121,1.30123,5190000,1
1500869160000,1500869219000,1.30124,1.30134,1.30124,1.30134,34440000,1
1500869220000,1500869279000,1.30134,1.3014,1.30134,1.3014,21690000,1
1500869280000,1500869339000,1.30141,1.30153,1.30141,1.30152,31980000,1
1500869340000,1500869399000,1.30152,1.3016,1.3015,1.3015,62490000,1
1500869400000,1500869459000,1.30154,1.30154,1.3015,1.30154,25420000,1
1500869460000,1500869519000,1.30154,1.30154,1.30142,1.30142,33770000,1
1500869520000,1500869579000,1.30142,1.30144,1.30141,1.30141,42910000,1
1500869580000,1500869639000,1.30141,1.30144,1.30137,1.30137,30170000,1
1500869640000,1500869699000,1.30138,1.30145,1.30138,1.30145,13500000,1
1500869700000,1500869759000,1.30146,1.30153,1.30137,1.30142,48840000,1
1500869760000,1500869819000,1.30141,1.30144,1.30141,1.30144,11250000,1
1500869820000,1500869879000,1.30144,1.30147,1.30142,1.30145,37480000,1
1500869880000,1500869939000,1.30145,1.30147,1.30142,1.30142,18500000,1
1500869940000,1500869999000,1.30145,1.30147,1.30143,1.30145,34950000,1
1500870000000,1500870059000,1.30143,1.30143,1.30141,1.30143,23840000,1
1500870060000,1500870119000,1.30143,1.30153,1.30143,1.30144,48400000,1
1500870120000,1500870179000,1.30145,1.30145,1.30142,1.30142,29310000,1
1500870180000,1500870239000,1.30142,1.30146,1.30142,1.30145,39300000,1
1500870240000,1500870299000,1.30146,1.30146,1.30144,1.30145,38820000,1
1500870300000,1500870359000,1.30145,1.30163,1.30145,1.30159,30130000,1
1500870360000,1500870419000,1.30159,1.30162,1.30156,1.30162,31060000,1
1500870420000,1500870479000,1.30161,1.30166,1.30153,1.30153,39380000,1
1500870480000,1500870539000,1.30153,1.30154,1.30148,1.30153,33000000,1
1500870540000,1500870599000,1.30154,1.3016,1.30143,1.30145,50970000,1
1500870600000,1500870659000,1.30148,1.30167,1.30144,1.30161,76940000,1
1500870660000,1500870719000,1.30161,1.30163,1.30152,1.30157,79600000,1
1500870720000,1500870779000,1.30157,1.30161,1.30149,1.30149,62200000,1
1500870780000,1500870839000,1.30146,1.30147,1.30143,1.30144,62090000,1
1500870840000,1500870899000,1.30145,1.30148,1.30143,1.30144,21600000,1
1500870900000,1500870959000,1.30147,1.30147,1.30143,1.30143,20000000,1
1500870960000,1500871019000,1.30143,1.30145,1.30132,1.30132,37100000,1
1500871020000,1500871079000,1.30132,1.30144,1.30132,1.30144,44060000,1
1500871080000,1500871139000,1.30144,1.3015,1.30143,1.30149,35990000,1
1500871140000,1500871199000,1.30148,1.30149,1.30143,1.30146,84960000,1
1500871200000,1500871259000,1.30145,1.30146,1.30143,1.30143,97480000,1
1500871260000,1500871319000,1.30144,1.30145,1.30141,1.30144,71090000,1
1500871320000,1500871379000,1.30143,1.30144,1.3014,1.30141,49210000,1
1500871380000,1500871439000,1.30141,1.30143,1.30139,1.30141,66930000,1
1500871440000,1500871499000,1.30141,1.30142,1.3014,1.3014,67570000,1
1500871500000,1500871559000,1.30142,1.30151,1.30141,1.30142,69760000,1
1500871560000,1500871619000,1.30141,1.30144,1.30141,1.30143,83020000,1
1500871620000,1500871679000,1.30144,1.30147,1.30141,1.30146,11560000,1
1500871680000,1500871739000,1.30146,1.30151,1.30146,1.30151,20000000,1
1500871740000,1500871799000,1.30148,1.30148,1.30146,1.30146,48660000,1
1500871800000,1500871859000,1.30146,1.3015,1.30145,1.30146,28700000,1
1500871860000,1500871919000,1.30144,1.30144,1.30144,1.30144,12200000,1
1500871920000,1500871979000,1.30143,1.30145,1.30143,1.30144,36280000,1
1500871980000,1500872039000,1.30144,1.30148,1.30144,1.30148,30170000,1
1500872040000,1500872099000,1.30146,1.30159,1.30146,1.30159,22820000,1
1500872100000,1500872159000,1.30159,1.30159,1.30156,1.30156,30250000,1
1500872160000,1500872219000,1.30155,1.3016,1.30155,1.3016,54610000,1
1500872220000,1500872279000,1.3016,1.30173,1.30156,1.30169,65720000,1
1500872280000,1500872339000,1.3017,1.30174,1.30167,1.30172,35740000,1
1500872340000,1500872399000,1.30167,1.30174,1.30165,1.30169,116300000,1
1500872400000,1500872459000,1.30169,1.30186,1.30169,1.30184,59310000,1
1500872460000,1500872519000,1.30184,1.30226,1.30174,1.30174,162840000,1
1500872520000,1500872579000,1.30172,1.30179,1.3017,1.30178,118460000,1
1500872580000,1500872639000,1.30178,1.30184,1.30163,1.30167,113910000,1
1500872640000,1500872699000,1.30167,1.30172,1.30159,1.30159,83670000,1
1500872700000,1500872759000,1.30159,1.30164,1.30153,1.30154,65600000,1
1500872760000,1500872819000,1.30154,1.30155,1.3015,1.30153,65120000,1
1500872820000,1500872879000,1.30153,1.30155,1.30151,1.30152,47250000,1
1500872880000,1500872939000,1.30152,1.30154,1.30152,1.30153,15000000,1
1500872940000,1500872999000,1.30153,1.30153,1.30141,1.30148,51810000,1
1500873000000,1500873059000,1.30148,1.30157,1.30148,1.30152,84900000,1
1500873060000,1500873119000,1.30152,1.30156,1.3015,1.30154,24690000,1
1500873120000,1500873179000,1.30155,1.30155,1.30149,1.30149,37040000,1
1500873180000,1500873239000,1.30149,1.30149,1.30147,1.30148,34640000,1
1500873240000,1500873299000,1.30148,1.30148,1.30142,1.30144,33980000,1
1500873300000,1500873359000,1.30144,1.30152,1.30144,1.30149,25530000,1
1500873360000,1500873419000,1.30148,1.3015,1.30138,1.30138,66880000,1
1500873420000,1500873479000,1.30138,1.30163,1.30138,1.30163,127490000,1
1500873480000,1500873539000,1.30163,1.30165,1.3016,1.30165,25870000,1
1500873540000,1500873599000,1.30166,1.30166,1.3016,1.3016,36930000,1
1500873600000,1500873659000,1.30161,1.30163,1.30159,1.30159,36920000,1
1500873660000,1500873719000,1.30159,1.30159,1.30157,1.30158,14000000,1
1500873720000,1500873779000,1.30157,1.30158,1.30155,1.30155,31000000,1
1500873780000,1500873839000,1.30156,1.30156,1.30155,1.30155,18100000,1
1500873840000,1500873899000,1.30156,1.30156,1.30155,1.30155,10700000,1
1500873900000,1500873959000,1.30159,1.30165,1.30159,1.30165,22000000,1
1500873960000,1500874019000,1.30165,1.30165,1.30152,1.30155,34770000,1
1500874020000,1500874079000,1.30153,1.30153,1.30152,1.30152,39120000,1
1500874080000,1500874139000,1.30152,1.30166,1.30152,1.30166,36700000,1
1500874140000,1500874199000,1.30164,1.30168,1.30164,1.30168,21750000,1
1500874200000,1500874259000,1.3017,1.30171,1.30163,1.30163,101910000,1
1500874260000,1500874319000,1.30162,1.30168,1.3016,1.3016,66020000,1
1500874320000,1500874379000,1.30161,1.30163,1.30159,1.30159,16060000,1
1500874380000,1500874439000,1.30158,1.30159,1.3015,1.3015,61080000,1
1500874440000,1500874499000,1.3015,1.30154,1.3015,1.3015,76120000,1
1500874500000,1500874559000,1.3015,1.30152,1.30148,1.30151,33930000,1
1500874560000,1500874619000,1.30151,1.30153,1.30149,1.30153,40100000,1
1500874620000,1500874679000,1.30153,1.30153,1.30148,1.30151,73270000,1
1500874680000,1500874739000,1.30151,1.30151,1.30139,1.30142,98070000,1
1500874740000,1500874799000,1.30142,1.30147,1.3014,1.30147,25060000,1
1500874800000,1500874859000,1.30147,1.30155,1.30146,1.30153,92050000,1
1500874860000,1500874919000,1.30152,1.30155,1.3015,1.30152,97850000,1
1500874920000,1500874979000,1.30152,1.30163,1.30152,1.30161,118090000,1
1500874980000,1500875039000,1.30161,1.30162,1.3016,1.30161,85300000,1
1500875040000,1500875099000,1.3016,1.30164,1.3016,1.30161,25310000,1
1500875100000,1500875159000,1.30166,1.30172,1.30166,1.30172,36560000,1
1500875160000,1500875219000,1.30172,1.30194,1.30172,1.30194,51710000,1
1500875220000,1500875279000,1.30194,1.30194,1.3018,1.30185,53500000,1
1500875280000,1500875339000,1.30185,1.30185,1.30184,1.30185,42000000,1
1500875340000,1500875399000,1.30183,1.30183,1.3018,1.3018,24090000,1
1500875400000,1500875459000,1.3018,1.30181,1.30177,1.30178,44470000,1
1500875460000,1500875519000,1.30178,1.30183,1.30177,1.30181,49860000,1
1500875520000,1500875579000,1.3018,1.30187,1.30178,1.30182,55310000,1
1500875580000,1500875639000,1.30182,1.30184,1.30176,1.30181,51350000,1
1500875640000,1500875699000,1.30181,1.30181,1.30174,1.30174,80340000,1
1500875700000,1500875759000,1.30177,1.30177,1.30154,1.30154,92350000,1
1500875760000,1500875819000,1.30154,1.30185,1.30153,1.30161,100630000,1
1500875820000,1500875879000,1.3016,1.30166,1.30151,1.30151,50440000,1
1500875880000,1500875939000,1.30152,1.30159,1.30148,1.30148,67000000,1
1500875940000,1500875999000,1.30148,1.30148,1.30141,1.30142,21490000,1
1500876000000,1500876059000,1.3014,1.3015,1.3014,1.30145,110030000,1
1500876060000,1500876119000,1.30141,1.30144,1.30139,1.3014,30430000,1
1500876120000,1500876179000,1.30141,1.30142,1.30139,1.3014,49090000,1
1500876180000,1500876239000,1.3014,1.30141,1.30136,1.3014,112250000,1
1500876240000,1500876299000,1.30139,1.30153,1.30139,1.30149,86420000,1
1500876300000,1500876359000,1.30149,1.30149,1.30141,1.30143,62500000,1
1500876360000,1500876419000,1.30143,1.30143,1.30096,1.30097,172390000,1
1500876420000,1500876479000,1.30097,1.301,1.3009,1.30097,54250000,1
1500876480000,1500876539000,1.30097,1.30099,1.30077,1.30077,67070000,1
1500876540000,1500876599000,1.30076,1.30103,1.30056,1.30095,104860000,1
1500876600000,1500876659000,1.30093,1.30101,1.30086,1.30089,82690000,1
1500876660000,1500876719000,1.30089,1.30092,1.30082,1.30086,56490000,1
1500876720000,1500876779000,1.30086,1.30087,1.30053,1.30054,110360000,1
1500876780000,1500876839000,1.30058,1.30063,1.30052,1.30059,86670000,1
1500876840000,1500876899000,1.30059,1.30075,1.30051,1.3007,200630000,1
1500876900000,1500876959000,1.30076,1.30082,1.30068,1.30069,69180000,1
1500876960000,1500877019000,1.30069,1.30071,1.30059,1.30068,51430000,1
1500877020000,1500877079000,1.30068,1.30068,1.30062,1.30063,65950000,1
1500877080000,1500877139000,1.30063,1.30063,1.30059,1.30061,50150000,1
1500877140000,1500877199000,1.30062,1.30062,1.30045,1.30051,47020000,1
1500877200000,1500877259000,1.30051,1.30072,1.30051,1.30072,66160000,1
1500877260000,1500877319000,1.30072,1.30073,1.30047,1.30047,119390000,1
1500877320000,1500877379000,1.30047,1.30053,1.30035,1.30036,97360000,1
1500877380000,1500877439000,1.30038,1.30047,1.30038,1.30041,73320000,1
1500877440000,1500877499000,1.30041,1.30042,1.30011,1.30022,104620000,1
1500877500000,1500877559000,1.30022,1.30039,1.3001,1.30011,173890000,1
1500877560000,1500877619000,1.3001,1.30015,1.29971,1.29981,169970000,1
1500877620000,1500877679000,1.29981,1.30004,1.29979,1.29993,106670000,1
1500877680000,1500877739000,1.29993,1.30002,1.29968,1.29979,157810000,1
1500877740000,1500877799000,1.29978,1.29998,1.29978,1.2999,76990000,1
1500877800000,1500877859000,1.2999,1.30014,1.2999,1.30001,62620000,1
1500877860000,1500877919000,1.30001,1.30017,1.3,1.30007,74400000,1
1500877920000,1500877979000,1.30007,1.30012,1.29995,1.30003,80370000,1
1500877980000,1500878039000,1.30003,1.30023,1.2999,1.29993,78570000,1
1500878040000,1500878099000,1.29993,1.3,1.29992,1.29996,71110000,1
1500878100000,1500878159000,1.29996,1.29996,1.29991,1.29995,31920000,1
1500878160000,1500878219000,1.29993,1.30001,1.29982,1.29993,53360000,1
1500878220000,1500878279000,1.29993,1.30002,1.2999,1.3,77280000,1
1500878280000,1500878339000,1.30001,1.30003,1.29993,1.29993,54860000,1
1500878340000,1500878399000,1.2999,1.29995,1.29979,1.29982,101620000,1
1500878400000,1500878459000,1.29981,1.29984,1.29966,1.29971,195340000,1
1500878460000,1500878519000,1.29972,1.29984,1.29972,1.29982,58540000,1
1500878520000,1500878579000,1.29983,1.29989,1.29979,1.29984,119910000,1
1500878580000,1500878639000,1.29984,1.30005,1.29984,1.30005,74250000,1
1500878640000,1500878699000,1.30007,1.30007,1.2998,1.29987,107540000,1
1500878700000,1500878759000,1.29988,1.29993,1.29984,1.2999,85810000,1
1500878760000,1500878819000,1.2999,1.30001,1.29974,1.2998,175180000,1
1500878820000,1500878879000,1.29979,1.29983,1.29968,1.29974,111840000,1
1500878880000,1500878939000,1.29974,1.29975,1.29963,1.29965,55100000,1
1500878940000,1500878999000,1.29965,1.29973,1.29954,1.29965,259180000,1
1500879000000,1500879059000,1.29965,1.29985,1.29965,1.29982,135080000,1
1500879060000,1500879119000,1.29981,1.30002,1.29979,1.29979,112300000,1
1500879120000,1500879179000,1.29981,1.29981,1.29972,1.29972,85180000,1
1500879180000,1500879239000,1.29972,1.29974,1.29969,1.29969,62510000,1
1500879240000,1500879299000,1.29969,1.29972,1.2996,1.29964,96240000,1
1500879300000,1500879359000,1.29969,1.2999,1.29965,1.29972,168080000,1
1500879360000,1500879419000,1.29971,1.29971,1.29955,1.2996,114320000,1
1500879420000,1500879479000,1.2996,1.2996,1.29935,1.2994,146750000,1
1500879480000,1500879539000,1.2994,1.29943,1.29918,1.29923,180000000,1
1500879540000,1500879599000,1.29923,1.29933,1.29896,1.29919,193070000,1
1500879600000,1500879659000,1.29916,1.29964,1.29894,1.29961,201210000,1
1500879660000,1500879719000,1.29963,1.29981,1.29943,1.29981,123300000,1
1500879720000,1500879779000,1.29983,1.30027,1.29983,1.30024,195150000,1
1500879780000,1500879839000,1.30023,1.3004,1.30018,1.3004,88130000,1
1500879840000,1500879899000,1.30039,1.30053,1.30025,1.30053,137230000,1
1500879900000,1500879959000,1.30052,1.30057,1.30041,1.30054,120240000,1
1500879960000,1500880019000,1.30054,1.30063,1.30033,1.30051,126700000,1
1500880020000,1500880079000,1.30051,1.30073,1.30045,1.30062,186980000,1
1500880080000,1500880139000,1.30063,1.30074,1.30055,1.30055,106190000,1
1500880140000,1500880199000,1.30057,1.30057,1.3004,1.30044,91990000,1
1500880200000,1500880259000,1.30045,1.30056,1.30034,1.30042,230800000,1
1500880260000,1500880319000,1.3004,1.30068,1.30032,1.30068,149060000,1
1500880320000,1500880379000,1.30074,1.30085,1.30052,1.30085,179700000,1
1500880380000,1500880439000,1.30081,1.30085,1.30048,1.30048,107480000,1
1500880440000,1500880499000,1.30048,1.30053,1.30046,1.30053,101170000,1
1500880500000,1500880559000,1.30053,1.30086,1.30052,1.30082,144490000,1
1500880560000,1500880619000,1.30081,1.30082,1.3006,1.30065,146080000,1
1500880620000,1500880679000,1.30065,1.30086,1.30056,1.30083,107560000,1
1500880680000,1500880739000,1.30083,1.30091,1.30064,1.30076,151280000,1
1500880740000,1500880799000,1.30077,1.30107,1.30077,1.30103,311360000,1
1500880800000,1500880859000,1.30103,1.30157,1.30102,1.30136,200730000,1
1500880860000,1500880919000,1.30137,1.30157,1.30103,1.30111,152070000,1
1500880920000,1500880979000,1.30113,1.30154,1.30113,1.3014,139140000,1
1500880980000,1500881039000,1.30141,1.30147,1.30135,1.30142,51260000,1
1500881040000,1500881099000,1.30142,1.30142,1.30126,1.30134,51920000,1
1500881100000,1500881159000,1.30132,1.30134,1.30101,1.30101,83540000,1
1500881160000,1500881219000,1.30101,1.30124,1.3003,1.30052,182570000,1
1500881220000,1500881279000,1.30052,1.30056,1.30045,1.30054,70630000,1
1500881280000,1500881339000,1.30054,1.30074,1.30054,1.30067,122040000,1
1500881340000,1500881399000,1.30065,1.30092,1.30062,1.30071,173850000,1
1500881400000,1500881459000,1.3007,1.30107,1.30063,1.30086,340010000,1
1500881460000,1500881519000,1.30085,1.30085,1.30064,1.30082,294970000,1
1500881520000,1500881579000,1.30082,1.30083,1.2999,1.29991,238670000,1
1500881580000,1500881639000,1.29991,1.30101,1.2998,1.3007,376130000,1
1500881640000,1500881699000,1.3007,1.30094,1.30054,1.30063,351120000,1
1500881700000,1500881759000,1.30063,1.30103,1.30063,1.30092,202040000,1
1500881760000,1500881819000,1.30091,1.30114,1.30085,1.30113,225410000,1
1500881820000,1500881879000,1.30117,1.30163,1.30117,1.30142,215530000,1
1500881880000,1500881939000,1.30141,1.30141,1.30102,1.30102,125400000,1
1500881940000,1500881999000,1.30102,1.30134,1.30102,1.30133,155210000,1
1500882000000,1500882059000,1.30133,1.30133,1.30099,1.30122,125400000,1
1500882060000,1500882119000,1.30125,1.30135,1.30106,1.30125,91240000,1
1500882120000,1500882179000,1.30124,1.30125,1.30119,1.30123,51980000,1
1500882180000,1500882239000,1.30122,1.30137,1.30117,1.30118,54740000,1
1500882240000,1500882299000,1.30118,1.30129,1.30107,1.30113,99660000,1
1500882300000,1500882359000,1.30112,1.30122,1.30084,1.30122,247990000,1
1500882360000,1500882419000,1.30124,1.30133,1.30103,1.30104,159150000,1
1500882420000,1500882479000,1.30101,1.30111,1.3007,1.30109,172160000,1
1500882480000,1500882539000,1.3011,1.30118,1.30105,1.30114,95490000,1
1500882540000,1500882599000,1.30113,1.30115,1.30078,1.30082,99430000,1
1500882600000,1500882659000,1.30081,1.30101,1.30079,1.30101,81450000,1
1500882660000,1500882719000,1.30102,1.30111,1.30098,1.30101,76390000,1
1500882720000,1500882779000,1.30101,1.30114,1.30101,1.30105,71080000,1
1500882780000,1500882839000,1.30104,1.30105,1.30096,1.30103,70430000,1
1500882840000,1500882899000,1.30102,1.30114,1.30102,1.30112,73690000,1
1500882900000,1500882959000,1.30113,1.30114,1.30108,1.30111,121560000,1
1500882960000,1500883019000,1.30112,1.30122,1.30105,1.30121,37330000,1
1500883020000,1500883079000,1.30123,1.30138,1.30122,1.30132,61080000,1
1500883080000,1500883139000,1.30132,1.30143,1.30132,1.30136,74510000,1
1500883140000,1500883199000,1.30137,1.30143,1.30122,1.30135,112340000,1
1500883200000,1500883259000,1.30134,1.30155,1.30132,1.30142,116940000,1
1500883260000,1500883319000,1.30142,1.30144,1.30141,1.30144,33850000,1
1500883320000,1500883379000,1.30144,1.30144,1.3013,1.30142,60830000,1
1500883380000,1500883439000,1.30142,1.30143,1.30126,1.30132,100210000,1
1500883440000,1500883499000,1.30133,1.30134,1.30125,1.30126,44920000,1
1500883500000,1500883559000,1.30126,1.30134,1.30112,1.30112,100890000,1
1500883560000,1500883619000,1.30113,1.30137,1.30093,1.30112,129710000,1
1500883620000,1500883679000,1.30112,1.30121,1.30096,1.3011,94680000,1
1500883680000,1500883739000,1.30111,1.30119,1.30084,1.30091,132680000,1
1500883740000,1500883799000,1.3009,1.30111,1.30083,1.30101,64220000,1
1500883800000,1500883859000,1.30101,1.30102,1.30091,1.30092,64150000,1
1500883860000,1500883919000,1.30092,1.30092,1.30061,1.3007,138970000,1
1500883920000,1500883979000,1.30068,1.30074,1.30051,1.30062,106440000,1
1500883980000,1500884039000,1.30062,1.30072,1.30059,1.30071,45350000,1
1500884040000,1500884099000,1.30072,1.30076,1.30052,1.30052,61030000,1
1500884100000,1500884159000,1.30052,1.30066,1.30051,1.30064,69220000,1
1500884160000,1500884219000,1.30067,1.30076,1.30052,1.30052,73770000,1
1500884220000,1500884279000,1.30052,1.3006,1.3005,1.3006,72950000,1
1500884280000,1500884339000,1.3006,1.3007,1.30053,1.30069,54820000,1
1500884340000,1500884399000,1.30066,1.30066,1.3005,1.30062,94190000,1
1500884400000,1500884459000,1.3007,1.30083,1.30065,1.30081,84560000,1
1500884460000,1500884519000,1.30082,1.30134,1.30082,1.30133,85730000,1
1500884520000,1500884579000,1.30133,1.30152,1.30123,1.30143,116480000,1
1500884580000,1500884639000,1.30143,1.30154,1.3014,1.30145,90320000,1
1500884640000,1500884699000,1.30149,1.30167,1.30148,1.30164,63770000,1
1500884700000,1500884759000,1.30163,1.30175,1.30147,1.30163,113440000,1
1500884760000,1500884819000,1.30166,1.30176,1.30157,1.30157,111600000,1
1500884820000,1500884879000,1.30157,1.30157,1.30141,1.30143,114360000,1
1500884880000,1500884939000,1.30142,1.30152,1.30138,1.30149,96100000,1
1500884940000,1500884999000,1.30149,1.30164,1.30148,1.30149,90480000,1
1500885000000,1500885059000,1.30144,1.3015,1.30101,1.30102,119220000,1
1500885060000,1500885119000,1.30101,1.30104,1.30092,1.30094,66940000,1
1500885120000,1500885179000,1.30093,1.30093,1.3008,1.30083,78890000,1
1500885180000,1500885239000,1.30083,1.30083,1.3006,1.3006,84170000,1
1500885240000,1500885299000,1.30063,1.30067,1.30051,1.3006,110750000,1
1500885300000,1500885359000,1.30062,1.30062,1.30032,1.30052,98520000,1
1500885360000,1500885419000,1.30054,1.30122,1.30054,1.30114,188860000,1
1500885420000,1500885479000,1.30114,1.30166,1.30114,1.30165,105470000,1
1500885480000,1500885539000,1.30168,1.30175,1.3016,1.30175,52210000,1
1500885540000,1500885599000,1.30175,1.30214,1.30141,1.30152,162140000,1
1500885600000,1500885659000,1.30152,1.30152,1.30131,1.30142,68330000,1
1500885660000,1500885719000,1.30144,1.30163,1.30142,1.30143,88620000,1
1500885720000,1500885779000,1.30146,1.30245,1.30137,1.30244,214740000,1
1500885780000,1500885839000,1.3024,1.30279,1.30233,1.30239,191070000,1
1500885840000,1500885899000,1.30238,1.30245,1.30202,1.30223,169830000,1
1500885900000,1500885959000,1.30223,1.30242,1.30211,1.30226,109170000,1
1500885960000,1500886019000,1.30226,1.30251,1.30221,1.30245,98840000,1
1500886020000,1500886079000,1.30245,1.30245,1.30204,1.30204,97670000,1
1500886080000,1500886139000,1.30202,1.30216,1.30197,1.30202,122000000,1
1500886140000,1500886199000,1.30199,1.30216,1.30192,1.30199,158570000,1
1500886200000,1500886259000,1.30201,1.30202,1.3018,1.3019,124510000,1
1500886260000,1500886319000,1.30191,1.30191,1.30177,1.30191,73870000,1
1500886320000,1500886379000,1.30191,1.30195,1.30185,1.30194,89270000,1
1500886380000,1500886439000,1.30193,1.30202,1.3019,1.3019,205240000,1
1500886440000,1500886499000,1.30193,1.30207,1.3019,1.30204,108020000,1
1500886500000,1500886559000,1.30203,1.30224,1.30201,1.30224,36750000,1
1500886560000,1500886619000,1.30224,1.30254,1.30216,1.30248,77850000,1
1500886620000,1500886679000,1.30248,1.30261,1.30225,1.30254,137000000,1
1500886680000,1500886739000,1.30258,1.30292,1.30258,1.30272,203410000,1
1500886740000,1500886799000,1.30271,1.30274,1.30249,1.30271,108800000,1
1500886800000,1500886859000,1.30269,1.30371,1.30269,1.30367,190940000,1
1500886860000,1500886919000,1.30367,1.30377,1.30341,1.30367,166050000,1
1500886920000,1500886979000,1.30364,1.30366,1.30346,1.30353,198160000,1
1500886980000,1500887039000,1.30355,1.30421,1.30353,1.30411,279850000,1
1500887040000,1500887099000,1.3041,1.30461,1.3041,1.30431,267380000,1
1500887100000,1500887159000,1.3043,1.3043,1.30376,1.30379,178270000,1
1500887160000,1500887219000,1.30378,1.30402,1.30373,1.3038,116010000,1
1500887220000,1500887279000,1.30379,1.30382,1.3034,1.30346,201020000,1
1500887280000,1500887339000,1.30346,1.30346,1.30321,1.30339,148290000,1
1500887340000,1500887399000,1.30339,1.30364,1.30331,1.30352,128400000,1
1500887400000,1500887459000,1.30352,1.30392,1.30343,1.30388,181140000,1
1500887460000,1500887519000,1.30391,1.30415,1.3039,1.30409,145050000,1
1500887520000,1500887579000,1.30409,1.30422,1.30398,1.30422,109390000,1
1500887580000,1500887639000,1.30423,1.30431,1.304,1.3041,133970000,1
1500887640000,1500887699000,1.30408,1.30422,1.30391,1.30422,150440000,1
1500887700000,1500887759000,1.30423,1.30423,1.30406,1.30421,143290000,1
1500887760000,1500887819000,1.30421,1.30432,1.3041,1.30431,133250000,1
1500887820000,1500887879000,1.30431,1.30488,1.3043,1.30487,176820000,1
1500887880000,1500887939000,1.30471,1.30471,1.30438,1.30452,152890000,1
1500887940000,1500887999000,1.30452,1.30452,1.30418,1.30426,154950000,1
1500888000000,1500888059000,1.30423,1.3043,1.30419,1.3042,114670000,1
1500888060000,1500888119000,1.30421,1.30421,1.30401,1.3041,95710000,1
1500888120000,1500888179000,1.3041,1.30411,1.30401,1.30411,92620000,1
1500888180000,1500888239000,1.30409,1.30412,1.30399,1.30401,88810000,1
1500888240000,1500888299000,1.30401,1.30401,1.30391,1.30392,56510000,1
1500888300000,1500888359000,1.30391,1.3042,1.30391,1.3041,117020000,1
1500888360000,1500888419000,1.3041,1.30411,1.30408,1.30411,65470000,1
1500888420000,1500888479000,1.30411,1.30414,1.30401,1.30402,128450000,1
1500888480000,1500888539000,1.304,1.30409,1.30392,1.30402,120520000,1
1500888540000,1500888599000,1.30402,1.30403,1.30395,1.30395,35810000,1
1500888600000,1500888659000,1.30395,1.30403,1.30393,1.30402,81220000,1
1500888660000,1500888719000,1.30402,1.30421,1.30394,1.3042,184170000,1
1500888720000,1500888779000,1.3042,1.30443,1.30417,1.30428,144220000,1
1500888780000,1500888839000,1.30428,1.30452,1.30422,1.3044,121740000,1
1500888840000,1500888899000,1.30439,1.30447,1.30421,1.30425,168250000,1
1500888900000,1500888959000,1.30427,1.30465,1.30427,1.30463,131520000,1
1500888960000,1500889019000,1.30463,1.30474,1.30436,1.3044,101260000,1
1500889020000,1500889079000,1.30441,1.30445,1.30433,1.30436,59930000,1
1500889080000,1500889139000,1.30434,1.30434,1.30411,1.3043,106770000,1
1500889140000,1500889199000,1.30429,1.30434,1.30417,1.30419,87650000,1
1500889200000,1500889259000,1.30419,1.30423,1.30409,1.30414,77080000,1
1500889260000,1500889319000,1.30413,1.30417,1.30399,1.30413,73490000,1
1500889320000,1500889379000,1.30415,1.30427,1.30406,1.30409,98130000,1
1500889380000,1500889439000,1.30409,1.30409,1.30389,1.30407,161430000,1
1500889440000,1500889499000,1.30406,1.30409,1.30379,1.30392,120960000,1
1500889500000,1500889559000,1.30392,1.30415,1.30381,1.304,142380000,1
1500889560000,1500889619000,1.304,1.30401,1.30382,1.30382,124910000,1
1500889620000,1500889679000,1.30382,1.30442,1.30382,1.30429,137460000,1
1500889680000,1500889739000,1.30428,1.30455,1.30428,1.3045,215940000,1
1500889740000,1500889799000,1.3045,1.3045,1.30419,1.30421,125740000,1
1500889800000,1500889859000,1.30421,1.30421,1.30389,1.3039,142780000,1
1500889860000,1500889919000,1.30385,1.30391,1.30372,1.3039,150180000,1
1500889920000,1500889979000,1.30391,1.30399,1.30377,1.3039,74270000,1
1500889980000,1500890039000,1.30391,1.30412,1.30391,1.30401,60410000,1
1500890040000,1500890099000,1.30402,1.30407,1.30398,1.30399,56090000,1
1500890100000,1500890159000,1.30402,1.30403,1.30384,1.30384,56360000,1
1500890160000,1500890219000,1.30384,1.30391,1.30376,1.30386,76440000,1
1500890220000,1500890279000,1.30384,1.30385,1.3037,1.30371,62410000,1
1500890280000,1500890339000,1.30371,1.30371,1.3036,1.30361,55090000,1
1500890340000,1500890399000,1.30361,1.30393,1.30361,1.30391,48090000,1
1500890400000,1500890459000,1.30391,1.30392,1.30378,1.30382,119520000,1
1500890460000,1500890519000,1.30384,1.3043,1.30384,1.30393,122030000,1
1500890520000,1500890579000,1.30393,1.30397,1.30388,1.30391,78280000,1
1500890580000,1500890639000,1.30389,1.30397,1.30364,1.30371,89630000,1
1500890640000,1500890699000,1.30371,1.30371,1.30338,1.3034,163550000,1
1500890700000,1500890759000,1.3034,1.30354,1.3034,1.30351,141380000,1
1500890760000,1500890819000,1.30351,1.30389,1.30349,1.30381,100220000,1
1500890820000,1500890879000,1.30383,1.30396,1.3038,1.3039,119470000,1
1500890880000,1500890939000,1.3039,1.30393,1.3037,1.30374,137150000,1
1500890940000,1500890999000,1.30372,1.30392,1.30372,1.30382,100590000,1
1500891000000,1500891059000,1.30385,1.30402,1.30384,1.30401,209490000,1
1500891060000,1500891119000,1.304,1.30406,1.30387,1.30393,127620000,1
1500891120000,1500891179000,1.30393,1.30424,1.3039,1.30414,91530000,1
1500891180000,1500891239000,1.30414,1.30414,1.30381,1.30385,160940000,1
1500891240000,1500891299000,1.30385,1.30394,1.30348,1.30351,181840000,1
1500891300000,1500891359000,1.30352,1.30352,1.3032,1.3032,139670000,1
1500891360000,1500891419000,1.3032,1.30343,1.3032,1.30334,125150000,1
1500891420000,1500891479000,1.30334,1.3034,1.30319,1.3032,56790000,1
1500891480000,1500891539000,1.30324,1.30332,1.30323,1.30332,71360000,1
1500891540000,1500891599000,1.30333,1.30335,1.30322,1.30335,57820000,1
1500891600000,1500891659000,1.30335,1.30335,1.30321,1.30321,59390000,1
1500891660000,1500891719000,1.30323,1.30341,1.30319,1.30328,132820000,1
1500891720000,1500891779000,1.30329,1.30333,1.30328,1.30331,74280000,1
1500891780000,1500891839000,1.30331,1.30339,1.30328,1.30338,67310000,1
1500891840000,1500891899000,1.30338,1.30359,1.30338,1.30353,69240000,1
1500891900000,1500891959000,1.30356,1.3036,1.30344,1.30353,53180000,1
1500891960000,1500892019000,1.30353,1.30353,1.30342,1.30347,79720000,1
1500892020000,1500892079000,1.30345,1.30348,1.30319,1.30324,81220000,1
1500892080000,1500892139000,1.30322,1.30326,1.30309,1.30311,145990000,1
1500892140000,1500892199000,1.30309,1.30311,1.30291,1.30297,148990000,1
1500892200000,1500892259000,1.30297,1.3032,1.3029,1.3031,220060000,1
1500892260000,1500892319000,1.3031,1.30316,1.30309,1.30315,49800000,1
1500892320000,1500892379000,1.30317,1.30331,1.30311,1.30331,42240000,1
1500892380000,1500892439000,1.30331,1.30331,1.3032,1.30322,99350000,1
1500892440000,1500892499000,1.30323,1.30325,1.30314,1.30323,86620000,1
1500892500000,1500892559000,1.30323,1.30334,1.30323,1.30331,68980000,1
1500892560000,1500892619000,1.30332,1.30343,1.3033,1.30331,71550000,1
1500892620000,1500892679000,1.3033,1.30353,1.3033,1.30353,93120000,1
1500892680000,1500892739000,1.30354,1.30385,1.30354,1.30379,113290000,1
1500892740000,1500892799000,1.3038,1.3038,1.30371,1.30372,75120000,1
1500892800000,1500892859000,1.30375,1.30383,1.30368,1.30374,73340000,1
1500892860000,1500892919000,1.30374,1.30377,1.30367,1.30367,59120000,1
1500892920000,1500892979000,1.30367,1.30374,1.30361,1.30361,121300000,1
1500892980000,1500893039000,1.30362,1.30381,1.30362,1.30379,62430000,1
1500893040000,1500893099000,1.30379,1.30382,1.3036,1.3036,57620000,1
1500893100000,1500893159000,1.30361,1.30361,1.30337,1.30352,78640000,1
1500893160000,1500893219000,1.30352,1.30363,1.30338,1.3034,102840000,1
1500893220000,1500893279000,1.30341,1.30347,1.30332,1.30345,113550000,1
1500893280000,1500893339000,1.30345,1.30347,1.3034,1.30342,45350000,1
1500893340000,1500893399000,1.30344,1.30371,1.30344,1.30363,100710000,1
1500893400000,1500893459000,1.30363,1.30374,1.30356,1.30374,60170000,1
1500893460000,1500893519000,1.30374,1.30378,1.30364,1.30378,25500000,1
1500893520000,1500893579000,1.30378,1.30378,1.30363,1.30371,55220000,1
1500893580000,1500893639000,1.30374,1.30383,1.30352,1.30352,72130000,1
1500893640000,1500893699000,1.30351,1.3037,1.30346,1.3037,58010000,1
1500893700000,1500893759000,1.3037,1.30375,1.30367,1.30375,49150000,1
1500893760000,1500893819000,1.30376,1.30398,1.30376,1.30398,72620000,1
1500893820000,1500893879000,1.30397,1.30402,1.3037,1.30382,83960000,1
1500893880000,1500893939000,1.30382,1.30391,1.30359,1.30362,97380000,1
1500893940000,1500893999000,1.30363,1.3038,1.30341,1.30342,131490000,1
1500894000000,1500894059000,1.30343,1.30356,1.30333,1.30334,129280000,1
1500894060000,1500894119000,1.30335,1.3034,1.30312,1.30322,99500000,1
1500894120000,1500894179000,1.30321,1.30328,1.30312,1.30323,157170000,1
1500894180000,1500894239000,1.30323,1.3033,1.30321,1.3033,166130000,1
1500894240000,1500894299000,1.30328,1.3033,1.30321,1.30326,110760000,1
1500894300000,1500894359000,1.30325,1.30333,1.30323,1.30333,116470000,1
1500894360000,1500894419000,1.30332,1.30334,1.30331,1.30334,36120000,1
1500894420000,1500894479000,1.30333,1.30333,1.30328,1.30332,27750000,1
1500894480000,1500894539000,1.30332,1.30348,1.30332,1.30342,84550000,1
1500894540000,1500894599000,1.30343,1.30343,1.30322,1.30323,74020000,1
1500894600000,1500894659000,1.30322,1.30323,1.30322,1.30322,37800000,1
1500894660000,1500894719000,1.30323,1.30343,1.30318,1.30334,86080000,1
1500894720000,1500894779000,1.30333,1.3034,1.30329,1.30337,407560000,1
1500894780000,1500894839000,1.30336,1.30363,1.30333,1.30363,324290000,1
1500894840000,1500894899000,1.30361,1.30366,1.30355,1.30362,89390000,1
1500894900000,1500894959000,1.3036,1.30362,1.30352,1.30354,120540000,1
1500894960000,1500895019000,1.30354,1.30358,1.30344,1.30357,189420000,1
1500895020000,1500895079000,1.30359,1.30365,1.30359,1.30363,63560000,1
1500895080000,1500895139000,1.30365,1.30382,1.30363,1.30382,49640000,1
1500895140000,1500895199000,1.30382,1.30384,1.3038,1.30384,30970000,1
1500895200000,1500895259000,1.30383,1.30384,1.3038,1.30382,67370000,1
1500895260000,1500895319000,1.30381,1.30384,1.30377,1.30382,65020000,1
1500895320000,1500895379000,1.30381,1.30387,1.30381,1.30382,40650000,1
1500895380000,1500895439000,1.30383,1.30384,1.30371,1.30383,69980000,1
1500895440000,1500895499000,1.3038,1.30383,1.30372,1.30372,68470000,1
1500895500000,1500895559000,1.30372,1.30373,1.30345,1.30347,129250000,1
1500895560000,1500895619000,1.30348,1.30348,1.30322,1.30331,73880000,1
1500895620000,1500895679000,1.3033,1.30335,1.3032,1.30321,89050000,1
1500895680000,1500895739000,1.30321,1.30339,1.30319,1.30319,110510000,1
1500895740000,1500895799000,1.3032,1.30323,1.30311,1.30317,102950000,1
1500895800000,1500895859000,1.30318,1.30322,1.3031,1.3032,86650000,1
1500895860000,1500895919000,1.3032,1.3032,1.303,1.30303,95960000,1
1500895920000,1500895979000,1.30303,1.30313,1.30301,1.30309,96930000,1
1500895980000,1500896039000,1.30309,1.30371,1.30309,1.30364,107250000,1
1500896040000,1500896099000,1.30362,1.30364,1.30346,1.30362,116100000,1
1500896100000,1500896159000,1.30361,1.30369,1.30349,1.30362,99980000,1
1500896160000,1500896219000,1.30362,1.30384,1.30361,1.30383,66200000,1
1500896220000,1500896279000,1.30382,1.30387,1.30378,1.30383,60220000,1
1500896280000,1500896339000,1.30383,1.30384,1.30372,1.30379,49990000,1
1500896340000,1500896399000,1.30378,1.30381,1.30356,1.30365,92460000,1
1500896400000,1500896459000,1.30366,1.30373,1.3035,1.30359,83280000,1
1500896460000,1500896519000,1.30359,1.30364,1.30351,1.30364,92330000,1
1500896520000,1500896579000,1.30364,1.30383,1.30354,1.30371,162820000,1
1500896580000,1500896639000,1.3037,1.30372,1.30363,1.30363,69590000,1
1500896640000,1500896699000,1.30364,1.30373,1.30364,1.30372,76940000,1
1500896700000,1500896759000,1.30371,1.30382,1.30371,1.30382,67340000,1
1500896760000,1500896819000,1.30381,1.30383,1.3036,1.30381,103700000,1
1500896820000,1500896879000,1.30387,1.30399,1.30383,1.30396,147380000,1
1500896880000,1500896939000,1.30396,1.30401,1.30377,1.30381,93710000,1
1500896940000,1500896999000,1.30381,1.30381,1.30351,1.30351,125360000,1
1500897000000,1500897059000,1.30352,1.30371,1.30351,1.30361,121970000,1
1500897060000,1500897119000,1.30362,1.3038,1.30361,1.30362,108960000,1
1500897120000,1500897179000,1.30363,1.30364,1.30349,1.30351,91250000,1
1500897180000,1500897239000,1.30351,1.30356,1.3035,1.30356,40550000,1
1500897240000,1500897299000,1.30356,1.30375,1.30356,1.30362,97090000,1
1500897300000,1500897359000,1.30363,1.30373,1.30363,1.30373,78470000,1
1500897360000,1500897419000,1.30372,1.30389,1.30372,1.30383,101310000,1
1500897420000,1500897479000,1.30382,1.30383,1.30362,1.30362,119880000,1
1500897480000,1500897539000,1.30363,1.30363,1.3035,1.3035,106460000,1
1500897540000,1500897599000,1.3035,1.30353,1.30348,1.30352,49090000,1
1500897600000,1500897659000,1.30353,1.30382,1.30352,1.30381,113110000,1
1500897660000,1500897719000,1.30379,1.30396,1.30371,1.30373,129750000,1
1500897720000,1500897779000,1.30372,1.30381,1.30372,1.30372,85320000,1
1500897780000,1500897839000,1.30373,1.30373,1.3037,1.30371,22250000,1
1500897840000,1500897899000,1.3037,1.30371,1.30339,1.30347,67820000,1
1500897900000,1500897959000,1.30349,1.30354,1.30338,1.3034,106030000,1
1500897960000,1500898019000,1.30341,1.30346,1.30331,1.30334,100150000,1
1500898020000,1500898079000,1.30334,1.30342,1.30328,1.30337,82390000,1
1500898080000,1500898139000,1.30338,1.30339,1.30328,1.30328,42480000,1
1500898140000,1500898199000,1.30327,1.30328,1.30308,1.30319,129250000,1
1500898200000,1500898259000,1.30319,1.30327,1.30317,1.30321,106800000,1
1500898260000,1500898319000,1.30324,1.30337,1.30321,1.30323,71570000,1
1500898320000,1500898379000,1.30323,1.30334,1.30323,1.3033,123700000,1
1500898380000,1500898439000,1.3033,1.30336,1.30324,1.30336,62330000,1
1500898440000,1500898499000,1.30336,1.30371,1.30336,1.3036,135870000,1
1500898500000,1500898559000,1.3036,1.30371,1.30359,1.3037,87210000,1
1500898560000,1500898619000,1.3037,1.30375,1.30354,1.30368,133170000,1
1500898620000,1500898679000,1.30369,1.30371,1.30351,1.30351,171860000,1
1500898680000,1500898739000,1.30351,1.30351,1.3032,1.30335,135170000,1
1500898740000,1500898799000,1.30333,1.30336,1.30308,1.30312,105040000,1
1500898800000,1500898859000,1.3031,1.30327,1.30302,1.30312,147850000,1
1500898860000,1500898919000,1.30313,1.30313,1.30285,1.30286,149600000,1
1500898920000,1500898979000,1.30285,1.30299,1.3028,1.30298,172350000,1
1500898980000,1500899039000,1.30298,1.30302,1.30282,1.30301,136400000,1
1500899040000,1500899099000,1.303,1.30308,1.3029,1.30298,83350000,1
1500899100000,1500899159000,1.30299,1.3032,1.30292,1.30319,120010000,1
1500899160000,1500899219000,1.3032,1.30341,1.30319,1.30322,108780000,1
1500899220000,1500899279000,1.30322,1.30326,1.30289,1.30298,148530000,1
1500899280000,1500899339000,1.30298,1.30299,1.30286,1.30289,113130000,1
1500899340000,1500899399000,1.30289,1.30303,1.30287,1.30303,63380000,1
1500899400000,1500899459000,1.30303,1.30333,1.30303,1.30329,127290000,1
1500899460000,1500899519000,1.30329,1.30337,1.30325,1.30336,52840000,1
1500899520000,1500899579000,1.30339,1.30339,1.30329,1.3033,60850000,1
1500899580000,1500899639000,1.3033,1.30345,1.3033,1.3034,164600000,1
1500899640000,1500899699000,1.3034,1.30343,1.30334,1.3034,131410000,1
1500899700000,1500899759000,1.3034,1.30343,1.30339,1.3034,32330000,1
1500899760000,1500899819000,1.30339,1.30358,1.30339,1.30354,94310000,1
1500899820000,1500899879000,1.30353,1.30373,1.3035,1.30352,79200000,1
1500899880000,1500899939000,1.30352,1.30368,1.30338,1.30368,126430000,1
1500899940000,1500899999000,1.30368,1.3037,1.3035,1.30353,56910000,1
1500900000000,1500900059000,1.30353,1.30367,1.30342,1.30357,60870000,1
1500900060000,1500900119000,1.30358,1.30358,1.30328,1.3033,117140000,1
1500900120000,1500900179000,1.30332,1.30332,1.30308,1.30308,85590000,1
1500900180000,1500900239000,1.30308,1.30318,1.30299,1.303,104690000,1
1500900240000,1500900299000,1.30299,1.30303,1.30298,1.303,114030000,1
1500900300000,1500900359000,1.30298,1.30308,1.30289,1.30307,92870000,1
1500900360000,1500900419000,1.30307,1.30323,1.30302,1.30321,59260000,1
1500900420000,1500900479000,1.30321,1.30325,1.303,1.30312,117410000,1
1500900480000,1500900539000,1.30312,1.30321,1.30298,1.303,100460000,1
1500900540000,1500900599000,1.30301,1.30301,1.30294,1.30298,97630000,1
1500900600000,1500900659000,1.30297,1.30318,1.30297,1.30309,112760000,1
1500900660000,1500900719000,1.30309,1.30309,1.30295,1.30295,85960000,1
1500900720000,1500900779000,1.30294,1.30296,1.30292,1.30295,69110000,1
1500900780000,1500900839000,1.30294,1.30297,1.30288,1.3029,98980000,1
1500900840000,1500900899000,1.30291,1.30307,1.30291,1.30294,57830000,1
1500900900000,1500900959000,1.30295,1.30296,1.30276,1.3028,149170000,1
1500900960000,1500901019000,1.30279,1.30281,1.30277,1.30278,33420000,1
1500901020000,1500901079000,1.30278,1.30282,1.30277,1.30279,73990000,1
1500901080000,1500901139000,1.30279,1.30287,1.30273,1.30279,67150000,1
1500901140000,1500901199000,1.30277,1.30277,1.30267,1.30267,80950000,1
1500901200000,1500901259000,1.30267,1.30294,1.30267,1.3028,128190000,1
1500901260000,1500901319000,1.30279,1.30281,1.3027,1.30274,87960000,1
1500901320000,1500901379000,1.30274,1.30301,1.30271,1.30283,89190000,1
1500901380000,1500901439000,1.30281,1.30282,1.3025,1.3025,102610000,1
1500901440000,1500901499000,1.30251,1.30251,1.30238,1.30248,152380000,1
1500901500000,1500901559000,1.30248,1.30255,1.30244,1.30246,80070000,1
1500901560000,1500901619000,1.30246,1.30253,1.3024,1.30244,100390000,1
1500901620000,1500901679000,1.30244,1.30244,1.30231,1.30238,57150000,1
1500901680000,1500901739000,1.30237,1.30244,1.30237,1.30241,67000000,1
1500901740000,1500901799000,1.30242,1.30242,1.30231,1.3024,60410000,1
1500901800000,1500901859000,1.30235,1.30242,1.30229,1.30232,94520000,1
1500901860000,1500901919000,1.30232,1.30243,1.30231,1.30243,81020000,1
1500901920000,1500901979000,1.3024,1.3026,1.3024,1.3026,81630000,1
1500901980000,1500902039000,1.30261,1.30274,1.3026,1.3027,66130000,1
1500902040000,1500902099000,1.3027,1.30279,1.30267,1.30276,74220000,1
1500902100000,1500902159000,1.30276,1.30277,1.30269,1.30274,75050000,1
1500902160000,1500902219000,1.30274,1.30281,1.30269,1.3027,57460000,1
1500902220000,1500902279000,1.30269,1.30304,1.30269,1.303,78170000,1
1500902280000,1500902339000,1.303,1.30306,1.3029,1.30291,83650000,1
1500902340000,1500902399000,1.30291,1.30316,1.30284,1.3031,64010000,1
1500902400000,1500902459000,1.30308,1.30308,1.30299,1.30303,83620000,1
1500902460000,1500902519000,1.30303,1.30312,1.30299,1.30301,66370000,1
1500902520000,1500902579000,1.30301,1.30302,1.30298,1.303,73030000,1
1500902580000,1500902639000,1.30299,1.30301,1.30294,1.30298,61510000,1
1500902640000,1500902699000,1.30298,1.303,1.30279,1.30279,87450000,1
1500902700000,1500902759000,1.3028,1.3028,1.30259,1.30261,77240000,1
1500902760000,1500902819000,1.30261,1.30261,1.30234,1.3025,154540000,1
1500902820000,1500902879000,1.3025,1.30273,1.30249,1.30268,115260000,1
1500902880000,1500902939000,1.30269,1.30274,1.30244,1.30253,66120000,1
1500902940000,1500902999000,1.30253,1.30263,1.30252,1.30263,66490000,1
1500903000000,1500903059000,1.30262,1.30306,1.30262,1.30292,124330000,1
1500903060000,1500903119000,1.30292,1.30325,1.3029,1.30312,101840000,1
1500903120000,1500903179000,1.30312,1.30312,1.30294,1.30303,88170000,1
1500903180000,1500903239000,1.30302,1.30303,1.30269,1.30269,131860000,1
1500903240000,1500903299000,1.30272,1.30275,1.30245,1.3025,150990000,1
1500903300000,1500903359000,1.30249,1.30251,1.30199,1.30219,182460000,1
1500903360000,1500903419000,1.30219,1.30224,1.3021,1.3021,53300000,1
1500903420000,1500903479000,1.3021,1.30223,1.3021,1.30222,83900000,1
1500903480000,1500903539000,1.30223,1.30231,1.30208,1.30212,78630000,1
1500903540000,1500903599000,1.30212,1.30212,1.30201,1.30208,73880000,1
1500903600000,1500903659000,1.30208,1.30254,1.30203,1.30254,141990000,1
1500903660000,1500903719000,1.30254,1.30265,1.30252,1.30263,93450000,1
1500903720000,1500903779000,1.30263,1.3027,1.30243,1.30251,166930000,1
1500903780000,1500903839000,1.3025,1.3025,1.30231,1.30235,116180000,1
1500903840000,1500903899000,1.30235,1.30248,1.3022,1.3023,162960000,1
1500903900000,1500903959000,1.3023,1.30241,1.30202,1.30228,260210000,1
1500903960000,1500904019000,1.3023,1.30242,1.3022,1.30241,173750000,1
1500904020000,1500904079000,1.30241,1.30251,1.30226,1.3025,169150000,1
1500904080000,1500904139000,1.30251,1.30262,1.30241,1.30251,126740000,1
1500904140000,1500904199000,1.30249,1.30253,1.30229,1.3024,168340000,1
1500904200000,1500904259000,1.30239,1.30251,1.30239,1.3025,64260000,1
1500904260000,1500904319000,1.30252,1.30259,1.3024,1.3024,138570000,1
1500904320000,1500904379000,1.30241,1.30253,1.30238,1.30253,91860000,1
1500904380000,1500904439000,1.30253,1.30263,1.30251,1.3026,118220000,1
1500904440000,1500904499000,1.3026,1.3027,1.30254,1.3027,101810000,1
1500904500000,1500904559000,1.3027,1.30289,1.30268,1.30289,85570000,1
1500904560000,1500904619000,1.30289,1.30293,1.30284,1.30284,76030000,1
1500904620000,1500904679000,1.30282,1.30298,1.30282,1.30293,90100000,1
1500904680000,1500904739000,1.30293,1.30293,1.3029,1.30293,92570000,1
1500904740000,1500904799000,1.3029,1.30321,1.30289,1.30314,165870000,1
1500904800000,1500904859000,1.30314,1.30325,1.30299,1.3031,165900000,1
1500904860000,1500904919000,1.30311,1.30313,1.30304,1.30311,82720000,1
1500904920000,1500904979000,1.30309,1.30333,1.30309,1.30331,97440000,1
1500904980000,1500905039000,1.30332,1.30342,1.30329,1.30342,69410000,1
1500905040000,1500905099000,1.30343,1.30355,1.30343,1.3035,84000000,1
1500905100000,1500905159000,1.3035,1.30351,1.30311,1.30332,72800000,1
1500905160000,1500905219000,1.30332,1.30368,1.30332,1.30364,56120000,1
1500905220000,1500905279000,1.30364,1.30375,1.30339,1.30349,117480000,1
1500905280000,1500905339000,1.3035,1.30357,1.30341,1.30354,94040000,1
1500905340000,1500905399000,1.30352,1.30372,1.30348,1.30368,134080000,1
1500905400000,1500905459000,1.30368,1.3037,1.30351,1.30358,122180000,1
1500905460000,1500905519000,1.30358,1.3037,1.30289,1.30295,234350000,1
1500905520000,1500905579000,1.30295,1.30295,1.30269,1.30281,190350000,1
1500905580000,1500905639000,1.30284,1.30286,1.30229,1.30252,193710000,1
1500905640000,1500905699000,1.30255,1.30287,1.30246,1.3028,121720000,1
1500905700000,1500905759000,1.3028,1.3036,1.3028,1.30353,141570000,1
1500905760000,1500905819000,1.30352,1.30353,1.30326,1.30341,166820000,1
1500905820000,1500905879000,1.30343,1.30369,1.30342,1.30362,150900000,1
1500905880000,1500905939000,1.30363,1.30387,1.30352,1.30363,185830000,1
1500905940000,1500905999000,1.30363,1.30363,1.3034,1.30348,108340000,1
1500906000000,1500906059000,1.30347,1.3035,1.30319,1.30333,118300000,1
1500906060000,1500906119000,1.30333,1.30333,1.3032,1.30327,90900000,1
1500906120000,1500906179000,1.30327,1.30327,1.30298,1.30309,139210000,1
1500906180000,1500906239000,1.30307,1.30343,1.30307,1.30341,94400000,1
1500906240000,1500906299000,1.30339,1.30339,1.30309,1.30309,121750000,1
1500906300000,1500906359000,1.30309,1.30311,1.30279,1.3028,144360000,1
1500906360000,1500906419000,1.30279,1.30287,1.30238,1.30261,210090000,1
1500906420000,1500906479000,1.3026,1.3026,1.30199,1.30212,160330000,1
1500906480000,1500906539000,1.30212,1.30218,1.3021,1.30211,86450000,1
1500906540000,1500906599000,1.3021,1.30239,1.30209,1.30229,118970000,1
1500906600000,1500906659000,1.30229,1.30242,1.30229,1.30234,125430000,1
1500906660000,1500906719000,1.30235,1.30272,1.30233,1.30271,119400000,1
1500906720000,1500906779000,1.30271,1.30277,1.30271,1.30274,53200000,1
1500906780000,1500906839000,1.3027,1.3027,1.30257,1.30257,55610000,1
1500906840000,1500906899000,1.30256,1.30282,1.30243,1.30243,134410000,1
1500906900000,1500906959000,1.30244,1.30252,1.3022,1.30224,66170000,1
1500906960000,1500907019000,1.30224,1.3027,1.30224,1.30251,147780000,1
1500907020000,1500907079000,1.3025,1.30254,1.30229,1.30234,55320000,1
1500907080000,1500907139000,1.30233,1.30244,1.30224,1.30236,56480000,1
1500907140000,1500907199000,1.30236,1.30236,1.30221,1.3023,82050000,1
1500907200000,1500907259000,1.30232,1.30238,1.3022,1.30234,124050000,1
1500907260000,1500907319000,1.30232,1.3026,1.30231,1.30255,56940000,1
1500907320000,1500907379000,1.30256,1.30263,1.3025,1.30252,90390000,1
1500907380000,1500907439000,1.30252,1.30253,1.30237,1.30241,144850000,1
1500907440000,1500907499000,1.30242,1.30242,1.3022,1.30229,136420000,1
1500907500000,1500907559000,1.3023,1.30273,1.30229,1.30271,76640000,1
1500907560000,1500907619000,1.30271,1.30286,1.30266,1.30286,88210000,1
1500907620000,1500907679000,1.30286,1.30296,1.30278,1.30296,107400000,1
1500907680000,1500907739000,1.30301,1.30307,1.30281,1.30282,56850000,1
1500907740000,1500907799000,1.30283,1.30312,1.30281,1.30306,77670000,1
1500907800000,1500907859000,1.30305,1.30313,1.30282,1.30282,112330000,1
1500907860000,1500907919000,1.30281,1.30293,1.3028,1.30283,84300000,1
1500907920000,1500907979000,1.30282,1.30323,1.30282,1.30322,121260000,1
1500907980000,1500908039000,1.30323,1.30334,1.3032,1.30332,75040000,1
1500908040000,1500908099000,1.30333,1.30348,1.30329,1.30339,84730000,1
1500908100000,1500908159000,1.30342,1.30391,1.3034,1.30391,173070000,1
1500908160000,1500908219000,1.3039,1.30437,1.30384,1.30437,187360000,1
1500908220000,1500908279000,1.30438,1.30577,1.30422,1.30497,431160000,1
1500908280000,1500908339000,1.30497,1.30525,1.30477,1.3048,303140000,1
1500908340000,1500908399000,1.30479,1.30485,1.30438,1.30469,308200000,1
1500908400000,1500908459000,1.30468,1.30469,1.30458,1.30463,352090000,1
1500908460000,1500908519000,1.30463,1.30464,1.30397,1.30422,304800000,1
1500908520000,1500908579000,1.30421,1.30454,1.30421,1.30436,146300000,1
1500908580000,1500908639000,1.30437,1.30445,1.30411,1.30412,105690000,1
1500908640000,1500908699000,1.30411,1.30425,1.30409,1.30417,97400000,1
1500908700000,1500908759000,1.30421,1.30439,1.30419,1.30419,140560000,1
1500908760000,1500908819000,1.30419,1.30429,1.30418,1.30429,134680000,1
1500908820000,1500908879000,1.30429,1.30429,1.30418,1.3042,99600000,1
1500908880000,1500908939000,1.30421,1.30423,1.30398,1.30398,110960000,1
1500908940000,1500908999000,1.30399,1.30413,1.30382,1.30406,98280000,1
1500909000000,1500909059000,1.30406,1.30407,1.30379,1.30379,106730000,1
1500909060000,1500909119000,1.3038,1.30388,1.30359,1.30359,125070000,1
1500909120000,1500909179000,1.30359,1.30369,1.30351,1.30354,121220000,1
1500909180000,1500909239000,1.30356,1.30358,1.30348,1.30355,148490000,1
1500909240000,1500909299000,1.30353,1.30357,1.30328,1.30329,178920000,1
1500909300000,1500909359000,1.3033,1.30338,1.3032,1.30328,138470000,1
1500909360000,1500909419000,1.30327,1.30339,1.30321,1.30323,89880000,1
1500909420000,1500909479000,1.30322,1.3033,1.30311,1.30317,114220000,1
1500909480000,1500909539000,1.30318,1.30318,1.303,1.303,116650000,1
1500909540000,1500909599000,1.30301,1.30307,1.30293,1.30297,112920000,1
1500909600000,1500909659000,1.30295,1.30308,1.3029,1.30293,122280000,1
1500909660000,1500909719000,1.30292,1.30307,1.30292,1.303,84110000,1
1500909720000,1500909779000,1.30302,1.30325,1.30298,1.30321,119330000,1
1500909780000,1500909839000,1.3032,1.30325,1.303,1.30321,118120000,1
1500909840000,1500909899000,1.30321,1.30326,1.30307,1.30317,106100000,1
1500909900000,1500909959000,1.30318,1.30318,1.30302,1.30302,85600000,1
1500909960000,1500910019000,1.30302,1.30323,1.30302,1.3032,108800000,1
1500910020000,1500910079000,1.30319,1.30335,1.30316,1.30319,112240000,1
1500910080000,1500910139000,1.30319,1.30319,1.30308,1.30313,55570000,1
1500910140000,1500910199000,1.30303,1.30308,1.30257,1.30276,155050000,1
1500910200000,1500910259000,1.30278,1.30283,1.30266,1.30274,133200000,1
1500910260000,1500910319000,1.30275,1.3031,1.30273,1.30302,176050000,1
1500910320000,1500910379000,1.30301,1.30307,1.30282,1.30291,149680000,1
1500910380000,1500910439000,1.30292,1.30292,1.30243,1.30251,161130000,1
1500910440000,1500910499000,1.3025,1.30256,1.30235,1.30252,132100000,1
1500910500000,1500910559000,1.3025,1.30288,1.3025,1.30281,213260000,1
1500910560000,1500910619000,1.30279,1.30295,1.30272,1.30288,138540000,1
1500910620000,1500910679000,1.30288,1.30294,1.30281,1.3029,104100000,1
1500910680000,1500910739000,1.30292,1.303,1.30282,1.30287,108400000,1
1500910740000,1500910799000,1.30287,1.30288,1.30249,1.30249,216260000,1
1500910800000,1500910859000,1.30249,1.30249,1.30225,1.30239,167110000,1
1500910860000,1500910919000,1.30245,1.30253,1.30219,1.30222,169460000,1
1500910920000,1500910979000,1.30221,1.30222,1.30152,1.30158,306080000,1
1500910980000,1500911039000,1.30163,1.30189,1.30158,1.30189,153820000,1
1500911040000,1500911099000,1.30189,1.30199,1.30186,1.30197,100950000,1
1500911100000,1500911159000,1.30197,1.30231,1.30197,1.30231,92140000,1
1500911160000,1500911219000,1.30229,1.30253,1.30229,1.30248,49590000,1
1500911220000,1500911279000,1.30248,1.30264,1.30238,1.3025,104510000,1
1500911280000,1500911339000,1.30244,1.30246,1.30227,1.30241,105970000,1
1500911340000,1500911399000,1.3024,1.3024,1.30227,1.30229,81970000,1
1500911400000,1500911459000,1.30229,1.30243,1.30229,1.3024,79290000,1
1500911460000,1500911519000,1.30239,1.30243,1.30239,1.30242,37110000,1
1500911520000,1500911579000,1.30243,1.30261,1.30243,1.30249,69880000,1
1500911580000,1500911639000,1.30248,1.30257,1.30244,1.30251,101880000,1
1500911640000,1500911699000,1.30253,1.30253,1.30231,1.3024,104160000,1
1500911700000,1500911759000,1.30241,1.30241,1.30221,1.30227,83500000,1
1500911760000,1500911819000,1.30229,1.3028,1.30224,1.30277,138000000,1
1500911820000,1500911879000,1.30276,1.30276,1.30257,1.30269,77800000,1
1500911880000,1500911939000,1.30269,1.30271,1.3026,1.30266,55190000,1
1500911940000,1500911999000,1.30266,1.30299,1.30266,1.30292,92880000,1
1500912000000,1500912059000,1.30291,1.30291,1.30217,1.3022,214130000,1
1500912060000,1500912119000,1.30219,1.30219,1.30209,1.30212,94260000,1
1500912120000,1500912179000,1.30212,1.30231,1.30212,1.30222,76250000,1
1500912180000,1500912239000,1.30222,1.30242,1.30222,1.3024,60120000,1
1500912240000,1500912299000,1.30243,1.30247,1.30237,1.30237,66990000,1
1500912300000,1500912359000,1.30237,1.3024,1.30228,1.30231,30790000,1
1500912360000,1500912419000,1.30229,1.30238,1.30223,1.30231,56640000,1
1500912420000,1500912479000,1.30234,1.30234,1.30227,1.30229,73790000,1
1500912480000,1500912539000,1.30228,1.30248,1.30226,1.30227,95910000,1
1500912540000,1500912599000,1.30227,1.30227,1.30217,1.30217,96930000,1
1500912600000,1500912659000,1.30218,1.30223,1.30217,1.30219,115640000,1
1500912660000,1500912719000,1.30219,1.30224,1.30219,1.30221,57280000,1
1500912720000,1500912779000,1.30221,1.30225,1.30218,1.30218,35860000,1
1500912780000,1500912839000,1.30218,1.30221,1.30199,1.30201,98350000,1
1500912840000,1500912899000,1.30201,1.30204,1.30182,1.30186,67090000,1
1500912900000,1500912959000,1.30186,1.30187,1.30132,1.30148,126290000,1
1500912960000,1500913019000,1.30149,1.30186,1.30149,1.30182,114450000,1
1500913020000,1500913079000,1.30182,1.30202,1.3018,1.30197,85010000,1
1500913080000,1500913139000,1.30197,1.30205,1.30191,1.30203,63320000,1
1500913140000,1500913199000,1.30202,1.30205,1.30199,1.30203,61530000,1
1500913200000,1500913259000,1.30202,1.30206,1.30202,1.30205,85130000,1
1500913260000,1500913319000,1.30206,1.30207,1.302,1.30207,50910000,1
1500913320000,1500913379000,1.30207,1.30226,1.30207,1.30223,84390000,1
1500913380000,1500913439000,1.30223,1.30228,1.30218,1.30226,45400000,1
1500913440000,1500913499000,1.30229,1.30234,1.30228,1.30234,33970000,1
1500913500000,1500913559000,1.30234,1.30252,1.30231,1.30252,30990000,1
1500913560000,1500913619000,1.30252,1.30262,1.30246,1.30254,33240000,1
1500913620000,1500913679000,1.30254,1.30291,1.30254,1.30271,139350000,1
1500913680000,1500913739000,1.3027,1.30283,1.3027,1.30283,29750000,1
1500913740000,1500913799000,1.30287,1.30292,1.30282,1.30283,40010000,1
1500913800000,1500913859000,1.30282,1.30287,1.30277,1.30287,100860000,1
1500913860000,1500913919000,1.30287,1.30291,1.30284,1.3029,71300000,1
1500913920000,1500913979000,1.3029,1.3029,1.3028,1.3028,57760000,1
1500913980000,1500914039000,1.30279,1.30283,1.30278,1.30279,17870000,1
1500914040000,1500914099000,1.30284,1.30289,1.30269,1.3027,93470000,1
1500914100000,1500914159000,1.3027,1.30283,1.30269,1.30282,48290000,1
1500914160000,1500914219000,1.30281,1.30282,1.30268,1.3027,48760000,1
1500914220000,1500914279000,1.30269,1.30279,1.30269,1.30279,45600000,1
1500914280000,1500914339000,1.3028,1.30282,1.30276,1.30278,60070000,1
1500914340000,1500914399000,1.30277,1.30278,1.30269,1.30269,48690000,1
1500914400000,1500914459000,1.30269,1.30269,1.3025,1.30254,127180000,1
1500914460000,1500914519000,1.30258,1.30259,1.30236,1.30242,188950000,1
1500914520000,1500914579000,1.30242,1.30245,1.30215,1.30242,105510000,1
1500914580000,1500914639000,1.30242,1.30245,1.3024,1.30242,34240000,1
1500914640000,1500914699000,1.30244,1.30259,1.30244,1.30257,64740000,1
1500914700000,1500914759000,1.30255,1.30255,1.3025,1.3025,51890000,1
1500914760000,1500914819000,1.30251,1.30258,1.30249,1.30249,67660000,1
1500914820000,1500914879000,1.30249,1.30255,1.30238,1.30254,54840000,1
1500914880000,1500914939000,1.30253,1.30271,1.30253,1.30262,60140000,1
1500914940000,1500914999000,1.30262,1.30281,1.30261,1.30272,73680000,1
1500915000000,1500915059000,1.30272,1.30286,1.30269,1.30279,139970000,1
1500915060000,1500915119000,1.30278,1.30281,1.30268,1.30281,44410000,1
1500915120000,1500915179000,1.30281,1.30308,1.30281,1.30308,51610000,1
1500915180000,1500915239000,1.30304,1.30307,1.30293,1.30301,50980000,1
1500915240000,1500915299000,1.30301,1.30308,1.30298,1.303,56000000,1
1500915300000,1500915359000,1.303,1.303,1.30297,1.30297,94940000,1
1500915360000,1500915419000,1.30299,1.303,1.30269,1.30271,120500000,1
1500915420000,1500915479000,1.3027,1.30273,1.3025,1.3025,94350000,1
1500915480000,1500915539000,1.30251,1.30255,1.30239,1.30255,73210000,1
1500915540000,1500915599000,1.30254,1.30266,1.30254,1.30257,97170000,1
1500915600000,1500915659000,1.30257,1.30276,1.30256,1.30273,99620000,1
1500915660000,1500915719000,1.30272,1.30289,1.30265,1.30287,90060000,1
1500915720000,1500915779000,1.30288,1.30293,1.30279,1.30279,123430000,1
1500915780000,1500915839000,1.30278,1.3028,1.30278,1.30279,30340000,1
1500915840000,1500915899000,1.3028,1.30308,1.30279,1.30301,100150000,1
1500915900000,1500915959000,1.30302,1.30303,1.30291,1.30294,25500000,1
1500915960000,1500916019000,1.30293,1.30304,1.3029,1.30302,46620000,1
1500916020000,1500916079000,1.30301,1.30319,1.30301,1.30317,94210000,1
1500916080000,1500916139000,1.30318,1.3032,1.30306,1.30319,93470000,1
1500916140000,1500916199000,1.30319,1.30341,1.30318,1.30341,84750000,1
1500916200000,1500916259000,1.3034,1.30349,1.30338,1.30348,130500000,1
1500916260000,1500916319000,1.30348,1.30373,1.30347,1.30362,155180000,1
1500916320000,1500916379000,1.30362,1.30372,1.30314,1.30318,97180000,1
1500916380000,1500916439000,1.30318,1.30345,1.30318,1.30341,88610000,1
1500916440000,1500916499000,1.30342,1.30343,1.30319,1.3032,64680000,1
1500916500000,1500916559000,1.30319,1.30329,1.30307,1.30307,73040000,1
1500916560000,1500916619000,1.30301,1.30309,1.30297,1.30297,76950000,1
1500916620000,1500916679000,1.30296,1.30297,1.30287,1.30288,57400000,1
1500916680000,1500916739000,1.30287,1.30288,1.30287,1.30287,34460000,1
1500916740000,1500916799000,1.30287,1.30329,1.30287,1.30328,70900000,1
1500916800000,1500916859000,1.30328,1.30337,1.30324,1.3033,82530000,1
1500916860000,1500916919000,1.30329,1.30334,1.30329,1.30331,60590000,1
1500916920000,1500916979000,1.30331,1.30331,1.30298,1.30298,137760000,1
1500916980000,1500917039000,1.30295,1.30295,1.30285,1.30286,65370000,1
1500917040000,1500917099000,1.30286,1.30287,1.30275,1.30284,97450000,1
1500917100000,1500917159000,1.30285,1.30285,1.30265,1.30265,75770000,1
1500917160000,1500917219000,1.30265,1.30266,1.30224,1.30226,147960000,1
1500917220000,1500917279000,1.30227,1.30227,1.30195,1.30216,150930000,1
1500917280000,1500917339000,1.30215,1.30239,1.30206,1.30229,96290000,1
1500917340000,1500917399000,1.3023,1.30248,1.30226,1.30248,79580000,1
1500917400000,1500917459000,1.30248,1.3025,1.30237,1.30238,78940000,1
1500917460000,1500917519000,1.3024,1.30264,1.30236,1.30256,88080000,1
1500917520000,1500917579000,1.30256,1.30274,1.30255,1.30272,101730000,1
1500917580000,1500917639000,1.30275,1.30301,1.30275,1.30301,46220000,1
1500917640000,1500917699000,1.30301,1.30313,1.3029,1.30291,64860000,1
1500917700000,1500917759000,1.30291,1.30299,1.30288,1.30292,51250000,1
1500917760000,1500917819000,1.30293,1.30299,1.30288,1.30299,30120000,1
1500917820000,1500917879000,1.30299,1.30309,1.30297,1.30307,64540000,1
1500917880000,1500917939000,1.30309,1.30323,1.30308,1.30319,48200000,1
1500917940000,1500917999000,1.30318,1.30332,1.30316,1.30317,41940000,1
1500918000000,1500918059000,1.30317,1.30326,1.30316,1.30326,59110000,1
1500918060000,1500918119000,1.30327,1.30347,1.30325,1.30336,136190000,1
1500918120000,1500918179000,1.30336,1.30336,1.30319,1.3032,53870000,1
1500918180000,1500918239000,1.30319,1.30326,1.30318,1.3032,24400000,1
1500918240000,1500918299000,1.30318,1.30319,1.30306,1.30306,46340000,1
1500918300000,1500918359000,1.30306,1.30306,1.30299,1.30303,55920000,1
1500918360000,1500918419000,1.30302,1.30307,1.30297,1.30307,21980000,1
1500918420000,1500918479000,1.30307,1.30307,1.30297,1.30297,19850000,1
1500918480000,1500918539000,1.30296,1.30296,1.30289,1.30289,39180000,1
1500918540000,1500918599000,1.30291,1.30291,1.30286,1.30286,23370000,1
1500918600000,1500918659000,1.30286,1.30298,1.30286,1.30286,50430000,1
1500918660000,1500918719000,1.30286,1.30295,1.30286,1.30289,39280000,1
1500918720000,1500918779000,1.3029,1.30291,1.30285,1.30286,70160000,1
1500918780000,1500918839000,1.30285,1.30327,1.30285,1.30326,72680000,1
1500918840000,1500918899000,1.30326,1.30326,1.30309,1.30309,55720000,1
1500918900000,1500918959000,1.30308,1.30312,1.30296,1.303,72070000,1
1500918960000,1500919019000,1.30298,1.30298,1.30295,1.30296,55080000,1
1500919020000,1500919079000,1.30297,1.30318,1.30292,1.30317,108590000,1
1500919080000,1500919139000,1.30317,1.3032,1.30314,1.3032,72030000,1
1500919140000,1500919199000,1.30327,1.30341,1.30324,1.30338,71480000,1
1500919200000,1500919259000,1.3034,1.30351,1.30338,1.30348,77450000,1
1500919260000,1500919319000,1.30349,1.30364,1.30349,1.30363,148980000,1
1500919320000,1500919379000,1.30363,1.30364,1.30349,1.30352,175940000,1
1500919380000,1500919439000,1.30353,1.30366,1.3035,1.30363,87310000,1
1500919440000,1500919499000,1.30363,1.30381,1.30363,1.30381,135130000,1
1500919500000,1500919559000,1.3038,1.30383,1.30371,1.30371,88510000,1
1500919560000,1500919619000,1.30371,1.30371,1.30348,1.30352,90920000,1
1500919620000,1500919679000,1.30353,1.30354,1.30343,1.30353,55720000,1
1500919680000,1500919739000,1.30352,1.30356,1.30327,1.30327,80930000,1
1500919740000,1500919799000,1.30327,1.30328,1.30314,1.30314,63450000,1
1500919800000,1500919859000,1.30313,1.30326,1.30313,1.30318,100920000,1
1500919860000,1500919919000,1.30318,1.30339,1.30314,1.30339,35470000,1
1500919920000,1500919979000,1.30338,1.30339,1.30323,1.30326,106040000,1
1500919980000,1500920039000,1.30325,1.30327,1.30315,1.30315,44310000,1
1500920040000,1500920099000,1.30315,1.30315,1.30306,1.30307,53470000,1
1500920100000,1500920159000,1.30306,1.30307,1.30304,1.30304,35570000,1
1500920160000,1500920219000,1.30306,1.30307,1.30301,1.30306,53330000,1
1500920220000,1500920279000,1.30305,1.30306,1.30305,1.30306,40210000,1
1500920280000,1500920339000,1.30306,1.30307,1.30305,1.30305,30210000,1
1500920340000,1500920399000,1.30305,1.30339,1.30305,1.30337,92220000,1
1500920400000,1500920459000,1.30338,1.30348,1.30335,1.30338,68490000,1
1500920460000,1500920519000,1.30338,1.30348,1.30337,1.30347,69430000,1
1500920520000,1500920579000,1.30348,1.30348,1.30334,1.30334,57690000,1
1500920580000,1500920639000,1.30335,1.30336,1.30324,1.30327,65700000,1
1500920640000,1500920699000,1.30325,1.30328,1.30325,1.30328,33980000,1
1500920700000,1500920759000,1.30327,1.30328,1.30318,1.30328,44700000,1
1500920760000,1500920819000,1.30327,1.30328,1.30324,1.30326,55590000,1
1500920820000,1500920879000,1.30324,1.30327,1.30322,1.30325,60060000,1
1500920880000,1500920939000,1.30324,1.30328,1.30324,1.30325,45190000,1
1500920940000,1500920999000,1.30325,1.30349,1.30324,1.30349,35890000,1
1500921000000,1500921059000,1.30349,1.30351,1.30339,1.30339,23870000,1
1500921060000,1500921119000,1.30338,1.30348,1.30337,1.30337,47200000,1
1500921120000,1500921179000,1.30338,1.30338,1.30337,1.30338,29220000,1
1500921180000,1500921239000,1.30337,1.30338,1.30327,1.30327,102970000,1
1500921240000,1500921299000,1.30328,1.30335,1.30327,1.30335,59040000,1
1500921300000,1500921359000,1.30334,1.30338,1.30334,1.30338,24870000,1
1500921360000,1500921419000,1.30338,1.30338,1.30337,1.30337,34120000,1
1500921420000,1500921479000,1.30338,1.30338,1.30332,1.30332,31370000,1
1500921480000,1500921539000,1.30333,1.30333,1.30327,1.30327,45440000,1
1500921540000,1500921599000,1.30325,1.30328,1.30322,1.30328,58820000,1
1500921600000,1500921659000,1.30327,1.30328,1.30315,1.30315,58100000,1
1500921660000,1500921719000,1.30314,1.30319,1.30314,1.30316,20450000,1
1500921720000,1500921779000,1.30315,1.30327,1.30314,1.30324,46670000,1
1500921780000,1500921839000,1.30322,1.30323,1.30318,1.30322,50620000,1
1500921840000,1500921899000,1.30322,1.30327,1.30322,1.30326,33590000,1
1500921900000,1500921959000,1.30326,1.30347,1.30325,1.30347,57450000,1
1500921960000,1500922019000,1.30346,1.30349,1.30335,1.30336,75430000,1
1500922020000,1500922079000,1.30337,1.30341,1.30334,1.30334,51200000,1
1500922080000,1500922139000,1.30336,1.30336,1.30333,1.30336,39850000,1
1500922140000,1500922199000,1.30336,1.30338,1.30335,1.30337,47830000,1
1500922200000,1500922259000,1.30336,1.30348,1.30335,1.30337,55930000,1
1500922260000,1500922319000,1.30337,1.30337,1.30335,1.30335,30080000,1
1500922320000,1500922379000,1.30336,1.30337,1.30335,1.30336,20110000,1
1500922380000,1500922439000,1.30337,1.30349,1.30334,1.30347,55870000,1
1500922440000,1500922499000,1.3035,1.30355,1.30344,1.30346,82650000,1
1500922500000,1500922559000,1.30346,1.30346,1.30344,1.30344,31710000,1
1500922560000,1500922619000,1.30345,1.30352,1.30343,1.30346,54490000,1
1500922620000,1500922679000,1.3035,1.30365,1.30347,1.30355,75430000,1
1500922680000,1500922739000,1.30354,1.30355,1.30345,1.30345,55880000,1
1500922740000,1500922799000,1.30343,1.30382,1.30339,1.30376,155650000,1
1500922800000,1500922859000,1.30377,1.30384,1.30364,1.30364,71130000,1
1500922860000,1500922919000,1.30364,1.30368,1.30363,1.30366,63820000,1
1500922920000,1500922979000,1.30367,1.30367,1.30343,1.30343,81630000,1
1500922980000,1500923039000,1.30343,1.30346,1.30334,1.30342,108120000,1
1500923040000,1500923099000,1.30342,1.30357,1.30342,1.30347,78820000,1
1500923100000,1500923159000,1.30347,1.30351,1.30341,1.30346,79150000,1
1500923160000,1500923219000,1.30345,1.30349,1.3034,1.30346,62450000,1
1500923220000,1500923279000,1.30345,1.30348,1.30344,1.30347,29970000,1
1500923280000,1500923339000,1.30348,1.30348,1.30345,1.30345,16360000,1
1500923340000,1500923399000,1.30344,1.30346,1.30344,1.30344,32560000,1
1500923400000,1500923459000,1.30345,1.30349,1.30345,1.30346,21720000,1
1500923460000,1500923519000,1.30347,1.30347,1.30345,1.30346,14850000,1
1500923520000,1500923579000,1.30346,1.30351,1.30346,1.30347,23590000,1
1500923580000,1500923639000,1.30347,1.30351,1.30345,1.3035,45980000,1
1500923640000,1500923699000,1.30348,1.30349,1.30345,1.30345,44710000,1
1500923700000,1500923759000,1.30347,1.30353,1.30345,1.30348,56690000,1
1500923760000,1500923819000,1.30348,1.30358,1.30345,1.30357,40730000,1
1500923820000,1500923879000,1.30356,1.30356,1.30348,1.30348,45030000,1
1500923880000,1500923939000,1.30349,1.30349,1.30348,1.30348,21980000,1
1500923940000,1500923999000,1.3035,1.30361,1.3035,1.3036,24620000,1
1500924000000,1500924059000,1.30359,1.30362,1.30357,1.30359,71980000,1
1500924060000,1500924119000,1.30358,1.30358,1.30347,1.30348,29020000,1
1500924120000,1500924179000,1.30346,1.30347,1.30343,1.30344,50020000,1
1500924180000,1500924239000,1.30344,1.30363,1.30343,1.30356,81260000,1
1500924240000,1500924299000,1.30356,1.30356,1.30339,1.30342,62710000,1
1500924300000,1500924359000,1.30343,1.30349,1.30339,1.30343,78530000,1
1500924360000,1500924419000,1.30344,1.30354,1.30344,1.30346,92700000,1
1500924420000,1500924479000,1.30346,1.30347,1.30345,1.30346,79910000,1
1500924480000,1500924539000,1.30346,1.30347,1.30344,1.30345,50450000,1
1500924540000,1500924599000,1.30345,1.30356,1.30344,1.30356,36870000,1
1500924600000,1500924659000,1.30356,1.30356,1.30353,1.30356,45580000,1
1500924660000,1500924719000,1.30355,1.30357,1.30354,1.30357,23800000,1
1500924720000,1500924779000,1.30354,1.30356,1.3035,1.30355,69050000,1
1500924780000,1500924839000,1.30355,1.3036,1.30355,1.30357,37090000,1
1500924840000,1500924899000,1.30357,1.30376,1.30357,1.30364,139700000,1
1500924900000,1500924959000,1.30366,1.30366,1.30355,1.30355,87660000,1
1500924960000,1500925019000,1.30358,1.30358,1.30354,1.30355,53660000,1
1500925020000,1500925079000,1.30356,1.30358,1.30355,1.30358,41840000,1
1500925080000,1500925139000,1.30361,1.30368,1.30361,1.30367,53600000,1
1500925140000,1500925199000,1.30368,1.30368,1.30356,1.30356,44710000,1
1500925200000,1500925259000,1.30355,1.30358,1.30349,1.30349,154590000,1
1500925260000,1500925319000,1.3035,1.3035,1.30341,1.30348,71460000,1
1500925320000,1500925379000,1.3035,1.3036,1.3035,1.3036,12250000,1
1500925380000,1500925439000,1.30359,1.3036,1.30357,1.30357,87070000,1
1500925440000,1500925499000,1.30357,1.30358,1.30357,1.30357,88840000,1
1500925500000,1500925559000,1.30357,1.30368,1.30357,1.30368,67980000,1
1500925560000,1500925619000,1.30367,1.3037,1.30358,1.30358,52480000,1
1500925620000,1500925679000,1.30357,1.30358,1.30357,1.30357,15560000,1
1500925680000,1500925739000,1.30357,1.30361,1.30347,1.30359,55130000,1
1500925740000,1500925799000,1.30359,1.30359,1.3035,1.3035,69020000,1
1500925800000,1500925859000,1.30351,1.30359,1.30349,1.30349,63000000,1
1500925860000,1500925919000,1.30349,1.30349,1.30339,1.30339,72270000,1
1500925920000,1500925979000,1.30339,1.30353,1.30339,1.30341,97850000,1
1500925980000,1500926039000,1.30341,1.30343,1.30335,1.30337,175440000,1
1500926040000,1500926099000,1.30337,1.30339,1.30329,1.30336,113640000,1
1500926100000,1500926159000,1.30335,1.30337,1.30325,1.30328,136870000,1
1500926160000,1500926219000,1.30327,1.30327,1.30319,1.30322,61540000,1
1500926220000,1500926279000,1.30323,1.30323,1.30318,1.30323,57660000,1
1500926280000,1500926339000,1.30324,1.30325,1.30318,1.30319,50410000,1
1500926340000,1500926399000,1.3032,1.3032,1.30309,1.30312,183840000,1
1500926400000,1500926459000,1.30312,1.30312,1.30307,1.3031,52420000,1
1500926460000,1500926519000,1.30309,1.30309,1.30285,1.30286,128090000,1
1500926520000,1500926579000,1.30286,1.30286,1.30265,1.30265,106870000,1
1500926580000,1500926639000,1.30269,1.30275,1.30254,1.30267,77910000,1
1500926640000,1500926699000,1.30267,1.30274,1.30266,1.30274,55010000,1
1500926700000,1500926759000,1.30274,1.30282,1.30269,1.3028,44530000,1
1500926760000,1500926819000,1.3028,1.30282,1.30277,1.30277,54840000,1
1500926820000,1500926879000,1.30277,1.30279,1.30268,1.30279,77540000,1
1500926880000,1500926939000,1.3028,1.30281,1.30269,1.30269,118140000,1
1500926940000,1500926999000,1.3027,1.30288,1.30267,1.30282,156910000,1
1500927000000,1500927059000,1.30282,1.30283,1.30266,1.30271,165280000,1
1500927060000,1500927119000,1.30272,1.30273,1.30245,1.30257,122130000,1
1500927120000,1500927179000,1.30257,1.30268,1.30249,1.30257,85550000,1
1500927180000,1500927239000,1.30258,1.30258,1.30257,1.30257,8740000,1
1500927240000,1500927299000,1.30258,1.30258,1.30254,1.30256,41000000,1
1500927300000,1500927359000,1.30256,1.30256,1.30255,1.30255,9550000,1
1500927360000,1500927419000,1.30255,1.3026,1.30255,1.3026,46050000,1
1500927420000,1500927479000,1.30262,1.30278,1.30262,1.30263,45840000,1
1500927480000,1500927539000,1.30262,1.30277,1.30257,1.30259,41980000,1
1500927540000,1500927599000,1.30261,1.30261,1.30242,1.30242,67100000,1
1500927600000,1500927659000,1.30243,1.30248,1.30239,1.30246,67080000,1
1500927660000,1500927719000,1.30246,1.30246,1.30242,1.30244,34210000,1
1500927720000,1500927779000,1.30244,1.30254,1.30244,1.30246,59090000,1
1500927780000,1500927839000,1.30249,1.30262,1.30249,1.3026,35500000,1
1500927840000,1500927899000,1.30259,1.30259,1.30257,1.30258,37220000,1
1500927900000,1500927959000,1.30259,1.30273,1.30258,1.30269,88550000,1
1500927960000,1500928019000,1.30269,1.30269,1.3025,1.30256,52820000,1
1500928020000,1500928079000,1.30255,1.30259,1.30255,1.30257,39600000,1
1500928080000,1500928139000,1.30257,1.30257,1.30255,1.30255,21750000,1
1500928140000,1500928199000,1.30256,1.30257,1.30254,1.30256,54330000,1
1500928200000,1500928259000,1.30255,1.30267,1.30255,1.30267,93290000,1
1500928260000,1500928319000,1.30267,1.30274,1.30267,1.30274,61300000,1
1500928320000,1500928379000,1.30272,1.30277,1.30272,1.30277,43150000,1
1500928380000,1500928439000,1.30276,1.30278,1.30276,1.30277,29080000,1
1500928440000,1500928499000,1.30278,1.30278,1.30277,1.30277,48190000,1
1500928500000,1500928559000,1.30277,1.30278,1.30276,1.30276,27330000,1
1500928560000,1500928619000,1.30277,1.30279,1.30275,1.30278,49960000,1
1500928620000,1500928679000,1.30277,1.30279,1.30277,1.30277,127920000,1
1500928680000,1500928739000,1.30278,1.3028,1.30277,1.30278,50580000,1
1500928740000,1500928799000,1.30278,1.30278,1.30278,1.30278,13470000,1
1500928800000,1500928859000,1.30278,1.3028,1.30278,1.30279,26250000,1
1500928860000,1500928919000,1.30278,1.3028,1.30262,1.30264,70190000,1
1500928920000,1500928979000,1.30263,1.30275,1.30262,1.30275,39300000,1
1500928980000,1500929039000,1.30275,1.30275,1.30273,1.30273,30620000,1
1500929040000,1500929099000,1.30274,1.3029,1.30274,1.30281,40860000,1
1500929100000,1500929159000,1.3028,1.30282,1.30278,1.30279,63260000,1
1500929160000,1500929219000,1.30279,1.30282,1.30277,1.30278,51820000,1
1500929220000,1500929279000,1.30277,1.30279,1.30277,1.30277,65930000,1
1500929280000,1500929339000,1.30277,1.3028,1.30277,1.30278,26980000,1
1500929340000,1500929399000,1.30278,1.3028,1.30277,1.30278,57400000,1
1500929400000,1500929459000,1.30278,1.30294,1.30277,1.30282,107440000,1
1500929460000,1500929519000,1.30282,1.30282,1.3028,1.3028,50730000,1
1500929520000,1500929579000,1.30279,1.30281,1.30278,1.30279,51830000,1
1500929580000,1500929639000,1.30278,1.3028,1.30277,1.30278,65940000,1
1500929640000,1500929699000,1.30278,1.30279,1.30278,1.30279,32580000,1
1500929700000,1500929759000,1.3028,1.30285,1.30276,1.30281,116910000,1
1500929760000,1500929819000,1.30282,1.30284,1.30279,1.30279,134090000,1
1500929820000,1500929879000,1.30282,1.30283,1.30279,1.3028,37320000,1
1500929880000,1500929939000,1.30282,1.30285,1.30279,1.30279,88970000,1
1500929940000,1500929999000,1.30279,1.30286,1.30274,1.30278,35970000,1
1500930000000,1500930059000,1.3028,1.3028,1.30275,1.30276,9750000,1
1500930060000,1500930119000,1.30276,1.30281,1.30276,1.30281,13120000,1
1500930120000,1500930179000,1.30279,1.3028,1.30279,1.30279,15310000,1
1500930180000,1500930239000,1.3028,1.30281,1.30278,1.30279,13070000,1
1500930240000,1500930299000,1.30279,1.3028,1.30277,1.30278,16740000,1
1500930300000,1500930359000,1.30278,1.30278,1.30261,1.30264,24520000,1
1500930360000,1500930419000,1.30265,1.30267,1.30252,1.30266,25860000,1
1500930420000,1500930479000,1.30273,1.30274,1.30264,1.30268,23000000,1
1500930480000,1500930539000,1.30268,1.30268,1.30263,1.30265,11000000,1
1500930540000,1500930599000,1.30265,1.30271,1.30265,1.30266,8500000,1
1500930600000,1500930659000,1.30266,1.30266,1.30264,1.30264,12000000,1
1500930660000,1500930719000,1.30266,1.30266,1.30264,1.30265,7750000,1
1500930720000,1500930779000,1.30255,1.30265,1.3025,1.30254,35220000,1
1500930780000,1500930839000,1.30254,1.30279,1.30254,1.30279,32370000,1
1500930840000,1500930899000,1.30284,1.30284,1.30279,1.30284,14000000,1
1500930900000,1500930959000,1.30282,1.30283,1.30281,1.30282,16830000,1
1500930960000,1500931019000,1.30282,1.30283,1.30274,1.30274,45040000,1
1500931020000,1500931079000,1.30275,1.30283,1.30274,1.30274,40140000,1
1500931080000,1500931139000,1.30274,1.30274,1.30274,1.30274,10590000,1
1500931140000,1500931199000,1.30284,1.30285,1.30277,1.30277,18000000,1
1500931200000,1500931259000,1.30277,1.30279,1.30273,1.30278,8000000,1
1500931260000,1500931319000,1.30278,1.30284,1.30275,1.30275,7000000,1
1500931320000,1500931379000,1.30275,1.30275,1.30275,1.30275,0,1
1500931380000,1500931439000,1.30275,1.30275,1.30275,1.30275,10000000,1
1500931440000,1500931499000,1.30276,1.30276,1.30274,1.30275,31000000,1
1500931500000,1500931559000,1.30275,1.30276,1.30272,1.30276,14590000,1
1500931560000,1500931619000,1.30275,1.30275,1.30271,1.30273,32730000,1
1500931620000,1500931679000,1.30274,1.30274,1.30273,1.30273,6850000,1
1500931680000,1500931739000,1.30275,1.30275,1.30275,1.30275,2000000,1
1500931740000,1500931799000,1.30274,1.30275,1.30272,1.30272,7000000,1
1500931800000,1500931859000,1.30274,1.30274,1.30269,1.30273,6250000,1
1500931860000,1500931919000,1.30271,1.30271,1.30271,1.30271,7480000,1
1500931920000,1500931979000,1.30271,1.30271,1.3027,1.30271,12310000,1
1500931980000,1500932039000,1.3027,1.30273,1.3027,1.30273,24350000,1
1500932040000,1500932099000,1.30272,1.30272,1.30269,1.30269,16270000,1
1500932100000,1500932159000,1.30267,1.30267,1.30262,1.30263,35560000,1
1500932160000,1500932219000,1.30263,1.30263,1.30263,1.30263,0,1
1500932220000,1500932279000,1.30259,1.30259,1.30259,1.30259,44190000,1
1500932280000,1500932339000,1.30259,1.3026,1.30259,1.30259,45740000,1
1500932340000,1500932399000,1.30259,1.30259,1.30258,1.30259,44580000,1
1500932400000,1500932459000,1.30258,1.30259,1.30258,1.30259,36860000,1
1500932460000,1500932519000,1.30259,1.30259,1.30258,1.30259,7440000,1
1500932520000,1500932579000,1.30259,1.30261,1.30257,1.30259,52020000,1
1500932580000,1500932639000,1.30259,1.30264,1.30258,1.30258,65860000,1
1500932640000,1500932699000,1.30259,1.30259,1.30227,1.30229,40660000,1
1500932700000,1500932759000,1.30234,1.30248,1.30234,1.30242,31000000,1
1500932760000,1500932819000,1.30242,1.30245,1.30239,1.30245,33000000,1
1500932820000,1500932879000,1.30243,1.30246,1.30229,1.30229,39250000,1
1500932880000,1500932939000,1.30228,1.30243,1.30228,1.30243,36290000,1
1500932940000,1500932999000,1.30244,1.30245,1.30242,1.30245,8000000,1
1500933000000,1500933059000,1.30245,1.30246,1.30245,1.30246,53400000,1
1500933060000,1500933119000,1.30246,1.30246,1.30242,1.30245,10000000,1
1500933120000,1500933179000,1.30245,1.30247,1.3024,1.3024,28250000,1
1500933180000,1500933239000,1.3024,1.30266,1.3024,1.30262,38000000,1
1500933240000,1500933299000,1.30262,1.30262,1.30256,1.30257,42190000,1
1500933300000,1500933359000,1.30257,1.30261,1.30256,1.3026,16000000,1
1500933360000,1500933419000,1.30256,1.30259,1.30256,1.30259,18000000,1
1500933420000,1500933479000,1.30268,1.30268,1.30257,1.30259,41000000,1
1500933480000,1500933539000,1.30259,1.30259,1.30254,1.30254,9000000,1
1500933540000,1500933599000,1.30255,1.30255,1.30254,1.30254,5250000,1
1500933600000,1500933659000,1.30253,1.30262,1.30251,1.30251,42850000,1
1500933660000,1500933719000,1.30251,1.30252,1.30232,1.30232,42190000,1
1500933720000,1500933779000,1.30232,1.30232,1.30222,1.30222,36430000,1
1500933780000,1500933839000,1.30222,1.30226,1.30213,1.30223,107110000,1
1500933840000,1500933899000,1.30223,1.30228,1.30223,1.30227,176250000,1
1500933900000,1500933959000,1.30229,1.30235,1.30226,1.30234,300940000,1
1500933960000,1500934019000,1.30234,1.30234,1.30226,1.30228,150910000,1
1500934020000,1500934079000,1.30228,1.30234,1.30221,1.30221,112650000,1
1500934080000,1500934139000,1.30219,1.30226,1.30219,1.30223,80520000,1
1500934140000,1500934199000,1.30223,1.30225,1.30223,1.30223,33310000,1
1500934200000,1500934259000,1.30223,1.30224,1.30221,1.30221,57190000,1
1500934260000,1500934319000,1.30222,1.30223,1.3022,1.30223,78670000,1
1500934320000,1500934379000,1.30224,1.30224,1.30222,1.30222,17740000,1
1500934380000,1500934439000,1.30222,1.30231,1.30218,1.3023,71110000,1
1500934440000,1500934499000,1.3023,1.30239,1.3023,1.30236,70560000,1
1500934500000,1500934559000,1.30237,1.30251,1.30236,1.3025,62060000,1
1500934560000,1500934619000,1.3025,1.3025,1.30235,1.30235,20030000,1
1500934620000,1500934679000,1.30235,1.30235,1.30226,1.3023,26810000,1
1500934680000,1500934739000,1.3023,1.30234,1.30226,1.3023,33730000,1
1500934740000,1500934799000,1.3023,1.3023,1.30228,1.30229,16810000,1
1500934800000,1500934859000,1.30229,1.30232,1.30229,1.30229,30600000,1
1500934860000,1500934919000,1.30229,1.30231,1.30229,1.30231,7310000,1
1500934920000,1500934979000,1.3023,1.3023,1.30229,1.30229,19760000,1
1500934980000,1500935039000,1.3023,1.3023,1.30229,1.30229,8560000,1
1500935040000,1500935099000,1.30229,1.30229,1.30225,1.30226,18610000,1
1500935100000,1500935159000,1.30226,1.30226,1.30224,1.30224,9870000,1
1500935160000,1500935219000,1.30225,1.30231,1.30225,1.30229,22880000,1
1500935220000,1500935279000,1.3023,1.30231,1.30227,1.30227,16690000,1
1500935280000,1500935339000,1.30227,1.30228,1.30224,1.30224,15930000,1
1500935340000,1500935399000,1.30225,1.30231,1.30223,1.30226,51040000,1
1500935400000,1500935459000,1.30226,1.30226,1.30216,1.30216,12430000,1
1500935460000,1500935519000,1.30216,1.30222,1.30212,1.30217,38630000,1
1500935520000,1500935579000,1.30217,1.30217,1.30212,1.30212,19450000,1
1500935580000,1500935639000,1.30213,1.30216,1.30211,1.30212,20250000,1
1500935640000,1500935699000,1.30212,1.30216,1.30211,1.30215,67180000,1
1500935700000,1500935759000,1.30215,1.30217,1.30213,1.30213,51920000,1
1500935760000,1500935819000,1.30213,1.30214,1.30213,1.30214,6250000,1
1500935820000,1500935879000,1.30214,1.30216,1.30213,1.30215,43460000,1
1500935880000,1500935939000,1.30214,1.30216,1.30212,1.30215,27140000,1
1500935940000,1500935999000,1.30215,1.30216,1.30214,1.30215,52980000,1
1500936000000,1500936059000,1.30217,1.30217,1.30214,1.30214,19580000,1
1500936060000,1500936119000,1.30215,1.30216,1.30213,1.30213,17700000,1
1500936120000,1500936179000,1.30216,1.30222,1.30215,1.30221,14260000,1
1500936180000,1500936239000,1.30221,1.30222,1.30217,1.30218,14250000,1
1500936240000,1500936299000,1.30218,1.30224,1.30218,1.30224,13070000,1
1500936300000,1500936359000,1.30222,1.30222,1.30219,1.30219,12060000,1
1500936360000,1500936419000,1.3022,1.3022,1.30219,1.3022,6000000,1
1500936420000,1500936479000,1.30221,1.30222,1.30221,1.30221,8000000,1
1500936480000,1500936539000,1.3022,1.3022,1.30212,1.30212,12120000,1
1500936540000,1500936599000,1.30212,1.30222,1.30212,1.30222,14000000,1
1500936600000,1500936659000,1.30222,1.30222,1.30214,1.30214,20010000,1
1500936660000,1500936719000,1.30214,1.30216,1.30213,1.30216,19460000,1
1500936720000,1500936779000,1.30215,1.30216,1.30212,1.30212,19890000,1
1500936780000,1500936839000,1.30211,1.30214,1.30211,1.30213,15570000,1
1500936840000,1500936899000,1.30212,1.30212,1.30207,1.30208,23670000,1
1500936900000,1500936959000,1.30209,1.30209,1.30207,1.30207,10390000,1
1500936960000,1500937019000,1.30212,1.30219,1.30212,1.30216,21820000,1
1500937020000,1500937079000,1.30216,1.30217,1.30214,1.30216,30130000,1
1500937080000,1500937139000,1.30215,1.30223,1.30214,1.30223,29160000,1
1500937140000,1500937199000,1.30223,1.30225,1.30219,1.30223,34570000,1
1500937200000,1500937259000,1.30219,1.30224,1.30219,1.30222,40380000,1
1500937260000,1500937319000,1.30222,1.30226,1.30222,1.30225,25830000,1
1500937320000,1500937379000,1.30225,1.30231,1.30225,1.30231,20000000,1
1500937380000,1500937439000,1.30232,1.30232,1.3023,1.3023,10000000,1
1500937440000,1500937499000,1.3023,1.3023,1.3023,1.3023,5000000,1
1500937500000,1500937559000,1.3023,1.30231,1.3023,1.30231,9000000,1
1500937560000,1500937619000,1.30231,1.30231,1.3023,1.30231,5000000,1
1500937620000,1500937679000,1.30231,1.30231,1.3023,1.3023,8000000,1
1500937680000,1500937739000,1.3023,1.30233,1.3023,1.30233,12000000,1
1500937740000,1500937799000,1.30233,1.30233,1.30232,1.30232,9000000,1
1500937800000,1500937859000,1.30232,1.30232,1.30231,1.30232,11000000,1
1500937860000,1500937919000,1.30231,1.30231,1.30231,1.30231,7000000,1
1500937920000,1500937979000,1.30231,1.30231,1.30231,1.30231,6000000,1
1500937980000,1500938039000,1.30231,1.30231,1.30225,1.30225,7000000,1
1500938040000,1500938099000,1.30225,1.30226,1.30223,1.30226,16120000,1
1500938100000,1500938159000,1.30226,1.30227,1.30224,1.30224,16540000,1
1500938160000,1500938219000,1.30225,1.30225,1.30223,1.30223,15440000,1
1500938220000,1500938279000,1.30223,1.30224,1.30223,1.30224,25410000,1
1500938280000,1500938339000,1.30224,1.30224,1.30211,1.30211,26790000,1
1500938340000,1500938399000,1.30212,1.3024,1.30212,1.30231,69870000,1
1500938400000,1500938459000,1.30231,1.30237,1.30231,1.30235,16300000,1
1500938460000,1500938519000,1.30236,1.30236,1.30234,1.30236,5500000,1
1500938520000,1500938579000,1.30237,1.30239,1.30235,1.30236,11620000,1
1500938580000,1500938639000,1.30235,1.30236,1.3023,1.30235,28250000,1
1500938640000,1500938699000,1.30235,1.30237,1.30234,1.30236,16000000,1
1500938700000,1500938759000,1.30235,1.30241,1.30234,1.30241,5000000,1
1500938760000,1500938819000,1.30241,1.30241,1.30236,1.30236,28110000,1
1500938820000,1500938879000,1.30236,1.30238,1.30231,1.30231,14310000,1
1500938880000,1500938939000,1.30228,1.30231,1.30226,1.30231,98400000,1
1500938940000,1500938999000,1.30231,1.30236,1.30231,1.30236,12120000,1
1500939000000,1500939059000,1.30235,1.3024,1.30231,1.3024,23810000,1
1500939060000,1500939119000,1.3024,1.3024,1.30238,1.3024,19810000,1
1500939120000,1500939179000,1.30241,1.30246,1.30236,1.30236,10410000,1
1500939180000,1500939239000,1.30235,1.30235,1.3023,1.3023,30240000,1
1500939240000,1500939299000,1.3023,1.30244,1.30229,1.3024,83280000,1
1500939300000,1500939359000,1.3024,1.30241,1.30237,1.30237,26760000,1
1500939360000,1500939419000,1.30239,1.3024,1.30237,1.3024,16740000,1
1500939420000,1500939479000,1.3024,1.30247,1.30239,1.3024,33610000,1
1500939480000,1500939539000,1.3024,1.30249,1.30239,1.30249,13120000,1
1500939540000,1500939599000,1.30249,1.30251,1.30249,1.3025,19860000,1
1500939600000,1500939659000,1.3025,1.3025,1.30247,1.3025,7920000,1
1500939660000,1500939719000,1.3025,1.30253,1.30249,1.3025,8500000,1
1500939720000,1500939779000,1.3025,1.3025,1.30246,1.30246,11000000,1
1500939780000,1500939839000,1.30244,1.30246,1.30243,1.30244,19000000,1
1500939840000,1500939899000,1.30244,1.30247,1.30242,1.30242,20000000,1
1500939900000,1500939959000,1.30242,1.30244,1.3024,1.30241,31000000,1
1500939960000,1500940019000,1.30241,1.30241,1.30237,1.30237,17140000,1
1500940020000,1500940079000,1.30237,1.3024,1.30237,1.3024,14400000,1
1500940080000,1500940139000,1.3024,1.30241,1.30236,1.30241,95710000,1
1500940140000,1500940199000,1.30241,1.30241,1.30237,1.30237,15780000,1
1500940200000,1500940259000,1.30239,1.30239,1.30239,1.30239,1190000,1
1500940260000,1500940319000,1.30239,1.30244,1.30236,1.30244,19660000,1
1500940320000,1500940379000,1.30243,1.30251,1.30243,1.30247,34010000,1
1500940380000,1500940439000,1.30247,1.30247,1.30246,1.30246,9570000,1
1500940440000,1500940499000,1.30246,1.30273,1.30246,1.30271,26370000,1
1500940500000,1500940559000,1.30271,1.3029,1.30271,1.30287,29000000,1
1500940560000,1500940619000,1.30286,1.30286,1.30276,1.30276,27500000,1
1500940620000,1500940679000,1.30276,1.30282,1.30276,1.30278,58860000,1
1500940680000,1500940739000,1.30278,1.30279,1.3025,1.30252,52610000,1
1500940740000,1500940799000,1.30252,1.30257,1.30252,1.30257,44620000,1
1500940800000,1500940859000,1.30258,1.30261,1.30254,1.3026,45750000,1
1500940860000,1500940919000,1.3026,1.3026,1.30246,1.30246,37000000,1
1500940920000,1500940979000,1.30246,1.30246,1.30235,1.30242,27150000,1
1500940980000,1500941039000,1.30244,1.30246,1.30235,1.30243,21650000,1
1500941040000,1500941099000,1.30244,1.30247,1.30244,1.30247,15200000,1
1500941100000,1500941159000,1.30246,1.30248,1.30241,1.30246,28670000,1
1500941160000,1500941219000,1.30248,1.30249,1.30234,1.30245,33860000,1
1500941220000,1500941279000,1.30245,1.30245,1.30234,1.3024,40250000,1
1500941280000,1500941339000,1.30239,1.30252,1.30235,1.3025,52630000,1
1500941340000,1500941399000,1.30251,1.30254,1.30218,1.3022,63340000,1
1500941400000,1500941459000,1.30221,1.30233,1.30221,1.30227,123640000,1
1500941460000,1500941519000,1.3023,1.3023,1.30219,1.30219,139580000,1
1500941520000,1500941579000,1.30219,1.30253,1.30219,1.3024,128600000,1
1500941580000,1500941639000,1.30241,1.30243,1.30204,1.30215,95530000,1
1500941640000,1500941699000,1.30216,1.3022,1.30191,1.30194,107170000,1
1500941700000,1500941759000,1.30193,1.30212,1.30191,1.30197,116560000,1
1500941760000,1500941819000,1.302,1.30226,1.30185,1.30199,218800000,1
1500941820000,1500941879000,1.30199,1.302,1.30195,1.302,31850000,1
1500941880000,1500941939000,1.30201,1.30202,1.30181,1.3019,29990000,1
1500941940000,1500941999000,1.30189,1.30192,1.30189,1.30191,10480000,1
1500942000000,1500942059000,1.30189,1.3024,1.30175,1.30235,92260000,1
1500942060000,1500942119000,1.30235,1.30235,1.30206,1.30206,114750000,1
1500942120000,1500942179000,1.30205,1.3021,1.30178,1.30186,186660000,1
1500942180000,1500942239000,1.30188,1.30206,1.30188,1.30203,22870000,1
1500942240000,1500942299000,1.30204,1.30206,1.30201,1.30202,25000000,1
1500942300000,1500942359000,1.30197,1.30198,1.30163,1.30163,52360000,1
1500942360000,1500942419000,1.30168,1.30183,1.30147,1.30152,107490000,1
1500942420000,1500942479000,1.30152,1.30161,1.30148,1.30155,66010000,1
1500942480000,1500942539000,1.30155,1.30158,1.30155,1.30156,27870000,1
1500942540000,1500942599000,1.30156,1.30157,1.30152,1.30156,23980000,1
1500942600000,1500942659000,1.30157,1.30169,1.30157,1.30162,48760000,1
1500942660000,1500942719000,1.30162,1.30166,1.30157,1.30162,51790000,1
1500942720000,1500942779000,1.30162,1.3017,1.30162,1.30167,50500000,1
1500942780000,1500942839000,1.30168,1.30172,1.30167,1.30172,19870000,1
1500942840000,1500942899000,1.30171,1.30173,1.30167,1.30167,8500000,1
1500942900000,1500942959000,1.30161,1.30165,1.30161,1.30162,22190000,1
1500942960000,1500943019000,1.30162,1.30164,1.30157,1.30162,19870000,1
1500943020000,1500943079000,1.30163,1.30163,1.30152,1.30153,15070000,1
1500943080000,1500943139000,1.30153,1.30163,1.30152,1.3016,34200000,1
1500943140000,1500943199000,1.30162,1.30163,1.30144,1.3015,47060000,1
1500943200000,1500943259000,1.30148,1.30178,1.30143,1.30176,83800000,1
1500943260000,1500943319000,1.30176,1.30186,1.30175,1.30186,28250000,1
1500943320000,1500943379000,1.30182,1.30186,1.30182,1.30185,24250000,1
1500943380000,1500943439000,1.30186,1.30198,1.30186,1.30196,40620000,1
1500943440000,1500943499000,1.30196,1.30196,1.30189,1.30189,26610000,1
1500943500000,1500943559000,1.30189,1.30189,1.30178,1.30178,39540000,1
1500943560000,1500943619000,1.30177,1.30177,1.30159,1.30173,61350000,1
1500943620000,1500943679000,1.30172,1.30175,1.30171,1.30171,62440000,1
1500943680000,1500943739000,1.30173,1.30178,1.30171,1.30177,31050000,1
1500943740000,1500943799000,1.30178,1.30178,1.30172,1.30172,29080000,1
1500943800000,1500943859000,1.30174,1.30195,1.30173,1.30195,20250000,1
1500943860000,1500943919000,1.30192,1.30202,1.30188,1.30201,85280000,1
1500943920000,1500943979000,1.30202,1.30203,1.302,1.30201,65290000,1
1500943980000,1500944039000,1.30201,1.30206,1.30196,1.30196,111310000,1
1500944040000,1500944099000,1.30197,1.30197,1.30187,1.3019,81800000,1
1500944100000,1500944159000,1.302,1.30205,1.30179,1.3019,88140000,1
1500944160000,1500944219000,1.30193,1.30194,1.30147,1.30158,83680000,1
1500944220000,1500944279000,1.30159,1.30164,1.30159,1.30164,19000000,1
1500944280000,1500944339000,1.30164,1.30174,1.30159,1.30159,38120000,1
1500944340000,1500944399000,1.30161,1.30164,1.30149,1.30152,25730000,1
1500944400000,1500944459000,1.30153,1.30154,1.30152,1.30153,10000000,1
1500944460000,1500944519000,1.30153,1.30153,1.30153,1.30153,4000000,1
1500944520000,1500944579000,1.30152,1.30154,1.30152,1.30154,13000000,1
1500944580000,1500944639000,1.30154,1.30163,1.30154,1.30163,22000000,1
1500944640000,1500944699000,1.30162,1.30163,1.3016,1.30162,16730000,1
1500944700000,1500944759000,1.30167,1.3017,1.30167,1.30169,31400000,1
1500944760000,1500944819000,1.30168,1.30195,1.30168,1.30192,37120000,1
1500944820000,1500944879000,1.3019,1.30191,1.30176,1.30178,71660000,1
1500944880000,1500944939000,1.3018,1.30182,1.30179,1.30182,18940000,1
1500944940000,1500944999000,1.30182,1.30182,1.30179,1.30181,18870000,1
1500945000000,1500945059000,1.30179,1.30189,1.30179,1.30181,24880000,1
1500945060000,1500945119000,1.30181,1.30182,1.30169,1.30173,70990000,1
1500945120000,1500945179000,1.30174,1.30176,1.30166,1.30174,48130000,1
1500945180000,1500945239000,1.30174,1.30204,1.30172,1.30204,45750000,1
1500945240000,1500945299000,1.30202,1.30204,1.30192,1.30192,35190000,1
1500945300000,1500945359000,1.30192,1.30204,1.3019,1.30203,37900000,1
1500945360000,1500945419000,1.30203,1.30204,1.30193,1.30199,44750000,1
1500945420000,1500945479000,1.30199,1.30203,1.30199,1.30203,30750000,1
1500945480000,1500945539000,1.30203,1.30205,1.30197,1.30197,41880000,1
1500945540000,1500945599000,1.30197,1.30215,1.30197,1.30215,26250000,1
1500945600000,1500945659000,1.30215,1.30221,1.30215,1.30215,37890000,1
1500945660000,1500945719000,1.30216,1.30218,1.3021,1.30216,45060000,1
1500945720000,1500945779000,1.30216,1.30217,1.30187,1.30191,88240000,1
1500945780000,1500945839000,1.3019,1.30195,1.3019,1.30195,23690000,1
1500945840000,1500945899000,1.30194,1.30194,1.30188,1.30189,21870000,1
1500945900000,1500945959000,1.30189,1.30195,1.30189,1.3019,44800000,1
1500945960000,1500946019000,1.30191,1.30196,1.30189,1.30191,38630000,1
1500946020000,1500946079000,1.30191,1.30195,1.30187,1.30192,30810000,1
1500946080000,1500946139000,1.30192,1.30202,1.3019,1.30196,45800000,1
1500946140000,1500946199000,1.30195,1.30196,1.30189,1.30194,46380000,1
1500946200000,1500946259000,1.30193,1.30193,1.30179,1.30183,54120000,1
1500946260000,1500946319000,1.30184,1.30196,1.30179,1.30194,31740000,1
1500946320000,1500946379000,1.30193,1.30211,1.3019,1.3019,38810000,1
1500946380000,1500946439000,1.30194,1.30194,1.30189,1.30191,31270000,1
1500946440000,1500946499000,1.30191,1.30195,1.30191,1.30195,16960000,1
1500946500000,1500946559000,1.30195,1.3022,1.30195,1.30214,55890000,1
1500946560000,1500946619000,1.30214,1.30215,1.30205,1.30208,40110000,1
1500946620000,1500946679000,1.3021,1.30214,1.30206,1.30214,40570000,1
1500946680000,1500946739000,1.30214,1.30215,1.30211,1.30214,28320000,1
1500946740000,1500946799000,1.30212,1.30214,1.30209,1.30213,26380000,1
1500946800000,1500946859000,1.30214,1.3022,1.30213,1.3022,20000000,1
1500946860000,1500946919000,1.3022,1.3022,1.30209,1.30211,25440000,1
1500946920000,1500946979000,1.30212,1.30212,1.30187,1.3019,30610000,1
1500946980000,1500947039000,1.30192,1.30201,1.3019,1.30201,23450000,1
1500947040000,1500947099000,1.30201,1.30204,1.30199,1.30204,14190000,1
1500947100000,1500947159000,1.30204,1.30216,1.30204,1.30214,34690000,1
1500947160000,1500947219000,1.30214,1.30215,1.30208,1.30213,31500000,1
1500947220000,1500947279000,1.30213,1.30223,1.30213,1.30219,54000000,1
1500947280000,1500947339000,1.30219,1.30225,1.30219,1.30225,44700000,1
1500947340000,1500947399000,1.30223,1.30225,1.30215,1.30216,44640000,1
1500947400000,1500947459000,1.3022,1.30234,1.3022,1.3022,42260000,1
1500947460000,1500947519000,1.3022,1.30225,1.3022,1.3022,28810000,1
1500947520000,1500947579000,1.3022,1.30231,1.30219,1.30231,16510000,1
1500947580000,1500947639000,1.30229,1.3023,1.3022,1.30221,50320000,1
1500947640000,1500947699000,1.30222,1.30224,1.30221,1.30224,8500000,1
1500947700000,1500947759000,1.30224,1.30225,1.30223,1.30225,14000000,1
1500947760000,1500947819000,1.30225,1.30234,1.30225,1.30226,35750000,1
1500947820000,1500947879000,1.30226,1.30236,1.30225,1.30235,31500000,1
1500947880000,1500947939000,1.30233,1.30235,1.30225,1.30231,29250000,1
1500947940000,1500947999000,1.3023,1.30235,1.3023,1.30235,27060000,1
1500948000000,1500948059000,1.30235,1.30243,1.30234,1.30235,40750000,1
1500948060000,1500948119000,1.30236,1.30242,1.30234,1.30234,41700000,1
1500948120000,1500948179000,1.30234,1.30236,1.30233,1.30235,38080000,1
1500948180000,1500948239000,1.30235,1.30235,1.30234,1.30235,25000000,1
1500948240000,1500948299000,1.30234,1.30234,1.30209,1.30223,47410000,1
1500948300000,1500948359000,1.30223,1.30224,1.30208,1.30208,34360000,1
1500948360000,1500948419000,1.30206,1.30222,1.30206,1.30221,45540000,1
1500948420000,1500948479000,1.30222,1.30224,1.30209,1.3021,81140000,1
1500948480000,1500948539000,1.30211,1.30221,1.30211,1.30215,73110000,1
1500948540000,1500948599000,1.30215,1.30224,1.30215,1.30221,84270000,1
1500948600000,1500948659000,1.30221,1.30232,1.30221,1.30231,28940000,1
1500948660000,1500948719000,1.30231,1.30235,1.3023,1.30235,21990000,1
1500948720000,1500948779000,1.30236,1.30244,1.30236,1.30244,12000000,1
1500948780000,1500948839000,1.30244,1.30251,1.30239,1.30245,46080000,1
1500948840000,1500948899000,1.30245,1.30245,1.30239,1.30239,95130000,1
1500948900000,1500948959000,1.3024,1.30258,1.3024,1.30251,44560000,1
1500948960000,1500949019000,1.30255,1.30275,1.30254,1.30271,101250000,1
1500949020000,1500949079000,1.3027,1.3027,1.30227,1.30228,74650000,1
1500949080000,1500949139000,1.30231,1.30231,1.30219,1.30219,32070000,1
1500949140000,1500949199000,1.3022,1.30234,1.3022,1.30233,66880000,1
1500949200000,1500949259000,1.30233,1.30238,1.30232,1.30232,42770000,1
1500949260000,1500949319000,1.30233,1.30236,1.30232,1.30233,29940000,1
1500949320000,1500949379000,1.30233,1.30234,1.30233,1.30234,32250000,1
1500949380000,1500949439000,1.30233,1.30242,1.30233,1.30238,36350000,1
1500949440000,1500949499000,1.30238,1.30241,1.30236,1.30241,57310000,1
1500949500000,1500949559000,1.30241,1.30253,1.30236,1.30251,71870000,1
1500949560000,1500949619000,1.30251,1.3026,1.30247,1.3026,42220000,1
1500949620000,1500949679000,1.3026,1.30278,1.30259,1.30278,70230000,1
1500949680000,1500949739000,1.30276,1.30293,1.30262,1.30291,107460000,1
1500949740000,1500949799000,1.30291,1.30293,1.3027,1.30278,48580000,1
1500949800000,1500949859000,1.30277,1.3028,1.30264,1.30275,70290000,1
1500949860000,1500949919000,1.30275,1.30281,1.30275,1.30281,71780000,1
1500949920000,1500949979000,1.30278,1.30279,1.30272,1.30272,60160000,1
1500949980000,1500950039000,1.30273,1.3028,1.30269,1.30269,42930000,1
1500950040000,1500950099000,1.30272,1.30279,1.30272,1.30272,61930000,1
1500950100000,1500950159000,1.30273,1.30273,1.30267,1.30272,29500000,1
1500950160000,1500950219000,1.30272,1.3028,1.3027,1.30276,112380000,1
1500950220000,1500950279000,1.30277,1.30281,1.30276,1.3028,71600000,1
1500950280000,1500950339000,1.30279,1.30279,1.3027,1.30276,69210000,1
1500950340000,1500950399000,1.30275,1.30282,1.30275,1.30282,37580000,1
1500950400000,1500950459000,1.30283,1.30283,1.30268,1.30277,42620000,1
1500950460000,1500950519000,1.30278,1.30282,1.30277,1.3028,60150000,1
1500950520000,1500950579000,1.30279,1.30283,1.30279,1.30282,11560000,1
1500950580000,1500950639000,1.30281,1.30282,1.30278,1.30279,34680000,1
1500950640000,1500950699000,1.30279,1.30283,1.30277,1.30282,64060000,1
1500950700000,1500950759000,1.30282,1.30315,1.30282,1.30314,129720000,1
1500950760000,1500950819000,1.30313,1.30329,1.30312,1.30324,60440000,1
1500950820000,1500950879000,1.30324,1.30324,1.30303,1.30306,52940000,1
1500950880000,1500950939000,1.30308,1.30315,1.30295,1.30295,56000000,1
1500950940000,1500950999000,1.30295,1.30299,1.30285,1.30296,61140000,1
1500951000000,1500951059000,1.30295,1.30297,1.30289,1.30295,83200000,1
1500951060000,1500951119000,1.30293,1.30304,1.30292,1.30303,37310000,1
1500951120000,1500951179000,1.30303,1.30303,1.30279,1.30291,63730000,1
1500951180000,1500951239000,1.30291,1.30294,1.30279,1.3028,68020000,1
1500951240000,1500951299000,1.30279,1.30285,1.30279,1.30283,54460000,1
1500951300000,1500951359000,1.30283,1.30285,1.30257,1.30258,47700000,1
1500951360000,1500951419000,1.30259,1.30263,1.30244,1.30255,38240000,1
1500951420000,1500951479000,1.30252,1.30259,1.30251,1.30252,47520000,1
1500951480000,1500951539000,1.30252,1.30259,1.30252,1.30259,41890000,1
1500951540000,1500951599000,1.30258,1.30267,1.30258,1.30263,30130000,1
1500951600000,1500951659000,1.30263,1.30274,1.30263,1.30274,30000000,1
1500951660000,1500951719000,1.30274,1.30276,1.30272,1.30274,36000000,1
1500951720000,1500951779000,1.30276,1.30276,1.30259,1.30259,23140000,1
1500951780000,1500951839000,1.30259,1.30284,1.30259,1.30276,36300000,1
1500951840000,1500951899000,1.30276,1.30279,1.30265,1.30271,33200000,1
1500951900000,1500951959000,1.3027,1.30274,1.30266,1.30269,22020000,1
1500951960000,1500952019000,1.3027,1.30274,1.30263,1.30263,48630000,1
1500952020000,1500952079000,1.30263,1.30263,1.30257,1.30261,26180000,1
1500952080000,1500952139000,1.3026,1.3026,1.30252,1.30252,18760000,1
1500952140000,1500952199000,1.30252,1.30258,1.30252,1.30254,21120000,1
1500952200000,1500952259000,1.30255,1.30256,1.30252,1.30254,20690000,1
1500952260000,1500952319000,1.30252,1.3026,1.30252,1.30253,25000000,1
1500952320000,1500952379000,1.30255,1.30255,1.30249,1.30249,18970000,1
1500952380000,1500952439000,1.30254,1.30254,1.3025,1.30251,12120000,1
1500952440000,1500952499000,1.30251,1.30278,1.30251,1.30278,24810000,1
1500952500000,1500952559000,1.30277,1.30277,1.30248,1.3025,62120000,1
1500952560000,1500952619000,1.30252,1.30253,1.30252,1.30252,14500000,1
1500952620000,1500952679000,1.30258,1.30273,1.30258,1.30273,18800000,1
1500952680000,1500952739000,1.30273,1.30274,1.30272,1.30273,15570000,1
1500952740000,1500952799000,1.30272,1.30272,1.30268,1.3027,35640000,1
1500952800000,1500952859000,1.30268,1.30276,1.30267,1.30274,41060000,1
1500952860000,1500952919000,1.30273,1.30275,1.30271,1.30275,18400000,1
1500952920000,1500952979000,1.30275,1.30275,1.30269,1.30275,20850000,1
1500952980000,1500953039000,1.30275,1.30296,1.30275,1.30296,16100000,1
1500953040000,1500953099000,1.30296,1.30296,1.30292,1.30293,34490000,1
1500953100000,1500953159000,1.30293,1.30293,1.30292,1.30293,10000000,1
1500953160000,1500953219000,1.30292,1.30292,1.30292,1.30292,5000000,1
1500953220000,1500953279000,1.30292,1.30293,1.30292,1.30292,6500000,1
1500953280000,1500953339000,1.30292,1.30293,1.30292,1.30293,7000000,1
1500953340000,1500953399000,1.30294,1.30294,1.30292,1.30292,6000000,1
1500953400000,1500953459000,1.30289,1.30289,1.30282,1.30283,31560000,1
1500953460000,1500953519000,1.30282,1.30284,1.30282,1.30283,11490000,1
1500953520000,1500953579000,1.30283,1.30295,1.30282,1.30295,30750000,1
1500953580000,1500953639000,1.30295,1.30298,1.30295,1.30297,23250000,1
1500953640000,1500953699000,1.30297,1.30299,1.30297,1.30297,20250000,1
1500953700000,1500953759000,1.30297,1.30297,1.30297,1.30297,10500000,1
1500953760000,1500953819000,1.30297,1.30304,1.30295,1.30302,11370000,1
1500953820000,1500953879000,1.30303,1.30305,1.3029,1.3029,16190000,1
1500953880000,1500953939000,1.3029,1.3029,1.3028,1.30284,38680000,1
1500953940000,1500953999000,1.30283,1.30308,1.30283,1.30304,39530000,1
1500954000000,1500954059000,1.30303,1.30305,1.30302,1.30303,14180000,1
1500954060000,1500954119000,1.30304,1.30304,1.30303,1.30304,13110000,1
1500954120000,1500954179000,1.30303,1.30304,1.30303,1.30304,8500000,1
1500954180000,1500954239000,1.30304,1.30304,1.30303,1.30304,13120000,1
1500954240000,1500954299000,1.30303,1.30304,1.30302,1.30303,10490000,1
1500954300000,1500954359000,1.30303,1.30305,1.30303,1.30303,8870000,1
1500954360000,1500954419000,1.30307,1.30307,1.30307,1.30307,5000000,1
1500954420000,1500954479000,1.30308,1.30308,1.30307,1.30307,7000000,1
1500954480000,1500954539000,1.30304,1.30309,1.30303,1.30308,11250000,1
1500954540000,1500954599000,1.30307,1.30309,1.30307,1.30308,8000000,1
1500954600000,1500954659000,1.30307,1.30308,1.30307,1.30307,4000000,1
1500954660000,1500954719000,1.30307,1.30307,1.30307,1.30307,1500000,1
1500954720000,1500954779000,1.30312,1.30314,1.30312,1.30314,5000000,1
1500954780000,1500954839000,1.30313,1.30314,1.30313,1.30313,8000000,1
1500954840000,1500954899000,1.30311,1.30317,1.30311,1.30317,34280000,1
1500954900000,1500954959000,1.30315,1.30325,1.30315,1.3032,14550000,1
1500954960000,1500955019000,1.30321,1.30321,1.3032,1.30321,19140000,1
1500955020000,1500955079000,1.30321,1.30323,1.30319,1.30322,11940000,1
1500955080000,1500955139000,1.30322,1.30335,1.30305,1.30306,54370000,1
1500955140000,1500955199000,1.30305,1.30307,1.30298,1.30303,63570000,1
1500955200000,1500955259000,1.30301,1.30321,1.30299,1.30319,33090000,1
1500955260000,1500955319000,1.30317,1.30325,1.30314,1.30319,44170000,1
1500955320000,1500955379000,1.30318,1.30335,1.30318,1.30333,38430000,1
1500955380000,1500955439000,1.30332,1.30332,1.30317,1.30323,39240000,1
1500955440000,1500955499000,1.30322,1.3034,1.30322,1.30332,53260000,1
1500955500000,1500955559000,1.30333,1.30338,1.30327,1.30338,88710000,1
1500955560000,1500955619000,1.30338,1.30338,1.30323,1.30332,75730000,1
1500955620000,1500955679000,1.30336,1.30337,1.30332,1.30332,14230000,1
1500955680000,1500955739000,1.30331,1.30344,1.30331,1.30333,31280000,1
1500955740000,1500955799000,1.30331,1.30337,1.3033,1.30334,30690000,1
1500955800000,1500955859000,1.30333,1.30335,1.30331,1.30331,15000000,1
1500955860000,1500955919000,1.30333,1.30335,1.30333,1.30335,18000000,1
1500955920000,1500955979000,1.30334,1.30336,1.30334,1.30336,15500000,1
1500955980000,1500956039000,1.30336,1.30347,1.30336,1.30347,33000000,1
1500956040000,1500956099000,1.30347,1.30359,1.30347,1.30356,60640000,1
1500956100000,1500956159000,1.30356,1.30356,1.3033,1.3033,67380000,1
1500956160000,1500956219000,1.3033,1.30331,1.30325,1.30329,44050000,1
1500956220000,1500956279000,1.3033,1.3033,1.3032,1.3032,16430000,1
1500956280000,1500956339000,1.30322,1.3033,1.3032,1.30324,27680000,1
1500956340000,1500956399000,1.30324,1.30324,1.30308,1.30311,53230000,1
1500956400000,1500956459000,1.30311,1.30311,1.30303,1.30306,64750000,1
1500956460000,1500956519000,1.30306,1.30307,1.303,1.30305,42250000,1
1500956520000,1500956579000,1.30304,1.30305,1.30304,1.30304,23130000,1
1500956580000,1500956639000,1.30305,1.30305,1.30302,1.30304,13000000,1
1500956640000,1500956699000,1.30305,1.30305,1.3029,1.3029,26220000,1
1500956700000,1500956759000,1.30289,1.30296,1.30289,1.30296,21940000,1
1500956760000,1500956819000,1.30296,1.30309,1.30296,1.30309,16000000,1
1500956820000,1500956879000,1.30309,1.30309,1.30309,1.30309,0,1
1500956880000,1500956939000,1.30313,1.30319,1.30313,1.30315,8500000,1
1500956940000,1500956999000,1.30317,1.30333,1.30317,1.30333,30250000,1
1500957000000,1500957059000,1.30332,1.30332,1.30322,1.30322,16800000,1
1500957060000,1500957119000,1.30323,1.30324,1.30317,1.30319,47120000,1
1500957120000,1500957179000,1.30321,1.30321,1.30318,1.30318,13190000,1
1500957180000,1500957239000,1.30317,1.3032,1.30317,1.3032,19990000,1
1500957240000,1500957299000,1.3032,1.3032,1.3032,1.3032,2120000,1
1500957300000,1500957359000,1.3032,1.30338,1.3032,1.30337,56560000,1
1500957360000,1500957419000,1.30337,1.30338,1.30333,1.30334,14000000,1
1500957420000,1500957479000,1.3033,1.3033,1.30321,1.30322,33210000,1
1500957480000,1500957539000,1.30325,1.30326,1.30311,1.30313,27870000,1
1500957540000,1500957599000,1.30309,1.30319,1.303,1.30301,51540000,1
1500957600000,1500957659000,1.30302,1.30317,1.30302,1.30317,39780000,1
1500957660000,1500957719000,1.30318,1.30326,1.30316,1.30324,25910000,1
1500957720000,1500957779000,1.30324,1.30326,1.3031,1.30326,64190000,1
1500957780000,1500957839000,1.30326,1.30326,1.30314,1.30314,33000000,1
1500957840000,1500957899000,1.30314,1.30324,1.30312,1.30324,62750000,1
1500957900000,1500957959000,1.30322,1.30323,1.30322,1.30322,14500000,1
1500957960000,1500958019000,1.30323,1.30323,1.30311,1.30312,14050000,1
1500958020000,1500958079000,1.30312,1.30313,1.30312,1.30312,5000000,1
1500958080000,1500958139000,1.30309,1.30312,1.303,1.30312,36210000,1
1500958140000,1500958199000,1.30312,1.30327,1.30311,1.3032,32130000,1
1500958200000,1500958259000,1.3032,1.30321,1.30319,1.3032,5120000,1
1500958260000,1500958319000,1.3032,1.3032,1.30316,1.30316,12980000,1
1500958320000,1500958379000,1.30313,1.30314,1.3031,1.3031,31300000,1
1500958380000,1500958439000,1.3031,1.3031,1.30306,1.30307,46670000,1
1500958440000,1500958499000,1.30307,1.30309,1.30281,1.30281,43330000,1
1500958500000,1500958559000,1.30279,1.30281,1.30269,1.30271,27060000,1
1500958560000,1500958619000,1.30271,1.30271,1.30262,1.30266,31830000,1
1500958620000,1500958679000,1.30264,1.30279,1.30264,1.30269,66210000,1
1500958680000,1500958739000,1.30269,1.30272,1.30268,1.30272,18250000,1
1500958740000,1500958799000,1.30271,1.30281,1.3027,1.30279,20430000,1
1500958800000,1500958859000,1.30278,1.30282,1.30268,1.30268,21680000,1
1500958860000,1500958919000,1.3027,1.30275,1.3027,1.30275,7380000,1
1500958920000,1500958979000,1.30276,1.30276,1.30275,1.30275,4000000,1
1500958980000,1500959039000,1.30276,1.30287,1.30276,1.30284,123380000,1
1500959040000,1500959099000,1.30281,1.30281,1.30268,1.30274,19480000,1
1500959100000,1500959159000,1.30274,1.30275,1.30269,1.30274,17500000,1
1500959160000,1500959219000,1.30274,1.30275,1.30274,1.30274,20000000,1
1500959220000,1500959279000,1.30274,1.30274,1.30272,1.30274,8000000,1
1500959280000,1500959339000,1.30273,1.30274,1.30272,1.30274,12000000,1
1500959340000,1500959399000,1.30275,1.30275,1.30273,1.30273,8000000,1
1500959400000,1500959459000,1.30275,1.30275,1.30272,1.30273,7000000,1
1500959460000,1500959519000,1.30273,1.30273,1.30273,1.30273,9000000,1
1500959520000,1500959579000,1.30273,1.30274,1.30271,1.30274,15000000,1
1500959580000,1500959639000,1.30274,1.30274,1.30269,1.30269,11340000,1
1500959640000,1500959699000,1.30269,1.30272,1.30269,1.30272,6310000,1
1500959700000,1500959759000,1.30272,1.30272,1.30267,1.3027,31960000,1
1500959760000,1500959819000,1.30269,1.30272,1.30269,1.3027,21300000,1
1500959820000,1500959879000,1.30273,1.30273,1.30267,1.3027,32410000,1
1500959880000,1500959939000,1.3027,1.30273,1.3027,1.30273,20000000,1
1500959940000,1500959999000,1.30273,1.30273,1.30268,1.30268,20750000,1
1500960000000,1500960059000,1.30269,1.3027,1.30267,1.30267,25870000,1
1500960060000,1500960119000,1.30267,1.30269,1.30267,1.30269,5750000,1
1500960120000,1500960179000,1.3027,1.30272,1.3027,1.30272,5000000,1
1500960180000,1500960239000,1.30271,1.30271,1.30268,1.30268,10110000,1
1500960240000,1500960299000,1.3027,1.3027,1.3027,1.3027,7000000,1
1500960300000,1500960359000,1.3027,1.3027,1.30265,1.30265,21000000,1
1500960360000,1500960419000,1.30265,1.30265,1.30263,1.30264,10000000,1
1500960420000,1500960479000,1.30264,1.30264,1.30264,1.30264,5000000,1
1500960480000,1500960539000,1.30263,1.30263,1.30262,1.30262,6000000,1
1500960540000,1500960599000,1.30264,1.30264,1.30261,1.30264,17500000,1
1500960600000,1500960659000,1.30264,1.30267,1.30263,1.30264,11000000,1
1500960660000,1500960719000,1.30261,1.30263,1.30257,1.30259,24480000,1
1500960720000,1500960779000,1.3026,1.30268,1.30257,1.30268,25240000,1
1500960780000,1500960839000,1.30267,1.30268,1.30264,1.30266,33250000,1
1500960840000,1500960899000,1.30266,1.30276,1.30266,1.30276,14000000,1
1500960900000,1500960959000,1.30276,1.30276,1.30267,1.30268,20500000,1
1500960960000,1500961019000,1.30271,1.30272,1.30267,1.30268,36000000,1
1500961020000,1500961079000,1.30268,1.3027,1.30267,1.3027,15500000,1
1500961080000,1500961139000,1.30268,1.30269,1.30265,1.30268,23000000,1
1500961140000,1500961199000,1.30268,1.30284,1.30268,1.30281,55370000,1
1500961200000,1500961259000,1.30282,1.30305,1.3028,1.30304,44500000,1
1500961260000,1500961319000,1.30303,1.30306,1.30302,1.30302,31300000,1
1500961320000,1500961379000,1.30303,1.30307,1.30299,1.30301,14430000,1
1500961380000,1500961439000,1.30298,1.30302,1.30277,1.30277,67920000,1
1500961440000,1500961499000,1.30282,1.30288,1.30276,1.30276,49680000,1
1500961500000,1500961559000,1.30276,1.30284,1.30276,1.30278,39670000,1
1500961560000,1500961619000,1.30277,1.30278,1.30274,1.30276,14000000,1
1500961620000,1500961679000,1.30277,1.30278,1.30276,1.30276,12000000,1
1500961680000,1500961739000,1.30275,1.30285,1.30272,1.30285,31260000,1
1500961740000,1500961799000,1.30283,1.30285,1.30273,1.30276,22000000,1
1500961800000,1500961859000,1.3028,1.3028,1.30272,1.30274,38370000,1
1500961860000,1500961919000,1.30275,1.30275,1.30266,1.30266,73860000,1
1500961920000,1500961979000,1.30266,1.30269,1.30257,1.30262,46750000,1
1500961980000,1500962039000,1.30262,1.30276,1.30257,1.30275,45870000,1
1500962040000,1500962099000,1.30274,1.30287,1.30274,1.30285,35250000,1
1500962100000,1500962159000,1.30285,1.30287,1.30284,1.30285,17000000,1
1500962160000,1500962219000,1.30286,1.30317,1.30285,1.30317,30000000,1
1500962220000,1500962279000,1.30316,1.30355,1.30316,1.30354,120270000,1
1500962280000,1500962339000,1.30353,1.30357,1.30349,1.30352,85280000,1
1500962340000,1500962399000,1.3035,1.30375,1.30348,1.30375,141290000,1
1500962400000,1500962459000,1.30374,1.30374,1.30342,1.30348,117490000,1
1500962460000,1500962519000,1.30346,1.30396,1.30342,1.30396,62980000,1
1500962520000,1500962579000,1.30396,1.30407,1.30375,1.30376,170880000,1
1500962580000,1500962639000,1.30376,1.30388,1.30366,1.30385,60300000,1
1500962640000,1500962699000,1.30384,1.30385,1.30362,1.30365,155470000,1
1500962700000,1500962759000,1.30366,1.30367,1.30352,1.30356,141460000,1
1500962760000,1500962819000,1.30356,1.30399,1.30356,1.30384,129670000,1
1500962820000,1500962879000,1.30386,1.30416,1.3038,1.30398,108390000,1
1500962880000,1500962939000,1.30398,1.30398,1.30383,1.30392,99390000,1
1500962940000,1500962999000,1.30392,1.30393,1.30385,1.30389,108440000,1
1500963000000,1500963059000,1.30389,1.30397,1.30388,1.30391,113040000,1
1500963060000,1500963119000,1.30391,1.30392,1.30374,1.30391,99910000,1
1500963120000,1500963179000,1.30391,1.30394,1.30391,1.30392,16820000,1
1500963180000,1500963239000,1.30392,1.30394,1.30383,1.30383,31220000,1
1500963240000,1500963299000,1.30383,1.30391,1.30372,1.3039,82770000,1
1500963300000,1500963359000,1.3039,1.30393,1.30378,1.30383,89980000,1
1500963360000,1500963419000,1.30387,1.30394,1.30382,1.30391,56930000,1
1500963420000,1500963479000,1.3039,1.30391,1.30389,1.30391,53040000,1
1500963480000,1500963539000,1.30389,1.30389,1.30377,1.30383,94760000,1
1500963540000,1500963599000,1.30382,1.30383,1.30377,1.30382,49170000,1
1500963600000,1500963659000,1.30382,1.30383,1.30361,1.30362,96860000,1
1500963660000,1500963719000,1.30362,1.30386,1.30362,1.30386,81690000,1
1500963720000,1500963779000,1.30385,1.30387,1.30363,1.30363,155150000,1
1500963780000,1500963839000,1.30363,1.30373,1.30361,1.30373,169980000,1
1500963840000,1500963899000,1.30374,1.30378,1.30372,1.30373,93270000,1
1500963900000,1500963959000,1.30373,1.30374,1.30372,1.30373,44850000,1
1500963960000,1500964019000,1.30373,1.30373,1.30357,1.30362,80760000,1
1500964020000,1500964079000,1.30361,1.30364,1.30357,1.30359,158270000,1
1500964080000,1500964139000,1.30361,1.30376,1.30356,1.30371,186810000,1
1500964140000,1500964199000,1.30372,1.30374,1.3036,1.3036,207640000,1
1500964200000,1500964259000,1.3036,1.30372,1.3035,1.30361,129960000,1
1500964260000,1500964319000,1.30362,1.30368,1.30352,1.30352,114170000,1
1500964320000,1500964379000,1.30352,1.30364,1.30352,1.30362,108290000,1
1500964380000,1500964439000,1.30363,1.30363,1.30359,1.30362,75200000,1
1500964440000,1500964499000,1.3036,1.30368,1.30358,1.30365,94860000,1
1500964500000,1500964559000,1.30365,1.30366,1.30362,1.30363,71600000,1
1500964560000,1500964619000,1.30363,1.30396,1.30363,1.30393,112860000,1
1500964620000,1500964679000,1.30393,1.30394,1.30372,1.30374,119930000,1
1500964680000,1500964739000,1.30373,1.30385,1.30371,1.30378,112030000,1
1500964740000,1500964799000,1.30376,1.30376,1.30363,1.30365,55560000,1
1500964800000,1500964859000,1.30364,1.30365,1.30352,1.30353,52370000,1
1500964860000,1500964919000,1.30354,1.30354,1.30344,1.30346,84600000,1
1500964920000,1500964979000,1.30343,1.30344,1.30332,1.30332,71900000,1
1500964980000,1500965039000,1.30332,1.30332,1.30321,1.30321,66430000,1
1500965040000,1500965099000,1.30321,1.30321,1.30317,1.30321,150450000,1
1500965100000,1500965159000,1.30321,1.30334,1.30321,1.3033,154500000,1
1500965160000,1500965219000,1.30331,1.30333,1.30328,1.30331,105810000,1
1500965220000,1500965279000,1.3033,1.30338,1.3033,1.30332,102800000,1
1500965280000,1500965339000,1.30333,1.30334,1.30317,1.3032,140830000,1
1500965340000,1500965399000,1.30318,1.30334,1.30314,1.30326,134930000,1
1500965400000,1500965459000,1.30326,1.30328,1.30322,1.30322,155500000,1
1500965460000,1500965519000,1.30323,1.30323,1.30313,1.30317,74950000,1
1500965520000,1500965579000,1.30318,1.30335,1.30317,1.30333,99970000,1
1500965580000,1500965639000,1.30331,1.30337,1.30327,1.30333,104910000,1
1500965640000,1500965699000,1.30333,1.30347,1.30333,1.30345,223820000,1
1500965700000,1500965759000,1.30344,1.30354,1.30337,1.30344,188790000,1
1500965760000,1500965819000,1.30345,1.30349,1.30338,1.30342,87190000,1
1500965820000,1500965879000,1.30341,1.30341,1.30322,1.30322,160600000,1
1500965880000,1500965939000,1.30322,1.30332,1.30322,1.30325,179150000,1
1500965940000,1500965999000,1.30325,1.30328,1.30298,1.30298,154530000,1
1500966000000,1500966059000,1.303,1.30315,1.3029,1.30292,174520000,1
1500966060000,1500966119000,1.30292,1.303,1.3029,1.30292,122790000,1
1500966120000,1500966179000,1.30298,1.30298,1.30279,1.30279,136770000,1
1500966180000,1500966239000,1.3028,1.3028,1.30271,1.30271,119690000,1
1500966240000,1500966299000,1.30273,1.30292,1.30273,1.30281,198760000,1
1500966300000,1500966359000,1.30282,1.30282,1.30271,1.30271,81520000,1
1500966360000,1500966419000,1.30272,1.30272,1.30221,1.30221,280960000,1
1500966420000,1500966479000,1.30221,1.30241,1.30221,1.30233,130410000,1
1500966480000,1500966539000,1.30233,1.30257,1.30232,1.30242,145000000,1
1500966540000,1500966599000,1.30242,1.30242,1.30201,1.30223,206100000,1
1500966600000,1500966659000,1.30223,1.30252,1.3022,1.3022,212810000,1
1500966660000,1500966719000,1.30221,1.30232,1.30206,1.30222,217720000,1
1500966720000,1500966779000,1.30222,1.30231,1.30221,1.3023,156960000,1
1500966780000,1500966839000,1.30231,1.3024,1.30227,1.30232,194430000,1
1500966840000,1500966899000,1.30234,1.30234,1.30227,1.30231,106770000,1
1500966900000,1500966959000,1.30233,1.30277,1.30222,1.30274,170580000,1
1500966960000,1500967019000,1.30275,1.30294,1.30262,1.30262,134210000,1
1500967020000,1500967079000,1.3026,1.30264,1.30247,1.30255,209980000,1
1500967080000,1500967139000,1.30253,1.30256,1.30241,1.30252,89760000,1
1500967140000,1500967199000,1.30251,1.30319,1.30251,1.30315,205500000,1
1500967200000,1500967259000,1.30315,1.30332,1.30305,1.30325,145020000,1
1500967260000,1500967319000,1.30325,1.30327,1.30289,1.30304,141170000,1
1500967320000,1500967379000,1.30307,1.30308,1.30282,1.30282,90360000,1
1500967380000,1500967439000,1.30282,1.30291,1.30271,1.30291,134170000,1
1500967440000,1500967499000,1.3029,1.30293,1.30268,1.30268,111890000,1
1500967500000,1500967559000,1.30267,1.30269,1.30259,1.30263,82640000,1
1500967560000,1500967619000,1.30263,1.30273,1.30245,1.30271,105400000,1
1500967620000,1500967679000,1.30271,1.30283,1.3027,1.30278,127820000,1
1500967680000,1500967739000,1.30278,1.30293,1.30278,1.30292,110450000,1
1500967740000,1500967799000,1.3029,1.30291,1.30231,1.30248,152750000,1
1500967800000,1500967859000,1.30249,1.30251,1.30208,1.30221,201410000,1
1500967860000,1500967919000,1.30221,1.30242,1.30221,1.30241,79480000,1
1500967920000,1500967979000,1.30243,1.30259,1.30241,1.30251,63730000,1
1500967980000,1500968039000,1.30251,1.30261,1.30248,1.30248,121370000,1
1500968040000,1500968099000,1.30248,1.30251,1.3022,1.30221,92860000,1
1500968100000,1500968159000,1.3022,1.30231,1.30209,1.30227,130690000,1
1500968160000,1500968219000,1.30226,1.30226,1.302,1.302,79700000,1
1500968220000,1500968279000,1.302,1.30203,1.30171,1.30178,103630000,1
1500968280000,1500968339000,1.30182,1.30187,1.30162,1.30171,169410000,1
1500968340000,1500968399000,1.3017,1.30173,1.30161,1.30172,99880000,1
1500968400000,1500968459000,1.30173,1.30211,1.30173,1.302,77650000,1
1500968460000,1500968519000,1.30199,1.30213,1.30189,1.30191,157490000,1
1500968520000,1500968579000,1.30191,1.30209,1.30191,1.30202,100540000,1
1500968580000,1500968639000,1.30198,1.30213,1.3019,1.30211,126550000,1
1500968640000,1500968699000,1.30212,1.3022,1.3021,1.30211,162450000,1
1500968700000,1500968759000,1.3021,1.30243,1.30209,1.30243,133970000,1
1500968760000,1500968819000,1.30243,1.30253,1.3023,1.30253,175150000,1
1500968820000,1500968879000,1.30252,1.30253,1.3024,1.3025,123780000,1
1500968880000,1500968939000,1.30251,1.30273,1.3024,1.30273,111120000,1
1500968940000,1500968999000,1.30273,1.30274,1.3026,1.30261,115850000,1
1500969000000,1500969059000,1.30262,1.30262,1.30219,1.30219,215890000,1
1500969060000,1500969119000,1.30219,1.30228,1.30202,1.3022,218830000,1
1500969120000,1500969179000,1.3022,1.30235,1.30219,1.30223,166010000,1
1500969180000,1500969239000,1.30221,1.3024,1.30209,1.30235,114240000,1
1500969240000,1500969299000,1.30237,1.30245,1.30231,1.30245,136140000,1
1500969300000,1500969359000,1.30246,1.30259,1.30234,1.30252,147200000,1
1500969360000,1500969419000,1.30253,1.30254,1.30242,1.30253,56070000,1
1500969420000,1500969479000,1.30252,1.30274,1.30249,1.30272,79420000,1
1500969480000,1500969539000,1.30273,1.30283,1.30255,1.30262,81160000,1
1500969540000,1500969599000,1.30263,1.30284,1.30239,1.30239,90540000,1
1500969600000,1500969659000,1.3024,1.30302,1.30237,1.30275,327050000,1
1500969660000,1500969719000,1.30274,1.30311,1.30274,1.30304,122460000,1
1500969720000,1500969779000,1.30305,1.30316,1.30257,1.30259,263360000,1
1500969780000,1500969839000,1.3026,1.30268,1.30238,1.30261,179240000,1
1500969840000,1500969899000,1.30263,1.30272,1.30227,1.30229,178200000,1
1500969900000,1500969959000,1.30228,1.30241,1.30211,1.3023,125070000,1
1500969960000,1500970019000,1.30225,1.30228,1.30206,1.30223,168410000,1
1500970020000,1500970079000,1.30225,1.30232,1.30219,1.30219,100720000,1
1500970080000,1500970139000,1.30219,1.30228,1.30199,1.302,154420000,1
1500970140000,1500970199000,1.302,1.30221,1.30198,1.30203,123690000,1
1500970200000,1500970259000,1.30203,1.30234,1.30203,1.30219,100040000,1
1500970260000,1500970319000,1.30219,1.30225,1.30216,1.30221,103670000,1
1500970320000,1500970379000,1.30221,1.30221,1.30202,1.30208,113190000,1
1500970380000,1500970439000,1.30209,1.30217,1.30202,1.30212,111900000,1
1500970440000,1500970499000,1.30212,1.30239,1.30212,1.30233,105030000,1
1500970500000,1500970559000,1.30232,1.3025,1.30229,1.30233,74650000,1
1500970560000,1500970619000,1.30232,1.30235,1.30222,1.30227,114000000,1
1500970620000,1500970679000,1.30222,1.30254,1.30222,1.30252,113200000,1
1500970680000,1500970739000,1.30253,1.30253,1.30237,1.30252,92420000,1
1500970740000,1500970799000,1.30253,1.30268,1.30252,1.30263,80180000,1
1500970800000,1500970859000,1.30263,1.30284,1.3025,1.30282,115330000,1
1500970860000,1500970919000,1.30283,1.30283,1.30259,1.30264,88930000,1
1500970920000,1500970979000,1.30262,1.30271,1.30255,1.30269,91140000,1
1500970980000,1500971039000,1.30269,1.30275,1.30262,1.30275,99300000,1
1500971040000,1500971099000,1.30275,1.30283,1.30272,1.30282,70980000,1
1500971100000,1500971159000,1.30282,1.30283,1.30272,1.3028,99990000,1
1500971160000,1500971219000,1.30278,1.30285,1.30273,1.30283,61930000,1
1500971220000,1500971279000,1.30283,1.30334,1.30278,1.30334,143240000,1
1500971280000,1500971339000,1.30334,1.30365,1.30334,1.30342,118210000,1
1500971340000,1500971399000,1.30342,1.30374,1.30342,1.30373,81270000,1
1500971400000,1500971459000,1.30373,1.30373,1.3031,1.30312,230170000,1
1500971460000,1500971519000,1.30313,1.30318,1.30302,1.30302,120470000,1
1500971520000,1500971579000,1.30302,1.30306,1.30283,1.30284,133320000,1
1500971580000,1500971639000,1.30285,1.30287,1.30272,1.30273,88910000,1
1500971640000,1500971699000,1.30272,1.30274,1.30252,1.30264,61980000,1
1500971700000,1500971759000,1.30265,1.30274,1.30253,1.30262,118710000,1
1500971760000,1500971819000,1.30263,1.30263,1.30253,1.30254,62550000,1
1500971820000,1500971879000,1.30254,1.3027,1.30253,1.3027,58000000,1
1500971880000,1500971939000,1.3027,1.30275,1.30241,1.30241,113420000,1
1500971940000,1500971999000,1.30243,1.30254,1.30243,1.30252,78480000,1
1500972000000,1500972059000,1.30252,1.30265,1.30247,1.30265,76210000,1
1500972060000,1500972119000,1.30265,1.30268,1.30262,1.30262,71000000,1
1500972120000,1500972179000,1.30262,1.30265,1.30262,1.30263,65370000,1
1500972180000,1500972239000,1.30262,1.30274,1.30255,1.30255,69980000,1
1500972240000,1500972299000,1.3025,1.30252,1.30234,1.30235,90600000,1
1500972300000,1500972359000,1.30234,1.30254,1.30232,1.30233,129240000,1
1500972360000,1500972419000,1.30233,1.30236,1.30225,1.30233,120920000,1
1500972420000,1500972479000,1.30233,1.30243,1.30224,1.30232,79930000,1
1500972480000,1500972539000,1.30232,1.30298,1.30232,1.30273,92360000,1
1500972540000,1500972599000,1.30274,1.3028,1.30222,1.30231,140850000,1
1500972600000,1500972659000,1.30232,1.30243,1.30228,1.30232,92970000,1
1500972660000,1500972719000,1.30231,1.30243,1.30231,1.30233,238230000,1
1500972720000,1500972779000,1.30234,1.30261,1.30232,1.30248,171340000,1
1500972780000,1500972839000,1.30249,1.30262,1.30244,1.30258,79360000,1
1500972840000,1500972899000,1.30257,1.30277,1.30253,1.30272,151220000,1
1500972900000,1500972959000,1.30273,1.30283,1.3027,1.3027,102750000,1
1500972960000,1500973019000,1.30271,1.30273,1.3025,1.3025,102870000,1
1500973020000,1500973079000,1.3025,1.30252,1.30243,1.30243,71810000,1
1500973080000,1500973139000,1.30243,1.30283,1.30243,1.30282,99420000,1
1500973140000,1500973199000,1.30282,1.30308,1.30275,1.30303,164050000,1
1500973200000,1500973259000,1.30304,1.30313,1.30301,1.30313,72090000,1
1500973260000,1500973319000,1.30313,1.30314,1.30309,1.30312,71470000,1
1500973320000,1500973379000,1.30312,1.30313,1.30296,1.30302,129420000,1
1500973380000,1500973439000,1.30301,1.30302,1.30287,1.30292,106790000,1
1500973440000,1500973499000,1.30292,1.30292,1.30279,1.30282,110440000,1
1500973500000,1500973559000,1.30282,1.30306,1.30282,1.30301,151040000,1
1500973560000,1500973619000,1.30301,1.30302,1.30284,1.30298,207990000,1
1500973620000,1500973679000,1.30299,1.30323,1.3029,1.30321,152510000,1
1500973680000,1500973739000,1.30322,1.30324,1.30311,1.30324,114810000,1
1500973740000,1500973799000,1.30323,1.30332,1.30311,1.30316,154400000,1
1500973800000,1500973859000,1.30315,1.30327,1.30306,1.30327,132200000,1
1500973860000,1500973919000,1.30329,1.30353,1.30321,1.30344,164120000,1
1500973920000,1500973979000,1.3034,1.30346,1.30324,1.30335,189470000,1
1500973980000,1500974039000,1.30333,1.30335,1.3031,1.30315,86940000,1
1500974040000,1500974099000,1.30316,1.30322,1.30307,1.30321,115460000,1
1500974100000,1500974159000,1.3032,1.30322,1.30297,1.30315,102980000,1
1500974160000,1500974219000,1.30315,1.30315,1.30301,1.30303,108540000,1
1500974220000,1500974279000,1.30302,1.30312,1.30302,1.30312,93210000,1
1500974280000,1500974339000,1.30312,1.30316,1.30307,1.30315,63120000,1
1500974340000,1500974399000,1.30315,1.30326,1.30315,1.30324,39000000,1
1500974400000,1500974459000,1.30324,1.30344,1.30324,1.30339,116450000,1
1500974460000,1500974519000,1.30339,1.30342,1.30333,1.30341,52260000,1
1500974520000,1500974579000,1.30342,1.30376,1.30341,1.30375,71880000,1
1500974580000,1500974639000,1.30375,1.30391,1.30371,1.30389,132830000,1
1500974640000,1500974699000,1.30387,1.30396,1.30369,1.30373,101640000,1
1500974700000,1500974759000,1.30373,1.30381,1.30368,1.30373,144030000,1
1500974760000,1500974819000,1.30373,1.30375,1.30351,1.30361,107220000,1
1500974820000,1500974879000,1.30361,1.3037,1.30357,1.30365,150210000,1
1500974880000,1500974939000,1.30365,1.30368,1.30345,1.30353,105330000,1
1500974940000,1500974999000,1.30354,1.30358,1.30324,1.30341,173680000,1
1500975000000,1500975059000,1.3034,1.30341,1.3032,1.30322,100990000,1
1500975060000,1500975119000,1.30323,1.30323,1.30307,1.30308,120780000,1
1500975120000,1500975179000,1.30309,1.30332,1.30296,1.30332,211680000,1
1500975180000,1500975239000,1.3033,1.30335,1.30325,1.30327,113750000,1
1500975240000,1500975299000,1.30329,1.3033,1.30315,1.30323,138140000,1
1500975300000,1500975359000,1.30325,1.30333,1.30311,1.30313,114720000,1
1500975360000,1500975419000,1.3031,1.30331,1.3031,1.30314,126760000,1
1500975420000,1500975479000,1.30314,1.30317,1.30304,1.30307,79150000,1
1500975480000,1500975539000,1.30309,1.30319,1.30309,1.30317,149890000,1
1500975540000,1500975599000,1.30315,1.30336,1.30313,1.3033,129590000,1
1500975600000,1500975659000,1.3033,1.30335,1.303,1.303,139250000,1
1500975660000,1500975719000,1.303,1.30311,1.30299,1.30301,108570000,1
1500975720000,1500975779000,1.30301,1.30301,1.30279,1.3028,72170000,1
1500975780000,1500975839000,1.30282,1.30282,1.3025,1.3025,128530000,1
1500975840000,1500975899000,1.3025,1.30267,1.30236,1.30266,149340000,1
1500975900000,1500975959000,1.30266,1.3028,1.30255,1.30261,98840000,1
1500975960000,1500976019000,1.30263,1.30263,1.30241,1.30241,184400000,1
1500976020000,1500976079000,1.30241,1.30243,1.30232,1.30243,94070000,1
1500976080000,1500976139000,1.30243,1.30246,1.30234,1.30238,155900000,1
1500976140000,1500976199000,1.30238,1.30243,1.30211,1.30222,135620000,1
1500976200000,1500976259000,1.30223,1.30234,1.30215,1.3022,76420000,1
1500976260000,1500976319000,1.3022,1.30222,1.30205,1.3021,106030000,1
1500976320000,1500976379000,1.30208,1.30229,1.30208,1.30222,100770000,1
1500976380000,1500976439000,1.30223,1.30232,1.30198,1.30212,143480000,1
1500976440000,1500976499000,1.30213,1.30213,1.30187,1.30193,105030000,1
1500976500000,1500976559000,1.30194,1.30203,1.30192,1.30203,67000000,1
1500976560000,1500976619000,1.30203,1.30203,1.3019,1.30193,72900000,1
1500976620000,1500976679000,1.30193,1.30211,1.30193,1.30202,72500000,1
1500976680000,1500976739000,1.30202,1.30202,1.30159,1.30159,152130000,1
1500976740000,1500976799000,1.30159,1.3016,1.30074,1.30143,203980000,1
1500976800000,1500976859000,1.30141,1.30141,1.30102,1.30114,250060000,1
1500976860000,1500976919000,1.30114,1.30141,1.30113,1.30114,169610000,1
1500976920000,1500976979000,1.30115,1.30125,1.30103,1.30112,289130000,1
1500976980000,1500977039000,1.30112,1.30152,1.30104,1.30149,194810000,1
1500977040000,1500977099000,1.30152,1.30164,1.3014,1.30163,132970000,1
1500977100000,1500977159000,1.30164,1.30183,1.30163,1.30183,137800000,1
1500977160000,1500977219000,1.30183,1.30185,1.3018,1.30182,126290000,1
1500977220000,1500977279000,1.30182,1.30188,1.30178,1.30183,80090000,1
1500977280000,1500977339000,1.30183,1.30218,1.30174,1.30193,152550000,1
1500977340000,1500977399000,1.30193,1.30203,1.3018,1.30181,167600000,1
1500977400000,1500977459000,1.30181,1.30182,1.3017,1.30173,147990000,1
1500977460000,1500977519000,1.30173,1.30194,1.30167,1.30167,165780000,1
1500977520000,1500977579000,1.30168,1.30194,1.30157,1.30181,136650000,1
1500977580000,1500977639000,1.30179,1.30179,1.30146,1.30153,119950000,1
1500977640000,1500977699000,1.30152,1.30153,1.30141,1.3015,78490000,1
1500977700000,1500977759000,1.3015,1.30153,1.30131,1.3014,162810000,1
1500977760000,1500977819000,1.30141,1.30141,1.30129,1.30129,190800000,1
1500977820000,1500977879000,1.30129,1.30161,1.30129,1.30161,157490000,1
1500977880000,1500977939000,1.30159,1.30173,1.30157,1.30163,118730000,1
1500977940000,1500977999000,1.30163,1.30185,1.30163,1.30185,168040000,1
1500978000000,1500978059000,1.30184,1.30195,1.30177,1.30195,128060000,1
1500978060000,1500978119000,1.30197,1.30204,1.30184,1.30191,93530000,1
1500978120000,1500978179000,1.30191,1.30196,1.30187,1.30194,54810000,1
1500978180000,1500978239000,1.30193,1.30206,1.30193,1.30193,58740000,1
1500978240000,1500978299000,1.30193,1.30195,1.3019,1.30191,44860000,1
1500978300000,1500978359000,1.30191,1.30191,1.30157,1.30183,176950000,1
1500978360000,1500978419000,1.30184,1.30186,1.30168,1.30174,222020000,1
1500978420000,1500978479000,1.30175,1.30195,1.30173,1.30181,110260000,1
1500978480000,1500978539000,1.30181,1.30204,1.30181,1.30194,84080000,1
1500978540000,1500978599000,1.30195,1.30204,1.30192,1.30204,103790000,1
1500978600000,1500978659000,1.30204,1.30214,1.30192,1.30192,83320000,1
1500978660000,1500978719000,1.30192,1.30193,1.30171,1.30172,123610000,1
1500978720000,1500978779000,1.30172,1.30175,1.3016,1.3017,143220000,1
1500978780000,1500978839000,1.3017,1.3017,1.30149,1.30149,89760000,1
1500978840000,1500978899000,1.30151,1.30154,1.30141,1.30141,94070000,1
1500978900000,1500978959000,1.30141,1.30142,1.30139,1.30141,79560000,1
1500978960000,1500979019000,1.30141,1.30153,1.30131,1.30153,87510000,1
1500979020000,1500979079000,1.30153,1.30163,1.30153,1.30155,34120000,1
1500979080000,1500979139000,1.30155,1.30164,1.30154,1.30161,81740000,1
1500979140000,1500979199000,1.30161,1.30176,1.30161,1.30174,67440000,1
1500979200000,1500979259000,1.30174,1.30186,1.30162,1.30178,70120000,1
1500979260000,1500979319000,1.30178,1.3018,1.30172,1.30174,87690000,1
1500979320000,1500979379000,1.30174,1.30205,1.30171,1.30205,69500000,1
1500979380000,1500979439000,1.30209,1.30234,1.30209,1.30233,131880000,1
1500979440000,1500979499000,1.30236,1.30245,1.30226,1.30242,62110000,1
1500979500000,1500979559000,1.30242,1.30254,1.30233,1.30247,86850000,1
1500979560000,1500979619000,1.30247,1.30253,1.30241,1.30241,66870000,1
1500979620000,1500979679000,1.30242,1.30246,1.30232,1.30241,104350000,1
1500979680000,1500979739000,1.30241,1.30265,1.30241,1.30253,131580000,1
1500979740000,1500979799000,1.30252,1.30259,1.3025,1.30253,96560000,1
1500979800000,1500979859000,1.30253,1.30254,1.30232,1.30253,102380000,1
1500979860000,1500979919000,1.30252,1.30256,1.30242,1.30253,100300000,1
1500979920000,1500979979000,1.30254,1.30288,1.30252,1.3028,119500000,1
1500979980000,1500980039000,1.3028,1.30283,1.30264,1.30273,80770000,1
1500980040000,1500980099000,1.30271,1.30285,1.3026,1.30282,101750000,1
1500980100000,1500980159000,1.30282,1.30302,1.30279,1.30281,138030000,1
1500980160000,1500980219000,1.30281,1.30283,1.30262,1.30266,119730000,1
1500980220000,1500980279000,1.30266,1.30272,1.30258,1.3027,80200000,1
1500980280000,1500980339000,1.3027,1.30282,1.30263,1.30281,71490000,1
1500980340000,1500980399000,1.30284,1.30331,1.30284,1.3032,162350000,1
1500980400000,1500980459000,1.3032,1.3032,1.30308,1.30313,69260000,1
1500980460000,1500980519000,1.30315,1.30315,1.30294,1.30301,97920000,1
1500980520000,1500980579000,1.30302,1.30302,1.3029,1.3029,165000000,1
1500980580000,1500980639000,1.3029,1.30291,1.30277,1.30283,87980000,1
1500980640000,1500980699000,1.30283,1.30294,1.3028,1.30291,49350000,1
1500980700000,1500980759000,1.3029,1.30309,1.30288,1.30303,65180000,1
1500980760000,1500980819000,1.30304,1.30338,1.30302,1.30334,90270000,1
1500980820000,1500980879000,1.30335,1.3034,1.30331,1.30333,68630000,1
1500980880000,1500980939000,1.30334,1.30334,1.30319,1.30323,79320000,1
1500980940000,1500980999000,1.30322,1.30335,1.30318,1.30321,99360000,1
1500981000000,1500981059000,1.30321,1.30329,1.30314,1.30327,86800000,1
1500981060000,1500981119000,1.30327,1.30333,1.3032,1.30329,143850000,1
1500981120000,1500981179000,1.30328,1.30329,1.3032,1.30328,63350000,1
1500981180000,1500981239000,1.30328,1.30344,1.30328,1.30343,28500000,1
1500981240000,1500981299000,1.30343,1.30344,1.30333,1.30337,64600000,1
1500981300000,1500981359000,1.30339,1.30341,1.30315,1.30319,118600000,1
1500981360000,1500981419000,1.30319,1.30319,1.30299,1.30304,116600000,1
1500981420000,1500981479000,1.30302,1.30303,1.30292,1.30293,56170000,1
1500981480000,1500981539000,1.30293,1.30328,1.30293,1.30322,131110000,1
1500981540000,1500981599000,1.30322,1.30326,1.3032,1.30323,58010000,1
1500981600000,1500981659000,1.30323,1.30333,1.30322,1.30331,62220000,1
1500981660000,1500981719000,1.30331,1.30341,1.30321,1.30338,142820000,1
1500981720000,1500981779000,1.30339,1.30343,1.30331,1.30332,89160000,1
1500981780000,1500981839000,1.30332,1.3036,1.30332,1.30359,109720000,1
1500981840000,1500981899000,1.3036,1.304,1.3036,1.30399,144490000,1
1500981900000,1500981959000,1.30402,1.30439,1.30364,1.30391,222200000,1
1500981960000,1500982019000,1.3039,1.30422,1.3039,1.30421,150870000,1
1500982020000,1500982079000,1.30421,1.30421,1.30386,1.30392,152390000,1
1500982080000,1500982139000,1.30392,1.30396,1.3039,1.3039,84680000,1
1500982140000,1500982199000,1.30391,1.30403,1.30391,1.30401,105200000,1
1500982200000,1500982259000,1.30401,1.30423,1.30398,1.30419,89300000,1
1500982260000,1500982319000,1.30418,1.30433,1.30413,1.30431,157420000,1
1500982320000,1500982379000,1.30431,1.3044,1.30431,1.30431,105150000,1
1500982380000,1500982439000,1.30431,1.30443,1.3043,1.3044,100180000,1
1500982440000,1500982499000,1.3044,1.3044,1.3043,1.3043,51630000,1
1500982500000,1500982559000,1.3043,1.30444,1.30429,1.3044,64620000,1
1500982560000,1500982619000,1.3044,1.3044,1.30417,1.30417,81720000,1
1500982620000,1500982679000,1.30419,1.30422,1.30411,1.30411,71760000,1
1500982680000,1500982739000,1.3041,1.30412,1.30408,1.3041,34660000,1
1500982740000,1500982799000,1.30409,1.30416,1.30402,1.30409,54370000,1
1500982800000,1500982859000,1.30409,1.30409,1.30409,1.30409,49950000,1
1500982860000,1500982919000,1.30409,1.30422,1.30409,1.3042,95780000,1
1500982920000,1500982979000,1.3042,1.30422,1.30418,1.3042,98530000,1
1500982980000,1500983039000,1.3042,1.3043,1.30419,1.3042,83340000,1
1500983040000,1500983099000,1.3042,1.30428,1.30409,1.30411,65860000,1
1500983100000,1500983159000,1.30411,1.30421,1.30409,1.3042,39980000,1
1500983160000,1500983219000,1.30419,1.30473,1.30419,1.30453,175380000,1
1500983220000,1500983279000,1.30452,1.30471,1.30452,1.30462,109230000,1
1500983280000,1500983339000,1.30462,1.30462,1.30439,1.30445,173940000,1
1500983340000,1500983399000,1.30445,1.30462,1.30445,1.30461,184490000,1
1500983400000,1500983459000,1.3046,1.30479,1.30458,1.30476,166130000,1
1500983460000,1500983519000,1.30476,1.30484,1.30471,1.30482,156730000,1
1500983520000,1500983579000,1.30482,1.30556,1.30482,1.30532,280260000,1
1500983580000,1500983639000,1.30531,1.30532,1.30499,1.30521,156050000,1
1500983640000,1500983699000,1.30522,1.30545,1.30521,1.30541,128440000,1
1500983700000,1500983759000,1.30542,1.30554,1.3054,1.30548,120730000,1
1500983760000,1500983819000,1.30548,1.30598,1.30533,1.30598,171950000,1
1500983820000,1500983879000,1.30602,1.30663,1.30583,1.30655,331290000,1
1500983880000,1500983939000,1.30655,1.30659,1.3064,1.30646,138900000,1
1500983940000,1500983999000,1.30646,1.30665,1.30608,1.30661,183530000,1
1500984000000,1500984059000,1.30663,1.30719,1.30656,1.30669,226600000,1
1500984060000,1500984119000,1.30667,1.30668,1.30648,1.30657,228070000,1
1500984120000,1500984179000,1.30656,1.30659,1.3065,1.30652,134010000,1
1500984180000,1500984239000,1.30656,1.30685,1.30649,1.30685,136100000,1
1500984240000,1500984299000,1.30689,1.30699,1.30681,1.30698,216480000,1
1500984300000,1500984359000,1.307,1.30723,1.30693,1.30701,172590000,1
1500984360000,1500984419000,1.307,1.30728,1.3069,1.30724,183890000,1
1500984420000,1500984479000,1.30724,1.3073,1.30717,1.30723,104320000,1
1500984480000,1500984539000,1.30723,1.30728,1.3071,1.30726,125740000,1
1500984540000,1500984599000,1.30725,1.3073,1.30725,1.30726,99760000,1
1500984600000,1500984659000,1.30724,1.30737,1.30724,1.30731,78070000,1
1500984660000,1500984719000,1.30733,1.30738,1.30726,1.30728,92220000,1
1500984720000,1500984779000,1.30727,1.30757,1.30718,1.30747,143770000,1
1500984780000,1500984839000,1.30747,1.30797,1.30738,1.30783,403970000,1
1500984840000,1500984899000,1.30782,1.30799,1.30782,1.30795,160500000,1
1500984900000,1500984959000,1.30796,1.30805,1.30783,1.30801,196610000,1
1500984960000,1500985019000,1.30802,1.30819,1.30802,1.30814,270550000,1
1500985020000,1500985079000,1.30814,1.30837,1.30804,1.30808,234930000,1
1500985080000,1500985139000,1.30808,1.30808,1.3076,1.30763,177300000,1
1500985140000,1500985199000,1.30764,1.30787,1.30761,1.30787,143240000,1
1500985200000,1500985259000,1.30788,1.30808,1.30786,1.308,156890000,1
1500985260000,1500985319000,1.30799,1.30804,1.30778,1.30778,164080000,1
1500985320000,1500985379000,1.30778,1.30802,1.30778,1.308,131820000,1
1500985380000,1500985439000,1.308,1.30803,1.30778,1.30782,159810000,1
1500985440000,1500985499000,1.30784,1.30796,1.30779,1.3079,145250000,1
1500985500000,1500985559000,1.3079,1.3079,1.30769,1.30769,138320000,1
1500985560000,1500985619000,1.30769,1.30778,1.30759,1.30771,136870000,1
1500985620000,1500985679000,1.30771,1.30773,1.30758,1.3076,157840000,1
1500985680000,1500985739000,1.3076,1.30772,1.30758,1.30767,154050000,1
1500985740000,1500985799000,1.30767,1.30776,1.3076,1.30771,126660000,1
1500985800000,1500985859000,1.30771,1.3078,1.30769,1.30769,137360000,1
1500985860000,1500985919000,1.30769,1.30782,1.30764,1.30779,156730000,1
1500985920000,1500985979000,1.30779,1.30801,1.30778,1.30793,141340000,1
1500985980000,1500986039000,1.30793,1.30796,1.30775,1.30776,103770000,1
1500986040000,1500986099000,1.30776,1.30778,1.30758,1.30769,167200000,1
1500986100000,1500986159000,1.3077,1.30777,1.30759,1.30769,155810000,1
1500986160000,1500986219000,1.30769,1.30799,1.30755,1.30799,131900000,1
1500986220000,1500986279000,1.30797,1.30797,1.30781,1.30791,79270000,1
1500986280000,1500986339000,1.30791,1.308,1.30791,1.30798,48490000,1
1500986340000,1500986399000,1.308,1.30809,1.30792,1.30809,92060000,1
1500986400000,1500986459000,1.30808,1.30822,1.30797,1.30809,197940000,1
1500986460000,1500986519000,1.30808,1.30809,1.30792,1.30799,68440000,1
1500986520000,1500986579000,1.30799,1.30799,1.30768,1.3077,127660000,1
1500986580000,1500986639000,1.30776,1.30795,1.30775,1.30789,135040000,1
1500986640000,1500986699000,1.3079,1.3083,1.30788,1.30814,159950000,1
1500986700000,1500986759000,1.30812,1.30817,1.30807,1.30815,168840000,1
1500986760000,1500986819000,1.30815,1.30829,1.30801,1.30801,177870000,1
1500986820000,1500986879000,1.30801,1.30801,1.30777,1.30786,177350000,1
1500986880000,1500986939000,1.30786,1.30789,1.30763,1.30783,218830000,1
1500986940000,1500986999000,1.30784,1.30791,1.30776,1.30777,96920000,1
1500987000000,1500987059000,1.30777,1.30781,1.30777,1.30779,106370000,1
1500987060000,1500987119000,1.30779,1.30784,1.30776,1.30778,139220000,1
1500987120000,1500987179000,1.30779,1.30779,1.30769,1.30777,128910000,1
1500987180000,1500987239000,1.30777,1.3078,1.30765,1.30772,83690000,1
1500987240000,1500987299000,1.30771,1.30777,1.30758,1.30763,165080000,1
1500987300000,1500987359000,1.30762,1.30767,1.30757,1.30765,90850000,1
1500987360000,1500987419000,1.30765,1.30768,1.30756,1.30759,103680000,1
1500987420000,1500987479000,1.30759,1.30766,1.30749,1.3075,176890000,1
1500987480000,1500987539000,1.3075,1.3075,1.30748,1.30749,94940000,1
1500987540000,1500987599000,1.3075,1.3075,1.30746,1.30746,62080000,1
1500987600000,1500987659000,1.30746,1.30778,1.30746,1.30772,74690000,1
1500987660000,1500987719000,1.30774,1.30783,1.30759,1.30781,129710000,1
1500987720000,1500987779000,1.3078,1.3078,1.30745,1.30749,168780000,1
1500987780000,1500987839000,1.30748,1.30748,1.30726,1.30739,106880000,1
1500987840000,1500987899000,1.30736,1.30751,1.30717,1.30727,148270000,1
1500987900000,1500987959000,1.30726,1.30729,1.30709,1.30726,199900000,1
1500987960000,1500988019000,1.30721,1.30776,1.30718,1.30772,190590000,1
1500988020000,1500988079000,1.30771,1.30776,1.30733,1.30754,184030000,1
1500988080000,1500988139000,1.30754,1.30765,1.30736,1.30744,210410000,1
1500988140000,1500988199000,1.30745,1.30747,1.30719,1.30737,203710000,1
1500988200000,1500988259000,1.30738,1.30757,1.30735,1.30749,167070000,1
1500988260000,1500988319000,1.30749,1.30749,1.30721,1.30721,106710000,1
1500988320000,1500988379000,1.3072,1.30727,1.30699,1.30699,200620000,1
1500988380000,1500988439000,1.30701,1.30724,1.307,1.30702,124590000,1
1500988440000,1500988499000,1.30703,1.30718,1.30693,1.307,164640000,1
1500988500000,1500988559000,1.307,1.30718,1.30695,1.30716,195780000,1
1500988560000,1500988619000,1.30716,1.30736,1.30716,1.30728,117820000,1
1500988620000,1500988679000,1.3073,1.30774,1.30729,1.30752,120600000,1
1500988680000,1500988739000,1.30751,1.30752,1.30716,1.30725,249560000,1
1500988740000,1500988799000,1.30725,1.30725,1.30665,1.30687,259120000,1
1500988800000,1500988859000,1.30687,1.30717,1.30687,1.30706,263150000,1
1500988860000,1500988919000,1.30706,1.3071,1.30686,1.30698,159870000,1
1500988920000,1500988979000,1.30698,1.30698,1.30673,1.30673,153700000,1
1500988980000,1500989039000,1.30671,1.30679,1.30668,1.30677,177670000,1
1500989040000,1500989099000,1.30679,1.30679,1.3066,1.3066,120400000,1
1500989100000,1500989159000,1.30662,1.30662,1.30649,1.30652,156460000,1
1500989160000,1500989219000,1.30652,1.30654,1.30637,1.30648,163710000,1
1500989220000,1500989279000,1.30648,1.3066,1.30614,1.30619,169160000,1
1500989280000,1500989339000,1.3062,1.30621,1.30581,1.30586,200360000,1
1500989340000,1500989399000,1.30587,1.3059,1.30537,1.30555,337190000,1
1500989400000,1500989459000,1.30556,1.30599,1.30556,1.3059,201240000,1
1500989460000,1500989519000,1.30588,1.30617,1.30587,1.30601,211030000,1
1500989520000,1500989579000,1.306,1.306,1.30554,1.30556,195980000,1
1500989580000,1500989639000,1.30557,1.30589,1.30556,1.30588,255970000,1
1500989640000,1500989699000,1.30588,1.30634,1.30588,1.3062,198570000,1
1500989700000,1500989759000,1.3062,1.30663,1.30618,1.3066,162630000,1
1500989760000,1500989819000,1.30659,1.30675,1.30651,1.3066,137470000,1
1500989820000,1500989879000,1.30661,1.30662,1.30619,1.30638,145120000,1
1500989880000,1500989939000,1.30638,1.30642,1.30619,1.30619,139390000,1
1500989940000,1500989999000,1.30614,1.30634,1.30587,1.30589,229580000,1
1500990000000,1500990059000,1.3059,1.30607,1.30567,1.30571,252780000,1
1500990060000,1500990119000,1.30572,1.30598,1.30569,1.30589,223580000,1
1500990120000,1500990179000,1.30589,1.30594,1.30579,1.30583,182450000,1
1500990180000,1500990239000,1.30582,1.30628,1.30579,1.30622,140850000,1
1500990240000,1500990299000,1.30622,1.30629,1.30619,1.3062,89910000,1
1500990300000,1500990359000,1.30621,1.30644,1.30619,1.30642,64460000,1
1500990360000,1500990419000,1.30643,1.30677,1.30643,1.30667,131900000,1
1500990420000,1500990479000,1.30664,1.30691,1.30659,1.30666,202530000,1
1500990480000,1500990539000,1.30666,1.30666,1.30628,1.30636,162100000,1
1500990540000,1500990599000,1.30636,1.3065,1.30628,1.30648,101520000,1
1500990600000,1500990659000,1.30648,1.30648,1.30629,1.30636,114060000,1
1500990660000,1500990719000,1.30632,1.30657,1.30628,1.30647,208720000,1
1500990720000,1500990779000,1.30647,1.30669,1.30646,1.30668,183060000,1
1500990780000,1500990839000,1.30669,1.3068,1.30669,1.30676,124980000,1
1500990840000,1500990899000,1.30677,1.30677,1.30659,1.30659,243760000,1
1500990900000,1500990959000,1.30658,1.30658,1.30626,1.30626,184850000,1
1500990960000,1500991019000,1.3063,1.30638,1.30625,1.30631,64800000,1
1500991020000,1500991079000,1.30631,1.30631,1.30617,1.30626,119370000,1
1500991080000,1500991139000,1.30624,1.30624,1.30618,1.30621,132660000,1
1500991140000,1500991199000,1.30622,1.30641,1.30615,1.30621,203140000,1
1500991200000,1500991259000,1.30622,1.30638,1.30601,1.30602,227850000,1
1500991260000,1500991319000,1.30602,1.30611,1.30602,1.30609,163800000,1
1500991320000,1500991379000,1.30608,1.30613,1.306,1.30608,136820000,1
1500991380000,1500991439000,1.30608,1.3061,1.3059,1.306,137410000,1
1500991440000,1500991499000,1.30601,1.30616,1.30591,1.30599,159030000,1
1500991500000,1500991559000,1.30602,1.30623,1.30599,1.30599,152830000,1
1500991560000,1500991619000,1.306,1.306,1.30559,1.30575,187650000,1
1500991620000,1500991679000,1.30571,1.30579,1.3056,1.3056,111600000,1
1500991680000,1500991739000,1.30559,1.30579,1.30559,1.30562,156310000,1
1500991740000,1500991799000,1.30563,1.30567,1.3055,1.30558,100600000,1
1500991800000,1500991859000,1.30558,1.30571,1.3055,1.30559,166900000,1
1500991860000,1500991919000,1.3056,1.30579,1.30551,1.30558,166770000,1
1500991920000,1500991979000,1.30557,1.30558,1.30489,1.30499,294110000,1
1500991980000,1500992039000,1.30499,1.3052,1.30499,1.30513,119890000,1
1500992040000,1500992099000,1.30514,1.3052,1.30483,1.3052,162070000,1
1500992100000,1500992159000,1.3052,1.3052,1.30494,1.30501,146000000,1
1500992160000,1500992219000,1.30499,1.30513,1.30493,1.30512,116710000,1
1500992220000,1500992279000,1.30513,1.30532,1.3051,1.30532,111600000,1
1500992280000,1500992339000,1.30533,1.30542,1.30524,1.30536,162110000,1
1500992340000,1500992399000,1.30535,1.30543,1.30519,1.30521,77810000,1
1500992400000,1500992459000,1.30522,1.30522,1.30492,1.30507,101860000,1
1500992460000,1500992519000,1.30508,1.30523,1.30502,1.30514,117540000,1
1500992520000,1500992579000,1.30514,1.30514,1.30481,1.30502,103470000,1
1500992580000,1500992639000,1.30503,1.30531,1.30502,1.30517,87100000,1
1500992640000,1500992699000,1.30517,1.30517,1.30503,1.30513,64850000,1
1500992700000,1500992759000,1.30512,1.30518,1.30506,1.30512,89320000,1
1500992760000,1500992819000,1.30513,1.30521,1.30509,1.30516,62290000,1
1500992820000,1500992879000,1.30513,1.30513,1.30481,1.30483,119520000,1
1500992880000,1500992939000,1.30483,1.30493,1.30472,1.30488,150350000,1
1500992940000,1500992999000,1.30487,1.30488,1.3046,1.30468,103640000,1
1500993000000,1500993059000,1.30469,1.30489,1.30467,1.30488,72230000,1
1500993060000,1500993119000,1.30487,1.30488,1.30477,1.3048,140050000,1
1500993120000,1500993179000,1.30479,1.30493,1.30479,1.30492,89600000,1
1500993180000,1500993239000,1.30492,1.30511,1.30489,1.30511,36750000,1
1500993240000,1500993299000,1.3051,1.30513,1.3049,1.30492,115730000,1
1500993300000,1500993359000,1.30492,1.30501,1.30477,1.30501,199050000,1
1500993360000,1500993419000,1.30502,1.30513,1.30478,1.30478,208920000,1
1500993420000,1500993479000,1.30478,1.3052,1.30467,1.30518,200370000,1
1500993480000,1500993539000,1.30518,1.30524,1.305,1.30512,123280000,1
1500993540000,1500993599000,1.30513,1.3054,1.30512,1.3054,143390000,1
1500993600000,1500993659000,1.30541,1.30547,1.30538,1.30545,76830000,1
1500993660000,1500993719000,1.30545,1.30545,1.30522,1.30541,104880000,1
1500993720000,1500993779000,1.30541,1.30583,1.3054,1.30574,116610000,1
1500993780000,1500993839000,1.30576,1.30607,1.3056,1.30578,138500000,1
1500993840000,1500993899000,1.30576,1.3058,1.30537,1.30537,234040000,1
1500993900000,1500993959000,1.30538,1.30538,1.305,1.30529,169910000,1
1500993960000,1500994019000,1.30527,1.30527,1.30499,1.3052,208260000,1
1500994020000,1500994079000,1.30519,1.30534,1.30507,1.30531,192200000,1
1500994080000,1500994139000,1.30532,1.30533,1.30477,1.3048,389650000,1
1500994140000,1500994199000,1.30481,1.30507,1.30415,1.30425,220060000,1
1500994200000,1500994259000,1.30426,1.3044,1.30425,1.30438,116860000,1
1500994260000,1500994319000,1.30438,1.30479,1.30438,1.30465,169650000,1
1500994320000,1500994379000,1.30465,1.30482,1.30461,1.30479,141880000,1
1500994380000,1500994439000,1.30478,1.3048,1.30467,1.30468,77180000,1
1500994440000,1500994499000,1.30467,1.30467,1.30433,1.30438,126040000,1
1500994500000,1500994559000,1.30438,1.30442,1.30414,1.30439,148150000,1
1500994560000,1500994619000,1.30439,1.30502,1.30439,1.3049,210420000,1
1500994620000,1500994679000,1.30489,1.30501,1.30457,1.30464,280460000,1
1500994680000,1500994739000,1.30464,1.305,1.30464,1.30496,209350000,1
1500994740000,1500994799000,1.30497,1.30508,1.30479,1.30491,303530000,1
1500994800000,1500994859000,1.30492,1.30498,1.30455,1.30492,305160000,1
1500994860000,1500994919000,1.30491,1.30491,1.30459,1.30486,258130000,1
1500994920000,1500994979000,1.30488,1.30496,1.30479,1.30485,227110000,1
1500994980000,1500995039000,1.30485,1.30486,1.30462,1.30473,109160000,1
1500995040000,1500995099000,1.30472,1.30491,1.30472,1.3049,121270000,1
1500995100000,1500995159000,1.30491,1.30508,1.30476,1.30477,164170000,1
1500995160000,1500995219000,1.30477,1.3048,1.30467,1.30472,194430000,1
1500995220000,1500995279000,1.30472,1.30482,1.30472,1.30478,70200000,1
1500995280000,1500995339000,1.30478,1.30478,1.30457,1.30465,115640000,1
1500995340000,1500995399000,1.30467,1.30488,1.30467,1.30478,97360000,1
1500995400000,1500995459000,1.30478,1.30478,1.30466,1.30467,73280000,1
1500995460000,1500995519000,1.30467,1.30478,1.30467,1.30477,59000000,1
1500995520000,1500995579000,1.30479,1.30479,1.30449,1.30459,140600000,1
1500995580000,1500995639000,1.30458,1.30476,1.30456,1.30466,158090000,1
1500995640000,1500995699000,1.30466,1.30466,1.30438,1.30439,173940000,1
1500995700000,1500995759000,1.3044,1.3044,1.30417,1.30417,112850000,1
1500995760000,1500995819000,1.3042,1.30425,1.30411,1.30417,135150000,1
1500995820000,1500995879000,1.3042,1.30421,1.30388,1.30393,165510000,1
1500995880000,1500995939000,1.30393,1.3041,1.30382,1.30399,124260000,1
1500995940000,1500995999000,1.30399,1.304,1.30377,1.30379,125960000,1
1500996000000,1500996059000,1.30373,1.30392,1.30373,1.30389,97690000,1
1500996060000,1500996119000,1.30389,1.30389,1.30378,1.30387,68030000,1
1500996120000,1500996179000,1.30386,1.30395,1.30369,1.30375,130490000,1
1500996180000,1500996239000,1.30376,1.30395,1.30376,1.30395,119180000,1
1500996240000,1500996299000,1.30394,1.30394,1.30378,1.30387,129730000,1
1500996300000,1500996359000,1.30389,1.30398,1.30373,1.30378,136220000,1
1500996360000,1500996419000,1.3038,1.30396,1.30378,1.30381,106840000,1
1500996420000,1500996479000,1.30381,1.30399,1.30381,1.3039,145260000,1
1500996480000,1500996539000,1.3039,1.30434,1.30389,1.30422,124970000,1
1500996540000,1500996599000,1.30424,1.30425,1.304,1.30412,97080000,1
1500996600000,1500996659000,1.30411,1.30412,1.30381,1.30405,233410000,1
1500996660000,1500996719000,1.30406,1.30422,1.304,1.30417,237560000,1
1500996720000,1500996779000,1.30419,1.30431,1.30419,1.30429,189690000,1
1500996780000,1500996839000,1.30432,1.30437,1.30422,1.3043,190920000,1
1500996840000,1500996899000,1.3043,1.30437,1.30388,1.30407,226930000,1
1500996900000,1500996959000,1.30407,1.30428,1.30407,1.30414,159020000,1
1500996960000,1500997019000,1.30414,1.30428,1.30398,1.30408,136540000,1
1500997020000,1500997079000,1.30412,1.30438,1.30412,1.30432,181660000,1
1500997080000,1500997139000,1.30433,1.30441,1.30413,1.30413,160480000,1
1500997140000,1500997199000,1.30411,1.30421,1.30411,1.30414,85910000,1
1500997200000,1500997259000,1.30417,1.30418,1.30411,1.30413,255350000,1
1500997260000,1500997319000,1.30413,1.30413,1.30397,1.30397,208100000,1
1500997320000,1500997379000,1.30397,1.30397,1.30377,1.30379,148480000,1
1500997380000,1500997439000,1.30378,1.30389,1.30378,1.30386,96960000,1
1500997440000,1500997499000,1.30389,1.30407,1.30389,1.30407,63590000,1
1500997500000,1500997559000,1.30405,1.30417,1.30402,1.30413,61210000,1
1500997560000,1500997619000,1.30413,1.30417,1.304,1.304,136890000,1
1500997620000,1500997679000,1.30398,1.30401,1.3039,1.30392,98490000,1
1500997680000,1500997739000,1.3039,1.30392,1.30378,1.30381,110990000,1
1500997740000,1500997799000,1.30381,1.30391,1.30379,1.30389,110080000,1
1500997800000,1500997859000,1.30389,1.30392,1.30386,1.30391,72370000,1
1500997860000,1500997919000,1.3039,1.30401,1.30388,1.30393,78230000,1
1500997920000,1500997979000,1.30393,1.30399,1.30378,1.30379,70350000,1
1500997980000,1500998039000,1.30379,1.30388,1.3037,1.30371,128830000,1
1500998040000,1500998099000,1.30371,1.30392,1.30371,1.30391,139080000,1
1500998100000,1500998159000,1.30391,1.30405,1.30387,1.30403,111350000,1
1500998160000,1500998219000,1.30404,1.30433,1.30404,1.30431,107590000,1
1500998220000,1500998279000,1.30429,1.3045,1.30429,1.30442,131930000,1
1500998280000,1500998339000,1.30443,1.30468,1.30443,1.30452,128630000,1
1500998340000,1500998399000,1.30453,1.30473,1.30452,1.30473,134630000,1
1500998400000,1500998459000,1.30472,1.30472,1.30422,1.30435,180470000,1
1500998460000,1500998519000,1.30434,1.30459,1.3043,1.30447,149270000,1
1500998520000,1500998579000,1.30448,1.30452,1.30434,1.30437,143510000,1
1500998580000,1500998639000,1.30435,1.30435,1.30412,1.30412,89630000,1
1500998640000,1500998699000,1.30413,1.30415,1.30407,1.30415,53790000,1
1500998700000,1500998759000,1.30415,1.30418,1.30412,1.30418,83100000,1
1500998760000,1500998819000,1.30419,1.30419,1.30417,1.30417,27950000,1
1500998820000,1500998879000,1.30417,1.30436,1.30416,1.30436,79930000,1
1500998880000,1500998939000,1.30437,1.30437,1.30411,1.30418,86250000,1
1500998940000,1500998999000,1.30418,1.3042,1.30398,1.30402,82220000,1
1500999000000,1500999059000,1.30402,1.30403,1.30381,1.30394,71950000,1
1500999060000,1500999119000,1.30395,1.30402,1.30395,1.30399,22870000,1
1500999120000,1500999179000,1.304,1.30405,1.30397,1.30398,50370000,1
1500999180000,1500999239000,1.30399,1.30414,1.30399,1.30411,100480000,1
1500999240000,1500999299000,1.30411,1.30411,1.30401,1.30407,139130000,1
1500999300000,1500999359000,1.30405,1.30408,1.30389,1.30393,147090000,1
1500999360000,1500999419000,1.30393,1.30398,1.30367,1.30387,228860000,1
1500999420000,1500999479000,1.30385,1.30385,1.30373,1.30373,149480000,1
1500999480000,1500999539000,1.30373,1.30378,1.30353,1.30356,171850000,1
1500999540000,1500999599000,1.30356,1.30357,1.3034,1.30347,166060000,1
1500999600000,1500999659000,1.30348,1.30352,1.30338,1.30344,65070000,1
1500999660000,1500999719000,1.30345,1.30348,1.30338,1.30342,96880000,1
1500999720000,1500999779000,1.30343,1.30349,1.30339,1.30349,63710000,1
1500999780000,1500999839000,1.3035,1.30352,1.30344,1.30347,76120000,1
1500999840000,1500999899000,1.30347,1.30372,1.30342,1.30363,101600000,1
1500999900000,1500999959000,1.30366,1.30369,1.30361,1.30366,89730000,1
1500999960000,1501000019000,1.30366,1.30366,1.30354,1.30357,74720000,1
1501000020000,1501000079000,1.30357,1.30371,1.30346,1.30348,99630000,1
1501000080000,1501000139000,1.30348,1.30353,1.30346,1.30351,81900000,1
1501000140000,1501000199000,1.30349,1.30367,1.30347,1.30359,69600000,1
1501000200000,1501000259000,1.30359,1.3037,1.30354,1.30354,92760000,1
1501000260000,1501000319000,1.30355,1.30355,1.30311,1.30327,130350000,1
1501000320000,1501000379000,1.30326,1.30338,1.30318,1.30335,98920000,1
1501000380000,1501000439000,1.30336,1.3035,1.30317,1.30342,112830000,1
1501000440000,1501000499000,1.30343,1.30368,1.30342,1.30363,133780000,1
1501000500000,1501000559000,1.30362,1.30367,1.3035,1.30354,152630000,1
1501000560000,1501000619000,1.30354,1.3036,1.3035,1.30357,145540000,1
1501000620000,1501000679000,1.30358,1.30362,1.30353,1.3036,94730000,1
1501000680000,1501000739000,1.30359,1.3036,1.30353,1.30357,69800000,1
1501000740000,1501000799000,1.30361,1.30386,1.30357,1.30385,53580000,1
1501000800000,1501000859000,1.30385,1.30385,1.30361,1.30361,121160000,1
1501000860000,1501000919000,1.30361,1.30386,1.3036,1.30366,97190000,1
1501000920000,1501000979000,1.30365,1.30381,1.3036,1.30381,76520000,1
1501000980000,1501001039000,1.30381,1.30391,1.30369,1.30377,117570000,1
1501001040000,1501001099000,1.30377,1.30389,1.30377,1.30387,162400000,1
1501001100000,1501001159000,1.30386,1.30403,1.30381,1.30394,232980000,1
1501001160000,1501001219000,1.30394,1.30401,1.30378,1.3038,200660000,1
1501001220000,1501001279000,1.3038,1.30384,1.30357,1.30371,186820000,1
1501001280000,1501001339000,1.3037,1.30372,1.30345,1.3035,144080000,1
1501001340000,1501001399000,1.30349,1.30363,1.30349,1.30363,102940000,1
1501001400000,1501001459000,1.30363,1.3037,1.30359,1.30368,109710000,1
1501001460000,1501001519000,1.30367,1.30368,1.3035,1.30358,93540000,1
1501001520000,1501001579000,1.30359,1.30367,1.30357,1.30366,142700000,1
1501001580000,1501001639000,1.30366,1.30366,1.30349,1.30349,98490000,1
1501001640000,1501001699000,1.30348,1.30369,1.30348,1.30362,84670000,1
1501001700000,1501001759000,1.30362,1.30362,1.3035,1.30358,108170000,1
1501001760000,1501001819000,1.30358,1.30361,1.30358,1.30361,46110000,1
1501001820000,1501001879000,1.3036,1.30383,1.3036,1.30374,119050000,1
1501001880000,1501001939000,1.30374,1.30385,1.3037,1.3038,124240000,1
1501001940000,1501001999000,1.3038,1.30387,1.30369,1.30378,187670000,1
1501002000000,1501002059000,1.30379,1.30384,1.30371,1.30379,126590000,1
1501002060000,1501002119000,1.30379,1.30379,1.30371,1.30375,96930000,1
1501002120000,1501002179000,1.30376,1.30378,1.30369,1.30374,158810000,1
1501002180000,1501002239000,1.30379,1.30388,1.30369,1.30369,104370000,1
1501002240000,1501002299000,1.30369,1.30373,1.30366,1.30368,67390000,1
1501002300000,1501002359000,1.30367,1.30378,1.30367,1.30377,123340000,1
1501002360000,1501002419000,1.30375,1.30387,1.30369,1.30387,112870000,1
1501002420000,1501002479000,1.30387,1.304,1.30386,1.30399,79560000,1
1501002480000,1501002539000,1.30399,1.30399,1.30366,1.30366,105180000,1
1501002540000,1501002599000,1.30367,1.30378,1.3036,1.30374,91350000,1
1501002600000,1501002659000,1.30374,1.30376,1.30371,1.30373,48650000,1
1501002660000,1501002719000,1.30371,1.30379,1.30371,1.30377,51780000,1
1501002720000,1501002779000,1.30377,1.30377,1.30356,1.30357,107220000,1
1501002780000,1501002839000,1.30355,1.30357,1.3035,1.30353,52080000,1
1501002840000,1501002899000,1.30352,1.30357,1.30348,1.30357,29100000,1
1501002900000,1501002959000,1.30356,1.30356,1.30346,1.30349,76190000,1
1501002960000,1501003019000,1.30349,1.30359,1.30348,1.30354,63460000,1
1501003020000,1501003079000,1.30353,1.30358,1.30349,1.30358,118140000,1
1501003080000,1501003139000,1.30358,1.30361,1.30357,1.30357,263680000,1
1501003140000,1501003199000,1.30357,1.30357,1.30349,1.30356,112810000,1
1501003200000,1501003259000,1.30357,1.30359,1.30349,1.30354,209330000,1
1501003260000,1501003319000,1.30354,1.30381,1.30354,1.3038,80020000,1
1501003320000,1501003379000,1.30378,1.30391,1.30376,1.30384,90600000,1
1501003380000,1501003439000,1.30383,1.30392,1.30379,1.30382,120430000,1
1501003440000,1501003499000,1.30383,1.30384,1.30374,1.30379,132570000,1
1501003500000,1501003559000,1.30379,1.30386,1.30379,1.30381,118190000,1
1501003560000,1501003619000,1.30381,1.30381,1.30368,1.30372,228320000,1
1501003620000,1501003679000,1.30369,1.30372,1.30367,1.30369,111770000,1
1501003680000,1501003739000,1.30368,1.30369,1.30367,1.30367,58790000,1
1501003740000,1501003799000,1.30367,1.30381,1.30367,1.30378,254610000,1
1501003800000,1501003859000,1.30378,1.30378,1.3037,1.30371,107910000,1
1501003860000,1501003919000,1.30372,1.30381,1.3037,1.30379,71190000,1
1501003920000,1501003979000,1.30378,1.30381,1.3037,1.3037,109830000,1
1501003980000,1501004039000,1.3037,1.30373,1.30367,1.30371,43300000,1
1501004040000,1501004099000,1.30373,1.30387,1.30371,1.30383,65320000,1
1501004100000,1501004159000,1.30383,1.30393,1.30383,1.30393,51280000,1
1501004160000,1501004219000,1.30391,1.30393,1.30381,1.30382,59450000,1
1501004220000,1501004279000,1.30382,1.30393,1.3038,1.30393,65380000,1
1501004280000,1501004339000,1.30391,1.30393,1.30382,1.3039,100830000,1
1501004340000,1501004399000,1.3039,1.30391,1.30382,1.30382,114420000,1
1501004400000,1501004459000,1.30382,1.30384,1.30379,1.30382,50330000,1
1501004460000,1501004519000,1.30381,1.30381,1.3038,1.3038,21350000,1
1501004520000,1501004579000,1.3038,1.30392,1.3038,1.30389,48710000,1
1501004580000,1501004639000,1.3039,1.30393,1.30381,1.3039,65720000,1
1501004640000,1501004699000,1.3039,1.30402,1.3039,1.30401,67950000,1
1501004700000,1501004759000,1.304,1.304,1.30392,1.30396,108320000,1
1501004760000,1501004819000,1.30396,1.30396,1.30388,1.30389,82740000,1
1501004820000,1501004879000,1.30389,1.30402,1.30389,1.30399,80490000,1
1501004880000,1501004939000,1.30399,1.304,1.30394,1.30397,92090000,1
1501004940000,1501004999000,1.30397,1.30399,1.30389,1.30398,91030000,1
1501005000000,1501005059000,1.30397,1.3041,1.30396,1.3041,62320000,1
1501005060000,1501005119000,1.30409,1.30409,1.30398,1.30398,88340000,1
1501005120000,1501005179000,1.30398,1.304,1.30398,1.30398,62190000,1
1501005180000,1501005239000,1.30398,1.30399,1.30388,1.30389,45030000,1
1501005240000,1501005299000,1.30389,1.30391,1.30386,1.3039,57080000,1
1501005300000,1501005359000,1.3039,1.30391,1.30379,1.30379,91040000,1
1501005360000,1501005419000,1.3038,1.30405,1.3038,1.30404,56090000,1
1501005420000,1501005479000,1.30401,1.30412,1.30397,1.3041,116400000,1
1501005480000,1501005539000,1.3041,1.30423,1.30408,1.30422,108810000,1
1501005540000,1501005599000,1.30422,1.30429,1.30421,1.30428,74850000,1
1501005600000,1501005659000,1.30426,1.30441,1.30422,1.30441,72650000,1
1501005660000,1501005719000,1.30442,1.30467,1.30441,1.30451,136820000,1
1501005720000,1501005779000,1.30451,1.30452,1.30449,1.3045,53460000,1
1501005780000,1501005839000,1.3045,1.30451,1.3044,1.30449,118560000,1
1501005840000,1501005899000,1.30449,1.30451,1.3044,1.30441,90510000,1
1501005900000,1501005959000,1.30442,1.3046,1.3044,1.30451,88120000,1
1501005960000,1501006019000,1.3045,1.3045,1.30438,1.30441,56430000,1
1501006020000,1501006079000,1.30442,1.30442,1.3044,1.30441,42990000,1
1501006080000,1501006139000,1.30441,1.30443,1.30439,1.30441,64590000,1
1501006140000,1501006199000,1.3044,1.30442,1.30432,1.30432,48980000,1
1501006200000,1501006259000,1.3043,1.30432,1.30412,1.30412,48650000,1
1501006260000,1501006319000,1.30409,1.30412,1.30398,1.3041,67060000,1
1501006320000,1501006379000,1.3041,1.3043,1.3041,1.3042,84590000,1
1501006380000,1501006439000,1.30418,1.3042,1.30415,1.3042,53730000,1
1501006440000,1501006499000,1.30421,1.30424,1.30421,1.30421,10120000,1
1501006500000,1501006559000,1.30422,1.30425,1.3042,1.30422,19000000,1
1501006560000,1501006619000,1.30422,1.30422,1.30421,1.30421,8120000,1
1501006620000,1501006679000,1.30422,1.30434,1.30421,1.30423,32240000,1
1501006680000,1501006739000,1.30421,1.30422,1.30421,1.30421,12000000,1
1501006740000,1501006799000,1.30422,1.30431,1.30419,1.3042,55500000,1
1501006800000,1501006859000,1.30421,1.30422,1.30393,1.30401,69810000,1
1501006860000,1501006919000,1.304,1.304,1.30379,1.30381,150150000,1
1501006920000,1501006979000,1.3038,1.30388,1.30369,1.30369,122820000,1
1501006980000,1501007039000,1.30369,1.30369,1.30359,1.30362,128100000,1
1501007040000,1501007099000,1.30361,1.30361,1.30341,1.30348,119070000,1
1501007100000,1501007159000,1.30348,1.30349,1.30304,1.30316,155330000,1
1501007160000,1501007219000,1.30309,1.30319,1.30307,1.30318,112730000,1
1501007220000,1501007279000,1.30318,1.30331,1.30318,1.3032,67920000,1
1501007280000,1501007339000,1.3032,1.30323,1.3032,1.30321,75360000,1
1501007340000,1501007399000,1.3032,1.30321,1.3031,1.3031,126730000,1
1501007400000,1501007459000,1.30311,1.30348,1.3031,1.30348,123510000,1
1501007460000,1501007519000,1.30347,1.30348,1.3032,1.30324,90640000,1
1501007520000,1501007579000,1.30323,1.30333,1.30318,1.30318,132680000,1
1501007580000,1501007639000,1.30317,1.30318,1.30299,1.303,142740000,1
1501007640000,1501007699000,1.303,1.30309,1.30269,1.30282,220390000,1
1501007700000,1501007759000,1.30282,1.30282,1.30276,1.30281,85930000,1
1501007760000,1501007819000,1.30282,1.30293,1.3028,1.30286,208910000,1
1501007820000,1501007879000,1.30284,1.30284,1.30275,1.3028,76700000,1
1501007880000,1501007939000,1.30281,1.30293,1.30279,1.30292,101050000,1
1501007940000,1501007999000,1.30293,1.30299,1.30284,1.30284,72360000,1
1501008000000,1501008059000,1.30288,1.30289,1.30272,1.30273,130360000,1
1501008060000,1501008119000,1.30273,1.30286,1.30273,1.30283,59890000,1
1501008120000,1501008179000,1.30282,1.30303,1.30281,1.30303,42020000,1
1501008180000,1501008239000,1.30303,1.30314,1.30301,1.30309,171860000,1
1501008240000,1501008299000,1.30306,1.30306,1.30301,1.30303,62810000,1
1501008300000,1501008359000,1.30302,1.30306,1.303,1.30306,71380000,1
1501008360000,1501008419000,1.30305,1.30306,1.30297,1.30303,79220000,1
1501008420000,1501008479000,1.30303,1.30304,1.30302,1.30302,56000000,1
1501008480000,1501008539000,1.30302,1.30304,1.303,1.30302,45100000,1
1501008540000,1501008599000,1.30303,1.30304,1.30293,1.30301,87450000,1
1501008600000,1501008659000,1.30302,1.30308,1.30294,1.303,132740000,1
1501008660000,1501008719000,1.303,1.30313,1.303,1.30312,50180000,1
1501008720000,1501008779000,1.30312,1.30324,1.3031,1.30322,149460000,1
1501008780000,1501008839000,1.30322,1.30324,1.30318,1.3032,83290000,1
1501008840000,1501008899000,1.3032,1.30346,1.3032,1.30344,176830000,1
1501008900000,1501008959000,1.30343,1.30356,1.30342,1.30355,159260000,1
1501008960000,1501009019000,1.30351,1.30351,1.30333,1.30334,256710000,1
1501009020000,1501009079000,1.30334,1.30344,1.30333,1.30344,240120000,1
1501009080000,1501009139000,1.30343,1.30354,1.30343,1.30352,113100000,1
1501009140000,1501009199000,1.30352,1.30371,1.30352,1.30364,141700000,1
1501009200000,1501009259000,1.30369,1.30369,1.30338,1.30352,93730000,1
1501009260000,1501009319000,1.30352,1.30371,1.30352,1.30368,122240000,1
1501009320000,1501009379000,1.30369,1.30371,1.30363,1.30365,146100000,1
1501009380000,1501009439000,1.30365,1.30365,1.30348,1.30365,93090000,1
1501009440000,1501009499000,1.30366,1.30369,1.30364,1.30364,150480000,1
1501009500000,1501009559000,1.30364,1.30369,1.30357,1.30368,81210000,1
1501009560000,1501009619000,1.30368,1.30368,1.30356,1.30358,46970000,1
1501009620000,1501009679000,1.30357,1.30358,1.30357,1.30358,18250000,1
1501009680000,1501009739000,1.30359,1.30372,1.30359,1.30372,24750000,1
1501009740000,1501009799000,1.30372,1.30373,1.30365,1.30367,86740000,1
1501009800000,1501009859000,1.30366,1.30373,1.30364,1.30364,49110000,1
1501009860000,1501009919000,1.30364,1.30371,1.30364,1.30364,45500000,1
1501009920000,1501009979000,1.30364,1.30373,1.30364,1.30368,31370000,1
1501009980000,1501010039000,1.30366,1.30373,1.30366,1.30373,22870000,1
1501010040000,1501010099000,1.30373,1.30373,1.30371,1.30372,24500000,1
1501010100000,1501010159000,1.30371,1.30374,1.3037,1.30371,14870000,1
1501010160000,1501010219000,1.30371,1.30372,1.30369,1.3037,28370000,1
1501010220000,1501010279000,1.3037,1.3037,1.30362,1.30368,73160000,1
1501010280000,1501010339000,1.30368,1.30368,1.3035,1.30358,109110000,1
1501010340000,1501010399000,1.30358,1.30368,1.30358,1.30363,75270000,1
1501010400000,1501010459000,1.30362,1.30363,1.30358,1.30358,37170000,1
1501010460000,1501010519000,1.30358,1.30362,1.30353,1.30361,22190000,1
1501010520000,1501010579000,1.30361,1.30361,1.30359,1.30361,14000000,1
1501010580000,1501010639000,1.30362,1.3037,1.30362,1.30363,59550000,1
1501010640000,1501010699000,1.30363,1.30373,1.3036,1.30372,42970000,1
1501010700000,1501010759000,1.30373,1.3038,1.3037,1.3038,40660000,1
1501010760000,1501010819000,1.30379,1.30379,1.30371,1.30372,97000000,1
1501010820000,1501010879000,1.30371,1.30374,1.30365,1.30366,79230000,1
1501010880000,1501010939000,1.30365,1.30377,1.30348,1.30349,139450000,1
1501010940000,1501010999000,1.30348,1.30349,1.3033,1.30338,169430000,1
1501011000000,1501011059000,1.30338,1.30343,1.30338,1.3034,108460000,1
1501011060000,1501011119000,1.3034,1.3034,1.30328,1.30329,100590000,1
1501011120000,1501011179000,1.30329,1.30329,1.30305,1.30306,106060000,1
1501011180000,1501011239000,1.30307,1.30307,1.30298,1.30302,92830000,1
1501011240000,1501011299000,1.30302,1.30302,1.30298,1.30298,60890000,1
1501011300000,1501011359000,1.30299,1.30302,1.30295,1.30296,50950000,1
1501011360000,1501011419000,1.30296,1.30304,1.3029,1.30295,87660000,1
1501011420000,1501011479000,1.30295,1.30297,1.30287,1.30295,45310000,1
1501011480000,1501011539000,1.30294,1.30296,1.30294,1.30295,31100000,1
1501011540000,1501011599000,1.30295,1.30295,1.30286,1.30294,83820000,1
1501011600000,1501011659000,1.30294,1.30309,1.30294,1.30309,60500000,1
1501011660000,1501011719000,1.30309,1.30316,1.30306,1.30306,54200000,1
1501011720000,1501011779000,1.30306,1.30307,1.30295,1.30295,41780000,1
1501011780000,1501011839000,1.30295,1.30296,1.30285,1.30295,51210000,1
1501011840000,1501011899000,1.30295,1.30295,1.30268,1.30275,85700000,1
1501011900000,1501011959000,1.30275,1.30276,1.30268,1.3027,84250000,1
1501011960000,1501012019000,1.30269,1.3028,1.30269,1.30278,115930000,1
1501012020000,1501012079000,1.30279,1.3029,1.30279,1.3029,69830000,1
1501012080000,1501012139000,1.3029,1.3029,1.30286,1.30289,32850000,1
1501012140000,1501012199000,1.30287,1.30307,1.30287,1.30298,71400000,1
1501012200000,1501012259000,1.30297,1.30298,1.30285,1.30285,93540000,1
1501012260000,1501012319000,1.30285,1.30286,1.30269,1.30278,151740000,1
1501012320000,1501012379000,1.30278,1.3031,1.30277,1.30309,64400000,1
1501012380000,1501012439000,1.30309,1.30309,1.30301,1.30301,134930000,1
1501012440000,1501012499000,1.30302,1.3032,1.30301,1.3032,134670000,1
1501012500000,1501012559000,1.30321,1.30331,1.30319,1.30319,116170000,1
1501012560000,1501012619000,1.30321,1.30329,1.3032,1.30327,131710000,1
1501012620000,1501012679000,1.30327,1.30333,1.30327,1.30328,79230000,1
1501012680000,1501012739000,1.30328,1.30328,1.30319,1.30319,78100000,1
1501012740000,1501012799000,1.30319,1.3033,1.30302,1.30302,117360000,1
1501012800000,1501012859000,1.30301,1.30308,1.30299,1.30299,134500000,1
1501012860000,1501012919000,1.303,1.30304,1.30299,1.30303,90060000,1
1501012920000,1501012979000,1.30302,1.3031,1.30301,1.30302,79390000,1
1501012980000,1501013039000,1.30303,1.30307,1.30298,1.30298,90070000,1
1501013040000,1501013099000,1.30299,1.30299,1.30297,1.30299,91040000,1
1501013100000,1501013159000,1.30299,1.30309,1.30298,1.30308,55150000,1
1501013160000,1501013219000,1.30308,1.30309,1.30307,1.30309,34080000,1
1501013220000,1501013279000,1.30309,1.3031,1.30301,1.30304,53580000,1
1501013280000,1501013339000,1.30305,1.30305,1.303,1.303,23920000,1
1501013340000,1501013399000,1.30302,1.30302,1.30301,1.30301,21930000,1
1501013400000,1501013459000,1.303,1.303,1.3028,1.3028,33410000,1
1501013460000,1501013519000,1.3028,1.30284,1.3028,1.3028,6900000,1
1501013520000,1501013579000,1.3028,1.30281,1.3028,1.30281,16280000,1
1501013580000,1501013639000,1.30281,1.30291,1.3028,1.30289,18330000,1
1501013640000,1501013699000,1.30289,1.3029,1.30281,1.30282,32470000,1
1501013700000,1501013759000,1.30282,1.30285,1.30281,1.30281,28120000,1
1501013760000,1501013819000,1.30281,1.30282,1.3028,1.3028,9180000,1
1501013820000,1501013879000,1.30281,1.30281,1.30279,1.30279,20710000,1
1501013880000,1501013939000,1.30279,1.30281,1.30278,1.30278,26730000,1
1501013940000,1501013999000,1.30278,1.30282,1.30278,1.30282,17100000,1
1501014000000,1501014059000,1.30282,1.30285,1.3028,1.3028,52900000,1
1501014060000,1501014119000,1.30281,1.30283,1.30251,1.3027,103400000,1
1501014120000,1501014179000,1.3027,1.30285,1.3027,1.30281,26990000,1
1501014180000,1501014239000,1.30282,1.30284,1.30282,1.30283,14000000,1
1501014240000,1501014299000,1.30284,1.30285,1.30276,1.3028,35490000,1
1501014300000,1501014359000,1.3028,1.30285,1.30279,1.30285,18980000,1
1501014360000,1501014419000,1.30285,1.30285,1.30273,1.30277,18620000,1
1501014420000,1501014479000,1.30277,1.3028,1.30274,1.30276,12490000,1
1501014480000,1501014539000,1.30276,1.30281,1.30272,1.30277,31340000,1
1501014540000,1501014599000,1.30277,1.30279,1.30277,1.30278,16980000,1
1501014600000,1501014659000,1.30278,1.30278,1.30258,1.30262,113770000,1
1501014660000,1501014719000,1.30262,1.30264,1.3026,1.30264,95360000,1
1501014720000,1501014779000,1.30265,1.30265,1.3026,1.30264,66910000,1
1501014780000,1501014839000,1.30262,1.30269,1.3026,1.30269,50910000,1
1501014840000,1501014899000,1.30268,1.30268,1.30257,1.30257,53080000,1
1501014900000,1501014959000,1.30257,1.30273,1.30257,1.30272,53940000,1
1501014960000,1501015019000,1.3027,1.30273,1.3027,1.30271,38540000,1
1501015020000,1501015079000,1.30271,1.30271,1.3027,1.30271,53590000,1
1501015080000,1501015139000,1.30271,1.30272,1.30269,1.3027,50790000,1
1501015140000,1501015199000,1.30272,1.30275,1.30271,1.30274,35780000,1
1501015200000,1501015259000,1.30274,1.30275,1.30273,1.30274,72530000,1
1501015260000,1501015319000,1.30274,1.30274,1.30273,1.30274,42600000,1
1501015320000,1501015379000,1.30274,1.30275,1.30273,1.30273,57630000,1
1501015380000,1501015439000,1.30274,1.30274,1.30271,1.30271,51830000,1
1501015440000,1501015499000,1.30271,1.30274,1.30271,1.30274,75810000,1
1501015500000,1501015559000,1.30273,1.30274,1.30272,1.30273,43240000,1
1501015560000,1501015619000,1.30273,1.30275,1.30273,1.30273,32430000,1
1501015620000,1501015679000,1.30274,1.30274,1.30273,1.30273,53670000,1
1501015680000,1501015739000,1.30273,1.30273,1.30269,1.30271,64880000,1
1501015740000,1501015799000,1.30271,1.30274,1.30271,1.30273,57980000,1
1501015800000,1501015859000,1.30274,1.30274,1.30268,1.30271,33740000,1
1501015860000,1501015919000,1.30271,1.30272,1.30271,1.30271,24750000,1
1501015920000,1501015979000,1.30269,1.3027,1.30267,1.3027,22570000,1
1501015980000,1501016039000,1.3027,1.3027,1.30267,1.30267,26690000,1
1501016040000,1501016099000,1.30263,1.30265,1.30258,1.30262,65440000,1
1501016100000,1501016159000,1.30262,1.30262,1.30254,1.30258,77750000,1
1501016160000,1501016219000,1.30258,1.30258,1.30248,1.30248,99520000,1
1501016220000,1501016279000,1.30249,1.30255,1.30248,1.30249,119320000,1
1501016280000,1501016339000,1.30249,1.30258,1.30249,1.30252,62190000,1
1501016340000,1501016399000,1.30252,1.30253,1.3023,1.30231,63870000,1
1501016400000,1501016459000,1.30232,1.30249,1.3021,1.30246,26990000,1
1501016460000,1501016519000,1.30245,1.30255,1.30245,1.30245,14700000,1
1501016520000,1501016579000,1.30245,1.3025,1.30243,1.3025,5520000,1
1501016580000,1501016639000,1.30254,1.3026,1.30254,1.3026,8700000,1
1501016640000,1501016699000,1.3026,1.30268,1.3026,1.30268,5040000,1
1501016700000,1501016759000,1.30267,1.30268,1.30263,1.30263,22500000,1
1501016760000,1501016819000,1.30263,1.3027,1.30263,1.3027,16170000,1
1501016820000,1501016879000,1.30272,1.30273,1.30271,1.30273,6000000,1
1501016880000,1501016939000,1.30272,1.30274,1.30271,1.30274,3500000,1
1501016940000,1501016999000,1.3027,1.30271,1.3027,1.3027,14750000,1
1501017000000,1501017059000,1.3027,1.30276,1.30262,1.30262,60340000,1
1501017060000,1501017119000,1.30262,1.30262,1.30259,1.30259,12970000,1
1501017120000,1501017179000,1.30257,1.30258,1.30257,1.30257,20010000,1
1501017180000,1501017239000,1.30257,1.30258,1.30256,1.30256,29450000,1
1501017240000,1501017299000,1.30257,1.30257,1.30256,1.30256,12470000,1
1501017300000,1501017359000,1.30257,1.30258,1.30256,1.30258,8860000,1
1501017360000,1501017419000,1.30256,1.30257,1.30256,1.30256,22340000,1
1501017420000,1501017479000,1.30257,1.30257,1.30257,1.30257,4870000,1
1501017480000,1501017539000,1.30257,1.30257,1.30256,1.30257,8610000,1
1501017540000,1501017599000,1.30257,1.30293,1.30257,1.30293,50300000,1
1501017600000,1501017659000,1.30292,1.30293,1.30292,1.30293,13000000,1
1501017660000,1501017719000,1.30293,1.30293,1.30292,1.30292,67000000,1
1501017720000,1501017779000,1.30293,1.30293,1.30292,1.30292,59000000,1
1501017780000,1501017839000,1.30293,1.30293,1.30274,1.30277,82500000,1
1501017840000,1501017899000,1.30277,1.3028,1.30275,1.30275,146460000,1
1501017900000,1501017959000,1.30275,1.3028,1.30274,1.30276,110620000,1
1501017960000,1501018019000,1.30276,1.303,1.30276,1.30297,150860000,1
1501018020000,1501018079000,1.30297,1.30298,1.30287,1.30297,117550000,1
1501018080000,1501018139000,1.30297,1.30298,1.30297,1.30297,137780000,1
1501018140000,1501018199000,1.30297,1.30299,1.30291,1.30296,249670000,1
1501018200000,1501018259000,1.30298,1.30306,1.30295,1.30298,82140000,1
1501018260000,1501018319000,1.30298,1.30298,1.30297,1.30297,96500000,1
1501018320000,1501018379000,1.30297,1.30303,1.30297,1.30302,48000000,1
1501018380000,1501018439000,1.30303,1.30303,1.30302,1.30302,51000000,1
1501018440000,1501018499000,1.30303,1.30303,1.30302,1.30302,42000000,1
1501018500000,1501018559000,1.30303,1.30303,1.30289,1.30294,85000000,1
1501018560000,1501018619000,1.30294,1.30298,1.30287,1.30297,41500000,1
1501018620000,1501018679000,1.30298,1.30298,1.30297,1.30297,38710000,1
1501018680000,1501018739000,1.30298,1.30298,1.30292,1.30292,30000000,1
1501018740000,1501018799000,1.30286,1.30293,1.30286,1.30292,36000000,1
1501018800000,1501018859000,1.30293,1.30293,1.30284,1.30284,19000000,1
1501018860000,1501018919000,1.30285,1.30288,1.30284,1.30284,35000000,1
1501018920000,1501018979000,1.30284,1.30284,1.30284,1.30284,15000000,1
1501018980000,1501019039000,1.30284,1.30285,1.30284,1.30284,18000000,1
1501019040000,1501019099000,1.30284,1.30284,1.30284,1.30284,12000000,1
1501019100000,1501019159000,1.30284,1.30287,1.30284,1.30287,8000000,1
1501019160000,1501019219000,1.30286,1.30286,1.30285,1.30285,4000000,1
1501019220000,1501019279000,1.30286,1.30286,1.30285,1.30285,10000000,1
1501019280000,1501019339000,1.30286,1.30286,1.30285,1.30285,10000000,1
1501019340000,1501019399000,1.30286,1.30286,1.30285,1.30285,6000000,1
1501019400000,1501019459000,1.30286,1.30286,1.30285,1.30285,6000000,1
1501019460000,1501019519000,1.30286,1.30286,1.30285,1.30285,19000000,1
1501019520000,1501019579000,1.30286,1.30286,1.30285,1.30285,29500000,1
1501019580000,1501019639000,1.30286,1.30298,1.30285,1.30297,14500000,1
1501019640000,1501019699000,1.30298,1.30298,1.30297,1.30297,12000000,1
1501019700000,1501019759000,1.30297,1.30298,1.30297,1.30297,8000000,1
1501019760000,1501019819000,1.30297,1.30298,1.30297,1.30297,9000000,1
1501019820000,1501019879000,1.30298,1.30298,1.30298,1.30298,2000000,1
1501019880000,1501019939000,1.30302,1.30303,1.30297,1.30297,13000000,1
1501019940000,1501019999000,1.30297,1.30298,1.30297,1.30297,5250000,1
1501020000000,1501020059000,1.30298,1.30298,1.30282,1.30282,49500000,1
1501020060000,1501020119000,1.30282,1.30282,1.30272,1.30272,6750000,1
1501020120000,1501020179000,1.30271,1.30271,1.30267,1.30267,44240000,1
1501020180000,1501020239000,1.30268,1.30277,1.30267,1.30277,126110000,1
1501020240000,1501020299000,1.30277,1.30277,1.30275,1.30275,7020000,1
1501020300000,1501020359000,1.30275,1.30277,1.30269,1.30272,50120000,1
1501020360000,1501020419000,1.30273,1.30274,1.30266,1.30273,56550000,1
1501020420000,1501020479000,1.30273,1.30274,1.30269,1.30269,36440000,1
1501020480000,1501020539000,1.3027,1.30282,1.30267,1.3028,38470000,1
1501020540000,1501020599000,1.3028,1.30283,1.30279,1.30279,32700000,1
1501020600000,1501020659000,1.30279,1.30282,1.30279,1.30282,59750000,1
1501020660000,1501020719000,1.30282,1.30284,1.30282,1.30283,73850000,1
1501020720000,1501020779000,1.30283,1.30284,1.30282,1.30283,83640000,1
1501020780000,1501020839000,1.30284,1.30284,1.3028,1.30281,45190000,1
1501020840000,1501020899000,1.30283,1.30283,1.30276,1.30278,21610000,1
1501020900000,1501020959000,1.30277,1.30278,1.30277,1.30278,38250000,1
1501020960000,1501021019000,1.30278,1.30278,1.30274,1.30276,27660000,1
1501021020000,1501021079000,1.30276,1.30276,1.30272,1.30274,137400000,1
1501021080000,1501021139000,1.30274,1.30274,1.30272,1.30272,69000000,1
1501021140000,1501021199000,1.30272,1.30276,1.30272,1.30276,64120000,1
1501021200000,1501021259000,1.30276,1.30276,1.30269,1.30272,100470000,1
1501021260000,1501021319000,1.30272,1.30277,1.30272,1.30274,47250000,1
1501021320000,1501021379000,1.30274,1.30274,1.30267,1.30269,171480000,1
1501021380000,1501021439000,1.30267,1.30269,1.30267,1.30268,63500000,1
1501021440000,1501021499000,1.30268,1.30268,1.30263,1.30263,15500000,1
1501021500000,1501021559000,1.30263,1.3027,1.30263,1.30263,73720000,1
1501021560000,1501021619000,1.30263,1.30263,1.3026,1.30261,38250000,1
1501021620000,1501021679000,1.3026,1.30262,1.3026,1.30262,57000000,1
1501021680000,1501021739000,1.30262,1.30263,1.3026,1.30263,67500000,1
1501021740000,1501021799000,1.30263,1.30263,1.3026,1.30262,34120000,1
1501021800000,1501021859000,1.30262,1.30262,1.3026,1.3026,20370000,1
1501021860000,1501021919000,1.3026,1.30263,1.3026,1.30262,67330000,1
1501021920000,1501021979000,1.30262,1.30263,1.30261,1.30261,31000000,1
1501021980000,1501022039000,1.30261,1.30263,1.30261,1.30263,44210000,1
1501022040000,1501022099000,1.30263,1.30263,1.3026,1.30262,62830000,1
1501022100000,1501022159000,1.30263,1.30264,1.3026,1.30261,97570000,1
1501022160000,1501022219000,1.30262,1.30276,1.3026,1.30276,113830000,1
1501022220000,1501022279000,1.30277,1.3028,1.30277,1.30277,35260000,1
1501022280000,1501022339000,1.30278,1.3028,1.30275,1.3028,124920000,1
1501022340000,1501022399000,1.3028,1.30282,1.30278,1.30282,116150000,1
1501022400000,1501022459000,1.30282,1.30282,1.30282,1.30282,25690000,1
1501022460000,1501022519000,1.3028,1.30287,1.3028,1.30283,39880000,1
1501022520000,1501022579000,1.30283,1.30285,1.30279,1.30281,44570000,1
1501022580000,1501022639000,1.30281,1.30282,1.30278,1.3028,27630000,1
1501022640000,1501022699000,1.3028,1.30286,1.30278,1.30284,30630000,1
1501022700000,1501022759000,1.30285,1.30294,1.30285,1.30291,69010000,1
1501022760000,1501022819000,1.30293,1.30293,1.30284,1.30284,41810000,1
1501022820000,1501022879000,1.30283,1.30284,1.3028,1.3028,40620000,1
1501022880000,1501022939000,1.3028,1.30282,1.30279,1.30281,24880000,1
1501022940000,1501022999000,1.30281,1.30282,1.30279,1.3028,67950000,1
1501023000000,1501023059000,1.3028,1.30282,1.30279,1.3028,41310000,1
1501023060000,1501023119000,1.30279,1.30282,1.30279,1.30279,44250000,1
1501023120000,1501023179000,1.3028,1.30282,1.30279,1.30281,30000000,1
1501023180000,1501023239000,1.30282,1.30286,1.30281,1.30284,41370000,1
1501023240000,1501023299000,1.30284,1.30284,1.30281,1.30281,63300000,1
1501023300000,1501023359000,1.30282,1.30289,1.30281,1.30288,176370000,1
1501023360000,1501023419000,1.30287,1.30288,1.30284,1.30287,214330000,1
1501023420000,1501023479000,1.30287,1.30288,1.30284,1.30288,173340000,1
1501023480000,1501023539000,1.30287,1.30297,1.30285,1.30291,49810000,1
1501023540000,1501023599000,1.30292,1.30294,1.30291,1.30291,30190000,1
1501023600000,1501023659000,1.30292,1.30294,1.30288,1.3029,53650000,1
1501023660000,1501023719000,1.3029,1.30295,1.3029,1.30294,67190000,1
1501023720000,1501023779000,1.30294,1.30295,1.30292,1.30295,56000000,1
1501023780000,1501023839000,1.30292,1.30295,1.30292,1.30293,49500000,1
1501023840000,1501023899000,1.30292,1.30294,1.30289,1.30294,109000000,1
1501023900000,1501023959000,1.30294,1.30296,1.30289,1.30295,54500000,1
1501023960000,1501024019000,1.30296,1.30303,1.30293,1.30296,51750000,1
1501024020000,1501024079000,1.30295,1.30295,1.30273,1.30273,47410000,1
1501024080000,1501024139000,1.30273,1.30275,1.30269,1.30269,55570000,1
1501024140000,1501024199000,1.3027,1.30273,1.30268,1.30268,54940000,1
1501024200000,1501024259000,1.30269,1.3027,1.30268,1.3027,104320000,1
1501024260000,1501024319000,1.30269,1.3027,1.30267,1.30268,94310000,1
1501024320000,1501024379000,1.30267,1.3027,1.30267,1.30269,43070000,1
1501024380000,1501024439000,1.30269,1.30278,1.30269,1.30278,36270000,1
1501024440000,1501024499000,1.30276,1.3028,1.30276,1.30279,20500000,1
1501024500000,1501024559000,1.3028,1.3028,1.30275,1.30275,56000000,1
1501024560000,1501024619000,1.30276,1.30276,1.30275,1.30275,12000000,1
1501024620000,1501024679000,1.30276,1.30283,1.30275,1.3028,33240000,1
1501024680000,1501024739000,1.3028,1.30283,1.30278,1.30282,27550000,1
1501024740000,1501024799000,1.30281,1.30286,1.30278,1.30285,50900000,1
1501024800000,1501024859000,1.30288,1.30288,1.3028,1.3028,40800000,1
1501024860000,1501024919000,1.3028,1.3028,1.30277,1.3028,7000000,1
1501024920000,1501024979000,1.30279,1.3028,1.30279,1.3028,40000000,1
1501024980000,1501025039000,1.30279,1.30284,1.30279,1.30282,41920000,1
1501025040000,1501025099000,1.30281,1.30283,1.30277,1.30282,72730000,1
1501025100000,1501025159000,1.30281,1.30282,1.30277,1.30281,80720000,1
1501025160000,1501025219000,1.3028,1.30281,1.3028,1.3028,56000000,1
1501025220000,1501025279000,1.30281,1.30285,1.30267,1.30267,51230000,1
1501025280000,1501025339000,1.30268,1.3027,1.30268,1.30269,51840000,1
1501025340000,1501025399000,1.30269,1.3027,1.30266,1.30269,37950000,1
1501025400000,1501025459000,1.30269,1.30271,1.30268,1.30269,91580000,1
1501025460000,1501025519000,1.30269,1.3027,1.30269,1.3027,10120000,1
1501025520000,1501025579000,1.3027,1.30271,1.30269,1.3027,6500000,1
1501025580000,1501025639000,1.3027,1.3027,1.3027,1.3027,5000000,1
1501025640000,1501025699000,1.30269,1.30269,1.30269,1.30269,18510000,1
1501025700000,1501025759000,1.30271,1.30284,1.30271,1.30281,66160000,1
1501025760000,1501025819000,1.30281,1.30283,1.30281,1.30283,79320000,1
1501025820000,1501025879000,1.30281,1.30292,1.30281,1.30289,44620000,1
1501025880000,1501025939000,1.30289,1.30294,1.30288,1.30293,144200000,1
1501025940000,1501025999000,1.30293,1.30293,1.30292,1.30292,78410000,1
1501026000000,1501026059000,1.30293,1.30293,1.30292,1.30292,53690000,1
1501026060000,1501026119000,1.30292,1.30296,1.30291,1.30296,96080000,1
1501026120000,1501026179000,1.30296,1.30296,1.30295,1.30295,29250000,1
1501026180000,1501026239000,1.30295,1.30295,1.30293,1.30293,115960000,1
1501026240000,1501026299000,1.30293,1.30297,1.30292,1.30293,68000000,1
1501026300000,1501026359000,1.30293,1.30293,1.30292,1.30292,194990000,1
1501026360000,1501026419000,1.30292,1.30293,1.30292,1.30293,78350000,1
1501026420000,1501026479000,1.30294,1.30303,1.30293,1.30301,126930000,1
1501026480000,1501026539000,1.30301,1.30303,1.30301,1.30302,87860000,1
1501026540000,1501026599000,1.30301,1.30303,1.30297,1.303,145940000,1
1501026600000,1501026659000,1.30301,1.30301,1.30279,1.30288,147150000,1
1501026660000,1501026719000,1.30287,1.3029,1.30287,1.3029,16870000,1
1501026720000,1501026779000,1.3029,1.30291,1.30286,1.30291,29040000,1
1501026780000,1501026839000,1.30292,1.30294,1.30292,1.30292,13000000,1
1501026840000,1501026899000,1.3029,1.3029,1.30275,1.30275,39100000,1
1501026900000,1501026959000,1.30275,1.30275,1.30269,1.30269,93600000,1
1501026960000,1501027019000,1.30267,1.30269,1.30259,1.3026,77890000,1
1501027020000,1501027079000,1.30259,1.30268,1.30259,1.30268,38170000,1
1501027080000,1501027139000,1.30268,1.30268,1.30264,1.30266,34000000,1
1501027140000,1501027199000,1.30266,1.30269,1.30263,1.30267,39000000,1
1501027200000,1501027259000,1.30265,1.30266,1.30262,1.30265,31000000,1
1501027260000,1501027319000,1.30266,1.30275,1.30266,1.30275,21000000,1
1501027320000,1501027379000,1.30274,1.30291,1.30274,1.30279,45450000,1
1501027380000,1501027439000,1.30276,1.30281,1.30276,1.30279,46380000,1
1501027440000,1501027499000,1.30279,1.30279,1.30275,1.30276,131980000,1
1501027500000,1501027559000,1.30276,1.30276,1.3026,1.30262,91150000,1
1501027560000,1501027619000,1.30262,1.30265,1.30254,1.30264,112520000,1
1501027620000,1501027679000,1.30265,1.30269,1.30265,1.30266,29000000,1
1501027680000,1501027739000,1.30266,1.30277,1.30261,1.30275,58700000,1
1501027740000,1501027799000,1.30275,1.30275,1.30265,1.30265,48650000,1
1501027800000,1501027859000,1.30265,1.30265,1.30261,1.30264,29000000,1
1501027860000,1501027919000,1.30264,1.30268,1.30259,1.3026,107550000,1
1501027920000,1501027979000,1.30259,1.30277,1.30259,1.30275,106230000,1
1501027980000,1501028039000,1.30277,1.30284,1.30266,1.3027,168770000,1
1501028040000,1501028099000,1.3027,1.30275,1.3027,1.30275,22500000,1
1501028100000,1501028159000,1.30273,1.30274,1.30268,1.30271,37280000,1
1501028160000,1501028219000,1.30271,1.30271,1.30248,1.3025,72960000,1
1501028220000,1501028279000,1.3025,1.30264,1.3025,1.30255,49870000,1
1501028280000,1501028339000,1.30255,1.30266,1.30255,1.30261,73230000,1
1501028340000,1501028399000,1.3026,1.30264,1.3026,1.30261,58950000,1
1501028400000,1501028459000,1.3026,1.30273,1.30258,1.30271,63570000,1
1501028460000,1501028519000,1.3027,1.30271,1.30264,1.30267,96750000,1
1501028520000,1501028579000,1.30267,1.30293,1.30263,1.30283,83350000,1
1501028580000,1501028639000,1.30283,1.30283,1.30253,1.30264,93340000,1
1501028640000,1501028699000,1.30264,1.30264,1.30257,1.30257,18490000,1
1501028700000,1501028759000,1.30258,1.30259,1.30241,1.30246,58110000,1
1501028760000,1501028819000,1.30243,1.30264,1.30241,1.30261,74860000,1
1501028820000,1501028879000,1.30259,1.3028,1.30259,1.30269,161020000,1
1501028880000,1501028939000,1.30273,1.30273,1.30249,1.3026,87920000,1
1501028940000,1501028999000,1.30259,1.30264,1.30258,1.30261,40950000,1
1501029000000,1501029059000,1.30259,1.30261,1.30247,1.30248,45830000,1
1501029060000,1501029119000,1.30247,1.30247,1.30231,1.30242,81830000,1
1501029120000,1501029179000,1.30244,1.30249,1.30244,1.30248,41180000,1
1501029180000,1501029239000,1.30248,1.30251,1.30244,1.30249,39130000,1
1501029240000,1501029299000,1.30249,1.3025,1.30247,1.30249,22930000,1
1501029300000,1501029359000,1.30248,1.30261,1.30247,1.30248,73810000,1
1501029360000,1501029419000,1.30248,1.30256,1.30234,1.30255,84510000,1
1501029420000,1501029479000,1.30256,1.30256,1.30252,1.30253,61500000,1
1501029480000,1501029539000,1.30252,1.30252,1.30242,1.30243,110080000,1
1501029540000,1501029599000,1.30241,1.30243,1.30239,1.30239,91670000,1
1501029600000,1501029659000,1.30241,1.30241,1.30235,1.30236,58820000,1
1501029660000,1501029719000,1.30237,1.30238,1.30234,1.30235,68680000,1
1501029720000,1501029779000,1.30235,1.30235,1.30233,1.30233,22670000,1
1501029780000,1501029839000,1.30233,1.30234,1.30227,1.3023,44780000,1
1501029840000,1501029899000,1.30231,1.30234,1.30231,1.30234,22000000,1
1501029900000,1501029959000,1.30234,1.30234,1.30234,1.30234,14000000,1
1501029960000,1501030019000,1.30231,1.30238,1.3022,1.30224,83580000,1
1501030020000,1501030079000,1.30224,1.30225,1.30224,1.30224,47500000,1
1501030080000,1501030139000,1.30224,1.30239,1.30224,1.30234,75750000,1
1501030140000,1501030199000,1.30234,1.30234,1.3023,1.30234,54500000,1
1501030200000,1501030259000,1.30234,1.30241,1.30229,1.30234,72360000,1
1501030260000,1501030319000,1.30234,1.30237,1.30234,1.30235,49120000,1
1501030320000,1501030379000,1.30235,1.30236,1.30221,1.30221,77500000,1
1501030380000,1501030439000,1.30218,1.30218,1.30213,1.30213,15000000,1
1501030440000,1501030499000,1.30212,1.30217,1.30212,1.30217,43120000,1
1501030500000,1501030559000,1.30214,1.30224,1.3021,1.30213,73870000,1
1501030560000,1501030619000,1.30213,1.30218,1.30212,1.30212,70590000,1
1501030620000,1501030679000,1.30212,1.30214,1.30212,1.30213,87640000,1
1501030680000,1501030739000,1.30213,1.30219,1.30213,1.30219,42960000,1
1501030740000,1501030799000,1.30217,1.30221,1.30216,1.3022,45480000,1
1501030800000,1501030859000,1.30221,1.3023,1.30219,1.30225,73920000,1
1501030860000,1501030919000,1.30225,1.30228,1.30225,1.30227,36000000,1
1501030920000,1501030979000,1.30228,1.30228,1.30222,1.30222,39000000,1
1501030980000,1501031039000,1.30224,1.30224,1.30214,1.30215,104180000,1
1501031040000,1501031099000,1.30215,1.30218,1.30206,1.30217,34620000,1
1501031100000,1501031159000,1.30217,1.30223,1.30214,1.30223,57460000,1
1501031160000,1501031219000,1.30222,1.30223,1.30222,1.30223,46670000,1
1501031220000,1501031279000,1.30223,1.30243,1.30222,1.30243,77900000,1
1501031280000,1501031339000,1.30243,1.30245,1.30241,1.30245,45200000,1
1501031340000,1501031399000,1.30245,1.30248,1.30242,1.30248,59500000,1
1501031400000,1501031459000,1.30247,1.30248,1.30247,1.30247,53000000,1
1501031460000,1501031519000,1.30248,1.30248,1.30247,1.30247,44250000,1
1501031520000,1501031579000,1.30248,1.30258,1.30247,1.30257,74680000,1
1501031580000,1501031639000,1.30257,1.30258,1.30252,1.30253,74930000,1
1501031640000,1501031699000,1.30253,1.30254,1.30246,1.30251,70470000,1
1501031700000,1501031759000,1.30251,1.30251,1.3024,1.30241,55070000,1
1501031760000,1501031819000,1.30242,1.30247,1.30241,1.30246,43540000,1
1501031820000,1501031879000,1.30246,1.3025,1.30244,1.3025,86290000,1
1501031880000,1501031939000,1.3025,1.3025,1.30245,1.3025,34820000,1
1501031940000,1501031999000,1.3025,1.30255,1.30249,1.30255,29120000,1
1501032000000,1501032059000,1.3026,1.30267,1.3026,1.30267,40970000,1
1501032060000,1501032119000,1.30262,1.30274,1.30261,1.30274,29530000,1
1501032120000,1501032179000,1.30274,1.30274,1.30268,1.30268,39240000,1
1501032180000,1501032239000,1.30268,1.30268,1.30265,1.30265,20630000,1
1501032240000,1501032299000,1.30265,1.30269,1.30259,1.30269,40500000,1
1501032300000,1501032359000,1.30269,1.30286,1.30265,1.30265,46420000,1
1501032360000,1501032419000,1.30265,1.3027,1.30263,1.3027,24690000,1
1501032420000,1501032479000,1.30271,1.30271,1.30266,1.30266,25500000,1
1501032480000,1501032539000,1.30266,1.30266,1.30263,1.30264,22350000,1
1501032540000,1501032599000,1.30266,1.30285,1.30264,1.30278,75950000,1
1501032600000,1501032659000,1.30278,1.30281,1.3024,1.30243,186640000,1
1501032660000,1501032719000,1.30243,1.30265,1.30243,1.30259,181260000,1
1501032720000,1501032779000,1.30259,1.30259,1.30239,1.30253,128020000,1
1501032780000,1501032839000,1.30254,1.30288,1.30253,1.30288,100050000,1
1501032840000,1501032899000,1.30288,1.30288,1.30284,1.30288,56810000,1
1501032900000,1501032959000,1.30287,1.30287,1.30252,1.30263,105960000,1
1501032960000,1501033019000,1.30263,1.30265,1.30234,1.3024,103890000,1
1501033020000,1501033079000,1.3024,1.30247,1.30238,1.3024,72860000,1
1501033080000,1501033139000,1.30239,1.3024,1.30214,1.30221,98330000,1
1501033140000,1501033199000,1.30221,1.30224,1.30221,1.30222,85490000,1
1501033200000,1501033259000,1.30221,1.30268,1.30213,1.30266,116430000,1
1501033260000,1501033319000,1.30267,1.30267,1.30255,1.30261,73210000,1
1501033320000,1501033379000,1.30261,1.30262,1.30244,1.30246,91840000,1
1501033380000,1501033439000,1.30246,1.30276,1.30246,1.30276,105360000,1
1501033440000,1501033499000,1.30276,1.30277,1.30275,1.30276,66230000,1
1501033500000,1501033559000,1.30275,1.30277,1.30259,1.30266,67910000,1
1501033560000,1501033619000,1.30266,1.30269,1.30257,1.30258,168100000,1
1501033620000,1501033679000,1.30256,1.30264,1.30254,1.30262,203810000,1
1501033680000,1501033739000,1.30264,1.30278,1.30262,1.30271,187170000,1
1501033740000,1501033799000,1.30269,1.30284,1.30269,1.30281,148140000,1
1501033800000,1501033859000,1.30283,1.3029,1.30282,1.30284,175990000,1
1501033860000,1501033919000,1.30284,1.30288,1.30278,1.3028,175630000,1
1501033920000,1501033979000,1.3028,1.30293,1.3028,1.30293,126240000,1
1501033980000,1501034039000,1.30293,1.30294,1.3029,1.30292,118190000,1
1501034040000,1501034099000,1.30295,1.30298,1.30295,1.30296,21000000,1
1501034100000,1501034159000,1.30296,1.30296,1.30288,1.30294,32120000,1
1501034160000,1501034219000,1.30294,1.30297,1.30293,1.30295,19000000,1
1501034220000,1501034279000,1.30294,1.30294,1.30276,1.30279,22820000,1
1501034280000,1501034339000,1.30275,1.30282,1.30273,1.30282,136020000,1
1501034340000,1501034399000,1.30282,1.30293,1.30281,1.3029,127800000,1
1501034400000,1501034459000,1.30292,1.30293,1.3025,1.30253,156920000,1
1501034460000,1501034519000,1.30254,1.30266,1.3025,1.30266,153360000,1
1501034520000,1501034579000,1.30262,1.30262,1.30244,1.30247,78500000,1
1501034580000,1501034639000,1.30247,1.3025,1.30247,1.3025,47000000,1
1501034640000,1501034699000,1.30249,1.30256,1.30248,1.30255,22170000,1
1501034700000,1501034759000,1.30255,1.30259,1.30255,1.30259,12220000,1
1501034760000,1501034819000,1.30259,1.30262,1.3024,1.30242,64560000,1
1501034820000,1501034879000,1.3024,1.30245,1.30236,1.30242,96230000,1
1501034880000,1501034939000,1.30244,1.30244,1.30239,1.30241,86700000,1
1501034940000,1501034999000,1.30241,1.30244,1.30239,1.30242,54190000,1
1501035000000,1501035059000,1.30242,1.30244,1.30238,1.30244,38120000,1
1501035060000,1501035119000,1.30244,1.30255,1.30241,1.30251,73080000,1
1501035120000,1501035179000,1.30254,1.30259,1.30249,1.30259,47310000,1
1501035180000,1501035239000,1.30259,1.30259,1.30252,1.30255,13000000,1
1501035240000,1501035299000,1.30255,1.30256,1.30251,1.30255,46000000,1
1501035300000,1501035359000,1.30255,1.30256,1.30253,1.30254,43000000,1
1501035360000,1501035419000,1.30254,1.30255,1.30252,1.30254,46000000,1
1501035420000,1501035479000,1.30254,1.30255,1.30254,1.30254,39000000,1
1501035480000,1501035539000,1.30254,1.30255,1.30253,1.30255,45000000,1
1501035540000,1501035599000,1.30255,1.30255,1.30254,1.30254,16000000,1
1501035600000,1501035659000,1.30255,1.30256,1.30255,1.30256,9000000,1
1501035660000,1501035719000,1.30256,1.30256,1.30254,1.30254,15000000,1
1501035720000,1501035779000,1.30255,1.30256,1.30254,1.30255,8000000,1
1501035780000,1501035839000,1.30254,1.30255,1.30253,1.30255,28350000,1
1501035840000,1501035899000,1.30255,1.30258,1.30254,1.30254,33600000,1
1501035900000,1501035959000,1.30254,1.30257,1.30254,1.30256,80450000,1
1501035960000,1501036019000,1.30256,1.30258,1.30255,1.30257,48650000,1
1501036020000,1501036079000,1.30257,1.30258,1.30257,1.30258,33800000,1
1501036080000,1501036139000,1.30258,1.30259,1.30257,1.30257,51130000,1
1501036140000,1501036199000,1.30258,1.30258,1.30257,1.30258,30000000,1
1501036200000,1501036259000,1.30258,1.30258,1.30257,1.30258,47500000,1
1501036260000,1501036319000,1.30257,1.30258,1.30253,1.30258,34320000,1
1501036320000,1501036379000,1.30257,1.30258,1.30253,1.30255,34550000,1
1501036380000,1501036439000,1.30254,1.30258,1.30253,1.30253,67510000,1
1501036440000,1501036499000,1.30255,1.30255,1.30253,1.30254,29760000,1
1501036500000,1501036559000,1.30254,1.30266,1.30254,1.30266,25200000,1
1501036560000,1501036619000,1.30264,1.30266,1.30263,1.30264,18500000,1
1501036620000,1501036679000,1.30263,1.30267,1.30263,1.30265,28100000,1
1501036680000,1501036739000,1.30267,1.30275,1.30267,1.30273,21120000,1
1501036740000,1501036799000,1.30274,1.30274,1.30268,1.30272,70390000,1
1501036800000,1501036859000,1.30272,1.30273,1.3027,1.30271,58660000,1
1501036860000,1501036919000,1.30271,1.30276,1.30269,1.30273,67190000,1
1501036920000,1501036979000,1.30274,1.30274,1.30267,1.30267,71140000,1
1501036980000,1501037039000,1.30268,1.30274,1.30267,1.30273,40940000,1
1501037040000,1501037099000,1.30273,1.30275,1.30273,1.30273,15750000,1
1501037100000,1501037159000,1.30272,1.30275,1.30272,1.30274,8370000,1
1501037160000,1501037219000,1.30275,1.30283,1.30274,1.30283,22190000,1
1501037220000,1501037279000,1.30284,1.30287,1.30282,1.30282,82140000,1
1501037280000,1501037339000,1.30282,1.30282,1.30276,1.30277,74690000,1
1501037340000,1501037399000,1.30277,1.30277,1.30276,1.30276,29380000,1
1501037400000,1501037459000,1.30276,1.30277,1.30276,1.30276,53660000,1
1501037460000,1501037519000,1.30277,1.30285,1.30276,1.30283,44810000,1
1501037520000,1501037579000,1.30283,1.30283,1.30281,1.30283,40110000,1
1501037580000,1501037639000,1.30283,1.30289,1.30283,1.30286,30430000,1
1501037640000,1501037699000,1.30286,1.30287,1.30282,1.30282,51880000,1
1501037700000,1501037759000,1.30283,1.30283,1.30281,1.30281,90310000,1
1501037760000,1501037819000,1.30282,1.30282,1.30281,1.30281,34380000,1
1501037820000,1501037879000,1.30282,1.30282,1.30281,1.30281,44880000,1
1501037880000,1501037939000,1.30281,1.30284,1.30279,1.30284,56630000,1
1501037940000,1501037999000,1.30284,1.30287,1.30284,1.30287,62250000,1
1501038000000,1501038059000,1.30287,1.30302,1.30286,1.30302,64060000,1
1501038060000,1501038119000,1.30302,1.30302,1.303,1.303,17500000,1
1501038120000,1501038179000,1.303,1.303,1.30295,1.30295,93420000,1
1501038180000,1501038239000,1.30295,1.30296,1.30293,1.30293,27220000,1
1501038240000,1501038299000,1.30293,1.30294,1.30286,1.30294,58480000,1
1501038300000,1501038359000,1.30295,1.30307,1.30279,1.30304,147470000,1
1501038360000,1501038419000,1.30304,1.30309,1.30303,1.30303,20410000,1
1501038420000,1501038479000,1.30302,1.30305,1.30294,1.30297,80910000,1
1501038480000,1501038539000,1.30294,1.30298,1.30294,1.30295,64900000,1
1501038540000,1501038599000,1.303,1.30304,1.30294,1.30304,100260000,1
1501038600000,1501038659000,1.30303,1.30304,1.30302,1.30304,25300000,1
1501038660000,1501038719000,1.30304,1.30306,1.30299,1.30303,59760000,1
1501038720000,1501038779000,1.30303,1.30304,1.30296,1.30301,65770000,1
1501038780000,1501038839000,1.303,1.30302,1.30299,1.30301,38700000,1
1501038840000,1501038899000,1.30303,1.30315,1.303,1.30305,45690000,1
1501038900000,1501038959000,1.30305,1.30307,1.30302,1.30304,44000000,1
1501038960000,1501039019000,1.30304,1.30305,1.30298,1.30298,37000000,1
1501039020000,1501039079000,1.30298,1.30298,1.30292,1.30294,45690000,1
1501039080000,1501039139000,1.30292,1.30298,1.30291,1.30292,93430000,1
1501039140000,1501039199000,1.30292,1.30296,1.30292,1.30296,31900000,1
1501039200000,1501039259000,1.30296,1.30296,1.30293,1.30293,32750000,1
1501039260000,1501039319000,1.30294,1.30295,1.30289,1.30289,31860000,1
1501039320000,1501039379000,1.30288,1.30296,1.30288,1.30294,38990000,1
1501039380000,1501039439000,1.30294,1.30294,1.30292,1.30292,14500000,1
1501039440000,1501039499000,1.30292,1.30294,1.30284,1.30288,38640000,1
1501039500000,1501039559000,1.30286,1.30286,1.3028,1.30282,29020000,1
1501039560000,1501039619000,1.3028,1.30281,1.3028,1.30281,21840000,1
1501039620000,1501039679000,1.3028,1.30281,1.30259,1.30265,114780000,1
1501039680000,1501039739000,1.30265,1.30265,1.30246,1.30253,61540000,1
1501039740000,1501039799000,1.30253,1.30254,1.30252,1.30254,11000000,1
1501039800000,1501039859000,1.30254,1.30263,1.30253,1.30257,25120000,1
1501039860000,1501039919000,1.30257,1.30257,1.30239,1.30239,39390000,1
1501039920000,1501039979000,1.30239,1.30245,1.30239,1.30242,53520000,1
1501039980000,1501040039000,1.30242,1.30242,1.3023,1.3023,50280000,1
1501040040000,1501040099000,1.3023,1.30232,1.30222,1.30222,47130000,1
1501040100000,1501040159000,1.30219,1.30219,1.30212,1.30213,78650000,1
1501040160000,1501040219000,1.30213,1.30216,1.30212,1.30214,59090000,1
1501040220000,1501040279000,1.30215,1.30217,1.30212,1.30214,29920000,1
1501040280000,1501040339000,1.30215,1.30218,1.302,1.30202,50580000,1
1501040340000,1501040399000,1.30203,1.30211,1.30203,1.30207,47900000,1
1501040400000,1501040459000,1.3021,1.3021,1.30207,1.30208,37500000,1
1501040460000,1501040519000,1.30207,1.3021,1.30181,1.30182,102360000,1
1501040520000,1501040579000,1.30182,1.30185,1.3018,1.30184,68540000,1
1501040580000,1501040639000,1.30184,1.30188,1.30179,1.30187,84060000,1
1501040640000,1501040699000,1.30187,1.3021,1.30187,1.30194,90740000,1
1501040700000,1501040759000,1.30193,1.30207,1.30193,1.30205,35460000,1
1501040760000,1501040819000,1.30205,1.30217,1.302,1.30217,34620000,1
1501040820000,1501040879000,1.30217,1.30237,1.30214,1.30237,38610000,1
1501040880000,1501040939000,1.30238,1.30245,1.30235,1.30238,66880000,1
1501040940000,1501040999000,1.30238,1.30238,1.30227,1.30236,70680000,1
1501041000000,1501041059000,1.30236,1.30236,1.30206,1.30206,156720000,1
1501041060000,1501041119000,1.30203,1.30209,1.30197,1.30207,120440000,1
1501041120000,1501041179000,1.30208,1.30222,1.30208,1.30219,131990000,1
1501041180000,1501041239000,1.30219,1.30231,1.30203,1.30205,117810000,1
1501041240000,1501041299000,1.30205,1.30215,1.30197,1.3021,123650000,1
1501041300000,1501041359000,1.30209,1.30216,1.30209,1.30213,59250000,1
1501041360000,1501041419000,1.30212,1.30213,1.30202,1.30203,69990000,1
1501041420000,1501041479000,1.30205,1.30208,1.30203,1.30206,84790000,1
1501041480000,1501041539000,1.30206,1.30207,1.30198,1.30207,70120000,1
1501041540000,1501041599000,1.30207,1.30226,1.30204,1.30226,96680000,1
1501041600000,1501041659000,1.30225,1.30226,1.30217,1.30218,99670000,1
1501041660000,1501041719000,1.30217,1.30218,1.30203,1.30206,59030000,1
1501041720000,1501041779000,1.30205,1.30206,1.30199,1.30205,68890000,1
1501041780000,1501041839000,1.30205,1.30205,1.30202,1.30204,59790000,1
1501041840000,1501041899000,1.30204,1.30211,1.30204,1.30204,88400000,1
1501041900000,1501041959000,1.30207,1.30208,1.30202,1.30202,177430000,1
1501041960000,1501042019000,1.30202,1.30206,1.30202,1.30205,63610000,1
1501042020000,1501042079000,1.30205,1.30223,1.30205,1.30222,178040000,1
1501042080000,1501042139000,1.30223,1.3023,1.30221,1.30228,78320000,1
1501042140000,1501042199000,1.30226,1.3023,1.30226,1.30229,137470000,1
1501042200000,1501042259000,1.30228,1.30232,1.30228,1.30231,46200000,1
1501042260000,1501042319000,1.3023,1.30244,1.30228,1.30235,120440000,1
1501042320000,1501042379000,1.30235,1.30242,1.30234,1.30239,58510000,1
1501042380000,1501042439000,1.3024,1.30245,1.30234,1.30234,149780000,1
1501042440000,1501042499000,1.30234,1.3024,1.30233,1.30237,55580000,1
1501042500000,1501042559000,1.30237,1.30237,1.30232,1.30235,53180000,1
1501042560000,1501042619000,1.30235,1.30238,1.30234,1.30236,72080000,1
1501042620000,1501042679000,1.30236,1.30237,1.30235,1.30236,37050000,1
1501042680000,1501042739000,1.30236,1.30236,1.30228,1.30232,82780000,1
1501042740000,1501042799000,1.30232,1.30232,1.30227,1.30228,49570000,1
1501042800000,1501042859000,1.30227,1.30228,1.30225,1.30227,45500000,1
1501042860000,1501042919000,1.30228,1.30238,1.30226,1.30237,26560000,1
1501042920000,1501042979000,1.30236,1.30239,1.30236,1.30238,20000000,1
1501042980000,1501043039000,1.30237,1.30243,1.30235,1.30242,109050000,1
1501043040000,1501043099000,1.30242,1.30243,1.30242,1.30242,26550000,1
1501043100000,1501043159000,1.30243,1.30243,1.30242,1.30242,21750000,1
1501043160000,1501043219000,1.30242,1.30245,1.30242,1.30242,46370000,1
1501043220000,1501043279000,1.30242,1.30243,1.30242,1.30242,11000000,1
1501043280000,1501043339000,1.30243,1.30243,1.30232,1.30235,30830000,1
1501043340000,1501043399000,1.30234,1.30235,1.30234,1.30235,13000000,1
1501043400000,1501043459000,1.30235,1.30235,1.30234,1.30234,20000000,1
1501043460000,1501043519000,1.30234,1.30235,1.30233,1.30233,11000000,1
1501043520000,1501043579000,1.30233,1.30233,1.30214,1.30215,30800000,1
1501043580000,1501043639000,1.30215,1.3022,1.30213,1.30219,46100000,1
1501043640000,1501043699000,1.30219,1.3022,1.30218,1.30219,39500000,1
1501043700000,1501043759000,1.30219,1.30219,1.30214,1.30217,90470000,1
1501043760000,1501043819000,1.30217,1.30221,1.30216,1.3022,53300000,1
1501043820000,1501043879000,1.3022,1.30232,1.30218,1.30231,39190000,1
1501043880000,1501043939000,1.30232,1.30234,1.30232,1.30233,40750000,1
1501043940000,1501043999000,1.30233,1.30235,1.30232,1.30232,49720000,1
1501044000000,1501044059000,1.30233,1.30233,1.30231,1.30233,83730000,1
1501044060000,1501044119000,1.30233,1.30233,1.30223,1.30223,67870000,1
1501044120000,1501044179000,1.30223,1.30223,1.3022,1.3022,67750000,1
1501044180000,1501044239000,1.3022,1.30221,1.30218,1.30218,74740000,1
1501044240000,1501044299000,1.30219,1.30219,1.30202,1.30202,71500000,1
1501044300000,1501044359000,1.30202,1.30203,1.3018,1.30183,46860000,1
1501044360000,1501044419000,1.30183,1.30193,1.30182,1.30192,46800000,1
1501044420000,1501044479000,1.30192,1.30192,1.30183,1.30184,66090000,1
1501044480000,1501044539000,1.30185,1.30189,1.30185,1.30189,38570000,1
1501044540000,1501044599000,1.30189,1.3019,1.30172,1.30172,69110000,1
1501044600000,1501044659000,1.30173,1.30176,1.30154,1.30159,54320000,1
1501044660000,1501044719000,1.30159,1.3016,1.30154,1.30155,62200000,1
1501044720000,1501044779000,1.30154,1.30161,1.30154,1.3016,34850000,1
1501044780000,1501044839000,1.3016,1.30166,1.3016,1.30164,18600000,1
1501044840000,1501044899000,1.30161,1.30165,1.30161,1.30164,26620000,1
1501044900000,1501044959000,1.30165,1.30166,1.30165,1.30166,17700000,1
1501044960000,1501045019000,1.30166,1.30166,1.30163,1.30163,13450000,1
1501045020000,1501045079000,1.30161,1.30166,1.30155,1.30165,55680000,1
1501045080000,1501045139000,1.30166,1.30167,1.30164,1.30164,66310000,1
1501045140000,1501045199000,1.30164,1.30168,1.30156,1.30156,36290000,1
1501045200000,1501045259000,1.30156,1.30161,1.3015,1.30161,66910000,1
1501045260000,1501045319000,1.30161,1.30168,1.3016,1.30166,17440000,1
1501045320000,1501045379000,1.30166,1.30166,1.30155,1.30155,37500000,1
1501045380000,1501045439000,1.30155,1.30155,1.30153,1.30153,14000000,1
1501045440000,1501045499000,1.30153,1.30165,1.30153,1.30165,19120000,1
1501045500000,1501045559000,1.30165,1.30165,1.30161,1.30164,22620000,1
1501045560000,1501045619000,1.30163,1.30164,1.30163,1.30163,24000000,1
1501045620000,1501045679000,1.30164,1.30164,1.30161,1.30162,24500000,1
1501045680000,1501045739000,1.30162,1.30167,1.30162,1.30166,58000000,1
1501045740000,1501045799000,1.30166,1.30168,1.30164,1.30164,38000000,1
1501045800000,1501045859000,1.30164,1.30179,1.30164,1.30179,67440000,1
1501045860000,1501045919000,1.30179,1.30179,1.30176,1.30179,43740000,1
1501045920000,1501045979000,1.30179,1.30181,1.30176,1.30179,38500000,1
1501045980000,1501046039000,1.30178,1.3018,1.30178,1.3018,7070000,1
1501046040000,1501046099000,1.3018,1.30181,1.30179,1.30179,28000000,1
1501046100000,1501046159000,1.30178,1.30178,1.30178,1.30178,1870000,1
1501046160000,1501046219000,1.30179,1.30189,1.30179,1.30187,26230000,1
1501046220000,1501046279000,1.30186,1.30186,1.30167,1.30176,46180000,1
1501046280000,1501046339000,1.30177,1.30177,1.30175,1.30175,7500000,1
1501046340000,1501046399000,1.30175,1.30176,1.30175,1.30175,19000000,1
1501046400000,1501046459000,1.30175,1.30178,1.30168,1.30171,9250000,1
1501046460000,1501046519000,1.3017,1.30172,1.3017,1.30172,3000000,1
1501046520000,1501046579000,1.30169,1.30169,1.30167,1.30168,54810000,1
1501046580000,1501046639000,1.3017,1.30173,1.30168,1.30168,32630000,1
1501046640000,1501046699000,1.30168,1.30169,1.30167,1.30167,20600000,1
1501046700000,1501046759000,1.30168,1.30169,1.30167,1.30168,110150000,1
1501046760000,1501046819000,1.30168,1.30174,1.30168,1.30172,50420000,1
1501046820000,1501046879000,1.30173,1.3018,1.30172,1.3018,31890000,1
1501046880000,1501046939000,1.3018,1.30183,1.30179,1.30179,91110000,1
1501046940000,1501046999000,1.30179,1.30183,1.30179,1.30183,22710000,1
1501047000000,1501047059000,1.30181,1.30181,1.30177,1.30177,26500000,1
1501047060000,1501047119000,1.3018,1.3018,1.30177,1.30178,60000000,1
1501047120000,1501047179000,1.30178,1.30178,1.30175,1.30177,33000000,1
1501047180000,1501047239000,1.30177,1.30177,1.30173,1.30174,27250000,1
1501047240000,1501047299000,1.30173,1.30178,1.30173,1.30175,45560000,1
1501047300000,1501047359000,1.30183,1.30183,1.30165,1.3017,53560000,1
1501047360000,1501047419000,1.3017,1.3017,1.30163,1.30166,36240000,1
1501047420000,1501047479000,1.30166,1.30171,1.30166,1.3017,35740000,1
1501047480000,1501047539000,1.30171,1.30175,1.3017,1.30175,10570000,1
1501047540000,1501047599000,1.30176,1.30178,1.30176,1.30178,38690000,1
1501047600000,1501047659000,1.30177,1.30184,1.30176,1.30176,35500000,1
1501047660000,1501047719000,1.30177,1.30182,1.30176,1.30177,63550000,1
1501047720000,1501047779000,1.30178,1.30181,1.30177,1.30179,135700000,1
1501047780000,1501047839000,1.30178,1.30185,1.30177,1.30183,37120000,1
1501047840000,1501047899000,1.30184,1.30185,1.30182,1.30184,21950000,1
1501047900000,1501047959000,1.30184,1.3019,1.30183,1.30185,29250000,1
1501047960000,1501048019000,1.30185,1.30188,1.30185,1.30188,28200000,1
1501048020000,1501048079000,1.30187,1.30188,1.30187,1.30188,29100000,1
1501048080000,1501048139000,1.30187,1.30188,1.30187,1.30187,37600000,1
1501048140000,1501048199000,1.30187,1.30188,1.30185,1.30187,51500000,1
1501048200000,1501048259000,1.30187,1.30203,1.30185,1.30194,58800000,1
1501048260000,1501048319000,1.30196,1.30211,1.30196,1.30205,71480000,1
1501048320000,1501048379000,1.30204,1.30204,1.30194,1.30194,31940000,1
1501048380000,1501048439000,1.30192,1.30193,1.30192,1.30192,30630000,1
1501048440000,1501048499000,1.30193,1.30214,1.30192,1.30213,64870000,1
1501048500000,1501048559000,1.30216,1.30233,1.30216,1.30232,83400000,1
1501048560000,1501048619000,1.30233,1.30236,1.30225,1.30232,51110000,1
1501048620000,1501048679000,1.30236,1.30236,1.30232,1.30233,62000000,1
1501048680000,1501048739000,1.30232,1.30237,1.30227,1.30233,86840000,1
1501048740000,1501048799000,1.30233,1.30245,1.30232,1.30245,87870000,1
1501048800000,1501048859000,1.30243,1.30247,1.3023,1.30237,108830000,1
1501048860000,1501048919000,1.30238,1.30264,1.30237,1.30254,75860000,1
1501048920000,1501048979000,1.30252,1.30262,1.30242,1.30253,71490000,1
1501048980000,1501049039000,1.30253,1.30259,1.30252,1.30257,42320000,1
1501049040000,1501049099000,1.30258,1.30264,1.30256,1.30262,58980000,1
1501049100000,1501049159000,1.30259,1.30308,1.30257,1.30308,97390000,1
1501049160000,1501049219000,1.30308,1.30308,1.30276,1.30285,119980000,1
1501049220000,1501049279000,1.30285,1.30289,1.30272,1.30286,72400000,1
1501049280000,1501049339000,1.30286,1.30286,1.30256,1.3027,61820000,1
1501049340000,1501049399000,1.30268,1.30268,1.30255,1.30262,58540000,1
1501049400000,1501049459000,1.30261,1.30261,1.30252,1.30253,71170000,1
1501049460000,1501049519000,1.30253,1.30253,1.30223,1.30248,90200000,1
1501049520000,1501049579000,1.30247,1.30251,1.30225,1.30231,62910000,1
1501049580000,1501049639000,1.30231,1.30231,1.30206,1.30209,100790000,1
1501049640000,1501049699000,1.30209,1.30216,1.30178,1.30178,118360000,1
1501049700000,1501049759000,1.30179,1.30186,1.30163,1.30164,69490000,1
1501049760000,1501049819000,1.30163,1.30178,1.30159,1.30176,67200000,1
1501049820000,1501049879000,1.30176,1.3019,1.30176,1.30185,114950000,1
1501049880000,1501049939000,1.30186,1.30186,1.30173,1.30178,88560000,1
1501049940000,1501049999000,1.30179,1.30203,1.30178,1.302,89060000,1
1501050000000,1501050059000,1.30199,1.30199,1.30192,1.30198,65550000,1
1501050060000,1501050119000,1.30197,1.30209,1.30197,1.30209,32870000,1
1501050120000,1501050179000,1.30209,1.30209,1.30183,1.30183,40200000,1
1501050180000,1501050239000,1.30181,1.30187,1.30172,1.30184,72440000,1
1501050240000,1501050299000,1.30183,1.30184,1.30169,1.30173,51340000,1
1501050300000,1501050359000,1.30173,1.30178,1.30173,1.30174,547570000,1
1501050360000,1501050419000,1.30173,1.30178,1.30173,1.30178,100250000,1
1501050420000,1501050479000,1.30178,1.30178,1.30177,1.30177,66500000,1
1501050480000,1501050539000,1.30178,1.30178,1.30153,1.30158,185040000,1
1501050540000,1501050599000,1.30157,1.30158,1.30153,1.30157,1712190000,1
1501050600000,1501050659000,1.30157,1.30158,1.30128,1.30134,99330000,1
1501050660000,1501050719000,1.30132,1.30135,1.29996,1.30043,302760000,1
1501050720000,1501050779000,1.30047,1.30086,1.30039,1.30075,215740000,1
1501050780000,1501050839000,1.30079,1.30095,1.30071,1.30092,192300000,1
1501050840000,1501050899000,1.3009,1.30094,1.30052,1.30058,175280000,1
1501050900000,1501050959000,1.3006,1.30063,1.3004,1.30041,195080000,1
1501050960000,1501051019000,1.30041,1.30044,1.30027,1.30028,114230000,1
1501051020000,1501051079000,1.30028,1.30052,1.30022,1.30052,120380000,1
1501051080000,1501051139000,1.30052,1.30086,1.3005,1.30084,103790000,1
1501051140000,1501051199000,1.30087,1.30105,1.30085,1.30102,100240000,1
1501051200000,1501051259000,1.30102,1.30117,1.30099,1.30117,90550000,1
1501051260000,1501051319000,1.30121,1.30132,1.30111,1.30119,145350000,1
1501051320000,1501051379000,1.30119,1.30139,1.30119,1.30133,76190000,1
1501051380000,1501051439000,1.30134,1.30136,1.3012,1.30124,71860000,1
1501051440000,1501051499000,1.30124,1.30128,1.30122,1.30127,54750000,1
1501051500000,1501051559000,1.30128,1.30128,1.30075,1.30075,111620000,1
1501051560000,1501051619000,1.30076,1.30085,1.30076,1.30082,44860000,1
1501051620000,1501051679000,1.30083,1.30088,1.30075,1.30086,58340000,1
1501051680000,1501051739000,1.30086,1.30099,1.30075,1.30099,44280000,1
1501051740000,1501051799000,1.30097,1.30109,1.30097,1.30108,98710000,1
1501051800000,1501051859000,1.30106,1.30127,1.30106,1.30127,65340000,1
1501051860000,1501051919000,1.30125,1.30168,1.30113,1.30162,129460000,1
1501051920000,1501051979000,1.30159,1.30163,1.30145,1.30157,77170000,1
1501051980000,1501052039000,1.30157,1.30168,1.30144,1.30144,73660000,1
1501052040000,1501052099000,1.30146,1.30157,1.30133,1.30148,124430000,1
1501052100000,1501052159000,1.30149,1.30187,1.30142,1.30178,217360000,1
1501052160000,1501052219000,1.30178,1.30178,1.30164,1.30166,52760000,1
1501052220000,1501052279000,1.30168,1.3017,1.30158,1.30169,63460000,1
1501052280000,1501052339000,1.30169,1.30181,1.30168,1.30178,119400000,1
1501052340000,1501052399000,1.30177,1.30195,1.30172,1.30193,144420000,1
1501052400000,1501052459000,1.30193,1.30193,1.30161,1.30175,195660000,1
1501052460000,1501052519000,1.30174,1.30177,1.30156,1.30165,123080000,1
1501052520000,1501052579000,1.30167,1.30175,1.30155,1.30159,125710000,1
1501052580000,1501052639000,1.30159,1.30163,1.30143,1.30154,111250000,1
1501052640000,1501052699000,1.30154,1.30154,1.30129,1.30132,92000000,1
1501052700000,1501052759000,1.30133,1.30157,1.3011,1.30154,88170000,1
1501052760000,1501052819000,1.30154,1.30154,1.30131,1.30146,72260000,1
1501052820000,1501052879000,1.30148,1.30164,1.30143,1.30148,120550000,1
1501052880000,1501052939000,1.30148,1.30157,1.30134,1.30147,162130000,1
1501052940000,1501052999000,1.30148,1.30148,1.30109,1.30117,169290000,1
1501053000000,1501053059000,1.30117,1.30125,1.30104,1.30125,177060000,1
1501053060000,1501053119000,1.30126,1.30126,1.30105,1.30107,123130000,1
1501053120000,1501053179000,1.30108,1.30118,1.30095,1.30117,127170000,1
1501053180000,1501053239000,1.30117,1.30127,1.30117,1.30126,59920000,1
1501053240000,1501053299000,1.30126,1.30128,1.30121,1.30128,105920000,1
1501053300000,1501053359000,1.30128,1.30128,1.30104,1.30107,94390000,1
1501053360000,1501053419000,1.30107,1.30128,1.30107,1.30115,101910000,1
1501053420000,1501053479000,1.30115,1.30145,1.30104,1.30133,210160000,1
1501053480000,1501053539000,1.30133,1.30138,1.30124,1.30127,145890000,1
1501053540000,1501053599000,1.30127,1.30178,1.30127,1.30177,143450000,1
1501053600000,1501053659000,1.30178,1.30189,1.30165,1.30176,120550000,1
1501053660000,1501053719000,1.30175,1.30176,1.30164,1.30166,104240000,1
1501053720000,1501053779000,1.30166,1.3018,1.30162,1.30173,101640000,1
1501053780000,1501053839000,1.30173,1.30185,1.3017,1.30176,116050000,1
1501053840000,1501053899000,1.30176,1.30187,1.30176,1.30186,58160000,1
1501053900000,1501053959000,1.30185,1.30197,1.30184,1.30195,52060000,1
1501053960000,1501054019000,1.30196,1.3022,1.30187,1.30187,111400000,1
1501054020000,1501054079000,1.30187,1.30187,1.30172,1.30186,70600000,1
1501054080000,1501054139000,1.30186,1.30186,1.30174,1.30175,26930000,1
1501054140000,1501054199000,1.30175,1.30177,1.30165,1.30177,45540000,1
1501054200000,1501054259000,1.30175,1.3019,1.30172,1.30175,70850000,1
1501054260000,1501054319000,1.30175,1.30178,1.30166,1.30175,99570000,1
1501054320000,1501054379000,1.30175,1.30206,1.30164,1.30198,196240000,1
1501054380000,1501054439000,1.30198,1.30205,1.30188,1.30205,79710000,1
1501054440000,1501054499000,1.30203,1.30226,1.30203,1.30225,74680000,1
1501054500000,1501054559000,1.30225,1.30234,1.30215,1.30216,114760000,1
1501054560000,1501054619000,1.30217,1.30228,1.30213,1.30227,49110000,1
1501054620000,1501054679000,1.30228,1.30228,1.30209,1.30209,97510000,1
1501054680000,1501054739000,1.3021,1.3021,1.30187,1.30192,195090000,1
1501054740000,1501054799000,1.30192,1.30192,1.30164,1.30188,131630000,1
1501054800000,1501054859000,1.30187,1.30196,1.30183,1.30184,79010000,1
1501054860000,1501054919000,1.30184,1.30185,1.30174,1.30175,125570000,1
1501054920000,1501054979000,1.30174,1.30184,1.30172,1.30175,95330000,1
1501054980000,1501055039000,1.30177,1.30184,1.30174,1.30174,130490000,1
1501055040000,1501055099000,1.30174,1.30179,1.30173,1.30175,117940000,1
1501055100000,1501055159000,1.30175,1.30181,1.30172,1.30177,140660000,1
1501055160000,1501055219000,1.30174,1.30175,1.30147,1.30147,72320000,1
1501055220000,1501055279000,1.30147,1.30152,1.30133,1.30145,163220000,1
1501055280000,1501055339000,1.30144,1.30157,1.30135,1.30151,186110000,1
1501055340000,1501055399000,1.30153,1.30163,1.30153,1.30162,59530000,1
1501055400000,1501055459000,1.30162,1.30188,1.30162,1.30168,120880000,1
1501055460000,1501055519000,1.30169,1.30179,1.30147,1.30168,100020000,1
1501055520000,1501055579000,1.30167,1.30178,1.30154,1.30171,121390000,1
1501055580000,1501055639000,1.3017,1.30198,1.30163,1.30177,197190000,1
1501055640000,1501055699000,1.30178,1.30288,1.30177,1.30288,363110000,1
1501055700000,1501055759000,1.30287,1.30295,1.30255,1.30258,194270000,1
1501055760000,1501055819000,1.30259,1.30272,1.30242,1.30245,123790000,1
1501055820000,1501055879000,1.30245,1.30248,1.30228,1.30245,121800000,1
1501055880000,1501055939000,1.30246,1.30266,1.30244,1.30246,143470000,1
1501055940000,1501055999000,1.30245,1.30263,1.30245,1.3026,162330000,1
1501056000000,1501056059000,1.30258,1.30258,1.30213,1.30223,176670000,1
1501056060000,1501056119000,1.30223,1.30245,1.30223,1.3024,133330000,1
1501056120000,1501056179000,1.30243,1.30287,1.30243,1.30266,136260000,1
1501056180000,1501056239000,1.30264,1.30266,1.30222,1.30236,180350000,1
1501056240000,1501056299000,1.30241,1.30258,1.30234,1.3025,226490000,1
1501056300000,1501056359000,1.30252,1.30299,1.3025,1.30285,226810000,1
1501056360000,1501056419000,1.30285,1.30376,1.30284,1.30362,269590000,1
1501056420000,1501056479000,1.30365,1.30368,1.30346,1.30355,122630000,1
1501056480000,1501056539000,1.30357,1.30362,1.30323,1.30335,109130000,1
1501056540000,1501056599000,1.30335,1.30335,1.30308,1.30313,167480000,1
1501056600000,1501056659000,1.30312,1.30326,1.30295,1.30326,92430000,1
1501056660000,1501056719000,1.30328,1.30336,1.30327,1.30335,51230000,1
1501056720000,1501056779000,1.30335,1.30335,1.30302,1.30302,79440000,1
1501056780000,1501056839000,1.30301,1.30301,1.30284,1.30289,113840000,1
1501056840000,1501056899000,1.30288,1.30295,1.30273,1.30273,112310000,1
1501056900000,1501056959000,1.30272,1.30293,1.30255,1.30284,130340000,1
1501056960000,1501057019000,1.30284,1.30284,1.30247,1.30262,128710000,1
1501057020000,1501057079000,1.30262,1.30293,1.30242,1.30291,133150000,1
1501057080000,1501057139000,1.30289,1.30298,1.30288,1.30294,59450000,1
1501057140000,1501057199000,1.30293,1.30328,1.30277,1.30328,143270000,1
1501057200000,1501057259000,1.30327,1.30347,1.30314,1.30317,176750000,1
1501057260000,1501057319000,1.30316,1.30337,1.30314,1.30324,260220000,1
1501057320000,1501057379000,1.30325,1.3033,1.30323,1.30328,92120000,1
1501057380000,1501057439000,1.30328,1.30379,1.30328,1.30379,234760000,1
1501057440000,1501057499000,1.30377,1.30423,1.30377,1.30388,168980000,1
1501057500000,1501057559000,1.30386,1.30386,1.3035,1.30356,198350000,1
1501057560000,1501057619000,1.30357,1.30368,1.30351,1.30357,128050000,1
1501057620000,1501057679000,1.30357,1.30357,1.30301,1.30305,130770000,1
1501057680000,1501057739000,1.30304,1.30314,1.30261,1.30309,185810000,1
1501057740000,1501057799000,1.3031,1.3038,1.3027,1.30284,256980000,1
1501057800000,1501057859000,1.30283,1.30306,1.30252,1.30268,413370000,1
1501057860000,1501057919000,1.3027,1.30293,1.30236,1.30237,201990000,1
1501057920000,1501057979000,1.30239,1.30244,1.30141,1.30141,531650000,1
1501057980000,1501058039000,1.30134,1.30168,1.30122,1.30143,232330000,1
1501058040000,1501058099000,1.30143,1.30157,1.30081,1.30087,277570000,1
1501058100000,1501058159000,1.30086,1.30101,1.3007,1.30079,219650000,1
1501058160000,1501058219000,1.30076,1.30125,1.30075,1.30119,167630000,1
1501058220000,1501058279000,1.30119,1.30119,1.30092,1.30116,220670000,1
1501058280000,1501058339000,1.30116,1.3014,1.30116,1.30136,165630000,1
1501058340000,1501058399000,1.30137,1.30145,1.30132,1.30145,123620000,1
1501058400000,1501058459000,1.30144,1.3015,1.30136,1.30144,128140000,1
1501058460000,1501058519000,1.30144,1.30147,1.30125,1.30127,88330000,1
1501058520000,1501058579000,1.30128,1.30147,1.30117,1.30139,126390000,1
1501058580000,1501058639000,1.30138,1.30148,1.30138,1.30147,113940000,1
1501058640000,1501058699000,1.30147,1.30156,1.30145,1.30145,145100000,1
1501058700000,1501058759000,1.30145,1.30149,1.30136,1.30139,111540000,1
1501058760000,1501058819000,1.30138,1.30139,1.30131,1.30137,67960000,1
1501058820000,1501058879000,1.30138,1.30155,1.30137,1.30142,156420000,1
1501058880000,1501058939000,1.30143,1.30147,1.30137,1.30144,140810000,1
1501058940000,1501058999000,1.30145,1.30148,1.30139,1.30147,149980000,1
1501059000000,1501059059000,1.30145,1.30178,1.30142,1.30165,248600000,1
1501059060000,1501059119000,1.30166,1.30174,1.30161,1.30174,94850000,1
1501059120000,1501059179000,1.30177,1.30192,1.30172,1.30177,127780000,1
1501059180000,1501059239000,1.30177,1.30183,1.30166,1.30177,77050000,1
1501059240000,1501059299000,1.30179,1.3018,1.30158,1.30167,136110000,1
1501059300000,1501059359000,1.30163,1.30174,1.30162,1.30165,77960000,1
1501059360000,1501059419000,1.30168,1.30214,1.30168,1.30208,138120000,1
1501059420000,1501059479000,1.30208,1.30208,1.30163,1.30175,85690000,1
1501059480000,1501059539000,1.30175,1.30195,1.30174,1.30186,120570000,1
1501059540000,1501059599000,1.30186,1.30186,1.30174,1.30177,60890000,1
1501059600000,1501059659000,1.30178,1.30178,1.30173,1.30178,80050000,1
1501059660000,1501059719000,1.30178,1.30197,1.30178,1.30196,139770000,1
1501059720000,1501059779000,1.30197,1.30201,1.30193,1.30199,128540000,1
1501059780000,1501059839000,1.30196,1.30199,1.30193,1.30193,64440000,1
1501059840000,1501059899000,1.30195,1.30211,1.30195,1.30208,129860000,1
1501059900000,1501059959000,1.30209,1.30209,1.30197,1.30198,101330000,1
1501059960000,1501060019000,1.30197,1.30198,1.30187,1.30194,132040000,1
1501060020000,1501060079000,1.30195,1.30197,1.30174,1.30174,67140000,1
1501060080000,1501060139000,1.30174,1.30183,1.30174,1.30178,86130000,1
1501060140000,1501060199000,1.30178,1.3018,1.30169,1.30174,83050000,1
1501060200000,1501060259000,1.30173,1.30175,1.30152,1.30153,141980000,1
1501060260000,1501060319000,1.30154,1.30154,1.30146,1.30147,116720000,1
1501060320000,1501060379000,1.30147,1.30157,1.30143,1.30151,90740000,1
1501060380000,1501060439000,1.30151,1.30163,1.3015,1.30157,85240000,1
1501060440000,1501060499000,1.30156,1.30158,1.30151,1.30154,110080000,1
1501060500000,1501060559000,1.30154,1.30154,1.30123,1.30132,128120000,1
1501060560000,1501060619000,1.30134,1.3015,1.30133,1.30142,172500000,1
1501060620000,1501060679000,1.30142,1.30144,1.30133,1.30134,147540000,1
1501060680000,1501060739000,1.30135,1.30137,1.30128,1.30132,131760000,1
1501060740000,1501060799000,1.30132,1.30135,1.30124,1.30128,109330000,1
1501060800000,1501060859000,1.30129,1.30133,1.30124,1.30129,78800000,1
1501060860000,1501060919000,1.30129,1.30129,1.30103,1.30114,101330000,1
1501060920000,1501060979000,1.30114,1.30122,1.30112,1.30118,64260000,1
1501060980000,1501061039000,1.30118,1.30123,1.30116,1.30119,86270000,1
1501061040000,1501061099000,1.30119,1.30124,1.30099,1.301,128720000,1
1501061100000,1501061159000,1.301,1.30115,1.30099,1.30115,57460000,1
1501061160000,1501061219000,1.30115,1.30134,1.30115,1.30126,57530000,1
1501061220000,1501061279000,1.30123,1.30162,1.30123,1.30159,185480000,1
1501061280000,1501061339000,1.30159,1.30168,1.30155,1.30157,140440000,1
1501061340000,1501061399000,1.30155,1.30174,1.30154,1.30167,122220000,1
1501061400000,1501061459000,1.30167,1.30169,1.30157,1.30169,72350000,1
1501061460000,1501061519000,1.30168,1.30179,1.30168,1.30178,67730000,1
1501061520000,1501061579000,1.30178,1.30191,1.30168,1.30168,45550000,1
1501061580000,1501061639000,1.30167,1.30199,1.30167,1.30197,97050000,1
1501061640000,1501061699000,1.30197,1.30228,1.30197,1.3021,125720000,1
1501061700000,1501061759000,1.30208,1.30228,1.30204,1.30218,145520000,1
1501061760000,1501061819000,1.30218,1.30268,1.30218,1.30237,161750000,1
1501061820000,1501061879000,1.30237,1.30277,1.30237,1.30247,126140000,1
1501061880000,1501061939000,1.30247,1.30293,1.30247,1.30287,95080000,1
1501061940000,1501061999000,1.30288,1.30288,1.30244,1.30244,147010000,1
1501062000000,1501062059000,1.30245,1.30255,1.30221,1.30223,232770000,1
1501062060000,1501062119000,1.30222,1.30233,1.3021,1.30213,160190000,1
1501062120000,1501062179000,1.30212,1.30213,1.302,1.30202,121500000,1
1501062180000,1501062239000,1.30202,1.30223,1.30201,1.30223,55010000,1
1501062240000,1501062299000,1.30223,1.30225,1.30204,1.30205,99680000,1
1501062300000,1501062359000,1.30205,1.30205,1.30177,1.30185,151900000,1
1501062360000,1501062419000,1.30185,1.30194,1.30178,1.30184,76380000,1
1501062420000,1501062479000,1.30184,1.30184,1.30172,1.30178,121880000,1
1501062480000,1501062539000,1.30178,1.30185,1.30174,1.30185,86670000,1
1501062540000,1501062599000,1.30186,1.30189,1.30174,1.30181,98710000,1
1501062600000,1501062659000,1.30181,1.30195,1.30181,1.30195,145450000,1
1501062660000,1501062719000,1.30195,1.30203,1.30176,1.30176,147550000,1
1501062720000,1501062779000,1.30179,1.30179,1.30152,1.30168,153160000,1
1501062780000,1501062839000,1.30168,1.30175,1.30163,1.30173,111810000,1
1501062840000,1501062899000,1.30173,1.30185,1.30164,1.30164,108610000,1
1501062900000,1501062959000,1.30165,1.30174,1.30163,1.30166,149290000,1
1501062960000,1501063019000,1.30168,1.30168,1.30155,1.30162,117190000,1
1501063020000,1501063079000,1.30162,1.30185,1.3016,1.30165,141470000,1
1501063080000,1501063139000,1.30165,1.30167,1.30154,1.30165,123220000,1
1501063140000,1501063199000,1.30165,1.30174,1.30164,1.30172,122790000,1
1501063200000,1501063259000,1.30172,1.30186,1.30167,1.30182,105850000,1
1501063260000,1501063319000,1.30182,1.30183,1.30162,1.30162,109940000,1
1501063320000,1501063379000,1.30162,1.30177,1.30161,1.30176,85690000,1
1501063380000,1501063439000,1.30176,1.30188,1.30176,1.30187,53460000,1
1501063440000,1501063499000,1.30187,1.302,1.30184,1.30186,121660000,1
1501063500000,1501063559000,1.30186,1.30186,1.30177,1.30177,99080000,1
1501063560000,1501063619000,1.30177,1.30216,1.30177,1.30216,118850000,1
1501063620000,1501063679000,1.30216,1.30235,1.30207,1.30215,198100000,1
1501063680000,1501063739000,1.30215,1.30221,1.30181,1.30184,116980000,1
1501063740000,1501063799000,1.30184,1.30195,1.30175,1.30195,87480000,1
1501063800000,1501063859000,1.30195,1.30195,1.30174,1.30176,94610000,1
1501063860000,1501063919000,1.30176,1.30233,1.30176,1.30232,155090000,1
1501063920000,1501063979000,1.30229,1.30263,1.30226,1.3025,177200000,1
1501063980000,1501064039000,1.30252,1.30274,1.30229,1.30247,171170000,1
1501064040000,1501064099000,1.30245,1.3026,1.30237,1.3026,208910000,1
1501064100000,1501064159000,1.30257,1.3027,1.30255,1.3027,167650000,1
1501064160000,1501064219000,1.30269,1.30297,1.30263,1.30295,223850000,1
1501064220000,1501064279000,1.30296,1.30306,1.30273,1.30279,179370000,1
1501064280000,1501064339000,1.30278,1.3028,1.30263,1.30275,130560000,1
1501064340000,1501064399000,1.30272,1.30291,1.30265,1.30282,214050000,1
1501064400000,1501064459000,1.30283,1.30311,1.30279,1.30304,166750000,1
1501064460000,1501064519000,1.30303,1.30318,1.30293,1.30308,181790000,1
1501064520000,1501064579000,1.30308,1.30343,1.30291,1.30342,227050000,1
1501064580000,1501064639000,1.30341,1.3039,1.30341,1.30378,219500000,1
1501064640000,1501064699000,1.30378,1.30378,1.30343,1.30368,251790000,1
1501064700000,1501064759000,1.30368,1.30368,1.30346,1.30352,125510000,1
1501064760000,1501064819000,1.30352,1.30375,1.30348,1.30362,104480000,1
1501064820000,1501064879000,1.30363,1.30383,1.30363,1.30379,153400000,1
1501064880000,1501064939000,1.3038,1.30408,1.30376,1.30397,142750000,1
1501064940000,1501064999000,1.30399,1.30458,1.30397,1.3045,175170000,1
1501065000000,1501065059000,1.30445,1.30465,1.30435,1.30438,212890000,1
1501065060000,1501065119000,1.3044,1.30441,1.30422,1.30427,176750000,1
1501065120000,1501065179000,1.30428,1.30454,1.30418,1.30438,150410000,1
1501065180000,1501065239000,1.3044,1.30444,1.30426,1.30434,126120000,1
1501065240000,1501065299000,1.30433,1.30436,1.30418,1.30431,101790000,1
1501065300000,1501065359000,1.30431,1.30441,1.3043,1.30434,84420000,1
1501065360000,1501065419000,1.30437,1.30453,1.30433,1.30444,119860000,1
1501065420000,1501065479000,1.30444,1.30475,1.30444,1.30457,149050000,1
1501065480000,1501065539000,1.30457,1.30508,1.30457,1.30508,134280000,1
1501065540000,1501065599000,1.30507,1.30609,1.30507,1.30593,233330000,1
1501065600000,1501065659000,1.30589,1.30597,1.30513,1.30514,253490000,1
1501065660000,1501065719000,1.30513,1.30518,1.30502,1.30517,75620000,1
1501065720000,1501065779000,1.30518,1.30544,1.30518,1.30527,110080000,1
1501065780000,1501065839000,1.30527,1.30529,1.30509,1.30523,79130000,1
1501065840000,1501065899000,1.30523,1.30523,1.30502,1.30512,119500000,1
1501065900000,1501065959000,1.30513,1.30525,1.30502,1.30502,151040000,1
1501065960000,1501066019000,1.30503,1.30538,1.30502,1.30535,132300000,1
1501066020000,1501066079000,1.30535,1.30535,1.30514,1.30524,160320000,1
1501066080000,1501066139000,1.30523,1.30534,1.30512,1.30532,94630000,1
1501066140000,1501066199000,1.3053,1.30558,1.30522,1.30522,135230000,1
1501066200000,1501066259000,1.30523,1.30533,1.30509,1.30522,120910000,1
1501066260000,1501066319000,1.30522,1.30537,1.30507,1.30535,128610000,1
1501066320000,1501066379000,1.30535,1.30557,1.30535,1.30552,150360000,1
1501066380000,1501066439000,1.3055,1.3055,1.30521,1.30526,126100000,1
1501066440000,1501066499000,1.30525,1.30568,1.30525,1.30558,152980000,1
1501066500000,1501066559000,1.30555,1.30568,1.30537,1.30553,262700000,1
1501066560000,1501066619000,1.30553,1.30563,1.30548,1.30553,109700000,1
1501066620000,1501066679000,1.30551,1.30565,1.30541,1.30543,132880000,1
1501066680000,1501066739000,1.30548,1.30548,1.30527,1.30534,141700000,1
1501066740000,1501066799000,1.30534,1.30535,1.30514,1.30521,169780000,1
1501066800000,1501066859000,1.30522,1.30534,1.30515,1.30516,118890000,1
1501066860000,1501066919000,1.30516,1.30526,1.30502,1.30526,110720000,1
1501066920000,1501066979000,1.30527,1.30557,1.30523,1.30531,141320000,1
1501066980000,1501067039000,1.30531,1.30541,1.30513,1.30523,126550000,1
1501067040000,1501067099000,1.30525,1.30526,1.30502,1.30503,133910000,1
1501067100000,1501067159000,1.30502,1.30513,1.30502,1.30512,86030000,1
1501067160000,1501067219000,1.30512,1.30516,1.30508,1.30512,113870000,1
1501067220000,1501067279000,1.3051,1.30512,1.30498,1.30506,68810000,1
1501067280000,1501067339000,1.30507,1.30511,1.30499,1.3051,58120000,1
1501067340000,1501067399000,1.3051,1.30524,1.30506,1.30514,92820000,1
1501067400000,1501067459000,1.30515,1.30532,1.30515,1.3053,158000000,1
1501067460000,1501067519000,1.30529,1.30534,1.30514,1.30524,125320000,1
1501067520000,1501067579000,1.30524,1.30552,1.30524,1.3054,154950000,1
1501067580000,1501067639000,1.30539,1.30539,1.30512,1.30512,79230000,1
1501067640000,1501067699000,1.30512,1.30514,1.30497,1.30497,86770000,1
1501067700000,1501067759000,1.30497,1.305,1.30496,1.30496,84730000,1
1501067760000,1501067819000,1.30496,1.30498,1.30473,1.30477,147770000,1
1501067820000,1501067879000,1.30479,1.30481,1.30475,1.30475,69850000,1
1501067880000,1501067939000,1.30474,1.30495,1.30471,1.30491,79570000,1
1501067940000,1501067999000,1.30491,1.30491,1.30474,1.3048,66900000,1
1501068000000,1501068059000,1.30478,1.30495,1.30472,1.30495,123330000,1
1501068060000,1501068119000,1.30495,1.30503,1.30484,1.30493,81840000,1
1501068120000,1501068179000,1.30491,1.30525,1.30488,1.30522,168550000,1
1501068180000,1501068239000,1.30522,1.30532,1.30511,1.30532,161210000,1
1501068240000,1501068299000,1.30531,1.30533,1.30522,1.30532,80670000,1
1501068300000,1501068359000,1.30532,1.30546,1.30529,1.30545,88490000,1
1501068360000,1501068419000,1.30546,1.30576,1.30544,1.30566,111440000,1
1501068420000,1501068479000,1.30566,1.30566,1.30549,1.3055,99230000,1
1501068480000,1501068539000,1.3055,1.30567,1.30543,1.30562,105170000,1
1501068540000,1501068599000,1.30564,1.3058,1.30561,1.30561,105840000,1
1501068600000,1501068659000,1.30563,1.30578,1.3056,1.30578,80880000,1
1501068660000,1501068719000,1.30578,1.30582,1.30574,1.30577,86340000,1
1501068720000,1501068779000,1.30576,1.30577,1.30557,1.3056,129450000,1
1501068780000,1501068839000,1.30561,1.30561,1.30547,1.30559,103770000,1
1501068840000,1501068899000,1.30558,1.30605,1.30555,1.30601,108610000,1
1501068900000,1501068959000,1.30601,1.30621,1.30568,1.3057,182050000,1
1501068960000,1501069019000,1.3057,1.30575,1.30552,1.30561,91420000,1
1501069020000,1501069079000,1.30563,1.30584,1.30563,1.30568,172660000,1
1501069080000,1501069139000,1.30566,1.30585,1.30565,1.30577,93040000,1
1501069140000,1501069199000,1.30577,1.30588,1.30573,1.30587,111610000,1
1501069200000,1501069259000,1.30585,1.30585,1.3057,1.30574,122730000,1
1501069260000,1501069319000,1.30574,1.30582,1.30561,1.30563,115670000,1
1501069320000,1501069379000,1.30562,1.30564,1.30551,1.30557,97710000,1
1501069380000,1501069439000,1.30556,1.30576,1.3055,1.3055,88710000,1
1501069440000,1501069499000,1.3055,1.30558,1.3055,1.30557,95170000,1
1501069500000,1501069559000,1.30557,1.30561,1.3055,1.30557,119100000,1
1501069560000,1501069619000,1.30558,1.30566,1.30556,1.30562,132670000,1
1501069620000,1501069679000,1.30562,1.30562,1.30553,1.3056,107700000,1
1501069680000,1501069739000,1.3056,1.30564,1.3056,1.30564,54370000,1
1501069740000,1501069799000,1.30564,1.30564,1.30559,1.30563,32240000,1
1501069800000,1501069859000,1.30563,1.30564,1.30559,1.30564,49620000,1
1501069860000,1501069919000,1.30564,1.30565,1.30549,1.30549,56300000,1
1501069920000,1501069979000,1.30551,1.30557,1.3055,1.3055,57000000,1
1501069980000,1501070039000,1.30549,1.30549,1.30536,1.30538,54610000,1
1501070040000,1501070099000,1.30538,1.3054,1.30502,1.30511,94240000,1
1501070100000,1501070159000,1.30513,1.30513,1.305,1.305,74060000,1
1501070160000,1501070219000,1.305,1.305,1.3049,1.30492,68490000,1
1501070220000,1501070279000,1.30492,1.30492,1.3048,1.30489,148410000,1
1501070280000,1501070339000,1.30491,1.30493,1.30481,1.30493,63110000,1
1501070340000,1501070399000,1.30494,1.30503,1.30484,1.30489,115950000,1
1501070400000,1501070459000,1.3049,1.30504,1.3049,1.30495,133790000,1
1501070460000,1501070519000,1.30495,1.30505,1.30483,1.30503,170380000,1
1501070520000,1501070579000,1.30504,1.30507,1.30491,1.30491,51280000,1
1501070580000,1501070639000,1.30491,1.30494,1.30484,1.30488,80150000,1
1501070640000,1501070699000,1.30488,1.30494,1.30461,1.30494,132570000,1
1501070700000,1501070759000,1.30494,1.30502,1.30492,1.30494,95510000,1
1501070760000,1501070819000,1.30494,1.30501,1.30489,1.30501,180100000,1
1501070820000,1501070879000,1.30501,1.30501,1.3047,1.30473,137370000,1
1501070880000,1501070939000,1.30472,1.30473,1.30423,1.30432,149500000,1
1501070940000,1501070999000,1.30434,1.30434,1.30394,1.30394,142970000,1
1501071000000,1501071059000,1.30397,1.30423,1.30395,1.30403,101810000,1
1501071060000,1501071119000,1.30405,1.30425,1.30405,1.30419,136220000,1
1501071120000,1501071179000,1.30419,1.30425,1.30412,1.30415,77170000,1
1501071180000,1501071239000,1.30416,1.30418,1.30392,1.30403,161080000,1
1501071240000,1501071299000,1.30403,1.30434,1.30403,1.30425,154170000,1
1501071300000,1501071359000,1.30425,1.30432,1.30422,1.30432,80690000,1
1501071360000,1501071419000,1.30433,1.30435,1.30423,1.30426,101210000,1
1501071420000,1501071479000,1.30426,1.30433,1.30418,1.30421,75250000,1
1501071480000,1501071539000,1.30421,1.30424,1.30421,1.30424,33750000,1
1501071540000,1501071599000,1.30423,1.30424,1.30407,1.30414,106850000,1
1501071600000,1501071659000,1.30415,1.30424,1.30411,1.30418,115490000,1
1501071660000,1501071719000,1.30417,1.30444,1.30415,1.30444,222550000,1
1501071720000,1501071779000,1.30443,1.30446,1.30443,1.30444,79500000,1
1501071780000,1501071839000,1.30443,1.30455,1.30443,1.30455,83620000,1
1501071840000,1501071899000,1.30455,1.30487,1.30453,1.30481,51160000,1
1501071900000,1501071959000,1.30482,1.30493,1.30474,1.3049,193000000,1
1501071960000,1501072019000,1.30489,1.3052,1.30489,1.30507,94110000,1
1501072020000,1501072079000,1.30506,1.30507,1.30479,1.30496,95330000,1
1501072080000,1501072139000,1.30496,1.30508,1.30484,1.30484,89850000,1
1501072140000,1501072199000,1.30485,1.30504,1.30484,1.30498,103680000,1
1501072200000,1501072259000,1.30496,1.30516,1.30484,1.30505,161910000,1
1501072260000,1501072319000,1.30506,1.30543,1.30505,1.30533,173360000,1
1501072320000,1501072379000,1.30532,1.30536,1.30512,1.30515,129190000,1
1501072380000,1501072439000,1.30514,1.30528,1.30511,1.30513,102620000,1
1501072440000,1501072499000,1.30516,1.3052,1.30486,1.30495,220240000,1
1501072500000,1501072559000,1.30495,1.3052,1.30494,1.30513,137420000,1
1501072560000,1501072619000,1.30513,1.30521,1.30505,1.30508,94060000,1
1501072620000,1501072679000,1.30508,1.30516,1.30501,1.30513,126580000,1
1501072680000,1501072739000,1.30514,1.30523,1.30506,1.30522,89500000,1
1501072740000,1501072799000,1.30522,1.30535,1.30518,1.30528,54730000,1
1501072800000,1501072859000,1.30529,1.30551,1.30515,1.30531,108940000,1
1501072860000,1501072919000,1.30531,1.30535,1.30513,1.30514,145540000,1
1501072920000,1501072979000,1.30513,1.30514,1.30503,1.30506,125360000,1
1501072980000,1501073039000,1.30505,1.30507,1.305,1.30502,93830000,1
1501073040000,1501073099000,1.30497,1.30507,1.30497,1.30502,89220000,1
1501073100000,1501073159000,1.30501,1.30501,1.30484,1.30487,137740000,1
1501073160000,1501073219000,1.30487,1.30503,1.30483,1.30503,120350000,1
1501073220000,1501073279000,1.30503,1.30516,1.30503,1.30513,107860000,1
1501073280000,1501073339000,1.30513,1.30514,1.30504,1.30513,153690000,1
1501073340000,1501073399000,1.30519,1.30532,1.30512,1.30524,132140000,1
1501073400000,1501073459000,1.30523,1.30523,1.30511,1.30514,124960000,1
1501073460000,1501073519000,1.30514,1.30521,1.30507,1.30513,117550000,1
1501073520000,1501073579000,1.30512,1.30513,1.30512,1.30513,97870000,1
1501073580000,1501073639000,1.30512,1.30521,1.30512,1.30512,88990000,1
1501073640000,1501073699000,1.30512,1.30515,1.30499,1.30501,46510000,1
1501073700000,1501073759000,1.30501,1.30503,1.30481,1.30481,71730000,1
1501073760000,1501073819000,1.30481,1.30501,1.30481,1.30482,104500000,1
1501073820000,1501073879000,1.30481,1.30484,1.30481,1.30481,8700000,1
1501073880000,1501073939000,1.3048,1.30483,1.30477,1.30478,62000000,1
1501073940000,1501073999000,1.30478,1.30484,1.3047,1.30471,85030000,1
1501074000000,1501074059000,1.3047,1.30477,1.3046,1.30471,130400000,1
1501074060000,1501074119000,1.30471,1.30474,1.30459,1.30462,111530000,1
1501074120000,1501074179000,1.30464,1.30485,1.30461,1.30473,136440000,1
1501074180000,1501074239000,1.3048,1.30483,1.30459,1.3046,226100000,1
1501074240000,1501074299000,1.30461,1.30484,1.30461,1.30484,123030000,1
1501074300000,1501074359000,1.30483,1.30508,1.30471,1.305,153820000,1
1501074360000,1501074419000,1.30501,1.30515,1.30495,1.30506,196900000,1
1501074420000,1501074479000,1.30506,1.30525,1.305,1.30521,150080000,1
1501074480000,1501074539000,1.3052,1.30534,1.30511,1.30511,158910000,1
1501074540000,1501074599000,1.30511,1.30514,1.30482,1.30484,107620000,1
1501074600000,1501074659000,1.30488,1.30491,1.30462,1.30463,116740000,1
1501074660000,1501074719000,1.30463,1.30467,1.30418,1.3042,1416610000,1
1501074720000,1501074779000,1.3042,1.3043,1.3041,1.30411,167420000,1
1501074780000,1501074839000,1.30411,1.3047,1.3041,1.3047,175260000,1
1501074840000,1501074899000,1.30469,1.30486,1.30453,1.30464,136640000,1
1501074900000,1501074959000,1.30464,1.30484,1.30464,1.30483,69200000,1
1501074960000,1501075019000,1.30483,1.30486,1.30435,1.30442,192850000,1
1501075020000,1501075079000,1.30442,1.30465,1.30435,1.30463,126470000,1
1501075080000,1501075139000,1.30462,1.3047,1.30455,1.30455,97950000,1
1501075140000,1501075199000,1.30458,1.30458,1.30436,1.30436,83060000,1
1501075200000,1501075259000,1.30436,1.30436,1.3042,1.30425,137010000,1
1501075260000,1501075319000,1.30426,1.30443,1.30426,1.3044,137870000,1
1501075320000,1501075379000,1.3044,1.30448,1.30434,1.30444,108650000,1
1501075380000,1501075439000,1.30444,1.30447,1.30443,1.30444,77130000,1
1501075440000,1501075499000,1.30444,1.30444,1.30427,1.30437,97070000,1
1501075500000,1501075559000,1.30433,1.30434,1.30423,1.30432,149470000,1
1501075560000,1501075619000,1.30433,1.30445,1.30432,1.30433,120120000,1
1501075620000,1501075679000,1.30433,1.30444,1.30432,1.30444,98950000,1
1501075680000,1501075739000,1.30445,1.30445,1.30432,1.30433,101220000,1
1501075740000,1501075799000,1.30432,1.30448,1.30425,1.30447,116850000,1
1501075800000,1501075859000,1.30448,1.30457,1.3043,1.30435,110030000,1
1501075860000,1501075919000,1.30433,1.30448,1.30426,1.30445,96850000,1
1501075920000,1501075979000,1.30445,1.3045,1.30438,1.30444,88020000,1
1501075980000,1501076039000,1.30443,1.30466,1.3044,1.3046,185870000,1
1501076040000,1501076099000,1.3046,1.30468,1.30454,1.30454,152240000,1
1501076100000,1501076159000,1.30454,1.30463,1.30444,1.30457,127600000,1
1501076160000,1501076219000,1.30456,1.3046,1.30435,1.30435,96200000,1
1501076220000,1501076279000,1.30434,1.30437,1.30414,1.30427,122330000,1
1501076280000,1501076339000,1.30432,1.30444,1.30403,1.30414,168840000,1
1501076340000,1501076399000,1.30415,1.30435,1.3041,1.30413,108430000,1
1501076400000,1501076459000,1.30419,1.30429,1.30404,1.30415,114610000,1
1501076460000,1501076519000,1.30415,1.30427,1.30413,1.30418,128230000,1
1501076520000,1501076579000,1.30418,1.30418,1.30393,1.30397,127340000,1
1501076580000,1501076639000,1.30398,1.30414,1.30393,1.30404,101220000,1
1501076640000,1501076699000,1.30404,1.30408,1.30385,1.30385,69850000,1
1501076700000,1501076759000,1.30385,1.30434,1.30385,1.30412,147850000,1
1501076760000,1501076819000,1.3041,1.30434,1.30402,1.30432,126080000,1
1501076820000,1501076879000,1.30433,1.30433,1.3041,1.30412,127060000,1
1501076880000,1501076939000,1.30412,1.30424,1.30398,1.30424,138830000,1
1501076940000,1501076999000,1.30424,1.30424,1.30391,1.30393,187130000,1
1501077000000,1501077059000,1.30393,1.30416,1.30389,1.30392,182780000,1
1501077060000,1501077119000,1.30395,1.30411,1.3039,1.30403,113630000,1
1501077120000,1501077179000,1.30403,1.30407,1.30392,1.30407,68070000,1
1501077180000,1501077239000,1.30406,1.30454,1.30406,1.30442,79990000,1
1501077240000,1501077299000,1.30441,1.30457,1.30429,1.30429,130860000,1
1501077300000,1501077359000,1.30427,1.30427,1.30403,1.30409,129430000,1
1501077360000,1501077419000,1.30409,1.30417,1.304,1.30401,69220000,1
1501077420000,1501077479000,1.304,1.30404,1.30381,1.30395,135390000,1
1501077480000,1501077539000,1.30394,1.30394,1.30365,1.30388,143170000,1
1501077540000,1501077599000,1.30388,1.30388,1.30351,1.30359,168480000,1
1501077600000,1501077659000,1.30357,1.30405,1.30342,1.30371,238020000,1
1501077660000,1501077719000,1.30371,1.30408,1.3036,1.30408,103090000,1
1501077720000,1501077779000,1.30408,1.30446,1.30406,1.30446,100100000,1
1501077780000,1501077839000,1.30444,1.30451,1.30415,1.30426,181900000,1
1501077840000,1501077899000,1.30426,1.30441,1.30417,1.30438,133190000,1
1501077900000,1501077959000,1.30439,1.30439,1.30415,1.30415,117770000,1
1501077960000,1501078019000,1.30417,1.30438,1.30414,1.30428,109670000,1
1501078020000,1501078079000,1.30427,1.30438,1.30411,1.30413,164900000,1
1501078080000,1501078139000,1.30412,1.30413,1.30389,1.30394,129830000,1
1501078140000,1501078199000,1.30395,1.30419,1.3037,1.30371,139300000,1
1501078200000,1501078259000,1.3037,1.30374,1.30354,1.30362,162430000,1
1501078260000,1501078319000,1.30362,1.304,1.30326,1.30391,132160000,1
1501078320000,1501078379000,1.30388,1.30398,1.30377,1.30395,124100000,1
1501078380000,1501078439000,1.30398,1.30398,1.30374,1.30377,120730000,1
1501078440000,1501078499000,1.30374,1.30396,1.30372,1.30396,173160000,1
1501078500000,1501078559000,1.30396,1.30411,1.30387,1.30404,159220000,1
1501078560000,1501078619000,1.30406,1.30415,1.30383,1.30383,145200000,1
1501078620000,1501078679000,1.30384,1.30392,1.3037,1.30373,131120000,1
1501078680000,1501078739000,1.30374,1.30386,1.30369,1.30385,89190000,1
1501078740000,1501078799000,1.30384,1.30385,1.30373,1.30383,125660000,1
1501078800000,1501078859000,1.30385,1.30455,1.30385,1.30436,139210000,1
1501078860000,1501078919000,1.30437,1.30443,1.30401,1.30401,159450000,1
1501078920000,1501078979000,1.30399,1.30426,1.30383,1.30418,184580000,1
1501078980000,1501079039000,1.30418,1.30457,1.30418,1.30435,155780000,1
1501079040000,1501079099000,1.30436,1.30456,1.30424,1.30435,123110000,1
1501079100000,1501079159000,1.30435,1.30452,1.30428,1.30435,155880000,1
1501079160000,1501079219000,1.30435,1.30449,1.30433,1.30441,120010000,1
1501079220000,1501079279000,1.30442,1.30454,1.30414,1.30435,130120000,1
1501079280000,1501079339000,1.30435,1.30464,1.30432,1.30462,86330000,1
1501079340000,1501079399000,1.30462,1.30462,1.30422,1.30431,208390000,1
1501079400000,1501079459000,1.3043,1.30455,1.3043,1.30447,154810000,1
1501079460000,1501079519000,1.30447,1.30464,1.30447,1.30463,222740000,1
1501079520000,1501079579000,1.30467,1.30494,1.30467,1.3048,195120000,1
1501079580000,1501079639000,1.3048,1.30493,1.30464,1.30477,176770000,1
1501079640000,1501079699000,1.30477,1.30493,1.30464,1.30493,219460000,1
1501079700000,1501079759000,1.30492,1.30493,1.30473,1.30482,162650000,1
1501079760000,1501079819000,1.30482,1.30483,1.30471,1.30477,102800000,1
1501079820000,1501079879000,1.30477,1.30477,1.30459,1.30472,99320000,1
1501079880000,1501079939000,1.30474,1.30474,1.30462,1.30464,76930000,1
1501079940000,1501079999000,1.30464,1.30484,1.30464,1.30476,40600000,1
1501080000000,1501080059000,1.30476,1.30496,1.30476,1.30494,54240000,1
1501080060000,1501080119000,1.30493,1.30498,1.30483,1.30483,77370000,1
1501080120000,1501080179000,1.30483,1.30487,1.30476,1.3048,83590000,1
1501080180000,1501080239000,1.30476,1.30498,1.30475,1.30497,114690000,1
1501080240000,1501080299000,1.30497,1.3052,1.30496,1.30513,177530000,1
1501080300000,1501080359000,1.30513,1.30518,1.30496,1.30507,112700000,1
1501080360000,1501080419000,1.30505,1.30517,1.30504,1.30508,67430000,1
1501080420000,1501080479000,1.30507,1.30519,1.30505,1.30517,75250000,1
1501080480000,1501080539000,1.30517,1.30517,1.30499,1.30511,124960000,1
1501080540000,1501080599000,1.30511,1.30515,1.30504,1.30507,179780000,1
1501080600000,1501080659000,1.30508,1.30528,1.30498,1.30514,183280000,1
1501080660000,1501080719000,1.30513,1.30515,1.30505,1.30507,148340000,1
1501080720000,1501080779000,1.30508,1.30512,1.30483,1.30494,147640000,1
1501080780000,1501080839000,1.30493,1.30494,1.30464,1.30464,175040000,1
1501080840000,1501080899000,1.30463,1.30494,1.30463,1.30473,135930000,1
1501080900000,1501080959000,1.30473,1.30487,1.30463,1.30487,112840000,1
1501080960000,1501081019000,1.30487,1.30525,1.30484,1.30503,278450000,1
1501081020000,1501081079000,1.30503,1.3055,1.30502,1.30528,204680000,1
1501081080000,1501081139000,1.30528,1.30569,1.30528,1.30564,236610000,1
1501081140000,1501081199000,1.30565,1.30567,1.30548,1.30552,160620000,1
1501081200000,1501081259000,1.30554,1.30556,1.30534,1.30542,116620000,1
1501081260000,1501081319000,1.3054,1.30561,1.3054,1.30554,178650000,1
1501081320000,1501081379000,1.30553,1.30573,1.30513,1.30526,242630000,1
1501081380000,1501081439000,1.30526,1.30537,1.30491,1.30499,143270000,1
1501081440000,1501081499000,1.30499,1.30503,1.30484,1.305,95780000,1
1501081500000,1501081559000,1.305,1.30534,1.30498,1.30515,96930000,1
1501081560000,1501081619000,1.30516,1.30522,1.30488,1.30488,144490000,1
1501081620000,1501081679000,1.30488,1.30497,1.30478,1.30484,160810000,1
1501081680000,1501081739000,1.30484,1.30488,1.30455,1.30464,117800000,1
1501081740000,1501081799000,1.30465,1.30484,1.30465,1.30483,63070000,1
1501081800000,1501081859000,1.30482,1.30504,1.30465,1.30483,151540000,1
1501081860000,1501081919000,1.30483,1.30483,1.3045,1.30452,157750000,1
1501081920000,1501081979000,1.30451,1.30455,1.30435,1.30447,96600000,1
1501081980000,1501082039000,1.30446,1.30481,1.30437,1.30478,76240000,1
1501082040000,1501082099000,1.30478,1.30511,1.30466,1.30503,149750000,1
1501082100000,1501082159000,1.30502,1.3052,1.30495,1.30513,152370000,1
1501082160000,1501082219000,1.30513,1.30515,1.30505,1.30514,107280000,1
1501082220000,1501082279000,1.30514,1.30536,1.30514,1.30526,131410000,1
1501082280000,1501082339000,1.30525,1.30569,1.30515,1.30569,174250000,1
1501082340000,1501082399000,1.3057,1.30584,1.3056,1.30584,179200000,1
1501082400000,1501082459000,1.30583,1.30666,1.30583,1.30638,260690000,1
1501082460000,1501082519000,1.30637,1.3066,1.30636,1.30657,155530000,1
1501082520000,1501082579000,1.30657,1.30658,1.30617,1.30642,156230000,1
1501082580000,1501082639000,1.30642,1.30648,1.30636,1.30647,68820000,1
1501082640000,1501082699000,1.30647,1.30647,1.30627,1.30629,144560000,1
1501082700000,1501082759000,1.30629,1.30633,1.30613,1.30613,116720000,1
1501082760000,1501082819000,1.30613,1.30613,1.30581,1.30596,128500000,1
1501082820000,1501082879000,1.30594,1.30604,1.30584,1.30602,70700000,1
1501082880000,1501082939000,1.30602,1.30607,1.30588,1.30607,114640000,1
1501082940000,1501082999000,1.30606,1.30608,1.30591,1.30593,62770000,1
1501083000000,1501083059000,1.30593,1.30596,1.30573,1.30595,87450000,1
1501083060000,1501083119000,1.30593,1.30593,1.30566,1.30577,182020000,1
1501083120000,1501083179000,1.30577,1.30588,1.30565,1.30578,149980000,1
1501083180000,1501083239000,1.30578,1.30579,1.30573,1.30575,117600000,1
1501083240000,1501083299000,1.30575,1.30586,1.30572,1.30582,124000000,1
1501083300000,1501083359000,1.30582,1.30583,1.30573,1.30573,98410000,1
1501083360000,1501083419000,1.30573,1.30573,1.30562,1.30563,157350000,1
1501083420000,1501083479000,1.30563,1.30563,1.30534,1.30541,159970000,1
1501083480000,1501083539000,1.30541,1.30555,1.30541,1.30554,88410000,1
1501083540000,1501083599000,1.30551,1.30566,1.30536,1.30565,106280000,1
1501083600000,1501083659000,1.30565,1.30568,1.3055,1.30557,89940000,1
1501083660000,1501083719000,1.30557,1.30557,1.30535,1.30545,111030000,1
1501083720000,1501083779000,1.30545,1.30573,1.30545,1.30573,113060000,1
1501083780000,1501083839000,1.30574,1.30576,1.30544,1.30546,106220000,1
1501083840000,1501083899000,1.30546,1.30556,1.30545,1.30556,87900000,1
1501083900000,1501083959000,1.30556,1.30566,1.30555,1.30559,34000000,1
1501083960000,1501084019000,1.30559,1.30574,1.30545,1.30545,72960000,1
1501084020000,1501084079000,1.30549,1.30553,1.30535,1.30535,65620000,1
1501084080000,1501084139000,1.30534,1.30535,1.30526,1.30528,176290000,1
1501084140000,1501084199000,1.30529,1.30529,1.30482,1.30488,165650000,1
1501084200000,1501084259000,1.3049,1.30492,1.30462,1.30483,142050000,1
1501084260000,1501084319000,1.30482,1.30486,1.3047,1.30472,71430000,1
1501084320000,1501084379000,1.30472,1.30475,1.3047,1.30475,61330000,1
1501084380000,1501084439000,1.30475,1.30475,1.30452,1.30453,70880000,1
1501084440000,1501084499000,1.30449,1.30459,1.30447,1.30456,77000000,1
1501084500000,1501084559000,1.30456,1.30474,1.30453,1.30455,113360000,1
1501084560000,1501084619000,1.30453,1.3046,1.30451,1.30456,61010000,1
1501084620000,1501084679000,1.30454,1.30471,1.30452,1.30471,104410000,1
1501084680000,1501084739000,1.30471,1.30473,1.30466,1.30471,106380000,1
1501084740000,1501084799000,1.30473,1.30474,1.30463,1.30474,174570000,1
1501084800000,1501084859000,1.30475,1.30487,1.30473,1.30483,127060000,1
1501084860000,1501084919000,1.30482,1.30493,1.3048,1.30492,56190000,1
1501084920000,1501084979000,1.30493,1.30493,1.30482,1.30483,48730000,1
1501084980000,1501085039000,1.30482,1.30493,1.30482,1.30492,57840000,1
1501085040000,1501085099000,1.30491,1.30493,1.30487,1.30491,40220000,1
1501085100000,1501085159000,1.30492,1.30505,1.30491,1.30504,36300000,1
1501085160000,1501085219000,1.30504,1.30518,1.30502,1.30512,68700000,1
1501085220000,1501085279000,1.30512,1.30513,1.30506,1.30507,187580000,1
1501085280000,1501085339000,1.30506,1.30508,1.30495,1.30495,45170000,1
1501085340000,1501085399000,1.30496,1.30498,1.30492,1.30495,42550000,1
1501085400000,1501085459000,1.30496,1.30515,1.30481,1.3051,91850000,1
1501085460000,1501085519000,1.3051,1.30513,1.30497,1.30503,90350000,1
1501085520000,1501085579000,1.30501,1.3051,1.30494,1.30504,86290000,1
1501085580000,1501085639000,1.30505,1.30506,1.30501,1.30504,85310000,1
1501085640000,1501085699000,1.30504,1.30514,1.30489,1.30489,82330000,1
1501085700000,1501085759000,1.30489,1.30492,1.30485,1.3049,66460000,1
1501085760000,1501085819000,1.3049,1.305,1.30487,1.30496,82270000,1
1501085820000,1501085879000,1.30497,1.30502,1.30467,1.30475,132530000,1
1501085880000,1501085939000,1.30476,1.3048,1.30472,1.30475,65210000,1
1501085940000,1501085999000,1.30475,1.3048,1.30473,1.3048,42060000,1
1501086000000,1501086059000,1.30481,1.30486,1.30479,1.30482,71550000,1
1501086060000,1501086119000,1.30482,1.30487,1.30461,1.30464,75090000,1
1501086120000,1501086179000,1.30464,1.30476,1.30458,1.30476,43350000,1
1501086180000,1501086239000,1.30476,1.30477,1.30473,1.30475,32800000,1
1501086240000,1501086299000,1.30475,1.30475,1.30473,1.30474,37120000,1
1501086300000,1501086359000,1.30474,1.30477,1.30474,1.30477,35230000,1
1501086360000,1501086419000,1.30474,1.30488,1.30474,1.30488,103190000,1
1501086420000,1501086479000,1.30485,1.30485,1.30462,1.30464,59950000,1
1501086480000,1501086539000,1.30462,1.30484,1.30462,1.30479,62340000,1
1501086540000,1501086599000,1.30481,1.30498,1.30477,1.30478,92090000,1
1501086600000,1501086659000,1.30477,1.30498,1.30477,1.30497,81740000,1
1501086660000,1501086719000,1.30497,1.30507,1.30474,1.30474,78090000,1
1501086720000,1501086779000,1.30474,1.30495,1.30474,1.30492,126510000,1
1501086780000,1501086839000,1.30492,1.30498,1.30487,1.30496,105530000,1
1501086840000,1501086899000,1.30496,1.30505,1.30496,1.30503,82920000,1
1501086900000,1501086959000,1.30503,1.30505,1.30482,1.30482,80760000,1
1501086960000,1501087019000,1.30482,1.30482,1.30462,1.30472,110790000,1
1501087020000,1501087079000,1.30471,1.30476,1.30461,1.30461,98230000,1
1501087080000,1501087139000,1.30461,1.30462,1.30445,1.30445,117980000,1
1501087140000,1501087199000,1.30445,1.30459,1.30445,1.30455,80330000,1
1501087200000,1501087259000,1.30454,1.30485,1.30452,1.30485,142310000,1
1501087260000,1501087319000,1.30485,1.30486,1.3048,1.30481,196660000,1
1501087320000,1501087379000,1.30483,1.30484,1.30479,1.30483,96560000,1
1501087380000,1501087439000,1.30484,1.30486,1.30483,1.30485,57070000,1
1501087440000,1501087499000,1.30485,1.30487,1.30481,1.30482,90640000,1
1501087500000,1501087559000,1.30482,1.30483,1.30462,1.30463,95310000,1
1501087560000,1501087619000,1.30462,1.30463,1.30452,1.30456,56070000,1
1501087620000,1501087679000,1.30456,1.30456,1.30434,1.30434,168700000,1
1501087680000,1501087739000,1.30434,1.30443,1.30433,1.30441,153310000,1
1501087740000,1501087799000,1.30442,1.30443,1.30432,1.30432,56250000,1
1501087800000,1501087859000,1.30433,1.30445,1.30433,1.30444,51150000,1
1501087860000,1501087919000,1.30444,1.30456,1.30443,1.3045,150380000,1
1501087920000,1501087979000,1.30448,1.30456,1.30448,1.30452,473700000,1
1501087980000,1501088039000,1.30452,1.30462,1.30451,1.30452,52960000,1
1501088040000,1501088099000,1.30452,1.30463,1.30452,1.30462,69260000,1
1501088100000,1501088159000,1.30461,1.30477,1.30461,1.30471,163270000,1
1501088160000,1501088219000,1.3047,1.30492,1.30461,1.30484,153070000,1
1501088220000,1501088279000,1.30485,1.30486,1.30476,1.30476,90100000,1
1501088280000,1501088339000,1.30477,1.30486,1.30475,1.30481,87290000,1
1501088340000,1501088399000,1.3048,1.30482,1.30471,1.30471,106470000,1
1501088400000,1501088459000,1.30466,1.30474,1.30463,1.30468,76370000,1
1501088460000,1501088519000,1.30468,1.30482,1.30463,1.30481,78130000,1
1501088520000,1501088579000,1.30482,1.30486,1.30476,1.30481,59630000,1
1501088580000,1501088639000,1.30479,1.30484,1.30478,1.30479,46830000,1
1501088640000,1501088699000,1.30478,1.30485,1.30478,1.30485,53520000,1
1501088700000,1501088759000,1.30489,1.30503,1.30489,1.30499,102200000,1
1501088760000,1501088819000,1.30499,1.305,1.30483,1.30484,68470000,1
1501088820000,1501088879000,1.30484,1.30503,1.30482,1.30501,62060000,1
1501088880000,1501088939000,1.30501,1.30505,1.30494,1.30496,68030000,1
1501088940000,1501088999000,1.30495,1.30498,1.30492,1.30494,54690000,1
1501089000000,1501089059000,1.30493,1.30503,1.30493,1.30499,70580000,1
1501089060000,1501089119000,1.30499,1.30503,1.30498,1.30502,59490000,1
1501089120000,1501089179000,1.30502,1.30504,1.30487,1.30492,84770000,1
1501089180000,1501089239000,1.30493,1.30504,1.30493,1.30503,74980000,1
1501089240000,1501089299000,1.30503,1.30519,1.305,1.30516,140520000,1
1501089300000,1501089359000,1.30516,1.30516,1.30505,1.30505,52020000,1
1501089360000,1501089419000,1.30505,1.30505,1.30498,1.30504,76550000,1
1501089420000,1501089479000,1.30504,1.30505,1.30495,1.30496,103960000,1
1501089480000,1501089539000,1.30496,1.30505,1.30494,1.30501,91670000,1
1501089540000,1501089599000,1.30502,1.30505,1.30502,1.30505,16000000,1
1501089600000,1501089659000,1.30506,1.30519,1.30505,1.30516,43220000,1
1501089660000,1501089719000,1.30512,1.30517,1.30512,1.30517,18120000,1
1501089720000,1501089779000,1.3052,1.30523,1.30516,1.30516,33110000,1
1501089780000,1501089839000,1.30516,1.30517,1.30496,1.30496,41350000,1
1501089840000,1501089899000,1.30496,1.30509,1.30496,1.30501,53350000,1
1501089900000,1501089959000,1.30501,1.30521,1.30501,1.3052,91970000,1
1501089960000,1501090019000,1.30521,1.30521,1.30497,1.30505,73090000,1
1501090020000,1501090079000,1.30505,1.30505,1.30497,1.30497,57240000,1
1501090080000,1501090139000,1.30497,1.30498,1.30497,1.30498,42460000,1
1501090140000,1501090199000,1.30497,1.30499,1.30492,1.30498,93630000,1
1501090200000,1501090259000,1.30497,1.30505,1.30492,1.30504,45190000,1
1501090260000,1501090319000,1.30504,1.30513,1.30502,1.30504,70680000,1
1501090320000,1501090379000,1.30503,1.30514,1.305,1.30514,68070000,1
1501090380000,1501090439000,1.30514,1.3053,1.30514,1.30529,33980000,1
1501090440000,1501090499000,1.30527,1.30528,1.30508,1.30508,71810000,1
1501090500000,1501090559000,1.30512,1.30539,1.30512,1.30539,56600000,1
1501090560000,1501090619000,1.30538,1.30559,1.30533,1.30558,122600000,1
1501090620000,1501090679000,1.30558,1.30564,1.30538,1.30549,146060000,1
1501090680000,1501090739000,1.30551,1.30559,1.30548,1.30552,85570000,1
1501090740000,1501090799000,1.30553,1.30553,1.30542,1.30545,41240000,1
1501090800000,1501090859000,1.30543,1.30548,1.30543,1.30546,49780000,1
1501090860000,1501090919000,1.30546,1.30568,1.30544,1.30567,93650000,1
1501090920000,1501090979000,1.30567,1.30578,1.30559,1.30578,96530000,1
1501090980000,1501091039000,1.30577,1.30589,1.30574,1.30588,79920000,1
1501091040000,1501091099000,1.30587,1.30594,1.30583,1.30588,59240000,1
1501091100000,1501091159000,1.30587,1.30588,1.30552,1.30572,155860000,1
1501091160000,1501091219000,1.30569,1.30633,1.30568,1.30623,235340000,1
1501091220000,1501091279000,1.30623,1.30624,1.30595,1.30598,128470000,1
1501091280000,1501091339000,1.30597,1.30623,1.30594,1.30622,120790000,1
1501091340000,1501091399000,1.30622,1.30667,1.30614,1.30624,689770000,1
1501091400000,1501091459000,1.30624,1.30632,1.30562,1.30572,285760000,1
1501091460000,1501091519000,1.30571,1.30572,1.30532,1.30541,164000000,1
1501091520000,1501091579000,1.30542,1.30552,1.30534,1.30534,106110000,1
1501091580000,1501091639000,1.30535,1.30538,1.30523,1.30523,119660000,1
1501091640000,1501091699000,1.30523,1.3053,1.30499,1.30523,151900000,1
1501091700000,1501091759000,1.30523,1.30534,1.30512,1.30512,104590000,1
1501091760000,1501091819000,1.3051,1.3051,1.30467,1.30474,226330000,1
1501091820000,1501091879000,1.30474,1.30492,1.30473,1.3049,197310000,1
1501091880000,1501091939000,1.30491,1.30534,1.30464,1.30531,171990000,1
1501091940000,1501091999000,1.3053,1.30573,1.3052,1.30523,240060000,1
1501092000000,1501092059000,1.30523,1.30562,1.30444,1.30556,378310000,1
1501092060000,1501092119000,1.30553,1.30752,1.30551,1.30668,640660000,1
1501092120000,1501092179000,1.30665,1.30717,1.30591,1.30617,481790000,1
1501092180000,1501092239000,1.30616,1.30642,1.30556,1.3056,488810000,1
1501092240000,1501092299000,1.3056,1.30737,1.30555,1.30735,418910000,1
1501092300000,1501092359000,1.30733,1.30752,1.3072,1.30738,507620000,1
1501092360000,1501092419000,1.30739,1.30776,1.30732,1.30763,494300000,1
1501092420000,1501092479000,1.30765,1.3078,1.30738,1.30752,353900000,1
1501092480000,1501092539000,1.30753,1.30799,1.30749,1.3077,299170000,1
1501092540000,1501092599000,1.30768,1.30854,1.30765,1.30805,478400000,1
1501092600000,1501092659000,1.30808,1.30856,1.30772,1.30838,357000000,1
1501092660000,1501092719000,1.30837,1.30842,1.30784,1.30832,251080000,1
1501092720000,1501092779000,1.30832,1.309,1.30813,1.309,238530000,1
1501092780000,1501092839000,1.30898,1.30902,1.30829,1.30839,246480000,1
1501092840000,1501092899000,1.30842,1.30842,1.30813,1.30832,179430000,1
1501092900000,1501092959000,1.30833,1.30877,1.30832,1.30859,253080000,1
1501092960000,1501093019000,1.30862,1.30926,1.30862,1.30918,320770000,1
1501093020000,1501093079000,1.30921,1.3093,1.30892,1.3091,275580000,1
1501093080000,1501093139000,1.30917,1.30924,1.30899,1.30901,264010000,1
1501093140000,1501093199000,1.309,1.3091,1.30843,1.30874,332170000,1
1501093200000,1501093259000,1.30877,1.30902,1.30875,1.30893,253740000,1
1501093260000,1501093319000,1.30891,1.30937,1.30879,1.3093,346000000,1
1501093320000,1501093379000,1.30926,1.3094,1.30919,1.3093,188360000,1
1501093380000,1501093439000,1.30931,1.3094,1.3092,1.30938,174660000,1
1501093440000,1501093499000,1.3094,1.30946,1.3093,1.30939,168140000,1
1501093500000,1501093559000,1.30938,1.30943,1.30923,1.30932,126530000,1
1501093560000,1501093619000,1.30938,1.30938,1.30902,1.30902,162230000,1
1501093620000,1501093679000,1.30901,1.30912,1.30882,1.30893,168830000,1
1501093680000,1501093739000,1.30895,1.30917,1.30891,1.309,183490000,1
1501093740000,1501093799000,1.30901,1.30924,1.30899,1.30913,161240000,1
1501093800000,1501093859000,1.30912,1.30935,1.30909,1.30931,152680000,1
1501093860000,1501093919000,1.30931,1.30931,1.30889,1.30889,143290000,1
1501093920000,1501093979000,1.3089,1.30892,1.30888,1.30888,92520000,1
1501093980000,1501094039000,1.30884,1.30884,1.30837,1.30837,165490000,1
1501094040000,1501094099000,1.30836,1.30841,1.3082,1.30834,161910000,1
1501094100000,1501094159000,1.30837,1.30863,1.30837,1.30855,109750000,1
1501094160000,1501094219000,1.30855,1.30884,1.30851,1.30867,125340000,1
1501094220000,1501094279000,1.30868,1.30885,1.30854,1.30872,171880000,1
1501094280000,1501094339000,1.30873,1.30885,1.30869,1.30869,89880000,1
1501094340000,1501094399000,1.30868,1.30883,1.30863,1.30877,148540000,1
1501094400000,1501094459000,1.30877,1.30897,1.30871,1.30894,229920000,1
1501094460000,1501094519000,1.30894,1.30899,1.3089,1.30897,216310000,1
1501094520000,1501094579000,1.30897,1.30901,1.30888,1.3089,100680000,1
1501094580000,1501094639000,1.30891,1.30896,1.30879,1.30895,115530000,1
1501094640000,1501094699000,1.30896,1.30914,1.30892,1.30914,115770000,1
1501094700000,1501094759000,1.30914,1.30937,1.30914,1.30932,121210000,1
1501094760000,1501094819000,1.3093,1.30931,1.30912,1.30913,114760000,1
1501094820000,1501094879000,1.30913,1.30923,1.30891,1.309,163010000,1
1501094880000,1501094939000,1.309,1.30915,1.30892,1.30915,202310000,1
1501094940000,1501094999000,1.30916,1.30917,1.30894,1.30901,93820000,1
1501095000000,1501095059000,1.309,1.30928,1.30899,1.30925,120180000,1
1501095060000,1501095119000,1.30928,1.3094,1.30927,1.3094,132260000,1
1501095120000,1501095179000,1.3094,1.30946,1.3092,1.30923,93770000,1
1501095180000,1501095239000,1.30923,1.30934,1.30921,1.30934,120240000,1
1501095240000,1501095299000,1.30935,1.30946,1.30935,1.30936,36870000,1
1501095300000,1501095359000,1.30937,1.30946,1.30922,1.30925,76510000,1
1501095360000,1501095419000,1.30923,1.30923,1.30919,1.30922,76760000,1
1501095420000,1501095479000,1.3092,1.30926,1.3092,1.30926,103850000,1
1501095480000,1501095539000,1.30925,1.30942,1.30925,1.30931,217140000,1
1501095540000,1501095599000,1.30931,1.30955,1.3092,1.30954,225010000,1
1501095600000,1501095659000,1.30954,1.31,1.30941,1.30995,304650000,1
1501095660000,1501095719000,1.30991,1.31054,1.30971,1.31053,414560000,1
1501095720000,1501095779000,1.31052,1.31053,1.31005,1.31048,299750000,1
1501095780000,1501095839000,1.31051,1.31079,1.3104,1.31071,202040000,1
1501095840000,1501095899000,1.31072,1.31083,1.31055,1.31081,185460000,1
1501095900000,1501095959000,1.31082,1.31165,1.31078,1.31155,353360000,1
1501095960000,1501096019000,1.31155,1.31162,1.31124,1.31127,232600000,1
1501096020000,1501096079000,1.31121,1.3115,1.3111,1.31146,325180000,1
1501096080000,1501096139000,1.31147,1.31194,1.31142,1.31193,235910000,1
1501096140000,1501096199000,1.31194,1.31206,1.31152,1.31154,372900000,1
1501096200000,1501096259000,1.31156,1.31164,1.31094,1.31113,268840000,1
1501096260000,1501096319000,1.31112,1.3114,1.31108,1.31133,202410000,1
1501096320000,1501096379000,1.31132,1.31136,1.31109,1.31124,137570000,1
1501096380000,1501096439000,1.31124,1.31124,1.31101,1.31112,172690000,1
1501096440000,1501096499000,1.31112,1.31144,1.31112,1.31144,69860000,1
1501096500000,1501096559000,1.31145,1.31181,1.3111,1.31112,277780000,1
1501096560000,1501096619000,1.31113,1.31127,1.31098,1.311,154590000,1
1501096620000,1501096679000,1.311,1.31111,1.31071,1.31073,236340000,1
1501096680000,1501096739000,1.31073,1.31073,1.3105,1.31065,168750000,1
1501096740000,1501096799000,1.31068,1.3108,1.3105,1.3105,88620000,1
1501096800000,1501096859000,1.3105,1.3105,1.31004,1.3101,276770000,1
1501096860000,1501096919000,1.31011,1.31016,1.30992,1.31003,294490000,1
1501096920000,1501096979000,1.31,1.31009,1.3099,1.31009,183260000,1
1501096980000,1501097039000,1.3101,1.3102,1.31009,1.3102,128260000,1
1501097040000,1501097099000,1.3102,1.31023,1.31009,1.31009,93100000,1
1501097100000,1501097159000,1.31009,1.31033,1.30999,1.31031,150750000,1
1501097160000,1501097219000,1.31031,1.31044,1.31031,1.31042,112920000,1
1501097220000,1501097279000,1.31043,1.31063,1.31031,1.31059,122600000,1
1501097280000,1501097339000,1.31058,1.31059,1.31029,1.31046,180960000,1
1501097340000,1501097399000,1.31041,1.31079,1.31038,1.31076,179850000,1
1501097400000,1501097459000,1.31074,1.3108,1.3106,1.31062,156140000,1
1501097460000,1501097519000,1.31061,1.3107,1.31061,1.31063,142500000,1
1501097520000,1501097579000,1.31063,1.31065,1.31029,1.31029,113070000,1
1501097580000,1501097639000,1.31029,1.3103,1.31019,1.31019,93880000,1
1501097640000,1501097699000,1.31021,1.3105,1.31019,1.31049,135780000,1
1501097700000,1501097759000,1.31046,1.31048,1.31029,1.31029,168840000,1
1501097760000,1501097819000,1.31028,1.31029,1.31008,1.31009,169740000,1
1501097820000,1501097879000,1.31009,1.31022,1.31009,1.31015,104520000,1
1501097880000,1501097939000,1.31015,1.31041,1.31015,1.31035,111220000,1
1501097940000,1501097999000,1.31035,1.31061,1.31033,1.31051,88620000,1
1501098000000,1501098059000,1.31051,1.31067,1.31042,1.31065,78500000,1
1501098060000,1501098119000,1.31065,1.31085,1.31065,1.31074,62310000,1
1501098120000,1501098179000,1.31073,1.31073,1.31061,1.31069,75460000,1
1501098180000,1501098239000,1.31071,1.3108,1.31071,1.3108,60220000,1
1501098240000,1501098299000,1.3108,1.31099,1.31077,1.3108,102090000,1
1501098300000,1501098359000,1.3108,1.31099,1.3108,1.31099,95970000,1
1501098360000,1501098419000,1.311,1.3112,1.311,1.31111,78430000,1
1501098420000,1501098479000,1.31111,1.31111,1.31088,1.311,129070000,1
1501098480000,1501098539000,1.31098,1.31098,1.31089,1.31089,63680000,1
1501098540000,1501098599000,1.3109,1.31094,1.31088,1.31091,59910000,1
1501098600000,1501098659000,1.31091,1.31091,1.31079,1.3109,103250000,1
1501098660000,1501098719000,1.3109,1.31091,1.31079,1.31086,102680000,1
1501098720000,1501098779000,1.31087,1.31093,1.31086,1.31092,48120000,1
1501098780000,1501098839000,1.31085,1.31098,1.31072,1.3109,102290000,1
1501098840000,1501098899000,1.31088,1.31093,1.3108,1.31089,65370000,1
1501098900000,1501098959000,1.31088,1.31093,1.3107,1.31071,84930000,1
1501098960000,1501099019000,1.31071,1.31077,1.31061,1.31061,74150000,1
1501099020000,1501099079000,1.31061,1.31065,1.31057,1.3106,98630000,1
1501099080000,1501099139000,1.31061,1.31062,1.31048,1.31049,57060000,1
1501099140000,1501099199000,1.31049,1.31062,1.31049,1.3105,92900000,1
1501099200000,1501099259000,1.3105,1.31055,1.31047,1.31048,71050000,1
1501099260000,1501099319000,1.31048,1.31055,1.31048,1.31053,164720000,1
1501099320000,1501099379000,1.31053,1.31059,1.31053,1.31056,133100000,1
1501099380000,1501099439000,1.31057,1.31072,1.31053,1.31071,144670000,1
1501099440000,1501099499000,1.31071,1.3108,1.31071,1.31079,83940000,1
1501099500000,1501099559000,1.31079,1.31094,1.31079,1.31094,66510000,1
1501099560000,1501099619000,1.31092,1.31093,1.31083,1.31092,44000000,1
1501099620000,1501099679000,1.31092,1.31107,1.3109,1.31104,75540000,1
1501099680000,1501099739000,1.31099,1.311,1.31087,1.31089,73890000,1
1501099740000,1501099799000,1.3109,1.3109,1.31076,1.31076,103960000,1
1501099800000,1501099859000,1.31076,1.3109,1.31076,1.31089,103880000,1
1501099860000,1501099919000,1.31087,1.3109,1.31083,1.31089,65530000,1
1501099920000,1501099979000,1.31089,1.31089,1.31077,1.31078,50170000,1
1501099980000,1501100039000,1.31078,1.31082,1.31074,1.31081,42100000,1
1501100040000,1501100099000,1.31082,1.31083,1.31075,1.31075,66210000,1
1501100100000,1501100159000,1.31076,1.3108,1.31068,1.31068,104140000,1
1501100160000,1501100219000,1.31068,1.31068,1.31064,1.31068,47060000,1
1501100220000,1501100279000,1.31068,1.31071,1.31067,1.31071,68120000,1
1501100280000,1501100339000,1.31071,1.31071,1.3106,1.3106,52470000,1
1501100340000,1501100399000,1.3106,1.31061,1.31058,1.31061,35260000,1
1501100400000,1501100459000,1.31061,1.31061,1.31058,1.31059,24240000,1
1501100460000,1501100519000,1.31058,1.3106,1.31051,1.31055,50100000,1
1501100520000,1501100579000,1.31055,1.31057,1.31052,1.31055,46830000,1
1501100580000,1501100639000,1.31058,1.3106,1.31058,1.3106,26980000,1
1501100640000,1501100699000,1.3106,1.31062,1.31054,1.3106,65780000,1
1501100700000,1501100759000,1.31059,1.3106,1.31046,1.31047,85960000,1
1501100760000,1501100819000,1.31046,1.3105,1.31046,1.3105,87180000,1
1501100820000,1501100879000,1.3105,1.3105,1.31049,1.3105,75540000,1
1501100880000,1501100939000,1.3105,1.31055,1.31048,1.3105,73280000,1
1501100940000,1501100999000,1.31048,1.31049,1.31036,1.31037,93970000,1
1501101000000,1501101059000,1.31039,1.31052,1.31039,1.31051,171640000,1
1501101060000,1501101119000,1.31051,1.31071,1.31051,1.31071,106720000,1
1501101120000,1501101179000,1.31071,1.31071,1.31052,1.31052,65700000,1
1501101180000,1501101239000,1.31052,1.31055,1.31051,1.31055,76370000,1
1501101240000,1501101299000,1.31054,1.31056,1.31051,1.31052,152560000,1
1501101300000,1501101359000,1.31053,1.31061,1.31052,1.31055,74670000,1
1501101360000,1501101419000,1.31055,1.31055,1.3105,1.3105,48780000,1
1501101420000,1501101479000,1.3105,1.31057,1.31046,1.31047,101720000,1
1501101480000,1501101539000,1.31047,1.31057,1.31047,1.31054,92750000,1
1501101540000,1501101599000,1.31054,1.31059,1.31054,1.31058,57640000,1
1501101600000,1501101659000,1.31058,1.31063,1.31057,1.31063,126920000,1
1501101660000,1501101719000,1.31063,1.31063,1.31056,1.31058,99690000,1
1501101720000,1501101779000,1.31058,1.3106,1.31046,1.31046,60720000,1
1501101780000,1501101839000,1.31048,1.3105,1.31044,1.31047,47740000,1
1501101840000,1501101899000,1.31049,1.31052,1.31047,1.31048,63340000,1
1501101900000,1501101959000,1.31049,1.31054,1.31049,1.31052,109330000,1
1501101960000,1501102019000,1.31051,1.31051,1.31046,1.31047,95650000,1
1501102020000,1501102079000,1.31047,1.31049,1.31047,1.31048,77210000,1
1501102080000,1501102139000,1.31047,1.31049,1.31045,1.31045,80020000,1
1501102140000,1501102199000,1.31045,1.31049,1.31044,1.31046,115750000,1
1501102200000,1501102259000,1.31045,1.31046,1.31012,1.31016,141160000,1
1501102260000,1501102319000,1.31022,1.31066,1.31022,1.31066,105180000,1
1501102320000,1501102379000,1.31066,1.31084,1.31066,1.31077,120050000,1
1501102380000,1501102439000,1.31077,1.31086,1.31071,1.31085,72640000,1
1501102440000,1501102499000,1.31085,1.3109,1.31083,1.3109,10810000,1
1501102500000,1501102559000,1.31094,1.31163,1.31092,1.31155,219900000,1
1501102560000,1501102619000,1.31154,1.31204,1.31138,1.31203,193210000,1
1501102620000,1501102679000,1.31198,1.31216,1.31192,1.31212,195870000,1
1501102680000,1501102739000,1.31211,1.31228,1.31182,1.31196,209110000,1
1501102740000,1501102799000,1.31196,1.31233,1.31173,1.31212,122890000,1
1501102800000,1501102859000,1.31212,1.31212,1.3108,1.31102,28740000,1
1501102860000,1501102919000,1.31105,1.31137,1.31103,1.31118,19800000,1
1501102920000,1501102979000,1.3113,1.31132,1.31126,1.3113,6750000,1
1501102980000,1501103039000,1.31129,1.31136,1.31127,1.31136,6750000,1
1501103040000,1501103099000,1.31136,1.31136,1.31118,1.31133,8500000,1
1501103100000,1501103159000,1.3113,1.3113,1.31112,1.31122,14140000,1
1501103160000,1501103219000,1.31123,1.31124,1.31108,1.31108,15880000,1
1501103220000,1501103279000,1.31108,1.31122,1.31108,1.31122,16900000,1
1501103280000,1501103339000,1.31124,1.31127,1.31114,1.31122,44380000,1
1501103340000,1501103399000,1.31123,1.31125,1.31122,1.31122,23000000,1
1501103400000,1501103459000,1.31122,1.31125,1.31101,1.31105,37120000,1
1501103460000,1501103519000,1.31105,1.31117,1.31105,1.31112,25750000,1
1501103520000,1501103579000,1.31112,1.31113,1.31112,1.31112,10000000,1
1501103580000,1501103639000,1.31113,1.31128,1.31112,1.31128,17980000,1
1501103640000,1501103699000,1.31127,1.31138,1.31127,1.31137,16000000,1
1501103700000,1501103759000,1.31137,1.31148,1.31137,1.31147,19000000,1
1501103760000,1501103819000,1.31147,1.31165,1.31147,1.31165,18930000,1
1501103820000,1501103879000,1.31165,1.31167,1.31165,1.31166,12090000,1
1501103880000,1501103939000,1.31166,1.31175,1.31166,1.31172,34350000,1
1501103940000,1501103999000,1.31172,1.31175,1.3117,1.31172,57020000,1
1501104000000,1501104059000,1.31172,1.31213,1.31172,1.31192,43980000,1
1501104060000,1501104119000,1.31192,1.31218,1.31192,1.31213,67480000,1
1501104120000,1501104179000,1.31213,1.31213,1.31203,1.31207,49350000,1
1501104180000,1501104239000,1.31206,1.3121,1.31204,1.3121,60930000,1
1501104240000,1501104299000,1.3121,1.31211,1.31207,1.3121,115220000,1
1501104300000,1501104359000,1.3121,1.31215,1.31204,1.31215,156620000,1
1501104360000,1501104419000,1.31214,1.3123,1.31202,1.31209,111290000,1
1501104420000,1501104479000,1.31215,1.31239,1.31196,1.31202,60260000,1
1501104480000,1501104539000,1.31202,1.3124,1.31202,1.31235,68520000,1
1501104540000,1501104599000,1.31234,1.31256,1.31228,1.31242,96140000,1
1501104600000,1501104659000,1.31242,1.31245,1.31196,1.31207,57880000,1
1501104660000,1501104719000,1.31207,1.31209,1.31206,1.31206,12940000,1
1501104720000,1501104779000,1.31208,1.3121,1.31177,1.31177,29760000,1
1501104780000,1501104839000,1.31177,1.31189,1.31175,1.31188,27430000,1
1501104840000,1501104899000,1.31188,1.31197,1.31188,1.31194,20260000,1
1501104900000,1501104959000,1.31194,1.31207,1.31169,1.31205,23430000,1
1501104960000,1501105019000,1.31202,1.31202,1.31166,1.31168,115400000,1
1501105020000,1501105079000,1.31168,1.31177,1.31168,1.3117,190880000,1
1501105080000,1501105139000,1.31171,1.31173,1.31163,1.31172,40460000,1
1501105140000,1501105199000,1.31172,1.31176,1.31168,1.31176,33310000,1
1501105200000,1501105259000,1.31175,1.31177,1.31171,1.31171,6370000,1
1501105260000,1501105319000,1.31175,1.31175,1.31174,1.31174,2000000,1
1501105320000,1501105379000,1.31172,1.31197,1.31172,1.31195,57000000,1
1501105380000,1501105439000,1.31195,1.31195,1.3119,1.3119,9240000,1
1501105440000,1501105499000,1.31187,1.31187,1.31185,1.31186,8000000,1
1501105500000,1501105559000,1.31183,1.31183,1.31179,1.31179,4000000,1
1501105560000,1501105619000,1.31175,1.31176,1.31172,1.31174,8500000,1
1501105620000,1501105679000,1.31173,1.31173,1.31167,1.31167,14000000,1
1501105680000,1501105739000,1.31166,1.31168,1.31162,1.31168,19630000,1
1501105740000,1501105799000,1.31169,1.3117,1.31169,1.3117,2000000,1
1501105800000,1501105859000,1.31169,1.31174,1.31168,1.31171,5500000,1
1501105860000,1501105919000,1.31169,1.31169,1.31167,1.31168,17970000,1
1501105920000,1501105979000,1.31171,1.31196,1.31171,1.3119,75990000,1
1501105980000,1501106039000,1.31191,1.31195,1.31177,1.31186,79820000,1
1501106040000,1501106099000,1.31186,1.31198,1.31164,1.31191,56330000,1
1501106100000,1501106159000,1.31191,1.31191,1.31172,1.3118,33390000,1
1501106160000,1501106219000,1.3118,1.3118,1.31175,1.31175,18030000,1
1501106220000,1501106279000,1.31177,1.31184,1.31159,1.31181,94440000,1
1501106280000,1501106339000,1.31181,1.31188,1.31173,1.31184,113200000,1
1501106340000,1501106399000,1.31184,1.31195,1.31184,1.31189,158190000,1
1501106400000,1501106459000,1.31192,1.31195,1.3116,1.31169,87350000,1
1501106460000,1501106519000,1.3117,1.31173,1.3117,1.31172,31900000,1
1501106520000,1501106579000,1.31173,1.31174,1.31171,1.31172,14480000,1
1501106580000,1501106639000,1.31172,1.31188,1.31172,1.31183,35280000,1
1501106640000,1501106699000,1.31182,1.31193,1.31182,1.31182,58000000,1
1501106700000,1501106759000,1.31182,1.31188,1.31182,1.31185,94630000,1
1501106760000,1501106819000,1.31185,1.31198,1.31185,1.31192,104260000,1
1501106820000,1501106879000,1.31192,1.31198,1.3119,1.3119,102750000,1
1501106880000,1501106939000,1.3119,1.31203,1.31182,1.31192,67260000,1
1501106940000,1501106999000,1.31192,1.31194,1.31188,1.31188,96820000,1
1501107000000,1501107059000,1.31188,1.3119,1.31188,1.31188,25590000,1
1501107060000,1501107119000,1.31187,1.31189,1.31186,1.31186,96360000,1
1501107120000,1501107179000,1.31186,1.3119,1.31179,1.31186,117340000,1
1501107180000,1501107239000,1.31185,1.31187,1.31165,1.31183,96500000,1
1501107240000,1501107299000,1.31183,1.31183,1.31171,1.31172,49250000,1
1501107300000,1501107359000,1.3117,1.31179,1.3117,1.31179,76500000,1
1501107360000,1501107419000,1.31179,1.31182,1.31165,1.31182,44560000,1
1501107420000,1501107479000,1.31181,1.31183,1.31179,1.31179,22000000,1
1501107480000,1501107539000,1.31179,1.31184,1.31168,1.31183,52880000,1
1501107540000,1501107599000,1.31179,1.31183,1.31169,1.3117,57000000,1
1501107600000,1501107659000,1.31169,1.31178,1.31169,1.31172,62000000,1
1501107660000,1501107719000,1.3117,1.31176,1.31169,1.31176,46000000,1
1501107720000,1501107779000,1.31175,1.31185,1.31175,1.31182,25000000,1
1501107780000,1501107839000,1.31184,1.31184,1.31177,1.31178,33000000,1
1501107840000,1501107899000,1.31178,1.31182,1.31178,1.31182,22000000,1
1501107900000,1501107959000,1.31182,1.31184,1.31182,1.31184,12000000,1
1501107960000,1501108019000,1.31184,1.31186,1.31177,1.31177,49000000,1
1501108020000,1501108079000,1.31177,1.31177,1.31173,1.31177,47250000,1
1501108080000,1501108139000,1.31181,1.31183,1.31181,1.31182,43000000,1
1501108140000,1501108199000,1.31182,1.31193,1.31182,1.31182,76020000,1
1501108200000,1501108259000,1.31182,1.31183,1.31174,1.31178,114330000,1
1501108260000,1501108319000,1.31178,1.31179,1.31174,1.31175,69560000,1
1501108320000,1501108379000,1.31174,1.31175,1.31162,1.31164,118860000,1
1501108380000,1501108439000,1.31164,1.31165,1.31164,1.31165,3000000,1
1501108440000,1501108499000,1.31166,1.31179,1.31164,1.31178,61350000,1
1501108500000,1501108559000,1.31178,1.3118,1.31177,1.31178,141050000,1
1501108560000,1501108619000,1.31178,1.3118,1.31178,1.3118,32140000,1
1501108620000,1501108679000,1.3118,1.3118,1.31176,1.31177,116650000,1
1501108680000,1501108739000,1.31176,1.31182,1.31169,1.3117,74110000,1
1501108740000,1501108799000,1.31169,1.31169,1.31162,1.31162,29400000,1
1501108800000,1501108859000,1.31162,1.31162,1.31159,1.3116,83680000,1
1501108860000,1501108919000,1.3116,1.31161,1.31155,1.31155,59290000,1
1501108920000,1501108979000,1.31155,1.31166,1.31155,1.31165,79130000,1
1501108980000,1501109039000,1.31165,1.31167,1.31165,1.31165,58960000,1
1501109040000,1501109099000,1.31166,1.3117,1.31165,1.31169,55900000,1
1501109100000,1501109159000,1.31169,1.31171,1.31167,1.31167,61000000,1
1501109160000,1501109219000,1.31166,1.31167,1.31153,1.31157,161360000,1
1501109220000,1501109279000,1.31157,1.31163,1.31154,1.31154,114470000,1
1501109280000,1501109339000,1.31154,1.31155,1.31152,1.31155,58000000,1
1501109340000,1501109399000,1.31155,1.31156,1.31153,1.31155,89000000,1
1501109400000,1501109459000,1.31154,1.31178,1.31154,1.31175,92000000,1
1501109460000,1501109519000,1.31176,1.31184,1.31176,1.31181,53750000,1
1501109520000,1501109579000,1.31181,1.31182,1.3118,1.3118,37000000,1
1501109580000,1501109639000,1.3118,1.31187,1.31178,1.31187,91050000,1
1501109640000,1501109699000,1.31187,1.31191,1.31175,1.31175,83010000,1
1501109700000,1501109759000,1.31175,1.31181,1.31171,1.31174,66400000,1
1501109760000,1501109819000,1.31174,1.31175,1.31168,1.31172,75470000,1
1501109820000,1501109879000,1.31172,1.31173,1.31168,1.31172,188910000,1
1501109880000,1501109939000,1.31172,1.31172,1.31159,1.31162,82580000,1
1501109940000,1501109999000,1.31162,1.31162,1.31152,1.31157,94070000,1
1501110000000,1501110059000,1.31157,1.3116,1.31153,1.31155,77580000,1
1501110060000,1501110119000,1.31155,1.31156,1.31154,1.31155,47250000,1
1501110120000,1501110179000,1.31155,1.31156,1.31151,1.31155,61500000,1
1501110180000,1501110239000,1.31156,1.31156,1.31152,1.31152,16000000,1
1501110240000,1501110299000,1.31151,1.31155,1.31149,1.31154,39000000,1
1501110300000,1501110359000,1.31154,1.31154,1.31149,1.31151,29010000,1
1501110360000,1501110419000,1.31152,1.31155,1.31151,1.31151,24830000,1
1501110420000,1501110479000,1.31151,1.31154,1.31145,1.31146,31450000,1
1501110480000,1501110539000,1.31145,1.31151,1.31145,1.31149,26960000,1
1501110540000,1501110599000,1.31148,1.31148,1.31118,1.31118,51960000,1
1501110600000,1501110659000,1.31119,1.31124,1.31114,1.3112,69050000,1
1501110660000,1501110719000,1.31119,1.31124,1.31115,1.31121,126400000,1
1501110720000,1501110779000,1.3112,1.31122,1.3112,1.31122,77630000,1
1501110780000,1501110839000,1.31122,1.31122,1.31114,1.3112,91530000,1
1501110840000,1501110899000,1.3112,1.3112,1.31112,1.3112,78040000,1
1501110900000,1501110959000,1.3112,1.31134,1.3112,1.31134,80010000,1
1501110960000,1501111019000,1.31134,1.31135,1.31129,1.31134,47370000,1
1501111020000,1501111079000,1.31134,1.31136,1.31133,1.31135,36070000,1
1501111080000,1501111139000,1.31135,1.31135,1.3112,1.31126,34740000,1
1501111140000,1501111199000,1.31125,1.31126,1.31121,1.31121,27410000,1
1501111200000,1501111259000,1.31121,1.31125,1.31121,1.31122,36780000,1
1501111260000,1501111319000,1.31122,1.31124,1.3112,1.31121,125430000,1
1501111320000,1501111379000,1.31121,1.31121,1.31119,1.3112,76700000,1
1501111380000,1501111439000,1.31121,1.31123,1.3112,1.31121,55110000,1
1501111440000,1501111499000,1.31122,1.31124,1.31121,1.31122,58670000,1
1501111500000,1501111559000,1.31123,1.31123,1.31122,1.31122,17600000,1
1501111560000,1501111619000,1.31125,1.31128,1.31123,1.31123,17120000,1
1501111620000,1501111679000,1.31123,1.31125,1.31123,1.31125,19350000,1
1501111680000,1501111739000,1.31127,1.31133,1.31127,1.31132,7000000,1
1501111740000,1501111799000,1.31131,1.31132,1.3113,1.31132,5000000,1
1501111800000,1501111859000,1.31133,1.31137,1.31133,1.31135,50220000,1
1501111860000,1501111919000,1.31133,1.31135,1.31133,1.31134,8490000,1
1501111920000,1501111979000,1.31133,1.31134,1.3113,1.3113,16530000,1
1501111980000,1501112039000,1.3113,1.31132,1.3113,1.31131,44790000,1
1501112040000,1501112099000,1.31131,1.31131,1.3112,1.31121,44290000,1
1501112100000,1501112159000,1.3112,1.31123,1.3112,1.31123,22750000,1
1501112160000,1501112219000,1.31122,1.31128,1.31121,1.31127,71860000,1
1501112220000,1501112279000,1.31127,1.31128,1.31125,1.31126,84960000,1
1501112280000,1501112339000,1.31126,1.31128,1.3112,1.3112,64320000,1
1501112340000,1501112399000,1.31119,1.31126,1.31119,1.31121,79990000,1
1501112400000,1501112459000,1.3112,1.3112,1.31117,1.31119,12120000,1
1501112460000,1501112519000,1.31117,1.3112,1.31116,1.31116,154090000,1
1501112520000,1501112579000,1.31116,1.31117,1.31115,1.31117,216090000,1
1501112580000,1501112639000,1.31117,1.31125,1.31117,1.31125,35210000,1
1501112640000,1501112699000,1.31125,1.31125,1.31104,1.31104,127080000,1
1501112700000,1501112759000,1.31104,1.31116,1.311,1.31116,195650000,1
1501112760000,1501112819000,1.31117,1.31128,1.31116,1.31126,201480000,1
1501112820000,1501112879000,1.31126,1.31126,1.31122,1.31123,65400000,1
1501112880000,1501112939000,1.31123,1.31123,1.31104,1.31106,71830000,1
1501112940000,1501112999000,1.31104,1.31104,1.31101,1.31101,94570000,1
1501113000000,1501113059000,1.31099,1.31117,1.31099,1.31117,35200000,1
1501113060000,1501113119000,1.31117,1.31117,1.31115,1.31115,10250000,1
1501113120000,1501113179000,1.31115,1.31121,1.31107,1.3112,33480000,1
1501113180000,1501113239000,1.3112,1.31124,1.31118,1.31124,24620000,1
1501113240000,1501113299000,1.31124,1.31141,1.31124,1.31136,56380000,1
1501113300000,1501113359000,1.31136,1.31151,1.31136,1.31143,25420000,1
1501113360000,1501113419000,1.31143,1.31148,1.31141,1.31146,38990000,1
1501113420000,1501113479000,1.31146,1.31147,1.3114,1.31142,135200000,1
1501113480000,1501113539000,1.31141,1.31141,1.31134,1.31135,97650000,1
1501113540000,1501113599000,1.31137,1.31143,1.31131,1.31143,68850000,1
1501113600000,1501113659000,1.31143,1.31144,1.31117,1.3114,215990000,1
1501113660000,1501113719000,1.31141,1.31151,1.31136,1.31147,114620000,1
1501113720000,1501113779000,1.31147,1.31148,1.31141,1.31143,106380000,1
1501113780000,1501113839000,1.31143,1.31177,1.3114,1.31174,61480000,1
1501113840000,1501113899000,1.31176,1.31197,1.31175,1.31194,63230000,1
1501113900000,1501113959000,1.31194,1.31194,1.31177,1.31187,88510000,1
1501113960000,1501114019000,1.31192,1.31196,1.3118,1.31181,169450000,1
1501114020000,1501114079000,1.31181,1.31188,1.31168,1.31168,114130000,1
1501114080000,1501114139000,1.31169,1.31174,1.31152,1.31174,66190000,1
1501114140000,1501114199000,1.31174,1.31187,1.31172,1.31182,75490000,1
1501114200000,1501114259000,1.31182,1.31184,1.31164,1.31164,85300000,1
1501114260000,1501114319000,1.31165,1.31207,1.31164,1.31199,114290000,1
1501114320000,1501114379000,1.31199,1.31229,1.31199,1.31226,100530000,1
1501114380000,1501114439000,1.31227,1.31228,1.31216,1.31218,107520000,1
1501114440000,1501114499000,1.31216,1.31222,1.31214,1.31222,128750000,1
1501114500000,1501114559000,1.31221,1.31221,1.31212,1.31216,142890000,1
1501114560000,1501114619000,1.31216,1.31216,1.31212,1.31216,126610000,1
1501114620000,1501114679000,1.31216,1.31216,1.31213,1.31213,90720000,1
1501114680000,1501114739000,1.31213,1.31218,1.31206,1.31206,152500000,1
1501114740000,1501114799000,1.31205,1.31205,1.31175,1.31177,152470000,1
1501114800000,1501114859000,1.31177,1.31177,1.31169,1.31174,92860000,1
1501114860000,1501114919000,1.31173,1.31175,1.31173,1.31175,21000000,1
1501114920000,1501114979000,1.31176,1.31176,1.31172,1.31173,13240000,1
1501114980000,1501115039000,1.31173,1.31187,1.31173,1.31183,39000000,1
1501115040000,1501115099000,1.3118,1.31186,1.3118,1.31185,62350000,1
1501115100000,1501115159000,1.31186,1.31187,1.31185,1.31187,44340000,1
1501115160000,1501115219000,1.31189,1.31209,1.31185,1.31202,140830000,1
1501115220000,1501115279000,1.31202,1.31205,1.3117,1.31171,164110000,1
1501115280000,1501115339000,1.31172,1.31195,1.3115,1.3115,202430000,1
1501115340000,1501115399000,1.31149,1.31151,1.31139,1.31146,105290000,1
1501115400000,1501115459000,1.31146,1.31162,1.31146,1.31159,71910000,1
1501115460000,1501115519000,1.31158,1.31164,1.31158,1.31162,39300000,1
1501115520000,1501115579000,1.31162,1.31162,1.31141,1.31144,34720000,1
1501115580000,1501115639000,1.31145,1.31154,1.31144,1.31152,39000000,1
1501115640000,1501115699000,1.31152,1.31154,1.31138,1.3114,66210000,1
1501115700000,1501115759000,1.31139,1.3115,1.31137,1.3115,39040000,1
1501115760000,1501115819000,1.3115,1.31158,1.31139,1.31149,65900000,1
1501115820000,1501115879000,1.31148,1.31158,1.31145,1.31147,46040000,1
1501115880000,1501115939000,1.31147,1.31147,1.31145,1.31147,26000000,1
1501115940000,1501115999000,1.31147,1.31156,1.31125,1.31139,66370000,1
1501116000000,1501116059000,1.3114,1.31146,1.31138,1.31144,15000000,1
1501116060000,1501116119000,1.31142,1.31145,1.31137,1.31144,68230000,1
1501116120000,1501116179000,1.31145,1.31145,1.3112,1.31122,65600000,1
1501116180000,1501116239000,1.31122,1.31127,1.31121,1.31121,25870000,1
1501116240000,1501116299000,1.31122,1.31137,1.31122,1.31136,49310000,1
1501116300000,1501116359000,1.31136,1.31142,1.31135,1.31136,64750000,1
1501116360000,1501116419000,1.31136,1.31144,1.31132,1.31132,33360000,1
1501116420000,1501116479000,1.31132,1.31132,1.31121,1.31126,62590000,1
1501116480000,1501116539000,1.31126,1.31143,1.31126,1.31143,44500000,1
1501116540000,1501116599000,1.31142,1.31146,1.3114,1.31143,51550000,1
1501116600000,1501116659000,1.31143,1.31172,1.31143,1.31163,61860000,1
1501116660000,1501116719000,1.31163,1.31172,1.31157,1.3116,97440000,1
1501116720000,1501116779000,1.31161,1.31166,1.31161,1.31161,46370000,1
1501116780000,1501116839000,1.31164,1.31177,1.31162,1.31177,49000000,1
1501116840000,1501116899000,1.31177,1.31177,1.31158,1.31165,142320000,1
1501116900000,1501116959000,1.31162,1.31162,1.31131,1.31157,154590000,1
1501116960000,1501117019000,1.31156,1.31163,1.31154,1.31161,84750000,1
1501117020000,1501117079000,1.31161,1.31162,1.31145,1.31145,99310000,1
1501117080000,1501117139000,1.31145,1.31153,1.31137,1.31152,72860000,1
1501117140000,1501117199000,1.31153,1.31153,1.31147,1.31152,72320000,1
1501117200000,1501117259000,1.31154,1.31159,1.31107,1.31107,145270000,1
1501117260000,1501117319000,1.31108,1.31108,1.31098,1.311,63740000,1
1501117320000,1501117379000,1.311,1.31136,1.311,1.31104,126180000,1
1501117380000,1501117439000,1.31104,1.31121,1.31088,1.31118,88240000,1
1501117440000,1501117499000,1.31117,1.3112,1.31113,1.31117,23500000,1
1501117500000,1501117559000,1.31119,1.31125,1.31115,1.31115,26500000,1
1501117560000,1501117619000,1.31116,1.31118,1.31114,1.31116,12000000,1
1501117620000,1501117679000,1.31115,1.31125,1.31114,1.31124,30000000,1
1501117680000,1501117739000,1.31124,1.31126,1.31112,1.31114,61560000,1
1501117740000,1501117799000,1.31113,1.31117,1.31106,1.31113,174620000,1
1501117800000,1501117859000,1.31112,1.31126,1.31108,1.31113,170490000,1
1501117860000,1501117919000,1.31112,1.31113,1.31106,1.31107,66560000,1
1501117920000,1501117979000,1.31107,1.31113,1.31101,1.31112,61840000,1
1501117980000,1501118039000,1.31116,1.31119,1.31091,1.31103,166220000,1
1501118040000,1501118099000,1.31103,1.31106,1.31084,1.31097,104720000,1
1501118100000,1501118159000,1.31095,1.31103,1.31086,1.31103,106190000,1
1501118160000,1501118219000,1.31102,1.31103,1.31084,1.31085,113060000,1
1501118220000,1501118279000,1.31084,1.31095,1.31084,1.31094,94990000,1
1501118280000,1501118339000,1.31094,1.31094,1.3107,1.31071,158870000,1
1501118340000,1501118399000,1.31071,1.31085,1.31071,1.31077,55260000,1
1501118400000,1501118459000,1.31077,1.31077,1.31057,1.31065,122330000,1
1501118460000,1501118519000,1.31065,1.31069,1.31059,1.31059,106340000,1
1501118520000,1501118579000,1.31059,1.31072,1.31059,1.31071,76140000,1
1501118580000,1501118639000,1.31071,1.31085,1.3107,1.31085,75330000,1
1501118640000,1501118699000,1.31085,1.31099,1.31085,1.31088,101320000,1
1501118700000,1501118759000,1.31087,1.31094,1.31078,1.31082,71000000,1
1501118760000,1501118819000,1.31082,1.31094,1.31082,1.31094,44270000,1
1501118820000,1501118879000,1.31094,1.31097,1.31084,1.31087,103150000,1
1501118880000,1501118939000,1.31088,1.31101,1.31085,1.31101,35370000,1
1501118940000,1501118999000,1.31102,1.31114,1.311,1.31112,110820000,1
1501119000000,1501119059000,1.3111,1.31112,1.31102,1.31111,104690000,1
1501119060000,1501119119000,1.3111,1.31112,1.31103,1.31108,78880000,1
1501119120000,1501119179000,1.3111,1.31113,1.31107,1.31109,74240000,1
1501119180000,1501119239000,1.31108,1.3111,1.31102,1.31109,19120000,1
1501119240000,1501119299000,1.31107,1.31109,1.31103,1.31103,41550000,1
1501119300000,1501119359000,1.31103,1.31103,1.31094,1.31097,80630000,1
1501119360000,1501119419000,1.31097,1.31113,1.31096,1.31108,90210000,1
1501119420000,1501119479000,1.31109,1.31115,1.31104,1.31112,100880000,1
1501119480000,1501119539000,1.31114,1.31147,1.3111,1.31146,78890000,1
1501119540000,1501119599000,1.31146,1.31146,1.31142,1.31142,94490000,1
1501119600000,1501119659000,1.31143,1.31143,1.31132,1.31133,112440000,1
1501119660000,1501119719000,1.31133,1.31143,1.31126,1.31143,74190000,1
1501119720000,1501119779000,1.31144,1.31144,1.31129,1.31133,58820000,1
1501119780000,1501119839000,1.31132,1.31149,1.31132,1.31149,95380000,1
1501119840000,1501119899000,1.31149,1.31168,1.31143,1.31167,91620000,1
1501119900000,1501119959000,1.31167,1.31168,1.3115,1.3116,72540000,1
1501119960000,1501120019000,1.31156,1.31162,1.31149,1.3115,56980000,1
1501120020000,1501120079000,1.31148,1.31154,1.31141,1.31145,60380000,1
1501120080000,1501120139000,1.31145,1.31149,1.31138,1.31141,133190000,1
1501120140000,1501120199000,1.3114,1.31174,1.3114,1.31168,115320000,1
1501120200000,1501120259000,1.31168,1.31201,1.31168,1.31199,45000000,1
1501120260000,1501120319000,1.31199,1.31203,1.31196,1.31203,58000000,1
1501120320000,1501120379000,1.31203,1.3121,1.3117,1.31171,113750000,1
1501120380000,1501120439000,1.3117,1.3117,1.31149,1.31161,138590000,1
1501120440000,1501120499000,1.31161,1.31177,1.31159,1.31176,122630000,1
1501120500000,1501120559000,1.31174,1.3119,1.31174,1.3119,59870000,1
1501120560000,1501120619000,1.31189,1.31214,1.31185,1.31214,94060000,1
1501120620000,1501120679000,1.31211,1.3125,1.31211,1.3125,179040000,1
1501120680000,1501120739000,1.31252,1.31252,1.31225,1.31225,155910000,1
1501120740000,1501120799000,1.31225,1.3123,1.31223,1.31229,133160000,1
1501120800000,1501120859000,1.31229,1.31229,1.31178,1.3118,167700000,1
1501120860000,1501120919000,1.3118,1.31219,1.31173,1.31213,245960000,1
1501120920000,1501120979000,1.31214,1.31227,1.31212,1.31214,134460000,1
1501120980000,1501121039000,1.31213,1.3124,1.31191,1.31238,129060000,1
1501121040000,1501121099000,1.31238,1.31284,1.31231,1.31238,167860000,1
1501121100000,1501121159000,1.31239,1.31341,1.31233,1.31314,234460000,1
1501121160000,1501121219000,1.31316,1.31352,1.31291,1.31341,191840000,1
1501121220000,1501121279000,1.31343,1.31355,1.31322,1.31334,146940000,1
1501121280000,1501121339000,1.31328,1.3134,1.31301,1.31324,150070000,1
1501121340000,1501121399000,1.31323,1.31325,1.3131,1.3131,88190000,1
1501121400000,1501121459000,1.3131,1.31323,1.31283,1.31323,124180000,1
1501121460000,1501121519000,1.31326,1.31326,1.31311,1.31312,77880000,1
1501121520000,1501121579000,1.31312,1.31324,1.31309,1.3132,119830000,1
1501121580000,1501121639000,1.31324,1.31334,1.31314,1.31318,115980000,1
1501121640000,1501121699000,1.31318,1.31319,1.31301,1.31312,90040000,1
1501121700000,1501121759000,1.31312,1.3133,1.31312,1.3132,74140000,1
1501121760000,1501121819000,1.3132,1.31332,1.31318,1.31327,70500000,1
1501121820000,1501121879000,1.31328,1.3133,1.31293,1.31313,96330000,1
1501121880000,1501121939000,1.31314,1.31314,1.31297,1.313,52470000,1
1501121940000,1501121999000,1.31299,1.31306,1.31295,1.31304,63640000,1
1501122000000,1501122059000,1.31304,1.31313,1.313,1.31311,58840000,1
1501122060000,1501122119000,1.31312,1.31338,1.31311,1.31337,80260000,1
1501122120000,1501122179000,1.31337,1.31339,1.3133,1.31337,69060000,1
1501122180000,1501122239000,1.31334,1.3135,1.31333,1.3135,100900000,1
1501122240000,1501122299000,1.3135,1.31369,1.3135,1.31355,123990000,1
1501122300000,1501122359000,1.31353,1.31356,1.31312,1.31319,123610000,1
1501122360000,1501122419000,1.31319,1.31319,1.31307,1.31309,71960000,1
1501122420000,1501122479000,1.31308,1.31313,1.31308,1.31313,31570000,1
1501122480000,1501122539000,1.31313,1.31323,1.31309,1.31319,54400000,1
1501122540000,1501122599000,1.31317,1.31317,1.31295,1.313,77920000,1
1501122600000,1501122659000,1.31304,1.31314,1.313,1.31309,70380000,1
1501122660000,1501122719000,1.31308,1.31308,1.31298,1.31302,42730000,1
1501122720000,1501122779000,1.31301,1.31327,1.31301,1.31317,42770000,1
1501122780000,1501122839000,1.31318,1.31319,1.31307,1.31307,110860000,1
1501122840000,1501122899000,1.31308,1.3132,1.31307,1.31315,102680000,1
1501122900000,1501122959000,1.31315,1.3134,1.3131,1.31337,107440000,1
1501122960000,1501123019000,1.31338,1.31362,1.31333,1.3136,115370000,1
1501123020000,1501123079000,1.3136,1.31366,1.3136,1.31362,96270000,1
1501123080000,1501123139000,1.31362,1.31364,1.31357,1.31363,52890000,1
1501123140000,1501123199000,1.31362,1.31374,1.31362,1.31369,45340000,1
1501123200000,1501123259000,1.31367,1.31373,1.31367,1.31368,81820000,1
1501123260000,1501123319000,1.31368,1.31411,1.31368,1.31407,257480000,1
1501123320000,1501123379000,1.31407,1.31428,1.31407,1.31425,218000000,1
1501123380000,1501123439000,1.31425,1.31427,1.31416,1.31425,133720000,1
1501123440000,1501123499000,1.31425,1.31444,1.31421,1.31443,168460000,1
1501123500000,1501123559000,1.31447,1.31449,1.31427,1.31438,140860000,1
1501123560000,1501123619000,1.31438,1.31455,1.31437,1.3145,104350000,1
1501123620000,1501123679000,1.31452,1.31489,1.31452,1.31488,218120000,1
1501123680000,1501123739000,1.31488,1.31492,1.31467,1.31469,80450000,1
1501123740000,1501123799000,1.31469,1.31469,1.3146,1.31465,66270000,1
1501123800000,1501123859000,1.31467,1.31472,1.31429,1.31444,137230000,1
1501123860000,1501123919000,1.31441,1.31455,1.3144,1.31449,81100000,1
1501123920000,1501123979000,1.31447,1.31449,1.31437,1.31441,88290000,1
1501123980000,1501124039000,1.31443,1.31444,1.31439,1.31442,52540000,1
1501124040000,1501124099000,1.31445,1.31445,1.31441,1.31445,84040000,1
1501124100000,1501124159000,1.31446,1.31446,1.31442,1.31442,73370000,1
1501124160000,1501124219000,1.31441,1.31444,1.31436,1.31443,49210000,1
1501124220000,1501124279000,1.31442,1.31442,1.31441,1.31441,11800000,1
1501124280000,1501124339000,1.31441,1.31442,1.31439,1.31441,28780000,1
1501124340000,1501124399000,1.31441,1.31446,1.31437,1.31445,54770000,1
1501124400000,1501124459000,1.31445,1.31445,1.3144,1.3144,36730000,1
1501124460000,1501124519000,1.31441,1.31446,1.3144,1.31446,34100000,1
1501124520000,1501124579000,1.31444,1.31444,1.31432,1.31443,77010000,1
1501124580000,1501124639000,1.31443,1.31444,1.31441,1.31444,28590000,1
1501124640000,1501124699000,1.31442,1.31442,1.31432,1.31432,31990000,1
1501124700000,1501124759000,1.31431,1.31437,1.3143,1.31435,48120000,1
1501124760000,1501124819000,1.31435,1.31446,1.31433,1.31438,82600000,1
1501124820000,1501124879000,1.31438,1.31452,1.31438,1.31447,49750000,1
1501124880000,1501124939000,1.31445,1.31445,1.31441,1.31445,37120000,1
1501124940000,1501124999000,1.31445,1.31445,1.31443,1.31443,18740000,1
1501125000000,1501125059000,1.31443,1.31444,1.31437,1.31443,39200000,1
1501125060000,1501125119000,1.31443,1.31472,1.31443,1.31468,46930000,1
1501125120000,1501125179000,1.31467,1.31474,1.31461,1.31474,48260000,1
1501125180000,1501125239000,1.31474,1.31477,1.3146,1.31468,140950000,1
1501125240000,1501125299000,1.31468,1.31474,1.31465,1.31468,150090000,1
1501125300000,1501125359000,1.31468,1.31468,1.31453,1.31453,92880000,1
1501125360000,1501125419000,1.31453,1.31458,1.31453,1.31455,28750000,1
1501125420000,1501125479000,1.31454,1.31456,1.31452,1.31454,47620000,1
1501125480000,1501125539000,1.31454,1.31464,1.31454,1.31464,49540000,1
1501125540000,1501125599000,1.31464,1.31469,1.31451,1.31453,52910000,1
1501125600000,1501125659000,1.31453,1.31456,1.31446,1.31452,37110000,1
1501125660000,1501125719000,1.31453,1.31455,1.3144,1.31443,42000000,1
1501125720000,1501125779000,1.31444,1.31451,1.31441,1.31443,63170000,1
1501125780000,1501125839000,1.31443,1.31444,1.31432,1.31435,54280000,1
1501125840000,1501125899000,1.31433,1.31435,1.31433,1.31435,18220000,1
1501125900000,1501125959000,1.31434,1.31437,1.31433,1.31437,17500000,1
1501125960000,1501126019000,1.31436,1.31439,1.31435,1.31437,17000000,1
1501126020000,1501126079000,1.31437,1.31438,1.31436,1.31436,23000000,1
1501126080000,1501126139000,1.31436,1.31445,1.31431,1.31439,37920000,1
1501126140000,1501126199000,1.31439,1.3144,1.31439,1.3144,15000000,1
1501126200000,1501126259000,1.3144,1.31443,1.31436,1.31439,64210000,1
1501126260000,1501126319000,1.31439,1.31446,1.31437,1.31442,48660000,1
1501126320000,1501126379000,1.31445,1.31464,1.31444,1.31461,64550000,1
1501126380000,1501126439000,1.31459,1.31469,1.3145,1.31464,78650000,1
1501126440000,1501126499000,1.31464,1.3147,1.31464,1.31465,76280000,1
1501126500000,1501126559000,1.31465,1.31474,1.31457,1.31472,56460000,1
1501126560000,1501126619000,1.31471,1.31514,1.31469,1.31496,160700000,1
1501126620000,1501126679000,1.31501,1.31524,1.31498,1.31508,250560000,1
1501126680000,1501126739000,1.31508,1.31568,1.31506,1.31564,175830000,1
1501126740000,1501126799000,1.31564,1.31574,1.31525,1.31533,141940000,1
1501126800000,1501126859000,1.31531,1.31532,1.31512,1.31528,103970000,1
1501126860000,1501126919000,1.31528,1.31538,1.3152,1.31531,114520000,1
1501126920000,1501126979000,1.31531,1.31538,1.31527,1.31536,68490000,1
1501126980000,1501127039000,1.31537,1.31539,1.31525,1.31527,75210000,1
1501127040000,1501127099000,1.31528,1.31528,1.31519,1.31519,84290000,1
1501127100000,1501127159000,1.3152,1.3152,1.31495,1.31495,92520000,1
1501127160000,1501127219000,1.31496,1.31496,1.31482,1.31494,81690000,1
1501127220000,1501127279000,1.31492,1.31492,1.31462,1.31472,99240000,1
1501127280000,1501127339000,1.31478,1.31501,1.31468,1.3148,166290000,1
1501127340000,1501127399000,1.3148,1.31483,1.3146,1.31465,163340000,1
1501127400000,1501127459000,1.31465,1.31486,1.31459,1.31464,154350000,1
1501127460000,1501127519000,1.31465,1.31472,1.31462,1.31471,108300000,1
1501127520000,1501127579000,1.31471,1.31483,1.31456,1.31468,106130000,1
1501127580000,1501127639000,1.31467,1.31468,1.31461,1.31465,93270000,1
1501127640000,1501127699000,1.31466,1.31485,1.31464,1.31481,105620000,1
1501127700000,1501127759000,1.31482,1.31533,1.31482,1.31527,138790000,1
1501127760000,1501127819000,1.31527,1.31527,1.31503,1.31503,93900000,1
1501127820000,1501127879000,1.31504,1.31507,1.31491,1.315,148170000,1
1501127880000,1501127939000,1.315,1.31513,1.31499,1.315,104100000,1
1501127940000,1501127999000,1.31499,1.31502,1.31483,1.31495,91460000,1
1501128000000,1501128059000,1.31495,1.31524,1.31495,1.31524,100790000,1
1501128060000,1501128119000,1.31523,1.3153,1.31507,1.31515,129990000,1
1501128120000,1501128179000,1.31516,1.31516,1.31505,1.31506,80440000,1
1501128180000,1501128239000,1.31505,1.31506,1.3149,1.31493,61130000,1
1501128240000,1501128299000,1.31493,1.31497,1.31486,1.31493,35500000,1
1501128300000,1501128359000,1.31493,1.31496,1.31491,1.31495,50000000,1
1501128360000,1501128419000,1.31495,1.31511,1.31495,1.31509,63200000,1
1501128420000,1501128479000,1.31509,1.31537,1.31508,1.31512,98280000,1
1501128480000,1501128539000,1.31512,1.31517,1.31511,1.31514,34910000,1
1501128540000,1501128599000,1.31515,1.31515,1.3151,1.3151,21400000,1
1501128600000,1501128659000,1.31512,1.31513,1.31499,1.31499,54610000,1
1501128660000,1501128719000,1.31498,1.31507,1.31496,1.31502,56390000,1
1501128720000,1501128779000,1.31501,1.31506,1.315,1.31503,35440000,1
1501128780000,1501128839000,1.31503,1.3151,1.31498,1.31506,55730000,1
1501128840000,1501128899000,1.31505,1.31514,1.31504,1.31514,68250000,1
1501128900000,1501128959000,1.31516,1.31523,1.31512,1.3152,144310000,1
1501128960000,1501129019000,1.3152,1.31533,1.31493,1.31495,161470000,1
1501129020000,1501129079000,1.31496,1.31506,1.31468,1.31468,118520000,1
1501129080000,1501129139000,1.31468,1.3147,1.31457,1.3146,112510000,1
1501129140000,1501129199000,1.3146,1.31465,1.31457,1.31459,69510000,1
1501129200000,1501129259000,1.31459,1.31486,1.31453,1.31461,111480000,1
1501129260000,1501129319000,1.31463,1.31477,1.31461,1.31476,65000000,1
1501129320000,1501129379000,1.31475,1.31475,1.3147,1.31472,72360000,1
1501129380000,1501129439000,1.3147,1.31475,1.31452,1.31455,82020000,1
1501129440000,1501129499000,1.31455,1.31461,1.31454,1.3146,111390000,1
1501129500000,1501129559000,1.31462,1.31468,1.31461,1.31462,76130000,1
1501129560000,1501129619000,1.31462,1.31462,1.31441,1.31443,54740000,1
1501129620000,1501129679000,1.31443,1.31463,1.31443,1.31453,83370000,1
1501129680000,1501129739000,1.31454,1.31457,1.31452,1.31456,44500000,1
1501129740000,1501129799000,1.31456,1.31459,1.31444,1.31452,74910000,1
1501129800000,1501129859000,1.31451,1.31455,1.31447,1.31451,64800000,1
1501129860000,1501129919000,1.3145,1.31451,1.31447,1.31451,46260000,1
1501129920000,1501129979000,1.31451,1.31457,1.31449,1.31455,26500000,1
1501129980000,1501130039000,1.31455,1.31473,1.31454,1.31467,56450000,1
1501130040000,1501130099000,1.31467,1.31469,1.31457,1.31464,49250000,1
1501130100000,1501130159000,1.31464,1.31488,1.31464,1.31476,58270000,1
1501130160000,1501130219000,1.31477,1.31488,1.31477,1.31484,60160000,1
1501130220000,1501130279000,1.31484,1.31485,1.31481,1.31484,36000000,1
1501130280000,1501130339000,1.31484,1.31484,1.31482,1.31482,28360000,1
1501130340000,1501130399000,1.31484,1.31496,1.31476,1.31482,123390000,1
1501130400000,1501130459000,1.31483,1.31483,1.31478,1.31479,45500000,1
1501130460000,1501130519000,1.31478,1.31483,1.31475,1.31481,93460000,1
1501130520000,1501130579000,1.31482,1.31482,1.31458,1.31463,82140000,1
1501130580000,1501130639000,1.31463,1.31463,1.31447,1.31459,87350000,1
1501130640000,1501130699000,1.31461,1.31463,1.31446,1.31446,105130000,1
1501130700000,1501130759000,1.31446,1.31461,1.31446,1.31459,126640000,1
1501130760000,1501130819000,1.31459,1.31459,1.31437,1.31437,83920000,1
1501130820000,1501130879000,1.31437,1.31443,1.31434,1.31443,61480000,1
1501130880000,1501130939000,1.31443,1.31455,1.31436,1.31455,73300000,1
1501130940000,1501130999000,1.31455,1.31456,1.31436,1.31442,110650000,1
1501131000000,1501131059000,1.31441,1.31441,1.31431,1.31431,96170000,1
1501131060000,1501131119000,1.31431,1.31438,1.31423,1.31428,130070000,1
1501131120000,1501131179000,1.31429,1.31434,1.31415,1.31417,164420000,1
1501131180000,1501131239000,1.31417,1.31442,1.31403,1.31423,127460000,1
1501131240000,1501131299000,1.31423,1.31438,1.31423,1.31431,62380000,1
1501131300000,1501131359000,1.31431,1.31432,1.31423,1.31423,73390000,1
1501131360000,1501131419000,1.31422,1.31426,1.31396,1.31403,137070000,1
1501131420000,1501131479000,1.31403,1.31423,1.3139,1.31395,105090000,1
1501131480000,1501131539000,1.31393,1.31411,1.31391,1.31407,57680000,1
1501131540000,1501131599000,1.31407,1.3144,1.31407,1.31422,112600000,1
1501131600000,1501131659000,1.31423,1.31436,1.31414,1.31436,85800000,1
1501131660000,1501131719000,1.31436,1.31451,1.3143,1.3145,85940000,1
1501131720000,1501131779000,1.31451,1.31455,1.3145,1.31452,82890000,1
1501131780000,1501131839000,1.31452,1.31453,1.31426,1.31442,119030000,1
1501131840000,1501131899000,1.3144,1.31441,1.31434,1.31438,46230000,1
1501131900000,1501131959000,1.31438,1.31438,1.31418,1.31419,69010000,1
1501131960000,1501132019000,1.31417,1.31417,1.31396,1.31401,69940000,1
1501132020000,1501132079000,1.31401,1.31401,1.31382,1.31388,84190000,1
1501132080000,1501132139000,1.31388,1.31389,1.31385,1.31388,26000000,1
1501132140000,1501132199000,1.31388,1.31404,1.31388,1.31393,40440000,1
1501132200000,1501132259000,1.31394,1.31408,1.31393,1.31405,42450000,1
1501132260000,1501132319000,1.31405,1.31418,1.31405,1.31413,57640000,1
1501132320000,1501132379000,1.31413,1.31417,1.31412,1.31417,43880000,1
1501132380000,1501132439000,1.31417,1.31417,1.31401,1.31404,113150000,1
1501132440000,1501132499000,1.31403,1.31419,1.314,1.31414,65560000,1
1501132500000,1501132559000,1.31417,1.31422,1.31414,1.3142,47920000,1
1501132560000,1501132619000,1.3142,1.31442,1.3142,1.31436,124960000,1
1501132620000,1501132679000,1.31434,1.31435,1.31422,1.31431,105160000,1
1501132680000,1501132739000,1.31431,1.31452,1.31431,1.31452,131560000,1
1501132740000,1501132799000,1.3145,1.31453,1.31444,1.31447,63400000,1
1501132800000,1501132859000,1.31448,1.31453,1.31441,1.31441,86250000,1
1501132860000,1501132919000,1.31441,1.31441,1.31403,1.31403,121770000,1
1501132920000,1501132979000,1.31404,1.31408,1.31402,1.31405,124760000,1
1501132980000,1501133039000,1.31405,1.31411,1.31405,1.31409,76480000,1
1501133040000,1501133099000,1.31409,1.31412,1.31409,1.3141,60630000,1
1501133100000,1501133159000,1.3141,1.31412,1.31406,1.31409,86800000,1
1501133160000,1501133219000,1.3141,1.31414,1.3141,1.3141,18930000,1
1501133220000,1501133279000,1.31412,1.31414,1.31409,1.31412,112060000,1
1501133280000,1501133339000,1.31411,1.31422,1.3141,1.31419,53590000,1
1501133340000,1501133399000,1.3142,1.31425,1.31418,1.31423,38510000,1
1501133400000,1501133459000,1.31422,1.31433,1.31422,1.31433,27500000,1
1501133460000,1501133519000,1.31433,1.31434,1.31431,1.31433,31350000,1
1501133520000,1501133579000,1.31432,1.31442,1.31432,1.31441,29000000,1
1501133580000,1501133639000,1.31441,1.31444,1.3144,1.31442,22420000,1
1501133640000,1501133699000,1.31442,1.31443,1.31422,1.31423,84390000,1
1501133700000,1501133759000,1.31423,1.31433,1.31422,1.31427,97530000,1
1501133760000,1501133819000,1.31427,1.31437,1.31427,1.31437,67750000,1
1501133820000,1501133879000,1.31437,1.31452,1.3143,1.31433,97590000,1
1501133880000,1501133939000,1.31434,1.31453,1.31434,1.31452,57370000,1
1501133940000,1501133999000,1.31453,1.31453,1.31437,1.31437,38480000,1
1501134000000,1501134059000,1.3144,1.3144,1.31433,1.31433,35550000,1
1501134060000,1501134119000,1.31433,1.31461,1.31432,1.31438,117660000,1
1501134120000,1501134179000,1.31437,1.31442,1.31433,1.31433,66760000,1
1501134180000,1501134239000,1.31432,1.31438,1.31387,1.31387,77830000,1
1501134240000,1501134299000,1.31388,1.31393,1.3138,1.31384,80570000,1
1501134300000,1501134359000,1.31384,1.31455,1.31384,1.31436,139870000,1
1501134360000,1501134419000,1.31436,1.31445,1.31425,1.31434,109590000,1
1501134420000,1501134479000,1.31435,1.31435,1.31417,1.31424,102290000,1
1501134480000,1501134539000,1.31424,1.31424,1.31412,1.31413,52460000,1
1501134540000,1501134599000,1.31413,1.31413,1.31408,1.31408,70600000,1
1501134600000,1501134659000,1.31408,1.31414,1.31408,1.31409,137190000,1
1501134660000,1501134719000,1.3141,1.31417,1.31409,1.31411,84610000,1
1501134720000,1501134779000,1.31409,1.31423,1.31408,1.31422,125680000,1
1501134780000,1501134839000,1.31422,1.31429,1.31418,1.3142,103540000,1
1501134840000,1501134899000,1.3142,1.31423,1.31409,1.31409,91690000,1
1501134900000,1501134959000,1.31409,1.31409,1.31386,1.31389,100280000,1
1501134960000,1501135019000,1.31389,1.31402,1.31388,1.31391,179330000,1
1501135020000,1501135079000,1.31391,1.31393,1.31384,1.31392,42990000,1
1501135080000,1501135139000,1.3139,1.31412,1.31387,1.31409,109070000,1
1501135140000,1501135199000,1.31409,1.31418,1.31397,1.31403,63700000,1
1501135200000,1501135259000,1.314,1.31403,1.3139,1.31402,85540000,1
1501135260000,1501135319000,1.31403,1.31403,1.31395,1.314,89570000,1
1501135320000,1501135379000,1.314,1.31443,1.314,1.31442,153420000,1
1501135380000,1501135439000,1.31442,1.31448,1.31422,1.31441,152340000,1
1501135440000,1501135499000,1.3144,1.3144,1.31392,1.31392,122000000,1
1501135500000,1501135559000,1.31392,1.31394,1.31348,1.31358,174280000,1
1501135560000,1501135619000,1.31364,1.3139,1.31341,1.3139,200470000,1
1501135620000,1501135679000,1.3139,1.3139,1.31321,1.31329,199110000,1
1501135680000,1501135739000,1.31332,1.31346,1.31321,1.31322,112050000,1
1501135740000,1501135799000,1.31322,1.3133,1.31307,1.31314,162320000,1
1501135800000,1501135859000,1.31313,1.31349,1.31313,1.3134,163520000,1
1501135860000,1501135919000,1.31339,1.31341,1.3132,1.31323,91140000,1
1501135920000,1501135979000,1.31323,1.31344,1.31321,1.31321,73120000,1
1501135980000,1501136039000,1.31322,1.31344,1.31322,1.31343,124390000,1
1501136040000,1501136099000,1.31345,1.31354,1.31342,1.31351,78080000,1
1501136100000,1501136159000,1.31351,1.31355,1.31342,1.31342,92530000,1
1501136160000,1501136219000,1.31343,1.31352,1.31339,1.31352,135740000,1
1501136220000,1501136279000,1.31352,1.31372,1.31343,1.3136,111840000,1
1501136280000,1501136339000,1.3136,1.31364,1.31342,1.31343,99020000,1
1501136340000,1501136399000,1.31344,1.31345,1.31333,1.3134,110370000,1
1501136400000,1501136459000,1.3134,1.31342,1.31326,1.31327,131030000,1
1501136460000,1501136519000,1.31325,1.31328,1.31306,1.31308,149170000,1
1501136520000,1501136579000,1.31307,1.31323,1.31297,1.31322,171530000,1
1501136580000,1501136639000,1.31322,1.31343,1.31322,1.31332,106810000,1
1501136640000,1501136699000,1.31332,1.31359,1.31332,1.31353,109370000,1
1501136700000,1501136759000,1.31353,1.3136,1.3134,1.31341,104740000,1
1501136760000,1501136819000,1.31341,1.31375,1.31341,1.31375,112000000,1
1501136820000,1501136879000,1.31377,1.31393,1.31368,1.31392,86810000,1
1501136880000,1501136939000,1.31392,1.31417,1.31392,1.31414,162910000,1
1501136940000,1501136999000,1.31413,1.31434,1.3141,1.31424,148700000,1
1501137000000,1501137059000,1.31424,1.31424,1.31377,1.31385,149730000,1
1501137060000,1501137119000,1.31385,1.31395,1.31385,1.31393,94350000,1
1501137120000,1501137179000,1.31392,1.31397,1.31385,1.31385,92710000,1
1501137180000,1501137239000,1.31384,1.31388,1.31384,1.31385,50500000,1
1501137240000,1501137299000,1.31385,1.31398,1.31385,1.31392,67320000,1
1501137300000,1501137359000,1.31392,1.31397,1.31374,1.31377,145850000,1
1501137360000,1501137419000,1.31381,1.31383,1.31363,1.31367,102580000,1
1501137420000,1501137479000,1.31366,1.31376,1.3136,1.31375,76320000,1
1501137480000,1501137539000,1.31375,1.31375,1.31367,1.3137,72920000,1
1501137540000,1501137599000,1.3137,1.31373,1.31361,1.31364,129250000,1
1501137600000,1501137659000,1.31363,1.31365,1.31338,1.31365,189790000,1
1501137660000,1501137719000,1.31365,1.31366,1.31333,1.31357,276400000,1
1501137720000,1501137779000,1.31359,1.31359,1.31336,1.31355,177210000,1
1501137780000,1501137839000,1.31354,1.31357,1.31351,1.31353,114110000,1
1501137840000,1501137899000,1.31353,1.31368,1.31352,1.31367,105060000,1
1501137900000,1501137959000,1.31367,1.31379,1.3136,1.31378,166120000,1
1501137960000,1501138019000,1.31378,1.31378,1.31355,1.31355,222490000,1
1501138020000,1501138079000,1.31354,1.31361,1.31341,1.31348,164220000,1
1501138080000,1501138139000,1.31345,1.31371,1.31328,1.31328,153360000,1
1501138140000,1501138199000,1.31326,1.31398,1.31326,1.31396,248630000,1
1501138200000,1501138259000,1.31396,1.31428,1.31371,1.31379,150940000,1
1501138260000,1501138319000,1.3138,1.314,1.3138,1.31395,98380000,1
1501138320000,1501138379000,1.31394,1.31411,1.31392,1.31409,64110000,1
1501138380000,1501138439000,1.31407,1.31407,1.31385,1.31387,85110000,1
1501138440000,1501138499000,1.31388,1.31419,1.31384,1.31415,165690000,1
1501138500000,1501138559000,1.31415,1.31428,1.31407,1.31425,168700000,1
1501138560000,1501138619000,1.31425,1.3143,1.31402,1.31404,143720000,1
1501138620000,1501138679000,1.31404,1.31443,1.31401,1.31441,124640000,1
1501138680000,1501138739000,1.31441,1.31452,1.31428,1.31428,135990000,1
1501138740000,1501138799000,1.31428,1.31455,1.31418,1.31447,136080000,1
1501138800000,1501138859000,1.31447,1.31478,1.31409,1.31472,321420000,1
1501138860000,1501138919000,1.31474,1.31503,1.31471,1.31488,275730000,1
1501138920000,1501138979000,1.31487,1.31494,1.3146,1.31463,219110000,1
1501138980000,1501139039000,1.31461,1.31465,1.31438,1.3144,181450000,1
1501139040000,1501139099000,1.31442,1.31443,1.31395,1.31395,242550000,1
1501139100000,1501139159000,1.31394,1.31405,1.31384,1.31399,204010000,1
1501139160000,1501139219000,1.314,1.3141,1.31375,1.31376,192910000,1
1501139220000,1501139279000,1.31376,1.31385,1.31365,1.31367,177990000,1
1501139280000,1501139339000,1.31367,1.31367,1.31342,1.31355,115600000,1
1501139340000,1501139399000,1.31355,1.31367,1.31333,1.31357,112240000,1
1501139400000,1501139459000,1.31358,1.31358,1.31333,1.31336,133250000,1
1501139460000,1501139519000,1.31335,1.31376,1.31333,1.31345,222250000,1
1501139520000,1501139579000,1.31344,1.31345,1.31323,1.31323,97570000,1
1501139580000,1501139639000,1.31325,1.31358,1.31322,1.31355,121630000,1
1501139640000,1501139699000,1.31355,1.31384,1.31355,1.31376,319790000,1
1501139700000,1501139759000,1.31376,1.3138,1.3133,1.31353,258570000,1
1501139760000,1501139819000,1.31353,1.31372,1.3134,1.31363,245530000,1
1501139820000,1501139879000,1.31357,1.31358,1.31334,1.31341,270760000,1
1501139880000,1501139939000,1.31341,1.31349,1.31324,1.31347,194510000,1
1501139940000,1501139999000,1.31347,1.31389,1.31347,1.31375,155950000,1
1501140000000,1501140059000,1.31375,1.31376,1.31331,1.31333,177310000,1
1501140060000,1501140119000,1.31333,1.31333,1.3128,1.31285,171340000,1
1501140120000,1501140179000,1.31284,1.31291,1.31253,1.31257,137690000,1
1501140180000,1501140239000,1.31255,1.31265,1.31253,1.31261,123580000,1
1501140240000,1501140299000,1.31263,1.31265,1.31253,1.31256,110880000,1
1501140300000,1501140359000,1.31256,1.31305,1.31242,1.31303,162540000,1
1501140360000,1501140419000,1.31304,1.31305,1.31272,1.31282,93530000,1
1501140420000,1501140479000,1.31283,1.31306,1.3128,1.31303,102630000,1
1501140480000,1501140539000,1.31302,1.31325,1.31302,1.31315,131270000,1
1501140540000,1501140599000,1.31315,1.31316,1.31283,1.31283,106210000,1
1501140600000,1501140659000,1.31283,1.31313,1.31275,1.31313,173150000,1
1501140660000,1501140719000,1.31313,1.31347,1.31305,1.31347,244200000,1
1501140720000,1501140779000,1.31348,1.31406,1.31346,1.31398,305540000,1
1501140780000,1501140839000,1.31396,1.31407,1.31383,1.31384,217910000,1
1501140840000,1501140899000,1.31384,1.31404,1.31375,1.3139,137470000,1
1501140900000,1501140959000,1.3139,1.31391,1.31378,1.31383,141990000,1
1501140960000,1501141019000,1.31382,1.3141,1.31378,1.3141,119300000,1
1501141020000,1501141079000,1.31408,1.31436,1.31398,1.31434,147210000,1
1501141080000,1501141139000,1.31432,1.31432,1.3141,1.31428,113600000,1
1501141140000,1501141199000,1.31428,1.3144,1.31423,1.31424,67190000,1
1501141200000,1501141259000,1.31427,1.31439,1.31393,1.31394,157880000,1
1501141260000,1501141319000,1.31394,1.31401,1.31371,1.31385,215140000,1
1501141320000,1501141379000,1.31386,1.3139,1.31361,1.3138,222050000,1
1501141380000,1501141439000,1.31385,1.31396,1.31361,1.31361,166930000,1
1501141440000,1501141499000,1.31362,1.31397,1.31309,1.31309,226010000,1
1501141500000,1501141559000,1.3131,1.31322,1.31269,1.31283,154080000,1
1501141560000,1501141619000,1.31283,1.31327,1.31283,1.31325,92510000,1
1501141620000,1501141679000,1.31326,1.31331,1.3132,1.3133,138100000,1
1501141680000,1501141739000,1.31328,1.31333,1.3132,1.31322,127930000,1
1501141740000,1501141799000,1.3132,1.31325,1.31304,1.31323,83600000,1
1501141800000,1501141859000,1.31323,1.31343,1.31323,1.31331,113820000,1
1501141860000,1501141919000,1.31332,1.31351,1.31332,1.31347,110200000,1
1501141920000,1501141979000,1.31344,1.31354,1.31341,1.31352,105760000,1
1501141980000,1501142039000,1.31348,1.31371,1.31342,1.31362,118710000,1
1501142040000,1501142099000,1.31361,1.31393,1.31357,1.31386,131950000,1
1501142100000,1501142159000,1.31386,1.3139,1.31373,1.31373,53990000,1
1501142160000,1501142219000,1.31373,1.31396,1.31372,1.31385,293960000,1
1501142220000,1501142279000,1.31385,1.31386,1.31357,1.31369,116830000,1
1501142280000,1501142339000,1.31372,1.31375,1.31358,1.31374,57890000,1
1501142340000,1501142399000,1.31375,1.31375,1.31353,1.31354,71200000,1
1501142400000,1501142459000,1.3135,1.31368,1.31345,1.31349,91940000,1
1501142460000,1501142519000,1.31348,1.31378,1.31348,1.31375,89340000,1
1501142520000,1501142579000,1.31374,1.31376,1.3136,1.31373,116080000,1
1501142580000,1501142639000,1.31373,1.31392,1.31373,1.31388,60200000,1
1501142640000,1501142699000,1.31388,1.31389,1.31372,1.31373,141190000,1
1501142700000,1501142759000,1.31374,1.31386,1.31363,1.31377,95650000,1
1501142760000,1501142819000,1.31379,1.31392,1.31378,1.31385,88770000,1
1501142820000,1501142879000,1.31385,1.31385,1.31363,1.31364,121530000,1
1501142880000,1501142939000,1.31364,1.31375,1.31364,1.31375,78060000,1
1501142940000,1501142999000,1.31375,1.31395,1.31373,1.31393,73000000,1
1501143000000,1501143059000,1.31392,1.31395,1.31376,1.31382,97910000,1
1501143060000,1501143119000,1.31382,1.31385,1.31357,1.31357,138540000,1
1501143120000,1501143179000,1.31357,1.31378,1.31357,1.31378,96380000,1
1501143180000,1501143239000,1.31378,1.31385,1.31366,1.31366,61000000,1
1501143240000,1501143299000,1.31366,1.31366,1.31295,1.31345,272260000,1
1501143300000,1501143359000,1.31348,1.31363,1.31341,1.31342,195330000,1
1501143360000,1501143419000,1.31341,1.31355,1.3134,1.31345,118630000,1
1501143420000,1501143479000,1.31345,1.31365,1.31343,1.3136,134860000,1
1501143480000,1501143539000,1.31362,1.31366,1.31339,1.31344,120490000,1
1501143540000,1501143599000,1.31344,1.31356,1.31344,1.31347,140500000,1
1501143600000,1501143659000,1.31347,1.31354,1.31342,1.31353,126000000,1
1501143660000,1501143719000,1.31353,1.31355,1.31333,1.31348,132690000,1
1501143720000,1501143779000,1.31348,1.31379,1.31348,1.31356,125470000,1
1501143780000,1501143839000,1.31365,1.31368,1.31343,1.31353,154020000,1
1501143840000,1501143899000,1.31353,1.31362,1.31347,1.3135,99760000,1
1501143900000,1501143959000,1.31356,1.31409,1.31353,1.31397,95030000,1
1501143960000,1501144019000,1.31395,1.31407,1.31357,1.31363,206650000,1
1501144020000,1501144079000,1.31364,1.31386,1.31358,1.31367,106870000,1
1501144080000,1501144139000,1.31367,1.3138,1.31347,1.31364,208050000,1
1501144140000,1501144199000,1.31364,1.31365,1.31323,1.31335,198080000,1
1501144200000,1501144259000,1.31334,1.31375,1.31321,1.31373,172950000,1
1501144260000,1501144319000,1.31373,1.31407,1.31366,1.31401,186280000,1
1501144320000,1501144379000,1.31402,1.31409,1.31379,1.31381,136090000,1
1501144380000,1501144439000,1.31381,1.31424,1.31379,1.3142,161280000,1
1501144440000,1501144499000,1.31418,1.31422,1.31385,1.31389,131370000,1
1501144500000,1501144559000,1.31387,1.31387,1.31377,1.31384,94670000,1
1501144560000,1501144619000,1.31384,1.31402,1.31379,1.31401,147960000,1
1501144620000,1501144679000,1.31399,1.31401,1.31388,1.3139,122290000,1
1501144680000,1501144739000,1.31391,1.31395,1.31379,1.31379,146370000,1
1501144740000,1501144799000,1.31379,1.3139,1.31363,1.31384,144190000,1
1501144800000,1501144859000,1.31384,1.31388,1.31379,1.31381,87470000,1
1501144860000,1501144919000,1.31381,1.31384,1.31364,1.31364,85960000,1
1501144920000,1501144979000,1.31364,1.3137,1.31353,1.31363,77850000,1
1501144980000,1501145039000,1.31362,1.31397,1.31362,1.3137,124420000,1
1501145040000,1501145099000,1.31371,1.31381,1.31363,1.31368,123470000,1
1501145100000,1501145159000,1.31369,1.31388,1.31362,1.31382,113100000,1
1501145160000,1501145219000,1.31381,1.31401,1.31381,1.31395,77870000,1
1501145220000,1501145279000,1.31396,1.31399,1.31384,1.31386,137810000,1
1501145280000,1501145339000,1.31388,1.31395,1.31388,1.31393,132630000,1
1501145340000,1501145399000,1.31393,1.31407,1.31379,1.31406,109710000,1
1501145400000,1501145459000,1.31406,1.3144,1.31405,1.31408,175700000,1
1501145460000,1501145519000,1.31408,1.31421,1.31392,1.31397,114880000,1
1501145520000,1501145579000,1.31397,1.31408,1.31393,1.31408,72530000,1
1501145580000,1501145639000,1.31407,1.31417,1.31399,1.31409,84750000,1
1501145640000,1501145699000,1.31409,1.3141,1.31404,1.31404,66880000,1
1501145700000,1501145759000,1.31404,1.31407,1.31398,1.314,113990000,1
1501145760000,1501145819000,1.314,1.31415,1.314,1.31408,117970000,1
1501145820000,1501145879000,1.31407,1.31422,1.31395,1.31408,211020000,1
1501145880000,1501145939000,1.31402,1.31402,1.31386,1.31394,108160000,1
1501145940000,1501145999000,1.31394,1.31395,1.3137,1.3137,134510000,1
1501146000000,1501146059000,1.31368,1.31434,1.31365,1.31434,155210000,1
1501146060000,1501146119000,1.31433,1.31434,1.31404,1.31405,109740000,1
1501146120000,1501146179000,1.31404,1.31429,1.314,1.31429,144330000,1
1501146180000,1501146239000,1.31429,1.31429,1.31396,1.31396,96840000,1
1501146240000,1501146299000,1.31397,1.31424,1.3139,1.31423,101380000,1
1501146300000,1501146359000,1.31425,1.31428,1.31382,1.31392,153630000,1
1501146360000,1501146419000,1.31388,1.31448,1.31388,1.31424,158080000,1
1501146420000,1501146479000,1.31424,1.31427,1.31402,1.31422,172630000,1
1501146480000,1501146539000,1.31423,1.31432,1.31409,1.3141,135490000,1
1501146540000,1501146599000,1.31411,1.31412,1.31382,1.31395,117670000,1
1501146600000,1501146659000,1.31395,1.31399,1.31393,1.31394,70910000,1
1501146660000,1501146719000,1.31394,1.31397,1.31378,1.31388,89110000,1
1501146720000,1501146779000,1.31388,1.31389,1.31378,1.31381,68440000,1
1501146780000,1501146839000,1.31381,1.31396,1.31378,1.31395,100100000,1
1501146840000,1501146899000,1.31394,1.31401,1.31374,1.31398,170250000,1
1501146900000,1501146959000,1.31398,1.31407,1.3139,1.31405,128120000,1
1501146960000,1501147019000,1.31406,1.31427,1.31399,1.31403,95130000,1
1501147020000,1501147079000,1.31403,1.31408,1.31393,1.31404,120460000,1
1501147080000,1501147139000,1.31404,1.31417,1.314,1.31417,79300000,1
1501147140000,1501147199000,1.31417,1.3142,1.31407,1.31407,94000000,1
1501147200000,1501147259000,1.31404,1.31426,1.31399,1.314,176320000,1
1501147260000,1501147319000,1.314,1.31406,1.31394,1.31403,114070000,1
1501147320000,1501147379000,1.31404,1.31406,1.31396,1.31396,80790000,1
1501147380000,1501147439000,1.31396,1.31404,1.31393,1.31395,108270000,1
1501147440000,1501147499000,1.31395,1.31395,1.31379,1.31383,102340000,1
1501147500000,1501147559000,1.31386,1.31387,1.31383,1.31386,87040000,1
1501147560000,1501147619000,1.31386,1.31386,1.31373,1.31376,127900000,1
1501147620000,1501147679000,1.31376,1.31382,1.31371,1.3138,73590000,1
1501147680000,1501147739000,1.3138,1.31395,1.31376,1.31378,110380000,1
1501147740000,1501147799000,1.31381,1.31397,1.31376,1.31394,160250000,1
1501147800000,1501147859000,1.31395,1.31415,1.31394,1.31414,107270000,1
1501147860000,1501147919000,1.31415,1.31426,1.31407,1.31414,116370000,1
1501147920000,1501147979000,1.31416,1.3142,1.31414,1.31418,55140000,1
1501147980000,1501148039000,1.31418,1.31428,1.31417,1.31418,58990000,1
1501148040000,1501148099000,1.31418,1.31429,1.31416,1.31428,75310000,1
1501148100000,1501148159000,1.31428,1.31428,1.31394,1.31397,79960000,1
1501148160000,1501148219000,1.31397,1.31419,1.31397,1.31419,103320000,1
1501148220000,1501148279000,1.31418,1.31425,1.31395,1.31399,145850000,1
1501148280000,1501148339000,1.31397,1.31402,1.31393,1.314,85110000,1
1501148340000,1501148399000,1.314,1.31423,1.31394,1.31413,82870000,1
1501148400000,1501148459000,1.31413,1.3142,1.31413,1.31416,49850000,1
1501148460000,1501148519000,1.31414,1.31414,1.31399,1.31399,62120000,1
1501148520000,1501148579000,1.31399,1.31411,1.31395,1.31398,141600000,1
1501148580000,1501148639000,1.31398,1.31405,1.31394,1.31394,58070000,1
1501148640000,1501148699000,1.31395,1.31395,1.31386,1.31388,69400000,1
1501148700000,1501148759000,1.31387,1.31394,1.31384,1.31384,55690000,1
1501148760000,1501148819000,1.31384,1.3139,1.31383,1.31388,128700000,1
1501148820000,1501148879000,1.31388,1.31394,1.31383,1.31384,150460000,1
1501148880000,1501148939000,1.31385,1.31414,1.31384,1.31413,203760000,1
1501148940000,1501148999000,1.31413,1.31414,1.31395,1.31405,197180000,1
1501149000000,1501149059000,1.31404,1.31405,1.31396,1.31398,135120000,1
1501149060000,1501149119000,1.31398,1.31398,1.31387,1.31389,143470000,1
1501149120000,1501149179000,1.31389,1.31389,1.31378,1.31379,104930000,1
1501149180000,1501149239000,1.31379,1.3138,1.31364,1.31371,151410000,1
1501149240000,1501149299000,1.31378,1.31383,1.31359,1.31359,130070000,1
1501149300000,1501149359000,1.31359,1.31364,1.31351,1.31352,89040000,1
1501149360000,1501149419000,1.31353,1.31396,1.31341,1.31379,179580000,1
1501149420000,1501149479000,1.31381,1.31386,1.31365,1.31374,126920000,1
1501149480000,1501149539000,1.31375,1.3138,1.31364,1.31364,100290000,1
1501149540000,1501149599000,1.31364,1.31415,1.31362,1.31408,107080000,1
1501149600000,1501149659000,1.31405,1.31448,1.31405,1.31437,135630000,1
1501149660000,1501149719000,1.31438,1.31441,1.31426,1.31428,111310000,1
1501149720000,1501149779000,1.31427,1.31446,1.31425,1.31445,117720000,1
1501149780000,1501149839000,1.31445,1.31459,1.31437,1.31458,136270000,1
1501149840000,1501149899000,1.31457,1.31474,1.31444,1.31448,157370000,1
1501149900000,1501149959000,1.31449,1.31472,1.31449,1.31471,109440000,1
1501149960000,1501150019000,1.31471,1.31489,1.31463,1.31464,137410000,1
1501150020000,1501150079000,1.31466,1.31474,1.31444,1.31456,115090000,1
1501150080000,1501150139000,1.31457,1.31468,1.31452,1.31457,88140000,1
1501150140000,1501150199000,1.31458,1.31585,1.31458,1.31509,316780000,1
1501150200000,1501150259000,1.31506,1.31525,1.31496,1.31518,192720000,1
1501150260000,1501150319000,1.31521,1.31556,1.31518,1.31527,177340000,1
1501150320000,1501150379000,1.31527,1.31527,1.31497,1.31503,133690000,1
1501150380000,1501150439000,1.31503,1.31514,1.31483,1.31495,153730000,1
1501150440000,1501150499000,1.31496,1.31497,1.31463,1.31465,114990000,1
1501150500000,1501150559000,1.31464,1.31473,1.31457,1.31458,129190000,1
1501150560000,1501150619000,1.31459,1.31468,1.31451,1.31451,100870000,1
1501150620000,1501150679000,1.31452,1.31452,1.31433,1.3144,112910000,1
1501150680000,1501150739000,1.3144,1.31456,1.31439,1.31454,88700000,1
1501150740000,1501150799000,1.31457,1.31457,1.31444,1.31451,122290000,1
1501150800000,1501150859000,1.31451,1.31472,1.31451,1.31454,67630000,1
1501150860000,1501150919000,1.31454,1.31474,1.31454,1.31469,69220000,1
1501150920000,1501150979000,1.31472,1.31507,1.31472,1.31491,114330000,1
1501150980000,1501151039000,1.31487,1.31495,1.31484,1.31494,102680000,1
1501151040000,1501151099000,1.31493,1.31494,1.31483,1.31483,85460000,1
1501151100000,1501151159000,1.31481,1.31484,1.3147,1.31473,109750000,1
1501151160000,1501151219000,1.31475,1.31478,1.31467,1.31476,67810000,1
1501151220000,1501151279000,1.31476,1.31504,1.31473,1.31499,110890000,1
1501151280000,1501151339000,1.31499,1.31515,1.31487,1.31513,129220000,1
1501151340000,1501151399000,1.31516,1.3152,1.31509,1.3151,94370000,1
1501151400000,1501151459000,1.31509,1.3153,1.31495,1.31504,126200000,1
1501151460000,1501151519000,1.31505,1.31509,1.31497,1.31502,89130000,1
1501151520000,1501151579000,1.31502,1.31502,1.31481,1.31488,137370000,1
1501151580000,1501151639000,1.31488,1.31504,1.31483,1.31485,108080000,1
1501151640000,1501151699000,1.31485,1.31485,1.31479,1.31485,45820000,1
1501151700000,1501151759000,1.31484,1.31485,1.31468,1.31468,49220000,1
1501151760000,1501151819000,1.31469,1.31475,1.31469,1.31474,69180000,1
1501151820000,1501151879000,1.31476,1.31491,1.31465,1.31474,88630000,1
1501151880000,1501151939000,1.31475,1.31485,1.31473,1.31473,78040000,1
1501151940000,1501151999000,1.31474,1.31476,1.31468,1.3147,101550000,1
1501152000000,1501152059000,1.3147,1.31482,1.31467,1.31475,105770000,1
1501152060000,1501152119000,1.31475,1.31485,1.31469,1.31472,95180000,1
1501152120000,1501152179000,1.31472,1.31478,1.3147,1.31474,81490000,1
1501152180000,1501152239000,1.31473,1.31488,1.31473,1.31487,246620000,1
1501152240000,1501152299000,1.31488,1.31489,1.31476,1.31486,64840000,1
1501152300000,1501152359000,1.31485,1.31485,1.31475,1.31485,94570000,1
1501152360000,1501152419000,1.31484,1.31496,1.31474,1.31477,83620000,1
1501152420000,1501152479000,1.31476,1.3149,1.31474,1.31486,62000000,1
1501152480000,1501152539000,1.31486,1.31486,1.31464,1.31467,42600000,1
1501152540000,1501152599000,1.31467,1.31467,1.31445,1.31447,87320000,1
1501152600000,1501152659000,1.31445,1.31453,1.31424,1.3143,129120000,1
1501152660000,1501152719000,1.31432,1.31435,1.31422,1.31427,89860000,1
1501152720000,1501152779000,1.31427,1.31458,1.31427,1.31449,165060000,1
1501152780000,1501152839000,1.31449,1.31456,1.31449,1.31456,112860000,1
1501152840000,1501152899000,1.31457,1.31457,1.31454,1.31457,27220000,1
1501152900000,1501152959000,1.31455,1.31457,1.31447,1.31447,57040000,1
1501152960000,1501153019000,1.31445,1.31445,1.31427,1.31427,93370000,1
1501153020000,1501153079000,1.31427,1.31451,1.31408,1.31451,114820000,1
1501153080000,1501153139000,1.31456,1.31494,1.31456,1.31464,136180000,1
1501153140000,1501153199000,1.31463,1.31473,1.31462,1.31472,105470000,1
1501153200000,1501153259000,1.31473,1.31476,1.31462,1.31467,133940000,1
1501153260000,1501153319000,1.31467,1.31479,1.31467,1.3147,146500000,1
1501153320000,1501153379000,1.31471,1.31471,1.31428,1.31434,126350000,1
1501153380000,1501153439000,1.31435,1.31436,1.31423,1.31434,124450000,1
1501153440000,1501153499000,1.31434,1.31475,1.31434,1.31474,69630000,1
1501153500000,1501153559000,1.31472,1.31486,1.31468,1.31481,125320000,1
1501153560000,1501153619000,1.31482,1.31487,1.31475,1.31477,53710000,1
1501153620000,1501153679000,1.31478,1.31478,1.31456,1.31468,82610000,1
1501153680000,1501153739000,1.31468,1.31468,1.31443,1.31443,141370000,1
1501153740000,1501153799000,1.31444,1.31446,1.31424,1.31439,103920000,1
1501153800000,1501153859000,1.31439,1.31451,1.31413,1.31426,148400000,1
1501153860000,1501153919000,1.31428,1.31451,1.31418,1.31451,176640000,1
1501153920000,1501153979000,1.31451,1.31451,1.31427,1.31429,121580000,1
1501153980000,1501154039000,1.31428,1.31434,1.31424,1.31431,90960000,1
1501154040000,1501154099000,1.31432,1.31437,1.31424,1.31425,48910000,1
1501154100000,1501154159000,1.31425,1.31425,1.31406,1.31406,128340000,1
1501154160000,1501154219000,1.31409,1.31416,1.31409,1.31414,82950000,1
1501154220000,1501154279000,1.31414,1.31425,1.31414,1.31425,80920000,1
1501154280000,1501154339000,1.31424,1.31429,1.31414,1.31418,95390000,1
1501154340000,1501154399000,1.31417,1.31429,1.31397,1.31428,131240000,1
1501154400000,1501154459000,1.31428,1.31431,1.31416,1.3142,122610000,1
1501154460000,1501154519000,1.3142,1.3142,1.31381,1.31381,158020000,1
1501154520000,1501154579000,1.31382,1.31392,1.31375,1.31382,84200000,1
1501154580000,1501154639000,1.31382,1.31383,1.31369,1.3137,126590000,1
1501154640000,1501154699000,1.31367,1.31391,1.31362,1.31387,120070000,1
1501154700000,1501154759000,1.31386,1.31393,1.31376,1.31384,61620000,1
1501154760000,1501154819000,1.31384,1.31384,1.31378,1.31383,71500000,1
1501154820000,1501154879000,1.31381,1.31383,1.31362,1.31363,119540000,1
1501154880000,1501154939000,1.31363,1.31379,1.31361,1.31364,84420000,1
1501154940000,1501154999000,1.31363,1.31363,1.31348,1.3135,81080000,1
1501155000000,1501155059000,1.3135,1.31375,1.3135,1.31364,70480000,1
1501155060000,1501155119000,1.31366,1.31387,1.31366,1.31387,82460000,1
1501155120000,1501155179000,1.31391,1.314,1.31382,1.31387,77930000,1
1501155180000,1501155239000,1.31387,1.31387,1.31383,1.31384,61200000,1
1501155240000,1501155299000,1.31383,1.31388,1.31369,1.31375,104110000,1
1501155300000,1501155359000,1.31374,1.31382,1.31373,1.31381,92010000,1
1501155360000,1501155419000,1.31382,1.31388,1.31369,1.31373,74580000,1
1501155420000,1501155479000,1.31374,1.31386,1.31367,1.31385,98500000,1
1501155480000,1501155539000,1.31385,1.31404,1.3138,1.31402,121610000,1
1501155540000,1501155599000,1.314,1.314,1.31389,1.31389,87400000,1
1501155600000,1501155659000,1.31388,1.31408,1.31378,1.31408,90300000,1
1501155660000,1501155719000,1.31414,1.31421,1.31408,1.31409,68470000,1
1501155720000,1501155779000,1.31409,1.31426,1.31409,1.31424,97930000,1
1501155780000,1501155839000,1.31425,1.31438,1.31421,1.31429,76110000,1
1501155840000,1501155899000,1.31429,1.31435,1.31421,1.31425,126040000,1
1501155900000,1501155959000,1.31425,1.31428,1.31394,1.31409,183320000,1
1501155960000,1501156019000,1.31407,1.31417,1.31386,1.31386,167720000,1
1501156020000,1501156079000,1.31386,1.31462,1.31382,1.31454,142030000,1
1501156080000,1501156139000,1.31454,1.31503,1.31444,1.31466,144570000,1
1501156140000,1501156199000,1.31464,1.31473,1.31454,1.3146,222130000,1
1501156200000,1501156259000,1.31459,1.31489,1.31455,1.31478,176610000,1
1501156260000,1501156319000,1.31483,1.31499,1.31462,1.31462,232850000,1
1501156320000,1501156379000,1.31462,1.31472,1.31436,1.31472,194530000,1
1501156380000,1501156439000,1.31474,1.31492,1.31461,1.3147,185700000,1
1501156440000,1501156499000,1.3147,1.31479,1.31468,1.31474,111430000,1
1501156500000,1501156559000,1.31473,1.3148,1.31435,1.31438,171690000,1
1501156560000,1501156619000,1.31437,1.31439,1.31401,1.31401,210260000,1
1501156620000,1501156679000,1.31401,1.31422,1.31399,1.31418,145780000,1
1501156680000,1501156739000,1.31417,1.31448,1.31417,1.31444,107340000,1
1501156740000,1501156799000,1.31445,1.31448,1.31428,1.31431,175290000,1
1501156800000,1501156859000,1.31432,1.31464,1.31432,1.3146,132610000,1
1501156860000,1501156919000,1.3146,1.3146,1.31424,1.31459,181760000,1
1501156920000,1501156979000,1.31459,1.31482,1.31456,1.31474,87740000,1
1501156980000,1501157039000,1.31474,1.31474,1.31435,1.31443,107930000,1
1501157040000,1501157099000,1.31442,1.31444,1.31417,1.31424,107810000,1
1501157100000,1501157159000,1.31424,1.31428,1.31414,1.31422,94660000,1
1501157160000,1501157219000,1.31421,1.31447,1.31419,1.31446,94070000,1
1501157220000,1501157279000,1.31446,1.31477,1.31439,1.31477,65350000,1
1501157280000,1501157339000,1.31478,1.31478,1.31448,1.31452,66610000,1
1501157340000,1501157399000,1.31452,1.31452,1.31434,1.31448,155030000,1
1501157400000,1501157459000,1.31447,1.31448,1.31437,1.31437,160230000,1
1501157460000,1501157519000,1.31438,1.31444,1.3143,1.31434,140540000,1
1501157520000,1501157579000,1.31434,1.31443,1.3143,1.31438,68180000,1
1501157580000,1501157639000,1.31438,1.31439,1.31429,1.31437,113060000,1
1501157640000,1501157699000,1.31438,1.31438,1.31427,1.31428,72330000,1
1501157700000,1501157759000,1.31428,1.31428,1.31384,1.31388,229100000,1
1501157760000,1501157819000,1.3139,1.31395,1.31365,1.31371,133600000,1
1501157820000,1501157879000,1.31371,1.31384,1.31366,1.31373,137860000,1
1501157880000,1501157939000,1.31372,1.3142,1.3137,1.3142,128570000,1
1501157940000,1501157999000,1.31424,1.31453,1.31424,1.31439,205940000,1
1501158000000,1501158059000,1.31438,1.31458,1.31438,1.31452,124890000,1
1501158060000,1501158119000,1.31451,1.31456,1.31445,1.31449,57860000,1
1501158120000,1501158179000,1.31448,1.31503,1.31446,1.31502,243160000,1
1501158180000,1501158239000,1.31501,1.31505,1.31485,1.31494,157370000,1
1501158240000,1501158299000,1.31494,1.31494,1.31465,1.31467,99440000,1
1501158300000,1501158359000,1.31471,1.31504,1.31455,1.31501,131570000,1
1501158360000,1501158419000,1.31505,1.31513,1.31483,1.31493,142380000,1
1501158420000,1501158479000,1.31493,1.31501,1.31479,1.3148,178260000,1
1501158480000,1501158539000,1.31481,1.31483,1.31461,1.31476,105940000,1
1501158540000,1501158599000,1.31477,1.31477,1.3144,1.31448,159020000,1
1501158600000,1501158659000,1.31447,1.31466,1.31411,1.31432,236830000,1
1501158660000,1501158719000,1.31433,1.31442,1.3143,1.31436,153770000,1
1501158720000,1501158779000,1.31436,1.31462,1.31412,1.31412,230150000,1
1501158780000,1501158839000,1.31412,1.31433,1.31402,1.31404,213760000,1
1501158840000,1501158899000,1.31404,1.31412,1.31391,1.31401,211340000,1
1501158900000,1501158959000,1.31401,1.31445,1.31401,1.31435,225860000,1
1501158960000,1501159019000,1.31436,1.31469,1.31436,1.31457,170790000,1
1501159020000,1501159079000,1.31458,1.31494,1.31456,1.31482,148550000,1
1501159080000,1501159139000,1.31482,1.31489,1.31464,1.31475,137090000,1
1501159140000,1501159199000,1.31475,1.31486,1.31447,1.31473,160880000,1
1501159200000,1501159259000,1.31473,1.31488,1.31457,1.31457,143430000,1
1501159260000,1501159319000,1.31456,1.31456,1.31448,1.31452,114810000,1
1501159320000,1501159379000,1.3145,1.31452,1.31428,1.31429,102240000,1
1501159380000,1501159439000,1.31428,1.31463,1.31423,1.31457,165110000,1
1501159440000,1501159499000,1.3146,1.31495,1.31456,1.31487,170380000,1
1501159500000,1501159559000,1.31487,1.31501,1.31483,1.31501,158280000,1
1501159560000,1501159619000,1.31502,1.31504,1.31473,1.31485,140040000,1
1501159620000,1501159679000,1.31485,1.31493,1.3148,1.31482,158830000,1
1501159680000,1501159739000,1.31482,1.31487,1.31478,1.31478,71730000,1
1501159740000,1501159799000,1.31476,1.31483,1.31467,1.31483,67420000,1
1501159800000,1501159859000,1.31483,1.31504,1.31483,1.31498,126190000,1
1501159860000,1501159919000,1.31497,1.31497,1.31461,1.31461,144170000,1
1501159920000,1501159979000,1.3146,1.31498,1.31457,1.31493,123580000,1
1501159980000,1501160039000,1.31491,1.31522,1.31484,1.31505,120860000,1
1501160040000,1501160099000,1.31508,1.31513,1.31484,1.31492,165250000,1
1501160100000,1501160159000,1.31492,1.31497,1.31486,1.31487,97550000,1
1501160160000,1501160219000,1.31485,1.31494,1.31471,1.31492,101050000,1
1501160220000,1501160279000,1.31492,1.31503,1.31486,1.31499,92260000,1
1501160280000,1501160339000,1.31499,1.31527,1.31494,1.31515,190950000,1
1501160340000,1501160399000,1.31516,1.31526,1.31477,1.31482,250830000,1
1501160400000,1501160459000,1.31485,1.31488,1.31467,1.31472,118510000,1
1501160460000,1501160519000,1.31472,1.31472,1.31444,1.31453,77160000,1
1501160520000,1501160579000,1.31453,1.31456,1.31437,1.31443,158130000,1
1501160580000,1501160639000,1.31439,1.31467,1.31415,1.31415,173050000,1
1501160640000,1501160699000,1.31415,1.31427,1.31415,1.3142,131940000,1
1501160700000,1501160759000,1.31422,1.31437,1.31419,1.31421,83250000,1
1501160760000,1501160819000,1.31421,1.31425,1.31419,1.31422,78710000,1
1501160820000,1501160879000,1.31422,1.31424,1.31409,1.31415,105860000,1
1501160880000,1501160939000,1.31416,1.31439,1.31415,1.31437,80310000,1
1501160940000,1501160999000,1.31436,1.31442,1.31419,1.31427,71660000,1
1501161000000,1501161059000,1.31427,1.31427,1.31409,1.31409,77480000,1
1501161060000,1501161119000,1.31409,1.31409,1.31395,1.31399,65350000,1
1501161120000,1501161179000,1.31397,1.31408,1.31383,1.31388,94360000,1
1501161180000,1501161239000,1.31387,1.31401,1.31384,1.31393,154200000,1
1501161240000,1501161299000,1.31394,1.31398,1.31385,1.31395,138150000,1
1501161300000,1501161359000,1.31395,1.31395,1.31367,1.31367,137220000,1
1501161360000,1501161419000,1.3137,1.31372,1.31357,1.31363,148570000,1
1501161420000,1501161479000,1.31363,1.31371,1.31344,1.31349,150670000,1
1501161480000,1501161539000,1.31354,1.31391,1.31347,1.31383,147790000,1
1501161540000,1501161599000,1.31387,1.31387,1.31363,1.31386,96660000,1
1501161600000,1501161659000,1.31385,1.31385,1.31363,1.31363,124750000,1
1501161660000,1501161719000,1.31364,1.31385,1.31363,1.31364,96940000,1
1501161720000,1501161779000,1.31363,1.31369,1.31354,1.31368,118750000,1
1501161780000,1501161839000,1.31368,1.31397,1.31366,1.31397,86470000,1
1501161840000,1501161899000,1.31396,1.31401,1.31386,1.31386,104310000,1
1501161900000,1501161959000,1.31386,1.31386,1.31373,1.31382,123750000,1
1501161960000,1501162019000,1.31382,1.31382,1.31373,1.31377,96800000,1
1501162020000,1501162079000,1.31377,1.31377,1.31335,1.31336,115240000,1
1501162080000,1501162139000,1.3134,1.31353,1.31335,1.31342,108260000,1
1501162140000,1501162199000,1.31343,1.31343,1.31312,1.31312,121040000,1
1501162200000,1501162259000,1.31313,1.31357,1.31313,1.31345,159960000,1
1501162260000,1501162319000,1.31346,1.3136,1.31343,1.3136,132020000,1
1501162320000,1501162379000,1.31358,1.31375,1.31347,1.31352,222760000,1
1501162380000,1501162439000,1.31352,1.31374,1.31346,1.31373,146220000,1
1501162440000,1501162499000,1.31372,1.31373,1.31355,1.31372,115080000,1
1501162500000,1501162559000,1.31372,1.31385,1.31351,1.31356,270900000,1
1501162560000,1501162619000,1.31356,1.31356,1.31341,1.31341,174520000,1
1501162620000,1501162679000,1.31342,1.31347,1.31331,1.31347,118710000,1
1501162680000,1501162739000,1.31349,1.31373,1.3133,1.31331,189040000,1
1501162740000,1501162799000,1.3133,1.31358,1.31306,1.31348,177080000,1
1501162800000,1501162859000,1.31347,1.31348,1.31319,1.31324,171160000,1
1501162860000,1501162919000,1.31325,1.31335,1.31318,1.31334,76680000,1
1501162920000,1501162979000,1.31335,1.31345,1.31313,1.31333,130110000,1
1501162980000,1501163039000,1.31332,1.31335,1.313,1.31302,111090000,1
1501163040000,1501163099000,1.31306,1.3131,1.31298,1.31302,95110000,1
1501163100000,1501163159000,1.31302,1.31362,1.31302,1.31337,237160000,1
1501163160000,1501163219000,1.31337,1.31337,1.31286,1.31296,147790000,1
1501163220000,1501163279000,1.31296,1.31299,1.31208,1.3122,245930000,1
1501163280000,1501163339000,1.3122,1.3126,1.3122,1.3126,150570000,1
1501163340000,1501163399000,1.3126,1.31261,1.31211,1.31247,181620000,1
1501163400000,1501163459000,1.31246,1.31275,1.31246,1.31274,144760000,1
1501163460000,1501163519000,1.31275,1.31278,1.31267,1.31273,101520000,1
1501163520000,1501163579000,1.31271,1.31284,1.31247,1.31251,146970000,1
1501163580000,1501163639000,1.31251,1.31253,1.31223,1.31233,150930000,1
1501163640000,1501163699000,1.31233,1.31251,1.31201,1.31224,202500000,1
1501163700000,1501163759000,1.31224,1.31257,1.31217,1.31256,142590000,1
1501163760000,1501163819000,1.31257,1.31261,1.31245,1.31248,92860000,1
1501163820000,1501163879000,1.31248,1.31268,1.31237,1.31267,126080000,1
1501163880000,1501163939000,1.31269,1.31283,1.31263,1.31279,116790000,1
1501163940000,1501163999000,1.31281,1.3129,1.31241,1.31267,169000000,1
1501164000000,1501164059000,1.31267,1.31276,1.3125,1.31258,172460000,1
1501164060000,1501164119000,1.31257,1.31264,1.31244,1.31256,97450000,1
1501164120000,1501164179000,1.31258,1.3127,1.31236,1.31237,106720000,1
1501164180000,1501164239000,1.31237,1.31277,1.31237,1.31266,113510000,1
1501164240000,1501164299000,1.31265,1.31268,1.31241,1.31246,94930000,1
1501164300000,1501164359000,1.31247,1.31247,1.31205,1.31209,91900000,1
1501164360000,1501164419000,1.31209,1.31212,1.31202,1.31203,63260000,1
1501164420000,1501164479000,1.31203,1.31203,1.31129,1.31145,208210000,1
1501164480000,1501164539000,1.31144,1.31145,1.31078,1.31105,283430000,1
1501164540000,1501164599000,1.31108,1.31143,1.31104,1.31126,185050000,1
1501164600000,1501164659000,1.31126,1.31134,1.3112,1.31126,146450000,1
1501164660000,1501164719000,1.31126,1.31126,1.31105,1.31105,102050000,1
1501164720000,1501164779000,1.31106,1.31108,1.31091,1.31093,97760000,1
1501164780000,1501164839000,1.31093,1.31105,1.31065,1.31105,144200000,1
1501164840000,1501164899000,1.3111,1.31138,1.3111,1.31132,108450000,1
1501164900000,1501164959000,1.31129,1.3113,1.31103,1.31122,90480000,1
1501164960000,1501165019000,1.31122,1.31151,1.31114,1.31147,111840000,1
1501165020000,1501165079000,1.31148,1.31185,1.31148,1.31177,152750000,1
1501165080000,1501165139000,1.31177,1.31177,1.31139,1.31142,153080000,1
1501165140000,1501165199000,1.31141,1.31145,1.31106,1.31111,135200000,1
1501165200000,1501165259000,1.31112,1.31112,1.31071,1.31096,146280000,1
1501165260000,1501165319000,1.31096,1.31136,1.31094,1.31136,200500000,1
1501165320000,1501165379000,1.31136,1.31136,1.31115,1.31124,116980000,1
1501165380000,1501165439000,1.31121,1.31121,1.31084,1.31086,98570000,1
1501165440000,1501165499000,1.31084,1.31084,1.31035,1.31068,161300000,1
1501165500000,1501165559000,1.31067,1.31078,1.30995,1.31003,247900000,1
1501165560000,1501165619000,1.31009,1.31034,1.31003,1.31014,237100000,1
1501165620000,1501165679000,1.31013,1.31064,1.3101,1.31061,192250000,1
1501165680000,1501165739000,1.31062,1.31068,1.31024,1.31024,190500000,1
1501165740000,1501165799000,1.31022,1.31038,1.30995,1.30995,212050000,1
1501165800000,1501165859000,1.30994,1.30994,1.30952,1.30985,265560000,1
1501165860000,1501165919000,1.30988,1.30995,1.30978,1.30982,194850000,1
1501165920000,1501165979000,1.3098,1.30994,1.3098,1.30989,120090000,1
1501165980000,1501166039000,1.30989,1.30996,1.30972,1.3098,102530000,1
1501166040000,1501166099000,1.30981,1.30995,1.30973,1.30992,120020000,1
1501166100000,1501166159000,1.30992,1.31006,1.30984,1.31006,163110000,1
1501166160000,1501166219000,1.31005,1.3102,1.30994,1.31002,240950000,1
1501166220000,1501166279000,1.31002,1.31028,1.31002,1.31027,146640000,1
1501166280000,1501166339000,1.31026,1.31027,1.31007,1.31014,93350000,1
1501166340000,1501166399000,1.31014,1.31019,1.30995,1.30995,153180000,1
1501166400000,1501166459000,1.30994,1.31007,1.30978,1.30982,170960000,1
1501166460000,1501166519000,1.30983,1.30986,1.30962,1.30975,170530000,1
1501166520000,1501166579000,1.30976,1.30976,1.30895,1.30906,150390000,1
1501166580000,1501166639000,1.30906,1.30938,1.30894,1.30935,247770000,1
1501166640000,1501166699000,1.30934,1.30944,1.30896,1.30896,180550000,1
1501166700000,1501166759000,1.30889,1.30897,1.30873,1.30887,180700000,1
1501166760000,1501166819000,1.30886,1.30887,1.30853,1.30862,169380000,1
1501166820000,1501166879000,1.3086,1.30877,1.30853,1.30867,157550000,1
1501166880000,1501166939000,1.30868,1.3088,1.30847,1.30853,151730000,1
1501166940000,1501166999000,1.30853,1.30882,1.30852,1.30868,208810000,1
1501167000000,1501167059000,1.30868,1.30888,1.30801,1.30812,228010000,1
1501167060000,1501167119000,1.30811,1.30861,1.30807,1.30846,187660000,1
1501167120000,1501167179000,1.30844,1.30855,1.30815,1.30851,211010000,1
1501167180000,1501167239000,1.30849,1.30858,1.30824,1.30831,225930000,1
1501167240000,1501167299000,1.30838,1.30838,1.30803,1.30814,210650000,1
1501167300000,1501167359000,1.30814,1.30824,1.30804,1.30806,181640000,1
1501167360000,1501167419000,1.30805,1.3081,1.308,1.30805,109100000,1
1501167420000,1501167479000,1.30805,1.30813,1.30768,1.3081,249450000,1
1501167480000,1501167539000,1.30811,1.30863,1.30809,1.30857,202940000,1
1501167540000,1501167599000,1.30856,1.3088,1.30835,1.30868,412460000,1
1501167600000,1501167659000,1.30871,1.30911,1.30832,1.30898,258880000,1
1501167660000,1501167719000,1.30897,1.30901,1.30868,1.30879,291820000,1
1501167720000,1501167779000,1.30879,1.30898,1.30852,1.3089,176910000,1
1501167780000,1501167839000,1.3089,1.30962,1.30889,1.30939,192080000,1
1501167840000,1501167899000,1.30938,1.30949,1.30925,1.30929,175970000,1
1501167900000,1501167959000,1.30929,1.30929,1.30882,1.30897,199170000,1
1501167960000,1501168019000,1.30897,1.30911,1.30874,1.309,190550000,1
1501168020000,1501168079000,1.30901,1.30918,1.30898,1.30918,78990000,1
1501168080000,1501168139000,1.30918,1.3092,1.30875,1.30875,125370000,1
1501168140000,1501168199000,1.30875,1.30907,1.30866,1.30899,147730000,1
1501168200000,1501168259000,1.309,1.30908,1.30867,1.30884,119810000,1
1501168260000,1501168319000,1.30883,1.30926,1.30881,1.30926,125090000,1
1501168320000,1501168379000,1.30927,1.30948,1.30916,1.30939,90210000,1
1501168380000,1501168439000,1.30937,1.30938,1.30915,1.30927,136720000,1
1501168440000,1501168499000,1.30927,1.30948,1.30917,1.30917,103610000,1
1501168500000,1501168559000,1.30918,1.30918,1.30876,1.30878,181520000,1
1501168560000,1501168619000,1.30879,1.30889,1.30855,1.30889,158850000,1
1501168620000,1501168679000,1.30889,1.30927,1.30885,1.30914,95660000,1
1501168680000,1501168739000,1.3091,1.30916,1.30896,1.309,75100000,1
1501168740000,1501168799000,1.30902,1.30907,1.30894,1.30894,41870000,1
1501168800000,1501168859000,1.30887,1.30895,1.30855,1.30855,127190000,1
1501168860000,1501168919000,1.30852,1.30877,1.30848,1.30859,149250000,1
1501168920000,1501168979000,1.30861,1.30887,1.30861,1.30876,44350000,1
1501168980000,1501169039000,1.30876,1.30876,1.30849,1.30857,121880000,1
1501169040000,1501169099000,1.30857,1.30865,1.30845,1.3085,55930000,1
1501169100000,1501169159000,1.30848,1.30856,1.30812,1.30815,207540000,1
1501169160000,1501169219000,1.30815,1.30837,1.30814,1.30814,124530000,1
1501169220000,1501169279000,1.30814,1.30835,1.30793,1.30794,179510000,1
1501169280000,1501169339000,1.30794,1.30816,1.30792,1.30797,178820000,1
1501169340000,1501169399000,1.30797,1.3082,1.30797,1.30803,132670000,1
1501169400000,1501169459000,1.30802,1.30807,1.30791,1.30797,197970000,1
1501169460000,1501169519000,1.30797,1.30809,1.30788,1.30795,126800000,1
1501169520000,1501169579000,1.30793,1.30794,1.30754,1.30768,189570000,1
1501169580000,1501169639000,1.30767,1.30768,1.30697,1.30734,241090000,1
1501169640000,1501169699000,1.30733,1.30756,1.30725,1.30727,170810000,1
1501169700000,1501169759000,1.30729,1.30733,1.30704,1.30718,149180000,1
1501169760000,1501169819000,1.3072,1.3072,1.30708,1.30714,40730000,1
1501169820000,1501169879000,1.30714,1.30769,1.30714,1.30754,148820000,1
1501169880000,1501169939000,1.30755,1.30765,1.30738,1.30752,147320000,1
1501169940000,1501169999000,1.30752,1.30752,1.30739,1.30748,103570000,1
1501170000000,1501170059000,1.30749,1.30751,1.30737,1.30737,97450000,1
1501170060000,1501170119000,1.30737,1.30738,1.30702,1.30704,127680000,1
1501170120000,1501170179000,1.30702,1.30702,1.30643,1.30669,188090000,1
1501170180000,1501170239000,1.3067,1.30682,1.30655,1.30665,168510000,1
1501170240000,1501170299000,1.30664,1.30695,1.30656,1.30687,156900000,1
1501170300000,1501170359000,1.30688,1.30688,1.30652,1.30659,178210000,1
1501170360000,1501170419000,1.3066,1.30666,1.30637,1.30657,169510000,1
1501170420000,1501170479000,1.30657,1.3066,1.30643,1.30648,132950000,1
1501170480000,1501170539000,1.30649,1.30649,1.30642,1.30645,46660000,1
1501170540000,1501170599000,1.30645,1.30648,1.30625,1.30645,95010000,1
1501170600000,1501170659000,1.30645,1.30645,1.30623,1.30643,93800000,1
1501170660000,1501170719000,1.30643,1.30648,1.30636,1.30638,66870000,1
1501170720000,1501170779000,1.3064,1.30646,1.30624,1.30637,141410000,1
1501170780000,1501170839000,1.30636,1.30642,1.30625,1.30636,68400000,1
1501170840000,1501170899000,1.30638,1.30645,1.30635,1.3064,49280000,1
1501170900000,1501170959000,1.30641,1.30647,1.30614,1.30614,131880000,1
1501170960000,1501171019000,1.30618,1.3065,1.30608,1.30635,175590000,1
1501171020000,1501171079000,1.30635,1.30645,1.30624,1.30634,118930000,1
1501171080000,1501171139000,1.30635,1.30636,1.30615,1.30617,89220000,1
1501171140000,1501171199000,1.30617,1.3063,1.30615,1.30626,68120000,1
1501171200000,1501171259000,1.30625,1.30644,1.30623,1.30633,82540000,1
1501171260000,1501171319000,1.30634,1.30637,1.30624,1.30634,83850000,1
1501171320000,1501171379000,1.30634,1.30647,1.30634,1.30646,112520000,1
1501171380000,1501171439000,1.30647,1.30656,1.30638,1.30654,231660000,1
1501171440000,1501171499000,1.30653,1.30669,1.30652,1.30659,111400000,1
1501171500000,1501171559000,1.3066,1.30679,1.3066,1.3067,86810000,1
1501171560000,1501171619000,1.3067,1.30685,1.30651,1.30684,236030000,1
1501171620000,1501171679000,1.30685,1.30686,1.30636,1.30645,175210000,1
1501171680000,1501171739000,1.30647,1.30651,1.30627,1.30627,170880000,1
1501171740000,1501171799000,1.30628,1.30635,1.30617,1.30617,133870000,1
1501171800000,1501171859000,1.30617,1.30627,1.30617,1.30625,69500000,1
1501171860000,1501171919000,1.30625,1.30639,1.30617,1.30617,117570000,1
1501171920000,1501171979000,1.3062,1.30624,1.3061,1.30618,84220000,1
1501171980000,1501172039000,1.30618,1.3062,1.30604,1.30618,62400000,1
1501172040000,1501172099000,1.30618,1.30624,1.30603,1.30604,54830000,1
1501172100000,1501172159000,1.30603,1.30604,1.30571,1.30579,129360000,1
1501172160000,1501172219000,1.3058,1.30589,1.30506,1.30541,104450000,1
1501172220000,1501172279000,1.30539,1.3057,1.30539,1.30569,51950000,1
1501172280000,1501172339000,1.30575,1.30594,1.30571,1.30592,50490000,1
1501172340000,1501172399000,1.30588,1.306,1.30581,1.30597,62620000,1
1501172400000,1501172459000,1.30598,1.30603,1.30589,1.30589,62710000,1
1501172460000,1501172519000,1.30588,1.30605,1.30579,1.30605,108470000,1
1501172520000,1501172579000,1.30607,1.30608,1.306,1.30607,95020000,1
1501172580000,1501172639000,1.30608,1.30624,1.30607,1.30619,137660000,1
1501172640000,1501172699000,1.30619,1.30632,1.30614,1.30628,71490000,1
1501172700000,1501172759000,1.30628,1.30636,1.30617,1.30629,102000000,1
1501172760000,1501172819000,1.30627,1.30629,1.30626,1.30628,109260000,1
1501172820000,1501172879000,1.30628,1.30635,1.30625,1.3063,67880000,1
1501172880000,1501172939000,1.30629,1.3063,1.30624,1.30626,75350000,1
1501172940000,1501172999000,1.30625,1.30636,1.30592,1.30596,155960000,1
1501173000000,1501173059000,1.30598,1.30607,1.30586,1.30588,120040000,1
1501173060000,1501173119000,1.30589,1.30602,1.30585,1.30594,184250000,1
1501173120000,1501173179000,1.30594,1.30604,1.30576,1.30578,77910000,1
1501173180000,1501173239000,1.30579,1.30579,1.30576,1.30578,29980000,1
1501173240000,1501173299000,1.30578,1.30578,1.30574,1.30576,48220000,1
1501173300000,1501173359000,1.30576,1.30589,1.30576,1.30588,38550000,1
1501173360000,1501173419000,1.30588,1.30599,1.30588,1.30596,32500000,1
1501173420000,1501173479000,1.30596,1.30601,1.30595,1.30598,39110000,1
1501173480000,1501173539000,1.30598,1.30632,1.30597,1.30631,67120000,1
1501173540000,1501173599000,1.3063,1.30647,1.3063,1.30639,92550000,1
1501173600000,1501173659000,1.30638,1.30642,1.30628,1.30641,74700000,1
1501173660000,1501173719000,1.30641,1.3067,1.30635,1.30656,304200000,1
1501173720000,1501173779000,1.30656,1.30664,1.30648,1.30658,139570000,1
1501173780000,1501173839000,1.30659,1.30673,1.30658,1.30669,129840000,1
1501173840000,1501173899000,1.30669,1.30679,1.30666,1.30674,87200000,1
1501173900000,1501173959000,1.30674,1.30674,1.30658,1.3066,107720000,1
1501173960000,1501174019000,1.30661,1.3068,1.3066,1.30679,108350000,1
1501174020000,1501174079000,1.30679,1.30687,1.30662,1.30664,87440000,1
1501174080000,1501174139000,1.30665,1.30709,1.30665,1.30707,102840000,1
1501174140000,1501174199000,1.30708,1.30731,1.30708,1.30731,71590000,1
1501174200000,1501174259000,1.30731,1.30739,1.30697,1.30717,106160000,1
1501174260000,1501174319000,1.30717,1.3072,1.30711,1.30719,81830000,1
1501174320000,1501174379000,1.3072,1.3072,1.30711,1.30718,26620000,1
1501174380000,1501174439000,1.30719,1.30735,1.30719,1.30729,62450000,1
1501174440000,1501174499000,1.30728,1.3073,1.30714,1.30726,109440000,1
1501174500000,1501174559000,1.30724,1.30724,1.30705,1.30708,115000000,1
1501174560000,1501174619000,1.30706,1.30717,1.30698,1.30715,75750000,1
1501174620000,1501174679000,1.30717,1.30717,1.30687,1.30709,103090000,1
1501174680000,1501174739000,1.30708,1.30709,1.30687,1.30699,157070000,1
1501174740000,1501174799000,1.30693,1.307,1.30681,1.30681,158300000,1
1501174800000,1501174859000,1.30681,1.30692,1.30663,1.30687,152470000,1
1501174860000,1501174919000,1.30686,1.30686,1.30666,1.30671,170000000,1
1501174920000,1501174979000,1.30671,1.3068,1.30655,1.3067,217280000,1
1501174980000,1501175039000,1.30671,1.30681,1.30657,1.30666,150980000,1
1501175040000,1501175099000,1.30669,1.3068,1.30659,1.30667,290650000,1
1501175100000,1501175159000,1.30667,1.30669,1.30644,1.30656,126120000,1
1501175160000,1501175219000,1.30657,1.30689,1.30656,1.30688,100930000,1
1501175220000,1501175279000,1.30689,1.30694,1.3065,1.30658,148780000,1
1501175280000,1501175339000,1.30658,1.30669,1.30647,1.30647,86480000,1
1501175340000,1501175399000,1.30648,1.30667,1.30648,1.30666,82740000,1
1501175400000,1501175459000,1.30666,1.30681,1.30666,1.30672,60620000,1
1501175460000,1501175519000,1.30672,1.30696,1.30672,1.30696,87860000,1
1501175520000,1501175579000,1.30697,1.30713,1.30697,1.30713,42460000,1
1501175580000,1501175639000,1.30711,1.30714,1.30689,1.30694,153800000,1
1501175640000,1501175699000,1.30695,1.30699,1.30677,1.3069,100840000,1
1501175700000,1501175759000,1.30688,1.30698,1.30678,1.30692,90100000,1
1501175760000,1501175819000,1.30694,1.30702,1.30688,1.30702,79220000,1
1501175820000,1501175879000,1.307,1.30706,1.30691,1.307,62860000,1
1501175880000,1501175939000,1.30703,1.30711,1.30702,1.30702,72210000,1
1501175940000,1501175999000,1.30703,1.30707,1.30669,1.30677,128110000,1
1501176000000,1501176059000,1.30677,1.3068,1.30669,1.3068,81340000,1
1501176060000,1501176119000,1.3068,1.30703,1.30679,1.30697,36500000,1
1501176120000,1501176179000,1.30697,1.30697,1.30685,1.3069,95780000,1
1501176180000,1501176239000,1.3069,1.30711,1.30679,1.3071,93440000,1
1501176240000,1501176299000,1.30707,1.30721,1.30703,1.3071,57060000,1
1501176300000,1501176359000,1.30709,1.30711,1.30705,1.30708,81710000,1
1501176360000,1501176419000,1.30715,1.30715,1.30687,1.30708,120190000,1
1501176420000,1501176479000,1.30708,1.30729,1.30706,1.30722,129690000,1
1501176480000,1501176539000,1.30725,1.30749,1.30725,1.30747,105130000,1
1501176540000,1501176599000,1.30749,1.30749,1.3073,1.30736,75950000,1
1501176600000,1501176659000,1.30736,1.30747,1.30728,1.30746,81870000,1
1501176660000,1501176719000,1.30747,1.30751,1.30738,1.30739,64440000,1
1501176720000,1501176779000,1.30738,1.30746,1.30728,1.30732,138810000,1
1501176780000,1501176839000,1.30733,1.30751,1.30728,1.30749,113800000,1
1501176840000,1501176899000,1.30749,1.30776,1.30745,1.30776,66520000,1
1501176900000,1501176959000,1.30775,1.30801,1.30768,1.308,96880000,1
1501176960000,1501177019000,1.308,1.30811,1.30793,1.30796,133890000,1
1501177020000,1501177079000,1.30794,1.30815,1.30794,1.30815,112250000,1
1501177080000,1501177139000,1.30809,1.3081,1.30797,1.30798,128520000,1
1501177140000,1501177199000,1.30799,1.30799,1.30787,1.30798,99640000,1
1501177200000,1501177259000,1.30798,1.30809,1.30794,1.30809,60330000,1
1501177260000,1501177319000,1.3081,1.30821,1.30788,1.30803,151000000,1
1501177320000,1501177379000,1.30799,1.30806,1.30788,1.30797,68440000,1
1501177380000,1501177439000,1.30795,1.30816,1.30788,1.30788,114840000,1
1501177440000,1501177499000,1.30791,1.30791,1.30769,1.3079,131960000,1
1501177500000,1501177559000,1.30789,1.30798,1.30763,1.30763,136690000,1
1501177560000,1501177619000,1.30763,1.30764,1.30735,1.30738,159870000,1
1501177620000,1501177679000,1.30738,1.30738,1.30714,1.30718,117560000,1
1501177680000,1501177739000,1.30716,1.30737,1.30707,1.30727,86920000,1
1501177740000,1501177799000,1.30729,1.30749,1.30719,1.30719,105720000,1
1501177800000,1501177859000,1.30718,1.30719,1.30699,1.30706,78890000,1
1501177860000,1501177919000,1.30706,1.3074,1.30706,1.30738,97470000,1
1501177920000,1501177979000,1.30738,1.3075,1.30738,1.30748,87350000,1
1501177980000,1501178039000,1.30748,1.30751,1.30715,1.30724,106640000,1
1501178040000,1501178099000,1.30724,1.3074,1.30724,1.30727,74820000,1
1501178100000,1501178159000,1.30726,1.30728,1.30689,1.30696,126560000,1
1501178160000,1501178219000,1.30696,1.30732,1.30694,1.30728,81060000,1
1501178220000,1501178279000,1.30729,1.30729,1.30707,1.30716,115860000,1
1501178280000,1501178339000,1.30716,1.30717,1.30696,1.30707,163710000,1
1501178340000,1501178399000,1.30707,1.3082,1.30707,1.30772,274300000,1
1501178400000,1501178459000,1.30764,1.30768,1.307,1.30742,448340000,1
1501178460000,1501178519000,1.30743,1.30757,1.30705,1.30718,377030000,1
1501178520000,1501178579000,1.30718,1.30729,1.30706,1.30729,193740000,1
1501178580000,1501178639000,1.30729,1.30754,1.30726,1.30729,154740000,1
1501178640000,1501178699000,1.30729,1.30778,1.30728,1.30756,192370000,1
1501178700000,1501178759000,1.30754,1.30765,1.30746,1.30747,164980000,1
1501178760000,1501178819000,1.30747,1.3076,1.30739,1.30756,175350000,1
1501178820000,1501178879000,1.30756,1.30768,1.30745,1.30763,237450000,1
1501178880000,1501178939000,1.30763,1.30763,1.30737,1.30756,212730000,1
1501178940000,1501178999000,1.30759,1.30766,1.30742,1.30747,225830000,1
1501179000000,1501179059000,1.30746,1.30756,1.30726,1.30736,170230000,1
1501179060000,1501179119000,1.30734,1.30739,1.30725,1.30738,148390000,1
1501179120000,1501179179000,1.30739,1.30749,1.30737,1.30747,122950000,1
1501179180000,1501179239000,1.30747,1.30768,1.30747,1.30766,92860000,1
1501179240000,1501179299000,1.30765,1.30766,1.30745,1.30765,206050000,1
1501179300000,1501179359000,1.30766,1.30776,1.30755,1.30766,151030000,1
1501179360000,1501179419000,1.30765,1.30773,1.30755,1.30773,84820000,1
1501179420000,1501179479000,1.30774,1.30776,1.30739,1.30744,167500000,1
1501179480000,1501179539000,1.30746,1.30774,1.30745,1.30755,176310000,1
1501179540000,1501179599000,1.30756,1.30766,1.30746,1.30747,158730000,1
1501179600000,1501179659000,1.30746,1.30756,1.30733,1.30735,160510000,1
1501179660000,1501179719000,1.30735,1.30745,1.30713,1.30714,174630000,1
1501179720000,1501179779000,1.30714,1.30744,1.30713,1.30738,173330000,1
1501179780000,1501179839000,1.30741,1.30743,1.30734,1.30735,178020000,1
1501179840000,1501179899000,1.30737,1.30754,1.30737,1.30745,83270000,1
1501179900000,1501179959000,1.30745,1.30755,1.3074,1.30744,102020000,1
1501179960000,1501180019000,1.30743,1.30743,1.30733,1.30735,114450000,1
1501180020000,1501180079000,1.30735,1.30764,1.30735,1.30763,125970000,1
1501180080000,1501180139000,1.30763,1.30776,1.30754,1.30776,61840000,1
1501180140000,1501180199000,1.30776,1.30783,1.30773,1.30783,77110000,1
1501180200000,1501180259000,1.30783,1.30786,1.30769,1.30784,90360000,1
1501180260000,1501180319000,1.30785,1.30805,1.30785,1.30792,76470000,1
1501180320000,1501180379000,1.30792,1.30794,1.30779,1.30786,101450000,1
1501180380000,1501180439000,1.30788,1.30794,1.30787,1.30791,31350000,1
1501180440000,1501180499000,1.30794,1.30794,1.30786,1.30788,57860000,1
1501180500000,1501180559000,1.30791,1.30809,1.30788,1.30797,71400000,1
1501180560000,1501180619000,1.30797,1.30797,1.30789,1.30796,68000000,1
1501180620000,1501180679000,1.30796,1.30796,1.30775,1.30775,85940000,1
1501180680000,1501180739000,1.30775,1.30777,1.30775,1.30776,45100000,1
1501180740000,1501180799000,1.30775,1.30775,1.30745,1.30747,124040000,1
1501180800000,1501180859000,1.30749,1.30754,1.30747,1.30754,144810000,1
1501180860000,1501180919000,1.30753,1.30767,1.30744,1.30764,83300000,1
1501180920000,1501180979000,1.30764,1.30779,1.30757,1.30757,109920000,1
1501180980000,1501181039000,1.30757,1.3076,1.30753,1.30755,81420000,1
1501181040000,1501181099000,1.30755,1.30756,1.30744,1.30744,110320000,1
1501181100000,1501181159000,1.30746,1.30773,1.30746,1.30767,91270000,1
1501181160000,1501181219000,1.30769,1.30769,1.30749,1.30756,139670000,1
1501181220000,1501181279000,1.30756,1.30769,1.30753,1.30769,108850000,1
1501181280000,1501181339000,1.30768,1.30783,1.30768,1.30776,111090000,1
1501181340000,1501181399000,1.30776,1.30809,1.30776,1.30809,87300000,1
1501181400000,1501181459000,1.30809,1.30809,1.30785,1.30789,123190000,1
1501181460000,1501181519000,1.30789,1.30814,1.30789,1.30813,133710000,1
1501181520000,1501181579000,1.30813,1.30813,1.30793,1.30796,207920000,1
1501181580000,1501181639000,1.30796,1.30796,1.30749,1.30749,76530000,1
1501181640000,1501181699000,1.30752,1.30752,1.30738,1.30738,59940000,1
1501181700000,1501181759000,1.30738,1.30743,1.30718,1.30725,142290000,1
1501181760000,1501181819000,1.30723,1.30732,1.30719,1.30724,195480000,1
1501181820000,1501181879000,1.30725,1.30736,1.30704,1.30733,172990000,1
1501181880000,1501181939000,1.30733,1.30742,1.30727,1.30734,195240000,1
1501181940000,1501181999000,1.30741,1.30741,1.30717,1.30725,194080000,1
1501182000000,1501182059000,1.30732,1.30732,1.30703,1.30704,178910000,1
1501182060000,1501182119000,1.30703,1.30723,1.30703,1.30715,134120000,1
1501182120000,1501182179000,1.30715,1.30723,1.30703,1.30716,147800000,1
1501182180000,1501182239000,1.30716,1.30716,1.30695,1.30714,126120000,1
1501182240000,1501182299000,1.30714,1.30718,1.30689,1.30705,135670000,1
1501182300000,1501182359000,1.30705,1.30705,1.30672,1.30674,137530000,1
1501182360000,1501182419000,1.30674,1.30681,1.30662,1.30666,119240000,1
1501182420000,1501182479000,1.30669,1.30678,1.30669,1.30675,98950000,1
1501182480000,1501182539000,1.30676,1.30687,1.30672,1.30676,139980000,1
1501182540000,1501182599000,1.30676,1.30677,1.30653,1.30655,87550000,1
1501182600000,1501182659000,1.30655,1.30714,1.30653,1.30709,189860000,1
1501182660000,1501182719000,1.30709,1.30719,1.30702,1.30717,117890000,1
1501182720000,1501182779000,1.30715,1.30727,1.30706,1.30727,82710000,1
1501182780000,1501182839000,1.30728,1.30731,1.30712,1.30717,52880000,1
1501182840000,1501182899000,1.30719,1.30727,1.30716,1.30723,73010000,1
1501182900000,1501182959000,1.30722,1.30725,1.30706,1.30708,153630000,1
1501182960000,1501183019000,1.30709,1.30728,1.30705,1.30717,63530000,1
1501183020000,1501183079000,1.30716,1.3073,1.30716,1.30727,114830000,1
1501183080000,1501183139000,1.30727,1.30728,1.30707,1.30708,140140000,1
1501183140000,1501183199000,1.30709,1.30716,1.30705,1.30705,89620000,1
1501183200000,1501183259000,1.30706,1.30717,1.30705,1.30717,42670000,1
1501183260000,1501183319000,1.30715,1.30716,1.30685,1.30685,131330000,1
1501183320000,1501183379000,1.30684,1.30684,1.30665,1.30676,94960000,1
1501183380000,1501183439000,1.30679,1.30679,1.30664,1.30664,73510000,1
1501183440000,1501183499000,1.30664,1.30683,1.30662,1.30676,133780000,1
1501183500000,1501183559000,1.30676,1.30676,1.30645,1.30645,83310000,1
1501183560000,1501183619000,1.30645,1.30668,1.3064,1.30652,191310000,1
1501183620000,1501183679000,1.30653,1.30656,1.30633,1.30634,144260000,1
1501183680000,1501183739000,1.30634,1.30656,1.30628,1.30654,78700000,1
1501183740000,1501183799000,1.30653,1.3066,1.30643,1.30657,149000000,1
1501183800000,1501183859000,1.30657,1.30669,1.30645,1.30645,69940000,1
1501183860000,1501183919000,1.30646,1.30667,1.30645,1.30667,99520000,1
1501183920000,1501183979000,1.30666,1.30666,1.30633,1.30649,135600000,1
1501183980000,1501184039000,1.30647,1.30669,1.30642,1.30655,106200000,1
1501184040000,1501184099000,1.30655,1.30665,1.30649,1.30664,184780000,1
1501184100000,1501184159000,1.30664,1.30684,1.30663,1.30683,199430000,1
1501184160000,1501184219000,1.30684,1.30689,1.30674,1.30677,89180000,1
1501184220000,1501184279000,1.30675,1.3069,1.30669,1.3069,130560000,1
1501184280000,1501184339000,1.3069,1.3069,1.30671,1.30679,101340000,1
1501184340000,1501184399000,1.3068,1.30695,1.3068,1.30686,97190000,1
1501184400000,1501184459000,1.30686,1.30687,1.30671,1.30677,112880000,1
1501184460000,1501184519000,1.30678,1.30695,1.30677,1.30688,174920000,1
1501184520000,1501184579000,1.30688,1.30696,1.30674,1.30688,113840000,1
1501184580000,1501184639000,1.30688,1.30699,1.3068,1.30688,67200000,1
1501184640000,1501184699000,1.30688,1.30691,1.30674,1.30688,104760000,1
1501184700000,1501184759000,1.30686,1.30686,1.30658,1.30679,87390000,1
1501184760000,1501184819000,1.30678,1.3068,1.3067,1.30674,77290000,1
1501184820000,1501184879000,1.30674,1.30675,1.30663,1.30673,166860000,1
1501184880000,1501184939000,1.30673,1.30673,1.30656,1.30656,120300000,1
1501184940000,1501184999000,1.30655,1.30655,1.30636,1.30647,86970000,1
1501185000000,1501185059000,1.30645,1.30656,1.30636,1.30636,114500000,1
1501185060000,1501185119000,1.30636,1.30655,1.30625,1.30651,148910000,1
1501185120000,1501185179000,1.30654,1.30654,1.30625,1.30642,132970000,1
1501185180000,1501185239000,1.30644,1.30646,1.30627,1.30636,84010000,1
1501185240000,1501185299000,1.30637,1.30648,1.30636,1.30645,89690000,1
1501185300000,1501185359000,1.30645,1.3065,1.30635,1.30647,84980000,1
1501185360000,1501185419000,1.30647,1.30669,1.30647,1.30659,111590000,1
1501185420000,1501185479000,1.30658,1.30659,1.30648,1.30655,80220000,1
1501185480000,1501185539000,1.30655,1.30655,1.30633,1.30636,138140000,1
1501185540000,1501185599000,1.30633,1.30643,1.30627,1.30632,151080000,1
1501185600000,1501185659000,1.30631,1.30636,1.30617,1.30626,154400000,1
1501185660000,1501185719000,1.30627,1.30627,1.30604,1.30605,109610000,1
1501185720000,1501185779000,1.30607,1.30616,1.30602,1.30604,101760000,1
1501185780000,1501185839000,1.30605,1.30605,1.30603,1.30604,23580000,1
1501185840000,1501185899000,1.30604,1.30614,1.30603,1.30603,46880000,1
1501185900000,1501185959000,1.30605,1.30618,1.30605,1.30606,50540000,1
1501185960000,1501186019000,1.30605,1.30615,1.30597,1.30597,83340000,1
1501186020000,1501186079000,1.30597,1.30609,1.30596,1.30604,99520000,1
1501186080000,1501186139000,1.30605,1.3062,1.30605,1.30615,93710000,1
1501186140000,1501186199000,1.30613,1.30614,1.30585,1.30587,145380000,1
1501186200000,1501186259000,1.30589,1.30606,1.30583,1.306,219200000,1
1501186260000,1501186319000,1.30605,1.30611,1.30595,1.30605,167200000,1
1501186320000,1501186379000,1.30607,1.30613,1.30604,1.30611,79300000,1
1501186380000,1501186439000,1.30611,1.30617,1.3061,1.30614,33940000,1
1501186440000,1501186499000,1.30614,1.30622,1.30614,1.30619,23320000,1
1501186500000,1501186559000,1.30616,1.3062,1.30608,1.30608,30820000,1
1501186560000,1501186619000,1.30608,1.30619,1.30607,1.30614,29060000,1
1501186620000,1501186679000,1.30619,1.30621,1.30616,1.30619,27810000,1
1501186680000,1501186739000,1.30618,1.30618,1.30616,1.30616,16110000,1
1501186740000,1501186799000,1.30616,1.30618,1.30609,1.30609,26240000,1
1501186800000,1501186859000,1.30609,1.30609,1.30607,1.30607,12490000,1
1501186860000,1501186919000,1.30608,1.3061,1.30599,1.30601,42330000,1
1501186920000,1501186979000,1.30601,1.30615,1.30601,1.30607,86760000,1
1501186980000,1501187039000,1.30607,1.30617,1.30607,1.30616,71310000,1
1501187040000,1501187099000,1.30615,1.30623,1.30605,1.30618,66580000,1
1501187100000,1501187159000,1.30617,1.30622,1.30597,1.30616,120290000,1
1501187160000,1501187219000,1.30616,1.30618,1.30598,1.30618,114760000,1
1501187220000,1501187279000,1.30617,1.30617,1.30613,1.30613,82490000,1
1501187280000,1501187339000,1.30612,1.30621,1.30607,1.30618,71250000,1
1501187340000,1501187399000,1.30619,1.30621,1.30611,1.30616,103970000,1
1501187400000,1501187459000,1.30617,1.30628,1.30609,1.30621,96570000,1
1501187460000,1501187519000,1.30621,1.3063,1.30621,1.30625,71600000,1
1501187520000,1501187579000,1.30624,1.30636,1.30615,1.30623,96550000,1
1501187580000,1501187639000,1.30614,1.30633,1.30613,1.30626,74660000,1
1501187640000,1501187699000,1.30626,1.30632,1.30611,1.30611,107790000,1
1501187700000,1501187759000,1.3061,1.30627,1.30599,1.3062,150900000,1
1501187760000,1501187819000,1.30621,1.30622,1.30594,1.306,152780000,1
1501187820000,1501187879000,1.306,1.3062,1.30598,1.30602,79410000,1
1501187880000,1501187939000,1.30603,1.30652,1.30603,1.30637,84190000,1
1501187940000,1501187999000,1.30636,1.30649,1.30624,1.30645,88710000,1
1501188000000,1501188059000,1.30644,1.30657,1.30637,1.30654,139760000,1
1501188060000,1501188119000,1.30655,1.30658,1.30632,1.30634,102390000,1
1501188120000,1501188179000,1.30636,1.30643,1.30631,1.30633,135100000,1
1501188180000,1501188239000,1.30632,1.30633,1.30623,1.30624,139820000,1
1501188240000,1501188299000,1.30624,1.30635,1.30623,1.30629,142010000,1
1501188300000,1501188359000,1.30629,1.30639,1.30624,1.30637,91620000,1
1501188360000,1501188419000,1.30638,1.30638,1.30633,1.30635,46960000,1
1501188420000,1501188479000,1.30636,1.30638,1.30632,1.30636,120770000,1
1501188480000,1501188539000,1.30636,1.30644,1.30635,1.30638,100920000,1
1501188540000,1501188599000,1.30637,1.30647,1.30637,1.30646,110410000,1
1501188600000,1501188659000,1.30647,1.30647,1.30632,1.30634,157550000,1
1501188660000,1501188719000,1.30634,1.30645,1.30633,1.30644,124390000,1
1501188720000,1501188779000,1.30644,1.30644,1.30633,1.30636,128990000,1
1501188780000,1501188839000,1.30636,1.30638,1.30632,1.30633,105340000,1
1501188840000,1501188899000,1.30633,1.30639,1.30627,1.30633,107270000,1
1501188900000,1501188959000,1.30634,1.30657,1.30631,1.30647,109230000,1
1501188960000,1501189019000,1.30655,1.30659,1.30648,1.30652,115610000,1
1501189020000,1501189079000,1.30663,1.30667,1.30641,1.30641,91320000,1
1501189080000,1501189139000,1.30641,1.30642,1.30633,1.30634,61630000,1
1501189140000,1501189199000,1.30635,1.30649,1.30634,1.30649,55370000,1
1501189200000,1501189259000,1.30642,1.30664,1.30618,1.30643,19410000,1
1501189260000,1501189319000,1.30643,1.30643,1.30627,1.30629,4120000,1
1501189320000,1501189379000,1.30629,1.3063,1.30629,1.3063,3000000,1
1501189380000,1501189439000,1.30633,1.30637,1.3063,1.30637,3370000,1
1501189440000,1501189499000,1.30629,1.30629,1.30629,1.30629,1000000,1
1501189500000,1501189559000,1.30629,1.30641,1.30628,1.30641,10000000,1
1501189560000,1501189619000,1.30623,1.30623,1.30622,1.30623,3000000,1
1501189620000,1501189679000,1.30623,1.30623,1.30622,1.30622,4000000,1
1501189680000,1501189739000,1.30623,1.30624,1.30621,1.30622,18560000,1
1501189740000,1501189799000,1.30621,1.30653,1.30621,1.30644,20920000,1
1501189800000,1501189859000,1.30643,1.30644,1.3064,1.30641,14760000,1
1501189860000,1501189919000,1.30641,1.30641,1.30639,1.30639,27430000,1
1501189920000,1501189979000,1.30639,1.30639,1.30638,1.30639,27680000,1
1501189980000,1501190039000,1.30639,1.30639,1.30638,1.30638,18740000,1
1501190040000,1501190099000,1.3064,1.3064,1.3064,1.3064,8740000,1
1501190100000,1501190159000,1.3064,1.30641,1.30638,1.30641,23700000,1
1501190160000,1501190219000,1.30642,1.30644,1.3064,1.30642,17070000,1
1501190220000,1501190279000,1.30643,1.30643,1.30643,1.30643,9360000,1
1501190280000,1501190339000,1.30643,1.30644,1.30643,1.30644,16580000,1
1501190340000,1501190399000,1.30644,1.30644,1.30642,1.30642,20480000,1
1501190400000,1501190459000,1.30642,1.30643,1.30642,1.30643,12250000,1
1501190460000,1501190519000,1.30642,1.30642,1.30641,1.30641,20750000,1
1501190520000,1501190579000,1.30642,1.30642,1.30641,1.30641,17220000,1
1501190580000,1501190639000,1.30641,1.30647,1.30641,1.30641,15000000,1
1501190640000,1501190699000,1.30642,1.30642,1.30641,1.30641,8750000,1
1501190700000,1501190759000,1.30641,1.30642,1.30641,1.30642,3750000,1
1501190760000,1501190819000,1.30641,1.30642,1.30641,1.30642,11000000,1
1501190820000,1501190879000,1.30641,1.30641,1.30641,1.30641,28240000,1
1501190880000,1501190939000,1.30641,1.30641,1.30641,1.30641,13870000,1
1501190940000,1501190999000,1.30641,1.30649,1.30641,1.30649,7620000,1
1501191000000,1501191059000,1.30649,1.30649,1.30644,1.30644,26000000,1
1501191060000,1501191119000,1.30644,1.30646,1.30644,1.30646,37070000,1
1501191120000,1501191179000,1.30645,1.30648,1.30643,1.30648,10910000,1
1501191180000,1501191239000,1.30645,1.30648,1.30645,1.30646,24310000,1
1501191240000,1501191299000,1.30647,1.30648,1.30646,1.30646,4320000,1
1501191300000,1501191359000,1.30647,1.30648,1.30647,1.30648,2120000,1
1501191360000,1501191419000,1.30641,1.30642,1.30641,1.30642,3000000,1
1501191420000,1501191479000,1.30645,1.30645,1.30644,1.30645,13960000,1
1501191480000,1501191539000,1.30645,1.30645,1.3064,1.3064,2250000,1
1501191540000,1501191599000,1.30641,1.30641,1.3064,1.30641,6990000,1
1501191600000,1501191659000,1.30644,1.30644,1.30644,1.30644,3000000,1
1501191660000,1501191719000,1.30639,1.30639,1.30639,1.30639,6130000,1
1501191720000,1501191779000,1.30639,1.30651,1.30639,1.30651,12430000,1
1501191780000,1501191839000,1.30651,1.30651,1.30645,1.30645,5190000,1
1501191840000,1501191899000,1.30645,1.30646,1.30645,1.30645,8640000,1
1501191900000,1501191959000,1.30646,1.30649,1.30646,1.30649,39770000,1
1501191960000,1501192019000,1.30648,1.30649,1.30646,1.30646,25590000,1
1501192020000,1501192079000,1.30645,1.30654,1.30645,1.30646,45890000,1
1501192080000,1501192139000,1.30646,1.30646,1.30645,1.30646,39470000,1
1501192140000,1501192199000,1.30646,1.30648,1.30645,1.30648,60480000,1
1501192200000,1501192259000,1.30647,1.30647,1.30644,1.30645,45270000,1
1501192260000,1501192319000,1.30645,1.30646,1.30644,1.30645,34110000,1
1501192320000,1501192379000,1.30645,1.30646,1.30645,1.30645,43930000,1
1501192380000,1501192439000,1.30645,1.30646,1.30645,1.30645,33110000,1
1501192440000,1501192499000,1.30646,1.30649,1.30645,1.30648,36590000,1
1501192500000,1501192559000,1.30647,1.30648,1.30645,1.30645,6990000,1
1501192560000,1501192619000,1.30648,1.30649,1.30646,1.30646,26400000,1
1501192620000,1501192679000,1.30651,1.30651,1.30647,1.30647,29690000,1
1501192680000,1501192739000,1.30647,1.30647,1.30646,1.30646,5110000,1
1501192740000,1501192799000,1.30647,1.3065,1.30647,1.3065,4090000,1
1501192800000,1501192859000,1.3065,1.3065,1.30645,1.30648,32920000,1
1501192860000,1501192919000,1.30649,1.3065,1.30643,1.30649,34150000,1
1501192920000,1501192979000,1.30647,1.30648,1.30645,1.30647,5580000,1
1501192980000,1501193039000,1.30648,1.30659,1.30646,1.30659,22790000,1
1501193040000,1501193099000,1.30659,1.30661,1.30653,1.30659,46050000,1
1501193100000,1501193159000,1.3066,1.30666,1.30646,1.30646,204030000,1
1501193160000,1501193219000,1.30646,1.30652,1.30646,1.30649,60330000,1
1501193220000,1501193279000,1.30648,1.30649,1.30642,1.30644,48720000,1
1501193280000,1501193339000,1.30645,1.30647,1.30643,1.30644,59520000,1
1501193340000,1501193399000,1.30645,1.30649,1.30641,1.30649,103650000,1
1501193400000,1501193459000,1.30644,1.30649,1.30644,1.30645,48240000,1
1501193460000,1501193519000,1.30645,1.30645,1.3064,1.30642,57500000,1
1501193520000,1501193579000,1.30642,1.30646,1.30642,1.30645,74500000,1
1501193580000,1501193639000,1.30645,1.30645,1.30635,1.30635,46580000,1
1501193640000,1501193699000,1.30631,1.30637,1.30626,1.30627,136870000,1
1501193700000,1501193759000,1.30628,1.30642,1.30627,1.30636,115500000,1
1501193760000,1501193819000,1.30636,1.30639,1.30635,1.30635,126000000,1
1501193820000,1501193879000,1.30636,1.30636,1.30631,1.30631,30000000,1
1501193880000,1501193939000,1.30631,1.30631,1.30618,1.30625,102750000,1
1501193940000,1501193999000,1.30629,1.30629,1.30621,1.30627,84000000,1
1501194000000,1501194059000,1.30628,1.30629,1.30622,1.30627,104500000,1
1501194060000,1501194119000,1.30627,1.3063,1.30625,1.30627,50000000,1
1501194120000,1501194179000,1.30627,1.30631,1.30626,1.3063,63310000,1
1501194180000,1501194239000,1.30628,1.30642,1.30626,1.30641,169070000,1
1501194240000,1501194299000,1.30639,1.30658,1.30639,1.30658,94560000,1
1501194300000,1501194359000,1.30657,1.30657,1.3065,1.30653,37000000,1
1501194360000,1501194419000,1.30654,1.30655,1.30652,1.30654,66200000,1
1501194420000,1501194479000,1.30654,1.30655,1.30652,1.30653,56660000,1
1501194480000,1501194539000,1.30653,1.3068,1.30652,1.30671,104320000,1
1501194540000,1501194599000,1.30671,1.30683,1.3067,1.3068,111930000,1
1501194600000,1501194659000,1.30679,1.30684,1.30674,1.30675,74380000,1
1501194660000,1501194719000,1.30675,1.30681,1.30675,1.30675,50870000,1
1501194720000,1501194779000,1.30677,1.30691,1.30677,1.30691,88760000,1
1501194780000,1501194839000,1.30689,1.30691,1.30686,1.3069,104590000,1
1501194840000,1501194899000,1.30688,1.30691,1.30688,1.30688,62840000,1
1501194900000,1501194959000,1.30689,1.30696,1.30685,1.30689,146970000,1
1501194960000,1501195019000,1.30688,1.30694,1.30688,1.3069,142580000,1
1501195020000,1501195079000,1.3069,1.30708,1.30689,1.30694,41400000,1
1501195080000,1501195139000,1.30698,1.30705,1.30675,1.30682,119950000,1
1501195140000,1501195199000,1.30683,1.30687,1.30679,1.30683,65440000,1
1501195200000,1501195259000,1.30683,1.30702,1.30678,1.30702,112800000,1
1501195260000,1501195319000,1.30702,1.30708,1.30697,1.30702,80870000,1
1501195320000,1501195379000,1.30702,1.30702,1.30697,1.30697,15000000,1
1501195380000,1501195439000,1.30701,1.30702,1.30697,1.30697,35000000,1
1501195440000,1501195499000,1.30697,1.30702,1.30697,1.30702,23000000,1
1501195500000,1501195559000,1.30702,1.30702,1.30697,1.30697,41000000,1
1501195560000,1501195619000,1.30698,1.30707,1.30697,1.30707,43500000,1
1501195620000,1501195679000,1.30707,1.30728,1.30705,1.30723,96750000,1
1501195680000,1501195739000,1.3072,1.3072,1.3071,1.3071,40880000,1
1501195740000,1501195799000,1.3071,1.30721,1.30708,1.30719,94310000,1
1501195800000,1501195859000,1.30719,1.30722,1.30715,1.3072,62560000,1
1501195860000,1501195919000,1.30716,1.30718,1.30712,1.30713,62260000,1
1501195920000,1501195979000,1.30713,1.3072,1.3071,1.30717,109500000,1
1501195980000,1501196039000,1.30717,1.30718,1.30715,1.30717,36500000,1
1501196040000,1501196099000,1.30716,1.30717,1.30716,1.30716,8000000,1
1501196100000,1501196159000,1.30716,1.30718,1.30715,1.30717,16000000,1
1501196160000,1501196219000,1.30716,1.30719,1.30716,1.30719,15000000,1
1501196220000,1501196279000,1.30718,1.30721,1.30718,1.30721,13870000,1
1501196280000,1501196339000,1.30721,1.30721,1.30717,1.30717,35000000,1
1501196340000,1501196399000,1.30717,1.30717,1.30712,1.30712,36000000,1
1501196400000,1501196459000,1.3071,1.30714,1.3071,1.30714,19500000,1
1501196460000,1501196519000,1.30711,1.30719,1.30709,1.30714,20860000,1
1501196520000,1501196579000,1.30714,1.30714,1.30711,1.30712,30000000,1
1501196580000,1501196639000,1.3071,1.30713,1.3071,1.30712,62500000,1
1501196640000,1501196699000,1.30711,1.30714,1.30711,1.30714,46000000,1
1501196700000,1501196759000,1.30714,1.30714,1.30711,1.30711,28000000,1
1501196760000,1501196819000,1.30712,1.30712,1.3069,1.30692,42620000,1
1501196820000,1501196879000,1.30692,1.30693,1.30689,1.3069,7880000,1
1501196880000,1501196939000,1.3069,1.3069,1.30687,1.30687,17270000,1
1501196940000,1501196999000,1.30688,1.30688,1.30687,1.30687,3620000,1
1501197000000,1501197059000,1.30687,1.30689,1.30687,1.30689,38590000,1
1501197060000,1501197119000,1.3069,1.30694,1.30689,1.30694,28150000,1
1501197120000,1501197179000,1.30694,1.30703,1.30694,1.30703,53150000,1
1501197180000,1501197239000,1.30703,1.30703,1.30699,1.307,84140000,1
1501197240000,1501197299000,1.30699,1.30703,1.30699,1.307,61030000,1
1501197300000,1501197359000,1.307,1.30705,1.30699,1.30705,76420000,1
1501197360000,1501197419000,1.30705,1.30706,1.30703,1.30706,102980000,1
1501197420000,1501197479000,1.30707,1.30707,1.30705,1.30706,43130000,1
1501197480000,1501197539000,1.30705,1.30716,1.30702,1.30716,80510000,1
1501197540000,1501197599000,1.30714,1.30716,1.30706,1.30706,61930000,1
1501197600000,1501197659000,1.30706,1.30706,1.30676,1.30677,121650000,1
1501197660000,1501197719000,1.30678,1.30679,1.30678,1.30678,14090000,1
1501197720000,1501197779000,1.30679,1.30682,1.30679,1.30681,23000000,1
1501197780000,1501197839000,1.3068,1.30682,1.3068,1.3068,21000000,1
1501197840000,1501197899000,1.3068,1.3068,1.30676,1.30678,23430000,1
1501197900000,1501197959000,1.30678,1.30679,1.30675,1.30679,29600000,1
1501197960000,1501198019000,1.30679,1.30679,1.30677,1.30677,7620000,1
1501198020000,1501198079000,1.30678,1.30678,1.30677,1.30677,7680000,1
1501198080000,1501198139000,1.30676,1.3068,1.30676,1.30678,23980000,1
1501198140000,1501198199000,1.30678,1.3068,1.30677,1.30678,47020000,1
1501198200000,1501198259000,1.30683,1.30687,1.30675,1.30675,51090000,1
1501198260000,1501198319000,1.30678,1.30678,1.30674,1.30674,19600000,1
1501198320000,1501198379000,1.30674,1.30675,1.30674,1.30675,28110000,1
1501198380000,1501198439000,1.30677,1.30688,1.30677,1.30687,40250000,1
1501198440000,1501198499000,1.30688,1.30688,1.30685,1.30685,25870000,1
1501198500000,1501198559000,1.30685,1.30689,1.30685,1.30689,17190000,1
1501198560000,1501198619000,1.30689,1.30689,1.30686,1.30686,5000000,1
1501198620000,1501198679000,1.30687,1.30687,1.30686,1.30686,33350000,1
1501198680000,1501198739000,1.30686,1.30689,1.30685,1.30688,30550000,1
1501198740000,1501198799000,1.30687,1.30692,1.30687,1.30692,9000000,1
1501198800000,1501198859000,1.30692,1.30692,1.30688,1.30688,11500000,1
1501198860000,1501198919000,1.30688,1.30691,1.30685,1.30686,39870000,1
1501198920000,1501198979000,1.30686,1.30686,1.3068,1.30681,29120000,1
1501198980000,1501199039000,1.30682,1.30702,1.30682,1.30697,159500000,1
1501199040000,1501199099000,1.30697,1.30697,1.3069,1.30694,38870000,1
1501199100000,1501199159000,1.30694,1.30719,1.30692,1.30718,59190000,1
1501199160000,1501199219000,1.30717,1.30717,1.30709,1.30713,43750000,1
1501199220000,1501199279000,1.30712,1.30719,1.30712,1.30719,22870000,1
1501199280000,1501199339000,1.30719,1.30736,1.30719,1.30735,34820000,1
1501199340000,1501199399000,1.30734,1.30736,1.3073,1.30735,17500000,1
1501199400000,1501199459000,1.30735,1.30736,1.30732,1.30735,13250000,1
1501199460000,1501199519000,1.30735,1.30737,1.30732,1.30733,17990000,1
1501199520000,1501199579000,1.30734,1.30743,1.30733,1.30743,24720000,1
1501199580000,1501199639000,1.30743,1.30751,1.3074,1.30742,35340000,1
1501199640000,1501199699000,1.30742,1.30747,1.30742,1.30746,106320000,1
1501199700000,1501199759000,1.30746,1.3076,1.30743,1.30758,86920000,1
1501199760000,1501199819000,1.30758,1.30783,1.30758,1.30771,95670000,1
1501199820000,1501199879000,1.30771,1.30784,1.3077,1.3077,133880000,1
1501199880000,1501199939000,1.3077,1.30779,1.30748,1.30751,168200000,1
1501199940000,1501199999000,1.30751,1.30766,1.30747,1.30758,128550000,1
1501200000000,1501200059000,1.30757,1.30758,1.30737,1.30751,102880000,1
1501200060000,1501200119000,1.30751,1.30751,1.30738,1.30741,79480000,1
1501200120000,1501200179000,1.30738,1.30743,1.30738,1.30738,36860000,1
1501200180000,1501200239000,1.30738,1.30749,1.30736,1.30748,57060000,1
1501200240000,1501200299000,1.30747,1.3075,1.30741,1.30749,17100000,1
1501200300000,1501200359000,1.30749,1.30762,1.30743,1.30762,48740000,1
1501200360000,1501200419000,1.30762,1.30773,1.3076,1.30772,62190000,1
1501200420000,1501200479000,1.30772,1.30789,1.30772,1.30782,112650000,1
1501200480000,1501200539000,1.30782,1.30802,1.30781,1.30794,66860000,1
1501200540000,1501200599000,1.30794,1.30798,1.30792,1.30794,86360000,1
1501200600000,1501200659000,1.30794,1.30794,1.30778,1.30778,75140000,1
1501200660000,1501200719000,1.30778,1.30778,1.30769,1.30772,28100000,1
1501200720000,1501200779000,1.30772,1.30772,1.3077,1.3077,22000000,1
1501200780000,1501200839000,1.3077,1.30771,1.3077,1.30771,22870000,1
1501200840000,1501200899000,1.3077,1.3077,1.30758,1.30758,71160000,1
1501200900000,1501200959000,1.30758,1.30767,1.30755,1.30759,50720000,1
1501200960000,1501201019000,1.30759,1.30774,1.30758,1.30769,39810000,1
1501201020000,1501201079000,1.30769,1.30769,1.30757,1.30757,23090000,1
1501201080000,1501201139000,1.30758,1.30758,1.30757,1.30757,13670000,1
1501201140000,1501201199000,1.30758,1.30764,1.30749,1.30763,62130000,1
1501201200000,1501201259000,1.30762,1.30765,1.30762,1.30764,44500000,1
1501201260000,1501201319000,1.30764,1.30764,1.30762,1.30762,25000000,1
1501201320000,1501201379000,1.30763,1.30771,1.30757,1.3077,63680000,1
1501201380000,1501201439000,1.3077,1.30772,1.30769,1.30769,34200000,1
1501201440000,1501201499000,1.3077,1.30779,1.30767,1.30777,151170000,1
1501201500000,1501201559000,1.30779,1.30779,1.30771,1.30772,96900000,1
1501201560000,1501201619000,1.30773,1.30782,1.30772,1.30778,84810000,1
1501201620000,1501201679000,1.30777,1.30778,1.30759,1.30763,29480000,1
1501201680000,1501201739000,1.30762,1.30763,1.30762,1.30762,12000000,1
1501201740000,1501201799000,1.30763,1.30763,1.30758,1.30762,27740000,1
1501201800000,1501201859000,1.30763,1.30763,1.30756,1.30763,42370000,1
1501201860000,1501201919000,1.30762,1.30763,1.30759,1.30759,45000000,1
1501201920000,1501201979000,1.30759,1.30763,1.30757,1.30757,62720000,1
1501201980000,1501202039000,1.30758,1.30758,1.30749,1.30752,72790000,1
1501202040000,1501202099000,1.30753,1.30753,1.30744,1.30744,29620000,1
1501202100000,1501202159000,1.30744,1.30752,1.30744,1.30751,27730000,1
1501202160000,1501202219000,1.30751,1.30769,1.30745,1.30762,75180000,1
1501202220000,1501202279000,1.30762,1.30762,1.30742,1.30742,77230000,1
1501202280000,1501202339000,1.30739,1.30762,1.30739,1.3076,45670000,1
1501202340000,1501202399000,1.3076,1.3076,1.30719,1.30719,67680000,1
1501202400000,1501202459000,1.3072,1.30749,1.3072,1.30748,47180000,1
1501202460000,1501202519000,1.30754,1.30758,1.30732,1.30732,93950000,1
1501202520000,1501202579000,1.30732,1.30734,1.3072,1.30722,55560000,1
1501202580000,1501202639000,1.30722,1.3073,1.3072,1.30729,62400000,1
1501202640000,1501202699000,1.3073,1.3073,1.30713,1.30713,94910000,1
1501202700000,1501202759000,1.30713,1.30717,1.30707,1.30712,64650000,1
1501202760000,1501202819000,1.30712,1.30725,1.30712,1.30725,59040000,1
1501202820000,1501202879000,1.30725,1.30738,1.30723,1.30733,65190000,1
1501202880000,1501202939000,1.30735,1.30735,1.30724,1.30726,36460000,1
1501202940000,1501202999000,1.30726,1.30727,1.30721,1.30721,28640000,1
1501203000000,1501203059000,1.30722,1.30727,1.30721,1.30727,50820000,1
1501203060000,1501203119000,1.30728,1.30745,1.30727,1.3073,78100000,1
1501203120000,1501203179000,1.30731,1.30748,1.30731,1.30742,106110000,1
1501203180000,1501203239000,1.30739,1.3074,1.30724,1.30724,130670000,1
1501203240000,1501203299000,1.3072,1.3073,1.30714,1.30719,143470000,1
1501203300000,1501203359000,1.30722,1.30754,1.30722,1.30739,157080000,1
1501203360000,1501203419000,1.30739,1.30741,1.30716,1.30719,152960000,1
1501203420000,1501203479000,1.3072,1.30724,1.3071,1.30711,135270000,1
1501203480000,1501203539000,1.30712,1.30726,1.30711,1.30724,98530000,1
1501203540000,1501203599000,1.30724,1.30724,1.30709,1.30709,106600000,1
1501203600000,1501203659000,1.30709,1.30727,1.30709,1.30727,84210000,1
1501203660000,1501203719000,1.30725,1.30774,1.30724,1.30771,111490000,1
1501203720000,1501203779000,1.30771,1.30775,1.30742,1.30744,102860000,1
1501203780000,1501203839000,1.30745,1.30746,1.30727,1.30728,71450000,1
1501203840000,1501203899000,1.30727,1.30734,1.30727,1.30728,39450000,1
1501203900000,1501203959000,1.30729,1.30749,1.30729,1.30748,75450000,1
1501203960000,1501204019000,1.30748,1.30748,1.30723,1.30727,95720000,1
1501204020000,1501204079000,1.30727,1.30739,1.30727,1.30736,45410000,1
1501204080000,1501204139000,1.30739,1.3074,1.3073,1.3073,35180000,1
1501204140000,1501204199000,1.3073,1.30735,1.30726,1.30734,58120000,1
1501204200000,1501204259000,1.30734,1.30736,1.30725,1.30727,37000000,1
1501204260000,1501204319000,1.30727,1.30733,1.30724,1.30732,31500000,1
1501204320000,1501204379000,1.30732,1.30744,1.30724,1.30743,79400000,1
1501204380000,1501204439000,1.30743,1.30743,1.30733,1.30733,48620000,1
1501204440000,1501204499000,1.30733,1.30736,1.30726,1.3073,43470000,1
1501204500000,1501204559000,1.3073,1.30731,1.30709,1.30714,83720000,1
1501204560000,1501204619000,1.30714,1.30716,1.30714,1.30715,51330000,1
1501204620000,1501204679000,1.30713,1.30722,1.30712,1.30722,59660000,1
1501204680000,1501204739000,1.30724,1.3073,1.30719,1.30719,87630000,1
1501204740000,1501204799000,1.30719,1.30719,1.30687,1.30698,102450000,1
1501204800000,1501204859000,1.30699,1.30706,1.30691,1.30698,101740000,1
1501204860000,1501204919000,1.30694,1.30699,1.30692,1.30694,64920000,1
1501204920000,1501204979000,1.30694,1.30713,1.30692,1.30709,70780000,1
1501204980000,1501205039000,1.30711,1.30713,1.30704,1.30712,41840000,1
1501205040000,1501205099000,1.30712,1.3072,1.30712,1.30718,85850000,1
1501205100000,1501205159000,1.30718,1.30726,1.30714,1.30726,70210000,1
1501205160000,1501205219000,1.30726,1.3073,1.30719,1.3073,76020000,1
1501205220000,1501205279000,1.3073,1.3073,1.30718,1.30718,51510000,1
1501205280000,1501205339000,1.30718,1.30721,1.30717,1.30718,47940000,1
1501205340000,1501205399000,1.3072,1.30724,1.30714,1.30722,103560000,1
1501205400000,1501205459000,1.30722,1.30731,1.30722,1.30728,77090000,1
1501205460000,1501205519000,1.30728,1.30734,1.30722,1.30734,69710000,1
1501205520000,1501205579000,1.30734,1.30743,1.30727,1.30743,81230000,1
1501205580000,1501205639000,1.30744,1.30746,1.30742,1.30744,94320000,1
1501205640000,1501205699000,1.30738,1.30755,1.30738,1.30753,77100000,1
1501205700000,1501205759000,1.30754,1.30759,1.30754,1.30759,61620000,1
1501205760000,1501205819000,1.30759,1.30759,1.30753,1.30759,98510000,1
1501205820000,1501205879000,1.30757,1.30761,1.30756,1.30758,22130000,1
1501205880000,1501205939000,1.30757,1.30761,1.30757,1.30759,107740000,1
1501205940000,1501205999000,1.30759,1.30759,1.30732,1.30742,149280000,1
1501206000000,1501206059000,1.30743,1.30753,1.30742,1.30753,142100000,1
1501206060000,1501206119000,1.30752,1.30764,1.30752,1.30762,93770000,1
1501206120000,1501206179000,1.30763,1.30763,1.30755,1.30755,116460000,1
1501206180000,1501206239000,1.30755,1.30758,1.30742,1.30744,63730000,1
1501206240000,1501206299000,1.30744,1.30749,1.30743,1.30743,55420000,1
1501206300000,1501206359000,1.30743,1.30757,1.30743,1.30751,126730000,1
1501206360000,1501206419000,1.30753,1.30757,1.3075,1.30756,72470000,1
1501206420000,1501206479000,1.30754,1.30762,1.30745,1.30755,114420000,1
1501206480000,1501206539000,1.30754,1.30762,1.30753,1.30754,146630000,1
1501206540000,1501206599000,1.30754,1.30757,1.30751,1.30757,81260000,1
1501206600000,1501206659000,1.30756,1.30773,1.30752,1.30769,157600000,1
1501206660000,1501206719000,1.30771,1.30771,1.30761,1.30761,77610000,1
1501206720000,1501206779000,1.30761,1.30762,1.30759,1.3076,85950000,1
1501206780000,1501206839000,1.30761,1.30766,1.30753,1.30766,62180000,1
1501206840000,1501206899000,1.30767,1.30773,1.30766,1.30773,16300000,1
1501206900000,1501206959000,1.30772,1.30782,1.30772,1.30776,31220000,1
1501206960000,1501207019000,1.30776,1.30784,1.30775,1.30783,28200000,1
1501207020000,1501207079000,1.30785,1.30812,1.30782,1.30801,65350000,1
1501207080000,1501207139000,1.30801,1.30813,1.308,1.30802,85640000,1
1501207140000,1501207199000,1.30802,1.30806,1.30802,1.30803,50330000,1
1501207200000,1501207259000,1.30804,1.30804,1.30769,1.3077,97430000,1
1501207260000,1501207319000,1.30771,1.30776,1.30766,1.30771,96980000,1
1501207320000,1501207379000,1.30773,1.30774,1.3077,1.30773,48610000,1
1501207380000,1501207439000,1.30773,1.30793,1.30773,1.30791,82480000,1
1501207440000,1501207499000,1.30791,1.30799,1.30786,1.30787,46050000,1
1501207500000,1501207559000,1.30786,1.30817,1.30786,1.30813,59550000,1
1501207560000,1501207619000,1.30812,1.30812,1.30802,1.30803,49230000,1
1501207620000,1501207679000,1.30803,1.30803,1.30801,1.30802,41610000,1
1501207680000,1501207739000,1.30802,1.30802,1.30799,1.30802,24740000,1
1501207740000,1501207799000,1.30802,1.30802,1.30801,1.30802,37510000,1
1501207800000,1501207859000,1.30802,1.30802,1.30793,1.30793,60810000,1
1501207860000,1501207919000,1.30793,1.308,1.30793,1.308,26470000,1
1501207920000,1501207979000,1.30801,1.30802,1.308,1.308,31490000,1
1501207980000,1501208039000,1.30801,1.30801,1.30792,1.30796,45430000,1
1501208040000,1501208099000,1.30801,1.30833,1.30801,1.30828,55480000,1
1501208100000,1501208159000,1.30829,1.30829,1.30815,1.30815,21050000,1
1501208160000,1501208219000,1.30816,1.30825,1.30799,1.30811,61640000,1
1501208220000,1501208279000,1.3081,1.30812,1.30801,1.3081,55480000,1
1501208280000,1501208339000,1.3081,1.3081,1.30799,1.308,25760000,1
1501208340000,1501208399000,1.30798,1.30798,1.30791,1.30791,26400000,1
1501208400000,1501208459000,1.30791,1.30792,1.30791,1.30791,22820000,1
1501208460000,1501208519000,1.30789,1.30795,1.30788,1.30792,62990000,1
1501208520000,1501208579000,1.30791,1.30793,1.30791,1.30792,19850000,1
1501208580000,1501208639000,1.30792,1.30806,1.30792,1.30804,47520000,1
1501208640000,1501208699000,1.30805,1.30819,1.30803,1.30807,58960000,1
1501208700000,1501208759000,1.30807,1.30813,1.30807,1.30812,24600000,1
1501208760000,1501208819000,1.30811,1.30813,1.30802,1.30811,59940000,1
1501208820000,1501208879000,1.30811,1.30811,1.3081,1.30811,6000000,1
1501208880000,1501208939000,1.30811,1.30811,1.3081,1.3081,13250000,1
1501208940000,1501208999000,1.30809,1.30811,1.30801,1.30802,25160000,1
1501209000000,1501209059000,1.30801,1.3081,1.30799,1.308,44270000,1
1501209060000,1501209119000,1.308,1.30809,1.308,1.30801,78760000,1
1501209120000,1501209179000,1.308,1.30801,1.30799,1.30799,22930000,1
1501209180000,1501209239000,1.30801,1.30802,1.30796,1.30802,55200000,1
1501209240000,1501209299000,1.30799,1.30805,1.30797,1.30805,77850000,1
1501209300000,1501209359000,1.30807,1.3081,1.30807,1.3081,81450000,1
1501209360000,1501209419000,1.3081,1.3081,1.30802,1.30802,36890000,1
1501209420000,1501209479000,1.30802,1.30812,1.30799,1.30802,67450000,1
1501209480000,1501209539000,1.30802,1.30813,1.308,1.30813,55760000,1
1501209540000,1501209599000,1.30814,1.30814,1.30809,1.30811,45300000,1
1501209600000,1501209659000,1.3081,1.30811,1.30809,1.3081,42110000,1
1501209660000,1501209719000,1.3081,1.3081,1.30807,1.30809,83080000,1
1501209720000,1501209779000,1.30809,1.30813,1.30809,1.30812,80380000,1
1501209780000,1501209839000,1.30813,1.30824,1.30812,1.30821,23950000,1
1501209840000,1501209899000,1.30823,1.30828,1.30821,1.30826,27370000,1
1501209900000,1501209959000,1.30824,1.30826,1.30824,1.30824,16000000,1
1501209960000,1501210019000,1.30824,1.30828,1.30822,1.30827,35770000,1
1501210020000,1501210079000,1.30828,1.30828,1.30822,1.30828,38200000,1
1501210080000,1501210139000,1.30827,1.30837,1.30827,1.30834,45380000,1
1501210140000,1501210199000,1.30833,1.30858,1.30825,1.30829,77210000,1
1501210200000,1501210259000,1.30827,1.30829,1.30818,1.30822,112230000,1
1501210260000,1501210319000,1.30822,1.30834,1.30822,1.30832,30240000,1
1501210320000,1501210379000,1.30832,1.30857,1.30832,1.30857,93770000,1
1501210380000,1501210439000,1.30853,1.3086,1.30851,1.3086,96620000,1
1501210440000,1501210499000,1.30858,1.30863,1.30856,1.3086,91570000,1
1501210500000,1501210559000,1.30858,1.30861,1.30855,1.30859,66430000,1
1501210560000,1501210619000,1.30858,1.3086,1.30854,1.30855,43860000,1
1501210620000,1501210679000,1.30855,1.30875,1.30855,1.30875,36690000,1
1501210680000,1501210739000,1.30875,1.30892,1.30871,1.30888,76240000,1
1501210740000,1501210799000,1.30888,1.30889,1.30862,1.30884,119500000,1
1501210800000,1501210859000,1.30884,1.30886,1.3088,1.30882,55600000,1
1501210860000,1501210919000,1.30883,1.30885,1.30881,1.30881,87260000,1
1501210920000,1501210979000,1.30881,1.30889,1.30881,1.30883,65290000,1
1501210980000,1501211039000,1.30881,1.30882,1.30872,1.30874,71850000,1
1501211040000,1501211099000,1.30875,1.30876,1.3087,1.30871,68770000,1
1501211100000,1501211159000,1.30872,1.30874,1.3086,1.3086,67320000,1
1501211160000,1501211219000,1.3086,1.3086,1.30847,1.3085,30790000,1
1501211220000,1501211279000,1.30849,1.30851,1.30847,1.30851,55030000,1
1501211280000,1501211339000,1.30851,1.30851,1.30822,1.30826,110850000,1
1501211340000,1501211399000,1.30826,1.30848,1.3082,1.30847,112420000,1
1501211400000,1501211459000,1.30847,1.30847,1.30834,1.30838,54600000,1
1501211460000,1501211519000,1.30838,1.30848,1.30838,1.30839,100880000,1
1501211520000,1501211579000,1.30839,1.30842,1.30832,1.30834,65300000,1
1501211580000,1501211639000,1.30834,1.30834,1.30828,1.30828,29480000,1
1501211640000,1501211699000,1.30828,1.30832,1.30826,1.30827,58920000,1
1501211700000,1501211759000,1.30827,1.30829,1.3081,1.3081,49870000,1
1501211760000,1501211819000,1.3081,1.30813,1.30803,1.3081,40630000,1
1501211820000,1501211879000,1.3081,1.30812,1.30807,1.30807,13880000,1
1501211880000,1501211939000,1.30805,1.30817,1.30802,1.30816,19250000,1
1501211940000,1501211999000,1.30815,1.30815,1.3081,1.30811,33120000,1
1501212000000,1501212059000,1.30811,1.30812,1.3081,1.30812,44570000,1
1501212060000,1501212119000,1.30812,1.30827,1.30802,1.30814,71030000,1
1501212120000,1501212179000,1.30813,1.30825,1.30809,1.30811,78080000,1
1501212180000,1501212239000,1.30811,1.30818,1.30809,1.30811,49550000,1
1501212240000,1501212299000,1.30812,1.30812,1.308,1.308,19070000,1
1501212300000,1501212359000,1.308,1.30812,1.30798,1.30807,57390000,1
1501212360000,1501212419000,1.30808,1.30808,1.30789,1.308,63120000,1
1501212420000,1501212479000,1.30799,1.308,1.30792,1.30793,54500000,1
1501212480000,1501212539000,1.30792,1.30801,1.30792,1.30793,51500000,1
1501212540000,1501212599000,1.30793,1.30807,1.30792,1.30805,43380000,1
1501212600000,1501212659000,1.30804,1.30804,1.30798,1.30798,44000000,1
1501212660000,1501212719000,1.30798,1.30798,1.30791,1.30797,52470000,1
1501212720000,1501212779000,1.30797,1.30803,1.30796,1.30796,43690000,1
1501212780000,1501212839000,1.30796,1.3081,1.30792,1.30807,35200000,1
1501212840000,1501212899000,1.30811,1.30813,1.30799,1.30813,37710000,1
1501212900000,1501212959000,1.30812,1.30813,1.30812,1.30813,44000000,1
1501212960000,1501213019000,1.30812,1.30813,1.30802,1.30802,26290000,1
1501213020000,1501213079000,1.30802,1.30804,1.308,1.308,24560000,1
1501213080000,1501213139000,1.30799,1.30799,1.30795,1.30799,26010000,1
1501213140000,1501213199000,1.30799,1.30799,1.30795,1.30796,8620000,1
1501213200000,1501213259000,1.30796,1.308,1.30793,1.308,53160000,1
1501213260000,1501213319000,1.308,1.30801,1.308,1.30801,30820000,1
1501213320000,1501213379000,1.308,1.30813,1.30799,1.30813,70270000,1
1501213380000,1501213439000,1.30813,1.30813,1.30812,1.30813,17240000,1
1501213440000,1501213499000,1.30812,1.30818,1.30812,1.30813,40750000,1
1501213500000,1501213559000,1.30813,1.30814,1.30812,1.30813,35980000,1
1501213560000,1501213619000,1.30812,1.30813,1.30799,1.30799,40550000,1
1501213620000,1501213679000,1.30799,1.30801,1.30796,1.30798,25190000,1
1501213680000,1501213739000,1.30798,1.308,1.30794,1.308,55710000,1
1501213740000,1501213799000,1.30796,1.30803,1.30794,1.30798,33200000,1
1501213800000,1501213859000,1.30798,1.30798,1.30796,1.30798,20300000,1
1501213860000,1501213919000,1.30798,1.30802,1.30798,1.30801,45100000,1
1501213920000,1501213979000,1.30801,1.30801,1.30789,1.30792,44940000,1
1501213980000,1501214039000,1.30793,1.30808,1.3079,1.30802,47120000,1
1501214040000,1501214099000,1.30802,1.30803,1.30797,1.30797,6250000,1
1501214100000,1501214159000,1.30798,1.30805,1.30785,1.30786,48050000,1
1501214160000,1501214219000,1.30785,1.30785,1.30777,1.30777,46920000,1
1501214220000,1501214279000,1.30777,1.30784,1.30777,1.30782,68480000,1
1501214280000,1501214339000,1.30781,1.30798,1.30781,1.30797,66450000,1
1501214340000,1501214399000,1.30797,1.30798,1.30792,1.30793,27250000,1
1501214400000,1501214459000,1.30793,1.30796,1.30792,1.30792,60300000,1
1501214460000,1501214519000,1.30793,1.30793,1.30792,1.30792,16750000,1
1501214520000,1501214579000,1.30793,1.30797,1.30787,1.30793,31110000,1
1501214580000,1501214639000,1.30792,1.30793,1.30792,1.30792,19000000,1
1501214640000,1501214699000,1.30793,1.30793,1.30777,1.30777,68380000,1
1501214700000,1501214759000,1.30778,1.30778,1.30771,1.30771,83150000,1
1501214760000,1501214819000,1.30771,1.30773,1.30771,1.30772,61750000,1
1501214820000,1501214879000,1.30772,1.30783,1.30771,1.30782,25370000,1
1501214880000,1501214939000,1.30783,1.30788,1.30778,1.30778,40870000,1
1501214940000,1501214999000,1.30778,1.30782,1.30777,1.30782,41440000,1
1501215000000,1501215059000,1.30782,1.30788,1.30779,1.30788,50990000,1
1501215060000,1501215119000,1.30788,1.30789,1.30788,1.30789,3000000,1
1501215120000,1501215179000,1.30789,1.30789,1.30788,1.30788,12900000,1
1501215180000,1501215239000,1.30788,1.30788,1.30787,1.30788,14140000,1
1501215240000,1501215299000,1.30787,1.30789,1.30786,1.30788,50560000,1
1501215300000,1501215359000,1.30788,1.30788,1.30783,1.30788,43460000,1
1501215360000,1501215419000,1.30788,1.30792,1.30785,1.30788,64600000,1
1501215420000,1501215479000,1.30788,1.308,1.30788,1.30799,64550000,1
1501215480000,1501215539000,1.30799,1.30799,1.30784,1.30786,98670000,1
1501215540000,1501215599000,1.30786,1.30796,1.30777,1.30777,73850000,1
1501215600000,1501215659000,1.30778,1.30793,1.30778,1.30781,32820000,1
1501215660000,1501215719000,1.30782,1.30789,1.30778,1.30779,33980000,1
1501215720000,1501215779000,1.30779,1.3078,1.30776,1.3078,19050000,1
1501215780000,1501215839000,1.30783,1.3079,1.30778,1.30778,21190000,1
1501215840000,1501215899000,1.30778,1.30787,1.30777,1.30779,67680000,1
1501215900000,1501215959000,1.30779,1.30779,1.3077,1.30776,94440000,1
1501215960000,1501216019000,1.30776,1.30777,1.3077,1.30772,86970000,1
1501216020000,1501216079000,1.30772,1.30779,1.3077,1.30776,50890000,1
1501216080000,1501216139000,1.30777,1.30777,1.3077,1.30776,60930000,1
1501216140000,1501216199000,1.30775,1.30779,1.3077,1.30778,51360000,1
1501216200000,1501216259000,1.30777,1.30777,1.30771,1.30771,38400000,1
1501216260000,1501216319000,1.30771,1.30776,1.30763,1.30775,93300000,1
1501216320000,1501216379000,1.30777,1.30778,1.3076,1.30761,33180000,1
1501216380000,1501216439000,1.30763,1.30767,1.30756,1.30758,115830000,1
1501216440000,1501216499000,1.30758,1.3076,1.30758,1.30758,41130000,1
1501216500000,1501216559000,1.30757,1.3077,1.30756,1.3077,64910000,1
1501216560000,1501216619000,1.30771,1.30771,1.30749,1.30749,46840000,1
1501216620000,1501216679000,1.30749,1.30767,1.30749,1.30759,41490000,1
1501216680000,1501216739000,1.30759,1.3076,1.3075,1.30758,72110000,1
1501216740000,1501216799000,1.30758,1.30766,1.30749,1.30765,111730000,1
1501216800000,1501216859000,1.30766,1.30766,1.30749,1.30749,67430000,1
1501216860000,1501216919000,1.30749,1.30753,1.30747,1.30749,103490000,1
1501216920000,1501216979000,1.3075,1.30756,1.30748,1.30756,54250000,1
1501216980000,1501217039000,1.30756,1.30759,1.3075,1.30756,97760000,1
1501217040000,1501217099000,1.30756,1.30758,1.30756,1.30757,68580000,1
1501217100000,1501217159000,1.30756,1.3076,1.30756,1.30759,29460000,1
1501217160000,1501217219000,1.30759,1.3076,1.30758,1.3076,15220000,1
1501217220000,1501217279000,1.3076,1.3076,1.30758,1.30759,4390000,1
1501217280000,1501217339000,1.30759,1.30759,1.30736,1.30739,22430000,1
1501217340000,1501217399000,1.30737,1.30738,1.30737,1.30737,25210000,1
1501217400000,1501217459000,1.30739,1.3074,1.30738,1.30739,36190000,1
1501217460000,1501217519000,1.30739,1.30759,1.30738,1.30758,62780000,1
1501217520000,1501217579000,1.30758,1.30771,1.30758,1.30771,19320000,1
1501217580000,1501217639000,1.3077,1.30773,1.30762,1.30773,45200000,1
1501217640000,1501217699000,1.30772,1.30773,1.3077,1.3077,15000000,1
1501217700000,1501217759000,1.3077,1.3077,1.30761,1.30762,33500000,1
1501217760000,1501217819000,1.30762,1.30763,1.30757,1.30762,43080000,1
1501217820000,1501217879000,1.30762,1.30763,1.30751,1.30752,30970000,1
1501217880000,1501217939000,1.30753,1.30753,1.30722,1.30728,76330000,1
1501217940000,1501217999000,1.30728,1.3074,1.30728,1.3074,128690000,1
1501218000000,1501218059000,1.3074,1.30747,1.30736,1.30737,63980000,1
1501218060000,1501218119000,1.30738,1.30742,1.30736,1.30736,82280000,1
1501218120000,1501218179000,1.30736,1.30742,1.30736,1.30742,11000000,1
1501218180000,1501218239000,1.30737,1.30738,1.30733,1.30735,38910000,1
1501218240000,1501218299000,1.30734,1.30734,1.30727,1.30732,23990000,1
1501218300000,1501218359000,1.30733,1.30742,1.30733,1.30742,7200000,1
1501218360000,1501218419000,1.30743,1.30752,1.30742,1.30752,14000000,1
1501218420000,1501218479000,1.30752,1.30753,1.30742,1.30746,20500000,1
1501218480000,1501218539000,1.30746,1.30747,1.30736,1.30747,35500000,1
1501218540000,1501218599000,1.30747,1.30752,1.30746,1.30751,32000000,1
1501218600000,1501218659000,1.30751,1.30757,1.30747,1.30747,28500000,1
1501218660000,1501218719000,1.30747,1.30755,1.30746,1.30752,44500000,1
1501218720000,1501218779000,1.30752,1.30755,1.30749,1.30753,36360000,1
1501218780000,1501218839000,1.30753,1.30758,1.30746,1.30758,61440000,1
1501218840000,1501218899000,1.30758,1.30772,1.30758,1.3077,44060000,1
1501218900000,1501218959000,1.30768,1.30768,1.30761,1.30765,84310000,1
1501218960000,1501219019000,1.30764,1.30766,1.30761,1.30761,78740000,1
1501219020000,1501219079000,1.30761,1.30766,1.30761,1.30766,32600000,1
1501219080000,1501219139000,1.30766,1.3077,1.30762,1.3077,43050000,1
1501219140000,1501219199000,1.3077,1.30772,1.30768,1.30769,127240000,1
1501219200000,1501219259000,1.30768,1.30787,1.30768,1.30787,141950000,1
1501219260000,1501219319000,1.30787,1.30806,1.30787,1.30802,51720000,1
1501219320000,1501219379000,1.30799,1.30822,1.30796,1.30819,100620000,1
1501219380000,1501219439000,1.30819,1.30824,1.30814,1.30814,70230000,1
1501219440000,1501219499000,1.30814,1.30815,1.30808,1.30813,48390000,1
1501219500000,1501219559000,1.30813,1.30816,1.30811,1.30813,95590000,1
1501219560000,1501219619000,1.30813,1.30813,1.30807,1.30813,32850000,1
1501219620000,1501219679000,1.30812,1.30814,1.30806,1.30806,38740000,1
1501219680000,1501219739000,1.30806,1.30813,1.30798,1.30813,26870000,1
1501219740000,1501219799000,1.30813,1.30819,1.30813,1.30816,32190000,1
1501219800000,1501219859000,1.30819,1.30819,1.30804,1.3081,60180000,1
1501219860000,1501219919000,1.30811,1.30838,1.30811,1.30838,170380000,1
1501219920000,1501219979000,1.30842,1.30852,1.30833,1.30833,138530000,1
1501219980000,1501220039000,1.30832,1.30832,1.30822,1.30822,63950000,1
1501220040000,1501220099000,1.30822,1.30827,1.30822,1.30827,49770000,1
1501220100000,1501220159000,1.30827,1.30833,1.30827,1.30832,27120000,1
1501220160000,1501220219000,1.30836,1.30843,1.30836,1.30842,49010000,1
1501220220000,1501220279000,1.30843,1.30846,1.30837,1.30843,48430000,1
1501220280000,1501220339000,1.30842,1.30851,1.30842,1.30847,42510000,1
1501220340000,1501220399000,1.30848,1.30848,1.3082,1.30832,47830000,1
1501220400000,1501220459000,1.30828,1.30833,1.30823,1.30832,30720000,1
1501220460000,1501220519000,1.30833,1.30833,1.30832,1.30833,23000000,1
1501220520000,1501220579000,1.30832,1.30847,1.30831,1.30832,61850000,1
1501220580000,1501220639000,1.30833,1.30833,1.30828,1.30828,35500000,1
1501220640000,1501220699000,1.30833,1.30835,1.30827,1.30832,60610000,1
1501220700000,1501220759000,1.30833,1.30835,1.30826,1.3083,98430000,1
1501220760000,1501220819000,1.3083,1.30831,1.30822,1.30822,106760000,1
1501220820000,1501220879000,1.30823,1.30823,1.30822,1.30822,24750000,1
1501220880000,1501220939000,1.30823,1.30823,1.30819,1.3082,75180000,1
1501220940000,1501220999000,1.3082,1.30833,1.30819,1.30832,58040000,1
1501221000000,1501221059000,1.30832,1.30835,1.3083,1.30831,31950000,1
1501221060000,1501221119000,1.3083,1.30831,1.30822,1.30823,56970000,1
1501221120000,1501221179000,1.30823,1.3083,1.30823,1.3083,28380000,1
1501221180000,1501221239000,1.30828,1.30828,1.30815,1.30815,178140000,1
1501221240000,1501221299000,1.30815,1.30823,1.30812,1.30822,272170000,1
1501221300000,1501221359000,1.30823,1.30826,1.30821,1.30822,219220000,1
1501221360000,1501221419000,1.30822,1.30825,1.30805,1.30805,103920000,1
1501221420000,1501221479000,1.30805,1.30805,1.30802,1.30802,24000000,1
1501221480000,1501221539000,1.30802,1.30811,1.30802,1.30805,69870000,1
1501221540000,1501221599000,1.30805,1.30811,1.30804,1.30811,31230000,1
1501221600000,1501221659000,1.30811,1.30811,1.30801,1.30801,67920000,1
1501221660000,1501221719000,1.30801,1.30822,1.30799,1.30821,111710000,1
1501221720000,1501221779000,1.30821,1.30821,1.30808,1.30811,103200000,1
1501221780000,1501221839000,1.3081,1.30821,1.30792,1.30818,156350000,1
1501221840000,1501221899000,1.30819,1.30822,1.30805,1.30815,99180000,1
1501221900000,1501221959000,1.30816,1.30848,1.30816,1.30842,67340000,1
1501221960000,1501222019000,1.30842,1.30842,1.30829,1.30831,99570000,1
1501222020000,1501222079000,1.3083,1.3083,1.3081,1.30819,79400000,1
1501222080000,1501222139000,1.30819,1.3083,1.30816,1.30821,92650000,1
1501222140000,1501222199000,1.30821,1.30849,1.30821,1.30849,76500000,1
1501222200000,1501222259000,1.3085,1.30883,1.30849,1.30876,218430000,1
1501222260000,1501222319000,1.30876,1.30876,1.30855,1.30859,99490000,1
1501222320000,1501222379000,1.30859,1.30861,1.30841,1.30845,93700000,1
1501222380000,1501222439000,1.30847,1.30851,1.3084,1.30841,50610000,1
1501222440000,1501222499000,1.30841,1.30864,1.30831,1.30863,79620000,1
1501222500000,1501222559000,1.30862,1.30872,1.3085,1.30864,64870000,1
1501222560000,1501222619000,1.30864,1.3089,1.30862,1.3088,88860000,1
1501222620000,1501222679000,1.30877,1.30883,1.30858,1.30883,96500000,1
1501222680000,1501222739000,1.30882,1.30883,1.30865,1.30865,79470000,1
1501222740000,1501222799000,1.30868,1.30872,1.30864,1.3087,56690000,1
1501222800000,1501222859000,1.3087,1.3087,1.3083,1.30831,115340000,1
1501222860000,1501222919000,1.30831,1.30837,1.30819,1.30823,54340000,1
1501222920000,1501222979000,1.30823,1.30823,1.30799,1.30799,119420000,1
1501222980000,1501223039000,1.30799,1.308,1.3079,1.30792,55530000,1
1501223040000,1501223099000,1.30791,1.3082,1.30791,1.30819,48640000,1
1501223100000,1501223159000,1.30819,1.30831,1.30819,1.3083,58430000,1
1501223160000,1501223219000,1.3083,1.30833,1.30819,1.30832,81830000,1
1501223220000,1501223279000,1.30832,1.30853,1.30822,1.30851,82270000,1
1501223280000,1501223339000,1.3085,1.30882,1.3084,1.30841,106950000,1
1501223340000,1501223399000,1.30842,1.3085,1.3084,1.30848,46450000,1
1501223400000,1501223459000,1.30848,1.3085,1.30821,1.30842,146540000,1
1501223460000,1501223519000,1.30842,1.30842,1.30803,1.3081,174270000,1
1501223520000,1501223579000,1.30811,1.30817,1.30802,1.30809,91080000,1
1501223580000,1501223639000,1.3081,1.3083,1.30808,1.30811,106090000,1
1501223640000,1501223699000,1.30815,1.30833,1.30807,1.30819,107230000,1
1501223700000,1501223759000,1.3082,1.30829,1.30801,1.30818,201720000,1
1501223760000,1501223819000,1.30823,1.30829,1.30806,1.30821,107680000,1
1501223820000,1501223879000,1.30821,1.30831,1.3081,1.30812,113150000,1
1501223880000,1501223939000,1.30812,1.30855,1.30806,1.30852,175480000,1
1501223940000,1501223999000,1.30853,1.30862,1.30848,1.30851,163640000,1
1501224000000,1501224059000,1.30851,1.30851,1.30828,1.3083,148020000,1
1501224060000,1501224119000,1.3083,1.30832,1.30802,1.30802,121620000,1
1501224120000,1501224179000,1.30801,1.30802,1.30791,1.30791,114210000,1
1501224180000,1501224239000,1.30791,1.30794,1.3076,1.3076,145760000,1
1501224240000,1501224299000,1.3076,1.30778,1.30754,1.30762,157090000,1
1501224300000,1501224359000,1.30762,1.30788,1.30762,1.30771,86460000,1
1501224360000,1501224419000,1.30771,1.30787,1.30771,1.30781,94450000,1
1501224420000,1501224479000,1.30781,1.30795,1.30771,1.30792,135950000,1
1501224480000,1501224539000,1.30792,1.30795,1.30784,1.30791,117250000,1
1501224540000,1501224599000,1.30791,1.30792,1.30775,1.30782,63090000,1
1501224600000,1501224659000,1.30782,1.30783,1.30755,1.30777,136090000,1
1501224660000,1501224719000,1.30776,1.30779,1.30757,1.30772,129260000,1
1501224720000,1501224779000,1.30773,1.30793,1.30772,1.30783,100880000,1
1501224780000,1501224839000,1.30785,1.30793,1.30784,1.3079,116000000,1
1501224840000,1501224899000,1.30791,1.30803,1.3079,1.30797,100550000,1
1501224900000,1501224959000,1.30797,1.30807,1.30796,1.30803,71190000,1
1501224960000,1501225019000,1.30802,1.30803,1.30792,1.30797,95200000,1
1501225020000,1501225079000,1.30798,1.30813,1.30791,1.3081,115740000,1
1501225080000,1501225139000,1.3081,1.30812,1.30799,1.30812,149490000,1
1501225140000,1501225199000,1.30812,1.30815,1.30811,1.30813,93530000,1
1501225200000,1501225259000,1.30817,1.30845,1.30791,1.30833,234500000,1
1501225260000,1501225319000,1.30841,1.30855,1.30784,1.30788,255110000,1
1501225320000,1501225379000,1.30788,1.30794,1.30781,1.30783,162480000,1
1501225380000,1501225439000,1.30783,1.30802,1.30781,1.30801,141450000,1
1501225440000,1501225499000,1.308,1.30812,1.30791,1.30811,125050000,1
1501225500000,1501225559000,1.30811,1.30845,1.30805,1.30845,160450000,1
1501225560000,1501225619000,1.30847,1.30854,1.30832,1.30849,190220000,1
1501225620000,1501225679000,1.3085,1.30858,1.308,1.30817,222210000,1
1501225680000,1501225739000,1.30817,1.30821,1.30795,1.308,181200000,1
1501225740000,1501225799000,1.30802,1.30802,1.30771,1.30771,162400000,1
1501225800000,1501225859000,1.30769,1.30803,1.30767,1.30794,163580000,1
1501225860000,1501225919000,1.30794,1.30798,1.30761,1.30763,143100000,1
1501225920000,1501225979000,1.30763,1.30765,1.30743,1.30753,95740000,1
1501225980000,1501226039000,1.30753,1.30772,1.30748,1.3077,71210000,1
1501226040000,1501226099000,1.30772,1.30782,1.3077,1.30781,99380000,1
1501226100000,1501226159000,1.3078,1.30784,1.30773,1.30782,109450000,1
1501226160000,1501226219000,1.30783,1.30784,1.30771,1.30772,136180000,1
1501226220000,1501226279000,1.30772,1.30772,1.30754,1.30765,102970000,1
1501226280000,1501226339000,1.30765,1.30765,1.30754,1.30754,25240000,1
1501226340000,1501226399000,1.30753,1.30754,1.30733,1.3074,111450000,1
1501226400000,1501226459000,1.3074,1.30756,1.3074,1.30754,70500000,1
1501226460000,1501226519000,1.30754,1.30759,1.30752,1.30754,50000000,1
1501226520000,1501226579000,1.30754,1.30766,1.30752,1.30764,51970000,1
1501226580000,1501226639000,1.30763,1.30763,1.30723,1.30725,126790000,1
1501226640000,1501226699000,1.30726,1.3074,1.30719,1.30729,142280000,1
1501226700000,1501226759000,1.3073,1.30741,1.30721,1.30723,81540000,1
1501226760000,1501226819000,1.30724,1.30726,1.30712,1.30714,100020000,1
1501226820000,1501226879000,1.30712,1.30732,1.30712,1.30729,106990000,1
1501226880000,1501226939000,1.30728,1.30749,1.30728,1.30743,68960000,1
1501226940000,1501226999000,1.30745,1.30746,1.30729,1.30731,110340000,1
1501227000000,1501227059000,1.30731,1.3074,1.30724,1.3074,142360000,1
1501227060000,1501227119000,1.3074,1.30752,1.30739,1.30743,85230000,1
1501227120000,1501227179000,1.30743,1.30746,1.30734,1.30741,172960000,1
1501227180000,1501227239000,1.3074,1.30762,1.30735,1.30759,144410000,1
1501227240000,1501227299000,1.30759,1.30764,1.30754,1.30761,74700000,1
1501227300000,1501227359000,1.30761,1.30762,1.30753,1.30753,44720000,1
1501227360000,1501227419000,1.30753,1.30753,1.30733,1.30736,140880000,1
1501227420000,1501227479000,1.30736,1.30744,1.30724,1.30727,124030000,1
1501227480000,1501227539000,1.3073,1.30734,1.3073,1.30733,41000000,1
1501227540000,1501227599000,1.30733,1.30734,1.30719,1.3072,83220000,1
1501227600000,1501227659000,1.30723,1.30723,1.30705,1.30711,100430000,1
1501227660000,1501227719000,1.30711,1.30733,1.30708,1.30713,100860000,1
1501227720000,1501227779000,1.30716,1.30729,1.30716,1.30721,85900000,1
1501227780000,1501227839000,1.30721,1.30723,1.30689,1.307,143700000,1
1501227840000,1501227899000,1.307,1.30715,1.30699,1.30711,53400000,1
1501227900000,1501227959000,1.3071,1.30721,1.30702,1.30719,125450000,1
1501227960000,1501228019000,1.30719,1.30722,1.30702,1.30707,175800000,1
1501228020000,1501228079000,1.30705,1.30713,1.30701,1.30704,79020000,1
1501228080000,1501228139000,1.30704,1.3072,1.30704,1.30719,76980000,1
1501228140000,1501228199000,1.30721,1.30743,1.30721,1.30743,116110000,1
1501228200000,1501228259000,1.30742,1.30743,1.30721,1.30722,99210000,1
1501228260000,1501228319000,1.30721,1.30736,1.3072,1.30724,127800000,1
1501228320000,1501228379000,1.30725,1.30725,1.30708,1.30709,161030000,1
1501228380000,1501228439000,1.30708,1.30712,1.30686,1.30703,224910000,1
1501228440000,1501228499000,1.30703,1.30725,1.30696,1.30724,186040000,1
1501228500000,1501228559000,1.30723,1.30735,1.30723,1.30733,73780000,1
1501228560000,1501228619000,1.30733,1.30734,1.3073,1.30734,43170000,1
1501228620000,1501228679000,1.30735,1.30736,1.30729,1.30733,96480000,1
1501228680000,1501228739000,1.30732,1.30744,1.3073,1.30739,57400000,1
1501228740000,1501228799000,1.30737,1.30743,1.30733,1.30733,80610000,1
1501228800000,1501228859000,1.30732,1.30777,1.30731,1.30768,231490000,1
1501228860000,1501228919000,1.30769,1.30786,1.30749,1.30776,159000000,1
1501228920000,1501228979000,1.30773,1.30802,1.30773,1.30801,152250000,1
1501228980000,1501229039000,1.30803,1.30808,1.30781,1.30781,157240000,1
1501229040000,1501229099000,1.3078,1.30783,1.30754,1.30761,132210000,1
1501229100000,1501229159000,1.30761,1.30764,1.30755,1.30759,71830000,1
1501229160000,1501229219000,1.30759,1.30773,1.30759,1.3077,85650000,1
1501229220000,1501229279000,1.30769,1.30769,1.3075,1.30752,87210000,1
1501229280000,1501229339000,1.3075,1.30767,1.30734,1.30759,130170000,1
1501229340000,1501229399000,1.30762,1.30771,1.3076,1.30764,115990000,1
1501229400000,1501229459000,1.30764,1.3077,1.30753,1.30766,147920000,1
1501229460000,1501229519000,1.30766,1.30778,1.30753,1.30775,142860000,1
1501229520000,1501229579000,1.30777,1.30789,1.30765,1.30765,153620000,1
1501229580000,1501229639000,1.30764,1.30774,1.3073,1.3073,139970000,1
1501229640000,1501229699000,1.30731,1.30762,1.30727,1.30751,153560000,1
1501229700000,1501229759000,1.30751,1.30763,1.30732,1.30745,185240000,1
1501229760000,1501229819000,1.30745,1.30762,1.30743,1.30743,152720000,1
1501229820000,1501229879000,1.30744,1.30765,1.30737,1.3076,151250000,1
1501229880000,1501229939000,1.3076,1.3079,1.3076,1.30776,151400000,1
1501229940000,1501229999000,1.30776,1.30787,1.30763,1.30764,75370000,1
1501230000000,1501230059000,1.30765,1.30779,1.30756,1.30775,86230000,1
1501230060000,1501230119000,1.30775,1.30781,1.30764,1.30772,141090000,1
1501230120000,1501230179000,1.30773,1.30773,1.30762,1.30765,134480000,1
1501230180000,1501230239000,1.30767,1.30778,1.30767,1.30775,100040000,1
1501230240000,1501230299000,1.30776,1.30784,1.30775,1.30775,110080000,1
1501230300000,1501230359000,1.30774,1.30774,1.30752,1.30752,210810000,1
1501230360000,1501230419000,1.30753,1.30761,1.30742,1.30744,209490000,1
1501230420000,1501230479000,1.30744,1.30752,1.30735,1.30738,158710000,1
1501230480000,1501230539000,1.30737,1.30763,1.30737,1.30758,214440000,1
1501230540000,1501230599000,1.30757,1.3079,1.30757,1.30787,172950000,1
1501230600000,1501230659000,1.30791,1.30792,1.3078,1.30787,129680000,1
1501230660000,1501230719000,1.30787,1.30793,1.30787,1.30792,75560000,1
1501230720000,1501230779000,1.30793,1.30798,1.3079,1.30792,87580000,1
1501230780000,1501230839000,1.30793,1.30793,1.30767,1.30774,93360000,1
1501230840000,1501230899000,1.30773,1.30796,1.30772,1.30793,82340000,1
1501230900000,1501230959000,1.30793,1.30798,1.30785,1.30788,42880000,1
1501230960000,1501231019000,1.30787,1.30788,1.30729,1.30729,146340000,1
1501231020000,1501231079000,1.30728,1.30746,1.30726,1.30745,97580000,1
1501231080000,1501231139000,1.30746,1.30765,1.30746,1.30765,110530000,1
1501231140000,1501231199000,1.30762,1.30772,1.3076,1.30769,72070000,1
1501231200000,1501231259000,1.30769,1.30771,1.30757,1.30762,92720000,1
1501231260000,1501231319000,1.30764,1.30773,1.30755,1.30756,125860000,1
1501231320000,1501231379000,1.30757,1.30773,1.30751,1.30773,65380000,1
1501231380000,1501231439000,1.30774,1.30777,1.30764,1.30772,50190000,1
1501231440000,1501231499000,1.30773,1.30803,1.30772,1.30803,103650000,1
1501231500000,1501231559000,1.30805,1.30808,1.30783,1.30783,137450000,1
1501231560000,1501231619000,1.30784,1.30794,1.30779,1.30787,114390000,1
1501231620000,1501231679000,1.30787,1.30799,1.30787,1.30799,100630000,1
1501231680000,1501231739000,1.30798,1.308,1.30791,1.30795,56310000,1
1501231740000,1501231799000,1.30796,1.30803,1.30785,1.30803,89630000,1
1501231800000,1501231859000,1.30802,1.30803,1.30793,1.30794,45520000,1
1501231860000,1501231919000,1.30789,1.30808,1.30787,1.30805,81130000,1
1501231920000,1501231979000,1.30804,1.30808,1.30781,1.30783,86080000,1
1501231980000,1501232039000,1.30784,1.30797,1.30782,1.30795,78080000,1
1501232040000,1501232099000,1.30795,1.30799,1.30791,1.30792,65200000,1
1501232100000,1501232159000,1.30792,1.30826,1.30792,1.30824,107600000,1
1501232160000,1501232219000,1.30824,1.30825,1.30811,1.30816,58590000,1
1501232220000,1501232279000,1.30816,1.3085,1.3081,1.3085,86900000,1
1501232280000,1501232339000,1.30849,1.30849,1.30823,1.30843,112560000,1
1501232340000,1501232399000,1.30843,1.30888,1.30838,1.30883,176970000,1
1501232400000,1501232459000,1.30884,1.30906,1.30884,1.30898,170810000,1
1501232460000,1501232519000,1.309,1.30914,1.30896,1.30912,145000000,1
1501232520000,1501232579000,1.30912,1.30928,1.30904,1.30925,135040000,1
1501232580000,1501232639000,1.30925,1.30931,1.30907,1.30923,158740000,1
1501232640000,1501232699000,1.30924,1.30924,1.30893,1.309,92180000,1
1501232700000,1501232759000,1.309,1.30949,1.30893,1.30944,161510000,1
1501232760000,1501232819000,1.30942,1.30991,1.30938,1.30984,206350000,1
1501232820000,1501232879000,1.30984,1.30997,1.30979,1.30983,175020000,1
1501232880000,1501232939000,1.30982,1.30996,1.30974,1.30996,201350000,1
1501232940000,1501232999000,1.30996,1.31002,1.3099,1.30996,100490000,1
1501233000000,1501233059000,1.30996,1.31,1.30984,1.30985,65990000,1
1501233060000,1501233119000,1.30985,1.30999,1.30985,1.30995,84250000,1
1501233120000,1501233179000,1.30996,1.30998,1.30987,1.30988,45120000,1
1501233180000,1501233239000,1.30988,1.30996,1.30984,1.30986,62610000,1
1501233240000,1501233299000,1.30986,1.30987,1.30922,1.30924,195040000,1
1501233300000,1501233359000,1.30928,1.3094,1.30913,1.30913,192510000,1
1501233360000,1501233419000,1.30912,1.30929,1.30909,1.30926,129720000,1
1501233420000,1501233479000,1.30924,1.3093,1.30904,1.30904,122620000,1
1501233480000,1501233539000,1.30904,1.30914,1.30902,1.30902,121910000,1
1501233540000,1501233599000,1.30902,1.30938,1.309,1.30935,99160000,1
1501233600000,1501233659000,1.30935,1.30964,1.30924,1.3096,264680000,1
1501233660000,1501233719000,1.30958,1.30958,1.30937,1.30944,225150000,1
1501233720000,1501233779000,1.30943,1.30943,1.30922,1.30933,137030000,1
1501233780000,1501233839000,1.30934,1.30949,1.30931,1.30938,150830000,1
1501233840000,1501233899000,1.30938,1.30948,1.30928,1.30928,124320000,1
1501233900000,1501233959000,1.30925,1.30937,1.30913,1.30922,169620000,1
1501233960000,1501234019000,1.30923,1.30923,1.30909,1.30911,87610000,1
1501234020000,1501234079000,1.3091,1.30931,1.30896,1.30923,182790000,1
1501234080000,1501234139000,1.30923,1.30932,1.30922,1.30927,80570000,1
1501234140000,1501234199000,1.30927,1.30933,1.30922,1.30931,75890000,1
1501234200000,1501234259000,1.30927,1.30938,1.30925,1.30934,114980000,1
1501234260000,1501234319000,1.30935,1.3095,1.30935,1.3095,63280000,1
1501234320000,1501234379000,1.30948,1.30948,1.30944,1.30946,40960000,1
1501234380000,1501234439000,1.30945,1.30953,1.30936,1.30939,76830000,1
1501234440000,1501234499000,1.30938,1.30944,1.30932,1.30943,173310000,1
1501234500000,1501234559000,1.30943,1.30944,1.30935,1.30936,148520000,1
1501234560000,1501234619000,1.30936,1.30938,1.30915,1.30915,184770000,1
1501234620000,1501234679000,1.30915,1.30924,1.30901,1.3091,141670000,1
1501234680000,1501234739000,1.3091,1.30912,1.30902,1.30912,121490000,1
1501234740000,1501234799000,1.3091,1.30911,1.30889,1.30893,133280000,1
1501234800000,1501234859000,1.3089,1.30902,1.30883,1.30889,109440000,1
1501234860000,1501234919000,1.30889,1.30893,1.30889,1.30892,62990000,1
1501234920000,1501234979000,1.30892,1.30892,1.30885,1.30885,72610000,1
1501234980000,1501235039000,1.30886,1.30898,1.30882,1.30898,74710000,1
1501235040000,1501235099000,1.30897,1.309,1.30887,1.309,75780000,1
1501235100000,1501235159000,1.30898,1.309,1.30876,1.30884,154750000,1
1501235160000,1501235219000,1.30883,1.30895,1.30883,1.30893,111070000,1
1501235220000,1501235279000,1.30892,1.30897,1.3089,1.30892,69420000,1
1501235280000,1501235339000,1.30892,1.30892,1.30876,1.30876,97460000,1
1501235340000,1501235399000,1.30876,1.30885,1.3087,1.30882,152780000,1
1501235400000,1501235459000,1.30882,1.30893,1.30878,1.30878,127410000,1
1501235460000,1501235519000,1.30878,1.30878,1.30856,1.30863,155790000,1
1501235520000,1501235579000,1.30863,1.30873,1.30862,1.30872,99250000,1
1501235580000,1501235639000,1.30872,1.30883,1.30861,1.30869,149430000,1
1501235640000,1501235699000,1.30871,1.30872,1.30852,1.3086,220750000,1
1501235700000,1501235759000,1.30861,1.30867,1.30851,1.30863,156640000,1
1501235760000,1501235819000,1.30862,1.30893,1.30862,1.30881,128480000,1
1501235820000,1501235879000,1.30879,1.30893,1.30872,1.30893,100240000,1
1501235880000,1501235939000,1.30892,1.30892,1.30831,1.30844,247070000,1
1501235940000,1501235999000,1.30846,1.3086,1.30837,1.30839,158010000,1
1501236000000,1501236059000,1.30838,1.30838,1.30817,1.30823,186320000,1
1501236060000,1501236119000,1.30823,1.30832,1.30801,1.30801,235110000,1
1501236120000,1501236179000,1.30802,1.30843,1.30802,1.30812,174530000,1
1501236180000,1501236239000,1.30812,1.30823,1.30812,1.30821,156820000,1
1501236240000,1501236299000,1.30821,1.30843,1.30821,1.30828,137310000,1
1501236300000,1501236359000,1.30827,1.30835,1.30817,1.30823,136260000,1
1501236360000,1501236419000,1.30822,1.30823,1.3079,1.30799,171750000,1
1501236420000,1501236479000,1.30799,1.30809,1.30799,1.30804,82610000,1
1501236480000,1501236539000,1.30805,1.30833,1.30794,1.30831,141220000,1
1501236540000,1501236599000,1.30831,1.30848,1.30823,1.30843,154950000,1
1501236600000,1501236659000,1.30843,1.30853,1.30822,1.30822,112780000,1
1501236660000,1501236719000,1.30823,1.30851,1.30822,1.30842,97610000,1
1501236720000,1501236779000,1.30842,1.30842,1.30824,1.30832,104890000,1
1501236780000,1501236839000,1.30832,1.30842,1.30829,1.30832,122600000,1
1501236840000,1501236899000,1.3083,1.30851,1.30824,1.30844,117210000,1
1501236900000,1501236959000,1.30844,1.30844,1.30821,1.30821,103880000,1
1501236960000,1501237019000,1.30819,1.30848,1.30817,1.30848,249640000,1
1501237020000,1501237079000,1.30848,1.30849,1.3082,1.3083,168190000,1
1501237080000,1501237139000,1.30829,1.30834,1.30819,1.30829,152610000,1
1501237140000,1501237199000,1.30827,1.30856,1.30824,1.30825,163990000,1
1501237200000,1501237259000,1.30825,1.30832,1.3082,1.30822,114080000,1
1501237260000,1501237319000,1.3082,1.30823,1.30802,1.30802,111630000,1
1501237320000,1501237379000,1.30803,1.30803,1.30785,1.30785,82970000,1
1501237380000,1501237439000,1.30786,1.30793,1.30783,1.30786,119150000,1
1501237440000,1501237499000,1.30786,1.30787,1.3077,1.30773,120190000,1
1501237500000,1501237559000,1.30772,1.30782,1.30772,1.30772,49060000,1
1501237560000,1501237619000,1.30772,1.3078,1.30763,1.3078,90450000,1
1501237620000,1501237679000,1.3078,1.30784,1.30774,1.30776,111680000,1
1501237680000,1501237739000,1.30776,1.30797,1.30776,1.30789,157110000,1
1501237740000,1501237799000,1.30788,1.30798,1.30781,1.30795,105240000,1
1501237800000,1501237859000,1.30793,1.30801,1.30781,1.30783,139840000,1
1501237860000,1501237919000,1.30781,1.308,1.30775,1.30783,115910000,1
1501237920000,1501237979000,1.30783,1.30785,1.30761,1.30768,89190000,1
1501237980000,1501238039000,1.30768,1.30772,1.30751,1.30769,172520000,1
1501238040000,1501238099000,1.3077,1.3077,1.30763,1.30765,45920000,1
1501238100000,1501238159000,1.30765,1.3077,1.30742,1.30753,142230000,1
1501238160000,1501238219000,1.30754,1.30757,1.30751,1.30753,59680000,1
1501238220000,1501238279000,1.30753,1.30767,1.30752,1.30764,91650000,1
1501238280000,1501238339000,1.30764,1.30768,1.3076,1.30765,73400000,1
1501238340000,1501238399000,1.30765,1.30773,1.30757,1.30758,81840000,1
1501238400000,1501238459000,1.30758,1.30791,1.30753,1.30783,157390000,1
1501238460000,1501238519000,1.30783,1.30788,1.30764,1.30773,141950000,1
1501238520000,1501238579000,1.30773,1.30793,1.30772,1.30793,96840000,1
1501238580000,1501238639000,1.30792,1.30793,1.30757,1.30758,109540000,1
1501238640000,1501238699000,1.30757,1.30758,1.30744,1.30751,94030000,1
1501238700000,1501238759000,1.30752,1.30756,1.30743,1.30743,102390000,1
1501238760000,1501238819000,1.30742,1.30753,1.30739,1.30752,77380000,1
1501238820000,1501238879000,1.30749,1.30751,1.30747,1.3075,72830000,1
1501238880000,1501238939000,1.30749,1.30774,1.30748,1.30764,108750000,1
1501238940000,1501238999000,1.30763,1.30766,1.30743,1.30766,98660000,1
1501239000000,1501239059000,1.30768,1.30784,1.30768,1.3078,51000000,1
1501239060000,1501239119000,1.3078,1.30787,1.30777,1.30784,45120000,1
1501239120000,1501239179000,1.30783,1.30784,1.30769,1.30773,57580000,1
1501239180000,1501239239000,1.30772,1.30773,1.30763,1.30767,54660000,1
1501239240000,1501239299000,1.30769,1.30794,1.30766,1.30789,215330000,1
1501239300000,1501239359000,1.30789,1.30789,1.30773,1.30784,152250000,1
1501239360000,1501239419000,1.30785,1.30793,1.30772,1.30778,126550000,1
1501239420000,1501239479000,1.30778,1.30807,1.30774,1.30806,160100000,1
1501239480000,1501239539000,1.30805,1.30836,1.30805,1.30836,70950000,1
1501239540000,1501239599000,1.30838,1.30864,1.30838,1.30853,150930000,1
1501239600000,1501239659000,1.30849,1.30865,1.30842,1.30862,102250000,1
1501239660000,1501239719000,1.30861,1.30867,1.30849,1.30853,76250000,1
1501239720000,1501239779000,1.30851,1.30854,1.30839,1.30841,89270000,1
1501239780000,1501239839000,1.30841,1.30865,1.30835,1.30864,144460000,1
1501239840000,1501239899000,1.30866,1.30879,1.30847,1.30847,246880000,1
1501239900000,1501239959000,1.30847,1.30876,1.30843,1.30873,198220000,1
1501239960000,1501240019000,1.30873,1.30887,1.30871,1.30887,68530000,1
1501240020000,1501240079000,1.30887,1.30918,1.30887,1.30915,105930000,1
1501240080000,1501240139000,1.30914,1.30926,1.30914,1.30923,99200000,1
1501240140000,1501240199000,1.30923,1.30923,1.30904,1.30907,47240000,1
1501240200000,1501240259000,1.30907,1.30913,1.30901,1.30902,54010000,1
1501240260000,1501240319000,1.30902,1.30913,1.30899,1.30901,88860000,1
1501240320000,1501240379000,1.30901,1.3092,1.30901,1.30914,60430000,1
1501240380000,1501240439000,1.30914,1.30924,1.30914,1.30921,60590000,1
1501240440000,1501240499000,1.30923,1.30936,1.30923,1.30934,52000000,1
1501240500000,1501240559000,1.30939,1.30941,1.3091,1.30913,87590000,1
1501240560000,1501240619000,1.30913,1.30913,1.30897,1.30904,71310000,1
1501240620000,1501240679000,1.30904,1.30904,1.30889,1.30889,34760000,1
1501240680000,1501240739000,1.30889,1.30895,1.30889,1.30894,88390000,1
1501240740000,1501240799000,1.30894,1.30894,1.30882,1.30882,29890000,1
1501240800000,1501240859000,1.30881,1.30883,1.3086,1.30863,52500000,1
1501240860000,1501240919000,1.30863,1.30872,1.3086,1.30871,58410000,1
1501240920000,1501240979000,1.30871,1.30899,1.30867,1.30899,112230000,1
1501240980000,1501241039000,1.30898,1.30945,1.30898,1.30944,174060000,1
1501241040000,1501241099000,1.30943,1.30944,1.30923,1.30932,72460000,1
1501241100000,1501241159000,1.30933,1.30933,1.30923,1.30931,129690000,1
1501241160000,1501241219000,1.30933,1.30938,1.30926,1.30933,145290000,1
1501241220000,1501241279000,1.30936,1.30937,1.30911,1.30911,124390000,1
1501241280000,1501241339000,1.30911,1.30915,1.3089,1.3089,109410000,1
1501241340000,1501241399000,1.3089,1.30916,1.3089,1.30914,144460000,1
1501241400000,1501241459000,1.30914,1.30924,1.30911,1.30911,116610000,1
1501241460000,1501241519000,1.30911,1.30923,1.30911,1.30921,53180000,1
1501241520000,1501241579000,1.30921,1.30933,1.30919,1.30929,43760000,1
1501241580000,1501241639000,1.30929,1.3093,1.30912,1.30912,61200000,1
1501241640000,1501241699000,1.30912,1.30917,1.30896,1.30896,95750000,1
1501241700000,1501241759000,1.30896,1.30911,1.30896,1.309,101980000,1
1501241760000,1501241819000,1.309,1.309,1.30878,1.30882,196700000,1
1501241820000,1501241879000,1.30882,1.30883,1.30878,1.30881,180340000,1
1501241880000,1501241939000,1.30881,1.30887,1.30872,1.30879,208670000,1
1501241940000,1501241999000,1.30879,1.3091,1.30879,1.30903,107300000,1
1501242000000,1501242059000,1.30903,1.30905,1.30885,1.30885,201470000,1
1501242060000,1501242119000,1.30887,1.30892,1.30886,1.30887,133710000,1
1501242120000,1501242179000,1.30887,1.30888,1.30884,1.30884,81680000,1
1501242180000,1501242239000,1.30884,1.3089,1.30884,1.30888,38350000,1
1501242240000,1501242299000,1.30887,1.30888,1.30844,1.30844,103680000,1
1501242300000,1501242359000,1.30845,1.30852,1.30835,1.30851,158100000,1
1501242360000,1501242419000,1.30851,1.30866,1.30851,1.30856,97190000,1
1501242420000,1501242479000,1.30855,1.30857,1.3084,1.30844,166620000,1
1501242480000,1501242539000,1.30846,1.30853,1.30846,1.30852,61450000,1
1501242540000,1501242599000,1.30851,1.30862,1.30849,1.3085,113400000,1
1501242600000,1501242659000,1.3085,1.30851,1.30841,1.3085,76620000,1
1501242660000,1501242719000,1.30849,1.30864,1.30844,1.3086,78700000,1
1501242720000,1501242779000,1.30862,1.30878,1.30861,1.30874,134590000,1
1501242780000,1501242839000,1.30873,1.30906,1.30873,1.30903,104000000,1
1501242840000,1501242899000,1.30903,1.30923,1.30883,1.30901,158200000,1
1501242900000,1501242959000,1.30899,1.30901,1.30871,1.30872,155910000,1
1501242960000,1501243019000,1.30868,1.30871,1.30854,1.30862,98780000,1
1501243020000,1501243079000,1.30862,1.30869,1.30853,1.30864,134560000,1
1501243080000,1501243139000,1.30863,1.30876,1.30852,1.30876,120390000,1
1501243140000,1501243199000,1.30876,1.30882,1.30845,1.30863,151560000,1
1501243200000,1501243259000,1.30863,1.3089,1.30862,1.30878,139600000,1
1501243260000,1501243319000,1.30882,1.30883,1.30866,1.30873,107230000,1
1501243320000,1501243379000,1.30873,1.30888,1.30873,1.30881,91440000,1
1501243380000,1501243439000,1.30881,1.30903,1.30881,1.30903,136020000,1
1501243440000,1501243499000,1.30901,1.30912,1.309,1.30904,115240000,1
1501243500000,1501243559000,1.30903,1.30943,1.30903,1.30913,111980000,1
1501243560000,1501243619000,1.30913,1.30923,1.30902,1.30902,97870000,1
1501243620000,1501243679000,1.30901,1.30912,1.30894,1.30903,162180000,1
1501243680000,1501243739000,1.30903,1.30905,1.30887,1.30891,159350000,1
1501243740000,1501243799000,1.30891,1.30901,1.30873,1.30875,168630000,1
1501243800000,1501243859000,1.30876,1.30906,1.30876,1.30902,161390000,1
1501243860000,1501243919000,1.30902,1.30903,1.30889,1.30902,168160000,1
1501243920000,1501243979000,1.30902,1.30917,1.30901,1.30915,130540000,1
1501243980000,1501244039000,1.30914,1.30927,1.30906,1.30925,154080000,1
1501244040000,1501244099000,1.30927,1.30947,1.30926,1.30943,198590000,1
1501244100000,1501244159000,1.30942,1.30963,1.30935,1.30961,175480000,1
1501244160000,1501244219000,1.30961,1.30962,1.30936,1.30938,97100000,1
1501244220000,1501244279000,1.30938,1.30973,1.30938,1.30962,118100000,1
1501244280000,1501244339000,1.30966,1.30966,1.30941,1.30941,84220000,1
1501244340000,1501244399000,1.30941,1.30941,1.30915,1.30916,133590000,1
1501244400000,1501244459000,1.30918,1.30959,1.30918,1.30949,110450000,1
1501244460000,1501244519000,1.30948,1.30948,1.30922,1.30923,95740000,1
1501244520000,1501244579000,1.30923,1.30933,1.30908,1.30908,133390000,1
1501244580000,1501244639000,1.30907,1.30932,1.30907,1.3091,143730000,1
1501244640000,1501244699000,1.30911,1.30911,1.30899,1.309,164610000,1
1501244700000,1501244759000,1.309,1.30911,1.309,1.30909,107210000,1
1501244760000,1501244819000,1.3091,1.30923,1.30902,1.30922,63590000,1
1501244820000,1501244879000,1.30922,1.30927,1.3091,1.3091,121200000,1
1501244880000,1501244939000,1.3091,1.30917,1.30891,1.3091,131290000,1
1501244940000,1501244999000,1.3091,1.30916,1.30899,1.30911,197690000,1
1501245000000,1501245059000,1.30908,1.31057,1.30904,1.31035,428270000,1
1501245060000,1501245119000,1.31035,1.31182,1.31032,1.31167,360990000,1
1501245120000,1501245179000,1.31168,1.31179,1.31127,1.31136,250260000,1
1501245180000,1501245239000,1.31135,1.31152,1.31112,1.31149,300920000,1
1501245240000,1501245299000,1.31151,1.31156,1.31074,1.31082,253910000,1
1501245300000,1501245359000,1.31082,1.31083,1.30991,1.31016,352670000,1
1501245360000,1501245419000,1.31013,1.31039,1.309,1.30908,389560000,1
1501245420000,1501245479000,1.30908,1.30962,1.30887,1.30954,279580000,1
1501245480000,1501245539000,1.30953,1.30976,1.30934,1.30937,255850000,1
1501245540000,1501245599000,1.30935,1.3094,1.30882,1.30895,288150000,1
1501245600000,1501245659000,1.309,1.30953,1.309,1.30934,196130000,1
1501245660000,1501245719000,1.30934,1.3095,1.30916,1.30926,228210000,1
1501245720000,1501245779000,1.30922,1.30936,1.30901,1.30932,163000000,1
1501245780000,1501245839000,1.30931,1.30931,1.30901,1.30923,107460000,1
1501245840000,1501245899000,1.30925,1.30962,1.30918,1.30953,196540000,1
1501245900000,1501245959000,1.30952,1.31002,1.30952,1.30996,201770000,1
1501245960000,1501246019000,1.30996,1.31014,1.30977,1.31011,165890000,1
1501246020000,1501246079000,1.3101,1.31038,1.30982,1.31038,142000000,1
1501246080000,1501246139000,1.31042,1.31052,1.31016,1.31027,198330000,1
1501246140000,1501246199000,1.31028,1.31028,1.30919,1.30928,300930000,1
1501246200000,1501246259000,1.30927,1.30951,1.30918,1.30939,270410000,1
1501246260000,1501246319000,1.3094,1.30945,1.30883,1.30893,362990000,1
1501246320000,1501246379000,1.30893,1.30943,1.30893,1.30942,182550000,1
1501246380000,1501246439000,1.30943,1.30943,1.30924,1.30933,131030000,1
1501246440000,1501246499000,1.30932,1.30933,1.30905,1.3091,191280000,1
1501246500000,1501246559000,1.30907,1.30926,1.30903,1.30924,177720000,1
1501246560000,1501246619000,1.30924,1.30961,1.30921,1.30921,143270000,1
1501246620000,1501246679000,1.30919,1.30921,1.30886,1.30886,160070000,1
1501246680000,1501246739000,1.30889,1.30894,1.3085,1.3086,288180000,1
1501246740000,1501246799000,1.3086,1.3087,1.30789,1.30795,261880000,1
1501246800000,1501246859000,1.30799,1.30821,1.30739,1.30767,294530000,1
1501246860000,1501246919000,1.30767,1.30796,1.30767,1.3079,175370000,1
1501246920000,1501246979000,1.3079,1.30813,1.30776,1.30789,158540000,1
1501246980000,1501247039000,1.30789,1.308,1.3077,1.3078,222270000,1
1501247040000,1501247099000,1.3078,1.30803,1.30775,1.30799,142040000,1
1501247100000,1501247159000,1.308,1.30835,1.30791,1.30835,183910000,1
1501247160000,1501247219000,1.30833,1.30845,1.30801,1.30801,204210000,1
1501247220000,1501247279000,1.30803,1.30832,1.30802,1.30817,145490000,1
1501247280000,1501247339000,1.3082,1.30831,1.30804,1.30804,81760000,1
1501247340000,1501247399000,1.30804,1.30813,1.30802,1.30809,49420000,1
1501247400000,1501247459000,1.3081,1.30813,1.30761,1.30762,186390000,1
1501247460000,1501247519000,1.30761,1.30771,1.30726,1.30736,209290000,1
1501247520000,1501247579000,1.30738,1.30745,1.30702,1.30744,217600000,1
1501247580000,1501247639000,1.30746,1.30767,1.30741,1.30763,190190000,1
1501247640000,1501247699000,1.30764,1.30785,1.3076,1.30783,78980000,1
1501247700000,1501247759000,1.30783,1.30797,1.30776,1.30797,84980000,1
1501247760000,1501247819000,1.30797,1.30811,1.30792,1.30809,75920000,1
1501247820000,1501247879000,1.30809,1.30829,1.30809,1.30811,120620000,1
1501247880000,1501247939000,1.30811,1.30843,1.30811,1.30842,151570000,1
1501247940000,1501247999000,1.30845,1.30872,1.30839,1.30872,156410000,1
1501248000000,1501248059000,1.30872,1.30872,1.30841,1.30841,144820000,1
1501248060000,1501248119000,1.30844,1.3085,1.30812,1.30818,114580000,1
1501248120000,1501248179000,1.3082,1.30823,1.308,1.30823,145950000,1
1501248180000,1501248239000,1.30823,1.30832,1.30821,1.30822,135760000,1
1501248240000,1501248299000,1.30822,1.30831,1.30809,1.30827,139600000,1
1501248300000,1501248359000,1.30827,1.3084,1.30818,1.3082,167760000,1
1501248360000,1501248419000,1.30818,1.30824,1.30792,1.30803,157870000,1
1501248420000,1501248479000,1.30801,1.30801,1.30785,1.30785,116300000,1
1501248480000,1501248539000,1.30786,1.30812,1.30776,1.3081,146380000,1
1501248540000,1501248599000,1.3081,1.30819,1.30791,1.30797,163650000,1
1501248600000,1501248659000,1.308,1.30808,1.30788,1.30789,232100000,1
1501248660000,1501248719000,1.30788,1.308,1.30761,1.30761,251150000,1
1501248720000,1501248779000,1.3076,1.3076,1.30713,1.30723,194000000,1
1501248780000,1501248839000,1.30724,1.30732,1.30704,1.30713,123890000,1
1501248840000,1501248899000,1.30713,1.3073,1.30711,1.3073,105560000,1
1501248900000,1501248959000,1.30731,1.30771,1.3073,1.30757,205700000,1
1501248960000,1501249019000,1.3076,1.30783,1.3076,1.30772,168340000,1
1501249020000,1501249079000,1.30771,1.30793,1.30763,1.30791,128340000,1
1501249080000,1501249139000,1.30787,1.30795,1.30761,1.30795,114400000,1
1501249140000,1501249199000,1.30794,1.30824,1.30789,1.30807,83610000,1
1501249200000,1501249259000,1.30809,1.3083,1.30809,1.30827,72990000,1
1501249260000,1501249319000,1.30827,1.30835,1.30803,1.30804,205660000,1
1501249320000,1501249379000,1.30805,1.30807,1.30781,1.30804,191940000,1
1501249380000,1501249439000,1.30805,1.30837,1.30797,1.30825,347810000,1
1501249440000,1501249499000,1.30827,1.30842,1.30824,1.30833,164540000,1
1501249500000,1501249559000,1.30832,1.30846,1.30825,1.30825,256880000,1
1501249560000,1501249619000,1.30825,1.30825,1.30798,1.30803,103990000,1
1501249620000,1501249679000,1.30803,1.30803,1.30778,1.30783,89740000,1
1501249680000,1501249739000,1.3078,1.30859,1.30773,1.30843,280920000,1
1501249740000,1501249799000,1.30839,1.30858,1.30828,1.30843,184450000,1
1501249800000,1501249859000,1.30845,1.30863,1.30834,1.30853,138010000,1
1501249860000,1501249919000,1.30853,1.30855,1.30836,1.30843,164330000,1
1501249920000,1501249979000,1.30843,1.3085,1.30833,1.30833,192610000,1
1501249980000,1501250039000,1.30832,1.30833,1.30813,1.30829,176760000,1
1501250040000,1501250099000,1.30829,1.30845,1.30828,1.30836,128260000,1
1501250100000,1501250159000,1.30839,1.30855,1.30832,1.30834,223200000,1
1501250160000,1501250219000,1.30835,1.30847,1.30835,1.30844,154680000,1
1501250220000,1501250279000,1.30844,1.30896,1.30841,1.30896,78630000,1
1501250280000,1501250339000,1.30895,1.30906,1.3089,1.30905,115870000,1
1501250340000,1501250399000,1.30906,1.30908,1.3088,1.30896,191370000,1
1501250400000,1501250459000,1.30896,1.30904,1.30845,1.30851,269430000,1
1501250460000,1501250519000,1.30851,1.3093,1.30851,1.30903,151600000,1
1501250520000,1501250579000,1.30903,1.30917,1.30891,1.30907,110840000,1
1501250580000,1501250639000,1.30907,1.30952,1.3088,1.30942,259040000,1
1501250640000,1501250699000,1.3094,1.30966,1.30931,1.30936,223390000,1
1501250700000,1501250759000,1.30938,1.30951,1.30921,1.30935,196960000,1
1501250760000,1501250819000,1.30935,1.30938,1.30913,1.30923,182010000,1
1501250820000,1501250879000,1.30924,1.30972,1.30922,1.30971,166620000,1
1501250880000,1501250939000,1.30972,1.30985,1.30952,1.30983,190830000,1
1501250940000,1501250999000,1.30983,1.30989,1.30945,1.30946,151010000,1
1501251000000,1501251059000,1.30946,1.30955,1.3094,1.30944,188310000,1
1501251060000,1501251119000,1.30944,1.30953,1.3092,1.30932,184980000,1
1501251120000,1501251179000,1.30936,1.30944,1.30923,1.30926,220790000,1
1501251180000,1501251239000,1.30925,1.30956,1.30925,1.30943,183560000,1
1501251240000,1501251299000,1.30943,1.3095,1.30933,1.30935,109750000,1
1501251300000,1501251359000,1.30933,1.3094,1.309,1.30901,203000000,1
1501251360000,1501251419000,1.30901,1.30923,1.30892,1.30892,152200000,1
1501251420000,1501251479000,1.30893,1.30957,1.30891,1.30957,182440000,1
1501251480000,1501251539000,1.30957,1.30967,1.30952,1.30952,142970000,1
1501251540000,1501251599000,1.30953,1.3096,1.30927,1.30927,165020000,1
1501251600000,1501251659000,1.30932,1.30942,1.3091,1.3093,112290000,1
1501251660000,1501251719000,1.30931,1.30943,1.30914,1.30918,159750000,1
1501251720000,1501251779000,1.30919,1.30942,1.30909,1.30922,104670000,1
1501251780000,1501251839000,1.30922,1.30922,1.309,1.30904,55620000,1
1501251840000,1501251899000,1.30903,1.30984,1.30889,1.30979,163480000,1
1501251900000,1501251959000,1.30978,1.31008,1.30966,1.30993,213600000,1
1501251960000,1501252019000,1.30992,1.3106,1.3099,1.31045,184400000,1
1501252020000,1501252079000,1.31045,1.31089,1.31036,1.31064,311590000,1
1501252080000,1501252139000,1.31064,1.31079,1.31048,1.31061,190590000,1
1501252140000,1501252199000,1.31061,1.31075,1.31046,1.31072,157020000,1
1501252200000,1501252259000,1.31072,1.31097,1.31072,1.31079,164380000,1
1501252260000,1501252319000,1.31075,1.31075,1.31055,1.31065,89450000,1
1501252320000,1501252379000,1.31069,1.31099,1.31061,1.31071,152530000,1
1501252380000,1501252439000,1.31068,1.31127,1.31053,1.31122,179990000,1
1501252440000,1501252499000,1.31121,1.31154,1.31118,1.31154,270590000,1
1501252500000,1501252559000,1.31153,1.31154,1.31112,1.31112,235230000,1
1501252560000,1501252619000,1.31112,1.31181,1.31112,1.31173,162080000,1
1501252620000,1501252679000,1.31169,1.31169,1.31112,1.31122,240480000,1
1501252680000,1501252739000,1.31122,1.31132,1.31101,1.31115,208280000,1
1501252740000,1501252799000,1.31114,1.31136,1.31112,1.31131,89500000,1
1501252800000,1501252859000,1.31131,1.31149,1.31096,1.31098,198180000,1
1501252860000,1501252919000,1.31095,1.31115,1.3109,1.31093,198660000,1
1501252920000,1501252979000,1.31093,1.31094,1.3107,1.31071,211890000,1
1501252980000,1501253039000,1.31071,1.31078,1.31046,1.31046,249290000,1
1501253040000,1501253099000,1.31048,1.31058,1.31039,1.31051,197850000,1
1501253100000,1501253159000,1.31053,1.31054,1.31031,1.31037,168210000,1
1501253160000,1501253219000,1.31041,1.31045,1.31023,1.31044,131980000,1
1501253220000,1501253279000,1.31044,1.31054,1.31042,1.31042,148300000,1
1501253280000,1501253339000,1.31045,1.31074,1.31042,1.31073,99190000,1
1501253340000,1501253399000,1.31074,1.31083,1.3106,1.3106,134860000,1
1501253400000,1501253459000,1.31062,1.31091,1.31053,1.31091,111390000,1
1501253460000,1501253519000,1.31093,1.31104,1.31061,1.31061,187490000,1
1501253520000,1501253579000,1.31064,1.31092,1.31061,1.31085,174360000,1
1501253580000,1501253639000,1.31084,1.31104,1.31082,1.31094,120150000,1
1501253640000,1501253699000,1.31093,1.31134,1.31093,1.31132,119670000,1
1501253700000,1501253759000,1.31132,1.31136,1.3109,1.31128,161390000,1
1501253760000,1501253819000,1.31127,1.31177,1.31127,1.31152,182550000,1
1501253820000,1501253879000,1.31152,1.31235,1.31141,1.31208,278950000,1
1501253880000,1501253939000,1.3121,1.3121,1.3114,1.31148,279440000,1
1501253940000,1501253999000,1.31148,1.31183,1.31138,1.31183,247730000,1
1501254000000,1501254059000,1.31182,1.31188,1.31157,1.31172,229260000,1
1501254060000,1501254119000,1.31174,1.31239,1.31169,1.31213,250140000,1
1501254120000,1501254179000,1.31214,1.31244,1.31212,1.31234,197630000,1
1501254180000,1501254239000,1.31232,1.31285,1.31218,1.31222,241240000,1
1501254240000,1501254299000,1.3122,1.3123,1.31208,1.31208,154530000,1
1501254300000,1501254359000,1.31207,1.31207,1.31187,1.312,100140000,1
1501254360000,1501254419000,1.31201,1.31202,1.31183,1.31189,152700000,1
1501254420000,1501254479000,1.31193,1.31266,1.31191,1.31259,246860000,1
1501254480000,1501254539000,1.3126,1.31351,1.31258,1.31287,376750000,1
1501254540000,1501254599000,1.31279,1.31279,1.31216,1.3122,304290000,1
1501254600000,1501254659000,1.3122,1.31258,1.31212,1.31253,313100000,1
1501254660000,1501254719000,1.31253,1.31276,1.31239,1.31239,124860000,1
1501254720000,1501254779000,1.31243,1.31269,1.31213,1.31231,208210000,1
1501254780000,1501254839000,1.3123,1.31242,1.31189,1.3119,205240000,1
1501254840000,1501254899000,1.31189,1.31231,1.31178,1.31205,214160000,1
1501254900000,1501254959000,1.31205,1.31223,1.31201,1.31202,135620000,1
1501254960000,1501255019000,1.31201,1.31222,1.31201,1.31213,118890000,1
1501255020000,1501255079000,1.31212,1.31216,1.3119,1.31195,98570000,1
1501255080000,1501255139000,1.31195,1.31212,1.31183,1.31201,146000000,1
1501255140000,1501255199000,1.31203,1.31232,1.31202,1.31225,118660000,1
1501255200000,1501255259000,1.31224,1.3126,1.31224,1.31249,150670000,1
1501255260000,1501255319000,1.3125,1.31251,1.31231,1.31231,134200000,1
1501255320000,1501255379000,1.3123,1.31253,1.3123,1.31241,104730000,1
1501255380000,1501255439000,1.31241,1.31242,1.31238,1.3124,65270000,1
1501255440000,1501255499000,1.3124,1.31246,1.31239,1.31241,79660000,1
1501255500000,1501255559000,1.31242,1.31242,1.312,1.31213,155880000,1
1501255560000,1501255619000,1.31218,1.3122,1.31189,1.3119,145420000,1
1501255620000,1501255679000,1.31189,1.31192,1.31178,1.31184,98630000,1
1501255680000,1501255739000,1.31185,1.31192,1.31181,1.31186,83730000,1
1501255740000,1501255799000,1.31186,1.31221,1.31186,1.31211,87810000,1
1501255800000,1501255859000,1.31215,1.31224,1.31188,1.3119,187740000,1
1501255860000,1501255919000,1.31191,1.31209,1.3119,1.31195,195450000,1
1501255920000,1501255979000,1.31195,1.31205,1.31188,1.31188,152410000,1
1501255980000,1501256039000,1.31188,1.31189,1.31174,1.31178,153100000,1
1501256040000,1501256099000,1.31178,1.3119,1.31168,1.31188,134410000,1
1501256100000,1501256159000,1.31194,1.31201,1.31187,1.31189,209060000,1
1501256160000,1501256219000,1.31188,1.31203,1.31174,1.31199,124820000,1
1501256220000,1501256279000,1.31198,1.31228,1.31192,1.31213,144120000,1
1501256280000,1501256339000,1.31212,1.31212,1.3119,1.31201,128840000,1
1501256340000,1501256399000,1.31202,1.31205,1.31191,1.31199,130570000,1
1501256400000,1501256459000,1.312,1.31209,1.31197,1.31202,109530000,1
1501256460000,1501256519000,1.31202,1.3122,1.31188,1.31213,125130000,1
1501256520000,1501256579000,1.31213,1.31213,1.31164,1.3117,136570000,1
1501256580000,1501256639000,1.3117,1.31179,1.31167,1.31174,94040000,1
1501256640000,1501256699000,1.31174,1.31186,1.3116,1.31184,179290000,1
1501256700000,1501256759000,1.31185,1.31192,1.31172,1.31172,113860000,1
1501256760000,1501256819000,1.31172,1.31189,1.3117,1.31189,186100000,1
1501256820000,1501256879000,1.31189,1.31193,1.31162,1.31183,182260000,1
1501256880000,1501256939000,1.31183,1.31184,1.31165,1.31181,108940000,1
1501256940000,1501256999000,1.31181,1.31193,1.3118,1.3119,84090000,1
1501257000000,1501257059000,1.3119,1.31191,1.31171,1.31176,153140000,1
1501257060000,1501257119000,1.31177,1.31191,1.31177,1.31184,132490000,1
1501257120000,1501257179000,1.31183,1.3121,1.31182,1.3121,131910000,1
1501257180000,1501257239000,1.31211,1.31224,1.31207,1.31219,111610000,1
1501257240000,1501257299000,1.31219,1.31238,1.31219,1.31238,99590000,1
1501257300000,1501257359000,1.31238,1.31248,1.31233,1.31235,144650000,1
1501257360000,1501257419000,1.31235,1.31244,1.31234,1.31243,109630000,1
1501257420000,1501257479000,1.31242,1.31244,1.31238,1.31239,71840000,1
1501257480000,1501257539000,1.31238,1.31244,1.31232,1.31244,104940000,1
1501257540000,1501257599000,1.31247,1.31258,1.31237,1.31237,90520000,1
1501257600000,1501257659000,1.31231,1.31254,1.31222,1.31252,101450000,1
1501257660000,1501257719000,1.31251,1.31267,1.31239,1.31243,172610000,1
1501257720000,1501257779000,1.31243,1.31311,1.31243,1.31311,166570000,1
1501257780000,1501257839000,1.31312,1.31342,1.3129,1.31339,207410000,1
1501257840000,1501257899000,1.31337,1.31346,1.31322,1.3133,198740000,1
1501257900000,1501257959000,1.3133,1.31331,1.31288,1.31298,227640000,1
1501257960000,1501258019000,1.31298,1.31303,1.31256,1.31257,208690000,1
1501258020000,1501258079000,1.31258,1.31266,1.31257,1.31258,118370000,1
1501258080000,1501258139000,1.31258,1.31258,1.31246,1.31254,98460000,1
1501258140000,1501258199000,1.31254,1.31258,1.31251,1.31256,92790000,1
1501258200000,1501258259000,1.31256,1.31262,1.31245,1.31249,101720000,1
1501258260000,1501258319000,1.31245,1.31259,1.31238,1.31257,149890000,1
1501258320000,1501258379000,1.31257,1.31272,1.3124,1.31272,122430000,1
1501258380000,1501258439000,1.31271,1.31279,1.31252,1.31274,133610000,1
1501258440000,1501258499000,1.31274,1.31288,1.31268,1.31269,178020000,1
1501258500000,1501258559000,1.31269,1.31297,1.31263,1.31293,77390000,1
1501258560000,1501258619000,1.31293,1.31299,1.31289,1.31291,113390000,1
1501258620000,1501258679000,1.31289,1.31296,1.31289,1.31295,103180000,1
1501258680000,1501258739000,1.31294,1.31294,1.31267,1.31268,118840000,1
1501258740000,1501258799000,1.31268,1.31271,1.31245,1.31248,130850000,1
1501258800000,1501258859000,1.31248,1.3125,1.31222,1.31227,115570000,1
1501258860000,1501258919000,1.31229,1.31229,1.31215,1.31217,94210000,1
1501258920000,1501258979000,1.31216,1.31233,1.31216,1.31232,80290000,1
1501258980000,1501259039000,1.31232,1.3125,1.31232,1.3125,58770000,1
1501259040000,1501259099000,1.3125,1.31259,1.31248,1.31259,24500000,1
1501259100000,1501259159000,1.31258,1.31259,1.31247,1.31247,27490000,1
1501259160000,1501259219000,1.31248,1.31255,1.31235,1.31241,105160000,1
1501259220000,1501259279000,1.31241,1.3127,1.3123,1.3127,70270000,1
1501259280000,1501259339000,1.31266,1.31268,1.31258,1.31267,48080000,1
1501259340000,1501259399000,1.31267,1.31269,1.31259,1.31268,69730000,1
1501259400000,1501259459000,1.31267,1.31267,1.31246,1.31253,49360000,1
1501259460000,1501259519000,1.31253,1.31273,1.31253,1.31273,24000000,1
1501259520000,1501259579000,1.31272,1.31272,1.31261,1.31271,28500000,1
1501259580000,1501259639000,1.31271,1.31271,1.31268,1.31268,45060000,1
1501259640000,1501259699000,1.31268,1.31273,1.31267,1.31269,34050000,1
1501259700000,1501259759000,1.31265,1.31265,1.31228,1.3123,105400000,1
1501259760000,1501259819000,1.3123,1.31237,1.3123,1.31237,32850000,1
1501259820000,1501259879000,1.31237,1.31248,1.31237,1.31247,92320000,1
1501259880000,1501259939000,1.31247,1.31253,1.31244,1.31252,53590000,1
1501259940000,1501259999000,1.31252,1.31255,1.31245,1.31245,33950000,1
1501260000000,1501260059000,1.31246,1.31249,1.31245,1.31247,24120000,1
1501260060000,1501260119000,1.31248,1.31258,1.31248,1.31257,25120000,1
1501260120000,1501260179000,1.31257,1.3126,1.31255,1.3126,35080000,1
1501260180000,1501260239000,1.3126,1.3126,1.31256,1.31256,36330000,1
1501260240000,1501260299000,1.31256,1.31256,1.31249,1.31251,73780000,1
1501260300000,1501260359000,1.31251,1.31281,1.31248,1.31279,59710000,1
1501260360000,1501260419000,1.31278,1.31284,1.31262,1.31282,101880000,1
1501260420000,1501260479000,1.3128,1.31281,1.31272,1.31281,44130000,1
1501260480000,1501260539000,1.31281,1.31282,1.31279,1.3128,65060000,1
1501260540000,1501260599000,1.3128,1.31281,1.31278,1.31279,39530000,1
1501260600000,1501260659000,1.31279,1.31282,1.31278,1.3128,43340000,1
1501260660000,1501260719000,1.31281,1.31282,1.31271,1.31282,39510000,1
1501260720000,1501260779000,1.31282,1.31291,1.31272,1.31279,78430000,1
1501260780000,1501260839000,1.31279,1.3128,1.31251,1.3126,98650000,1
1501260840000,1501260899000,1.31259,1.31259,1.31248,1.31248,55100000,1
1501260900000,1501260959000,1.31248,1.31249,1.31227,1.31227,125370000,1
1501260960000,1501261019000,1.31227,1.31233,1.31217,1.31231,103390000,1
1501261020000,1501261079000,1.3123,1.31233,1.3121,1.3121,166550000,1
1501261080000,1501261139000,1.3121,1.31213,1.31198,1.31208,139410000,1
1501261140000,1501261199000,1.31209,1.31215,1.31197,1.31215,120110000,1
1501261200000,1501261259000,1.31216,1.31224,1.31209,1.3122,51790000,1
1501261260000,1501261319000,1.31219,1.31244,1.31219,1.31238,49850000,1
1501261320000,1501261379000,1.31238,1.31253,1.31236,1.3125,57170000,1
1501261380000,1501261439000,1.31253,1.3126,1.31253,1.31259,23860000,1
1501261440000,1501261499000,1.31259,1.31259,1.31255,1.31259,53090000,1
1501261500000,1501261559000,1.31258,1.3127,1.31258,1.3127,108010000,1
1501261560000,1501261619000,1.31269,1.31283,1.31267,1.31272,40740000,1
1501261620000,1501261679000,1.31272,1.31278,1.31269,1.31272,52510000,1
1501261680000,1501261739000,1.31272,1.31297,1.31272,1.31297,60870000,1
1501261740000,1501261799000,1.31297,1.31311,1.31297,1.31309,65580000,1
1501261800000,1501261859000,1.31309,1.31323,1.31299,1.31319,54300000,1
1501261860000,1501261919000,1.31319,1.31319,1.31291,1.31291,84650000,1
1501261920000,1501261979000,1.31291,1.31297,1.31259,1.3127,102260000,1
1501261980000,1501262039000,1.31269,1.3128,1.31262,1.3128,58300000,1
1501262040000,1501262099000,1.3128,1.31296,1.3128,1.3129,108170000,1
1501262100000,1501262159000,1.31297,1.31299,1.31277,1.31278,69310000,1
1501262160000,1501262219000,1.31278,1.31278,1.31259,1.31259,49920000,1
1501262220000,1501262279000,1.31261,1.31263,1.31257,1.31259,44520000,1
1501262280000,1501262339000,1.31259,1.31269,1.31258,1.31269,29730000,1
1501262340000,1501262399000,1.31267,1.31277,1.31258,1.3127,82740000,1
1501262400000,1501262459000,1.31273,1.31278,1.31268,1.3127,54720000,1
1501262460000,1501262519000,1.3127,1.31292,1.31267,1.31289,47490000,1
1501262520000,1501262579000,1.31289,1.3131,1.31286,1.31286,82980000,1
1501262580000,1501262639000,1.31286,1.31288,1.31286,1.31287,32430000,1
1501262640000,1501262699000,1.31284,1.31284,1.31277,1.31283,33080000,1
1501262700000,1501262759000,1.31286,1.31299,1.31277,1.31299,57190000,1
1501262760000,1501262819000,1.31301,1.31318,1.31293,1.31298,57430000,1
1501262820000,1501262879000,1.31303,1.31306,1.31287,1.31301,59450000,1
1501262880000,1501262939000,1.313,1.313,1.31286,1.31286,38830000,1
1501262940000,1501262999000,1.31286,1.31297,1.3128,1.3129,49450000,1
1501263000000,1501263059000,1.3129,1.3129,1.31277,1.31278,89780000,1
1501263060000,1501263119000,1.31277,1.31282,1.31274,1.31276,63210000,1
1501263120000,1501263179000,1.31274,1.31276,1.31264,1.31266,35150000,1
1501263180000,1501263239000,1.31268,1.31286,1.31266,1.31277,112380000,1
1501263240000,1501263299000,1.31278,1.31285,1.31277,1.31281,50590000,1
1501263300000,1501263359000,1.31286,1.31313,1.31286,1.313,68230000,1
1501263360000,1501263419000,1.31301,1.31303,1.31301,1.31301,16120000,1
1501263420000,1501263479000,1.313,1.31311,1.313,1.31303,25360000,1
1501263480000,1501263539000,1.31303,1.31319,1.31303,1.31308,67730000,1
1501263540000,1501263599000,1.3131,1.31313,1.313,1.31304,82040000,1
1501263600000,1501263659000,1.31312,1.31317,1.31296,1.31312,117990000,1
1501263660000,1501263719000,1.31315,1.31329,1.31315,1.31328,88110000,1
1501263720000,1501263779000,1.31327,1.31333,1.31314,1.31314,119960000,1
1501263780000,1501263839000,1.31315,1.31336,1.31303,1.31336,119280000,1
1501263840000,1501263899000,1.31335,1.31338,1.31319,1.31338,75680000,1
1501263900000,1501263959000,1.31337,1.31344,1.31334,1.31337,87180000,1
1501263960000,1501264019000,1.31337,1.31344,1.31326,1.31326,95800000,1
1501264020000,1501264079000,1.31328,1.31337,1.31328,1.31337,36310000,1
1501264080000,1501264139000,1.31337,1.31346,1.31337,1.31338,29710000,1
1501264140000,1501264199000,1.3134,1.31359,1.31336,1.31352,78740000,1
1501264200000,1501264259000,1.31352,1.3138,1.31352,1.31371,55340000,1
1501264260000,1501264319000,1.31372,1.31388,1.31369,1.31379,120980000,1
1501264320000,1501264379000,1.31381,1.31387,1.31338,1.31338,112010000,1
1501264380000,1501264439000,1.31339,1.31339,1.31319,1.31328,27200000,1
1501264440000,1501264499000,1.31326,1.31326,1.31316,1.31316,24450000,1
1501264500000,1501264559000,1.31314,1.31337,1.31309,1.31337,67710000,1
1501264560000,1501264619000,1.31336,1.31336,1.31314,1.31315,33600000,1
1501264620000,1501264679000,1.31319,1.31319,1.31315,1.31319,16490000,1
1501264680000,1501264739000,1.31319,1.31321,1.31316,1.31318,22840000,1
1501264740000,1501264799000,1.31317,1.31318,1.31316,1.31318,17490000,1
1501264800000,1501264859000,1.31318,1.31318,1.31317,1.31317,22480000,1
1501264860000,1501264919000,1.31317,1.31326,1.31309,1.31312,69600000,1
1501264920000,1501264979000,1.31313,1.31318,1.31301,1.31304,71450000,1
1501264980000,1501265039000,1.31305,1.31308,1.31305,1.31307,14730000,1
1501265040000,1501265099000,1.31304,1.31304,1.31295,1.31296,46350000,1
1501265100000,1501265159000,1.31297,1.31311,1.31297,1.3131,23120000,1
1501265160000,1501265219000,1.31312,1.3132,1.31312,1.3132,25000000,1
1501265220000,1501265279000,1.3132,1.31325,1.3131,1.3131,53570000,1
1501265280000,1501265339000,1.3131,1.3131,1.31308,1.31309,44460000,1
1501265340000,1501265399000,1.31309,1.31313,1.31307,1.31309,42270000,1
1501265400000,1501265459000,1.3131,1.3131,1.31308,1.31308,20720000,1
1501265460000,1501265519000,1.31308,1.31321,1.31308,1.31319,89860000,1
1501265520000,1501265579000,1.31319,1.31329,1.31319,1.31328,86660000,1
1501265580000,1501265639000,1.31328,1.31328,1.31319,1.31319,73070000,1
1501265640000,1501265699000,1.31321,1.31333,1.31321,1.31331,30030000,1
1501265700000,1501265759000,1.31331,1.31347,1.31331,1.31338,71060000,1
1501265760000,1501265819000,1.31338,1.3134,1.31329,1.3134,62670000,1
1501265820000,1501265879000,1.3134,1.31349,1.31336,1.31337,47780000,1
1501265880000,1501265939000,1.31337,1.31347,1.31329,1.31344,76930000,1
1501265940000,1501265999000,1.31345,1.31346,1.31339,1.3134,99070000,1
1501266000000,1501266059000,1.3134,1.31348,1.31339,1.31348,80630000,1
1501266060000,1501266119000,1.31347,1.31352,1.31342,1.31348,74040000,1
1501266120000,1501266179000,1.31348,1.3135,1.31347,1.31348,67090000,1
1501266180000,1501266239000,1.31351,1.31361,1.3135,1.31358,109450000,1
1501266240000,1501266299000,1.31358,1.31367,1.31357,1.31367,74640000,1
1501266300000,1501266359000,1.31367,1.31376,1.31367,1.31373,79770000,1
1501266360000,1501266419000,1.31373,1.31384,1.31368,1.31383,68830000,1
1501266420000,1501266479000,1.31383,1.31399,1.31382,1.31397,75970000,1
1501266480000,1501266539000,1.31397,1.31415,1.31391,1.31413,184580000,1
1501266540000,1501266599000,1.31413,1.31423,1.31408,1.31423,128860000,1
1501266600000,1501266659000,1.31423,1.31423,1.31417,1.31419,90550000,1
1501266660000,1501266719000,1.31419,1.31428,1.31417,1.31418,153710000,1
1501266720000,1501266779000,1.31416,1.31418,1.31398,1.31402,110030000,1
1501266780000,1501266839000,1.31405,1.31407,1.31384,1.31395,150730000,1
1501266840000,1501266899000,1.31398,1.314,1.31391,1.31398,59000000,1
1501266900000,1501266959000,1.31398,1.314,1.31387,1.31388,68090000,1
1501266960000,1501267019000,1.31388,1.31411,1.31388,1.31398,56040000,1
1501267020000,1501267079000,1.31397,1.31398,1.31387,1.31389,63950000,1
1501267080000,1501267139000,1.31389,1.31389,1.31387,1.31389,41730000,1
1501267140000,1501267199000,1.31389,1.31389,1.31388,1.31388,33940000,1
1501267200000,1501267259000,1.31388,1.31389,1.31377,1.31389,71450000,1
1501267260000,1501267319000,1.31389,1.31394,1.31388,1.31389,58260000,1
1501267320000,1501267379000,1.3139,1.314,1.31389,1.31399,41560000,1
1501267380000,1501267439000,1.314,1.314,1.31374,1.31378,70580000,1
1501267440000,1501267499000,1.31378,1.3139,1.31378,1.31388,96340000,1
1501267500000,1501267559000,1.3139,1.3139,1.31388,1.31388,32790000,1
1501267560000,1501267619000,1.31388,1.314,1.31388,1.31388,48810000,1
1501267620000,1501267679000,1.31388,1.31389,1.31388,1.31388,43260000,1
1501267680000,1501267739000,1.31388,1.3139,1.31382,1.3139,114160000,1
1501267740000,1501267799000,1.3139,1.314,1.3139,1.314,108430000,1
1501267800000,1501267859000,1.31407,1.31411,1.31405,1.31409,75840000,1
1501267860000,1501267919000,1.31409,1.3141,1.31408,1.3141,51430000,1
1501267920000,1501267979000,1.31413,1.31421,1.31412,1.31421,101870000,1
1501267980000,1501268039000,1.3142,1.31423,1.3142,1.31422,78790000,1
1501268040000,1501268099000,1.31422,1.31459,1.31422,1.31453,251120000,1
1501268100000,1501268159000,1.31452,1.31457,1.31444,1.31447,146280000,1
1501268160000,1501268219000,1.31447,1.31448,1.31429,1.31442,126050000,1
1501268220000,1501268279000,1.31445,1.31473,1.31445,1.31473,149840000,1
1501268280000,1501268339000,1.31473,1.31492,1.31473,1.31492,112850000,1
1501268340000,1501268399000,1.31488,1.31517,1.31464,1.31513,209430000,1
1501268400000,1501268459000,1.31516,1.31516,1.31497,1.31505,132880000,1
1501268460000,1501268519000,1.31505,1.31505,1.31457,1.31461,131000000,1
1501268520000,1501268579000,1.31462,1.31467,1.3145,1.31459,90110000,1
1501268580000,1501268639000,1.31459,1.31459,1.31435,1.31448,101230000,1
1501268640000,1501268699000,1.31453,1.31453,1.31438,1.31445,56150000,1
1501268700000,1501268759000,1.31446,1.31446,1.31437,1.31438,77560000,1
1501268760000,1501268819000,1.31438,1.31438,1.31427,1.31428,54740000,1
1501268820000,1501268879000,1.31427,1.31436,1.31419,1.31419,98970000,1
1501268880000,1501268939000,1.31419,1.3142,1.31396,1.31415,111810000,1
1501268940000,1501268999000,1.31415,1.31417,1.31409,1.31409,58720000,1
1501269000000,1501269059000,1.3141,1.31418,1.31409,1.31418,76840000,1
1501269060000,1501269119000,1.31417,1.31437,1.31417,1.31432,73670000,1
1501269120000,1501269179000,1.31431,1.31434,1.31429,1.31431,84800000,1
1501269180000,1501269239000,1.31431,1.31434,1.31419,1.3142,62930000,1
1501269240000,1501269299000,1.31418,1.31418,1.3141,1.31417,58890000,1
1501269300000,1501269359000,1.31417,1.31421,1.31416,1.31417,64290000,1
1501269360000,1501269419000,1.31417,1.31417,1.31405,1.31416,76940000,1
1501269420000,1501269479000,1.31415,1.31426,1.31415,1.31426,67610000,1
1501269480000,1501269539000,1.31426,1.3143,1.31419,1.31421,68780000,1
1501269540000,1501269599000,1.31421,1.31421,1.31389,1.31396,106800000,1
1501269600000,1501269659000,1.31394,1.31401,1.31384,1.31387,71310000,1
1501269660000,1501269719000,1.31386,1.31401,1.31378,1.314,82220000,1
1501269720000,1501269779000,1.31399,1.31407,1.31395,1.31395,76240000,1
1501269780000,1501269839000,1.31395,1.31398,1.31394,1.31396,108890000,1
1501269840000,1501269899000,1.31397,1.31409,1.31392,1.31408,95500000,1
1501269900000,1501269959000,1.31408,1.3141,1.31384,1.31388,56420000,1
1501269960000,1501270019000,1.31388,1.31389,1.31382,1.31382,62750000,1
1501270020000,1501270079000,1.31383,1.31386,1.31378,1.31382,62580000,1
1501270080000,1501270139000,1.31382,1.31397,1.31382,1.31396,76710000,1
1501270140000,1501270199000,1.31396,1.31397,1.31387,1.31387,78830000,1
1501270200000,1501270259000,1.31388,1.31395,1.3138,1.31389,111170000,1
1501270260000,1501270319000,1.31389,1.3143,1.31389,1.31429,116900000,1
1501270320000,1501270379000,1.31431,1.3144,1.31422,1.3143,108460000,1
1501270380000,1501270439000,1.3143,1.31434,1.3143,1.31433,42240000,1
1501270440000,1501270499000,1.31437,1.31439,1.31428,1.31428,55780000,1
1501270500000,1501270559000,1.31428,1.31428,1.31416,1.31428,90230000,1
1501270560000,1501270619000,1.31428,1.31438,1.31427,1.31437,61950000,1
1501270620000,1501270679000,1.31437,1.31438,1.31412,1.31428,120750000,1
1501270680000,1501270739000,1.31429,1.31433,1.31417,1.31417,62390000,1
1501270740000,1501270799000,1.31417,1.31418,1.31413,1.31415,36980000,1
1501270800000,1501270859000,1.31414,1.31423,1.31407,1.31408,54350000,1
1501270860000,1501270919000,1.31407,1.31413,1.314,1.31408,66090000,1
1501270920000,1501270979000,1.31408,1.31446,1.31407,1.31446,61990000,1
1501270980000,1501271039000,1.31446,1.31449,1.31433,1.31442,63490000,1
1501271040000,1501271099000,1.31442,1.31447,1.31433,1.31438,304930000,1
1501271100000,1501271159000,1.31437,1.31442,1.3143,1.31442,86960000,1
1501271160000,1501271219000,1.31442,1.3145,1.31441,1.31444,100990000,1
1501271220000,1501271279000,1.31444,1.31452,1.3143,1.31433,69950000,1
1501271280000,1501271339000,1.31433,1.31438,1.31431,1.31437,72470000,1
1501271340000,1501271399000,1.31437,1.31449,1.31437,1.31448,66120000,1
1501271400000,1501271459000,1.31448,1.31448,1.31446,1.31447,30120000,1
1501271460000,1501271519000,1.31445,1.31449,1.31437,1.31446,42490000,1
1501271520000,1501271579000,1.31446,1.3145,1.31438,1.31439,49930000,1
1501271580000,1501271639000,1.31439,1.3145,1.31436,1.31436,56660000,1
1501271640000,1501271699000,1.31436,1.31448,1.31436,1.31446,56910000,1
1501271700000,1501271759000,1.31447,1.3145,1.31437,1.31446,87230000,1
1501271760000,1501271819000,1.31447,1.3145,1.31436,1.31447,79200000,1
1501271820000,1501271879000,1.31447,1.31455,1.31438,1.31449,93120000,1
1501271880000,1501271939000,1.31449,1.31469,1.31449,1.31466,101920000,1
1501271940000,1501271999000,1.31471,1.31482,1.31467,1.31482,201930000,1
1501272000000,1501272059000,1.31483,1.31485,1.31476,1.31481,88860000,1
1501272060000,1501272119000,1.3148,1.31482,1.31471,1.31473,61940000,1
1501272120000,1501272179000,1.31473,1.31478,1.31468,1.31469,57950000,1
1501272180000,1501272239000,1.3147,1.31472,1.31461,1.31462,100490000,1
1501272240000,1501272299000,1.31463,1.31483,1.3146,1.31474,44650000,1
1501272300000,1501272359000,1.31475,1.31478,1.31474,1.31478,4000000,1
1501272360000,1501272419000,1.31476,1.31481,1.31475,1.31478,23000000,1
1501272420000,1501272479000,1.31477,1.31478,1.31468,1.31468,51280000,1
1501272480000,1501272539000,1.31468,1.31468,1.31465,1.31466,73030000,1
1501272540000,1501272599000,1.31466,1.31466,1.31453,1.31463,65400000,1
1501272600000,1501272659000,1.31462,1.31464,1.31455,1.31457,105420000,1
1501272660000,1501272719000,1.31457,1.31459,1.31454,1.31455,56340000,1
1501272720000,1501272779000,1.31456,1.31464,1.31455,1.31456,89600000,1
1501272780000,1501272839000,1.31456,1.31456,1.31454,1.31454,12170000,1
1501272840000,1501272899000,1.31452,1.31463,1.31443,1.31458,34420000,1
1501272900000,1501272959000,1.31458,1.3146,1.31453,1.31456,86800000,1
1501272960000,1501273019000,1.31458,1.31466,1.31454,1.31464,56440000,1
1501273020000,1501273079000,1.31463,1.31463,1.31445,1.31445,14390000,1
1501273080000,1501273139000,1.31446,1.31447,1.31443,1.31447,18570000,1
1501273140000,1501273199000,1.31447,1.31472,1.31447,1.31465,38310000,1
1501273200000,1501273259000,1.31463,1.31468,1.31463,1.31466,17180000,1
1501273260000,1501273319000,1.31465,1.31487,1.31464,1.31486,86470000,1
1501273320000,1501273379000,1.31487,1.31491,1.31486,1.3149,32870000,1
1501273380000,1501273439000,1.3149,1.31509,1.31487,1.31503,69790000,1
1501273440000,1501273499000,1.31506,1.31507,1.31502,1.31507,39080000,1
1501273500000,1501273559000,1.31507,1.31508,1.31507,1.31507,59500000,1
1501273560000,1501273619000,1.31507,1.31507,1.31507,1.31507,6000000,1
1501273620000,1501273679000,1.31504,1.31508,1.31504,1.31508,34650000,1
1501273680000,1501273739000,1.31508,1.31508,1.31481,1.31495,107760000,1
1501273740000,1501273799000,1.31494,1.31495,1.31462,1.31462,146280000,1
1501273800000,1501273859000,1.31463,1.31474,1.31456,1.31467,119660000,1
1501273860000,1501273919000,1.31467,1.31467,1.31453,1.31453,190520000,1
1501273920000,1501273979000,1.31453,1.31455,1.31448,1.31453,144560000,1
1501273980000,1501274039000,1.31454,1.31461,1.31445,1.31453,72690000,1
1501274040000,1501274099000,1.31453,1.31455,1.31452,1.31454,82250000,1
1501274100000,1501274159000,1.31454,1.31454,1.31442,1.31446,117360000,1
1501274160000,1501274219000,1.31446,1.31449,1.31444,1.31445,116710000,1
1501274220000,1501274279000,1.31445,1.31454,1.31444,1.31453,116670000,1
1501274280000,1501274339000,1.31452,1.31461,1.31448,1.31451,114660000,1
1501274340000,1501274399000,1.31451,1.31453,1.31437,1.31439,134430000,1
1501274400000,1501274459000,1.31439,1.31444,1.31433,1.31435,155290000,1
1501274460000,1501274519000,1.31434,1.31438,1.31433,1.31434,117200000,1
1501274520000,1501274579000,1.31435,1.31436,1.31433,1.31436,80380000,1
1501274580000,1501274639000,1.31434,1.31442,1.31434,1.31439,72970000,1
1501274640000,1501274699000,1.31443,1.31445,1.31438,1.31444,53620000,1
1501274700000,1501274759000,1.31444,1.31447,1.3144,1.3144,91910000,1
1501274760000,1501274819000,1.31441,1.31444,1.31425,1.31432,127540000,1
1501274820000,1501274879000,1.31432,1.31436,1.3143,1.31431,148090000,1
1501274880000,1501274939000,1.31431,1.31435,1.31426,1.31426,94480000,1
1501274940000,1501274999000,1.31426,1.31426,1.31415,1.31421,98120000,1
1501275000000,1501275059000,1.31421,1.31451,1.31413,1.31444,128500000,1
1501275060000,1501275119000,1.31446,1.31448,1.31393,1.31397,118860000,1
1501275120000,1501275179000,1.31394,1.31396,1.31373,1.31378,121230000,1
1501275180000,1501275239000,1.31379,1.31383,1.3137,1.31374,124950000,1
1501275240000,1501275299000,1.31372,1.31379,1.31349,1.31354,123220000,1
1501275300000,1501275359000,1.31353,1.31366,1.31344,1.31363,122240000,1
1501275360000,1501275419000,1.31364,1.31364,1.31348,1.31358,33620000,1
1501275420000,1501275479000,1.31358,1.31358,1.31314,1.31316,93200000,1
1501275480000,1501275539000,1.31318,1.31339,1.31317,1.31329,131130000,1
1501275540000,1501275599000,1.31329,1.3135,1.31323,1.31335,88880000,1
1501275600000,1501275659000,1.31335,1.31335,1.31335,1.31335,0,1
1501275660000,1501275719000,1.31335,1.31335,1.31335,1.31335,0,1
1501275720000,1501275779000,1.31335,1.31335,1.31335,1.31335,0,1
1501275780000,1501275839000,1.31335,1.31335,1.31335,1.31335,0,1
1501275840000,1501275899000,1.31335,1.31335,1.31335,1.31335,0,1
1501275900000,1501275959000,1.31335,1.31335,1.31335,1.31335,0,1
1501275960000,1501276019000,1.31335,1.31335,1.31335,1.31335,0,1
1501276020000,1501276079000,1.31335,1.31335,1.31335,1.31335,0,1
1501276080000,1501276139000,1.31335,1.31335,1.31335,1.31335,0,1
1501276140000,1501276199000,1.31335,1.31335,1.31335,1.31335,0,1
1501276200000,1501276259000,1.31335,1.31335,1.31335,1.31335,0,1
1501276260000,1501276319000,1.31335,1.31335,1.31335,1.31335,0,1
1501276320000,1501276379000,1.31335,1.31335,1.31335,1.31335,0,1
1501276380000,1501276439000,1.31335,1.31335,1.31335,1.31335,0,1
1501276440000,1501276499000,1.31335,1.31335,1.31335,1.31335,0,1
1501276500000,1501276559000,1.31335,1.31335,1.31335,1.31335,0,1
1501276560000,1501276619000,1.31335,1.31335,1.31335,1.31335,0,1
1501276620000,1501276679000,1.31335,1.31335,1.31335,1.31335,0,1
1501276680000,1501276739000,1.31335,1.31335,1.31335,1.31335,0,1
1501276740000,1501276799000,1.31335,1.31335,1.31335,1.31335,0,1
1501276800000,1501276859000,1.31335,1.31335,1.31335,1.31335,0,1
1501276860000,1501276919000,1.31335,1.31335,1.31335,1.31335,0,1
1501276920000,1501276979000,1.31335,1.31335,1.31335,1.31335,0,1
1501276980000,1501277039000,1.31335,1.31335,1.31335,1.31335,0,1
1501277040000,1501277099000,1.31335,1.31335,1.31335,1.31335,0,1
1501277100000,1501277159000,1.31335,1.31335,1.31335,1.31335,0,1
1501277160000,1501277219000,1.31335,1.31335,1.31335,1.31335,0,1
1501277220000,1501277279000,1.31335,1.31335,1.31335,1.31335,0,1
1501277280000,1501277339000,1.31335,1.31335,1.31335,1.31335,0,1
1501277340000,1501277399000,1.31335,1.31335,1.31335,1.31335,0,1
1501277400000,1501277459000,1.31335,1.31335,1.31335,1.31335,0,1
1501277460000,1501277519000,1.31335,1.31335,1.31335,1.31335,0,1
1501277520000,1501277579000,1.31335,1.31335,1.31335,1.31335,0,1
1501277580000,1501277639000,1.31335,1.31335,1.31335,1.31335,0,1
1501277640000,1501277699000,1.31335,1.31335,1.31335,1.31335,0,1
1501277700000,1501277759000,1.31335,1.31335,1.31335,1.31335,0,1
1501277760000,1501277819000,1.31335,1.31335,1.31335,1.31335,0,1
1501277820000,1501277879000,1.31335,1.31335,1.31335,1.31335,0,1
1501277880000,1501277939000,1.31335,1.31335,1.31335,1.31335,0,1
1501277940000,1501277999000,1.31335,1.31335,1.31335,1.31335,0,1
1501278000000,1501278059000,1.31335,1.31335,1.31335,1.31335,0,1
1501278060000,1501278119000,1.31335,1.31335,1.31335,1.31335,0,1
1501278120000,1501278179000,1.31335,1.31335,1.31335,1.31335,0,1
1501278180000,1501278239000,1.31335,1.31335,1.31335,1.31335,0,1
1501278240000,1501278299000,1.31335,1.31335,1.31335,1.31335,0,1
1501278300000,1501278359000,1.31335,1.31335,1.31335,1.31335,0,1
1501278360000,1501278419000,1.31335,1.31335,1.31335,1.31335,0,1
1501278420000,1501278479000,1.31335,1.31335,1.31335,1.31335,0,1
1501278480000,1501278539000,1.31335,1.31335,1.31335,1.31335,0,1
1501278540000,1501278599000,1.31335,1.31335,1.31335,1.31335,0,1
1501278600000,1501278659000,1.31335,1.31335,1.31335,1.31335,0,1
1501278660000,1501278719000,1.31335,1.31335,1.31335,1.31335,0,1
1501278720000,1501278779000,1.31335,1.31335,1.31335,1.31335,0,1
1501278780000,1501278839000,1.31335,1.31335,1.31335,1.31335,0,1
1501278840000,1501278899000,1.31335,1.31335,1.31335,1.31335,0,1
1501278900000,1501278959000,1.31335,1.31335,1.31335,1.31335,0,1
1501278960000,1501279019000,1.31335,1.31335,1.31335,1.31335,0,1
1501279020000,1501279079000,1.31335,1.31335,1.31335,1.31335,0,1
1501279080000,1501279139000,1.31335,1.31335,1.31335,1.31335,0,1
1501279140000,1501279199000,1.31335,1.31335,1.31335,1.31335,0,1
1501279200000,1501279259000,1.31335,1.31335,1.31335,1.31335,0,1
1501279260000,1501279319000,1.31335,1.31335,1.31335,1.31335,0,1
1501279320000,1501279379000,1.31335,1.31335,1.31335,1.31335,0,1
1501279380000,1501279439000,1.31335,1.31335,1.31335,1.31335,0,1
1501279440000,1501279499000,1.31335,1.31335,1.31335,1.31335,0,1
1501279500000,1501279559000,1.31335,1.31335,1.31335,1.31335,0,1
1501279560000,1501279619000,1.31335,1.31335,1.31335,1.31335,0,1
1501279620000,1501279679000,1.31335,1.31335,1.31335,1.31335,0,1
1501279680000,1501279739000,1.31335,1.31335,1.31335,1.31335,0,1
1501279740000,1501279799000,1.31335,1.31335,1.31335,1.31335,0,1
1501279800000,1501279859000,1.31335,1.31335,1.31335,1.31335,0,1
1501279860000,1501279919000,1.31335,1.31335,1.31335,1.31335,0,1
1501279920000,1501279979000,1.31335,1.31335,1.31335,1.31335,0,1
1501279980000,1501280039000,1.31335,1.31335,1.31335,1.31335,0,1
1501280040000,1501280099000,1.31335,1.31335,1.31335,1.31335,0,1
1501280100000,1501280159000,1.31335,1.31335,1.31335,1.31335,0,1
1501280160000,1501280219000,1.31335,1.31335,1.31335,1.31335,0,1
1501280220000,1501280279000,1.31335,1.31335,1.31335,1.31335,0,1
1501280280000,1501280339000,1.31335,1.31335,1.31335,1.31335,0,1
1501280340000,1501280399000,1.31335,1.31335,1.31335,1.31335,0,1
1501280400000,1501280459000,1.31335,1.31335,1.31335,1.31335,0,1
1501280460000,1501280519000,1.31335,1.31335,1.31335,1.31335,0,1
1501280520000,1501280579000,1.31335,1.31335,1.31335,1.31335,0,1
1501280580000,1501280639000,1.31335,1.31335,1.31335,1.31335,0,1
1501280640000,1501280699000,1.31335,1.31335,1.31335,1.31335,0,1
1501280700000,1501280759000,1.31335,1.31335,1.31335,1.31335,0,1
1501280760000,1501280819000,1.31335,1.31335,1.31335,1.31335,0,1
1501280820000,1501280879000,1.31335,1.31335,1.31335,1.31335,0,1
1501280880000,1501280939000,1.31335,1.31335,1.31335,1.31335,0,1
1501280940000,1501280999000,1.31335,1.31335,1.31335,1.31335,0,1
1501281000000,1501281059000,1.31335,1.31335,1.31335,1.31335,0,1
1501281060000,1501281119000,1.31335,1.31335,1.31335,1.31335,0,1
1501281120000,1501281179000,1.31335,1.31335,1.31335,1.31335,0,1
1501281180000,1501281239000,1.31335,1.31335,1.31335,1.31335,0,1
1501281240000,1501281299000,1.31335,1.31335,1.31335,1.31335,0,1
1501281300000,1501281359000,1.31335,1.31335,1.31335,1.31335,0,1
1501281360000,1501281419000,1.31335,1.31335,1.31335,1.31335,0,1
1501281420000,1501281479000,1.31335,1.31335,1.31335,1.31335,0,1
1501281480000,1501281539000,1.31335,1.31335,1.31335,1.31335,0,1
1501281540000,1501281599000,1.31335,1.31335,1.31335,1.31335,0,1
1501281600000,1501281659000,1.31335,1.31335,1.31335,1.31335,0,1
1501281660000,1501281719000,1.31335,1.31335,1.31335,1.31335,0,1
1501281720000,1501281779000,1.31335,1.31335,1.31335,1.31335,0,1
1501281780000,1501281839000,1.31335,1.31335,1.31335,1.31335,0,1
1501281840000,1501281899000,1.31335,1.31335,1.31335,1.31335,0,1
1501281900000,1501281959000,1.31335,1.31335,1.31335,1.31335,0,1
1501281960000,1501282019000,1.31335,1.31335,1.31335,1.31335,0,1
1501282020000,1501282079000,1.31335,1.31335,1.31335,1.31335,0,1
1501282080000,1501282139000,1.31335,1.31335,1.31335,1.31335,0,1
1501282140000,1501282199000,1.31335,1.31335,1.31335,1.31335,0,1
1501282200000,1501282259000,1.31335,1.31335,1.31335,1.31335,0,1
1501282260000,1501282319000,1.31335,1.31335,1.31335,1.31335,0,1
1501282320000,1501282379000,1.31335,1.31335,1.31335,1.31335,0,1
1501282380000,1501282439000,1.31335,1.31335,1.31335,1.31335,0,1
1501282440000,1501282499000,1.31335,1.31335,1.31335,1.31335,0,1
1501282500000,1501282559000,1.31335,1.31335,1.31335,1.31335,0,1
1501282560000,1501282619000,1.31335,1.31335,1.31335,1.31335,0,1
1501282620000,1501282679000,1.31335,1.31335,1.31335,1.31335,0,1
1501282680000,1501282739000,1.31335,1.31335,1.31335,1.31335,0,1
1501282740000,1501282799000,1.31335,1.31335,1.31335,1.31335,0,1
1501282800000,1501282859000,1.31335,1.31335,1.31335,1.31335,0,1
1501282860000,1501282919000,1.31335,1.31335,1.31335,1.31335,0,1
1501282920000,1501282979000,1.31335,1.31335,1.31335,1.31335,0,1
1501282980000,1501283039000,1.31335,1.31335,1.31335,1.31335,0,1
1501283040000,1501283099000,1.31335,1.31335,1.31335,1.31335,0,1
1501283100000,1501283159000,1.31335,1.31335,1.31335,1.31335,0,1
1501283160000,1501283219000,1.31335,1.31335,1.31335,1.31335,0,1
1501283220000,1501283279000,1.31335,1.31335,1.31335,1.31335,0,1
1501283280000,1501283339000,1.31335,1.31335,1.31335,1.31335,0,1
1501283340000,1501283399000,1.31335,1.31335,1.31335,1.31335,0,1
1501283400000,1501283459000,1.31335,1.31335,1.31335,1.31335,0,1
1501283460000,1501283519000,1.31335,1.31335,1.31335,1.31335,0,1
1501283520000,1501283579000,1.31335,1.31335,1.31335,1.31335,0,1
1501283580000,1501283639000,1.31335,1.31335,1.31335,1.31335,0,1
1501283640000,1501283699000,1.31335,1.31335,1.31335,1.31335,0,1
1501283700000,1501283759000,1.31335,1.31335,1.31335,1.31335,0,1
1501283760000,1501283819000,1.31335,1.31335,1.31335,1.31335,0,1
1501283820000,1501283879000,1.31335,1.31335,1.31335,1.31335,0,1
1501283880000,1501283939000,1.31335,1.31335,1.31335,1.31335,0,1
1501283940000,1501283999000,1.31335,1.31335,1.31335,1.31335,0,1
1501284000000,1501284059000,1.31335,1.31335,1.31335,1.31335,0,1
1501284060000,1501284119000,1.31335,1.31335,1.31335,1.31335,0,1
1501284120000,1501284179000,1.31335,1.31335,1.31335,1.31335,0,1
1501284180000,1501284239000,1.31335,1.31335,1.31335,1.31335,0,1
1501284240000,1501284299000,1.31335,1.31335,1.31335,1.31335,0,1
1501284300000,1501284359000,1.31335,1.31335,1.31335,1.31335,0,1
1501284360000,1501284419000,1.31335,1.31335,1.31335,1.31335,0,1
1501284420000,1501284479000,1.31335,1.31335,1.31335,1.31335,0,1
1501284480000,1501284539000,1.31335,1.31335,1.31335,1.31335,0,1
1501284540000,1501284599000,1.31335,1.31335,1.31335,1.31335,0,1
1501284600000,1501284659000,1.31335,1.31335,1.31335,1.31335,0,1
1501284660000,1501284719000,1.31335,1.31335,1.31335,1.31335,0,1
1501284720000,1501284779000,1.31335,1.31335,1.31335,1.31335,0,1
1501284780000,1501284839000,1.31335,1.31335,1.31335,1.31335,0,1
1501284840000,1501284899000,1.31335,1.31335,1.31335,1.31335,0,1
1501284900000,1501284959000,1.31335,1.31335,1.31335,1.31335,0,1
1501284960000,1501285019000,1.31335,1.31335,1.31335,1.31335,0,1
1501285020000,1501285079000,1.31335,1.31335,1.31335,1.31335,0,1
1501285080000,1501285139000,1.31335,1.31335,1.31335,1.31335,0,1
1501285140000,1501285199000,1.31335,1.31335,1.31335,1.31335,0,1
1501285200000,1501285259000,1.31335,1.31335,1.31335,1.31335,0,1
1501285260000,1501285319000,1.31335,1.31335,1.31335,1.31335,0,1
1501285320000,1501285379000,1.31335,1.31335,1.31335,1.31335,0,1
1501285380000,1501285439000,1.31335,1.31335,1.31335,1.31335,0,1
1501285440000,1501285499000,1.31335,1.31335,1.31335,1.31335,0,1
1501285500000,1501285559000,1.31335,1.31335,1.31335,1.31335,0,1
1501285560000,1501285619000,1.31335,1.31335,1.31335,1.31335,0,1
1501285620000,1501285679000,1.31335,1.31335,1.31335,1.31335,0,1
1501285680000,1501285739000,1.31335,1.31335,1.31335,1.31335,0,1
1501285740000,1501285799000,1.31335,1.31335,1.31335,1.31335,0,1
1501285800000,1501285859000,1.31335,1.31335,1.31335,1.31335,0,1
1501285860000,1501285919000,1.31335,1.31335,1.31335,1.31335,0,1
1501285920000,1501285979000,1.31335,1.31335,1.31335,1.31335,0,1
1501285980000,1501286039000,1.31335,1.31335,1.31335,1.31335,0,1
1501286040000,1501286099000,1.31335,1.31335,1.31335,1.31335,0,1
1501286100000,1501286159000,1.31335,1.31335,1.31335,1.31335,0,1
1501286160000,1501286219000,1.31335,1.31335,1.31335,1.31335,0,1
1501286220000,1501286279000,1.31335,1.31335,1.31335,1.31335,0,1
1501286280000,1501286339000,1.31335,1.31335,1.31335,1.31335,0,1
1501286340000,1501286399000,1.31335,1.31335,1.31335,1.31335,0,1
1501448520000,1501448579000,1.31227,1.31227,1.31227,1.31227,1120000,1
1501448580000,1501448639000,1.31227,1.31228,1.31226,1.31226,1860000,1
1501448640000,1501448699000,1.31223,1.3127,1.31222,1.31268,12750000,1
1501448700000,1501448759000,1.31268,1.31269,1.31268,1.31269,7250000,1
1501448760000,1501448819000,1.31268,1.31277,1.31266,1.31277,11750000,1
1501448820000,1501448879000,1.31267,1.31268,1.31267,1.31268,4000000,1
1501448880000,1501448939000,1.31268,1.31268,1.31267,1.31267,4000000,1
1501448940000,1501448999000,1.31266,1.31269,1.31266,1.31269,12000000,1
1501449000000,1501449059000,1.31269,1.31269,1.31266,1.31267,11470000,1
1501449060000,1501449119000,1.31267,1.3127,1.31267,1.31268,12000000,1
1501449120000,1501449179000,1.31266,1.31275,1.31264,1.31272,36960000,1
1501449180000,1501449239000,1.31268,1.31278,1.31268,1.31268,18260000,1
1501449240000,1501449299000,1.31268,1.31276,1.31265,1.31266,21850000,1
1501449300000,1501449359000,1.31266,1.31273,1.31266,1.31273,23230000,1
1501449360000,1501449419000,1.31273,1.31274,1.31268,1.31268,8000000,1
1501449420000,1501449479000,1.31268,1.31269,1.3126,1.3126,14000000,1
1501449480000,1501449539000,1.31264,1.31264,1.31262,1.31262,10640000,1
1501449540000,1501449599000,1.31259,1.31259,1.31256,1.31257,11710000,1
1501449600000,1501449659000,1.31257,1.31271,1.31257,1.31259,19080000,1
1501449660000,1501449719000,1.31262,1.31262,1.31262,1.31262,6250000,1
1501449720000,1501449779000,1.31261,1.31263,1.31261,1.31263,13500000,1
1501449780000,1501449839000,1.31263,1.31263,1.31261,1.31263,27750000,1
1501449840000,1501449899000,1.31262,1.31263,1.31262,1.31262,29750000,1
1501449900000,1501449959000,1.31263,1.31266,1.31262,1.31266,21000000,1
1501449960000,1501450019000,1.31266,1.31266,1.31262,1.31262,17250000,1
1501450020000,1501450079000,1.31262,1.31263,1.31262,1.31263,33250000,1
1501450080000,1501450139000,1.31262,1.31263,1.31262,1.31262,8750000,1
1501450140000,1501450199000,1.31262,1.31266,1.31262,1.31266,15250000,1
1501450200000,1501450259000,1.31266,1.31311,1.31255,1.31301,47300000,1
1501450260000,1501450319000,1.31295,1.31323,1.31295,1.31314,51470000,1
1501450320000,1501450379000,1.31315,1.31316,1.31306,1.31309,12580000,1
1501450380000,1501450439000,1.31308,1.31309,1.31279,1.31291,19800000,1
1501450440000,1501450499000,1.31291,1.31317,1.31289,1.31291,17960000,1
1501450500000,1501450559000,1.31291,1.31318,1.31285,1.31307,31150000,1
1501450560000,1501450619000,1.31311,1.31313,1.31307,1.31307,22140000,1
1501450620000,1501450679000,1.31309,1.31321,1.31308,1.31321,17630000,1
1501450680000,1501450739000,1.31319,1.31319,1.31316,1.31316,12250000,1
1501450740000,1501450799000,1.31316,1.31328,1.31316,1.31325,18710000,1
1501450800000,1501450859000,1.31325,1.31334,1.31324,1.31329,39170000,1
1501450860000,1501450919000,1.31331,1.31332,1.31324,1.31324,11710000,1
1501450920000,1501450979000,1.31327,1.31327,1.31323,1.31323,14280000,1
1501450980000,1501451039000,1.31323,1.31323,1.31323,1.31323,2750000,1
1501451040000,1501451099000,1.31323,1.31323,1.3132,1.3132,18190000,1
1501451100000,1501451159000,1.31321,1.31325,1.3132,1.31325,12070000,1
1501451160000,1501451219000,1.31324,1.31333,1.31324,1.31328,20210000,1
1501451220000,1501451279000,1.31347,1.31359,1.31329,1.31329,18580000,1
1501451280000,1501451339000,1.31329,1.31333,1.31329,1.31333,5950000,1
1501451340000,1501451399000,1.31333,1.31343,1.31317,1.31343,25580000,1
1501451400000,1501451459000,1.31343,1.31344,1.31324,1.31324,15460000,1
1501451460000,1501451519000,1.31329,1.31329,1.31325,1.31329,5950000,1
1501451520000,1501451579000,1.31328,1.3133,1.31324,1.3133,8330000,1
1501451580000,1501451639000,1.31324,1.31329,1.31324,1.31329,11900000,1
1501451640000,1501451699000,1.3133,1.3133,1.31328,1.31328,9140000,1
1501451700000,1501451759000,1.31328,1.31329,1.31318,1.31328,25790000,1
1501451760000,1501451819000,1.31332,1.31335,1.31329,1.31329,13890000,1
1501451820000,1501451879000,1.31327,1.31346,1.31327,1.31346,23460000,1
1501451880000,1501451939000,1.31345,1.31346,1.3134,1.3134,12700000,1
1501451940000,1501451999000,1.31341,1.31341,1.31327,1.31327,8270000,1
1501452000000,1501452059000,1.31328,1.31385,1.31328,1.31367,96510000,1
1501452060000,1501452119000,1.31368,1.31376,1.31367,1.31369,91170000,1
1501452120000,1501452179000,1.31373,1.31373,1.31366,1.31373,42510000,1
1501452180000,1501452239000,1.31374,1.31375,1.31369,1.31369,14140000,1
1501452240000,1501452299000,1.31368,1.31368,1.3136,1.31361,57040000,1
1501452300000,1501452359000,1.31362,1.31377,1.3136,1.31377,106210000,1
1501452360000,1501452419000,1.31378,1.31391,1.31378,1.31386,35570000,1
1501452420000,1501452479000,1.31386,1.314,1.31378,1.314,88690000,1
1501452480000,1501452539000,1.314,1.314,1.31389,1.31389,25010000,1
1501452540000,1501452599000,1.31389,1.31389,1.31384,1.31384,19140000,1
1501452600000,1501452659000,1.31384,1.31442,1.31384,1.31432,131560000,1
1501452660000,1501452719000,1.31432,1.31432,1.31429,1.3143,20930000,1
1501452720000,1501452779000,1.3143,1.31446,1.31428,1.31445,37300000,1
1501452780000,1501452839000,1.31444,1.31455,1.31441,1.31442,40730000,1
1501452840000,1501452899000,1.31441,1.31448,1.31439,1.3144,35000000,1
1501452900000,1501452959000,1.31442,1.31442,1.31436,1.31441,15810000,1
1501452960000,1501453019000,1.31442,1.31461,1.31442,1.31461,44630000,1
1501453020000,1501453079000,1.3146,1.31463,1.31455,1.31459,26060000,1
1501453080000,1501453139000,1.3146,1.31463,1.31457,1.31458,25290000,1
1501453140000,1501453199000,1.31457,1.31458,1.31438,1.31438,18790000,1
1501453200000,1501453259000,1.31438,1.31439,1.31438,1.31438,3500000,1
1501453260000,1501453319000,1.31433,1.31435,1.31425,1.31426,37520000,1
1501453320000,1501453379000,1.31424,1.31426,1.31423,1.31425,22840000,1
1501453380000,1501453439000,1.31423,1.31423,1.31416,1.31417,47960000,1
1501453440000,1501453499000,1.31417,1.31418,1.31402,1.31406,90600000,1
1501453500000,1501453559000,1.31407,1.31407,1.31403,1.31403,14110000,1
1501453560000,1501453619000,1.31413,1.31413,1.31404,1.31406,19760000,1
1501453620000,1501453679000,1.31407,1.31407,1.31406,1.31406,25000000,1
1501453680000,1501453739000,1.31407,1.31407,1.31402,1.31402,43810000,1
1501453740000,1501453799000,1.31403,1.31407,1.31401,1.31406,29110000,1
1501453800000,1501453859000,1.31406,1.31407,1.31401,1.31401,76170000,1
1501453860000,1501453919000,1.31402,1.31402,1.31387,1.31393,39410000,1
1501453920000,1501453979000,1.31393,1.31393,1.31386,1.31386,99030000,1
1501453980000,1501454039000,1.31386,1.31387,1.31386,1.31387,40460000,1
1501454040000,1501454099000,1.31386,1.31393,1.31386,1.31386,30380000,1
1501454100000,1501454159000,1.31386,1.31398,1.31382,1.31393,46560000,1
1501454160000,1501454219000,1.31392,1.31393,1.31386,1.31387,19760000,1
1501454220000,1501454279000,1.31386,1.31386,1.31377,1.31379,46580000,1
1501454280000,1501454339000,1.3138,1.31389,1.3138,1.31388,39730000,1
1501454340000,1501454399000,1.31389,1.31393,1.31387,1.31393,21230000,1
1501454400000,1501454459000,1.31392,1.31392,1.31386,1.31386,44660000,1
1501454460000,1501454519000,1.31387,1.31388,1.31386,1.31386,32520000,1
1501454520000,1501454579000,1.31387,1.31389,1.31386,1.31386,137990000,1
1501454580000,1501454639000,1.31386,1.31388,1.31386,1.31387,135040000,1
1501454640000,1501454699000,1.31386,1.31397,1.31386,1.31391,114700000,1
1501454700000,1501454759000,1.31391,1.31393,1.3139,1.31392,46850000,1
1501454760000,1501454819000,1.31393,1.31399,1.31391,1.31399,44700000,1
1501454820000,1501454879000,1.31399,1.31401,1.31397,1.314,15000000,1
1501454880000,1501454939000,1.314,1.31418,1.314,1.31417,53000000,1
1501454940000,1501454999000,1.31418,1.31418,1.31417,1.31417,92000000,1
1501455000000,1501455059000,1.31417,1.31435,1.31413,1.31431,80640000,1
1501455060000,1501455119000,1.31431,1.31438,1.31422,1.31432,62690000,1
1501455120000,1501455179000,1.31432,1.31446,1.31432,1.31444,31990000,1
1501455180000,1501455239000,1.31447,1.31479,1.31447,1.31467,56740000,1
1501455240000,1501455299000,1.31467,1.31479,1.31467,1.31478,48770000,1
1501455300000,1501455359000,1.31477,1.31477,1.3147,1.31473,63660000,1
1501455360000,1501455419000,1.31473,1.31496,1.31469,1.31494,92130000,1
1501455420000,1501455479000,1.31498,1.31499,1.3148,1.31481,55610000,1
1501455480000,1501455539000,1.31481,1.31481,1.31477,1.31478,43910000,1
1501455540000,1501455599000,1.31478,1.31479,1.3147,1.3147,60980000,1
1501455600000,1501455659000,1.31477,1.31477,1.31472,1.31472,18310000,1
1501455660000,1501455719000,1.31469,1.31469,1.31465,1.31466,26850000,1
1501455720000,1501455779000,1.31466,1.31478,1.31466,1.31478,34240000,1
1501455780000,1501455839000,1.31478,1.31481,1.31475,1.31481,46500000,1
1501455840000,1501455899000,1.31483,1.31483,1.3147,1.3147,21010000,1
1501455900000,1501455959000,1.31469,1.31473,1.31467,1.31473,14750000,1
1501455960000,1501456019000,1.31472,1.31472,1.31471,1.31472,4000000,1
1501456020000,1501456079000,1.31472,1.31472,1.31469,1.31469,13490000,1
1501456080000,1501456139000,1.31469,1.3147,1.31462,1.31462,47510000,1
1501456140000,1501456199000,1.31462,1.31464,1.31461,1.31464,31500000,1
1501456200000,1501456259000,1.31464,1.31464,1.3146,1.31462,33180000,1
1501456260000,1501456319000,1.31462,1.31462,1.31459,1.31462,45920000,1
1501456320000,1501456379000,1.31461,1.31462,1.31442,1.31442,58230000,1
1501456380000,1501456439000,1.31442,1.31442,1.31422,1.31434,45480000,1
1501456440000,1501456499000,1.31439,1.3144,1.31439,1.31439,8250000,1
1501456500000,1501456559000,1.31441,1.3145,1.3144,1.31446,40930000,1
1501456560000,1501456619000,1.31447,1.31447,1.31445,1.31447,26660000,1
1501456620000,1501456679000,1.31447,1.31447,1.31435,1.31435,24680000,1
1501456680000,1501456739000,1.31435,1.31435,1.31425,1.31429,14740000,1
1501456740000,1501456799000,1.31429,1.31433,1.31428,1.31429,23850000,1
1501456800000,1501456859000,1.31428,1.3143,1.31428,1.31429,23160000,1
1501456860000,1501456919000,1.31427,1.31427,1.31416,1.31419,52350000,1
1501456920000,1501456979000,1.3142,1.3142,1.31412,1.31413,27940000,1
1501456980000,1501457039000,1.31413,1.31419,1.31413,1.31419,20980000,1
1501457040000,1501457099000,1.3142,1.3142,1.31416,1.31416,17350000,1
1501457100000,1501457159000,1.31415,1.31417,1.31412,1.31415,26910000,1
1501457160000,1501457219000,1.31414,1.31429,1.31414,1.31429,52940000,1
1501457220000,1501457279000,1.31429,1.31429,1.31425,1.31425,32500000,1
1501457280000,1501457339000,1.31424,1.31427,1.31424,1.31427,61500000,1
1501457340000,1501457399000,1.31427,1.31443,1.31427,1.31438,34690000,1
1501457400000,1501457459000,1.31438,1.31438,1.31428,1.31428,31440000,1
1501457460000,1501457519000,1.31428,1.31438,1.31428,1.31438,73990000,1
1501457520000,1501457579000,1.31438,1.31439,1.31434,1.31439,33000000,1
1501457580000,1501457639000,1.31439,1.31439,1.3142,1.3142,20550000,1
1501457640000,1501457699000,1.31419,1.3142,1.31418,1.31419,14360000,1
1501457700000,1501457759000,1.31414,1.31415,1.31414,1.31414,25000000,1
1501457760000,1501457819000,1.31409,1.31412,1.31409,1.31412,26860000,1
1501457820000,1501457879000,1.31414,1.31414,1.31409,1.31409,31950000,1
1501457880000,1501457939000,1.31411,1.31423,1.31409,1.31423,44780000,1
1501457940000,1501457999000,1.31423,1.31443,1.31422,1.31443,48430000,1
1501458000000,1501458059000,1.31443,1.31453,1.31443,1.31451,44280000,1
1501458060000,1501458119000,1.31453,1.31464,1.31449,1.31464,63750000,1
1501458120000,1501458179000,1.31464,1.31473,1.31461,1.31466,30570000,1
1501458180000,1501458239000,1.31466,1.31467,1.31466,1.31466,43500000,1
1501458240000,1501458299000,1.31466,1.31466,1.31445,1.31445,56100000,1
1501458300000,1501458359000,1.31445,1.31467,1.31445,1.3146,24690000,1
1501458360000,1501458419000,1.31461,1.31462,1.31434,1.31437,42260000,1
1501458420000,1501458479000,1.31437,1.31437,1.3143,1.3143,27080000,1
1501458480000,1501458539000,1.3143,1.31433,1.3143,1.31431,18370000,1
1501458540000,1501458599000,1.3143,1.31446,1.3143,1.3144,39970000,1
1501458600000,1501458659000,1.31441,1.31441,1.31439,1.31439,14700000,1
1501458660000,1501458719000,1.31438,1.31441,1.31438,1.31441,7880000,1
1501458720000,1501458779000,1.31441,1.31441,1.31431,1.31431,27870000,1
1501458780000,1501458839000,1.31428,1.31439,1.31422,1.31436,25830000,1
1501458840000,1501458899000,1.31436,1.3144,1.31434,1.3144,37700000,1
1501458900000,1501458959000,1.3144,1.3144,1.31433,1.31435,13370000,1
1501458960000,1501459019000,1.31435,1.31437,1.31434,1.31434,25570000,1
1501459020000,1501459079000,1.31433,1.31438,1.31428,1.31435,44940000,1
1501459080000,1501459139000,1.31438,1.31438,1.31425,1.3143,65340000,1
1501459140000,1501459199000,1.31432,1.31432,1.31429,1.3143,29360000,1
1501459200000,1501459259000,1.3143,1.31431,1.31411,1.31418,75540000,1
1501459260000,1501459319000,1.31418,1.31419,1.31413,1.31413,36500000,1
1501459320000,1501459379000,1.31413,1.31413,1.31408,1.31408,26920000,1
1501459380000,1501459439000,1.31408,1.31408,1.31403,1.31403,62350000,1
1501459440000,1501459499000,1.31403,1.31412,1.31403,1.31404,50740000,1
1501459500000,1501459559000,1.31402,1.31413,1.31401,1.31413,71170000,1
1501459560000,1501459619000,1.31414,1.31414,1.31398,1.31403,44620000,1
1501459620000,1501459679000,1.31403,1.31404,1.31399,1.31399,32750000,1
1501459680000,1501459739000,1.31401,1.31404,1.31398,1.31402,51870000,1
1501459740000,1501459799000,1.31402,1.31403,1.31398,1.31403,15120000,1
1501459800000,1501459859000,1.31403,1.31405,1.31397,1.31404,35500000,1
1501459860000,1501459919000,1.31403,1.31405,1.31397,1.31405,47190000,1
1501459920000,1501459979000,1.31402,1.31404,1.31397,1.31402,77100000,1
1501459980000,1501460039000,1.31403,1.31403,1.31363,1.31365,126570000,1
1501460040000,1501460099000,1.31366,1.31373,1.31345,1.31351,152660000,1
1501460100000,1501460159000,1.31351,1.31353,1.31346,1.31352,62010000,1
1501460160000,1501460219000,1.31352,1.31353,1.3132,1.31324,91000000,1
1501460220000,1501460279000,1.31325,1.3133,1.3132,1.3133,76930000,1
1501460280000,1501460339000,1.3133,1.31345,1.31329,1.3133,81430000,1
1501460340000,1501460399000,1.3133,1.31345,1.31329,1.31345,62200000,1
1501460400000,1501460459000,1.31346,1.31356,1.31346,1.31355,21000000,1
1501460460000,1501460519000,1.31355,1.31355,1.31345,1.31351,70710000,1
1501460520000,1501460579000,1.31351,1.31363,1.31348,1.31349,71870000,1
1501460580000,1501460639000,1.31348,1.31352,1.31345,1.31345,55380000,1
1501460640000,1501460699000,1.31343,1.31343,1.31318,1.31319,111800000,1
1501460700000,1501460759000,1.31319,1.31343,1.31319,1.3134,90490000,1
1501460760000,1501460819000,1.31339,1.31351,1.31339,1.31348,110160000,1
1501460820000,1501460879000,1.31349,1.31375,1.31348,1.31371,63660000,1
1501460880000,1501460939000,1.31371,1.31373,1.31369,1.31369,32880000,1
1501460940000,1501460999000,1.31368,1.3137,1.31353,1.31365,63530000,1
1501461000000,1501461059000,1.31368,1.31371,1.31368,1.31371,23990000,1
1501461060000,1501461119000,1.31372,1.31384,1.31372,1.31382,16120000,1
1501461120000,1501461179000,1.31381,1.31383,1.3138,1.31381,43600000,1
1501461180000,1501461239000,1.3138,1.31384,1.31379,1.31383,52700000,1
1501461240000,1501461299000,1.31382,1.31383,1.3138,1.3138,20870000,1
1501461300000,1501461359000,1.3138,1.31381,1.31374,1.31379,143550000,1
1501461360000,1501461419000,1.3138,1.3138,1.31365,1.3137,82960000,1
1501461420000,1501461479000,1.3137,1.31372,1.31369,1.3137,56470000,1
1501461480000,1501461539000,1.31372,1.31372,1.3136,1.31361,93450000,1
1501461540000,1501461599000,1.31361,1.31362,1.31353,1.3136,68300000,1
1501461600000,1501461659000,1.3136,1.31376,1.3136,1.31372,83330000,1
1501461660000,1501461719000,1.31371,1.31377,1.3137,1.31375,63620000,1
1501461720000,1501461779000,1.31373,1.31385,1.31372,1.31384,33500000,1
1501461780000,1501461839000,1.31384,1.31385,1.31384,1.31385,12000000,1
1501461840000,1501461899000,1.31384,1.31384,1.31375,1.31381,36000000,1
1501461900000,1501461959000,1.31381,1.31397,1.31381,1.31396,27750000,1
1501461960000,1501462019000,1.31398,1.31398,1.3139,1.31392,56740000,1
1501462020000,1501462079000,1.31391,1.31394,1.31371,1.31373,35990000,1
1501462080000,1501462139000,1.31367,1.31369,1.31353,1.31356,84050000,1
1501462140000,1501462199000,1.31355,1.31358,1.3135,1.31354,70670000,1
1501462200000,1501462259000,1.31354,1.31365,1.31353,1.31354,101710000,1
1501462260000,1501462319000,1.31353,1.31354,1.31344,1.31347,88360000,1
1501462320000,1501462379000,1.31343,1.31345,1.31297,1.31302,111420000,1
1501462380000,1501462439000,1.31308,1.31316,1.31292,1.31301,93900000,1
1501462440000,1501462499000,1.31301,1.31353,1.31299,1.31343,190490000,1
1501462500000,1501462559000,1.3137,1.3137,1.31333,1.31347,165100000,1
1501462560000,1501462619000,1.31347,1.31361,1.3134,1.31357,165170000,1
1501462620000,1501462679000,1.31357,1.31358,1.31344,1.31351,78800000,1
1501462680000,1501462739000,1.31351,1.31368,1.31349,1.31368,63440000,1
1501462740000,1501462799000,1.31367,1.31374,1.31361,1.31361,62120000,1
1501462800000,1501462859000,1.31362,1.31382,1.31362,1.31378,79870000,1
1501462860000,1501462919000,1.31377,1.31379,1.31322,1.31332,114750000,1
1501462920000,1501462979000,1.31333,1.31333,1.31325,1.31331,137180000,1
1501462980000,1501463039000,1.31331,1.31334,1.31328,1.31331,51940000,1
1501463040000,1501463099000,1.3133,1.3133,1.31321,1.31323,31100000,1
1501463100000,1501463159000,1.31325,1.31329,1.31313,1.31317,66550000,1
1501463160000,1501463219000,1.31313,1.31349,1.31313,1.31339,78740000,1
1501463220000,1501463279000,1.31339,1.31361,1.31339,1.3135,78660000,1
1501463280000,1501463339000,1.31353,1.31356,1.31351,1.31351,28500000,1
1501463340000,1501463399000,1.31351,1.31351,1.31343,1.31347,22000000,1
1501463400000,1501463459000,1.31347,1.31361,1.31346,1.31361,33000000,1
1501463460000,1501463519000,1.31361,1.31379,1.31361,1.31379,59680000,1
1501463520000,1501463579000,1.31379,1.31386,1.31376,1.31386,76000000,1
1501463580000,1501463639000,1.31386,1.31386,1.3136,1.3136,39300000,1
1501463640000,1501463699000,1.31362,1.31377,1.31362,1.31371,31000000,1
1501463700000,1501463759000,1.31369,1.31369,1.31359,1.31364,25120000,1
1501463760000,1501463819000,1.31363,1.31364,1.31357,1.31363,15000000,1
1501463820000,1501463879000,1.31363,1.31363,1.3133,1.31336,34490000,1
1501463880000,1501463939000,1.31338,1.31347,1.31338,1.31347,26000000,1
1501463940000,1501463999000,1.31347,1.31352,1.31347,1.31352,18000000,1
1501464000000,1501464059000,1.31352,1.3136,1.31352,1.31356,28000000,1
1501464060000,1501464119000,1.31354,1.31361,1.31352,1.31359,26000000,1
1501464120000,1501464179000,1.31358,1.3136,1.31355,1.31359,14500000,1
1501464180000,1501464239000,1.31359,1.31361,1.31354,1.31355,41490000,1
1501464240000,1501464299000,1.31355,1.31355,1.31335,1.31339,68490000,1
1501464300000,1501464359000,1.31339,1.31339,1.31338,1.31338,55000000,1
1501464360000,1501464419000,1.31338,1.3134,1.31319,1.31326,61130000,1
1501464420000,1501464479000,1.31327,1.31329,1.31326,1.31328,35500000,1
1501464480000,1501464539000,1.31329,1.31339,1.31329,1.31339,53650000,1
1501464540000,1501464599000,1.31339,1.31344,1.31334,1.31338,56180000,1
1501464600000,1501464659000,1.31338,1.31338,1.31324,1.31328,79570000,1
1501464660000,1501464719000,1.31328,1.31328,1.31327,1.31328,38820000,1
1501464720000,1501464779000,1.31327,1.31328,1.31316,1.31318,46350000,1
1501464780000,1501464839000,1.31318,1.31332,1.31318,1.31328,73030000,1
1501464840000,1501464899000,1.31329,1.31346,1.31329,1.31346,37220000,1
1501464900000,1501464959000,1.31346,1.31347,1.31342,1.31346,58240000,1
1501464960000,1501465019000,1.31346,1.31348,1.31345,1.31347,81170000,1
1501465020000,1501465079000,1.31347,1.31348,1.31347,1.31347,63000000,1
1501465080000,1501465139000,1.31347,1.31347,1.31343,1.31343,50320000,1
1501465140000,1501465199000,1.31343,1.31345,1.31334,1.3134,66510000,1
1501465200000,1501465259000,1.31343,1.31343,1.31339,1.31339,68660000,1
1501465260000,1501465319000,1.31338,1.31339,1.31332,1.31332,45520000,1
1501465320000,1501465379000,1.31333,1.3134,1.31328,1.31339,103780000,1
1501465380000,1501465439000,1.31339,1.31339,1.31329,1.31329,60080000,1
1501465440000,1501465499000,1.31329,1.31338,1.31322,1.31333,79010000,1
1501465500000,1501465559000,1.3133,1.3134,1.3133,1.31339,121520000,1
1501465560000,1501465619000,1.31339,1.31348,1.31339,1.31345,186440000,1
1501465620000,1501465679000,1.31345,1.31357,1.31343,1.31357,133530000,1
1501465680000,1501465739000,1.31357,1.31358,1.31352,1.31355,52820000,1
1501465740000,1501465799000,1.31355,1.31358,1.31354,1.31357,45250000,1
1501465800000,1501465859000,1.31357,1.31358,1.31353,1.31356,53870000,1
1501465860000,1501465919000,1.31356,1.31356,1.31341,1.31348,58420000,1
1501465920000,1501465979000,1.31347,1.31348,1.31347,1.31347,21000000,1
1501465980000,1501466039000,1.31348,1.31348,1.31338,1.31338,55520000,1
1501466040000,1501466099000,1.31338,1.31338,1.3132,1.31322,46600000,1
1501466100000,1501466159000,1.31323,1.31323,1.31322,1.31322,18000000,1
1501466160000,1501466219000,1.31322,1.31323,1.31314,1.31319,34250000,1
1501466220000,1501466279000,1.31319,1.31328,1.31319,1.31322,43000000,1
1501466280000,1501466339000,1.31322,1.31333,1.31322,1.31332,31830000,1
1501466340000,1501466399000,1.31333,1.31338,1.31329,1.31334,65150000,1
1501466400000,1501466459000,1.31334,1.31341,1.31334,1.31341,29740000,1
1501466460000,1501466519000,1.3134,1.31344,1.31339,1.3134,50500000,1
1501466520000,1501466579000,1.3134,1.31341,1.31339,1.3134,62860000,1
1501466580000,1501466639000,1.31339,1.31344,1.31339,1.3134,87260000,1
1501466640000,1501466699000,1.31339,1.31348,1.31339,1.31347,48460000,1
1501466700000,1501466759000,1.31345,1.31349,1.31342,1.31348,44630000,1
1501466760000,1501466819000,1.31348,1.31359,1.31348,1.31352,61050000,1
1501466820000,1501466879000,1.31353,1.31355,1.3135,1.3135,24550000,1
1501466880000,1501466939000,1.31351,1.31356,1.31349,1.31351,90590000,1
1501466940000,1501466999000,1.3135,1.31351,1.31339,1.31341,107370000,1
1501467000000,1501467059000,1.31341,1.31342,1.31336,1.31338,69050000,1
1501467060000,1501467119000,1.3134,1.31341,1.31337,1.31338,95090000,1
1501467120000,1501467179000,1.31338,1.31338,1.3133,1.31332,77610000,1
1501467180000,1501467239000,1.31332,1.31332,1.3132,1.31322,30520000,1
1501467240000,1501467299000,1.31322,1.31324,1.31321,1.31324,22720000,1
1501467300000,1501467359000,1.31324,1.31324,1.3132,1.3132,50350000,1
1501467360000,1501467419000,1.3132,1.31323,1.3132,1.3132,89060000,1
1501467420000,1501467479000,1.3132,1.31336,1.3132,1.31326,105950000,1
1501467480000,1501467539000,1.31326,1.31331,1.31326,1.3133,66410000,1
1501467540000,1501467599000,1.31329,1.31332,1.31327,1.31329,49020000,1
1501467600000,1501467659000,1.31329,1.31353,1.31329,1.31352,40110000,1
1501467660000,1501467719000,1.31352,1.31354,1.31349,1.31354,47200000,1
1501467720000,1501467779000,1.31354,1.31354,1.31354,1.31354,23720000,1
1501467780000,1501467839000,1.31353,1.31354,1.31347,1.31347,122960000,1
1501467840000,1501467899000,1.31347,1.31347,1.31338,1.3134,126600000,1
1501467900000,1501467959000,1.3134,1.31342,1.31336,1.31339,48890000,1
1501467960000,1501468019000,1.31338,1.31342,1.31335,1.3134,30500000,1
1501468020000,1501468079000,1.3134,1.31341,1.31339,1.31339,18000000,1
1501468080000,1501468139000,1.31339,1.31339,1.3133,1.3133,27750000,1
1501468140000,1501468199000,1.31331,1.31334,1.31331,1.31334,9550000,1
1501468200000,1501468259000,1.31334,1.31339,1.31334,1.31337,29000000,1
1501468260000,1501468319000,1.31337,1.31337,1.31332,1.31332,23640000,1
1501468320000,1501468379000,1.31331,1.31331,1.31329,1.31329,18760000,1
1501468380000,1501468439000,1.3133,1.3133,1.31327,1.31328,60950000,1
1501468440000,1501468499000,1.31328,1.31328,1.3132,1.31323,51380000,1
1501468500000,1501468559000,1.31323,1.31323,1.31319,1.31321,41110000,1
1501468560000,1501468619000,1.31322,1.31323,1.3132,1.31322,17070000,1
1501468620000,1501468679000,1.31322,1.31323,1.31317,1.31318,48230000,1
1501468680000,1501468739000,1.31317,1.31323,1.31317,1.31322,38590000,1
1501468740000,1501468799000,1.31322,1.31322,1.31321,1.31321,14470000,1
1501468800000,1501468859000,1.31322,1.31325,1.31322,1.31325,17440000,1
1501468860000,1501468919000,1.31325,1.3133,1.31324,1.31328,41580000,1
1501468920000,1501468979000,1.31328,1.31329,1.31326,1.31329,28000000,1
1501468980000,1501469039000,1.31329,1.3133,1.31329,1.3133,5000000,1
1501469040000,1501469099000,1.31331,1.31331,1.31328,1.31329,25500000,1
1501469100000,1501469159000,1.31329,1.31332,1.31328,1.31332,23580000,1
1501469160000,1501469219000,1.31332,1.31332,1.31329,1.31329,31200000,1
1501469220000,1501469279000,1.31329,1.31332,1.31327,1.31332,58330000,1
1501469280000,1501469339000,1.31332,1.31332,1.31328,1.31328,39560000,1
1501469340000,1501469399000,1.31328,1.31328,1.31328,1.31328,30900000,1
1501469400000,1501469459000,1.31328,1.3133,1.31321,1.31322,53470000,1
1501469460000,1501469519000,1.31322,1.31324,1.3132,1.31322,48710000,1
1501469520000,1501469579000,1.31322,1.31324,1.31309,1.31324,58800000,1
1501469580000,1501469639000,1.31325,1.31325,1.3132,1.3132,51360000,1
1501469640000,1501469699000,1.31321,1.31321,1.3131,1.3131,32390000,1
1501469700000,1501469759000,1.31311,1.31314,1.31302,1.31314,43600000,1
1501469760000,1501469819000,1.31314,1.31314,1.31298,1.31298,37120000,1
1501469820000,1501469879000,1.31298,1.31298,1.31289,1.31293,30530000,1
1501469880000,1501469939000,1.31293,1.31293,1.31267,1.31271,97840000,1
1501469940000,1501469999000,1.31271,1.31291,1.31271,1.3129,56070000,1
1501470000000,1501470059000,1.3129,1.31291,1.31285,1.3129,84830000,1
1501470060000,1501470119000,1.3129,1.31293,1.31289,1.31291,78060000,1
1501470120000,1501470179000,1.31291,1.31299,1.3129,1.31296,90510000,1
1501470180000,1501470239000,1.31296,1.31299,1.31289,1.31292,160170000,1
1501470240000,1501470299000,1.31292,1.31293,1.31268,1.31268,135020000,1
1501470300000,1501470359000,1.31268,1.31274,1.31258,1.31264,68600000,1
1501470360000,1501470419000,1.31265,1.31265,1.31262,1.31262,12800000,1
1501470420000,1501470479000,1.31261,1.31265,1.3126,1.3126,20310000,1
1501470480000,1501470539000,1.3126,1.31263,1.3126,1.31263,27820000,1
1501470540000,1501470599000,1.31262,1.31262,1.3123,1.31238,117830000,1
1501470600000,1501470659000,1.31239,1.31254,1.31237,1.31254,83560000,1
1501470660000,1501470719000,1.31253,1.31254,1.31252,1.31254,77310000,1
1501470720000,1501470779000,1.31254,1.31256,1.31252,1.31252,63290000,1
1501470780000,1501470839000,1.31255,1.31257,1.31255,1.31255,73790000,1
1501470840000,1501470899000,1.31258,1.31262,1.31256,1.31258,77590000,1
1501470900000,1501470959000,1.31258,1.31267,1.31255,1.31266,141720000,1
1501470960000,1501471019000,1.31266,1.31268,1.31266,1.31266,57440000,1
1501471020000,1501471079000,1.31264,1.31265,1.31261,1.31265,71990000,1
1501471080000,1501471139000,1.31265,1.31266,1.3126,1.3126,47800000,1
1501471140000,1501471199000,1.3126,1.31264,1.31259,1.31261,52870000,1
1501471200000,1501471259000,1.31261,1.31264,1.3125,1.31255,70240000,1
1501471260000,1501471319000,1.31255,1.31255,1.31252,1.31252,16570000,1
1501471320000,1501471379000,1.31252,1.31253,1.31251,1.31251,33180000,1
1501471380000,1501471439000,1.31251,1.31253,1.31251,1.31252,63300000,1
1501471440000,1501471499000,1.31252,1.31253,1.31252,1.31252,26490000,1
1501471500000,1501471559000,1.31251,1.31253,1.31251,1.31252,18660000,1
1501471560000,1501471619000,1.31251,1.31252,1.31251,1.31251,46440000,1
1501471620000,1501471679000,1.31252,1.31255,1.31251,1.31255,41870000,1
1501471680000,1501471739000,1.31254,1.31257,1.31251,1.31252,70940000,1
1501471740000,1501471799000,1.31252,1.31254,1.31251,1.31251,95300000,1
1501471800000,1501471859000,1.31252,1.31255,1.31251,1.31252,86610000,1
1501471860000,1501471919000,1.31252,1.31258,1.31251,1.31258,87770000,1
1501471920000,1501471979000,1.31256,1.31257,1.31252,1.31253,68940000,1
1501471980000,1501472039000,1.31253,1.31258,1.31253,1.31254,94490000,1
1501472040000,1501472099000,1.31252,1.31259,1.31252,1.31256,149640000,1
1501472100000,1501472159000,1.31255,1.31255,1.31252,1.31254,126180000,1
1501472160000,1501472219000,1.31254,1.31255,1.31251,1.31251,143960000,1
1501472220000,1501472279000,1.31252,1.3126,1.3125,1.31254,54400000,1
1501472280000,1501472339000,1.31254,1.31254,1.31229,1.3123,60250000,1
1501472340000,1501472399000,1.3123,1.31237,1.31229,1.31235,67080000,1
1501472400000,1501472459000,1.31235,1.31239,1.31229,1.31239,90760000,1
1501472460000,1501472519000,1.31238,1.31241,1.31238,1.3124,76630000,1
1501472520000,1501472579000,1.3124,1.31241,1.31238,1.3124,54250000,1
1501472580000,1501472639000,1.3124,1.3124,1.31238,1.31239,72320000,1
1501472640000,1501472699000,1.31239,1.31243,1.31239,1.31241,33190000,1
1501472700000,1501472759000,1.31241,1.31245,1.3124,1.31241,46880000,1
1501472760000,1501472819000,1.31243,1.31243,1.31242,1.31242,24120000,1
1501472820000,1501472879000,1.31242,1.31243,1.31242,1.31242,19730000,1
1501472880000,1501472939000,1.31242,1.31243,1.31242,1.31243,19480000,1
1501472940000,1501472999000,1.31242,1.31243,1.31237,1.31237,22120000,1
1501473000000,1501473059000,1.31237,1.31238,1.31232,1.31235,24000000,1
1501473060000,1501473119000,1.31235,1.31235,1.31231,1.31233,85480000,1
1501473120000,1501473179000,1.31233,1.31233,1.3123,1.3123,68090000,1
1501473180000,1501473239000,1.3123,1.3123,1.31229,1.31229,8720000,1
1501473240000,1501473299000,1.31229,1.3123,1.31228,1.31229,50600000,1
1501473300000,1501473359000,1.31229,1.31232,1.31229,1.31232,27040000,1
1501473360000,1501473419000,1.31232,1.3124,1.31229,1.31231,82880000,1
1501473420000,1501473479000,1.31231,1.31233,1.31223,1.31228,38980000,1
1501473480000,1501473539000,1.31228,1.31228,1.31219,1.31219,23620000,1
1501473540000,1501473599000,1.31219,1.31222,1.31207,1.31222,72100000,1
1501473600000,1501473659000,1.31222,1.3123,1.3122,1.31222,18140000,1
1501473660000,1501473719000,1.31223,1.31223,1.31219,1.31221,21750000,1
1501473720000,1501473779000,1.31219,1.3122,1.31217,1.31217,24870000,1
1501473780000,1501473839000,1.31218,1.31218,1.31217,1.31217,35000000,1
1501473840000,1501473899000,1.31218,1.31218,1.31211,1.31213,31210000,1
1501473900000,1501473959000,1.31214,1.31217,1.31213,1.31213,18030000,1
1501473960000,1501474019000,1.31217,1.31224,1.31215,1.31224,16880000,1
1501474020000,1501474079000,1.31224,1.3123,1.31222,1.31223,91310000,1
1501474080000,1501474139000,1.31223,1.31223,1.31222,1.31223,44290000,1
1501474140000,1501474199000,1.31222,1.31227,1.31222,1.31225,92270000,1
1501474200000,1501474259000,1.31226,1.31229,1.31223,1.31227,70570000,1
1501474260000,1501474319000,1.31226,1.31229,1.31226,1.31228,20910000,1
1501474320000,1501474379000,1.31227,1.31229,1.31223,1.31228,54450000,1
1501474380000,1501474439000,1.31228,1.31229,1.31222,1.31223,57230000,1
1501474440000,1501474499000,1.31223,1.31227,1.31223,1.31226,71980000,1
1501474500000,1501474559000,1.31226,1.3123,1.31226,1.31228,130820000,1
1501474560000,1501474619000,1.31228,1.31233,1.31228,1.31233,85460000,1
1501474620000,1501474679000,1.31233,1.31233,1.31229,1.31229,57800000,1
1501474680000,1501474739000,1.31229,1.31231,1.31228,1.31228,72130000,1
1501474740000,1501474799000,1.31227,1.31233,1.31227,1.31233,46550000,1
1501474800000,1501474859000,1.31235,1.3124,1.31235,1.31238,23070000,1
1501474860000,1501474919000,1.31237,1.31239,1.31234,1.31235,55010000,1
1501474920000,1501474979000,1.31235,1.31236,1.31231,1.31236,35140000,1
1501474980000,1501475039000,1.31235,1.31244,1.31235,1.31241,19500000,1
1501475040000,1501475099000,1.31243,1.31243,1.31243,1.31243,9000000,1
1501475100000,1501475159000,1.31243,1.31243,1.31242,1.31242,7500000,1
1501475160000,1501475219000,1.31242,1.31242,1.31242,1.31242,9000000,1
1501475220000,1501475279000,1.31242,1.31242,1.31242,1.31242,7100000,1
1501475280000,1501475339000,1.31242,1.31242,1.31242,1.31242,6100000,1
1501475340000,1501475399000,1.31242,1.31243,1.3124,1.31242,14200000,1
1501475400000,1501475459000,1.31241,1.31242,1.3124,1.3124,16800000,1
1501475460000,1501475519000,1.31238,1.31238,1.31233,1.31233,25720000,1
1501475520000,1501475579000,1.31234,1.31236,1.31233,1.31234,12500000,1
1501475580000,1501475639000,1.31235,1.31237,1.31232,1.31234,14000000,1
1501475640000,1501475699000,1.31234,1.31236,1.31234,1.31236,16000000,1
1501475700000,1501475759000,1.31236,1.31236,1.31232,1.31232,34950000,1
1501475760000,1501475819000,1.31233,1.31236,1.31233,1.31236,9000000,1
1501475820000,1501475879000,1.31236,1.31236,1.3123,1.31234,20220000,1
1501475880000,1501475939000,1.31234,1.31235,1.31234,1.31235,24770000,1
1501475940000,1501475999000,1.31233,1.31243,1.31233,1.31239,40550000,1
1501476000000,1501476059000,1.31239,1.31277,1.31239,1.31265,49980000,1
1501476060000,1501476119000,1.3126,1.3126,1.31255,1.31255,27690000,1
1501476120000,1501476179000,1.31253,1.31254,1.31237,1.3124,28240000,1
1501476180000,1501476239000,1.31241,1.31254,1.3124,1.31254,16570000,1
1501476240000,1501476299000,1.31255,1.31255,1.31255,1.31255,5000000,1
1501476300000,1501476359000,1.31252,1.31256,1.31252,1.31256,134120000,1
1501476360000,1501476419000,1.31256,1.31256,1.31255,1.31256,27000000,1
1501476420000,1501476479000,1.31256,1.31256,1.31255,1.31255,23800000,1
1501476480000,1501476539000,1.31255,1.31255,1.31255,1.31255,16000000,1
1501476540000,1501476599000,1.31255,1.31256,1.31253,1.31253,15570000,1
1501476600000,1501476659000,1.31254,1.31275,1.31253,1.31266,37310000,1
1501476660000,1501476719000,1.31265,1.31265,1.3126,1.3126,7250000,1
1501476720000,1501476779000,1.31256,1.31257,1.31256,1.31257,5000000,1
1501476780000,1501476839000,1.31256,1.31257,1.31256,1.31256,18250000,1
1501476840000,1501476899000,1.31251,1.31258,1.31251,1.31257,22620000,1
1501476900000,1501476959000,1.31257,1.31258,1.31257,1.31257,18000000,1
1501476960000,1501477019000,1.31258,1.31258,1.31257,1.31258,17000000,1
1501477020000,1501477079000,1.31257,1.31258,1.31246,1.31255,52010000,1
1501477080000,1501477139000,1.31255,1.31258,1.31253,1.31253,28600000,1
1501477140000,1501477199000,1.31251,1.31258,1.31251,1.31255,32260000,1
1501477200000,1501477259000,1.31257,1.31268,1.3125,1.31267,58250000,1
1501477260000,1501477319000,1.31267,1.31277,1.31265,1.31276,38360000,1
1501477320000,1501477379000,1.31276,1.31278,1.31275,1.31275,13700000,1
1501477380000,1501477439000,1.31275,1.31277,1.31275,1.31277,44190000,1
1501477440000,1501477499000,1.31276,1.31287,1.31274,1.31285,104200000,1
1501477500000,1501477559000,1.31285,1.31287,1.31285,1.31286,49290000,1
1501477560000,1501477619000,1.31285,1.31287,1.3128,1.31287,34510000,1
1501477620000,1501477679000,1.31287,1.31293,1.31286,1.31287,91800000,1
1501477680000,1501477739000,1.31286,1.31294,1.31286,1.31291,85750000,1
1501477740000,1501477799000,1.31291,1.31293,1.31286,1.31287,27240000,1
1501477800000,1501477859000,1.31286,1.31287,1.31286,1.31286,61910000,1
1501477860000,1501477919000,1.31286,1.31286,1.31282,1.31282,22500000,1
1501477920000,1501477979000,1.31283,1.31283,1.31282,1.31282,27000000,1
1501477980000,1501478039000,1.31283,1.31283,1.31277,1.31281,46560000,1
1501478040000,1501478099000,1.31281,1.31283,1.31281,1.31283,39000000,1
1501478100000,1501478159000,1.31282,1.31283,1.31282,1.31282,26000000,1
1501478160000,1501478219000,1.31283,1.31283,1.31279,1.31283,70000000,1
1501478220000,1501478279000,1.31282,1.31283,1.31276,1.31276,40810000,1
1501478280000,1501478339000,1.31277,1.31277,1.31276,1.31277,28690000,1
1501478340000,1501478399000,1.31276,1.31277,1.31276,1.31276,19940000,1
1501478400000,1501478459000,1.31277,1.31283,1.31276,1.31282,39960000,1
1501478460000,1501478519000,1.31283,1.31283,1.31275,1.31275,35620000,1
1501478520000,1501478579000,1.31275,1.31277,1.31273,1.31277,22240000,1
1501478580000,1501478639000,1.31276,1.31285,1.31276,1.31285,48190000,1
1501478640000,1501478699000,1.31285,1.31285,1.31272,1.31278,82340000,1
1501478700000,1501478759000,1.31278,1.31279,1.3127,1.31271,47000000,1
1501478760000,1501478819000,1.31271,1.31275,1.31266,1.31271,88750000,1
1501478820000,1501478879000,1.31271,1.31272,1.31266,1.31271,55000000,1
1501478880000,1501478939000,1.31272,1.31272,1.31271,1.31271,20000000,1
1501478940000,1501478999000,1.31271,1.31271,1.31268,1.31271,17000000,1
1501479000000,1501479059000,1.31271,1.31271,1.31269,1.31271,29620000,1
1501479060000,1501479119000,1.31271,1.31273,1.31271,1.31271,38300000,1
1501479120000,1501479179000,1.31272,1.31272,1.31271,1.31272,70800000,1
1501479180000,1501479239000,1.31272,1.31272,1.3126,1.3126,38570000,1
1501479240000,1501479299000,1.3126,1.31264,1.3126,1.31262,41500000,1
1501479300000,1501479359000,1.31263,1.31263,1.31262,1.31262,34000000,1
1501479360000,1501479419000,1.31263,1.31263,1.31262,1.31263,28000000,1
1501479420000,1501479479000,1.31262,1.31263,1.31256,1.31257,16370000,1
1501479480000,1501479539000,1.31258,1.31266,1.31255,1.31257,37250000,1
1501479540000,1501479599000,1.31257,1.31257,1.3125,1.31252,24220000,1
1501479600000,1501479659000,1.3125,1.31251,1.31242,1.31251,49270000,1
1501479660000,1501479719000,1.31252,1.31252,1.31249,1.3125,18760000,1
1501479720000,1501479779000,1.3125,1.31254,1.31249,1.31252,35790000,1
1501479780000,1501479839000,1.3125,1.31254,1.31246,1.31251,84570000,1
1501479840000,1501479899000,1.31251,1.31255,1.31245,1.31247,70940000,1
1501479900000,1501479959000,1.31245,1.31252,1.31244,1.3125,64350000,1
1501479960000,1501480019000,1.3125,1.31251,1.31249,1.31249,20850000,1
1501480020000,1501480079000,1.31249,1.31251,1.3124,1.31249,74100000,1
1501480080000,1501480139000,1.31247,1.31252,1.31247,1.31251,44390000,1
1501480140000,1501480199000,1.31248,1.31253,1.31247,1.31252,29120000,1
1501480200000,1501480259000,1.31252,1.31253,1.31251,1.31251,30250000,1
1501480260000,1501480319000,1.31251,1.31252,1.31248,1.31252,23660000,1
1501480320000,1501480379000,1.3125,1.31254,1.31249,1.31254,51040000,1
1501480380000,1501480439000,1.31252,1.31253,1.31244,1.31251,52490000,1
1501480440000,1501480499000,1.31251,1.31273,1.31249,1.31266,90010000,1
1501480500000,1501480559000,1.31267,1.31277,1.31266,1.31277,70800000,1
1501480560000,1501480619000,1.31276,1.31308,1.31276,1.31303,148700000,1
1501480620000,1501480679000,1.31302,1.31302,1.31294,1.313,75720000,1
1501480680000,1501480739000,1.31299,1.31304,1.31295,1.31302,80050000,1
1501480740000,1501480799000,1.31302,1.31321,1.31301,1.31317,117380000,1
1501480800000,1501480859000,1.31314,1.31326,1.31309,1.31313,116910000,1
1501480860000,1501480919000,1.31313,1.31327,1.31311,1.31311,73210000,1
1501480920000,1501480979000,1.31311,1.31311,1.31296,1.31303,69790000,1
1501480980000,1501481039000,1.31305,1.31313,1.31288,1.313,101390000,1
1501481040000,1501481099000,1.31299,1.31299,1.31275,1.31284,90190000,1
1501481100000,1501481159000,1.31284,1.31294,1.31282,1.3129,126820000,1
1501481160000,1501481219000,1.31291,1.31317,1.31281,1.31317,130240000,1
1501481220000,1501481279000,1.31317,1.31323,1.31306,1.31322,117660000,1
1501481280000,1501481339000,1.31323,1.31339,1.31311,1.31339,168820000,1
1501481340000,1501481399000,1.3134,1.3134,1.31321,1.31328,103510000,1
1501481400000,1501481459000,1.31331,1.31334,1.31308,1.31316,183590000,1
1501481460000,1501481519000,1.31316,1.31316,1.31305,1.31305,123540000,1
1501481520000,1501481579000,1.31305,1.31308,1.31282,1.31283,100110000,1
1501481580000,1501481639000,1.31282,1.31283,1.3127,1.31283,140890000,1
1501481640000,1501481699000,1.31283,1.3129,1.31251,1.31257,132050000,1
1501481700000,1501481759000,1.31258,1.31271,1.31254,1.31267,135990000,1
1501481760000,1501481819000,1.31267,1.31272,1.31264,1.31267,113780000,1
1501481820000,1501481879000,1.31267,1.31268,1.31257,1.3126,96270000,1
1501481880000,1501481939000,1.31258,1.31262,1.31237,1.31238,118460000,1
1501481940000,1501481999000,1.3124,1.31251,1.31233,1.31251,67960000,1
1501482000000,1501482059000,1.3125,1.3127,1.31248,1.31267,90720000,1
1501482060000,1501482119000,1.31267,1.31268,1.31255,1.3126,103960000,1
1501482120000,1501482179000,1.3126,1.31272,1.31258,1.31272,75900000,1
1501482180000,1501482239000,1.31271,1.31279,1.31262,1.31262,146840000,1
1501482240000,1501482299000,1.31262,1.31269,1.3126,1.31266,86940000,1
1501482300000,1501482359000,1.31264,1.31271,1.31255,1.31256,105080000,1
1501482360000,1501482419000,1.31255,1.31259,1.31239,1.3124,78200000,1
1501482420000,1501482479000,1.3124,1.3125,1.31239,1.31249,85010000,1
1501482480000,1501482539000,1.31247,1.31249,1.31234,1.31234,83460000,1
1501482540000,1501482599000,1.31234,1.31252,1.31231,1.31252,115820000,1
1501482600000,1501482659000,1.31251,1.31273,1.3125,1.31266,147100000,1
1501482660000,1501482719000,1.31266,1.31277,1.3125,1.31256,141920000,1
1501482720000,1501482779000,1.31253,1.31253,1.31209,1.31211,128800000,1
1501482780000,1501482839000,1.31211,1.31211,1.31185,1.31202,174270000,1
1501482840000,1501482899000,1.31202,1.31205,1.31168,1.31177,161270000,1
1501482900000,1501482959000,1.31177,1.31177,1.31155,1.3117,233130000,1
1501482960000,1501483019000,1.31171,1.3118,1.31153,1.31157,141760000,1
1501483020000,1501483079000,1.31157,1.31157,1.31143,1.31145,139410000,1
1501483080000,1501483139000,1.31144,1.31156,1.3113,1.31142,127090000,1
1501483140000,1501483199000,1.31142,1.31159,1.31139,1.31155,110590000,1
1501483200000,1501483259000,1.3116,1.31183,1.31156,1.31171,102280000,1
1501483260000,1501483319000,1.31171,1.31184,1.31171,1.31184,29070000,1
1501483320000,1501483379000,1.31184,1.31184,1.31151,1.31155,117510000,1
1501483380000,1501483439000,1.31158,1.31164,1.31138,1.31145,138090000,1
1501483440000,1501483499000,1.31142,1.31162,1.31132,1.31162,94660000,1
1501483500000,1501483559000,1.31164,1.31171,1.31145,1.31152,94560000,1
1501483560000,1501483619000,1.31152,1.31193,1.31142,1.31192,87500000,1
1501483620000,1501483679000,1.31191,1.31193,1.31162,1.31169,87350000,1
1501483680000,1501483739000,1.31169,1.31188,1.31169,1.31181,157280000,1
1501483740000,1501483799000,1.31181,1.31184,1.31149,1.31171,124390000,1
1501483800000,1501483859000,1.31173,1.31185,1.31148,1.31152,95710000,1
1501483860000,1501483919000,1.3115,1.31153,1.31143,1.31145,74130000,1
1501483920000,1501483979000,1.31145,1.31145,1.31117,1.31126,135890000,1
1501483980000,1501484039000,1.3113,1.31141,1.31123,1.3114,59960000,1
1501484040000,1501484099000,1.31137,1.31137,1.3112,1.31129,74760000,1
1501484100000,1501484159000,1.31128,1.31143,1.31119,1.31125,114630000,1
1501484160000,1501484219000,1.31126,1.31134,1.31108,1.31124,124350000,1
1501484220000,1501484279000,1.31124,1.31127,1.31104,1.3111,101770000,1
1501484280000,1501484339000,1.31108,1.31112,1.31089,1.31092,176520000,1
1501484340000,1501484399000,1.3109,1.311,1.31069,1.31092,199200000,1
1501484400000,1501484459000,1.3109,1.31102,1.31061,1.31082,215520000,1
1501484460000,1501484519000,1.31081,1.31093,1.3106,1.31092,165120000,1
1501484520000,1501484579000,1.31092,1.31092,1.31062,1.3107,191290000,1
1501484580000,1501484639000,1.31073,1.31098,1.31072,1.31098,118730000,1
1501484640000,1501484699000,1.31098,1.31131,1.31098,1.31128,214490000,1
1501484700000,1501484759000,1.31126,1.31133,1.31117,1.31128,185990000,1
1501484760000,1501484819000,1.31128,1.31132,1.31111,1.31124,172550000,1
1501484820000,1501484879000,1.31123,1.31124,1.311,1.31103,222120000,1
1501484880000,1501484939000,1.31103,1.31111,1.31081,1.3111,291600000,1
1501484940000,1501484999000,1.3111,1.31118,1.311,1.31112,198900000,1
1501485000000,1501485059000,1.31111,1.31114,1.31086,1.31086,157780000,1
1501485060000,1501485119000,1.31085,1.31113,1.31071,1.31113,171410000,1
1501485120000,1501485179000,1.31112,1.31114,1.31095,1.31103,221870000,1
1501485180000,1501485239000,1.31103,1.31106,1.31092,1.31094,198370000,1
1501485240000,1501485299000,1.31095,1.31112,1.31095,1.31111,182330000,1
1501485300000,1501485359000,1.31112,1.31115,1.311,1.31103,153860000,1
1501485360000,1501485419000,1.31101,1.31103,1.31067,1.3108,193330000,1
1501485420000,1501485479000,1.31082,1.31106,1.31081,1.31103,154870000,1
1501485480000,1501485539000,1.31104,1.31131,1.31104,1.3111,152340000,1
1501485540000,1501485599000,1.3111,1.31115,1.311,1.31104,165550000,1
1501485600000,1501485659000,1.31104,1.31105,1.31096,1.31098,154320000,1
1501485660000,1501485719000,1.311,1.31112,1.31077,1.31102,120860000,1
1501485720000,1501485779000,1.31102,1.31122,1.31101,1.31109,116610000,1
1501485780000,1501485839000,1.3111,1.31114,1.31102,1.31106,109870000,1
1501485840000,1501485899000,1.31106,1.31126,1.31106,1.31112,72350000,1
1501485900000,1501485959000,1.31112,1.3112,1.31105,1.31115,68900000,1
1501485960000,1501486019000,1.31114,1.31118,1.31109,1.31111,105520000,1
1501486020000,1501486079000,1.31111,1.31111,1.31086,1.31089,107430000,1
1501486080000,1501486139000,1.3109,1.31097,1.31087,1.31097,55570000,1
1501486140000,1501486199000,1.31098,1.31098,1.31089,1.31091,80210000,1
1501486200000,1501486259000,1.31091,1.31133,1.31091,1.31133,125770000,1
1501486260000,1501486319000,1.31133,1.31164,1.31133,1.31163,95800000,1
1501486320000,1501486379000,1.31163,1.31181,1.31152,1.31181,76670000,1
1501486380000,1501486439000,1.31182,1.31183,1.31163,1.31163,79600000,1
1501486440000,1501486499000,1.31163,1.31174,1.31161,1.31173,84740000,1
1501486500000,1501486559000,1.31173,1.31173,1.31162,1.31165,228400000,1
1501486560000,1501486619000,1.31164,1.3117,1.3115,1.3116,233520000,1
1501486620000,1501486679000,1.3116,1.31168,1.31151,1.31157,171590000,1
1501486680000,1501486739000,1.31158,1.31178,1.31152,1.31178,65740000,1
1501486740000,1501486799000,1.31182,1.31199,1.31166,1.31195,131360000,1
1501486800000,1501486859000,1.31193,1.31203,1.31177,1.31186,87880000,1
1501486860000,1501486919000,1.31185,1.31189,1.31181,1.31181,83940000,1
1501486920000,1501486979000,1.31182,1.31184,1.31167,1.31167,105410000,1
1501486980000,1501487039000,1.31167,1.31168,1.31144,1.31153,104880000,1
1501487040000,1501487099000,1.31153,1.31154,1.31141,1.31143,98430000,1
1501487100000,1501487159000,1.31143,1.31173,1.31143,1.31159,120250000,1
1501487160000,1501487219000,1.31159,1.31163,1.31149,1.31152,120440000,1
1501487220000,1501487279000,1.31152,1.31173,1.3115,1.31172,154350000,1
1501487280000,1501487339000,1.3117,1.31184,1.3117,1.31178,134510000,1
1501487340000,1501487399000,1.31178,1.3121,1.31177,1.31195,142420000,1
1501487400000,1501487459000,1.31195,1.31208,1.31192,1.31198,87140000,1
1501487460000,1501487519000,1.31198,1.31198,1.31182,1.31183,54120000,1
1501487520000,1501487579000,1.3118,1.31184,1.31161,1.31161,62620000,1
1501487580000,1501487639000,1.31161,1.31176,1.3116,1.31176,55920000,1
1501487640000,1501487699000,1.31176,1.31178,1.31164,1.31166,54890000,1
1501487700000,1501487759000,1.31164,1.31164,1.31151,1.31151,149510000,1
1501487760000,1501487819000,1.31151,1.31153,1.31146,1.31147,118700000,1
1501487820000,1501487879000,1.31147,1.31152,1.31108,1.31116,151150000,1
1501487880000,1501487939000,1.31116,1.31154,1.31116,1.31149,72500000,1
1501487940000,1501487999000,1.3115,1.31176,1.3115,1.31176,94600000,1
1501488000000,1501488059000,1.31176,1.31207,1.31176,1.31198,160370000,1
1501488060000,1501488119000,1.31198,1.31217,1.31194,1.31214,119820000,1
1501488120000,1501488179000,1.31215,1.31226,1.31214,1.31217,161810000,1
1501488180000,1501488239000,1.31217,1.31264,1.31217,1.31256,178100000,1
1501488240000,1501488299000,1.31256,1.31256,1.31233,1.31235,106060000,1
1501488300000,1501488359000,1.31233,1.31253,1.31227,1.31232,117960000,1
1501488360000,1501488419000,1.31233,1.31241,1.31216,1.31223,131630000,1
1501488420000,1501488479000,1.31222,1.31228,1.31206,1.31211,82950000,1
1501488480000,1501488539000,1.31211,1.31214,1.31202,1.31204,53460000,1
1501488540000,1501488599000,1.31205,1.31214,1.31193,1.31193,116570000,1
1501488600000,1501488659000,1.31193,1.31193,1.31156,1.31162,132720000,1
1501488660000,1501488719000,1.31162,1.31217,1.31162,1.31207,217640000,1
1501488720000,1501488779000,1.31204,1.31231,1.31193,1.31223,223470000,1
1501488780000,1501488839000,1.31222,1.31234,1.31218,1.31232,181660000,1
1501488840000,1501488899000,1.31232,1.31233,1.31185,1.31188,148300000,1
1501488900000,1501488959000,1.3119,1.31221,1.31187,1.31218,73140000,1
1501488960000,1501489019000,1.31217,1.31259,1.31217,1.31256,75430000,1
1501489020000,1501489079000,1.31256,1.31258,1.31236,1.31245,88870000,1
1501489080000,1501489139000,1.31244,1.31248,1.31237,1.31238,53990000,1
1501489140000,1501489199000,1.31238,1.31243,1.31225,1.31225,59440000,1
1501489200000,1501489259000,1.31225,1.31228,1.3121,1.31215,74210000,1
1501489260000,1501489319000,1.31214,1.31216,1.31214,1.31215,68000000,1
1501489320000,1501489379000,1.31214,1.31224,1.31213,1.31224,52980000,1
1501489380000,1501489439000,1.31223,1.31225,1.31217,1.31219,40310000,1
1501489440000,1501489499000,1.31219,1.31223,1.31192,1.31202,63160000,1
1501489500000,1501489559000,1.31202,1.31204,1.31172,1.31185,84060000,1
1501489560000,1501489619000,1.31185,1.31194,1.31182,1.31194,53210000,1
1501489620000,1501489679000,1.31193,1.31193,1.31182,1.31187,57290000,1
1501489680000,1501489739000,1.31187,1.31187,1.31178,1.31182,63180000,1
1501489740000,1501489799000,1.31183,1.31183,1.31156,1.31163,135450000,1
1501489800000,1501489859000,1.31162,1.31162,1.31134,1.31148,112920000,1
1501489860000,1501489919000,1.31148,1.31148,1.31132,1.31132,124160000,1
1501489920000,1501489979000,1.31132,1.31152,1.31104,1.3113,188780000,1
1501489980000,1501490039000,1.31131,1.31136,1.31117,1.3112,162880000,1
1501490040000,1501490099000,1.31119,1.31134,1.31111,1.31112,126750000,1
1501490100000,1501490159000,1.31112,1.31113,1.31081,1.31092,138430000,1
1501490160000,1501490219000,1.3109,1.31112,1.3109,1.31098,116090000,1
1501490220000,1501490279000,1.31098,1.31115,1.31098,1.31114,53400000,1
1501490280000,1501490339000,1.31114,1.31124,1.31104,1.3112,100870000,1
1501490340000,1501490399000,1.3112,1.3112,1.311,1.311,91070000,1
1501490400000,1501490459000,1.311,1.31103,1.31098,1.31103,84880000,1
1501490460000,1501490519000,1.31102,1.31121,1.31097,1.31104,78190000,1
1501490520000,1501490579000,1.31104,1.31104,1.31086,1.31091,93490000,1
1501490580000,1501490639000,1.31092,1.31105,1.31085,1.31105,66620000,1
1501490640000,1501490699000,1.31105,1.31105,1.31087,1.31089,128560000,1
1501490700000,1501490759000,1.31088,1.31088,1.31057,1.31062,128830000,1
1501490760000,1501490819000,1.31061,1.31073,1.31057,1.31073,94460000,1
1501490820000,1501490879000,1.31074,1.31074,1.31045,1.31048,164420000,1
1501490880000,1501490939000,1.31048,1.31058,1.31046,1.31055,108820000,1
1501490940000,1501490999000,1.31055,1.31063,1.31051,1.3106,83400000,1
1501491000000,1501491059000,1.31058,1.31067,1.31053,1.31053,62980000,1
1501491060000,1501491119000,1.31054,1.31057,1.31024,1.31024,118290000,1
1501491120000,1501491179000,1.31024,1.31043,1.31024,1.31034,140340000,1
1501491180000,1501491239000,1.31035,1.31044,1.31013,1.31041,103340000,1
1501491240000,1501491299000,1.31041,1.31057,1.31041,1.31057,87800000,1
1501491300000,1501491359000,1.31053,1.31069,1.31053,1.31067,86290000,1
1501491360000,1501491419000,1.31068,1.31097,1.31067,1.31097,83560000,1
1501491420000,1501491479000,1.31097,1.31101,1.31057,1.31057,126720000,1
1501491480000,1501491539000,1.31057,1.31059,1.31037,1.31054,202430000,1
1501491540000,1501491599000,1.31052,1.31052,1.31023,1.31026,161820000,1
1501491600000,1501491659000,1.31024,1.31061,1.31018,1.31061,175570000,1
1501491660000,1501491719000,1.31062,1.31064,1.31043,1.31054,165240000,1
1501491720000,1501491779000,1.31054,1.31064,1.31013,1.31061,204420000,1
1501491780000,1501491839000,1.31062,1.31082,1.31053,1.31082,170320000,1
1501491840000,1501491899000,1.31082,1.31106,1.3108,1.31083,167020000,1
1501491900000,1501491959000,1.31083,1.31122,1.31074,1.31114,185350000,1
1501491960000,1501492019000,1.31115,1.31115,1.31091,1.31094,162350000,1
1501492020000,1501492079000,1.31094,1.31108,1.31084,1.31107,132150000,1
1501492080000,1501492139000,1.31108,1.31125,1.31102,1.31103,142230000,1
1501492140000,1501492199000,1.31102,1.31122,1.31084,1.31122,111040000,1
1501492200000,1501492259000,1.31117,1.31118,1.31094,1.31116,88800000,1
1501492260000,1501492319000,1.31115,1.31115,1.31086,1.31093,117040000,1
1501492320000,1501492379000,1.31093,1.31108,1.31087,1.31107,117720000,1
1501492380000,1501492439000,1.31108,1.31113,1.31103,1.31112,94280000,1
1501492440000,1501492499000,1.31112,1.31116,1.31111,1.31113,61940000,1
1501492500000,1501492559000,1.31114,1.31123,1.31101,1.31101,85900000,1
1501492560000,1501492619000,1.31101,1.3111,1.31092,1.31107,101180000,1
1501492620000,1501492679000,1.31107,1.3111,1.31098,1.31108,102250000,1
1501492680000,1501492739000,1.31108,1.31113,1.31107,1.3111,86050000,1
1501492740000,1501492799000,1.3111,1.31118,1.31104,1.31113,50160000,1
1501492800000,1501492859000,1.31112,1.31118,1.31106,1.31109,87010000,1
1501492860000,1501492919000,1.31109,1.31133,1.31107,1.31132,68840000,1
1501492920000,1501492979000,1.31129,1.31137,1.31118,1.31136,74200000,1
1501492980000,1501493039000,1.31137,1.31153,1.31136,1.31153,46380000,1
1501493040000,1501493099000,1.31151,1.31155,1.31143,1.31147,99580000,1
1501493100000,1501493159000,1.31147,1.31149,1.31139,1.31144,74430000,1
1501493160000,1501493219000,1.31144,1.3115,1.31142,1.31147,71440000,1
1501493220000,1501493279000,1.31151,1.31152,1.31137,1.31142,72630000,1
1501493280000,1501493339000,1.31143,1.3115,1.31127,1.31127,102440000,1
1501493340000,1501493399000,1.31128,1.3113,1.31112,1.31117,109780000,1
1501493400000,1501493459000,1.31119,1.31123,1.31109,1.31114,136030000,1
1501493460000,1501493519000,1.31114,1.31126,1.31112,1.31125,61370000,1
1501493520000,1501493579000,1.31127,1.31151,1.31114,1.31147,107690000,1
1501493580000,1501493639000,1.31146,1.31156,1.31144,1.31154,55250000,1
1501493640000,1501493699000,1.31153,1.31167,1.31137,1.31139,116820000,1
1501493700000,1501493759000,1.31139,1.31139,1.31126,1.31126,71670000,1
1501493760000,1501493819000,1.31123,1.31128,1.31113,1.31121,85110000,1
1501493820000,1501493879000,1.31118,1.31118,1.31061,1.31062,121770000,1
1501493880000,1501493939000,1.31062,1.31071,1.31015,1.31024,194730000,1
1501493940000,1501493999000,1.31023,1.31023,1.30982,1.30986,186570000,1
1501494000000,1501494059000,1.30986,1.31013,1.3097,1.31013,211090000,1
1501494060000,1501494119000,1.31012,1.31034,1.30997,1.31033,124810000,1
1501494120000,1501494179000,1.31033,1.31039,1.31012,1.31029,110130000,1
1501494180000,1501494239000,1.31031,1.31043,1.31031,1.31042,81670000,1
1501494240000,1501494299000,1.31042,1.31087,1.31038,1.31051,266420000,1
1501494300000,1501494359000,1.31051,1.31064,1.31043,1.31049,143080000,1
1501494360000,1501494419000,1.3105,1.31057,1.3105,1.31057,31090000,1
1501494420000,1501494479000,1.31055,1.31073,1.31053,1.3107,83430000,1
1501494480000,1501494539000,1.31071,1.31073,1.31065,1.31067,63430000,1
1501494540000,1501494599000,1.31067,1.31093,1.31067,1.31087,64450000,1
1501494600000,1501494659000,1.31087,1.31088,1.31072,1.31084,72720000,1
1501494660000,1501494719000,1.31084,1.31088,1.31074,1.31082,56460000,1
1501494720000,1501494779000,1.31084,1.31113,1.31082,1.31104,79140000,1
1501494780000,1501494839000,1.31104,1.31124,1.31087,1.31124,76730000,1
1501494840000,1501494899000,1.31127,1.31164,1.31127,1.31157,291180000,1
1501494900000,1501494959000,1.31158,1.31164,1.31127,1.31147,186830000,1
1501494960000,1501495019000,1.31147,1.31163,1.31147,1.31162,114770000,1
1501495020000,1501495079000,1.31162,1.31178,1.31134,1.31142,83010000,1
1501495080000,1501495139000,1.31143,1.31153,1.31137,1.31142,113540000,1
1501495140000,1501495199000,1.31145,1.31163,1.31134,1.31158,55460000,1
1501495200000,1501495259000,1.31158,1.31159,1.31112,1.31118,99150000,1
1501495260000,1501495319000,1.31119,1.31125,1.31117,1.31123,132700000,1
1501495320000,1501495379000,1.31127,1.31154,1.31123,1.3114,133850000,1
1501495380000,1501495439000,1.31138,1.31143,1.31108,1.31119,266850000,1
1501495440000,1501495499000,1.3112,1.31127,1.31079,1.31104,172060000,1
1501495500000,1501495559000,1.31104,1.31124,1.31104,1.31118,209880000,1
1501495560000,1501495619000,1.31118,1.31148,1.31118,1.31144,54450000,1
1501495620000,1501495679000,1.31144,1.31153,1.31136,1.31153,53150000,1
1501495680000,1501495739000,1.31153,1.31153,1.31132,1.31133,83760000,1
1501495740000,1501495799000,1.31133,1.3115,1.31104,1.31104,129910000,1
1501495800000,1501495859000,1.31106,1.31123,1.31101,1.31101,84830000,1
1501495860000,1501495919000,1.31101,1.31101,1.3108,1.31083,60360000,1
1501495920000,1501495979000,1.3108,1.31088,1.31076,1.31084,40190000,1
1501495980000,1501496039000,1.3109,1.31127,1.31085,1.31108,113340000,1
1501496040000,1501496099000,1.31112,1.31152,1.31112,1.31151,111580000,1
1501496100000,1501496159000,1.31149,1.31156,1.31143,1.31148,48310000,1
1501496160000,1501496219000,1.31146,1.31147,1.31135,1.31146,68110000,1
1501496220000,1501496279000,1.31146,1.31153,1.31139,1.31142,69110000,1
1501496280000,1501496339000,1.31143,1.31155,1.31143,1.31154,49600000,1
1501496340000,1501496399000,1.31154,1.31156,1.31139,1.31144,58730000,1
1501496400000,1501496459000,1.31144,1.31147,1.3113,1.31147,71990000,1
1501496460000,1501496519000,1.31145,1.31164,1.31144,1.3116,81740000,1
1501496520000,1501496579000,1.3116,1.31165,1.31153,1.31164,83880000,1
1501496580000,1501496639000,1.31164,1.31175,1.31164,1.31165,60780000,1
1501496640000,1501496699000,1.31166,1.31166,1.31159,1.31164,57620000,1
1501496700000,1501496759000,1.31164,1.31178,1.31164,1.31173,57650000,1
1501496760000,1501496819000,1.31172,1.31177,1.3116,1.31169,98340000,1
1501496820000,1501496879000,1.31169,1.31169,1.31161,1.31166,52960000,1
1501496880000,1501496939000,1.31167,1.31198,1.31152,1.31152,135620000,1
1501496940000,1501496999000,1.31152,1.31165,1.31144,1.3116,155930000,1
1501497000000,1501497059000,1.3116,1.31161,1.31141,1.31143,105290000,1
1501497060000,1501497119000,1.31146,1.31164,1.31146,1.31158,41300000,1
1501497120000,1501497179000,1.31157,1.31158,1.31135,1.31135,77730000,1
1501497180000,1501497239000,1.31134,1.31143,1.31125,1.31137,62280000,1
1501497240000,1501497299000,1.31138,1.31143,1.31133,1.31142,58500000,1
1501497300000,1501497359000,1.31142,1.31163,1.31142,1.31163,77920000,1
1501497360000,1501497419000,1.31162,1.31163,1.31155,1.31163,66040000,1
1501497420000,1501497479000,1.31162,1.31163,1.31125,1.31131,85320000,1
1501497480000,1501497539000,1.31131,1.31133,1.31124,1.31124,74370000,1
1501497540000,1501497599000,1.31123,1.31135,1.31114,1.31135,88500000,1
1501497600000,1501497659000,1.31135,1.31145,1.31135,1.3114,36860000,1
1501497660000,1501497719000,1.31138,1.31155,1.31128,1.31155,69560000,1
1501497720000,1501497779000,1.3115,1.3115,1.31132,1.31145,62920000,1
1501497780000,1501497839000,1.31143,1.31148,1.31135,1.31137,47440000,1
1501497840000,1501497899000,1.31137,1.31145,1.3112,1.31145,56870000,1
1501497900000,1501497959000,1.31145,1.31156,1.3114,1.31156,72750000,1
1501497960000,1501498019000,1.31155,1.31159,1.31139,1.31159,98100000,1
1501498020000,1501498079000,1.31159,1.31189,1.31159,1.31189,61800000,1
1501498080000,1501498139000,1.31189,1.31202,1.31189,1.31196,68220000,1
1501498140000,1501498199000,1.31197,1.31197,1.31182,1.31186,46320000,1
1501498200000,1501498259000,1.31184,1.31227,1.31184,1.31224,150860000,1
1501498260000,1501498319000,1.31223,1.31233,1.31217,1.3123,94330000,1
1501498320000,1501498379000,1.31228,1.31258,1.31226,1.31257,119390000,1
1501498380000,1501498439000,1.31257,1.31258,1.31224,1.31235,215620000,1
1501498440000,1501498499000,1.31235,1.31263,1.31233,1.31246,129590000,1
1501498500000,1501498559000,1.31247,1.31248,1.31243,1.31247,41970000,1
1501498560000,1501498619000,1.3125,1.31268,1.31249,1.31263,159720000,1
1501498620000,1501498679000,1.31259,1.31278,1.31248,1.31257,134830000,1
1501498680000,1501498739000,1.31258,1.31265,1.31246,1.31246,131610000,1
1501498740000,1501498799000,1.31243,1.3125,1.3122,1.31242,223030000,1
1501498800000,1501498859000,1.31242,1.31264,1.31211,1.3122,266640000,1
1501498860000,1501498919000,1.3122,1.31229,1.31218,1.31221,106590000,1
1501498920000,1501498979000,1.31221,1.31222,1.31207,1.31213,98710000,1
1501498980000,1501499039000,1.31211,1.31212,1.31191,1.31191,83030000,1
1501499040000,1501499099000,1.31189,1.31202,1.3118,1.31199,84740000,1
1501499100000,1501499159000,1.31199,1.31214,1.31199,1.31214,95920000,1
1501499160000,1501499219000,1.31214,1.31224,1.312,1.31202,52030000,1
1501499220000,1501499279000,1.31203,1.31215,1.31194,1.31215,159910000,1
1501499280000,1501499339000,1.3121,1.31213,1.31185,1.31194,63730000,1
1501499340000,1501499399000,1.31194,1.31194,1.31173,1.31178,66250000,1
1501499400000,1501499459000,1.31178,1.31178,1.31152,1.31165,184710000,1
1501499460000,1501499519000,1.31165,1.31184,1.31161,1.31178,73960000,1
1501499520000,1501499579000,1.31177,1.31195,1.31177,1.31195,77470000,1
1501499580000,1501499639000,1.31198,1.31199,1.31185,1.31188,113940000,1
1501499640000,1501499699000,1.31189,1.31203,1.31187,1.31188,137250000,1
1501499700000,1501499759000,1.31187,1.31188,1.31177,1.31178,86980000,1
1501499760000,1501499819000,1.31178,1.31178,1.3117,1.31173,67110000,1
1501499820000,1501499879000,1.31174,1.31187,1.31174,1.31187,38590000,1
1501499880000,1501499939000,1.31186,1.31194,1.31186,1.31194,29360000,1
1501499940000,1501499999000,1.31198,1.31233,1.31198,1.31217,115690000,1
1501500000000,1501500059000,1.31217,1.31232,1.31217,1.31228,72130000,1
1501500060000,1501500119000,1.31228,1.31228,1.31192,1.31204,91640000,1
1501500120000,1501500179000,1.31207,1.31269,1.31207,1.31252,196400000,1
1501500180000,1501500239000,1.31252,1.31306,1.31247,1.31305,190120000,1
1501500240000,1501500299000,1.31305,1.31321,1.31277,1.31284,343610000,1
1501500300000,1501500359000,1.31284,1.31307,1.31269,1.31302,182040000,1
1501500360000,1501500419000,1.31305,1.31313,1.31274,1.31281,115930000,1
1501500420000,1501500479000,1.3128,1.31283,1.31267,1.31268,96920000,1
1501500480000,1501500539000,1.31268,1.31274,1.31261,1.31268,69080000,1
1501500540000,1501500599000,1.31268,1.31268,1.31253,1.31263,123440000,1
1501500600000,1501500659000,1.31262,1.3128,1.31257,1.31269,143230000,1
1501500660000,1501500719000,1.31269,1.313,1.31269,1.31283,109100000,1
1501500720000,1501500779000,1.31282,1.31289,1.31272,1.31272,84250000,1
1501500780000,1501500839000,1.31272,1.31288,1.31261,1.31285,105590000,1
1501500840000,1501500899000,1.31286,1.31305,1.31284,1.31305,105570000,1
1501500900000,1501500959000,1.31304,1.31305,1.31272,1.31279,116760000,1
1501500960000,1501501019000,1.31279,1.3129,1.31275,1.31285,109760000,1
1501501020000,1501501079000,1.31287,1.313,1.31287,1.31294,121750000,1
1501501080000,1501501139000,1.31295,1.31295,1.31255,1.31255,190920000,1
1501501140000,1501501199000,1.31255,1.31257,1.31233,1.31239,135240000,1
1501501200000,1501501259000,1.3124,1.31245,1.31231,1.31241,133340000,1
1501501260000,1501501319000,1.3124,1.31249,1.31231,1.31231,90110000,1
1501501320000,1501501379000,1.31233,1.31241,1.31231,1.31233,104430000,1
1501501380000,1501501439000,1.31233,1.31251,1.31233,1.31243,96930000,1
1501501440000,1501501499000,1.31241,1.31253,1.31241,1.31253,75590000,1
1501501500000,1501501559000,1.31253,1.31253,1.31235,1.31235,112820000,1
1501501560000,1501501619000,1.31235,1.31242,1.31235,1.31242,37690000,1
1501501620000,1501501679000,1.31242,1.31243,1.31242,1.31242,13170000,1
1501501680000,1501501739000,1.31242,1.31242,1.31232,1.31232,72060000,1
1501501740000,1501501799000,1.31233,1.31235,1.31229,1.31232,69840000,1
1501501800000,1501501859000,1.31232,1.31233,1.31227,1.31231,53340000,1
1501501860000,1501501919000,1.31228,1.31228,1.31215,1.31218,90370000,1
1501501920000,1501501979000,1.31218,1.3122,1.31214,1.31218,78690000,1
1501501980000,1501502039000,1.31218,1.31224,1.31201,1.31213,78570000,1
1501502040000,1501502099000,1.31213,1.31215,1.31209,1.31215,31190000,1
1501502100000,1501502159000,1.31213,1.31213,1.31202,1.31209,82510000,1
1501502160000,1501502219000,1.31208,1.31215,1.31198,1.3121,57980000,1
1501502220000,1501502279000,1.31209,1.3121,1.31191,1.31195,112990000,1
1501502280000,1501502339000,1.31196,1.31196,1.31183,1.31183,73380000,1
1501502340000,1501502399000,1.31182,1.31193,1.31181,1.31181,65990000,1
1501502400000,1501502459000,1.3118,1.31205,1.31179,1.31181,142280000,1
1501502460000,1501502519000,1.31179,1.31184,1.31167,1.31183,93340000,1
1501502520000,1501502579000,1.31183,1.31198,1.31181,1.31194,98760000,1
1501502580000,1501502639000,1.31193,1.31193,1.31166,1.31173,183960000,1
1501502640000,1501502699000,1.31173,1.31184,1.31171,1.31182,71790000,1
1501502700000,1501502759000,1.31182,1.31183,1.31162,1.31162,117710000,1
1501502760000,1501502819000,1.31162,1.31173,1.31157,1.31159,123370000,1
1501502820000,1501502879000,1.3116,1.31162,1.31151,1.31159,92920000,1
1501502880000,1501502939000,1.31159,1.31163,1.31156,1.31161,122200000,1
1501502940000,1501502999000,1.31161,1.31163,1.31154,1.3116,64810000,1
1501503000000,1501503059000,1.3116,1.31163,1.31141,1.31143,144640000,1
1501503060000,1501503119000,1.31143,1.31144,1.31125,1.31135,74930000,1
1501503120000,1501503179000,1.31135,1.31145,1.31135,1.31144,50210000,1
1501503180000,1501503239000,1.31144,1.31144,1.3113,1.31132,85610000,1
1501503240000,1501503299000,1.31132,1.31143,1.31132,1.31141,81970000,1
1501503300000,1501503359000,1.31139,1.31142,1.31121,1.31121,136130000,1
1501503360000,1501503419000,1.31122,1.31125,1.31115,1.31118,71520000,1
1501503420000,1501503479000,1.31118,1.31127,1.31117,1.31118,126320000,1
1501503480000,1501503539000,1.31118,1.31129,1.31118,1.31129,73970000,1
1501503540000,1501503599000,1.31129,1.31145,1.31129,1.31141,82970000,1
1501503600000,1501503659000,1.31142,1.31168,1.31139,1.31168,101540000,1
1501503660000,1501503719000,1.31171,1.31178,1.31164,1.31168,133100000,1
1501503720000,1501503779000,1.31167,1.31185,1.31167,1.31183,65990000,1
1501503780000,1501503839000,1.31182,1.31183,1.31165,1.31183,64470000,1
1501503840000,1501503899000,1.31183,1.31185,1.31173,1.31184,106800000,1
1501503900000,1501503959000,1.31184,1.31191,1.31182,1.31185,66110000,1
1501503960000,1501504019000,1.31185,1.31186,1.31153,1.31155,102140000,1
1501504020000,1501504079000,1.31153,1.31186,1.31153,1.31175,80240000,1
1501504080000,1501504139000,1.31175,1.31183,1.31158,1.31167,99320000,1
1501504140000,1501504199000,1.31164,1.31189,1.31161,1.31179,69470000,1
1501504200000,1501504259000,1.31177,1.31201,1.31177,1.31199,90900000,1
1501504260000,1501504319000,1.312,1.31203,1.31184,1.31203,160980000,1
1501504320000,1501504379000,1.31203,1.31208,1.31191,1.31208,181510000,1
1501504380000,1501504439000,1.31208,1.31213,1.31183,1.31183,117320000,1
1501504440000,1501504499000,1.31183,1.31197,1.31176,1.31197,131510000,1
1501504500000,1501504559000,1.31197,1.31198,1.31192,1.31197,32450000,1
1501504560000,1501504619000,1.31197,1.31206,1.31181,1.31183,83340000,1
1501504620000,1501504679000,1.31183,1.31185,1.31181,1.31182,117530000,1
1501504680000,1501504739000,1.31182,1.31187,1.31172,1.31186,114170000,1
1501504740000,1501504799000,1.31184,1.31192,1.31175,1.3119,68400000,1
1501504800000,1501504859000,1.31191,1.31194,1.31191,1.31194,65520000,1
1501504860000,1501504919000,1.31194,1.31195,1.31186,1.31193,42550000,1
1501504920000,1501504979000,1.31193,1.31202,1.31192,1.31193,61220000,1
1501504980000,1501505039000,1.31193,1.31193,1.31185,1.31185,44870000,1
1501505040000,1501505099000,1.31186,1.31192,1.31184,1.3119,80000000,1
1501505100000,1501505159000,1.31191,1.31195,1.31184,1.31187,106450000,1
1501505160000,1501505219000,1.31187,1.31187,1.31172,1.31183,64900000,1
1501505220000,1501505279000,1.31182,1.31193,1.31176,1.31188,67810000,1
1501505280000,1501505339000,1.31187,1.312,1.31184,1.31193,97460000,1
1501505340000,1501505399000,1.31193,1.31211,1.31191,1.31203,87620000,1
1501505400000,1501505459000,1.31203,1.31204,1.31188,1.31191,96090000,1
1501505460000,1501505519000,1.3119,1.31209,1.3119,1.31203,53100000,1
1501505520000,1501505579000,1.31204,1.31213,1.31199,1.31207,72260000,1
1501505580000,1501505639000,1.31205,1.31213,1.31203,1.3121,84680000,1
1501505640000,1501505699000,1.31209,1.31211,1.31202,1.3121,79700000,1
1501505700000,1501505759000,1.31209,1.31219,1.31202,1.31209,73550000,1
1501505760000,1501505819000,1.31209,1.31218,1.31204,1.31214,95320000,1
1501505820000,1501505879000,1.31212,1.31213,1.312,1.31209,113010000,1
1501505880000,1501505939000,1.31207,1.3122,1.31202,1.31202,118460000,1
1501505940000,1501505999000,1.31203,1.31205,1.31161,1.31161,97690000,1
1501506000000,1501506059000,1.31161,1.31163,1.31149,1.31156,132620000,1
1501506060000,1501506119000,1.31157,1.31157,1.31149,1.31154,53850000,1
1501506120000,1501506179000,1.3115,1.31156,1.3114,1.31154,98310000,1
1501506180000,1501506239000,1.31153,1.31168,1.31149,1.31167,63360000,1
1501506240000,1501506299000,1.31165,1.31165,1.31139,1.31146,86590000,1
1501506300000,1501506359000,1.31145,1.31165,1.31142,1.31153,85820000,1
1501506360000,1501506419000,1.31153,1.31186,1.31152,1.31165,68630000,1
1501506420000,1501506479000,1.31163,1.31176,1.31161,1.31172,55330000,1
1501506480000,1501506539000,1.31176,1.31182,1.31152,1.31154,107450000,1
1501506540000,1501506599000,1.31153,1.31154,1.31147,1.31153,128370000,1
1501506600000,1501506659000,1.31154,1.31176,1.31154,1.31162,216170000,1
1501506660000,1501506719000,1.31163,1.31181,1.31162,1.31178,104250000,1
1501506720000,1501506779000,1.31179,1.31217,1.31179,1.31207,99920000,1
1501506780000,1501506839000,1.31208,1.31214,1.31207,1.31208,123160000,1
1501506840000,1501506899000,1.31207,1.31224,1.31207,1.31214,108730000,1
1501506900000,1501506959000,1.31214,1.31223,1.312,1.31213,142300000,1
1501506960000,1501507019000,1.31213,1.31213,1.31198,1.312,56060000,1
1501507020000,1501507079000,1.312,1.31237,1.312,1.31214,165580000,1
1501507080000,1501507139000,1.31214,1.31218,1.31194,1.31206,160170000,1
1501507140000,1501507199000,1.31207,1.31215,1.31195,1.31196,97830000,1
1501507200000,1501507259000,1.31196,1.31229,1.31196,1.31227,110890000,1
1501507260000,1501507319000,1.31227,1.31248,1.31227,1.31244,128480000,1
1501507320000,1501507379000,1.31246,1.31262,1.3122,1.31232,132730000,1
1501507380000,1501507439000,1.31232,1.31232,1.31214,1.31214,88420000,1
1501507440000,1501507499000,1.31214,1.31234,1.3121,1.31233,64850000,1
1501507500000,1501507559000,1.31233,1.31238,1.31227,1.31236,99360000,1
1501507560000,1501507619000,1.31238,1.31285,1.31238,1.31266,193370000,1
1501507620000,1501507679000,1.31266,1.31276,1.31254,1.31256,130660000,1
1501507680000,1501507739000,1.31258,1.31265,1.31258,1.31262,55920000,1
1501507740000,1501507799000,1.31264,1.31273,1.31261,1.31272,43520000,1
1501507800000,1501507859000,1.31272,1.31276,1.3127,1.3127,50940000,1
1501507860000,1501507919000,1.31274,1.31274,1.31256,1.3126,85090000,1
1501507920000,1501507979000,1.31258,1.31272,1.31251,1.31271,136220000,1
1501507980000,1501508039000,1.3127,1.31285,1.31252,1.31259,158540000,1
1501508040000,1501508099000,1.31259,1.31259,1.31246,1.3125,70060000,1
1501508100000,1501508159000,1.31249,1.3125,1.31243,1.31246,128290000,1
1501508160000,1501508219000,1.31246,1.31253,1.3122,1.31223,220840000,1
1501508220000,1501508279000,1.31222,1.31222,1.31183,1.31196,156390000,1
1501508280000,1501508339000,1.31193,1.31194,1.31175,1.31179,78290000,1
1501508340000,1501508399000,1.31178,1.31194,1.31172,1.31189,99520000,1
1501508400000,1501508459000,1.31189,1.31196,1.31187,1.31187,87910000,1
1501508460000,1501508519000,1.31188,1.31192,1.3117,1.31174,136210000,1
1501508520000,1501508579000,1.31174,1.31195,1.31173,1.31187,174570000,1
1501508580000,1501508639000,1.31188,1.31195,1.31174,1.31182,474740000,1
1501508640000,1501508699000,1.31182,1.31191,1.31167,1.31173,168480000,1
1501508700000,1501508759000,1.31171,1.31215,1.31169,1.3121,140000000,1
1501508760000,1501508819000,1.31211,1.31218,1.31203,1.31203,94060000,1
1501508820000,1501508879000,1.31203,1.31204,1.31197,1.31202,110080000,1
1501508880000,1501508939000,1.31202,1.31202,1.31184,1.31192,143310000,1
1501508940000,1501508999000,1.31193,1.31223,1.3119,1.31206,159960000,1
1501509000000,1501509059000,1.31209,1.31234,1.3119,1.3119,159250000,1
1501509060000,1501509119000,1.3119,1.31202,1.31177,1.31191,188210000,1
1501509120000,1501509179000,1.31192,1.31205,1.31188,1.31201,88310000,1
1501509180000,1501509239000,1.31201,1.31211,1.31184,1.31186,141560000,1
1501509240000,1501509299000,1.31188,1.31206,1.31184,1.31205,148130000,1
1501509300000,1501509359000,1.31206,1.31213,1.31173,1.31206,109470000,1
1501509360000,1501509419000,1.31209,1.31246,1.31209,1.31241,123890000,1
1501509420000,1501509479000,1.31241,1.31266,1.31234,1.31265,80570000,1
1501509480000,1501509539000,1.31265,1.31274,1.31265,1.31272,65580000,1
1501509540000,1501509599000,1.31272,1.31289,1.3126,1.31261,159680000,1
1501509600000,1501509659000,1.31262,1.31309,1.31257,1.31309,222970000,1
1501509660000,1501509719000,1.31309,1.31333,1.31299,1.313,277800000,1
1501509720000,1501509779000,1.31298,1.3131,1.31274,1.31308,175650000,1
1501509780000,1501509839000,1.31307,1.31307,1.31264,1.31284,195980000,1
1501509840000,1501509899000,1.31284,1.31303,1.31273,1.31282,159910000,1
1501509900000,1501509959000,1.31282,1.31293,1.31266,1.31266,179410000,1
1501509960000,1501510019000,1.31266,1.31295,1.31266,1.31292,153580000,1
1501510020000,1501510079000,1.31294,1.313,1.31287,1.31293,147770000,1
1501510080000,1501510139000,1.31292,1.31292,1.3127,1.3127,131590000,1
1501510140000,1501510199000,1.31273,1.31283,1.31267,1.31267,134130000,1
1501510200000,1501510259000,1.31269,1.31273,1.31264,1.31272,115780000,1
1501510260000,1501510319000,1.31271,1.31312,1.3127,1.31312,83990000,1
1501510320000,1501510379000,1.3131,1.31328,1.31303,1.31311,221010000,1
1501510380000,1501510439000,1.31311,1.31311,1.31276,1.31293,95520000,1
1501510440000,1501510499000,1.31292,1.31307,1.31279,1.31301,110740000,1
1501510500000,1501510559000,1.31303,1.31334,1.31302,1.31324,167900000,1
1501510560000,1501510619000,1.31323,1.31334,1.31301,1.31332,128120000,1
1501510620000,1501510679000,1.3133,1.31334,1.3132,1.3133,118760000,1
1501510680000,1501510739000,1.3133,1.31332,1.31318,1.31321,108270000,1
1501510740000,1501510799000,1.31321,1.31345,1.31321,1.31341,87250000,1
1501510800000,1501510859000,1.31341,1.31352,1.31333,1.31334,186020000,1
1501510860000,1501510919000,1.31335,1.31351,1.31329,1.31335,135590000,1
1501510920000,1501510979000,1.31336,1.31353,1.31321,1.31329,140090000,1
1501510980000,1501511039000,1.31325,1.31345,1.31317,1.31333,252760000,1
1501511040000,1501511099000,1.31333,1.31355,1.31329,1.3135,130470000,1
1501511100000,1501511159000,1.3135,1.31353,1.31328,1.3133,113040000,1
1501511160000,1501511219000,1.31329,1.31329,1.31299,1.313,175840000,1
1501511220000,1501511279000,1.31303,1.31335,1.313,1.31333,147580000,1
1501511280000,1501511339000,1.31333,1.31333,1.31306,1.31309,116680000,1
1501511340000,1501511399000,1.31307,1.31369,1.31303,1.31369,184400000,1
1501511400000,1501511459000,1.31369,1.31375,1.3136,1.31373,94840000,1
1501511460000,1501511519000,1.31373,1.31375,1.31347,1.31358,106590000,1
1501511520000,1501511579000,1.31357,1.31361,1.31337,1.31343,109660000,1
1501511580000,1501511639000,1.31342,1.31343,1.31312,1.31313,129330000,1
1501511640000,1501511699000,1.31313,1.31314,1.31292,1.31305,107920000,1
1501511700000,1501511759000,1.31306,1.31333,1.31306,1.31324,94760000,1
1501511760000,1501511819000,1.31324,1.31328,1.31313,1.31327,129650000,1
1501511820000,1501511879000,1.31327,1.31328,1.31314,1.31326,90780000,1
1501511880000,1501511939000,1.31326,1.31363,1.31325,1.31363,82700000,1
1501511940000,1501511999000,1.31364,1.31376,1.31347,1.31347,124560000,1
1501512000000,1501512059000,1.31347,1.31353,1.31337,1.31345,112490000,1
1501512060000,1501512119000,1.31344,1.31354,1.3133,1.3133,126010000,1
1501512120000,1501512179000,1.3133,1.31338,1.31325,1.31338,72310000,1
1501512180000,1501512239000,1.31339,1.31341,1.31322,1.31323,110850000,1
1501512240000,1501512299000,1.31325,1.31372,1.31314,1.31361,150240000,1
1501512300000,1501512359000,1.31362,1.31385,1.31362,1.31365,145730000,1
1501512360000,1501512419000,1.31365,1.31392,1.31353,1.31384,176600000,1
1501512420000,1501512479000,1.31384,1.31391,1.31361,1.31366,134070000,1
1501512480000,1501512539000,1.31366,1.31423,1.31361,1.31401,190590000,1
1501512540000,1501512599000,1.31401,1.31491,1.31401,1.31476,254380000,1
1501512600000,1501512659000,1.31478,1.31497,1.31475,1.31492,179350000,1
1501512660000,1501512719000,1.31494,1.31553,1.31476,1.31477,346300000,1
1501512720000,1501512779000,1.3148,1.31541,1.31467,1.31524,214940000,1
1501512780000,1501512839000,1.31524,1.31681,1.31521,1.31616,281360000,1
1501512840000,1501512899000,1.31616,1.31621,1.3154,1.31584,296910000,1
1501512900000,1501512959000,1.31584,1.31646,1.31579,1.31637,300990000,1
1501512960000,1501513019000,1.31639,1.31649,1.31608,1.31647,306840000,1
1501513020000,1501513079000,1.31647,1.31754,1.31646,1.31751,352910000,1
1501513080000,1501513139000,1.31753,1.31846,1.31746,1.31839,439920000,1
1501513140000,1501513199000,1.3184,1.31845,1.31806,1.31807,430470000,1
1501513200000,1501513259000,1.31809,1.31905,1.31778,1.31894,455180000,1
1501513260000,1501513319000,1.31896,1.31995,1.31896,1.31948,475620000,1
1501513320000,1501513379000,1.31946,1.31946,1.31842,1.31887,511730000,1
1501513380000,1501513439000,1.31873,1.31875,1.31821,1.31824,336550000,1
1501513440000,1501513499000,1.31831,1.31853,1.31831,1.31833,174420000,1
1501513500000,1501513559000,1.31833,1.31917,1.31826,1.319,224810000,1
1501513560000,1501513619000,1.31899,1.31902,1.31868,1.31869,215570000,1
1501513620000,1501513679000,1.31869,1.3188,1.31837,1.31848,268040000,1
1501513680000,1501513739000,1.31848,1.31853,1.31811,1.31819,266170000,1
1501513740000,1501513799000,1.31819,1.31861,1.31819,1.3186,197370000,1
1501513800000,1501513859000,1.3186,1.3193,1.31857,1.31927,227850000,1
1501513860000,1501513919000,1.31926,1.31926,1.31865,1.31882,151250000,1
1501513920000,1501513979000,1.31882,1.31882,1.31828,1.3183,175270000,1
1501513980000,1501514039000,1.31831,1.3189,1.3183,1.31872,211880000,1
1501514040000,1501514099000,1.31872,1.31881,1.3184,1.31848,252730000,1
1501514100000,1501514159000,1.31849,1.31874,1.31849,1.31864,176720000,1
1501514160000,1501514219000,1.31864,1.31893,1.31862,1.31889,181400000,1
1501514220000,1501514279000,1.3189,1.31898,1.31881,1.31881,77220000,1
1501514280000,1501514339000,1.31881,1.31883,1.31867,1.31882,114310000,1
1501514340000,1501514399000,1.31882,1.31885,1.31864,1.31873,219710000,1
1501514400000,1501514459000,1.31875,1.31896,1.31874,1.31891,124440000,1
1501514460000,1501514519000,1.31891,1.31893,1.31872,1.3188,141850000,1
1501514520000,1501514579000,1.3188,1.3188,1.31861,1.31861,187570000,1
1501514580000,1501514639000,1.31861,1.31861,1.31825,1.31827,183140000,1
1501514640000,1501514699000,1.31825,1.31842,1.31809,1.3183,164070000,1
1501514700000,1501514759000,1.3183,1.31836,1.3183,1.31833,77020000,1
1501514760000,1501514819000,1.31833,1.31833,1.3179,1.318,167170000,1
1501514820000,1501514879000,1.318,1.31807,1.31765,1.3177,172040000,1
1501514880000,1501514939000,1.31771,1.31801,1.31771,1.31794,135570000,1
1501514940000,1501514999000,1.31793,1.31796,1.3176,1.31785,161200000,1
1501515000000,1501515059000,1.31785,1.31806,1.31774,1.31802,141410000,1
1501515060000,1501515119000,1.318,1.31817,1.31789,1.31791,156530000,1
1501515120000,1501515179000,1.31791,1.31809,1.31791,1.31804,122130000,1
1501515180000,1501515239000,1.31804,1.31805,1.31789,1.31789,105810000,1
1501515240000,1501515299000,1.31789,1.31789,1.31771,1.31781,129800000,1
1501515300000,1501515359000,1.31783,1.31809,1.31782,1.31807,121910000,1
1501515360000,1501515419000,1.31808,1.31808,1.3178,1.3178,79950000,1
1501515420000,1501515479000,1.31779,1.31785,1.31763,1.31763,126770000,1
1501515480000,1501515539000,1.31763,1.3178,1.31751,1.31778,162150000,1
1501515540000,1501515599000,1.31777,1.31783,1.31753,1.31753,63780000,1
1501515600000,1501515659000,1.31753,1.31759,1.31733,1.3174,83110000,1
1501515660000,1501515719000,1.3174,1.31765,1.31739,1.3176,138150000,1
1501515720000,1501515779000,1.31759,1.3176,1.31751,1.31753,109000000,1
1501515780000,1501515839000,1.31752,1.31754,1.31731,1.31736,160310000,1
1501515840000,1501515899000,1.31736,1.31736,1.3172,1.31734,120470000,1
1501515900000,1501515959000,1.31734,1.31745,1.31734,1.31735,90510000,1
1501515960000,1501516019000,1.31733,1.31741,1.31725,1.31725,118620000,1
1501516020000,1501516079000,1.31725,1.31731,1.31722,1.31731,109890000,1
1501516080000,1501516139000,1.3173,1.31742,1.31722,1.31729,111980000,1
1501516140000,1501516199000,1.31729,1.3174,1.3172,1.31731,183660000,1
1501516200000,1501516259000,1.31731,1.31751,1.31721,1.31732,133560000,1
1501516260000,1501516319000,1.31732,1.31737,1.31732,1.31732,91770000,1
1501516320000,1501516379000,1.31732,1.31761,1.31732,1.31761,87280000,1
1501516380000,1501516439000,1.31762,1.31784,1.3176,1.31774,165860000,1
1501516440000,1501516499000,1.31771,1.31777,1.31761,1.31775,130430000,1
1501516500000,1501516559000,1.31775,1.31794,1.31764,1.31784,137310000,1
1501516560000,1501516619000,1.31786,1.31798,1.31783,1.31794,88960000,1
1501516620000,1501516679000,1.31793,1.31805,1.31792,1.31804,85310000,1
1501516680000,1501516739000,1.31804,1.3189,1.31803,1.31873,145790000,1
1501516740000,1501516799000,1.31875,1.31965,1.31869,1.31942,505030000,1
1501516800000,1501516859000,1.31939,1.31967,1.31918,1.31919,292380000,1
1501516860000,1501516919000,1.31917,1.31948,1.31906,1.31943,215860000,1
1501516920000,1501516979000,1.31943,1.31945,1.31901,1.31901,166110000,1
1501516980000,1501517039000,1.31901,1.31914,1.31879,1.31903,196770000,1
1501517040000,1501517099000,1.31903,1.31932,1.31903,1.31924,152130000,1
1501517100000,1501517159000,1.31924,1.31945,1.31912,1.31924,146390000,1
1501517160000,1501517219000,1.31924,1.31942,1.31922,1.31932,145480000,1
1501517220000,1501517279000,1.31934,1.31942,1.31931,1.31931,109550000,1
1501517280000,1501517339000,1.31931,1.31943,1.31913,1.31933,122260000,1
1501517340000,1501517399000,1.31933,1.31933,1.31907,1.31909,104210000,1
1501517400000,1501517459000,1.3191,1.31923,1.31901,1.31907,153810000,1
1501517460000,1501517519000,1.31909,1.31909,1.3187,1.3187,120080000,1
1501517520000,1501517579000,1.31871,1.31875,1.31829,1.31859,253460000,1
1501517580000,1501517639000,1.31856,1.31871,1.31845,1.31847,142220000,1
1501517640000,1501517699000,1.31847,1.31849,1.31843,1.31849,85610000,1
1501517700000,1501517759000,1.31849,1.31865,1.31845,1.31859,132790000,1
1501517760000,1501517819000,1.31859,1.31859,1.31828,1.31852,165300000,1
1501517820000,1501517879000,1.31851,1.31894,1.31847,1.31894,113640000,1
1501517880000,1501517939000,1.31893,1.31897,1.31882,1.31882,83370000,1
1501517940000,1501517999000,1.31881,1.31916,1.3188,1.31914,156690000,1
1501518000000,1501518059000,1.31914,1.31942,1.31914,1.31931,261230000,1
1501518060000,1501518119000,1.31931,1.31948,1.31922,1.31945,168740000,1
1501518120000,1501518179000,1.31947,1.31947,1.31925,1.31927,55620000,1
1501518180000,1501518239000,1.31928,1.31944,1.31922,1.31936,75320000,1
1501518240000,1501518299000,1.31937,1.31945,1.31915,1.31929,82910000,1
1501518300000,1501518359000,1.31927,1.31947,1.31927,1.31937,122330000,1
1501518360000,1501518419000,1.31938,1.31949,1.31933,1.31936,161050000,1
1501518420000,1501518479000,1.31936,1.31943,1.31893,1.31895,116230000,1
1501518480000,1501518539000,1.31894,1.31911,1.31887,1.31902,126400000,1
1501518540000,1501518599000,1.31902,1.31902,1.31883,1.31883,82770000,1
1501518600000,1501518659000,1.3188,1.31888,1.3188,1.31887,55030000,1
1501518660000,1501518719000,1.31888,1.31898,1.31871,1.31879,115390000,1
1501518720000,1501518779000,1.31879,1.31897,1.31872,1.31877,107850000,1
1501518780000,1501518839000,1.31878,1.31898,1.31878,1.31889,110160000,1
1501518840000,1501518899000,1.31889,1.31895,1.31887,1.31894,68910000,1
1501518900000,1501518959000,1.31894,1.31913,1.31876,1.31913,80950000,1
1501518960000,1501519019000,1.31913,1.31929,1.31913,1.31918,95370000,1
1501519020000,1501519079000,1.31919,1.31921,1.31907,1.31913,52860000,1
1501519080000,1501519139000,1.31911,1.31926,1.31908,1.31924,159360000,1
1501519140000,1501519199000,1.31927,1.31929,1.31909,1.31927,179970000,1
1501519200000,1501519259000,1.31928,1.31928,1.31907,1.31924,158930000,1
1501519260000,1501519319000,1.31924,1.31934,1.31923,1.31925,60000000,1
1501519320000,1501519379000,1.31926,1.31934,1.31905,1.31912,59310000,1
1501519380000,1501519439000,1.3191,1.31924,1.31908,1.31923,48110000,1
1501519440000,1501519499000,1.31922,1.31926,1.31916,1.31917,55310000,1
1501519500000,1501519559000,1.31916,1.31924,1.3191,1.31914,85040000,1
1501519560000,1501519619000,1.31914,1.31928,1.31914,1.31924,31990000,1
1501519620000,1501519679000,1.31927,1.31968,1.31924,1.31967,261270000,1
1501519680000,1501519739000,1.31968,1.31997,1.31964,1.3199,81440000,1
1501519740000,1501519799000,1.31996,1.31996,1.31982,1.31983,149090000,1
1501519800000,1501519859000,1.31984,1.31993,1.3198,1.31986,108850000,1
1501519860000,1501519919000,1.31986,1.31988,1.31974,1.31982,80570000,1
1501519920000,1501519979000,1.31983,1.31983,1.31949,1.3195,103050000,1
1501519980000,1501520039000,1.31952,1.31961,1.3194,1.31954,105160000,1
1501520040000,1501520099000,1.31954,1.31973,1.31954,1.31956,66350000,1
1501520100000,1501520159000,1.31956,1.31956,1.31931,1.31941,110320000,1
1501520160000,1501520219000,1.3194,1.3194,1.31919,1.31919,94470000,1
1501520220000,1501520279000,1.31919,1.31923,1.31915,1.31919,66600000,1
1501520280000,1501520339000,1.31919,1.31919,1.31903,1.3191,85150000,1
1501520340000,1501520399000,1.31908,1.31913,1.31891,1.31899,126940000,1
1501520400000,1501520459000,1.31899,1.31917,1.3189,1.31896,185440000,1
1501520460000,1501520519000,1.319,1.319,1.31878,1.31879,74800000,1
1501520520000,1501520579000,1.31879,1.31879,1.3185,1.31851,99380000,1
1501520580000,1501520639000,1.31851,1.3186,1.3185,1.31851,91890000,1
1501520640000,1501520699000,1.3185,1.3185,1.31819,1.31821,155950000,1
1501520700000,1501520759000,1.31821,1.31824,1.31812,1.31823,63570000,1
1501520760000,1501520819000,1.31821,1.31829,1.3182,1.31821,77950000,1
1501520820000,1501520879000,1.31821,1.31823,1.31801,1.31819,54850000,1
1501520880000,1501520939000,1.31819,1.31844,1.31816,1.31841,79600000,1
1501520940000,1501520999000,1.31841,1.31867,1.3184,1.31862,96090000,1
1501521000000,1501521059000,1.31862,1.31866,1.31839,1.31842,128200000,1
1501521060000,1501521119000,1.31842,1.31855,1.3184,1.31855,128410000,1
1501521120000,1501521179000,1.31855,1.31873,1.31851,1.31873,118450000,1
1501521180000,1501521239000,1.31874,1.31874,1.31852,1.31853,72180000,1
1501521240000,1501521299000,1.31853,1.31859,1.31834,1.3184,210050000,1
1501521300000,1501521359000,1.3184,1.31843,1.3184,1.31841,54230000,1
1501521360000,1501521419000,1.31842,1.31843,1.31842,1.31843,19600000,1
1501521420000,1501521479000,1.31842,1.31863,1.31841,1.31854,207390000,1
1501521480000,1501521539000,1.31851,1.31865,1.3184,1.31862,65910000,1
1501521540000,1501521599000,1.31862,1.31863,1.31852,1.31853,75620000,1
1501521600000,1501521659000,1.31853,1.31863,1.31848,1.31849,51190000,1
1501521660000,1501521719000,1.31848,1.3185,1.31837,1.31838,51460000,1
1501521720000,1501521779000,1.31838,1.31853,1.31834,1.31853,53130000,1
1501521780000,1501521839000,1.31853,1.31863,1.3185,1.31852,68330000,1
1501521840000,1501521899000,1.31852,1.31853,1.31838,1.31838,66260000,1
1501521900000,1501521959000,1.31839,1.31894,1.31839,1.31884,90190000,1
1501521960000,1501522019000,1.31883,1.31884,1.3183,1.31831,117720000,1
1501522020000,1501522079000,1.31831,1.31833,1.31796,1.31802,219370000,1
1501522080000,1501522139000,1.31805,1.31814,1.31795,1.31798,123350000,1
1501522140000,1501522199000,1.31798,1.31814,1.31795,1.31805,70680000,1
1501522200000,1501522259000,1.31805,1.31822,1.318,1.3181,129110000,1
1501522260000,1501522319000,1.31811,1.31815,1.31803,1.31803,90720000,1
1501522320000,1501522379000,1.31805,1.31808,1.31793,1.31794,77970000,1
1501522380000,1501522439000,1.31794,1.318,1.31783,1.31794,124990000,1
1501522440000,1501522499000,1.31792,1.3181,1.31791,1.31807,83060000,1
1501522500000,1501522559000,1.31807,1.31809,1.31798,1.31801,84610000,1
1501522560000,1501522619000,1.318,1.31817,1.318,1.31814,46810000,1
1501522620000,1501522679000,1.31814,1.31821,1.318,1.31821,137900000,1
1501522680000,1501522739000,1.31821,1.31833,1.31819,1.31824,63120000,1
1501522740000,1501522799000,1.31823,1.31824,1.31813,1.31814,65190000,1
1501522800000,1501522859000,1.31813,1.3185,1.31813,1.31845,68700000,1
1501522860000,1501522919000,1.31845,1.31849,1.31841,1.31845,33690000,1
1501522920000,1501522979000,1.31845,1.31883,1.3184,1.31869,74760000,1
1501522980000,1501523039000,1.31868,1.31885,1.31868,1.31877,88970000,1
1501523040000,1501523099000,1.31877,1.31883,1.3185,1.31852,106480000,1
1501523100000,1501523159000,1.3185,1.3185,1.31842,1.31849,93200000,1
1501523160000,1501523219000,1.31849,1.31854,1.31843,1.31853,81440000,1
1501523220000,1501523279000,1.31854,1.31855,1.31833,1.31842,62860000,1
1501523280000,1501523339000,1.31838,1.31842,1.31832,1.31835,68870000,1
1501523340000,1501523399000,1.31835,1.31835,1.31794,1.31805,85240000,1
1501523400000,1501523459000,1.31805,1.31826,1.31804,1.31818,69870000,1
1501523460000,1501523519000,1.31817,1.3182,1.31781,1.31781,68860000,1
1501523520000,1501523579000,1.31781,1.31804,1.31781,1.31804,66130000,1
1501523580000,1501523639000,1.31804,1.31822,1.31794,1.31794,89380000,1
1501523640000,1501523699000,1.31794,1.31797,1.31777,1.31787,85210000,1
1501523700000,1501523759000,1.31784,1.31806,1.31784,1.31803,84230000,1
1501523760000,1501523819000,1.31802,1.31825,1.318,1.31822,123220000,1
1501523820000,1501523879000,1.31822,1.31828,1.3179,1.31793,95300000,1
1501523880000,1501523939000,1.31795,1.31802,1.3178,1.31783,97740000,1
1501523940000,1501523999000,1.31782,1.31793,1.31768,1.31785,68610000,1
1501524000000,1501524059000,1.31783,1.31797,1.31782,1.31794,68580000,1
1501524060000,1501524119000,1.31794,1.31799,1.31763,1.31763,79610000,1
1501524120000,1501524179000,1.31762,1.31795,1.31762,1.3179,98590000,1
1501524180000,1501524239000,1.31793,1.31805,1.3179,1.31804,82480000,1
1501524240000,1501524299000,1.31803,1.31824,1.31802,1.31824,88170000,1
1501524300000,1501524359000,1.31824,1.31836,1.31824,1.31832,74110000,1
1501524360000,1501524419000,1.31834,1.31835,1.31831,1.31835,45120000,1
1501524420000,1501524479000,1.31833,1.31843,1.31832,1.31842,22750000,1
1501524480000,1501524539000,1.3184,1.3184,1.31825,1.31834,46470000,1
1501524540000,1501524599000,1.31835,1.31842,1.31832,1.31839,65340000,1
1501524600000,1501524659000,1.31839,1.31839,1.31833,1.31838,82280000,1
1501524660000,1501524719000,1.31837,1.31848,1.31832,1.31847,95480000,1
1501524720000,1501524779000,1.31848,1.31848,1.31842,1.31843,41480000,1
1501524780000,1501524839000,1.31843,1.3185,1.31842,1.3185,50300000,1
1501524840000,1501524899000,1.31852,1.31858,1.31843,1.31844,110220000,1
1501524900000,1501524959000,1.31844,1.31862,1.31839,1.3186,110040000,1
1501524960000,1501525019000,1.31859,1.3186,1.31849,1.31849,78690000,1
1501525020000,1501525079000,1.31848,1.31876,1.31837,1.3187,161680000,1
1501525080000,1501525139000,1.31871,1.31879,1.31869,1.3187,63660000,1
1501525140000,1501525199000,1.3187,1.31922,1.3187,1.31921,102710000,1
1501525200000,1501525259000,1.31921,1.31921,1.31896,1.31896,67710000,1
1501525260000,1501525319000,1.31896,1.31916,1.31893,1.31893,92550000,1
1501525320000,1501525379000,1.31894,1.31898,1.31889,1.31892,84990000,1
1501525380000,1501525439000,1.31894,1.31916,1.3189,1.31916,89780000,1
1501525440000,1501525499000,1.31915,1.31931,1.31914,1.31925,128710000,1
1501525500000,1501525559000,1.31925,1.3193,1.31922,1.31929,118750000,1
1501525560000,1501525619000,1.31929,1.31934,1.31921,1.31922,59970000,1
1501525620000,1501525679000,1.31923,1.31934,1.31919,1.31922,128490000,1
1501525680000,1501525739000,1.31923,1.31931,1.31912,1.31925,107960000,1
1501525740000,1501525799000,1.31924,1.31934,1.31918,1.31924,69800000,1
1501525800000,1501525859000,1.31925,1.31933,1.31923,1.31926,92760000,1
1501525860000,1501525919000,1.31927,1.31933,1.31913,1.31919,165130000,1
1501525920000,1501525979000,1.3192,1.31921,1.31917,1.31921,123780000,1
1501525980000,1501526039000,1.31926,1.31934,1.31922,1.31932,100880000,1
1501526040000,1501526099000,1.31932,1.31932,1.31902,1.31902,48160000,1
1501526100000,1501526159000,1.31903,1.31922,1.31903,1.31921,100710000,1
1501526160000,1501526219000,1.31923,1.31924,1.3192,1.31924,38000000,1
1501526220000,1501526279000,1.31924,1.31942,1.31923,1.3194,69760000,1
1501526280000,1501526339000,1.31941,1.31945,1.3194,1.31942,37330000,1
1501526340000,1501526399000,1.31942,1.31966,1.3194,1.31944,110310000,1
1501526400000,1501526459000,1.31945,1.31954,1.31945,1.31954,28180000,1
1501526460000,1501526519000,1.31954,1.31968,1.31953,1.31963,48340000,1
1501526520000,1501526579000,1.31964,1.31964,1.31936,1.31944,109670000,1
1501526580000,1501526639000,1.31944,1.31958,1.31944,1.31944,45450000,1
1501526640000,1501526699000,1.31942,1.31953,1.31942,1.3195,55770000,1
1501526700000,1501526759000,1.3195,1.31951,1.31942,1.31943,45750000,1
1501526760000,1501526819000,1.31943,1.31951,1.31943,1.31949,73490000,1
1501526820000,1501526879000,1.31947,1.31948,1.31942,1.31943,76570000,1
1501526880000,1501526939000,1.31943,1.31951,1.3194,1.31942,121130000,1
1501526940000,1501526999000,1.31944,1.31965,1.31943,1.31965,99540000,1
1501527000000,1501527059000,1.31965,1.31986,1.31965,1.31984,64710000,1
1501527060000,1501527119000,1.31985,1.31985,1.31974,1.31983,52360000,1
1501527120000,1501527179000,1.31983,1.31994,1.31979,1.31987,120730000,1
1501527180000,1501527239000,1.31986,1.32,1.31979,1.31984,138510000,1
1501527240000,1501527299000,1.31982,1.31999,1.3198,1.31987,134370000,1
1501527300000,1501527359000,1.31986,1.31986,1.31939,1.31948,135170000,1
1501527360000,1501527419000,1.31948,1.31964,1.31948,1.31964,129890000,1
1501527420000,1501527479000,1.31963,1.31963,1.31942,1.31948,149520000,1
1501527480000,1501527539000,1.31947,1.31959,1.31944,1.31951,130310000,1
1501527540000,1501527599000,1.31949,1.31964,1.31949,1.31959,161570000,1
1501527600000,1501527659000,1.31958,1.31981,1.31952,1.31975,166320000,1
1501527660000,1501527719000,1.31975,1.31978,1.31971,1.31974,70450000,1
1501527720000,1501527779000,1.31974,1.32042,1.31973,1.31999,210430000,1
1501527780000,1501527839000,1.31999,1.32013,1.3199,1.31999,120990000,1
1501527840000,1501527899000,1.31998,1.31999,1.31951,1.31962,123560000,1
1501527900000,1501527959000,1.31962,1.31963,1.31939,1.31939,128070000,1
1501527960000,1501528019000,1.31939,1.3196,1.31921,1.31953,152280000,1
1501528020000,1501528079000,1.31953,1.3196,1.31941,1.31952,123590000,1
1501528080000,1501528139000,1.31953,1.31953,1.31941,1.31953,73170000,1
1501528140000,1501528199000,1.31952,1.3197,1.31952,1.31962,46430000,1
1501528200000,1501528259000,1.31963,1.31977,1.31962,1.31974,77670000,1
1501528260000,1501528319000,1.31977,1.31982,1.31971,1.31972,80110000,1
1501528320000,1501528379000,1.3197,1.3197,1.3195,1.31959,114530000,1
1501528380000,1501528439000,1.31959,1.31961,1.31941,1.31941,112610000,1
1501528440000,1501528499000,1.31942,1.31956,1.3193,1.31944,180950000,1
1501528500000,1501528559000,1.31944,1.3195,1.31933,1.31942,82680000,1
1501528560000,1501528619000,1.31942,1.31953,1.31941,1.31943,54660000,1
1501528620000,1501528679000,1.31945,1.31952,1.31933,1.31952,136170000,1
1501528680000,1501528739000,1.31952,1.31963,1.31951,1.31952,67020000,1
1501528740000,1501528799000,1.31952,1.31954,1.31943,1.31952,80220000,1
1501528800000,1501528859000,1.31953,1.31954,1.31943,1.31953,55370000,1
1501528860000,1501528919000,1.31952,1.31953,1.31941,1.31942,63360000,1
1501528920000,1501528979000,1.31942,1.31945,1.31939,1.3194,88050000,1
1501528980000,1501529039000,1.3194,1.31942,1.31939,1.3194,96940000,1
1501529040000,1501529099000,1.3194,1.31945,1.31934,1.31943,86290000,1
1501529100000,1501529159000,1.31943,1.31958,1.31943,1.31951,54100000,1
1501529160000,1501529219000,1.31951,1.31958,1.31951,1.31952,123480000,1
1501529220000,1501529279000,1.31952,1.31963,1.31951,1.31952,169580000,1
1501529280000,1501529339000,1.31951,1.31951,1.31941,1.31941,38770000,1
1501529340000,1501529399000,1.31941,1.31948,1.31932,1.31933,117660000,1
1501529400000,1501529459000,1.31934,1.31934,1.31929,1.31929,41740000,1
1501529460000,1501529519000,1.31929,1.31933,1.31929,1.31931,53120000,1
1501529520000,1501529579000,1.31931,1.31936,1.31927,1.31933,50500000,1
1501529580000,1501529639000,1.31933,1.31944,1.31931,1.31944,64940000,1
1501529640000,1501529699000,1.31945,1.31945,1.31931,1.31933,32560000,1
1501529700000,1501529759000,1.31933,1.31935,1.31931,1.31932,31120000,1
1501529760000,1501529819000,1.31931,1.31933,1.3192,1.31922,72980000,1
1501529820000,1501529879000,1.31926,1.31942,1.31917,1.31942,50370000,1
1501529880000,1501529939000,1.31942,1.31944,1.31919,1.31919,36350000,1
1501529940000,1501529999000,1.31919,1.31927,1.31919,1.3192,71500000,1
1501530000000,1501530059000,1.31921,1.31922,1.31918,1.3192,67480000,1
1501530060000,1501530119000,1.3192,1.31921,1.31908,1.31908,83510000,1
1501530120000,1501530179000,1.31908,1.31927,1.31907,1.3191,83520000,1
1501530180000,1501530239000,1.3191,1.31932,1.3191,1.31929,170830000,1
1501530240000,1501530299000,1.31932,1.31942,1.3193,1.31942,83820000,1
1501530300000,1501530359000,1.31942,1.31952,1.31941,1.3195,97030000,1
1501530360000,1501530419000,1.3195,1.31964,1.3195,1.31959,130630000,1
1501530420000,1501530479000,1.31959,1.31962,1.31955,1.31962,105890000,1
1501530480000,1501530539000,1.31962,1.31975,1.3196,1.31974,129940000,1
1501530540000,1501530599000,1.31974,1.31976,1.31973,1.31974,27000000,1
1501530600000,1501530659000,1.31974,1.31974,1.31962,1.31963,32000000,1
1501530660000,1501530719000,1.31963,1.31976,1.31963,1.31973,51620000,1
1501530720000,1501530779000,1.31973,1.31977,1.31951,1.31951,34540000,1
1501530780000,1501530839000,1.31951,1.31954,1.31947,1.31951,27230000,1
1501530840000,1501530899000,1.31949,1.31951,1.31939,1.31939,78800000,1
1501530900000,1501530959000,1.31938,1.31942,1.31921,1.31929,94310000,1
1501530960000,1501531019000,1.31931,1.31941,1.3193,1.31935,55470000,1
1501531020000,1501531079000,1.31937,1.31944,1.3193,1.3193,101270000,1
1501531080000,1501531139000,1.3193,1.3195,1.3193,1.31943,121320000,1
1501531140000,1501531199000,1.31945,1.31953,1.31928,1.31952,164110000,1
1501531200000,1501531259000,1.31954,1.31954,1.31934,1.31941,83310000,1
1501531260000,1501531319000,1.31941,1.31944,1.31931,1.31942,37220000,1
1501531320000,1501531379000,1.31943,1.31962,1.31941,1.31951,76760000,1
1501531380000,1501531439000,1.31951,1.31953,1.31942,1.31947,60820000,1
1501531440000,1501531499000,1.31946,1.31951,1.31944,1.31947,53360000,1
1501531500000,1501531559000,1.31947,1.31947,1.31938,1.31938,68930000,1
1501531560000,1501531619000,1.3194,1.31943,1.31934,1.31942,88030000,1
1501531620000,1501531679000,1.31942,1.31942,1.31936,1.3194,22860000,1
1501531680000,1501531739000,1.3194,1.31942,1.31937,1.3194,45550000,1
1501531740000,1501531799000,1.31939,1.31942,1.31933,1.31941,131970000,1
1501531800000,1501531859000,1.31942,1.31942,1.31937,1.31941,36110000,1
1501531860000,1501531919000,1.3194,1.31942,1.31936,1.31937,39980000,1
1501531920000,1501531979000,1.3194,1.31943,1.31927,1.31936,36490000,1
1501531980000,1501532039000,1.31935,1.3194,1.31932,1.31937,54990000,1
1501532040000,1501532099000,1.31937,1.31942,1.31933,1.31936,100490000,1
1501532100000,1501532159000,1.3194,1.31941,1.31918,1.3193,49590000,1
1501532160000,1501532219000,1.3193,1.31945,1.3193,1.31944,32120000,1
1501532220000,1501532279000,1.31944,1.31948,1.31941,1.31944,45190000,1
1501532280000,1501532339000,1.31944,1.31955,1.31936,1.31936,54120000,1
1501532340000,1501532399000,1.31935,1.3194,1.31935,1.3194,37000000,1
1501532400000,1501532459000,1.31939,1.31951,1.31938,1.31943,53320000,1
1501532460000,1501532519000,1.31944,1.31959,1.31932,1.31958,74150000,1
1501532520000,1501532579000,1.31958,1.31978,1.31952,1.31967,58520000,1
1501532580000,1501532639000,1.31967,1.31977,1.31967,1.31967,85910000,1
1501532640000,1501532699000,1.31968,1.31974,1.31968,1.31972,31680000,1
1501532700000,1501532759000,1.31972,1.31982,1.31972,1.3198,47610000,1
1501532760000,1501532819000,1.3198,1.31981,1.31971,1.3198,80600000,1
1501532820000,1501532879000,1.31982,1.31983,1.31981,1.31983,53750000,1
1501532880000,1501532939000,1.31983,1.31985,1.3198,1.31984,96440000,1
1501532940000,1501532999000,1.31984,1.31985,1.31974,1.31975,159860000,1
1501533000000,1501533059000,1.31975,1.31983,1.31975,1.31982,69960000,1
1501533060000,1501533119000,1.31983,1.31983,1.31982,1.31983,75900000,1
1501533120000,1501533179000,1.31982,1.31986,1.3198,1.31985,49580000,1
1501533180000,1501533239000,1.31984,1.32,1.31982,1.31993,66120000,1
1501533240000,1501533299000,1.31993,1.32018,1.31992,1.32014,112660000,1
1501533300000,1501533359000,1.32017,1.32115,1.32014,1.32086,203830000,1
1501533360000,1501533419000,1.32087,1.32105,1.32071,1.32072,168850000,1
1501533420000,1501533479000,1.32069,1.32076,1.32062,1.32072,80560000,1
1501533480000,1501533539000,1.32073,1.32084,1.3205,1.32081,91680000,1
1501533540000,1501533599000,1.32082,1.32085,1.32082,1.32082,35430000,1
1501533600000,1501533659000,1.32082,1.32082,1.32078,1.32078,61850000,1
1501533660000,1501533719000,1.32079,1.32098,1.32078,1.32095,64920000,1
1501533720000,1501533779000,1.32094,1.32097,1.3208,1.3209,119700000,1
1501533780000,1501533839000,1.32089,1.321,1.32088,1.32099,102650000,1
1501533840000,1501533899000,1.32098,1.32109,1.32091,1.32095,82970000,1
1501533900000,1501533959000,1.32094,1.32098,1.32089,1.32089,113860000,1
1501533960000,1501534019000,1.32089,1.32089,1.32083,1.32084,86600000,1
1501534020000,1501534079000,1.32085,1.32085,1.32078,1.32078,92110000,1
1501534080000,1501534139000,1.32078,1.32079,1.32052,1.32071,101350000,1
1501534140000,1501534199000,1.32078,1.32079,1.32068,1.32069,78160000,1
1501534200000,1501534259000,1.32069,1.32104,1.32069,1.32103,91250000,1
1501534260000,1501534319000,1.32103,1.32103,1.32087,1.32088,79290000,1
1501534320000,1501534379000,1.32092,1.32109,1.32092,1.32108,103960000,1
1501534380000,1501534439000,1.32108,1.32111,1.32106,1.32111,61700000,1
1501534440000,1501534499000,1.32106,1.32236,1.32106,1.32202,82910000,1
1501534500000,1501534559000,1.32196,1.32227,1.32168,1.32184,194770000,1
1501534560000,1501534619000,1.32184,1.32199,1.32119,1.32151,125320000,1
1501534620000,1501534679000,1.32146,1.32154,1.32129,1.32144,66050000,1
1501534680000,1501534739000,1.32145,1.32153,1.32095,1.32095,118700000,1
1501534740000,1501534799000,1.32096,1.32141,1.32093,1.32134,62180000,1
1501534800000,1501534859000,1.32141,1.32142,1.32137,1.32141,7500000,1
1501534860000,1501534919000,1.32137,1.32137,1.32099,1.32116,9360000,1
1501534920000,1501534979000,1.32126,1.32126,1.32123,1.32123,2250000,1
1501534980000,1501535039000,1.32099,1.32118,1.32099,1.32118,1500000,1
1501535040000,1501535099000,1.321,1.32101,1.32098,1.32098,4000000,1
1501535100000,1501535159000,1.32097,1.3213,1.32097,1.3213,14750000,1
1501535160000,1501535219000,1.32118,1.3213,1.32112,1.32112,5500000,1
1501535220000,1501535279000,1.32115,1.32146,1.32115,1.32134,9500000,1
1501535280000,1501535339000,1.32135,1.32141,1.32135,1.32139,7000000,1
1501535340000,1501535399000,1.32139,1.32139,1.32117,1.32134,21500000,1
1501535400000,1501535459000,1.32133,1.32137,1.32107,1.32115,38690000,1
1501535460000,1501535519000,1.32112,1.32113,1.32112,1.32113,2250000,1
1501535520000,1501535579000,1.32114,1.32121,1.32113,1.32121,10750000,1
1501535580000,1501535639000,1.32123,1.32136,1.32118,1.32118,19020000,1
1501535640000,1501535699000,1.32118,1.3212,1.32118,1.32118,8500000,1
1501535700000,1501535759000,1.32118,1.32118,1.32117,1.32118,12500000,1
1501535760000,1501535819000,1.32118,1.32118,1.32105,1.32107,22000000,1
1501535820000,1501535879000,1.32106,1.32107,1.32097,1.321,14000000,1
1501535880000,1501535939000,1.32101,1.32102,1.32101,1.32102,3000000,1
1501535940000,1501535999000,1.32102,1.32102,1.32099,1.32102,27470000,1
1501536000000,1501536059000,1.32102,1.32103,1.321,1.32103,29200000,1
1501536060000,1501536119000,1.32103,1.32103,1.32101,1.32101,22360000,1
1501536120000,1501536179000,1.32101,1.32102,1.32101,1.32102,29860000,1
1501536180000,1501536239000,1.32101,1.32102,1.32101,1.32102,35770000,1
1501536240000,1501536299000,1.32102,1.32103,1.32101,1.32103,18320000,1
1501536300000,1501536359000,1.32103,1.32103,1.32102,1.32102,2500000,1
1501536360000,1501536419000,1.32102,1.32102,1.32101,1.32102,12600000,1
1501536420000,1501536479000,1.32104,1.32109,1.321,1.321,15870000,1
1501536480000,1501536539000,1.32108,1.32108,1.32099,1.32099,12250000,1
1501536540000,1501536599000,1.321,1.32101,1.32099,1.32099,17500000,1
1501536600000,1501536659000,1.32102,1.32105,1.32093,1.32101,67910000,1
1501536660000,1501536719000,1.32099,1.32103,1.32096,1.32096,16710000,1
1501536720000,1501536779000,1.32096,1.32108,1.3209,1.32094,93630000,1
1501536780000,1501536839000,1.32094,1.32102,1.32092,1.32093,49750000,1
1501536840000,1501536899000,1.321,1.32102,1.3208,1.32084,41130000,1
1501536900000,1501536959000,1.32081,1.32081,1.32078,1.3208,20170000,1
1501536960000,1501537019000,1.3208,1.3208,1.32078,1.32078,7000000,1
1501537020000,1501537079000,1.3208,1.3208,1.32077,1.32078,14980000,1
1501537080000,1501537139000,1.32078,1.3208,1.32078,1.32079,8620000,1
1501537140000,1501537199000,1.32078,1.32078,1.32062,1.32065,67290000,1
1501537200000,1501537259000,1.32065,1.32069,1.32063,1.32064,13770000,1
1501537260000,1501537319000,1.32062,1.32064,1.32062,1.32062,12260000,1
1501537320000,1501537379000,1.32062,1.32063,1.32062,1.32063,5500000,1
1501537380000,1501537439000,1.32061,1.32061,1.32061,1.32061,1000000,1
1501537440000,1501537499000,1.32062,1.32063,1.32061,1.32061,14040000,1
1501537500000,1501537559000,1.32061,1.32061,1.32061,1.32061,4000000,1
1501537560000,1501537619000,1.32061,1.32076,1.32061,1.32065,157730000,1
1501537620000,1501537679000,1.32075,1.32075,1.32065,1.32065,18440000,1
1501537680000,1501537739000,1.32067,1.32075,1.32064,1.32064,61920000,1
1501537740000,1501537799000,1.32064,1.32065,1.32064,1.32065,4750000,1
1501537800000,1501537859000,1.32065,1.32065,1.32064,1.32064,2000000,1
1501537860000,1501537919000,1.32063,1.32071,1.32062,1.32063,56960000,1
1501537920000,1501537979000,1.32064,1.32074,1.32061,1.3207,151340000,1
1501537980000,1501538039000,1.3207,1.3207,1.3207,1.3207,22280000,1
1501538040000,1501538099000,1.3207,1.3207,1.32069,1.3207,36490000,1
1501538100000,1501538159000,1.3207,1.32074,1.32069,1.32074,23360000,1
1501538160000,1501538219000,1.32068,1.32069,1.32062,1.32068,61760000,1
1501538220000,1501538279000,1.32068,1.3207,1.32065,1.32065,50760000,1
1501538280000,1501538339000,1.32065,1.32069,1.32065,1.32066,29270000,1
1501538340000,1501538399000,1.32066,1.32071,1.32065,1.32071,12710000,1
1501538400000,1501538459000,1.32069,1.32078,1.32069,1.32077,40110000,1
1501538460000,1501538519000,1.32075,1.32096,1.32075,1.32094,79340000,1
1501538520000,1501538579000,1.32094,1.32096,1.32092,1.32092,19170000,1
1501538580000,1501538639000,1.32093,1.32094,1.32092,1.32092,34040000,1
1501538640000,1501538699000,1.32093,1.32094,1.32092,1.32093,56810000,1
1501538700000,1501538759000,1.32094,1.32095,1.32092,1.32092,80300000,1
1501538760000,1501538819000,1.3209,1.32091,1.32082,1.32083,78520000,1
1501538820000,1501538879000,1.32083,1.32084,1.32082,1.32084,31070000,1
1501538880000,1501538939000,1.32083,1.32084,1.32082,1.32084,58180000,1
1501538940000,1501538999000,1.32084,1.32087,1.3208,1.3208,38780000,1
1501539000000,1501539059000,1.3208,1.32081,1.32067,1.3207,61510000,1
1501539060000,1501539119000,1.32071,1.32071,1.32066,1.32066,16300000,1
1501539120000,1501539179000,1.32067,1.32071,1.32062,1.32062,59620000,1
1501539180000,1501539239000,1.32062,1.32066,1.32062,1.32064,28830000,1
1501539240000,1501539299000,1.32064,1.32064,1.32058,1.32058,56010000,1
1501539300000,1501539359000,1.32058,1.32058,1.32055,1.32055,35290000,1
1501539360000,1501539419000,1.32055,1.32062,1.32043,1.32062,102490000,1
1501539420000,1501539479000,1.32062,1.32066,1.32052,1.32062,98070000,1
1501539480000,1501539539000,1.32061,1.3208,1.32061,1.32074,86280000,1
1501539540000,1501539599000,1.32074,1.32077,1.32074,1.32075,64970000,1
1501539600000,1501539659000,1.32075,1.32075,1.32051,1.32057,61320000,1
1501539660000,1501539719000,1.32056,1.32069,1.32056,1.32066,50400000,1
1501539720000,1501539779000,1.32066,1.32068,1.32058,1.32059,46250000,1
1501539780000,1501539839000,1.3206,1.32067,1.32059,1.3206,27740000,1
1501539840000,1501539899000,1.32063,1.32066,1.32063,1.32064,21370000,1
1501539900000,1501539959000,1.32064,1.32071,1.32064,1.32066,31250000,1
1501539960000,1501540019000,1.32066,1.32066,1.32064,1.32064,22000000,1
1501540020000,1501540079000,1.32062,1.32062,1.32055,1.32055,57000000,1
1501540080000,1501540139000,1.32055,1.32056,1.32048,1.32055,49440000,1
1501540140000,1501540199000,1.32055,1.32055,1.32047,1.32051,90470000,1
1501540200000,1501540259000,1.3205,1.32051,1.32042,1.32043,110560000,1
1501540260000,1501540319000,1.32046,1.32053,1.32045,1.32052,94740000,1
1501540320000,1501540379000,1.32052,1.32053,1.32042,1.32042,93100000,1
1501540380000,1501540439000,1.32042,1.32047,1.32042,1.32043,76910000,1
1501540440000,1501540499000,1.32044,1.32045,1.32038,1.32038,90280000,1
1501540500000,1501540559000,1.32039,1.3204,1.32037,1.32037,65820000,1
1501540560000,1501540619000,1.32037,1.32042,1.32037,1.32039,73890000,1
1501540620000,1501540679000,1.32038,1.32038,1.32018,1.32026,77380000,1
1501540680000,1501540739000,1.32026,1.3203,1.32007,1.32026,123190000,1
1501540740000,1501540799000,1.32028,1.32035,1.32024,1.32034,53620000,1
1501540800000,1501540859000,1.32035,1.32035,1.32033,1.32034,108790000,1
1501540860000,1501540919000,1.32035,1.32035,1.32033,1.32033,96710000,1
1501540920000,1501540979000,1.32035,1.32036,1.32033,1.32034,155410000,1
1501540980000,1501541039000,1.32034,1.32035,1.32024,1.32024,82320000,1
1501541040000,1501541099000,1.32023,1.32025,1.32013,1.32013,45630000,1
1501541100000,1501541159000,1.32014,1.32016,1.32013,1.32015,65900000,1
1501541160000,1501541219000,1.32014,1.32014,1.32003,1.32005,28690000,1
1501541220000,1501541279000,1.32006,1.32019,1.32006,1.32019,57210000,1
1501541280000,1501541339000,1.32019,1.32021,1.32019,1.3202,23940000,1
1501541340000,1501541399000,1.3202,1.3202,1.32016,1.32017,55380000,1
1501541400000,1501541459000,1.32017,1.32018,1.32012,1.32012,60480000,1
1501541460000,1501541519000,1.32012,1.32015,1.32003,1.32003,57010000,1
1501541520000,1501541579000,1.32005,1.32005,1.32002,1.32005,19190000,1
1501541580000,1501541639000,1.32004,1.32011,1.32002,1.32004,83090000,1
1501541640000,1501541699000,1.32004,1.32004,1.32004,1.32004,47480000,1
1501541700000,1501541759000,1.32004,1.32011,1.32004,1.32008,61260000,1
1501541760000,1501541819000,1.32006,1.32006,1.32004,1.32004,39990000,1
1501541820000,1501541879000,1.32004,1.32004,1.31997,1.31999,52080000,1
1501541880000,1501541939000,1.31998,1.32001,1.31996,1.32001,32190000,1
1501541940000,1501541999000,1.32,1.32002,1.31997,1.32001,30440000,1
1501542000000,1501542059000,1.31999,1.32001,1.31998,1.32001,55960000,1
1501542060000,1501542119000,1.32002,1.32014,1.32,1.32006,70540000,1
1501542120000,1501542179000,1.32006,1.32012,1.32006,1.3201,38090000,1
1501542180000,1501542239000,1.32011,1.32012,1.31974,1.31988,75000000,1
1501542240000,1501542299000,1.31985,1.32003,1.31984,1.32001,45440000,1
1501542300000,1501542359000,1.32004,1.32005,1.31996,1.32001,32750000,1
1501542360000,1501542419000,1.32001,1.32001,1.31996,1.31996,31610000,1
1501542420000,1501542479000,1.31993,1.31993,1.31985,1.31985,19560000,1
1501542480000,1501542539000,1.31984,1.31984,1.31981,1.31981,40370000,1
1501542540000,1501542599000,1.31982,1.31983,1.31958,1.31962,89810000,1
1501542600000,1501542659000,1.31963,1.31964,1.31962,1.31963,67740000,1
1501542660000,1501542719000,1.31963,1.31964,1.31962,1.31962,37910000,1
1501542720000,1501542779000,1.31963,1.31973,1.31962,1.31967,31060000,1
1501542780000,1501542839000,1.31967,1.31969,1.31963,1.31963,20130000,1
1501542840000,1501542899000,1.31963,1.31963,1.31953,1.31953,26540000,1
1501542900000,1501542959000,1.31953,1.31955,1.31942,1.31944,84520000,1
1501542960000,1501543019000,1.31946,1.31946,1.3194,1.31941,31660000,1
1501543020000,1501543079000,1.3194,1.31943,1.31934,1.31941,27150000,1
1501543080000,1501543139000,1.31941,1.31943,1.31941,1.31941,15180000,1
1501543140000,1501543199000,1.31943,1.31943,1.31938,1.31943,39730000,1
1501543200000,1501543259000,1.31943,1.31944,1.31931,1.31931,26510000,1
1501543260000,1501543319000,1.31933,1.31933,1.31925,1.31927,62850000,1
1501543320000,1501543379000,1.31927,1.31927,1.31911,1.31911,62170000,1
1501543380000,1501543439000,1.31912,1.31921,1.31912,1.31921,47110000,1
1501543440000,1501543499000,1.31923,1.31924,1.31915,1.31922,48810000,1
1501543500000,1501543559000,1.31923,1.31925,1.31922,1.31923,10240000,1
1501543560000,1501543619000,1.31923,1.31924,1.31923,1.31923,4000000,1
1501543620000,1501543679000,1.31923,1.31925,1.31905,1.31912,43630000,1
1501543680000,1501543739000,1.31913,1.31914,1.31903,1.31914,56580000,1
1501543740000,1501543799000,1.31914,1.31923,1.31914,1.31923,60960000,1
1501543800000,1501543859000,1.31923,1.31974,1.31923,1.31966,78600000,1
1501543860000,1501543919000,1.31965,1.31965,1.31957,1.31958,31890000,1
1501543920000,1501543979000,1.31958,1.31958,1.31949,1.31951,27490000,1
1501543980000,1501544039000,1.31951,1.31973,1.31951,1.31972,40250000,1
1501544040000,1501544099000,1.31972,1.31973,1.31967,1.31973,45780000,1
1501544100000,1501544159000,1.31972,1.31988,1.31972,1.31987,41480000,1
1501544160000,1501544219000,1.31988,1.31988,1.31971,1.31972,93880000,1
1501544220000,1501544279000,1.31972,1.31973,1.31968,1.31968,73480000,1
1501544280000,1501544339000,1.31968,1.31974,1.31968,1.31971,17610000,1
1501544340000,1501544399000,1.31971,1.31977,1.31969,1.3197,63720000,1
1501544400000,1501544459000,1.3197,1.31973,1.31969,1.31971,20690000,1
1501544460000,1501544519000,1.31971,1.31981,1.3197,1.31981,24350000,1
1501544520000,1501544579000,1.31983,1.31996,1.3198,1.31995,92690000,1
1501544580000,1501544639000,1.31994,1.32003,1.31994,1.31996,69610000,1
1501544640000,1501544699000,1.31996,1.32002,1.31992,1.31992,56300000,1
1501544700000,1501544759000,1.31993,1.31996,1.31992,1.31992,37240000,1
1501544760000,1501544819000,1.31992,1.31995,1.31992,1.31994,17810000,1
1501544820000,1501544879000,1.31993,1.31995,1.31993,1.31993,19500000,1
1501544880000,1501544939000,1.31995,1.31995,1.31992,1.31992,18960000,1
1501544940000,1501544999000,1.31992,1.32032,1.31992,1.32032,68720000,1
1501545000000,1501545059000,1.32032,1.32035,1.32017,1.32018,73540000,1
1501545060000,1501545119000,1.32015,1.32017,1.31994,1.31997,91100000,1
1501545120000,1501545179000,1.31997,1.31997,1.31984,1.31984,69480000,1
1501545180000,1501545239000,1.31985,1.31985,1.31974,1.31982,79490000,1
1501545240000,1501545299000,1.31982,1.31983,1.31969,1.3197,80760000,1
1501545300000,1501545359000,1.31969,1.31976,1.31938,1.31944,153330000,1
1501545360000,1501545419000,1.31944,1.31949,1.31927,1.31938,118800000,1
1501545420000,1501545479000,1.31936,1.31949,1.31924,1.3194,100870000,1
1501545480000,1501545539000,1.3194,1.31969,1.31937,1.31968,121520000,1
1501545540000,1501545599000,1.31968,1.31977,1.31949,1.31967,131160000,1
