openEpochMillis,closeEpochMillis,open,high,low,close,volume,sourceBars
1698796800000,1698797279000,1.46794,1.46798,1.46745,1.46776,362930000,8
1698797280000,1698797759000,1.46773,1.46785,1.46758,1.46771,257720000,8
1698797760000,1698798239000,1.46771,1.46772,1.46752,1.46755,277410000,8
1698798240000,1698798719000,1.46754,1.46771,1.4675,1.46758,144770000,8
1698798720000,1698799199000,1.46759,1.46774,1.46748,1.46772,281160000,8
1698799200000,1698799679000,1.46771,1.46782,1.46763,1.4678,267540000,8
1698799680000,1698800159000,1.46779,1.46806,1.46769,1.46779,481750000,8
1698800160000,1698800639000,1.46781,1.46785,1.46739,1.46757,284200000,8
1698800640000,1698801119000,1.46758,1.46778,1.46725,1.46774,425820000,8
1698801120000,1698801599000,1.46774,1.4679,1.46761,1.46782,290210000,8
1698801600000,1698802079000,1.46783,1.4679,1.46763,1.46778,249310000,8
1698802080000,1698802559000,1.4678,1.46782,1.46725,1.46738,291130000,8
1698802560000,1698803039000,1.46736,1.46756,1.46727,1.46756,168550000,8
1698803040000,1698803519000,1.46756,1.46778,1.46749,1.46761,357330000,8
1698803520000,1698803999000,1.46759,1.4678,1.46752,1.4676,330430000,8
1698804000000,1698804479000,1.4676,1.46763,1.46742,1.46758,276450000,8
1698804480000,1698804959000,1.46754,1.46764,1.46744,1.46751,294020000,8
1698804960000,1698805439000,1.46753,1.46764,1.46745,1.46755,183420000,8
1698805440000,1698805919000,1.46757,1.46778,1.46751,1.4676,276280000,8
1698805920000,1698806399000,1.46759,1.46759,1.46726,1.4674,193760000,8
1698806400000,1698806879000,1.4674,1.46755,1.46714,1.46715,173300000,8
1698806880000,1698807359000,1.46714,1.46722,1.46704,1.4671,184110000,8
1698807360000,1698807839000,1.4671,1.4672,1.46697,1.46704,188300000,8
1698807840000,1698808319000,1.46701,1.46701,1.46671,1.46679,167990000,8
1698808320000,1698808799000,1.46679,1.46696,1.46676,1.46685,160450000,8
1698808800000,1698809279000,1.46679,1.46689,1.46664,1.46675,253180000,8
1698809280000,1698809759000,1.46672,1.46701,1.46663,1.46694,139550000,8
1698809760000,1698810239000,1.46691,1.46703,1.46686,1.46703,92510000,8
1698810240000,1698810719000,1.46702,1.46712,1.46696,1.46703,374690000,8
1698810720000,1698811199000,1.46702,1.46709,1.46691,1.46697,217040000,8
1698811200000,1698811679000,1.46697,1.46713,1.46691,1.4671,170370000,8
1698811680000,1698812159000,1.46711,1.46719,1.46706,1.46709,140070000,8
1698812160000,1698812639000,1.46709,1.46733,1.46709,1.46725,151420000,8
1698812640000,1698813119000,1.46726,1.46731,1.46707,1.46707,143510000,8
1698813120000,1698813599000,1.46707,1.4671,1.46656,1.46672,117910000,8
1698813600000,1698814079000,1.46673,1.46677,1.46664,1.46674,100210000,8
1698814080000,1698814559000,1.46673,1.46674,1.46656,1.4666,155280000,8
1698814560000,1698815039000,1.46665,1.46678,1.46661,1.46669,163550000,8
1698815040000,1698815519000,1.46669,1.46682,1.46665,1.46671,160750000,8
1698815520000,1698815999000,1.46672,1.46676,1.46662,1.46666,111870000,8
1698816000000,1698816479000,1.46665,1.46668,1.46651,1.46663,167860000,8
1698816480000,1698816959000,1.4666,1.46686,1.4666,1.46683,229540000,8
1698816960000,1698817439000,1.46683,1.46701,1.46678,1.46683,296870000,8
1698817440000,1698817919000,1.46681,1.46693,1.46663,1.46685,179640000,8
1698817920000,1698818399000,1.46685,1.46704,1.46672,1.46704,181550000,8
1698818400000,1698818879000,1.46704,1.46727,1.46685,1.46699,355190000,8
1698818880000,1698819359000,1.46701,1.46704,1.46667,1.46667,170920000,8
1698819360000,1698819839000,1.46667,1.4669,1.46667,1.46676,190710000,8
1698819840000,1698820319000,1.46678,1.46686,1.46654,1.46686,182350000,8
1698820320000,1698820799000,1.46688,1.46718,1.46684,1.46711,244510000,8
1698820800000,1698821279000,1.4671,1.4673,1.46698,1.46708,256640000,8
1698821280000,1698821759000,1.46705,1.46715,1.46686,1.46695,422970000,8
1698821760000,1698822239000,1.46695,1.46695,1.46625,1.46659,543670000,8
1698822240000,1698822719000,1.46658,1.46658,1.46611,1.46621,469080000,8
1698822720000,1698823199000,1.46621,1.46646,1.46598,1.46606,486040000,8
1698823200000,1698823679000,1.46607,1.46615,1.46563,1.46602,445280000,8
1698823680000,1698824159000,1.46601,1.46617,1.46581,1.46607,367000000,8
1698824160000,1698824639000,1.46605,1.46608,1.46564,1.4657,416960000,8
1698824640000,1698825119000,1.4657,1.46589,1.46539,1.46553,428800000,8
1698825120000,1698825599000,1.46555,1.46606,1.4654,1.466,399640000,8
1698825600000,1698826079000,1.466,1.46635,1.46579,1.46614,747780000,8
1698826080000,1698826559000,1.46613,1.46628,1.46583,1.46604,579290000,8
1698826560000,1698827039000,1.46606,1.46617,1.46534,1.46559,702880000,8
1698827040000,1698827519000,1.46557,1.46627,1.46557,1.46622,461110000,8
1698827520000,1698827999000,1.46621,1.46645,1.46574,1.46574,415010000,8
1698828000000,1698828479000,1.46572,1.46616,1.46553,1.46616,442850000,8
1698828480000,1698828959000,1.46619,1.46626,1.46597,1.46599,393850000,8
1698828960000,1698829439000,1.46598,1.4661,1.46575,1.46576,507520000,8
1698829440000,1698829919000,1.46574,1.46598,1.4652,1.46541,414240000,8
1698829920000,1698830399000,1.46544,1.46588,1.46512,1.46582,322740000,8
1698830400000,1698830879000,1.46581,1.46588,1.46517,1.46517,454430000,8
1698830880000,1698831359000,1.46515,1.4653,1.46439,1.46469,464030000,8
1698831360000,1698831839000,1.46469,1.46504,1.46445,1.46504,444030000,8
1698831840000,1698832319000,1.465,1.46519,1.46462,1.46463,450360000,8
1698832320000,1698832799000,1.46464,1.46509,1.46459,1.46502,283200000,8
1698832800000,1698833279000,1.46504,1.4651,1.46466,1.46483,366090000,8
1698833280000,1698833759000,1.46487,1.46524,1.46471,1.46519,301870000,8
1698833760000,1698834239000,1.46521,1.46523,1.46473,1.46478,365130000,8
1698834240000,1698834719000,1.46482,1.46509,1.46466,1.46469,356410000,8
1698834720000,1698835199000,1.46468,1.46501,1.46442,1.46489,371470000,8
1698835200000,1698835679000,1.46488,1.46523,1.46468,1.46513,408140000,8
1698835680000,1698836159000,1.46515,1.46516,1.46433,1.46437,384870000,8
1698836160000,1698836639000,1.46435,1.46436,1.46385,1.46394,532700000,8
1698836640000,1698837119000,1.4639,1.46412,1.46373,1.46398,376280000,8
1698837120000,1698837599000,1.46397,1.46405,1.46312,1.46349,460910000,8
1698837600000,1698838079000,1.46352,1.46392,1.46333,1.4638,571490000,8
1698838080000,1698838559000,1.46379,1.46384,1.4633,1.46343,559540000,8
1698838560000,1698839039000,1.46344,1.46359,1.46315,1.46351,485280000,8
1698839040000,1698839519000,1.46351,1.46352,1.46309,1.46331,488300000,8
1698839520000,1698839999000,1.46334,1.46353,1.46307,1.46319,630970000,8
1698840000000,1698840479000,1.4632,1.46379,1.46312,1.46342,825930000,8
1698840480000,1698840959000,1.46346,1.46399,1.46252,1.4634,964760000,8
1698840960000,1698841439000,1.46342,1.46374,1.46331,1.46343,1450890000,8
1698841440000,1698841919000,1.4634,1.46429,1.46328,1.46378,1777690000,8
1698841920000,1698842399000,1.46373,1.46406,1.46319,1.46322,2561990000,8
1698842400000,1698842879000,1.4632,1.46341,1.46221,1.4627,1801190000,8
1698842880000,1698843359000,1.46269,1.46289,1.46224,1.46241,1165030000,8
1698843360000,1698843839000,1.46241,1.46264,1.46096,1.46112,1830990000,8
1698843840000,1698844319000,1.46112,1.46148,1.46058,1.46064,1105440000,8
1698844320000,1698844799000,1.46066,1.46085,1.45986,1.4603,947820000,8
1698844800000,1698845279000,1.46032,1.46087,1.46001,1.46082,830230000,8
1698845280000,1698845759000,1.46083,1.46127,1.46017,1.46125,1350240000,8
1698845760000,1698846239000,1.46124,1.46214,1.46056,1.46197,963370000,8
1698846240000,1698846719000,1.46197,1.46215,1.46125,1.46127,1664750000,8
1698846720000,1698847199000,1.46128,1.46171,1.4608,1.4608,1200200000,8
1698847200000,1698847679000,1.4608,1.46277,1.4608,1.46229,3254720000,8
1698847680000,1698848159000,1.4623,1.46245,1.46104,1.46137,2286040000,8
1698848160000,1698848639000,1.46134,1.46255,1.46134,1.46198,2389310000,8
1698848640000,1698849119000,1.462,1.46286,1.46189,1.46251,2262900000,8
1698849120000,1698849599000,1.4625,1.4629,1.46203,1.46272,1669230000,8
1698849600000,1698850079000,1.46272,1.46323,1.46248,1.4629,1511370000,8
1698850080000,1698850559000,1.46288,1.46314,1.46192,1.46197,1659690000,8
1698850560000,1698851039000,1.46199,1.46256,1.4619,1.46234,1374650000,8
1698851040000,1698851519000,1.46236,1.46322,1.46236,1.463,1247230000,8
1698851520000,1698851999000,1.463,1.46314,1.46243,1.46293,834720000,8
1698852000000,1698852479000,1.46295,1.46307,1.46202,1.46217,776540000,8
1698852480000,1698852959000,1.46215,1.46277,1.46205,1.46266,830960000,8
1698852960000,1698853439000,1.46266,1.46306,1.46253,1.46295,797250000,8
1698853440000,1698853919000,1.46294,1.46324,1.46223,1.46259,811330000,8
1698853920000,1698854399000,1.4626,1.46283,1.46199,1.46272,1356870000,8
1698854400000,1698854879000,1.46274,1.46298,1.46221,1.46241,970420000,8
1698854880000,1698855359000,1.46239,1.4628,1.46223,1.46263,578980000,8
1698855360000,1698855839000,1.46262,1.46294,1.46241,1.4626,443240000,8
1698855840000,1698856319000,1.4626,1.46266,1.46229,1.46244,442400000,8
1698856320000,1698856799000,1.46243,1.46272,1.46221,1.46272,615170000,8
1698856800000,1698857279000,1.46272,1.46314,1.4625,1.463,384430000,8
1698857280000,1698857759000,1.46299,1.46319,1.46274,1.46316,370940000,8
1698857760000,1698858239000,1.46313,1.46316,1.46264,1.46304,582540000,8
1698858240000,1698858719000,1.46306,1.46307,1.46223,1.46234,519230000,8
1698858720000,1698859199000,1.46235,1.46277,1.46229,1.46265,405640000,8
1698859200000,1698859679000,1.46268,1.46337,1.46268,1.46328,352730000,8
1698859680000,1698860159000,1.46328,1.46329,1.46264,1.46288,462480000,8
1698860160000,1698860639000,1.46286,1.46311,1.46272,1.46311,296410000,8
1698860640000,1698861119000,1.46314,1.4635,1.46303,1.46323,377770000,8
1698861120000,1698861599000,1.46321,1.46349,1.46266,1.46266,656470000,8
1698861600000,1698862079000,1.46262,1.46448,1.46251,1.46328,2806230000,8
1698862080000,1698862559000,1.46333,1.46355,1.46249,1.4625,1665670000,8
1698862560000,1698863039000,1.46249,1.463,1.46242,1.46268,1271490000,8
1698863040000,1698863519000,1.46271,1.46347,1.46247,1.46279,1300950000,8
1698863520000,1698863999000,1.46282,1.46376,1.46213,1.46276,3536260000,8
1698864000000,1698864479000,1.46274,1.46304,1.4616,1.46237,3477070000,8
1698864480000,1698864959000,1.46239,1.46327,1.46199,1.4629,3046160000,8
1698864960000,1698865439000,1.46288,1.46354,1.4626,1.46291,2390920000,8
1698865440000,1698865919000,1.4629,1.46392,1.46259,1.4636,2046430000,8
1698865920000,1698866399000,1.46359,1.46411,1.4633,1.46378,2001060000,8
1698866400000,1698866879000,1.4638,1.46401,1.4635,1.46373,1875540000,8
1698866880000,1698867359000,1.46371,1.4646,1.46368,1.46447,1115810000,8
1698867360000,1698867839000,1.46447,1.46486,1.46428,1.46434,815850000,8
1698867840000,1698868319000,1.46433,1.46487,1.46408,1.46471,774310000,8
1698868320000,1698868799000,1.46473,1.46509,1.46437,1.4648,600080000,8
1698868800000,1698869279000,1.46484,1.46619,1.46484,1.46616,359260000,8
1698869280000,1698869759000,1.46616,1.46637,1.46548,1.46553,399870000,8
1698869760000,1698870239000,1.46551,1.46604,1.46532,1.46551,288920000,8
1698870240000,1698870719000,1.46553,1.46571,1.46528,1.46568,231100000,8
1698870720000,1698871199000,1.46565,1.46566,1.46524,1.46525,287920000,8
1698871200000,1698871679000,1.46526,1.46531,1.46472,1.46479,383400000,8
1698871680000,1698872159000,1.4648,1.46487,1.46419,1.46437,676500000,8
1698872160000,1698872639000,1.46437,1.46444,1.46412,1.46422,633360000,8
1698872640000,1698873119000,1.46422,1.46422,1.46312,1.46363,70760000,8
1698873120000,1698873599000,1.46363,1.46389,1.46322,1.46322,120360000,8
1698873600000,1698874079000,1.46367,1.4639,1.46305,1.4638,125000000,8
1698874080000,1698874559000,1.46379,1.46404,1.46366,1.46403,148420000,8
1698874560000,1698875039000,1.46403,1.46417,1.46393,1.46413,307690000,8
1698875040000,1698875519000,1.46399,1.46422,1.46399,1.46409,228750000,8
1698875520000,1698875999000,1.46406,1.46412,1.46333,1.46372,164000000,8
1698876000000,1698876479000,1.46365,1.46462,1.46365,1.46447,148090000,8
1698876480000,1698876959000,1.46447,1.46459,1.46423,1.46446,136740000,8
1698876960000,1698877439000,1.46445,1.46456,1.46417,1.46427,178890000,8
1698877440000,1698877919000,1.46429,1.46438,1.4641,1.46437,139770000,8
1698877920000,1698878399000,1.46436,1.46455,1.46434,1.46451,56100000,8
1698878400000,1698878879000,1.4645,1.46462,1.46439,1.46461,121060000,8
1698878880000,1698879359000,1.46462,1.46462,1.46435,1.46456,110630000,8
1698879360000,1698879839000,1.46457,1.46467,1.4644,1.46443,183970000,8
1698879840000,1698880319000,1.46447,1.46468,1.46436,1.46462,215220000,8
1698880320000,1698880799000,1.46463,1.46495,1.46457,1.46465,263220000,8
1698880800000,1698881279000,1.46467,1.46481,1.46452,1.46459,169550000,8
1698881280000,1698881759000,1.46461,1.46464,1.46444,1.46463,131880000,8
1698881760000,1698882239000,1.46462,1.46465,1.46442,1.46442,193960000,8
1698882240000,1698882719000,1.46444,1.4646,1.46435,1.46449,203880000,8
1698882720000,1698883199000,1.46449,1.46465,1.46431,1.46452,187060000,8
1698883200000,1698883679000,1.46451,1.4647,1.46411,1.46455,529710000,8
1698883680000,1698884159000,1.46452,1.4648,1.46445,1.46469,303750000,8
1698884160000,1698884639000,1.4647,1.4654,1.46456,1.4653,362050000,8
1698884640000,1698885119000,1.4653,1.46593,1.46524,1.46586,325150000,8
1698885120000,1698885599000,1.46587,1.46605,1.46581,1.46588,319260000,8
1698885600000,1698886079000,1.46587,1.46593,1.46558,1.46588,389570000,8
1698886080000,1698886559000,1.46591,1.46591,1.46553,1.46573,406000000,8
1698886560000,1698887039000,1.46573,1.46627,1.4657,1.46613,425040000,8
1698887040000,1698887519000,1.46611,1.46612,1.46592,1.46595,463930000,8
1698887520000,1698887999000,1.46599,1.46606,1.46582,1.46596,402870000,8
1698888000000,1698888479000,1.46598,1.46612,1.46566,1.46605,526930000,8
1698888480000,1698888959000,1.46602,1.46614,1.46575,1.46599,504730000,8
1698888960000,1698889439000,1.466,1.46619,1.46575,1.4658,352970000,8
1698889440000,1698889919000,1.4658,1.46627,1.46575,1.46606,353280000,8
1698889920000,1698890399000,1.46606,1.46611,1.46573,1.46586,329290000,8
1698890400000,1698890879000,1.46584,1.46592,1.4657,1.46574,306400000,8
1698890880000,1698891359000,1.46576,1.46586,1.46549,1.46563,291910000,8
1698891360000,1698891839000,1.46561,1.46567,1.46531,1.46543,251480000,8
1698891840000,1698892319000,1.46543,1.46547,1.46505,1.46515,397800000,8
1698892320000,1698892799000,1.46514,1.46531,1.46502,1.46502,229020000,8
1698892800000,1698893279000,1.46503,1.46514,1.46497,1.46502,250160000,8
1698893280000,1698893759000,1.46505,1.46522,1.46499,1.46505,305060000,8
1698893760000,1698894239000,1.46506,1.46513,1.46485,1.465,252950000,8
1698894240000,1698894719000,1.46501,1.46531,1.4649,1.46525,261720000,8
1698894720000,1698895199000,1.46524,1.46585,1.46524,1.46574,263850000,8
1698895200000,1698895679000,1.46573,1.46575,1.46562,1.46575,118260000,8
1698895680000,1698896159000,1.46577,1.46585,1.46561,1.46567,147060000,8
1698896160000,1698896639000,1.46568,1.46585,1.46562,1.46584,184740000,8
1698896640000,1698897119000,1.46585,1.46595,1.46581,1.46592,167060000,8
1698897120000,1698897599000,1.46594,1.46595,1.46583,1.46588,141370000,8
1698897600000,1698898079000,1.4659,1.46592,1.46573,1.46579,117950000,8
1698898080000,1698898559000,1.46578,1.46585,1.46569,1.4658,96040000,8
1698898560000,1698899039000,1.46577,1.46577,1.46558,1.46573,131380000,8
1698899040000,1698899519000,1.46574,1.46596,1.46563,1.46574,219880000,8
1698899520000,1698899999000,1.46576,1.46583,1.46562,1.46562,163860000,8
1698900000000,1698900479000,1.46563,1.4657,1.46548,1.46567,217920000,8
1698900480000,1698900959000,1.46567,1.46601,1.46567,1.46593,139720000,8
1698900960000,1698901439000,1.46591,1.46618,1.4658,1.46618,236200000,8
1698901440000,1698901919000,1.46616,1.46633,1.46604,1.46623,290830000,8
1698901920000,1698902399000,1.46625,1.4664,1.46582,1.46597,236140000,8
1698902400000,1698902879000,1.46598,1.46641,1.4659,1.46635,230140000,8
1698902880000,1698903359000,1.46634,1.4664,1.466,1.46605,225110000,8
1698903360000,1698903839000,1.46605,1.46617,1.46577,1.4659,302510000,8
1698903840000,1698904319000,1.46589,1.46593,1.46564,1.46573,179370000,8
1698904320000,1698904799000,1.46571,1.46601,1.46562,1.46589,178370000,8
1698904800000,1698905279000,1.46589,1.46685,1.46585,1.46682,394300000,8
1698905280000,1698905759000,1.46687,1.46711,1.46681,1.46703,224480000,8
1698905760000,1698906239000,1.467,1.46707,1.4667,1.46674,226300000,8
1698906240000,1698906719000,1.46674,1.46685,1.46636,1.46638,257860000,8
1698906720000,1698907199000,1.46639,1.4664,1.46587,1.46601,283920000,8
1698907200000,1698907679000,1.46599,1.46607,1.46585,1.46591,343630000,8
1698907680000,1698908159000,1.46589,1.46645,1.46586,1.46645,230160000,8
1698908160000,1698908639000,1.46648,1.46656,1.46607,1.46625,587460000,8
1698908640000,1698909119000,1.46626,1.46687,1.4662,1.46685,417020000,8
1698909120000,1698909599000,1.46685,1.46703,1.46638,1.46647,482450000,8
1698909600000,1698910079000,1.46647,1.46728,1.46625,1.46726,448650000,8
1698910080000,1698910559000,1.46725,1.46764,1.4672,1.4674,387040000,8
1698910560000,1698911039000,1.46745,1.4681,1.46724,1.46734,544910000,8
1698911040000,1698911519000,1.46739,1.46762,1.46712,1.46748,511840000,8
1698911520000,1698911999000,1.46751,1.46783,1.46732,1.46734,777690000,8
1698912000000,1698912479000,1.46735,1.46764,1.4668,1.46735,940230000,8
1698912480000,1698912959000,1.46736,1.46772,1.46689,1.46709,901160000,8
1698912960000,1698913439000,1.46709,1.46716,1.46632,1.46683,986180000,8
1698913440000,1698913919000,1.46682,1.46707,1.4665,1.46682,939550000,8
1698913920000,1698914399000,1.46686,1.46764,1.46671,1.46763,731540000,8
1698914400000,1698914879000,1.46762,1.46812,1.46718,1.46718,865030000,8
1698914880000,1698915359000,1.4672,1.46731,1.46656,1.46659,640190000,8
1698915360000,1698915839000,1.46659,1.46661,1.46609,1.4664,697250000,8
1698915840000,1698916319000,1.46639,1.46645,1.46565,1.46586,589870000,8
1698916320000,1698916799000,1.46584,1.46656,1.46563,1.46608,798020000,8
1698916800000,1698917279000,1.46608,1.46679,1.46589,1.46679,816140000,8
1698917280000,1698917759000,1.46679,1.46726,1.4664,1.46645,1033040000,8
1698917760000,1698918239000,1.46645,1.46668,1.466,1.46638,736240000,8
1698918240000,1698918719000,1.46638,1.4667,1.46604,1.46628,819340000,8
1698918720000,1698919199000,1.46627,1.46707,1.46616,1.46678,586020000,8
1698919200000,1698919679000,1.4668,1.46872,1.4668,1.46857,705300000,8
1698919680000,1698920159000,1.46857,1.46858,1.46798,1.468,588820000,8
1698920160000,1698920639000,1.4681,1.46865,1.468,1.46864,474890000,8
1698920640000,1698921119000,1.46864,1.4688,1.46846,1.46851,403190000,8
1698921120000,1698921599000,1.46852,1.46857,1.46797,1.46819,467330000,8
1698921600000,1698922079000,1.46822,1.46885,1.46805,1.46806,551430000,8
1698922080000,1698922559000,1.46802,1.46855,1.46794,1.46837,481070000,8
1698922560000,1698923039000,1.46836,1.46884,1.46808,1.46856,705420000,8
1698923040000,1698923519000,1.46858,1.46906,1.46835,1.46875,608740000,8
1698923520000,1698923999000,1.46874,1.4689,1.46832,1.46837,563910000,8
1698924000000,1698924479000,1.46835,1.46868,1.4681,1.46845,526630000,8
1698924480000,1698924959000,1.46845,1.46846,1.46776,1.46813,740050000,8
1698924960000,1698925439000,1.46811,1.46827,1.46774,1.4678,481840000,8
1698925440000,1698925919000,1.46781,1.46812,1.46766,1.46799,509250000,8
1698925920000,1698926399000,1.46798,1.46803,1.46752,1.46798,458930000,8
1698926400000,1698926879000,1.46799,1.46882,1.46771,1.4688,957900000,8
1698926880000,1698927359000,1.46879,1.47002,1.46879,1.46986,943150000,8
1698927360000,1698927839000,1.46988,1.47132,1.46981,1.47098,1153630000,8
1698927840000,1698928319000,1.47097,1.47187,1.47013,1.4713,1495300000,8
1698928320000,1698928799000,1.47132,1.47182,1.47089,1.47108,1655090000,8
1698928800000,1698929279000,1.47107,1.4714,1.47035,1.4705,1393450000,8
1698929280000,1698929759000,1.4705,1.47119,1.47037,1.47046,1611280000,8
1698929760000,1698930239000,1.47046,1.47088,1.46989,1.47002,1668300000,8
1698930240000,1698930719000,1.47002,1.47087,1.46936,1.47078,1502980000,8
1698930720000,1698931199000,1.47082,1.4712,1.46948,1.46964,1344280000,8
1698931200000,1698931679000,1.46965,1.4699,1.46907,1.46947,1086800000,8
1698931680000,1698932159000,1.46946,1.46978,1.46818,1.46845,1613330000,8
1698932160000,1698932639000,1.46841,1.46847,1.46778,1.46792,1720100000,8
1698932640000,1698933119000,1.46793,1.46817,1.46651,1.46669,1799620000,8
1698933120000,1698933599000,1.46669,1.46685,1.46574,1.46617,1329860000,8
1698933600000,1698934079000,1.46616,1.46627,1.46554,1.46566,1767050000,8
1698934080000,1698934559000,1.46566,1.46693,1.46549,1.46684,1501930000,8
1698934560000,1698935039000,1.46679,1.46689,1.46637,1.46657,892020000,8
1698935040000,1698935519000,1.46655,1.46656,1.46604,1.46627,1086510000,8
1698935520000,1698935999000,1.46629,1.46762,1.46618,1.46751,1090440000,8
1698936000000,1698936479000,1.46751,1.46755,1.46678,1.46688,873130000,8
1698936480000,1698936959000,1.46685,1.46797,1.4666,1.46768,906230000,8
1698936960000,1698937439000,1.46769,1.46778,1.46676,1.46701,1319250000,8
1698937440000,1698937919000,1.46703,1.46789,1.46696,1.46774,898180000,8
1698937920000,1698938399000,1.46776,1.46789,1.46671,1.46698,1109000000,8
1698938400000,1698938879000,1.46698,1.46698,1.46644,1.46665,908220000,8
1698938880000,1698939359000,1.46663,1.46666,1.46566,1.46592,1284890000,8
1698939360000,1698939839000,1.46596,1.46605,1.46524,1.46536,811610000,8
1698939840000,1698940319000,1.46538,1.46538,1.46403,1.46408,808840000,8
1698940320000,1698940799000,1.46408,1.46434,1.46379,1.46396,1067240000,8
1698940800000,1698941279000,1.46395,1.46483,1.46382,1.46469,1102500000,8
1698941280000,1698941759000,1.46468,1.46484,1.46329,1.46383,1168920000,8
1698941760000,1698942239000,1.46383,1.46393,1.46334,1.46361,730930000,8
1698942240000,1698942719000,1.46361,1.46388,1.46349,1.4635,938820000,8
1698942720000,1698943199000,1.46352,1.46354,1.46261,1.46263,696560000,8
1698943200000,1698943679000,1.46262,1.46265,1.46214,1.46255,471410000,8
1698943680000,1698944159000,1.46255,1.46287,1.4623,1.46246,501950000,8
1698944160000,1698944639000,1.46247,1.46317,1.46217,1.46269,781770000,8
1698944640000,1698945119000,1.4627,1.46277,1.46224,1.46225,435780000,8
1698945120000,1698945599000,1.46225,1.46227,1.46184,1.46218,457680000,8
1698945600000,1698946079000,1.46218,1.4625,1.46199,1.46199,365640000,8
1698946080000,1698946559000,1.46201,1.46219,1.46117,1.46167,475190000,8
1698946560000,1698947039000,1.46165,1.46204,1.46139,1.46195,481330000,8
1698947040000,1698947519000,1.46194,1.46218,1.46165,1.46182,369310000,8
1698947520000,1698947999000,1.46182,1.46189,1.46142,1.46153,428440000,8
1698948000000,1698948479000,1.46154,1.46179,1.4613,1.46168,529790000,8
1698948480000,1698948959000,1.46171,1.46231,1.46162,1.46216,378910000,8
1698948960000,1698949439000,1.46219,1.46247,1.46144,1.46147,400120000,8
1698949440000,1698949919000,1.46145,1.4615,1.46094,1.46109,408800000,8
1698949920000,1698950399000,1.46109,1.46117,1.46066,1.46078,355380000,8
1698950400000,1698950879000,1.46079,1.46126,1.46062,1.46108,389040000,8
1698950880000,1698951359000,1.46108,1.46149,1.46103,1.46149,294020000,8
1698951360000,1698951839000,1.4615,1.4616,1.461,1.46116,405810000,8
1698951840000,1698952319000,1.46114,1.46121,1.46067,1.46079,387420000,8
1698952320000,1698952799000,1.4608,1.46103,1.46043,1.46046,359750000,8
1698952800000,1698953279000,1.46045,1.46059,1.46021,1.46031,385810000,8
1698953280000,1698953759000,1.46032,1.46041,1.45992,1.45995,239510000,8
1698953760000,1698954239000,1.45993,1.45995,1.45875,1.45881,529680000,8
1698954240000,1698954719000,1.45883,1.45909,1.45872,1.45883,342930000,8
1698954720000,1698955199000,1.45887,1.45944,1.45853,1.4594,502510000,8
1698955200000,1698955679000,1.45934,1.45952,1.4591,1.45951,254140000,8
1698955680000,1698956159000,1.4595,1.4596,1.45928,1.45937,253960000,8
1698956160000,1698956639000,1.45936,1.45971,1.45921,1.4593,177670000,8
1698956640000,1698957119000,1.45933,1.45949,1.45921,1.4593,227200000,8
1698957120000,1698957599000,1.4593,1.45953,1.45901,1.45917,197670000,8
1698957600000,1698958079000,1.45917,1.45931,1.45906,1.45911,156490000,8
1698958080000,1698958559000,1.45913,1.4593,1.45874,1.45903,465860000,8
1698958560000,1698959039000,1.45902,1.45912,1.45881,1.45883,407930000,8
1698959040000,1698959519000,1.45883,1.45909,1.45734,1.45845,306980000,8
1698959520000,1698959999000,1.45839,1.45864,1.45825,1.45852,909320000,8
1698960000000,1698960479000,1.45851,1.45885,1.45818,1.45848,811760000,8
1698960480000,1698960959000,1.45868,1.4595,1.45845,1.45917,290730000,8
1698960960000,1698961439000,1.45917,1.45929,1.45874,1.45926,651310000,8
1698961440000,1698961919000,1.45926,1.45946,1.45921,1.45936,339970000,8
1698961920000,1698962399000,1.45935,1.45949,1.45845,1.45918,447800000,8
1698962400000,1698962879000,1.45925,1.45943,1.45902,1.45935,110290000,8
1698962880000,1698963359000,1.45935,1.4595,1.45928,1.45936,81360000,8
1698963360000,1698963839000,1.45938,1.45939,1.45923,1.45923,79100000,8
1698963840000,1698964319000,1.45926,1.45953,1.45924,1.45944,72100000,8
1698964320000,1698964799000,1.45943,1.45944,1.4592,1.4592,72600000,8
1698964800000,1698965279000,1.45923,1.45934,1.45905,1.45908,68450000,8
1698965280000,1698965759000,1.45908,1.45912,1.45899,1.45909,41810000,8
1698965760000,1698966239000,1.45909,1.45919,1.45883,1.45917,137590000,8
1698966240000,1698966719000,1.45916,1.45923,1.45901,1.45914,104880000,8
1698966720000,1698967199000,1.45911,1.45929,1.4591,1.4592,82490000,8
1698967200000,1698967679000,1.4592,1.45942,1.45919,1.45941,62220000,8
1698967680000,1698968159000,1.45941,1.45951,1.45927,1.45934,58760000,8
1698968160000,1698968639000,1.45934,1.45949,1.45927,1.45947,87010000,8
1698968640000,1698969119000,1.45946,1.45956,1.4593,1.45937,92730000,8
1698969120000,1698969599000,1.45937,1.45954,1.45928,1.45931,107660000,8
1698969600000,1698970079000,1.45934,1.45969,1.45932,1.45969,156630000,8
1698970080000,1698970559000,1.45964,1.45983,1.45956,1.45979,176500000,8
1698970560000,1698971039000,1.4598,1.46001,1.45974,1.45998,126920000,8
1698971040000,1698971519000,1.45998,1.46061,1.45998,1.46046,324950000,8
1698971520000,1698971999000,1.46046,1.46063,1.46038,1.46055,289700000,8
1698972000000,1698972479000,1.46053,1.46076,1.46047,1.46052,189060000,8
1698972480000,1698972959000,1.46052,1.46075,1.46035,1.46064,253100000,8
1698972960000,1698973439000,1.46062,1.46082,1.46048,1.46049,196740000,8
1698973440000,1698973919000,1.46048,1.46066,1.46026,1.46031,184310000,8
1698973920000,1698974399000,1.46032,1.46066,1.46025,1.46046,315390000,8
1698974400000,1698974879000,1.46047,1.46078,1.46047,1.46073,281370000,8
1698974880000,1698975359000,1.46076,1.46084,1.46053,1.46057,227130000,8
1698975360000,1698975839000,1.46056,1.46068,1.46043,1.46046,300260000,8
1698975840000,1698976319000,1.46044,1.4607,1.46044,1.46057,255550000,8
1698976320000,1698976799000,1.46057,1.46084,1.46052,1.46082,237300000,8
1698976800000,1698977279000,1.46082,1.46095,1.46066,1.46094,313010000,8
1698977280000,1698977759000,1.46092,1.46119,1.46091,1.46119,141250000,8
1698977760000,1698978239000,1.4612,1.4612,1.4606,1.46069,217600000,8
1698978240000,1698978719000,1.4607,1.46072,1.46051,1.46063,245320000,8
1698978720000,1698979199000,1.46062,1.46065,1.46009,1.46013,260040000,8
1698979200000,1698979679000,1.46012,1.46045,1.46009,1.46025,264460000,8
1698979680000,1698980159000,1.46023,1.46028,1.46005,1.46005,219000000,8
1698980160000,1698980639000,1.46005,1.46016,1.45994,1.45994,186470000,8
1698980640000,1698981119000,1.45992,1.46007,1.45992,1.46003,150770000,8
1698981120000,1698981599000,1.46003,1.46021,1.45998,1.46002,245520000,8
1698981600000,1698982079000,1.46002,1.46008,1.4599,1.46007,152790000,8
1698982080000,1698982559000,1.46005,1.46024,1.46,1.46016,92660000,8
1698982560000,1698983039000,1.46016,1.46036,1.46013,1.46032,50960000,8
1698983040000,1698983519000,1.46033,1.46037,1.46005,1.46014,163240000,8
1698983520000,1698983999000,1.46012,1.46014,1.45994,1.4601,132300000,8
1698984000000,1698984479000,1.46009,1.4601,1.45986,1.45987,137290000,8
1698984480000,1698984959000,1.45987,1.46011,1.45985,1.46008,104030000,8
1698984960000,1698985439000,1.46005,1.46018,1.46002,1.46012,119140000,8
1698985440000,1698985919000,1.46012,1.46018,1.46,1.46,103990000,8
1698985920000,1698986399000,1.46001,1.46004,1.45991,1.46003,136480000,8
1698986400000,1698986879000,1.46,1.46006,1.45991,1.46002,108580000,8
1698986880000,1698987359000,1.46002,1.46013,1.45996,1.46002,121840000,8
1698987360000,1698987839000,1.46,1.46005,1.45987,1.45998,147390000,8
1698987840000,1698988319000,1.45997,1.46017,1.45992,1.45993,128460000,8
1698988320000,1698988799000,1.45994,1.46009,1.45989,1.45995,158540000,8
1698988800000,1698989279000,1.45996,1.46012,1.45995,1.46004,83620000,8
1698989280000,1698989759000,1.46005,1.46021,1.45995,1.46021,190440000,8
1698989760000,1698990239000,1.4602,1.46031,1.46005,1.46009,147010000,8
1698990240000,1698990719000,1.46012,1.46043,1.46007,1.46041,200250000,8
1698990720000,1698991199000,1.4604,1.46052,1.45978,1.45991,258290000,8
1698991200000,1698991679000,1.45988,1.46001,1.45975,1.45993,159530000,8
1698991680000,1698992159000,1.45991,1.46004,1.45989,1.45994,149160000,8
1698992160000,1698992639000,1.45996,1.4601,1.45983,1.46002,155940000,8
1698992640000,1698993119000,1.46005,1.46039,1.46003,1.46037,155940000,8
1698993120000,1698993599000,1.46037,1.46051,1.46027,1.46048,125600000,8
1698993600000,1698994079000,1.46048,1.4606,1.4602,1.46021,148240000,8
1698994080000,1698994559000,1.46022,1.4605,1.46021,1.4603,172790000,8
1698994560000,1698995039000,1.46028,1.46035,1.45996,1.45996,419440000,8
1698995040000,1698995519000,1.45993,1.46013,1.45974,1.46003,387090000,8
1698995520000,1698995999000,1.46001,1.46005,1.45969,1.4599,398700000,8
1698996000000,1698996479000,1.45988,1.46031,1.45979,1.45981,325550000,8
1698996480000,1698996959000,1.45981,1.46034,1.45981,1.46011,306570000,8
1698996960000,1698997439000,1.46013,1.46013,1.45889,1.4589,368250000,8
1698997440000,1698997919000,1.45891,1.45945,1.45888,1.45938,425570000,8
1698997920000,1698998399000,1.45941,1.4597,1.45934,1.45941,340100000,8
1698998400000,1698998879000,1.45939,1.45992,1.45894,1.45974,738960000,8
1698998880000,1698999359000,1.45974,1.46022,1.45945,1.46022,698030000,8
1698999360000,1698999839000,1.4602,1.46038,1.45959,1.45961,488410000,8
1698999840000,1699000319000,1.45963,1.4598,1.45944,1.45953,377500000,8
1699000320000,1699000799000,1.45951,1.46,1.45936,1.45944,379730000,8
1699000800000,1699001279000,1.45944,1.46008,1.45912,1.46002,449250000,8
1699001280000,1699001759000,1.46005,1.46044,1.45987,1.4604,391770000,8
1699001760000,1699002239000,1.4604,1.46088,1.46028,1.46086,500920000,8
1699002240000,1699002719000,1.46083,1.46174,1.4607,1.4617,591450000,8
1699002720000,1699003199000,1.46169,1.46237,1.46161,1.46233,457850000,8
1699003200000,1699003679000,1.46232,1.46241,1.46173,1.46189,427720000,8
1699003680000,1699004159000,1.4619,1.46245,1.4618,1.46243,326080000,8
1699004160000,1699004639000,1.46247,1.46259,1.46211,1.46222,391920000,8
1699004640000,1699005119000,1.46222,1.46268,1.46216,1.46262,624930000,8
1699005120000,1699005599000,1.46263,1.46349,1.46255,1.46323,613670000,8
1699005600000,1699006079000,1.46318,1.4632,1.46282,1.46303,486140000,8
1699006080000,1699006559000,1.46303,1.46324,1.46277,1.46304,530640000,8
1699006560000,1699007039000,1.46304,1.46331,1.46297,1.46318,351250000,8
1699007040000,1699007519000,1.46317,1.46334,1.46271,1.46277,516480000,8
1699007520000,1699007999000,1.46279,1.463,1.46257,1.46299,575980000,8
1699008000000,1699008479000,1.46299,1.46302,1.46238,1.46244,474120000,8
1699008480000,1699008959000,1.46244,1.46283,1.4623,1.46252,386410000,8
1699008960000,1699009439000,1.46253,1.46277,1.46215,1.46266,370570000,8
1699009440000,1699009919000,1.46266,1.46293,1.46245,1.46286,281680000,8
1699009920000,1699010399000,1.46288,1.46298,1.46246,1.46249,321670000,8
1699010400000,1699010879000,1.46253,1.46316,1.46253,1.46308,413720000,8
1699010880000,1699011359000,1.46308,1.46326,1.46289,1.46303,489550000,8
1699011360000,1699011839000,1.46302,1.46308,1.46253,1.46305,507490000,8
1699011840000,1699012319000,1.46305,1.46313,1.46252,1.46266,443240000,8
1699012320000,1699012799000,1.46265,1.46284,1.4624,1.4628,494480000,8
1699012800000,1699013279000,1.46283,1.4631,1.46258,1.4631,498030000,8
1699013280000,1699013759000,1.46312,1.46374,1.46286,1.4636,536130000,8
1699013760000,1699014239000,1.46358,1.46429,1.46358,1.46392,547820000,8
1699014240000,1699014719000,1.46394,1.46647,1.46286,1.4655,2268340000,8
1699014720000,1699015199000,1.4655,1.46707,1.4652,1.46696,3029900000,8
1699015200000,1699015679000,1.46697,1.46777,1.466,1.46733,2683700000,8
1699015680000,1699016159000,1.46733,1.4679,1.46642,1.46675,2354930000,8
1699016160000,1699016639000,1.46673,1.46694,1.46607,1.46624,1782790000,8
1699016640000,1699017119000,1.46627,1.46674,1.46496,1.46502,2246320000,8
1699017120000,1699017599000,1.46503,1.46579,1.465,1.46519,1708070000,8
1699017600000,1699018079000,1.46521,1.46642,1.46521,1.46625,2310670000,8
1699018080000,1699018559000,1.46627,1.46645,1.46534,1.46539,2267580000,8
1699018560000,1699019039000,1.46542,1.4658,1.46463,1.46483,1813150000,8
1699019040000,1699019519000,1.46485,1.46633,1.4646,1.46611,2052670000,8
1699019520000,1699019999000,1.46609,1.46609,1.46533,1.46576,1657580000,8
1699020000000,1699020479000,1.46552,1.46733,1.46454,1.46512,3311020000,8
1699020480000,1699020959000,1.46515,1.46611,1.46507,1.46554,2232470000,8
1699020960000,1699021439000,1.46555,1.46621,1.46524,1.46538,1836410000,8
1699021440000,1699021919000,1.46539,1.4668,1.46452,1.46672,1958460000,8
1699021920000,1699022399000,1.46673,1.46731,1.46645,1.4668,2104550000,8
1699022400000,1699022879000,1.46682,1.46689,1.46581,1.46664,1991430000,8
1699022880000,1699023359000,1.46664,1.4686,1.46664,1.4686,1646710000,8
1699023360000,1699023839000,1.46857,1.46872,1.4681,1.46825,1584850000,8
1699023840000,1699024319000,1.46827,1.46846,1.46778,1.46806,1356070000,8
1699024320000,1699024799000,1.46805,1.46841,1.4677,1.46792,1194030000,8
1699024800000,1699025279000,1.46791,1.46911,1.46791,1.46884,1062630000,8
1699025280000,1699025759000,1.46883,1.46899,1.46837,1.46845,1322490000,8
1699025760000,1699026239000,1.46844,1.46871,1.46765,1.46769,908330000,8
1699026240000,1699026719000,1.4677,1.46783,1.4672,1.4673,1153160000,8
1699026720000,1699027199000,1.46731,1.46785,1.46687,1.46728,1623180000,8
1699027200000,1699027679000,1.46728,1.4681,1.46719,1.46769,1219370000,8
1699027680000,1699028159000,1.4677,1.4686,1.46754,1.46827,968870000,8
1699028160000,1699028639000,1.46827,1.46844,1.46765,1.46788,1294280000,8
1699028640000,1699029119000,1.4679,1.46809,1.46753,1.46773,870630000,8
1699029120000,1699029599000,1.46772,1.46781,1.46699,1.46714,784050000,8
1699029600000,1699030079000,1.46716,1.46728,1.46673,1.46687,711110000,8
1699030080000,1699030559000,1.46687,1.46714,1.46599,1.46601,728650000,8
1699030560000,1699031039000,1.46599,1.46728,1.46596,1.46675,747320000,8
1699031040000,1699031519000,1.46675,1.46779,1.46675,1.46767,829390000,8
1699031520000,1699031999000,1.46764,1.46804,1.46739,1.46803,597380000,8
1699032000000,1699032479000,1.46805,1.46833,1.46795,1.46827,454360000,8
1699032480000,1699032959000,1.46829,1.46831,1.4679,1.46812,438180000,8
1699032960000,1699033439000,1.46815,1.46819,1.46775,1.46791,600500000,8
1699033440000,1699033919000,1.46793,1.46865,1.46785,1.46845,418300000,8
1699033920000,1699034399000,1.46838,1.46855,1.46796,1.46843,421990000,8
1699034400000,1699034879000,1.46844,1.46855,1.46806,1.46846,382020000,8
1699034880000,1699035359000,1.46849,1.46861,1.46814,1.46826,397960000,8
1699035360000,1699035839000,1.4683,1.46837,1.46773,1.4678,335670000,8
1699035840000,1699036319000,1.46777,1.46788,1.46762,1.46774,250010000,8
1699036320000,1699036799000,1.46779,1.46788,1.46719,1.46721,327070000,8
1699036800000,1699037279000,1.46718,1.46742,1.46697,1.467,272910000,8
1699037280000,1699037759000,1.46699,1.46699,1.46647,1.4665,314600000,8
1699037760000,1699038239000,1.46649,1.46675,1.4663,1.46643,385130000,8
1699038240000,1699038719000,1.46644,1.46672,1.46629,1.46635,520780000,8
1699038720000,1699039199000,1.46639,1.46649,1.46575,1.46591,307700000,8
1699039200000,1699039679000,1.46591,1.4662,1.4657,1.4657,537240000,8
1699039680000,1699040159000,1.46569,1.46609,1.46569,1.46576,338180000,8
1699040160000,1699040639000,1.46577,1.46589,1.46562,1.46586,308930000,8
1699040640000,1699041119000,1.46586,1.46591,1.46547,1.46586,326920000,8
1699041120000,1699041599000,1.46583,1.46601,1.46562,1.46592,355730000,8
1699041600000,1699042079000,1.46598,1.46612,1.46577,1.46599,260850000,8
1699042080000,1699042559000,1.46598,1.46628,1.46598,1.4661,169120000,8
1699042560000,1699043039000,1.4661,1.46644,1.46603,1.46644,154420000,8
1699043040000,1699043519000,1.46639,1.46649,1.46614,1.46622,171590000,8
1699043520000,1699043999000,1.46623,1.46639,1.466,1.46608,207320000,8
1699044000000,1699044479000,1.46606,1.46639,1.46596,1.46597,377870000,8
1699044480000,1699044959000,1.46597,1.46621,1.46489,1.46494,784200000,8
1699044960000,1699045439000,1.46494,1.4654,1.46473,1.46482,483540000,8
1699045440000,1699045919000,1.46482,1.46482,1.46482,1.46482,0,8
1699045920000,1699046399000,1.46482,1.46482,1.46482,1.46482,0,8
1699046400000,1699046879000,1.46482,1.46482,1.46482,1.46482,0,8
1699046880000,1699047359000,1.46482,1.46482,1.46482,1.46482,0,8
1699047360000,1699047839000,1.46482,1.46482,1.46482,1.46482,0,8
1699047840000,1699048319000,1.46482,1.46482,1.46482,1.46482,0,8
1699048320000,1699048799000,1.46482,1.46482,1.46482,1.46482,0,8
1699048800000,1699049279000,1.46482,1.46482,1.46482,1.46482,0,8
1699049280000,1699049759000,1.46482,1.46482,1.46482,1.46482,0,8
1699049760000,1699050239000,1.46482,1.46482,1.46482,1.46482,0,8
1699050240000,1699050719000,1.46482,1.46482,1.46482,1.46482,0,8
1699050720000,1699051199000,1.46482,1.46482,1.46482,1.46482,0,8
1699051200000,1699051679000,1.46482,1.46482,1.46482,1.46482,0,8
1699051680000,1699052159000,1.46482,1.46482,1.46482,1.46482,0,8
1699052160000,1699052639000,1.46482,1.46482,1.46482,1.46482,0,8
1699052640000,1699053119000,1.46482,1.46482,1.46482,1.46482,0,8
1699053120000,1699053599000,1.46482,1.46482,1.46482,1.46482,0,8
1699053600000,1699054079000,1.46482,1.46482,1.46482,1.46482,0,8
1699054080000,1699054559000,1.46482,1.46482,1.46482,1.46482,0,8
1699054560000,1699055039000,1.46482,1.46482,1.46482,1.46482,0,8
1699055040000,1699055519000,1.46482,1.46482,1.46482,1.46482,0,8
1699055520000,1699055999000,1.46482,1.46482,1.46482,1.46482,0,8
1699221600000,1699222079000,1.46365,1.46493,1.46365,1.46487,107350000,8
1699222080000,1699222559000,1.46491,1.46498,1.46449,1.46467,131320000,8
1699222560000,1699223039000,1.46467,1.46505,1.46442,1.46489,264940000,8
1699223040000,1699223519000,1.4649,1.46508,1.46466,1.4649,343040000,8
1699223520000,1699223999000,1.46495,1.46548,1.4646,1.46496,158170000,8
1699224000000,1699224479000,1.46494,1.46525,1.46472,1.46524,150900000,8
1699224480000,1699224959000,1.46526,1.46532,1.46504,1.46532,55520000,8
1699224960000,1699225439000,1.46531,1.46555,1.46506,1.46511,357470000,8
1699225440000,1699225919000,1.46511,1.46531,1.46476,1.46487,269080000,8
1699225920000,1699226399000,1.46487,1.46517,1.46472,1.46515,206790000,8
1699226400000,1699226879000,1.46516,1.46521,1.46492,1.46514,162380000,8
1699226880000,1699227359000,1.46515,1.4653,1.46503,1.46528,205580000,8
1699227360000,1699227839000,1.46527,1.46556,1.46518,1.46543,153300000,8
1699227840000,1699228319000,1.46544,1.46577,1.46543,1.46573,189880000,8
1699228320000,1699228799000,1.46573,1.46601,1.46571,1.46593,193930000,8
1699228800000,1699229279000,1.46595,1.46598,1.46505,1.46514,307840000,8
1699229280000,1699229759000,1.46519,1.46556,1.46507,1.46555,325330000,8
1699229760000,1699230239000,1.46557,1.4656,1.46537,1.46547,250880000,8
1699230240000,1699230719000,1.46547,1.46574,1.46547,1.4657,273230000,8
1699230720000,1699231199000,1.46569,1.46584,1.46553,1.46573,215100000,8
1699231200000,1699231679000,1.46573,1.46577,1.46544,1.46545,203920000,8
1699231680000,1699232159000,1.46548,1.46555,1.46497,1.46513,239100000,8
1699232160000,1699232639000,1.46515,1.46536,1.465,1.46534,339990000,8
1699232640000,1699233119000,1.46536,1.46555,1.46524,1.46544,262400000,8
1699233120000,1699233599000,1.46547,1.4655,1.46506,1.46506,404310000,8
1699233600000,1699234079000,1.46506,1.46535,1.46505,1.46529,288720000,8
1699234080000,1699234559000,1.46529,1.46538,1.46497,1.4653,404390000,8
1699234560000,1699235039000,1.4653,1.4654,1.46517,1.46526,403310000,8
1699235040000,1699235519000,1.46526,1.46527,1.4648,1.46499,306360000,8
1699235520000,1699235999000,1.46502,1.46507,1.46486,1.46505,276890000,8
1699236000000,1699236479000,1.46508,1.46517,1.46476,1.46484,346960000,8
1699236480000,1699236959000,1.4648,1.46481,1.46441,1.46475,277960000,8
1699236960000,1699237439000,1.46477,1.46504,1.46472,1.46488,322620000,8
1699237440000,1699237919000,1.46488,1.46527,1.46488,1.46503,230610000,8
1699237920000,1699238399000,1.46503,1.46505,1.46474,1.4649,205990000,8
1699238400000,1699238879000,1.46487,1.46496,1.46453,1.46458,252620000,8
1699238880000,1699239359000,1.46458,1.4651,1.46451,1.465,246860000,8
1699239360000,1699239839000,1.465,1.46505,1.46487,1.46497,206250000,8
1699239840000,1699240319000,1.46497,1.46516,1.46487,1.46512,213010000,8
1699240320000,1699240799000,1.46511,1.46563,1.46509,1.4655,185350000,8
1699240800000,1699241279000,1.4655,1.4656,1.46534,1.46543,194020000,8
1699241280000,1699241759000,1.46541,1.46553,1.46529,1.46534,126740000,8
1699241760000,1699242239000,1.46536,1.46547,1.46527,1.46539,130740000,8
1699242240000,1699242719000,1.46537,1.46553,1.4653,1.46552,110240000,8
1699242720000,1699243199000,1.46553,1.46561,1.46532,1.46537,118670000,8
1699243200000,1699243679000,1.46537,1.46556,1.46532,1.46548,150540000,8
1699243680000,1699244159000,1.46546,1.46546,1.46504,1.46512,131580000,8
1699244160000,1699244639000,1.46513,1.46534,1.4651,1.46532,148080000,8
1699244640000,1699245119000,1.46533,1.46533,1.46514,1.46523,161400000,8
1699245120000,1699245599000,1.46522,1.46534,1.4651,1.46518,193600000,8
1699245600000,1699246079000,1.46516,1.46558,1.46511,1.46557,136760000,8
1699246080000,1699246559000,1.46557,1.46566,1.46546,1.46552,192130000,8
1699246560000,1699247039000,1.46554,1.46561,1.46529,1.46545,274060000,8
1699247040000,1699247519000,1.46543,1.46544,1.46519,1.46529,172350000,8
1699247520000,1699247999000,1.46529,1.46536,1.46515,1.46535,105060000,8
1699248000000,1699248479000,1.46532,1.46569,1.46526,1.46562,127120000,8
1699248480000,1699248959000,1.4656,1.46569,1.46549,1.46562,155040000,8
1699248960000,1699249439000,1.46562,1.4659,1.46559,1.4658,174280000,8
1699249440000,1699249919000,1.46579,1.46583,1.46561,1.46573,226960000,8
1699249920000,1699250399000,1.46574,1.4659,1.46529,1.46529,150190000,8
1699250400000,1699250879000,1.46533,1.46557,1.46515,1.46534,291530000,8
1699250880000,1699251359000,1.46535,1.46547,1.46531,1.46534,157160000,8
1699251360000,1699251839000,1.46534,1.46544,1.46524,1.46538,161770000,8
1699251840000,1699252319000,1.46538,1.4656,1.46524,1.46559,299120000,8
1699252320000,1699252799000,1.46558,1.4656,1.46526,1.46548,225890000,8
1699252800000,1699253279000,1.46549,1.46554,1.46512,1.46512,131720000,8
1699253280000,1699253759000,1.46512,1.46515,1.46454,1.46487,323330000,8
1699253760000,1699254239000,1.46487,1.46572,1.46484,1.46558,543130000,8
1699254240000,1699254719000,1.46558,1.466,1.46551,1.46562,607950000,8
1699254720000,1699255199000,1.46564,1.46615,1.46564,1.46611,322260000,8
1699255200000,1699255679000,1.46607,1.46612,1.46561,1.46564,479630000,8
1699255680000,1699256159000,1.46565,1.46571,1.46513,1.46535,449360000,8
1699256160000,1699256639000,1.46537,1.46582,1.46531,1.46554,565990000,8
1699256640000,1699257119000,1.46556,1.46579,1.46541,1.46546,343590000,8
1699257120000,1699257599000,1.46546,1.46562,1.46519,1.46541,703660000,8
1699257600000,1699258079000,1.46539,1.46566,1.4649,1.46526,867300000,8
1699258080000,1699258559000,1.46527,1.46591,1.46499,1.4659,1122490000,8
1699258560000,1699259039000,1.4659,1.46634,1.46584,1.46614,706750000,8
1699259040000,1699259519000,1.46615,1.46669,1.46606,1.46628,649630000,8
1699259520000,1699259999000,1.46628,1.46684,1.46624,1.46631,805410000,8
1699260000000,1699260479000,1.46632,1.46642,1.46555,1.46555,722640000,8
1699260480000,1699260959000,1.46553,1.46584,1.46538,1.46579,829990000,8
1699260960000,1699261439000,1.46579,1.46609,1.46557,1.46588,886950000,8
1699261440000,1699261919000,1.46586,1.46603,1.46551,1.46563,729420000,8
1699261920000,1699262399000,1.46562,1.46636,1.46546,1.46598,456490000,8
1699262400000,1699262879000,1.46597,1.46598,1.4655,1.46561,346790000,8
1699262880000,1699263359000,1.46561,1.46562,1.46499,1.46514,342560000,8
1699263360000,1699263839000,1.46512,1.46541,1.46506,1.46528,371560000,8
1699263840000,1699264319000,1.4653,1.46549,1.46502,1.46545,522650000,8
1699264320000,1699264799000,1.46543,1.46614,1.4653,1.4661,487110000,8
1699264800000,1699265279000,1.46609,1.46693,1.46603,1.46679,553680000,8
1699265280000,1699265759000,1.46679,1.46689,1.46651,1.46658,469030000,8
1699265760000,1699266239000,1.46658,1.46658,1.46587,1.46594,376150000,8
1699266240000,1699266719000,1.46596,1.4664,1.46585,1.46616,390380000,8
1699266720000,1699267199000,1.46617,1.46618,1.46576,1.46606,425700000,8
1699267200000,1699267679000,1.46606,1.46715,1.46597,1.46695,480920000,8
1699267680000,1699268159000,1.46692,1.46706,1.46635,1.46663,380890000,8
1699268160000,1699268639000,1.46663,1.46677,1.46619,1.46619,454380000,8
1699268640000,1699269119000,1.46619,1.46673,1.46615,1.46643,450000000,8
1699269120000,1699269599000,1.4664,1.46659,1.4662,1.46652,460210000,8
1699269600000,1699270079000,1.46653,1.46666,1.4657,1.46574,388660000,8
1699270080000,1699270559000,1.46574,1.46613,1.46544,1.4659,379080000,8
1699270560000,1699271039000,1.46592,1.46629,1.46563,1.46628,466110000,8
1699271040000,1699271519000,1.4663,1.46684,1.46605,1.4666,306680000,8
1699271520000,1699271999000,1.46658,1.46695,1.46645,1.46682,386400000,8
1699272000000,1699272479000,1.46681,1.46709,1.46647,1.4666,465240000,8
1699272480000,1699272959000,1.46661,1.46687,1.46632,1.46677,305290000,8
1699272960000,1699273439000,1.46676,1.4669,1.46659,1.46666,422260000,8
1699273440000,1699273919000,1.46666,1.46749,1.46658,1.46748,412670000,8
1699273920000,1699274399000,1.4674,1.46764,1.46696,1.46748,587890000,8
1699274400000,1699274879000,1.46748,1.46767,1.46683,1.46689,646650000,8
1699274880000,1699275359000,1.46689,1.46693,1.46592,1.46621,869510000,8
1699275360000,1699275839000,1.46618,1.467,1.4661,1.46632,1037720000,8
1699275840000,1699276319000,1.46632,1.46688,1.46593,1.46667,808730000,8
1699276320000,1699276799000,1.46666,1.46694,1.46629,1.46681,907410000,8
1699276800000,1699277279000,1.46677,1.46744,1.46676,1.46691,872340000,8
1699277280000,1699277759000,1.46689,1.46715,1.46662,1.46678,751100000,8
1699277760000,1699278239000,1.46677,1.46687,1.46614,1.46617,816710000,8
1699278240000,1699278719000,1.46613,1.46694,1.46591,1.46694,627590000,8
1699278720000,1699279199000,1.46692,1.46725,1.46662,1.46689,519300000,8
1699279200000,1699279679000,1.46692,1.46725,1.46652,1.46705,850380000,8
1699279680000,1699280159000,1.46704,1.46734,1.46677,1.46716,884600000,8
1699280160000,1699280639000,1.46717,1.4676,1.4671,1.46753,549740000,8
1699280640000,1699281119000,1.46755,1.46807,1.46725,1.46806,839780000,8
1699281120000,1699281599000,1.46806,1.46863,1.46783,1.46844,1045360000,8
1699281600000,1699282079000,1.46843,1.46901,1.46837,1.46868,864800000,8
1699282080000,1699282559000,1.46867,1.46912,1.46824,1.46831,1315680000,8
1699282560000,1699283039000,1.46833,1.46837,1.4675,1.46757,1079500000,8
1699283040000,1699283519000,1.46756,1.4683,1.46747,1.46793,1190060000,8
1699283520000,1699283999000,1.46792,1.46803,1.46727,1.46779,1042920000,8
1699284000000,1699284479000,1.46781,1.46823,1.4676,1.46797,614540000,8
1699284480000,1699284959000,1.46795,1.46807,1.46759,1.46761,681110000,8
1699284960000,1699285439000,1.46763,1.46829,1.46736,1.46829,779100000,8
1699285440000,1699285919000,1.46829,1.4692,1.46828,1.46915,745970000,8
1699285920000,1699286399000,1.46913,1.46934,1.46895,1.46917,768230000,8
1699286400000,1699286879000,1.46918,1.46942,1.46895,1.46934,969540000,8
1699286880000,1699287359000,1.46935,1.46987,1.46914,1.46943,658070000,8
1699287360000,1699287839000,1.46939,1.46942,1.46886,1.46929,582690000,8
1699287840000,1699288319000,1.46927,1.46936,1.46884,1.46923,589440000,8
1699288320000,1699288799000,1.46922,1.46955,1.46906,1.46915,563670000,8
1699288800000,1699289279000,1.46915,1.46951,1.46881,1.469,504370000,8
1699289280000,1699289759000,1.46897,1.46921,1.46839,1.46845,488190000,8
1699289760000,1699290239000,1.46845,1.46845,1.46775,1.46795,509520000,8
1699290240000,1699290719000,1.46794,1.46814,1.46775,1.46807,489950000,8
1699290720000,1699291199000,1.46806,1.46818,1.46763,1.46781,307700000,8
1699291200000,1699291679000,1.46783,1.46802,1.46762,1.46774,261790000,8
1699291680000,1699292159000,1.46775,1.46776,1.46737,1.46776,293990000,8
1699292160000,1699292639000,1.46777,1.46796,1.46764,1.46793,250800000,8
1699292640000,1699293119000,1.46795,1.4681,1.46761,1.46776,405330000,8
1699293120000,1699293599000,1.46774,1.46792,1.46766,1.46777,357780000,8
1699293600000,1699294079000,1.46775,1.468,1.4675,1.46752,360750000,8
1699294080000,1699294559000,1.4675,1.4675,1.46713,1.46725,252060000,8
1699294560000,1699295039000,1.46722,1.46746,1.46722,1.46736,366150000,8
1699295040000,1699295519000,1.46731,1.46766,1.46718,1.46757,564160000,8
1699295520000,1699295999000,1.46759,1.46799,1.46758,1.46798,273950000,8
1699296000000,1699296479000,1.46796,1.4685,1.46792,1.46824,326910000,8
1699296480000,1699296959000,1.46828,1.46852,1.46813,1.46838,325490000,8
1699296960000,1699297439000,1.46836,1.46896,1.46829,1.46871,646440000,8
1699297440000,1699297919000,1.46871,1.4688,1.46807,1.46809,675420000,8
1699297920000,1699298399000,1.46809,1.46844,1.46795,1.46824,706970000,8
1699298400000,1699298879000,1.46822,1.46838,1.46789,1.46802,423180000,8
1699298880000,1699299359000,1.46805,1.46813,1.46745,1.46748,376920000,8
1699299360000,1699299839000,1.46749,1.468,1.46749,1.46785,406420000,8
1699299840000,1699300319000,1.46784,1.46816,1.46784,1.468,271620000,8
1699300320000,1699300799000,1.46797,1.4681,1.46781,1.468,302800000,8
1699300800000,1699301279000,1.46793,1.46823,1.46783,1.46815,395370000,8
1699301280000,1699301759000,1.46811,1.46821,1.46784,1.4682,330380000,8
1699301760000,1699302239000,1.4682,1.46844,1.46809,1.46837,407060000,8
1699302240000,1699302719000,1.46835,1.46844,1.46812,1.46818,419150000,8
1699302720000,1699303199000,1.46817,1.46855,1.46817,1.46836,232390000,8
1699303200000,1699303679000,1.46835,1.46843,1.46809,1.46841,227640000,8
1699303680000,1699304159000,1.46844,1.46847,1.46802,1.46823,195360000,8
1699304160000,1699304639000,1.46823,1.46839,1.46812,1.46837,174030000,8
1699304640000,1699305119000,1.46836,1.46857,1.46817,1.4682,169700000,8
1699305120000,1699305599000,1.46819,1.46836,1.46816,1.46832,86860000,8
1699305600000,1699306079000,1.46833,1.46854,1.4681,1.46853,94220000,8
1699306080000,1699306559000,1.46855,1.46855,1.46824,1.46829,136140000,8
1699306560000,1699307039000,1.46825,1.46834,1.46822,1.46829,66620000,8
1699307040000,1699307519000,1.46828,1.46841,1.46819,1.46833,152750000,8
1699307520000,1699307999000,1.46833,1.46836,1.46795,1.46806,378200000,8
1699308000000,1699308479000,1.46801,1.46801,1.4665,1.46691,28500000,8
1699308480000,1699308959000,1.46694,1.46778,1.4669,1.46778,42900000,8
1699308960000,1699309439000,1.46781,1.46803,1.46766,1.46794,161100000,8
1699309440000,1699309919000,1.46799,1.46802,1.46733,1.46773,223600000,8
1699309920000,1699310399000,1.46774,1.46775,1.46737,1.46772,275620000,8
1699310400000,1699310879000,1.46772,1.46777,1.46722,1.46753,504650000,8
1699310880000,1699311359000,1.46753,1.46803,1.46704,1.46803,790630000,8
1699311360000,1699311839000,1.46803,1.46851,1.46673,1.46826,337100000,8
1699311840000,1699312319000,1.46823,1.46842,1.46819,1.46831,90930000,8
1699312320000,1699312799000,1.46831,1.46831,1.46818,1.4683,95350000,8
1699312800000,1699313279000,1.46829,1.46836,1.4682,1.46836,100590000,8
1699313280000,1699313759000,1.46836,1.4684,1.46822,1.46828,114020000,8
1699313760000,1699314239000,1.4683,1.46841,1.46816,1.46837,170860000,8
1699314240000,1699314719000,1.46835,1.46835,1.46803,1.46806,142710000,8
1699314720000,1699315199000,1.46806,1.46816,1.46798,1.46811,82380000,8
1699315200000,1699315679000,1.46813,1.46813,1.46779,1.46792,147410000,8
1699315680000,1699316159000,1.46792,1.46801,1.46778,1.46798,154080000,8
1699316160000,1699316639000,1.46798,1.46798,1.46779,1.46788,86690000,8
1699316640000,1699317119000,1.46785,1.46794,1.46773,1.46777,150350000,8
1699317120000,1699317599000,1.46779,1.4679,1.46764,1.46786,135530000,8
1699317600000,1699318079000,1.46784,1.46789,1.46773,1.46775,58980000,8
1699318080000,1699318559000,1.46775,1.46776,1.46727,1.46747,292270000,8
1699318560000,1699319039000,1.46749,1.46772,1.46744,1.46751,246360000,8
1699319040000,1699319519000,1.4675,1.46777,1.46738,1.46744,356590000,8
1699319520000,1699319999000,1.46749,1.46771,1.4674,1.46755,304670000,8
1699320000000,1699320479000,1.46755,1.46773,1.46742,1.46762,252400000,8
1699320480000,1699320959000,1.46763,1.46779,1.46744,1.46753,347670000,8
1699320960000,1699321439000,1.46752,1.46775,1.46751,1.46762,408880000,8
1699321440000,1699321919000,1.46762,1.46771,1.4673,1.46764,285440000,8
1699321920000,1699322399000,1.46764,1.46783,1.46754,1.46779,420900000,8
1699322400000,1699322879000,1.46779,1.46787,1.46764,1.46769,341020000,8
1699322880000,1699323359000,1.46771,1.46783,1.46747,1.46749,349650000,8
1699323360000,1699323839000,1.46747,1.46772,1.46746,1.46769,181620000,8
1699323840000,1699324319000,1.46768,1.46787,1.46768,1.46776,168640000,8
1699324320000,1699324799000,1.46782,1.46786,1.46758,1.46763,158840000,8
1699324800000,1699325279000,1.46765,1.46785,1.46754,1.46778,141630000,8
1699325280000,1699325759000,1.46779,1.4679,1.46766,1.46775,151080000,8
1699325760000,1699326239000,1.46776,1.46777,1.46757,1.46763,176930000,8
1699326240000,1699326719000,1.46763,1.46796,1.46759,1.46788,139120000,8
1699326720000,1699327199000,1.46787,1.46787,1.46763,1.46775,245710000,8
1699327200000,1699327679000,1.46774,1.46792,1.46758,1.46779,178060000,8
1699327680000,1699328159000,1.46778,1.46845,1.46762,1.46821,1068070000,8
1699328160000,1699328639000,1.46819,1.46827,1.4678,1.46794,352090000,8
1699328640000,1699329119000,1.46794,1.46823,1.46793,1.46822,257050000,8
1699329120000,1699329599000,1.46825,1.46825,1.46801,1.46807,248380000,8
1699329600000,1699330079000,1.4681,1.46846,1.46809,1.46836,159040000,8
1699330080000,1699330559000,1.46836,1.46839,1.46813,1.46826,117600000,8
1699330560000,1699331039000,1.46825,1.46859,1.46822,1.46853,169120000,8
1699331040000,1699331519000,1.46852,1.46859,1.46841,1.4685,144480000,8
1699331520000,1699331999000,1.46849,1.46904,1.46847,1.46895,274470000,8
1699332000000,1699332479000,1.46898,1.46905,1.46874,1.46888,250080000,8
1699332480000,1699332959000,1.46887,1.46913,1.46882,1.46902,188860000,8
1699332960000,1699333439000,1.46901,1.46912,1.4689,1.46901,181720000,8
1699333440000,1699333919000,1.46901,1.46923,1.46901,1.46923,169510000,8
1699333920000,1699334399000,1.46922,1.4693,1.46896,1.46899,127370000,8
1699334400000,1699334879000,1.46899,1.46925,1.46898,1.46921,122810000,8
1699334880000,1699335359000,1.46919,1.46934,1.46899,1.4691,205160000,8
1699335360000,1699335839000,1.4691,1.46916,1.46885,1.46893,172730000,8
1699335840000,1699336319000,1.46892,1.46938,1.46892,1.4692,175510000,8
1699336320000,1699336799000,1.46918,1.46948,1.46905,1.46945,199540000,8
1699336800000,1699337279000,1.46948,1.46961,1.46927,1.46944,170670000,8
1699337280000,1699337759000,1.46942,1.46952,1.46918,1.46942,229600000,8
1699337760000,1699338239000,1.46943,1.46955,1.46935,1.4694,259840000,8
1699338240000,1699338719000,1.46939,1.46952,1.46922,1.46924,265800000,8
1699338720000,1699339199000,1.46922,1.4695,1.46922,1.46941,207270000,8
1699339200000,1699339679000,1.46941,1.46959,1.46932,1.46948,294340000,8
1699339680000,1699340159000,1.46949,1.46975,1.46919,1.46925,437380000,8
1699340160000,1699340639000,1.46924,1.46935,1.46886,1.46901,563730000,8
1699340640000,1699341119000,1.46904,1.4692,1.46885,1.46907,543330000,8
1699341120000,1699341599000,1.46905,1.46923,1.46888,1.46892,408800000,8
1699341600000,1699342079000,1.46894,1.46956,1.46889,1.46951,479140000,8
1699342080000,1699342559000,1.46952,1.46957,1.46884,1.46897,452980000,8
1699342560000,1699343039000,1.46895,1.46932,1.46888,1.46927,502490000,8
1699343040000,1699343519000,1.46927,1.46951,1.46904,1.46947,319840000,8
1699343520000,1699343999000,1.46947,1.4696,1.46921,1.46946,382500000,8
1699344000000,1699344479000,1.46943,1.46982,1.46921,1.46933,927100000,8
1699344480000,1699344959000,1.4693,1.46944,1.46862,1.46874,720750000,8
1699344960000,1699345439000,1.46875,1.46934,1.46864,1.46918,652680000,8
1699345440000,1699345919000,1.4692,1.46951,1.46893,1.46913,705890000,8
1699345920000,1699346399000,1.46912,1.4693,1.46884,1.46893,556620000,8
1699346400000,1699346879000,1.46891,1.46931,1.46882,1.4693,658770000,8
1699346880000,1699347359000,1.46929,1.46955,1.46899,1.46931,594540000,8
1699347360000,1699347839000,1.46928,1.46971,1.46906,1.46913,653970000,8
1699347840000,1699348319000,1.46911,1.46997,1.46886,1.46989,691400000,8
1699348320000,1699348799000,1.46988,1.46988,1.46923,1.46961,568180000,8
1699348800000,1699349279000,1.46962,1.46964,1.46905,1.46913,468390000,8
1699349280000,1699349759000,1.46912,1.4699,1.46907,1.46952,554740000,8
1699349760000,1699350239000,1.46953,1.46965,1.46915,1.4695,456260000,8
1699350240000,1699350719000,1.4695,1.46965,1.46932,1.46942,365850000,8
1699350720000,1699351199000,1.46946,1.46953,1.46871,1.46877,704050000,8
1699351200000,1699351679000,1.46877,1.46973,1.46875,1.46973,532730000,8
1699351680000,1699352159000,1.46977,1.46992,1.46935,1.46947,487910000,8
1699352160000,1699352639000,1.4695,1.4702,1.46939,1.47014,526870000,8
1699352640000,1699353119000,1.47014,1.47051,1.46963,1.47018,487510000,8
1699353120000,1699353599000,1.47017,1.47018,1.46901,1.46906,408500000,8
1699353600000,1699354079000,1.46909,1.46909,1.46835,1.46851,450780000,8
1699354080000,1699354559000,1.46852,1.46866,1.46798,1.46815,406940000,8
1699354560000,1699355039000,1.46816,1.46881,1.46812,1.46842,507090000,8
1699355040000,1699355519000,1.46844,1.46874,1.46837,1.46853,370290000,8
1699355520000,1699355999000,1.46856,1.46893,1.46849,1.46868,497550000,8
1699356000000,1699356479000,1.46868,1.4689,1.4685,1.46877,374950000,8
1699356480000,1699356959000,1.46874,1.46903,1.46841,1.46842,373660000,8
1699356960000,1699357439000,1.46839,1.46839,1.4675,1.46766,504730000,8
1699357440000,1699357919000,1.46765,1.4681,1.46735,1.46766,508530000,8
1699357920000,1699358399000,1.46769,1.46801,1.46754,1.46789,442410000,8
1699358400000,1699358879000,1.46789,1.46826,1.4678,1.46808,713310000,8
1699358880000,1699359359000,1.46806,1.46848,1.46777,1.46842,510850000,8
1699359360000,1699359839000,1.46842,1.46854,1.46805,1.46823,347750000,8
1699359840000,1699360319000,1.46824,1.46837,1.46789,1.4682,457570000,8
1699360320000,1699360799000,1.46818,1.46876,1.46816,1.46831,402560000,8
1699360800000,1699361279000,1.46828,1.46828,1.46782,1.46792,633880000,8
1699361280000,1699361759000,1.46792,1.46821,1.46771,1.46792,479050000,8
1699361760000,1699362239000,1.4679,1.46798,1.46753,1.46797,591660000,8
1699362240000,1699362719000,1.46798,1.46813,1.46733,1.46743,866610000,8
1699362720000,1699363199000,1.46746,1.46804,1.46717,1.46783,743840000,8
1699363200000,1699363679000,1.46785,1.46834,1.46782,1.46822,970870000,8
1699363680000,1699364159000,1.46823,1.46849,1.46782,1.46849,744250000,8
1699364160000,1699364639000,1.46846,1.46889,1.46832,1.46847,713600000,8
1699364640000,1699365119000,1.46846,1.46846,1.46765,1.46823,881590000,8
1699365120000,1699365599000,1.4682,1.46869,1.46805,1.4682,748590000,8
1699365600000,1699366079000,1.46819,1.46833,1.46747,1.46832,1117650000,8
1699366080000,1699366559000,1.46832,1.46833,1.46746,1.46751,877860000,8
1699366560000,1699367039000,1.4675,1.46826,1.46744,1.46768,913680000,8
1699367040000,1699367519000,1.4677,1.46825,1.46749,1.46823,949310000,8
1699367520000,1699367999000,1.46822,1.46861,1.4677,1.46776,1184530000,8
1699368000000,1699368479000,1.46778,1.46865,1.46764,1.46766,1332440000,8
1699368480000,1699368959000,1.46767,1.46832,1.46709,1.46832,1311520000,8
1699368960000,1699369439000,1.4683,1.46891,1.46827,1.46877,999200000,8
1699369440000,1699369919000,1.46878,1.46911,1.46857,1.46893,1167280000,8
1699369920000,1699370399000,1.46893,1.46953,1.46859,1.46869,909720000,8
1699370400000,1699370879000,1.46866,1.46964,1.46866,1.46883,878200000,8
1699370880000,1699371359000,1.46883,1.46967,1.46868,1.4694,955790000,8
1699371360000,1699371839000,1.46943,1.46961,1.46909,1.46946,904150000,8
1699371840000,1699372319000,1.46944,1.4704,1.46905,1.46992,1172040000,8
1699372320000,1699372799000,1.4699,1.47015,1.46899,1.46905,1589750000,8
1699372800000,1699373279000,1.46907,1.46998,1.46856,1.4699,1402030000,8
1699373280000,1699373759000,1.46991,1.47083,1.46985,1.47041,1050640000,8
1699373760000,1699374239000,1.47039,1.471,1.47016,1.47079,754900000,8
1699374240000,1699374719000,1.47083,1.47115,1.47062,1.47062,699180000,8
1699374720000,1699375199000,1.47063,1.47122,1.47054,1.47092,636690000,8
1699375200000,1699375679000,1.47096,1.47123,1.47084,1.47091,589320000,8
1699375680000,1699376159000,1.4709,1.47189,1.47079,1.47189,616920000,8
1699376160000,1699376639000,1.47189,1.472,1.47089,1.47101,772190000,8
1699376640000,1699377119000,1.47103,1.47147,1.47088,1.47124,435180000,8
1699377120000,1699377599000,1.47124,1.47141,1.47065,1.47102,544210000,8
1699377600000,1699378079000,1.47099,1.47133,1.4708,1.47081,403340000,8
1699378080000,1699378559000,1.4708,1.47128,1.4705,1.47128,591900000,8
1699378560000,1699379039000,1.47128,1.4714,1.47052,1.47057,562150000,8
1699379040000,1699379519000,1.47056,1.47114,1.47053,1.47095,561060000,8
1699379520000,1699379999000,1.47096,1.47109,1.47069,1.47097,546600000,8
1699380000000,1699380479000,1.47097,1.47168,1.47087,1.47158,713980000,8
1699380480000,1699380959000,1.47162,1.47167,1.47125,1.47128,548270000,8
1699380960000,1699381439000,1.4713,1.47157,1.47126,1.47148,480860000,8
1699381440000,1699381919000,1.47146,1.47163,1.47113,1.47119,299920000,8
1699381920000,1699382399000,1.47115,1.47116,1.4707,1.47091,483470000,8
1699382400000,1699382879000,1.4709,1.47132,1.4707,1.47092,459520000,8
1699382880000,1699383359000,1.47095,1.47158,1.47093,1.47119,614040000,8
1699383360000,1699383839000,1.47122,1.47147,1.47097,1.47142,432460000,8
1699383840000,1699384319000,1.47145,1.47183,1.47139,1.47157,567650000,8
1699384320000,1699384799000,1.47155,1.4718,1.47135,1.47149,522780000,8
1699384800000,1699385279000,1.47149,1.47156,1.471,1.47144,417420000,8
1699385280000,1699385759000,1.47146,1.47162,1.47126,1.47148,425170000,8
1699385760000,1699386239000,1.47151,1.47181,1.47147,1.4716,321170000,8
1699386240000,1699386719000,1.47161,1.47182,1.47155,1.4717,415720000,8
1699386720000,1699387199000,1.47168,1.47177,1.47143,1.47163,395520000,8
1699387200000,1699387679000,1.47163,1.47165,1.47096,1.47096,415060000,8
1699387680000,1699388159000,1.47096,1.47112,1.47083,1.47106,380900000,8
1699388160000,1699388639000,1.47105,1.47139,1.47104,1.47123,483980000,8
1699388640000,1699389119000,1.47121,1.47132,1.4709,1.47108,365430000,8
1699389120000,1699389599000,1.4711,1.47149,1.47096,1.47145,200940000,8
1699389600000,1699390079000,1.47143,1.47157,1.47139,1.47144,305420000,8
1699390080000,1699390559000,1.47147,1.47189,1.47127,1.47189,443930000,8
1699390560000,1699391039000,1.4719,1.47225,1.47189,1.47213,180910000,8
1699391040000,1699391519000,1.47213,1.47214,1.4718,1.47212,123790000,8
1699391520000,1699391999000,1.47212,1.47214,1.47204,1.47214,62000000,8
1699392000000,1699392479000,1.47215,1.4723,1.47213,1.47217,69190000,8
1699392480000,1699392959000,1.47218,1.47252,1.47218,1.4725,175920000,8
1699392960000,1699393439000,1.4725,1.4727,1.47243,1.47246,192860000,8
1699393440000,1699393919000,1.47247,1.47296,1.47247,1.47284,161840000,8
1699393920000,1699394399000,1.47286,1.47304,1.47264,1.47272,353860000,8
1699394400000,1699394879000,1.4726,1.47266,1.47164,1.47266,83550000,8
1699394880000,1699395359000,1.47263,1.47271,1.47228,1.4726,196830000,8
1699395360000,1699395839000,1.4726,1.47265,1.47194,1.47229,206550000,8
1699395840000,1699396319000,1.47233,1.47277,1.47207,1.47267,160510000,8
1699396320000,1699396799000,1.47267,1.47286,1.47213,1.47256,803230000,8
1699396800000,1699397279000,1.47233,1.47262,1.47204,1.47243,208830000,8
1699397280000,1699397759000,1.47243,1.47262,1.47208,1.47218,111530000,8
1699397760000,1699398239000,1.47219,1.47251,1.47189,1.47224,250600000,8
1699398240000,1699398719000,1.4721,1.47257,1.4721,1.47248,133030000,8
1699398720000,1699399199000,1.47245,1.47271,1.47244,1.47269,85120000,8
1699399200000,1699399679000,1.47275,1.47275,1.47255,1.47255,101920000,8
1699399680000,1699400159000,1.47254,1.47263,1.47238,1.47244,141240000,8
1699400160000,1699400639000,1.47245,1.47267,1.47245,1.4726,108640000,8
1699400640000,1699401119000,1.47259,1.47266,1.47248,1.47263,57120000,8
1699401120000,1699401599000,1.47264,1.47264,1.47239,1.47258,78610000,8
1699401600000,1699402079000,1.47261,1.47263,1.47234,1.47248,158800000,8
1699402080000,1699402559000,1.47249,1.47275,1.47244,1.47269,146540000,8
1699402560000,1699403039000,1.47269,1.47289,1.47267,1.47285,142610000,8
1699403040000,1699403519000,1.47286,1.47288,1.47271,1.47275,103370000,8
1699403520000,1699403999000,1.47274,1.47274,1.47239,1.47242,119290000,8
1699404000000,1699404479000,1.47242,1.47248,1.47226,1.47245,163040000,8
1699404480000,1699404959000,1.47243,1.47248,1.47214,1.47221,265400000,8
1699404960000,1699405439000,1.4722,1.47236,1.47215,1.47231,226910000,8
1699405440000,1699405919000,1.47231,1.47235,1.47214,1.47223,161730000,8
1699405920000,1699406399000,1.47226,1.47242,1.47207,1.47224,254490000,8
1699406400000,1699406879000,1.47224,1.4724,1.47216,1.47239,203990000,8
1699406880000,1699407359000,1.4724,1.47243,1.4721,1.47224,242250000,8
1699407360000,1699407839000,1.47223,1.47229,1.47186,1.47197,253860000,8
1699407840000,1699408319000,1.47197,1.47214,1.47189,1.47206,168880000,8
1699408320000,1699408799000,1.47204,1.47211,1.4718,1.47207,333980000,8
1699408800000,1699409279000,1.47209,1.47212,1.47181,1.47186,199430000,8
1699409280000,1699409759000,1.47184,1.47191,1.47152,1.47162,368210000,8
1699409760000,1699410239000,1.47165,1.47165,1.4713,1.47139,437890000,8
1699410240000,1699410719000,1.47139,1.47176,1.47136,1.47142,347750000,8
1699410720000,1699411199000,1.47148,1.4716,1.47128,1.47157,209200000,8
1699411200000,1699411679000,1.47157,1.47157,1.47136,1.47152,198700000,8
1699411680000,1699412159000,1.4715,1.47164,1.47141,1.47146,208420000,8
1699412160000,1699412639000,1.47145,1.47182,1.47141,1.4718,345580000,8
1699412640000,1699413119000,1.47179,1.47208,1.47174,1.47193,237300000,8
1699413120000,1699413599000,1.47195,1.47211,1.47185,1.47193,148040000,8
1699413600000,1699414079000,1.47192,1.47202,1.47181,1.47181,119440000,8
1699414080000,1699414559000,1.47183,1.47195,1.47174,1.47189,111320000,8
1699414560000,1699415039000,1.47188,1.47194,1.47177,1.4718,160470000,8
1699415040000,1699415519000,1.4718,1.47198,1.4718,1.47188,138190000,8
1699415520000,1699415999000,1.47188,1.47207,1.47175,1.472,204750000,8
1699416000000,1699416479000,1.47199,1.47219,1.47187,1.47219,125620000,8
1699416480000,1699416959000,1.47217,1.47221,1.47209,1.47216,96680000,8
1699416960000,1699417439000,1.47215,1.47215,1.47199,1.47205,145340000,8
1699417440000,1699417919000,1.47207,1.47209,1.47193,1.47204,159680000,8
1699417920000,1699418399000,1.47204,1.47214,1.47187,1.47187,86710000,8
1699418400000,1699418879000,1.47188,1.47201,1.47183,1.47183,141120000,8
1699418880000,1699419359000,1.47183,1.47216,1.47183,1.47191,130270000,8
1699419360000,1699419839000,1.47191,1.47215,1.47191,1.47207,124450000,8
1699419840000,1699420319000,1.47207,1.47214,1.47197,1.47214,105250000,8
1699420320000,1699420799000,1.47214,1.47214,1.4719,1.4719,96460000,8
1699420800000,1699421279000,1.4719,1.47196,1.4718,1.47194,97640000,8
1699421280000,1699421759000,1.47194,1.47225,1.47189,1.47217,189010000,8
1699421760000,1699422239000,1.47215,1.47227,1.47204,1.47221,181780000,8
1699422240000,1699422719000,1.47221,1.47231,1.47201,1.4723,182570000,8
1699422720000,1699423199000,1.47229,1.47239,1.47218,1.47232,193460000,8
1699423200000,1699423679000,1.4723,1.47253,1.47224,1.4723,236960000,8
1699423680000,1699424159000,1.47231,1.47259,1.47229,1.47247,240050000,8
1699424160000,1699424639000,1.47248,1.47252,1.47208,1.47218,282600000,8
1699424640000,1699425119000,1.47217,1.4723,1.47207,1.47225,197760000,8
1699425120000,1699425599000,1.47224,1.47226,1.4718,1.47204,295680000,8
1699425600000,1699426079000,1.47202,1.47204,1.4717,1.47174,261270000,8
1699426080000,1699426559000,1.47174,1.47193,1.47156,1.47162,229930000,8
1699426560000,1699427039000,1.47162,1.4718,1.4715,1.47152,494940000,8
1699427040000,1699427519000,1.47154,1.4718,1.47113,1.47115,573400000,8
1699427520000,1699427999000,1.47113,1.47158,1.47109,1.47136,486040000,8
1699428000000,1699428479000,1.47132,1.4714,1.47073,1.47087,369640000,8
1699428480000,1699428959000,1.47088,1.4712,1.4708,1.47101,438620000,8
1699428960000,1699429439000,1.47104,1.47117,1.47064,1.47076,490630000,8
1699429440000,1699429919000,1.47076,1.47094,1.47063,1.47069,501490000,8
1699429920000,1699430399000,1.4707,1.47086,1.47063,1.47072,515690000,8
1699430400000,1699430879000,1.4707,1.47104,1.47061,1.47081,952380000,8
1699430880000,1699431359000,1.47079,1.47094,1.47052,1.47055,597910000,8
1699431360000,1699431839000,1.47056,1.47066,1.46984,1.46989,684130000,8
1699431840000,1699432319000,1.46988,1.47046,1.46983,1.47011,474940000,8
1699432320000,1699432799000,1.47008,1.47029,1.4698,1.47016,507200000,8
1699432800000,1699433279000,1.47019,1.47038,1.46986,1.47004,463970000,8
1699433280000,1699433759000,1.47007,1.47012,1.46975,1.46986,499230000,8
1699433760000,1699434239000,1.46991,1.47031,1.46957,1.47011,918230000,8
1699434240000,1699434719000,1.47013,1.47045,1.46991,1.4702,514730000,8
1699434720000,1699435199000,1.4702,1.47021,1.46946,1.46952,726170000,8
1699435200000,1699435679000,1.46951,1.46986,1.46936,1.46986,401140000,8
1699435680000,1699436159000,1.46988,1.46995,1.46964,1.4698,459900000,8
1699436160000,1699436639000,1.46982,1.47015,1.46959,1.46996,430020000,8
1699436640000,1699437119000,1.46997,1.47042,1.46975,1.47039,436980000,8
1699437120000,1699437599000,1.47039,1.47042,1.46956,1.4704,480320000,8
1699437600000,1699438079000,1.47039,1.47086,1.4703,1.47048,492820000,8
1699438080000,1699438559000,1.4705,1.47084,1.47021,1.47046,474110000,8
1699438560000,1699439039000,1.47045,1.47081,1.47033,1.47051,378870000,8
1699439040000,1699439519000,1.47049,1.47068,1.47019,1.47025,380730000,8
1699439520000,1699439999000,1.47027,1.47047,1.46963,1.46977,465650000,8
1699440000000,1699440479000,1.46977,1.47024,1.46977,1.4699,318830000,8
1699440480000,1699440959000,1.46991,1.47046,1.46991,1.47016,365100000,8
1699440960000,1699441439000,1.47019,1.47075,1.46988,1.47071,395730000,8
1699441440000,1699441919000,1.47071,1.47086,1.4703,1.47035,470340000,8
1699441920000,1699442399000,1.47033,1.47054,1.4699,1.47,466770000,8
1699442400000,1699442879000,1.47003,1.47035,1.46985,1.47006,383010000,8
1699442880000,1699443359000,1.47006,1.47016,1.46983,1.47009,430640000,8
1699443360000,1699443839000,1.47011,1.47029,1.46963,1.46985,350170000,8
1699443840000,1699444319000,1.46987,1.46994,1.46962,1.46994,277980000,8
1699444320000,1699444799000,1.46996,1.4705,1.46994,1.4705,274540000,8
1699444800000,1699445279000,1.47051,1.47058,1.47017,1.47058,482010000,8
1699445280000,1699445759000,1.47056,1.4706,1.47019,1.47045,312920000,8
1699445760000,1699446239000,1.47042,1.47094,1.47036,1.4708,413730000,8
1699446240000,1699446719000,1.47078,1.47126,1.47072,1.47123,475730000,8
1699446720000,1699447199000,1.47126,1.47134,1.47083,1.471,423080000,8
1699447200000,1699447679000,1.47099,1.47115,1.47083,1.47102,329760000,8
1699447680000,1699448159000,1.47101,1.47118,1.47042,1.47066,570730000,8
1699448160000,1699448639000,1.47062,1.47101,1.47043,1.47094,888710000,8
1699448640000,1699449119000,1.47094,1.47131,1.47053,1.4713,811450000,8
1699449120000,1699449599000,1.4713,1.47209,1.47115,1.47122,799710000,8
1699449600000,1699450079000,1.47119,1.47163,1.47106,1.47145,691880000,8
1699450080000,1699450559000,1.47143,1.47197,1.47134,1.47152,1038440000,8
1699450560000,1699451039000,1.47149,1.47151,1.47069,1.47076,613130000,8
1699451040000,1699451519000,1.47076,1.47092,1.47035,1.47063,686840000,8
1699451520000,1699451999000,1.47063,1.47168,1.47048,1.47158,627940000,8
1699452000000,1699452479000,1.47158,1.47202,1.47149,1.47152,885130000,8
1699452480000,1699452959000,1.47151,1.47195,1.47138,1.47181,615660000,8
1699452960000,1699453439000,1.47179,1.4719,1.47064,1.47079,1033180000,8
1699453440000,1699453919000,1.47079,1.47254,1.47073,1.47242,1121880000,8
1699453920000,1699454399000,1.47243,1.47301,1.47226,1.4724,1307870000,8
1699454400000,1699454879000,1.47238,1.47302,1.47179,1.47292,1049590000,8
1699454880000,1699455359000,1.47295,1.47341,1.47237,1.47324,1442760000,8
1699455360000,1699455839000,1.47326,1.47392,1.47316,1.47367,1387790000,8
1699455840000,1699456319000,1.47365,1.47419,1.4733,1.47362,1197610000,8
1699456320000,1699456799000,1.47364,1.47401,1.47358,1.47387,903470000,8
1699456800000,1699457279000,1.47391,1.47454,1.47391,1.47448,1050920000,8
1699457280000,1699457759000,1.47448,1.47572,1.47443,1.47524,1107380000,8
1699457760000,1699458239000,1.4752,1.47554,1.47443,1.47479,1262010000,8
1699458240000,1699458719000,1.47478,1.47709,1.4747,1.47697,1251300000,8
1699458720000,1699459199000,1.47695,1.47759,1.47674,1.47715,1060870000,8
1699459200000,1699459679000,1.47716,1.47817,1.47693,1.47809,1119260000,8
1699459680000,1699460159000,1.4781,1.47842,1.47742,1.47751,1498770000,8
1699460160000,1699460639000,1.47751,1.47788,1.47744,1.47767,1352310000,8
1699460640000,1699461119000,1.47769,1.47778,1.4769,1.47713,908410000,8
1699461120000,1699461599000,1.47715,1.4779,1.47665,1.47757,869270000,8
1699461600000,1699462079000,1.47755,1.47798,1.47745,1.47762,672540000,8
1699462080000,1699462559000,1.47761,1.47823,1.47737,1.47823,676710000,8
1699462560000,1699463039000,1.47823,1.47888,1.47796,1.47826,968270000,8
1699463040000,1699463519000,1.47824,1.47865,1.47797,1.47824,935980000,8
1699463520000,1699463999000,1.47822,1.47848,1.47809,1.47824,430860000,8
1699464000000,1699464479000,1.47822,1.47853,1.47805,1.47811,493040000,8
1699464480000,1699464959000,1.47812,1.47861,1.4781,1.47859,576920000,8
1699464960000,1699465439000,1.4786,1.47896,1.47812,1.47816,468800000,8
1699465440000,1699465919000,1.47816,1.47835,1.47802,1.47804,594650000,8
1699465920000,1699466399000,1.47807,1.47832,1.4779,1.4782,526880000,8
1699466400000,1699466879000,1.4782,1.47828,1.47794,1.47819,1166190000,8
1699466880000,1699467359000,1.47818,1.47857,1.47794,1.47802,859900000,8
1699467360000,1699467839000,1.47802,1.47836,1.47791,1.47798,720710000,8
1699467840000,1699468319000,1.478,1.47826,1.47772,1.47807,679120000,8
1699468320000,1699468799000,1.47808,1.4784,1.47798,1.478,369380000,8
1699468800000,1699469279000,1.47799,1.47799,1.47759,1.47792,430580000,8
1699469280000,1699469759000,1.4779,1.47802,1.4774,1.47747,345630000,8
1699469760000,1699470239000,1.47747,1.47759,1.47722,1.47732,472870000,8
1699470240000,1699470719000,1.47734,1.47752,1.47713,1.47746,272590000,8
1699470720000,1699471199000,1.47747,1.47761,1.47713,1.47719,273020000,8
1699471200000,1699471679000,1.47719,1.47735,1.47703,1.47705,301070000,8
1699471680000,1699472159000,1.47706,1.47719,1.47678,1.4771,335690000,8
1699472160000,1699472639000,1.47713,1.47724,1.4769,1.4769,246000000,8
1699472640000,1699473119000,1.47688,1.47702,1.47679,1.47698,245270000,8
1699473120000,1699473599000,1.47695,1.47712,1.47665,1.4771,390420000,8
1699473600000,1699474079000,1.47711,1.47715,1.47669,1.47696,365470000,8
1699474080000,1699474559000,1.47697,1.47745,1.47692,1.47735,292390000,8
1699474560000,1699475039000,1.47735,1.47753,1.47697,1.47745,242940000,8
1699475040000,1699475519000,1.47749,1.47762,1.47736,1.4774,316840000,8
1699475520000,1699475999000,1.4774,1.47757,1.47721,1.47723,196080000,8
1699476000000,1699476479000,1.47721,1.47724,1.47692,1.47707,272020000,8
1699476480000,1699476959000,1.47707,1.47716,1.47683,1.47714,358430000,8
1699476960000,1699477439000,1.47715,1.47753,1.47715,1.47723,294220000,8
1699477440000,1699477919000,1.47725,1.47732,1.47711,1.47718,116850000,8
1699477920000,1699478399000,1.47715,1.47716,1.477,1.47707,151890000,8
1699478400000,1699478879000,1.47709,1.47711,1.4769,1.47705,103800000,8
1699478880000,1699479359000,1.47708,1.47711,1.47691,1.47697,293170000,8
1699479360000,1699479839000,1.47697,1.477,1.47674,1.47694,290330000,8
1699479840000,1699480319000,1.47694,1.47701,1.47678,1.4769,352590000,8
1699480320000,1699480799000,1.4769,1.47701,1.47672,1.47672,383430000,8
1699480800000,1699481279000,1.47672,1.47672,1.47576,1.4761,40580000,8
1699481280000,1699481759000,1.47628,1.4766,1.47606,1.47658,109520000,8
1699481760000,1699482239000,1.47643,1.47672,1.47629,1.47637,126720000,8
1699482240000,1699482719000,1.47637,1.47659,1.47573,1.47647,188390000,8
1699482720000,1699483199000,1.47648,1.47682,1.47635,1.4766,1254020000,8
1699483200000,1699483679000,1.47665,1.47667,1.47626,1.47645,311800000,8
1699483680000,1699484159000,1.47643,1.47697,1.4763,1.47647,240420000,8
1699484160000,1699484639000,1.47642,1.47706,1.47639,1.47691,273540000,8
1699484640000,1699485119000,1.47691,1.47711,1.47678,1.47702,225660000,8
1699485120000,1699485599000,1.47704,1.47719,1.47686,1.47704,142910000,8
1699485600000,1699486079000,1.47704,1.47716,1.47691,1.47696,178400000,8
1699486080000,1699486559000,1.47696,1.47716,1.47692,1.47714,72960000,8
1699486560000,1699487039000,1.47715,1.47715,1.47704,1.4771,52640000,8
1699487040000,1699487519000,1.47712,1.47712,1.47699,1.47709,69790000,8
1699487520000,1699487999000,1.47706,1.47729,1.47705,1.47707,57120000,8
1699488000000,1699488479000,1.47707,1.47726,1.47675,1.4768,227520000,8
1699488480000,1699488959000,1.47686,1.47695,1.47676,1.47684,134530000,8
1699488960000,1699489439000,1.47685,1.47685,1.47647,1.4765,159850000,8
1699489440000,1699489919000,1.47649,1.47662,1.47645,1.47647,81090000,8
1699489920000,1699490399000,1.47648,1.47663,1.4764,1.47651,134660000,8
1699490400000,1699490879000,1.4765,1.47667,1.47646,1.47649,107340000,8
1699490880000,1699491359000,1.47649,1.47664,1.47649,1.47662,137480000,8
1699491360000,1699491839000,1.47664,1.47667,1.47643,1.4765,183340000,8
1699491840000,1699492319000,1.47649,1.47664,1.47647,1.47659,219340000,8
1699492320000,1699492799000,1.47662,1.47667,1.47649,1.47664,220150000,8
1699492800000,1699493279000,1.47664,1.47692,1.47661,1.47682,303940000,8
1699493280000,1699493759000,1.47682,1.47683,1.47626,1.4763,527720000,8
1699493760000,1699494239000,1.47631,1.47658,1.4762,1.4764,478550000,8
1699494240000,1699494719000,1.47645,1.47683,1.47645,1.47683,429150000,8
1699494720000,1699495199000,1.47681,1.47713,1.47668,1.4769,230500000,8
1699495200000,1699495679000,1.4769,1.47733,1.47677,1.4773,299690000,8
1699495680000,1699496159000,1.47728,1.47728,1.47696,1.47709,187970000,8
1699496160000,1699496639000,1.47709,1.47723,1.47706,1.47709,192240000,8
1699496640000,1699497119000,1.47709,1.47712,1.47692,1.47704,273070000,8
1699497120000,1699497599000,1.47705,1.47706,1.47665,1.47668,235730000,8
1699497600000,1699498079000,1.47672,1.47697,1.47669,1.47688,228470000,8
1699498080000,1699498559000,1.47688,1.47696,1.47674,1.47679,213270000,8
1699498560000,1699499039000,1.47678,1.47697,1.47672,1.47695,183280000,8
1699499040000,1699499519000,1.47696,1.47698,1.47678,1.47686,174060000,8
1699499520000,1699499999000,1.47687,1.47693,1.47676,1.47688,168340000,8
1699500000000,1699500479000,1.47687,1.47697,1.47667,1.4769,196740000,8
1699500480000,1699500959000,1.47689,1.4769,1.47676,1.47683,114640000,8
1699500960000,1699501439000,1.47682,1.47692,1.4767,1.47675,159380000,8
1699501440000,1699501919000,1.47676,1.47685,1.47668,1.47676,110960000,8
1699501920000,1699502399000,1.47678,1.47693,1.47671,1.47678,93580000,8
1699502400000,1699502879000,1.47679,1.47685,1.47671,1.47675,98060000,8
1699502880000,1699503359000,1.47678,1.47686,1.47671,1.47679,170960000,8
1699503360000,1699503839000,1.4768,1.47692,1.47671,1.47679,110260000,8
1699503840000,1699504319000,1.47678,1.47686,1.47674,1.47685,88160000,8
1699504320000,1699504799000,1.47686,1.47703,1.47684,1.47699,94540000,8
1699504800000,1699505279000,1.47699,1.47705,1.47687,1.47699,111740000,8
1699505280000,1699505759000,1.47701,1.47704,1.47693,1.477,101350000,8
1699505760000,1699506239000,1.477,1.47703,1.47671,1.47677,109980000,8
1699506240000,1699506719000,1.47682,1.47692,1.47664,1.47668,127890000,8
1699506720000,1699507199000,1.47666,1.47681,1.47661,1.4768,128440000,8
1699507200000,1699507679000,1.47681,1.47687,1.47672,1.47679,95800000,8
1699507680000,1699508159000,1.47678,1.4769,1.47677,1.47687,100800000,8
1699508160000,1699508639000,1.47689,1.47698,1.4766,1.47661,182510000,8
1699508640000,1699509119000,1.47663,1.47674,1.47654,1.47656,242710000,8
1699509120000,1699509599000,1.47657,1.47663,1.47628,1.4763,292020000,8
1699509600000,1699510079000,1.47632,1.47658,1.47632,1.47646,197670000,8
1699510080000,1699510559000,1.47644,1.47652,1.47606,1.47617,164590000,8
1699510560000,1699511039000,1.47619,1.4764,1.47615,1.47617,106520000,8
1699511040000,1699511519000,1.47619,1.47636,1.47619,1.47623,184090000,8
1699511520000,1699511999000,1.47623,1.47624,1.47601,1.47612,266600000,8
1699512000000,1699512479000,1.47613,1.4762,1.4759,1.47597,514360000,8
1699512480000,1699512959000,1.47596,1.47605,1.47571,1.47586,254610000,8
1699512960000,1699513439000,1.47587,1.47617,1.47578,1.47595,388950000,8
1699513440000,1699513919000,1.47593,1.47636,1.47586,1.47625,334120000,8
1699513920000,1699514399000,1.47625,1.4764,1.47589,1.47595,315620000,8
1699514400000,1699514879000,1.47596,1.47617,1.47593,1.47599,325460000,8
1699514880000,1699515359000,1.47598,1.47628,1.47579,1.47616,438300000,8
1699515360000,1699515839000,1.47619,1.4765,1.47612,1.47615,409300000,8
1699515840000,1699516319000,1.47614,1.47653,1.47614,1.47636,436380000,8
1699516320000,1699516799000,1.47634,1.47642,1.47598,1.47626,365060000,8
1699516800000,1699517279000,1.47626,1.47669,1.47598,1.47657,792510000,8
1699517280000,1699517759000,1.4766,1.47744,1.4766,1.47689,677820000,8
1699517760000,1699518239000,1.47691,1.47698,1.47635,1.47673,770170000,8
1699518240000,1699518719000,1.47675,1.47687,1.47626,1.47674,672290000,8
1699518720000,1699519199000,1.47672,1.47688,1.47619,1.47669,656280000,8
1699519200000,1699519679000,1.47667,1.4767,1.47603,1.47608,557400000,8
1699519680000,1699520159000,1.47608,1.47644,1.47587,1.47605,670520000,8
1699520160000,1699520639000,1.47605,1.47613,1.4756,1.47562,912690000,8
1699520640000,1699521119000,1.47564,1.47573,1.47529,1.47556,493400000,8
1699521120000,1699521599000,1.47555,1.47581,1.47538,1.47556,478600000,8
1699521600000,1699522079000,1.47553,1.47596,1.47529,1.47587,450360000,8
1699522080000,1699522559000,1.47588,1.47594,1.47553,1.47578,459690000,8
1699522560000,1699523039000,1.47577,1.47581,1.47505,1.4752,578890000,8
1699523040000,1699523519000,1.47521,1.47532,1.47495,1.47514,463030000,8
1699523520000,1699523999000,1.47512,1.47528,1.47491,1.47511,471380000,8
1699524000000,1699524479000,1.47513,1.47524,1.47428,1.47437,539990000,8
1699524480000,1699524959000,1.47438,1.47484,1.47412,1.47429,478410000,8
1699524960000,1699525439000,1.47428,1.47452,1.474,1.47428,515320000,8
1699525440000,1699525919000,1.47428,1.47439,1.47371,1.47371,456460000,8
1699525920000,1699526399000,1.47367,1.47388,1.47294,1.47301,509740000,8
1699526400000,1699526879000,1.47302,1.47351,1.47288,1.47346,390580000,8
1699526880000,1699527359000,1.47343,1.47349,1.4729,1.47314,393640000,8
1699527360000,1699527839000,1.47315,1.47367,1.47315,1.47358,494230000,8
1699527840000,1699528319000,1.4736,1.47406,1.47353,1.47403,274110000,8
1699528320000,1699528799000,1.47404,1.47443,1.47382,1.4739,424300000,8
1699528800000,1699529279000,1.4739,1.47404,1.47349,1.47354,495810000,8
1699529280000,1699529759000,1.47352,1.47373,1.47345,1.47352,390810000,8
1699529760000,1699530239000,1.4735,1.47378,1.47332,1.47359,497230000,8
1699530240000,1699530719000,1.47359,1.47376,1.47347,1.47355,304610000,8
1699530720000,1699531199000,1.47355,1.47385,1.47353,1.47358,420380000,8
1699531200000,1699531679000,1.47358,1.47381,1.47327,1.47376,377410000,8
1699531680000,1699532159000,1.47376,1.47389,1.47348,1.47352,409910000,8
1699532160000,1699532639000,1.47353,1.47387,1.47322,1.47382,547300000,8
1699532640000,1699533119000,1.47381,1.47389,1.47346,1.47384,530490000,8
1699533120000,1699533599000,1.47384,1.47411,1.47375,1.47397,321230000,8
1699533600000,1699534079000,1.47397,1.47414,1.47353,1.47353,512670000,8
1699534080000,1699534559000,1.47354,1.47416,1.47339,1.47388,363710000,8
1699534560000,1699535039000,1.47387,1.47413,1.47354,1.47354,527890000,8
1699535040000,1699535519000,1.47355,1.47412,1.47338,1.47364,704670000,8
1699535520000,1699535999000,1.47363,1.47371,1.47321,1.47323,804610000,8
1699536000000,1699536479000,1.47328,1.47462,1.47313,1.47462,1101300000,8
1699536480000,1699536959000,1.47461,1.47488,1.47389,1.47452,1649510000,8
1699536960000,1699537439000,1.47454,1.4749,1.47426,1.47474,1295730000,8
1699537440000,1699537919000,1.47474,1.4749,1.47395,1.4742,1206040000,8
1699537920000,1699538399000,1.47423,1.47559,1.47404,1.47559,1054880000,8
1699538400000,1699538879000,1.47557,1.47576,1.47496,1.47508,1040880000,8
1699538880000,1699539359000,1.47506,1.47578,1.47501,1.4754,1065990000,8
1699539360000,1699539839000,1.47542,1.47543,1.47471,1.47474,825620000,8
1699539840000,1699540319000,1.47475,1.47551,1.47465,1.47479,1208700000,8
1699540320000,1699540799000,1.47476,1.47486,1.47382,1.47433,1615310000,8
1699540800000,1699541279000,1.4743,1.47501,1.47393,1.47493,1661840000,8
1699541280000,1699541759000,1.47492,1.47572,1.47465,1.47564,1085140000,8
1699541760000,1699542239000,1.47566,1.47603,1.47492,1.47506,1413920000,8
1699542240000,1699542719000,1.47509,1.47608,1.47467,1.47595,1150410000,8
1699542720000,1699543199000,1.47594,1.47597,1.47496,1.47505,1210360000,8
1699543200000,1699543679000,1.47508,1.47549,1.47429,1.47438,1302830000,8
1699543680000,1699544159000,1.47438,1.47468,1.47387,1.47422,1172190000,8
1699544160000,1699544639000,1.47422,1.47452,1.47334,1.47335,1331180000,8
1699544640000,1699545119000,1.47335,1.47342,1.47265,1.47292,1362920000,8
1699545120000,1699545599000,1.47294,1.4735,1.47262,1.47324,1310240000,8
1699545600000,1699546079000,1.47324,1.47421,1.47319,1.47384,1227280000,8
1699546080000,1699546559000,1.47381,1.47426,1.4737,1.47389,963210000,8
1699546560000,1699547039000,1.47391,1.4749,1.47374,1.47471,853090000,8
1699547040000,1699547519000,1.47471,1.4748,1.4738,1.4739,610080000,8
1699547520000,1699547999000,1.47388,1.47468,1.47386,1.47454,619600000,8
1699548000000,1699548479000,1.47455,1.47472,1.47409,1.47409,552910000,8
1699548480000,1699548959000,1.47405,1.47458,1.47385,1.47408,493960000,8
1699548960000,1699549439000,1.47408,1.47462,1.47407,1.47444,626910000,8
1699549440000,1699549919000,1.47445,1.47488,1.47422,1.47485,391120000,8
1699549920000,1699550399000,1.47481,1.47501,1.47422,1.47422,491050000,8
1699550400000,1699550879000,1.47422,1.47444,1.47396,1.47416,551310000,8
1699550880000,1699551359000,1.47416,1.47419,1.47377,1.47396,432640000,8
1699551360000,1699551839000,1.47393,1.47407,1.47352,1.47358,452490000,8
1699551840000,1699552319000,1.47358,1.47394,1.47347,1.47375,421380000,8
1699552320000,1699552799000,1.47375,1.47421,1.47352,1.47397,569240000,8
1699552800000,1699553279000,1.47396,1.474,1.47198,1.47275,2810180000,8
1699553280000,1699553759000,1.47275,1.47384,1.47272,1.47358,2194840000,8
1699553760000,1699554239000,1.4736,1.47378,1.47312,1.47345,1555670000,8
1699554240000,1699554719000,1.47345,1.47404,1.47333,1.47359,1151690000,8
1699554720000,1699555199000,1.47361,1.47426,1.47343,1.47389,1061930000,8
1699555200000,1699555679000,1.47386,1.47431,1.47366,1.47416,960470000,8
1699555680000,1699556159000,1.47415,1.4742,1.47352,1.47368,871120000,8
1699556160000,1699556639000,1.47368,1.47407,1.47292,1.47317,1745860000,8
1699556640000,1699557119000,1.47315,1.4733,1.4727,1.47312,1856710000,8
1699557120000,1699557599000,1.47313,1.47336,1.47229,1.47252,1678290000,8
1699557600000,1699558079000,1.4725,1.47269,1.47223,1.47253,1431840000,8
1699558080000,1699558559000,1.47248,1.47305,1.47239,1.47255,1073450000,8
1699558560000,1699559039000,1.47258,1.47301,1.47238,1.47269,1517940000,8
1699559040000,1699559519000,1.47267,1.47289,1.47247,1.47279,1091280000,8
1699559520000,1699559999000,1.47277,1.4733,1.47265,1.47325,829920000,8
1699560000000,1699560479000,1.47325,1.47381,1.47315,1.47381,897640000,8
1699560480000,1699560959000,1.47376,1.474,1.47366,1.47385,582890000,8
1699560960000,1699561439000,1.47382,1.47385,1.47329,1.47354,738420000,8
1699561440000,1699561919000,1.47356,1.47369,1.47327,1.47363,772750000,8
1699561920000,1699562399000,1.47362,1.47374,1.47315,1.47326,549940000,8
1699562400000,1699562879000,1.47326,1.47344,1.47308,1.47318,423720000,8
1699562880000,1699563359000,1.4732,1.47327,1.47279,1.47289,372240000,8
1699563360000,1699563839000,1.47288,1.47288,1.47233,1.47248,377080000,8
1699563840000,1699564319000,1.47247,1.47302,1.47245,1.4729,329500000,8
1699564320000,1699564799000,1.47287,1.47313,1.47267,1.47301,225810000,8
1699564800000,1699565279000,1.473,1.47333,1.47298,1.47314,272920000,8
1699565280000,1699565759000,1.47315,1.47322,1.47297,1.47309,261100000,8
1699565760000,1699566239000,1.47308,1.47326,1.47302,1.47311,131900000,8
1699566240000,1699566719000,1.47311,1.47332,1.47288,1.47289,212420000,8
1699566720000,1699567199000,1.47291,1.47312,1.47255,1.47255,661520000,8
1699567200000,1699567679000,1.4725,1.47265,1.47172,1.47181,22540000,8
1699567680000,1699568159000,1.47216,1.47264,1.47209,1.47222,180860000,8
1699568160000,1699568639000,1.47221,1.47262,1.47212,1.47235,121660000,8
1699568640000,1699569119000,1.47223,1.47265,1.47196,1.47262,241160000,8
1699569120000,1699569599000,1.47262,1.47276,1.4725,1.47257,181660000,8
1699569600000,1699570079000,1.47256,1.47299,1.47243,1.47244,484860000,8
1699570080000,1699570559000,1.47245,1.47285,1.47236,1.47257,328820000,8
1699570560000,1699571039000,1.47256,1.47307,1.4721,1.47291,1153330000,8
1699571040000,1699571519000,1.47291,1.47315,1.47291,1.47294,142850000,8
1699571520000,1699571999000,1.47299,1.47327,1.47295,1.47318,280300000,8
1699572000000,1699572479000,1.47318,1.4732,1.47304,1.47309,115430000,8
1699572480000,1699572959000,1.4731,1.47325,1.473,1.4731,95200000,8
1699572960000,1699573439000,1.47309,1.47323,1.47302,1.47315,73920000,8
1699573440000,1699573919000,1.47315,1.47328,1.47313,1.47328,63840000,8
1699573920000,1699574399000,1.47328,1.47332,1.47289,1.47295,99800000,8
1699574400000,1699574879000,1.47296,1.47306,1.47265,1.47287,298290000,8
1699574880000,1699575359000,1.47288,1.47298,1.47281,1.47287,176580000,8
1699575360000,1699575839000,1.47287,1.47298,1.47277,1.47293,208010000,8
1699575840000,1699576319000,1.47296,1.47307,1.4729,1.47297,99880000,8
1699576320000,1699576799000,1.47295,1.47308,1.47285,1.4729,162240000,8
1699576800000,1699577279000,1.47289,1.47316,1.47287,1.47306,126170000,8
1699577280000,1699577759000,1.47305,1.47328,1.47297,1.47316,181940000,8
1699577760000,1699578239000,1.47315,1.47319,1.47287,1.47294,193040000,8
1699578240000,1699578719000,1.47296,1.47316,1.47295,1.47299,168050000,8
1699578720000,1699579199000,1.47299,1.47333,1.47295,1.47328,205980000,8
1699579200000,1699579679000,1.47333,1.47346,1.47317,1.47344,314720000,8
1699579680000,1699580159000,1.47345,1.47353,1.47335,1.4734,302400000,8
1699580160000,1699580639000,1.47339,1.47356,1.47326,1.47335,234100000,8
1699580640000,1699581119000,1.47337,1.47353,1.47332,1.47342,360510000,8
1699581120000,1699581599000,1.47341,1.47354,1.47296,1.47298,227930000,8
1699581600000,1699582079000,1.47301,1.4733,1.47296,1.47329,216890000,8
1699582080000,1699582559000,1.47326,1.47337,1.47299,1.4731,246970000,8
1699582560000,1699583039000,1.47308,1.47325,1.473,1.47325,202310000,8
1699583040000,1699583519000,1.47326,1.47334,1.473,1.47301,321650000,8
1699583520000,1699583999000,1.47299,1.47321,1.47295,1.473,305580000,8
1699584000000,1699584479000,1.473,1.47307,1.47279,1.47279,246740000,8
1699584480000,1699584959000,1.47276,1.47282,1.47265,1.47276,168460000,8
1699584960000,1699585439000,1.47278,1.47288,1.47262,1.47276,142380000,8
1699585440000,1699585919000,1.47276,1.47294,1.47261,1.47288,149100000,8
1699585920000,1699586399000,1.47287,1.47298,1.47267,1.4728,162560000,8
1699586400000,1699586879000,1.47278,1.4728,1.47262,1.47273,122640000,8
1699586880000,1699587359000,1.47272,1.47274,1.47257,1.47272,148800000,8
1699587360000,1699587839000,1.47273,1.47279,1.47263,1.47279,164460000,8
1699587840000,1699588319000,1.4728,1.47284,1.47251,1.4726,239600000,8
1699588320000,1699588799000,1.47261,1.47273,1.47254,1.47265,213280000,8
1699588800000,1699589279000,1.47267,1.47273,1.47258,1.47264,204100000,8
1699589280000,1699589759000,1.47264,1.47264,1.47244,1.47247,151020000,8
1699589760000,1699590239000,1.47249,1.47252,1.47196,1.47196,299300000,8
1699590240000,1699590719000,1.47198,1.47211,1.47191,1.47196,235640000,8
1699590720000,1699591199000,1.47198,1.47205,1.47188,1.47189,199160000,8
1699591200000,1699591679000,1.4719,1.47204,1.47177,1.47186,175600000,8
1699591680000,1699592159000,1.47185,1.47196,1.47182,1.47196,87580000,8
1699592160000,1699592639000,1.47199,1.47238,1.47199,1.47223,138240000,8
1699592640000,1699593119000,1.47223,1.47232,1.4719,1.4719,162940000,8
1699593120000,1699593599000,1.47193,1.47222,1.47192,1.47218,151010000,8
1699593600000,1699594079000,1.47217,1.47221,1.47201,1.47213,120680000,8
1699594080000,1699594559000,1.47211,1.47223,1.47208,1.47215,114200000,8
1699594560000,1699595039000,1.47215,1.4723,1.47215,1.4722,143820000,8
1699595040000,1699595519000,1.47216,1.4723,1.47214,1.47216,211740000,8
1699595520000,1699595999000,1.47216,1.47223,1.47205,1.47216,249020000,8
1699596000000,1699596479000,1.47216,1.47241,1.472,1.47219,201300000,8
1699596480000,1699596959000,1.47219,1.47231,1.47202,1.47209,187580000,8
1699596960000,1699597439000,1.4721,1.4722,1.47197,1.47202,168260000,8
1699597440000,1699597919000,1.47204,1.47215,1.47149,1.47149,241590000,8
1699597920000,1699598399000,1.47149,1.47169,1.47137,1.47166,282570000,8
1699598400000,1699598879000,1.47164,1.4718,1.4716,1.47173,202320000,8
1699598880000,1699599359000,1.47174,1.47174,1.47142,1.47158,259760000,8
1699599360000,1699599839000,1.47159,1.4719,1.47136,1.47139,370920000,8
1699599840000,1699600319000,1.47143,1.4717,1.47107,1.47117,573410000,8
1699600320000,1699600799000,1.47115,1.47172,1.47095,1.47161,352920000,8
1699600800000,1699601279000,1.47165,1.47165,1.47111,1.47118,335170000,8
1699601280000,1699601759000,1.47124,1.47126,1.47077,1.47094,380110000,8
1699601760000,1699602239000,1.4709,1.47156,1.4708,1.47144,453650000,8
1699602240000,1699602719000,1.47144,1.47166,1.47135,1.47142,502620000,8
1699602720000,1699603199000,1.47145,1.47168,1.4712,1.4713,490540000,8
1699603200000,1699603679000,1.47131,1.4727,1.47131,1.47263,900880000,8
1699603680000,1699604159000,1.47265,1.47285,1.47225,1.47269,622610000,8
1699604160000,1699604639000,1.47268,1.47333,1.47264,1.47333,568580000,8
1699604640000,1699605119000,1.47332,1.4736,1.47307,1.47318,664160000,8
1699605120000,1699605599000,1.47319,1.47333,1.47258,1.47261,579660000,8
1699605600000,1699606079000,1.47261,1.47328,1.47238,1.47326,395970000,8
1699606080000,1699606559000,1.47326,1.47329,1.47272,1.47278,415160000,8
1699606560000,1699607039000,1.47278,1.4733,1.47276,1.47323,489660000,8
1699607040000,1699607519000,1.47322,1.47411,1.47316,1.47398,504620000,8
1699607520000,1699607999000,1.47399,1.47429,1.47386,1.47392,554330000,8
1699608000000,1699608479000,1.47392,1.47401,1.47327,1.47327,374660000,8
1699608480000,1699608959000,1.47328,1.47354,1.47284,1.47354,604060000,8
1699608960000,1699609439000,1.47355,1.47385,1.47337,1.47352,390530000,8
1699609440000,1699609919000,1.47352,1.47448,1.47352,1.47425,556740000,8
1699609920000,1699610399000,1.47427,1.47437,1.47387,1.47412,543760000,8
1699610400000,1699610879000,1.47412,1.47435,1.47402,1.4743,422570000,8
1699610880000,1699611359000,1.47428,1.47428,1.47386,1.474,614830000,8
1699611360000,1699611839000,1.47404,1.4741,1.47367,1.47382,469710000,8
1699611840000,1699612319000,1.47384,1.47454,1.47381,1.4745,281520000,8
1699612320000,1699612799000,1.47452,1.47455,1.47414,1.47447,336110000,8
1699612800000,1699613279000,1.47448,1.47523,1.47417,1.47497,521160000,8
1699613280000,1699613759000,1.475,1.4755,1.47496,1.47516,529980000,8
1699613760000,1699614239000,1.47517,1.47589,1.47515,1.47578,590320000,8
1699614240000,1699614719000,1.4758,1.47643,1.47569,1.47641,340170000,8
1699614720000,1699615199000,1.47642,1.47642,1.47565,1.47599,470980000,8
1699615200000,1699615679000,1.47603,1.47615,1.47519,1.47519,375170000,8
1699615680000,1699616159000,1.4752,1.47541,1.47509,1.47528,402220000,8
1699616160000,1699616639000,1.47528,1.47529,1.47488,1.4749,384460000,8
1699616640000,1699617119000,1.47491,1.47499,1.47459,1.47472,362220000,8
1699617120000,1699617599000,1.47469,1.47532,1.47466,1.47503,367310000,8
1699617600000,1699618079000,1.47505,1.47519,1.47468,1.47486,310210000,8
1699618080000,1699618559000,1.47485,1.47485,1.47441,1.47479,248570000,8
1699618560000,1699619039000,1.47476,1.47486,1.47422,1.47469,500080000,8
1699619040000,1699619519000,1.4747,1.47549,1.4747,1.47546,629250000,8
1699619520000,1699619999000,1.47546,1.47587,1.47523,1.47537,498180000,8
1699620000000,1699620479000,1.47539,1.47582,1.47528,1.47566,588120000,8
1699620480000,1699620959000,1.47565,1.47591,1.47545,1.47553,452790000,8
1699620960000,1699621439000,1.47553,1.47564,1.47527,1.47544,706520000,8
1699621440000,1699621919000,1.47547,1.4756,1.47511,1.47532,662450000,8
1699621920000,1699622399000,1.47531,1.47588,1.47526,1.47563,716880000,8
1699622400000,1699622879000,1.47564,1.47595,1.47501,1.47543,711740000,8
1699622880000,1699623359000,1.47545,1.47572,1.4753,1.47567,626750000,8
1699623360000,1699623839000,1.47567,1.476,1.47538,1.476,560230000,8
1699623840000,1699624319000,1.47601,1.47688,1.47598,1.47685,659790000,8
1699624320000,1699624799000,1.47687,1.47775,1.47681,1.4773,842910000,8
1699624800000,1699625279000,1.47732,1.47754,1.47694,1.477,658350000,8
1699625280000,1699625759000,1.47699,1.47709,1.47657,1.47664,725330000,8
1699625760000,1699626239000,1.47665,1.47686,1.47629,1.4766,557030000,8
1699626240000,1699626719000,1.4766,1.47721,1.47625,1.47645,825740000,8
1699626720000,1699627199000,1.47645,1.47675,1.47583,1.47663,1411420000,8
1699627200000,1699627679000,1.47665,1.4771,1.47613,1.47654,926890000,8
1699627680000,1699628159000,1.47657,1.47686,1.47596,1.47653,935350000,8
1699628160000,1699628639000,1.47653,1.47679,1.47543,1.47638,1750960000,8
1699628640000,1699629119000,1.47639,1.47669,1.4757,1.47657,1399870000,8
1699629120000,1699629599000,1.47657,1.47783,1.47635,1.47776,1279840000,8
1699629600000,1699630079000,1.47775,1.47796,1.47668,1.477,1189760000,8
1699630080000,1699630559000,1.47697,1.47732,1.47656,1.47721,1053390000,8
1699630560000,1699631039000,1.47721,1.47798,1.47715,1.47784,954700000,8
1699631040000,1699631519000,1.47783,1.47829,1.47694,1.47709,966610000,8
1699631520000,1699631999000,1.47707,1.47727,1.47626,1.47632,870150000,8
1699632000000,1699632479000,1.4763,1.47662,1.47596,1.4765,1180570000,8
1699632480000,1699632959000,1.4765,1.47667,1.47619,1.47619,768320000,8
1699632960000,1699633439000,1.47617,1.47617,1.47563,1.47598,738500000,8
1699633440000,1699633919000,1.47599,1.47627,1.47573,1.47601,766290000,8
1699633920000,1699634399000,1.476,1.47606,1.4753,1.47577,800980000,8
1699634400000,1699634879000,1.47577,1.47593,1.47497,1.4753,521870000,8
1699634880000,1699635359000,1.47528,1.4757,1.47517,1.47527,550270000,8
1699635360000,1699635839000,1.4753,1.47558,1.47505,1.47541,748230000,8
1699635840000,1699636319000,1.47543,1.47562,1.47515,1.47515,523240000,8
1699636320000,1699636799000,1.47519,1.47549,1.47492,1.47493,492640000,8
1699636800000,1699637279000,1.47494,1.47516,1.47481,1.47488,540350000,8
1699637280000,1699637759000,1.47485,1.47492,1.47416,1.47488,542460000,8
1699637760000,1699638239000,1.47486,1.47509,1.47473,1.47487,484450000,8
1699638240000,1699638719000,1.47486,1.47499,1.47464,1.47478,459190000,8
1699638720000,1699639199000,1.47478,1.47507,1.47465,1.47476,382920000,8
1699639200000,1699639679000,1.47475,1.47497,1.47464,1.47494,354880000,8
1699639680000,1699640159000,1.47493,1.47503,1.47446,1.47457,521250000,8
1699640160000,1699640639000,1.47457,1.47473,1.47423,1.47456,431740000,8
1699640640000,1699641119000,1.47457,1.4748,1.47432,1.47477,472700000,8
1699641120000,1699641599000,1.47474,1.47487,1.47437,1.47457,208580000,8
1699641600000,1699642079000,1.47457,1.47464,1.47425,1.47451,306190000,8
1699642080000,1699642559000,1.4745,1.47465,1.47418,1.47452,347450000,8
1699642560000,1699643039000,1.47451,1.47466,1.47434,1.47442,291840000,8
1699643040000,1699643519000,1.47443,1.475,1.47443,1.47444,274470000,8
1699643520000,1699643999000,1.47445,1.47469,1.4742,1.47467,333790000,8
1699644000000,1699644479000,1.47468,1.47474,1.47414,1.4742,395800000,8
1699644480000,1699644959000,1.47421,1.47478,1.47408,1.47475,268990000,8
1699644960000,1699645439000,1.47475,1.47501,1.47456,1.47464,267440000,8
1699645440000,1699645919000,1.47465,1.47475,1.47452,1.47458,341660000,8
1699645920000,1699646399000,1.47457,1.47482,1.47448,1.47476,436630000,8
1699646400000,1699646879000,1.47474,1.47478,1.47447,1.47459,335510000,8
1699646880000,1699647359000,1.47463,1.47484,1.47433,1.47434,353630000,8
1699647360000,1699647839000,1.47432,1.47468,1.47429,1.47455,322920000,8
1699647840000,1699648319000,1.47457,1.47465,1.47437,1.47445,291190000,8
1699648320000,1699648799000,1.47446,1.47467,1.4744,1.47448,256720000,8
1699648800000,1699649279000,1.47447,1.47457,1.47435,1.47441,194740000,8
1699649280000,1699649759000,1.47439,1.47447,1.47409,1.47435,249070000,8
1699649760000,1699650239000,1.47436,1.47439,1.47413,1.47417,222580000,8
1699650240000,1699650719000,1.47416,1.47423,1.47408,1.47417,110120000,8
1699650720000,1699651199000,1.47419,1.47426,1.47408,1.47409,117870000,8
1699651200000,1699651679000,1.47408,1.47417,1.47395,1.47398,61600000,8
1699651680000,1699652159000,1.47403,1.47428,1.47393,1.47417,166180000,8
1699652160000,1699652639000,1.47416,1.47417,1.47392,1.47405,182990000,8
1699652640000,1699653119000,1.47403,1.4744,1.47396,1.47429,290420000,8
1699653120000,1699653599000,1.47428,1.47441,1.47406,1.47438,443320000,8
1699653600000,1699654079000,1.47438,1.47438,1.47438,1.47438,0,8
1699654080000,1699654559000,1.47438,1.47438,1.47438,1.47438,0,8
1699654560000,1699655039000,1.47438,1.47438,1.47438,1.47438,0,8
1699655040000,1699655519000,1.47438,1.47438,1.47438,1.47438,0,8
1699655520000,1699655999000,1.47438,1.47438,1.47438,1.47438,0,8
1699656000000,1699656479000,1.47438,1.47438,1.47438,1.47438,0,8
1699656480000,1699656959000,1.47438,1.47438,1.47438,1.47438,0,8
1699656960000,1699657439000,1.47438,1.47438,1.47438,1.47438,0,8
1699657440000,1699657919000,1.47438,1.47438,1.47438,1.47438,0,8
1699657920000,1699658399000,1.47438,1.47438,1.47438,1.47438,0,8
1699658400000,1699658879000,1.47438,1.47438,1.47438,1.47438,0,8
1699658880000,1699659359000,1.47438,1.47438,1.47438,1.47438,0,8
1699659360000,1699659839000,1.47438,1.47438,1.47438,1.47438,0,8
1699659840000,1699660319000,1.47438,1.47438,1.47438,1.47438,0,8
1699660320000,1699660799000,1.47438,1.47438,1.47438,1.47438,0,8
1699826400000,1699826879000,1.47363,1.47367,1.47277,1.47284,95400000,8
1699826880000,1699827359000,1.47293,1.47328,1.47254,1.47328,47440000,8
1699827360000,1699827839000,1.47328,1.47367,1.47212,1.47213,179550000,8
1699827840000,1699828319000,1.47289,1.47366,1.47201,1.47357,91800000,8
1699828320000,1699828799000,1.47352,1.47382,1.47197,1.47267,280450000,8
1699828800000,1699829279000,1.47267,1.47379,1.47231,1.47347,1474260000,8
1699829280000,1699829759000,1.47347,1.4741,1.47241,1.47342,2347300000,8
1699829760000,1699830239000,1.47346,1.47459,1.4732,1.47459,742690000,8
1699830240000,1699830719000,1.47459,1.4748,1.47455,1.47471,190000000,8
1699830720000,1699831199000,1.47471,1.47487,1.47467,1.47479,102300000,8
1699831680000,1699832159000,1.47502,1.47505,1.47471,1.47487,97060000,8
1699832160000,1699832639000,1.47487,1.47513,1.47487,1.47502,88480000,8
1699832640000,1699833119000,1.47502,1.4751,1.47481,1.47497,97740000,8
1699833120000,1699833599000,1.47499,1.47517,1.47488,1.47494,114280000,8
1699833600000,1699834079000,1.47492,1.47506,1.47471,1.47501,229200000,8
1699834080000,1699834559000,1.47503,1.47507,1.47491,1.47497,183060000,8
1699834560000,1699835039000,1.47496,1.475,1.47473,1.475,140690000,8
1699835040000,1699835519000,1.475,1.47501,1.47459,1.47479,124640000,8
1699835520000,1699835999000,1.47476,1.47495,1.47464,1.47483,135600000,8
1699836000000,1699836479000,1.47484,1.47499,1.47475,1.47499,133880000,8
1699836480000,1699836959000,1.47499,1.47508,1.47485,1.47493,249770000,8
1699836960000,1699837439000,1.47494,1.47552,1.47489,1.47551,211140000,8
1699837440000,1699837919000,1.47553,1.47557,1.47525,1.47548,345090000,8
1699837920000,1699838399000,1.47548,1.47569,1.47546,1.47555,266710000,8
1699838400000,1699838879000,1.47556,1.47558,1.47537,1.47544,282430000,8
1699838880000,1699839359000,1.47544,1.4756,1.47541,1.47555,243430000,8
1699839360000,1699839839000,1.47553,1.47568,1.47539,1.47561,181500000,8
1699839840000,1699840319000,1.47561,1.47578,1.47556,1.47568,163100000,8
1699840320000,1699840799000,1.47571,1.47582,1.47551,1.4756,212920000,8
1699840800000,1699841279000,1.47558,1.47568,1.4755,1.47558,303360000,8
1699841280000,1699841759000,1.47557,1.47557,1.47534,1.47544,187640000,8
1699841760000,1699842239000,1.47546,1.47549,1.475,1.47508,209800000,8
1699842240000,1699842719000,1.47507,1.47526,1.47498,1.47507,199100000,8
1699842720000,1699843199000,1.47508,1.47518,1.47495,1.47513,235020000,8
1699843200000,1699843679000,1.4752,1.47541,1.47512,1.47541,121220000,8
1699843680000,1699844159000,1.47543,1.47574,1.4754,1.47573,134660000,8
1699844160000,1699844639000,1.47572,1.47594,1.47569,1.47594,146180000,8
1699844640000,1699845119000,1.47592,1.47617,1.47586,1.47616,181640000,8
1699845120000,1699845599000,1.47615,1.47623,1.47592,1.47605,142310000,8
1699845600000,1699846079000,1.47606,1.47608,1.47588,1.47594,148960000,8
1699846080000,1699846559000,1.47598,1.47615,1.47591,1.47615,141360000,8
1699846560000,1699847039000,1.47614,1.47617,1.47603,1.4761,80260000,8
1699847040000,1699847519000,1.4761,1.47623,1.47608,1.47617,77280000,8
1699847520000,1699847999000,1.47616,1.47621,1.47606,1.47616,63960000,8
1699848000000,1699848479000,1.47616,1.47635,1.47614,1.47635,118050000,8
1699848480000,1699848959000,1.47637,1.47639,1.47627,1.47629,110590000,8
1699848960000,1699849439000,1.47629,1.4764,1.47622,1.47627,122460000,8
1699849440000,1699849919000,1.47625,1.47636,1.47625,1.47633,83250000,8
1699849920000,1699850399000,1.47633,1.47646,1.47629,1.47638,117680000,8
1699850400000,1699850879000,1.47637,1.47641,1.4763,1.47636,97200000,8
1699850880000,1699851359000,1.47635,1.47651,1.47635,1.47645,132410000,8
1699851360000,1699851839000,1.47646,1.4765,1.47627,1.47633,97680000,8
1699851840000,1699852319000,1.47634,1.47637,1.47626,1.47628,79840000,8
1699852320000,1699852799000,1.4763,1.47632,1.47614,1.47617,71460000,8
1699852800000,1699853279000,1.47616,1.4762,1.47602,1.47607,133640000,8
1699853280000,1699853759000,1.4761,1.47618,1.47601,1.47609,149440000,8
1699853760000,1699854239000,1.47608,1.47615,1.47591,1.47593,122940000,8
1699854240000,1699854719000,1.47595,1.47598,1.47576,1.47593,166840000,8
1699854720000,1699855199000,1.47591,1.47597,1.47585,1.47596,170000000,8
1699855200000,1699855679000,1.47597,1.47604,1.47578,1.47602,164780000,8
1699855680000,1699856159000,1.47602,1.47609,1.47597,1.47602,135520000,8
1699856160000,1699856639000,1.47604,1.47612,1.47573,1.47605,197910000,8
1699856640000,1699857119000,1.47605,1.47616,1.47598,1.47599,194150000,8
1699857120000,1699857599000,1.47599,1.47606,1.47581,1.47582,214300000,8
1699857600000,1699858079000,1.47584,1.47623,1.47581,1.47622,176630000,8
1699858080000,1699858559000,1.47624,1.47627,1.47613,1.47617,177270000,8
1699858560000,1699859039000,1.47618,1.47624,1.47587,1.47602,425520000,8
1699859040000,1699859519000,1.47605,1.47631,1.4759,1.47605,509520000,8
1699859520000,1699859999000,1.47604,1.4763,1.47575,1.47584,382700000,8
1699860000000,1699860479000,1.47584,1.47597,1.47569,1.47595,380060000,8
1699860480000,1699860959000,1.47597,1.47637,1.47594,1.47625,327820000,8
1699860960000,1699861439000,1.47625,1.47629,1.47589,1.47607,308410000,8
1699861440000,1699861919000,1.47609,1.4762,1.47579,1.47583,340970000,8
1699861920000,1699862399000,1.47581,1.47588,1.47556,1.47556,339470000,8
1699862400000,1699862879000,1.47557,1.4762,1.4755,1.47584,694640000,8
1699862880000,1699863359000,1.47585,1.47633,1.47582,1.47626,612690000,8
1699863360000,1699863839000,1.47624,1.47626,1.47585,1.47619,485720000,8
1699863840000,1699864319000,1.47622,1.47652,1.47593,1.47599,463000000,8
1699864320000,1699864799000,1.47598,1.47618,1.4759,1.47606,360340000,8
1699864800000,1699865279000,1.4761,1.4763,1.47576,1.47626,317290000,8
1699865280000,1699865759000,1.47624,1.47624,1.47578,1.47593,366280000,8
1699865760000,1699866239000,1.47592,1.47607,1.47537,1.47537,409020000,8
1699866240000,1699866719000,1.47539,1.4755,1.47496,1.47507,383500000,8
1699866720000,1699867199000,1.47504,1.47521,1.4746,1.47521,473540000,8
1699867200000,1699867679000,1.47521,1.4765,1.47503,1.47633,497990000,8
1699867680000,1699868159000,1.47638,1.47643,1.47584,1.47617,532090000,8
1699868160000,1699868639000,1.47618,1.4763,1.47576,1.47585,399800000,8
1699868640000,1699869119000,1.4758,1.47604,1.47561,1.47593,355440000,8
1699869120000,1699869599000,1.47593,1.476,1.47551,1.47595,292270000,8
1699869600000,1699870079000,1.47595,1.4766,1.47594,1.47635,300470000,8
1699870080000,1699870559000,1.47637,1.47664,1.47613,1.47615,381710000,8
1699870560000,1699871039000,1.47613,1.47617,1.47567,1.47591,270400000,8
1699871040000,1699871519000,1.47591,1.47612,1.47576,1.47603,275460000,8
1699871520000,1699871999000,1.47602,1.47622,1.4759,1.47592,206650000,8
1699872000000,1699872479000,1.47592,1.47629,1.47582,1.47628,157420000,8
1699872480000,1699872959000,1.47626,1.47681,1.47615,1.47667,340080000,8
1699872960000,1699873439000,1.47667,1.47671,1.47584,1.47594,452830000,8
1699873440000,1699873919000,1.47597,1.47618,1.47571,1.47588,277690000,8
1699873920000,1699874399000,1.4759,1.47616,1.47573,1.47576,364080000,8
1699874400000,1699874879000,1.47577,1.47587,1.47547,1.47573,431100000,8
1699874880000,1699875359000,1.47574,1.47582,1.47535,1.47575,341750000,8
1699875360000,1699875839000,1.47574,1.47586,1.47541,1.47553,274060000,8
1699875840000,1699876319000,1.47555,1.47559,1.47521,1.47532,391220000,8
1699876320000,1699876799000,1.47534,1.47566,1.475,1.47561,335500000,8
1699876800000,1699877279000,1.47559,1.47566,1.47488,1.47535,541920000,8
1699877280000,1699877759000,1.47537,1.47596,1.47536,1.47578,471410000,8
1699877760000,1699878239000,1.47578,1.47589,1.47544,1.47544,478320000,8
1699878240000,1699878719000,1.47543,1.47571,1.47519,1.47525,406230000,8
1699878720000,1699879199000,1.47524,1.4759,1.47515,1.47573,361620000,8
1699879200000,1699879679000,1.47572,1.47579,1.47449,1.47453,385800000,8
1699879680000,1699880159000,1.4745,1.47513,1.47434,1.47511,452640000,8
1699880160000,1699880639000,1.47511,1.47554,1.4747,1.47528,682120000,8
1699880640000,1699881119000,1.47526,1.47562,1.47503,1.47549,693400000,8
1699881120000,1699881599000,1.47549,1.47561,1.47491,1.47519,853190000,8
1699881600000,1699882079000,1.4752,1.47547,1.47477,1.47496,1152110000,8
1699882080000,1699882559000,1.47497,1.4751,1.47467,1.47498,1056980000,8
1699882560000,1699883039000,1.47496,1.47526,1.47472,1.47505,957070000,8
1699883040000,1699883519000,1.47503,1.47555,1.47503,1.47519,810190000,8
1699883520000,1699883999000,1.47517,1.47543,1.475,1.47526,788700000,8
1699884000000,1699884479000,1.47528,1.47557,1.47489,1.47519,912090000,8
1699884480000,1699884959000,1.47521,1.47574,1.47508,1.47566,752080000,8
1699884960000,1699885439000,1.47567,1.47574,1.47506,1.4753,633640000,8
1699885440000,1699885919000,1.47532,1.47542,1.47484,1.47501,780390000,8
1699885920000,1699886399000,1.47504,1.47536,1.47458,1.47464,1093740000,8
1699886400000,1699886879000,1.47462,1.47479,1.47425,1.4743,1020600000,8
1699886880000,1699887359000,1.47429,1.4753,1.47419,1.4749,1099580000,8
1699887360000,1699887839000,1.47491,1.47599,1.47491,1.47577,1475150000,8
1699887840000,1699888319000,1.47578,1.47582,1.47503,1.47522,1901110000,8
1699888320000,1699888799000,1.47521,1.47549,1.47438,1.47496,1249760000,8
1699888800000,1699889279000,1.47497,1.4759,1.47468,1.47505,1086440000,8
1699889280000,1699889759000,1.47507,1.47545,1.47462,1.47507,744160000,8
1699889760000,1699890239000,1.47509,1.47529,1.47454,1.47481,649800000,8
1699890240000,1699890719000,1.47483,1.47539,1.47478,1.47527,808200000,8
1699890720000,1699891199000,1.47527,1.47562,1.47488,1.4749,988370000,8
1699891200000,1699891679000,1.47502,1.47526,1.47427,1.47457,827200000,8
1699891680000,1699892159000,1.47457,1.47476,1.47402,1.47448,800270000,8
1699892160000,1699892639000,1.47448,1.4749,1.47443,1.47465,697130000,8
1699892640000,1699893119000,1.47466,1.47472,1.47409,1.47423,548690000,8
1699893120000,1699893599000,1.47423,1.4747,1.47402,1.4746,441710000,8
1699893600000,1699894079000,1.47459,1.4747,1.47433,1.47448,508970000,8
1699894080000,1699894559000,1.47451,1.47464,1.47408,1.47424,528370000,8
1699894560000,1699895039000,1.47426,1.47488,1.47419,1.47476,465200000,8
1699895040000,1699895519000,1.47475,1.47535,1.4746,1.47514,500970000,8
1699895520000,1699895999000,1.47512,1.47542,1.47484,1.47524,351030000,8
1699896000000,1699896479000,1.47524,1.47554,1.47504,1.47539,433960000,8
1699896480000,1699896959000,1.47539,1.47547,1.47493,1.47516,480900000,8
1699896960000,1699897439000,1.47521,1.47557,1.47514,1.47529,243510000,8
1699897440000,1699897919000,1.47531,1.47546,1.47495,1.47496,411600000,8
1699897920000,1699898399000,1.47497,1.47515,1.47472,1.47499,333220000,8
1699898400000,1699898879000,1.47499,1.47521,1.47463,1.47489,279090000,8
1699898880000,1699899359000,1.47489,1.47491,1.4746,1.47476,221030000,8
1699899360000,1699899839000,1.47477,1.47542,1.47475,1.47539,246480000,8
1699899840000,1699900319000,1.47541,1.47548,1.47495,1.47547,278040000,8
1699900320000,1699900799000,1.47549,1.4757,1.47531,1.47566,282910000,8
1699900800000,1699901279000,1.47567,1.47616,1.47556,1.47616,339460000,8
1699901280000,1699901759000,1.47614,1.47621,1.47571,1.47583,294720000,8
1699901760000,1699902239000,1.47581,1.47606,1.47559,1.47589,254740000,8
1699902240000,1699902719000,1.47587,1.47604,1.47571,1.47604,251120000,8
1699902720000,1699903199000,1.47604,1.47644,1.47592,1.4762,263990000,8
1699903200000,1699903679000,1.4762,1.47634,1.47589,1.47609,311090000,8
1699903680000,1699904159000,1.47607,1.47611,1.47564,1.47565,141860000,8
1699904160000,1699904639000,1.4757,1.4763,1.47557,1.4763,249210000,8
1699904640000,1699905119000,1.47629,1.47659,1.47628,1.4765,182490000,8
1699905120000,1699905599000,1.47648,1.47682,1.4762,1.47652,427700000,8
1699905600000,1699906079000,1.47651,1.47685,1.47649,1.47662,230470000,8
1699906080000,1699906559000,1.47664,1.47681,1.47659,1.47673,151140000,8
1699906560000,1699907039000,1.47672,1.47687,1.47664,1.47675,165060000,8
1699907040000,1699907519000,1.47673,1.47674,1.4765,1.47656,152500000,8
1699907520000,1699907999000,1.47654,1.47665,1.47644,1.47656,143960000,8
1699908000000,1699908479000,1.47655,1.47692,1.47648,1.47682,179970000,8
1699908480000,1699908959000,1.47681,1.47681,1.47651,1.47659,227950000,8
1699908960000,1699909439000,1.47658,1.47691,1.47647,1.47657,271010000,8
1699909440000,1699909919000,1.47656,1.47668,1.47654,1.47665,120960000,8
1699909920000,1699910399000,1.47663,1.47707,1.47663,1.47703,131210000,8
1699910400000,1699910879000,1.47702,1.47713,1.47694,1.47708,90220000,8
1699910880000,1699911359000,1.47709,1.47711,1.47697,1.47703,111440000,8
1699911360000,1699911839000,1.47703,1.47716,1.47691,1.47711,111540000,8
1699911840000,1699912319000,1.47709,1.47722,1.47707,1.47715,128500000,8
1699912320000,1699912799000,1.47713,1.47717,1.47642,1.47648,490770000,8
1699912800000,1699913279000,1.47648,1.47648,1.47487,1.47536,9930000,8
1699913280000,1699913759000,1.47535,1.47631,1.47535,1.47622,178950000,8
1699913760000,1699914239000,1.47623,1.47632,1.47578,1.47623,131630000,8
1699914240000,1699914719000,1.47624,1.47637,1.47598,1.47624,477140000,8
1699914720000,1699915199000,1.47624,1.47678,1.47608,1.47671,573580000,8
1699915200000,1699915679000,1.47675,1.47683,1.47615,1.47653,362990000,8
1699915680000,1699916159000,1.47655,1.47673,1.47508,1.47654,557860000,8
1699916160000,1699916639000,1.47652,1.47681,1.47578,1.47667,618710000,8
1699916640000,1699917119000,1.47664,1.47685,1.47657,1.47682,134350000,8
1699917120000,1699917599000,1.4768,1.47702,1.47674,1.47701,93060000,8
1699917600000,1699918079000,1.47701,1.47701,1.47681,1.47689,54880000,8
1699918080000,1699918559000,1.47689,1.477,1.47688,1.47697,49280000,8
1699918560000,1699919039000,1.47696,1.47703,1.47695,1.47702,47260000,8
1699919040000,1699919519000,1.47701,1.47713,1.47695,1.47696,46970000,8
1699919520000,1699919999000,1.47697,1.47699,1.47679,1.47682,90140000,8
1699920000000,1699920479000,1.47683,1.47688,1.47648,1.47665,258710000,8
1699920480000,1699920959000,1.47668,1.47683,1.47659,1.47682,136140000,8
1699920960000,1699921439000,1.47684,1.47684,1.47668,1.47681,117820000,8
1699921440000,1699921919000,1.4768,1.47688,1.47672,1.47677,96890000,8
1699921920000,1699922399000,1.47677,1.47679,1.47666,1.47667,127710000,8
1699922400000,1699922879000,1.47667,1.47679,1.47664,1.47674,79470000,8
1699922880000,1699923359000,1.47675,1.47684,1.47666,1.47679,126440000,8
1699923360000,1699923839000,1.47683,1.47688,1.47651,1.47656,121310000,8
1699923840000,1699924319000,1.47656,1.47663,1.47632,1.47636,174260000,8
1699924320000,1699924799000,1.47636,1.47643,1.47622,1.47624,238820000,8
1699924800000,1699925279000,1.47623,1.47648,1.4762,1.47624,277440000,8
1699925280000,1699925759000,1.47623,1.47636,1.47615,1.47631,206420000,8
1699925760000,1699926239000,1.47627,1.47635,1.4761,1.4763,208470000,8
1699926240000,1699926719000,1.47628,1.47659,1.47618,1.47657,201550000,8
1699926720000,1699927199000,1.47658,1.47677,1.47651,1.4767,198150000,8
1699927200000,1699927679000,1.47667,1.47697,1.47663,1.47692,181670000,8
1699927680000,1699928159000,1.47694,1.47711,1.47687,1.47693,124120000,8
1699928160000,1699928639000,1.47693,1.47714,1.47684,1.47708,236840000,8
1699928640000,1699929119000,1.47708,1.4772,1.47705,1.47718,181380000,8
1699929120000,1699929599000,1.47718,1.47721,1.47677,1.47683,166610000,8
1699929600000,1699930079000,1.47682,1.47697,1.47677,1.47695,151200000,8
1699930080000,1699930559000,1.47695,1.47705,1.4769,1.47699,122080000,8
1699930560000,1699931039000,1.47697,1.47718,1.47697,1.47718,146430000,8
1699931040000,1699931519000,1.47719,1.47742,1.47717,1.47739,232290000,8
1699931520000,1699931999000,1.47737,1.47758,1.47735,1.47743,217450000,8
1699932000000,1699932479000,1.47744,1.4775,1.47731,1.47734,126650000,8
1699932480000,1699932959000,1.47735,1.47743,1.47725,1.4773,172640000,8
1699932960000,1699933439000,1.4773,1.47732,1.47718,1.47728,98800000,8
1699933440000,1699933919000,1.47728,1.47733,1.47715,1.47724,99680000,8
1699933920000,1699934399000,1.47724,1.47734,1.47719,1.47728,105040000,8
1699934400000,1699934879000,1.4773,1.47733,1.47712,1.47716,82880000,8
1699934880000,1699935359000,1.47714,1.47731,1.47712,1.47727,98900000,8
1699935360000,1699935839000,1.47727,1.47744,1.47726,1.47737,107520000,8
1699935840000,1699936319000,1.47737,1.4776,1.47735,1.47749,115360000,8
1699936320000,1699936799000,1.47749,1.47759,1.47745,1.47753,105280000,8
1699936800000,1699937279000,1.47747,1.47759,1.47742,1.47757,90570000,8
1699937280000,1699937759000,1.47756,1.47759,1.47749,1.47756,70490000,8
1699937760000,1699938239000,1.47755,1.47755,1.47739,1.4775,97620000,8
1699938240000,1699938719000,1.47749,1.47755,1.47737,1.4775,150060000,8
1699938720000,1699939199000,1.47753,1.47761,1.47747,1.47759,105410000,8
1699939200000,1699939679000,1.47759,1.47771,1.47751,1.47757,78230000,8
1699939680000,1699940159000,1.47759,1.47791,1.47755,1.47777,118770000,8
1699940160000,1699940639000,1.47777,1.47787,1.47774,1.47784,99800000,8
1699940640000,1699941119000,1.47781,1.47795,1.47781,1.4779,96620000,8
1699941120000,1699941599000,1.47788,1.47801,1.47778,1.47789,237320000,8
1699941600000,1699942079000,1.47789,1.47814,1.47783,1.47792,190820000,8
1699942080000,1699942559000,1.47792,1.47808,1.47785,1.47798,123620000,8
1699942560000,1699943039000,1.47801,1.47806,1.47785,1.47785,131560000,8
1699943040000,1699943519000,1.47783,1.47801,1.47781,1.47786,125510000,8
1699943520000,1699943999000,1.47785,1.47798,1.47766,1.47776,102280000,8
1699944000000,1699944479000,1.47775,1.47801,1.47769,1.47775,112420000,8
1699944480000,1699944959000,1.47774,1.47798,1.47771,1.47784,193710000,8
1699944960000,1699945439000,1.47782,1.47844,1.47782,1.47837,418790000,8
1699945440000,1699945919000,1.47835,1.47838,1.47786,1.4783,398140000,8
1699945920000,1699946399000,1.47831,1.47877,1.4783,1.47866,233060000,8
1699946400000,1699946879000,1.47868,1.47904,1.47842,1.47884,310710000,8
1699946880000,1699947359000,1.47885,1.47899,1.47862,1.4788,510400000,8
1699947360000,1699947839000,1.47881,1.47935,1.47881,1.47896,267680000,8
1699947840000,1699948319000,1.47896,1.47911,1.47849,1.47859,433620000,8
1699948320000,1699948799000,1.4786,1.47899,1.47843,1.47888,359580000,8
1699948800000,1699949279000,1.4789,1.47896,1.47779,1.47826,640500000,8
1699949280000,1699949759000,1.47829,1.47928,1.47827,1.47904,402520000,8
1699949760000,1699950239000,1.47906,1.47929,1.47899,1.47915,395470000,8
1699950240000,1699950719000,1.47913,1.47972,1.4791,1.47966,497010000,8
1699950720000,1699951199000,1.47965,1.48015,1.47933,1.47942,596580000,8
1699951200000,1699951679000,1.4794,1.47959,1.47871,1.47873,483990000,8
1699951680000,1699952159000,1.47871,1.4789,1.47845,1.47866,438660000,8
1699952160000,1699952639000,1.47868,1.47913,1.4786,1.47882,562090000,8
1699952640000,1699953119000,1.47883,1.47917,1.47877,1.47897,428630000,8
1699953120000,1699953599000,1.47897,1.48004,1.4789,1.47993,669430000,8
1699953600000,1699954079000,1.47993,1.48047,1.47986,1.4802,640050000,8
1699954080000,1699954559000,1.4802,1.48026,1.47987,1.48006,543450000,8
1699954560000,1699955039000,1.48006,1.4809,1.47973,1.48038,840770000,8
1699955040000,1699955519000,1.48035,1.48074,1.48029,1.48056,616800000,8
1699955520000,1699955999000,1.48054,1.48084,1.48025,1.48079,676740000,8
1699956000000,1699956479000,1.4808,1.48216,1.48067,1.48195,611790000,8
1699956480000,1699956959000,1.48196,1.4827,1.48169,1.48255,851790000,8
1699956960000,1699957439000,1.48256,1.48286,1.48231,1.48278,744850000,8
1699957440000,1699957919000,1.48277,1.48326,1.4827,1.48279,736870000,8
1699957920000,1699958399000,1.48279,1.48317,1.48248,1.48261,551170000,8
1699958400000,1699958879000,1.48257,1.4826,1.48186,1.48206,666230000,8
1699958880000,1699959359000,1.48208,1.48214,1.48143,1.48176,576070000,8
1699959360000,1699959839000,1.48176,1.48246,1.48176,1.48245,557640000,8
1699959840000,1699960319000,1.48245,1.48279,1.4822,1.48279,620920000,8
1699960320000,1699960799000,1.48279,1.48296,1.48237,1.48262,504900000,8
1699960800000,1699961279000,1.4826,1.48295,1.48246,1.48248,521480000,8
1699961280000,1699961759000,1.48248,1.48276,1.48228,1.48276,604980000,8
1699961760000,1699962239000,1.48278,1.48296,1.48261,1.48294,546510000,8
1699962240000,1699962719000,1.48295,1.48356,1.48291,1.48335,669940000,8
1699962720000,1699963199000,1.48335,1.48335,1.48284,1.48302,528390000,8
1699963200000,1699963679000,1.483,1.48336,1.48289,1.48306,399880000,8
1699963680000,1699964159000,1.48305,1.48369,1.48296,1.4832,468960000,8
1699964160000,1699964639000,1.4832,1.48336,1.48289,1.48319,432660000,8
1699964640000,1699965119000,1.48319,1.48343,1.48298,1.48303,479250000,8
1699965120000,1699965599000,1.48302,1.48358,1.48295,1.48333,508740000,8
1699965600000,1699966079000,1.48335,1.48365,1.48323,1.48323,363860000,8
1699966080000,1699966559000,1.48323,1.48341,1.48308,1.48318,461870000,8
1699966560000,1699967039000,1.48317,1.48327,1.48257,1.48266,1041220000,8
1699967040000,1699967519000,1.48265,1.48299,1.48231,1.48262,911190000,8
1699967520000,1699967999000,1.48265,1.48342,1.48259,1.48322,835050000,8
1699968000000,1699968479000,1.48322,1.48362,1.48264,1.48285,1022420000,8
1699968480000,1699968959000,1.48288,1.4871,1.47981,1.48591,4002840000,8
1699968960000,1699969439000,1.48589,1.48624,1.48459,1.48583,3008360000,8
1699969440000,1699969919000,1.48583,1.48611,1.48504,1.48515,2770320000,8
1699969920000,1699970399000,1.48514,1.48566,1.48441,1.48476,2653130000,8
1699970400000,1699970879000,1.48483,1.48615,1.48453,1.48561,2546370000,8
1699970880000,1699971359000,1.48563,1.48741,1.48556,1.48643,2414250000,8
1699971360000,1699971839000,1.48646,1.48649,1.48539,1.48578,2770960000,8
1699971840000,1699972319000,1.48579,1.48778,1.48537,1.48719,2564930000,8
1699972320000,1699972799000,1.48718,1.48795,1.48695,1.48702,2877880000,8
1699972800000,1699973279000,1.48703,1.48794,1.48681,1.48764,2104210000,8
1699973280000,1699973759000,1.48765,1.4878,1.48698,1.48779,2054220000,8
1699973760000,1699974239000,1.4878,1.48855,1.48773,1.48794,1899140000,8
1699974240000,1699974719000,1.48795,1.48836,1.48763,1.48824,1610370000,8
1699974720000,1699975199000,1.48823,1.48842,1.48709,1.48766,1476390000,8
1699975200000,1699975679000,1.48765,1.48776,1.4871,1.48763,1367190000,8
1699975680000,1699976159000,1.48764,1.48793,1.48737,1.4878,1197430000,8
1699976160000,1699976639000,1.48781,1.48782,1.48695,1.48716,1257090000,8
1699976640000,1699977119000,1.48715,1.48734,1.48657,1.48721,1607080000,8
1699977120000,1699977599000,1.48721,1.48765,1.48713,1.4875,1539710000,8
1699977600000,1699978079000,1.4875,1.48792,1.48718,1.48726,1233410000,8
1699978080000,1699978559000,1.48729,1.48913,1.4871,1.48885,1529610000,8
1699978560000,1699979039000,1.48883,1.4894,1.48831,1.48894,926810000,8
1699979040000,1699979519000,1.48897,1.48936,1.4886,1.48932,912240000,8
1699979520000,1699979999000,1.48927,1.48994,1.48901,1.48985,720060000,8
1699980000000,1699980479000,1.48985,1.49043,1.48978,1.48979,731170000,8
1699980480000,1699980959000,1.48977,1.4899,1.48947,1.48956,932090000,8
1699980960000,1699981439000,1.48956,1.4896,1.48901,1.48943,1108890000,8
1699981440000,1699981919000,1.48943,1.48968,1.48895,1.48903,987170000,8
1699981920000,1699982399000,1.48903,1.48903,1.48847,1.48864,553790000,8
1699982400000,1699982879000,1.48866,1.48899,1.48851,1.48877,599840000,8
1699982880000,1699983359000,1.48876,1.48935,1.48869,1.48935,493320000,8
1699983360000,1699983839000,1.48941,1.48979,1.4892,1.48963,443690000,8
1699983840000,1699984319000,1.48964,1.49041,1.48954,1.49038,484850000,8
1699984320000,1699984799000,1.49037,1.49108,1.49012,1.49101,468190000,8
1699984800000,1699985279000,1.49099,1.49107,1.49058,1.49092,521270000,8
1699985280000,1699985759000,1.49095,1.49095,1.49053,1.4908,274420000,8
1699985760000,1699986239000,1.4908,1.491,1.49061,1.49098,420620000,8
1699986240000,1699986719000,1.49098,1.49108,1.49033,1.49044,384000000,8
1699986720000,1699987199000,1.49049,1.49094,1.49042,1.49081,371000000,8
1699987200000,1699987679000,1.49083,1.49099,1.49021,1.49027,371780000,8
1699987680000,1699988159000,1.49034,1.49042,1.48976,1.48996,343100000,8
1699988160000,1699988639000,1.48994,1.48994,1.48946,1.48976,426220000,8
1699988640000,1699989119000,1.48976,1.49029,1.48967,1.49013,421430000,8
1699989120000,1699989599000,1.49013,1.49068,1.49013,1.49067,365770000,8
1699989600000,1699990079000,1.49069,1.49069,1.49002,1.49021,247700000,8
1699990080000,1699990559000,1.49022,1.49031,1.48976,1.49005,445740000,8
1699990560000,1699991039000,1.49005,1.4904,1.48996,1.49027,267580000,8
1699991040000,1699991519000,1.49025,1.49051,1.49015,1.49024,231620000,8
1699991520000,1699991999000,1.49026,1.49077,1.49011,1.49032,600210000,8
1699992000000,1699992479000,1.49029,1.49056,1.4902,1.4905,366040000,8
1699992480000,1699992959000,1.4905,1.49064,1.49029,1.49035,273400000,8
1699992960000,1699993439000,1.49036,1.49075,1.49009,1.49023,198690000,8
1699993440000,1699993919000,1.49023,1.49023,1.48982,1.48988,247180000,8
1699993920000,1699994399000,1.4899,1.49005,1.4896,1.48998,263810000,8
1699994400000,1699994879000,1.48998,1.49012,1.48968,1.48991,315880000,8
1699994880000,1699995359000,1.48992,1.49016,1.48945,1.48945,559740000,8
1699995360000,1699995839000,1.48944,1.49008,1.4894,1.48944,390780000,8
1699995840000,1699996319000,1.48941,1.48963,1.48935,1.4895,186790000,8
1699996320000,1699996799000,1.48952,1.48952,1.48918,1.4892,89100000,8
1699996800000,1699997279000,1.48918,1.48922,1.48911,1.48917,73700000,8
1699997280000,1699997759000,1.48917,1.4894,1.48906,1.4893,99030000,8
1699997760000,1699998239000,1.48924,1.48933,1.48914,1.4893,189870000,8
1699998240000,1699998719000,1.4893,1.4894,1.48914,1.48935,209940000,8
1699998720000,1699999199000,1.48933,1.48962,1.48929,1.48929,450240000,8
1699999200000,1699999679000,1.48926,1.48926,1.48784,1.48865,79100000,8
1699999680000,1700000159000,1.48866,1.48913,1.48815,1.48883,190940000,8
1700000160000,1700000639000,1.48887,1.48929,1.48815,1.48905,175670000,8
1700000640000,1700001119000,1.48879,1.48905,1.48851,1.48882,253410000,8
1700001120000,1700001599000,1.48883,1.48902,1.4888,1.48897,444670000,8
1700001600000,1700002079000,1.48896,1.48928,1.48881,1.48881,180970000,8
1700002080000,1700002559000,1.48882,1.48946,1.4885,1.48889,612460000,8
1700002560000,1700003039000,1.48883,1.48983,1.48859,1.48979,910470000,8
1700003040000,1700003519000,1.48982,1.49,1.48968,1.48999,303820000,8
1700003520000,1700003999000,1.49002,1.49019,1.48994,1.49002,82620000,8
1700004000000,1700004479000,1.49003,1.49023,1.49002,1.49015,67160000,8
1700004480000,1700004959000,1.49016,1.49028,1.49009,1.49019,148100000,8
1700004960000,1700005439000,1.4902,1.49033,1.49018,1.49023,107860000,8
1700005440000,1700005919000,1.49021,1.49027,1.4901,1.49021,107180000,8
1700005920000,1700006399000,1.49023,1.49034,1.49011,1.49012,82300000,8
1700006400000,1700006879000,1.49016,1.49018,1.48961,1.48976,218790000,8
1700006880000,1700007359000,1.48976,1.49016,1.48972,1.48985,234740000,8
1700007360000,1700007839000,1.48986,1.48994,1.4898,1.48987,204200000,8
1700007840000,1700008319000,1.48987,1.48988,1.48943,1.48965,302040000,8
1700008320000,1700008799000,1.48966,1.48981,1.48956,1.4896,246120000,8
1700008800000,1700009279000,1.48957,1.48963,1.48933,1.48941,276130000,8
1700009280000,1700009759000,1.48941,1.48993,1.48916,1.48976,400470000,8
1700009760000,1700010239000,1.48975,1.48982,1.48941,1.48956,330910000,8
1700010240000,1700010719000,1.4896,1.48987,1.48955,1.48981,222390000,8
1700010720000,1700011199000,1.48978,1.48986,1.48964,1.48968,342510000,8
1700011200000,1700011679000,1.48971,1.48989,1.48961,1.48979,244440000,8
1700011680000,1700012159000,1.4898,1.48998,1.48973,1.48981,299710000,8
1700012160000,1700012639000,1.48982,1.48998,1.48966,1.4897,364370000,8
1700012640000,1700013119000,1.48972,1.48994,1.48955,1.4898,267560000,8
1700013120000,1700013599000,1.48983,1.49003,1.48966,1.48967,267580000,8
1700013600000,1700014079000,1.48965,1.48981,1.48936,1.48951,547090000,8
1700014080000,1700014559000,1.48949,1.48964,1.48919,1.48929,251640000,8
1700014560000,1700015039000,1.48931,1.48931,1.48901,1.4891,187880000,8
1700015040000,1700015519000,1.48908,1.48924,1.48893,1.48893,206140000,8
1700015520000,1700015999000,1.48896,1.48935,1.48891,1.48916,211800000,8
1700016000000,1700016479000,1.48918,1.48931,1.48888,1.48908,245350000,8
1700016480000,1700016959000,1.48911,1.48922,1.48901,1.48901,214300000,8
1700016960000,1700017439000,1.48898,1.48904,1.48884,1.48903,161200000,8
1700017440000,1700017919000,1.48904,1.48928,1.48896,1.48896,208950000,8
1700017920000,1700018399000,1.48897,1.48926,1.48896,1.48923,224640000,8
1700018400000,1700018879000,1.4892,1.48934,1.48895,1.489,183620000,8
1700018880000,1700019359000,1.48901,1.48908,1.48885,1.48888,178720000,8
1700019360000,1700019839000,1.48888,1.48911,1.48885,1.48895,232670000,8
1700019840000,1700020319000,1.48897,1.48909,1.48884,1.48896,171280000,8
1700020320000,1700020799000,1.48898,1.48926,1.48898,1.4891,145900000,8
1700020800000,1700021279000,1.48912,1.48916,1.48894,1.48909,165100000,8
1700021280000,1700021759000,1.48913,1.48916,1.4889,1.48898,151500000,8
1700021760000,1700022239000,1.48896,1.48914,1.48895,1.48903,85980000,8
1700022240000,1700022719000,1.48903,1.48917,1.48887,1.48891,100750000,8
1700022720000,1700023199000,1.48894,1.48906,1.48881,1.48892,124600000,8
1700023200000,1700023679000,1.48892,1.48909,1.48887,1.48896,80660000,8
1700023680000,1700024159000,1.48894,1.48898,1.48879,1.48883,124300000,8
1700024160000,1700024639000,1.48881,1.48885,1.48857,1.48872,287390000,8
1700024640000,1700025119000,1.4887,1.48879,1.48848,1.48848,138740000,8
1700025120000,1700025599000,1.48847,1.48869,1.48835,1.48865,110100000,8
1700025600000,1700026079000,1.48863,1.48875,1.48858,1.48874,149200000,8
1700026080000,1700026559000,1.48875,1.48884,1.48857,1.48883,317460000,8
1700026560000,1700027039000,1.48882,1.48882,1.48825,1.48831,251070000,8
1700027040000,1700027519000,1.48832,1.48866,1.48829,1.48837,195230000,8
1700027520000,1700027999000,1.48837,1.48858,1.48818,1.48821,434830000,8
1700028000000,1700028479000,1.48821,1.48844,1.48805,1.48819,207980000,8
1700028480000,1700028959000,1.48818,1.48837,1.48805,1.48835,201760000,8
1700028960000,1700029439000,1.48835,1.48845,1.48818,1.48831,187200000,8
1700029440000,1700029919000,1.48827,1.48831,1.48781,1.48797,283850000,8
1700029920000,1700030399000,1.48797,1.48803,1.48768,1.48802,241900000,8
1700030400000,1700030879000,1.48802,1.48803,1.48739,1.48761,312550000,8
1700030880000,1700031359000,1.48763,1.48786,1.48751,1.48786,269540000,8
1700031360000,1700031839000,1.48786,1.48831,1.48768,1.4882,637450000,8
1700031840000,1700032319000,1.48818,1.4883,1.48799,1.48822,597910000,8
1700032320000,1700032799000,1.48826,1.48826,1.48747,1.48752,438280000,8
1700032800000,1700033279000,1.48755,1.48778,1.48729,1.48741,484880000,8
1700033280000,1700033759000,1.48743,1.48746,1.48691,1.48704,460390000,8
1700033760000,1700034239000,1.48702,1.48725,1.48672,1.48721,430770000,8
1700034240000,1700034719000,1.48724,1.48729,1.48674,1.48723,468770000,8
1700034720000,1700035199000,1.48721,1.48782,1.48715,1.4878,677240000,8
1700035200000,1700035679000,1.48781,1.48786,1.48709,1.4877,1185470000,8
1700035680000,1700036159000,1.48767,1.48868,1.48757,1.48853,708360000,8
1700036160000,1700036639000,1.4885,1.48856,1.48791,1.4881,647890000,8
1700036640000,1700037119000,1.48805,1.48838,1.48778,1.48778,724210000,8
1700037120000,1700037599000,1.48776,1.48851,1.4875,1.48817,943260000,8
1700037600000,1700038079000,1.48816,1.4886,1.48802,1.48806,717290000,8
1700038080000,1700038559000,1.48809,1.48844,1.48728,1.48771,913110000,8
1700038560000,1700039039000,1.48773,1.48789,1.4873,1.48748,939360000,8
1700039040000,1700039519000,1.48749,1.48776,1.48717,1.48768,880520000,8
1700039520000,1700039999000,1.48768,1.48794,1.48699,1.48699,910260000,8
1700040000000,1700040479000,1.48698,1.48733,1.48667,1.48699,831370000,8
1700040480000,1700040959000,1.48697,1.48717,1.48566,1.48588,891260000,8
1700040960000,1700041439000,1.48588,1.48625,1.48563,1.4861,619100000,8
1700041440000,1700041919000,1.4861,1.48664,1.48596,1.48624,734560000,8
1700041920000,1700042399000,1.48624,1.48662,1.48612,1.48633,737650000,8
1700042400000,1700042879000,1.48633,1.48683,1.48623,1.48646,532770000,8
1700042880000,1700043359000,1.48646,1.48686,1.48644,1.48681,571360000,8
1700043360000,1700043839000,1.48681,1.48692,1.4865,1.4865,603010000,8
1700043840000,1700044319000,1.4865,1.4865,1.48602,1.48613,528060000,8
1700044320000,1700044799000,1.48613,1.48631,1.48582,1.48608,502450000,8
1700044800000,1700045279000,1.48607,1.48635,1.48588,1.48623,494830000,8
1700045280000,1700045759000,1.48625,1.48645,1.48611,1.48624,621730000,8
1700045760000,1700046239000,1.48626,1.48667,1.4862,1.48659,800100000,8
1700046240000,1700046719000,1.48662,1.48694,1.48636,1.48694,552820000,8
1700046720000,1700047199000,1.48693,1.48714,1.48681,1.48693,349620000,8
1700047200000,1700047679000,1.48693,1.48735,1.48681,1.48715,441120000,8
1700047680000,1700048159000,1.48716,1.48729,1.48676,1.48683,519390000,8
1700048160000,1700048639000,1.48685,1.48686,1.4864,1.48659,611650000,8
1700048640000,1700049119000,1.48658,1.48671,1.48634,1.48648,604720000,8
1700049120000,1700049599000,1.48646,1.48666,1.4862,1.4862,455880000,8
1700049600000,1700050079000,1.4862,1.48655,1.48587,1.48608,488330000,8
1700050080000,1700050559000,1.48611,1.48625,1.48544,1.48613,649140000,8
1700050560000,1700051039000,1.48613,1.48631,1.48565,1.48604,756530000,8
1700051040000,1700051519000,1.48604,1.48621,1.48556,1.48565,510890000,8
1700051520000,1700051999000,1.48566,1.48572,1.4853,1.48543,489940000,8
1700052000000,1700052479000,1.48543,1.48577,1.48506,1.48542,575080000,8
1700052480000,1700052959000,1.48539,1.48557,1.48511,1.48523,615200000,8
1700052960000,1700053439000,1.48523,1.48573,1.48496,1.48554,792810000,8
1700053440000,1700053919000,1.48554,1.48588,1.4852,1.48576,808520000,8
1700053920000,1700054399000,1.48576,1.48586,1.48541,1.48543,1025780000,8
1700054400000,1700054879000,1.48543,1.48631,1.48542,1.48611,1033760000,8
1700054880000,1700055359000,1.48608,1.487,1.48484,1.48506,2928620000,8
1700055360000,1700055839000,1.48507,1.48527,1.48391,1.48416,2270850000,8
1700055840000,1700056319000,1.48414,1.48527,1.48373,1.48521,1540380000,8
1700056320000,1700056799000,1.48519,1.48574,1.4849,1.48561,1543000000,8
1700056800000,1700057279000,1.4856,1.48584,1.48508,1.48558,1940600000,8
1700057280000,1700057759000,1.48558,1.48562,1.48498,1.48503,1499540000,8
1700057760000,1700058239000,1.48505,1.48516,1.48408,1.48451,1549840000,8
1700058240000,1700058719000,1.48452,1.48469,1.48391,1.48417,1842300000,8
1700058720000,1700059199000,1.48416,1.48426,1.48337,1.48349,2005070000,8
1700059200000,1700059679000,1.48347,1.48396,1.48306,1.48364,1635170000,8
1700059680000,1700060159000,1.48367,1.48434,1.48347,1.48393,1926830000,8
1700060160000,1700060639000,1.48392,1.48398,1.48289,1.48311,1312620000,8
1700060640000,1700061119000,1.48315,1.48404,1.48296,1.48304,1319380000,8
1700061120000,1700061599000,1.48307,1.48329,1.48241,1.48248,916790000,8
1700061600000,1700062079000,1.48247,1.48258,1.48153,1.48176,1031700000,8
1700062080000,1700062559000,1.48175,1.48215,1.48101,1.48213,1113160000,8
1700062560000,1700063039000,1.4821,1.48258,1.48197,1.48208,1004420000,8
1700063040000,1700063519000,1.48207,1.48342,1.4818,1.48336,1133990000,8
1700063520000,1700063999000,1.48336,1.48415,1.48306,1.48413,1368710000,8
1700064000000,1700064479000,1.48413,1.48483,1.48412,1.48455,966510000,8
1700064480000,1700064959000,1.48457,1.48463,1.48401,1.48422,766190000,8
1700064960000,1700065439000,1.48426,1.48471,1.4838,1.48388,753360000,8
1700065440000,1700065919000,1.48387,1.48391,1.48344,1.48351,722600000,8
1700065920000,1700066399000,1.48351,1.48387,1.48283,1.48363,995800000,8
1700066400000,1700066879000,1.48362,1.48381,1.48327,1.48344,800390000,8
1700066880000,1700067359000,1.48342,1.48359,1.48277,1.48287,683560000,8
1700067360000,1700067839000,1.48293,1.48321,1.48268,1.48284,705870000,8
1700067840000,1700068319000,1.48282,1.48292,1.48234,1.48252,588130000,8
1700068320000,1700068799000,1.48254,1.48257,1.48177,1.48191,447950000,8
1700068800000,1700069279000,1.48193,1.48251,1.48183,1.48246,573830000,8
1700069280000,1700069759000,1.48248,1.48275,1.48233,1.4826,399640000,8
1700069760000,1700070239000,1.48262,1.48294,1.48258,1.48286,322710000,8
1700070240000,1700070719000,1.48288,1.48304,1.48274,1.48294,395870000,8
1700070720000,1700071199000,1.48296,1.48334,1.48287,1.48325,367020000,8
1700071200000,1700071679000,1.48326,1.48335,1.48275,1.48297,436430000,8
1700071680000,1700072159000,1.48296,1.48367,1.48286,1.48355,468460000,8
1700072160000,1700072639000,1.48358,1.4837,1.48326,1.48332,348770000,8
1700072640000,1700073119000,1.48335,1.48343,1.4829,1.48311,472280000,8
1700073120000,1700073599000,1.48309,1.48328,1.48301,1.48318,415530000,8
1700073600000,1700074079000,1.48319,1.48385,1.4831,1.48383,287730000,8
1700074080000,1700074559000,1.48383,1.48396,1.48353,1.48378,408370000,8
1700074560000,1700075039000,1.48377,1.48382,1.48316,1.48337,368040000,8
1700075040000,1700075519000,1.48337,1.48352,1.4833,1.48348,390580000,8
1700075520000,1700075999000,1.48349,1.48382,1.48347,1.48361,272310000,8
1700076000000,1700076479000,1.48359,1.48409,1.48354,1.48382,293230000,8
1700076480000,1700076959000,1.48381,1.48395,1.48353,1.48355,275160000,8
1700076960000,1700077439000,1.48355,1.48377,1.48351,1.48371,433470000,8
1700077440000,1700077919000,1.48369,1.48395,1.48359,1.48389,479810000,8
1700077920000,1700078399000,1.48389,1.48417,1.48385,1.48395,646570000,8
1700078400000,1700078879000,1.48395,1.48434,1.48395,1.48414,334130000,8
1700078880000,1700079359000,1.48418,1.48428,1.4839,1.48411,231840000,8
1700079360000,1700079839000,1.48412,1.48412,1.4839,1.48407,244760000,8
1700079840000,1700080319000,1.48405,1.48414,1.48365,1.48371,191500000,8
1700080320000,1700080799000,1.48368,1.48383,1.48348,1.48378,259450000,8
1700080800000,1700081279000,1.48377,1.48389,1.48364,1.48367,247910000,8
1700081280000,1700081759000,1.48365,1.48391,1.48365,1.48374,285260000,8
1700081760000,1700082239000,1.48377,1.48382,1.48346,1.4836,270880000,8
1700082240000,1700082719000,1.48361,1.48389,1.48361,1.48386,202850000,8
1700082720000,1700083199000,1.48386,1.48408,1.48377,1.48403,128690000,8
1700083200000,1700083679000,1.48403,1.48426,1.48403,1.48419,63880000,8
1700083680000,1700084159000,1.48418,1.48418,1.48371,1.48377,190580000,8
1700084160000,1700084639000,1.48378,1.48401,1.48374,1.48394,142050000,8
1700084640000,1700085119000,1.48395,1.48413,1.48392,1.48407,126420000,8
1700085120000,1700085599000,1.48405,1.48417,1.4837,1.4837,547180000,8
1700085600000,1700086079000,1.48299,1.4834,1.48299,1.4834,26130000,8
1700086080000,1700086559000,1.4834,1.48391,1.48297,1.48348,188150000,8
1700086560000,1700087039000,1.48331,1.48412,1.48304,1.48341,139340000,8
1700087040000,1700087519000,1.48309,1.48451,1.48309,1.48411,295550000,8
1700087520000,1700087999000,1.48412,1.48445,1.48359,1.48397,2259780000,8
1700088000000,1700088479000,1.48399,1.48441,1.48377,1.48398,667140000,8
1700088480000,1700088959000,1.48386,1.48431,1.48344,1.48379,543430000,8
1700088960000,1700089439000,1.48415,1.48427,1.48346,1.48415,814250000,8
1700089440000,1700089919000,1.48415,1.48415,1.48394,1.48415,125140000,8
1700089920000,1700090399000,1.48414,1.48421,1.48407,1.48419,85470000,8
1700090400000,1700090879000,1.48419,1.48422,1.48405,1.48418,66600000,8
1700090880000,1700091359000,1.48419,1.48428,1.48413,1.48419,58960000,8
1700091360000,1700091839000,1.48418,1.48453,1.48416,1.48452,94610000,8
1700091840000,1700092319000,1.48454,1.48463,1.4845,1.48463,66050000,8
1700092320000,1700092799000,1.48463,1.48513,1.48461,1.48513,116930000,8
1700092800000,1700093279000,1.48515,1.48526,1.48426,1.48455,382080000,8
1700093280000,1700093759000,1.48456,1.48485,1.48445,1.48476,123310000,8
1700093760000,1700094239000,1.48476,1.48477,1.48461,1.48467,175340000,8
1700094240000,1700094719000,1.48467,1.48488,1.48451,1.48466,283620000,8
1700094720000,1700095199000,1.48464,1.48491,1.48453,1.4849,212090000,8
1700095200000,1700095679000,1.4849,1.4852,1.48472,1.48506,275450000,8
1700095680000,1700096159000,1.48505,1.48536,1.48496,1.48518,237160000,8
1700096160000,1700096639000,1.48518,1.48558,1.48517,1.48546,400030000,8
1700096640000,1700097119000,1.48547,1.48554,1.48497,1.48504,217640000,8
1700097120000,1700097599000,1.485,1.485,1.48469,1.4849,345600000,8
1700097600000,1700098079000,1.48491,1.48498,1.4847,1.48481,379450000,8
1700098080000,1700098559000,1.48483,1.48503,1.48464,1.48478,382010000,8
1700098560000,1700099039000,1.48477,1.48496,1.48467,1.48496,367030000,8
1700099040000,1700099519000,1.48495,1.48544,1.48491,1.4854,452160000,8
1700099520000,1700099999000,1.4854,1.4855,1.48533,1.48536,367060000,8
1700100000000,1700100479000,1.48534,1.48546,1.48523,1.48543,338850000,8
1700100480000,1700100959000,1.48544,1.48597,1.48543,1.48565,677560000,8
1700100960000,1700101439000,1.48565,1.48586,1.48554,1.48575,314570000,8
1700101440000,1700101919000,1.48575,1.48582,1.48533,1.48535,412390000,8
1700101920000,1700102399000,1.48535,1.48552,1.48464,1.48482,658680000,8
1700102400000,1700102879000,1.48482,1.48518,1.48478,1.48502,394390000,8
1700102880000,1700103359000,1.48501,1.48508,1.48469,1.48481,380950000,8
1700103360000,1700103839000,1.48484,1.48492,1.48465,1.48468,273900000,8
1700103840000,1700104319000,1.48469,1.48489,1.48461,1.48473,209830000,8
1700104320000,1700104799000,1.48473,1.48477,1.48462,1.48468,189000000,8
1700104800000,1700105279000,1.4847,1.48483,1.48464,1.48479,191830000,8
1700105280000,1700105759000,1.48477,1.48481,1.4846,1.48462,312770000,8
1700105760000,1700106239000,1.48463,1.48474,1.48458,1.48465,193480000,8
1700106240000,1700106719000,1.48465,1.48493,1.48461,1.48488,202670000,8
1700106720000,1700107199000,1.48489,1.48495,1.48478,1.48483,177490000,8
1700107200000,1700107679000,1.48484,1.485,1.4848,1.48488,193890000,8
1700107680000,1700108159000,1.48489,1.48506,1.48489,1.48489,131300000,8
1700108160000,1700108639000,1.48488,1.48494,1.48459,1.48475,195030000,8
1700108640000,1700109119000,1.48474,1.48488,1.48469,1.48478,133920000,8
1700109120000,1700109599000,1.48478,1.48484,1.48472,1.48476,125370000,8
1700109600000,1700110079000,1.48478,1.48496,1.48478,1.48493,100970000,8
1700110080000,1700110559000,1.48496,1.48499,1.48475,1.48478,115670000,8
1700110560000,1700111039000,1.48478,1.48499,1.48475,1.48492,284830000,8
1700111040000,1700111519000,1.48493,1.485,1.48486,1.48487,249850000,8
1700111520000,1700111999000,1.48486,1.48511,1.48486,1.48501,203840000,8
1700112000000,1700112479000,1.48501,1.48509,1.48487,1.48505,222330000,8
1700112480000,1700112959000,1.48505,1.48506,1.48478,1.48478,221780000,8
1700112960000,1700113439000,1.48478,1.48492,1.48471,1.48476,195180000,8
1700113440000,1700113919000,1.48476,1.48487,1.48431,1.48441,186030000,8
1700113920000,1700114399000,1.48441,1.48471,1.48436,1.48459,240270000,8
1700114400000,1700114879000,1.48457,1.48459,1.48418,1.48424,281160000,8
1700114880000,1700115359000,1.48422,1.48434,1.48417,1.4842,221280000,8
1700115360000,1700115839000,1.48421,1.48449,1.48417,1.48446,253680000,8
1700115840000,1700116319000,1.48443,1.48446,1.48414,1.4842,261190000,8
1700116320000,1700116799000,1.48421,1.48442,1.48404,1.48407,297330000,8
1700116800000,1700117279000,1.48405,1.48425,1.48392,1.4841,305270000,8
1700117280000,1700117759000,1.4841,1.48416,1.48392,1.48408,273230000,8
1700117760000,1700118239000,1.48406,1.48417,1.48379,1.48405,501630000,8
1700118240000,1700118719000,1.48408,1.48447,1.48389,1.48444,513490000,8
1700118720000,1700119199000,1.48443,1.48486,1.48423,1.48462,343650000,8
1700119200000,1700119679000,1.48465,1.48504,1.48465,1.48494,491770000,8
1700119680000,1700120159000,1.48495,1.48498,1.48466,1.4847,453930000,8
1700120160000,1700120639000,1.48469,1.48518,1.48449,1.48516,405850000,8
1700120640000,1700121119000,1.48516,1.48571,1.48516,1.48559,612860000,8
1700121120000,1700121599000,1.48557,1.48584,1.48542,1.48543,628580000,8
1700121600000,1700122079000,1.48544,1.48603,1.48515,1.48581,1126300000,8
1700122080000,1700122559000,1.48581,1.48601,1.48557,1.48586,656580000,8
1700122560000,1700123039000,1.48586,1.48628,1.48569,1.48618,572700000,8
1700123040000,1700123519000,1.48617,1.48617,1.4855,1.48577,881200000,8
1700123520000,1700123999000,1.48581,1.48637,1.48571,1.48591,821550000,8
1700124000000,1700124479000,1.48591,1.48618,1.48569,1.48569,860400000,8
1700124480000,1700124959000,1.48571,1.48595,1.48548,1.48557,601650000,8
1700124960000,1700125439000,1.48557,1.4865,1.48557,1.48645,683250000,8
1700125440000,1700125919000,1.48644,1.48699,1.48604,1.48611,740470000,8
1700125920000,1700126399000,1.48612,1.48675,1.48612,1.48642,726910000,8
1700126400000,1700126879000,1.48639,1.48656,1.48575,1.48618,692060000,8
1700126880000,1700127359000,1.48618,1.48686,1.48604,1.48669,669160000,8
1700127360000,1700127839000,1.4867,1.48677,1.4864,1.48647,565900000,8
1700127840000,1700128319000,1.48646,1.48646,1.48588,1.48605,394640000,8
1700128320000,1700128799000,1.48608,1.48636,1.48594,1.48617,414150000,8
1700128800000,1700129279000,1.48616,1.48635,1.48587,1.48606,502770000,8
1700129280000,1700129759000,1.48607,1.48647,1.48606,1.48626,350600000,8
1700129760000,1700130239000,1.48624,1.48657,1.48614,1.48629,372760000,8
1700130240000,1700130719000,1.48628,1.48654,1.48607,1.48619,375660000,8
1700130720000,1700131199000,1.48617,1.48631,1.48588,1.4862,482410000,8
1700131200000,1700131679000,1.4862,1.48628,1.48589,1.48609,401530000,8
1700131680000,1700132159000,1.48606,1.48648,1.48603,1.48609,350480000,8
1700132160000,1700132639000,1.4861,1.48618,1.48567,1.48601,462950000,8
1700132640000,1700133119000,1.48603,1.48654,1.48603,1.48651,363120000,8
1700133120000,1700133599000,1.48653,1.4873,1.48653,1.48727,256740000,8
1700133600000,1700134079000,1.4873,1.48773,1.48719,1.48766,301500000,8
1700134080000,1700134559000,1.48764,1.48776,1.48738,1.48751,296550000,8
1700134560000,1700135039000,1.48751,1.48773,1.48725,1.48754,362290000,8
1700135040000,1700135519000,1.48755,1.48766,1.48703,1.48726,460250000,8
1700135520000,1700135999000,1.48726,1.48739,1.48716,1.48723,307360000,8
1700136000000,1700136479000,1.48725,1.48789,1.48722,1.48755,725930000,8
1700136480000,1700136959000,1.48754,1.48884,1.48754,1.48884,774300000,8
1700136960000,1700137439000,1.48885,1.48915,1.48844,1.48867,868870000,8
1700137440000,1700137919000,1.48867,1.48879,1.48829,1.48833,658900000,8
1700137920000,1700138399000,1.48834,1.48851,1.4881,1.48837,687140000,8
1700138400000,1700138879000,1.48839,1.48858,1.48823,1.48838,573740000,8
1700138880000,1700139359000,1.48839,1.48859,1.48799,1.4884,560900000,8
1700139360000,1700139839000,1.48843,1.48867,1.48814,1.4884,795820000,8
1700139840000,1700140319000,1.48838,1.48899,1.48838,1.4889,542570000,8
1700140320000,1700140799000,1.48892,1.48905,1.48809,1.48811,796020000,8
1700140800000,1700141279000,1.48809,1.48849,1.48791,1.48824,978150000,8
1700141280000,1700141759000,1.48824,1.49052,1.48793,1.49038,2243500000,8
1700141760000,1700142239000,1.49037,1.49177,1.49028,1.49148,1390300000,8
1700142240000,1700142719000,1.4915,1.49194,1.49114,1.49167,1556750000,8
1700142720000,1700143199000,1.49168,1.49213,1.49131,1.4919,1356060000,8
1700143200000,1700143679000,1.49194,1.49224,1.49166,1.49193,1304000000,8
1700143680000,1700144159000,1.49194,1.49296,1.49183,1.49288,1123270000,8
1700144160000,1700144639000,1.49288,1.49334,1.49264,1.4928,1719740000,8
1700144640000,1700145119000,1.49282,1.49306,1.49231,1.49279,1753990000,8
1700145120000,1700145599000,1.49279,1.49295,1.49201,1.49201,1630820000,8
1700145600000,1700146079000,1.49201,1.49252,1.49149,1.49236,1707820000,8
1700146080000,1700146559000,1.49233,1.4932,1.49233,1.49295,1433400000,8
1700146560000,1700147039000,1.49295,1.49597,1.49295,1.49587,1723070000,8
1700147040000,1700147519000,1.49587,1.49715,1.49576,1.49706,1662870000,8
1700147520000,1700147999000,1.49706,1.49787,1.49681,1.49717,1421160000,8
1700148000000,1700148479000,1.49714,1.49735,1.49553,1.49602,1568140000,8
1700148480000,1700148959000,1.49604,1.4967,1.49578,1.49645,1413880000,8
1700148960000,1700149439000,1.49644,1.49652,1.49502,1.49518,1833930000,8
1700149440000,1700149919000,1.49515,1.49567,1.49469,1.49531,1475630000,8
1700149920000,1700150399000,1.49527,1.49529,1.49445,1.4947,1584000000,8
1700150400000,1700150879000,1.49476,1.4954,1.49444,1.49519,1752460000,8
1700150880000,1700151359000,1.49518,1.49573,1.49495,1.49496,1163650000,8
1700151360000,1700151839000,1.49492,1.49501,1.49346,1.49371,1354810000,8
1700151840000,1700152319000,1.49371,1.49386,1.49308,1.49341,1148660000,8
1700152320000,1700152799000,1.49339,1.49355,1.49294,1.49334,800920000,8
1700152800000,1700153279000,1.49334,1.49366,1.49288,1.49308,763740000,8
1700153280000,1700153759000,1.49306,1.49372,1.49292,1.49359,767830000,8
1700153760000,1700154239000,1.49361,1.49457,1.4936,1.49423,1043480000,8
1700154240000,1700154719000,1.49422,1.49431,1.49361,1.49361,721980000,8
1700154720000,1700155199000,1.49363,1.49391,1.49353,1.49375,640810000,8
1700155200000,1700155679000,1.49374,1.49389,1.49311,1.49341,614430000,8
1700155680000,1700156159000,1.49338,1.49386,1.49333,1.49356,394180000,8
1700156160000,1700156639000,1.49358,1.49396,1.49356,1.49378,449440000,8
1700156640000,1700157119000,1.49376,1.49422,1.49363,1.49398,311570000,8
1700157120000,1700157599000,1.49398,1.49442,1.49393,1.49419,360300000,8
1700157600000,1700158079000,1.49419,1.49461,1.49414,1.49444,433140000,8
1700158080000,1700158559000,1.49449,1.49472,1.49428,1.49472,329660000,8
1700158560000,1700159039000,1.4947,1.49487,1.49453,1.49469,378540000,8
1700159040000,1700159519000,1.49474,1.49493,1.49446,1.49462,308430000,8
1700159520000,1700159999000,1.49463,1.49467,1.49393,1.4942,427490000,8
1700160000000,1700160479000,1.49421,1.49423,1.4937,1.49383,264480000,8
1700160480000,1700160959000,1.49385,1.49427,1.49378,1.49424,356970000,8
1700160960000,1700161439000,1.49422,1.49432,1.49383,1.49386,282130000,8
1700161440000,1700161919000,1.49386,1.49395,1.49331,1.49334,510540000,8
1700161920000,1700162399000,1.49334,1.49337,1.49273,1.49277,412080000,8
1700162400000,1700162879000,1.49277,1.4932,1.49277,1.4931,316020000,8
1700162880000,1700163359000,1.49311,1.4937,1.49311,1.49369,490720000,8
1700163360000,1700163839000,1.49369,1.4939,1.4936,1.49363,332240000,8
1700163840000,1700164319000,1.49363,1.49364,1.49328,1.49353,366780000,8
1700164320000,1700164799000,1.49353,1.49391,1.49346,1.49375,345050000,8
1700164800000,1700165279000,1.49376,1.49427,1.49376,1.49385,331270000,8
1700165280000,1700165759000,1.49383,1.49392,1.49353,1.49365,280590000,8
1700165760000,1700166239000,1.49363,1.49367,1.49329,1.49329,304590000,8
1700166240000,1700166719000,1.49328,1.49355,1.49311,1.49352,329050000,8
1700166720000,1700167199000,1.49351,1.49358,1.49311,1.49313,426300000,8
1700167200000,1700167679000,1.49311,1.49333,1.49254,1.4927,512240000,8
1700167680000,1700168159000,1.49272,1.49306,1.49262,1.49285,413010000,8
1700168160000,1700168639000,1.49287,1.49293,1.49256,1.4929,299550000,8
1700168640000,1700169119000,1.49285,1.49309,1.49276,1.49305,159050000,8
1700169120000,1700169599000,1.49306,1.49306,1.49257,1.49264,149490000,8
1700169600000,1700170079000,1.49264,1.49264,1.49235,1.49247,218910000,8
1700170080000,1700170559000,1.49248,1.49261,1.49242,1.49247,191960000,8
1700170560000,1700171039000,1.49247,1.49267,1.49234,1.49234,246360000,8
1700171040000,1700171519000,1.49235,1.49251,1.4923,1.49244,362050000,8
1700171520000,1700171999000,1.49247,1.49269,1.49231,1.49231,444550000,8
1700172000000,1700172479000,1.49232,1.49232,1.49081,1.49182,114730000,8
1700172480000,1700172959000,1.49167,1.4917,1.49118,1.4915,496920000,8
1700172960000,1700173439000,1.49148,1.4922,1.49131,1.49189,375480000,8
1700173440000,1700173919000,1.49186,1.49213,1.4912,1.4916,538640000,8
1700173920000,1700174399000,1.49166,1.49214,1.49112,1.4918,644480000,8
1700174400000,1700174879000,1.4918,1.49211,1.49101,1.49211,532900000,8
1700174880000,1700175359000,1.4921,1.49247,1.4919,1.492,336310000,8
1700175360000,1700175839000,1.49212,1.49251,1.49183,1.4925,451530000,8
1700175840000,1700176319000,1.49251,1.49276,1.4925,1.49267,82510000,8
1700176320000,1700176799000,1.49263,1.49283,1.49253,1.49278,121080000,8
1700176800000,1700177279000,1.49279,1.49301,1.49275,1.49299,53580000,8
1700177280000,1700177759000,1.49299,1.49303,1.49283,1.49288,74590000,8
1700177760000,1700178239000,1.49285,1.49291,1.49284,1.49289,46040000,8
1700178240000,1700178719000,1.49296,1.49301,1.49286,1.49287,26780000,8
1700178720000,1700179199000,1.49285,1.49295,1.49239,1.49245,103040000,8
1700179200000,1700179679000,1.49249,1.49278,1.49235,1.49272,223350000,8
1700179680000,1700180159000,1.49271,1.49278,1.4925,1.49262,209790000,8
1700180160000,1700180639000,1.49268,1.49268,1.49241,1.49244,154360000,8
1700180640000,1700181119000,1.49246,1.4925,1.49231,1.49246,159270000,8
1700181120000,1700181599000,1.49247,1.49255,1.49227,1.49227,196610000,8
1700181600000,1700182079000,1.49229,1.49237,1.49224,1.49229,127790000,8
1700182080000,1700182559000,1.49229,1.49259,1.49224,1.49259,210230000,8
1700182560000,1700183039000,1.4926,1.49264,1.49211,1.49253,437310000,8
1700183040000,1700183519000,1.49256,1.49266,1.49224,1.49232,418100000,8
1700183520000,1700183999000,1.49233,1.49236,1.49205,1.4922,344810000,8
1700184000000,1700184479000,1.49219,1.49234,1.49207,1.49223,207940000,8
1700184480000,1700184959000,1.49224,1.49236,1.49204,1.49224,414990000,8
1700184960000,1700185439000,1.49227,1.49228,1.49192,1.4921,280110000,8
1700185440000,1700185919000,1.49214,1.49249,1.4921,1.49242,222420000,8
1700185920000,1700186399000,1.49242,1.4925,1.49226,1.49227,314590000,8
1700186400000,1700186879000,1.4923,1.4927,1.49224,1.49267,238210000,8
1700186880000,1700187359000,1.49269,1.49273,1.49252,1.49262,190290000,8
1700187360000,1700187839000,1.49261,1.49277,1.49257,1.49257,162270000,8
1700187840000,1700188319000,1.49259,1.4926,1.49225,1.49234,174760000,8
1700188320000,1700188799000,1.49235,1.49245,1.49227,1.49227,210990000,8
1700188800000,1700189279000,1.49225,1.49232,1.49205,1.49231,301010000,8
1700189280000,1700189759000,1.49231,1.49239,1.49207,1.49227,254270000,8
1700189760000,1700190239000,1.49226,1.49261,1.49226,1.49248,265930000,8
1700190240000,1700190719000,1.49249,1.49262,1.49244,1.49262,250940000,8
1700190720000,1700191199000,1.49262,1.49284,1.49253,1.49277,144790000,8
1700191200000,1700191679000,1.49276,1.49277,1.49239,1.4924,191260000,8
1700191680000,1700192159000,1.4924,1.49247,1.49229,1.49235,143790000,8
1700192160000,1700192639000,1.49233,1.49242,1.49219,1.49238,150920000,8
1700192640000,1700193119000,1.49237,1.49248,1.49229,1.49244,138230000,8
1700193120000,1700193599000,1.49244,1.49259,1.49225,1.49229,154860000,8
1700193600000,1700194079000,1.49228,1.49235,1.49222,1.49229,136430000,8
1700194080000,1700194559000,1.49228,1.49229,1.49212,1.49225,126820000,8
1700194560000,1700195039000,1.49223,1.49243,1.4922,1.49237,111790000,8
1700195040000,1700195519000,1.49238,1.49258,1.49228,1.49257,152270000,8
1700195520000,1700195999000,1.49258,1.49258,1.49237,1.49239,147590000,8
1700196000000,1700196479000,1.49239,1.49244,1.49229,1.49234,122240000,8
1700196480000,1700196959000,1.49231,1.49233,1.49208,1.49208,133330000,8
1700196960000,1700197439000,1.49208,1.4922,1.4919,1.49218,195150000,8
1700197440000,1700197919000,1.49217,1.49232,1.49216,1.4923,160150000,8
1700197920000,1700198399000,1.49228,1.49257,1.49225,1.49249,187530000,8
1700198400000,1700198879000,1.49246,1.49249,1.4922,1.49243,174040000,8
1700198880000,1700199359000,1.49242,1.49246,1.49217,1.49218,177620000,8
1700199360000,1700199839000,1.49217,1.49259,1.49217,1.49254,162120000,8
1700199840000,1700200319000,1.49252,1.49262,1.49209,1.49219,219950000,8
1700200320000,1700200799000,1.49219,1.49273,1.492,1.49238,301680000,8
1700200800000,1700201279000,1.49239,1.49274,1.49235,1.49272,166500000,8
1700201280000,1700201759000,1.49272,1.49272,1.49247,1.49258,139150000,8
1700201760000,1700202239000,1.49256,1.4926,1.49246,1.49255,122320000,8
1700202240000,1700202719000,1.49253,1.49255,1.49232,1.49234,210110000,8
1700202720000,1700203199000,1.49234,1.49235,1.4921,1.49223,120060000,8
1700203200000,1700203679000,1.49221,1.49234,1.49213,1.49228,164580000,8
1700203680000,1700204159000,1.49229,1.49243,1.4922,1.49236,163830000,8
1700204160000,1700204639000,1.49234,1.49244,1.4919,1.49236,564170000,8
1700204640000,1700205119000,1.49234,1.49258,1.49227,1.49234,717590000,8
1700205120000,1700205599000,1.49237,1.49258,1.49202,1.49223,526980000,8
1700205600000,1700206079000,1.49222,1.49225,1.49169,1.4917,521350000,8
1700206080000,1700206559000,1.49173,1.49184,1.4914,1.49147,520340000,8
1700206560000,1700207039000,1.49144,1.49164,1.4912,1.49161,482150000,8
1700207040000,1700207519000,1.49162,1.49209,1.49162,1.49189,395380000,8
1700207520000,1700207999000,1.4919,1.49203,1.49132,1.4916,348640000,8
1700208000000,1700208479000,1.49159,1.49159,1.49043,1.4905,1407110000,8
1700208480000,1700208959000,1.49052,1.49087,1.49041,1.49085,813170000,8
1700208960000,1700209439000,1.49084,1.49155,1.49066,1.49105,619480000,8
1700209440000,1700209919000,1.49105,1.4911,1.49002,1.49002,786230000,8
1700209920000,1700210399000,1.49004,1.49118,1.48998,1.49102,1161300000,8
1700210400000,1700210879000,1.49104,1.4913,1.49082,1.49085,771240000,8
1700210880000,1700211359000,1.49083,1.4913,1.49064,1.49064,976540000,8
1700211360000,1700211839000,1.49064,1.49131,1.49059,1.49085,1031060000,8
1700211840000,1700212319000,1.49085,1.49103,1.49046,1.49054,946040000,8
1700212320000,1700212799000,1.49052,1.49109,1.49044,1.49078,737970000,8
1700212800000,1700213279000,1.4908,1.4917,1.49066,1.49168,678530000,8
1700213280000,1700213759000,1.49168,1.49168,1.49138,1.49164,470840000,8
1700213760000,1700214239000,1.49162,1.49201,1.49159,1.49185,532890000,8
1700214240000,1700214719000,1.49185,1.49221,1.49179,1.49204,482740000,8
1700214720000,1700215199000,1.49202,1.49206,1.49139,1.49139,522530000,8
1700215200000,1700215679000,1.49144,1.49161,1.49118,1.49139,620730000,8
1700215680000,1700216159000,1.4914,1.49149,1.49104,1.49125,670870000,8
1700216160000,1700216639000,1.49126,1.49152,1.49097,1.49128,731140000,8
1700216640000,1700217119000,1.49124,1.49131,1.49081,1.49125,819190000,8
1700217120000,1700217599000,1.49128,1.49144,1.49066,1.49079,611300000,8
1700217600000,1700218079000,1.4908,1.49159,1.49066,1.49125,804170000,8
1700218080000,1700218559000,1.49128,1.4916,1.49081,1.49158,681080000,8
1700218560000,1700219039000,1.49159,1.49256,1.49157,1.49245,793410000,8
1700219040000,1700219519000,1.49246,1.49261,1.49189,1.49228,762490000,8
1700219520000,1700219999000,1.49232,1.49241,1.49197,1.49238,580570000,8
1700220000000,1700220479000,1.49235,1.4926,1.49217,1.49233,524780000,8
1700220480000,1700220959000,1.49233,1.49263,1.49184,1.49199,530210000,8
1700220960000,1700221439000,1.49202,1.49202,1.49105,1.49125,707470000,8
1700221440000,1700221919000,1.49129,1.4918,1.49125,1.49163,510080000,8
1700221920000,1700222399000,1.49164,1.4917,1.49124,1.49153,385110000,8
1700222400000,1700222879000,1.49151,1.49164,1.49108,1.49146,521660000,8
1700222880000,1700223359000,1.49145,1.49183,1.49116,1.49154,557940000,8
1700223360000,1700223839000,1.49151,1.49153,1.49095,1.49095,578210000,8
1700223840000,1700224319000,1.49091,1.49126,1.49081,1.49098,565970000,8
1700224320000,1700224799000,1.49103,1.49138,1.49086,1.49116,370020000,8
1700224800000,1700225279000,1.49116,1.49132,1.49077,1.49083,615530000,8
1700225280000,1700225759000,1.49081,1.49082,1.49022,1.49022,559390000,8
1700225760000,1700226239000,1.49019,1.4905,1.49005,1.49019,678320000,8
1700226240000,1700226719000,1.4902,1.49084,1.49019,1.49082,724320000,8
1700226720000,1700227199000,1.49082,1.49157,1.49081,1.49151,816970000,8
1700227200000,1700227679000,1.4915,1.4915,1.49087,1.49111,963600000,8
1700227680000,1700228159000,1.49109,1.49147,1.49073,1.49141,984020000,8
1700228160000,1700228639000,1.49142,1.49176,1.49076,1.49083,1322870000,8
1700228640000,1700229119000,1.49083,1.49117,1.49049,1.49109,1022500000,8
1700229120000,1700229599000,1.4911,1.49179,1.49107,1.49161,1116380000,8
1700229600000,1700230079000,1.49163,1.49322,1.49151,1.49282,1272800000,8
1700230080000,1700230559000,1.49283,1.49285,1.49151,1.49158,1280180000,8
1700230560000,1700231039000,1.4916,1.49162,1.49064,1.49068,1127340000,8
1700231040000,1700231519000,1.49068,1.49118,1.49049,1.49071,1346910000,8
1700231520000,1700231999000,1.49072,1.49119,1.48933,1.48933,2257910000,8
1700232000000,1700232479000,1.48935,1.49088,1.4892,1.49053,1570740000,8
1700232480000,1700232959000,1.49053,1.49153,1.49027,1.4915,1470800000,8
1700232960000,1700233439000,1.49153,1.49234,1.49133,1.49179,1451470000,8
1700233440000,1700233919000,1.49177,1.49198,1.49106,1.49137,1167630000,8
1700233920000,1700234399000,1.49138,1.49227,1.49124,1.49202,1199840000,8
1700234400000,1700234879000,1.49201,1.49204,1.49101,1.4913,999000000,8
1700234880000,1700235359000,1.49133,1.49246,1.49124,1.49246,1074640000,8
1700235360000,1700235839000,1.49246,1.49373,1.49239,1.4935,1272250000,8
1700235840000,1700236319000,1.49352,1.49474,1.49318,1.49375,1189630000,8
1700236320000,1700236799000,1.49378,1.49492,1.49366,1.49444,1079710000,8
1700236800000,1700237279000,1.49444,1.495,1.49441,1.49466,1203280000,8
1700237280000,1700237759000,1.49463,1.49467,1.49393,1.494,863820000,8
1700237760000,1700238239000,1.494,1.49445,1.49361,1.49444,886870000,8
1700238240000,1700238719000,1.49443,1.49478,1.49432,1.49449,1195920000,8
1700238720000,1700239199000,1.49449,1.4946,1.49373,1.49428,1004970000,8
1700239200000,1700239679000,1.49427,1.49498,1.49416,1.49494,909720000,8
1700239680000,1700240159000,1.49491,1.49501,1.49456,1.49465,955940000,8
1700240160000,1700240639000,1.49467,1.49501,1.49445,1.49495,646210000,8
1700240640000,1700241119000,1.49494,1.49543,1.49452,1.49536,618870000,8
1700241120000,1700241599000,1.49536,1.49566,1.4948,1.49484,691940000,8
1700241600000,1700242079000,1.49486,1.49502,1.49454,1.49474,549480000,8
1700242080000,1700242559000,1.49472,1.49493,1.49453,1.49463,519030000,8
1700242560000,1700243039000,1.49463,1.49506,1.49461,1.49487,357480000,8
1700243040000,1700243519000,1.49488,1.49503,1.49464,1.49503,303440000,8
1700243520000,1700243999000,1.495,1.49503,1.49427,1.49466,371980000,8
1700244000000,1700244479000,1.49464,1.49477,1.49443,1.49446,366950000,8
1700244480000,1700244959000,1.49447,1.49468,1.49422,1.49447,337920000,8
1700244960000,1700245439000,1.49447,1.49454,1.49407,1.49445,320440000,8
1700245440000,1700245919000,1.49444,1.49461,1.49402,1.49414,339180000,8
1700245920000,1700246399000,1.49414,1.4942,1.49381,1.49394,227900000,8
1700246400000,1700246879000,1.49396,1.49445,1.49394,1.49444,297440000,8
1700246880000,1700247359000,1.49444,1.49503,1.49432,1.49479,281220000,8
1700247360000,1700247839000,1.49477,1.49531,1.49477,1.49506,346010000,8
1700247840000,1700248319000,1.49505,1.49521,1.49474,1.49482,317090000,8
1700248320000,1700248799000,1.49482,1.49528,1.49477,1.49515,253980000,8
1700248800000,1700249279000,1.49516,1.49531,1.49485,1.49498,294840000,8
1700249280000,1700249759000,1.49496,1.49524,1.49489,1.49495,466040000,8
1700249760000,1700250239000,1.49491,1.49521,1.49491,1.49512,362230000,8
1700250240000,1700250719000,1.49512,1.49512,1.49481,1.49487,344870000,8
1700250720000,1700251199000,1.49489,1.49528,1.4948,1.49518,199100000,8
1700251200000,1700251679000,1.49519,1.49519,1.4948,1.49482,294530000,8
1700251680000,1700252159000,1.49484,1.4951,1.49457,1.49509,258290000,8
1700252160000,1700252639000,1.4951,1.49517,1.49487,1.49494,217180000,8
1700252640000,1700253119000,1.49497,1.49516,1.49485,1.49507,249140000,8
1700253120000,1700253599000,1.49506,1.49551,1.49496,1.49547,435460000,8
1700253600000,1700254079000,1.49545,1.49562,1.49505,1.49556,362890000,8
1700254080000,1700254559000,1.49556,1.49592,1.49556,1.49592,260170000,8
1700254560000,1700255039000,1.49594,1.49602,1.49561,1.49561,261680000,8
1700255040000,1700255519000,1.49563,1.49587,1.49545,1.49551,185430000,8
1700255520000,1700255999000,1.49547,1.49566,1.49523,1.49558,259920000,8
1700256000000,1700256479000,1.49561,1.49592,1.49545,1.4959,296110000,8
1700256480000,1700256959000,1.4959,1.49641,1.49588,1.49626,379340000,8
1700256960000,1700257439000,1.4963,1.49643,1.49619,1.49619,388450000,8
1700257440000,1700257919000,1.49616,1.49663,1.49603,1.49652,541480000,8
1700257920000,1700258399000,1.49655,1.49724,1.49653,1.49711,615150000,8
1700258400000,1700258879000,1.49711,1.49711,1.49711,1.49711,0,8
1700258880000,1700259359000,1.49711,1.49711,1.49711,1.49711,0,8
1700259360000,1700259839000,1.49711,1.49711,1.49711,1.49711,0,8
1700259840000,1700260319000,1.49711,1.49711,1.49711,1.49711,0,8
1700260320000,1700260799000,1.49711,1.49711,1.49711,1.49711,0,8
1700260800000,1700261279000,1.49711,1.49711,1.49711,1.49711,0,8
1700261280000,1700261759000,1.49711,1.49711,1.49711,1.49711,0,8
1700261760000,1700262239000,1.49711,1.49711,1.49711,1.49711,0,8
1700262240000,1700262719000,1.49711,1.49711,1.49711,1.49711,0,8
1700262720000,1700263199000,1.49711,1.49711,1.49711,1.49711,0,8
1700263200000,1700263679000,1.49711,1.49711,1.49711,1.49711,0,8
1700263680000,1700264159000,1.49711,1.49711,1.49711,1.49711,0,8
1700264160000,1700264639000,1.49711,1.49711,1.49711,1.49711,0,8
1700264640000,1700265119000,1.49711,1.49711,1.49711,1.49711,0,8
1700265120000,1700265599000,1.49711,1.49711,1.49711,1.49711,0,8
1700431680000,1700432159000,1.49558,1.49591,1.49536,1.49583,70220000,8
1700432160000,1700432639000,1.49576,1.49607,1.49559,1.49566,71270000,8
1700432640000,1700433119000,1.49568,1.49613,1.49565,1.49566,168950000,8
1700433120000,1700433599000,1.49566,1.49598,1.49539,1.49559,286260000,8
1700433600000,1700434079000,1.49559,1.49582,1.49552,1.49561,240220000,8
1700434080000,1700434559000,1.49599,1.49606,1.4955,1.49553,111500000,8
1700434560000,1700435039000,1.49552,1.49643,1.49545,1.49591,405860000,8
1700435040000,1700435519000,1.49591,1.49666,1.49579,1.4964,690200000,8
1700435520000,1700435999000,1.49637,1.49645,1.49606,1.49607,300200000,8
1700436000000,1700436479000,1.49608,1.49614,1.49597,1.4961,97110000,8
1700436480000,1700436959000,1.49613,1.49645,1.49608,1.49631,243590000,8
1700436960000,1700437439000,1.49631,1.49637,1.49618,1.49635,117920000,8
1700437440000,1700437919000,1.49635,1.49639,1.49619,1.49634,133660000,8
1700437920000,1700438399000,1.4963,1.49634,1.49614,1.49626,199940000,8
1700438400000,1700438879000,1.49624,1.49632,1.49598,1.49615,296550000,8
1700438880000,1700439359000,1.49611,1.49615,1.4957,1.49602,177650000,8
1700439360000,1700439839000,1.49602,1.49618,1.49593,1.496,151100000,8
1700439840000,1700440319000,1.49601,1.49604,1.49575,1.49582,192560000,8
1700440320000,1700440799000,1.49582,1.49602,1.49571,1.4958,352840000,8
1700440800000,1700441279000,1.4958,1.49593,1.49558,1.4956,271190000,8
1700441280000,1700441759000,1.49562,1.4963,1.49546,1.49618,310110000,8
1700441760000,1700442239000,1.49614,1.49633,1.49587,1.49629,264920000,8
1700442240000,1700442719000,1.49632,1.49641,1.496,1.49608,432040000,8
1700442720000,1700443199000,1.49604,1.49609,1.49586,1.49602,415810000,8
1700443200000,1700443679000,1.496,1.49629,1.49595,1.49604,376060000,8
1700443680000,1700444159000,1.49605,1.4961,1.49581,1.496,378890000,8
1700444160000,1700444639000,1.496,1.49636,1.49596,1.49633,594110000,8
1700444640000,1700445119000,1.49632,1.49642,1.49617,1.49625,274690000,8
1700445120000,1700445599000,1.49627,1.49642,1.49613,1.49632,214740000,8
1700445600000,1700446079000,1.49636,1.49655,1.49631,1.49649,167200000,8
1700446080000,1700446559000,1.49652,1.49652,1.49622,1.49622,180540000,8
1700446560000,1700447039000,1.4962,1.49637,1.49599,1.49637,274520000,8
1700447040000,1700447519000,1.49634,1.49678,1.49627,1.49656,544100000,8
1700447520000,1700447999000,1.49655,1.49681,1.49622,1.49627,652070000,8
1700448000000,1700448479000,1.49628,1.49665,1.49626,1.49639,528510000,8
1700448480000,1700448959000,1.49638,1.49664,1.49627,1.49659,392020000,8
1700448960000,1700449439000,1.49655,1.49655,1.49622,1.4964,315550000,8
1700449440000,1700449919000,1.49641,1.49645,1.49607,1.4962,334380000,8
1700449920000,1700450399000,1.49618,1.49626,1.49601,1.49601,337990000,8
1700450400000,1700450879000,1.49601,1.49628,1.4959,1.49627,513330000,8
1700450880000,1700451359000,1.49625,1.49659,1.49623,1.49652,549690000,8
1700451360000,1700451839000,1.49653,1.49682,1.49649,1.4966,363490000,8
1700451840000,1700452319000,1.49658,1.49663,1.49638,1.49651,252860000,8
1700452320000,1700452799000,1.49651,1.49652,1.4961,1.49637,304160000,8
1700452800000,1700453279000,1.49638,1.4964,1.49602,1.49607,504830000,8
1700453280000,1700453759000,1.49607,1.49631,1.49599,1.49622,306790000,8
1700453760000,1700454239000,1.49619,1.49714,1.49619,1.49668,489900000,8
1700454240000,1700454719000,1.49666,1.49673,1.49653,1.49668,234970000,8
1700454720000,1700455199000,1.49671,1.49676,1.49638,1.49646,159160000,8
1700455200000,1700455679000,1.49646,1.49656,1.49635,1.49648,155250000,8
1700455680000,1700456159000,1.49646,1.49652,1.49633,1.4964,109300000,8
1700456160000,1700456639000,1.49639,1.49639,1.49598,1.49621,349800000,8
1700456640000,1700457119000,1.4962,1.49626,1.49605,1.49626,232220000,8
1700457120000,1700457599000,1.49623,1.4965,1.49622,1.49638,225800000,8
1700457600000,1700458079000,1.49634,1.49643,1.49624,1.49635,153810000,8
1700458080000,1700458559000,1.49636,1.49666,1.49633,1.49662,226900000,8
1700458560000,1700459039000,1.4966,1.49698,1.49655,1.49698,159500000,8
1700459040000,1700459519000,1.49696,1.49706,1.49659,1.49661,197820000,8
1700459520000,1700459999000,1.49664,1.49696,1.49642,1.49642,328430000,8
1700460000000,1700460479000,1.49644,1.49682,1.49627,1.49632,250400000,8
1700460480000,1700460959000,1.49631,1.49634,1.49593,1.49607,249590000,8
1700460960000,1700461439000,1.49608,1.49614,1.49589,1.49605,227500000,8
1700461440000,1700461919000,1.49606,1.49633,1.49595,1.49625,310050000,8
1700461920000,1700462399000,1.49625,1.49641,1.49604,1.49616,216940000,8
1700462400000,1700462879000,1.49617,1.49634,1.49591,1.49601,284790000,8
1700462880000,1700463359000,1.496,1.49611,1.49578,1.49611,315620000,8
1700463360000,1700463839000,1.49609,1.49646,1.49602,1.49616,683800000,8
1700463840000,1700464319000,1.49614,1.49624,1.49576,1.49607,418130000,8
1700464320000,1700464799000,1.49607,1.49607,1.49571,1.49577,409690000,8
1700464800000,1700465279000,1.49577,1.49607,1.49577,1.49604,398480000,8
1700465280000,1700465759000,1.49602,1.49606,1.49569,1.49576,538260000,8
1700465760000,1700466239000,1.49575,1.49607,1.49534,1.49539,469100000,8
1700466240000,1700466719000,1.49539,1.4959,1.49512,1.49588,637030000,8
1700466720000,1700467199000,1.4959,1.49628,1.49586,1.49615,575770000,8
1700467200000,1700467679000,1.49617,1.49713,1.49612,1.49695,854290000,8
1700467680000,1700468159000,1.49694,1.49732,1.4967,1.49696,700010000,8
1700468160000,1700468639000,1.49698,1.49725,1.49667,1.49702,647020000,8
1700468640000,1700469119000,1.49702,1.49756,1.49702,1.49737,557500000,8
1700469120000,1700469599000,1.49734,1.49734,1.49682,1.49694,639250000,8
1700469600000,1700470079000,1.49695,1.49744,1.4969,1.49735,520050000,8
1700470080000,1700470559000,1.49731,1.49792,1.49698,1.49792,572660000,8
1700470560000,1700471039000,1.49788,1.4981,1.49736,1.49763,843270000,8
1700471040000,1700471519000,1.49766,1.49876,1.49766,1.4987,636050000,8
1700471520000,1700471999000,1.49868,1.49881,1.49834,1.49847,532870000,8
1700472000000,1700472479000,1.4985,1.49902,1.4983,1.49875,619670000,8
1700472480000,1700472959000,1.49874,1.49916,1.49847,1.49902,777320000,8
1700472960000,1700473439000,1.49904,1.49931,1.49831,1.49851,631810000,8
1700473440000,1700473919000,1.49854,1.49869,1.49827,1.49827,420310000,8
1700473920000,1700474399000,1.49829,1.49896,1.49816,1.49826,845950000,8
1700474400000,1700474879000,1.49827,1.49827,1.49772,1.49779,633400000,8
1700474880000,1700475359000,1.49781,1.49812,1.49768,1.49778,289120000,8
1700475360000,1700475839000,1.49781,1.49805,1.49766,1.49793,331930000,8
1700475840000,1700476319000,1.49795,1.49822,1.49752,1.49815,464170000,8
1700476320000,1700476799000,1.49814,1.49867,1.49809,1.49848,420670000,8
1700476800000,1700477279000,1.49846,1.49848,1.49771,1.49788,427650000,8
1700477280000,1700477759000,1.49792,1.49797,1.49755,1.49788,356110000,8
1700477760000,1700478239000,1.49788,1.49815,1.49772,1.49815,367890000,8
1700478240000,1700478719000,1.49818,1.49861,1.49806,1.49812,564020000,8
1700478720000,1700479199000,1.49812,1.4984,1.49808,1.49837,387990000,8
1700479200000,1700479679000,1.49839,1.49867,1.49794,1.49861,430760000,8
1700479680000,1700480159000,1.49862,1.4987,1.49802,1.49804,573060000,8
1700480160000,1700480639000,1.49802,1.4984,1.49787,1.49837,491370000,8
1700480640000,1700481119000,1.49837,1.49854,1.49818,1.49839,380890000,8
1700481120000,1700481599000,1.49836,1.49846,1.49823,1.49833,399110000,8
1700481600000,1700482079000,1.49831,1.49931,1.49815,1.49928,631430000,8
1700482080000,1700482559000,1.49929,1.49961,1.49909,1.4991,498130000,8
1700482560000,1700483039000,1.49911,1.4995,1.49862,1.49879,515370000,8
1700483040000,1700483519000,1.49878,1.49925,1.49876,1.49877,320950000,8
1700483520000,1700483999000,1.49876,1.49914,1.49869,1.49888,442150000,8
1700484000000,1700484479000,1.49885,1.49978,1.49875,1.4996,564850000,8
1700484480000,1700484959000,1.49957,1.49969,1.49897,1.49963,573380000,8
1700484960000,1700485439000,1.49962,1.49982,1.49912,1.49942,573310000,8
1700485440000,1700485919000,1.49944,1.4995,1.49906,1.4993,680610000,8
1700485920000,1700486399000,1.49929,1.49961,1.49916,1.49942,659380000,8
1700486400000,1700486879000,1.49944,1.49974,1.49912,1.49944,770410000,8
1700486880000,1700487359000,1.49945,1.49993,1.49907,1.49953,870780000,8
1700487360000,1700487839000,1.49952,1.49969,1.49875,1.49879,853740000,8
1700487840000,1700488319000,1.49877,1.49925,1.49871,1.49879,858330000,8
1700488320000,1700488799000,1.49876,1.49888,1.49834,1.49834,694690000,8
1700488800000,1700489279000,1.49833,1.49882,1.49819,1.49826,851240000,8
1700489280000,1700489759000,1.49827,1.49896,1.49827,1.49866,800220000,8
1700489760000,1700490239000,1.49866,1.49992,1.49824,1.49992,871480000,8
1700490240000,1700490719000,1.49992,1.50096,1.49964,1.50079,828610000,8
1700490720000,1700491199000,1.50079,1.50263,1.50076,1.50236,1477660000,8
1700491200000,1700491679000,1.50232,1.50271,1.50163,1.50218,1504610000,8
1700491680000,1700492159000,1.5022,1.50383,1.50215,1.50331,1200320000,8
1700492160000,1700492639000,1.50332,1.50351,1.50273,1.50302,1305940000,8
1700492640000,1700493119000,1.50303,1.5033,1.50244,1.5027,928610000,8
1700493120000,1700493599000,1.5027,1.50288,1.50127,1.50128,1228000000,8
1700493600000,1700494079000,1.50128,1.50148,1.50086,1.50111,795720000,8
1700494080000,1700494559000,1.50109,1.50157,1.50072,1.50135,732930000,8
1700494560000,1700495039000,1.50138,1.50189,1.50121,1.5018,773630000,8
1700495040000,1700495519000,1.50178,1.50227,1.50169,1.50198,752020000,8
1700495520000,1700495999000,1.502,1.50202,1.50118,1.50172,763790000,8
1700496000000,1700496479000,1.50169,1.50287,1.50169,1.5024,925960000,8
1700496480000,1700496959000,1.50239,1.50261,1.50185,1.50199,685860000,8
1700496960000,1700497439000,1.50204,1.5027,1.50192,1.5027,549560000,8
1700497440000,1700497919000,1.50269,1.50298,1.50249,1.5029,483740000,8
1700497920000,1700498399000,1.5029,1.50303,1.50207,1.50207,563440000,8
1700498400000,1700498879000,1.5021,1.50213,1.50163,1.50163,524810000,8
1700498880000,1700499359000,1.50162,1.50191,1.50143,1.50178,580460000,8
1700499360000,1700499839000,1.50179,1.50196,1.50123,1.50124,523700000,8
1700499840000,1700500319000,1.50124,1.50233,1.50124,1.50201,541220000,8
1700500320000,1700500799000,1.50204,1.50209,1.50151,1.50151,446290000,8
1700500800000,1700501279000,1.50148,1.50193,1.5012,1.50176,366430000,8
1700501280000,1700501759000,1.50178,1.50222,1.50174,1.50198,301720000,8
1700501760000,1700502239000,1.50201,1.50208,1.50173,1.50189,290760000,8
1700502240000,1700502719000,1.50193,1.50196,1.50162,1.50167,215750000,8
1700502720000,1700503199000,1.50166,1.50166,1.50124,1.50127,407870000,8
1700503200000,1700503679000,1.50129,1.50196,1.50124,1.50156,1152290000,8
1700503680000,1700504159000,1.50154,1.50188,1.50143,1.50184,822340000,8
1700504160000,1700504639000,1.50185,1.50206,1.50132,1.50143,760110000,8
1700504640000,1700505119000,1.50143,1.50167,1.50138,1.50158,523040000,8
1700505120000,1700505599000,1.50161,1.50181,1.50132,1.50136,398120000,8
1700505600000,1700506079000,1.50137,1.50193,1.5013,1.5018,325600000,8
1700506080000,1700506559000,1.50179,1.50189,1.50166,1.50176,321460000,8
1700506560000,1700507039000,1.50175,1.50227,1.50167,1.50208,354250000,8
1700507040000,1700507519000,1.50206,1.50222,1.5018,1.50188,376340000,8
1700507520000,1700507999000,1.50189,1.50207,1.50175,1.50189,330210000,8
1700508000000,1700508479000,1.50192,1.50215,1.50187,1.50201,307780000,8
1700508480000,1700508959000,1.50201,1.50215,1.50173,1.5018,403520000,8
1700508960000,1700509439000,1.5018,1.50197,1.50171,1.50178,257000000,8
1700509440000,1700509919000,1.5018,1.50186,1.50128,1.50169,370100000,8
1700509920000,1700510399000,1.50168,1.50212,1.50168,1.50212,163620000,8
1700510400000,1700510879000,1.50209,1.5023,1.50189,1.50213,313340000,8
1700510880000,1700511359000,1.50214,1.5022,1.50183,1.50214,247580000,8
1700511360000,1700511839000,1.50213,1.50225,1.50192,1.50198,188080000,8
1700511840000,1700512319000,1.50202,1.50227,1.50193,1.50199,148620000,8
1700512320000,1700512799000,1.50195,1.50217,1.50182,1.50188,216120000,8
1700512800000,1700513279000,1.50185,1.50201,1.50164,1.502,245860000,8
1700513280000,1700513759000,1.50202,1.50222,1.50191,1.502,190770000,8
1700513760000,1700514239000,1.50203,1.50208,1.50139,1.50163,213630000,8
1700514240000,1700514719000,1.50163,1.5021,1.50163,1.50194,118000000,8
1700514720000,1700515199000,1.50192,1.50205,1.50189,1.50193,89040000,8
1700515200000,1700515679000,1.50197,1.50219,1.5018,1.50186,70460000,8
1700515680000,1700516159000,1.50184,1.50194,1.50171,1.50171,127850000,8
1700516160000,1700516639000,1.50171,1.50171,1.50152,1.50164,116440000,8
1700516640000,1700517119000,1.50163,1.50187,1.50143,1.50143,356900000,8
1700517120000,1700517599000,1.50143,1.50161,1.50102,1.5011,440380000,8
1700517600000,1700518079000,1.5011,1.5011,1.49999,1.50093,98340000,8
1700518080000,1700518559000,1.50093,1.50146,1.50074,1.50106,197780000,8
1700518560000,1700519039000,1.50107,1.5014,1.50084,1.50122,320130000,8
1700519040000,1700519519000,1.50121,1.50124,1.5007,1.50107,265560000,8
1700519520000,1700519999000,1.50115,1.50144,1.50085,1.50089,667770000,8
1700520000000,1700520479000,1.50089,1.50115,1.50088,1.50099,294280000,8
1700520480000,1700520959000,1.50099,1.50157,1.50098,1.50139,1771730000,8
1700520960000,1700521439000,1.50139,1.50175,1.50075,1.50166,923250000,8
1700521440000,1700521919000,1.50171,1.50179,1.50156,1.50169,88440000,8
1700521920000,1700522399000,1.50179,1.50188,1.50171,1.50186,68600000,8
1700522400000,1700522879000,1.50187,1.50194,1.50184,1.50191,76100000,8
1700522880000,1700523359000,1.50194,1.50206,1.50194,1.502,73040000,8
1700523360000,1700523839000,1.502,1.50231,1.50195,1.50196,133720000,8
1700523840000,1700524319000,1.50196,1.50206,1.50187,1.50203,118160000,8
1700524320000,1700524799000,1.50204,1.50224,1.50199,1.50224,93300000,8
1700524800000,1700525279000,1.5022,1.50246,1.50209,1.50215,266430000,8
1700525280000,1700525759000,1.50212,1.50214,1.50183,1.50192,126220000,8
1700525760000,1700526239000,1.50189,1.502,1.50181,1.50191,116500000,8
1700526240000,1700526719000,1.5019,1.50196,1.50178,1.50181,124980000,8
1700526720000,1700527199000,1.5018,1.50196,1.50169,1.50181,241390000,8
1700527200000,1700527679000,1.50179,1.50187,1.50167,1.50184,210310000,8
1700527680000,1700528159000,1.50185,1.50203,1.50165,1.50176,288020000,8
1700528160000,1700528639000,1.50173,1.50183,1.50139,1.50176,280560000,8
1700528640000,1700529119000,1.50178,1.50216,1.50163,1.5018,306800000,8
1700529120000,1700529599000,1.50178,1.50194,1.50158,1.50182,512180000,8
1700529600000,1700530079000,1.50181,1.5023,1.50176,1.50223,507110000,8
1700530080000,1700530559000,1.50225,1.50246,1.50207,1.50209,505130000,8
1700530560000,1700531039000,1.50212,1.50222,1.50198,1.50212,443260000,8
1700531040000,1700531519000,1.5021,1.50219,1.50189,1.50194,381650000,8
1700531520000,1700531999000,1.50195,1.50217,1.50186,1.50203,375350000,8
1700532000000,1700532479000,1.50199,1.50201,1.50173,1.50197,357370000,8
1700532480000,1700532959000,1.50197,1.50235,1.50197,1.50231,397830000,8
1700532960000,1700533439000,1.50233,1.50266,1.50216,1.5025,328260000,8
1700533440000,1700533919000,1.5025,1.50272,1.50244,1.50263,238040000,8
1700533920000,1700534399000,1.50263,1.50266,1.50246,1.5026,243720000,8
1700534400000,1700534879000,1.50257,1.50273,1.50236,1.50236,305980000,8
1700534880000,1700535359000,1.50233,1.50258,1.50224,1.50224,346970000,8
1700535360000,1700535839000,1.50227,1.50259,1.50227,1.50253,250490000,8
1700535840000,1700536319000,1.50253,1.50266,1.50244,1.50262,160700000,8
1700536320000,1700536799000,1.50263,1.5027,1.50257,1.50269,149770000,8
1700536800000,1700537279000,1.50268,1.50268,1.50226,1.50231,325210000,8
1700537280000,1700537759000,1.50229,1.50239,1.50203,1.50217,213200000,8
1700537760000,1700538239000,1.50217,1.50239,1.50206,1.50233,188600000,8
1700538240000,1700538719000,1.50233,1.50241,1.50211,1.50236,176510000,8
1700538720000,1700539199000,1.50237,1.50296,1.50237,1.50291,269460000,8
1700539200000,1700539679000,1.50291,1.50291,1.50248,1.50248,246640000,8
1700539680000,1700540159000,1.50247,1.50274,1.50246,1.50267,210070000,8
1700540160000,1700540639000,1.5027,1.50275,1.50264,1.5027,140360000,8
1700540640000,1700541119000,1.5027,1.50287,1.50263,1.50269,183400000,8
1700541120000,1700541599000,1.50271,1.50287,1.50267,1.50274,174130000,8
1700541600000,1700542079000,1.50276,1.50296,1.50272,1.50289,119090000,8
1700542080000,1700542559000,1.5029,1.50295,1.50274,1.50286,244000000,8
1700542560000,1700543039000,1.50284,1.50286,1.50265,1.50272,278600000,8
1700543040000,1700543519000,1.50275,1.50323,1.50268,1.50322,261760000,8
1700543520000,1700543999000,1.50321,1.50345,1.50312,1.50322,186960000,8
1700544000000,1700544479000,1.5032,1.50337,1.50312,1.50335,174040000,8
1700544480000,1700544959000,1.50336,1.50347,1.50318,1.50318,238120000,8
1700544960000,1700545439000,1.50316,1.50328,1.50293,1.50302,313060000,8
1700545440000,1700545919000,1.503,1.50327,1.50297,1.50327,262150000,8
1700545920000,1700546399000,1.50329,1.50353,1.50297,1.50349,333800000,8
1700546400000,1700546879000,1.50349,1.50366,1.50336,1.50351,280740000,8
1700546880000,1700547359000,1.50352,1.50366,1.50299,1.50301,223250000,8
1700547360000,1700547839000,1.50299,1.50365,1.50299,1.50356,254470000,8
1700547840000,1700548319000,1.50354,1.50363,1.50342,1.50356,174470000,8
1700548320000,1700548799000,1.50357,1.50382,1.50339,1.50369,211200000,8
1700548800000,1700549279000,1.50369,1.5037,1.50342,1.50367,225500000,8
1700549280000,1700549759000,1.50365,1.5041,1.50364,1.50394,227700000,8
1700549760000,1700550239000,1.50395,1.50413,1.50357,1.50364,372390000,8
1700550240000,1700550719000,1.50363,1.50388,1.5035,1.50373,573670000,8
1700550720000,1700551199000,1.50374,1.50388,1.50345,1.50349,558490000,8
1700551200000,1700551679000,1.50348,1.50381,1.50338,1.50377,357020000,8
1700551680000,1700552159000,1.50374,1.50386,1.50354,1.5038,422880000,8
1700552160000,1700552639000,1.50375,1.50378,1.50317,1.50322,450010000,8
1700552640000,1700553119000,1.50323,1.50334,1.50297,1.5033,414770000,8
1700553120000,1700553599000,1.50329,1.50333,1.50298,1.5032,347360000,8
1700553600000,1700554079000,1.50319,1.50399,1.50314,1.50394,628040000,8
1700554080000,1700554559000,1.50391,1.50413,1.5035,1.50366,661790000,8
1700554560000,1700555039000,1.50366,1.50394,1.50341,1.50372,667550000,8
1700555040000,1700555519000,1.50373,1.50437,1.5037,1.50379,660680000,8
1700555520000,1700555999000,1.50376,1.50387,1.50322,1.50365,943630000,8
1700556000000,1700556479000,1.50361,1.5037,1.50286,1.50309,903100000,8
1700556480000,1700556959000,1.50311,1.50327,1.50209,1.50236,897410000,8
1700556960000,1700557439000,1.50236,1.50239,1.50148,1.50186,1075430000,8
1700557440000,1700557919000,1.50192,1.50229,1.50182,1.50202,624970000,8
1700557920000,1700558399000,1.50205,1.50213,1.50136,1.50142,580440000,8
1700558400000,1700558879000,1.50142,1.50156,1.5011,1.50148,621860000,8
1700558880000,1700559359000,1.50149,1.50196,1.50126,1.50146,793360000,8
1700559360000,1700559839000,1.50146,1.50183,1.50128,1.50167,798200000,8
1700559840000,1700560319000,1.50168,1.50225,1.50141,1.50211,726510000,8
1700560320000,1700560799000,1.50208,1.50263,1.50208,1.50234,724290000,8
1700560800000,1700561279000,1.50236,1.50255,1.50199,1.5021,680920000,8
1700561280000,1700561759000,1.50208,1.50256,1.50207,1.50215,656000000,8
1700561760000,1700562239000,1.50215,1.50217,1.50151,1.50156,618770000,8
1700562240000,1700562719000,1.50158,1.50187,1.50093,1.50101,647950000,8
1700562720000,1700563199000,1.50102,1.50104,1.50032,1.50048,488830000,8
1700563200000,1700563679000,1.50049,1.5006,1.5001,1.50014,609880000,8
1700563680000,1700564159000,1.50015,1.50063,1.5001,1.50037,545460000,8
1700564160000,1700564639000,1.50039,1.50049,1.49988,1.50007,562840000,8
1700564640000,1700565119000,1.50007,1.50044,1.49999,1.50021,602130000,8
1700565120000,1700565599000,1.50022,1.50049,1.49976,1.4998,533640000,8
1700565600000,1700566079000,1.4998,1.5,1.49952,1.49988,571870000,8
1700566080000,1700566559000,1.49986,1.5003,1.4997,1.5002,404630000,8
1700566560000,1700567039000,1.50018,1.50034,1.49975,1.49976,631450000,8
1700567040000,1700567519000,1.49979,1.50048,1.49945,1.50048,470920000,8
1700567520000,1700567999000,1.50047,1.50057,1.49995,1.49999,446380000,8
1700568000000,1700568479000,1.5,1.50019,1.49958,1.50012,670070000,8
1700568480000,1700568959000,1.50012,1.50024,1.49969,1.49995,531020000,8
1700568960000,1700569439000,1.49995,1.50008,1.49967,1.50008,527920000,8
1700569440000,1700569919000,1.5001,1.5007,1.4998,1.50048,675660000,8
1700569920000,1700570399000,1.50047,1.50089,1.50029,1.50047,624790000,8
1700570400000,1700570879000,1.50051,1.50131,1.50048,1.50115,588620000,8
1700570880000,1700571359000,1.5011,1.50219,1.50106,1.50212,638510000,8
1700571360000,1700571839000,1.50212,1.50264,1.50212,1.50244,847840000,8
1700571840000,1700572319000,1.50249,1.50286,1.50229,1.50254,784520000,8
1700572320000,1700572799000,1.50255,1.50273,1.50238,1.5026,740770000,8
1700572800000,1700573279000,1.50259,1.50312,1.5024,1.5024,871620000,8
1700573280000,1700573759000,1.50241,1.50296,1.50071,1.50127,1263220000,8
1700573760000,1700574239000,1.50123,1.50124,1.49929,1.49945,1414610000,8
1700574240000,1700574719000,1.49943,1.49967,1.49902,1.49941,1289980000,8
1700574720000,1700575199000,1.49942,1.50034,1.49912,1.50021,1021340000,8
1700575200000,1700575679000,1.50023,1.50078,1.49972,1.50055,1154490000,8
1700575680000,1700576159000,1.50056,1.50109,1.50039,1.50078,922490000,8
1700576160000,1700576639000,1.50078,1.50144,1.50031,1.50143,1033210000,8
1700576640000,1700577119000,1.50143,1.50164,1.49985,1.50003,1273290000,8
1700577120000,1700577599000,1.50003,1.50127,1.49995,1.5007,1675730000,8
1700577600000,1700578079000,1.50069,1.50091,1.49963,1.50019,1363710000,8
1700578080000,1700578559000,1.50018,1.50044,1.49961,1.49987,1008290000,8
1700578560000,1700579039000,1.49985,1.50008,1.49922,1.49928,1133440000,8
1700579040000,1700579519000,1.49929,1.49934,1.49815,1.49856,1373610000,8
1700579520000,1700579999000,1.49858,1.4997,1.49853,1.49926,1157770000,8
1700580000000,1700580479000,1.49926,1.49937,1.49856,1.49896,961730000,8
1700580480000,1700580959000,1.49899,1.49927,1.49806,1.49826,1071490000,8
1700580960000,1700581439000,1.49824,1.49871,1.4976,1.4983,992930000,8
1700581440000,1700581919000,1.49827,1.49845,1.49703,1.49707,775090000,8
1700581920000,1700582399000,1.49706,1.49718,1.49645,1.49678,1040770000,8
1700582400000,1700582879000,1.49678,1.49733,1.49673,1.49696,897280000,8
1700582880000,1700583359000,1.49697,1.49733,1.49634,1.49634,800170000,8
1700583360000,1700583839000,1.49633,1.49651,1.49559,1.49611,1005170000,8
1700583840000,1700584319000,1.49611,1.49624,1.49574,1.49621,740470000,8
1700584320000,1700584799000,1.4962,1.49624,1.49583,1.49595,661660000,8
1700584800000,1700585279000,1.49595,1.49611,1.49551,1.49585,746100000,8
1700585280000,1700585759000,1.49583,1.49605,1.49564,1.49587,526180000,8
1700585760000,1700586239000,1.49584,1.49586,1.49541,1.49557,668770000,8
1700586240000,1700586719000,1.49559,1.49598,1.49558,1.49587,539760000,8
1700586720000,1700587199000,1.49589,1.49599,1.49533,1.4957,417660000,8
1700587200000,1700587679000,1.49572,1.49598,1.49555,1.49587,267240000,8
1700587680000,1700588159000,1.4958,1.4958,1.49537,1.49554,523170000,8
1700588160000,1700588639000,1.49554,1.49578,1.49544,1.49574,315670000,8
1700588640000,1700589119000,1.49568,1.49595,1.49549,1.49549,256870000,8
1700589120000,1700589599000,1.49551,1.49559,1.49528,1.49536,337280000,8
1700589600000,1700590079000,1.49533,1.49548,1.49467,1.49472,488000000,8
1700590080000,1700590559000,1.49473,1.49478,1.49392,1.49407,476540000,8
1700590560000,1700591039000,1.49408,1.49467,1.49389,1.49447,428190000,8
1700591040000,1700591519000,1.49448,1.49453,1.49352,1.49353,491330000,8
1700591520000,1700591999000,1.4935,1.4938,1.49318,1.49379,682880000,8
1700592000000,1700592479000,1.49375,1.49395,1.49367,1.49387,415560000,8
1700592480000,1700592959000,1.49386,1.49429,1.49376,1.49405,322040000,8
1700592960000,1700593439000,1.49401,1.49424,1.49365,1.49376,794110000,8
1700593440000,1700593919000,1.49379,1.49425,1.4936,1.49398,673460000,8
1700593920000,1700594399000,1.49398,1.49484,1.49394,1.49475,662670000,8
1700594400000,1700594879000,1.49471,1.49504,1.49466,1.49497,415780000,8
1700594880000,1700595359000,1.49497,1.49507,1.49476,1.49493,360940000,8
1700595360000,1700595839000,1.49493,1.495,1.49466,1.4949,357300000,8
1700595840000,1700596319000,1.49487,1.49538,1.49485,1.49538,453680000,8
1700596320000,1700596799000,1.4954,1.49562,1.49512,1.4953,287760000,8
1700596800000,1700597279000,1.49525,1.49534,1.49506,1.49529,318710000,8
1700597280000,1700597759000,1.49528,1.49542,1.49499,1.49518,373200000,8
1700597760000,1700598239000,1.49516,1.4955,1.49504,1.4954,218950000,8
1700598240000,1700598719000,1.49537,1.49544,1.49521,1.49538,247600000,8
1700598720000,1700599199000,1.49538,1.49552,1.49528,1.49551,161950000,8
1700599200000,1700599679000,1.4955,1.49557,1.49506,1.49514,154330000,8
1700599680000,1700600159000,1.49511,1.49519,1.49479,1.49487,201110000,8
1700600160000,1700600639000,1.49486,1.49503,1.49439,1.49443,276020000,8
1700600640000,1700601119000,1.49443,1.49468,1.49433,1.49456,113920000,8
1700601120000,1700601599000,1.4946,1.4952,1.4946,1.49498,119720000,8
1700601600000,1700602079000,1.49493,1.495,1.49482,1.49491,161430000,8
1700602080000,1700602559000,1.4949,1.4949,1.49459,1.4948,142910000,8
1700602560000,1700603039000,1.49482,1.49511,1.49476,1.49492,155360000,8
1700603040000,1700603519000,1.49492,1.49505,1.49485,1.49499,90000000,8
1700603520000,1700603999000,1.49497,1.49512,1.49461,1.49468,467410000,8
1700604000000,1700604479000,1.4947,1.4947,1.49357,1.49433,117740000,8
1700604480000,1700604959000,1.49434,1.49453,1.49403,1.49405,574840000,8
1700604960000,1700605439000,1.49405,1.4945,1.49405,1.49405,214780000,8
1700605440000,1700605919000,1.49405,1.49493,1.49405,1.49487,127700000,8
1700605920000,1700606399000,1.49489,1.49489,1.49442,1.4945,113270000,8
1700606400000,1700606879000,1.49447,1.49463,1.49428,1.49462,112110000,8
1700606880000,1700607359000,1.49446,1.49462,1.49432,1.49436,74030000,8
1700607360000,1700607839000,1.49434,1.49519,1.49427,1.49511,307080000,8
1700607840000,1700608319000,1.49511,1.49524,1.49506,1.4952,206750000,8
1700608320000,1700608799000,1.49522,1.49536,1.49518,1.4953,96800000,8
1700608800000,1700609279000,1.4953,1.49557,1.49525,1.4955,58300000,8
1700609280000,1700609759000,1.49551,1.49551,1.49522,1.49538,124640000,8
1700609760000,1700610239000,1.49539,1.49565,1.49538,1.49557,105600000,8
1700610240000,1700610719000,1.49556,1.49578,1.49556,1.49565,81400000,8
1700610720000,1700611199000,1.49567,1.49581,1.49559,1.49565,87720000,8
1700611200000,1700611679000,1.49565,1.49573,1.49544,1.49547,158460000,8
1700611680000,1700612159000,1.49548,1.49559,1.49539,1.49543,168760000,8
1700612160000,1700612639000,1.49549,1.49565,1.49541,1.49551,207200000,8
1700612640000,1700613119000,1.49554,1.49562,1.49536,1.49549,145020000,8
1700613120000,1700613599000,1.49549,1.49566,1.49544,1.49561,112400000,8
1700613600000,1700614079000,1.49563,1.49572,1.49552,1.49558,118540000,8
1700614080000,1700614559000,1.49559,1.49563,1.49538,1.49561,200140000,8
1700614560000,1700615039000,1.49562,1.496,1.4956,1.49571,306040000,8
1700615040000,1700615519000,1.4957,1.49583,1.49544,1.49545,243340000,8
1700615520000,1700615999000,1.49548,1.4955,1.49515,1.49516,399930000,8
1700616000000,1700616479000,1.49516,1.49518,1.49446,1.49453,420360000,8
1700616480000,1700616959000,1.49453,1.49463,1.49443,1.4946,349470000,8
1700616960000,1700617439000,1.49461,1.49463,1.49428,1.49451,364960000,8
1700617440000,1700617919000,1.49454,1.4949,1.49438,1.49475,338050000,8
1700617920000,1700618399000,1.49476,1.49543,1.49476,1.49542,389360000,8
1700618400000,1700618879000,1.49542,1.49564,1.49542,1.49561,356400000,8
1700618880000,1700619359000,1.49558,1.4957,1.49544,1.49557,345060000,8
1700619360000,1700619839000,1.49555,1.49559,1.49527,1.49531,143060000,8
1700619840000,1700620319000,1.49528,1.49558,1.49526,1.49548,214830000,8
1700620320000,1700620799000,1.49548,1.49597,1.49548,1.49596,266940000,8
1700620800000,1700621279000,1.49597,1.49606,1.49584,1.49597,161700000,8
1700621280000,1700621759000,1.49597,1.49597,1.49573,1.49584,173140000,8
1700621760000,1700622239000,1.49584,1.49592,1.49539,1.49557,223080000,8
1700622240000,1700622719000,1.4956,1.49568,1.49547,1.49564,169140000,8
1700622720000,1700623199000,1.49565,1.4958,1.49554,1.49578,123400000,8
1700623200000,1700623679000,1.49578,1.4959,1.49567,1.49585,188140000,8
1700623680000,1700624159000,1.49583,1.49583,1.49562,1.49571,104860000,8
1700624160000,1700624639000,1.49573,1.49586,1.49565,1.49571,148160000,8
1700624640000,1700625119000,1.49572,1.49572,1.49551,1.49569,130600000,8
1700625120000,1700625599000,1.49571,1.49573,1.49561,1.4957,88830000,8
1700625600000,1700626079000,1.49571,1.49583,1.49557,1.49559,132900000,8
1700626080000,1700626559000,1.49557,1.49564,1.49538,1.49543,170890000,8
1700626560000,1700627039000,1.49539,1.49543,1.49518,1.49523,190830000,8
1700627040000,1700627519000,1.49525,1.49526,1.49505,1.49512,162430000,8
1700627520000,1700627999000,1.4951,1.49519,1.49507,1.49519,77190000,8
1700628000000,1700628479000,1.49519,1.49532,1.49503,1.49511,132460000,8
1700628480000,1700628959000,1.49511,1.4952,1.49497,1.49504,82740000,8
1700628960000,1700629439000,1.49504,1.4955,1.49498,1.49524,248480000,8
1700629440000,1700629919000,1.49519,1.49534,1.4951,1.49524,137040000,8
1700629920000,1700630399000,1.49524,1.49524,1.49496,1.49505,293900000,8
1700630400000,1700630879000,1.49509,1.49516,1.49491,1.49501,201300000,8
1700630880000,1700631359000,1.49499,1.49515,1.49495,1.49511,225980000,8
1700631360000,1700631839000,1.49511,1.49514,1.49488,1.49497,152900000,8
1700631840000,1700632319000,1.49497,1.49524,1.49486,1.49517,190960000,8
1700632320000,1700632799000,1.49515,1.4956,1.49504,1.49541,175140000,8
1700632800000,1700633279000,1.4954,1.49561,1.49526,1.49559,359700000,8
1700633280000,1700633759000,1.49561,1.4959,1.49559,1.49562,275660000,8
1700633760000,1700634239000,1.49562,1.49587,1.49553,1.49587,363400000,8
1700634240000,1700634719000,1.49585,1.49589,1.49536,1.49544,241560000,8
1700634720000,1700635199000,1.49538,1.49561,1.49529,1.49544,285520000,8
1700635200000,1700635679000,1.49543,1.49567,1.49539,1.49549,350740000,8
1700635680000,1700636159000,1.4955,1.49576,1.49537,1.49551,348930000,8
1700636160000,1700636639000,1.49551,1.49599,1.49541,1.49564,548860000,8
1700636640000,1700637119000,1.49565,1.49565,1.49537,1.49553,373720000,8
1700637120000,1700637599000,1.49552,1.49586,1.49552,1.49581,419650000,8
1700637600000,1700638079000,1.49575,1.4961,1.49562,1.49593,677720000,8
1700638080000,1700638559000,1.49593,1.49644,1.49591,1.49616,366200000,8
1700638560000,1700639039000,1.49618,1.49676,1.49605,1.49662,387650000,8
1700639040000,1700639519000,1.4966,1.49676,1.49651,1.49658,350370000,8
1700639520000,1700639999000,1.49659,1.49702,1.49657,1.49679,398680000,8
1700640000000,1700640479000,1.49681,1.497,1.49624,1.4963,983020000,8
1700640480000,1700640959000,1.49632,1.49656,1.49594,1.49613,682500000,8
1700640960000,1700641439000,1.49612,1.49625,1.49537,1.49553,843400000,8
1700641440000,1700641919000,1.49553,1.49558,1.49484,1.49486,970740000,8
1700641920000,1700642399000,1.49487,1.49534,1.49475,1.49478,762230000,8
1700642400000,1700642879000,1.49482,1.49498,1.49411,1.49449,845220000,8
1700642880000,1700643359000,1.49447,1.49461,1.49392,1.49453,518730000,8
1700643360000,1700643839000,1.4945,1.4945,1.49346,1.49398,607270000,8
1700643840000,1700644319000,1.49398,1.49496,1.49384,1.4949,659510000,8
1700644320000,1700644799000,1.49488,1.49496,1.49467,1.49481,453640000,8
1700644800000,1700645279000,1.49482,1.4949,1.49443,1.49474,471230000,8
1700645280000,1700645759000,1.49471,1.49517,1.49458,1.49503,425090000,8
1700645760000,1700646239000,1.495,1.49559,1.49491,1.49553,629390000,8
1700646240000,1700646719000,1.4955,1.4957,1.49518,1.49537,555190000,8
1700646720000,1700647199000,1.49536,1.49538,1.49473,1.49484,519830000,8
1700647200000,1700647679000,1.49487,1.49496,1.49424,1.49457,643820000,8
1700647680000,1700648159000,1.49458,1.49494,1.49453,1.49474,397260000,8
1700648160000,1700648639000,1.49476,1.49478,1.49417,1.49441,288430000,8
1700648640000,1700649119000,1.49443,1.49443,1.49386,1.4942,362080000,8
1700649120000,1700649599000,1.49419,1.49436,1.49361,1.49417,586010000,8
1700649600000,1700650079000,1.49415,1.49415,1.49364,1.49409,471970000,8
1700650080000,1700650559000,1.49407,1.49436,1.49377,1.4938,392000000,8
1700650560000,1700651039000,1.49377,1.49412,1.49369,1.49393,504620000,8
1700651040000,1700651519000,1.49392,1.49435,1.49365,1.49405,644540000,8
1700651520000,1700651999000,1.49403,1.49416,1.49346,1.49391,599880000,8
1700652000000,1700652479000,1.49392,1.49406,1.49357,1.4939,582050000,8
1700652480000,1700652959000,1.49391,1.49411,1.49364,1.49404,473780000,8
1700652960000,1700653439000,1.49403,1.49416,1.49389,1.494,377960000,8
1700653440000,1700653919000,1.494,1.49445,1.4939,1.49428,413800000,8
1700653920000,1700654399000,1.49431,1.49457,1.49403,1.49407,334510000,8
1700654400000,1700654879000,1.49408,1.49432,1.49385,1.49415,441340000,8
1700654880000,1700655359000,1.49411,1.49522,1.49411,1.49522,572940000,8
1700655360000,1700655839000,1.49524,1.49567,1.49499,1.49508,648650000,8
1700655840000,1700656319000,1.49506,1.49613,1.49473,1.49613,665250000,8
1700656320000,1700656799000,1.49611,1.49649,1.49602,1.49607,582120000,8
1700656800000,1700657279000,1.49609,1.49685,1.49605,1.49636,762760000,8
1700657280000,1700657759000,1.49638,1.49643,1.49589,1.49623,692960000,8
1700657760000,1700658239000,1.49622,1.49633,1.49515,1.49575,1083210000,8
1700658240000,1700658719000,1.49575,1.49693,1.49571,1.49605,1597030000,8
1700658720000,1700659199000,1.49608,1.49753,1.49607,1.49743,1348690000,8
1700659200000,1700659679000,1.49747,1.49845,1.49739,1.49799,985480000,8
1700659680000,1700660159000,1.49797,1.49852,1.49683,1.49752,2064040000,8
1700660160000,1700660639000,1.49752,1.49826,1.49628,1.49645,2594450000,8
1700660640000,1700661119000,1.49644,1.49711,1.49614,1.4969,1505120000,8
1700661120000,1700661599000,1.49685,1.4971,1.4961,1.49612,1262630000,8
1700661600000,1700662079000,1.49612,1.49636,1.49461,1.49629,1714950000,8
1700662080000,1700662559000,1.49629,1.49657,1.49439,1.49479,1203980000,8
1700662560000,1700663039000,1.49482,1.49582,1.49473,1.49544,1064960000,8
1700663040000,1700663519000,1.49544,1.49625,1.49484,1.4962,1254380000,8
1700663520000,1700663999000,1.49617,1.49631,1.49486,1.49486,1760920000,8
1700664000000,1700664479000,1.49488,1.49559,1.49473,1.49508,1193570000,8
1700664480000,1700664959000,1.49511,1.49561,1.49496,1.49515,1375640000,8
1700664960000,1700665439000,1.4951,1.49522,1.49371,1.49438,1866840000,8
1700665440000,1700665919000,1.49439,1.49456,1.49356,1.4939,1404300000,8
1700665920000,1700666399000,1.49393,1.49425,1.49315,1.49385,1555970000,8
1700666400000,1700666879000,1.49386,1.49455,1.49371,1.49404,1502700000,8
1700666880000,1700667359000,1.49402,1.49433,1.49372,1.49382,1485960000,8
1700667360000,1700667839000,1.49378,1.49412,1.49353,1.49406,1141280000,8
1700667840000,1700668319000,1.49403,1.49409,1.49266,1.49295,1356220000,8
1700668320000,1700668799000,1.49292,1.49359,1.49264,1.49338,1392460000,8
1700668800000,1700669279000,1.49336,1.49359,1.49277,1.49311,1212540000,8
1700669280000,1700669759000,1.4931,1.49337,1.49268,1.49308,844150000,8
1700669760000,1700670239000,1.49308,1.49329,1.49275,1.4932,1046690000,8
1700670240000,1700670719000,1.4932,1.4932,1.49257,1.49309,805400000,8
1700670720000,1700671199000,1.49309,1.49376,1.49286,1.49286,641390000,8
1700671200000,1700671679000,1.49286,1.49334,1.49283,1.49292,425700000,8
1700671680000,1700672159000,1.49291,1.49299,1.4927,1.49292,457920000,8
1700672160000,1700672639000,1.4929,1.49301,1.49262,1.49282,367730000,8
1700672640000,1700673119000,1.49284,1.49286,1.49185,1.49196,475690000,8
1700673120000,1700673599000,1.49195,1.4921,1.49159,1.49171,338360000,8
1700673600000,1700674079000,1.49172,1.49225,1.4916,1.49191,550860000,8
1700674080000,1700674559000,1.49192,1.49276,1.49173,1.49259,513920000,8
1700674560000,1700675039000,1.49258,1.49258,1.49221,1.4923,365160000,8
1700675040000,1700675519000,1.49226,1.49233,1.4919,1.49205,449670000,8
1700675520000,1700675999000,1.49201,1.49215,1.49118,1.49123,421160000,8
1700676000000,1700676479000,1.4912,1.49126,1.49089,1.49099,445500000,8
1700676480000,1700676959000,1.49099,1.49163,1.49086,1.49141,347000000,8
1700676960000,1700677439000,1.49139,1.49139,1.49086,1.49089,498790000,8
1700677440000,1700677919000,1.49089,1.49112,1.49069,1.4909,321130000,8
1700677920000,1700678399000,1.4909,1.49108,1.49065,1.49107,445670000,8
1700678400000,1700678879000,1.49107,1.4912,1.49082,1.49087,286860000,8
1700678880000,1700679359000,1.49084,1.49135,1.4908,1.49132,207190000,8
1700679360000,1700679839000,1.49135,1.49146,1.49118,1.49137,279960000,8
1700679840000,1700680319000,1.49138,1.49151,1.49117,1.49135,277520000,8
1700680320000,1700680799000,1.49137,1.49182,1.49135,1.49157,248600000,8
1700680800000,1700681279000,1.49157,1.49161,1.49103,1.49118,253350000,8
1700681280000,1700681759000,1.49118,1.4917,1.49111,1.49156,266200000,8
1700681760000,1700682239000,1.49154,1.49187,1.49133,1.49138,504290000,8
1700682240000,1700682719000,1.49137,1.49177,1.49135,1.49172,368280000,8
1700682720000,1700683199000,1.49171,1.49173,1.49113,1.4913,308530000,8
1700683200000,1700683679000,1.49128,1.4914,1.49094,1.49134,222200000,8
1700683680000,1700684159000,1.49137,1.49153,1.49109,1.49114,312960000,8
1700684160000,1700684639000,1.49113,1.49128,1.491,1.49107,218840000,8
1700684640000,1700685119000,1.49105,1.49109,1.49085,1.49099,176000000,8
1700685120000,1700685599000,1.49102,1.49112,1.49071,1.49071,151950000,8
1700685600000,1700686079000,1.49071,1.49083,1.49057,1.49082,272930000,8
1700686080000,1700686559000,1.49081,1.49129,1.49078,1.49114,217800000,8
1700686560000,1700687039000,1.49113,1.49113,1.49063,1.49063,218950000,8
1700687040000,1700687519000,1.49063,1.49076,1.49055,1.49055,142640000,8
1700687520000,1700687999000,1.49054,1.49061,1.49043,1.49056,97040000,8
1700688000000,1700688479000,1.49057,1.49066,1.49038,1.49052,115160000,8
1700688480000,1700688959000,1.49052,1.49054,1.49008,1.49017,142440000,8
1700688960000,1700689439000,1.49017,1.49038,1.4901,1.49021,119930000,8
1700689440000,1700689919000,1.49023,1.49037,1.49015,1.49025,147040000,8
1700689920000,1700690399000,1.49025,1.4903,1.49002,1.49002,338970000,8
1700690400000,1700690879000,1.48999,1.49001,1.48948,1.48998,41990000,8
1700690880000,1700691359000,1.48968,1.49,1.48968,1.48971,180290000,8
1700691360000,1700691839000,1.48987,1.4901,1.48968,1.48969,102510000,8
1700691840000,1700692319000,1.48971,1.48988,1.48944,1.48968,291460000,8
1700692320000,1700692799000,1.48968,1.48991,1.48954,1.48974,337560000,8
1700692800000,1700693279000,1.48975,1.48995,1.48944,1.48962,632500000,8
1700693280000,1700693759000,1.48962,1.48977,1.48954,1.48969,234640000,8
1700693760000,1700694239000,1.48966,1.49015,1.48944,1.49015,256300000,8
1700694240000,1700694719000,1.49012,1.49015,1.48985,1.48994,148550000,8
1700694720000,1700695199000,1.48995,1.49019,1.48995,1.49015,84700000,8
1700695200000,1700695679000,1.49017,1.49019,1.49008,1.49014,73700000,8
1700695680000,1700696159000,1.49015,1.49023,1.49006,1.49017,93840000,8
1700696160000,1700696639000,1.49018,1.4904,1.49017,1.49034,127600000,8
1700696640000,1700697119000,1.49033,1.49059,1.4903,1.49051,69780000,8
1700697120000,1700697599000,1.49052,1.49075,1.49051,1.49072,67100000,8
1700697600000,1700698079000,1.49074,1.4908,1.49062,1.49062,115500000,8
1700698080000,1700698559000,1.49063,1.49063,1.49052,1.49052,78500000,8
1700698560000,1700699039000,1.49052,1.49062,1.49048,1.49055,83840000,8
1700699040000,1700699519000,1.49056,1.49063,1.49048,1.49051,85420000,8
1700699520000,1700699999000,1.49049,1.49064,1.49043,1.49058,89250000,8
1700700000000,1700700479000,1.49056,1.49063,1.4905,1.4906,77560000,8
1700700480000,1700700959000,1.49057,1.49077,1.49051,1.49064,119430000,8
1700700960000,1700701439000,1.49066,1.49079,1.49048,1.49069,203460000,8
1700701440000,1700701919000,1.49073,1.49101,1.49056,1.49101,271260000,8
1700701920000,1700702399000,1.49103,1.49104,1.49081,1.49085,457440000,8
1700702400000,1700702879000,1.49087,1.49112,1.49086,1.49098,282220000,8
1700702880000,1700703359000,1.49098,1.49112,1.49083,1.49091,425820000,8
1700703360000,1700703839000,1.49093,1.49106,1.49089,1.491,301400000,8
1700703840000,1700704319000,1.491,1.49102,1.49083,1.49088,206800000,8
1700704320000,1700704799000,1.49087,1.49112,1.49086,1.49108,176140000,8
1700704800000,1700705279000,1.49107,1.49119,1.49101,1.49114,167140000,8
1700705280000,1700705759000,1.49114,1.49139,1.49107,1.49135,192500000,8
1700705760000,1700706239000,1.49135,1.49149,1.49118,1.49149,142340000,8
1700706240000,1700706719000,1.49149,1.49152,1.49113,1.49114,143570000,8
1700706720000,1700707199000,1.49114,1.49155,1.49106,1.4915,205420000,8
1700707200000,1700707679000,1.49148,1.49155,1.49135,1.4915,76000000,8
1700707680000,1700708159000,1.49151,1.49201,1.49142,1.49189,233780000,8
1700708160000,1700708639000,1.49192,1.49209,1.49171,1.49201,212600000,8
1700708640000,1700709119000,1.49199,1.49213,1.49194,1.49207,198090000,8
1700709120000,1700709599000,1.49208,1.49216,1.49193,1.49196,102660000,8
1700709600000,1700710079000,1.49197,1.492,1.49184,1.49191,89220000,8
1700710080000,1700710559000,1.49191,1.49203,1.49187,1.492,93660000,8
1700710560000,1700711039000,1.49203,1.49213,1.49196,1.4921,74740000,8
1700711040000,1700711519000,1.4921,1.49218,1.49197,1.49204,143830000,8
1700711520000,1700711999000,1.49204,1.49205,1.49186,1.49186,112980000,8
1700712000000,1700712479000,1.49184,1.492,1.49175,1.49196,99100000,8
1700712480000,1700712959000,1.49196,1.49198,1.49187,1.49187,65020000,8
1700712960000,1700713439000,1.49189,1.49199,1.49187,1.49192,73520000,8
1700713440000,1700713919000,1.49195,1.49198,1.49177,1.49177,128780000,8
1700713920000,1700714399000,1.49178,1.49179,1.49162,1.49175,75300000,8
1700714400000,1700714879000,1.49174,1.49178,1.4916,1.49166,76680000,8
1700714880000,1700715359000,1.49163,1.49167,1.49151,1.49156,85120000,8
1700715360000,1700715839000,1.49155,1.49157,1.49139,1.49144,89380000,8
1700715840000,1700716319000,1.49146,1.49156,1.49139,1.49146,85250000,8
1700716320000,1700716799000,1.49147,1.49148,1.49136,1.49142,70350000,8
1700716800000,1700717279000,1.49142,1.49144,1.49121,1.4914,135430000,8
1700717280000,1700717759000,1.49139,1.49144,1.4913,1.49136,92020000,8
1700717760000,1700718239000,1.49136,1.49149,1.49131,1.49145,116280000,8
1700718240000,1700718719000,1.49146,1.49155,1.49121,1.49123,260630000,8
1700718720000,1700719199000,1.49121,1.49142,1.4907,1.49089,403320000,8
1700719200000,1700719679000,1.49089,1.49103,1.49064,1.49088,423860000,8
1700719680000,1700720159000,1.49084,1.49113,1.4907,1.49092,337540000,8
1700720160000,1700720639000,1.49094,1.49115,1.49084,1.49102,383370000,8
1700720640000,1700721119000,1.49105,1.49106,1.49074,1.49084,433100000,8
1700721120000,1700721599000,1.49089,1.49089,1.4902,1.49037,245790000,8
1700721600000,1700722079000,1.4904,1.49082,1.49019,1.49028,246400000,8
1700722080000,1700722559000,1.4903,1.4903,1.49004,1.49023,225550000,8
1700722560000,1700723039000,1.49019,1.49037,1.49007,1.49031,363550000,8
1700723040000,1700723519000,1.49029,1.49055,1.49025,1.49034,358510000,8
1700723520000,1700723999000,1.49032,1.49037,1.48992,1.49031,300560000,8
1700724000000,1700724479000,1.49029,1.49067,1.4899,1.4899,551900000,8
1700724480000,1700724959000,1.48992,1.49013,1.4895,1.4896,478060000,8
1700724960000,1700725439000,1.4896,1.49005,1.48948,1.48985,570050000,8
1700725440000,1700725919000,1.48987,1.49045,1.48984,1.49025,385380000,8
1700725920000,1700726399000,1.49024,1.49073,1.4901,1.49056,385910000,8
1700726400000,1700726879000,1.49056,1.49139,1.49054,1.49082,609100000,8
1700726880000,1700727359000,1.49082,1.49137,1.48958,1.48998,1124670000,8
1700727360000,1700727839000,1.48997,1.49086,1.48979,1.49061,1003470000,8
1700727840000,1700728319000,1.49061,1.49293,1.49017,1.49238,1189520000,8
1700728320000,1700728799000,1.49237,1.49241,1.49129,1.49169,1003760000,8
1700728800000,1700729279000,1.49174,1.49179,1.49112,1.4913,684030000,8
1700729280000,1700729759000,1.49129,1.49142,1.49096,1.49115,561180000,8
1700729760000,1700730239000,1.49115,1.49235,1.49092,1.49171,978050000,8
1700730240000,1700730719000,1.49171,1.49193,1.49112,1.49182,695310000,8
1700730720000,1700731199000,1.49183,1.4925,1.49174,1.49222,904400000,8
1700731200000,1700731679000,1.49222,1.49241,1.49191,1.49221,835540000,8
1700731680000,1700732159000,1.49222,1.49296,1.4919,1.49277,1305360000,8
1700732160000,1700732639000,1.49277,1.49355,1.49261,1.49299,827260000,8
1700732640000,1700733119000,1.49299,1.49352,1.49281,1.49347,702830000,8
1700733120000,1700733599000,1.49347,1.49484,1.49346,1.49463,501500000,8
1700733600000,1700734079000,1.49464,1.49479,1.49386,1.49414,458920000,8
1700734080000,1700734559000,1.49416,1.49426,1.49377,1.49413,388740000,8
1700734560000,1700735039000,1.49416,1.49451,1.49397,1.49403,395130000,8
1700735040000,1700735519000,1.49402,1.49435,1.4939,1.49421,416190000,8
1700735520000,1700735999000,1.49416,1.4944,1.494,1.49419,335020000,8
1700736000000,1700736479000,1.49421,1.49451,1.49411,1.49433,529460000,8
1700736480000,1700736959000,1.49433,1.49445,1.49394,1.49421,449110000,8
1700736960000,1700737439000,1.49421,1.49423,1.49363,1.49366,468600000,8
1700737440000,1700737919000,1.49366,1.49396,1.49352,1.49369,314740000,8
1700737920000,1700738399000,1.49367,1.49371,1.49327,1.49327,490240000,8
1700738400000,1700738879000,1.49327,1.49353,1.49279,1.49351,624780000,8
1700738880000,1700739359000,1.49351,1.49362,1.49293,1.49295,371520000,8
1700739360000,1700739839000,1.49298,1.49317,1.49262,1.49276,272180000,8
1700739840000,1700740319000,1.49278,1.49325,1.49258,1.49318,280020000,8
1700740320000,1700740799000,1.49318,1.49346,1.4931,1.4934,509240000,8
1700740800000,1700741279000,1.49338,1.4938,1.49318,1.4938,457680000,8
1700741280000,1700741759000,1.49381,1.49403,1.49342,1.4938,433600000,8
1700741760000,1700742239000,1.4938,1.49413,1.49369,1.49404,248360000,8
1700742240000,1700742719000,1.49404,1.49406,1.49326,1.49336,437610000,8
1700742720000,1700743199000,1.49338,1.4935,1.4929,1.49293,303170000,8
1700743200000,1700743679000,1.49298,1.49354,1.4928,1.49302,405870000,8
1700743680000,1700744159000,1.49304,1.49375,1.49288,1.49372,308440000,8
1700744160000,1700744639000,1.4937,1.49394,1.49361,1.49363,396400000,8
1700744640000,1700745119000,1.49361,1.4939,1.49323,1.49347,636160000,8
1700745120000,1700745599000,1.49347,1.49453,1.49347,1.49446,360180000,8
1700745600000,1700746079000,1.49444,1.49453,1.49386,1.49403,400420000,8
1700746080000,1700746559000,1.49401,1.49469,1.49396,1.49439,383100000,8
1700746560000,1700747039000,1.4944,1.49491,1.49428,1.49472,319820000,8
1700747040000,1700747519000,1.49474,1.49494,1.49458,1.49465,314760000,8
1700747520000,1700747999000,1.49468,1.49473,1.49378,1.49389,476250000,8
1700748000000,1700748479000,1.49387,1.49404,1.4932,1.49355,556720000,8
1700748480000,1700748959000,1.49355,1.49363,1.49291,1.49291,528040000,8
1700748960000,1700749439000,1.49294,1.49311,1.4925,1.49254,442110000,8
1700749440000,1700749919000,1.49253,1.49305,1.49231,1.49304,431120000,8
1700749920000,1700750399000,1.49302,1.49324,1.4928,1.4931,355670000,8
1700750400000,1700750879000,1.4931,1.49333,1.49288,1.4931,318940000,8
1700750880000,1700751359000,1.49307,1.49329,1.49263,1.49277,438330000,8
1700751360000,1700751839000,1.49275,1.49349,1.49273,1.49335,336650000,8
1700751840000,1700752319000,1.49336,1.49403,1.49336,1.49368,402600000,8
1700752320000,1700752799000,1.49371,1.49408,1.49352,1.49405,278920000,8
1700752800000,1700753279000,1.49401,1.49436,1.49387,1.49387,349650000,8
1700753280000,1700753759000,1.49389,1.49416,1.49369,1.49369,309910000,8
1700753760000,1700754239000,1.49367,1.49376,1.49306,1.49352,336200000,8
1700754240000,1700754719000,1.49355,1.49373,1.49318,1.4932,335170000,8
1700754720000,1700755199000,1.49323,1.49454,1.49323,1.49442,350820000,8
1700755200000,1700755679000,1.4944,1.49446,1.49375,1.49395,391870000,8
1700755680000,1700756159000,1.49395,1.49418,1.49383,1.49391,258060000,8
1700756160000,1700756639000,1.49394,1.49421,1.49375,1.49375,189300000,8
1700756640000,1700757119000,1.49376,1.49387,1.4935,1.49361,260730000,8
1700757120000,1700757599000,1.49361,1.49376,1.49356,1.49361,334260000,8
1700757600000,1700758079000,1.49363,1.49367,1.49353,1.49353,134780000,8
1700758080000,1700758559000,1.49352,1.49415,1.49341,1.49346,333590000,8
1700758560000,1700759039000,1.49348,1.49353,1.49305,1.49329,193240000,8
1700759040000,1700759519000,1.49327,1.49355,1.4932,1.49346,176920000,8
1700759520000,1700759999000,1.49346,1.49351,1.49278,1.4932,154960000,8
1700760000000,1700760479000,1.49321,1.49352,1.49317,1.4933,89140000,8
1700760480000,1700760959000,1.49332,1.49364,1.49332,1.4935,137110000,8
1700760960000,1700761439000,1.49354,1.49374,1.49353,1.49362,49500000,8
1700761440000,1700761919000,1.49364,1.49377,1.49357,1.49376,60500000,8
1700761920000,1700762399000,1.49373,1.49382,1.49361,1.49371,108900000,8
1700762400000,1700762879000,1.49374,1.49374,1.49356,1.49362,61120000,8
1700762880000,1700763359000,1.49361,1.49403,1.49361,1.49379,63910000,8
1700763360000,1700763839000,1.49377,1.49389,1.49374,1.49389,40700000,8
1700763840000,1700764319000,1.49389,1.49392,1.49361,1.49375,51990000,8
1700764320000,1700764799000,1.49373,1.49385,1.49373,1.49385,22000000,8
1700764800000,1700765279000,1.49384,1.49387,1.49372,1.49374,27500000,8
1700765280000,1700765759000,1.49376,1.4938,1.49354,1.49354,33400000,8
1700765760000,1700766239000,1.49352,1.49352,1.49332,1.49345,67830000,8
1700766240000,1700766719000,1.49343,1.49348,1.49315,1.49321,71120000,8
1700766720000,1700767199000,1.49322,1.49335,1.4932,1.49333,52800000,8
1700767200000,1700767679000,1.49331,1.49331,1.49299,1.49299,54000000,8
1700767680000,1700768159000,1.49298,1.49326,1.49293,1.49294,67840000,8
1700768160000,1700768639000,1.49299,1.49326,1.49285,1.49325,59400000,8
1700768640000,1700769119000,1.49321,1.49336,1.4932,1.49326,45100000,8
1700769120000,1700769599000,1.49332,1.49333,1.49316,1.49322,68200000,8
1700769600000,1700770079000,1.49319,1.49329,1.49316,1.49324,42900000,8
1700770080000,1700770559000,1.49325,1.49326,1.4931,1.49313,46900000,8
1700770560000,1700771039000,1.49313,1.49326,1.49311,1.49326,38500000,8
1700771040000,1700771519000,1.49323,1.4933,1.49318,1.49328,47300000,8
1700771520000,1700771999000,1.4933,1.49343,1.49328,1.49341,35200000,8
1700772000000,1700772479000,1.49342,1.49354,1.49341,1.49347,40700000,8
1700772480000,1700772959000,1.49348,1.49355,1.49344,1.49344,37400000,8
1700772960000,1700773439000,1.49346,1.4935,1.49339,1.49345,51260000,8
1700773440000,1700773919000,1.49344,1.4935,1.49339,1.49348,26400000,8
1700773920000,1700774399000,1.49348,1.49372,1.49342,1.49363,52800000,8
1700774400000,1700774879000,1.49366,1.49379,1.49366,1.49378,34100000,8
1700774880000,1700775359000,1.49378,1.49391,1.49354,1.49355,87000000,8
1700775360000,1700775839000,1.49355,1.4936,1.49347,1.49359,38500000,8
1700775840000,1700776319000,1.49359,1.49386,1.49358,1.49373,77200000,8
1700776320000,1700776799000,1.49376,1.49376,1.49275,1.49275,104630000,8
1700776800000,1700777279000,1.49275,1.49295,1.49231,1.49278,69300000,8
1700777280000,1700777759000,1.49248,1.49322,1.49248,1.49322,56250000,8
1700777760000,1700778239000,1.4931,1.49333,1.49292,1.49333,35400000,8
1700778240000,1700778719000,1.49333,1.49333,1.49294,1.49333,74190000,8
1700778720000,1700779199000,1.49319,1.49333,1.49316,1.49333,96600000,8
1700779200000,1700779679000,1.49332,1.49333,1.49322,1.49333,171600000,8
1700779680000,1700780159000,1.49329,1.49336,1.49307,1.49336,276150000,8
1700780160000,1700780639000,1.49336,1.49375,1.49274,1.49359,260990000,8
1700780640000,1700781119000,1.49355,1.49363,1.49342,1.49346,118020000,8
1700781120000,1700781599000,1.49344,1.49357,1.49337,1.49347,69920000,8
1700781600000,1700782079000,1.49347,1.49361,1.49337,1.49337,77000000,8
1700782080000,1700782559000,1.49339,1.4935,1.49337,1.49341,95700000,8
1700782560000,1700783039000,1.49342,1.49358,1.49336,1.49356,78720000,8
1700783040000,1700783519000,1.49356,1.49359,1.49348,1.49355,91300000,8
1700783520000,1700783999000,1.49353,1.49356,1.49329,1.49332,62940000,8
1700784000000,1700784479000,1.49339,1.4935,1.49329,1.49329,104470000,8
1700784480000,1700784959000,1.49325,1.49352,1.49316,1.4935,130690000,8
1700784960000,1700785439000,1.49349,1.49358,1.49322,1.49324,124360000,8
1700785440000,1700785919000,1.49327,1.49353,1.49324,1.49346,82440000,8
1700785920000,1700786399000,1.49348,1.49348,1.49324,1.49325,104570000,8
1700786400000,1700786879000,1.49325,1.4936,1.49325,1.49354,118420000,8
1700786880000,1700787359000,1.49358,1.49388,1.49344,1.49371,177420000,8
1700787360000,1700787839000,1.49369,1.49369,1.49338,1.49351,149200000,8
1700787840000,1700788319000,1.49356,1.49385,1.49354,1.49384,164040000,8
1700788320000,1700788799000,1.49382,1.49386,1.49348,1.49354,261480000,8
1700788800000,1700789279000,1.49356,1.49367,1.49342,1.49342,274200000,8
1700789280000,1700789759000,1.49341,1.49364,1.49336,1.49349,206380000,8
1700789760000,1700790239000,1.49351,1.49356,1.49336,1.49343,237510000,8
1700790240000,1700790719000,1.49343,1.49347,1.4933,1.49341,168040000,8
1700790720000,1700791199000,1.49343,1.49345,1.49303,1.49312,178840000,8
1700791200000,1700791679000,1.49311,1.49358,1.49305,1.49339,345660000,8
1700791680000,1700792159000,1.49339,1.49347,1.49325,1.49335,259140000,8
1700792160000,1700792639000,1.49337,1.49356,1.49321,1.49354,168300000,8
1700792640000,1700793119000,1.4935,1.4935,1.49324,1.49334,326850000,8
1700793120000,1700793599000,1.49331,1.49345,1.49325,1.49325,211670000,8
1700793600000,1700794079000,1.49325,1.4936,1.49325,1.49348,145580000,8
1700794080000,1700794559000,1.49351,1.49353,1.49332,1.49338,124960000,8
1700794560000,1700795039000,1.4934,1.49364,1.49329,1.49364,102760000,8
1700795040000,1700795519000,1.49365,1.49384,1.49362,1.49382,137190000,8
1700795520000,1700795999000,1.49385,1.49391,1.49368,1.49377,80420000,8
1700796000000,1700796479000,1.49375,1.49388,1.49367,1.49375,110200000,8
1700796480000,1700796959000,1.49377,1.49385,1.49362,1.49381,88000000,8
1700796960000,1700797439000,1.49382,1.49387,1.49379,1.49387,73700000,8
1700797440000,1700797919000,1.49386,1.49391,1.49372,1.49377,87980000,8
1700797920000,1700798399000,1.49377,1.49396,1.49373,1.49373,72060000,8
1700798400000,1700798879000,1.49375,1.49377,1.49365,1.49371,125680000,8
1700798880000,1700799359000,1.49373,1.4938,1.49362,1.49375,66000000,8
1700799360000,1700799839000,1.49376,1.49382,1.49374,1.49378,52800000,8
1700799840000,1700800319000,1.49378,1.49379,1.49366,1.49373,76020000,8
1700800320000,1700800799000,1.49372,1.49404,1.49372,1.49392,86900000,8
1700800800000,1700801279000,1.49391,1.49398,1.49366,1.49373,120210000,8
1700801280000,1700801759000,1.49373,1.4939,1.49371,1.49382,99440000,8
1700801760000,1700802239000,1.49383,1.49413,1.49381,1.49412,255300000,8
1700802240000,1700802719000,1.49412,1.49429,1.49404,1.4941,339380000,8
1700802720000,1700803199000,1.49408,1.49419,1.49404,1.49409,100480000,8
1700803200000,1700803679000,1.49411,1.49427,1.49403,1.49411,130980000,8
1700803680000,1700804159000,1.49413,1.49413,1.49385,1.49396,173240000,8
1700804160000,1700804639000,1.49398,1.49417,1.49393,1.4941,135300000,8
1700804640000,1700805119000,1.49408,1.4942,1.49408,1.49412,133960000,8
1700805120000,1700805599000,1.49412,1.49454,1.49412,1.49452,221400000,8
1700805600000,1700806079000,1.49453,1.49457,1.49433,1.49449,215560000,8
1700806080000,1700806559000,1.4945,1.49451,1.49432,1.49443,183340000,8
1700806560000,1700807039000,1.49444,1.49458,1.49442,1.49452,123200000,8
1700807040000,1700807519000,1.49452,1.49461,1.49439,1.49447,138120000,8
1700807520000,1700807999000,1.49449,1.49449,1.49406,1.49438,131520000,8
1700808000000,1700808479000,1.49438,1.49439,1.49383,1.49387,173900000,8
1700808480000,1700808959000,1.49392,1.49418,1.49387,1.49415,119110000,8
1700808960000,1700809439000,1.49418,1.49439,1.4941,1.49427,332330000,8
1700809440000,1700809919000,1.49429,1.49437,1.49417,1.49424,270310000,8
1700809920000,1700810399000,1.49426,1.49438,1.49402,1.49432,311230000,8
1700810400000,1700810879000,1.49431,1.49452,1.49421,1.49446,189650000,8
1700810880000,1700811359000,1.49447,1.49483,1.49436,1.49473,254320000,8
1700811360000,1700811839000,1.49472,1.49472,1.49426,1.49439,302000000,8
1700811840000,1700812319000,1.49435,1.49435,1.49388,1.49395,260080000,8
1700812320000,1700812799000,1.49396,1.49401,1.49359,1.49374,279290000,8
1700812800000,1700813279000,1.49375,1.49405,1.49355,1.4938,565100000,8
1700813280000,1700813759000,1.49382,1.49397,1.49339,1.49389,450900000,8
1700813760000,1700814239000,1.49389,1.49413,1.49371,1.49371,590090000,8
1700814240000,1700814719000,1.49374,1.494,1.49341,1.49342,601500000,8
1700814720000,1700815199000,1.49344,1.49377,1.49333,1.49377,383660000,8
1700815200000,1700815679000,1.49378,1.4944,1.49361,1.49439,373990000,8
1700815680000,1700816159000,1.49439,1.4946,1.49415,1.49426,411120000,8
1700816160000,1700816639000,1.49425,1.49442,1.49347,1.49371,537160000,8
1700816640000,1700817119000,1.49371,1.49418,1.49347,1.49347,472080000,8
1700817120000,1700817599000,1.49348,1.494,1.49346,1.49368,509890000,8
1700817600000,1700818079000,1.49366,1.4937,1.49278,1.49302,478620000,8
1700818080000,1700818559000,1.49304,1.49319,1.49277,1.49299,442160000,8
1700818560000,1700819039000,1.49299,1.49312,1.49267,1.49279,295550000,8
1700819040000,1700819519000,1.49277,1.49312,1.49262,1.49307,276590000,8
1700819520000,1700819999000,1.49311,1.49311,1.49254,1.49281,368310000,8
1700820000000,1700820479000,1.49281,1.49299,1.49272,1.49285,316330000,8
1700820480000,1700820959000,1.49288,1.49316,1.49286,1.49288,282110000,8
1700820960000,1700821439000,1.4929,1.49331,1.49284,1.49299,311560000,8
1700821440000,1700821919000,1.49299,1.49333,1.49299,1.49311,219960000,8
1700821920000,1700822399000,1.49311,1.49323,1.49295,1.49306,235990000,8
1700822400000,1700822879000,1.49306,1.49328,1.49284,1.49288,253850000,8
1700822880000,1700823359000,1.49289,1.49332,1.49288,1.49303,316020000,8
1700823360000,1700823839000,1.49301,1.49334,1.49291,1.49321,282130000,8
1700823840000,1700824319000,1.49318,1.49343,1.49307,1.49342,264570000,8
1700824320000,1700824799000,1.49343,1.49414,1.49333,1.49409,363990000,8
1700824800000,1700825279000,1.49408,1.49428,1.49373,1.49376,296840000,8
1700825280000,1700825759000,1.49375,1.4939,1.49336,1.4934,253650000,8
1700825760000,1700826239000,1.4934,1.49358,1.49335,1.49352,236420000,8
1700826240000,1700826719000,1.49353,1.49376,1.49336,1.49354,262520000,8
1700826720000,1700827199000,1.49355,1.49356,1.49314,1.49344,248560000,8
1700827200000,1700827679000,1.49343,1.49359,1.49317,1.49357,340440000,8
1700827680000,1700828159000,1.49353,1.49411,1.49332,1.49401,267170000,8
1700828160000,1700828639000,1.49399,1.4944,1.49384,1.4944,412280000,8
1700828640000,1700829119000,1.49438,1.49473,1.49425,1.49429,325500000,8
1700829120000,1700829599000,1.49428,1.49431,1.49384,1.49406,314440000,8
1700829600000,1700830079000,1.49406,1.49416,1.4933,1.49344,384650000,8
1700830080000,1700830559000,1.49343,1.49353,1.49298,1.49353,363430000,8
1700830560000,1700831039000,1.49351,1.49351,1.493,1.49341,374510000,8
1700831040000,1700831519000,1.49339,1.49367,1.49323,1.49339,342740000,8
1700831520000,1700831999000,1.49342,1.49366,1.49323,1.49356,496240000,8
1700832000000,1700832479000,1.49354,1.49361,1.49269,1.49269,647560000,8
1700832480000,1700832959000,1.49272,1.49278,1.49101,1.49137,1018690000,8
1700832960000,1700833439000,1.49132,1.49144,1.49059,1.49096,783240000,8
1700833440000,1700833919000,1.49099,1.49161,1.49082,1.49157,554030000,8
1700833920000,1700834399000,1.49158,1.49181,1.4912,1.49178,601640000,8
1700834400000,1700834879000,1.49178,1.49182,1.49074,1.49082,493590000,8
1700834880000,1700835359000,1.4908,1.49122,1.4906,1.4906,479690000,8
1700835360000,1700835839000,1.4906,1.49072,1.4891,1.4891,831160000,8
1700835840000,1700836319000,1.4891,1.48947,1.48879,1.48943,974130000,8
1700836320000,1700836799000,1.48943,1.48979,1.489,1.48952,1122950000,8
1700836800000,1700837279000,1.48952,1.48992,1.48813,1.48885,1536910000,8
1700837280000,1700837759000,1.48887,1.48899,1.48759,1.48837,1334210000,8
1700837760000,1700838239000,1.48838,1.48873,1.48786,1.48823,1415300000,8
1700838240000,1700838719000,1.4882,1.48843,1.4877,1.48826,1122260000,8
1700838720000,1700839199000,1.48826,1.48862,1.48778,1.48794,1091110000,8
1700839200000,1700839679000,1.48792,1.48821,1.48761,1.48809,930960000,8
1700839680000,1700840159000,1.48811,1.48903,1.48809,1.48844,782870000,8
1700840160000,1700840639000,1.48843,1.48849,1.48736,1.48752,667100000,8
1700840640000,1700841119000,1.48751,1.48818,1.48742,1.48744,903730000,8
1700841120000,1700841599000,1.48744,1.48788,1.48711,1.48788,876210000,8
1700841600000,1700842079000,1.48786,1.4882,1.48741,1.4875,749950000,8
1700842080000,1700842559000,1.48754,1.48781,1.48743,1.48759,427460000,8
1700842560000,1700843039000,1.48758,1.48817,1.48743,1.48802,576110000,8
1700843040000,1700843519000,1.48806,1.48815,1.48746,1.48746,397240000,8
1700843520000,1700843999000,1.48747,1.48759,1.48689,1.4869,576580000,8
1700844000000,1700844479000,1.4869,1.48767,1.48678,1.48744,475620000,8
1700844480000,1700844959000,1.48746,1.48797,1.48737,1.48797,335410000,8
1700844960000,1700845439000,1.48794,1.48832,1.48773,1.48824,368120000,8
1700845440000,1700845919000,1.48822,1.4884,1.48782,1.48791,376080000,8
1700845920000,1700846399000,1.48791,1.48828,1.4878,1.48828,307510000,8
1700846400000,1700846879000,1.48829,1.48886,1.48807,1.48849,274000000,8
1700846880000,1700847359000,1.48851,1.48863,1.4883,1.48837,304000000,8
1700847360000,1700847839000,1.4884,1.48887,1.4884,1.48858,223330000,8
1700847840000,1700848319000,1.48862,1.48877,1.48837,1.48863,271460000,8
1700848320000,1700848799000,1.48867,1.48938,1.48865,1.48887,212840000,8
1700848800000,1700849279000,1.48885,1.48923,1.48855,1.48915,260800000,8
1700849280000,1700849759000,1.48917,1.4899,1.48913,1.48972,176250000,8
1700849760000,1700850239000,1.48975,1.48976,1.48957,1.48972,143600000,8
1700850240000,1700850719000,1.48972,1.48997,1.48958,1.48994,301790000,8
1700850720000,1700851199000,1.48994,1.49019,1.48986,1.49019,310330000,8
1700851200000,1700851679000,1.49019,1.49065,1.49018,1.49055,251450000,8
1700851680000,1700852159000,1.49053,1.49307,1.49038,1.49063,404480000,8
1700852160000,1700852639000,1.49065,1.49096,1.49013,1.49057,780200000,8
1700852640000,1700853119000,1.49054,1.49074,1.48913,1.48979,2563890000,8
1700853120000,1700853599000,1.48979,1.49016,1.48957,1.49009,1061900000,8
1700853600000,1700854079000,1.49006,1.49046,1.4895,1.48975,2423660000,8
1700854080000,1700854559000,1.48977,1.49057,1.4896,1.49025,1722970000,8
1700854560000,1700855039000,1.49026,1.49109,1.49006,1.49101,503850000,8
1700855040000,1700855519000,1.49102,1.49108,1.49032,1.49094,261570000,8
1700855520000,1700855999000,1.49093,1.49125,1.49076,1.49102,226490000,8
1700856000000,1700856479000,1.49096,1.49131,1.49079,1.49131,421850000,8
1700856480000,1700856959000,1.49132,1.49169,1.49123,1.49132,282070000,8
1700856960000,1700857439000,1.49137,1.49148,1.49131,1.49134,167200000,8
1700857440000,1700857919000,1.49135,1.49187,1.4913,1.49182,337790000,8
1700857920000,1700858399000,1.49182,1.49182,1.4899,1.49133,1396930000,8
1700858400000,1700858879000,1.49133,1.49171,1.49032,1.49068,2381630000,8
1700858880000,1700859359000,1.49065,1.49149,1.49019,1.49094,864240000,8
1700859360000,1700859839000,1.49093,1.49224,1.49,1.49179,884700000,8
1700859840000,1700860319000,1.49179,1.49183,1.48987,1.49081,1545230000,8
1700860320000,1700860799000,1.49082,1.49194,1.49023,1.49144,618200000,8
1700860800000,1700861279000,1.49107,1.49217,1.49042,1.49088,902540000,8
1700861280000,1700861759000,1.49086,1.49176,1.48935,1.49035,924880000,8
1700861760000,1700862239000,1.49062,1.49107,1.49033,1.49043,373680000,8
1700862240000,1700862719000,1.49043,1.49135,1.49001,1.49001,195170000,8
1700862720000,1700863199000,1.49001,1.49027,1.48923,1.48927,62600000,8
1700863200000,1700863679000,1.48927,1.48927,1.48927,1.48927,0,8
1700863680000,1700864159000,1.48927,1.48927,1.48927,1.48927,0,8
1700864160000,1700864639000,1.48927,1.48927,1.48927,1.48927,0,8
1700864640000,1700865119000,1.48927,1.48927,1.48927,1.48927,0,8
1700865120000,1700865599000,1.48927,1.48927,1.48927,1.48927,0,8
1700865600000,1700866079000,1.48927,1.48927,1.48927,1.48927,0,8
1700866080000,1700866559000,1.48927,1.48927,1.48927,1.48927,0,8
1700866560000,1700867039000,1.48927,1.48927,1.48927,1.48927,0,8
1700867040000,1700867519000,1.48927,1.48927,1.48927,1.48927,0,8
1700867520000,1700867999000,1.48927,1.48927,1.48927,1.48927,0,8
1700868000000,1700868479000,1.48927,1.48927,1.48927,1.48927,0,8
1700868480000,1700868959000,1.48927,1.48927,1.48927,1.48927,0,8
1700868960000,1700869439000,1.48927,1.48927,1.48927,1.48927,0,8
1700869440000,1700869919000,1.48927,1.48927,1.48927,1.48927,0,8
1700869920000,1700870399000,1.48927,1.48927,1.48927,1.48927,0,8
1701036960000,1701037439000,1.49167,1.49182,1.4916,1.49182,62770000,8
1701037440000,1701037919000,1.49182,1.49202,1.49157,1.49158,282840000,8
1701037920000,1701038399000,1.49187,1.49189,1.49158,1.49186,204200000,8
1701038400000,1701038879000,1.49186,1.49246,1.49164,1.4924,211950000,8
1701038880000,1701039359000,1.49226,1.4924,1.49221,1.4924,63600000,8
1701039360000,1701039839000,1.49234,1.49247,1.49071,1.49104,495450000,8
1701039840000,1701040319000,1.491,1.49107,1.49062,1.49086,268610000,8
1701040320000,1701040799000,1.49086,1.4915,1.49086,1.49102,223300000,8
1701040800000,1701041279000,1.49103,1.49108,1.4909,1.49093,93500000,8
1701041280000,1701041759000,1.49092,1.49123,1.49083,1.49101,183940000,8
1701041760000,1701042239000,1.491,1.49106,1.49081,1.49094,140800000,8
1701042240000,1701042719000,1.49096,1.49111,1.49086,1.49098,121390000,8
1701042720000,1701043199000,1.49096,1.49117,1.49096,1.49111,90490000,8
1701043200000,1701043679000,1.49118,1.49129,1.49087,1.49107,222990000,8
1701043680000,1701044159000,1.49109,1.49116,1.49081,1.49101,197420000,8
1701044160000,1701044639000,1.49101,1.49101,1.49051,1.49062,230830000,8
1701044640000,1701045119000,1.49061,1.49072,1.49043,1.49071,190710000,8
1701045120000,1701045599000,1.49071,1.49075,1.49035,1.49047,191690000,8
1701045600000,1701046079000,1.49048,1.49057,1.49041,1.49048,114380000,8
1701046080000,1701046559000,1.49048,1.49057,1.49037,1.49038,196460000,8
1701046560000,1701047039000,1.49041,1.49068,1.4901,1.49037,283300000,8
1701047040000,1701047519000,1.49038,1.49094,1.49021,1.49089,359940000,8
1701047520000,1701047999000,1.49088,1.49091,1.49063,1.49074,382970000,8
1701048000000,1701048479000,1.49076,1.49093,1.49062,1.49089,313490000,8
1701048480000,1701048959000,1.49088,1.49156,1.49075,1.4913,580210000,8
1701048960000,1701049439000,1.4913,1.49165,1.49124,1.49159,287610000,8
1701049440000,1701049919000,1.49162,1.49189,1.49151,1.49186,373780000,8
1701049920000,1701050399000,1.49184,1.4922,1.49183,1.49205,340640000,8
1701050400000,1701050879000,1.49211,1.49267,1.49189,1.49257,269610000,8
1701050880000,1701051359000,1.49253,1.49294,1.49242,1.49294,396100000,8
1701051360000,1701051839000,1.49291,1.49318,1.49281,1.4931,287000000,8
1701051840000,1701052319000,1.4931,1.49332,1.49294,1.49325,200440000,8
1701052320000,1701052799000,1.49328,1.49331,1.49294,1.49324,209540000,8
1701052800000,1701053279000,1.49321,1.49349,1.49321,1.49324,166300000,8
1701053280000,1701053759000,1.49323,1.49339,1.49305,1.49338,264040000,8
1701053760000,1701054239000,1.49339,1.49354,1.49332,1.49343,210390000,8
1701054240000,1701054719000,1.49342,1.49356,1.49321,1.49353,213700000,8
1701054720000,1701055199000,1.49354,1.49377,1.49345,1.49371,157110000,8
1701055200000,1701055679000,1.49373,1.4942,1.49365,1.49406,197010000,8
1701055680000,1701056159000,1.49408,1.49433,1.49405,1.49424,339740000,8
1701056160000,1701056639000,1.49427,1.49457,1.49418,1.49439,224020000,8
1701056640000,1701057119000,1.49439,1.49456,1.49429,1.49442,205780000,8
1701057120000,1701057599000,1.49442,1.49458,1.49434,1.49452,260600000,8
1701057600000,1701058079000,1.49451,1.49471,1.49438,1.49446,192580000,8
1701058080000,1701058559000,1.49449,1.49472,1.49436,1.4947,194450000,8
1701058560000,1701059039000,1.49469,1.49491,1.49469,1.49484,146170000,8
1701059040000,1701059519000,1.49484,1.49503,1.49482,1.49482,110350000,8
1701059520000,1701059999000,1.4948,1.49501,1.49476,1.49496,122120000,8
1701060000000,1701060479000,1.49498,1.49517,1.49484,1.49491,164520000,8
1701060480000,1701060959000,1.49491,1.49497,1.49473,1.49477,173300000,8
1701060960000,1701061439000,1.49476,1.49481,1.49449,1.49456,205620000,8
1701061440000,1701061919000,1.49459,1.49462,1.49439,1.49455,171490000,8
1701061920000,1701062399000,1.49454,1.49461,1.4944,1.4944,162250000,8
1701062400000,1701062879000,1.49441,1.49466,1.49416,1.49433,187750000,8
1701062880000,1701063359000,1.49432,1.49443,1.49395,1.494,353820000,8
1701063360000,1701063839000,1.49401,1.49425,1.49396,1.49413,182570000,8
1701063840000,1701064319000,1.49413,1.49442,1.49412,1.49441,210940000,8
1701064320000,1701064799000,1.49441,1.49492,1.49431,1.49472,346850000,8
1701064800000,1701065279000,1.4947,1.495,1.49465,1.4949,193810000,8
1701065280000,1701065759000,1.49489,1.49505,1.49474,1.49488,263620000,8
1701065760000,1701066239000,1.49485,1.49487,1.49458,1.49458,239620000,8
1701066240000,1701066719000,1.49459,1.49467,1.49423,1.49426,248280000,8
1701066720000,1701067199000,1.49432,1.49433,1.49372,1.49387,296700000,8
1701067200000,1701067679000,1.49387,1.49417,1.49386,1.49395,169200000,8
1701067680000,1701068159000,1.49396,1.49406,1.49379,1.49393,138400000,8
1701068160000,1701068639000,1.49393,1.49423,1.4937,1.49412,724860000,8
1701068640000,1701069119000,1.49414,1.49448,1.49372,1.4939,906780000,8
1701069120000,1701069599000,1.49392,1.49402,1.49336,1.49347,451060000,8
1701069600000,1701070079000,1.49348,1.49353,1.49321,1.49333,386400000,8
1701070080000,1701070559000,1.49336,1.49357,1.49303,1.49313,535170000,8
1701070560000,1701071039000,1.49316,1.49332,1.49302,1.4931,304620000,8
1701071040000,1701071519000,1.4931,1.49339,1.49295,1.49295,371180000,8
1701071520000,1701071999000,1.49295,1.49298,1.49219,1.49245,467140000,8
1701072000000,1701072479000,1.49241,1.49248,1.49183,1.49184,481240000,8
1701072480000,1701072959000,1.49187,1.49212,1.49133,1.49149,725270000,8
1701072960000,1701073439000,1.49149,1.49183,1.49131,1.49177,431990000,8
1701073440000,1701073919000,1.49178,1.49268,1.49178,1.49249,443650000,8
1701073920000,1701074399000,1.49252,1.49274,1.49235,1.49239,395590000,8
1701074400000,1701074879000,1.49239,1.49272,1.49214,1.49245,622960000,8
1701074880000,1701075359000,1.49246,1.49313,1.49235,1.49283,490140000,8
1701075360000,1701075839000,1.49284,1.49309,1.49236,1.49272,519730000,8
1701075840000,1701076319000,1.49275,1.49332,1.4926,1.4932,518810000,8
1701076320000,1701076799000,1.49316,1.49379,1.49312,1.49364,550910000,8
1701076800000,1701077279000,1.49368,1.49386,1.49332,1.49376,411810000,8
1701077280000,1701077759000,1.49377,1.49387,1.4931,1.49344,381990000,8
1701077760000,1701078239000,1.49341,1.49435,1.49323,1.49426,390140000,8
1701078240000,1701078719000,1.49429,1.49448,1.49389,1.49443,424000000,8
1701078720000,1701079199000,1.49445,1.4945,1.49389,1.4945,463710000,8
1701079200000,1701079679000,1.49448,1.49557,1.49448,1.49526,481710000,8
1701079680000,1701080159000,1.49528,1.49537,1.49462,1.49491,445320000,8
1701080160000,1701080639000,1.4949,1.49503,1.49428,1.49461,500420000,8
1701080640000,1701081119000,1.49458,1.49515,1.49448,1.49507,441780000,8
1701081120000,1701081599000,1.49508,1.49528,1.49463,1.49466,300520000,8
1701081600000,1701082079000,1.49468,1.49499,1.49447,1.49457,558060000,8
1701082080000,1701082559000,1.49461,1.49486,1.494,1.49401,491040000,8
1701082560000,1701083039000,1.49401,1.49428,1.49373,1.49377,520880000,8
1701083040000,1701083519000,1.49378,1.49438,1.49368,1.49417,525210000,8
1701083520000,1701083999000,1.49417,1.49421,1.49364,1.49371,341460000,8
1701084000000,1701084479000,1.49373,1.49391,1.4934,1.49381,428920000,8
1701084480000,1701084959000,1.49382,1.49392,1.49319,1.49319,429390000,8
1701084960000,1701085439000,1.49316,1.49319,1.49271,1.49281,285120000,8
1701085440000,1701085919000,1.49281,1.49299,1.49257,1.49295,356560000,8
1701085920000,1701086399000,1.49295,1.49324,1.49293,1.49304,323740000,8
1701086400000,1701086879000,1.49306,1.49314,1.49236,1.49256,449550000,8
1701086880000,1701087359000,1.49258,1.49275,1.49228,1.49253,301350000,8
1701087360000,1701087839000,1.49255,1.49278,1.49194,1.49267,449810000,8
1701087840000,1701088319000,1.49268,1.493,1.49255,1.49266,530650000,8
1701088320000,1701088799000,1.49261,1.49309,1.49212,1.49296,530090000,8
1701088800000,1701089279000,1.49293,1.49361,1.49279,1.49318,459150000,8
1701089280000,1701089759000,1.49318,1.49351,1.49282,1.49298,571290000,8
1701089760000,1701090239000,1.493,1.49305,1.49205,1.49236,869730000,8
1701090240000,1701090719000,1.49237,1.49277,1.4921,1.49243,1263880000,8
1701090720000,1701091199000,1.49243,1.49267,1.49216,1.4924,928450000,8
1701091200000,1701091679000,1.49237,1.49344,1.492,1.49317,978050000,8
1701091680000,1701092159000,1.49318,1.49351,1.4923,1.49246,937000000,8
1701092160000,1701092639000,1.49248,1.49327,1.49236,1.49255,1176960000,8
1701092640000,1701093119000,1.49255,1.49269,1.4921,1.49262,878600000,8
1701093120000,1701093599000,1.49267,1.49355,1.49266,1.49292,1058840000,8
1701093600000,1701094079000,1.49291,1.49291,1.49161,1.49236,1140370000,8
1701094080000,1701094559000,1.49237,1.49252,1.49091,1.49093,852820000,8
1701094560000,1701095039000,1.49095,1.49146,1.49082,1.49103,1074090000,8
1701095040000,1701095519000,1.49104,1.49197,1.49072,1.49196,921610000,8
1701095520000,1701095999000,1.49193,1.49219,1.49058,1.49099,1298770000,8
1701096000000,1701096479000,1.49101,1.49191,1.49091,1.49102,997530000,8
1701096480000,1701096959000,1.491,1.49155,1.49089,1.49119,1021020000,8
1701096960000,1701097439000,1.49121,1.49187,1.49086,1.49146,1518600000,8
1701097440000,1701097919000,1.49145,1.49221,1.49121,1.49159,1921730000,8
1701097920000,1701098399000,1.49158,1.49217,1.49123,1.49128,1385660000,8
1701098400000,1701098879000,1.49129,1.49222,1.4912,1.49218,1236020000,8
1701098880000,1701099359000,1.49214,1.49226,1.4914,1.49175,916200000,8
1701099360000,1701099839000,1.49174,1.49213,1.49135,1.49197,1311830000,8
1701099840000,1701100319000,1.49198,1.49219,1.49068,1.49083,1364250000,8
1701100320000,1701100799000,1.49079,1.49121,1.49032,1.49077,1203540000,8
1701100800000,1701101279000,1.49078,1.49113,1.49062,1.49105,1131510000,8
1701101280000,1701101759000,1.49105,1.49171,1.49104,1.49135,800620000,8
1701101760000,1701102239000,1.49135,1.49154,1.49053,1.49056,685300000,8
1701102240000,1701102719000,1.49054,1.49054,1.4898,1.49018,534260000,8
1701102720000,1701103199000,1.49019,1.49072,1.49,1.49055,1071410000,8
1701103200000,1701103679000,1.49055,1.49113,1.49049,1.49113,788420000,8
1701103680000,1701104159000,1.49113,1.49136,1.49058,1.49128,667920000,8
1701104160000,1701104639000,1.49128,1.49146,1.49096,1.49127,751210000,8
1701104640000,1701105119000,1.4913,1.49156,1.49106,1.49153,462050000,8
1701105120000,1701105599000,1.49153,1.49158,1.49104,1.49104,429940000,8
1701105600000,1701106079000,1.49104,1.49131,1.49089,1.49124,372650000,8
1701106080000,1701106559000,1.49122,1.49147,1.49093,1.49142,292560000,8
1701106560000,1701107039000,1.49144,1.49175,1.49134,1.49145,276950000,8
1701107040000,1701107519000,1.49141,1.49166,1.49117,1.49157,297600000,8
1701107520000,1701107999000,1.49155,1.4917,1.49136,1.49146,379050000,8
1701108000000,1701108479000,1.49148,1.49229,1.49141,1.4921,573350000,8
1701108480000,1701108959000,1.49208,1.4921,1.49142,1.49152,422630000,8
1701108960000,1701109439000,1.49153,1.4917,1.49111,1.49125,368150000,8
1701109440000,1701109919000,1.49125,1.49151,1.49121,1.49129,273680000,8
1701109920000,1701110399000,1.49129,1.49133,1.49099,1.491,254020000,8
1701110400000,1701110879000,1.49102,1.49136,1.49091,1.49128,239250000,8
1701110880000,1701111359000,1.49129,1.49129,1.49065,1.4909,236010000,8
1701111360000,1701111839000,1.49087,1.49135,1.49082,1.49121,283500000,8
1701111840000,1701112319000,1.4912,1.4915,1.49115,1.49146,183080000,8
1701112320000,1701112799000,1.49151,1.49167,1.49127,1.49142,455410000,8
1701112800000,1701113279000,1.49145,1.49158,1.49117,1.49142,274150000,8
1701113280000,1701113759000,1.49139,1.49165,1.49126,1.49129,143660000,8
1701113760000,1701114239000,1.49131,1.4924,1.49131,1.49228,315520000,8
1701114240000,1701114719000,1.4923,1.49252,1.49226,1.49245,261920000,8
1701114720000,1701115199000,1.49245,1.49267,1.49223,1.49251,423840000,8
1701115200000,1701115679000,1.49249,1.49251,1.49191,1.49204,439420000,8
1701115680000,1701116159000,1.49202,1.49238,1.49201,1.49233,350080000,8
1701116160000,1701116639000,1.49234,1.49237,1.49205,1.49222,252090000,8
1701116640000,1701117119000,1.49217,1.49244,1.49213,1.49224,231350000,8
1701117120000,1701117599000,1.49224,1.49231,1.49209,1.49226,211770000,8
1701117600000,1701118079000,1.49228,1.49229,1.49195,1.49198,308210000,8
1701118080000,1701118559000,1.49197,1.49224,1.49188,1.49203,177390000,8
1701118560000,1701119039000,1.49201,1.4921,1.49134,1.49137,291580000,8
1701119040000,1701119519000,1.49137,1.49163,1.49137,1.49163,93320000,8
1701119520000,1701119999000,1.49161,1.49166,1.4914,1.4915,133240000,8
1701120000000,1701120479000,1.49153,1.49153,1.49124,1.49138,45140000,8
1701120480000,1701120959000,1.49138,1.49138,1.49099,1.49125,227330000,8
1701120960000,1701121439000,1.49124,1.49142,1.49115,1.4913,136500000,8
1701121440000,1701121919000,1.49131,1.49148,1.49127,1.49146,110000000,8
1701121920000,1701122399000,1.49145,1.4915,1.49112,1.49112,383700000,8
1701122400000,1701122879000,1.49113,1.49167,1.49096,1.49159,18060000,8
1701122880000,1701123359000,1.49159,1.49161,1.49156,1.49157,34050000,8
1701123360000,1701123839000,1.49157,1.4916,1.49085,1.49091,285130000,8
1701123840000,1701124319000,1.49091,1.49159,1.49091,1.49093,614560000,8
1701124320000,1701124799000,1.49093,1.49141,1.49081,1.49081,564490000,8
1701124800000,1701125279000,1.49081,1.49167,1.4908,1.49149,410590000,8
1701125280000,1701125759000,1.49152,1.49156,1.49119,1.49138,244670000,8
1701125760000,1701126239000,1.49137,1.49147,1.49104,1.49143,250080000,8
1701126240000,1701126719000,1.49143,1.49156,1.49143,1.4915,46700000,8
1701126720000,1701127199000,1.49155,1.49171,1.49155,1.49161,45240000,8
1701127200000,1701127679000,1.49161,1.49161,1.4913,1.49134,112120000,8
1701127680000,1701128159000,1.49135,1.49155,1.49114,1.49116,127140000,8
1701128160000,1701128639000,1.49114,1.49136,1.49109,1.49129,67100000,8
1701128640000,1701129119000,1.49128,1.49139,1.49115,1.49128,83420000,8
1701129120000,1701129599000,1.49127,1.49133,1.49084,1.49101,101250000,8
1701129600000,1701130079000,1.49096,1.49113,1.4907,1.49075,201680000,8
1701130080000,1701130559000,1.49073,1.49095,1.49069,1.49069,161310000,8
1701130560000,1701131039000,1.49068,1.49097,1.49055,1.4909,130490000,8
1701131040000,1701131519000,1.49092,1.49109,1.49086,1.49105,231000000,8
1701131520000,1701131999000,1.49108,1.49137,1.49102,1.49116,250190000,8
1701132000000,1701132479000,1.49119,1.49124,1.49095,1.49113,141400000,8
1701132480000,1701132959000,1.49112,1.49118,1.49072,1.49072,270780000,8
1701132960000,1701133439000,1.49075,1.49111,1.49067,1.49091,253670000,8
1701133440000,1701133919000,1.49091,1.4911,1.49074,1.49092,365600000,8
1701133920000,1701134399000,1.4909,1.49107,1.49073,1.491,293040000,8
1701134400000,1701134879000,1.49101,1.49122,1.49083,1.49092,259410000,8
1701134880000,1701135359000,1.4909,1.49105,1.49077,1.49094,418390000,8
1701135360000,1701135839000,1.49094,1.49108,1.49082,1.49103,274230000,8
1701135840000,1701136319000,1.49102,1.49119,1.49082,1.49101,392980000,8
1701136320000,1701136799000,1.49098,1.49123,1.49096,1.49102,163620000,8
1701136800000,1701137279000,1.491,1.491,1.49044,1.49044,196390000,8
1701137280000,1701137759000,1.49044,1.49064,1.49028,1.49036,296170000,8
1701137760000,1701138239000,1.49034,1.49051,1.49032,1.49047,226750000,8
1701138240000,1701138719000,1.49049,1.49076,1.49048,1.49064,140860000,8
1701138720000,1701139199000,1.49067,1.49097,1.49057,1.49066,349740000,8
1701139200000,1701139679000,1.49067,1.49072,1.49045,1.49056,226540000,8
1701139680000,1701140159000,1.49054,1.49059,1.49032,1.49039,164970000,8
1701140160000,1701140639000,1.4904,1.49069,1.4904,1.4906,151160000,8
1701140640000,1701141119000,1.49061,1.49071,1.49048,1.49056,159000000,8
1701141120000,1701141599000,1.49054,1.49069,1.49047,1.49064,97390000,8
1701141600000,1701142079000,1.49066,1.49071,1.49041,1.49059,131400000,8
1701142080000,1701142559000,1.49062,1.49078,1.49059,1.49064,133790000,8
1701142560000,1701143039000,1.49064,1.49064,1.49027,1.49043,171950000,8
1701143040000,1701143519000,1.4904,1.49047,1.49021,1.49033,125370000,8
1701143520000,1701143999000,1.49033,1.49042,1.49025,1.49033,123020000,8
1701144000000,1701144479000,1.49031,1.49036,1.49021,1.49028,100100000,8
1701144480000,1701144959000,1.49025,1.49027,1.49007,1.49014,121990000,8
1701144960000,1701145439000,1.49013,1.49017,1.49005,1.49011,95690000,8
1701145440000,1701145919000,1.4901,1.49015,1.48991,1.49002,135900000,8
1701145920000,1701146399000,1.49,1.49008,1.48994,1.48998,113600000,8
1701146400000,1701146879000,1.49,1.4901,1.48997,1.4901,129560000,8
1701146880000,1701147359000,1.49011,1.49013,1.48988,1.48996,108420000,8
1701147360000,1701147839000,1.48999,1.49017,1.48982,1.48996,197940000,8
1701147840000,1701148319000,1.48999,1.49013,1.48997,1.49,96040000,8
1701148320000,1701148799000,1.48998,1.49004,1.48988,1.48998,115770000,8
1701148800000,1701149279000,1.48996,1.49,1.48988,1.48995,90390000,8
1701149280000,1701149759000,1.48994,1.4901,1.48991,1.49,140570000,8
1701149760000,1701150239000,1.48997,1.4902,1.48993,1.48993,234890000,8
1701150240000,1701150719000,1.48996,1.49009,1.48987,1.49008,138480000,8
1701150720000,1701151199000,1.49012,1.49017,1.48986,1.48999,150820000,8
1701151200000,1701151679000,1.49001,1.49004,1.48926,1.48941,235360000,8
1701151680000,1701152159000,1.48935,1.48938,1.48915,1.48924,177260000,8
1701152160000,1701152639000,1.48924,1.48927,1.48884,1.48888,191660000,8
1701152640000,1701153119000,1.48888,1.48892,1.4883,1.48841,240380000,8
1701153120000,1701153599000,1.48844,1.48872,1.48834,1.48838,181340000,8
1701153600000,1701154079000,1.48841,1.4885,1.48817,1.48825,161320000,8
1701154080000,1701154559000,1.48826,1.48827,1.4881,1.48812,186500000,8
1701154560000,1701155039000,1.48813,1.48867,1.48807,1.48841,323710000,8
1701155040000,1701155519000,1.4884,1.48875,1.48828,1.48854,328780000,8
1701155520000,1701155999000,1.48853,1.48879,1.48824,1.48874,453280000,8
1701156000000,1701156479000,1.48868,1.48877,1.48839,1.48847,431920000,8
1701156480000,1701156959000,1.4885,1.48893,1.48846,1.48859,351370000,8
1701156960000,1701157439000,1.48859,1.48874,1.48783,1.48804,325670000,8
1701157440000,1701157919000,1.48806,1.48806,1.48722,1.48739,327330000,8
1701157920000,1701158399000,1.48733,1.48757,1.48695,1.48703,578190000,8
1701158400000,1701158879000,1.48706,1.48743,1.48687,1.48711,898940000,8
1701158880000,1701159359000,1.48712,1.48755,1.48704,1.48735,523580000,8
1701159360000,1701159839000,1.48735,1.48813,1.4869,1.48811,633080000,8
1701159840000,1701160319000,1.4881,1.48879,1.48806,1.4885,511610000,8
1701160320000,1701160799000,1.48847,1.48906,1.48803,1.48877,717290000,8
1701160800000,1701161279000,1.48877,1.48927,1.4887,1.48918,684700000,8
1701161280000,1701161759000,1.48918,1.48932,1.48879,1.48881,626380000,8
1701161760000,1701162239000,1.48878,1.48969,1.48875,1.48958,628550000,8
1701162240000,1701162719000,1.48961,1.48993,1.48926,1.48981,579360000,8
1701162720000,1701163199000,1.48982,1.49,1.48933,1.48957,442260000,8
1701163200000,1701163679000,1.48955,1.48965,1.48885,1.48904,347540000,8
1701163680000,1701164159000,1.48907,1.48929,1.48862,1.48866,429760000,8
1701164160000,1701164639000,1.48866,1.48876,1.48803,1.48807,404070000,8
1701164640000,1701165119000,1.48808,1.48831,1.48766,1.48773,612250000,8
1701165120000,1701165599000,1.48777,1.48854,1.48769,1.48808,528980000,8
1701165600000,1701166079000,1.48807,1.48826,1.4876,1.48789,538620000,8
1701166080000,1701166559000,1.48787,1.48791,1.48737,1.48769,426800000,8
1701166560000,1701167039000,1.48769,1.48774,1.48711,1.48731,328190000,8
1701167040000,1701167519000,1.48733,1.48742,1.4869,1.48706,561840000,8
1701167520000,1701167999000,1.48708,1.48718,1.48677,1.48695,501380000,8
1701168000000,1701168479000,1.48695,1.48751,1.48692,1.48715,481760000,8
1701168480000,1701168959000,1.48716,1.48741,1.48699,1.48717,378230000,8
1701168960000,1701169439000,1.48718,1.48795,1.48718,1.4878,720500000,8
1701169440000,1701169919000,1.4878,1.48902,1.4878,1.48877,412280000,8
1701169920000,1701170399000,1.48878,1.48922,1.48816,1.48821,474280000,8
1701170400000,1701170879000,1.4882,1.48828,1.48794,1.48802,357450000,8
1701170880000,1701171359000,1.48801,1.48854,1.48799,1.48839,341360000,8
1701171360000,1701171839000,1.48839,1.48854,1.48797,1.48797,274070000,8
1701171840000,1701172319000,1.48794,1.48794,1.48719,1.48744,409750000,8
1701172320000,1701172799000,1.48743,1.48763,1.48675,1.48752,414640000,8
1701172800000,1701173279000,1.48752,1.48789,1.48737,1.48739,437650000,8
1701173280000,1701173759000,1.48738,1.48836,1.48717,1.48833,495620000,8
1701173760000,1701174239000,1.48835,1.48873,1.48798,1.48815,488450000,8
1701174240000,1701174719000,1.48813,1.48829,1.48693,1.48693,373410000,8
1701174720000,1701175199000,1.48692,1.48811,1.48675,1.48799,689620000,8
1701175200000,1701175679000,1.48798,1.48842,1.48777,1.48835,673100000,8
1701175680000,1701176159000,1.48835,1.4888,1.48808,1.48864,615460000,8
1701176160000,1701176639000,1.48862,1.48893,1.48813,1.48813,824590000,8
1701176640000,1701177119000,1.48812,1.48892,1.48803,1.4885,1021350000,8
1701177120000,1701177599000,1.4885,1.49074,1.48847,1.49074,1099390000,8
1701177600000,1701178079000,1.49075,1.49097,1.48991,1.49047,1244710000,8
1701178080000,1701178559000,1.49049,1.49078,1.48979,1.48991,1195090000,8
1701178560000,1701179039000,1.48992,1.49044,1.48961,1.4904,1036220000,8
1701179040000,1701179519000,1.49041,1.49107,1.49037,1.49094,1413270000,8
1701179520000,1701179999000,1.49092,1.4919,1.4906,1.49167,999580000,8
1701180000000,1701180479000,1.49166,1.4917,1.49022,1.49103,1561330000,8
1701180480000,1701180959000,1.49105,1.49145,1.49083,1.4914,1144690000,8
1701180960000,1701181439000,1.49138,1.49178,1.49124,1.4914,1154800000,8
1701181440000,1701181919000,1.49142,1.49204,1.49026,1.49179,1525720000,8
1701181920000,1701182399000,1.49184,1.49251,1.49132,1.49155,1744580000,8
1701182400000,1701182879000,1.49156,1.49241,1.49156,1.49207,1713460000,8
1701182880000,1701183359000,1.49207,1.49272,1.49172,1.49244,1611980000,8
1701183360000,1701183839000,1.49246,1.49262,1.49142,1.49183,1063540000,8
1701183840000,1701184319000,1.49183,1.49211,1.49036,1.49088,1302160000,8
1701184320000,1701184799000,1.49088,1.49256,1.49063,1.49228,1530250000,8
1701184800000,1701185279000,1.49225,1.49287,1.4917,1.49186,1039400000,8
1701185280000,1701185759000,1.49184,1.49247,1.49145,1.49171,1134740000,8
1701185760000,1701186239000,1.49174,1.49444,1.4915,1.49355,2257830000,8
1701186240000,1701186719000,1.49357,1.49458,1.49316,1.49341,2108120000,8
1701186720000,1701187199000,1.49344,1.49349,1.49135,1.49137,1919090000,8
1701187200000,1701187679000,1.49137,1.49251,1.49123,1.49171,1516540000,8
1701187680000,1701188159000,1.49171,1.49197,1.49039,1.49045,1434090000,8
1701188160000,1701188639000,1.49042,1.49168,1.49041,1.49139,1418630000,8
1701188640000,1701189119000,1.49137,1.49169,1.49088,1.49106,1419890000,8
1701189120000,1701189599000,1.49108,1.49253,1.49097,1.49221,1198800000,8
1701189600000,1701190079000,1.49222,1.49276,1.49213,1.4923,995320000,8
1701190080000,1701190559000,1.49233,1.49261,1.49208,1.49251,981940000,8
1701190560000,1701191039000,1.49252,1.49311,1.49222,1.49282,909170000,8
1701191040000,1701191519000,1.49282,1.49288,1.4923,1.49268,662120000,8
1701191520000,1701191999000,1.49266,1.49297,1.49247,1.49289,488590000,8
1701192000000,1701192479000,1.49289,1.49336,1.49287,1.49328,731820000,8
1701192480000,1701192959000,1.4933,1.49334,1.49262,1.49262,631330000,8
1701192960000,1701193439000,1.49261,1.4927,1.49183,1.49183,614860000,8
1701193440000,1701193919000,1.49183,1.49216,1.49125,1.4914,636500000,8
1701193920000,1701194399000,1.49141,1.4919,1.49136,1.49156,513130000,8
1701194400000,1701194879000,1.49157,1.4917,1.49101,1.49132,1196230000,8
1701194880000,1701195359000,1.49134,1.49135,1.49079,1.49092,614880000,8
1701195360000,1701195839000,1.4909,1.49126,1.49066,1.49113,449110000,8
1701195840000,1701196319000,1.49113,1.49126,1.49092,1.49126,368200000,8
1701196320000,1701196799000,1.49123,1.49138,1.49069,1.49071,341030000,8
1701196800000,1701197279000,1.49072,1.49101,1.49058,1.49069,354150000,8
1701197280000,1701197759000,1.4907,1.49103,1.49059,1.49088,325900000,8
1701197760000,1701198239000,1.49091,1.49127,1.49081,1.49121,244700000,8
1701198240000,1701198719000,1.49123,1.49126,1.49088,1.49091,267530000,8
1701198720000,1701199199000,1.49094,1.49097,1.49066,1.4908,279950000,8
1701199200000,1701199679000,1.49079,1.49093,1.49053,1.49061,304840000,8
1701199680000,1701200159000,1.49058,1.49062,1.49012,1.49012,232570000,8
1701200160000,1701200639000,1.49014,1.49051,1.48999,1.49051,424160000,8
1701200640000,1701201119000,1.49053,1.49112,1.49046,1.49107,331360000,8
1701201120000,1701201599000,1.49108,1.49137,1.49097,1.49102,326310000,8
1701201600000,1701202079000,1.49102,1.49118,1.49067,1.4907,367580000,8
1701202080000,1701202559000,1.49069,1.49088,1.49052,1.49052,344100000,8
1701202560000,1701203039000,1.49054,1.49075,1.49037,1.4907,300130000,8
1701203040000,1701203519000,1.49073,1.49107,1.49031,1.49099,302710000,8
1701203520000,1701203999000,1.491,1.49131,1.491,1.49126,246940000,8
1701204000000,1701204479000,1.49123,1.49152,1.49095,1.49122,299950000,8
1701204480000,1701204959000,1.4912,1.49166,1.49111,1.49166,360940000,8
1701204960000,1701205439000,1.49165,1.49167,1.49127,1.49149,341340000,8
1701205440000,1701205919000,1.49148,1.49196,1.49145,1.49191,170030000,8
1701205920000,1701206399000,1.4919,1.49201,1.49162,1.49166,140430000,8
1701206400000,1701206879000,1.49165,1.49167,1.49147,1.49166,80770000,8
1701206880000,1701207359000,1.49165,1.49171,1.49142,1.49158,183660000,8
1701207360000,1701207839000,1.49157,1.49163,1.4913,1.49154,243810000,8
1701207840000,1701208319000,1.49154,1.49213,1.49154,1.49203,200340000,8
1701208320000,1701208799000,1.49203,1.4923,1.49181,1.49198,478970000,8
1701208800000,1701209279000,1.49193,1.49193,1.49094,1.49176,32470000,8
1701209280000,1701209759000,1.49166,1.49222,1.49164,1.49196,170910000,8
1701209760000,1701210239000,1.49209,1.49216,1.49179,1.49215,69990000,8
1701210240000,1701210719000,1.49216,1.49225,1.49172,1.49216,30990000,8
1701210720000,1701211199000,1.49217,1.49217,1.49169,1.49171,93090000,8
1701211200000,1701211679000,1.49171,1.49201,1.49156,1.49195,96330000,8
1701211680000,1701212159000,1.49195,1.4921,1.49193,1.49193,46490000,8
1701212160000,1701212639000,1.49192,1.49212,1.49151,1.49185,401440000,8
1701212640000,1701213119000,1.49183,1.4922,1.49172,1.49214,321680000,8
1701213120000,1701213599000,1.49212,1.49234,1.49188,1.49216,347720000,8
1701213600000,1701214079000,1.49214,1.49249,1.49206,1.49232,267720000,8
1701214080000,1701214559000,1.49232,1.49278,1.49231,1.49246,198720000,8
1701214560000,1701215039000,1.49247,1.49271,1.49245,1.49271,143330000,8
1701215040000,1701215519000,1.49271,1.49277,1.49235,1.49243,109000000,8
1701215520000,1701215999000,1.49246,1.49273,1.49239,1.4927,157120000,8
1701216000000,1701216479000,1.4927,1.49283,1.49195,1.49206,187440000,8
1701216480000,1701216959000,1.49209,1.49231,1.49197,1.49212,163500000,8
1701216960000,1701217439000,1.49211,1.49225,1.49211,1.49213,138350000,8
1701217440000,1701217919000,1.49213,1.49238,1.4919,1.49235,425780000,8
1701217920000,1701218399000,1.49234,1.49241,1.49199,1.49208,319230000,8
1701218400000,1701218879000,1.49208,1.49214,1.4917,1.49173,276140000,8
1701218880000,1701219359000,1.49175,1.49207,1.49154,1.49184,358370000,8
1701219360000,1701219839000,1.49181,1.49246,1.49163,1.49191,671760000,8
1701219840000,1701220319000,1.49189,1.49205,1.49146,1.49153,646010000,8
1701220320000,1701220799000,1.49154,1.49192,1.49143,1.49185,534660000,8
1701220800000,1701221279000,1.49187,1.49202,1.49165,1.49184,444880000,8
1701221280000,1701221759000,1.49183,1.49215,1.4916,1.49165,424750000,8
1701221760000,1701222239000,1.49163,1.49168,1.49132,1.49157,478400000,8
1701222240000,1701222719000,1.49159,1.49159,1.49097,1.49108,525900000,8
1701222720000,1701223199000,1.49112,1.49112,1.4907,1.49079,408290000,8
1701223200000,1701223679000,1.49075,1.49101,1.49044,1.49055,563060000,8
1701223680000,1701224159000,1.49054,1.49071,1.49025,1.49063,424160000,8
1701224160000,1701224639000,1.49064,1.49075,1.49045,1.49074,372810000,8
1701224640000,1701225119000,1.49075,1.49088,1.49058,1.49084,211950000,8
1701225120000,1701225599000,1.49085,1.49103,1.49063,1.49065,252520000,8
1701225600000,1701226079000,1.49067,1.49067,1.49006,1.49039,322550000,8
1701226080000,1701226559000,1.49044,1.49067,1.49013,1.49053,367270000,8
1701226560000,1701227039000,1.4905,1.49075,1.4904,1.49058,208570000,8
1701227040000,1701227519000,1.49058,1.49069,1.49038,1.49054,199590000,8
1701227520000,1701227999000,1.49055,1.49058,1.49022,1.49038,201340000,8
1701228000000,1701228479000,1.4904,1.49072,1.49037,1.49062,157890000,8
1701228480000,1701228959000,1.49063,1.49063,1.49033,1.4905,222210000,8
1701228960000,1701229439000,1.49052,1.49056,1.4902,1.49023,148470000,8
1701229440000,1701229919000,1.49023,1.4903,1.49012,1.49018,198260000,8
1701229920000,1701230399000,1.49018,1.49018,1.48995,1.48998,222900000,8
1701230400000,1701230879000,1.48995,1.49018,1.48981,1.49011,198650000,8
1701230880000,1701231359000,1.49011,1.49026,1.49007,1.49008,191870000,8
1701231360000,1701231839000,1.49008,1.49012,1.48992,1.49,145680000,8
1701231840000,1701232319000,1.49005,1.49005,1.48986,1.48999,153610000,8
1701232320000,1701232799000,1.48997,1.49048,1.48997,1.49046,131560000,8
1701232800000,1701233279000,1.49042,1.49061,1.49037,1.49045,175550000,8
1701233280000,1701233759000,1.49044,1.49064,1.49036,1.49058,190870000,8
1701233760000,1701234239000,1.49059,1.49063,1.49044,1.49058,223560000,8
1701234240000,1701234719000,1.49059,1.4906,1.49028,1.49033,219200000,8
1701234720000,1701235199000,1.4903,1.49051,1.49019,1.49045,204260000,8
1701235200000,1701235679000,1.49045,1.49049,1.49011,1.49029,181980000,8
1701235680000,1701236159000,1.49029,1.49036,1.49017,1.49029,225280000,8
1701236160000,1701236639000,1.4903,1.49063,1.49015,1.49062,224570000,8
1701236640000,1701237119000,1.49061,1.49061,1.49027,1.49046,185810000,8
1701237120000,1701237599000,1.49048,1.4908,1.49036,1.49054,215870000,8
1701237600000,1701238079000,1.49053,1.49079,1.4905,1.49074,294530000,8
1701238080000,1701238559000,1.49074,1.49076,1.49048,1.49049,232650000,8
1701238560000,1701239039000,1.49049,1.49134,1.49035,1.49134,411860000,8
1701239040000,1701239519000,1.49133,1.49144,1.4901,1.49016,522360000,8
1701239520000,1701239999000,1.4902,1.49022,1.48984,1.48994,382460000,8
1701240000000,1701240479000,1.48993,1.49038,1.48988,1.49019,316270000,8
1701240480000,1701240959000,1.49019,1.49036,1.48996,1.49011,410620000,8
1701240960000,1701241439000,1.49011,1.49092,1.48997,1.49086,749920000,8
1701241440000,1701241919000,1.49086,1.49091,1.48981,1.48992,687180000,8
1701241920000,1701242399000,1.4899,1.49003,1.48962,1.48973,425040000,8
1701242400000,1701242879000,1.48972,1.48986,1.48924,1.48974,489140000,8
1701242880000,1701243359000,1.48976,1.49027,1.48964,1.48994,490060000,8
1701243360000,1701243839000,1.48993,1.49005,1.48953,1.48957,495490000,8
1701243840000,1701244319000,1.48958,1.49019,1.48948,1.48982,487890000,8
1701244320000,1701244799000,1.48981,1.49029,1.48966,1.49008,509900000,8
1701244800000,1701245279000,1.49006,1.49085,1.48891,1.49078,1416360000,8
1701245280000,1701245759000,1.49076,1.49118,1.49046,1.49111,1082180000,8
1701245760000,1701246239000,1.49109,1.49137,1.49045,1.49061,829230000,8
1701246240000,1701246719000,1.49062,1.49077,1.48981,1.49038,1119270000,8
1701246720000,1701247199000,1.49042,1.49161,1.49028,1.49117,1034730000,8
1701247200000,1701247679000,1.49116,1.4916,1.49105,1.49135,925110000,8
1701247680000,1701248159000,1.49135,1.49194,1.49123,1.49168,676820000,8
1701248160000,1701248639000,1.49167,1.49169,1.49035,1.49052,942690000,8
1701248640000,1701249119000,1.4905,1.49074,1.49018,1.49066,579640000,8
1701249120000,1701249599000,1.49063,1.49121,1.49062,1.49089,523900000,8
1701249600000,1701250079000,1.49088,1.49134,1.49073,1.49106,561580000,8
1701250080000,1701250559000,1.49106,1.49122,1.49063,1.49067,827440000,8
1701250560000,1701251039000,1.49064,1.49073,1.49006,1.49017,962810000,8
1701251040000,1701251519000,1.49018,1.49055,1.48985,1.49025,580000000,8
1701251520000,1701251999000,1.49027,1.49041,1.48963,1.48992,511100000,8
1701252000000,1701252479000,1.48993,1.49009,1.48966,1.48985,513100000,8
1701252480000,1701252959000,1.48983,1.48994,1.48961,1.48976,369110000,8
1701252960000,1701253439000,1.48972,1.49046,1.48964,1.48996,462310000,8
1701253440000,1701253919000,1.48997,1.49008,1.48945,1.48958,631400000,8
1701253920000,1701254399000,1.48958,1.49014,1.48954,1.48985,678780000,8
1701254400000,1701254879000,1.48985,1.49111,1.48972,1.49099,643480000,8
1701254880000,1701255359000,1.491,1.49185,1.49095,1.49185,585820000,8
1701255360000,1701255839000,1.49185,1.4919,1.49097,1.49115,689730000,8
1701255840000,1701256319000,1.49117,1.49129,1.49036,1.49054,636750000,8
1701256320000,1701256799000,1.49057,1.49089,1.49032,1.49079,670750000,8
1701256800000,1701257279000,1.49086,1.49095,1.49009,1.49025,730260000,8
1701257280000,1701257759000,1.49022,1.49054,1.49004,1.49037,520440000,8
1701257760000,1701258239000,1.49036,1.49074,1.49033,1.49048,469950000,8
1701258240000,1701258719000,1.49047,1.49066,1.4902,1.49035,458290000,8
1701258720000,1701259199000,1.49032,1.49044,1.49,1.49037,487730000,8
1701259200000,1701259679000,1.49038,1.49067,1.48994,1.49006,448940000,8
1701259680000,1701260159000,1.49003,1.49098,1.48993,1.49093,491910000,8
1701260160000,1701260639000,1.49095,1.49124,1.49067,1.49108,573080000,8
1701260640000,1701261119000,1.49108,1.49119,1.49053,1.49077,522560000,8
1701261120000,1701261599000,1.49078,1.49117,1.49055,1.49092,669850000,8
1701261600000,1701262079000,1.49094,1.491,1.49055,1.49086,582960000,8
1701262080000,1701262559000,1.49084,1.49161,1.49082,1.49119,463870000,8
1701262560000,1701263039000,1.4912,1.49179,1.49115,1.49177,843170000,8
1701263040000,1701263519000,1.49179,1.49233,1.49151,1.49151,790970000,8
1701263520000,1701263999000,1.49151,1.49223,1.49114,1.49126,1121170000,8
1701264000000,1701264479000,1.49122,1.49178,1.49111,1.49156,1146460000,8
1701264480000,1701264959000,1.49158,1.49272,1.49075,1.49137,2015830000,8
1701264960000,1701265439000,1.49135,1.49161,1.48985,1.49008,1957180000,8
1701265440000,1701265919000,1.49006,1.49117,1.49006,1.49115,1573490000,8
1701265920000,1701266399000,1.49114,1.49168,1.49102,1.49153,1214860000,8
1701266400000,1701266879000,1.49152,1.49229,1.491,1.49179,1398030000,8
1701266880000,1701267359000,1.49178,1.49198,1.49132,1.49174,1064070000,8
1701267360000,1701267839000,1.49176,1.49179,1.491,1.49165,824810000,8
1701267840000,1701268319000,1.49163,1.49246,1.49139,1.49207,999920000,8
1701268320000,1701268799000,1.49209,1.49254,1.49141,1.4915,1744580000,8
1701268800000,1701269279000,1.4915,1.4917,1.49098,1.49156,1290100000,8
1701269280000,1701269759000,1.49158,1.49233,1.49153,1.49198,1745720000,8
1701269760000,1701270239000,1.49198,1.49211,1.49111,1.49131,1959870000,8
1701270240000,1701270719000,1.49132,1.49191,1.4909,1.49161,2099160000,8
1701270720000,1701271199000,1.49162,1.49189,1.49072,1.49076,1898350000,8
1701271200000,1701271679000,1.49078,1.4923,1.49076,1.49194,1643070000,8
1701271680000,1701272159000,1.49193,1.49193,1.49093,1.49123,1620820000,8
1701272160000,1701272639000,1.49121,1.49166,1.49121,1.49147,1336350000,8
1701272640000,1701273119000,1.49147,1.49201,1.4912,1.49177,1294710000,8
1701273120000,1701273599000,1.49176,1.49189,1.49111,1.49132,1067440000,8
1701273600000,1701274079000,1.49129,1.49183,1.49079,1.49164,984440000,8
1701274080000,1701274559000,1.49161,1.49164,1.49088,1.49098,1298250000,8
1701274560000,1701275039000,1.49098,1.4921,1.49093,1.49203,1026170000,8
1701275040000,1701275519000,1.49202,1.4927,1.49169,1.49259,731540000,8
1701275520000,1701275999000,1.49256,1.49276,1.4917,1.49189,947930000,8
1701276000000,1701276479000,1.49188,1.49198,1.49149,1.49164,649140000,8
1701276480000,1701276959000,1.49166,1.49173,1.49128,1.49152,505940000,8
1701276960000,1701277439000,1.49153,1.49162,1.49108,1.49134,680250000,8
1701277440000,1701277919000,1.49133,1.49222,1.49131,1.49209,716630000,8
1701277920000,1701278399000,1.49209,1.49238,1.49199,1.49208,423060000,8
1701278400000,1701278879000,1.49208,1.49226,1.49185,1.49201,313840000,8
1701278880000,1701279359000,1.49204,1.49216,1.49169,1.4917,238730000,8
1701279360000,1701279839000,1.49168,1.49171,1.49124,1.49146,442150000,8
1701279840000,1701280319000,1.49148,1.49205,1.49129,1.49197,694330000,8
1701280320000,1701280799000,1.49196,1.49196,1.49083,1.49092,552050000,8
1701280800000,1701281279000,1.4909,1.49184,1.49083,1.49145,648850000,8
1701281280000,1701281759000,1.49144,1.4915,1.49069,1.49092,525420000,8
1701281760000,1701282239000,1.49092,1.49117,1.49071,1.49111,400460000,8
1701282240000,1701282719000,1.49108,1.49125,1.49076,1.49088,506190000,8
1701282720000,1701283199000,1.49086,1.4913,1.49079,1.49113,617170000,8
1701283200000,1701283679000,1.49112,1.49172,1.49112,1.49162,313810000,8
1701283680000,1701284159000,1.49164,1.49184,1.49126,1.4914,236950000,8
1701284160000,1701284639000,1.49135,1.4917,1.49133,1.49152,456470000,8
1701284640000,1701285119000,1.49152,1.49209,1.4914,1.49207,454470000,8
1701285120000,1701285599000,1.49209,1.49209,1.4916,1.49192,287400000,8
1701285600000,1701286079000,1.4919,1.49233,1.4918,1.49194,372700000,8
1701286080000,1701286559000,1.49194,1.49199,1.4916,1.49163,468710000,8
1701286560000,1701287039000,1.49163,1.49195,1.49161,1.49165,397440000,8
1701287040000,1701287519000,1.49162,1.49175,1.49154,1.49163,357070000,8
1701287520000,1701287999000,1.49161,1.49194,1.49142,1.49192,371970000,8
1701288000000,1701288479000,1.49192,1.49199,1.49178,1.49182,372900000,8
1701288480000,1701288959000,1.49182,1.49201,1.49161,1.49189,267350000,8
1701288960000,1701289439000,1.49188,1.492,1.4917,1.4919,399470000,8
1701289440000,1701289919000,1.49193,1.49216,1.49191,1.49194,258490000,8
1701289920000,1701290399000,1.49196,1.49202,1.49157,1.49175,381190000,8
1701290400000,1701290879000,1.49182,1.49199,1.4917,1.49186,196450000,8
1701290880000,1701291359000,1.49188,1.49199,1.49142,1.49156,378170000,8
1701291360000,1701291839000,1.49156,1.49164,1.49129,1.49133,220070000,8
1701291840000,1701292319000,1.49135,1.49152,1.49118,1.49121,175080000,8
1701292320000,1701292799000,1.49124,1.49151,1.49124,1.49144,112610000,8
1701292800000,1701293279000,1.49145,1.4915,1.49121,1.49121,81870000,8
1701293280000,1701293759000,1.4912,1.49121,1.49074,1.49074,150180000,8
1701293760000,1701294239000,1.49077,1.4908,1.49056,1.49069,144170000,8
1701294240000,1701294719000,1.49071,1.49089,1.49048,1.49058,184680000,8
1701294720000,1701295199000,1.49058,1.49061,1.4903,1.49037,446930000,8
1701295200000,1701295679000,1.49035,1.49051,1.48966,1.49046,90440000,8
1701295680000,1701296159000,1.4905,1.49051,1.49014,1.49029,313260000,8
1701296160000,1701296639000,1.49028,1.49073,1.49012,1.49035,241750000,8
1701296640000,1701297119000,1.49035,1.49054,1.48954,1.49047,755390000,8
1701297120000,1701297599000,1.49047,1.49052,1.48971,1.49026,474690000,8
1701297600000,1701298079000,1.49028,1.49044,1.49,1.49025,296500000,8
1701298080000,1701298559000,1.49018,1.49051,1.48981,1.49051,394940000,8
1701298560000,1701299039000,1.49048,1.49087,1.49002,1.49063,358650000,8
1701299040000,1701299519000,1.49063,1.49087,1.49059,1.49087,198880000,8
1701299520000,1701299999000,1.49087,1.49112,1.49067,1.49101,185060000,8
1701300000000,1701300479000,1.49102,1.49104,1.49078,1.49091,108660000,8
1701300480000,1701300959000,1.4909,1.49096,1.49087,1.49095,66210000,8
1701300960000,1701301439000,1.49096,1.49099,1.49089,1.4909,59160000,8
1701301440000,1701301919000,1.4909,1.49104,1.49087,1.49099,49290000,8
1701301920000,1701302399000,1.49097,1.49143,1.49094,1.49138,88840000,8
1701302400000,1701302879000,1.49141,1.49148,1.49112,1.49118,196030000,8
1701302880000,1701303359000,1.49118,1.49133,1.49113,1.49122,111690000,8
1701303360000,1701303839000,1.49124,1.49138,1.49117,1.49117,145580000,8
1701303840000,1701304319000,1.49117,1.49145,1.49113,1.49132,178090000,8
1701304320000,1701304799000,1.49132,1.49138,1.49116,1.4912,197650000,8
1701304800000,1701305279000,1.49122,1.49159,1.49115,1.49149,324880000,8
1701305280000,1701305759000,1.49149,1.49232,1.49143,1.49199,426240000,8
1701305760000,1701306239000,1.49199,1.49201,1.49159,1.49162,399740000,8
1701306240000,1701306719000,1.49163,1.49169,1.49144,1.49146,261870000,8
1701306720000,1701307199000,1.49145,1.49159,1.49127,1.49136,232600000,8
1701307200000,1701307679000,1.49136,1.4915,1.49118,1.49127,394300000,8
1701307680000,1701308159000,1.4913,1.49147,1.49115,1.49132,547880000,8
1701308160000,1701308639000,1.49132,1.49164,1.49128,1.49164,616530000,8
1701308640000,1701309119000,1.49161,1.4919,1.49138,1.49145,341230000,8
1701309120000,1701309599000,1.49145,1.49147,1.49076,1.49089,419040000,8
1701309600000,1701310079000,1.49091,1.49091,1.49065,1.49091,294930000,8
1701310080000,1701310559000,1.4909,1.49097,1.49057,1.49091,237790000,8
1701310560000,1701311039000,1.49092,1.49124,1.49085,1.49118,215940000,8
1701311040000,1701311519000,1.49119,1.49127,1.49101,1.49101,305560000,8
1701311520000,1701311999000,1.49099,1.49114,1.49087,1.49107,314400000,8
1701312000000,1701312479000,1.49107,1.4911,1.49066,1.49068,354320000,8
1701312480000,1701312959000,1.4907,1.49076,1.49028,1.49039,635060000,8
1701312960000,1701313439000,1.49038,1.4904,1.49009,1.49018,421860000,8
1701313440000,1701313919000,1.49018,1.49031,1.48997,1.49021,425160000,8
1701313920000,1701314399000,1.49019,1.49039,1.49016,1.49026,319500000,8
1701314400000,1701314879000,1.49026,1.49038,1.49015,1.49037,225790000,8
1701314880000,1701315359000,1.49038,1.49045,1.4903,1.49036,201650000,8
1701315360000,1701315839000,1.4904,1.49041,1.49028,1.49031,159140000,8
1701315840000,1701316319000,1.4903,1.49037,1.49023,1.49033,146590000,8
1701316320000,1701316799000,1.49033,1.49035,1.49002,1.49004,191380000,8
1701316800000,1701317279000,1.49002,1.49013,1.48994,1.49012,153550000,8
1701317280000,1701317759000,1.49011,1.49014,1.48996,1.49,166540000,8
1701317760000,1701318239000,1.48999,1.49,1.48977,1.48987,138170000,8
1701318240000,1701318719000,1.48985,1.48989,1.48946,1.48951,205180000,8
1701318720000,1701319199000,1.4895,1.48956,1.48929,1.48953,115830000,8
1701319200000,1701319679000,1.48955,1.48961,1.48921,1.48924,106820000,8
1701319680000,1701320159000,1.48926,1.48929,1.48895,1.48898,131510000,8
1701320160000,1701320639000,1.48896,1.4892,1.48882,1.48919,259370000,8
1701320640000,1701321119000,1.48918,1.48938,1.48913,1.4893,186800000,8
1701321120000,1701321599000,1.48931,1.48942,1.48928,1.48933,154100000,8
1701321600000,1701322079000,1.48933,1.48937,1.48914,1.48924,190230000,8
1701322080000,1701322559000,1.48922,1.48941,1.48916,1.48935,237490000,8
1701322560000,1701323039000,1.48935,1.48944,1.48921,1.48925,270460000,8
1701323040000,1701323519000,1.48925,1.48938,1.48912,1.48926,263540000,8
1701323520000,1701323999000,1.48926,1.48982,1.48921,1.4898,315730000,8
1701324000000,1701324479000,1.48979,1.48994,1.48964,1.48985,521620000,8
1701324480000,1701324959000,1.48985,1.48998,1.48959,1.48995,292020000,8
1701324960000,1701325439000,1.48995,1.49007,1.48945,1.48945,246840000,8
1701325440000,1701325919000,1.48942,1.48957,1.48898,1.48917,542100000,8
1701325920000,1701326399000,1.48917,1.48971,1.48916,1.48971,332670000,8
1701326400000,1701326879000,1.48971,1.49025,1.48968,1.49008,270890000,8
1701326880000,1701327359000,1.49008,1.49035,1.49002,1.49004,302950000,8
1701327360000,1701327839000,1.49005,1.49031,1.48967,1.48983,529020000,8
1701327840000,1701328319000,1.48981,1.48994,1.48949,1.48968,620540000,8
1701328320000,1701328799000,1.48966,1.48979,1.48952,1.4897,432780000,8
1701328800000,1701329279000,1.4897,1.48972,1.48935,1.48967,411540000,8
1701329280000,1701329759000,1.48964,1.48973,1.48934,1.48962,555080000,8
1701329760000,1701330239000,1.48961,1.48971,1.48877,1.48904,712160000,8
1701330240000,1701330719000,1.48903,1.48903,1.48756,1.48771,1373580000,8
1701330720000,1701331199000,1.48769,1.48793,1.48748,1.48768,825410000,8
1701331200000,1701331679000,1.48765,1.4877,1.48707,1.48748,865920000,8
1701331680000,1701332159000,1.48747,1.48817,1.48738,1.4877,788320000,8
1701332160000,1701332639000,1.48771,1.48823,1.48756,1.48774,729680000,8
1701332640000,1701333119000,1.48768,1.48768,1.48702,1.48704,760940000,8
1701333120000,1701333599000,1.48705,1.48715,1.48564,1.48567,923150000,8
1701333600000,1701334079000,1.48568,1.48616,1.48532,1.48612,1005250000,8
1701334080000,1701334559000,1.48606,1.4863,1.48564,1.48569,756270000,8
1701334560000,1701335039000,1.4857,1.48619,1.48561,1.48564,877020000,8
1701335040000,1701335519000,1.48564,1.48597,1.48548,1.48588,736660000,8
1701335520000,1701335999000,1.48588,1.48671,1.48578,1.48634,990770000,8
1701336000000,1701336479000,1.48636,1.48765,1.48627,1.48755,778270000,8
1701336480000,1701336959000,1.48755,1.48778,1.48708,1.48749,843240000,8
1701336960000,1701337439000,1.48748,1.48749,1.48688,1.48721,768720000,8
1701337440000,1701337919000,1.48723,1.48757,1.48632,1.48634,1045510000,8
1701337920000,1701338399000,1.48634,1.48665,1.48622,1.48633,944850000,8
1701338400000,1701338879000,1.48629,1.48704,1.48629,1.48643,855400000,8
1701338880000,1701339359000,1.48642,1.48663,1.48547,1.48605,705370000,8
1701339360000,1701339839000,1.48609,1.48618,1.48527,1.48551,698270000,8
1701339840000,1701340319000,1.48554,1.4858,1.48518,1.48579,704940000,8
1701340320000,1701340799000,1.48581,1.48581,1.48471,1.48549,751460000,8
1701340800000,1701341279000,1.48548,1.48594,1.48523,1.48573,485730000,8
1701341280000,1701341759000,1.48574,1.48595,1.4854,1.4854,549860000,8
1701341760000,1701342239000,1.48544,1.48576,1.48482,1.48525,760000000,8
1701342240000,1701342719000,1.48525,1.48549,1.48471,1.48503,829940000,8
1701342720000,1701343199000,1.48505,1.48615,1.48503,1.48584,823220000,8
1701343200000,1701343679000,1.48584,1.48608,1.48546,1.48581,499020000,8
1701343680000,1701344159000,1.48581,1.48611,1.48548,1.48609,455750000,8
1701344160000,1701344639000,1.48608,1.48626,1.48558,1.48612,501820000,8
1701344640000,1701345119000,1.48616,1.48633,1.48562,1.48574,577320000,8
1701345120000,1701345599000,1.48578,1.4858,1.48532,1.48553,565030000,8
1701345600000,1701346079000,1.48553,1.48611,1.48543,1.48583,443400000,8
1701346080000,1701346559000,1.48585,1.4859,1.48523,1.48557,460600000,8
1701346560000,1701347039000,1.48556,1.48593,1.48548,1.48592,525520000,8
1701347040000,1701347519000,1.48592,1.48635,1.48588,1.48604,543240000,8
1701347520000,1701347999000,1.48604,1.48681,1.48588,1.48668,628970000,8
1701348000000,1701348479000,1.48669,1.48737,1.4865,1.48664,649990000,8
1701348480000,1701348959000,1.48665,1.48677,1.48636,1.48669,495430000,8
1701348960000,1701349439000,1.48672,1.48703,1.48641,1.48701,748800000,8
1701349440000,1701349919000,1.48703,1.48742,1.48653,1.48735,674080000,8
1701349920000,1701350399000,1.48736,1.48776,1.48666,1.48674,930360000,8
1701350400000,1701350879000,1.48672,1.48676,1.48611,1.4864,798990000,8
1701350880000,1701351359000,1.48641,1.48842,1.48638,1.48808,3274980000,8
1701351360000,1701351839000,1.48809,1.48871,1.48737,1.48859,2079110000,8
1701351840000,1701352319000,1.48857,1.48858,1.48664,1.48713,2170670000,8
1701352320000,1701352799000,1.48712,1.48764,1.48654,1.48668,2443710000,8
1701352800000,1701353279000,1.48666,1.48676,1.48608,1.48608,3039840000,8
1701353280000,1701353759000,1.48608,1.48637,1.4854,1.4854,2264240000,8
1701353760000,1701354239000,1.4854,1.4855,1.48456,1.48482,1750010000,8
1701354240000,1701354719000,1.48484,1.48527,1.48387,1.48425,2061880000,8
1701354720000,1701355199000,1.4842,1.485,1.48273,1.48288,2126740000,8
1701355200000,1701355679000,1.48285,1.48296,1.48187,1.48237,2436890000,8
1701355680000,1701356159000,1.48236,1.4834,1.48201,1.48283,2017710000,8
1701356160000,1701356639000,1.48283,1.48283,1.48131,1.48173,1987780000,8
1701356640000,1701357119000,1.48177,1.48228,1.48091,1.48105,1736700000,8
1701357120000,1701357599000,1.48109,1.48113,1.47944,1.47978,1627190000,8
1701357600000,1701358079000,1.47981,1.47981,1.47853,1.47873,1570610000,8
1701358080000,1701358559000,1.47873,1.48052,1.47868,1.48052,1939280000,8
1701358560000,1701359039000,1.48054,1.4816,1.47956,1.48,1862550000,8
1701359040000,1701359519000,1.47998,1.48058,1.47766,1.47798,2274780000,8
1701359520000,1701359999000,1.478,1.47986,1.47799,1.47982,3678120000,8
1701360000000,1701360479000,1.47982,1.48072,1.47913,1.48057,3068100000,8
1701360480000,1701360959000,1.48057,1.48096,1.47996,1.48001,2021080000,8
1701360960000,1701361439000,1.48002,1.48113,1.4799,1.48051,2033720000,8
1701361440000,1701361919000,1.48054,1.48123,1.48015,1.48113,1786140000,8
1701361920000,1701362399000,1.48113,1.48134,1.48052,1.48103,1355340000,8
1701362400000,1701362879000,1.48102,1.48169,1.48094,1.4813,1145220000,8
1701362880000,1701363359000,1.48126,1.48229,1.48116,1.48156,1384370000,8
1701363360000,1701363839000,1.48152,1.48216,1.48142,1.48177,1462440000,8
1701363840000,1701364319000,1.48177,1.48179,1.48054,1.48059,1096580000,8
1701364320000,1701364799000,1.48061,1.4807,1.47992,1.48022,1191820000,8
1701364800000,1701365279000,1.4802,1.48029,1.47974,1.48018,866610000,8
1701365280000,1701365759000,1.48022,1.48054,1.48014,1.48029,812350000,8
1701365760000,1701366239000,1.48031,1.48032,1.47957,1.47968,647900000,8
1701366240000,1701366719000,1.47967,1.47983,1.47893,1.47903,543410000,8
1701366720000,1701367199000,1.47903,1.47932,1.47878,1.47924,635750000,8
1701367200000,1701367679000,1.47926,1.4794,1.47892,1.47919,679590000,8
1701367680000,1701368159000,1.47921,1.47961,1.47893,1.47954,463080000,8
1701368160000,1701368639000,1.47954,1.47963,1.47893,1.47904,306800000,8
1701368640000,1701369119000,1.47904,1.47937,1.47894,1.47926,389180000,8
1701369120000,1701369599000,1.47928,1.47934,1.47861,1.47863,345150000,8
1701369600000,1701370079000,1.47864,1.479,1.47824,1.47829,442530000,8
1701370080000,1701370559000,1.4783,1.47842,1.47795,1.47831,588910000,8
1701370560000,1701371039000,1.47829,1.47833,1.47786,1.47793,551990000,8
1701371040000,1701371519000,1.4779,1.47826,1.47768,1.47792,307220000,8
1701371520000,1701371999000,1.4779,1.47817,1.47781,1.47809,343980000,8
1701372000000,1701372479000,1.47809,1.47821,1.47729,1.47732,425270000,8
1701372480000,1701372959000,1.47733,1.47733,1.47672,1.47675,383660000,8
1701372960000,1701373439000,1.47675,1.47761,1.47673,1.47758,474430000,8
1701373440000,1701373919000,1.47758,1.47795,1.47755,1.47769,370270000,8
1701373920000,1701374399000,1.47769,1.4779,1.47728,1.47736,567990000,8
1701374400000,1701374879000,1.47738,1.47778,1.47733,1.47737,453750000,8
1701374880000,1701375359000,1.47739,1.47751,1.47713,1.47726,278480000,8
1701375360000,1701375839000,1.47724,1.47737,1.47707,1.4772,535180000,8
1701375840000,1701376319000,1.47719,1.47719,1.47646,1.4766,561820000,8
1701376320000,1701376799000,1.47659,1.47668,1.47617,1.47619,579920000,8
1701376800000,1701377279000,1.47619,1.47642,1.4757,1.47641,473820000,8
1701377280000,1701377759000,1.4764,1.47689,1.47622,1.4767,458660000,8
1701377760000,1701378239000,1.4767,1.47732,1.47649,1.47721,486420000,8
1701378240000,1701378719000,1.47719,1.47734,1.47704,1.47717,205700000,8
1701378720000,1701379199000,1.47716,1.47735,1.47693,1.477,140380000,8
1701379200000,1701379679000,1.47701,1.47701,1.47661,1.47661,141270000,8
1701379680000,1701380159000,1.47664,1.47671,1.47647,1.47661,217350000,8
1701380160000,1701380639000,1.47661,1.47662,1.47632,1.47641,204090000,8
1701380640000,1701381119000,1.47642,1.47653,1.4763,1.4765,272380000,8
1701381120000,1701381599000,1.47652,1.47668,1.47604,1.47604,513160000,8
1701381600000,1701382079000,1.47604,1.47604,1.4751,1.4756,56100000,8
1701382080000,1701382559000,1.47562,1.47623,1.47541,1.47588,182370000,8
1701382560000,1701383039000,1.47588,1.4762,1.47539,1.47614,449600000,8
1701383040000,1701383519000,1.47614,1.47648,1.47549,1.47575,813490000,8
1701383520000,1701383999000,1.47575,1.47664,1.47569,1.47615,1090590000,8
1701384000000,1701384479000,1.47618,1.47643,1.47577,1.47611,1225130000,8
1701384480000,1701384959000,1.47611,1.47643,1.47579,1.47637,1715180000,8
1701384960000,1701385439000,1.47635,1.47695,1.47595,1.47666,1634750000,8
1701385440000,1701385919000,1.47664,1.4768,1.47655,1.47657,288400000,8
1701385920000,1701386399000,1.47656,1.47678,1.47652,1.47669,114400000,8
1701386400000,1701386879000,1.47664,1.47699,1.47658,1.47687,108240000,8
1701386880000,1701387359000,1.47687,1.4769,1.4766,1.47669,160320000,8
1701387360000,1701387839000,1.47669,1.47694,1.47661,1.47685,180460000,8
1701387840000,1701388319000,1.47685,1.47686,1.47674,1.47677,69300000,8
1701388320000,1701388799000,1.47676,1.47683,1.47649,1.47651,79200000,8
