openEpochMillis,closeEpochMillis,open,high,low,close,volume,sourceBars
1527811200000,1527811259000,82.262,82.276,82.234,82.237,140800000,1
1527811260000,1527811319000,82.237,82.269,82.221,82.267,149280000,1
1527811320000,1527811379000,82.269,82.295,82.264,82.293,133600000,1
1527811380000,1527811439000,82.292,82.3,82.278,82.282,133820000,1
1527811440000,1527811499000,82.281,82.298,82.28,82.298,83460000,1
1527811500000,1527811559000,82.296,82.301,82.284,82.294,73960000,1
1527811560000,1527811619000,82.294,82.295,82.273,82.289,96570000,1
1527811620000,1527811679000,82.291,82.298,82.271,82.272,104020000,1
1527811680000,1527811739000,82.272,82.293,82.272,82.292,119020000,1
1527811740000,1527811799000,82.292,82.292,82.265,82.265,100540000,1
1527811800000,1527811859000,82.269,82.273,82.246,82.246,142130000,1
1527811860000,1527811919000,82.246,82.251,82.225,82.238,151430000,1
1527811920000,1527811979000,82.237,82.274,82.237,82.249,135490000,1
1527811980000,1527812039000,82.247,82.275,82.246,82.271,114700000,1
1527812040000,1527812099000,82.271,82.277,82.262,82.274,106780000,1
1527812100000,1527812159000,82.274,82.279,82.27,82.273,68270000,1
1527812160000,1527812219000,82.273,82.279,82.268,82.272,78390000,1
1527812220000,1527812279000,82.275,82.277,82.254,82.269,136040000,1
1527812280000,1527812339000,82.269,82.277,82.259,82.262,144740000,1
1527812340000,1527812399000,82.262,82.264,82.255,82.261,84950000,1
1527812400000,1527812459000,82.263,82.27,82.259,82.26,71960000,1
1527812460000,1527812519000,82.257,82.257,82.223,82.236,100510000,1
1527812520000,1527812579000,82.237,82.26,82.237,82.251,54800000,1
1527812580000,1527812639000,82.252,82.257,82.248,82.248,36410000,1
1527812640000,1527812699000,82.248,82.249,82.247,82.248,27070000,1
1527812700000,1527812759000,82.249,82.256,82.244,82.255,64150000,1
1527812760000,1527812819000,82.255,82.279,82.248,82.265,104790000,1
1527812820000,1527812879000,82.265,82.269,82.257,82.258,61360000,1
1527812880000,1527812939000,82.258,82.26,82.247,82.252,64860000,1
1527812940000,1527812999000,82.251,82.267,82.251,82.267,56840000,1
1527813000000,1527813059000,82.267,82.269,82.257,82.259,65680000,1
1527813060000,1527813119000,82.261,82.261,82.243,82.247,45940000,1
1527813120000,1527813179000,82.248,82.278,82.248,82.277,58380000,1
1527813180000,1527813239000,82.276,82.297,82.275,82.297,54000000,1
1527813240000,1527813299000,82.298,82.305,82.295,82.295,54020000,1
1527813300000,1527813359000,82.295,82.307,82.283,82.306,79050000,1
1527813360000,1527813419000,82.308,82.366,82.307,82.352,128520000,1
1527813420000,1527813479000,82.353,82.376,82.353,82.365,73320000,1
1527813480000,1527813539000,82.364,82.37,82.363,82.37,67350000,1
1527813540000,1527813599000,82.369,82.369,82.357,82.363,61140000,1
1527813600000,1527813659000,82.363,82.377,82.354,82.358,60880000,1
1527813660000,1527813719000,82.358,82.363,82.336,82.336,80590000,1
1527813720000,1527813779000,82.334,82.376,82.333,82.37,104230000,1
1527813780000,1527813839000,82.369,82.374,82.366,82.374,64690000,1
1527813840000,1527813899000,82.376,82.384,82.369,82.374,86930000,1
1527813900000,1527813959000,82.373,82.373,82.356,82.361,106440000,1
1527813960000,1527814019000,82.36,82.383,82.36,82.372,164920000,1
1527814020000,1527814079000,82.372,82.382,82.362,82.365,89480000,1
1527814080000,1527814139000,82.366,82.366,82.351,82.361,79620000,1
1527814140000,1527814199000,82.359,82.394,82.35,82.382,141150000,1
1527814200000,1527814259000,82.38,82.384,82.352,82.36,131310000,1
1527814260000,1527814319000,82.35,82.386,82.34,82.374,99900000,1
1527814320000,1527814379000,82.373,82.382,82.365,82.382,94520000,1
1527814380000,1527814439000,82.38,82.409,82.38,82.397,143230000,1
1527814440000,1527814499000,82.398,82.429,82.396,82.41,169410000,1
1527814500000,1527814559000,82.406,82.408,82.37,82.382,184700000,1
1527814560000,1527814619000,82.382,82.383,82.354,82.361,107040000,1
1527814620000,1527814679000,82.361,82.361,82.352,82.356,39890000,1
1527814680000,1527814739000,82.355,82.356,82.35,82.351,45680000,1
1527814740000,1527814799000,82.352,82.37,82.351,82.358,97010000,1
1527814800000,1527814859000,82.357,82.359,82.336,82.346,136730000,1
1527814860000,1527814919000,82.346,82.365,82.344,82.365,109610000,1
1527814920000,1527814979000,82.363,82.39,82.362,82.389,132610000,1
1527814980000,1527815039000,82.389,82.401,82.385,82.394,104240000,1
1527815040000,1527815099000,82.397,82.422,82.391,82.396,190320000,1
1527815100000,1527815159000,82.396,82.455,82.396,82.448,130010000,1
1527815160000,1527815219000,82.447,82.459,82.431,82.459,98780000,1
1527815220000,1527815279000,82.457,82.458,82.429,82.458,139320000,1
1527815280000,1527815339000,82.459,82.46,82.449,82.459,92690000,1
1527815340000,1527815399000,82.46,82.469,82.455,82.467,50190000,1
1527815400000,1527815459000,82.468,82.468,82.388,82.395,162440000,1
1527815460000,1527815519000,82.396,82.396,82.272,82.334,279690000,1
1527815520000,1527815579000,82.333,82.379,82.333,82.361,177290000,1
1527815580000,1527815639000,82.361,82.4,82.361,82.386,130700000,1
1527815640000,1527815699000,82.387,82.451,82.382,82.449,184430000,1
1527815700000,1527815759000,82.452,82.53,82.45,82.526,300110000,1
1527815760000,1527815819000,82.531,82.561,82.491,82.561,214160000,1
1527815820000,1527815879000,82.576,82.634,82.563,82.613,297750000,1
1527815880000,1527815939000,82.612,82.625,82.555,82.559,203970000,1
1527815940000,1527815999000,82.559,82.571,82.515,82.515,177070000,1
1527816000000,1527816059000,82.514,82.535,82.501,82.534,174420000,1
1527816060000,1527816119000,82.536,82.549,82.499,82.506,130100000,1
1527816120000,1527816179000,82.506,82.514,82.488,82.493,195540000,1
1527816180000,1527816239000,82.496,82.501,82.444,82.446,221400000,1
1527816240000,1527816299000,82.448,82.461,82.445,82.454,176750000,1
1527816300000,1527816359000,82.456,82.478,82.456,82.478,132010000,1
1527816360000,1527816419000,82.478,82.486,82.469,82.485,143880000,1
1527816420000,1527816479000,82.486,82.51,82.48,82.495,173610000,1
1527816480000,1527816539000,82.494,82.524,82.493,82.495,124460000,1
1527816540000,1527816599000,82.493,82.515,82.476,82.493,158360000,1
1527816600000,1527816659000,82.492,82.495,82.451,82.463,183680000,1
1527816660000,1527816719000,82.463,82.48,82.448,82.473,158170000,1
1527816720000,1527816779000,82.472,82.49,82.472,82.474,123730000,1
1527816780000,1527816839000,82.474,82.49,82.45,82.465,119540000,1
1527816840000,1527816899000,82.465,82.486,82.455,82.473,97330000,1
1527816900000,1527816959000,82.473,82.489,82.473,82.489,97130000,1
1527816960000,1527817019000,82.49,82.491,82.479,82.484,117820000,1
1527817020000,1527817079000,82.484,82.489,82.459,82.468,128260000,1
1527817080000,1527817139000,82.468,82.491,82.463,82.491,115580000,1
1527817140000,1527817199000,82.491,82.527,82.491,82.522,128000000,1
1527817200000,1527817259000,82.521,82.521,82.491,82.494,139660000,1
1527817260000,1527817319000,82.495,82.496,82.466,82.466,130460000,1
1527817320000,1527817379000,82.466,82.479,82.463,82.463,74800000,1
1527817380000,1527817439000,82.461,82.466,82.441,82.451,170360000,1
1527817440000,1527817499000,82.453,82.482,82.452,82.481,177260000,1
1527817500000,1527817559000,82.482,82.482,82.459,82.469,146170000,1
1527817560000,1527817619000,82.47,82.492,82.46,82.488,71240000,1
1527817620000,1527817679000,82.489,82.504,82.486,82.488,118480000,1
1527817680000,1527817739000,82.486,82.496,82.457,82.465,128910000,1
1527817740000,1527817799000,82.465,82.489,82.462,82.473,108030000,1
1527817800000,1527817859000,82.473,82.474,82.447,82.45,170950000,1
1527817860000,1527817919000,82.45,82.45,82.437,82.441,93300000,1
1527817920000,1527817979000,82.441,82.456,82.431,82.444,117200000,1
1527817980000,1527818039000,82.444,82.468,82.442,82.468,126750000,1
1527818040000,1527818099000,82.467,82.489,82.454,82.489,148750000,1
1527818100000,1527818159000,82.489,82.492,82.459,82.46,165020000,1
1527818160000,1527818219000,82.462,82.465,82.443,82.443,137800000,1
1527818220000,1527818279000,82.444,82.48,82.444,82.477,92210000,1
1527818280000,1527818339000,82.476,82.486,82.462,82.478,143150000,1
1527818340000,1527818399000,82.48,82.511,82.473,82.507,134000000,1
1527818400000,1527818459000,82.507,82.507,82.481,82.503,120740000,1
1527818460000,1527818519000,82.502,82.504,82.487,82.487,73090000,1
1527818520000,1527818579000,82.486,82.5,82.455,82.471,177150000,1
1527818580000,1527818639000,82.472,82.476,82.456,82.47,115820000,1
1527818640000,1527818699000,82.468,82.477,82.456,82.467,112780000,1
1527818700000,1527818759000,82.467,82.47,82.453,82.455,102220000,1
1527818760000,1527818819000,82.455,82.457,82.441,82.451,99650000,1
1527818820000,1527818879000,82.451,82.484,82.451,82.478,157880000,1
1527818880000,1527818939000,82.478,82.479,82.456,82.475,144070000,1
1527818940000,1527818999000,82.475,82.501,82.475,82.477,119170000,1
1527819000000,1527819059000,82.476,82.479,82.455,82.46,186780000,1
1527819060000,1527819119000,82.46,82.477,82.447,82.466,101530000,1
1527819120000,1527819179000,82.467,82.469,82.45,82.454,138480000,1
1527819180000,1527819239000,82.455,82.474,82.455,82.455,68020000,1
1527819240000,1527819299000,82.457,82.461,82.447,82.454,91340000,1
1527819300000,1527819359000,82.453,82.482,82.453,82.47,97600000,1
1527819360000,1527819419000,82.469,82.469,82.461,82.467,39260000,1
1527819420000,1527819479000,82.468,82.478,82.467,82.476,39040000,1
1527819480000,1527819539000,82.473,82.491,82.473,82.49,63590000,1
1527819540000,1527819599000,82.492,82.498,82.491,82.496,42350000,1
1527819600000,1527819659000,82.499,82.504,82.473,82.478,97320000,1
1527819660000,1527819719000,82.478,82.494,82.478,82.49,57340000,1
1527819720000,1527819779000,82.49,82.54,82.49,82.535,94360000,1
1527819780000,1527819839000,82.537,82.537,82.497,82.504,91560000,1
1527819840000,1527819899000,82.504,82.51,82.493,82.507,91860000,1
1527819900000,1527819959000,82.508,82.516,82.492,82.498,93560000,1
1527819960000,1527820019000,82.498,82.523,82.498,82.523,52510000,1
1527820020000,1527820079000,82.523,82.523,82.501,82.504,93260000,1
1527820080000,1527820139000,82.504,82.505,82.499,82.5,46300000,1
1527820140000,1527820199000,82.499,82.537,82.497,82.524,126970000,1
1527820200000,1527820259000,82.527,82.536,82.522,82.524,116710000,1
1527820260000,1527820319000,82.523,82.524,82.509,82.514,125530000,1
1527820320000,1527820379000,82.515,82.52,82.494,82.509,108120000,1
1527820380000,1527820439000,82.51,82.527,82.509,82.523,103220000,1
1527820440000,1527820499000,82.523,82.535,82.523,82.535,83770000,1
1527820500000,1527820559000,82.535,82.535,82.517,82.522,66210000,1
1527820560000,1527820619000,82.524,82.53,82.513,82.529,87650000,1
1527820620000,1527820679000,82.527,82.527,82.508,82.508,66650000,1
1527820680000,1527820739000,82.507,82.507,82.488,82.495,102950000,1
1527820740000,1527820799000,82.495,82.496,82.486,82.486,46330000,1
1527820800000,1527820859000,82.484,82.489,82.472,82.478,79260000,1
1527820860000,1527820919000,82.478,82.479,82.468,82.475,60580000,1
1527820920000,1527820979000,82.475,82.478,82.474,82.474,35610000,1
1527820980000,1527821039000,82.474,82.479,82.467,82.478,61580000,1
1527821040000,1527821099000,82.478,82.48,82.47,82.474,87350000,1
1527821100000,1527821159000,82.474,82.474,82.468,82.469,77410000,1
1527821160000,1527821219000,82.469,82.483,82.467,82.481,70490000,1
1527821220000,1527821279000,82.482,82.496,82.482,82.494,31560000,1
1527821280000,1527821339000,82.493,82.495,82.488,82.49,26220000,1
1527821340000,1527821399000,82.49,82.499,82.489,82.495,32980000,1
1527821400000,1527821459000,82.495,82.499,82.485,82.492,73480000,1
1527821460000,1527821519000,82.493,82.493,82.476,82.488,64260000,1
1527821520000,1527821579000,82.487,82.496,82.483,82.491,93080000,1
1527821580000,1527821639000,82.492,82.515,82.48,82.512,95850000,1
1527821640000,1527821699000,82.511,82.511,82.497,82.508,66660000,1
1527821700000,1527821759000,82.509,82.515,82.509,82.51,49440000,1
1527821760000,1527821819000,82.511,82.541,82.509,82.531,119100000,1
1527821820000,1527821879000,82.53,82.534,82.518,82.518,88830000,1
1527821880000,1527821939000,82.518,82.518,82.505,82.517,139720000,1
1527821940000,1527821999000,82.515,82.533,82.515,82.528,154390000,1
1527822000000,1527822059000,82.531,82.569,82.53,82.569,204510000,1
1527822060000,1527822119000,82.568,82.583,82.562,82.564,199400000,1
1527822120000,1527822179000,82.563,82.564,82.543,82.561,178830000,1
1527822180000,1527822239000,82.56,82.573,82.556,82.568,110420000,1
1527822240000,1527822299000,82.568,82.568,82.544,82.549,66900000,1
1527822300000,1527822359000,82.549,82.559,82.549,82.559,73210000,1
1527822360000,1527822419000,82.56,82.567,82.543,82.554,172080000,1
1527822420000,1527822479000,82.552,82.554,82.527,82.529,173400000,1
1527822480000,1527822539000,82.53,82.537,82.512,82.517,139930000,1
1527822540000,1527822599000,82.517,82.517,82.492,82.496,79300000,1
1527822600000,1527822659000,82.496,82.516,82.496,82.51,106010000,1
1527822660000,1527822719000,82.511,82.511,82.499,82.5,54600000,1
1527822720000,1527822779000,82.5,82.514,82.497,82.497,126570000,1
1527822780000,1527822839000,82.497,82.505,82.491,82.505,70410000,1
1527822840000,1527822899000,82.505,82.505,82.464,82.473,110180000,1
1527822900000,1527822959000,82.473,82.477,82.457,82.459,80640000,1
1527822960000,1527823019000,82.458,82.458,82.423,82.424,150090000,1
1527823020000,1527823079000,82.424,82.435,82.423,82.433,86700000,1
1527823080000,1527823139000,82.433,82.439,82.431,82.438,110380000,1
1527823140000,1527823199000,82.438,82.454,82.429,82.454,117420000,1
1527823200000,1527823259000,82.454,82.456,82.44,82.447,140000000,1
1527823260000,1527823319000,82.447,82.456,82.433,82.438,155370000,1
1527823320000,1527823379000,82.44,82.453,82.438,82.449,127670000,1
1527823380000,1527823439000,82.449,82.456,82.415,82.419,119680000,1
1527823440000,1527823499000,82.42,82.443,82.404,82.437,211090000,1
1527823500000,1527823559000,82.437,82.453,82.437,82.441,137860000,1
1527823560000,1527823619000,82.44,82.44,82.425,82.433,111220000,1
1527823620000,1527823679000,82.433,82.447,82.428,82.435,201700000,1
1527823680000,1527823739000,82.434,82.459,82.429,82.446,105980000,1
1527823740000,1527823799000,82.446,82.454,82.438,82.438,39920000,1
1527823800000,1527823859000,82.438,82.444,82.427,82.432,78110000,1
1527823860000,1527823919000,82.433,82.436,82.43,82.432,57560000,1
1527823920000,1527823979000,82.433,82.446,82.432,82.435,50230000,1
1527823980000,1527824039000,82.434,82.436,82.428,82.436,35730000,1
1527824040000,1527824099000,82.435,82.435,82.419,82.431,92150000,1
1527824100000,1527824159000,82.431,82.452,82.431,82.435,102630000,1
1527824160000,1527824219000,82.433,82.447,82.43,82.447,52370000,1
1527824220000,1527824279000,82.446,82.449,82.431,82.438,50760000,1
1527824280000,1527824339000,82.437,82.439,82.437,82.439,13690000,1
1527824340000,1527824399000,82.439,82.444,82.432,82.436,60840000,1
1527824400000,1527824459000,82.435,82.448,82.43,82.438,69880000,1
1527824460000,1527824519000,82.438,82.445,82.431,82.435,46020000,1
1527824520000,1527824579000,82.434,82.439,82.432,82.433,19250000,1
1527824580000,1527824639000,82.433,82.433,82.43,82.43,10320000,1
1527824640000,1527824699000,82.43,82.44,82.43,82.433,46310000,1
1527824700000,1527824759000,82.433,82.435,82.427,82.427,29320000,1
1527824760000,1527824819000,82.426,82.432,82.426,82.432,28320000,1
1527824820000,1527824879000,82.434,82.437,82.432,82.435,48880000,1
1527824880000,1527824939000,82.435,82.439,82.432,82.438,26010000,1
1527824940000,1527824999000,82.438,82.438,82.428,82.432,59600000,1
1527825000000,1527825059000,82.432,82.441,82.432,82.434,71350000,1
1527825060000,1527825119000,82.436,82.439,82.43,82.43,48890000,1
1527825120000,1527825179000,82.43,82.432,82.421,82.426,76160000,1
1527825180000,1527825239000,82.426,82.434,82.426,82.431,56400000,1
1527825240000,1527825299000,82.428,82.434,82.409,82.409,125720000,1
1527825300000,1527825359000,82.409,82.422,82.409,82.416,77520000,1
1527825360000,1527825419000,82.416,82.427,82.415,82.417,96600000,1
1527825420000,1527825479000,82.417,82.423,82.412,82.423,70910000,1
1527825480000,1527825539000,82.423,82.423,82.412,82.419,88940000,1
1527825540000,1527825599000,82.419,82.425,82.412,82.412,84980000,1
1527825600000,1527825659000,82.412,82.412,82.368,82.378,153620000,1
1527825660000,1527825719000,82.378,82.382,82.364,82.368,114750000,1
1527825720000,1527825779000,82.368,82.372,82.363,82.366,64360000,1
1527825780000,1527825839000,82.366,82.384,82.364,82.375,59220000,1
1527825840000,1527825899000,82.377,82.387,82.37,82.387,65230000,1
1527825900000,1527825959000,82.387,82.39,82.385,82.386,34950000,1
1527825960000,1527826019000,82.386,82.387,82.378,82.384,52210000,1
1527826020000,1527826079000,82.383,82.392,82.382,82.391,39900000,1
1527826080000,1527826139000,82.392,82.392,82.355,82.355,91500000,1
1527826140000,1527826199000,82.355,82.362,82.319,82.322,122700000,1
1527826200000,1527826259000,82.32,82.355,82.319,82.352,111740000,1
1527826260000,1527826319000,82.354,82.369,82.354,82.359,99200000,1
1527826320000,1527826379000,82.358,82.36,82.351,82.36,76840000,1
1527826380000,1527826439000,82.359,82.37,82.359,82.37,79310000,1
1527826440000,1527826499000,82.372,82.378,82.366,82.378,70210000,1
1527826500000,1527826559000,82.378,82.383,82.373,82.379,73090000,1
1527826560000,1527826619000,82.379,82.39,82.379,82.384,38700000,1
1527826620000,1527826679000,82.383,82.383,82.379,82.383,40650000,1
1527826680000,1527826739000,82.383,82.384,82.379,82.38,46510000,1
1527826740000,1527826799000,82.38,82.385,82.358,82.363,52390000,1
1527826800000,1527826859000,82.364,82.366,82.36,82.366,38880000,1
1527826860000,1527826919000,82.365,82.376,82.365,82.376,22620000,1
1527826920000,1527826979000,82.376,82.383,82.376,82.382,19960000,1
1527826980000,1527827039000,82.382,82.382,82.366,82.373,83310000,1
1527827040000,1527827099000,82.373,82.377,82.371,82.371,44370000,1
1527827100000,1527827159000,82.371,82.376,82.359,82.363,59730000,1
1527827160000,1527827219000,82.363,82.367,82.353,82.366,82630000,1
1527827220000,1527827279000,82.365,82.374,82.36,82.374,68310000,1
1527827280000,1527827339000,82.375,82.376,82.358,82.358,42520000,1
1527827340000,1527827399000,82.358,82.358,82.342,82.357,67300000,1
1527827400000,1527827459000,82.358,82.376,82.358,82.376,56000000,1
1527827460000,1527827519000,82.376,82.378,82.37,82.377,56620000,1
1527827520000,1527827579000,82.376,82.384,82.372,82.383,63560000,1
1527827580000,1527827639000,82.383,82.383,82.371,82.375,62710000,1
1527827640000,1527827699000,82.375,82.375,82.367,82.373,44760000,1
1527827700000,1527827759000,82.374,82.378,82.374,82.377,38040000,1
1527827760000,1527827819000,82.377,82.377,82.362,82.366,50230000,1
1527827820000,1527827879000,82.368,82.368,82.367,82.367,16310000,1
1527827880000,1527827939000,82.367,82.39,82.367,82.371,90350000,1
1527827940000,1527827999000,82.37,82.376,82.364,82.376,32710000,1
1527828000000,1527828059000,82.376,82.381,82.376,82.38,30640000,1
1527828060000,1527828119000,82.382,82.383,82.376,82.382,28230000,1
1527828120000,1527828179000,82.383,82.383,82.374,82.376,34530000,1
1527828180000,1527828239000,82.376,82.395,82.376,82.394,49910000,1
1527828240000,1527828299000,82.393,82.393,82.385,82.389,27190000,1
1527828300000,1527828359000,82.389,82.404,82.387,82.404,46320000,1
1527828360000,1527828419000,82.406,82.406,82.382,82.393,87240000,1
1527828420000,1527828479000,82.393,82.406,82.391,82.392,63560000,1
1527828480000,1527828539000,82.392,82.392,82.365,82.37,93620000,1
1527828540000,1527828599000,82.371,82.383,82.368,82.378,67470000,1
1527828600000,1527828659000,82.378,82.378,82.359,82.359,73080000,1
1527828660000,1527828719000,82.359,82.364,82.329,82.332,118600000,1
1527828720000,1527828779000,82.333,82.335,82.331,82.335,71420000,1
1527828780000,1527828839000,82.335,82.337,82.334,82.334,25820000,1
1527828840000,1527828899000,82.334,82.335,82.323,82.324,56010000,1
1527828900000,1527828959000,82.324,82.342,82.324,82.34,73640000,1
1527828960000,1527829019000,82.341,82.347,82.333,82.339,62200000,1
1527829020000,1527829079000,82.339,82.35,82.339,82.344,77520000,1
1527829080000,1527829139000,82.345,82.352,82.338,82.35,66950000,1
1527829140000,1527829199000,82.348,82.359,82.347,82.359,98030000,1
1527829200000,1527829259000,82.359,82.361,82.339,82.346,95550000,1
1527829260000,1527829319000,82.344,82.364,82.344,82.362,80060000,1
1527829320000,1527829379000,82.361,82.366,82.357,82.364,39630000,1
1527829380000,1527829439000,82.363,82.367,82.352,82.352,57370000,1
1527829440000,1527829499000,82.351,82.353,82.302,82.302,122870000,1
1527829500000,1527829559000,82.301,82.303,82.259,82.263,156590000,1
1527829560000,1527829619000,82.263,82.265,82.23,82.239,161990000,1
1527829620000,1527829679000,82.24,82.264,82.237,82.263,150860000,1
1527829680000,1527829739000,82.262,82.262,82.226,82.227,160330000,1
1527829740000,1527829799000,82.227,82.228,82.207,82.209,173050000,1
1527829800000,1527829859000,82.209,82.226,82.204,82.222,149230000,1
1527829860000,1527829919000,82.227,82.231,82.213,82.227,84860000,1
1527829920000,1527829979000,82.227,82.236,82.22,82.222,53500000,1
1527829980000,1527830039000,82.222,82.24,82.222,82.237,40010000,1
1527830040000,1527830099000,82.239,82.248,82.235,82.246,45130000,1
1527830100000,1527830159000,82.249,82.259,82.239,82.259,44830000,1
1527830160000,1527830219000,82.258,82.269,82.257,82.262,63530000,1
1527830220000,1527830279000,82.261,82.266,82.254,82.265,48550000,1
1527830280000,1527830339000,82.266,82.266,82.249,82.258,98470000,1
1527830340000,1527830399000,82.259,82.26,82.257,82.26,29560000,1
1527830400000,1527830459000,82.26,82.265,82.258,82.261,65250000,1
1527830460000,1527830519000,82.261,82.267,82.256,82.259,72770000,1
1527830520000,1527830579000,82.257,82.261,82.251,82.26,44530000,1
1527830580000,1527830639000,82.258,82.26,82.257,82.26,31500000,1
1527830640000,1527830699000,82.261,82.274,82.261,82.271,76240000,1
1527830700000,1527830759000,82.273,82.28,82.27,82.28,52720000,1
1527830760000,1527830819000,82.281,82.285,82.278,82.282,45940000,1
1527830820000,1527830879000,82.283,82.3,82.283,82.298,83580000,1
1527830880000,1527830939000,82.298,82.298,82.286,82.29,68940000,1
1527830940000,1527830999000,82.29,82.3,82.287,82.3,80440000,1
1527831000000,1527831059000,82.3,82.302,82.288,82.302,142300000,1
1527831060000,1527831119000,82.303,82.318,82.303,82.314,66060000,1
1527831120000,1527831179000,82.313,82.316,82.306,82.316,115860000,1
1527831180000,1527831239000,82.315,82.315,82.301,82.305,75580000,1
1527831240000,1527831299000,82.305,82.306,82.287,82.287,86190000,1
1527831300000,1527831359000,82.287,82.311,82.283,82.311,68650000,1
1527831360000,1527831419000,82.31,82.311,82.296,82.297,64560000,1
1527831420000,1527831479000,82.297,82.306,82.296,82.303,60140000,1
1527831480000,1527831539000,82.302,82.304,82.3,82.303,48950000,1
1527831540000,1527831599000,82.303,82.306,82.298,82.305,78250000,1
1527831600000,1527831659000,82.308,82.312,82.288,82.289,73240000,1
1527831660000,1527831719000,82.289,82.3,82.287,82.289,51990000,1
1527831720000,1527831779000,82.29,82.306,82.29,82.295,58050000,1
1527831780000,1527831839000,82.295,82.298,82.267,82.281,81160000,1
1527831840000,1527831899000,82.282,82.283,82.276,82.28,75800000,1
1527831900000,1527831959000,82.281,82.287,82.272,82.284,79980000,1
1527831960000,1527832019000,82.284,82.288,82.281,82.286,59840000,1
1527832020000,1527832079000,82.286,82.295,82.28,82.295,62000000,1
1527832080000,1527832139000,82.294,82.3,82.29,82.293,76360000,1
1527832140000,1527832199000,82.293,82.298,82.289,82.293,75400000,1
1527832200000,1527832259000,82.293,82.301,82.293,82.3,47470000,1
1527832260000,1527832319000,82.301,82.311,82.3,82.311,58610000,1
1527832320000,1527832379000,82.31,82.312,82.296,82.296,77550000,1
1527832380000,1527832439000,82.296,82.303,82.294,82.303,57660000,1
1527832440000,1527832499000,82.303,82.307,82.265,82.265,113170000,1
1527832500000,1527832559000,82.262,82.27,82.255,82.261,106810000,1
1527832560000,1527832619000,82.262,82.271,82.258,82.262,79380000,1
1527832620000,1527832679000,82.261,82.261,82.249,82.249,93410000,1
1527832680000,1527832739000,82.248,82.248,82.239,82.242,77040000,1
1527832740000,1527832799000,82.241,82.253,82.24,82.24,140000000,1
1527832800000,1527832859000,82.24,82.276,82.24,82.268,113340000,1
1527832860000,1527832919000,82.268,82.289,82.267,82.289,97300000,1
1527832920000,1527832979000,82.289,82.361,82.289,82.359,146830000,1
1527832980000,1527833039000,82.357,82.357,82.334,82.335,174780000,1
1527833040000,1527833099000,82.335,82.337,82.305,82.312,211270000,1
1527833100000,1527833159000,82.312,82.317,82.268,82.275,182530000,1
1527833160000,1527833219000,82.274,82.307,82.271,82.288,244730000,1
1527833220000,1527833279000,82.288,82.317,82.285,82.3,238520000,1
1527833280000,1527833339000,82.3,82.303,82.288,82.29,115110000,1
1527833340000,1527833399000,82.289,82.298,82.27,82.27,171140000,1
1527833400000,1527833459000,82.274,82.281,82.263,82.27,227600000,1
1527833460000,1527833519000,82.27,82.27,82.242,82.246,172950000,1
1527833520000,1527833579000,82.246,82.275,82.244,82.263,160380000,1
1527833580000,1527833639000,82.261,82.288,82.254,82.284,136850000,1
1527833640000,1527833699000,82.283,82.292,82.26,82.277,154230000,1
1527833700000,1527833759000,82.28,82.283,82.246,82.257,197300000,1
1527833760000,1527833819000,82.255,82.275,82.255,82.272,199310000,1
1527833820000,1527833879000,82.271,82.276,82.25,82.26,123610000,1
1527833880000,1527833939000,82.259,82.262,82.226,82.246,186220000,1
1527833940000,1527833999000,82.246,82.258,82.233,82.258,167560000,1
1527834000000,1527834059000,82.26,82.295,82.25,82.26,235460000,1
1527834060000,1527834119000,82.26,82.269,82.248,82.269,204130000,1
1527834120000,1527834179000,82.268,82.27,82.259,82.262,110020000,1
1527834180000,1527834239000,82.263,82.273,82.255,82.266,159700000,1
1527834240000,1527834299000,82.266,82.293,82.262,82.289,176300000,1
1527834300000,1527834359000,82.289,82.304,82.282,82.303,135100000,1
1527834360000,1527834419000,82.303,82.322,82.303,82.32,99690000,1
1527834420000,1527834479000,82.32,82.324,82.289,82.306,120920000,1
1527834480000,1527834539000,82.305,82.327,82.304,82.327,97460000,1
1527834540000,1527834599000,82.327,82.333,82.324,82.329,92380000,1
1527834600000,1527834659000,82.328,82.333,82.314,82.333,202290000,1
1527834660000,1527834719000,82.334,82.336,82.327,82.332,112610000,1
1527834720000,1527834779000,82.332,82.364,82.322,82.359,146620000,1
1527834780000,1527834839000,82.358,82.358,82.333,82.339,148470000,1
1527834840000,1527834899000,82.339,82.339,82.318,82.322,89250000,1
1527834900000,1527834959000,82.321,82.349,82.32,82.34,80290000,1
1527834960000,1527835019000,82.338,82.338,82.322,82.328,138370000,1
1527835020000,1527835079000,82.328,82.336,82.316,82.318,117150000,1
1527835080000,1527835139000,82.319,82.323,82.313,82.32,152640000,1
1527835140000,1527835199000,82.323,82.351,82.323,82.351,146080000,1
1527835200000,1527835259000,82.353,82.355,82.341,82.348,96920000,1
1527835260000,1527835319000,82.349,82.357,82.342,82.357,101050000,1
1527835320000,1527835379000,82.355,82.369,82.354,82.363,79480000,1
1527835380000,1527835439000,82.366,82.403,82.363,82.398,163190000,1
1527835440000,1527835499000,82.399,82.421,82.393,82.419,117760000,1
1527835500000,1527835559000,82.42,82.42,82.407,82.408,165080000,1
1527835560000,1527835619000,82.408,82.408,82.376,82.388,167690000,1
1527835620000,1527835679000,82.389,82.389,82.371,82.387,133950000,1
1527835680000,1527835739000,82.388,82.399,82.384,82.384,111490000,1
1527835740000,1527835799000,82.384,82.398,82.368,82.371,145370000,1
1527835800000,1527835859000,82.371,82.4,82.37,82.393,130500000,1
1527835860000,1527835919000,82.393,82.409,82.385,82.392,118550000,1
1527835920000,1527835979000,82.391,82.391,82.366,82.382,153610000,1
1527835980000,1527836039000,82.384,82.395,82.379,82.394,128650000,1
1527836040000,1527836099000,82.394,82.399,82.388,82.398,150670000,1
1527836100000,1527836159000,82.397,82.419,82.395,82.418,174150000,1
1527836160000,1527836219000,82.418,82.419,82.402,82.407,110010000,1
1527836220000,1527836279000,82.409,82.418,82.396,82.414,161890000,1
1527836280000,1527836339000,82.414,82.432,82.409,82.421,184980000,1
1527836340000,1527836399000,82.422,82.432,82.397,82.398,191340000,1
1527836400000,1527836459000,82.399,82.426,82.378,82.417,302730000,1
1527836460000,1527836519000,82.417,82.431,82.414,82.423,194100000,1
1527836520000,1527836579000,82.421,82.449,82.418,82.441,203200000,1
1527836580000,1527836639000,82.439,82.444,82.403,82.407,187050000,1
1527836640000,1527836699000,82.408,82.417,82.375,82.378,140780000,1
1527836700000,1527836759000,82.377,82.389,82.347,82.35,133560000,1
1527836760000,1527836819000,82.352,82.377,82.348,82.375,137930000,1
1527836820000,1527836879000,82.375,82.38,82.368,82.371,129590000,1
1527836880000,1527836939000,82.371,82.376,82.363,82.371,121490000,1
1527836940000,1527836999000,82.37,82.385,82.369,82.38,90240000,1
1527837000000,1527837059000,82.381,82.385,82.367,82.371,158900000,1
1527837060000,1527837119000,82.371,82.377,82.363,82.365,186720000,1
1527837120000,1527837179000,82.363,82.379,82.351,82.377,123880000,1
1527837180000,1527837239000,82.379,82.408,82.378,82.397,156650000,1
1527837240000,1527837299000,82.395,82.421,82.391,82.398,140520000,1
1527837300000,1527837359000,82.398,82.447,82.398,82.433,143530000,1
1527837360000,1527837419000,82.433,82.449,82.433,82.439,145810000,1
1527837420000,1527837479000,82.438,82.456,82.434,82.452,145470000,1
1527837480000,1527837539000,82.452,82.459,82.442,82.447,151150000,1
1527837540000,1527837599000,82.447,82.46,82.444,82.46,126600000,1
1527837600000,1527837659000,82.459,82.473,82.448,82.462,135640000,1
1527837660000,1527837719000,82.461,82.471,82.446,82.462,105650000,1
1527837720000,1527837779000,82.463,82.473,82.454,82.457,88440000,1
1527837780000,1527837839000,82.459,82.491,82.459,82.48,128040000,1
1527837840000,1527837899000,82.479,82.479,82.452,82.457,100950000,1
1527837900000,1527837959000,82.457,82.458,82.445,82.452,150430000,1
1527837960000,1527838019000,82.452,82.456,82.447,82.454,88370000,1
1527838020000,1527838079000,82.455,82.485,82.455,82.484,58000000,1
1527838080000,1527838139000,82.483,82.484,82.469,82.479,106540000,1
1527838140000,1527838199000,82.479,82.486,82.476,82.486,61800000,1
1527838200000,1527838259000,82.488,82.5,82.474,82.499,116520000,1
1527838260000,1527838319000,82.498,82.541,82.495,82.539,146390000,1
1527838320000,1527838379000,82.536,82.536,82.511,82.523,191800000,1
1527838380000,1527838439000,82.521,82.538,82.515,82.538,112090000,1
1527838440000,1527838499000,82.54,82.603,82.537,82.587,163770000,1
1527838500000,1527838559000,82.586,82.589,82.554,82.564,149220000,1
1527838560000,1527838619000,82.565,82.567,82.55,82.55,134090000,1
1527838620000,1527838679000,82.55,82.559,82.537,82.543,141670000,1
1527838680000,1527838739000,82.545,82.551,82.537,82.538,129710000,1
1527838740000,1527838799000,82.538,82.552,82.535,82.538,112470000,1
1527838800000,1527838859000,82.539,82.542,82.531,82.539,137570000,1
1527838860000,1527838919000,82.54,82.543,82.516,82.522,160240000,1
1527838920000,1527838979000,82.521,82.522,82.504,82.517,139700000,1
1527838980000,1527839039000,82.517,82.538,82.515,82.538,99110000,1
1527839040000,1527839099000,82.54,82.567,82.54,82.556,149110000,1
1527839100000,1527839159000,82.557,82.573,82.537,82.538,141530000,1
1527839160000,1527839219000,82.538,82.538,82.522,82.531,131320000,1
1527839220000,1527839279000,82.531,82.533,82.513,82.516,93530000,1
1527839280000,1527839339000,82.518,82.539,82.513,82.525,123100000,1
1527839340000,1527839399000,82.524,82.528,82.501,82.513,111200000,1
1527839400000,1527839459000,82.513,82.523,82.496,82.502,129010000,1
1527839460000,1527839519000,82.502,82.517,82.465,82.465,139680000,1
1527839520000,1527839579000,82.467,82.482,82.467,82.475,119000000,1
1527839580000,1527839639000,82.474,82.477,82.44,82.447,109710000,1
1527839640000,1527839699000,82.447,82.477,82.447,82.468,119740000,1
1527839700000,1527839759000,82.467,82.492,82.455,82.458,137030000,1
1527839760000,1527839819000,82.457,82.488,82.452,82.486,128900000,1
1527839820000,1527839879000,82.484,82.486,82.464,82.464,137050000,1
1527839880000,1527839939000,82.465,82.477,82.457,82.468,123330000,1
1527839940000,1527839999000,82.47,82.473,82.458,82.459,126510000,1
1527840000000,1527840059000,82.458,82.497,82.446,82.494,156380000,1
1527840060000,1527840119000,82.494,82.497,82.463,82.471,170320000,1
1527840120000,1527840179000,82.472,82.477,82.459,82.471,166120000,1
1527840180000,1527840239000,82.471,82.475,82.457,82.457,154210000,1
1527840240000,1527840299000,82.458,82.47,82.455,82.466,99120000,1
1527840300000,1527840359000,82.464,82.465,82.448,82.461,124570000,1
1527840360000,1527840419000,82.463,82.468,82.455,82.456,76490000,1
1527840420000,1527840479000,82.455,82.456,82.442,82.449,77980000,1
1527840480000,1527840539000,82.448,82.476,82.448,82.463,105630000,1
1527840540000,1527840599000,82.462,82.466,82.449,82.456,163110000,1
1527840600000,1527840659000,82.458,82.462,82.437,82.44,122730000,1
1527840660000,1527840719000,82.441,82.445,82.412,82.432,179290000,1
1527840720000,1527840779000,82.431,82.44,82.416,82.436,118490000,1
1527840780000,1527840839000,82.437,82.442,82.423,82.423,93780000,1
1527840840000,1527840899000,82.423,82.433,82.423,82.423,74040000,1
1527840900000,1527840959000,82.423,82.423,82.378,82.38,109610000,1
1527840960000,1527841019000,82.381,82.391,82.378,82.378,103500000,1
1527841020000,1527841079000,82.377,82.384,82.376,82.376,89970000,1
1527841080000,1527841139000,82.377,82.378,82.35,82.361,165370000,1
1527841140000,1527841199000,82.363,82.364,82.356,82.364,72410000,1
1527841200000,1527841259000,82.365,82.382,82.364,82.381,94360000,1
1527841260000,1527841319000,82.381,82.395,82.381,82.39,90990000,1
1527841320000,1527841379000,82.39,82.395,82.388,82.393,80500000,1
1527841380000,1527841439000,82.393,82.393,82.38,82.382,103490000,1
1527841440000,1527841499000,82.383,82.386,82.364,82.366,91540000,1
1527841500000,1527841559000,82.365,82.382,82.362,82.368,137040000,1
1527841560000,1527841619000,82.367,82.367,82.344,82.358,78430000,1
1527841620000,1527841679000,82.357,82.358,82.347,82.357,48830000,1
1527841680000,1527841739000,82.359,82.362,82.357,82.361,31970000,1
1527841740000,1527841799000,82.362,82.362,82.349,82.351,94830000,1
1527841800000,1527841859000,82.351,82.387,82.351,82.364,137750000,1
1527841860000,1527841919000,82.363,82.371,82.363,82.368,75290000,1
1527841920000,1527841979000,82.368,82.368,82.348,82.354,97950000,1
1527841980000,1527842039000,82.357,82.364,82.357,82.361,66800000,1
1527842040000,1527842099000,82.363,82.401,82.359,82.401,134800000,1
1527842100000,1527842159000,82.401,82.407,82.385,82.385,123690000,1
1527842160000,1527842219000,82.389,82.397,82.378,82.39,82620000,1
1527842220000,1527842279000,82.389,82.392,82.381,82.383,60090000,1
1527842280000,1527842339000,82.384,82.396,82.383,82.388,110300000,1
1527842340000,1527842399000,82.389,82.41,82.389,82.401,157330000,1
1527842400000,1527842459000,82.404,82.407,82.393,82.395,128240000,1
1527842460000,1527842519000,82.394,82.399,82.391,82.398,76760000,1
1527842520000,1527842579000,82.4,82.407,82.386,82.396,107760000,1
1527842580000,1527842639000,82.396,82.401,82.38,82.386,94180000,1
1527842640000,1527842699000,82.386,82.388,82.379,82.387,138210000,1
1527842700000,1527842759000,82.388,82.399,82.385,82.386,86240000,1
1527842760000,1527842819000,82.386,82.394,82.38,82.385,78760000,1
1527842820000,1527842879000,82.386,82.427,82.386,82.427,114930000,1
1527842880000,1527842939000,82.426,82.432,82.412,82.413,103020000,1
1527842940000,1527842999000,82.413,82.414,82.407,82.407,60650000,1
1527843000000,1527843059000,82.407,82.412,82.399,82.399,82350000,1
1527843060000,1527843119000,82.401,82.409,82.391,82.395,148560000,1
1527843120000,1527843179000,82.395,82.401,82.387,82.387,109820000,1
1527843180000,1527843239000,82.387,82.388,82.376,82.379,123700000,1
1527843240000,1527843299000,82.379,82.379,82.369,82.376,83400000,1
1527843300000,1527843359000,82.375,82.407,82.374,82.407,125320000,1
1527843360000,1527843419000,82.407,82.408,82.392,82.395,73030000,1
1527843420000,1527843479000,82.396,82.406,82.383,82.403,122840000,1
1527843480000,1527843539000,82.404,82.408,82.396,82.396,75760000,1
1527843540000,1527843599000,82.396,82.411,82.396,82.41,154450000,1
1527843600000,1527843659000,82.414,82.416,82.397,82.403,102660000,1
1527843660000,1527843719000,82.403,82.413,82.401,82.413,126480000,1
1527843720000,1527843779000,82.412,82.439,82.412,82.433,189590000,1
1527843780000,1527843839000,82.432,82.437,82.425,82.436,108950000,1
1527843840000,1527843899000,82.435,82.435,82.424,82.433,123490000,1
1527843900000,1527843959000,82.432,82.439,82.43,82.433,117310000,1
1527843960000,1527844019000,82.432,82.445,82.432,82.441,98350000,1
1527844020000,1527844079000,82.441,82.458,82.44,82.449,110660000,1
1527844080000,1527844139000,82.449,82.449,82.42,82.423,123860000,1
1527844140000,1527844199000,82.421,82.437,82.421,82.421,106190000,1
1527844200000,1527844259000,82.42,82.42,82.403,82.408,87390000,1
1527844260000,1527844319000,82.407,82.41,82.375,82.376,132840000,1
1527844320000,1527844379000,82.374,82.374,82.351,82.353,105720000,1
1527844380000,1527844439000,82.352,82.359,82.342,82.356,155360000,1
1527844440000,1527844499000,82.358,82.372,82.356,82.361,72780000,1
1527844500000,1527844559000,82.361,82.361,82.34,82.343,143920000,1
1527844560000,1527844619000,82.345,82.345,82.333,82.34,151120000,1
1527844620000,1527844679000,82.34,82.358,82.329,82.332,172230000,1
1527844680000,1527844739000,82.333,82.344,82.331,82.343,81810000,1
1527844740000,1527844799000,82.342,82.343,82.32,82.327,151570000,1
1527844800000,1527844859000,82.328,82.338,82.328,82.337,50000000,1
1527844860000,1527844919000,82.337,82.352,82.336,82.346,127430000,1
1527844920000,1527844979000,82.347,82.358,82.346,82.354,97100000,1
1527844980000,1527845039000,82.354,82.36,82.35,82.356,102650000,1
1527845040000,1527845099000,82.358,82.373,82.357,82.357,112660000,1
1527845100000,1527845159000,82.362,82.396,82.362,82.391,156620000,1
1527845160000,1527845219000,82.391,82.409,82.385,82.388,175530000,1
1527845220000,1527845279000,82.385,82.388,82.366,82.385,102300000,1
1527845280000,1527845339000,82.384,82.384,82.37,82.37,136810000,1
1527845340000,1527845399000,82.37,82.384,82.368,82.383,117210000,1
1527845400000,1527845459000,82.381,82.385,82.357,82.369,125990000,1
1527845460000,1527845519000,82.367,82.381,82.364,82.38,98330000,1
1527845520000,1527845579000,82.379,82.379,82.354,82.355,176570000,1
1527845580000,1527845639000,82.355,82.36,82.352,82.358,98290000,1
1527845640000,1527845699000,82.357,82.378,82.356,82.376,92940000,1
1527845700000,1527845759000,82.374,82.4,82.363,82.393,132660000,1
1527845760000,1527845819000,82.393,82.393,82.376,82.377,91930000,1
1527845820000,1527845879000,82.376,82.385,82.372,82.377,128670000,1
1527845880000,1527845939000,82.378,82.385,82.372,82.379,106500000,1
1527845940000,1527845999000,82.38,82.384,82.37,82.379,94430000,1
1527846000000,1527846059000,82.378,82.394,82.378,82.38,114080000,1
1527846060000,1527846119000,82.381,82.386,82.356,82.358,88180000,1
1527846120000,1527846179000,82.358,82.364,82.353,82.362,110450000,1
1527846180000,1527846239000,82.362,82.366,82.358,82.365,103660000,1
1527846240000,1527846299000,82.366,82.37,82.353,82.356,124600000,1
1527846300000,1527846359000,82.357,82.37,82.357,82.368,134570000,1
1527846360000,1527846419000,82.369,82.37,82.366,82.37,146370000,1
1527846420000,1527846479000,82.369,82.387,82.366,82.386,104320000,1
1527846480000,1527846539000,82.385,82.385,82.371,82.38,105060000,1
1527846540000,1527846599000,82.381,82.383,82.374,82.377,101320000,1
1527846600000,1527846659000,82.376,82.376,82.366,82.37,106890000,1
1527846660000,1527846719000,82.369,82.369,82.359,82.366,769640000,1
1527846720000,1527846779000,82.365,82.373,82.365,82.372,120180000,1
1527846780000,1527846839000,82.372,82.385,82.37,82.384,56250000,1
1527846840000,1527846899000,82.383,82.394,82.381,82.389,83860000,1
1527846900000,1527846959000,82.387,82.39,82.37,82.37,67880000,1
1527846960000,1527847019000,82.369,82.389,82.369,82.388,73050000,1
1527847020000,1527847079000,82.389,82.403,82.383,82.403,133970000,1
1527847080000,1527847139000,82.405,82.405,82.382,82.382,176300000,1
1527847140000,1527847199000,82.382,82.441,82.38,82.427,163820000,1
1527847200000,1527847259000,82.426,82.456,82.418,82.452,220040000,1
1527847260000,1527847319000,82.451,82.467,82.419,82.42,184250000,1
1527847320000,1527847379000,82.42,82.432,82.413,82.426,234590000,1
1527847380000,1527847439000,82.426,82.426,82.412,82.412,170200000,1
1527847440000,1527847499000,82.413,82.428,82.399,82.403,156940000,1
1527847500000,1527847559000,82.403,82.41,82.395,82.404,96670000,1
1527847560000,1527847619000,82.402,82.417,82.402,82.404,149880000,1
1527847620000,1527847679000,82.404,82.413,82.389,82.389,183350000,1
1527847680000,1527847739000,82.388,82.412,82.375,82.411,160790000,1
1527847740000,1527847799000,82.414,82.419,82.411,82.414,62250000,1
1527847800000,1527847859000,82.412,82.446,82.41,82.42,133720000,1
1527847860000,1527847919000,82.421,82.446,82.419,82.43,145440000,1
1527847920000,1527847979000,82.431,82.432,82.399,82.425,151760000,1
1527847980000,1527848039000,82.426,82.444,82.421,82.444,153320000,1
1527848040000,1527848099000,82.444,82.453,82.442,82.442,99980000,1
1527848100000,1527848159000,82.442,82.442,82.423,82.439,134610000,1
1527848160000,1527848219000,82.437,82.451,82.437,82.441,81240000,1
1527848220000,1527848279000,82.443,82.457,82.438,82.455,102130000,1
1527848280000,1527848339000,82.456,82.458,82.445,82.446,130760000,1
1527848340000,1527848399000,82.448,82.467,82.448,82.463,86690000,1
1527848400000,1527848459000,82.464,82.469,82.457,82.459,173600000,1
1527848460000,1527848519000,82.457,82.457,82.441,82.446,147470000,1
1527848520000,1527848579000,82.446,82.448,82.445,82.447,44600000,1
1527848580000,1527848639000,82.447,82.475,82.447,82.471,70230000,1
1527848640000,1527848699000,82.47,82.472,82.444,82.456,145120000,1
1527848700000,1527848759000,82.456,82.456,82.435,82.437,120270000,1
1527848760000,1527848819000,82.436,82.444,82.433,82.44,65060000,1
1527848820000,1527848879000,82.442,82.442,82.429,82.434,70280000,1
1527848880000,1527848939000,82.434,82.434,82.421,82.421,88200000,1
1527848940000,1527848999000,82.422,82.425,82.412,82.419,67000000,1
1527849000000,1527849059000,82.42,82.432,82.414,82.425,114620000,1
1527849060000,1527849119000,82.427,82.444,82.423,82.438,76850000,1
1527849120000,1527849179000,82.439,82.444,82.418,82.418,105440000,1
1527849180000,1527849239000,82.417,82.417,82.398,82.398,104270000,1
1527849240000,1527849299000,82.398,82.406,82.398,82.4,78860000,1
1527849300000,1527849359000,82.401,82.416,82.401,82.41,124270000,1
1527849360000,1527849419000,82.41,82.411,82.398,82.403,120120000,1
1527849420000,1527849479000,82.402,82.408,82.389,82.406,91390000,1
1527849480000,1527849539000,82.406,82.415,82.406,82.412,75440000,1
1527849540000,1527849599000,82.41,82.411,82.401,82.403,60980000,1
1527849600000,1527849659000,82.403,82.409,82.393,82.409,79760000,1
1527849660000,1527849719000,82.41,82.41,82.401,82.402,60800000,1
1527849720000,1527849779000,82.401,82.405,82.393,82.402,53740000,1
1527849780000,1527849839000,82.403,82.414,82.403,82.408,45880000,1
1527849840000,1527849899000,82.407,82.407,82.394,82.395,74620000,1
1527849900000,1527849959000,82.395,82.401,82.385,82.4,136390000,1
1527849960000,1527850019000,82.4,82.4,82.383,82.383,57030000,1
1527850020000,1527850079000,82.383,82.398,82.379,82.393,96170000,1
1527850080000,1527850139000,82.391,82.403,82.383,82.4,127110000,1
1527850140000,1527850199000,82.4,82.419,82.399,82.408,84340000,1
1527850200000,1527850259000,82.409,82.413,82.397,82.401,157300000,1
1527850260000,1527850319000,82.4,82.408,82.397,82.402,64720000,1
1527850320000,1527850379000,82.402,82.405,82.386,82.401,108100000,1
1527850380000,1527850439000,82.403,82.409,82.394,82.397,118170000,1
1527850440000,1527850499000,82.397,82.404,82.394,82.399,128200000,1
1527850500000,1527850559000,82.399,82.401,82.385,82.39,126290000,1
1527850560000,1527850619000,82.39,82.393,82.382,82.382,130220000,1
1527850620000,1527850679000,82.381,82.386,82.371,82.384,111060000,1
1527850680000,1527850739000,82.384,82.387,82.373,82.386,86950000,1
1527850740000,1527850799000,82.386,82.395,82.38,82.389,101160000,1
1527850800000,1527850859000,82.389,82.391,82.368,82.372,102650000,1
1527850860000,1527850919000,82.371,82.395,82.371,82.395,123020000,1
1527850920000,1527850979000,82.394,82.399,82.386,82.387,88000000,1
1527850980000,1527851039000,82.387,82.394,82.387,82.388,75370000,1
1527851040000,1527851099000,82.388,82.4,82.387,82.399,93170000,1
1527851100000,1527851159000,82.398,82.401,82.38,82.384,88420000,1
1527851160000,1527851219000,82.385,82.389,82.378,82.378,60780000,1
1527851220000,1527851279000,82.377,82.378,82.368,82.374,97690000,1
1527851280000,1527851339000,82.374,82.385,82.374,82.384,116060000,1
1527851340000,1527851399000,82.385,82.395,82.385,82.392,140220000,1
1527851400000,1527851459000,82.393,82.393,82.368,82.37,133030000,1
1527851460000,1527851519000,82.369,82.369,82.351,82.355,102390000,1
1527851520000,1527851579000,82.354,82.364,82.354,82.364,106340000,1
1527851580000,1527851639000,82.364,82.366,82.359,82.363,78860000,1
1527851640000,1527851699000,82.363,82.379,82.363,82.377,99010000,1
1527851700000,1527851759000,82.375,82.392,82.375,82.389,76430000,1
1527851760000,1527851819000,82.39,82.399,82.388,82.389,84610000,1
1527851820000,1527851879000,82.388,82.398,82.381,82.383,92340000,1
1527851880000,1527851939000,82.383,82.386,82.38,82.381,83600000,1
1527851940000,1527851999000,82.38,82.382,82.374,82.377,127390000,1
1527852000000,1527852059000,82.378,82.388,82.375,82.387,125620000,1
1527852060000,1527852119000,82.386,82.404,82.385,82.404,112300000,1
1527852120000,1527852179000,82.402,82.406,82.401,82.402,111600000,1
1527852180000,1527852239000,82.401,82.419,82.4,82.414,155230000,1
1527852240000,1527852299000,82.413,82.42,82.409,82.417,80540000,1
1527852300000,1527852359000,82.417,82.427,82.402,82.407,145230000,1
1527852360000,1527852419000,82.406,82.406,82.39,82.396,161770000,1
1527852420000,1527852479000,82.4,82.404,82.394,82.395,117320000,1
1527852480000,1527852539000,82.395,82.397,82.386,82.395,74330000,1
1527852540000,1527852599000,82.395,82.407,82.391,82.404,149910000,1
1527852600000,1527852659000,82.402,82.415,82.391,82.415,172690000,1
1527852660000,1527852719000,82.414,82.42,82.402,82.402,121670000,1
1527852720000,1527852779000,82.401,82.428,82.4,82.427,154670000,1
1527852780000,1527852839000,82.427,82.435,82.42,82.429,124660000,1
1527852840000,1527852899000,82.429,82.433,82.411,82.412,109660000,1
1527852900000,1527852959000,82.412,82.415,82.401,82.404,99110000,1
1527852960000,1527853019000,82.404,82.414,82.399,82.407,152240000,1
1527853020000,1527853079000,82.407,82.414,82.403,82.41,105940000,1
1527853080000,1527853139000,82.411,82.416,82.405,82.413,110260000,1
1527853140000,1527853199000,82.412,82.426,82.41,82.418,151880000,1
1527853200000,1527853259000,82.418,82.418,82.392,82.399,127830000,1
1527853260000,1527853319000,82.399,82.409,82.394,82.402,114250000,1
1527853320000,1527853379000,82.403,82.403,82.371,82.374,173790000,1
1527853380000,1527853439000,82.374,82.399,82.374,82.392,80880000,1
1527853440000,1527853499000,82.391,82.409,82.391,82.406,118060000,1
1527853500000,1527853559000,82.406,82.406,82.393,82.399,133390000,1
1527853560000,1527853619000,82.4,82.403,82.388,82.388,82250000,1
1527853620000,1527853679000,82.388,82.404,82.388,82.402,71660000,1
1527853680000,1527853739000,82.402,82.402,82.375,82.392,121200000,1
1527853740000,1527853799000,82.392,82.393,82.38,82.388,124260000,1
1527853800000,1527853859000,82.387,82.387,82.374,82.38,134290000,1
1527853860000,1527853919000,82.381,82.398,82.379,82.392,129410000,1
1527853920000,1527853979000,82.393,82.419,82.393,82.416,225290000,1
1527853980000,1527854039000,82.417,82.453,82.413,82.428,195780000,1
1527854040000,1527854099000,82.429,82.429,82.419,82.426,151350000,1
1527854100000,1527854159000,82.426,82.429,82.371,82.392,244810000,1
1527854160000,1527854219000,82.39,82.396,82.382,82.392,162540000,1
1527854220000,1527854279000,82.391,82.402,82.386,82.395,184770000,1
1527854280000,1527854339000,82.395,82.421,82.395,82.418,118560000,1
1527854340000,1527854399000,82.418,82.44,82.409,82.44,171450000,1
1527854400000,1527854459000,82.439,82.462,82.433,82.457,169190000,1
1527854460000,1527854519000,82.458,82.462,82.442,82.456,161030000,1
1527854520000,1527854579000,82.456,82.472,82.456,82.46,157130000,1
1527854580000,1527854639000,82.46,82.462,82.446,82.455,171940000,1
1527854640000,1527854699000,82.454,82.462,82.454,82.456,104110000,1
1527854700000,1527854759000,82.456,82.458,82.426,82.43,91720000,1
1527854760000,1527854819000,82.429,82.438,82.417,82.422,119990000,1
1527854820000,1527854879000,82.423,82.447,82.422,82.432,226730000,1
1527854880000,1527854939000,82.431,82.434,82.413,82.42,127160000,1
1527854940000,1527854999000,82.421,82.421,82.398,82.42,137420000,1
1527855000000,1527855059000,82.418,82.431,82.406,82.412,132490000,1
1527855060000,1527855119000,82.413,82.429,82.406,82.419,99650000,1
1527855120000,1527855179000,82.416,82.436,82.416,82.429,86540000,1
1527855180000,1527855239000,82.432,82.448,82.426,82.448,97110000,1
1527855240000,1527855299000,82.447,82.447,82.429,82.44,136850000,1
1527855300000,1527855359000,82.44,82.446,82.435,82.446,119500000,1
1527855360000,1527855419000,82.446,82.453,82.437,82.442,151480000,1
1527855420000,1527855479000,82.442,82.451,82.438,82.445,108950000,1
1527855480000,1527855539000,82.445,82.45,82.439,82.439,102050000,1
1527855540000,1527855599000,82.439,82.446,82.435,82.435,201770000,1
1527855600000,1527855659000,82.433,82.442,82.419,82.434,209590000,1
1527855660000,1527855719000,82.434,82.449,82.429,82.436,177690000,1
1527855720000,1527855779000,82.435,82.455,82.431,82.452,122940000,1
1527855780000,1527855839000,82.453,82.461,82.447,82.449,88340000,1
1527855840000,1527855899000,82.448,82.448,82.436,82.44,121760000,1
1527855900000,1527855959000,82.441,82.455,82.441,82.455,112400000,1
1527855960000,1527856019000,82.452,82.456,82.435,82.437,106810000,1
1527856020000,1527856079000,82.437,82.482,82.437,82.482,108050000,1
1527856080000,1527856139000,82.482,82.515,82.482,82.506,146110000,1
1527856140000,1527856199000,82.505,82.523,82.419,82.424,306200000,1
1527856200000,1527856259000,82.426,82.497,82.359,82.435,430160000,1
1527856260000,1527856319000,82.434,82.478,82.431,82.449,321160000,1
1527856320000,1527856379000,82.448,82.492,82.423,82.461,297660000,1
1527856380000,1527856439000,82.46,82.473,82.397,82.426,293100000,1
1527856440000,1527856499000,82.428,82.453,82.411,82.424,277340000,1
1527856500000,1527856559000,82.423,82.469,82.423,82.469,254150000,1
1527856560000,1527856619000,82.468,82.51,82.467,82.508,227030000,1
1527856620000,1527856679000,82.508,82.568,82.504,82.568,294440000,1
1527856680000,1527856739000,82.569,82.576,82.55,82.566,261540000,1
1527856740000,1527856799000,82.567,82.592,82.542,82.574,264270000,1
1527856800000,1527856859000,82.574,82.575,82.543,82.574,222030000,1
1527856860000,1527856919000,82.573,82.578,82.549,82.56,198740000,1
1527856920000,1527856979000,82.56,82.575,82.551,82.568,237360000,1
1527856980000,1527857039000,82.567,82.624,82.562,82.6,279820000,1
1527857040000,1527857099000,82.598,82.6,82.556,82.556,283880000,1
1527857100000,1527857159000,82.557,82.571,82.552,82.559,146940000,1
1527857160000,1527857219000,82.559,82.586,82.544,82.567,163180000,1
1527857220000,1527857279000,82.566,82.566,82.534,82.548,194160000,1
1527857280000,1527857339000,82.551,82.564,82.534,82.539,175250000,1
1527857340000,1527857399000,82.538,82.562,82.518,82.518,158840000,1
1527857400000,1527857459000,82.519,82.531,82.501,82.518,273530000,1
1527857460000,1527857519000,82.518,82.55,82.518,82.541,212670000,1
1527857520000,1527857579000,82.54,82.545,82.506,82.541,252380000,1
1527857580000,1527857639000,82.54,82.575,82.528,82.555,199920000,1
1527857640000,1527857699000,82.554,82.584,82.55,82.579,204430000,1
1527857700000,1527857759000,82.579,82.582,82.551,82.553,222510000,1
1527857760000,1527857819000,82.549,82.557,82.524,82.555,243190000,1
1527857820000,1527857879000,82.554,82.558,82.53,82.55,192240000,1
1527857880000,1527857939000,82.551,82.557,82.535,82.541,207420000,1
1527857940000,1527857999000,82.541,82.584,82.541,82.581,161520000,1
1527858000000,1527858059000,82.58,82.596,82.567,82.592,235910000,1
1527858060000,1527858119000,82.592,82.636,82.583,82.628,209420000,1
1527858120000,1527858179000,82.626,82.664,82.625,82.645,193940000,1
1527858180000,1527858239000,82.649,82.652,82.611,82.611,155340000,1
1527858240000,1527858299000,82.608,82.636,82.607,82.632,206930000,1
1527858300000,1527858359000,82.631,82.661,82.625,82.645,218990000,1
1527858360000,1527858419000,82.645,82.651,82.634,82.645,168730000,1
1527858420000,1527858479000,82.647,82.673,82.645,82.671,127900000,1
1527858480000,1527858539000,82.672,82.674,82.626,82.633,154550000,1
1527858540000,1527858599000,82.634,82.675,82.633,82.675,187060000,1
1527858600000,1527858659000,82.674,82.718,82.674,82.718,204190000,1
1527858660000,1527858719000,82.718,82.727,82.704,82.708,171770000,1
1527858720000,1527858779000,82.707,82.71,82.69,82.699,241990000,1
1527858780000,1527858839000,82.699,82.711,82.69,82.693,200790000,1
1527858840000,1527858899000,82.693,82.693,82.647,82.649,186550000,1
1527858900000,1527858959000,82.652,82.666,82.638,82.65,192380000,1
1527858960000,1527859019000,82.654,82.661,82.636,82.645,186400000,1
1527859020000,1527859079000,82.644,82.666,82.639,82.65,134190000,1
1527859080000,1527859139000,82.649,82.649,82.618,82.642,147580000,1
1527859140000,1527859199000,82.641,82.656,82.637,82.651,160110000,1
1527859200000,1527859259000,82.649,82.649,82.63,82.639,122960000,1
1527859260000,1527859319000,82.64,82.643,82.597,82.599,150970000,1
1527859320000,1527859379000,82.597,82.617,82.596,82.606,152510000,1
1527859380000,1527859439000,82.607,82.626,82.601,82.601,175890000,1
1527859440000,1527859499000,82.602,82.609,82.589,82.594,157920000,1
1527859500000,1527859559000,82.594,82.613,82.594,82.61,161590000,1
1527859560000,1527859619000,82.613,82.627,82.608,82.625,159540000,1
1527859620000,1527859679000,82.626,82.628,82.589,82.624,154210000,1
1527859680000,1527859739000,82.625,82.657,82.61,82.645,181890000,1
1527859740000,1527859799000,82.648,82.679,82.646,82.676,203050000,1
1527859800000,1527859859000,82.674,82.675,82.653,82.671,184940000,1
1527859860000,1527859919000,82.673,82.681,82.652,82.681,159560000,1
1527859920000,1527859979000,82.676,82.695,82.663,82.663,168270000,1
1527859980000,1527860039000,82.666,82.681,82.651,82.652,141000000,1
1527860040000,1527860099000,82.653,82.69,82.652,82.69,131740000,1
1527860100000,1527860159000,82.69,82.719,82.69,82.717,211320000,1
1527860160000,1527860219000,82.717,82.723,82.695,82.695,212320000,1
1527860220000,1527860279000,82.694,82.701,82.684,82.688,143110000,1
1527860280000,1527860339000,82.687,82.709,82.687,82.706,168780000,1
1527860340000,1527860399000,82.706,82.711,82.685,82.693,201770000,1
1527860400000,1527860459000,82.693,82.7,82.669,82.677,164450000,1
1527860460000,1527860519000,82.677,82.696,82.668,82.69,96350000,1
1527860520000,1527860579000,82.689,82.704,82.684,82.704,130560000,1
1527860580000,1527860639000,82.704,82.715,82.678,82.678,110960000,1
1527860640000,1527860699000,82.68,82.687,82.668,82.685,129790000,1
1527860700000,1527860759000,82.685,82.694,82.673,82.677,83670000,1
1527860760000,1527860819000,82.683,82.699,82.672,82.699,109840000,1
1527860820000,1527860879000,82.7,82.726,82.691,82.703,162520000,1
1527860880000,1527860939000,82.703,82.722,82.685,82.688,147030000,1
1527860940000,1527860999000,82.689,82.692,82.653,82.667,162350000,1
1527861000000,1527861059000,82.665,82.7,82.665,82.694,163320000,1
1527861060000,1527861119000,82.692,82.706,82.677,82.703,147250000,1
1527861120000,1527861179000,82.702,82.727,82.702,82.708,155920000,1
1527861180000,1527861239000,82.709,82.715,82.695,82.702,133680000,1
1527861240000,1527861299000,82.701,82.721,82.692,82.698,122980000,1
1527861300000,1527861359000,82.697,82.719,82.696,82.717,117600000,1
1527861360000,1527861419000,82.718,82.755,82.718,82.732,181160000,1
1527861420000,1527861479000,82.732,82.741,82.725,82.741,124090000,1
1527861480000,1527861539000,82.742,82.756,82.736,82.754,94940000,1
1527861540000,1527861599000,82.754,82.76,82.725,82.734,178450000,1
1527861600000,1527861659000,82.729,82.748,82.712,82.734,259030000,1
1527861660000,1527861719000,82.734,82.763,82.734,82.748,200980000,1
1527861720000,1527861779000,82.748,82.782,82.747,82.77,159330000,1
1527861780000,1527861839000,82.773,82.784,82.75,82.769,196450000,1
1527861840000,1527861899000,82.769,82.8,82.761,82.796,176300000,1
1527861900000,1527861959000,82.794,82.804,82.792,82.795,147810000,1
1527861960000,1527862019000,82.796,82.806,82.781,82.802,163790000,1
1527862020000,1527862079000,82.802,82.808,82.779,82.801,169860000,1
1527862080000,1527862139000,82.801,82.807,82.789,82.795,140090000,1
1527862140000,1527862199000,82.796,82.808,82.734,82.739,210840000,1
1527862200000,1527862259000,82.741,82.748,82.697,82.697,190250000,1
1527862260000,1527862319000,82.694,82.719,82.668,82.668,243480000,1
1527862320000,1527862379000,82.668,82.685,82.617,82.619,213870000,1
1527862380000,1527862439000,82.62,82.656,82.613,82.631,186550000,1
1527862440000,1527862499000,82.629,82.647,82.597,82.606,279250000,1
1527862500000,1527862559000,82.604,82.604,82.51,82.522,309970000,1
1527862560000,1527862619000,82.519,82.553,82.481,82.519,336660000,1
1527862620000,1527862679000,82.521,82.607,82.519,82.607,254200000,1
1527862680000,1527862739000,82.609,82.669,82.6,82.627,244130000,1
1527862740000,1527862799000,82.626,82.657,82.619,82.635,238320000,1
1527862800000,1527862859000,82.635,82.688,82.635,82.678,229430000,1
1527862860000,1527862919000,82.679,82.716,82.675,82.692,227540000,1
1527862920000,1527862979000,82.687,82.73,82.675,82.716,270410000,1
1527862980000,1527863039000,82.712,82.712,82.672,82.682,247660000,1
1527863040000,1527863099000,82.681,82.697,82.666,82.677,208830000,1
1527863100000,1527863159000,82.677,82.678,82.645,82.672,241810000,1
1527863160000,1527863219000,82.672,82.701,82.672,82.683,249620000,1
1527863220000,1527863279000,82.686,82.716,82.685,82.696,158120000,1
1527863280000,1527863339000,82.694,82.701,82.682,82.693,198870000,1
1527863340000,1527863399000,82.694,82.717,82.687,82.694,264110000,1
1527863400000,1527863459000,82.694,82.725,82.686,82.703,204970000,1
1527863460000,1527863519000,82.703,82.71,82.687,82.692,166610000,1
1527863520000,1527863579000,82.693,82.698,82.664,82.673,168110000,1
1527863580000,1527863639000,82.673,82.682,82.638,82.642,181650000,1
1527863640000,1527863699000,82.639,82.684,82.634,82.682,159930000,1
1527863700000,1527863759000,82.683,82.699,82.659,82.686,141470000,1
1527863760000,1527863819000,82.685,82.686,82.642,82.642,132040000,1
1527863820000,1527863879000,82.643,82.67,82.642,82.657,134210000,1
1527863880000,1527863939000,82.658,82.691,82.656,82.689,153040000,1
1527863940000,1527863999000,82.689,82.702,82.681,82.684,192940000,1
1527864000000,1527864059000,82.685,82.692,82.655,82.682,191980000,1
1527864060000,1527864119000,82.685,82.742,82.685,82.739,221500000,1
1527864120000,1527864179000,82.739,82.739,82.708,82.715,193690000,1
1527864180000,1527864239000,82.713,82.719,82.677,82.677,226150000,1
1527864240000,1527864299000,82.678,82.683,82.64,82.656,251140000,1
1527864300000,1527864359000,82.656,82.699,82.641,82.693,213110000,1
1527864360000,1527864419000,82.692,82.696,82.666,82.683,199220000,1
1527864420000,1527864479000,82.683,82.724,82.682,82.721,204330000,1
1527864480000,1527864539000,82.721,82.724,82.681,82.682,181190000,1
1527864540000,1527864599000,82.683,82.688,82.671,82.683,124930000,1
1527864600000,1527864659000,82.684,82.711,82.673,82.7,152450000,1
1527864660000,1527864719000,82.701,82.708,82.677,82.705,181070000,1
1527864720000,1527864779000,82.704,82.716,82.696,82.701,142170000,1
1527864780000,1527864839000,82.701,82.715,82.693,82.714,132150000,1
1527864840000,1527864899000,82.714,82.723,82.705,82.705,121760000,1
1527864900000,1527864959000,82.705,82.78,82.7,82.778,187940000,1
1527864960000,1527865019000,82.778,82.778,82.758,82.771,166760000,1
1527865020000,1527865079000,82.771,82.822,82.76,82.8,248940000,1
1527865080000,1527865139000,82.8,82.84,82.8,82.832,231830000,1
1527865140000,1527865199000,82.832,82.837,82.807,82.817,268030000,1
1527865200000,1527865259000,82.818,82.854,82.818,82.844,198670000,1
1527865260000,1527865319000,82.849,82.849,82.82,82.839,256390000,1
1527865320000,1527865379000,82.838,82.862,82.831,82.843,221940000,1
1527865380000,1527865439000,82.843,82.864,82.84,82.861,138390000,1
1527865440000,1527865499000,82.859,82.871,82.838,82.839,150760000,1
1527865500000,1527865559000,82.839,82.839,82.813,82.835,109890000,1
1527865560000,1527865619000,82.831,82.837,82.816,82.819,96940000,1
1527865620000,1527865679000,82.816,82.816,82.793,82.802,143340000,1
1527865680000,1527865739000,82.802,82.802,82.763,82.766,139000000,1
1527865740000,1527865799000,82.766,82.77,82.743,82.767,179140000,1
1527865800000,1527865859000,82.767,82.77,82.747,82.767,161780000,1
1527865860000,1527865919000,82.769,82.793,82.767,82.777,197280000,1
1527865920000,1527865979000,82.776,82.776,82.737,82.738,163140000,1
1527865980000,1527866039000,82.739,82.778,82.738,82.773,129360000,1
1527866040000,1527866099000,82.772,82.773,82.743,82.752,194420000,1
1527866100000,1527866159000,82.75,82.782,82.75,82.759,184350000,1
1527866160000,1527866219000,82.758,82.777,82.746,82.749,162900000,1
1527866220000,1527866279000,82.749,82.756,82.735,82.741,159450000,1
1527866280000,1527866339000,82.741,82.75,82.735,82.74,129320000,1
1527866340000,1527866399000,82.739,82.739,82.726,82.733,78930000,1
1527866400000,1527866459000,82.732,82.746,82.732,82.735,87190000,1
1527866460000,1527866519000,82.738,82.77,82.738,82.769,73410000,1
1527866520000,1527866579000,82.768,82.792,82.767,82.792,106280000,1
1527866580000,1527866639000,82.79,82.79,82.776,82.784,149100000,1
1527866640000,1527866699000,82.783,82.785,82.755,82.766,114230000,1
1527866700000,1527866759000,82.767,82.778,82.757,82.772,127550000,1
1527866760000,1527866819000,82.773,82.777,82.76,82.769,98560000,1
1527866820000,1527866879000,82.768,82.778,82.747,82.748,112870000,1
1527866880000,1527866939000,82.749,82.763,82.745,82.762,86550000,1
1527866940000,1527866999000,82.756,82.765,82.737,82.762,101460000,1
1527867000000,1527867059000,82.761,82.762,82.742,82.754,130730000,1
1527867060000,1527867119000,82.753,82.786,82.746,82.784,133760000,1
1527867120000,1527867179000,82.784,82.797,82.779,82.791,157610000,1
1527867180000,1527867239000,82.791,82.804,82.781,82.787,153120000,1
1527867240000,1527867299000,82.783,82.783,82.754,82.76,133820000,1
1527867300000,1527867359000,82.761,82.782,82.759,82.78,77870000,1
1527867360000,1527867419000,82.78,82.782,82.758,82.759,177090000,1
1527867420000,1527867479000,82.759,82.76,82.744,82.744,173800000,1
1527867480000,1527867539000,82.744,82.773,82.741,82.762,164760000,1
1527867540000,1527867599000,82.764,82.775,82.764,82.773,92250000,1
1527867600000,1527867659000,82.774,82.781,82.773,82.781,80740000,1
1527867660000,1527867719000,82.785,82.788,82.76,82.766,146750000,1
1527867720000,1527867779000,82.767,82.77,82.757,82.76,138290000,1
1527867780000,1527867839000,82.761,82.761,82.752,82.756,113530000,1
1527867840000,1527867899000,82.759,82.759,82.749,82.749,120980000,1
1527867900000,1527867959000,82.749,82.753,82.746,82.75,90390000,1
1527867960000,1527868019000,82.747,82.76,82.74,82.754,136550000,1
1527868020000,1527868079000,82.754,82.761,82.751,82.761,116830000,1
1527868080000,1527868139000,82.762,82.774,82.759,82.774,128150000,1
1527868140000,1527868199000,82.774,82.774,82.758,82.765,132940000,1
1527868200000,1527868259000,82.765,82.78,82.765,82.766,160780000,1
1527868260000,1527868319000,82.768,82.79,82.768,82.778,99450000,1
1527868320000,1527868379000,82.777,82.785,82.777,82.783,54960000,1
1527868380000,1527868439000,82.784,82.795,82.784,82.795,63420000,1
1527868440000,1527868499000,82.797,82.802,82.78,82.781,121760000,1
1527868500000,1527868559000,82.78,82.785,82.769,82.774,129920000,1
1527868560000,1527868619000,82.774,82.782,82.772,82.774,115440000,1
1527868620000,1527868679000,82.775,82.799,82.775,82.798,110580000,1
1527868680000,1527868739000,82.797,82.822,82.797,82.801,131950000,1
1527868740000,1527868799000,82.802,82.822,82.797,82.813,141760000,1
1527868800000,1527868859000,82.813,82.833,82.813,82.828,118270000,1
1527868860000,1527868919000,82.827,82.848,82.827,82.847,111140000,1
1527868920000,1527868979000,82.847,82.856,82.836,82.844,92990000,1
1527868980000,1527869039000,82.844,82.851,82.844,82.847,79510000,1
1527869040000,1527869099000,82.847,82.847,82.833,82.834,73060000,1
1527869100000,1527869159000,82.834,82.848,82.832,82.834,140550000,1
1527869160000,1527869219000,82.834,82.841,82.821,82.836,143790000,1
1527869220000,1527869279000,82.837,82.848,82.833,82.833,73530000,1
1527869280000,1527869339000,82.832,82.834,82.797,82.797,125480000,1
1527869340000,1527869399000,82.798,82.799,82.795,82.798,49860000,1
1527869400000,1527869459000,82.801,82.801,82.789,82.789,71320000,1
1527869460000,1527869519000,82.788,82.788,82.768,82.779,76420000,1
1527869520000,1527869579000,82.778,82.788,82.776,82.781,71720000,1
1527869580000,1527869639000,82.78,82.796,82.778,82.796,58630000,1
1527869640000,1527869699000,82.795,82.805,82.784,82.786,68960000,1
1527869700000,1527869759000,82.786,82.789,82.779,82.781,60270000,1
1527869760000,1527869819000,82.781,82.791,82.781,82.784,75750000,1
1527869820000,1527869879000,82.783,82.785,82.763,82.764,120780000,1
1527869880000,1527869939000,82.763,82.765,82.75,82.762,87400000,1
1527869940000,1527869999000,82.761,82.769,82.759,82.769,54470000,1
1527870000000,1527870059000,82.769,82.788,82.767,82.771,101190000,1
1527870060000,1527870119000,82.769,82.769,82.759,82.76,79200000,1
1527870120000,1527870179000,82.759,82.762,82.75,82.75,68270000,1
1527870180000,1527870239000,82.75,82.758,82.743,82.756,92790000,1
1527870240000,1527870299000,82.756,82.758,82.749,82.757,59650000,1
1527870300000,1527870359000,82.757,82.762,82.748,82.756,112610000,1
1527870360000,1527870419000,82.751,82.761,82.744,82.752,109930000,1
1527870420000,1527870479000,82.752,82.774,82.747,82.767,124630000,1
1527870480000,1527870539000,82.768,82.785,82.763,82.764,118330000,1
1527870540000,1527870599000,82.765,82.786,82.763,82.783,98790000,1
1527870600000,1527870659000,82.784,82.798,82.784,82.796,56390000,1
1527870660000,1527870719000,82.797,82.809,82.793,82.806,46360000,1
1527870720000,1527870779000,82.807,82.809,82.79,82.798,81300000,1
1527870780000,1527870839000,82.797,82.82,82.797,82.811,75700000,1
1527870840000,1527870899000,82.811,82.815,82.811,82.811,21460000,1
1527870900000,1527870959000,82.811,82.811,82.804,82.805,51440000,1
1527870960000,1527871019000,82.805,82.805,82.792,82.792,90830000,1
1527871020000,1527871079000,82.793,82.798,82.792,82.796,88120000,1
1527871080000,1527871139000,82.797,82.797,82.788,82.796,148530000,1
1527871140000,1527871199000,82.796,82.796,82.784,82.787,80860000,1
1527871200000,1527871259000,82.787,82.794,82.783,82.784,67620000,1
1527871260000,1527871319000,82.784,82.791,82.775,82.782,76960000,1
1527871320000,1527871379000,82.783,82.795,82.781,82.789,67160000,1
1527871380000,1527871439000,82.789,82.791,82.78,82.781,55140000,1
1527871440000,1527871499000,82.78,82.788,82.78,82.784,126840000,1
1527871500000,1527871559000,82.784,82.784,82.777,82.779,61570000,1
1527871560000,1527871619000,82.78,82.784,82.76,82.76,137310000,1
1527871620000,1527871679000,82.763,82.793,82.761,82.792,110960000,1
1527871680000,1527871739000,82.792,82.792,82.77,82.77,86860000,1
1527871740000,1527871799000,82.77,82.776,82.77,82.773,56640000,1
1527871800000,1527871859000,82.777,82.778,82.773,82.773,43600000,1
1527871860000,1527871919000,82.773,82.777,82.772,82.776,76490000,1
1527871920000,1527871979000,82.776,82.79,82.773,82.789,110970000,1
1527871980000,1527872039000,82.788,82.789,82.786,82.787,51620000,1
1527872040000,1527872099000,82.787,82.792,82.781,82.788,95480000,1
1527872100000,1527872159000,82.788,82.795,82.782,82.791,113430000,1
1527872160000,1527872219000,82.789,82.79,82.784,82.788,105510000,1
1527872220000,1527872279000,82.788,82.819,82.788,82.818,171850000,1
1527872280000,1527872339000,82.818,82.836,82.809,82.831,150610000,1
1527872340000,1527872399000,82.833,82.844,82.832,82.84,165570000,1
1527872400000,1527872459000,82.84,82.861,82.84,82.853,131050000,1
1527872460000,1527872519000,82.853,82.892,82.853,82.888,174220000,1
1527872520000,1527872579000,82.889,82.906,82.88,82.886,107120000,1
1527872580000,1527872639000,82.886,82.887,82.865,82.867,109140000,1
1527872640000,1527872699000,82.867,82.884,82.867,82.872,85000000,1
1527872700000,1527872759000,82.875,82.875,82.854,82.866,55770000,1
1527872760000,1527872819000,82.866,82.868,82.852,82.855,84370000,1
1527872820000,1527872879000,82.854,82.855,82.844,82.849,71030000,1
1527872880000,1527872939000,82.849,82.856,82.847,82.85,58580000,1
1527872940000,1527872999000,82.85,82.858,82.85,82.852,62480000,1
1527873000000,1527873059000,82.851,82.851,82.84,82.845,92180000,1
1527873060000,1527873119000,82.844,82.854,82.844,82.852,64880000,1
1527873120000,1527873179000,82.852,82.853,82.846,82.853,58100000,1
1527873180000,1527873239000,82.855,82.855,82.839,82.839,81050000,1
1527873240000,1527873299000,82.84,82.851,82.835,82.835,83840000,1
1527873300000,1527873359000,82.836,82.849,82.835,82.836,110210000,1
1527873360000,1527873419000,82.836,82.837,82.828,82.83,81720000,1
1527873420000,1527873479000,82.83,82.835,82.827,82.831,54870000,1
1527873480000,1527873539000,82.83,82.83,82.823,82.823,60900000,1
1527873540000,1527873599000,82.823,82.827,82.817,82.819,58080000,1
1527873600000,1527873659000,82.819,82.826,82.819,82.821,36330000,1
1527873660000,1527873719000,82.823,82.841,82.823,82.831,86110000,1
1527873720000,1527873779000,82.834,82.84,82.83,82.834,115980000,1
1527873780000,1527873839000,82.833,82.843,82.831,82.841,90650000,1
1527873840000,1527873899000,82.841,82.841,82.83,82.836,77230000,1
1527873900000,1527873959000,82.837,82.856,82.834,82.856,130190000,1
1527873960000,1527874019000,82.855,82.866,82.847,82.865,111370000,1
1527874020000,1527874079000,82.866,82.88,82.858,82.878,119060000,1
1527874080000,1527874139000,82.878,82.878,82.866,82.877,80820000,1
1527874140000,1527874199000,82.877,82.886,82.862,82.876,74520000,1
1527874200000,1527874259000,82.876,82.878,82.864,82.867,59760000,1
1527874260000,1527874319000,82.87,82.873,82.861,82.861,60120000,1
1527874320000,1527874379000,82.862,82.862,82.849,82.85,65080000,1
1527874380000,1527874439000,82.852,82.86,82.851,82.859,69430000,1
1527874440000,1527874499000,82.856,82.86,82.849,82.857,66000000,1
1527874500000,1527874559000,82.858,82.863,82.854,82.855,42500000,1
1527874560000,1527874619000,82.855,82.856,82.852,82.852,27750000,1
1527874620000,1527874679000,82.852,82.853,82.847,82.851,56740000,1
1527874680000,1527874739000,82.851,82.858,82.847,82.858,67230000,1
1527874740000,1527874799000,82.857,82.858,82.833,82.837,87990000,1
1527874800000,1527874859000,82.837,82.847,82.837,82.846,69020000,1
1527874860000,1527874919000,82.846,82.851,82.845,82.851,36330000,1
1527874920000,1527874979000,82.85,82.855,82.85,82.852,37030000,1
1527874980000,1527875039000,82.851,82.852,82.851,82.851,23050000,1
1527875040000,1527875099000,82.852,82.855,82.84,82.845,103150000,1
1527875100000,1527875159000,82.846,82.849,82.844,82.845,63840000,1
1527875160000,1527875219000,82.845,82.845,82.829,82.83,58450000,1
1527875220000,1527875279000,82.829,82.838,82.827,82.832,93020000,1
1527875280000,1527875339000,82.832,82.844,82.826,82.827,76690000,1
1527875340000,1527875399000,82.828,82.83,82.821,82.821,32480000,1
1527875400000,1527875459000,82.821,82.824,82.81,82.818,121530000,1
1527875460000,1527875519000,82.817,82.829,82.817,82.817,51080000,1
1527875520000,1527875579000,82.818,82.819,82.81,82.812,74310000,1
1527875580000,1527875639000,82.812,82.813,82.805,82.813,63160000,1
1527875640000,1527875699000,82.813,82.815,82.8,82.802,102940000,1
1527875700000,1527875759000,82.801,82.806,82.793,82.802,117280000,1
1527875760000,1527875819000,82.804,82.81,82.798,82.81,54800000,1
1527875820000,1527875879000,82.809,82.812,82.8,82.812,79180000,1
1527875880000,1527875939000,82.812,82.846,82.811,82.837,151150000,1
1527875940000,1527875999000,82.839,82.864,82.839,82.85,167920000,1
1527876000000,1527876059000,82.85,82.874,82.847,82.869,210320000,1
1527876060000,1527876119000,82.869,82.894,82.867,82.89,138220000,1
1527876120000,1527876179000,82.89,82.894,82.865,82.872,129250000,1
1527876180000,1527876239000,82.873,82.879,82.858,82.859,67600000,1
1527876240000,1527876299000,82.858,82.858,82.851,82.855,56640000,1
1527876300000,1527876359000,82.855,82.855,82.841,82.849,89940000,1
1527876360000,1527876419000,82.849,82.849,82.83,82.834,59780000,1
1527876420000,1527876479000,82.835,82.835,82.816,82.822,122250000,1
1527876480000,1527876539000,82.821,82.822,82.812,82.813,116320000,1
1527876540000,1527876599000,82.814,82.825,82.814,82.819,87020000,1
1527876600000,1527876659000,82.819,82.82,82.806,82.81,92720000,1
1527876660000,1527876719000,82.81,82.818,82.81,82.811,65470000,1
1527876720000,1527876779000,82.81,82.811,82.798,82.807,58860000,1
1527876780000,1527876839000,82.807,82.81,82.804,82.804,48480000,1
1527876840000,1527876899000,82.804,82.804,82.794,82.794,65340000,1
1527876900000,1527876959000,82.794,82.815,82.794,82.806,92610000,1
1527876960000,1527877019000,82.806,82.816,82.803,82.803,120140000,1
1527877020000,1527877079000,82.803,82.813,82.803,82.812,88510000,1
1527877080000,1527877139000,82.813,82.813,82.803,82.803,103440000,1
1527877140000,1527877199000,82.805,82.805,82.796,82.797,94680000,1
1527877200000,1527877259000,82.798,82.807,82.795,82.804,80060000,1
1527877260000,1527877319000,82.804,82.804,82.79,82.795,163550000,1
1527877320000,1527877379000,82.795,82.805,82.79,82.801,148390000,1
1527877380000,1527877439000,82.798,82.799,82.782,82.794,104910000,1
1527877440000,1527877499000,82.794,82.794,82.779,82.779,77890000,1
1527877500000,1527877559000,82.782,82.81,82.782,82.81,67260000,1
1527877560000,1527877619000,82.813,82.831,82.81,82.829,107590000,1
1527877620000,1527877679000,82.829,82.849,82.829,82.844,129640000,1
1527877680000,1527877739000,82.844,82.85,82.829,82.849,108700000,1
1527877740000,1527877799000,82.849,82.861,82.843,82.86,100520000,1
1527877800000,1527877859000,82.862,82.862,82.85,82.851,72940000,1
1527877860000,1527877919000,82.851,82.856,82.843,82.854,115090000,1
1527877920000,1527877979000,82.853,82.854,82.839,82.839,105000000,1
1527877980000,1527878039000,82.84,82.842,82.835,82.838,64740000,1
1527878040000,1527878099000,82.838,82.839,82.832,82.832,128680000,1
1527878100000,1527878159000,82.833,82.836,82.825,82.83,102460000,1
1527878160000,1527878219000,82.828,82.828,82.826,82.827,49930000,1
1527878220000,1527878279000,82.827,82.83,82.827,82.83,57780000,1
1527878280000,1527878339000,82.83,82.847,82.83,82.839,40600000,1
1527878340000,1527878399000,82.839,82.842,82.836,82.836,34230000,1
1527878400000,1527878459000,82.836,82.836,82.833,82.836,24050000,1
1527878460000,1527878519000,82.835,82.866,82.835,82.862,92860000,1
1527878520000,1527878579000,82.862,82.893,82.862,82.892,159940000,1
1527878580000,1527878639000,82.892,82.892,82.87,82.873,135060000,1
1527878640000,1527878699000,82.874,82.891,82.872,82.891,107500000,1
1527878700000,1527878759000,82.888,82.898,82.879,82.884,157090000,1
1527878760000,1527878819000,82.884,82.889,82.879,82.886,74810000,1
1527878820000,1527878879000,82.886,82.889,82.883,82.887,75570000,1
1527878880000,1527878939000,82.886,82.887,82.871,82.874,63330000,1
1527878940000,1527878999000,82.874,82.874,82.865,82.871,103810000,1
1527879000000,1527879059000,82.867,82.873,82.863,82.863,90100000,1
1527879060000,1527879119000,82.863,82.864,82.842,82.842,81060000,1
1527879120000,1527879179000,82.842,82.849,82.84,82.849,87790000,1
1527879180000,1527879239000,82.849,82.849,82.838,82.838,99720000,1
1527879240000,1527879299000,82.836,82.838,82.818,82.818,58390000,1
1527879300000,1527879359000,82.818,82.837,82.817,82.837,121820000,1
1527879360000,1527879419000,82.837,82.847,82.834,82.846,50470000,1
1527879420000,1527879479000,82.846,82.862,82.843,82.862,104430000,1
1527879480000,1527879539000,82.866,82.878,82.85,82.874,188500000,1
1527879540000,1527879599000,82.874,82.904,82.874,82.887,208410000,1
1527879600000,1527879659000,82.886,82.898,82.884,82.898,117220000,1
1527879660000,1527879719000,82.9,82.909,82.894,82.901,155460000,1
1527879720000,1527879779000,82.902,82.909,82.899,82.908,110400000,1
1527879780000,1527879839000,82.908,82.908,82.904,82.904,84300000,1
1527879840000,1527879899000,82.904,82.904,82.884,82.888,98790000,1
1527879900000,1527879959000,82.887,82.887,82.865,82.872,142420000,1
1527879960000,1527880019000,82.871,82.871,82.856,82.857,122470000,1
1527880020000,1527880079000,82.857,82.859,82.843,82.844,64880000,1
1527880080000,1527880139000,82.844,82.849,82.832,82.833,67200000,1
1527880140000,1527880199000,82.834,82.846,82.833,82.842,74480000,1
1527880200000,1527880259000,82.842,82.844,82.838,82.839,65750000,1
1527880260000,1527880319000,82.839,82.839,82.822,82.828,126890000,1
1527880320000,1527880379000,82.828,82.829,82.821,82.825,61700000,1
1527880380000,1527880439000,82.824,82.831,82.818,82.829,109040000,1
1527880440000,1527880499000,82.829,82.845,82.829,82.837,78000000,1
1527880500000,1527880559000,82.837,82.843,82.833,82.838,85620000,1
1527880560000,1527880619000,82.838,82.848,82.838,82.845,54660000,1
1527880620000,1527880679000,82.845,82.849,82.84,82.847,88290000,1
1527880680000,1527880739000,82.847,82.858,82.846,82.858,76140000,1
1527880740000,1527880799000,82.858,82.862,82.858,82.861,35840000,1
1527880800000,1527880859000,82.861,82.862,82.854,82.857,36650000,1
1527880860000,1527880919000,82.857,82.86,82.857,82.86,42660000,1
1527880920000,1527880979000,82.861,82.882,82.861,82.874,85380000,1
1527880980000,1527881039000,82.874,82.883,82.87,82.881,62300000,1
1527881040000,1527881099000,82.879,82.886,82.876,82.876,47940000,1
1527881100000,1527881159000,82.877,82.886,82.877,82.884,36250000,1
1527881160000,1527881219000,82.886,82.893,82.886,82.892,37800000,1
1527881220000,1527881279000,82.893,82.898,82.893,82.896,58260000,1
1527881280000,1527881339000,82.895,82.9,82.894,82.899,68310000,1
1527881340000,1527881399000,82.898,82.901,82.896,82.899,83010000,1
1527881400000,1527881459000,82.899,82.902,82.895,82.895,124920000,1
1527881460000,1527881519000,82.894,82.899,82.888,82.895,113860000,1
1527881520000,1527881579000,82.894,82.894,82.886,82.889,46260000,1
1527881580000,1527881639000,82.888,82.889,82.881,82.882,81470000,1
1527881640000,1527881699000,82.881,82.882,82.872,82.876,93740000,1
1527881700000,1527881759000,82.876,82.887,82.875,82.885,91570000,1
1527881760000,1527881819000,82.883,82.898,82.883,82.897,105380000,1
1527881820000,1527881879000,82.897,82.902,82.896,82.898,81140000,1
1527881880000,1527881939000,82.898,82.905,82.897,82.903,76490000,1
1527881940000,1527881999000,82.904,82.911,82.903,82.909,88400000,1
1527882000000,1527882059000,82.908,82.911,82.904,82.906,101950000,1
1527882060000,1527882119000,82.906,82.907,82.899,82.901,76270000,1
1527882120000,1527882179000,82.902,82.903,82.9,82.901,55320000,1
1527882180000,1527882239000,82.901,82.912,82.901,82.912,43560000,1
1527882240000,1527882299000,82.912,82.926,82.912,82.923,78420000,1
1527882300000,1527882359000,82.923,82.923,82.899,82.9,73870000,1
1527882360000,1527882419000,82.901,82.908,82.9,82.907,78740000,1
1527882420000,1527882479000,82.907,82.908,82.899,82.899,92510000,1
1527882480000,1527882539000,82.899,82.913,82.899,82.913,104630000,1
1527882540000,1527882599000,82.914,82.916,82.908,82.908,104020000,1
1527882600000,1527882659000,82.908,82.921,82.908,82.919,98850000,1
1527882660000,1527882719000,82.919,82.925,82.913,82.921,60550000,1
1527882720000,1527882779000,82.92,82.922,82.92,82.921,32830000,1
1527882780000,1527882839000,82.921,82.922,82.913,82.913,70580000,1
1527882840000,1527882899000,82.914,82.916,82.91,82.911,101680000,1
1527882900000,1527882959000,82.91,82.914,82.909,82.909,61110000,1
1527882960000,1527883019000,82.909,82.914,82.908,82.913,110570000,1
1527883020000,1527883079000,82.914,82.926,82.914,82.926,57330000,1
1527883080000,1527883139000,82.926,82.927,82.918,82.924,47280000,1
1527883140000,1527883199000,82.926,82.938,82.923,82.934,53730000,1
1527883200000,1527883259000,82.936,82.936,82.924,82.93,98820000,1
1527883260000,1527883319000,82.929,82.933,82.926,82.933,32770000,1
1527883320000,1527883379000,82.933,82.934,82.927,82.927,32380000,1
1527883380000,1527883439000,82.925,82.925,82.896,82.896,77880000,1
1527883440000,1527883499000,82.896,82.896,82.87,82.87,60610000,1
1527883500000,1527883559000,82.87,82.87,82.858,82.862,48930000,1
1527883560000,1527883619000,82.862,82.864,82.862,82.863,23710000,1
1527883620000,1527883679000,82.863,82.876,82.863,82.867,67010000,1
1527883680000,1527883739000,82.867,82.872,82.862,82.866,77330000,1
1527883740000,1527883799000,82.866,82.872,82.864,82.872,48930000,1
1527883800000,1527883859000,82.872,82.873,82.866,82.87,42270000,1
1527883860000,1527883919000,82.87,82.882,82.87,82.882,51320000,1
1527883920000,1527883979000,82.881,82.881,82.878,82.88,35900000,1
1527883980000,1527884039000,82.881,82.895,82.881,82.891,52310000,1
1527884040000,1527884099000,82.891,82.891,82.886,82.888,20690000,1
1527884100000,1527884159000,82.888,82.888,82.884,82.884,32610000,1
1527884160000,1527884219000,82.884,82.884,82.882,82.882,4940000,1
1527884220000,1527884279000,82.882,82.894,82.881,82.894,61600000,1
1527884280000,1527884339000,82.895,82.895,82.882,82.884,33010000,1
1527884340000,1527884399000,82.884,82.887,82.884,82.886,20330000,1
1527884400000,1527884459000,82.886,82.887,82.878,82.878,37100000,1
1527884460000,1527884519000,82.877,82.88,82.867,82.88,47000000,1
1527884520000,1527884579000,82.88,82.881,82.88,82.88,28980000,1
1527884580000,1527884639000,82.88,82.891,82.88,82.889,27250000,1
1527884640000,1527884699000,82.889,82.898,82.889,82.898,57060000,1
1527884700000,1527884759000,82.895,82.911,82.895,82.911,62280000,1
1527884760000,1527884819000,82.911,82.911,82.901,82.901,29450000,1
1527884820000,1527884879000,82.901,82.91,82.901,82.906,65310000,1
1527884880000,1527884939000,82.906,82.909,82.901,82.907,76800000,1
1527884940000,1527884999000,82.908,82.922,82.907,82.92,105440000,1
1527885000000,1527885059000,82.92,82.92,82.912,82.912,29470000,1
1527885060000,1527885119000,82.913,82.914,82.912,82.912,23660000,1
1527885120000,1527885179000,82.912,82.912,82.908,82.908,25900000,1
1527885180000,1527885239000,82.908,82.911,82.906,82.911,47910000,1
1527885240000,1527885299000,82.911,82.915,82.903,82.914,56180000,1
1527885300000,1527885359000,82.914,82.921,82.913,82.916,42280000,1
1527885360000,1527885419000,82.915,82.915,82.91,82.912,27390000,1
1527885420000,1527885479000,82.912,82.913,82.912,82.912,9000000,1
1527885480000,1527885539000,82.912,82.921,82.912,82.914,34120000,1
1527885540000,1527885599000,82.913,82.913,82.911,82.912,24560000,1
1527885600000,1527885659000,82.912,82.912,82.899,82.9,48930000,1
1527885660000,1527885719000,82.901,82.921,82.901,82.921,36810000,1
1527885720000,1527885779000,82.921,82.921,82.91,82.912,30590000,1
1527885780000,1527885839000,82.912,82.914,82.912,82.914,18680000,1
1527885840000,1527885899000,82.914,82.917,82.905,82.906,34230000,1
1527885900000,1527885959000,82.91,82.914,82.903,82.908,44040000,1
1527885960000,1527886019000,82.91,82.916,82.91,82.913,30950000,1
1527886020000,1527886079000,82.913,82.915,82.91,82.91,24070000,1
1527886080000,1527886139000,82.909,82.91,82.902,82.902,54640000,1
1527886140000,1527886199000,82.902,82.902,82.9,82.9,41460000,1
1527886200000,1527886259000,82.894,82.895,82.876,82.891,101160000,1
1527886260000,1527886319000,82.891,82.893,82.88,82.883,31350000,1
1527886320000,1527886379000,82.884,82.885,82.879,82.881,17390000,1
1527886380000,1527886439000,82.879,82.888,82.874,82.876,34400000,1
1527886440000,1527886499000,82.871,82.892,82.871,82.892,31060000,1
1527886500000,1527886559000,82.891,82.892,82.879,82.892,30090000,1
1527886560000,1527886619000,82.895,82.895,82.864,82.864,24720000,1
1527886620000,1527886679000,82.862,82.88,82.854,82.856,74230000,1
1527886680000,1527886739000,82.856,82.872,82.856,82.868,49390000,1
1527886740000,1527886799000,82.859,82.895,82.847,82.847,29780000,1
1527886800000,1527886859000,82.847,82.847,82.847,82.847,0,1
1527886860000,1527886919000,82.847,82.847,82.847,82.847,0,1
1527886920000,1527886979000,82.847,82.847,82.847,82.847,0,1
1527886980000,1527887039000,82.847,82.847,82.847,82.847,0,1
1527887040000,1527887099000,82.847,82.847,82.847,82.847,0,1
1527887100000,1527887159000,82.847,82.847,82.847,82.847,0,1
1527887160000,1527887219000,82.847,82.847,82.847,82.847,0,1
1527887220000,1527887279000,82.847,82.847,82.847,82.847,0,1
1527887280000,1527887339000,82.847,82.847,82.847,82.847,0,1
1527887340000,1527887399000,82.847,82.847,82.847,82.847,0,1
1527887400000,1527887459000,82.847,82.847,82.847,82.847,0,1
1527887460000,1527887519000,82.847,82.847,82.847,82.847,0,1
1527887520000,1527887579000,82.847,82.847,82.847,82.847,0,1
1527887580000,1527887639000,82.847,82.847,82.847,82.847,0,1
1527887640000,1527887699000,82.847,82.847,82.847,82.847,0,1
1527887700000,1527887759000,82.847,82.847,82.847,82.847,0,1
1527887760000,1527887819000,82.847,82.847,82.847,82.847,0,1
1527887820000,1527887879000,82.847,82.847,82.847,82.847,0,1
1527887880000,1527887939000,82.847,82.847,82.847,82.847,0,1
1527887940000,1527887999000,82.847,82.847,82.847,82.847,0,1
1527888000000,1527888059000,82.847,82.847,82.847,82.847,0,1
1527888060000,1527888119000,82.847,82.847,82.847,82.847,0,1
1527888120000,1527888179000,82.847,82.847,82.847,82.847,0,1
1527888180000,1527888239000,82.847,82.847,82.847,82.847,0,1
1527888240000,1527888299000,82.847,82.847,82.847,82.847,0,1
1527888300000,1527888359000,82.847,82.847,82.847,82.847,0,1
1527888360000,1527888419000,82.847,82.847,82.847,82.847,0,1
1527888420000,1527888479000,82.847,82.847,82.847,82.847,0,1
1527888480000,1527888539000,82.847,82.847,82.847,82.847,0,1
1527888540000,1527888599000,82.847,82.847,82.847,82.847,0,1
1527888600000,1527888659000,82.847,82.847,82.847,82.847,0,1
1527888660000,1527888719000,82.847,82.847,82.847,82.847,0,1
1527888720000,1527888779000,82.847,82.847,82.847,82.847,0,1
1527888780000,1527888839000,82.847,82.847,82.847,82.847,0,1
1527888840000,1527888899000,82.847,82.847,82.847,82.847,0,1
1527888900000,1527888959000,82.847,82.847,82.847,82.847,0,1
1527888960000,1527889019000,82.847,82.847,82.847,82.847,0,1
1527889020000,1527889079000,82.847,82.847,82.847,82.847,0,1
1527889080000,1527889139000,82.847,82.847,82.847,82.847,0,1
1527889140000,1527889199000,82.847,82.847,82.847,82.847,0,1
1527889200000,1527889259000,82.847,82.847,82.847,82.847,0,1
1527889260000,1527889319000,82.847,82.847,82.847,82.847,0,1
1527889320000,1527889379000,82.847,82.847,82.847,82.847,0,1
1527889380000,1527889439000,82.847,82.847,82.847,82.847,0,1
1527889440000,1527889499000,82.847,82.847,82.847,82.847,0,1
1527889500000,1527889559000,82.847,82.847,82.847,82.847,0,1
1527889560000,1527889619000,82.847,82.847,82.847,82.847,0,1
1527889620000,1527889679000,82.847,82.847,82.847,82.847,0,1
1527889680000,1527889739000,82.847,82.847,82.847,82.847,0,1
1527889740000,1527889799000,82.847,82.847,82.847,82.847,0,1
1527889800000,1527889859000,82.847,82.847,82.847,82.847,0,1
1527889860000,1527889919000,82.847,82.847,82.847,82.847,0,1
1527889920000,1527889979000,82.847,82.847,82.847,82.847,0,1
1527889980000,1527890039000,82.847,82.847,82.847,82.847,0,1
1527890040000,1527890099000,82.847,82.847,82.847,82.847,0,1
1527890100000,1527890159000,82.847,82.847,82.847,82.847,0,1
1527890160000,1527890219000,82.847,82.847,82.847,82.847,0,1
1527890220000,1527890279000,82.847,82.847,82.847,82.847,0,1
1527890280000,1527890339000,82.847,82.847,82.847,82.847,0,1
1527890340000,1527890399000,82.847,82.847,82.847,82.847,0,1
1527890400000,1527890459000,82.847,82.847,82.847,82.847,0,1
1527890460000,1527890519000,82.847,82.847,82.847,82.847,0,1
1527890520000,1527890579000,82.847,82.847,82.847,82.847,0,1
1527890580000,1527890639000,82.847,82.847,82.847,82.847,0,1
1527890640000,1527890699000,82.847,82.847,82.847,82.847,0,1
1527890700000,1527890759000,82.847,82.847,82.847,82.847,0,1
1527890760000,1527890819000,82.847,82.847,82.847,82.847,0,1
1527890820000,1527890879000,82.847,82.847,82.847,82.847,0,1
1527890880000,1527890939000,82.847,82.847,82.847,82.847,0,1
1527890940000,1527890999000,82.847,82.847,82.847,82.847,0,1
1527891000000,1527891059000,82.847,82.847,82.847,82.847,0,1
1527891060000,1527891119000,82.847,82.847,82.847,82.847,0,1
1527891120000,1527891179000,82.847,82.847,82.847,82.847,0,1
1527891180000,1527891239000,82.847,82.847,82.847,82.847,0,1
1527891240000,1527891299000,82.847,82.847,82.847,82.847,0,1
1527891300000,1527891359000,82.847,82.847,82.847,82.847,0,1
1527891360000,1527891419000,82.847,82.847,82.847,82.847,0,1
1527891420000,1527891479000,82.847,82.847,82.847,82.847,0,1
1527891480000,1527891539000,82.847,82.847,82.847,82.847,0,1
1527891540000,1527891599000,82.847,82.847,82.847,82.847,0,1
1527891600000,1527891659000,82.847,82.847,82.847,82.847,0,1
1527891660000,1527891719000,82.847,82.847,82.847,82.847,0,1
1527891720000,1527891779000,82.847,82.847,82.847,82.847,0,1
1527891780000,1527891839000,82.847,82.847,82.847,82.847,0,1
1527891840000,1527891899000,82.847,82.847,82.847,82.847,0,1
1527891900000,1527891959000,82.847,82.847,82.847,82.847,0,1
1527891960000,1527892019000,82.847,82.847,82.847,82.847,0,1
1527892020000,1527892079000,82.847,82.847,82.847,82.847,0,1
1527892080000,1527892139000,82.847,82.847,82.847,82.847,0,1
1527892140000,1527892199000,82.847,82.847,82.847,82.847,0,1
1527892200000,1527892259000,82.847,82.847,82.847,82.847,0,1
1527892260000,1527892319000,82.847,82.847,82.847,82.847,0,1
1527892320000,1527892379000,82.847,82.847,82.847,82.847,0,1
1527892380000,1527892439000,82.847,82.847,82.847,82.847,0,1
1527892440000,1527892499000,82.847,82.847,82.847,82.847,0,1
1527892500000,1527892559000,82.847,82.847,82.847,82.847,0,1
1527892560000,1527892619000,82.847,82.847,82.847,82.847,0,1
1527892620000,1527892679000,82.847,82.847,82.847,82.847,0,1
1527892680000,1527892739000,82.847,82.847,82.847,82.847,0,1
1527892740000,1527892799000,82.847,82.847,82.847,82.847,0,1
1527892800000,1527892859000,82.847,82.847,82.847,82.847,0,1
1527892860000,1527892919000,82.847,82.847,82.847,82.847,0,1
1527892920000,1527892979000,82.847,82.847,82.847,82.847,0,1
1527892980000,1527893039000,82.847,82.847,82.847,82.847,0,1
1527893040000,1527893099000,82.847,82.847,82.847,82.847,0,1
1527893100000,1527893159000,82.847,82.847,82.847,82.847,0,1
1527893160000,1527893219000,82.847,82.847,82.847,82.847,0,1
1527893220000,1527893279000,82.847,82.847,82.847,82.847,0,1
1527893280000,1527893339000,82.847,82.847,82.847,82.847,0,1
1527893340000,1527893399000,82.847,82.847,82.847,82.847,0,1
1527893400000,1527893459000,82.847,82.847,82.847,82.847,0,1
1527893460000,1527893519000,82.847,82.847,82.847,82.847,0,1
1527893520000,1527893579000,82.847,82.847,82.847,82.847,0,1
1527893580000,1527893639000,82.847,82.847,82.847,82.847,0,1
1527893640000,1527893699000,82.847,82.847,82.847,82.847,0,1
1527893700000,1527893759000,82.847,82.847,82.847,82.847,0,1
1527893760000,1527893819000,82.847,82.847,82.847,82.847,0,1
1527893820000,1527893879000,82.847,82.847,82.847,82.847,0,1
1527893880000,1527893939000,82.847,82.847,82.847,82.847,0,1
1527893940000,1527893999000,82.847,82.847,82.847,82.847,0,1
1527894000000,1527894059000,82.847,82.847,82.847,82.847,0,1
1527894060000,1527894119000,82.847,82.847,82.847,82.847,0,1
1527894120000,1527894179000,82.847,82.847,82.847,82.847,0,1
1527894180000,1527894239000,82.847,82.847,82.847,82.847,0,1
1527894240000,1527894299000,82.847,82.847,82.847,82.847,0,1
1527894300000,1527894359000,82.847,82.847,82.847,82.847,0,1
1527894360000,1527894419000,82.847,82.847,82.847,82.847,0,1
1527894420000,1527894479000,82.847,82.847,82.847,82.847,0,1
1527894480000,1527894539000,82.847,82.847,82.847,82.847,0,1
1527894540000,1527894599000,82.847,82.847,82.847,82.847,0,1
1527894600000,1527894659000,82.847,82.847,82.847,82.847,0,1
1527894660000,1527894719000,82.847,82.847,82.847,82.847,0,1
1527894720000,1527894779000,82.847,82.847,82.847,82.847,0,1
1527894780000,1527894839000,82.847,82.847,82.847,82.847,0,1
1527894840000,1527894899000,82.847,82.847,82.847,82.847,0,1
1527894900000,1527894959000,82.847,82.847,82.847,82.847,0,1
1527894960000,1527895019000,82.847,82.847,82.847,82.847,0,1
1527895020000,1527895079000,82.847,82.847,82.847,82.847,0,1
1527895080000,1527895139000,82.847,82.847,82.847,82.847,0,1
1527895140000,1527895199000,82.847,82.847,82.847,82.847,0,1
1527895200000,1527895259000,82.847,82.847,82.847,82.847,0,1
1527895260000,1527895319000,82.847,82.847,82.847,82.847,0,1
1527895320000,1527895379000,82.847,82.847,82.847,82.847,0,1
1527895380000,1527895439000,82.847,82.847,82.847,82.847,0,1
1527895440000,1527895499000,82.847,82.847,82.847,82.847,0,1
1527895500000,1527895559000,82.847,82.847,82.847,82.847,0,1
1527895560000,1527895619000,82.847,82.847,82.847,82.847,0,1
1527895620000,1527895679000,82.847,82.847,82.847,82.847,0,1
1527895680000,1527895739000,82.847,82.847,82.847,82.847,0,1
1527895740000,1527895799000,82.847,82.847,82.847,82.847,0,1
1527895800000,1527895859000,82.847,82.847,82.847,82.847,0,1
1527895860000,1527895919000,82.847,82.847,82.847,82.847,0,1
1527895920000,1527895979000,82.847,82.847,82.847,82.847,0,1
1527895980000,1527896039000,82.847,82.847,82.847,82.847,0,1
1527896040000,1527896099000,82.847,82.847,82.847,82.847,0,1
1527896100000,1527896159000,82.847,82.847,82.847,82.847,0,1
1527896160000,1527896219000,82.847,82.847,82.847,82.847,0,1
1527896220000,1527896279000,82.847,82.847,82.847,82.847,0,1
1527896280000,1527896339000,82.847,82.847,82.847,82.847,0,1
1527896340000,1527896399000,82.847,82.847,82.847,82.847,0,1
1527896400000,1527896459000,82.847,82.847,82.847,82.847,0,1
1527896460000,1527896519000,82.847,82.847,82.847,82.847,0,1
1527896520000,1527896579000,82.847,82.847,82.847,82.847,0,1
1527896580000,1527896639000,82.847,82.847,82.847,82.847,0,1
1527896640000,1527896699000,82.847,82.847,82.847,82.847,0,1
1527896700000,1527896759000,82.847,82.847,82.847,82.847,0,1
1527896760000,1527896819000,82.847,82.847,82.847,82.847,0,1
1527896820000,1527896879000,82.847,82.847,82.847,82.847,0,1
1527896880000,1527896939000,82.847,82.847,82.847,82.847,0,1
1527896940000,1527896999000,82.847,82.847,82.847,82.847,0,1
1527897000000,1527897059000,82.847,82.847,82.847,82.847,0,1
1527897060000,1527897119000,82.847,82.847,82.847,82.847,0,1
1527897120000,1527897179000,82.847,82.847,82.847,82.847,0,1
1527897180000,1527897239000,82.847,82.847,82.847,82.847,0,1
1527897240000,1527897299000,82.847,82.847,82.847,82.847,0,1
1527897300000,1527897359000,82.847,82.847,82.847,82.847,0,1
1527897360000,1527897419000,82.847,82.847,82.847,82.847,0,1
1527897420000,1527897479000,82.847,82.847,82.847,82.847,0,1
1527897480000,1527897539000,82.847,82.847,82.847,82.847,0,1
1527897540000,1527897599000,82.847,82.847,82.847,82.847,0,1
1528059600000,1528059659000,82.757,82.757,82.757,82.757,750000,1
1528059660000,1528059719000,82.756,82.781,82.756,82.781,4870000,1
1528059720000,1528059779000,82.79,82.818,82.79,82.802,3370000,1
1528059780000,1528059839000,82.806,82.815,82.806,82.815,3000000,1
1528059840000,1528059899000,82.811,82.829,82.811,82.818,7130000,1
1528059900000,1528059959000,82.819,82.829,82.787,82.791,63910000,1
1528059960000,1528060019000,82.797,82.831,82.797,82.818,18660000,1
1528060020000,1528060079000,82.823,82.827,82.821,82.821,13900000,1
1528060080000,1528060139000,82.828,82.829,82.81,82.81,12960000,1
1528060140000,1528060199000,82.808,82.808,82.806,82.806,4310000,1
1528060200000,1528060259000,82.814,82.814,82.808,82.808,5310000,1
1528060260000,1528060319000,82.81,82.81,82.81,82.81,1560000,1
1528060320000,1528060379000,82.82,82.824,82.82,82.824,2240000,1
1528060380000,1528060439000,82.825,82.848,82.825,82.836,24990000,1
1528060440000,1528060499000,82.836,82.837,82.832,82.832,16510000,1
1528060500000,1528060559000,82.832,82.84,82.832,82.84,5950000,1
1528060560000,1528060619000,82.84,82.84,82.84,82.84,1190000,1
1528060620000,1528060679000,82.84,82.84,82.84,82.84,8390000,1
1528060680000,1528060739000,82.84,82.842,82.84,82.842,4630000,1
1528060740000,1528060799000,82.842,82.842,82.842,82.842,1250000,1
1528060800000,1528060859000,82.842,82.842,82.842,82.842,1190000,1
1528060860000,1528060919000,82.842,82.842,82.842,82.842,1190000,1
1528060980000,1528061039000,82.842,82.842,82.839,82.839,3570000,1
1528061040000,1528061099000,82.839,82.839,82.839,82.839,4880000,1
1528061100000,1528061159000,82.839,82.855,82.839,82.851,22750000,1
1528061160000,1528061219000,82.851,82.853,82.851,82.853,7120000,1
1528061220000,1528061279000,82.853,82.853,82.853,82.853,12260000,1
1528061280000,1528061339000,82.853,82.853,82.851,82.852,22250000,1
1528061340000,1528061399000,82.852,82.852,82.851,82.851,44790000,1
1528061400000,1528061459000,82.851,82.851,82.837,82.84,90510000,1
1528061460000,1528061519000,82.84,82.84,82.827,82.833,19090000,1
1528061520000,1528061579000,82.833,82.842,82.833,82.838,19840000,1
1528061580000,1528061639000,82.838,82.841,82.837,82.837,4760000,1
1528061640000,1528061699000,82.837,82.843,82.837,82.839,43510000,1
1528061700000,1528061759000,82.839,82.839,82.839,82.839,1310000,1
1528061760000,1528061819000,82.84,82.84,82.84,82.84,1690000,1
1528061880000,1528061939000,82.84,82.84,82.84,82.84,1190000,1
1528061940000,1528061999000,82.837,82.837,82.833,82.833,5950000,1
1528062000000,1528062059000,82.828,82.846,82.823,82.838,37050000,1
1528062060000,1528062119000,82.846,82.847,82.826,82.838,27340000,1
1528062120000,1528062179000,82.838,82.845,82.837,82.837,14520000,1
1528062180000,1528062239000,82.842,82.845,82.837,82.842,12200000,1
1528062240000,1528062299000,82.842,82.848,82.838,82.846,32400000,1
1528062300000,1528062359000,82.847,82.852,82.841,82.841,16780000,1
1528062360000,1528062419000,82.842,82.859,82.842,82.859,17020000,1
1528062420000,1528062479000,82.855,82.859,82.855,82.856,16780000,1
1528062480000,1528062539000,82.856,82.86,82.855,82.856,21400000,1
1528062540000,1528062599000,82.856,82.86,82.856,82.856,6130000,1
1528062600000,1528062659000,82.856,82.86,82.856,82.856,6190000,1
1528062660000,1528062719000,82.856,82.86,82.856,82.859,4880000,1
1528062720000,1528062779000,82.859,82.859,82.856,82.856,6070000,1
1528062780000,1528062839000,82.86,82.861,82.856,82.861,6250000,1
1528062840000,1528062899000,82.857,82.861,82.857,82.857,3630000,1
1528062900000,1528062959000,82.857,82.857,82.857,82.857,2060000,1
1528062960000,1528063019000,82.857,82.862,82.857,82.857,11750000,1
1528063020000,1528063079000,82.859,82.881,82.856,82.879,52140000,1
1528063080000,1528063139000,82.877,82.877,82.868,82.875,22320000,1
1528063140000,1528063199000,82.875,82.885,82.872,82.878,30290000,1
1528063200000,1528063259000,82.884,82.91,82.884,82.904,37220000,1
1528063260000,1528063319000,82.901,82.902,82.878,82.883,24330000,1
1528063320000,1528063379000,82.88,82.883,82.864,82.864,7960000,1
1528063380000,1528063439000,82.865,82.891,82.86,82.887,11930000,1
1528063440000,1528063499000,82.885,82.885,82.869,82.87,26530000,1
1528063500000,1528063559000,82.869,82.887,82.869,82.886,54650000,1
1528063560000,1528063619000,82.886,82.895,82.886,82.893,18270000,1
1528063620000,1528063679000,82.894,82.902,82.894,82.897,16010000,1
1528063680000,1528063739000,82.896,82.897,82.895,82.897,11190000,1
1528063740000,1528063799000,82.896,82.896,82.886,82.888,66690000,1
1528063800000,1528063859000,82.887,82.888,82.884,82.888,40010000,1
1528063860000,1528063919000,82.888,82.892,82.888,82.888,22520000,1
1528063920000,1528063979000,82.888,82.897,82.886,82.897,52840000,1
1528063980000,1528064039000,82.897,82.897,82.883,82.883,24110000,1
1528064040000,1528064099000,82.883,82.889,82.88,82.88,15470000,1
1528064100000,1528064159000,82.881,82.881,82.873,82.873,26600000,1
1528064160000,1528064219000,82.875,82.887,82.875,82.881,54720000,1
1528064220000,1528064279000,82.882,82.882,82.881,82.881,12330000,1
1528064280000,1528064339000,82.881,82.881,82.873,82.873,20840000,1
1528064340000,1528064399000,82.872,82.872,82.863,82.863,66340000,1
1528064400000,1528064459000,82.864,82.867,82.864,82.867,5120000,1
1528064460000,1528064519000,82.869,82.873,82.867,82.87,27200000,1
1528064520000,1528064579000,82.87,82.877,82.869,82.877,25850000,1
1528064580000,1528064639000,82.878,82.878,82.867,82.868,22380000,1
1528064640000,1528064699000,82.868,82.868,82.867,82.868,5690000,1
1528064700000,1528064759000,82.868,82.868,82.865,82.867,6190000,1
1528064760000,1528064819000,82.865,82.868,82.865,82.867,8310000,1
1528064820000,1528064879000,82.868,82.87,82.861,82.864,19930000,1
1528064880000,1528064939000,82.864,82.865,82.864,82.865,11000000,1
1528064940000,1528064999000,82.863,82.863,82.858,82.858,37790000,1
1528065000000,1528065059000,82.858,82.858,82.841,82.848,41660000,1
1528065060000,1528065119000,82.846,82.847,82.846,82.846,10990000,1
1528065120000,1528065179000,82.848,82.852,82.848,82.852,7820000,1
1528065180000,1528065239000,82.852,82.858,82.852,82.858,7760000,1
1528065240000,1528065299000,82.858,82.862,82.851,82.851,18210000,1
1528065300000,1528065359000,82.851,82.851,82.844,82.844,11130000,1
1528065360000,1528065419000,82.845,82.869,82.843,82.863,39360000,1
1528065420000,1528065479000,82.861,82.865,82.861,82.865,14330000,1
1528065480000,1528065539000,82.862,82.862,82.851,82.851,9450000,1
1528065540000,1528065599000,82.85,82.853,82.839,82.839,28550000,1
1528065600000,1528065659000,82.841,82.842,82.838,82.842,22790000,1
1528065660000,1528065719000,82.842,82.845,82.84,82.845,17340000,1
1528065720000,1528065779000,82.845,82.845,82.833,82.835,58870000,1
1528065780000,1528065839000,82.834,82.835,82.832,82.834,13580000,1
1528065840000,1528065899000,82.835,82.835,82.832,82.832,16810000,1
1528065900000,1528065959000,82.832,82.832,82.818,82.818,25350000,1
1528065960000,1528066019000,82.821,82.821,82.817,82.817,13020000,1
1528066020000,1528066079000,82.817,82.818,82.817,82.818,11070000,1
1528066080000,1528066139000,82.818,82.827,82.812,82.827,25230000,1
1528066140000,1528066199000,82.827,82.831,82.824,82.827,31610000,1
1528066200000,1528066259000,82.827,82.831,82.826,82.828,21600000,1
1528066260000,1528066319000,82.828,82.846,82.828,82.841,18840000,1
1528066320000,1528066379000,82.841,82.841,82.841,82.841,1190000,1
1528066380000,1528066439000,82.847,82.849,82.847,82.849,5690000,1
1528066440000,1528066499000,82.85,82.86,82.85,82.86,11830000,1
1528066500000,1528066559000,82.86,82.865,82.856,82.862,12950000,1
1528066560000,1528066619000,82.86,82.86,82.86,82.86,1690000,1
1528066620000,1528066679000,82.861,82.861,82.861,82.861,1250000,1
1528066680000,1528066739000,82.859,82.859,82.859,82.859,1690000,1
1528066740000,1528066799000,82.86,82.86,82.848,82.848,9140000,1
1528066800000,1528066859000,82.845,82.845,82.841,82.842,16150000,1
1528066860000,1528066919000,82.842,82.847,82.818,82.829,87840000,1
1528066920000,1528066979000,82.829,82.849,82.828,82.83,49440000,1
1528066980000,1528067039000,82.831,82.851,82.826,82.851,38840000,1
1528067040000,1528067099000,82.852,82.869,82.852,82.866,62260000,1
1528067100000,1528067159000,82.867,82.873,82.863,82.871,27070000,1
1528067160000,1528067219000,82.872,82.885,82.871,82.881,35090000,1
1528067220000,1528067279000,82.882,82.882,82.872,82.872,17760000,1
1528067280000,1528067339000,82.873,82.876,82.866,82.876,57590000,1
1528067340000,1528067399000,82.875,82.877,82.87,82.87,47410000,1
1528067400000,1528067459000,82.87,82.872,82.858,82.861,56710000,1
1528067460000,1528067519000,82.86,82.86,82.858,82.858,13960000,1
1528067520000,1528067579000,82.857,82.858,82.827,82.827,50840000,1
1528067580000,1528067639000,82.829,82.833,82.813,82.822,66000000,1
1528067640000,1528067699000,82.823,82.843,82.823,82.842,20840000,1
1528067700000,1528067759000,82.841,82.843,82.839,82.842,29740000,1
1528067760000,1528067819000,82.838,82.843,82.828,82.83,15820000,1
1528067820000,1528067879000,82.83,82.838,82.827,82.831,36730000,1
1528067880000,1528067939000,82.83,82.837,82.83,82.837,17990000,1
1528067940000,1528067999000,82.835,82.837,82.829,82.836,14250000,1
1528068000000,1528068059000,82.837,82.845,82.837,82.844,19120000,1
1528068060000,1528068119000,82.844,82.852,82.844,82.845,8500000,1
1528068120000,1528068179000,82.845,82.846,82.832,82.832,24290000,1
1528068180000,1528068239000,82.832,82.836,82.83,82.836,26050000,1
1528068240000,1528068299000,82.835,82.836,82.835,82.836,5670000,1
1528068300000,1528068359000,82.834,82.834,82.829,82.83,11700000,1
1528068360000,1528068419000,82.831,82.831,82.826,82.826,9330000,1
1528068420000,1528068479000,82.826,82.833,82.824,82.833,28780000,1
1528068480000,1528068539000,82.834,82.838,82.821,82.838,32240000,1
1528068540000,1528068599000,82.838,82.852,82.838,82.844,36270000,1
1528068600000,1528068659000,82.844,82.845,82.823,82.833,52410000,1
1528068660000,1528068719000,82.833,82.839,82.827,82.836,26150000,1
1528068720000,1528068779000,82.835,82.839,82.833,82.833,25650000,1
1528068780000,1528068839000,82.832,82.838,82.82,82.838,29580000,1
1528068840000,1528068899000,82.839,82.85,82.838,82.847,20640000,1
1528068900000,1528068959000,82.843,82.846,82.833,82.843,34140000,1
1528068960000,1528069019000,82.844,82.844,82.838,82.842,30300000,1
1528069020000,1528069079000,82.843,82.857,82.843,82.843,46670000,1
1528069080000,1528069139000,82.843,82.849,82.836,82.836,34340000,1
1528069140000,1528069199000,82.84,82.859,82.84,82.859,35550000,1
1528069200000,1528069259000,82.857,82.859,82.846,82.859,31080000,1
1528069260000,1528069319000,82.861,82.861,82.851,82.857,51610000,1
1528069320000,1528069379000,82.857,82.857,82.837,82.849,39450000,1
1528069380000,1528069439000,82.85,82.871,82.85,82.871,48160000,1
1528069440000,1528069499000,82.868,82.87,82.856,82.856,31380000,1
1528069500000,1528069559000,82.856,82.87,82.856,82.868,64350000,1
1528069560000,1528069619000,82.871,82.89,82.871,82.889,36340000,1
1528069620000,1528069679000,82.889,82.902,82.888,82.897,35620000,1
1528069680000,1528069739000,82.9,82.902,82.897,82.902,24860000,1
1528069740000,1528069799000,82.902,82.902,82.887,82.891,31470000,1
1528069800000,1528069859000,82.891,82.893,82.881,82.886,72980000,1
1528069860000,1528069919000,82.884,82.884,82.873,82.873,64890000,1
1528069920000,1528069979000,82.873,82.887,82.87,82.887,24000000,1
1528069980000,1528070039000,82.888,82.914,82.888,82.914,38950000,1
1528070040000,1528070099000,82.912,82.932,82.912,82.922,79310000,1
1528070100000,1528070159000,82.922,82.94,82.916,82.938,53840000,1
1528070160000,1528070219000,82.938,82.948,82.936,82.948,66340000,1
1528070220000,1528070279000,82.952,82.967,82.949,82.949,102600000,1
1528070280000,1528070339000,82.947,82.953,82.942,82.95,62900000,1
1528070340000,1528070399000,82.949,82.962,82.935,82.946,109890000,1
1528070400000,1528070459000,82.949,82.977,82.926,82.959,129510000,1
1528070460000,1528070519000,82.959,82.97,82.946,82.97,142180000,1
1528070520000,1528070579000,82.972,83.043,82.968,83.037,149660000,1
1528070580000,1528070639000,83.041,83.096,83.041,83.091,180330000,1
1528070640000,1528070699000,83.089,83.089,83.058,83.07,160230000,1
1528070700000,1528070759000,83.072,83.104,83.068,83.079,158290000,1
1528070760000,1528070819000,83.079,83.085,83.051,83.056,200200000,1
1528070820000,1528070879000,83.055,83.088,83.054,83.071,153180000,1
1528070880000,1528070939000,83.07,83.072,83.05,83.071,141020000,1
1528070940000,1528070999000,83.073,83.115,83.069,83.103,155280000,1
1528071000000,1528071059000,83.1,83.116,83.096,83.111,121270000,1
1528071060000,1528071119000,83.11,83.117,83.087,83.088,118660000,1
1528071120000,1528071179000,83.088,83.117,83.085,83.115,123400000,1
1528071180000,1528071239000,83.114,83.127,83.113,83.123,81590000,1
1528071240000,1528071299000,83.123,83.148,83.123,83.144,142580000,1
1528071300000,1528071359000,83.143,83.151,83.109,83.129,133580000,1
1528071360000,1528071419000,83.129,83.133,83.117,83.126,91620000,1
1528071420000,1528071479000,83.127,83.134,83.102,83.107,58200000,1
1528071480000,1528071539000,83.106,83.115,83.094,83.097,125650000,1
1528071540000,1528071599000,83.096,83.104,83.075,83.077,91740000,1
1528071600000,1528071659000,83.078,83.089,83.062,83.067,76010000,1
1528071660000,1528071719000,83.068,83.079,83.046,83.071,140640000,1
1528071720000,1528071779000,83.071,83.081,83.067,83.067,73400000,1
1528071780000,1528071839000,83.068,83.09,83.064,83.086,101230000,1
1528071840000,1528071899000,83.085,83.101,83.082,83.1,85270000,1
1528071900000,1528071959000,83.101,83.103,83.077,83.081,80890000,1
1528071960000,1528072019000,83.08,83.085,83.072,83.072,39870000,1
1528072020000,1528072079000,83.072,83.074,83.068,83.068,41870000,1
1528072080000,1528072139000,83.068,83.108,83.067,83.108,102360000,1
1528072140000,1528072199000,83.111,83.124,83.101,83.101,123620000,1
1528072200000,1528072259000,83.1,83.107,83.091,83.106,97660000,1
1528072260000,1528072319000,83.106,83.127,83.105,83.112,69550000,1
1528072320000,1528072379000,83.113,83.132,83.109,83.132,74860000,1
1528072380000,1528072439000,83.132,83.145,83.128,83.14,134130000,1
1528072440000,1528072499000,83.14,83.14,83.116,83.116,125840000,1
1528072500000,1528072559000,83.115,83.117,83.107,83.11,59470000,1
1528072560000,1528072619000,83.108,83.108,83.086,83.088,89640000,1
1528072620000,1528072679000,83.088,83.095,83.079,83.093,70570000,1
1528072680000,1528072739000,83.092,83.092,83.066,83.077,116530000,1
1528072740000,1528072799000,83.079,83.097,83.072,83.085,121430000,1
1528072800000,1528072859000,83.087,83.093,83.082,83.084,61310000,1
1528072860000,1528072919000,83.083,83.088,83.081,83.082,110750000,1
1528072920000,1528072979000,83.082,83.088,83.078,83.08,89920000,1
1528072980000,1528073039000,83.081,83.083,83.074,83.08,74090000,1
1528073040000,1528073099000,83.079,83.081,83.076,83.076,20960000,1
1528073100000,1528073159000,83.075,83.081,83.066,83.067,53140000,1
1528073160000,1528073219000,83.066,83.081,83.061,83.078,62040000,1
1528073220000,1528073279000,83.077,83.084,83.072,83.081,37690000,1
1528073280000,1528073339000,83.08,83.084,83.077,83.077,41650000,1
1528073340000,1528073399000,83.076,83.08,83.056,83.066,84770000,1
1528073400000,1528073459000,83.067,83.125,83.067,83.122,153100000,1
1528073460000,1528073519000,83.12,83.148,83.113,83.124,175520000,1
1528073520000,1528073579000,83.124,83.146,83.113,83.143,122080000,1
1528073580000,1528073639000,83.143,83.143,83.116,83.12,123800000,1
1528073640000,1528073699000,83.121,83.128,83.099,83.109,209200000,1
1528073700000,1528073759000,83.112,83.134,83.096,83.116,197710000,1
1528073760000,1528073819000,83.115,83.183,83.104,83.157,199920000,1
1528073820000,1528073879000,83.158,83.165,83.131,83.131,157710000,1
1528073880000,1528073939000,83.134,83.178,83.134,83.175,169650000,1
1528073940000,1528073999000,83.176,83.195,83.17,83.19,152510000,1
1528074000000,1528074059000,83.191,83.198,83.162,83.186,189850000,1
1528074060000,1528074119000,83.186,83.206,83.181,83.202,141910000,1
1528074120000,1528074179000,83.205,83.208,83.185,83.193,126320000,1
1528074180000,1528074239000,83.19,83.193,83.164,83.171,136090000,1
1528074240000,1528074299000,83.169,83.176,83.16,83.161,113800000,1
1528074300000,1528074359000,83.159,83.161,83.139,83.141,83270000,1
1528074360000,1528074419000,83.142,83.148,83.131,83.141,53750000,1
1528074420000,1528074479000,83.141,83.159,83.127,83.153,94680000,1
1528074480000,1528074539000,83.153,83.174,83.15,83.172,70250000,1
1528074540000,1528074599000,83.176,83.182,83.163,83.167,89920000,1
1528074600000,1528074659000,83.169,83.203,83.166,83.189,164940000,1
1528074660000,1528074719000,83.188,83.203,83.141,83.155,190200000,1
1528074720000,1528074779000,83.152,83.158,83.12,83.12,130790000,1
1528074780000,1528074839000,83.123,83.132,83.097,83.121,133440000,1
1528074840000,1528074899000,83.121,83.13,83.111,83.123,137680000,1
1528074900000,1528074959000,83.121,83.158,83.121,83.143,183470000,1
1528074960000,1528075019000,83.144,83.144,83.124,83.134,98130000,1
1528075020000,1528075079000,83.136,83.137,83.113,83.119,95500000,1
1528075080000,1528075139000,83.118,83.119,83.105,83.111,97810000,1
1528075140000,1528075199000,83.112,83.113,83.1,83.112,74130000,1
1528075200000,1528075259000,83.11,83.12,83.109,83.117,91380000,1
1528075260000,1528075319000,83.117,83.131,83.117,83.129,42530000,1
1528075320000,1528075379000,83.13,83.13,83.123,83.125,47020000,1
1528075380000,1528075439000,83.126,83.126,83.107,83.107,97680000,1
1528075440000,1528075499000,83.106,83.111,83.102,83.105,47930000,1
1528075500000,1528075559000,83.109,83.113,83.105,83.105,39870000,1
1528075560000,1528075619000,83.104,83.157,83.099,83.149,102300000,1
1528075620000,1528075679000,83.147,83.153,83.14,83.148,67840000,1
1528075680000,1528075739000,83.148,83.15,83.143,83.145,25300000,1
1528075740000,1528075799000,83.145,83.16,83.141,83.141,84630000,1
1528075800000,1528075859000,83.14,83.279,83.138,83.271,249880000,1
1528075860000,1528075919000,83.273,83.275,83.242,83.27,114500000,1
1528075920000,1528075979000,83.269,83.269,83.244,83.261,134680000,1
1528075980000,1528076039000,83.262,83.273,83.248,83.267,144760000,1
1528076040000,1528076099000,83.271,83.307,83.271,83.294,204680000,1
1528076100000,1528076159000,83.293,83.304,83.283,83.296,153480000,1
1528076160000,1528076219000,83.295,83.315,83.293,83.3,124750000,1
1528076220000,1528076279000,83.3,83.306,83.288,83.288,63820000,1
1528076280000,1528076339000,83.286,83.286,83.268,83.275,98600000,1
1528076340000,1528076399000,83.272,83.272,83.246,83.249,94900000,1
1528076400000,1528076459000,83.249,83.283,83.249,83.283,96240000,1
1528076460000,1528076519000,83.277,83.293,83.27,83.282,112230000,1
1528076520000,1528076579000,83.279,83.29,83.275,83.29,67870000,1
1528076580000,1528076639000,83.291,83.291,83.266,83.279,120500000,1
1528076640000,1528076699000,83.278,83.282,83.274,83.278,77040000,1
1528076700000,1528076759000,83.278,83.294,83.275,83.275,76520000,1
1528076760000,1528076819000,83.275,83.28,83.257,83.268,139750000,1
1528076820000,1528076879000,83.266,83.292,83.266,83.286,91240000,1
1528076880000,1528076939000,83.286,83.326,83.282,83.324,135410000,1
1528076940000,1528076999000,83.321,83.334,83.302,83.33,97450000,1
1528077000000,1528077059000,83.328,83.343,83.311,83.343,114700000,1
1528077060000,1528077119000,83.34,83.344,83.329,83.329,79730000,1
1528077120000,1528077179000,83.329,83.329,83.278,83.28,97120000,1
1528077180000,1528077239000,83.278,83.284,83.267,83.28,161320000,1
1528077240000,1528077299000,83.278,83.289,83.271,83.286,134120000,1
1528077300000,1528077359000,83.286,83.313,83.286,83.299,146210000,1
1528077360000,1528077419000,83.297,83.297,83.271,83.288,122190000,1
1528077420000,1528077479000,83.286,83.286,83.249,83.249,112790000,1
1528077480000,1528077539000,83.25,83.276,83.25,83.269,106820000,1
1528077540000,1528077599000,83.269,83.288,83.259,83.285,111750000,1
1528077600000,1528077659000,83.288,83.33,83.288,83.326,167970000,1
1528077660000,1528077719000,83.332,83.334,83.289,83.294,163900000,1
1528077720000,1528077779000,83.291,83.294,83.278,83.288,88800000,1
1528077780000,1528077839000,83.288,83.303,83.279,83.301,142400000,1
1528077840000,1528077899000,83.299,83.31,83.296,83.31,149280000,1
1528077900000,1528077959000,83.311,83.311,83.288,83.288,135580000,1
1528077960000,1528078019000,83.291,83.291,83.279,83.289,119970000,1
1528078020000,1528078079000,83.288,83.288,83.277,83.281,74560000,1
1528078080000,1528078139000,83.281,83.305,83.281,83.302,80350000,1
1528078140000,1528078199000,83.3,83.301,83.286,83.297,74730000,1
1528078200000,1528078259000,83.296,83.299,83.282,83.284,34280000,1
1528078260000,1528078319000,83.283,83.284,83.269,83.269,75180000,1
1528078320000,1528078379000,83.269,83.275,83.264,83.265,79940000,1
1528078380000,1528078439000,83.268,83.283,83.268,83.283,59250000,1
1528078440000,1528078499000,83.283,83.31,83.283,83.31,71840000,1
1528078500000,1528078559000,83.309,83.309,83.282,83.292,97890000,1
1528078560000,1528078619000,83.292,83.3,83.283,83.286,78320000,1
1528078620000,1528078679000,83.283,83.285,83.267,83.271,56150000,1
1528078680000,1528078739000,83.27,83.286,83.262,83.286,88950000,1
1528078740000,1528078799000,83.286,83.308,83.283,83.303,51360000,1
1528078800000,1528078859000,83.303,83.317,83.295,83.315,98400000,1
1528078860000,1528078919000,83.314,83.319,83.309,83.316,80650000,1
1528078920000,1528078979000,83.318,83.318,83.306,83.307,56380000,1
1528078980000,1528079039000,83.307,83.315,83.307,83.314,48010000,1
1528079040000,1528079099000,83.314,83.314,83.303,83.306,53890000,1
1528079100000,1528079159000,83.305,83.305,83.29,83.303,57940000,1
1528079160000,1528079219000,83.302,83.307,83.296,83.297,55410000,1
1528079220000,1528079279000,83.298,83.31,83.298,83.31,19950000,1
1528079280000,1528079339000,83.31,83.31,83.3,83.305,39230000,1
1528079340000,1528079399000,83.304,83.324,83.304,83.324,42870000,1
1528079400000,1528079459000,83.327,83.34,83.324,83.335,74710000,1
1528079460000,1528079519000,83.334,83.338,83.334,83.337,58360000,1
1528079520000,1528079579000,83.338,83.34,83.333,83.336,56940000,1
1528079580000,1528079639000,83.337,83.344,83.335,83.34,57880000,1
1528079640000,1528079699000,83.34,83.364,83.337,83.355,78300000,1
1528079700000,1528079759000,83.354,83.354,83.342,83.353,35610000,1
1528079760000,1528079819000,83.352,83.355,83.345,83.35,59860000,1
1528079820000,1528079879000,83.35,83.355,83.34,83.34,88130000,1
1528079880000,1528079939000,83.34,83.348,83.34,83.346,93800000,1
1528079940000,1528079999000,83.345,83.349,83.329,83.334,89170000,1
1528080000000,1528080059000,83.333,83.348,83.333,83.345,35030000,1
1528080060000,1528080119000,83.343,83.343,83.329,83.339,59510000,1
1528080120000,1528080179000,83.339,83.347,83.334,83.339,65540000,1
1528080180000,1528080239000,83.339,83.355,83.338,83.355,33140000,1
1528080240000,1528080299000,83.357,83.363,83.353,83.356,51030000,1
1528080300000,1528080359000,83.356,83.361,83.349,83.351,55490000,1
1528080360000,1528080419000,83.35,83.356,83.335,83.337,68100000,1
1528080420000,1528080479000,83.337,83.338,83.33,83.334,52570000,1
1528080480000,1528080539000,83.334,83.335,83.297,83.297,78370000,1
1528080540000,1528080599000,83.301,83.307,83.293,83.293,28320000,1
1528080600000,1528080659000,83.294,83.301,83.293,83.297,60850000,1
1528080660000,1528080719000,83.296,83.299,83.268,83.298,65290000,1
1528080720000,1528080779000,83.297,83.318,83.296,83.316,53240000,1
1528080780000,1528080839000,83.317,83.322,83.311,83.311,54010000,1
1528080840000,1528080899000,83.31,83.31,83.302,83.307,52470000,1
1528080900000,1528080959000,83.306,83.319,83.304,83.316,71130000,1
1528080960000,1528081019000,83.314,83.32,83.308,83.309,62800000,1
1528081020000,1528081079000,83.311,83.318,83.309,83.312,47880000,1
1528081080000,1528081139000,83.314,83.329,83.314,83.329,60460000,1
1528081140000,1528081199000,83.327,83.329,83.317,83.325,77950000,1
1528081200000,1528081259000,83.325,83.338,83.324,83.336,59260000,1
1528081260000,1528081319000,83.338,83.341,83.333,83.335,68760000,1
1528081320000,1528081379000,83.335,83.354,83.335,83.354,56070000,1
1528081380000,1528081439000,83.355,83.406,83.354,83.404,104990000,1
1528081440000,1528081499000,83.403,83.408,83.399,83.408,63470000,1
1528081500000,1528081559000,83.408,83.408,83.393,83.397,37480000,1
1528081560000,1528081619000,83.397,83.404,83.38,83.388,101870000,1
1528081620000,1528081679000,83.388,83.389,83.379,83.382,93480000,1
1528081680000,1528081739000,83.383,83.396,83.38,83.38,73220000,1
1528081740000,1528081799000,83.38,83.39,83.38,83.388,49900000,1
1528081800000,1528081859000,83.388,83.405,83.386,83.403,91440000,1
1528081860000,1528081919000,83.398,83.408,83.392,83.399,83000000,1
1528081920000,1528081979000,83.398,83.449,83.395,83.439,121800000,1
1528081980000,1528082039000,83.438,83.443,83.423,83.438,53390000,1
1528082040000,1528082099000,83.438,83.456,83.438,83.456,63240000,1
1528082100000,1528082159000,83.457,83.47,83.453,83.466,120120000,1
1528082160000,1528082219000,83.469,83.47,83.459,83.47,75800000,1
1528082220000,1528082279000,83.469,83.469,83.455,83.463,75860000,1
1528082280000,1528082339000,83.463,83.463,83.451,83.455,75340000,1
1528082340000,1528082399000,83.453,83.456,83.433,83.433,88790000,1
1528082400000,1528082459000,83.431,83.448,83.429,83.437,84520000,1
1528082460000,1528082519000,83.438,83.446,83.437,83.446,21050000,1
1528082520000,1528082579000,83.446,83.446,83.44,83.443,35280000,1
1528082580000,1528082639000,83.443,83.471,83.443,83.471,60440000,1
1528082640000,1528082699000,83.471,83.48,83.468,83.476,55690000,1
1528082700000,1528082759000,83.476,83.477,83.468,83.474,74960000,1
1528082760000,1528082819000,83.476,83.476,83.459,83.468,65120000,1
1528082820000,1528082879000,83.469,83.473,83.464,83.468,43940000,1
1528082880000,1528082939000,83.469,83.475,83.468,83.47,55720000,1
1528082940000,1528082999000,83.471,83.475,83.468,83.47,46740000,1
1528083000000,1528083059000,83.469,83.469,83.45,83.45,93790000,1
1528083060000,1528083119000,83.449,83.449,83.439,83.444,82190000,1
1528083120000,1528083179000,83.444,83.446,83.427,83.43,73850000,1
1528083180000,1528083239000,83.431,83.462,83.431,83.456,68160000,1
1528083240000,1528083299000,83.456,83.473,83.456,83.472,57360000,1
1528083300000,1528083359000,83.472,83.481,83.466,83.478,76320000,1
1528083360000,1528083419000,83.477,83.477,83.47,83.472,34050000,1
1528083420000,1528083479000,83.472,83.473,83.463,83.464,45720000,1
1528083480000,1528083539000,83.463,83.465,83.454,83.454,52510000,1
1528083540000,1528083599000,83.453,83.453,83.437,83.441,44960000,1
1528083600000,1528083659000,83.441,83.441,83.427,83.431,80730000,1
1528083660000,1528083719000,83.431,83.447,83.43,83.438,86040000,1
1528083720000,1528083779000,83.439,83.444,83.431,83.433,50270000,1
1528083780000,1528083839000,83.433,83.442,83.419,83.442,73240000,1
1528083840000,1528083899000,83.439,83.444,83.424,83.433,92350000,1
1528083900000,1528083959000,83.435,83.486,83.433,83.48,118540000,1
1528083960000,1528084019000,83.479,83.484,83.472,83.474,100450000,1
1528084020000,1528084079000,83.474,83.475,83.459,83.466,54610000,1
1528084080000,1528084139000,83.467,83.467,83.441,83.449,44420000,1
1528084140000,1528084199000,83.448,83.449,83.44,83.449,77570000,1
1528084200000,1528084259000,83.448,83.456,83.445,83.448,65680000,1
1528084260000,1528084319000,83.449,83.457,83.448,83.455,54790000,1
1528084320000,1528084379000,83.454,83.454,83.44,83.452,62690000,1
1528084380000,1528084439000,83.452,83.452,83.443,83.444,46440000,1
1528084440000,1528084499000,83.444,83.446,83.437,83.446,51410000,1
1528084500000,1528084559000,83.449,83.459,83.449,83.459,48530000,1
1528084560000,1528084619000,83.459,83.464,83.457,83.464,38990000,1
1528084620000,1528084679000,83.463,83.464,83.436,83.438,60980000,1
1528084680000,1528084739000,83.44,83.457,83.436,83.453,70610000,1
1528084740000,1528084799000,83.452,83.467,83.435,83.437,109680000,1
1528084800000,1528084859000,83.438,83.447,83.432,83.447,99460000,1
1528084860000,1528084919000,83.447,83.447,83.434,83.444,38940000,1
1528084920000,1528084979000,83.445,83.446,83.437,83.437,29040000,1
1528084980000,1528085039000,83.439,83.441,83.419,83.423,58810000,1
1528085040000,1528085099000,83.423,83.434,83.423,83.426,47940000,1
1528085100000,1528085159000,83.427,83.444,83.426,83.442,43940000,1
1528085160000,1528085219000,83.44,83.44,83.433,83.437,43420000,1
1528085220000,1528085279000,83.437,83.437,83.429,83.429,19460000,1
1528085280000,1528085339000,83.432,83.436,83.431,83.433,15140000,1
1528085340000,1528085399000,83.432,83.432,83.422,83.428,43640000,1
1528085400000,1528085459000,83.428,83.434,83.428,83.431,19810000,1
1528085460000,1528085519000,83.432,83.442,83.431,83.441,30070000,1
1528085520000,1528085579000,83.442,83.445,83.441,83.441,107780000,1
1528085580000,1528085639000,83.441,83.442,83.435,83.435,40910000,1
1528085640000,1528085699000,83.436,83.447,83.436,83.444,36480000,1
1528085700000,1528085759000,83.446,83.446,83.422,83.423,56430000,1
1528085760000,1528085819000,83.423,83.438,83.416,83.435,76800000,1
1528085820000,1528085879000,83.431,83.439,83.43,83.433,48140000,1
1528085880000,1528085939000,83.433,83.442,83.433,83.436,31720000,1
1528085940000,1528085999000,83.436,83.436,83.409,83.41,70710000,1
1528086000000,1528086059000,83.408,83.433,83.408,83.431,102330000,1
1528086060000,1528086119000,83.431,83.434,83.428,83.432,46810000,1
1528086120000,1528086179000,83.431,83.434,83.427,83.427,31330000,1
1528086180000,1528086239000,83.428,83.435,83.428,83.435,20320000,1
1528086240000,1528086299000,83.437,83.448,83.435,83.444,23330000,1
1528086300000,1528086359000,83.443,83.446,83.432,83.437,60170000,1
1528086360000,1528086419000,83.437,83.447,83.437,83.438,46300000,1
1528086420000,1528086479000,83.438,83.443,83.438,83.443,20410000,1
1528086480000,1528086539000,83.442,83.451,83.442,83.451,38960000,1
1528086540000,1528086599000,83.45,83.45,83.437,83.437,27590000,1
1528086600000,1528086659000,83.439,83.447,83.439,83.446,34210000,1
1528086660000,1528086719000,83.448,83.451,83.443,83.443,38710000,1
1528086720000,1528086779000,83.443,83.447,83.44,83.44,33070000,1
1528086780000,1528086839000,83.44,83.449,83.436,83.445,62300000,1
1528086840000,1528086899000,83.443,83.446,83.439,83.441,97560000,1
1528086900000,1528086959000,83.44,83.442,83.437,83.441,65660000,1
1528086960000,1528087019000,83.441,83.441,83.434,83.44,58980000,1
1528087020000,1528087079000,83.445,83.449,83.445,83.447,26490000,1
1528087080000,1528087139000,83.446,83.448,83.436,83.436,58790000,1
1528087140000,1528087199000,83.435,83.444,83.43,83.434,44580000,1
1528087200000,1528087259000,83.434,83.434,83.434,83.434,1250000,1
1528087260000,1528087319000,83.434,83.438,83.434,83.438,21110000,1
1528087320000,1528087379000,83.438,83.439,83.435,83.435,13050000,1
1528087380000,1528087439000,83.435,83.435,83.423,83.425,34120000,1
1528087440000,1528087499000,83.423,83.423,83.41,83.413,69140000,1
1528087500000,1528087559000,83.412,83.417,83.408,83.409,93010000,1
1528087560000,1528087619000,83.41,83.41,83.395,83.396,62790000,1
1528087620000,1528087679000,83.398,83.407,83.397,83.402,75740000,1
1528087680000,1528087739000,83.403,83.41,83.403,83.41,69930000,1
1528087740000,1528087799000,83.41,83.416,83.403,83.408,36210000,1
1528087800000,1528087859000,83.406,83.413,83.401,83.407,93900000,1
1528087860000,1528087919000,83.407,83.416,83.405,83.416,78760000,1
1528087920000,1528087979000,83.417,83.43,83.416,83.424,48190000,1
1528087980000,1528088039000,83.427,83.427,83.421,83.422,55660000,1
1528088040000,1528088099000,83.424,83.424,83.411,83.411,50270000,1
1528088100000,1528088159000,83.411,83.424,83.411,83.423,67240000,1
1528088160000,1528088219000,83.422,83.43,83.421,83.43,18600000,1
1528088220000,1528088279000,83.433,83.451,83.423,83.451,72670000,1
1528088280000,1528088339000,83.451,83.457,83.436,83.442,61330000,1
1528088340000,1528088399000,83.443,83.453,83.438,83.439,40510000,1
1528088400000,1528088459000,83.435,83.438,83.419,83.425,78270000,1
1528088460000,1528088519000,83.427,83.446,83.427,83.436,70500000,1
1528088520000,1528088579000,83.436,83.451,83.435,83.438,88270000,1
1528088580000,1528088639000,83.438,83.439,83.42,83.428,71480000,1
1528088640000,1528088699000,83.429,83.443,83.426,83.431,92860000,1
1528088700000,1528088759000,83.43,83.433,83.427,83.427,61210000,1
1528088760000,1528088819000,83.426,83.444,83.426,83.436,43390000,1
1528088820000,1528088879000,83.436,83.447,83.429,83.437,63530000,1
1528088880000,1528088939000,83.437,83.443,83.437,83.442,41470000,1
1528088940000,1528088999000,83.443,83.465,83.442,83.459,50000000,1
1528089000000,1528089059000,83.458,83.46,83.446,83.456,40590000,1
1528089060000,1528089119000,83.456,83.463,83.455,83.457,36840000,1
1528089120000,1528089179000,83.455,83.468,83.453,83.468,44570000,1
1528089180000,1528089239000,83.468,83.478,83.465,83.477,31360000,1
1528089240000,1528089299000,83.477,83.481,83.472,83.479,74750000,1
1528089300000,1528089359000,83.478,83.497,83.478,83.496,66040000,1
1528089360000,1528089419000,83.495,83.497,83.488,83.488,30400000,1
1528089420000,1528089479000,83.489,83.503,83.489,83.495,60520000,1
1528089480000,1528089539000,83.495,83.497,83.485,83.496,68010000,1
1528089540000,1528089599000,83.495,83.495,83.489,83.49,62100000,1
1528089600000,1528089659000,83.49,83.49,83.482,83.484,62270000,1
1528089660000,1528089719000,83.482,83.521,83.479,83.514,99600000,1
1528089720000,1528089779000,83.513,83.532,83.51,83.524,97310000,1
1528089780000,1528089839000,83.524,83.532,83.519,83.53,123920000,1
1528089840000,1528089899000,83.529,83.531,83.506,83.51,123180000,1
1528089900000,1528089959000,83.51,83.538,83.51,83.537,88590000,1
1528089960000,1528090019000,83.538,83.573,83.535,83.562,171890000,1
1528090020000,1528090079000,83.567,83.567,83.553,83.554,100680000,1
1528090080000,1528090139000,83.555,83.564,83.554,83.558,84420000,1
1528090140000,1528090199000,83.556,83.556,83.55,83.556,36150000,1
1528090200000,1528090259000,83.554,83.569,83.549,83.552,67820000,1
1528090260000,1528090319000,83.551,83.569,83.55,83.568,69570000,1
1528090320000,1528090379000,83.569,83.573,83.566,83.569,35730000,1
1528090380000,1528090439000,83.571,83.573,83.567,83.567,18430000,1
1528090440000,1528090499000,83.565,83.568,83.557,83.561,28880000,1
1528090500000,1528090559000,83.562,83.564,83.55,83.55,32360000,1
1528090560000,1528090619000,83.552,83.552,83.531,83.538,49090000,1
1528090620000,1528090679000,83.537,83.541,83.533,83.537,30110000,1
1528090680000,1528090739000,83.538,83.549,83.532,83.549,29730000,1
1528090740000,1528090799000,83.548,83.569,83.548,83.559,35060000,1
1528090800000,1528090859000,83.558,83.56,83.554,83.554,19630000,1
1528090860000,1528090919000,83.554,83.556,83.55,83.551,29890000,1
1528090920000,1528090979000,83.551,83.561,83.537,83.561,82080000,1
1528090980000,1528091039000,83.561,83.567,83.559,83.565,31950000,1
1528091040000,1528091099000,83.564,83.567,83.559,83.561,19700000,1
1528091100000,1528091159000,83.561,83.572,83.559,83.572,62800000,1
1528091160000,1528091219000,83.573,83.574,83.565,83.568,61280000,1
1528091220000,1528091279000,83.569,83.572,83.565,83.572,52730000,1
1528091280000,1528091339000,83.572,83.579,83.568,83.572,83430000,1
1528091340000,1528091399000,83.572,83.584,83.57,83.579,100890000,1
1528091400000,1528091459000,83.579,83.584,83.574,83.58,100650000,1
1528091460000,1528091519000,83.584,83.59,83.578,83.579,120300000,1
1528091520000,1528091579000,83.579,83.58,83.572,83.577,51820000,1
1528091580000,1528091639000,83.577,83.588,83.576,83.588,36580000,1
1528091640000,1528091699000,83.587,83.587,83.579,83.582,99290000,1
1528091700000,1528091759000,83.581,83.589,83.575,83.575,96210000,1
1528091760000,1528091819000,83.573,83.573,83.534,83.537,97810000,1
1528091820000,1528091879000,83.536,83.536,83.507,83.518,131620000,1
1528091880000,1528091939000,83.518,83.519,83.483,83.484,153450000,1
1528091940000,1528091999000,83.483,83.483,83.445,83.445,153050000,1
1528092000000,1528092059000,83.445,83.471,83.437,83.47,130280000,1
1528092060000,1528092119000,83.474,83.497,83.464,83.479,227360000,1
1528092120000,1528092179000,83.48,83.543,83.478,83.54,176420000,1
1528092180000,1528092239000,83.539,83.54,83.526,83.535,123360000,1
1528092240000,1528092299000,83.535,83.558,83.527,83.558,111800000,1
1528092300000,1528092359000,83.558,83.558,83.538,83.539,125190000,1
1528092360000,1528092419000,83.539,83.544,83.53,83.538,112130000,1
1528092420000,1528092479000,83.537,83.549,83.537,83.547,125500000,1
1528092480000,1528092539000,83.545,83.557,83.535,83.536,181090000,1
1528092540000,1528092599000,83.536,83.536,83.505,83.513,130960000,1
1528092600000,1528092659000,83.513,83.515,83.493,83.512,150410000,1
1528092660000,1528092719000,83.512,83.532,83.494,83.504,139720000,1
1528092720000,1528092779000,83.503,83.513,83.496,83.509,153250000,1
1528092780000,1528092839000,83.51,83.526,83.51,83.524,104680000,1
1528092840000,1528092899000,83.523,83.527,83.513,83.517,40760000,1
1528092900000,1528092959000,83.516,83.527,83.514,83.523,120410000,1
1528092960000,1528093019000,83.526,83.548,83.526,83.546,94400000,1
1528093020000,1528093079000,83.547,83.557,83.537,83.537,120540000,1
1528093080000,1528093139000,83.536,83.553,83.533,83.551,107790000,1
1528093140000,1528093199000,83.553,83.576,83.545,83.573,105810000,1
1528093200000,1528093259000,83.571,83.589,83.564,83.575,114190000,1
1528093260000,1528093319000,83.575,83.583,83.571,83.576,73270000,1
1528093320000,1528093379000,83.574,83.587,83.574,83.582,44110000,1
1528093380000,1528093439000,83.582,83.654,83.575,83.623,193270000,1
1528093440000,1528093499000,83.625,83.627,83.61,83.627,98930000,1
1528093500000,1528093559000,83.625,83.635,83.619,83.631,136330000,1
1528093560000,1528093619000,83.63,83.667,83.627,83.663,194460000,1
1528093620000,1528093679000,83.663,83.709,83.663,83.689,263680000,1
1528093680000,1528093739000,83.689,83.71,83.681,83.687,243930000,1
1528093740000,1528093799000,83.686,83.715,83.686,83.709,182350000,1
1528093800000,1528093859000,83.708,83.709,83.69,83.7,128720000,1
1528093860000,1528093919000,83.7,83.707,83.674,83.675,209010000,1
1528093920000,1528093979000,83.672,83.685,83.667,83.675,147820000,1
1528093980000,1528094039000,83.675,83.675,83.666,83.672,96940000,1
1528094040000,1528094099000,83.672,83.674,83.663,83.672,130330000,1
1528094100000,1528094159000,83.672,83.672,83.64,83.648,182670000,1
1528094160000,1528094219000,83.65,83.664,83.631,83.636,172580000,1
1528094220000,1528094279000,83.636,83.643,83.605,83.615,180890000,1
1528094280000,1528094339000,83.614,83.652,83.613,83.65,226090000,1
1528094340000,1528094399000,83.651,83.651,83.64,83.645,127200000,1
1528094400000,1528094459000,83.645,83.649,83.625,83.646,141600000,1
1528094460000,1528094519000,83.645,83.648,83.638,83.642,105190000,1
1528094520000,1528094579000,83.642,83.643,83.625,83.638,64550000,1
1528094580000,1528094639000,83.638,83.647,83.636,83.64,60100000,1
1528094640000,1528094699000,83.639,83.639,83.619,83.619,63600000,1
1528094700000,1528094759000,83.621,83.647,83.609,83.639,124810000,1
1528094760000,1528094819000,83.638,83.649,83.638,83.648,54860000,1
1528094820000,1528094879000,83.648,83.649,83.631,83.637,47570000,1
1528094880000,1528094939000,83.637,83.637,83.603,83.619,139400000,1
1528094940000,1528094999000,83.618,83.63,83.615,83.619,87320000,1
1528095000000,1528095059000,83.618,83.627,83.61,83.622,122970000,1
1528095060000,1528095119000,83.622,83.666,83.62,83.648,163460000,1
1528095120000,1528095179000,83.648,83.66,83.64,83.646,125470000,1
1528095180000,1528095239000,83.647,83.663,83.647,83.654,131170000,1
1528095240000,1528095299000,83.654,83.665,83.65,83.663,101420000,1
1528095300000,1528095359000,83.664,83.691,83.656,83.686,157280000,1
1528095360000,1528095419000,83.686,83.687,83.668,83.675,153130000,1
1528095420000,1528095479000,83.675,83.678,83.66,83.66,143540000,1
1528095480000,1528095539000,83.663,83.683,83.659,83.677,152000000,1
1528095540000,1528095599000,83.676,83.68,83.66,83.68,157530000,1
1528095600000,1528095659000,83.681,83.681,83.658,83.662,194160000,1
1528095660000,1528095719000,83.661,83.671,83.645,83.647,162920000,1
1528095720000,1528095779000,83.647,83.667,83.646,83.655,189800000,1
1528095780000,1528095839000,83.651,83.659,83.622,83.642,202050000,1
1528095840000,1528095899000,83.641,83.659,83.638,83.653,149170000,1
1528095900000,1528095959000,83.654,83.671,83.649,83.669,129820000,1
1528095960000,1528096019000,83.668,83.717,83.668,83.708,183930000,1
1528096020000,1528096079000,83.708,83.71,83.677,83.681,150980000,1
1528096080000,1528096139000,83.683,83.687,83.667,83.67,134880000,1
1528096140000,1528096199000,83.669,83.682,83.666,83.679,117420000,1
1528096200000,1528096259000,83.678,83.687,83.666,83.667,128150000,1
1528096260000,1528096319000,83.666,83.679,83.655,83.679,120150000,1
1528096320000,1528096379000,83.677,83.701,83.672,83.697,122980000,1
1528096380000,1528096439000,83.696,83.698,83.682,83.684,125250000,1
1528096440000,1528096499000,83.685,83.686,83.665,83.677,113720000,1
1528096500000,1528096559000,83.677,83.686,83.674,83.678,85720000,1
1528096560000,1528096619000,83.678,83.691,83.67,83.681,144710000,1
1528096620000,1528096679000,83.682,83.688,83.676,83.688,173190000,1
1528096680000,1528096739000,83.685,83.699,83.678,83.679,101400000,1
1528096740000,1528096799000,83.678,83.716,83.661,83.716,168640000,1
1528096800000,1528096859000,83.716,83.724,83.678,83.679,155880000,1
1528096860000,1528096919000,83.678,83.701,83.674,83.677,154010000,1
1528096920000,1528096979000,83.676,83.678,83.659,83.661,133100000,1
1528096980000,1528097039000,83.662,83.68,83.658,83.662,134890000,1
1528097040000,1528097099000,83.661,83.668,83.648,83.656,102370000,1
1528097100000,1528097159000,83.655,83.675,83.649,83.675,161080000,1
1528097160000,1528097219000,83.674,83.685,83.653,83.658,154260000,1
1528097220000,1528097279000,83.657,83.657,83.645,83.652,147340000,1
1528097280000,1528097339000,83.654,83.658,83.643,83.645,135340000,1
1528097340000,1528097399000,83.645,83.66,83.645,83.66,109260000,1
1528097400000,1528097459000,83.658,83.672,83.653,83.669,90230000,1
1528097460000,1528097519000,83.667,83.672,83.646,83.649,128080000,1
1528097520000,1528097579000,83.648,83.648,83.603,83.603,131440000,1
1528097580000,1528097639000,83.606,83.606,83.587,83.6,142180000,1
1528097640000,1528097699000,83.596,83.598,83.541,83.553,200180000,1
1528097700000,1528097759000,83.553,83.59,83.553,83.579,133460000,1
1528097760000,1528097819000,83.579,83.589,83.573,83.573,89200000,1
1528097820000,1528097879000,83.573,83.596,83.573,83.591,113990000,1
1528097880000,1528097939000,83.592,83.615,83.592,83.614,125730000,1
1528097940000,1528097999000,83.613,83.613,83.589,83.592,101890000,1
1528098000000,1528098059000,83.592,83.601,83.589,83.589,67360000,1
1528098060000,1528098119000,83.591,83.618,83.591,83.614,87990000,1
1528098120000,1528098179000,83.616,83.62,83.596,83.596,104040000,1
1528098180000,1528098239000,83.596,83.617,83.591,83.616,94550000,1
1528098240000,1528098299000,83.616,83.616,83.585,83.589,89280000,1
1528098300000,1528098359000,83.589,83.589,83.561,83.566,157390000,1
1528098360000,1528098419000,83.566,83.584,83.566,83.575,155090000,1
1528098420000,1528098479000,83.575,83.583,83.565,83.572,153220000,1
1528098480000,1528098539000,83.573,83.584,83.565,83.583,134770000,1
1528098540000,1528098599000,83.582,83.583,83.576,83.58,101220000,1
1528098600000,1528098659000,83.582,83.585,83.579,83.58,65530000,1
1528098660000,1528098719000,83.579,83.581,83.574,83.579,70690000,1
1528098720000,1528098779000,83.579,83.597,83.575,83.59,98400000,1
1528098780000,1528098839000,83.59,83.597,83.577,83.597,100030000,1
1528098840000,1528098899000,83.597,83.597,83.573,83.578,108210000,1
1528098900000,1528098959000,83.578,83.578,83.559,83.56,108930000,1
1528098960000,1528099019000,83.561,83.565,83.554,83.56,101140000,1
1528099020000,1528099079000,83.558,83.567,83.55,83.564,90460000,1
1528099080000,1528099139000,83.564,83.576,83.554,83.556,117160000,1
1528099140000,1528099199000,83.554,83.594,83.55,83.59,147220000,1
1528099200000,1528099259000,83.59,83.593,83.576,83.584,189600000,1
1528099260000,1528099319000,83.583,83.586,83.561,83.566,109550000,1
1528099320000,1528099379000,83.567,83.589,83.555,83.563,164390000,1
1528099380000,1528099439000,83.563,83.577,83.558,83.577,148840000,1
1528099440000,1528099499000,83.576,83.576,83.544,83.545,167370000,1
1528099500000,1528099559000,83.546,83.553,83.526,83.537,160510000,1
1528099560000,1528099619000,83.536,83.552,83.528,83.537,193660000,1
1528099620000,1528099679000,83.536,83.538,83.529,83.53,104800000,1
1528099680000,1528099739000,83.531,83.543,83.519,83.519,87050000,1
1528099740000,1528099799000,83.519,83.522,83.485,83.492,202540000,1
1528099800000,1528099859000,83.492,83.5,83.482,83.489,149540000,1
1528099860000,1528099919000,83.488,83.509,83.488,83.506,114140000,1
1528099920000,1528099979000,83.506,83.511,83.498,83.509,125100000,1
1528099980000,1528100039000,83.508,83.518,83.502,83.518,161020000,1
1528100040000,1528100099000,83.521,83.538,83.521,83.529,105540000,1
1528100100000,1528100159000,83.529,83.529,83.516,83.517,147420000,1
1528100160000,1528100219000,83.517,83.524,83.513,83.522,103200000,1
1528100220000,1528100279000,83.523,83.558,83.523,83.556,157520000,1
1528100280000,1528100339000,83.557,83.562,83.553,83.558,72580000,1
1528100340000,1528100399000,83.558,83.562,83.547,83.553,95200000,1
1528100400000,1528100459000,83.553,83.555,83.543,83.548,77230000,1
1528100460000,1528100519000,83.544,83.551,83.542,83.545,117730000,1
1528100520000,1528100579000,83.548,83.55,83.543,83.549,67540000,1
1528100580000,1528100639000,83.548,83.55,83.537,83.538,56520000,1
1528100640000,1528100699000,83.537,83.539,83.529,83.531,104820000,1
1528100700000,1528100759000,83.531,83.54,83.525,83.537,112090000,1
1528100760000,1528100819000,83.537,83.566,83.528,83.562,186510000,1
1528100820000,1528100879000,83.561,83.588,83.56,83.586,112480000,1
1528100880000,1528100939000,83.588,83.602,83.578,83.591,86090000,1
1528100940000,1528100999000,83.592,83.595,83.577,83.58,76270000,1
1528101000000,1528101059000,83.58,83.606,83.57,83.604,108570000,1
1528101060000,1528101119000,83.605,83.62,83.598,83.598,115550000,1
1528101120000,1528101179000,83.597,83.604,83.591,83.6,79980000,1
1528101180000,1528101239000,83.6,83.602,83.584,83.593,95060000,1
1528101240000,1528101299000,83.594,83.604,83.59,83.59,73970000,1
1528101300000,1528101359000,83.591,83.602,83.586,83.599,66420000,1
1528101360000,1528101419000,83.6,83.606,83.583,83.583,129060000,1
1528101420000,1528101479000,83.583,83.611,83.58,83.603,207930000,1
1528101480000,1528101539000,83.605,83.62,83.601,83.614,153580000,1
1528101540000,1528101599000,83.614,83.629,83.613,83.629,105330000,1
1528101600000,1528101659000,83.63,83.631,83.616,83.617,163290000,1
1528101660000,1528101719000,83.615,83.633,83.615,83.633,134920000,1
1528101720000,1528101779000,83.632,83.632,83.618,83.618,124770000,1
1528101780000,1528101839000,83.62,83.631,83.618,83.625,106960000,1
1528101840000,1528101899000,83.628,83.644,83.628,83.641,139270000,1
1528101900000,1528101959000,83.643,83.649,83.631,83.642,166760000,1
1528101960000,1528102019000,83.643,83.671,83.643,83.655,139570000,1
1528102020000,1528102079000,83.656,83.665,83.654,83.658,67520000,1
1528102080000,1528102139000,83.658,83.666,83.646,83.651,120380000,1
1528102140000,1528102199000,83.65,83.654,83.643,83.647,93870000,1
1528102200000,1528102259000,83.648,83.648,83.635,83.638,90050000,1
1528102260000,1528102319000,83.638,83.638,83.622,83.623,67960000,1
1528102320000,1528102379000,83.624,83.644,83.624,83.634,122280000,1
1528102380000,1528102439000,83.636,83.644,83.635,83.644,87120000,1
1528102440000,1528102499000,83.646,83.652,83.632,83.647,116720000,1
1528102500000,1528102559000,83.65,83.654,83.638,83.642,87970000,1
1528102560000,1528102619000,83.641,83.65,83.629,83.632,97660000,1
1528102620000,1528102679000,83.635,83.644,83.625,83.637,98350000,1
1528102680000,1528102739000,83.64,83.669,83.638,83.661,113050000,1
1528102740000,1528102799000,83.661,83.677,83.661,83.677,100670000,1
1528102800000,1528102859000,83.675,83.676,83.657,83.673,143190000,1
1528102860000,1528102919000,83.672,83.724,83.671,83.719,161210000,1
1528102920000,1528102979000,83.72,83.755,83.72,83.74,132030000,1
1528102980000,1528103039000,83.74,83.745,83.722,83.726,136780000,1
1528103040000,1528103099000,83.726,83.737,83.722,83.73,107770000,1
1528103100000,1528103159000,83.73,83.739,83.716,83.736,129260000,1
1528103160000,1528103219000,83.739,83.748,83.739,83.744,81960000,1
1528103220000,1528103279000,83.742,83.742,83.728,83.728,53450000,1
1528103280000,1528103339000,83.727,83.735,83.725,83.731,63270000,1
1528103340000,1528103399000,83.729,83.734,83.716,83.716,92070000,1
1528103400000,1528103459000,83.717,83.72,83.712,83.72,63900000,1
1528103460000,1528103519000,83.718,83.72,83.705,83.715,81380000,1
1528103520000,1528103579000,83.714,83.719,83.708,83.709,79630000,1
1528103580000,1528103639000,83.709,83.741,83.707,83.737,134340000,1
1528103640000,1528103699000,83.737,83.749,83.71,83.716,166670000,1
1528103700000,1528103759000,83.716,83.746,83.716,83.743,76940000,1
1528103760000,1528103819000,83.744,83.744,83.715,83.724,106390000,1
1528103820000,1528103879000,83.725,83.736,83.724,83.735,61850000,1
1528103880000,1528103939000,83.735,83.735,83.726,83.734,74030000,1
1528103940000,1528103999000,83.735,83.766,83.735,83.765,121710000,1
1528104000000,1528104059000,83.765,83.786,83.764,83.779,147610000,1
1528104060000,1528104119000,83.78,83.786,83.767,83.767,122900000,1
1528104120000,1528104179000,83.766,83.778,83.754,83.773,95250000,1
1528104180000,1528104239000,83.773,83.817,83.772,83.817,172570000,1
1528104240000,1528104299000,83.819,83.822,83.804,83.807,149540000,1
1528104300000,1528104359000,83.807,83.81,83.798,83.806,125040000,1
1528104360000,1528104419000,83.807,83.819,83.807,83.817,148870000,1
1528104420000,1528104479000,83.815,83.849,83.813,83.844,160610000,1
1528104480000,1528104539000,83.845,83.845,83.822,83.825,132560000,1
1528104540000,1528104599000,83.827,83.84,83.817,83.829,117110000,1
1528104600000,1528104659000,83.828,83.829,83.807,83.811,142090000,1
1528104660000,1528104719000,83.81,83.835,83.809,83.83,170360000,1
1528104720000,1528104779000,83.832,83.836,83.814,83.827,124240000,1
1528104780000,1528104839000,83.826,83.827,83.809,83.809,57930000,1
1528104840000,1528104899000,83.81,83.839,83.81,83.839,93370000,1
1528104900000,1528104959000,83.837,83.846,83.821,83.845,104730000,1
1528104960000,1528105019000,83.844,83.849,83.831,83.831,109380000,1
1528105020000,1528105079000,83.831,83.831,83.819,83.829,90230000,1
1528105080000,1528105139000,83.829,83.841,83.829,83.83,115500000,1
1528105140000,1528105199000,83.829,83.833,83.813,83.82,128330000,1
1528105200000,1528105259000,83.821,83.854,83.821,83.835,168150000,1
1528105260000,1528105319000,83.835,83.845,83.831,83.841,140160000,1
1528105320000,1528105379000,83.841,83.841,83.816,83.821,106340000,1
1528105380000,1528105439000,83.821,83.827,83.816,83.819,105930000,1
1528105440000,1528105499000,83.819,83.833,83.819,83.83,105770000,1
1528105500000,1528105559000,83.829,83.829,83.815,83.82,130350000,1
1528105560000,1528105619000,83.819,83.829,83.818,83.827,92440000,1
1528105620000,1528105679000,83.827,83.84,83.823,83.834,61310000,1
1528105680000,1528105739000,83.835,83.843,83.835,83.843,93040000,1
1528105740000,1528105799000,83.845,83.858,83.839,83.855,88720000,1
1528105800000,1528105859000,83.855,83.865,83.847,83.849,82250000,1
1528105860000,1528105919000,83.85,83.862,83.848,83.855,77820000,1
1528105920000,1528105979000,83.855,83.855,83.846,83.846,63960000,1
1528105980000,1528106039000,83.845,83.845,83.829,83.83,56420000,1
1528106040000,1528106099000,83.83,83.839,83.83,83.839,55550000,1
1528106100000,1528106159000,83.839,83.848,83.838,83.838,65400000,1
1528106160000,1528106219000,83.837,83.843,83.822,83.842,149360000,1
1528106220000,1528106279000,83.841,83.841,83.829,83.835,105310000,1
1528106280000,1528106339000,83.835,83.856,83.835,83.846,89360000,1
1528106340000,1528106399000,83.846,83.866,83.846,83.852,100090000,1
1528106400000,1528106459000,83.852,83.878,83.847,83.878,136390000,1
1528106460000,1528106519000,83.881,83.945,83.881,83.917,194650000,1
1528106520000,1528106579000,83.917,83.929,83.904,83.912,142320000,1
1528106580000,1528106639000,83.912,83.912,83.879,83.884,117990000,1
1528106640000,1528106699000,83.885,83.891,83.881,83.881,80360000,1
1528106700000,1528106759000,83.88,83.881,83.841,83.852,103610000,1
1528106760000,1528106819000,83.852,83.886,83.841,83.886,147710000,1
1528106820000,1528106879000,83.886,83.903,83.881,83.883,241720000,1
1528106880000,1528106939000,83.885,83.896,83.851,83.851,159740000,1
1528106940000,1528106999000,83.85,83.866,83.842,83.863,103460000,1
1528107000000,1528107059000,83.865,83.87,83.855,83.859,95280000,1
1528107060000,1528107119000,83.858,83.884,83.858,83.88,59420000,1
1528107120000,1528107179000,83.881,83.888,83.869,83.87,94340000,1
1528107180000,1528107239000,83.87,83.873,83.854,83.864,104980000,1
1528107240000,1528107299000,83.865,83.872,83.86,83.867,58810000,1
1528107300000,1528107359000,83.867,83.873,83.856,83.856,85500000,1
1528107360000,1528107419000,83.857,83.857,83.832,83.833,89010000,1
1528107420000,1528107479000,83.832,83.846,83.822,83.84,87200000,1
1528107480000,1528107539000,83.84,83.845,83.832,83.836,52550000,1
1528107540000,1528107599000,83.837,83.837,83.83,83.835,20730000,1
1528107600000,1528107659000,83.837,83.859,83.834,83.858,60790000,1
1528107660000,1528107719000,83.858,83.889,83.858,83.888,88610000,1
1528107720000,1528107779000,83.887,83.893,83.874,83.888,89540000,1
1528107780000,1528107839000,83.889,83.907,83.888,83.902,104070000,1
1528107840000,1528107899000,83.902,83.906,83.887,83.899,131520000,1
1528107900000,1528107959000,83.9,83.906,83.886,83.887,148080000,1
1528107960000,1528108019000,83.889,83.908,83.889,83.908,104750000,1
1528108020000,1528108079000,83.907,83.914,83.89,83.914,119230000,1
1528108080000,1528108139000,83.915,83.919,83.894,83.894,144430000,1
1528108140000,1528108199000,83.894,83.929,83.894,83.925,104970000,1
1528108200000,1528108259000,83.926,83.926,83.905,83.914,83790000,1
1528108260000,1528108319000,83.912,83.925,83.912,83.918,108680000,1
1528108320000,1528108379000,83.919,83.919,83.899,83.91,90500000,1
1528108380000,1528108439000,83.91,83.915,83.905,83.913,78100000,1
1528108440000,1528108499000,83.914,83.915,83.907,83.907,102580000,1
1528108500000,1528108559000,83.908,83.913,83.905,83.905,79410000,1
1528108560000,1528108619000,83.905,83.918,83.898,83.918,74440000,1
1528108620000,1528108679000,83.92,83.922,83.883,83.886,121480000,1
1528108680000,1528108739000,83.886,83.908,83.88,83.907,100550000,1
1528108740000,1528108799000,83.907,83.911,83.897,83.91,82470000,1
1528108800000,1528108859000,83.909,83.909,83.881,83.881,123530000,1
1528108860000,1528108919000,83.882,83.89,83.867,83.868,106490000,1
1528108920000,1528108979000,83.855,83.869,83.853,83.865,114350000,1
1528108980000,1528109039000,83.864,83.867,83.857,83.857,104870000,1
1528109040000,1528109099000,83.859,83.859,83.847,83.847,40160000,1
1528109100000,1528109159000,83.848,83.854,83.843,83.847,107080000,1
1528109160000,1528109219000,83.847,83.856,83.847,83.853,53110000,1
1528109220000,1528109279000,83.855,83.86,83.848,83.848,84120000,1
1528109280000,1528109339000,83.848,83.848,83.825,83.825,108030000,1
1528109340000,1528109399000,83.825,83.837,83.823,83.829,89720000,1
1528109400000,1528109459000,83.83,83.842,83.828,83.842,82050000,1
1528109460000,1528109519000,83.843,83.868,83.843,83.867,111740000,1
1528109520000,1528109579000,83.868,83.871,83.858,83.858,95590000,1
1528109580000,1528109639000,83.858,83.863,83.85,83.856,99100000,1
1528109640000,1528109699000,83.856,83.857,83.843,83.848,71110000,1
1528109700000,1528109759000,83.847,83.848,83.831,83.843,118320000,1
1528109760000,1528109819000,83.842,83.842,83.819,83.819,95960000,1
1528109820000,1528109879000,83.819,83.82,83.811,83.812,75720000,1
1528109880000,1528109939000,83.812,83.812,83.796,83.799,87000000,1
1528109940000,1528109999000,83.801,83.817,83.799,83.801,86740000,1
1528110000000,1528110059000,83.802,83.805,83.784,83.792,114400000,1
1528110060000,1528110119000,83.79,83.807,83.79,83.807,92970000,1
1528110120000,1528110179000,83.806,83.815,83.8,83.805,121150000,1
1528110180000,1528110239000,83.804,83.811,83.802,83.807,61080000,1
1528110240000,1528110299000,83.806,83.827,83.805,83.824,57770000,1
1528110300000,1528110359000,83.824,83.824,83.812,83.812,90460000,1
1528110360000,1528110419000,83.812,83.815,83.808,83.814,91710000,1
1528110420000,1528110479000,83.811,83.82,83.804,83.812,77960000,1
1528110480000,1528110539000,83.812,83.822,83.808,83.822,83210000,1
1528110540000,1528110599000,83.822,83.824,83.812,83.813,88960000,1
1528110600000,1528110659000,83.813,83.822,83.811,83.813,97720000,1
1528110660000,1528110719000,83.811,83.811,83.797,83.802,62780000,1
1528110720000,1528110779000,83.8,83.807,83.794,83.797,111940000,1
1528110780000,1528110839000,83.797,83.804,83.791,83.797,102490000,1
1528110840000,1528110899000,83.796,83.799,83.792,83.792,82210000,1
1528110900000,1528110959000,83.792,83.805,83.791,83.799,92210000,1
1528110960000,1528111019000,83.799,83.813,83.799,83.804,97410000,1
1528111020000,1528111079000,83.803,83.809,83.799,83.803,114900000,1
1528111080000,1528111139000,83.803,83.812,83.799,83.804,111410000,1
1528111140000,1528111199000,83.804,83.825,83.804,83.824,95130000,1
1528111200000,1528111259000,83.822,83.835,83.821,83.825,118820000,1
1528111260000,1528111319000,83.824,83.824,83.806,83.806,66650000,1
1528111320000,1528111379000,83.807,83.819,83.804,83.806,102460000,1
1528111380000,1528111439000,83.806,83.816,83.806,83.806,103320000,1
1528111440000,1528111499000,83.807,83.825,83.803,83.815,109180000,1
1528111500000,1528111559000,83.816,83.822,83.811,83.819,49030000,1
1528111560000,1528111619000,83.816,83.826,83.816,83.821,64650000,1
1528111620000,1528111679000,83.823,83.837,83.812,83.828,68990000,1
1528111680000,1528111739000,83.828,83.838,83.828,83.838,82420000,1
1528111740000,1528111799000,83.838,83.861,83.837,83.852,72820000,1
1528111800000,1528111859000,83.851,83.852,83.834,83.838,84760000,1
1528111860000,1528111919000,83.836,83.86,83.828,83.86,63470000,1
1528111920000,1528111979000,83.859,83.86,83.84,83.84,72650000,1
1528111980000,1528112039000,83.839,83.84,83.837,83.839,28010000,1
1528112040000,1528112099000,83.838,83.847,83.831,83.845,91340000,1
1528112100000,1528112159000,83.845,83.85,83.841,83.841,69070000,1
1528112160000,1528112219000,83.841,83.846,83.834,83.844,55120000,1
1528112220000,1528112279000,83.843,83.844,83.839,83.844,29250000,1
1528112280000,1528112339000,83.845,83.847,83.834,83.834,60720000,1
1528112340000,1528112399000,83.834,83.846,83.829,83.834,98370000,1
1528112400000,1528112459000,83.834,83.836,83.825,83.832,61130000,1
1528112460000,1528112519000,83.833,83.836,83.818,83.835,128700000,1
1528112520000,1528112579000,83.835,83.839,83.825,83.835,103470000,1
1528112580000,1528112639000,83.836,83.841,83.832,83.833,98520000,1
1528112640000,1528112699000,83.833,83.834,83.802,83.805,108370000,1
1528112700000,1528112759000,83.804,83.807,83.788,83.799,121910000,1
1528112760000,1528112819000,83.799,83.81,83.799,83.808,108590000,1
1528112820000,1528112879000,83.807,83.813,83.805,83.806,68030000,1
1528112880000,1528112939000,83.806,83.813,83.806,83.809,32410000,1
1528112940000,1528112999000,83.809,83.812,83.799,83.8,46360000,1
1528113000000,1528113059000,83.8,83.82,83.798,83.82,91690000,1
1528113060000,1528113119000,83.819,83.826,83.815,83.816,92380000,1
1528113120000,1528113179000,83.815,83.825,83.809,83.809,87110000,1
1528113180000,1528113239000,83.809,83.809,83.781,83.782,75800000,1
1528113240000,1528113299000,83.781,83.789,83.781,83.787,41920000,1
1528113300000,1528113359000,83.788,83.795,83.784,83.786,39460000,1
1528113360000,1528113419000,83.785,83.793,83.782,83.793,45640000,1
1528113420000,1528113479000,83.793,83.808,83.79,83.806,44460000,1
1528113480000,1528113539000,83.806,83.826,83.806,83.82,102920000,1
1528113540000,1528113599000,83.821,83.848,83.814,83.845,126520000,1
1528113600000,1528113659000,83.845,83.856,83.829,83.83,188450000,1
1528113660000,1528113719000,83.832,83.836,83.822,83.831,214560000,1
1528113720000,1528113779000,83.831,83.862,83.824,83.853,162060000,1
1528113780000,1528113839000,83.853,83.856,83.834,83.849,146640000,1
1528113840000,1528113899000,83.851,83.858,83.84,83.858,82770000,1
1528113900000,1528113959000,83.864,83.864,83.827,83.827,119530000,1
1528113960000,1528114019000,83.828,83.832,83.815,83.816,82560000,1
1528114020000,1528114079000,83.814,83.823,83.814,83.823,116910000,1
1528114080000,1528114139000,83.824,83.828,83.818,83.823,105050000,1
1528114140000,1528114199000,83.824,83.827,83.818,83.826,104680000,1
1528114200000,1528114259000,83.826,83.834,83.823,83.833,113100000,1
1528114260000,1528114319000,83.834,83.855,83.834,83.849,99720000,1
1528114320000,1528114379000,83.849,83.86,83.843,83.86,76200000,1
1528114380000,1528114439000,83.859,83.874,83.857,83.874,79080000,1
1528114440000,1528114499000,83.874,83.884,83.871,83.884,79780000,1
1528114500000,1528114559000,83.884,83.897,83.877,83.889,91620000,1
1528114560000,1528114619000,83.889,83.892,83.881,83.882,46110000,1
1528114620000,1528114679000,83.882,83.893,83.882,83.886,73800000,1
1528114680000,1528114739000,83.884,83.884,83.872,83.876,83870000,1
1528114740000,1528114799000,83.875,83.883,83.867,83.883,131610000,1
1528114800000,1528114859000,83.883,83.897,83.874,83.874,154500000,1
1528114860000,1528114919000,83.875,83.875,83.834,83.84,134730000,1
1528114920000,1528114979000,83.837,83.837,83.824,83.824,113280000,1
1528114980000,1528115039000,83.823,83.825,83.81,83.82,98510000,1
1528115040000,1528115099000,83.821,83.84,83.815,83.817,104100000,1
1528115100000,1528115159000,83.82,83.838,83.814,83.829,135960000,1
1528115160000,1528115219000,83.829,83.839,83.809,83.835,163140000,1
1528115220000,1528115279000,83.836,83.841,83.827,83.831,134380000,1
1528115280000,1528115339000,83.833,83.833,83.813,83.829,137340000,1
1528115340000,1528115399000,83.829,83.83,83.821,83.825,111860000,1
1528115400000,1528115459000,83.824,83.827,83.801,83.802,166530000,1
1528115460000,1528115519000,83.801,83.812,83.796,83.805,147140000,1
1528115520000,1528115579000,83.805,83.827,83.801,83.82,158900000,1
1528115580000,1528115639000,83.823,83.846,83.819,83.844,126880000,1
1528115640000,1528115699000,83.842,83.853,83.815,83.816,115690000,1
1528115700000,1528115759000,83.817,83.83,83.817,83.822,114590000,1
1528115760000,1528115819000,83.822,83.829,83.812,83.812,77640000,1
1528115820000,1528115879000,83.812,83.814,83.783,83.813,125340000,1
1528115880000,1528115939000,83.813,83.825,83.805,83.805,140830000,1
1528115940000,1528115999000,83.806,83.815,83.795,83.8,106450000,1
1528116000000,1528116059000,83.8,83.829,83.794,83.829,127900000,1
1528116060000,1528116119000,83.829,83.832,83.825,83.829,62380000,1
1528116120000,1528116179000,83.828,83.843,83.825,83.843,82020000,1
1528116180000,1528116239000,83.842,83.848,83.833,83.848,62610000,1
1528116240000,1528116299000,83.847,83.849,83.837,83.847,96300000,1
1528116300000,1528116359000,83.846,83.846,83.815,83.821,130810000,1
1528116360000,1528116419000,83.821,83.828,83.817,83.828,101070000,1
1528116420000,1528116479000,83.828,83.832,83.81,83.812,178170000,1
1528116480000,1528116539000,83.81,83.819,83.808,83.81,144820000,1
1528116540000,1528116599000,83.81,83.823,83.807,83.814,102080000,1
1528116600000,1528116659000,83.814,83.817,83.808,83.81,122730000,1
1528116660000,1528116719000,83.811,83.827,83.806,83.825,112030000,1
1528116720000,1528116779000,83.823,83.827,83.818,83.818,60230000,1
1528116780000,1528116839000,83.818,83.819,83.799,83.819,72320000,1
1528116840000,1528116899000,83.818,83.85,83.817,83.846,81470000,1
1528116900000,1528116959000,83.85,83.86,83.846,83.853,129020000,1
1528116960000,1528117019000,83.853,83.874,83.852,83.874,106910000,1
1528117020000,1528117079000,83.874,83.876,83.84,83.854,95930000,1
1528117080000,1528117139000,83.854,83.861,83.842,83.859,145810000,1
1528117140000,1528117199000,83.859,83.859,83.829,83.842,138370000,1
1528117200000,1528117259000,83.842,83.844,83.829,83.835,113840000,1
1528117260000,1528117319000,83.835,83.846,83.818,83.819,107310000,1
1528117320000,1528117379000,83.819,83.839,83.812,83.839,150760000,1
1528117380000,1528117439000,83.841,83.857,83.835,83.84,117840000,1
1528117440000,1528117499000,83.84,83.845,83.828,83.838,133170000,1
1528117500000,1528117559000,83.837,83.848,83.826,83.831,109940000,1
1528117560000,1528117619000,83.828,83.833,83.813,83.82,137040000,1
1528117620000,1528117679000,83.818,83.82,83.788,83.794,144300000,1
1528117680000,1528117739000,83.792,83.808,83.79,83.808,132730000,1
1528117740000,1528117799000,83.807,83.807,83.795,83.8,104830000,1
1528117800000,1528117859000,83.797,83.811,83.797,83.8,104810000,1
1528117860000,1528117919000,83.8,83.826,83.799,83.819,124660000,1
1528117920000,1528117979000,83.818,83.842,83.815,83.83,171990000,1
1528117980000,1528118039000,83.83,83.841,83.82,83.835,110490000,1
1528118040000,1528118099000,83.838,83.838,83.815,83.818,72750000,1
1528118100000,1528118159000,83.818,83.832,83.816,83.818,116880000,1
1528118160000,1528118219000,83.819,83.834,83.819,83.831,137340000,1
1528118220000,1528118279000,83.834,83.844,83.832,83.84,168880000,1
1528118280000,1528118339000,83.839,83.848,83.836,83.842,162960000,1
1528118340000,1528118399000,83.842,83.853,83.835,83.85,175750000,1
1528118400000,1528118459000,83.849,83.853,83.843,83.853,102410000,1
1528118460000,1528118519000,83.852,83.855,83.819,83.821,105030000,1
1528118520000,1528118579000,83.82,83.83,83.817,83.82,122370000,1
1528118580000,1528118639000,83.82,83.82,83.811,83.814,69340000,1
1528118640000,1528118699000,83.816,83.818,83.803,83.808,132470000,1
1528118700000,1528118759000,83.807,83.82,83.807,83.814,140230000,1
1528118760000,1528118819000,83.819,83.826,83.808,83.815,108160000,1
1528118820000,1528118879000,83.815,83.826,83.801,83.824,177300000,1
1528118880000,1528118939000,83.823,83.829,83.815,83.829,139730000,1
1528118940000,1528118999000,83.83,83.838,83.824,83.837,63410000,1
1528119000000,1528119059000,83.837,83.856,83.831,83.852,178440000,1
1528119060000,1528119119000,83.851,83.863,83.847,83.848,109140000,1
1528119120000,1528119179000,83.848,83.856,83.842,83.852,150250000,1
1528119180000,1528119239000,83.851,83.853,83.839,83.847,148430000,1
1528119240000,1528119299000,83.845,83.845,83.812,83.819,163990000,1
1528119300000,1528119359000,83.817,83.83,83.817,83.825,139190000,1
1528119360000,1528119419000,83.823,83.835,83.811,83.813,150840000,1
1528119420000,1528119479000,83.813,83.834,83.808,83.834,163020000,1
1528119480000,1528119539000,83.836,83.838,83.825,83.828,87960000,1
1528119540000,1528119599000,83.83,83.849,83.829,83.846,64100000,1
1528119600000,1528119659000,83.846,83.857,83.844,83.85,123520000,1
1528119660000,1528119719000,83.853,83.855,83.838,83.847,128260000,1
1528119720000,1528119779000,83.847,83.861,83.847,83.857,198560000,1
1528119780000,1528119839000,83.855,83.866,83.853,83.865,137460000,1
1528119840000,1528119899000,83.867,83.875,83.864,83.867,119200000,1
1528119900000,1528119959000,83.864,83.87,83.852,83.859,84840000,1
1528119960000,1528120019000,83.858,83.86,83.845,83.853,99170000,1
1528120020000,1528120079000,83.853,83.855,83.847,83.851,92360000,1
1528120080000,1528120139000,83.85,83.859,83.846,83.85,151110000,1
1528120140000,1528120199000,83.852,83.853,83.841,83.846,139460000,1
1528120200000,1528120259000,83.847,83.856,83.847,83.85,121540000,1
1528120260000,1528120319000,83.85,83.852,83.833,83.833,74520000,1
1528120320000,1528120379000,83.834,83.853,83.833,83.853,88430000,1
1528120380000,1528120439000,83.853,83.871,83.85,83.866,106160000,1
1528120440000,1528120499000,83.866,83.866,83.843,83.855,152080000,1
1528120500000,1528120559000,83.854,83.878,83.847,83.863,164850000,1
1528120560000,1528120619000,83.865,83.872,83.859,83.87,186500000,1
1528120620000,1528120679000,83.871,83.885,83.869,83.884,136160000,1
1528120680000,1528120739000,83.883,83.883,83.846,83.848,173630000,1
1528120740000,1528120799000,83.848,83.861,83.84,83.852,140250000,1
1528120800000,1528120859000,83.853,83.902,83.853,83.878,177430000,1
1528120860000,1528120919000,83.878,83.878,83.841,83.854,195980000,1
1528120920000,1528120979000,83.854,83.854,83.835,83.835,158370000,1
1528120980000,1528121039000,83.834,83.846,83.832,83.838,130340000,1
1528121040000,1528121099000,83.838,83.855,83.826,83.854,103340000,1
1528121100000,1528121159000,83.855,83.856,83.817,83.822,173700000,1
1528121160000,1528121219000,83.821,83.829,83.818,83.819,95480000,1
1528121220000,1528121279000,83.818,83.833,83.812,83.814,97450000,1
1528121280000,1528121339000,83.816,83.818,83.793,83.796,140700000,1
1528121340000,1528121399000,83.796,83.803,83.792,83.792,181010000,1
1528121400000,1528121459000,83.792,83.803,83.789,83.802,145970000,1
1528121460000,1528121519000,83.799,83.799,83.782,83.792,104490000,1
1528121520000,1528121579000,83.791,83.816,83.789,83.816,72520000,1
1528121580000,1528121639000,83.813,83.822,83.803,83.804,126840000,1
1528121640000,1528121699000,83.805,83.81,83.789,83.793,102740000,1
1528121700000,1528121759000,83.797,83.805,83.792,83.8,76940000,1
1528121760000,1528121819000,83.801,83.81,83.785,83.785,88140000,1
1528121820000,1528121879000,83.786,83.805,83.781,83.805,101850000,1
1528121880000,1528121939000,83.807,83.808,83.782,83.789,191150000,1
1528121940000,1528121999000,83.788,83.821,83.783,83.816,124700000,1
1528122000000,1528122059000,83.815,83.816,83.808,83.81,152550000,1
1528122060000,1528122119000,83.809,83.814,83.795,83.813,142710000,1
1528122120000,1528122179000,83.813,83.828,83.811,83.824,108090000,1
1528122180000,1528122239000,83.823,83.825,83.815,83.815,138660000,1
1528122240000,1528122299000,83.815,83.824,83.793,83.793,155080000,1
1528122300000,1528122359000,83.793,83.802,83.777,83.785,218680000,1
1528122360000,1528122419000,83.785,83.802,83.783,83.797,115380000,1
1528122420000,1528122479000,83.796,83.796,83.778,83.788,197570000,1
1528122480000,1528122539000,83.788,83.796,83.773,83.776,198000000,1
1528122540000,1528122599000,83.778,83.783,83.757,83.769,150380000,1
1528122600000,1528122659000,83.77,83.77,83.725,83.751,164780000,1
1528122660000,1528122719000,83.75,83.753,83.736,83.743,194830000,1
1528122720000,1528122779000,83.743,83.757,83.736,83.748,102200000,1
1528122780000,1528122839000,83.75,83.75,83.718,83.734,186730000,1
1528122840000,1528122899000,83.736,83.767,83.735,83.757,128900000,1
1528122900000,1528122959000,83.758,83.774,83.757,83.772,194710000,1
1528122960000,1528123019000,83.771,83.785,83.771,83.783,135360000,1
1528123020000,1528123079000,83.784,83.8,83.779,83.8,119940000,1
1528123080000,1528123139000,83.799,83.802,83.777,83.777,133530000,1
1528123140000,1528123199000,83.778,83.796,83.771,83.79,146720000,1
1528123200000,1528123259000,83.79,83.807,83.79,83.797,93550000,1
1528123260000,1528123319000,83.797,83.798,83.773,83.775,135020000,1
1528123320000,1528123379000,83.775,83.817,83.766,83.813,172170000,1
1528123380000,1528123439000,83.813,83.825,83.81,83.817,176520000,1
1528123440000,1528123499000,83.817,83.818,83.794,83.801,196050000,1
1528123500000,1528123559000,83.801,83.81,83.782,83.794,184540000,1
1528123560000,1528123619000,83.792,83.812,83.784,83.81,126640000,1
1528123620000,1528123679000,83.808,83.812,83.793,83.81,173850000,1
1528123680000,1528123739000,83.807,83.817,83.801,83.802,186210000,1
1528123740000,1528123799000,83.803,83.816,83.794,83.813,162410000,1
1528123800000,1528123859000,83.812,83.82,83.808,83.819,118620000,1
1528123860000,1528123919000,83.818,83.826,83.777,83.781,131740000,1
1528123920000,1528123979000,83.782,83.782,83.756,83.771,158600000,1
1528123980000,1528124039000,83.771,83.793,83.771,83.788,146660000,1
1528124040000,1528124099000,83.789,83.792,83.777,83.785,163570000,1
1528124100000,1528124159000,83.784,83.815,83.775,83.814,160740000,1
1528124160000,1528124219000,83.815,83.824,83.803,83.809,184570000,1
1528124220000,1528124279000,83.81,83.822,83.795,83.805,217180000,1
1528124280000,1528124339000,83.803,83.818,83.794,83.818,255920000,1
1528124340000,1528124399000,83.818,83.848,83.817,83.822,249270000,1
1528124400000,1528124459000,83.823,83.843,83.819,83.82,263510000,1
1528124460000,1528124519000,83.819,83.825,83.793,83.795,261300000,1
1528124520000,1528124579000,83.793,83.828,83.793,83.809,237250000,1
1528124580000,1528124639000,83.811,83.826,83.803,83.826,120920000,1
1528124640000,1528124699000,83.825,83.849,83.813,83.846,199650000,1
1528124700000,1528124759000,83.845,83.864,83.841,83.841,152780000,1
1528124760000,1528124819000,83.841,83.857,83.831,83.855,137270000,1
1528124820000,1528124879000,83.854,83.857,83.849,83.851,129340000,1
1528124880000,1528124939000,83.851,83.861,83.831,83.837,142260000,1
1528124940000,1528124999000,83.836,83.836,83.813,83.815,182380000,1
1528125000000,1528125059000,83.814,83.822,83.802,83.804,130390000,1
1528125060000,1528125119000,83.804,83.813,83.802,83.806,173430000,1
1528125120000,1528125179000,83.805,83.811,83.789,83.81,134960000,1
1528125180000,1528125239000,83.812,83.819,83.797,83.805,98510000,1
1528125240000,1528125299000,83.805,83.811,83.798,83.802,110400000,1
1528125300000,1528125359000,83.802,83.818,83.793,83.805,155670000,1
1528125360000,1528125419000,83.804,83.808,83.788,83.793,137120000,1
1528125420000,1528125479000,83.795,83.814,83.795,83.809,121170000,1
1528125480000,1528125539000,83.808,83.817,83.798,83.802,146080000,1
1528125540000,1528125599000,83.801,83.804,83.792,83.793,121760000,1
1528125600000,1528125659000,83.793,83.811,83.793,83.797,102930000,1
1528125660000,1528125719000,83.798,83.807,83.789,83.807,120330000,1
1528125720000,1528125779000,83.807,83.821,83.805,83.815,183880000,1
1528125780000,1528125839000,83.814,83.817,83.803,83.808,102640000,1
1528125840000,1528125899000,83.808,83.816,83.806,83.809,124660000,1
1528125900000,1528125959000,83.809,83.817,83.8,83.812,102030000,1
1528125960000,1528126019000,83.812,83.814,83.799,83.811,99640000,1
1528126020000,1528126079000,83.813,83.815,83.807,83.815,107320000,1
1528126080000,1528126139000,83.815,83.822,83.809,83.809,130000000,1
1528126140000,1528126199000,83.81,83.831,83.809,83.831,121120000,1
1528126200000,1528126259000,83.831,83.849,83.822,83.824,158230000,1
1528126260000,1528126319000,83.823,83.825,83.816,83.82,88120000,1
1528126320000,1528126379000,83.82,83.821,83.803,83.81,124740000,1
1528126380000,1528126439000,83.809,83.824,83.806,83.824,117270000,1
1528126440000,1528126499000,83.824,83.825,83.814,83.817,123080000,1
1528126500000,1528126559000,83.818,83.822,83.806,83.815,110290000,1
1528126560000,1528126619000,83.815,83.815,83.801,83.807,135660000,1
1528126620000,1528126679000,83.807,83.817,83.806,83.807,148630000,1
1528126680000,1528126739000,83.806,83.815,83.804,83.804,121450000,1
1528126740000,1528126799000,83.808,83.818,83.8,83.816,158370000,1
1528126800000,1528126859000,83.818,83.839,83.818,83.821,153710000,1
1528126860000,1528126919000,83.822,83.829,83.816,83.819,100440000,1
1528126920000,1528126979000,83.819,83.828,83.814,83.817,116140000,1
1528126980000,1528127039000,83.816,83.819,83.815,83.816,71870000,1
1528127040000,1528127099000,83.817,83.824,83.812,83.821,117770000,1
1528127100000,1528127159000,83.821,83.828,83.808,83.816,128000000,1
1528127160000,1528127219000,83.814,83.816,83.808,83.812,78710000,1
1528127220000,1528127279000,83.812,83.836,83.812,83.836,55370000,1
1528127280000,1528127339000,83.837,83.843,83.836,83.84,65030000,1
1528127340000,1528127399000,83.841,83.842,83.829,83.836,100930000,1
1528127400000,1528127459000,83.834,83.851,83.834,83.848,144530000,1
1528127460000,1528127519000,83.849,83.85,83.843,83.847,114650000,1
1528127520000,1528127579000,83.848,83.855,83.838,83.843,121130000,1
1528127580000,1528127639000,83.845,83.845,83.835,83.843,115410000,1
1528127640000,1528127699000,83.844,83.85,83.833,83.846,171170000,1
1528127700000,1528127759000,83.846,83.87,83.845,83.868,91360000,1
1528127760000,1528127819000,83.867,83.867,83.855,83.861,101840000,1
1528127820000,1528127879000,83.862,83.867,83.85,83.85,115380000,1
1528127880000,1528127939000,83.852,83.858,83.845,83.854,99620000,1
1528127940000,1528127999000,83.853,83.866,83.852,83.864,178570000,1
1528128000000,1528128059000,83.864,83.88,83.864,83.865,108610000,1
1528128060000,1528128119000,83.864,83.884,83.861,83.884,94520000,1
1528128120000,1528128179000,83.88,83.89,83.865,83.885,99000000,1
1528128180000,1528128239000,83.885,83.885,83.872,83.873,71540000,1
1528128240000,1528128299000,83.872,83.875,83.857,83.862,88460000,1
1528128300000,1528128359000,83.864,83.873,83.86,83.869,79460000,1
1528128360000,1528128419000,83.868,83.878,83.868,83.874,45800000,1
1528128420000,1528128479000,83.874,83.876,83.856,83.858,75160000,1
1528128480000,1528128539000,83.856,83.859,83.849,83.854,58530000,1
1528128540000,1528128599000,83.854,83.861,83.849,83.851,50530000,1
1528128600000,1528128659000,83.851,83.851,83.827,83.839,88620000,1
1528128660000,1528128719000,83.839,83.841,83.828,83.83,86040000,1
1528128720000,1528128779000,83.829,83.839,83.82,83.82,110320000,1
1528128780000,1528128839000,83.828,83.836,83.826,83.831,64060000,1
1528128840000,1528128899000,83.833,83.851,83.832,83.851,58860000,1
1528128900000,1528128959000,83.851,83.865,83.851,83.86,48210000,1
1528128960000,1528129019000,83.86,83.873,83.86,83.868,52930000,1
1528129020000,1528129079000,83.868,83.871,83.862,83.866,62570000,1
1528129080000,1528129139000,83.867,83.873,83.867,83.868,37460000,1
1528129140000,1528129199000,83.868,83.872,83.865,83.869,26170000,1
1528129200000,1528129259000,83.871,83.893,83.866,83.885,87760000,1
1528129260000,1528129319000,83.887,83.887,83.876,83.876,63690000,1
1528129320000,1528129379000,83.877,83.886,83.876,83.884,96070000,1
1528129380000,1528129439000,83.884,83.888,83.882,83.882,57390000,1
1528129440000,1528129499000,83.882,83.886,83.878,83.884,53820000,1
1528129500000,1528129559000,83.884,83.889,83.881,83.889,49940000,1
1528129560000,1528129619000,83.888,83.9,83.887,83.893,70340000,1
1528129620000,1528129679000,83.897,83.907,83.889,83.889,110260000,1
1528129680000,1528129739000,83.89,83.9,83.89,83.899,52800000,1
1528129740000,1528129799000,83.898,83.898,83.879,83.882,120260000,1
1528129800000,1528129859000,83.884,83.884,83.872,83.873,69960000,1
1528129860000,1528129919000,83.872,83.877,83.857,83.857,114340000,1
1528129920000,1528129979000,83.856,83.859,83.851,83.857,142460000,1
1528129980000,1528130039000,83.856,83.869,83.856,83.869,87580000,1
1528130040000,1528130099000,83.868,83.872,83.867,83.872,30260000,1
1528130100000,1528130159000,83.872,83.879,83.865,83.867,118970000,1
1528130160000,1528130219000,83.867,83.872,83.859,83.872,42930000,1
1528130220000,1528130279000,83.869,83.87,83.86,83.862,60470000,1
1528130280000,1528130339000,83.863,83.875,83.863,83.874,52190000,1
1528130340000,1528130399000,83.874,83.875,83.849,83.855,82990000,1
1528130400000,1528130459000,83.854,83.857,83.85,83.85,72840000,1
1528130460000,1528130519000,83.85,83.851,83.837,83.844,83780000,1
1528130520000,1528130579000,83.844,83.86,83.844,83.857,54820000,1
1528130580000,1528130639000,83.857,83.858,83.851,83.851,76930000,1
1528130640000,1528130699000,83.851,83.853,83.85,83.852,40460000,1
1528130700000,1528130759000,83.852,83.853,83.847,83.848,86090000,1
1528130760000,1528130819000,83.848,83.849,83.845,83.849,49380000,1
1528130820000,1528130879000,83.847,83.861,83.847,83.861,39790000,1
1528130880000,1528130939000,83.861,83.867,83.857,83.858,43170000,1
1528130940000,1528130999000,83.859,83.861,83.856,83.86,72630000,1
1528131000000,1528131059000,83.861,83.861,83.857,83.861,40330000,1
1528131060000,1528131119000,83.861,83.862,83.858,83.859,44220000,1
1528131120000,1528131179000,83.861,83.866,83.861,83.866,28260000,1
1528131180000,1528131239000,83.863,83.87,83.857,83.858,105920000,1
1528131240000,1528131299000,83.857,83.865,83.853,83.854,71880000,1
1528131300000,1528131359000,83.852,83.852,83.843,83.843,60490000,1
1528131360000,1528131419000,83.843,83.851,83.841,83.85,46030000,1
1528131420000,1528131479000,83.849,83.857,83.847,83.853,67770000,1
1528131480000,1528131539000,83.854,83.861,83.85,83.858,105870000,1
1528131540000,1528131599000,83.857,83.857,83.849,83.851,117950000,1
1528131600000,1528131659000,83.855,83.874,83.855,83.87,115710000,1
1528131660000,1528131719000,83.871,83.88,83.87,83.879,65810000,1
1528131720000,1528131779000,83.878,83.883,83.875,83.882,62880000,1
1528131780000,1528131839000,83.881,83.897,83.878,83.896,85890000,1
1528131840000,1528131899000,83.896,83.906,83.896,83.906,101730000,1
1528131900000,1528131959000,83.906,83.912,83.906,83.912,52080000,1
1528131960000,1528132019000,83.91,83.935,83.91,83.933,81870000,1
1528132020000,1528132079000,83.935,83.935,83.923,83.924,32900000,1
1528132080000,1528132139000,83.923,83.923,83.915,83.915,22950000,1
1528132140000,1528132199000,83.915,83.926,83.91,83.924,58920000,1
1528132200000,1528132259000,83.926,83.928,83.923,83.925,24400000,1
1528132260000,1528132319000,83.926,83.926,83.913,83.913,40480000,1
1528132320000,1528132379000,83.913,83.913,83.912,83.913,15250000,1
1528132380000,1528132439000,83.913,83.915,83.912,83.913,28140000,1
1528132440000,1528132499000,83.912,83.917,83.91,83.914,57480000,1
1528132500000,1528132559000,83.913,83.922,83.913,83.915,110600000,1
1528132560000,1528132619000,83.916,83.922,83.914,83.915,68010000,1
1528132620000,1528132679000,83.915,83.92,83.914,83.914,55800000,1
1528132680000,1528132739000,83.915,83.927,83.915,83.925,48120000,1
1528132740000,1528132799000,83.925,83.926,83.92,83.924,45590000,1
1528132800000,1528132859000,83.924,83.924,83.918,83.92,62070000,1
1528132860000,1528132919000,83.921,83.924,83.913,83.918,116720000,1
1528132920000,1528132979000,83.919,83.927,83.918,83.923,50310000,1
1528132980000,1528133039000,83.923,83.928,83.916,83.917,84560000,1
1528133040000,1528133099000,83.917,83.918,83.907,83.917,53580000,1
1528133100000,1528133159000,83.918,83.928,83.917,83.922,33000000,1
1528133160000,1528133219000,83.921,83.923,83.918,83.918,34740000,1
1528133220000,1528133279000,83.918,83.923,83.917,83.923,34500000,1
1528133280000,1528133339000,83.925,83.927,83.918,83.919,42910000,1
1528133340000,1528133399000,83.919,83.934,83.919,83.934,53140000,1
1528133400000,1528133459000,83.934,83.934,83.923,83.93,35760000,1
1528133460000,1528133519000,83.931,83.933,83.927,83.93,50880000,1
1528133520000,1528133579000,83.931,83.945,83.927,83.943,50760000,1
1528133580000,1528133639000,83.942,83.948,83.937,83.941,52360000,1
1528133640000,1528133699000,83.942,83.945,83.923,83.923,56890000,1
1528133700000,1528133759000,83.922,83.928,83.919,83.919,59440000,1
1528133760000,1528133819000,83.921,83.921,83.889,83.889,64380000,1
1528133820000,1528133879000,83.886,83.895,83.883,83.888,59760000,1
1528133880000,1528133939000,83.888,83.891,83.885,83.889,83290000,1
1528133940000,1528133999000,83.887,83.887,83.878,83.878,51120000,1
1528134000000,1528134059000,83.877,83.881,83.876,83.881,37880000,1
1528134060000,1528134119000,83.881,83.893,83.88,83.893,66810000,1
1528134120000,1528134179000,83.893,83.903,83.891,83.893,40520000,1
1528134180000,1528134239000,83.892,83.895,83.892,83.894,19510000,1
1528134240000,1528134299000,83.896,83.905,83.893,83.904,58470000,1
1528134300000,1528134359000,83.907,83.917,83.907,83.913,47580000,1
1528134360000,1528134419000,83.912,83.913,83.898,83.907,33010000,1
1528134420000,1528134479000,83.907,83.908,83.902,83.902,33510000,1
1528134480000,1528134539000,83.902,83.908,83.902,83.908,37660000,1
1528134540000,1528134599000,83.908,83.911,83.898,83.901,76300000,1
1528134600000,1528134659000,83.901,83.901,83.889,83.898,44400000,1
1528134660000,1528134719000,83.898,83.911,83.898,83.901,59580000,1
1528134720000,1528134779000,83.902,83.905,83.901,83.901,31520000,1
1528134780000,1528134839000,83.901,83.903,83.9,83.903,9260000,1
1528134840000,1528134899000,83.901,83.908,83.9,83.905,48950000,1
1528134900000,1528134959000,83.905,83.911,83.902,83.902,68850000,1
1528134960000,1528135019000,83.903,83.913,83.9,83.911,50700000,1
1528135020000,1528135079000,83.912,83.917,83.908,83.912,46200000,1
1528135080000,1528135139000,83.914,83.927,83.914,83.921,48610000,1
1528135140000,1528135199000,83.922,83.937,83.921,83.937,40640000,1
1528135200000,1528135259000,83.935,83.938,83.927,83.938,42630000,1
1528135260000,1528135319000,83.939,83.939,83.932,83.932,32450000,1
1528135320000,1528135379000,83.933,83.943,83.933,83.934,45290000,1
1528135380000,1528135439000,83.934,83.934,83.926,83.931,72340000,1
1528135440000,1528135499000,83.932,83.939,83.93,83.939,54180000,1
1528135500000,1528135559000,83.939,83.941,83.937,83.94,36160000,1
1528135560000,1528135619000,83.94,83.941,83.939,83.939,28720000,1
1528135620000,1528135679000,83.94,83.942,83.94,83.94,19420000,1
1528135680000,1528135739000,83.939,83.946,83.939,83.945,42230000,1
1528135740000,1528135799000,83.945,83.948,83.945,83.947,17580000,1
1528135800000,1528135859000,83.949,83.952,83.947,83.95,27820000,1
1528135860000,1528135919000,83.953,83.957,83.952,83.954,40280000,1
1528135920000,1528135979000,83.954,83.958,83.953,83.956,37180000,1
1528135980000,1528136039000,83.955,83.958,83.953,83.954,45760000,1
1528136040000,1528136099000,83.953,83.959,83.952,83.958,40630000,1
1528136100000,1528136159000,83.956,83.966,83.951,83.965,61910000,1
1528136160000,1528136219000,83.965,83.965,83.954,83.954,29250000,1
1528136220000,1528136279000,83.954,83.956,83.953,83.953,20200000,1
1528136280000,1528136339000,83.952,83.953,83.946,83.947,54330000,1
1528136340000,1528136399000,83.947,83.952,83.947,83.951,37730000,1
1528136400000,1528136459000,83.95,83.952,83.949,83.951,42710000,1
1528136460000,1528136519000,83.952,83.956,83.947,83.949,39210000,1
1528136520000,1528136579000,83.95,83.953,83.947,83.947,36030000,1
1528136580000,1528136639000,83.948,83.956,83.948,83.955,54390000,1
1528136640000,1528136699000,83.956,83.957,83.946,83.95,47380000,1
1528136700000,1528136759000,83.952,83.955,83.943,83.946,69380000,1
1528136760000,1528136819000,83.945,83.946,83.935,83.937,46640000,1
1528136820000,1528136879000,83.935,83.941,83.93,83.933,60320000,1
1528136880000,1528136939000,83.936,83.944,83.936,83.939,35250000,1
1528136940000,1528136999000,83.938,83.944,83.934,83.937,55880000,1
1528137000000,1528137059000,83.936,83.95,83.936,83.941,60710000,1
1528137060000,1528137119000,83.941,83.944,83.939,83.944,49030000,1
1528137120000,1528137179000,83.943,83.946,83.942,83.943,45180000,1
1528137180000,1528137239000,83.943,83.943,83.938,83.94,64220000,1
1528137240000,1528137299000,83.94,83.94,83.923,83.924,41160000,1
1528137300000,1528137359000,83.924,83.925,83.914,83.918,42340000,1
1528137360000,1528137419000,83.918,83.918,83.907,83.907,48890000,1
1528137420000,1528137479000,83.907,83.922,83.907,83.921,43070000,1
1528137480000,1528137539000,83.92,83.924,83.919,83.921,23910000,1
1528137540000,1528137599000,83.922,83.936,83.922,83.936,46900000,1
1528137600000,1528137659000,83.936,83.936,83.924,83.926,36560000,1
1528137660000,1528137719000,83.925,83.937,83.925,83.932,47630000,1
1528137720000,1528137779000,83.932,83.935,83.931,83.934,16900000,1
1528137780000,1528137839000,83.932,83.932,83.907,83.907,62710000,1
1528137840000,1528137899000,83.908,83.912,83.905,83.911,21470000,1
1528137900000,1528137959000,83.91,83.923,83.91,83.921,41360000,1
1528137960000,1528138019000,83.921,83.937,83.921,83.936,50780000,1
1528138020000,1528138079000,83.936,83.937,83.925,83.926,53150000,1
1528138080000,1528138139000,83.926,83.931,83.926,83.929,38220000,1
1528138140000,1528138199000,83.93,83.941,83.929,83.94,62370000,1
1528138200000,1528138259000,83.94,83.945,83.939,83.942,45530000,1
1528138260000,1528138319000,83.942,83.947,83.94,83.945,57040000,1
1528138320000,1528138379000,83.946,83.955,83.946,83.955,32980000,1
1528138380000,1528138439000,83.954,83.957,83.947,83.948,43440000,1
1528138440000,1528138499000,83.952,83.962,83.95,83.962,48280000,1
1528138500000,1528138559000,83.962,83.967,83.961,83.963,66200000,1
1528138560000,1528138619000,83.964,83.964,83.961,83.963,82970000,1
1528138620000,1528138679000,83.963,83.972,83.963,83.968,101110000,1
1528138680000,1528138739000,83.969,83.973,83.968,83.973,78020000,1
1528138740000,1528138799000,83.972,83.989,83.971,83.982,187110000,1
1528138800000,1528138859000,83.981,83.981,83.961,83.969,59200000,1
1528138860000,1528138919000,83.968,83.978,83.962,83.978,35440000,1
1528138920000,1528138979000,83.977,83.978,83.969,83.975,64600000,1
1528138980000,1528139039000,83.975,83.978,83.973,83.977,41760000,1
1528139040000,1528139099000,83.975,83.985,83.971,83.98,61220000,1
1528139100000,1528139159000,83.98,83.98,83.968,83.971,48690000,1
1528139160000,1528139219000,83.968,83.973,83.963,83.972,65160000,1
1528139220000,1528139279000,83.973,83.975,83.961,83.971,56420000,1
1528139280000,1528139339000,83.972,83.974,83.967,83.97,68790000,1
1528139340000,1528139399000,83.97,83.97,83.964,83.97,29540000,1
1528139400000,1528139459000,83.971,83.972,83.966,83.97,43020000,1
1528139460000,1528139519000,83.97,83.97,83.955,83.962,68130000,1
1528139520000,1528139579000,83.963,83.968,83.957,83.957,74190000,1
1528139580000,1528139639000,83.958,83.968,83.958,83.965,49780000,1
1528139640000,1528139699000,83.966,83.976,83.966,83.968,57290000,1
1528139700000,1528139759000,83.968,83.977,83.967,83.977,58540000,1
1528139760000,1528139819000,83.977,83.98,83.976,83.976,27090000,1
1528139820000,1528139879000,83.975,83.976,83.969,83.975,19940000,1
1528139880000,1528139939000,83.976,83.978,83.975,83.977,8500000,1
1528139940000,1528139999000,83.976,83.977,83.973,83.973,24000000,1
1528140000000,1528140059000,83.974,83.978,83.971,83.972,49810000,1
1528140060000,1528140119000,83.972,83.972,83.96,83.961,49910000,1
1528140120000,1528140179000,83.961,83.966,83.957,83.957,49810000,1
1528140180000,1528140239000,83.957,83.974,83.957,83.968,72660000,1
1528140240000,1528140299000,83.967,83.967,83.956,83.963,51150000,1
1528140300000,1528140359000,83.962,83.963,83.961,83.962,25250000,1
1528140360000,1528140419000,83.961,83.961,83.952,83.961,36300000,1
1528140420000,1528140479000,83.961,83.972,83.96,83.964,32900000,1
1528140480000,1528140539000,83.963,83.963,83.956,83.957,29480000,1
1528140540000,1528140599000,83.957,83.96,83.957,83.959,22500000,1
1528140600000,1528140659000,83.958,83.974,83.958,83.968,38660000,1
1528140660000,1528140719000,83.968,83.982,83.968,83.982,29510000,1
1528140720000,1528140779000,83.982,83.982,83.978,83.978,44910000,1
1528140780000,1528140839000,83.977,83.981,83.977,83.981,23280000,1
1528140840000,1528140899000,83.982,83.984,83.982,83.984,22840000,1
1528140900000,1528140959000,83.985,83.986,83.978,83.98,42730000,1
1528140960000,1528141019000,83.981,83.985,83.981,83.982,43090000,1
1528141020000,1528141079000,83.985,83.987,83.977,83.982,48210000,1
1528141080000,1528141139000,83.983,83.984,83.982,83.984,11120000,1
1528141140000,1528141199000,83.983,83.986,83.983,83.984,25480000,1
1528141200000,1528141259000,83.986,83.995,83.983,83.995,60680000,1
1528141260000,1528141319000,83.995,83.995,83.985,83.985,43700000,1
1528141320000,1528141379000,83.988,83.996,83.987,83.988,43650000,1
1528141380000,1528141439000,83.987,83.988,83.983,83.985,26420000,1
1528141440000,1528141499000,83.985,83.99,83.985,83.987,43290000,1
1528141500000,1528141559000,83.987,83.99,83.984,83.986,50450000,1
1528141560000,1528141619000,83.986,83.988,83.986,83.986,24990000,1
1528141620000,1528141679000,83.986,83.986,83.985,83.985,35250000,1
1528141680000,1528141739000,83.989,83.994,83.986,83.994,35700000,1
1528141740000,1528141799000,83.993,84.001,83.99,84.001,43760000,1
1528141800000,1528141859000,84.003,84.013,83.996,84.013,63840000,1
1528141860000,1528141919000,84.011,84.011,84.006,84.01,20750000,1
1528141920000,1528141979000,84.01,84.01,84.007,84.008,31370000,1
1528141980000,1528142039000,84.008,84.008,83.996,83.999,62820000,1
1528142040000,1528142099000,83.999,84.005,83.999,83.999,86450000,1
1528142100000,1528142159000,83.999,84.001,83.989,83.994,38370000,1
1528142160000,1528142219000,83.994,83.996,83.988,83.99,43000000,1
1528142220000,1528142279000,83.991,84.001,83.991,84.0,75620000,1
1528142280000,1528142339000,84.0,84.008,83.998,84.005,45570000,1
1528142340000,1528142399000,84.005,84.009,83.997,84.003,44180000,1
1528142400000,1528142459000,83.998,84.013,83.995,84.008,54080000,1
1528142460000,1528142519000,84.008,84.009,84.005,84.007,19130000,1
1528142520000,1528142579000,84.007,84.016,84.003,84.003,45620000,1
1528142580000,1528142639000,84.004,84.01,84.003,84.01,33990000,1
1528142640000,1528142699000,84.01,84.01,84.005,84.005,16320000,1
1528142700000,1528142759000,84.005,84.009,84.004,84.009,12750000,1
1528142760000,1528142819000,84.009,84.01,84.002,84.002,16610000,1
1528142820000,1528142879000,84.001,84.003,84.001,84.003,14260000,1
1528142880000,1528142939000,84.003,84.012,84.003,84.011,28630000,1
1528142940000,1528142999000,84.012,84.012,84.006,84.009,26840000,1
1528143000000,1528143059000,84.008,84.01,84.007,84.01,16590000,1
1528143060000,1528143119000,84.01,84.012,84.008,84.012,15410000,1
1528143120000,1528143179000,84.01,84.013,84.01,84.013,13480000,1
1528143180000,1528143239000,84.014,84.016,84.011,84.014,29960000,1
1528143240000,1528143299000,84.014,84.019,84.01,84.016,40420000,1
1528143300000,1528143359000,84.015,84.017,84.013,84.013,39540000,1
1528143360000,1528143419000,84.012,84.013,84.004,84.005,34310000,1
1528143420000,1528143479000,84.004,84.005,84.004,84.005,5430000,1
1528143480000,1528143539000,84.009,84.015,84.009,84.015,22850000,1
1528143540000,1528143599000,84.014,84.016,84.011,84.013,39840000,1
1528143600000,1528143659000,84.012,84.012,84.006,84.006,17600000,1
1528143660000,1528143719000,84.006,84.006,84.004,84.006,12910000,1
1528143720000,1528143779000,84.006,84.007,84.002,84.003,27050000,1
1528143780000,1528143839000,84.003,84.005,84.002,84.003,23010000,1
1528143840000,1528143899000,84.004,84.005,83.998,84.003,35610000,1
1528143900000,1528143959000,84.004,84.005,83.998,83.999,29300000,1
1528143960000,1528144019000,83.998,83.998,83.988,83.997,36920000,1
1528144020000,1528144079000,83.996,83.996,83.982,83.982,31940000,1
1528144080000,1528144139000,83.981,83.981,83.98,83.98,14480000,1
1528144140000,1528144199000,83.981,83.992,83.98,83.99,40240000,1
1528144200000,1528144259000,83.989,83.99,83.982,83.985,46690000,1
1528144260000,1528144319000,83.984,83.986,83.984,83.985,15910000,1
1528144320000,1528144379000,83.985,83.986,83.984,83.985,34210000,1
1528144380000,1528144439000,83.985,83.985,83.984,83.985,18290000,1
1528144440000,1528144499000,83.985,83.985,83.976,83.977,23670000,1
1528144500000,1528144559000,83.977,83.979,83.976,83.979,20550000,1
1528144560000,1528144619000,83.98,83.981,83.98,83.981,8950000,1
1528144620000,1528144679000,83.98,83.982,83.978,83.981,21380000,1
1528144680000,1528144739000,83.982,83.982,83.982,83.982,5630000,1
1528144740000,1528144799000,83.982,83.983,83.982,83.983,3630000,1
1528144800000,1528144859000,83.982,83.983,83.978,83.982,26090000,1
1528144860000,1528144919000,83.983,83.989,83.983,83.988,7620000,1
1528144920000,1528144979000,83.987,83.987,83.986,83.986,6810000,1
1528144980000,1528145039000,83.987,83.995,83.986,83.994,18060000,1
1528145040000,1528145099000,83.995,83.996,83.989,83.989,21320000,1
1528145100000,1528145159000,83.988,83.995,83.985,83.995,26490000,1
1528145160000,1528145219000,83.995,83.995,83.995,83.995,5620000,1
1528145220000,1528145279000,83.996,83.996,83.995,83.995,9810000,1
1528145280000,1528145339000,83.996,83.996,83.996,83.996,1000000,1
1528145340000,1528145399000,83.995,83.995,83.983,83.984,25250000,1
1528145400000,1528145459000,83.984,83.984,83.982,83.983,14500000,1
1528145460000,1528145519000,83.983,83.983,83.983,83.983,1500000,1
1528145520000,1528145579000,83.983,83.983,83.983,83.983,6180000,1
1528145580000,1528145639000,83.982,83.986,83.982,83.983,14120000,1
1528145640000,1528145699000,83.982,83.983,83.982,83.982,9920000,1
1528145700000,1528145759000,83.983,83.983,83.982,83.983,8100000,1
1528145760000,1528145819000,83.983,83.984,83.983,83.983,5860000,1
1528145820000,1528145879000,83.983,83.985,83.981,83.982,24490000,1
1528145880000,1528145939000,83.983,83.983,83.983,83.983,9000000,1
1528145940000,1528145999000,83.98,83.984,83.929,83.943,35010000,1
1528146000000,1528146059000,83.94,83.94,83.92,83.93,5940000,1
1528146060000,1528146119000,83.93,83.932,83.907,83.908,8140000,1
1528146120000,1528146179000,83.903,83.909,83.902,83.906,24750000,1
1528146180000,1528146239000,83.907,83.913,83.907,83.907,11170000,1
1528146240000,1528146299000,83.907,83.91,83.907,83.91,13650000,1
1528146300000,1528146359000,83.91,83.978,83.91,83.973,8690000,1
1528146360000,1528146419000,83.972,83.997,83.969,83.992,13900000,1
1528146420000,1528146479000,83.989,83.994,83.958,83.961,51580000,1
1528146480000,1528146539000,83.962,83.965,83.959,83.965,7000000,1
1528146540000,1528146599000,83.965,83.968,83.96,83.961,6000000,1
1528146600000,1528146659000,83.968,83.975,83.963,83.963,10000000,1
1528146660000,1528146719000,83.963,83.963,83.96,83.962,3000000,1
1528146720000,1528146779000,83.962,83.966,83.937,83.942,9740000,1
1528146780000,1528146839000,83.945,83.949,83.945,83.948,4000000,1
1528146840000,1528146899000,83.946,83.946,83.935,83.946,3500000,1
1528146900000,1528146959000,83.949,83.957,83.932,83.935,91080000,1
1528146960000,1528147019000,83.934,83.939,83.927,83.929,30030000,1
1528147020000,1528147079000,83.928,83.933,83.919,83.933,86900000,1
1528147080000,1528147139000,83.933,83.944,83.932,83.932,17570000,1
1528147140000,1528147199000,83.935,83.949,83.934,83.939,42370000,1
1528147200000,1528147259000,83.942,83.952,83.934,83.946,37600000,1
1528147260000,1528147319000,83.949,83.958,83.949,83.952,16390000,1
1528147320000,1528147379000,83.949,83.957,83.949,83.95,32610000,1
1528147380000,1528147439000,83.959,83.965,83.956,83.965,49540000,1
1528147440000,1528147499000,83.965,83.969,83.965,83.965,20380000,1
1528147500000,1528147559000,83.965,83.966,83.965,83.965,25780000,1
1528147560000,1528147619000,83.965,83.974,83.96,83.974,31830000,1
1528147620000,1528147679000,83.974,83.974,83.958,83.96,25470000,1
1528147680000,1528147739000,83.96,83.966,83.958,83.966,17950000,1
1528147740000,1528147799000,83.966,83.975,83.964,83.969,33690000,1
1528147800000,1528147859000,83.971,83.973,83.964,83.973,13680000,1
1528147860000,1528147919000,83.973,83.983,83.964,83.983,26820000,1
1528147920000,1528147979000,83.983,83.987,83.983,83.987,17000000,1
1528147980000,1528148039000,83.987,83.99,83.986,83.989,34000000,1
1528148040000,1528148099000,83.982,83.982,83.964,83.965,37300000,1
1528148100000,1528148159000,83.965,83.965,83.943,83.943,112700000,1
1528148160000,1528148219000,83.943,83.958,83.943,83.952,44480000,1
1528148220000,1528148279000,83.952,83.952,83.949,83.952,8890000,1
1528148280000,1528148339000,83.954,83.955,83.954,83.955,7140000,1
1528148340000,1528148399000,83.955,83.959,83.953,83.959,17080000,1
1528148400000,1528148459000,83.961,83.978,83.961,83.978,33520000,1
1528148460000,1528148519000,83.974,83.975,83.964,83.971,62760000,1
1528148520000,1528148579000,83.972,83.976,83.97,83.976,65800000,1
1528148580000,1528148639000,83.976,83.976,83.954,83.975,84500000,1
1528148640000,1528148699000,83.975,83.976,83.973,83.975,72660000,1
1528148700000,1528148759000,83.975,83.975,83.973,83.973,15250000,1
1528148760000,1528148819000,83.972,83.98,83.972,83.98,9730000,1
1528148820000,1528148879000,83.982,83.985,83.982,83.984,11980000,1
1528148880000,1528148939000,83.984,83.985,83.984,83.985,10050000,1
1528148940000,1528148999000,83.979,83.983,83.965,83.969,44480000,1
1528149000000,1528149059000,83.97,83.977,83.969,83.977,49000000,1
1528149060000,1528149119000,83.977,83.981,83.974,83.98,28500000,1
1528149120000,1528149179000,83.978,83.981,83.976,83.98,28500000,1
1528149180000,1528149239000,83.979,83.984,83.974,83.98,31330000,1
1528149240000,1528149299000,83.98,83.992,83.98,83.99,66470000,1
1528149300000,1528149359000,83.989,83.991,83.986,83.988,45220000,1
1528149360000,1528149419000,83.988,83.988,83.984,83.986,23070000,1
1528149420000,1528149479000,83.986,83.987,83.972,83.976,35570000,1
1528149480000,1528149539000,83.976,83.976,83.962,83.97,31070000,1
1528149540000,1528149599000,83.971,83.987,83.95,83.985,40130000,1
1528149600000,1528149659000,83.989,83.999,83.973,83.991,67370000,1
1528149660000,1528149719000,83.99,83.994,83.99,83.992,7500000,1
1528149720000,1528149779000,83.992,83.999,83.989,83.995,22810000,1
1528149780000,1528149839000,83.992,83.992,83.99,83.99,3160000,1
1528149840000,1528149899000,83.99,84.0,83.99,83.995,51270000,1
1528149900000,1528149959000,83.994,84.001,83.993,83.998,50290000,1
1528149960000,1528150019000,83.996,83.996,83.993,83.996,41860000,1
1528150020000,1528150079000,83.995,83.997,83.992,83.992,12690000,1
1528150080000,1528150139000,83.992,83.995,83.991,83.995,10120000,1
1528150140000,1528150199000,83.994,83.994,83.992,83.992,5250000,1
1528150200000,1528150259000,83.992,83.992,83.992,83.992,2620000,1
1528150260000,1528150319000,83.992,83.996,83.992,83.992,13610000,1
1528150320000,1528150379000,83.992,83.998,83.992,83.997,20800000,1
1528150380000,1528150439000,83.998,83.998,83.997,83.997,2120000,1
1528150440000,1528150499000,83.996,84.001,83.996,84.0,19060000,1
1528150500000,1528150559000,83.999,83.999,83.989,83.989,21420000,1
1528150560000,1528150619000,83.995,84.003,83.993,84.003,50680000,1
1528150620000,1528150679000,84.003,84.005,83.994,84.003,61210000,1
1528150680000,1528150739000,84.003,84.008,83.996,84.004,53900000,1
1528150740000,1528150799000,84.003,84.003,84.001,84.002,6120000,1
1528150800000,1528150859000,84.002,84.002,84.001,84.001,3000000,1
1528150860000,1528150919000,84.003,84.003,84.002,84.003,5120000,1
1528150920000,1528150979000,84.004,84.006,84.004,84.004,7440000,1
1528150980000,1528151039000,84.004,84.008,84.003,84.004,18000000,1
1528151040000,1528151099000,84.005,84.005,84.004,84.004,2000000,1
1528151100000,1528151159000,84.005,84.005,84.004,84.005,12000000,1
1528151160000,1528151219000,84.005,84.006,84.005,84.006,11000000,1
1528151220000,1528151279000,84.007,84.01,84.007,84.007,7000000,1
1528151280000,1528151339000,84.008,84.011,84.008,84.011,11000000,1
1528151340000,1528151399000,84.011,84.039,84.011,84.032,74000000,1
1528151400000,1528151459000,84.031,84.038,84.028,84.038,39050000,1
1528151460000,1528151519000,84.039,84.051,84.033,84.05,27620000,1
1528151520000,1528151579000,84.049,84.056,84.032,84.032,59700000,1
1528151580000,1528151639000,84.032,84.057,84.032,84.056,84230000,1
1528151640000,1528151699000,84.056,84.09,84.054,84.08,74050000,1
1528151700000,1528151759000,84.079,84.093,84.074,84.09,84490000,1
1528151760000,1528151819000,84.089,84.089,84.083,84.084,52810000,1
1528151820000,1528151879000,84.084,84.087,84.078,84.086,29000000,1
1528151880000,1528151939000,84.086,84.093,84.077,84.09,55820000,1
1528151940000,1528151999000,84.09,84.092,84.09,84.092,23500000,1
1528152000000,1528152059000,84.092,84.092,84.078,84.084,39000000,1
1528152060000,1528152119000,84.083,84.085,84.081,84.081,14000000,1
1528152120000,1528152179000,84.08,84.085,84.08,84.082,27000000,1
1528152180000,1528152239000,84.082,84.083,84.081,84.083,23250000,1
1528152240000,1528152299000,84.082,84.082,84.079,84.08,10000000,1
1528152300000,1528152359000,84.081,84.084,84.079,84.079,10250000,1
1528152360000,1528152419000,84.08,84.088,84.08,84.088,12000000,1
1528152420000,1528152479000,84.085,84.085,84.075,84.081,37940000,1
1528152480000,1528152539000,84.08,84.08,84.08,84.08,5000000,1
1528152540000,1528152599000,84.08,84.08,84.076,84.077,15000000,1
1528152600000,1528152659000,84.077,84.088,84.076,84.083,18000000,1
1528152660000,1528152719000,84.083,84.089,84.083,84.089,8000000,1
1528152720000,1528152779000,84.09,84.093,84.085,84.086,11000000,1
1528152780000,1528152839000,84.087,84.087,84.085,84.086,23950000,1
1528152840000,1528152899000,84.086,84.086,84.081,84.085,31340000,1
1528152900000,1528152959000,84.086,84.087,84.084,84.087,13690000,1
1528152960000,1528153019000,84.087,84.09,84.084,84.085,26000000,1
1528153020000,1528153079000,84.088,84.112,84.085,84.105,84000000,1
1528153080000,1528153139000,84.104,84.109,84.104,84.107,30470000,1
1528153140000,1528153199000,84.106,84.107,84.102,84.103,22230000,1
1528153200000,1528153259000,84.101,84.114,84.086,84.09,62250000,1
1528153260000,1528153319000,84.09,84.092,84.083,84.087,35930000,1
1528153320000,1528153379000,84.086,84.099,84.082,84.099,52480000,1
1528153380000,1528153439000,84.099,84.103,84.098,84.099,21330000,1
1528153440000,1528153499000,84.099,84.099,84.094,84.097,13440000,1
1528153500000,1528153559000,84.097,84.097,84.087,84.087,11240000,1
1528153560000,1528153619000,84.087,84.105,84.087,84.092,37710000,1
1528153620000,1528153679000,84.095,84.098,84.092,84.097,23000000,1
1528153680000,1528153739000,84.095,84.103,84.094,84.098,18500000,1
1528153740000,1528153799000,84.095,84.107,84.095,84.104,28930000,1
1528153800000,1528153859000,84.103,84.103,84.098,84.098,12250000,1
1528153860000,1528153919000,84.097,84.102,84.093,84.098,50850000,1
1528153920000,1528153979000,84.098,84.102,84.096,84.098,38020000,1
1528153980000,1528154039000,84.097,84.106,84.097,84.101,56690000,1
1528154040000,1528154099000,84.099,84.105,84.097,84.098,63070000,1
1528154100000,1528154159000,84.098,84.11,84.097,84.11,37930000,1
1528154160000,1528154219000,84.109,84.111,84.103,84.109,48980000,1
1528154220000,1528154279000,84.109,84.131,84.108,84.131,44320000,1
1528154280000,1528154339000,84.131,84.162,84.131,84.162,48910000,1
1528154340000,1528154399000,84.161,84.162,84.158,84.162,14190000,1
1528154400000,1528154459000,84.16,84.165,84.152,84.152,45150000,1
1528154460000,1528154519000,84.151,84.151,84.131,84.143,23920000,1
1528154520000,1528154579000,84.144,84.144,84.137,84.137,12000000,1
1528154580000,1528154639000,84.136,84.136,84.125,84.125,22750000,1
1528154640000,1528154699000,84.125,84.128,84.117,84.119,26530000,1
1528154700000,1528154759000,84.12,84.123,84.118,84.121,57160000,1
1528154760000,1528154819000,84.123,84.129,84.119,84.119,56780000,1
1528154820000,1528154879000,84.119,84.119,84.117,84.118,22040000,1
1528154880000,1528154939000,84.119,84.119,84.112,84.112,27820000,1
1528154940000,1528154999000,84.113,84.113,84.103,84.104,19660000,1
1528155000000,1528155059000,84.103,84.104,84.092,84.093,12110000,1
1528155060000,1528155119000,84.093,84.093,84.086,84.087,28200000,1
1528155120000,1528155179000,84.087,84.089,84.085,84.087,47080000,1
1528155180000,1528155239000,84.087,84.103,84.087,84.097,37420000,1
1528155240000,1528155299000,84.094,84.094,84.086,84.087,26610000,1
1528155300000,1528155359000,84.088,84.088,84.088,84.088,1000000,1
1528155360000,1528155419000,84.088,84.109,84.088,84.102,83930000,1
1528155420000,1528155479000,84.103,84.117,84.101,84.117,84370000,1
1528155480000,1528155539000,84.116,84.121,84.113,84.118,28750000,1
1528155540000,1528155599000,84.117,84.129,84.116,84.126,32940000,1
1528155600000,1528155659000,84.125,84.125,84.117,84.118,35190000,1
1528155660000,1528155719000,84.119,84.121,84.11,84.113,25000000,1
1528155720000,1528155779000,84.114,84.121,84.114,84.121,15310000,1
1528155780000,1528155839000,84.121,84.121,84.113,84.113,28000000,1
1528155840000,1528155899000,84.112,84.115,84.111,84.113,19170000,1
1528155900000,1528155959000,84.113,84.118,84.113,84.118,23250000,1
1528155960000,1528156019000,84.118,84.13,84.118,84.129,22430000,1
1528156020000,1528156079000,84.13,84.14,84.124,84.137,75450000,1
1528156080000,1528156139000,84.136,84.137,84.127,84.134,40990000,1
1528156140000,1528156199000,84.135,84.136,84.132,84.134,33870000,1
1528156200000,1528156259000,84.133,84.148,84.122,84.124,86190000,1
1528156260000,1528156319000,84.123,84.144,84.123,84.139,78220000,1
1528156320000,1528156379000,84.139,84.151,84.135,84.142,93860000,1
1528156380000,1528156439000,84.141,84.145,84.14,84.14,28310000,1
1528156440000,1528156499000,84.139,84.143,84.138,84.143,18310000,1
1528156500000,1528156559000,84.144,84.151,84.14,84.148,39940000,1
1528156560000,1528156619000,84.149,84.153,84.134,84.146,52480000,1
1528156620000,1528156679000,84.147,84.151,84.13,84.134,84130000,1
1528156680000,1528156739000,84.133,84.146,84.131,84.136,51370000,1
1528156740000,1528156799000,84.135,84.149,84.135,84.139,72810000,1
1528156800000,1528156859000,84.141,84.17,84.141,84.168,119160000,1
1528156860000,1528156919000,84.168,84.174,84.137,84.141,125250000,1
1528156920000,1528156979000,84.142,84.159,84.131,84.153,119360000,1
1528156980000,1528157039000,84.154,84.168,84.149,84.168,83120000,1
1528157040000,1528157099000,84.169,84.172,84.158,84.171,83090000,1
1528157100000,1528157159000,84.171,84.182,84.166,84.169,120200000,1
1528157160000,1528157219000,84.17,84.172,84.125,84.125,99180000,1
1528157220000,1528157279000,84.125,84.131,84.119,84.126,97860000,1
1528157280000,1528157339000,84.126,84.129,84.1,84.103,131830000,1
1528157340000,1528157399000,84.103,84.103,84.085,84.096,101430000,1
1528157400000,1528157459000,84.095,84.097,84.084,84.086,110150000,1
1528157460000,1528157519000,84.086,84.088,84.068,84.07,88360000,1
1528157520000,1528157579000,84.071,84.08,84.054,84.066,127380000,1
1528157580000,1528157639000,84.066,84.086,84.066,84.084,54130000,1
1528157640000,1528157699000,84.085,84.09,84.048,84.051,102220000,1
1528157700000,1528157759000,84.058,84.08,84.058,84.077,89780000,1
1528157760000,1528157819000,84.079,84.08,84.056,84.059,120170000,1
1528157820000,1528157879000,84.058,84.069,84.055,84.062,132780000,1
1528157880000,1528157939000,84.059,84.061,84.043,84.047,96890000,1
1528157940000,1528157999000,84.045,84.045,84.005,84.007,137050000,1
1528158000000,1528158059000,84.007,84.01,83.99,84.005,145590000,1
1528158060000,1528158119000,84.004,84.022,83.998,84.011,126720000,1
1528158120000,1528158179000,84.012,84.012,84.001,84.005,51920000,1
1528158180000,1528158239000,84.004,84.004,83.988,83.99,77350000,1
1528158240000,1528158299000,83.989,83.993,83.981,83.985,118590000,1
1528158300000,1528158359000,83.987,84.002,83.987,83.999,62080000,1
1528158360000,1528158419000,83.999,83.999,83.976,83.977,98130000,1
1528158420000,1528158479000,83.977,83.988,83.967,83.987,87980000,1
1528158480000,1528158539000,83.985,83.985,83.958,83.976,115100000,1
1528158540000,1528158599000,83.975,83.975,83.961,83.974,89410000,1
1528158600000,1528158659000,83.973,83.973,83.965,83.967,58590000,1
1528158660000,1528158719000,83.967,83.968,83.95,83.958,55210000,1
1528158720000,1528158779000,83.959,83.965,83.95,83.961,72730000,1
1528158780000,1528158839000,83.96,83.967,83.957,83.967,53740000,1
1528158840000,1528158899000,83.967,83.967,83.933,83.946,181290000,1
1528158900000,1528158959000,83.947,83.985,83.937,83.978,160000000,1
1528158960000,1528159019000,83.978,83.979,83.953,83.962,96270000,1
1528159020000,1528159079000,83.962,83.964,83.96,83.962,26500000,1
1528159080000,1528159139000,83.963,83.973,83.963,83.968,57250000,1
1528159140000,1528159199000,83.968,83.978,83.964,83.976,63390000,1
1528159200000,1528159259000,83.975,83.978,83.968,83.971,94780000,1
1528159260000,1528159319000,83.97,83.975,83.97,83.97,70480000,1
1528159320000,1528159379000,83.97,83.972,83.959,83.961,69260000,1
1528159380000,1528159439000,83.962,83.962,83.93,83.945,107430000,1
1528159440000,1528159499000,83.945,83.947,83.931,83.931,56450000,1
1528159500000,1528159559000,83.931,83.953,83.928,83.953,93560000,1
1528159560000,1528159619000,83.951,83.974,83.95,83.966,109470000,1
1528159620000,1528159679000,83.965,83.965,83.945,83.947,89250000,1
1528159680000,1528159739000,83.947,83.947,83.931,83.935,83980000,1
1528159740000,1528159799000,83.935,83.94,83.934,83.94,21360000,1
1528159800000,1528159859000,83.941,83.95,83.934,83.937,95310000,1
1528159860000,1528159919000,83.938,83.944,83.935,83.935,58910000,1
1528159920000,1528159979000,83.935,83.951,83.931,83.95,66300000,1
1528159980000,1528160039000,83.949,83.95,83.928,83.936,92940000,1
1528160040000,1528160099000,83.935,83.96,83.932,83.957,233330000,1
1528160100000,1528160159000,83.956,83.98,83.948,83.98,130460000,1
1528160160000,1528160219000,83.983,83.999,83.975,83.976,97890000,1
1528160220000,1528160279000,83.975,83.976,83.959,83.968,95450000,1
1528160280000,1528160339000,83.968,83.969,83.956,83.956,111820000,1
1528160340000,1528160399000,83.956,83.97,83.955,83.961,41660000,1
1528160400000,1528160459000,83.959,83.984,83.944,83.983,91460000,1
1528160460000,1528160519000,83.983,83.989,83.979,83.981,69320000,1
1528160520000,1528160579000,83.982,84.008,83.975,84.008,93860000,1
1528160580000,1528160639000,84.009,84.019,84.005,84.016,65350000,1
1528160640000,1528160699000,84.015,84.024,83.998,84.001,75550000,1
1528160700000,1528160759000,84.0,84.013,83.999,84.01,76360000,1
1528160760000,1528160819000,84.01,84.018,84.003,84.017,96030000,1
1528160820000,1528160879000,84.016,84.017,84.004,84.008,59770000,1
1528160880000,1528160939000,84.008,84.021,84.005,84.005,77410000,1
1528160940000,1528160999000,84.004,84.007,83.976,83.986,88740000,1
1528161000000,1528161059000,83.985,83.985,83.956,83.967,123210000,1
1528161060000,1528161119000,83.966,83.975,83.958,83.963,133160000,1
1528161120000,1528161179000,83.963,83.972,83.963,83.968,68870000,1
1528161180000,1528161239000,83.968,83.98,83.961,83.965,99080000,1
1528161240000,1528161299000,83.964,83.974,83.954,83.973,70220000,1
1528161300000,1528161359000,83.972,83.972,83.94,83.948,197630000,1
1528161360000,1528161419000,83.948,83.977,83.948,83.975,98530000,1
1528161420000,1528161479000,83.978,83.981,83.972,83.974,88240000,1
1528161480000,1528161539000,83.975,83.977,83.956,83.957,98140000,1
1528161540000,1528161599000,83.956,83.958,83.929,83.937,156880000,1
1528161600000,1528161659000,83.937,83.959,83.936,83.958,113830000,1
1528161660000,1528161719000,83.958,83.979,83.958,83.975,74990000,1
1528161720000,1528161779000,83.976,83.979,83.971,83.971,48360000,1
1528161780000,1528161839000,83.972,83.979,83.952,83.955,96510000,1
1528161840000,1528161899000,83.954,83.969,83.951,83.963,108290000,1
1528161900000,1528161959000,83.963,83.966,83.958,83.965,78280000,1
1528161960000,1528162019000,83.966,83.99,83.966,83.982,114170000,1
1528162020000,1528162079000,83.981,83.988,83.975,83.983,83000000,1
1528162080000,1528162139000,83.983,83.991,83.975,83.991,91890000,1
1528162140000,1528162199000,83.991,83.992,83.983,83.984,76960000,1
1528162200000,1528162259000,83.984,83.984,83.899,83.916,242820000,1
1528162260000,1528162319000,83.917,83.945,83.892,83.933,175860000,1
1528162320000,1528162379000,83.933,83.959,83.932,83.95,160140000,1
1528162380000,1528162439000,83.95,83.984,83.944,83.975,126780000,1
1528162440000,1528162499000,83.974,83.99,83.973,83.988,140400000,1
1528162500000,1528162559000,83.988,83.988,83.955,83.955,109020000,1
1528162560000,1528162619000,83.953,83.97,83.952,83.97,117970000,1
1528162620000,1528162679000,83.97,84.027,83.968,84.017,146340000,1
1528162680000,1528162739000,84.016,84.037,84.016,84.017,145600000,1
1528162740000,1528162799000,84.019,84.048,84.018,84.041,156610000,1
1528162800000,1528162859000,84.041,84.07,84.041,84.066,142950000,1
1528162860000,1528162919000,84.064,84.074,84.059,84.061,116090000,1
1528162920000,1528162979000,84.06,84.06,84.046,84.049,60600000,1
1528162980000,1528163039000,84.05,84.056,84.044,84.053,47190000,1
1528163040000,1528163099000,84.053,84.062,84.043,84.043,111020000,1
1528163100000,1528163159000,84.045,84.06,84.043,84.043,68330000,1
1528163160000,1528163219000,84.042,84.047,84.032,84.034,98450000,1
1528163220000,1528163279000,84.033,84.034,84.022,84.028,72350000,1
1528163280000,1528163339000,84.028,84.028,84.017,84.025,54710000,1
1528163340000,1528163399000,84.025,84.025,83.996,84.02,117890000,1
1528163400000,1528163459000,84.02,84.043,84.02,84.043,75190000,1
1528163460000,1528163519000,84.043,84.044,84.017,84.019,54850000,1
1528163520000,1528163579000,84.02,84.02,84.012,84.017,53750000,1
1528163580000,1528163639000,84.018,84.019,83.997,84.007,47520000,1
1528163640000,1528163699000,84.008,84.01,83.998,84.004,51620000,1
1528163700000,1528163759000,84.004,84.014,84.004,84.011,83660000,1
1528163760000,1528163819000,84.01,84.015,83.984,83.986,89540000,1
1528163820000,1528163879000,83.986,83.986,83.967,83.968,115780000,1
1528163880000,1528163939000,83.968,83.99,83.966,83.989,122060000,1
1528163940000,1528163999000,83.989,83.989,83.97,83.977,87690000,1
1528164000000,1528164059000,83.978,83.986,83.955,83.97,142320000,1
1528164060000,1528164119000,83.97,83.975,83.964,83.966,102200000,1
1528164120000,1528164179000,83.965,83.969,83.954,83.955,104710000,1
1528164180000,1528164239000,83.956,83.973,83.943,83.972,134150000,1
1528164240000,1528164299000,83.972,83.991,83.965,83.987,106260000,1
1528164300000,1528164359000,83.988,83.997,83.985,83.987,41800000,1
1528164360000,1528164419000,83.987,84.011,83.982,83.994,94400000,1
1528164420000,1528164479000,83.995,84.001,83.993,83.998,56590000,1
1528164480000,1528164539000,83.999,84.003,83.98,83.982,108960000,1
1528164540000,1528164599000,83.983,83.983,83.953,83.953,96230000,1
1528164600000,1528164659000,83.951,83.957,83.931,83.931,80650000,1
1528164660000,1528164719000,83.932,83.933,83.914,83.917,86240000,1
1528164720000,1528164779000,83.918,83.934,83.914,83.928,156320000,1
1528164780000,1528164839000,83.924,83.924,83.897,83.901,101670000,1
1528164840000,1528164899000,83.901,83.903,83.891,83.901,67010000,1
1528164900000,1528164959000,83.902,83.907,83.895,83.907,92960000,1
1528164960000,1528165019000,83.908,83.917,83.896,83.896,73980000,1
1528165020000,1528165079000,83.895,83.895,83.84,83.843,100440000,1
1528165080000,1528165139000,83.843,83.863,83.828,83.854,129770000,1
1528165140000,1528165199000,83.855,83.885,83.855,83.868,129570000,1
1528165200000,1528165259000,83.868,83.874,83.865,83.872,76720000,1
1528165260000,1528165319000,83.872,83.876,83.864,83.865,48870000,1
1528165320000,1528165379000,83.865,83.895,83.865,83.888,90800000,1
1528165380000,1528165439000,83.888,83.892,83.88,83.885,59440000,1
1528165440000,1528165499000,83.885,83.893,83.871,83.872,101540000,1
1528165500000,1528165559000,83.871,83.872,83.853,83.859,100650000,1
1528165560000,1528165619000,83.859,83.861,83.848,83.856,46500000,1
1528165620000,1528165679000,83.857,83.878,83.857,83.873,101700000,1
1528165680000,1528165739000,83.874,83.88,83.871,83.877,51790000,1
1528165740000,1528165799000,83.875,83.88,83.864,83.875,82820000,1
1528165800000,1528165859000,83.876,83.876,83.859,83.867,99700000,1
1528165860000,1528165919000,83.867,83.87,83.861,83.867,45980000,1
1528165920000,1528165979000,83.866,83.869,83.864,83.868,24610000,1
1528165980000,1528166039000,83.868,83.875,83.865,83.866,59680000,1
1528166040000,1528166099000,83.864,83.874,83.863,83.867,36590000,1
1528166100000,1528166159000,83.868,83.872,83.864,83.864,44160000,1
1528166160000,1528166219000,83.862,83.873,83.86,83.869,42710000,1
1528166220000,1528166279000,83.869,83.884,83.866,83.88,69700000,1
1528166280000,1528166339000,83.879,83.882,83.857,83.859,60770000,1
1528166340000,1528166399000,83.861,83.878,83.861,83.867,79260000,1
1528166400000,1528166459000,83.868,83.871,83.862,83.867,113500000,1
1528166460000,1528166519000,83.868,83.868,83.848,83.851,114580000,1
1528166520000,1528166579000,83.852,83.858,83.852,83.856,109690000,1
1528166580000,1528166639000,83.857,83.863,83.848,83.849,97720000,1
1528166640000,1528166699000,83.848,83.854,83.829,83.829,150120000,1
1528166700000,1528166759000,83.833,83.844,83.829,83.834,110910000,1
1528166760000,1528166819000,83.833,83.853,83.833,83.849,89900000,1
1528166820000,1528166879000,83.851,83.873,83.851,83.873,60350000,1
1528166880000,1528166939000,83.874,83.878,83.86,83.861,82080000,1
1528166940000,1528166999000,83.861,83.866,83.861,83.863,54070000,1
1528167000000,1528167059000,83.864,83.872,83.852,83.868,56160000,1
1528167060000,1528167119000,83.868,83.874,83.863,83.867,70130000,1
1528167120000,1528167179000,83.867,83.875,83.867,83.875,44750000,1
1528167180000,1528167239000,83.877,83.877,83.861,83.866,48570000,1
1528167240000,1528167299000,83.867,83.868,83.856,83.859,35940000,1
1528167300000,1528167359000,83.86,83.865,83.849,83.854,45110000,1
1528167360000,1528167419000,83.854,83.862,83.854,83.862,33220000,1
1528167420000,1528167479000,83.864,83.893,83.864,83.892,84190000,1
1528167480000,1528167539000,83.89,83.893,83.889,83.89,53020000,1
1528167540000,1528167599000,83.89,83.894,83.884,83.892,53460000,1
1528167600000,1528167659000,83.892,83.892,83.843,83.858,100750000,1
1528167660000,1528167719000,83.859,83.9,83.857,83.899,87720000,1
1528167720000,1528167779000,83.901,83.903,83.894,83.896,76640000,1
1528167780000,1528167839000,83.896,83.896,83.875,83.876,105380000,1
1528167840000,1528167899000,83.879,83.906,83.879,83.903,81250000,1
1528167900000,1528167959000,83.903,83.903,83.883,83.885,67620000,1
1528167960000,1528168019000,83.885,83.885,83.866,83.866,42930000,1
1528168020000,1528168079000,83.865,83.87,83.858,83.862,50470000,1
1528168080000,1528168139000,83.865,83.88,83.865,83.877,41190000,1
1528168140000,1528168199000,83.876,83.876,83.864,83.864,39580000,1
1528168200000,1528168259000,83.864,83.872,83.846,83.853,107810000,1
1528168260000,1528168319000,83.853,83.854,83.845,83.847,36670000,1
1528168320000,1528168379000,83.847,83.86,83.837,83.859,55530000,1
1528168380000,1528168439000,83.859,83.883,83.853,83.872,45340000,1
1528168440000,1528168499000,83.873,83.881,83.865,83.867,47530000,1
1528168500000,1528168559000,83.867,83.868,83.853,83.855,68440000,1
1528168560000,1528168619000,83.855,83.858,83.841,83.842,41980000,1
1528168620000,1528168679000,83.843,83.878,83.843,83.878,61310000,1
1528168680000,1528168739000,83.879,83.881,83.876,83.877,44330000,1
1528168740000,1528168799000,83.877,83.888,83.87,83.874,57750000,1
1528168800000,1528168859000,83.875,83.879,83.866,83.869,34410000,1
1528168860000,1528168919000,83.87,83.883,83.869,83.879,29850000,1
1528168920000,1528168979000,83.879,83.889,83.879,83.886,45900000,1
1528168980000,1528169039000,83.887,83.887,83.88,83.882,24900000,1
1528169040000,1528169099000,83.883,83.899,83.883,83.892,44100000,1
1528169100000,1528169159000,83.891,83.904,83.889,83.904,48840000,1
1528169160000,1528169219000,83.904,83.904,83.89,83.893,49380000,1
1528169220000,1528169279000,83.893,83.9,83.89,83.896,66210000,1
1528169280000,1528169339000,83.895,83.895,83.882,83.882,40540000,1
1528169340000,1528169399000,83.882,83.906,83.882,83.904,40640000,1
1528169400000,1528169459000,83.904,83.904,83.884,83.898,33580000,1
1528169460000,1528169519000,83.898,83.911,83.897,83.908,49980000,1
1528169520000,1528169579000,83.905,83.908,83.898,83.907,40600000,1
1528169580000,1528169639000,83.909,83.918,83.904,83.908,49810000,1
1528169640000,1528169699000,83.909,83.917,83.902,83.908,43670000,1
1528169700000,1528169759000,83.908,83.909,83.892,83.892,68890000,1
1528169760000,1528169819000,83.892,83.906,83.888,83.906,89460000,1
1528169820000,1528169879000,83.907,83.916,83.905,83.906,55150000,1
1528169880000,1528169939000,83.905,83.906,83.903,83.906,47900000,1
1528169940000,1528169999000,83.906,83.909,83.901,83.908,75060000,1
1528170000000,1528170059000,83.908,83.908,83.895,83.895,88990000,1
1528170060000,1528170119000,83.895,83.917,83.893,83.915,68160000,1
1528170120000,1528170179000,83.915,83.915,83.908,83.91,24800000,1
1528170180000,1528170239000,83.911,83.911,83.901,83.906,91270000,1
1528170240000,1528170299000,83.909,83.911,83.906,83.906,50000000,1
1528170300000,1528170359000,83.906,83.911,83.902,83.91,56410000,1
1528170360000,1528170419000,83.909,83.912,83.903,83.91,86670000,1
1528170420000,1528170479000,83.91,83.911,83.902,83.911,68870000,1
1528170480000,1528170539000,83.911,83.912,83.897,83.898,59920000,1
1528170540000,1528170599000,83.899,83.902,83.892,83.892,105980000,1
1528170600000,1528170659000,83.892,83.899,83.892,83.894,48190000,1
1528170660000,1528170719000,83.894,83.904,83.893,83.904,33840000,1
1528170720000,1528170779000,83.905,83.922,83.905,83.922,46490000,1
1528170780000,1528170839000,83.924,83.925,83.918,83.919,35000000,1
1528170840000,1528170899000,83.918,83.921,83.911,83.912,62070000,1
1528170900000,1528170959000,83.913,83.914,83.9,83.904,55990000,1
1528170960000,1528171019000,83.904,83.904,83.888,83.89,95820000,1
1528171020000,1528171079000,83.89,83.893,83.889,83.89,63090000,1
1528171080000,1528171139000,83.888,83.899,83.887,83.892,89160000,1
1528171140000,1528171199000,83.893,83.898,83.891,83.894,37560000,1
1528171200000,1528171259000,83.895,83.899,83.884,83.889,68470000,1
1528171260000,1528171319000,83.889,83.889,83.867,83.87,102950000,1
1528171320000,1528171379000,83.87,83.872,83.866,83.868,38440000,1
1528171380000,1528171439000,83.867,83.88,83.867,83.878,62060000,1
1528171440000,1528171499000,83.879,83.892,83.879,83.892,37570000,1
1528171500000,1528171559000,83.889,83.891,83.879,83.88,42800000,1
1528171560000,1528171619000,83.88,83.897,83.88,83.89,47430000,1
1528171620000,1528171679000,83.891,83.896,83.881,83.881,54370000,1
1528171680000,1528171739000,83.882,83.89,83.881,83.889,50230000,1
1528171740000,1528171799000,83.89,83.895,83.89,83.893,19240000,1
1528171800000,1528171859000,83.894,83.897,83.891,83.891,32990000,1
1528171860000,1528171919000,83.89,83.894,83.888,83.89,39990000,1
1528171920000,1528171979000,83.891,83.894,83.886,83.894,21740000,1
1528171980000,1528172039000,83.894,83.897,83.885,83.886,50660000,1
1528172040000,1528172099000,83.885,83.898,83.884,83.886,51770000,1
1528172100000,1528172159000,83.885,83.888,83.878,83.878,42020000,1
1528172160000,1528172219000,83.88,83.88,83.87,83.873,46480000,1
1528172220000,1528172279000,83.873,83.904,83.864,83.904,66100000,1
1528172280000,1528172339000,83.903,83.909,83.887,83.887,80230000,1
1528172340000,1528172399000,83.887,83.887,83.88,83.884,50240000,1
1528172400000,1528172459000,83.883,83.883,83.875,83.883,68460000,1
1528172460000,1528172519000,83.883,83.892,83.879,83.891,59440000,1
1528172520000,1528172579000,83.886,83.886,83.869,83.874,62380000,1
1528172580000,1528172639000,83.874,83.885,83.874,83.885,10490000,1
1528172640000,1528172699000,83.884,83.885,83.874,83.878,92720000,1
1528172700000,1528172759000,83.879,83.891,83.875,83.875,137530000,1
1528172760000,1528172819000,83.876,83.876,83.862,83.862,46060000,1
1528172820000,1528172879000,83.862,83.871,83.862,83.871,36030000,1
1528172880000,1528172939000,83.872,83.897,83.872,83.897,45340000,1
1528172940000,1528172999000,83.896,83.909,83.89,83.89,116170000,1
1528173000000,1528173059000,83.89,83.941,83.878,83.941,131480000,1
1528173060000,1528173119000,83.939,83.947,83.897,83.898,107530000,1
1528173120000,1528173179000,83.899,83.906,83.893,83.893,71750000,1
1528173180000,1528173239000,83.893,83.896,83.886,83.888,63220000,1
1528173240000,1528173299000,83.89,83.89,83.848,83.848,91690000,1
1528173300000,1528173359000,83.843,83.85,83.813,83.818,127990000,1
1528173360000,1528173419000,83.819,83.828,83.817,83.823,57320000,1
1528173420000,1528173479000,83.82,83.82,83.804,83.813,65740000,1
1528173480000,1528173539000,83.812,83.82,83.799,83.807,141520000,1
1528173540000,1528173599000,83.807,83.82,83.805,83.805,76770000,1
1528173600000,1528173659000,83.807,83.839,83.807,83.835,107920000,1
1528173660000,1528173719000,83.835,83.9,83.834,83.88,142880000,1
1528173720000,1528173779000,83.881,83.913,83.879,83.905,114780000,1
1528173780000,1528173839000,83.905,83.915,83.903,83.904,101980000,1
1528173840000,1528173899000,83.903,83.914,83.9,83.9,99250000,1
1528173900000,1528173959000,83.901,83.901,83.888,83.9,63050000,1
1528173960000,1528174019000,83.901,83.967,83.9,83.943,105530000,1
1528174020000,1528174079000,83.943,83.961,83.943,83.958,92190000,1
1528174080000,1528174139000,83.959,83.97,83.956,83.959,75400000,1
1528174140000,1528174199000,83.959,83.97,83.959,83.961,67220000,1
1528174200000,1528174259000,83.961,83.972,83.961,83.965,48620000,1
1528174260000,1528174319000,83.966,83.967,83.955,83.958,56420000,1
1528174320000,1528174379000,83.958,83.968,83.955,83.958,77470000,1
1528174380000,1528174439000,83.958,83.958,83.94,83.941,51110000,1
1528174440000,1528174499000,83.94,83.94,83.93,83.935,92240000,1
1528174500000,1528174559000,83.937,83.955,83.931,83.951,143550000,1
1528174560000,1528174619000,83.951,83.984,83.95,83.984,175090000,1
1528174620000,1528174679000,83.985,83.985,83.975,83.984,94700000,1
1528174680000,1528174739000,83.984,83.988,83.977,83.98,97640000,1
1528174740000,1528174799000,83.978,83.978,83.961,83.961,122160000,1
1528174800000,1528174859000,83.962,83.962,83.945,83.952,123030000,1
1528174860000,1528174919000,83.951,83.955,83.943,83.944,71900000,1
1528174920000,1528174979000,83.944,83.95,83.942,83.95,29270000,1
1528174980000,1528175039000,83.95,83.95,83.941,83.941,32730000,1
1528175040000,1528175099000,83.943,83.948,83.939,83.941,85010000,1
1528175100000,1528175159000,83.941,83.941,83.917,83.919,92990000,1
1528175160000,1528175219000,83.919,83.925,83.915,83.918,78310000,1
1528175220000,1528175279000,83.92,83.941,83.92,83.941,59710000,1
1528175280000,1528175339000,83.943,83.947,83.93,83.93,87940000,1
1528175340000,1528175399000,83.929,83.932,83.918,83.918,96090000,1
1528175400000,1528175459000,83.917,83.917,83.9,83.909,117170000,1
1528175460000,1528175519000,83.908,83.916,83.877,83.878,111590000,1
1528175520000,1528175579000,83.878,83.879,83.856,83.859,94800000,1
1528175580000,1528175639000,83.859,83.859,83.832,83.835,112480000,1
1528175640000,1528175699000,83.836,83.852,83.836,83.844,152150000,1
1528175700000,1528175759000,83.845,83.86,83.844,83.852,122610000,1
1528175760000,1528175819000,83.851,83.862,83.848,83.854,86000000,1
1528175820000,1528175879000,83.854,83.868,83.845,83.868,69940000,1
1528175880000,1528175939000,83.87,83.876,83.852,83.875,126840000,1
1528175940000,1528175999000,83.874,83.882,83.867,83.88,124450000,1
1528176000000,1528176059000,83.88,83.88,83.859,83.862,116590000,1
1528176060000,1528176119000,83.861,83.861,83.844,83.849,145650000,1
1528176120000,1528176179000,83.848,83.859,83.847,83.857,113330000,1
1528176180000,1528176239000,83.857,83.875,83.857,83.874,129350000,1
1528176240000,1528176299000,83.875,83.878,83.872,83.878,67070000,1
1528176300000,1528176359000,83.878,83.884,83.878,83.881,70580000,1
1528176360000,1528176419000,83.881,83.881,83.865,83.874,130660000,1
1528176420000,1528176479000,83.878,83.887,83.87,83.872,135180000,1
1528176480000,1528176539000,83.872,83.887,83.872,83.886,190270000,1
1528176540000,1528176599000,83.888,83.891,83.865,83.868,134860000,1
1528176600000,1528176659000,83.868,83.875,83.86,83.875,113020000,1
1528176660000,1528176719000,83.876,83.92,83.876,83.915,97960000,1
1528176720000,1528176779000,83.916,83.94,83.912,83.919,109320000,1
1528176780000,1528176839000,83.92,83.921,83.897,83.897,85930000,1
1528176840000,1528176899000,83.898,83.904,83.89,83.89,94640000,1
1528176900000,1528176959000,83.889,83.889,83.86,83.866,120900000,1
1528176960000,1528177019000,83.867,83.873,83.855,83.863,141940000,1
1528177020000,1528177079000,83.863,83.869,83.859,83.866,109150000,1
1528177080000,1528177139000,83.866,83.871,83.839,83.842,112370000,1
1528177140000,1528177199000,83.842,83.856,83.834,83.853,76830000,1
1528177200000,1528177259000,83.853,83.869,83.847,83.86,144000000,1
1528177260000,1528177319000,83.86,83.86,83.828,83.847,134970000,1
1528177320000,1528177379000,83.845,83.845,83.832,83.833,82910000,1
1528177380000,1528177439000,83.832,83.842,83.823,83.839,159210000,1
1528177440000,1528177499000,83.841,83.841,83.783,83.792,236370000,1
1528177500000,1528177559000,83.793,83.803,83.777,83.782,121660000,1
1528177560000,1528177619000,83.781,83.791,83.78,83.788,98760000,1
1528177620000,1528177679000,83.788,83.791,83.777,83.781,143870000,1
1528177680000,1528177739000,83.781,83.785,83.77,83.781,131540000,1
1528177740000,1528177799000,83.78,83.817,83.78,83.806,116850000,1
1528177800000,1528177859000,83.807,83.839,83.804,83.839,107570000,1
1528177860000,1528177919000,83.84,83.882,83.838,83.848,109690000,1
1528177920000,1528177979000,83.85,83.854,83.826,83.841,152810000,1
1528177980000,1528178039000,83.842,83.855,83.842,83.847,92780000,1
1528178040000,1528178099000,83.847,83.858,83.844,83.858,58090000,1
1528178100000,1528178159000,83.858,83.868,83.85,83.866,87000000,1
1528178160000,1528178219000,83.866,83.875,83.857,83.869,101560000,1
1528178220000,1528178279000,83.864,83.866,83.857,83.859,76030000,1
1528178280000,1528178339000,83.859,83.873,83.859,83.873,62030000,1
1528178340000,1528178399000,83.877,83.882,83.848,83.86,79230000,1
1528178400000,1528178459000,83.861,83.877,83.847,83.877,93480000,1
1528178460000,1528178519000,83.879,83.883,83.864,83.866,92410000,1
1528178520000,1528178579000,83.866,83.867,83.844,83.849,156380000,1
1528178580000,1528178639000,83.848,83.86,83.847,83.847,153910000,1
1528178640000,1528178699000,83.846,83.851,83.828,83.842,158660000,1
1528178700000,1528178759000,83.841,83.842,83.826,83.827,80460000,1
1528178760000,1528178819000,83.827,83.831,83.814,83.822,143190000,1
1528178820000,1528178879000,83.822,83.827,83.814,83.827,150500000,1
1528178880000,1528178939000,83.827,83.872,83.827,83.871,88180000,1
1528178940000,1528178999000,83.87,83.87,83.849,83.85,113430000,1
1528179000000,1528179059000,83.852,83.857,83.843,83.844,173410000,1
1528179060000,1528179119000,83.844,83.881,83.843,83.868,195320000,1
1528179120000,1528179179000,83.867,83.878,83.854,83.878,156950000,1
1528179180000,1528179239000,83.878,83.88,83.867,83.87,88200000,1
1528179240000,1528179299000,83.873,83.888,83.873,83.877,161570000,1
1528179300000,1528179359000,83.877,83.9,83.875,83.886,189910000,1
1528179360000,1528179419000,83.885,83.887,83.876,83.884,97280000,1
1528179420000,1528179479000,83.884,83.885,83.877,83.878,56930000,1
1528179480000,1528179539000,83.879,83.882,83.867,83.878,90900000,1
1528179540000,1528179599000,83.878,83.887,83.877,83.882,95650000,1
1528179600000,1528179659000,83.882,83.882,83.87,83.87,64220000,1
1528179660000,1528179719000,83.87,83.871,83.852,83.854,113480000,1
1528179720000,1528179779000,83.854,83.854,83.821,83.821,171470000,1
1528179780000,1528179839000,83.821,83.824,83.795,83.797,88160000,1
1528179840000,1528179899000,83.797,83.807,83.795,83.795,119140000,1
1528179900000,1528179959000,83.796,83.81,83.791,83.81,118300000,1
1528179960000,1528180019000,83.808,83.811,83.796,83.807,119860000,1
1528180020000,1528180079000,83.806,83.806,83.789,83.798,128440000,1
1528180080000,1528180139000,83.797,83.806,83.79,83.8,102110000,1
1528180140000,1528180199000,83.801,83.808,83.801,83.807,62140000,1
1528180200000,1528180259000,83.807,83.837,83.807,83.835,83000000,1
1528180260000,1528180319000,83.835,83.838,83.803,83.803,84740000,1
1528180320000,1528180379000,83.803,83.843,83.801,83.837,84820000,1
1528180380000,1528180439000,83.837,83.838,83.829,83.838,52520000,1
1528180440000,1528180499000,83.838,83.842,83.817,83.821,125720000,1
1528180500000,1528180559000,83.819,83.82,83.802,83.813,119390000,1
1528180560000,1528180619000,83.813,83.827,83.813,83.825,116490000,1
1528180620000,1528180679000,83.825,83.827,83.816,83.824,83420000,1
1528180680000,1528180739000,83.824,83.83,83.808,83.825,142550000,1
1528180740000,1528180799000,83.826,83.836,83.824,83.83,100100000,1
1528180800000,1528180859000,83.831,83.848,83.831,83.843,77830000,1
1528180860000,1528180919000,83.843,83.843,83.833,83.834,74840000,1
1528180920000,1528180979000,83.831,83.856,83.829,83.855,137130000,1
1528180980000,1528181039000,83.855,83.856,83.84,83.842,63460000,1
1528181040000,1528181099000,83.84,83.843,83.83,83.843,55040000,1
1528181100000,1528181159000,83.843,83.849,83.838,83.847,78890000,1
1528181160000,1528181219000,83.848,83.872,83.848,83.859,94120000,1
1528181220000,1528181279000,83.86,83.877,83.859,83.877,95980000,1
1528181280000,1528181339000,83.877,83.886,83.871,83.872,110310000,1
1528181340000,1528181399000,83.872,83.884,83.872,83.876,105630000,1
1528181400000,1528181459000,83.875,83.876,83.867,83.875,83300000,1
1528181460000,1528181519000,83.875,83.875,83.869,83.869,64050000,1
1528181520000,1528181579000,83.869,83.869,83.858,83.862,96370000,1
1528181580000,1528181639000,83.863,83.865,83.857,83.861,71550000,1
1528181640000,1528181699000,83.86,83.87,83.857,83.869,74080000,1
1528181700000,1528181759000,83.872,83.88,83.869,83.87,97010000,1
1528181760000,1528181819000,83.87,83.875,83.862,83.873,116350000,1
1528181820000,1528181879000,83.873,83.886,83.871,83.881,133650000,1
1528181880000,1528181939000,83.881,83.881,83.867,83.872,153580000,1
1528181940000,1528181999000,83.87,83.876,83.859,83.869,163940000,1
1528182000000,1528182059000,83.87,83.87,83.825,83.837,157020000,1
1528182060000,1528182119000,83.837,83.863,83.837,83.863,91010000,1
1528182120000,1528182179000,83.863,83.87,83.854,83.858,130970000,1
1528182180000,1528182239000,83.857,83.877,83.847,83.867,179250000,1
1528182240000,1528182299000,83.868,83.868,83.838,83.84,138270000,1
1528182300000,1528182359000,83.841,83.907,83.841,83.903,140010000,1
1528182360000,1528182419000,83.902,83.902,83.871,83.895,153140000,1
1528182420000,1528182479000,83.896,83.924,83.896,83.924,111440000,1
1528182480000,1528182539000,83.923,83.947,83.916,83.945,145600000,1
1528182540000,1528182599000,83.945,83.957,83.939,83.948,114150000,1
1528182600000,1528182659000,83.946,83.953,83.935,83.935,114780000,1
1528182660000,1528182719000,83.935,83.942,83.898,83.901,135860000,1
1528182720000,1528182779000,83.899,83.917,83.898,83.91,97280000,1
1528182780000,1528182839000,83.91,83.951,83.91,83.948,123160000,1
1528182840000,1528182899000,83.948,83.948,83.933,83.944,97400000,1
1528182900000,1528182959000,83.945,83.945,83.914,83.914,134100000,1
1528182960000,1528183019000,83.915,83.915,83.857,83.863,146630000,1
1528183020000,1528183079000,83.862,83.886,83.854,83.886,106830000,1
1528183080000,1528183139000,83.885,83.895,83.883,83.89,74530000,1
1528183140000,1528183199000,83.891,83.893,83.877,83.887,124910000,1
1528183200000,1528183259000,83.886,83.902,83.885,83.896,85430000,1
1528183260000,1528183319000,83.897,83.91,83.896,83.897,87090000,1
1528183320000,1528183379000,83.896,83.911,83.896,83.91,108500000,1
1528183380000,1528183439000,83.91,83.91,83.888,83.891,101130000,1
1528183440000,1528183499000,83.89,83.891,83.874,83.888,110070000,1
1528183500000,1528183559000,83.889,83.913,83.889,83.908,137480000,1
1528183560000,1528183619000,83.907,83.915,83.889,83.893,158300000,1
1528183620000,1528183679000,83.893,83.903,83.893,83.897,81890000,1
1528183680000,1528183739000,83.898,83.919,83.896,83.916,139550000,1
1528183740000,1528183799000,83.915,83.915,83.879,83.885,126970000,1
1528183800000,1528183859000,83.887,83.909,83.887,83.907,140210000,1
1528183860000,1528183919000,83.909,83.91,83.891,83.898,101790000,1
1528183920000,1528183979000,83.899,83.936,83.897,83.933,111360000,1
1528183980000,1528184039000,83.931,83.962,83.925,83.96,101450000,1
1528184040000,1528184099000,83.959,83.965,83.945,83.945,169390000,1
1528184100000,1528184159000,83.945,83.953,83.939,83.946,156130000,1
1528184160000,1528184219000,83.947,83.978,83.947,83.963,131890000,1
1528184220000,1528184279000,83.962,83.964,83.945,83.96,103820000,1
1528184280000,1528184339000,83.959,83.97,83.958,83.965,106000000,1
1528184340000,1528184399000,83.965,83.965,83.943,83.952,147580000,1
1528184400000,1528184459000,83.951,83.963,83.947,83.953,119210000,1
1528184460000,1528184519000,83.955,83.978,83.955,83.973,90890000,1
1528184520000,1528184579000,83.971,83.973,83.95,83.973,138310000,1
1528184580000,1528184639000,83.972,83.982,83.971,83.98,80000000,1
1528184640000,1528184699000,83.979,83.982,83.974,83.976,89560000,1
1528184700000,1528184759000,83.976,84.0,83.974,83.998,97660000,1
1528184760000,1528184819000,83.999,84.014,83.993,83.995,150940000,1
1528184820000,1528184879000,83.995,84.01,83.987,84.005,142710000,1
1528184880000,1528184939000,84.005,84.005,83.977,83.977,125620000,1
1528184940000,1528184999000,83.978,83.981,83.966,83.981,155620000,1
1528185000000,1528185059000,83.981,83.996,83.981,83.992,98810000,1
1528185060000,1528185119000,83.991,84.008,83.989,84.005,108970000,1
1528185120000,1528185179000,84.005,84.011,83.982,83.983,110720000,1
1528185180000,1528185239000,83.981,83.989,83.979,83.982,106380000,1
1528185240000,1528185299000,83.982,83.987,83.97,83.985,138820000,1
1528185300000,1528185359000,83.987,83.988,83.963,83.965,148290000,1
1528185360000,1528185419000,83.964,83.972,83.955,83.969,117680000,1
1528185420000,1528185479000,83.967,83.968,83.928,83.929,114430000,1
1528185480000,1528185539000,83.928,83.928,83.898,83.91,129740000,1
1528185540000,1528185599000,83.91,83.923,83.901,83.906,96590000,1
1528185600000,1528185659000,83.907,83.924,83.9,83.9,128570000,1
1528185660000,1528185719000,83.899,83.913,83.889,83.889,110030000,1
1528185720000,1528185779000,83.89,83.9,83.877,83.877,151200000,1
1528185780000,1528185839000,83.877,83.882,83.871,83.872,128800000,1
1528185840000,1528185899000,83.873,83.873,83.861,83.867,167130000,1
1528185900000,1528185959000,83.867,83.887,83.867,83.885,112290000,1
1528185960000,1528186019000,83.885,83.885,83.863,83.871,141850000,1
1528186020000,1528186079000,83.869,83.876,83.865,83.865,80970000,1
1528186080000,1528186139000,83.865,83.887,83.864,83.886,84870000,1
1528186140000,1528186199000,83.887,83.895,83.884,83.894,106410000,1
1528186200000,1528186259000,83.899,83.954,83.899,83.925,216560000,1
1528186260000,1528186319000,83.924,83.928,83.907,83.926,140910000,1
1528186320000,1528186379000,83.928,83.934,83.914,83.924,173120000,1
1528186380000,1528186439000,83.924,83.929,83.903,83.903,122520000,1
1528186440000,1528186499000,83.905,83.908,83.877,83.883,97380000,1
1528186500000,1528186559000,83.882,83.883,83.87,83.871,57370000,1
1528186560000,1528186619000,83.872,83.883,83.866,83.883,106810000,1
1528186620000,1528186679000,83.884,83.892,83.879,83.892,41220000,1
1528186680000,1528186739000,83.892,83.894,83.875,83.885,175040000,1
1528186740000,1528186799000,83.887,83.894,83.885,83.887,116140000,1
1528186800000,1528186859000,83.888,83.9,83.885,83.891,92170000,1
1528186860000,1528186919000,83.891,83.893,83.872,83.875,123270000,1
1528186920000,1528186979000,83.874,83.887,83.874,83.88,119350000,1
1528186980000,1528187039000,83.88,83.888,83.878,83.878,76860000,1
1528187040000,1528187099000,83.878,83.879,83.857,83.866,115320000,1
1528187100000,1528187159000,83.865,83.869,83.863,83.867,72330000,1
1528187160000,1528187219000,83.869,83.874,83.863,83.872,115480000,1
1528187220000,1528187279000,83.872,83.876,83.868,83.868,76980000,1
1528187280000,1528187339000,83.868,83.868,83.856,83.867,108170000,1
1528187340000,1528187399000,83.868,83.891,83.868,83.883,81460000,1
1528187400000,1528187459000,83.883,83.893,83.856,83.862,199270000,1
1528187460000,1528187519000,83.865,83.878,83.855,83.877,120440000,1
1528187520000,1528187579000,83.877,83.879,83.862,83.867,142140000,1
1528187580000,1528187639000,83.868,83.879,83.865,83.873,149890000,1
1528187640000,1528187699000,83.873,83.879,83.866,83.878,178560000,1
1528187700000,1528187759000,83.877,83.887,83.875,83.878,157080000,1
1528187760000,1528187819000,83.875,83.875,83.858,83.863,133420000,1
1528187820000,1528187879000,83.863,83.876,83.863,83.874,119670000,1
1528187880000,1528187939000,83.873,83.874,83.861,83.861,105760000,1
1528187940000,1528187999000,83.86,83.883,83.86,83.881,92320000,1
1528188000000,1528188059000,83.88,83.88,83.858,83.858,145410000,1
1528188060000,1528188119000,83.855,83.864,83.852,83.863,102560000,1
1528188120000,1528188179000,83.862,83.862,83.851,83.856,73100000,1
1528188180000,1528188239000,83.855,83.867,83.855,83.856,140010000,1
1528188240000,1528188299000,83.857,83.88,83.856,83.863,134070000,1
1528188300000,1528188359000,83.862,83.862,83.844,83.844,122770000,1
1528188360000,1528188419000,83.844,83.845,83.83,83.839,79550000,1
1528188420000,1528188479000,83.839,83.842,83.802,83.804,113980000,1
1528188480000,1528188539000,83.804,83.809,83.784,83.793,131510000,1
1528188540000,1528188599000,83.796,83.803,83.783,83.792,144340000,1
1528188600000,1528188659000,83.788,83.796,83.783,83.784,116540000,1
1528188660000,1528188719000,83.785,83.791,83.775,83.775,111160000,1
1528188720000,1528188779000,83.776,83.777,83.762,83.769,109510000,1
1528188780000,1528188839000,83.769,83.769,83.75,83.769,98970000,1
1528188840000,1528188899000,83.769,83.769,83.75,83.766,139170000,1
1528188900000,1528188959000,83.767,83.783,83.761,83.783,111650000,1
1528188960000,1528189019000,83.783,83.788,83.778,83.784,118610000,1
1528189020000,1528189079000,83.782,83.784,83.757,83.758,95310000,1
1528189080000,1528189139000,83.76,83.766,83.758,83.759,85170000,1
1528189140000,1528189199000,83.758,83.772,83.753,83.762,91610000,1
1528189200000,1528189259000,83.762,83.767,83.726,83.731,167820000,1
1528189260000,1528189319000,83.733,83.746,83.728,83.728,85750000,1
1528189320000,1528189379000,83.729,83.74,83.729,83.734,63950000,1
1528189380000,1528189439000,83.733,83.745,83.723,83.745,77200000,1
1528189440000,1528189499000,83.745,83.781,83.743,83.781,107190000,1
1528189500000,1528189559000,83.782,83.788,83.775,83.776,77830000,1
1528189560000,1528189619000,83.777,83.784,83.777,83.779,106630000,1
1528189620000,1528189679000,83.781,83.794,83.779,83.79,84080000,1
1528189680000,1528189739000,83.792,83.826,83.792,83.824,123050000,1
1528189740000,1528189799000,83.825,83.827,83.814,83.815,147960000,1
1528189800000,1528189859000,83.816,83.82,83.803,83.804,119070000,1
1528189860000,1528189919000,83.794,83.798,83.781,83.782,140760000,1
1528189920000,1528189979000,83.784,83.786,83.771,83.773,75000000,1
1528189980000,1528190039000,83.773,83.797,83.773,83.797,97790000,1
1528190040000,1528190099000,83.797,83.803,83.788,83.799,110600000,1
1528190100000,1528190159000,83.799,83.811,83.795,83.795,106580000,1
1528190160000,1528190219000,83.794,83.801,83.78,83.781,84230000,1
1528190220000,1528190279000,83.78,83.795,83.779,83.789,91270000,1
1528190280000,1528190339000,83.787,83.791,83.782,83.79,84650000,1
1528190340000,1528190399000,83.795,83.804,83.791,83.801,77900000,1
1528190400000,1528190459000,83.802,83.804,83.786,83.786,66620000,1
1528190460000,1528190519000,83.787,83.787,83.777,83.779,69920000,1
1528190520000,1528190579000,83.778,83.779,83.761,83.761,63430000,1
1528190580000,1528190639000,83.76,83.76,83.747,83.747,62670000,1
1528190640000,1528190699000,83.746,83.746,83.73,83.737,80280000,1
1528190700000,1528190759000,83.738,83.751,83.738,83.749,83500000,1
1528190760000,1528190819000,83.749,83.756,83.742,83.756,116070000,1
1528190820000,1528190879000,83.758,83.766,83.748,83.748,113380000,1
1528190880000,1528190939000,83.748,83.768,83.747,83.766,80610000,1
1528190940000,1528190999000,83.764,83.768,83.754,83.754,78520000,1
1528191000000,1528191059000,83.755,83.757,83.726,83.726,131820000,1
1528191060000,1528191119000,83.727,83.738,83.718,83.738,149750000,1
1528191120000,1528191179000,83.736,83.736,83.711,83.724,148140000,1
1528191180000,1528191239000,83.725,83.729,83.712,83.714,117670000,1
1528191240000,1528191299000,83.714,83.721,83.704,83.704,82850000,1
1528191300000,1528191359000,83.706,83.754,83.706,83.739,121610000,1
1528191360000,1528191419000,83.739,83.746,83.733,83.744,102310000,1
1528191420000,1528191479000,83.744,83.751,83.74,83.744,84720000,1
1528191480000,1528191539000,83.746,83.782,83.745,83.779,139240000,1
1528191540000,1528191599000,83.779,83.779,83.75,83.75,132750000,1
1528191600000,1528191659000,83.749,83.752,83.732,83.752,135330000,1
1528191660000,1528191719000,83.752,83.755,83.738,83.738,120450000,1
1528191720000,1528191779000,83.737,83.737,83.707,83.723,126150000,1
1528191780000,1528191839000,83.723,83.723,83.713,83.713,111990000,1
1528191840000,1528191899000,83.717,83.734,83.715,83.715,139840000,1
1528191900000,1528191959000,83.715,83.72,83.706,83.708,110060000,1
1528191960000,1528192019000,83.706,83.72,83.694,83.719,133120000,1
1528192020000,1528192079000,83.719,83.741,83.718,83.74,146650000,1
1528192080000,1528192139000,83.738,83.745,83.73,83.742,107090000,1
1528192140000,1528192199000,83.74,83.742,83.728,83.732,109050000,1
1528192200000,1528192259000,83.73,83.73,83.712,83.713,120180000,1
1528192260000,1528192319000,83.713,83.731,83.711,83.729,119340000,1
1528192320000,1528192379000,83.727,83.75,83.726,83.741,122470000,1
1528192380000,1528192439000,83.742,83.762,83.742,83.755,105850000,1
1528192440000,1528192499000,83.755,83.762,83.747,83.757,105740000,1
1528192500000,1528192559000,83.756,83.766,83.747,83.751,115920000,1
1528192560000,1528192619000,83.752,83.757,83.747,83.751,98010000,1
1528192620000,1528192679000,83.751,83.776,83.751,83.759,125730000,1
1528192680000,1528192739000,83.759,83.764,83.746,83.747,106180000,1
1528192740000,1528192799000,83.747,83.751,83.739,83.749,106130000,1
1528192800000,1528192859000,83.748,83.748,83.708,83.721,124650000,1
1528192860000,1528192919000,83.722,83.722,83.696,83.698,118260000,1
1528192920000,1528192979000,83.699,83.723,83.698,83.723,71660000,1
1528192980000,1528193039000,83.724,83.725,83.71,83.71,90070000,1
1528193040000,1528193099000,83.71,83.723,83.709,83.709,133630000,1
1528193100000,1528193159000,83.708,83.72,83.703,83.708,99220000,1
1528193160000,1528193219000,83.707,83.707,83.691,83.693,51240000,1
1528193220000,1528193279000,83.694,83.694,83.675,83.677,126970000,1
1528193280000,1528193339000,83.677,83.695,83.677,83.693,139610000,1
1528193340000,1528193399000,83.693,83.696,83.685,83.689,81240000,1
1528193400000,1528193459000,83.689,83.698,83.668,83.668,81160000,1
1528193460000,1528193519000,83.668,83.682,83.666,83.676,67480000,1
1528193520000,1528193579000,83.676,83.678,83.659,83.66,90100000,1
1528193580000,1528193639000,83.66,83.66,83.633,83.634,92400000,1
1528193640000,1528193699000,83.634,83.639,83.627,83.638,108340000,1
1528193700000,1528193759000,83.637,83.638,83.601,83.601,166170000,1
1528193760000,1528193819000,83.601,83.614,83.601,83.607,96370000,1
1528193820000,1528193879000,83.608,83.611,83.597,83.609,66690000,1
1528193880000,1528193939000,83.609,83.611,83.605,83.61,79360000,1
1528193940000,1528193999000,83.609,83.622,83.608,83.619,72420000,1
1528194000000,1528194059000,83.619,83.627,83.61,83.618,119320000,1
1528194060000,1528194119000,83.618,83.618,83.613,83.616,47920000,1
1528194120000,1528194179000,83.615,83.631,83.615,83.627,50050000,1
1528194180000,1528194239000,83.626,83.627,83.62,83.624,70720000,1
1528194240000,1528194299000,83.624,83.637,83.619,83.631,97950000,1
1528194300000,1528194359000,83.632,83.646,83.631,83.646,100960000,1
1528194360000,1528194419000,83.645,83.676,83.645,83.658,169510000,1
1528194420000,1528194479000,83.658,83.665,83.647,83.664,143180000,1
1528194480000,1528194539000,83.664,83.67,83.663,83.663,118160000,1
1528194540000,1528194599000,83.662,83.668,83.659,83.662,149470000,1
1528194600000,1528194659000,83.661,83.661,83.633,83.634,158080000,1
1528194660000,1528194719000,83.629,83.633,83.614,83.631,202840000,1
1528194720000,1528194779000,83.632,83.632,83.614,83.622,191690000,1
1528194780000,1528194839000,83.622,83.628,83.611,83.623,160680000,1
1528194840000,1528194899000,83.623,83.638,83.623,83.638,175490000,1
1528194900000,1528194959000,83.639,83.642,83.631,83.642,177540000,1
1528194960000,1528195019000,83.64,83.658,83.637,83.658,150130000,1
1528195020000,1528195079000,83.659,83.673,83.659,83.668,83620000,1
1528195080000,1528195139000,83.669,83.681,83.66,83.679,160390000,1
1528195140000,1528195199000,83.678,83.681,83.675,83.676,116470000,1
1528195200000,1528195259000,83.675,83.675,83.649,83.654,145860000,1
1528195260000,1528195319000,83.654,83.677,83.654,83.676,86010000,1
1528195320000,1528195379000,83.676,83.684,83.674,83.677,99000000,1
1528195380000,1528195439000,83.676,83.681,83.665,83.665,108060000,1
1528195440000,1528195499000,83.664,83.677,83.66,83.677,85180000,1
1528195500000,1528195559000,83.676,83.688,83.673,83.674,87420000,1
1528195560000,1528195619000,83.672,83.682,83.67,83.675,108110000,1
1528195620000,1528195679000,83.675,83.675,83.665,83.665,82780000,1
1528195680000,1528195739000,83.664,83.664,83.659,83.663,69710000,1
1528195740000,1528195799000,83.662,83.663,83.646,83.646,71790000,1
1528195800000,1528195859000,83.646,83.671,83.646,83.671,112370000,1
1528195860000,1528195919000,83.672,83.672,83.657,83.662,74570000,1
1528195920000,1528195979000,83.662,83.663,83.646,83.659,180530000,1
1528195980000,1528196039000,83.66,83.666,83.651,83.658,84070000,1
1528196040000,1528196099000,83.658,83.662,83.655,83.656,98790000,1
1528196100000,1528196159000,83.654,83.664,83.652,83.657,133520000,1
1528196160000,1528196219000,83.657,83.657,83.647,83.651,118550000,1
1528196220000,1528196279000,83.652,83.652,83.639,83.641,129510000,1
1528196280000,1528196339000,83.645,83.649,83.625,83.637,188800000,1
1528196340000,1528196399000,83.637,83.665,83.637,83.659,173110000,1
1528196400000,1528196459000,83.658,83.662,83.621,83.623,127480000,1
1528196460000,1528196519000,83.621,83.621,83.596,83.608,141930000,1
1528196520000,1528196579000,83.607,83.678,83.607,83.666,175420000,1
1528196580000,1528196639000,83.665,83.689,83.661,83.677,148310000,1
1528196640000,1528196699000,83.678,83.678,83.657,83.666,93890000,1
1528196700000,1528196759000,83.665,83.665,83.652,83.652,105260000,1
1528196760000,1528196819000,83.652,83.665,83.65,83.654,150640000,1
1528196820000,1528196879000,83.654,83.655,83.65,83.65,57260000,1
1528196880000,1528196939000,83.65,83.657,83.65,83.653,59120000,1
1528196940000,1528196999000,83.653,83.662,83.652,83.661,54370000,1
1528197000000,1528197059000,83.661,83.68,83.661,83.674,64150000,1
1528197060000,1528197119000,83.673,83.673,83.661,83.661,77200000,1
1528197120000,1528197179000,83.661,83.661,83.658,83.659,67360000,1
1528197180000,1528197239000,83.658,83.66,83.657,83.659,53130000,1
1528197240000,1528197299000,83.659,83.66,83.638,83.638,85780000,1
1528197300000,1528197359000,83.639,83.648,83.635,83.647,119730000,1
1528197360000,1528197419000,83.648,83.653,83.647,83.652,87770000,1
1528197420000,1528197479000,83.653,83.655,83.646,83.649,55480000,1
1528197480000,1528197539000,83.647,83.648,83.643,83.645,63540000,1
1528197540000,1528197599000,83.645,83.646,83.613,83.616,129470000,1
1528197600000,1528197659000,83.617,83.617,83.604,83.611,120270000,1
1528197660000,1528197719000,83.611,83.617,83.602,83.602,89850000,1
1528197720000,1528197779000,83.602,83.606,83.597,83.597,94700000,1
1528197780000,1528197839000,83.597,83.597,83.564,83.564,116260000,1
1528197840000,1528197899000,83.565,83.592,83.565,83.586,95330000,1
1528197900000,1528197959000,83.586,83.594,83.584,83.592,75690000,1
1528197960000,1528198019000,83.592,83.601,83.583,83.584,98400000,1
1528198020000,1528198079000,83.583,83.598,83.576,83.598,115200000,1
1528198080000,1528198139000,83.597,83.597,83.576,83.577,93440000,1
1528198140000,1528198199000,83.576,83.602,83.574,83.599,91480000,1
1528198200000,1528198259000,83.599,83.61,83.585,83.598,110770000,1
1528198260000,1528198319000,83.597,83.605,83.592,83.592,89220000,1
1528198320000,1528198379000,83.592,83.592,83.582,83.583,73650000,1
1528198380000,1528198439000,83.582,83.589,83.571,83.586,78130000,1
1528198440000,1528198499000,83.591,83.606,83.589,83.602,97430000,1
1528198500000,1528198559000,83.601,83.603,83.592,83.598,84310000,1
1528198560000,1528198619000,83.597,83.611,83.594,83.611,86780000,1
1528198620000,1528198679000,83.611,83.614,83.603,83.604,96010000,1
1528198680000,1528198739000,83.604,83.614,83.603,83.614,67540000,1
1528198740000,1528198799000,83.614,83.614,83.607,83.608,88710000,1
1528198800000,1528198859000,83.609,83.613,83.601,83.611,145850000,1
1528198860000,1528198919000,83.611,83.636,83.611,83.636,78260000,1
1528198920000,1528198979000,83.633,83.635,83.622,83.623,80690000,1
1528198980000,1528199039000,83.624,83.632,83.623,83.624,119170000,1
1528199040000,1528199099000,83.623,83.631,83.619,83.619,110390000,1
1528199100000,1528199159000,83.618,83.619,83.607,83.61,49750000,1
1528199160000,1528199219000,83.61,83.614,83.599,83.613,81940000,1
1528199220000,1528199279000,83.615,83.615,83.604,83.608,71730000,1
1528199280000,1528199339000,83.607,83.609,83.589,83.589,73750000,1
1528199340000,1528199399000,83.589,83.614,83.589,83.613,106400000,1
1528199400000,1528199459000,83.612,83.612,83.59,83.59,129990000,1
1528199460000,1528199519000,83.589,83.589,83.565,83.566,111130000,1
1528199520000,1528199579000,83.566,83.578,83.563,83.578,98400000,1
1528199580000,1528199639000,83.579,83.584,83.574,83.579,101120000,1
1528199640000,1528199699000,83.578,83.602,83.578,83.596,80030000,1
1528199700000,1528199759000,83.596,83.596,83.577,83.579,113000000,1
1528199760000,1528199819000,83.578,83.581,83.575,83.577,70700000,1
1528199820000,1528199879000,83.576,83.58,83.567,83.568,74730000,1
1528199880000,1528199939000,83.567,83.573,83.565,83.568,39380000,1
1528199940000,1528199999000,83.568,83.602,83.568,83.595,59550000,1
1528200000000,1528200059000,83.594,83.595,83.56,83.56,122930000,1
1528200060000,1528200119000,83.562,83.575,83.553,83.575,154320000,1
1528200120000,1528200179000,83.575,83.575,83.549,83.549,137830000,1
1528200180000,1528200239000,83.55,83.574,83.549,83.574,107040000,1
1528200240000,1528200299000,83.572,83.579,83.529,83.573,284800000,1
1528200300000,1528200359000,83.574,83.642,83.574,83.605,287400000,1
1528200360000,1528200419000,83.604,83.605,83.578,83.593,189360000,1
1528200420000,1528200479000,83.594,83.597,83.556,83.561,178380000,1
1528200480000,1528200539000,83.56,83.573,83.55,83.56,173650000,1
1528200540000,1528200599000,83.56,83.562,83.526,83.527,189550000,1
1528200600000,1528200659000,83.529,83.533,83.509,83.533,179020000,1
1528200660000,1528200719000,83.532,83.535,83.5,83.508,158220000,1
1528200720000,1528200779000,83.511,83.524,83.508,83.512,157890000,1
1528200780000,1528200839000,83.509,83.528,83.503,83.521,137230000,1
1528200840000,1528200899000,83.523,83.528,83.517,83.517,139840000,1
1528200900000,1528200959000,83.518,83.521,83.5,83.502,201490000,1
1528200960000,1528201019000,83.503,83.506,83.477,83.492,214040000,1
1528201020000,1528201079000,83.493,83.505,83.482,83.491,184240000,1
1528201080000,1528201139000,83.492,83.503,83.483,83.496,214090000,1
1528201140000,1528201199000,83.493,83.497,83.478,83.483,242570000,1
1528201200000,1528201259000,83.485,83.49,83.472,83.487,123780000,1
1528201260000,1528201319000,83.487,83.496,83.48,83.485,157620000,1
1528201320000,1528201379000,83.484,83.487,83.474,83.475,125490000,1
1528201380000,1528201439000,83.475,83.477,83.454,83.463,160180000,1
1528201440000,1528201499000,83.466,83.474,83.461,83.463,103880000,1
1528201500000,1528201559000,83.463,83.463,83.431,83.444,158810000,1
1528201560000,1528201619000,83.444,83.456,83.444,83.451,138650000,1
1528201620000,1528201679000,83.452,83.47,83.446,83.459,154530000,1
1528201680000,1528201739000,83.46,83.485,83.453,83.464,131820000,1
1528201740000,1528201799000,83.464,83.502,83.464,83.489,191700000,1
1528201800000,1528201859000,83.49,83.514,83.486,83.494,137550000,1
1528201860000,1528201919000,83.495,83.496,83.477,83.487,176510000,1
1528201920000,1528201979000,83.485,83.503,83.485,83.492,134580000,1
1528201980000,1528202039000,83.491,83.525,83.491,83.525,144830000,1
1528202040000,1528202099000,83.524,83.524,83.505,83.51,148950000,1
1528202100000,1528202159000,83.51,83.51,83.482,83.505,146030000,1
1528202160000,1528202219000,83.506,83.512,83.5,83.508,99360000,1
1528202220000,1528202279000,83.51,83.511,83.493,83.501,129410000,1
1528202280000,1528202339000,83.5,83.515,83.489,83.515,194180000,1
1528202340000,1528202399000,83.516,83.521,83.497,83.499,141910000,1
1528202400000,1528202459000,83.498,83.506,83.495,83.502,96430000,1
1528202460000,1528202519000,83.501,83.503,83.489,83.503,175120000,1
1528202520000,1528202579000,83.503,83.522,83.5,83.519,188290000,1
1528202580000,1528202639000,83.52,83.548,83.519,83.542,164100000,1
1528202640000,1528202699000,83.543,83.553,83.54,83.545,114220000,1
1528202700000,1528202759000,83.545,83.552,83.537,83.539,147070000,1
1528202760000,1528202819000,83.538,83.539,83.518,83.519,161680000,1
1528202820000,1528202879000,83.521,83.524,83.514,83.517,104140000,1
1528202880000,1528202939000,83.516,83.528,83.515,83.516,109490000,1
1528202940000,1528202999000,83.519,83.533,83.514,83.522,121810000,1
1528203000000,1528203059000,83.523,83.523,83.501,83.513,157520000,1
1528203060000,1528203119000,83.512,83.527,83.51,83.526,149260000,1
1528203120000,1528203179000,83.527,83.532,83.518,83.526,183320000,1
1528203180000,1528203239000,83.526,83.533,83.518,83.525,146910000,1
1528203240000,1528203299000,83.526,83.531,83.513,83.53,175180000,1
1528203300000,1528203359000,83.53,83.537,83.519,83.536,114220000,1
1528203360000,1528203419000,83.536,83.543,83.533,83.534,129780000,1
1528203420000,1528203479000,83.534,83.537,83.518,83.525,146380000,1
1528203480000,1528203539000,83.525,83.535,83.524,83.533,127670000,1
1528203540000,1528203599000,83.532,83.534,83.49,83.5,189210000,1
1528203600000,1528203659000,83.502,83.504,83.467,83.491,199390000,1
1528203660000,1528203719000,83.492,83.501,83.468,83.473,211220000,1
1528203720000,1528203779000,83.473,83.477,83.444,83.459,212310000,1
1528203780000,1528203839000,83.458,83.463,83.439,83.462,267160000,1
1528203840000,1528203899000,83.464,83.479,83.459,83.479,172260000,1
1528203900000,1528203959000,83.478,83.501,83.478,83.49,186700000,1
1528203960000,1528204019000,83.49,83.498,83.472,83.475,224710000,1
1528204020000,1528204079000,83.475,83.494,83.466,83.466,144290000,1
1528204080000,1528204139000,83.466,83.471,83.443,83.471,168230000,1
1528204140000,1528204199000,83.47,83.473,83.453,83.453,143220000,1
1528204200000,1528204259000,83.453,83.475,83.449,83.46,155190000,1
1528204260000,1528204319000,83.462,83.499,83.461,83.49,175910000,1
1528204320000,1528204379000,83.491,83.506,83.489,83.501,192090000,1
1528204380000,1528204439000,83.503,83.527,83.499,83.524,111040000,1
1528204440000,1528204499000,83.525,83.532,83.507,83.52,205760000,1
1528204500000,1528204559000,83.521,83.522,83.481,83.483,199830000,1
1528204560000,1528204619000,83.484,83.519,83.484,83.515,125090000,1
1528204620000,1528204679000,83.517,83.517,83.503,83.507,169040000,1
1528204680000,1528204739000,83.506,83.508,83.493,83.499,130150000,1
1528204740000,1528204799000,83.498,83.505,83.495,83.497,138460000,1
1528204800000,1528204859000,83.496,83.513,83.494,83.505,120050000,1
1528204860000,1528204919000,83.505,83.511,83.491,83.491,100590000,1
1528204920000,1528204979000,83.492,83.5,83.491,83.495,75700000,1
1528204980000,1528205039000,83.494,83.497,83.478,83.484,156690000,1
1528205040000,1528205099000,83.482,83.494,83.481,83.492,150570000,1
1528205100000,1528205159000,83.492,83.496,83.484,83.493,100310000,1
1528205160000,1528205219000,83.493,83.5,83.491,83.498,61190000,1
1528205220000,1528205279000,83.497,83.499,83.486,83.492,86920000,1
1528205280000,1528205339000,83.491,83.504,83.491,83.5,127990000,1
1528205340000,1528205399000,83.498,83.507,83.498,83.503,104230000,1
1528205400000,1528205459000,83.505,83.512,83.492,83.501,165650000,1
1528205460000,1528205519000,83.501,83.511,83.49,83.506,169170000,1
1528205520000,1528205579000,83.505,83.512,83.479,83.48,153880000,1
1528205580000,1528205639000,83.479,83.504,83.477,83.499,219690000,1
1528205640000,1528205699000,83.497,83.497,83.479,83.491,227370000,1
1528205700000,1528205759000,83.49,83.492,83.481,83.49,151610000,1
1528205760000,1528205819000,83.49,83.49,83.473,83.473,171190000,1
1528205820000,1528205879000,83.473,83.485,83.473,83.482,117270000,1
1528205880000,1528205939000,83.479,83.483,83.473,83.479,174360000,1
1528205940000,1528205999000,83.479,83.498,83.473,83.477,158310000,1
1528206000000,1528206059000,83.476,83.48,83.458,83.459,171750000,1
1528206060000,1528206119000,83.459,83.471,83.446,83.456,148300000,1
1528206120000,1528206179000,83.458,83.486,83.457,83.48,142320000,1
1528206180000,1528206239000,83.48,83.482,83.462,83.462,100870000,1
1528206240000,1528206299000,83.462,83.49,83.457,83.477,166520000,1
1528206300000,1528206359000,83.48,83.482,83.455,83.457,159300000,1
1528206360000,1528206419000,83.458,83.478,83.457,83.472,169480000,1
1528206420000,1528206479000,83.473,83.48,83.453,83.457,168260000,1
1528206480000,1528206539000,83.457,83.459,83.446,83.458,166700000,1
1528206540000,1528206599000,83.457,83.463,83.454,83.458,137780000,1
1528206600000,1528206659000,83.458,83.477,83.452,83.452,183880000,1
1528206660000,1528206719000,83.452,83.453,83.433,83.436,144740000,1
1528206720000,1528206779000,83.434,83.462,83.432,83.46,220450000,1
1528206780000,1528206839000,83.463,83.467,83.446,83.463,118540000,1
1528206840000,1528206899000,83.464,83.471,83.461,83.468,88070000,1
1528206900000,1528206959000,83.466,83.466,83.446,83.447,213950000,1
1528206960000,1528207019000,83.446,83.453,83.431,83.431,129980000,1
1528207020000,1528207079000,83.432,83.44,83.429,83.44,78730000,1
1528207080000,1528207139000,83.441,83.455,83.441,83.452,65240000,1
1528207140000,1528207199000,83.451,83.473,83.446,83.446,167640000,1
1528207200000,1528207259000,83.458,83.472,83.433,83.466,253490000,1
1528207260000,1528207319000,83.466,83.469,83.433,83.453,184160000,1
1528207320000,1528207379000,83.453,83.494,83.452,83.476,189040000,1
1528207380000,1528207439000,83.475,83.479,83.458,83.466,230730000,1
1528207440000,1528207499000,83.466,83.487,83.455,83.462,304550000,1
1528207500000,1528207559000,83.464,83.468,83.44,83.443,244160000,1
1528207560000,1528207619000,83.443,83.445,83.429,83.439,248820000,1
1528207620000,1528207679000,83.441,83.487,83.441,83.485,226530000,1
1528207680000,1528207739000,83.485,83.492,83.471,83.481,145480000,1
1528207740000,1528207799000,83.481,83.482,83.468,83.47,102410000,1
1528207800000,1528207859000,83.47,83.483,83.468,83.473,120140000,1
1528207860000,1528207919000,83.473,83.48,83.467,83.479,142290000,1
1528207920000,1528207979000,83.479,83.488,83.464,83.466,166100000,1
1528207980000,1528208039000,83.467,83.468,83.431,83.432,236270000,1
1528208040000,1528208099000,83.431,83.46,83.424,83.46,218830000,1
1528208100000,1528208159000,83.461,83.467,83.446,83.446,161590000,1
1528208160000,1528208219000,83.447,83.456,83.435,83.435,162350000,1
1528208220000,1528208279000,83.435,83.437,83.426,83.433,146730000,1
1528208280000,1528208339000,83.433,83.443,83.426,83.43,137780000,1
1528208340000,1528208399000,83.43,83.441,83.422,83.434,164270000,1
1528208400000,1528208459000,83.432,83.434,83.426,83.429,124890000,1
1528208460000,1528208519000,83.428,83.44,83.416,83.436,140870000,1
1528208520000,1528208579000,83.435,83.442,83.426,83.431,177210000,1
1528208580000,1528208639000,83.431,83.449,83.431,83.443,141110000,1
1528208640000,1528208699000,83.443,83.444,83.425,83.43,143320000,1
1528208700000,1528208759000,83.428,83.44,83.407,83.438,198580000,1
1528208760000,1528208819000,83.436,83.461,83.433,83.448,181970000,1
1528208820000,1528208879000,83.446,83.455,83.436,83.44,165290000,1
1528208880000,1528208939000,83.439,83.464,83.438,83.448,113520000,1
1528208940000,1528208999000,83.45,83.489,83.45,83.488,107260000,1
1528209000000,1528209059000,83.489,83.498,83.482,83.483,152230000,1
1528209060000,1528209119000,83.484,83.487,83.478,83.482,110860000,1
1528209120000,1528209179000,83.481,83.506,83.479,83.506,154730000,1
1528209180000,1528209239000,83.508,83.511,83.491,83.491,161490000,1
1528209240000,1528209299000,83.493,83.506,83.492,83.502,181490000,1
1528209300000,1528209359000,83.502,83.502,83.455,83.455,123840000,1
1528209360000,1528209419000,83.456,83.475,83.456,83.472,168330000,1
1528209420000,1528209479000,83.472,83.479,83.457,83.459,156590000,1
1528209480000,1528209539000,83.46,83.466,83.422,83.444,160370000,1
1528209540000,1528209599000,83.447,83.449,83.431,83.449,152710000,1
1528209600000,1528209659000,83.45,83.455,83.438,83.44,203270000,1
1528209660000,1528209719000,83.44,83.456,83.424,83.424,148690000,1
1528209720000,1528209779000,83.425,83.442,83.411,83.44,150680000,1
1528209780000,1528209839000,83.44,83.449,83.435,83.44,165650000,1
1528209840000,1528209899000,83.438,83.487,83.438,83.481,198190000,1
1528209900000,1528209959000,83.484,83.486,83.455,83.462,205030000,1
1528209960000,1528210019000,83.461,83.466,83.449,83.46,153320000,1
1528210020000,1528210079000,83.46,83.466,83.455,83.456,155540000,1
1528210080000,1528210139000,83.457,83.472,83.455,83.47,144550000,1
1528210140000,1528210199000,83.469,83.482,83.459,83.465,145170000,1
1528210200000,1528210259000,83.466,83.479,83.454,83.479,148150000,1
1528210260000,1528210319000,83.481,83.514,83.481,83.514,102170000,1
1528210320000,1528210379000,83.514,83.517,83.48,83.48,217120000,1
1528210380000,1528210439000,83.481,83.485,83.466,83.482,172160000,1
1528210440000,1528210499000,83.484,83.484,83.452,83.456,138350000,1
1528210500000,1528210559000,83.455,83.462,83.441,83.454,150100000,1
1528210560000,1528210619000,83.454,83.481,83.449,83.479,177150000,1
1528210620000,1528210679000,83.478,83.513,83.465,83.512,248120000,1
1528210680000,1528210739000,83.511,83.529,83.504,83.522,252090000,1
1528210740000,1528210799000,83.524,83.528,83.491,83.498,243690000,1
1528210800000,1528210859000,83.5,83.501,83.457,83.464,249130000,1
1528210860000,1528210919000,83.464,83.491,83.453,83.491,206570000,1
1528210920000,1528210979000,83.491,83.492,83.46,83.465,158150000,1
1528210980000,1528211039000,83.465,83.473,83.452,83.459,133420000,1
1528211040000,1528211099000,83.461,83.462,83.44,83.449,175190000,1
1528211100000,1528211159000,83.449,83.454,83.398,83.4,179910000,1
1528211160000,1528211219000,83.399,83.427,83.396,83.399,189880000,1
1528211220000,1528211279000,83.402,83.403,83.384,83.401,218090000,1
1528211280000,1528211339000,83.401,83.411,83.383,83.387,217750000,1
1528211340000,1528211399000,83.389,83.428,83.389,83.417,203310000,1
1528211400000,1528211459000,83.417,83.428,83.404,83.406,261570000,1
1528211460000,1528211519000,83.406,83.406,83.393,83.403,203080000,1
1528211520000,1528211579000,83.403,83.418,83.403,83.407,186670000,1
1528211580000,1528211639000,83.409,83.425,83.403,83.424,201040000,1
1528211640000,1528211699000,83.424,83.439,83.42,83.438,141160000,1
1528211700000,1528211759000,83.438,83.463,83.436,83.461,155690000,1
1528211760000,1528211819000,83.461,83.484,83.461,83.469,137800000,1
1528211820000,1528211879000,83.47,83.47,83.448,83.45,188220000,1
1528211880000,1528211939000,83.452,83.481,83.45,83.474,168050000,1
1528211940000,1528211999000,83.474,83.474,83.46,83.462,152560000,1
1528212000000,1528212059000,83.462,83.474,83.462,83.472,154670000,1
1528212060000,1528212119000,83.472,83.492,83.472,83.481,173490000,1
1528212120000,1528212179000,83.481,83.505,83.475,83.488,189860000,1
1528212180000,1528212239000,83.488,83.488,83.471,83.481,171530000,1
1528212240000,1528212299000,83.481,83.481,83.456,83.456,167500000,1
1528212300000,1528212359000,83.456,83.456,83.434,83.44,137470000,1
1528212360000,1528212419000,83.439,83.459,83.435,83.457,193770000,1
1528212420000,1528212479000,83.458,83.467,83.453,83.464,182300000,1
1528212480000,1528212539000,83.464,83.476,83.463,83.47,111310000,1
1528212540000,1528212599000,83.47,83.482,83.456,83.466,172450000,1
1528212600000,1528212659000,83.466,83.47,83.45,83.458,211800000,1
1528212660000,1528212719000,83.458,83.458,83.434,83.443,150880000,1
1528212720000,1528212779000,83.443,83.464,83.443,83.459,106400000,1
1528212780000,1528212839000,83.459,83.473,83.453,83.472,85050000,1
1528212840000,1528212899000,83.47,83.482,83.463,83.474,153300000,1
1528212900000,1528212959000,83.474,83.474,83.45,83.464,172080000,1
1528212960000,1528213019000,83.463,83.475,83.451,83.453,181380000,1
1528213020000,1528213079000,83.455,83.475,83.451,83.472,164520000,1
1528213080000,1528213139000,83.474,83.487,83.474,83.486,118830000,1
1528213140000,1528213199000,83.486,83.486,83.479,83.479,52200000,1
1528213200000,1528213259000,83.477,83.477,83.457,83.459,127110000,1
1528213260000,1528213319000,83.459,83.459,83.412,83.413,194420000,1
1528213320000,1528213379000,83.413,83.443,83.413,83.428,144390000,1
1528213380000,1528213439000,83.429,83.443,83.426,83.428,164930000,1
1528213440000,1528213499000,83.428,83.429,83.412,83.413,125970000,1
1528213500000,1528213559000,83.413,83.426,83.412,83.417,193380000,1
1528213560000,1528213619000,83.418,83.418,83.402,83.406,102200000,1
1528213620000,1528213679000,83.404,83.416,83.399,83.406,95780000,1
1528213680000,1528213739000,83.406,83.406,83.364,83.369,197440000,1
1528213740000,1528213799000,83.37,83.403,83.37,83.397,195340000,1
1528213800000,1528213859000,83.397,83.404,83.372,83.377,141140000,1
1528213860000,1528213919000,83.377,83.378,83.361,83.369,160390000,1
1528213920000,1528213979000,83.369,83.373,83.367,83.369,120060000,1
1528213980000,1528214039000,83.368,83.368,83.342,83.345,154290000,1
1528214040000,1528214099000,83.347,83.366,83.34,83.361,114980000,1
1528214100000,1528214159000,83.362,83.372,83.358,83.371,110470000,1
1528214160000,1528214219000,83.371,83.388,83.371,83.38,92400000,1
1528214220000,1528214279000,83.382,83.382,83.369,83.374,134620000,1
1528214280000,1528214339000,83.374,83.387,83.374,83.383,105390000,1
1528214340000,1528214399000,83.383,83.394,83.377,83.387,126360000,1
1528214400000,1528214459000,83.387,83.431,83.367,83.431,220140000,1
1528214460000,1528214519000,83.432,83.485,83.422,83.473,363090000,1
1528214520000,1528214579000,83.473,83.478,83.405,83.447,292510000,1
1528214580000,1528214639000,83.449,83.449,83.385,83.396,224810000,1
1528214640000,1528214699000,83.396,83.412,83.385,83.409,230310000,1
1528214700000,1528214759000,83.409,83.427,83.404,83.422,214570000,1
1528214760000,1528214819000,83.421,83.458,83.419,83.443,231370000,1
1528214820000,1528214879000,83.444,83.452,83.434,83.45,242750000,1
1528214880000,1528214939000,83.451,83.474,83.447,83.464,127780000,1
1528214940000,1528214999000,83.464,83.472,83.46,83.47,141760000,1
1528215000000,1528215059000,83.469,83.487,83.468,83.487,146910000,1
1528215060000,1528215119000,83.488,83.529,83.487,83.524,147640000,1
1528215120000,1528215179000,83.524,83.524,83.489,83.5,130650000,1
1528215180000,1528215239000,83.5,83.507,83.495,83.496,371340000,1
1528215240000,1528215299000,83.495,83.517,83.49,83.506,263640000,1
1528215300000,1528215359000,83.506,83.517,83.49,83.496,120980000,1
1528215360000,1528215419000,83.496,83.497,83.475,83.492,168850000,1
1528215420000,1528215479000,83.491,83.493,83.467,83.467,172160000,1
1528215480000,1528215539000,83.464,83.467,83.448,83.467,163620000,1
1528215540000,1528215599000,83.468,83.476,83.455,83.462,140250000,1
1528215600000,1528215659000,83.463,83.495,83.463,83.491,163650000,1
1528215660000,1528215719000,83.491,83.501,83.481,83.484,125660000,1
1528215720000,1528215779000,83.485,83.487,83.45,83.454,150850000,1
1528215780000,1528215839000,83.459,83.459,83.43,83.432,198110000,1
1528215840000,1528215899000,83.433,83.456,83.433,83.436,177090000,1
1528215900000,1528215959000,83.436,83.45,83.435,83.436,148900000,1
1528215960000,1528216019000,83.437,83.457,83.437,83.441,207270000,1
1528216020000,1528216079000,83.443,83.445,83.428,83.442,179090000,1
1528216080000,1528216139000,83.44,83.449,83.438,83.449,144070000,1
1528216140000,1528216199000,83.447,83.455,83.436,83.449,173170000,1
1528216200000,1528216259000,83.45,83.46,83.443,83.453,178160000,1
1528216260000,1528216319000,83.452,83.452,83.414,83.416,229250000,1
1528216320000,1528216379000,83.417,83.446,83.417,83.445,183730000,1
1528216380000,1528216439000,83.445,83.445,83.426,83.434,171890000,1
1528216440000,1528216499000,83.436,83.441,83.43,83.431,168290000,1
1528216500000,1528216559000,83.43,83.449,83.428,83.448,135230000,1
1528216560000,1528216619000,83.447,83.471,83.444,83.469,217110000,1
1528216620000,1528216679000,83.471,83.485,83.464,83.467,197650000,1
1528216680000,1528216739000,83.468,83.475,83.466,83.469,136210000,1
1528216740000,1528216799000,83.47,83.471,83.462,83.466,161760000,1
1528216800000,1528216859000,83.465,83.468,83.463,83.465,132450000,1
1528216860000,1528216919000,83.466,83.469,83.457,83.466,116070000,1
1528216920000,1528216979000,83.467,83.479,83.461,83.477,183110000,1
1528216980000,1528217039000,83.475,83.476,83.453,83.455,142150000,1
1528217040000,1528217099000,83.455,83.464,83.448,83.458,119870000,1
1528217100000,1528217159000,83.458,83.463,83.448,83.45,124820000,1
1528217160000,1528217219000,83.45,83.454,83.448,83.449,92330000,1
1528217220000,1528217279000,83.45,83.455,83.439,83.45,143550000,1
1528217280000,1528217339000,83.45,83.45,83.434,83.438,128640000,1
1528217340000,1528217399000,83.439,83.447,83.437,83.445,136370000,1
1528217400000,1528217459000,83.445,83.458,83.441,83.442,89050000,1
1528217460000,1528217519000,83.442,83.445,83.423,83.429,76710000,1
1528217520000,1528217579000,83.429,83.438,83.42,83.438,99450000,1
1528217580000,1528217639000,83.438,83.456,83.435,83.453,161990000,1
1528217640000,1528217699000,83.45,83.479,83.445,83.475,151170000,1
1528217700000,1528217759000,83.474,83.477,83.459,83.462,161150000,1
1528217760000,1528217819000,83.462,83.471,83.46,83.469,93780000,1
1528217820000,1528217879000,83.469,83.475,83.467,83.474,139460000,1
1528217880000,1528217939000,83.472,83.489,83.467,83.471,150390000,1
1528217940000,1528217999000,83.471,83.475,83.458,83.46,121400000,1
1528218000000,1528218059000,83.461,83.472,83.456,83.464,131760000,1
1528218060000,1528218119000,83.462,83.495,83.462,83.495,164060000,1
1528218120000,1528218179000,83.497,83.529,83.494,83.52,200520000,1
1528218180000,1528218239000,83.522,83.526,83.503,83.506,142570000,1
1528218240000,1528218299000,83.508,83.534,83.508,83.519,95350000,1
1528218300000,1528218359000,83.519,83.523,83.511,83.511,124710000,1
1528218360000,1528218419000,83.51,83.516,83.498,83.502,130530000,1
1528218420000,1528218479000,83.502,83.512,83.499,83.511,141350000,1
1528218480000,1528218539000,83.509,83.553,83.507,83.553,217100000,1
1528218540000,1528218599000,83.554,83.576,83.554,83.575,105340000,1
1528218600000,1528218659000,83.575,83.589,83.567,83.569,123670000,1
1528218660000,1528218719000,83.57,83.571,83.558,83.57,121480000,1
1528218720000,1528218779000,83.57,83.577,83.565,83.567,103050000,1
1528218780000,1528218839000,83.566,83.569,83.542,83.552,123150000,1
1528218840000,1528218899000,83.55,83.568,83.546,83.566,109240000,1
1528218900000,1528218959000,83.566,83.576,83.565,83.573,122490000,1
1528218960000,1528219019000,83.572,83.582,83.563,83.575,144620000,1
1528219020000,1528219079000,83.573,83.578,83.55,83.559,132420000,1
1528219080000,1528219139000,83.561,83.561,83.551,83.558,81610000,1
1528219140000,1528219199000,83.556,83.562,83.544,83.544,127310000,1
1528219200000,1528219259000,83.546,83.552,83.541,83.552,111690000,1
1528219260000,1528219319000,83.549,83.558,83.546,83.552,122540000,1
1528219320000,1528219379000,83.552,83.565,83.542,83.565,144550000,1
1528219380000,1528219439000,83.565,83.591,83.562,83.585,148570000,1
1528219440000,1528219499000,83.586,83.588,83.579,83.579,95800000,1
1528219500000,1528219559000,83.578,83.582,83.572,83.572,120230000,1
1528219560000,1528219619000,83.577,83.583,83.57,83.571,128140000,1
1528219620000,1528219679000,83.576,83.577,83.561,83.565,98070000,1
1528219680000,1528219739000,83.566,83.573,83.562,83.57,64380000,1
1528219740000,1528219799000,83.567,83.581,83.56,83.568,87600000,1
1528219800000,1528219859000,83.568,83.581,83.562,83.562,140890000,1
1528219860000,1528219919000,83.562,83.562,83.534,83.535,94970000,1
1528219920000,1528219979000,83.536,83.539,83.518,83.52,146630000,1
1528219980000,1528220039000,83.52,83.527,83.509,83.509,158300000,1
1528220040000,1528220099000,83.508,83.521,83.508,83.517,148220000,1
1528220100000,1528220159000,83.517,83.525,83.514,83.525,147100000,1
1528220160000,1528220219000,83.526,83.528,83.517,83.517,102060000,1
1528220220000,1528220279000,83.517,83.529,83.514,83.523,86040000,1
1528220280000,1528220339000,83.529,83.546,83.522,83.545,104490000,1
1528220340000,1528220399000,83.544,83.547,83.537,83.537,105250000,1
1528220400000,1528220459000,83.538,83.55,83.535,83.539,95070000,1
1528220460000,1528220519000,83.539,83.541,83.522,83.523,158350000,1
1528220520000,1528220579000,83.522,83.542,83.522,83.537,119780000,1
1528220580000,1528220639000,83.538,83.556,83.536,83.552,166180000,1
1528220640000,1528220699000,83.554,83.555,83.528,83.537,142110000,1
1528220700000,1528220759000,83.536,83.54,83.519,83.523,87130000,1
1528220760000,1528220819000,83.523,83.54,83.522,83.54,79870000,1
1528220820000,1528220879000,83.538,83.546,83.535,83.546,94460000,1
1528220880000,1528220939000,83.545,83.553,83.541,83.541,151670000,1
1528220940000,1528220999000,83.544,83.55,83.542,83.547,84680000,1
1528221000000,1528221059000,83.548,83.555,83.543,83.544,109420000,1
1528221060000,1528221119000,83.545,83.553,83.544,83.545,104090000,1
1528221120000,1528221179000,83.545,83.545,83.531,83.536,106100000,1
1528221180000,1528221239000,83.536,83.542,83.535,83.536,64760000,1
1528221240000,1528221299000,83.535,83.537,83.53,83.537,70130000,1
1528221300000,1528221359000,83.537,83.549,83.534,83.538,94700000,1
1528221360000,1528221419000,83.538,83.547,83.534,83.542,77210000,1
1528221420000,1528221479000,83.542,83.547,83.533,83.545,102790000,1
1528221480000,1528221539000,83.545,83.557,83.545,83.553,116910000,1
1528221540000,1528221599000,83.55,83.556,83.547,83.556,132080000,1
1528221600000,1528221659000,83.555,83.585,83.554,83.584,136620000,1
1528221660000,1528221719000,83.584,83.589,83.564,83.564,98180000,1
1528221720000,1528221779000,83.563,83.567,83.554,83.556,169140000,1
1528221780000,1528221839000,83.557,83.56,83.547,83.547,71020000,1
1528221840000,1528221899000,83.546,83.55,83.542,83.545,103790000,1
1528221900000,1528221959000,83.545,83.545,83.534,83.536,86040000,1
1528221960000,1528222019000,83.536,83.544,83.535,83.535,62230000,1
1528222020000,1528222079000,83.535,83.537,83.516,83.521,104480000,1
1528222080000,1528222139000,83.521,83.522,83.519,83.52,61810000,1
1528222140000,1528222199000,83.52,83.523,83.511,83.52,67810000,1
1528222200000,1528222259000,83.521,83.535,83.521,83.533,79490000,1
1528222260000,1528222319000,83.533,83.533,83.524,83.524,93090000,1
1528222320000,1528222379000,83.525,83.533,83.523,83.533,35410000,1
1528222380000,1528222439000,83.53,83.542,83.527,83.541,127030000,1
1528222440000,1528222499000,83.541,83.543,83.538,83.54,53760000,1
1528222500000,1528222559000,83.542,83.558,83.54,83.551,93110000,1
1528222560000,1528222619000,83.552,83.553,83.543,83.553,60300000,1
1528222620000,1528222679000,83.553,83.553,83.542,83.542,104890000,1
1528222680000,1528222739000,83.542,83.542,83.537,83.537,91010000,1
1528222740000,1528222799000,83.54,83.541,83.54,83.54,55300000,1
1528222800000,1528222859000,83.537,83.541,83.534,83.534,79200000,1
1528222860000,1528222919000,83.534,83.54,83.531,83.533,116880000,1
1528222920000,1528222979000,83.533,83.536,83.529,83.533,84280000,1
1528222980000,1528223039000,83.533,83.541,83.53,83.538,92790000,1
1528223040000,1528223099000,83.536,83.538,83.528,83.538,68260000,1
1528223100000,1528223159000,83.539,83.54,83.527,83.529,67930000,1
1528223160000,1528223219000,83.529,83.53,83.528,83.529,39050000,1
1528223220000,1528223279000,83.529,83.529,83.525,83.525,64740000,1
1528223280000,1528223339000,83.525,83.54,83.524,83.539,106430000,1
1528223340000,1528223399000,83.539,83.549,83.534,83.549,130400000,1
1528223400000,1528223459000,83.549,83.55,83.543,83.548,100760000,1
1528223460000,1528223519000,83.548,83.551,83.541,83.543,39680000,1
1528223520000,1528223579000,83.543,83.548,83.542,83.543,50590000,1
1528223580000,1528223639000,83.543,83.554,83.542,83.551,102270000,1
1528223640000,1528223699000,83.555,83.557,83.547,83.557,55910000,1
1528223700000,1528223759000,83.556,83.56,83.556,83.557,28590000,1
1528223760000,1528223819000,83.558,83.56,83.551,83.551,48620000,1
1528223820000,1528223879000,83.553,83.554,83.549,83.55,38100000,1
1528223880000,1528223939000,83.55,83.557,83.548,83.548,93430000,1
1528223940000,1528223999000,83.548,83.549,83.54,83.54,94900000,1
1528224000000,1528224059000,83.54,83.546,83.538,83.539,91010000,1
1528224060000,1528224119000,83.539,83.552,83.539,83.549,91000000,1
1528224120000,1528224179000,83.55,83.55,83.545,83.546,81460000,1
1528224180000,1528224239000,83.547,83.556,83.547,83.55,55520000,1
1528224240000,1528224299000,83.55,83.55,83.545,83.545,88120000,1
1528224300000,1528224359000,83.544,83.547,83.539,83.54,133290000,1
1528224360000,1528224419000,83.54,83.549,83.539,83.542,119240000,1
1528224420000,1528224479000,83.542,83.554,83.539,83.549,81650000,1
1528224480000,1528224539000,83.549,83.556,83.549,83.552,52840000,1
1528224540000,1528224599000,83.551,83.552,83.551,83.551,83910000,1
1528224600000,1528224659000,83.55,83.55,83.544,83.544,43160000,1
1528224660000,1528224719000,83.544,83.545,83.543,83.543,48120000,1
1528224720000,1528224779000,83.544,83.545,83.544,83.545,47160000,1
1528224780000,1528224839000,83.545,83.551,83.544,83.545,77900000,1
1528224840000,1528224899000,83.545,83.547,83.544,83.545,92260000,1
1528224900000,1528224959000,83.547,83.564,83.547,83.56,98140000,1
1528224960000,1528225019000,83.561,83.571,83.561,83.564,102930000,1
1528225020000,1528225079000,83.563,83.568,83.561,83.561,78910000,1
1528225080000,1528225139000,83.561,83.565,83.555,83.56,96470000,1
1528225140000,1528225199000,83.561,83.578,83.556,83.574,190950000,1
1528225200000,1528225259000,83.573,83.576,83.562,83.562,114870000,1
1528225260000,1528225319000,83.562,83.565,83.552,83.552,122430000,1
1528225320000,1528225379000,83.553,83.556,83.548,83.548,107080000,1
1528225380000,1528225439000,83.548,83.548,83.539,83.546,109200000,1
1528225440000,1528225499000,83.547,83.552,83.546,83.552,55590000,1
1528225500000,1528225559000,83.554,83.558,83.55,83.554,76830000,1
1528225560000,1528225619000,83.555,83.555,83.554,83.554,28310000,1
1528225620000,1528225679000,83.554,83.556,83.549,83.552,51010000,1
1528225680000,1528225739000,83.552,83.552,83.543,83.543,43580000,1
1528225740000,1528225799000,83.543,83.545,83.531,83.531,66620000,1
1528225800000,1528225859000,83.531,83.544,83.531,83.536,40800000,1
1528225860000,1528225919000,83.536,83.536,83.531,83.531,41440000,1
1528225920000,1528225979000,83.53,83.536,83.53,83.536,43740000,1
1528225980000,1528226039000,83.535,83.539,83.523,83.527,55420000,1
1528226040000,1528226099000,83.526,83.532,83.523,83.529,120530000,1
1528226100000,1528226159000,83.528,83.53,83.523,83.525,64100000,1
1528226160000,1528226219000,83.525,83.53,83.52,83.524,55350000,1
1528226220000,1528226279000,83.524,83.526,83.52,83.526,52360000,1
1528226280000,1528226339000,83.523,83.523,83.52,83.522,45490000,1
1528226340000,1528226399000,83.522,83.522,83.513,83.514,58280000,1
1528226400000,1528226459000,83.515,83.523,83.512,83.522,107540000,1
1528226460000,1528226519000,83.522,83.524,83.515,83.515,82160000,1
1528226520000,1528226579000,83.516,83.52,83.515,83.518,58030000,1
1528226580000,1528226639000,83.517,83.518,83.493,83.496,99220000,1
1528226640000,1528226699000,83.495,83.502,83.492,83.492,96890000,1
1528226700000,1528226759000,83.492,83.493,83.488,83.488,43340000,1
1528226760000,1528226819000,83.487,83.487,83.474,83.479,95620000,1
1528226820000,1528226879000,83.479,83.48,83.469,83.479,145120000,1
1528226880000,1528226939000,83.484,83.49,83.483,83.49,66640000,1
1528226940000,1528226999000,83.49,83.501,83.489,83.499,94700000,1
1528227000000,1528227059000,83.5,83.5,83.477,83.477,87170000,1
1528227060000,1528227119000,83.477,83.477,83.469,83.47,76960000,1
1528227120000,1528227179000,83.47,83.473,83.469,83.47,26840000,1
1528227180000,1528227239000,83.471,83.481,83.471,83.477,94150000,1
1528227240000,1528227299000,83.477,83.478,83.472,83.475,65040000,1
1528227300000,1528227359000,83.475,83.483,83.475,83.482,62050000,1
1528227360000,1528227419000,83.483,83.49,83.482,83.484,59600000,1
1528227420000,1528227479000,83.484,83.498,83.483,83.497,64700000,1
1528227480000,1528227539000,83.498,83.5,83.495,83.496,58180000,1
1528227540000,1528227599000,83.495,83.508,83.495,83.503,131320000,1
1528227600000,1528227659000,83.502,83.503,83.5,83.5,58330000,1
1528227660000,1528227719000,83.501,83.501,83.49,83.494,49740000,1
1528227720000,1528227779000,83.494,83.494,83.483,83.49,128870000,1
1528227780000,1528227839000,83.49,83.49,83.484,83.485,85230000,1
1528227840000,1528227899000,83.485,83.486,83.48,83.48,68490000,1
1528227900000,1528227959000,83.48,83.492,83.479,83.492,136370000,1
1528227960000,1528228019000,83.493,83.499,83.486,83.497,79790000,1
1528228020000,1528228079000,83.496,83.499,83.496,83.497,40440000,1
1528228080000,1528228139000,83.497,83.498,83.487,83.487,89610000,1
1528228140000,1528228199000,83.487,83.492,83.487,83.492,35850000,1
1528228200000,1528228259000,83.49,83.507,83.488,83.502,72340000,1
1528228260000,1528228319000,83.502,83.504,83.502,83.503,52730000,1
1528228320000,1528228379000,83.502,83.505,83.502,83.503,50060000,1
1528228380000,1528228439000,83.503,83.506,83.502,83.506,37160000,1
1528228440000,1528228499000,83.506,83.51,83.501,83.508,79590000,1
1528228500000,1528228559000,83.508,83.516,83.508,83.515,101560000,1
1528228560000,1528228619000,83.515,83.517,83.515,83.517,90750000,1
1528228620000,1528228679000,83.518,83.527,83.518,83.527,42340000,1
1528228680000,1528228739000,83.529,83.54,83.528,83.537,30490000,1
1528228740000,1528228799000,83.536,83.537,83.526,83.526,65190000,1
1528228800000,1528228859000,83.525,83.527,83.525,83.526,39410000,1
1528228860000,1528228919000,83.526,83.527,83.526,83.527,5190000,1
1528228920000,1528228979000,83.527,83.529,83.527,83.528,11060000,1
1528228980000,1528229039000,83.531,83.538,83.531,83.538,14320000,1
1528229040000,1528229099000,83.538,83.541,83.536,83.541,19810000,1
1528229100000,1528229159000,83.541,83.541,83.533,83.536,25750000,1
1528229160000,1528229219000,83.537,83.537,83.537,83.537,4480000,1
1528229220000,1528229279000,83.538,83.54,83.538,83.54,12610000,1
1528229280000,1528229339000,83.54,83.542,83.539,83.541,21100000,1
1528229340000,1528229399000,83.541,83.542,83.541,83.541,18600000,1
1528229400000,1528229459000,83.541,83.542,83.541,83.542,14300000,1
1528229460000,1528229519000,83.542,83.546,83.542,83.545,29140000,1
1528229520000,1528229579000,83.546,83.546,83.546,83.546,8540000,1
1528229580000,1528229639000,83.548,83.556,83.548,83.555,20550000,1
1528229640000,1528229699000,83.555,83.57,83.552,83.569,21940000,1
1528229700000,1528229759000,83.569,83.572,83.567,83.571,57170000,1
1528229760000,1528229819000,83.571,83.58,83.571,83.579,17250000,1
1528229820000,1528229879000,83.578,83.585,83.576,83.585,48060000,1
1528229880000,1528229939000,83.586,83.588,83.585,83.585,9860000,1
1528229940000,1528229999000,83.593,83.597,83.593,83.597,11800000,1
1528230000000,1528230059000,83.597,83.601,83.593,83.593,27160000,1
1528230060000,1528230119000,83.593,83.593,83.583,83.584,60040000,1
1528230120000,1528230179000,83.584,83.587,83.584,83.586,23640000,1
1528230180000,1528230239000,83.586,83.588,83.586,83.586,33050000,1
1528230240000,1528230299000,83.586,83.586,83.582,83.582,18540000,1
1528230300000,1528230359000,83.58,83.582,83.572,83.58,45310000,1
1528230360000,1528230419000,83.58,83.583,83.579,83.583,26870000,1
1528230420000,1528230479000,83.585,83.585,83.584,83.585,5380000,1
1528230480000,1528230539000,83.584,83.584,83.579,83.58,21230000,1
1528230540000,1528230599000,83.579,83.601,83.578,83.589,68730000,1
1528230600000,1528230659000,83.587,83.587,83.566,83.572,45420000,1
1528230660000,1528230719000,83.573,83.597,83.572,83.593,41870000,1
1528230720000,1528230779000,83.595,83.596,83.593,83.593,21320000,1
1528230780000,1528230839000,83.595,83.597,83.591,83.595,18000000,1
1528230840000,1528230899000,83.596,83.599,83.594,83.597,25120000,1
1528230900000,1528230959000,83.596,83.598,83.594,83.595,19000000,1
1528230960000,1528231019000,83.596,83.598,83.596,83.596,14000000,1
1528231020000,1528231079000,83.595,83.595,83.593,83.593,21990000,1
1528231080000,1528231139000,83.593,83.595,83.593,83.593,21730000,1
1528231140000,1528231199000,83.594,83.597,83.592,83.592,21860000,1
1528231200000,1528231259000,83.591,83.619,83.591,83.617,26110000,1
1528231260000,1528231319000,83.617,83.625,83.608,83.614,40470000,1
1528231320000,1528231379000,83.613,83.617,83.611,83.611,11810000,1
1528231380000,1528231439000,83.609,83.609,83.606,83.607,7190000,1
1528231440000,1528231499000,83.608,83.608,83.607,83.607,8860000,1
1528231500000,1528231559000,83.608,83.614,83.608,83.613,14430000,1
1528231560000,1528231619000,83.612,83.615,83.611,83.613,14100000,1
1528231620000,1528231679000,83.614,83.618,83.611,83.618,18710000,1
1528231680000,1528231739000,83.618,83.618,83.609,83.611,34100000,1
1528231740000,1528231799000,83.61,83.61,83.608,83.608,12240000,1
1528231800000,1528231859000,83.607,83.609,83.604,83.604,30130000,1
1528231860000,1528231919000,83.608,83.617,83.607,83.616,42830000,1
1528231920000,1528231979000,83.618,83.62,83.609,83.61,19940000,1
1528231980000,1528232039000,83.61,83.612,83.61,83.611,15580000,1
1528232040000,1528232099000,83.61,83.632,83.609,83.632,58370000,1
1528232100000,1528232159000,83.634,83.636,83.621,83.627,72690000,1
1528232160000,1528232219000,83.624,83.636,83.622,83.635,45390000,1
1528232220000,1528232279000,83.635,83.636,83.626,83.633,38000000,1
1528232280000,1528232339000,83.632,83.632,83.621,83.622,43000000,1
1528232340000,1528232399000,83.621,83.626,83.611,83.613,50500000,1
1528232400000,1528232459000,83.607,83.607,83.576,83.584,52700000,1
1528232460000,1528232519000,83.589,83.596,83.587,83.593,57000000,1
1528232520000,1528232579000,83.595,83.597,83.593,83.594,70500000,1
1528232580000,1528232639000,83.595,83.605,83.592,83.602,28760000,1
1528232640000,1528232699000,83.606,83.616,83.606,83.616,6620000,1
1528232700000,1528232759000,83.616,83.639,83.609,83.627,29960000,1
1528232760000,1528232819000,83.626,83.637,83.618,83.623,54570000,1
1528232820000,1528232879000,83.622,83.627,83.604,83.604,37760000,1
1528232880000,1528232939000,83.607,83.637,83.606,83.612,29090000,1
1528232940000,1528232999000,83.609,83.609,83.567,83.569,30570000,1
1528233000000,1528233059000,83.572,83.593,83.568,83.59,52790000,1
1528233060000,1528233119000,83.591,83.618,83.59,83.618,26110000,1
1528233120000,1528233179000,83.616,83.63,83.616,83.627,21150000,1
1528233180000,1528233239000,83.626,83.63,83.615,83.622,12820000,1
1528233240000,1528233299000,83.628,83.628,83.626,83.627,33000000,1
1528233300000,1528233359000,83.627,83.632,83.624,83.631,45810000,1
1528233360000,1528233419000,83.631,83.631,83.618,83.618,11900000,1
1528233420000,1528233479000,83.623,83.623,83.62,83.62,3380000,1
1528233480000,1528233539000,83.62,83.631,83.618,83.631,11940000,1
1528233540000,1528233599000,83.629,83.629,83.618,83.625,20660000,1
1528233600000,1528233659000,83.625,83.63,83.617,83.63,12990000,1
1528233660000,1528233719000,83.617,83.63,83.617,83.626,4680000,1
1528233720000,1528233779000,83.629,83.63,83.616,83.628,4810000,1
1528233780000,1528233839000,83.617,83.629,83.617,83.629,2560000,1
1528233840000,1528233899000,83.615,83.629,83.615,83.624,10240000,1
1528233900000,1528233959000,83.622,83.636,83.622,83.635,10520000,1
1528233960000,1528234019000,83.622,83.635,83.619,83.635,2633920000,1
1528234020000,1528234079000,83.635,83.635,83.634,83.634,5600000,1
1528234080000,1528234139000,83.634,83.639,83.634,83.638,11200000,1
1528234140000,1528234199000,83.636,83.638,83.633,83.634,8960000,1
1528234200000,1528234259000,83.636,83.641,83.631,83.631,22420000,1
1528234260000,1528234319000,83.629,83.647,83.625,83.647,26250000,1
1528234320000,1528234379000,83.647,83.648,83.627,83.627,31030000,1
1528234380000,1528234439000,83.626,83.631,83.625,83.63,20140000,1
1528234440000,1528234499000,83.631,83.633,83.629,83.632,13450000,1
1528234500000,1528234559000,83.632,83.639,83.632,83.639,15970000,1
1528234560000,1528234619000,83.639,83.64,83.637,83.64,11720000,1
1528234620000,1528234679000,83.64,83.64,83.632,83.635,22940000,1
1528234680000,1528234739000,83.633,83.633,83.619,83.625,12330000,1
1528234740000,1528234799000,83.622,83.625,83.622,83.624,7840000,1
1528234800000,1528234859000,83.625,83.633,83.625,83.632,8970000,1
1528234860000,1528234919000,83.634,83.638,83.634,83.638,11970000,1
1528234920000,1528234979000,83.638,83.652,83.638,83.64,17520000,1
1528234980000,1528235039000,83.642,83.642,83.642,83.642,2240000,1
1528235040000,1528235099000,83.641,83.641,83.632,83.633,18960000,1
1528235100000,1528235159000,83.633,83.638,83.633,83.636,21970000,1
1528235160000,1528235219000,83.639,83.787,83.637,83.678,87140000,1
1528235220000,1528235279000,83.678,83.678,83.645,83.654,41440000,1
1528235280000,1528235339000,83.655,83.661,83.638,83.652,33720000,1
1528235340000,1528235399000,83.651,83.651,83.638,83.64,19340000,1
1528235400000,1528235459000,83.642,83.647,83.642,83.647,32410000,1
1528235460000,1528235519000,83.647,83.649,83.645,83.649,12210000,1
1528235520000,1528235579000,83.649,83.674,83.646,83.669,88780000,1
1528235580000,1528235639000,83.68,83.693,83.67,83.676,69870000,1
1528235640000,1528235699000,83.676,83.698,83.67,83.683,89240000,1
1528235700000,1528235759000,83.684,83.686,83.66,83.664,85880000,1
1528235760000,1528235819000,83.665,83.665,83.64,83.652,103550000,1
1528235820000,1528235879000,83.653,83.656,83.649,83.656,66400000,1
1528235880000,1528235939000,83.656,83.664,83.654,83.658,116760000,1
1528235940000,1528235999000,83.658,83.683,83.655,83.681,45120000,1
1528236000000,1528236059000,83.683,83.683,83.652,83.652,45550000,1
1528236060000,1528236119000,83.652,83.66,83.65,83.654,32830000,1
1528236120000,1528236179000,83.653,83.67,83.652,83.667,29380000,1
1528236180000,1528236239000,83.668,83.674,83.657,83.659,19390000,1
1528236240000,1528236299000,83.657,83.661,83.657,83.657,29590000,1
1528236300000,1528236359000,83.657,83.659,83.652,83.659,23430000,1
1528236360000,1528236419000,83.659,83.672,83.659,83.671,12000000,1
1528236420000,1528236479000,83.669,83.675,83.667,83.675,18380000,1
1528236480000,1528236539000,83.673,83.673,83.67,83.67,25710000,1
1528236540000,1528236599000,83.67,83.673,83.667,83.668,21940000,1
1528236600000,1528236659000,83.669,83.669,83.653,83.653,30010000,1
1528236660000,1528236719000,83.653,83.666,83.653,83.663,18250000,1
1528236720000,1528236779000,83.662,83.662,83.652,83.66,27650000,1
1528236780000,1528236839000,83.66,83.666,83.655,83.656,37250000,1
1528236840000,1528236899000,83.655,83.68,83.655,83.675,69620000,1
1528236900000,1528236959000,83.678,83.687,83.668,83.668,54840000,1
1528236960000,1528237019000,83.668,83.674,83.665,83.67,24920000,1
1528237020000,1528237079000,83.67,83.67,83.657,83.66,56490000,1
1528237080000,1528237139000,83.66,83.66,83.645,83.648,21740000,1
1528237140000,1528237199000,83.648,83.661,83.648,83.661,24050000,1
1528237200000,1528237259000,83.661,83.662,83.656,83.661,23100000,1
1528237260000,1528237319000,83.662,83.667,83.662,83.662,26300000,1
1528237320000,1528237379000,83.662,83.678,83.661,83.677,37230000,1
1528237380000,1528237439000,83.676,83.677,83.668,83.672,30300000,1
1528237440000,1528237499000,83.672,83.672,83.668,83.671,16110000,1
1528237500000,1528237559000,83.672,83.672,83.668,83.668,28840000,1
1528237560000,1528237619000,83.668,83.679,83.668,83.678,26890000,1
1528237620000,1528237679000,83.677,83.677,83.669,83.673,28780000,1
1528237680000,1528237739000,83.671,83.671,83.663,83.663,32070000,1
1528237740000,1528237799000,83.663,83.675,83.662,83.675,40470000,1
1528237800000,1528237859000,83.675,83.685,83.671,83.679,24990000,1
1528237860000,1528237919000,83.679,83.683,83.675,83.682,30140000,1
1528237920000,1528237979000,83.681,83.686,83.672,83.682,24250000,1
1528237980000,1528238039000,83.687,83.688,83.67,83.67,18620000,1
1528238040000,1528238099000,83.668,83.672,83.654,83.669,52760000,1
1528238100000,1528238159000,83.67,83.677,83.667,83.675,27390000,1
1528238160000,1528238219000,83.677,83.68,83.676,83.676,9000000,1
1528238220000,1528238279000,83.675,83.679,83.673,83.678,10680000,1
1528238280000,1528238339000,83.677,83.677,83.672,83.673,16040000,1
1528238340000,1528238399000,83.672,83.672,83.671,83.672,5740000,1
1528238400000,1528238459000,83.671,83.673,83.669,83.671,15790000,1
1528238460000,1528238519000,83.672,83.702,83.672,83.699,49400000,1
1528238520000,1528238579000,83.698,83.721,83.696,83.709,48460000,1
1528238580000,1528238639000,83.709,83.711,83.7,83.705,27740000,1
1528238640000,1528238699000,83.706,83.709,83.687,83.687,33740000,1
1528238700000,1528238759000,83.685,83.685,83.667,83.667,26520000,1
1528238760000,1528238819000,83.675,83.692,83.675,83.686,25540000,1
1528238820000,1528238879000,83.685,83.685,83.677,83.677,13990000,1
1528238880000,1528238939000,83.677,83.685,83.677,83.682,29200000,1
1528238940000,1528238999000,83.681,83.681,83.672,83.677,23170000,1
1528239000000,1528239059000,83.677,83.681,83.676,83.677,27430000,1
1528239060000,1528239119000,83.677,83.677,83.667,83.667,47850000,1
1528239120000,1528239179000,83.668,83.671,83.668,83.668,18750000,1
1528239180000,1528239239000,83.667,83.669,83.664,83.669,23360000,1
1528239240000,1528239299000,83.672,83.677,83.672,83.673,38580000,1
1528239300000,1528239359000,83.675,83.693,83.675,83.69,34060000,1
1528239360000,1528239419000,83.69,83.697,83.689,83.69,21570000,1
1528239420000,1528239479000,83.689,83.696,83.683,83.692,25630000,1
1528239480000,1528239539000,83.691,83.693,83.684,83.691,28310000,1
1528239540000,1528239599000,83.69,83.69,83.677,83.677,45960000,1
1528239600000,1528239659000,83.677,83.679,83.662,83.663,40250000,1
1528239660000,1528239719000,83.666,83.677,83.663,83.671,43420000,1
1528239720000,1528239779000,83.669,83.672,83.657,83.667,63120000,1
1528239780000,1528239839000,83.666,83.669,83.653,83.664,60210000,1
1528239840000,1528239899000,83.663,83.675,83.661,83.667,50100000,1
1528239900000,1528239959000,83.668,83.668,83.659,83.659,31320000,1
1528239960000,1528240019000,83.661,83.669,83.657,83.667,54220000,1
1528240020000,1528240079000,83.666,83.667,83.659,83.662,28480000,1
1528240080000,1528240139000,83.661,83.666,83.656,83.657,36280000,1
1528240140000,1528240199000,83.658,83.674,83.658,83.673,20230000,1
1528240200000,1528240259000,83.673,83.674,83.671,83.674,9000000,1
1528240260000,1528240319000,83.673,83.673,83.668,83.671,17100000,1
1528240320000,1528240379000,83.671,83.672,83.667,83.67,19240000,1
1528240380000,1528240439000,83.668,83.688,83.667,83.684,25160000,1
1528240440000,1528240499000,83.685,83.692,83.682,83.687,33370000,1
1528240500000,1528240559000,83.686,83.686,83.68,83.68,11400000,1
1528240560000,1528240619000,83.681,83.681,83.656,83.656,24070000,1
1528240620000,1528240679000,83.655,83.667,83.653,83.664,40040000,1
1528240680000,1528240739000,83.664,83.676,83.65,83.676,48780000,1
1528240740000,1528240799000,83.676,83.693,83.658,83.689,67970000,1
1528240800000,1528240859000,83.694,83.715,83.688,83.707,107280000,1
1528240860000,1528240919000,83.706,83.753,83.703,83.741,112090000,1
1528240920000,1528240979000,83.741,83.787,83.737,83.777,118610000,1
1528240980000,1528241039000,83.777,83.806,83.746,83.753,152710000,1
1528241040000,1528241099000,83.753,83.774,83.744,83.764,96730000,1
1528241100000,1528241159000,83.767,83.784,83.759,83.779,83080000,1
1528241160000,1528241219000,83.778,83.782,83.771,83.778,50390000,1
1528241220000,1528241279000,83.777,83.797,83.765,83.797,46100000,1
1528241280000,1528241339000,83.797,83.8,83.768,83.768,57060000,1
1528241340000,1528241399000,83.768,83.777,83.756,83.777,37590000,1
1528241400000,1528241459000,83.777,83.778,83.748,83.752,103730000,1
1528241460000,1528241519000,83.751,83.768,83.748,83.753,78570000,1
1528241520000,1528241579000,83.754,83.763,83.75,83.761,36620000,1
1528241580000,1528241639000,83.761,83.761,83.749,83.757,50500000,1
1528241640000,1528241699000,83.756,83.771,83.756,83.764,50000000,1
1528241700000,1528241759000,83.763,83.766,83.746,83.759,50040000,1
1528241760000,1528241819000,83.761,83.763,83.754,83.762,83110000,1
1528241820000,1528241879000,83.763,83.784,83.76,83.771,110950000,1
1528241880000,1528241939000,83.773,83.789,83.768,83.782,118240000,1
1528241940000,1528241999000,83.781,83.786,83.779,83.781,53440000,1
1528242000000,1528242059000,83.781,83.781,83.756,83.77,87490000,1
1528242060000,1528242119000,83.77,83.791,83.77,83.783,102210000,1
1528242120000,1528242179000,83.783,83.8,83.781,83.785,147590000,1
1528242180000,1528242239000,83.783,83.806,83.772,83.805,68250000,1
1528242240000,1528242299000,83.805,83.806,83.789,83.8,133770000,1
1528242300000,1528242359000,83.798,83.799,83.784,83.787,66260000,1
1528242360000,1528242419000,83.786,83.812,83.783,83.806,45500000,1
1528242420000,1528242479000,83.807,83.81,83.799,83.801,45870000,1
1528242480000,1528242539000,83.8,83.808,83.797,83.802,22000000,1
1528242540000,1528242599000,83.803,83.813,83.795,83.796,68070000,1
1528242600000,1528242659000,83.796,83.803,83.781,83.783,83050000,1
1528242660000,1528242719000,83.784,83.786,83.778,83.781,55650000,1
1528242720000,1528242779000,83.782,83.782,83.77,83.777,63530000,1
1528242780000,1528242839000,83.777,83.802,83.777,83.798,90800000,1
1528242840000,1528242899000,83.8,83.818,83.8,83.809,87720000,1
1528242900000,1528242959000,83.808,83.808,83.769,83.77,70940000,1
1528242960000,1528243019000,83.771,83.787,83.765,83.786,54170000,1
1528243020000,1528243079000,83.787,83.787,83.771,83.771,83830000,1
1528243080000,1528243139000,83.771,83.771,83.753,83.753,73400000,1
1528243140000,1528243199000,83.754,83.781,83.754,83.773,67470000,1
1528243200000,1528243259000,83.772,83.804,83.77,83.783,156950000,1
1528243260000,1528243319000,83.782,83.784,83.737,83.749,155410000,1
1528243320000,1528243379000,83.748,83.763,83.73,83.756,125960000,1
1528243380000,1528243439000,83.756,83.764,83.75,83.752,105220000,1
1528243440000,1528243499000,83.751,83.752,83.735,83.739,119740000,1
1528243500000,1528243559000,83.739,83.762,83.737,83.762,105410000,1
1528243560000,1528243619000,83.763,83.776,83.75,83.752,192300000,1
1528243620000,1528243679000,83.753,83.79,83.747,83.79,136400000,1
1528243680000,1528243739000,83.789,83.799,83.779,83.796,152080000,1
1528243740000,1528243799000,83.796,83.796,83.783,83.791,85680000,1
1528243800000,1528243859000,83.792,83.798,83.789,83.791,36190000,1
1528243860000,1528243919000,83.792,83.805,83.783,83.786,68100000,1
1528243920000,1528243979000,83.784,83.784,83.771,83.782,71720000,1
1528243980000,1528244039000,83.784,83.786,83.766,83.775,69390000,1
1528244040000,1528244099000,83.777,83.817,83.775,83.806,118620000,1
1528244100000,1528244159000,83.803,83.81,83.793,83.798,115160000,1
1528244160000,1528244219000,83.8,83.803,83.785,83.801,87880000,1
1528244220000,1528244279000,83.801,83.814,83.8,83.807,95060000,1
1528244280000,1528244339000,83.807,83.807,83.787,83.79,120130000,1
1528244340000,1528244399000,83.79,83.829,83.789,83.819,150620000,1
1528244400000,1528244459000,83.819,83.821,83.811,83.818,128900000,1
1528244460000,1528244519000,83.816,83.835,83.814,83.82,181610000,1
1528244520000,1528244579000,83.82,83.888,83.815,83.884,176000000,1
1528244580000,1528244639000,83.885,83.888,83.865,83.879,215370000,1
1528244640000,1528244699000,83.879,83.886,83.868,83.868,82600000,1
1528244700000,1528244759000,83.868,83.893,83.868,83.888,81640000,1
1528244760000,1528244819000,83.89,83.903,83.888,83.895,96690000,1
1528244820000,1528244879000,83.894,83.916,83.894,83.91,52000000,1
1528244880000,1528244939000,83.909,83.919,83.907,83.915,50500000,1
1528244940000,1528244999000,83.913,83.917,83.883,83.895,94510000,1
1528245000000,1528245059000,83.894,83.913,83.894,83.91,61600000,1
1528245060000,1528245119000,83.911,83.914,83.898,83.9,110160000,1
1528245120000,1528245179000,83.899,83.904,83.894,83.897,93040000,1
1528245180000,1528245239000,83.897,83.907,83.894,83.906,93460000,1
1528245240000,1528245299000,83.905,83.907,83.899,83.907,69110000,1
1528245300000,1528245359000,83.906,83.908,83.9,83.9,83870000,1
1528245360000,1528245419000,83.9,83.9,83.876,83.884,61230000,1
1528245420000,1528245479000,83.884,83.885,83.876,83.881,78160000,1
1528245480000,1528245539000,83.88,83.881,83.875,83.879,69350000,1
1528245540000,1528245599000,83.879,83.883,83.877,83.88,26180000,1
1528245600000,1528245659000,83.878,83.878,83.863,83.864,51620000,1
1528245660000,1528245719000,83.865,83.867,83.855,83.858,37130000,1
1528245720000,1528245779000,83.857,83.86,83.844,83.851,58550000,1
1528245780000,1528245839000,83.85,83.857,83.845,83.849,80900000,1
1528245840000,1528245899000,83.848,83.868,83.843,83.868,53240000,1
1528245900000,1528245959000,83.869,83.881,83.869,83.881,25010000,1
1528245960000,1528246019000,83.88,83.894,83.879,83.892,22440000,1
1528246020000,1528246079000,83.893,83.899,83.89,83.89,28440000,1
1528246080000,1528246139000,83.89,83.891,83.885,83.885,22500000,1
1528246140000,1528246199000,83.886,83.886,83.847,83.851,50260000,1
1528246200000,1528246259000,83.851,83.854,83.842,83.853,64500000,1
1528246260000,1528246319000,83.853,83.853,83.836,83.845,70360000,1
1528246320000,1528246379000,83.846,83.851,83.841,83.851,82730000,1
1528246380000,1528246439000,83.852,83.86,83.843,83.851,67570000,1
1528246440000,1528246499000,83.85,83.85,83.813,83.814,132330000,1
1528246500000,1528246559000,83.813,83.829,83.806,83.824,118980000,1
1528246560000,1528246619000,83.825,83.828,83.796,83.807,78000000,1
1528246620000,1528246679000,83.807,83.836,83.807,83.836,53250000,1
1528246680000,1528246739000,83.834,83.841,83.815,83.83,62610000,1
1528246740000,1528246799000,83.83,83.843,83.822,83.838,105940000,1
1528246800000,1528246859000,83.84,83.861,83.83,83.837,124290000,1
1528246860000,1528246919000,83.839,83.866,83.835,83.864,92940000,1
1528246920000,1528246979000,83.863,83.867,83.848,83.866,68940000,1
1528246980000,1528247039000,83.867,83.868,83.862,83.862,36810000,1
1528247040000,1528247099000,83.863,83.866,83.84,83.84,55640000,1
1528247100000,1528247159000,83.838,83.84,83.821,83.836,104770000,1
1528247160000,1528247219000,83.837,83.848,83.828,83.847,70520000,1
1528247220000,1528247279000,83.846,83.862,83.846,83.854,71490000,1
1528247280000,1528247339000,83.854,83.861,83.85,83.853,82680000,1
1528247340000,1528247399000,83.855,83.855,83.848,83.849,47880000,1
1528247400000,1528247459000,83.849,83.869,83.849,83.869,46250000,1
1528247460000,1528247519000,83.868,83.871,83.858,83.863,71600000,1
1528247520000,1528247579000,83.864,83.864,83.857,83.861,38320000,1
1528247580000,1528247639000,83.86,83.86,83.841,83.841,50000000,1
1528247640000,1528247699000,83.842,83.845,83.837,83.838,47990000,1
1528247700000,1528247759000,83.838,83.84,83.823,83.838,71300000,1
1528247760000,1528247819000,83.839,83.845,83.837,83.844,44850000,1
1528247820000,1528247879000,83.844,83.871,83.841,83.86,82010000,1
1528247880000,1528247939000,83.859,83.88,83.858,83.879,76170000,1
1528247940000,1528247999000,83.879,83.881,83.861,83.877,80310000,1
1528248000000,1528248059000,83.877,83.88,83.863,83.876,101820000,1
1528248060000,1528248119000,83.876,83.881,83.875,83.878,74300000,1
1528248120000,1528248179000,83.878,83.883,83.872,83.88,43240000,1
1528248180000,1528248239000,83.88,83.88,83.874,83.874,16240000,1
1528248240000,1528248299000,83.875,83.886,83.872,83.886,98940000,1
1528248300000,1528248359000,83.885,83.885,83.864,83.866,97740000,1
1528248360000,1528248419000,83.866,83.873,83.866,83.869,34400000,1
1528248420000,1528248479000,83.868,83.868,83.863,83.865,33680000,1
1528248480000,1528248539000,83.864,83.894,83.863,83.882,87570000,1
1528248540000,1528248599000,83.882,83.905,83.861,83.866,132370000,1
1528248600000,1528248659000,83.866,84.167,83.866,84.14,371780000,1
1528248660000,1528248719000,84.138,84.138,84.106,84.106,190620000,1
1528248720000,1528248779000,84.106,84.183,84.102,84.178,188020000,1
1528248780000,1528248839000,84.178,84.207,84.161,84.169,204130000,1
1528248840000,1528248899000,84.169,84.194,84.169,84.188,80410000,1
1528248900000,1528248959000,84.188,84.188,84.143,84.158,169990000,1
1528248960000,1528249019000,84.158,84.158,84.132,84.136,153420000,1
1528249020000,1528249079000,84.136,84.137,84.118,84.125,108120000,1
1528249080000,1528249139000,84.124,84.143,84.124,84.136,138680000,1
1528249140000,1528249199000,84.136,84.14,84.128,84.132,130460000,1
1528249200000,1528249259000,84.132,84.193,84.132,84.193,206090000,1
1528249260000,1528249319000,84.193,84.195,84.176,84.185,157400000,1
1528249320000,1528249379000,84.183,84.216,84.179,84.215,173030000,1
1528249380000,1528249439000,84.215,84.216,84.191,84.193,153560000,1
1528249440000,1528249499000,84.193,84.195,84.166,84.166,149210000,1
1528249500000,1528249559000,84.166,84.199,84.166,84.186,161700000,1
1528249560000,1528249619000,84.186,84.188,84.16,84.182,129720000,1
1528249620000,1528249679000,84.184,84.184,84.166,84.168,99370000,1
1528249680000,1528249739000,84.17,84.187,84.17,84.181,136280000,1
1528249740000,1528249799000,84.181,84.187,84.167,84.173,79130000,1
1528249800000,1528249859000,84.173,84.179,84.154,84.161,120910000,1
1528249860000,1528249919000,84.161,84.161,84.121,84.124,117080000,1
1528249920000,1528249979000,84.124,84.126,84.121,84.122,59410000,1
1528249980000,1528250039000,84.122,84.14,84.121,84.13,117210000,1
1528250040000,1528250099000,84.129,84.129,84.119,84.119,105970000,1
1528250100000,1528250159000,84.119,84.123,84.114,84.114,135560000,1
1528250160000,1528250219000,84.115,84.13,84.115,84.125,41310000,1
1528250220000,1528250279000,84.125,84.126,84.118,84.122,42990000,1
1528250280000,1528250339000,84.121,84.13,84.12,84.124,98580000,1
1528250340000,1528250399000,84.123,84.123,84.113,84.115,114030000,1
1528250400000,1528250459000,84.113,84.175,84.111,84.145,193310000,1
1528250460000,1528250519000,84.146,84.151,84.132,84.132,109960000,1
1528250520000,1528250579000,84.131,84.131,84.097,84.101,133200000,1
1528250580000,1528250639000,84.103,84.103,84.068,84.074,148480000,1
1528250640000,1528250699000,84.077,84.089,84.077,84.085,169600000,1
1528250700000,1528250759000,84.084,84.1,84.083,84.086,148210000,1
1528250760000,1528250819000,84.09,84.092,84.067,84.071,158940000,1
1528250820000,1528250879000,84.071,84.082,84.07,84.082,73830000,1
1528250880000,1528250939000,84.082,84.083,84.066,84.07,95040000,1
1528250940000,1528250999000,84.07,84.074,84.061,84.067,112050000,1
1528251000000,1528251059000,84.065,84.083,84.065,84.081,154990000,1
1528251060000,1528251119000,84.081,84.081,84.073,84.079,132820000,1
1528251120000,1528251179000,84.079,84.103,84.067,84.102,176550000,1
1528251180000,1528251239000,84.102,84.121,84.101,84.107,135770000,1
1528251240000,1528251299000,84.109,84.129,84.109,84.117,101260000,1
1528251300000,1528251359000,84.117,84.117,84.1,84.102,65360000,1
1528251360000,1528251419000,84.104,84.107,84.102,84.103,55910000,1
1528251420000,1528251479000,84.104,84.107,84.077,84.077,101880000,1
1528251480000,1528251539000,84.076,84.088,84.071,84.088,85040000,1
1528251540000,1528251599000,84.088,84.09,84.082,84.085,52710000,1
1528251600000,1528251659000,84.084,84.084,84.071,84.079,51520000,1
1528251660000,1528251719000,84.079,84.091,84.079,84.091,48730000,1
1528251720000,1528251779000,84.092,84.094,84.085,84.086,65100000,1
1528251780000,1528251839000,84.086,84.096,84.084,84.085,73840000,1
1528251840000,1528251899000,84.085,84.089,84.08,84.089,57670000,1
1528251900000,1528251959000,84.087,84.097,84.086,84.095,75660000,1
1528251960000,1528252019000,84.095,84.097,84.084,84.094,76450000,1
1528252020000,1528252079000,84.094,84.098,84.094,84.097,34210000,1
1528252080000,1528252139000,84.097,84.097,84.084,84.091,63630000,1
1528252140000,1528252199000,84.091,84.099,84.089,84.092,63170000,1
1528252200000,1528252259000,84.091,84.095,84.089,84.095,48770000,1
1528252260000,1528252319000,84.095,84.095,84.08,84.082,55010000,1
1528252320000,1528252379000,84.083,84.085,84.072,84.073,59640000,1
1528252380000,1528252439000,84.072,84.075,84.065,84.067,86840000,1
1528252440000,1528252499000,84.068,84.078,84.064,84.064,75220000,1
1528252500000,1528252559000,84.067,84.071,84.064,84.068,58770000,1
1528252560000,1528252619000,84.066,84.069,84.05,84.056,99260000,1
1528252620000,1528252679000,84.056,84.058,84.047,84.052,117920000,1
1528252680000,1528252739000,84.052,84.055,84.046,84.051,112440000,1
1528252740000,1528252799000,84.052,84.053,84.049,84.05,41150000,1
1528252800000,1528252859000,84.052,84.056,84.052,84.055,30520000,1
1528252860000,1528252919000,84.055,84.061,84.055,84.057,49020000,1
1528252920000,1528252979000,84.057,84.057,84.042,84.05,46550000,1
1528252980000,1528253039000,84.05,84.064,84.05,84.064,53610000,1
1528253040000,1528253099000,84.064,84.078,84.064,84.078,30000000,1
1528253100000,1528253159000,84.079,84.079,84.067,84.071,47960000,1
1528253160000,1528253219000,84.071,84.074,84.07,84.074,17180000,1
1528253220000,1528253279000,84.074,84.074,84.068,84.068,19660000,1
1528253280000,1528253339000,84.067,84.076,84.067,84.076,54750000,1
1528253340000,1528253399000,84.077,84.082,84.067,84.073,83620000,1
1528253400000,1528253459000,84.072,84.072,84.057,84.07,80000000,1
1528253460000,1528253519000,84.07,84.078,84.061,84.061,58100000,1
1528253520000,1528253579000,84.061,84.061,84.045,84.05,68440000,1
1528253580000,1528253639000,84.051,84.052,84.04,84.047,86490000,1
1528253640000,1528253699000,84.047,84.057,84.047,84.056,32460000,1
1528253700000,1528253759000,84.056,84.057,84.049,84.051,47620000,1
1528253760000,1528253819000,84.051,84.059,84.048,84.058,54060000,1
1528253820000,1528253879000,84.058,84.059,84.036,84.036,83750000,1
1528253880000,1528253939000,84.035,84.057,84.034,84.054,101390000,1
1528253940000,1528253999000,84.054,84.06,84.043,84.048,77710000,1
1528254000000,1528254059000,84.049,84.06,84.045,84.059,101120000,1
1528254060000,1528254119000,84.06,84.06,84.042,84.044,93580000,1
1528254120000,1528254179000,84.046,84.066,84.046,84.064,80480000,1
1528254180000,1528254239000,84.064,84.082,84.064,84.075,103360000,1
1528254240000,1528254299000,84.076,84.084,84.071,84.075,80880000,1
1528254300000,1528254359000,84.075,84.089,84.075,84.082,72000000,1
1528254360000,1528254419000,84.083,84.085,84.074,84.085,95540000,1
1528254420000,1528254479000,84.084,84.099,84.084,84.093,36190000,1
1528254480000,1528254539000,84.095,84.098,84.085,84.094,33380000,1
1528254540000,1528254599000,84.094,84.106,84.094,84.104,28180000,1
1528254600000,1528254659000,84.104,84.115,84.096,84.114,71570000,1
1528254660000,1528254719000,84.115,84.116,84.11,84.113,31060000,1
1528254720000,1528254779000,84.114,84.117,84.11,84.117,47290000,1
1528254780000,1528254839000,84.117,84.121,84.117,84.118,15430000,1
1528254840000,1528254899000,84.118,84.123,84.114,84.114,51970000,1
1528254900000,1528254959000,84.115,84.117,84.096,84.102,39180000,1
1528254960000,1528255019000,84.102,84.116,84.102,84.115,54630000,1
1528255020000,1528255079000,84.115,84.116,84.103,84.108,92300000,1
1528255080000,1528255139000,84.109,84.11,84.105,84.108,65110000,1
1528255140000,1528255199000,84.107,84.113,84.101,84.102,67910000,1
1528255200000,1528255259000,84.103,84.11,84.103,84.107,26430000,1
1528255260000,1528255319000,84.107,84.107,84.094,84.094,61710000,1
1528255320000,1528255379000,84.094,84.096,84.094,84.096,42020000,1
1528255380000,1528255439000,84.096,84.1,84.096,84.1,32240000,1
1528255440000,1528255499000,84.099,84.099,84.093,84.095,26550000,1
1528255500000,1528255559000,84.093,84.1,84.093,84.098,44820000,1
1528255560000,1528255619000,84.096,84.098,84.086,84.094,52040000,1
1528255620000,1528255679000,84.094,84.105,84.093,84.101,53740000,1
1528255680000,1528255739000,84.1,84.102,84.098,84.099,29150000,1
1528255740000,1528255799000,84.099,84.101,84.095,84.098,29760000,1
1528255800000,1528255859000,84.097,84.108,84.096,84.105,66840000,1
1528255860000,1528255919000,84.105,84.108,84.1,84.104,38470000,1
1528255920000,1528255979000,84.103,84.103,84.101,84.103,21110000,1
1528255980000,1528256039000,84.104,84.113,84.104,84.107,39300000,1
1528256040000,1528256099000,84.107,84.119,84.107,84.119,31910000,1
1528256100000,1528256159000,84.119,84.119,84.119,84.119,8410000,1
1528256160000,1528256219000,84.118,84.12,84.106,84.106,66780000,1
1528256220000,1528256279000,84.106,84.108,84.103,84.103,35700000,1
1528256280000,1528256339000,84.103,84.106,84.103,84.103,22830000,1
1528256340000,1528256399000,84.103,84.108,84.103,84.105,32140000,1
1528256400000,1528256459000,84.105,84.107,84.098,84.098,64960000,1
1528256460000,1528256519000,84.1,84.116,84.1,84.116,64160000,1
1528256520000,1528256579000,84.116,84.125,84.111,84.125,53220000,1
1528256580000,1528256639000,84.125,84.128,84.124,84.128,40060000,1
1528256640000,1528256699000,84.128,84.132,84.124,84.124,30470000,1
1528256700000,1528256759000,84.124,84.124,84.113,84.113,52220000,1
1528256760000,1528256819000,84.113,84.129,84.111,84.126,61370000,1
1528256820000,1528256879000,84.126,84.133,84.124,84.13,49420000,1
1528256880000,1528256939000,84.13,84.133,84.116,84.116,56170000,1
1528256940000,1528256999000,84.115,84.123,84.115,84.123,48060000,1
1528257000000,1528257059000,84.123,84.127,84.121,84.126,55620000,1
1528257060000,1528257119000,84.127,84.127,84.116,84.118,71700000,1
1528257120000,1528257179000,84.119,84.122,84.116,84.116,44560000,1
1528257180000,1528257239000,84.115,84.122,84.115,84.122,35650000,1
1528257240000,1528257299000,84.122,84.137,84.122,84.137,72440000,1
1528257300000,1528257359000,84.137,84.138,84.128,84.138,86410000,1
1528257360000,1528257419000,84.138,84.144,84.129,84.129,68390000,1
1528257420000,1528257479000,84.13,84.13,84.12,84.12,43470000,1
1528257480000,1528257539000,84.12,84.127,84.116,84.127,52990000,1
1528257540000,1528257599000,84.128,84.136,84.127,84.132,62790000,1
1528257600000,1528257659000,84.131,84.147,84.12,84.139,100160000,1
1528257660000,1528257719000,84.139,84.147,84.138,84.143,103600000,1
1528257720000,1528257779000,84.142,84.145,84.135,84.142,67580000,1
1528257780000,1528257839000,84.143,84.151,84.143,84.149,43740000,1
1528257840000,1528257899000,84.149,84.149,84.142,84.142,27840000,1
1528257900000,1528257959000,84.142,84.142,84.138,84.139,38060000,1
1528257960000,1528258019000,84.137,84.142,84.128,84.134,57540000,1
1528258020000,1528258079000,84.133,84.135,84.13,84.134,26230000,1
1528258080000,1528258139000,84.133,84.144,84.133,84.142,21470000,1
1528258140000,1528258199000,84.144,84.153,84.142,84.151,43440000,1
1528258200000,1528258259000,84.15,84.154,84.15,84.153,64170000,1
1528258260000,1528258319000,84.154,84.16,84.149,84.156,99080000,1
1528258320000,1528258379000,84.156,84.163,84.154,84.158,62700000,1
1528258380000,1528258439000,84.159,84.167,84.154,84.155,85230000,1
1528258440000,1528258499000,84.155,84.17,84.155,84.167,76100000,1
1528258500000,1528258559000,84.167,84.181,84.166,84.167,94990000,1
1528258560000,1528258619000,84.166,84.17,84.166,84.168,35450000,1
1528258620000,1528258679000,84.168,84.168,84.164,84.166,30440000,1
1528258680000,1528258739000,84.166,84.18,84.166,84.18,50310000,1
1528258740000,1528258799000,84.181,84.189,84.181,84.183,74160000,1
1528258800000,1528258859000,84.181,84.186,84.18,84.186,39280000,1
1528258860000,1528258919000,84.186,84.186,84.17,84.17,49870000,1
1528258920000,1528258979000,84.168,84.168,84.147,84.147,86300000,1
1528258980000,1528259039000,84.148,84.157,84.148,84.157,88330000,1
1528259040000,1528259099000,84.157,84.164,84.157,84.163,58300000,1
1528259100000,1528259159000,84.163,84.165,84.159,84.159,47540000,1
1528259160000,1528259219000,84.159,84.195,84.159,84.183,84370000,1
1528259220000,1528259279000,84.182,84.196,84.181,84.196,75700000,1
1528259280000,1528259339000,84.195,84.214,84.188,84.191,134810000,1
1528259340000,1528259399000,84.191,84.202,84.191,84.196,106690000,1
1528259400000,1528259459000,84.195,84.213,84.195,84.213,94930000,1
1528259460000,1528259519000,84.214,84.216,84.203,84.212,101000000,1
1528259520000,1528259579000,84.212,84.214,84.194,84.194,92060000,1
1528259580000,1528259639000,84.195,84.196,84.189,84.189,61560000,1
1528259640000,1528259699000,84.189,84.193,84.182,84.183,57280000,1
1528259700000,1528259759000,84.182,84.199,84.181,84.187,73500000,1
1528259760000,1528259819000,84.186,84.186,84.166,84.171,41340000,1
1528259820000,1528259879000,84.171,84.178,84.171,84.175,46010000,1
1528259880000,1528259939000,84.175,84.176,84.172,84.173,37900000,1
1528259940000,1528259999000,84.173,84.173,84.161,84.163,33830000,1
1528260000000,1528260059000,84.163,84.163,84.157,84.157,16610000,1
1528260060000,1528260119000,84.157,84.157,84.142,84.142,33240000,1
1528260120000,1528260179000,84.142,84.149,84.142,84.148,58890000,1
1528260180000,1528260239000,84.148,84.156,84.148,84.154,69320000,1
1528260240000,1528260299000,84.155,84.166,84.155,84.164,38720000,1
1528260300000,1528260359000,84.164,84.174,84.164,84.174,32540000,1
1528260360000,1528260419000,84.177,84.177,84.169,84.17,69610000,1
1528260420000,1528260479000,84.169,84.171,84.168,84.168,50430000,1
1528260480000,1528260539000,84.168,84.168,84.162,84.163,24490000,1
1528260540000,1528260599000,84.163,84.163,84.158,84.161,16480000,1
1528260600000,1528260659000,84.162,84.162,84.157,84.158,19240000,1
1528260660000,1528260719000,84.157,84.158,84.155,84.156,21190000,1
1528260720000,1528260779000,84.156,84.158,84.154,84.154,23470000,1
1528260780000,1528260839000,84.154,84.157,84.153,84.153,33030000,1
1528260840000,1528260899000,84.153,84.153,84.149,84.149,12610000,1
1528260900000,1528260959000,84.15,84.165,84.15,84.165,51520000,1
1528260960000,1528261019000,84.167,84.178,84.166,84.176,46170000,1
1528261020000,1528261079000,84.175,84.175,84.164,84.168,38150000,1
1528261080000,1528261139000,84.168,84.168,84.168,84.168,18190000,1
1528261140000,1528261199000,84.169,84.176,84.164,84.164,43260000,1
1528261200000,1528261259000,84.167,84.18,84.167,84.17,77710000,1
1528261260000,1528261319000,84.171,84.191,84.171,84.185,71530000,1
1528261320000,1528261379000,84.185,84.187,84.178,84.181,69920000,1
1528261380000,1528261439000,84.181,84.181,84.176,84.178,70060000,1
1528261440000,1528261499000,84.179,84.184,84.179,84.18,59740000,1
1528261500000,1528261559000,84.18,84.193,84.18,84.193,61800000,1
1528261560000,1528261619000,84.192,84.197,84.192,84.195,64320000,1
1528261620000,1528261679000,84.195,84.195,84.182,84.186,75610000,1
1528261680000,1528261739000,84.188,84.188,84.185,84.186,33170000,1
1528261740000,1528261799000,84.186,84.193,84.173,84.175,59150000,1
1528261800000,1528261859000,84.176,84.179,84.172,84.174,73100000,1
1528261860000,1528261919000,84.175,84.183,84.17,84.183,146720000,1
1528261920000,1528261979000,84.185,84.185,84.182,84.184,47020000,1
1528261980000,1528262039000,84.183,84.185,84.179,84.185,104470000,1
1528262040000,1528262099000,84.183,84.184,84.179,84.181,78110000,1
1528262100000,1528262159000,84.182,84.193,84.18,84.192,89710000,1
1528262160000,1528262219000,84.191,84.191,84.179,84.179,60090000,1
1528262220000,1528262279000,84.179,84.182,84.172,84.174,93660000,1
1528262280000,1528262339000,84.174,84.176,84.172,84.175,59550000,1
1528262340000,1528262399000,84.175,84.175,84.164,84.169,83820000,1
1528262400000,1528262459000,84.168,84.171,84.157,84.157,136310000,1
1528262460000,1528262519000,84.157,84.172,84.153,84.17,68760000,1
1528262520000,1528262579000,84.17,84.183,84.17,84.181,89940000,1
1528262580000,1528262639000,84.181,84.182,84.176,84.182,65120000,1
1528262640000,1528262699000,84.182,84.187,84.178,84.187,39100000,1
1528262700000,1528262759000,84.186,84.187,84.181,84.185,48030000,1
1528262760000,1528262819000,84.183,84.205,84.18,84.205,111220000,1
1528262820000,1528262879000,84.204,84.208,84.198,84.199,94970000,1
1528262880000,1528262939000,84.198,84.242,84.197,84.242,96160000,1
1528262940000,1528262999000,84.24,84.266,84.228,84.248,114040000,1
1528263000000,1528263059000,84.247,84.267,84.247,84.253,153150000,1
1528263060000,1528263119000,84.252,84.253,84.235,84.238,139970000,1
1528263120000,1528263179000,84.238,84.241,84.226,84.233,94550000,1
1528263180000,1528263239000,84.235,84.24,84.229,84.232,105790000,1
1528263240000,1528263299000,84.231,84.24,84.228,84.23,99590000,1
1528263300000,1528263359000,84.228,84.29,84.228,84.285,133750000,1
1528263360000,1528263419000,84.284,84.321,84.28,84.316,159300000,1
1528263420000,1528263479000,84.317,84.333,84.297,84.331,101190000,1
1528263480000,1528263539000,84.332,84.368,84.329,84.365,168310000,1
1528263540000,1528263599000,84.366,84.366,84.319,84.324,175880000,1
1528263600000,1528263659000,84.324,84.324,84.289,84.289,163340000,1
1528263660000,1528263719000,84.29,84.293,84.277,84.277,108650000,1
1528263720000,1528263779000,84.277,84.279,84.256,84.256,125600000,1
1528263780000,1528263839000,84.256,84.266,84.256,84.262,103210000,1
1528263840000,1528263899000,84.261,84.276,84.26,84.271,166610000,1
1528263900000,1528263959000,84.268,84.282,84.267,84.269,188550000,1
1528263960000,1528264019000,84.269,84.274,84.264,84.265,129310000,1
1528264020000,1528264079000,84.265,84.266,84.25,84.252,65000000,1
1528264080000,1528264139000,84.252,84.252,84.236,84.239,97960000,1
1528264140000,1528264199000,84.239,84.245,84.227,84.23,87500000,1
1528264200000,1528264259000,84.23,84.245,84.223,84.234,149310000,1
1528264260000,1528264319000,84.234,84.243,84.225,84.225,82730000,1
1528264320000,1528264379000,84.225,84.245,84.225,84.243,87720000,1
1528264380000,1528264439000,84.242,84.242,84.226,84.226,121430000,1
1528264440000,1528264499000,84.227,84.227,84.213,84.226,102550000,1
1528264500000,1528264559000,84.226,84.247,84.224,84.247,118070000,1
1528264560000,1528264619000,84.247,84.247,84.231,84.24,142500000,1
1528264620000,1528264679000,84.24,84.243,84.224,84.225,105960000,1
1528264680000,1528264739000,84.225,84.225,84.224,84.224,44230000,1
1528264740000,1528264799000,84.224,84.225,84.202,84.202,113410000,1
1528264800000,1528264859000,84.201,84.232,84.201,84.232,76770000,1
1528264860000,1528264919000,84.234,84.239,84.225,84.225,127560000,1
1528264920000,1528264979000,84.222,84.227,84.21,84.227,121260000,1
1528264980000,1528265039000,84.227,84.228,84.216,84.224,92760000,1
1528265040000,1528265099000,84.224,84.238,84.222,84.235,116660000,1
1528265100000,1528265159000,84.235,84.256,84.234,84.256,129730000,1
1528265160000,1528265219000,84.256,84.256,84.233,84.234,158500000,1
1528265220000,1528265279000,84.234,84.245,84.223,84.24,126290000,1
1528265280000,1528265339000,84.24,84.247,84.228,84.244,147950000,1
1528265340000,1528265399000,84.244,84.255,84.22,84.22,145360000,1
1528265400000,1528265459000,84.222,84.23,84.212,84.214,159180000,1
1528265460000,1528265519000,84.213,84.213,84.197,84.204,130100000,1
1528265520000,1528265579000,84.204,84.207,84.197,84.2,126550000,1
1528265580000,1528265639000,84.2,84.203,84.194,84.2,90180000,1
1528265640000,1528265699000,84.2,84.201,84.187,84.189,91220000,1
1528265700000,1528265759000,84.185,84.192,84.182,84.183,65190000,1
1528265760000,1528265819000,84.184,84.184,84.165,84.172,75670000,1
1528265820000,1528265879000,84.171,84.176,84.159,84.159,81450000,1
1528265880000,1528265939000,84.159,84.165,84.154,84.16,68300000,1
1528265940000,1528265999000,84.16,84.248,84.16,84.248,169150000,1
1528266000000,1528266059000,84.247,84.263,84.216,84.216,172220000,1
1528266060000,1528266119000,84.216,84.218,84.191,84.201,114380000,1
1528266120000,1528266179000,84.199,84.216,84.193,84.212,158090000,1
1528266180000,1528266239000,84.211,84.217,84.197,84.217,145990000,1
1528266240000,1528266299000,84.219,84.227,84.21,84.227,142150000,1
1528266300000,1528266359000,84.227,84.231,84.217,84.226,144500000,1
1528266360000,1528266419000,84.225,84.236,84.223,84.236,147600000,1
1528266420000,1528266479000,84.236,84.276,84.23,84.268,157340000,1
1528266480000,1528266539000,84.267,84.324,84.253,84.324,166690000,1
1528266540000,1528266599000,84.327,84.367,84.326,84.33,226740000,1
1528266600000,1528266659000,84.329,84.34,84.297,84.299,133350000,1
1528266660000,1528266719000,84.3,84.314,84.288,84.308,152890000,1
1528266720000,1528266779000,84.311,84.325,84.278,84.285,178720000,1
1528266780000,1528266839000,84.286,84.333,84.284,84.299,217560000,1
1528266840000,1528266899000,84.3,84.32,84.272,84.273,181660000,1
1528266900000,1528266959000,84.272,84.297,84.27,84.287,175100000,1
1528266960000,1528267019000,84.288,84.293,84.264,84.268,218710000,1
1528267020000,1528267079000,84.268,84.295,84.268,84.274,100740000,1
1528267080000,1528267139000,84.274,84.28,84.26,84.275,106120000,1
1528267140000,1528267199000,84.275,84.275,84.254,84.258,128720000,1
1528267200000,1528267259000,84.258,84.273,84.249,84.263,95850000,1
1528267260000,1528267319000,84.262,84.272,84.257,84.259,95180000,1
1528267320000,1528267379000,84.259,84.269,84.254,84.258,93230000,1
1528267380000,1528267439000,84.258,84.27,84.249,84.27,131670000,1
1528267440000,1528267499000,84.271,84.275,84.223,84.228,156280000,1
1528267500000,1528267559000,84.228,84.242,84.221,84.23,122300000,1
1528267560000,1528267619000,84.232,84.232,84.203,84.203,129070000,1
1528267620000,1528267679000,84.202,84.206,84.181,84.181,150190000,1
1528267680000,1528267739000,84.182,84.188,84.159,84.161,149500000,1
1528267740000,1528267799000,84.16,84.163,84.154,84.158,122910000,1
1528267800000,1528267859000,84.159,84.169,84.151,84.161,154360000,1
1528267860000,1528267919000,84.16,84.16,84.138,84.149,212980000,1
1528267920000,1528267979000,84.151,84.172,84.151,84.163,152010000,1
1528267980000,1528268039000,84.164,84.175,84.152,84.158,159140000,1
1528268040000,1528268099000,84.158,84.177,84.148,84.165,145240000,1
1528268100000,1528268159000,84.165,84.178,84.162,84.177,158130000,1
1528268160000,1528268219000,84.177,84.194,84.176,84.187,125140000,1
1528268220000,1528268279000,84.187,84.259,84.186,84.235,201010000,1
1528268280000,1528268339000,84.233,84.233,84.171,84.189,191930000,1
1528268340000,1528268399000,84.189,84.203,84.188,84.194,128130000,1
1528268400000,1528268459000,84.194,84.268,84.194,84.232,283880000,1
1528268460000,1528268519000,84.23,84.252,84.21,84.214,203820000,1
1528268520000,1528268579000,84.214,84.253,84.214,84.234,154730000,1
1528268580000,1528268639000,84.232,84.282,84.228,84.267,133650000,1
1528268640000,1528268699000,84.269,84.329,84.266,84.319,217150000,1
1528268700000,1528268759000,84.322,84.34,84.288,84.303,322180000,1
1528268760000,1528268819000,84.304,84.32,84.286,84.29,205460000,1
1528268820000,1528268879000,84.289,84.289,84.232,84.255,142260000,1
1528268880000,1528268939000,84.255,84.287,84.255,84.275,175190000,1
1528268940000,1528268999000,84.275,84.293,84.263,84.266,154980000,1
1528269000000,1528269059000,84.264,84.275,84.252,84.263,177900000,1
1528269060000,1528269119000,84.264,84.264,84.24,84.251,164870000,1
1528269120000,1528269179000,84.252,84.258,84.234,84.234,98880000,1
1528269180000,1528269239000,84.233,84.258,84.233,84.244,127800000,1
1528269240000,1528269299000,84.244,84.268,84.244,84.255,158830000,1
1528269300000,1528269359000,84.255,84.266,84.237,84.237,125440000,1
1528269360000,1528269419000,84.237,84.241,84.231,84.231,101310000,1
1528269420000,1528269479000,84.23,84.241,84.216,84.228,118800000,1
1528269480000,1528269539000,84.227,84.238,84.223,84.238,156670000,1
1528269540000,1528269599000,84.24,84.264,84.229,84.241,204250000,1
1528269600000,1528269659000,84.241,84.254,84.226,84.252,164230000,1
1528269660000,1528269719000,84.251,84.284,84.243,84.281,136500000,1
1528269720000,1528269779000,84.28,84.347,84.279,84.33,180450000,1
1528269780000,1528269839000,84.331,84.357,84.302,84.307,187990000,1
1528269840000,1528269899000,84.307,84.323,84.294,84.32,208690000,1
1528269900000,1528269959000,84.32,84.322,84.293,84.295,155780000,1
1528269960000,1528270019000,84.296,84.3,84.268,84.27,160530000,1
1528270020000,1528270079000,84.271,84.276,84.253,84.257,167650000,1
1528270080000,1528270139000,84.259,84.29,84.259,84.26,175500000,1
1528270140000,1528270199000,84.262,84.281,84.256,84.267,148700000,1
1528270200000,1528270259000,84.266,84.275,84.233,84.242,116100000,1
1528270260000,1528270319000,84.243,84.246,84.23,84.232,86960000,1
1528270320000,1528270379000,84.231,84.245,84.23,84.239,127280000,1
1528270380000,1528270439000,84.239,84.239,84.204,84.221,190090000,1
1528270440000,1528270499000,84.222,84.227,84.21,84.226,166110000,1
1528270500000,1528270559000,84.224,84.232,84.213,84.217,133280000,1
1528270560000,1528270619000,84.216,84.253,84.2,84.252,180200000,1
1528270620000,1528270679000,84.253,84.273,84.245,84.273,140060000,1
1528270680000,1528270739000,84.273,84.273,84.232,84.233,125840000,1
1528270740000,1528270799000,84.232,84.234,84.22,84.233,93900000,1
1528270800000,1528270859000,84.231,84.267,84.227,84.242,143710000,1
1528270860000,1528270919000,84.243,84.253,84.237,84.239,166760000,1
1528270920000,1528270979000,84.238,84.256,84.229,84.254,188480000,1
1528270980000,1528271039000,84.254,84.254,84.225,84.225,153990000,1
1528271040000,1528271099000,84.225,84.225,84.208,84.215,159550000,1
1528271100000,1528271159000,84.216,84.216,84.142,84.142,175300000,1
1528271160000,1528271219000,84.144,84.173,84.143,84.159,155390000,1
1528271220000,1528271279000,84.158,84.161,84.106,84.107,178350000,1
1528271280000,1528271339000,84.104,84.111,84.065,84.083,148490000,1
1528271340000,1528271399000,84.084,84.129,84.084,84.112,219040000,1
1528271400000,1528271459000,84.112,84.123,84.088,84.121,174070000,1
1528271460000,1528271519000,84.123,84.123,84.101,84.104,124660000,1
1528271520000,1528271579000,84.101,84.104,84.087,84.095,134720000,1
1528271580000,1528271639000,84.095,84.103,84.091,84.091,155420000,1
1528271640000,1528271699000,84.091,84.112,84.086,84.109,162710000,1
1528271700000,1528271759000,84.11,84.113,84.092,84.104,131620000,1
1528271760000,1528271819000,84.104,84.116,84.104,84.11,90870000,1
1528271820000,1528271879000,84.111,84.136,84.108,84.136,102780000,1
1528271880000,1528271939000,84.136,84.16,84.135,84.159,149660000,1
1528271940000,1528271999000,84.159,84.164,84.144,84.153,166740000,1
1528272000000,1528272059000,84.156,84.171,84.101,84.117,178710000,1
1528272060000,1528272119000,84.118,84.15,84.118,84.146,189920000,1
1528272120000,1528272179000,84.145,84.146,84.131,84.134,122240000,1
1528272180000,1528272239000,84.134,84.147,84.128,84.129,167870000,1
1528272240000,1528272299000,84.128,84.154,84.128,84.147,135720000,1
1528272300000,1528272359000,84.145,84.154,84.135,84.15,186780000,1
1528272360000,1528272419000,84.15,84.162,84.15,84.162,92920000,1
1528272420000,1528272479000,84.163,84.178,84.12,84.12,146300000,1
1528272480000,1528272539000,84.118,84.146,84.117,84.141,129530000,1
1528272540000,1528272599000,84.142,84.144,84.124,84.129,141090000,1
1528272600000,1528272659000,84.129,84.156,84.129,84.145,134260000,1
1528272660000,1528272719000,84.145,84.159,84.129,84.136,118540000,1
1528272720000,1528272779000,84.135,84.15,84.135,84.148,175180000,1
1528272780000,1528272839000,84.148,84.151,84.14,84.14,115100000,1
1528272840000,1528272899000,84.139,84.147,84.127,84.129,160500000,1
1528272900000,1528272959000,84.129,84.129,84.101,84.109,173370000,1
1528272960000,1528273019000,84.108,84.141,84.106,84.141,158620000,1
1528273020000,1528273079000,84.141,84.175,84.136,84.136,153350000,1
1528273080000,1528273139000,84.137,84.14,84.113,84.115,113310000,1
1528273140000,1528273199000,84.116,84.125,84.11,84.122,98510000,1
1528273200000,1528273259000,84.122,84.132,84.113,84.132,146540000,1
1528273260000,1528273319000,84.133,84.142,84.131,84.132,76970000,1
1528273320000,1528273379000,84.132,84.148,84.115,84.115,105100000,1
1528273380000,1528273439000,84.115,84.13,84.113,84.127,105360000,1
1528273440000,1528273499000,84.126,84.132,84.123,84.132,97810000,1
1528273500000,1528273559000,84.131,84.134,84.114,84.124,82980000,1
1528273560000,1528273619000,84.124,84.164,84.124,84.164,120710000,1
1528273620000,1528273679000,84.165,84.183,84.161,84.175,123850000,1
1528273680000,1528273739000,84.174,84.179,84.152,84.152,82940000,1
1528273740000,1528273799000,84.152,84.167,84.151,84.167,73980000,1
1528273800000,1528273859000,84.166,84.203,84.166,84.191,174240000,1
1528273860000,1528273919000,84.193,84.205,84.19,84.193,131370000,1
1528273920000,1528273979000,84.193,84.205,84.193,84.202,165830000,1
1528273980000,1528274039000,84.201,84.209,84.197,84.2,99630000,1
1528274040000,1528274099000,84.201,84.201,84.191,84.196,113420000,1
1528274100000,1528274159000,84.196,84.208,84.193,84.203,122830000,1
1528274160000,1528274219000,84.203,84.203,84.193,84.201,72190000,1
1528274220000,1528274279000,84.202,84.223,84.202,84.217,65940000,1
1528274280000,1528274339000,84.217,84.225,84.214,84.222,87540000,1
1528274340000,1528274399000,84.224,84.23,84.22,84.23,77470000,1
1528274400000,1528274459000,84.23,84.235,84.224,84.224,118390000,1
1528274460000,1528274519000,84.224,84.228,84.22,84.224,114150000,1
1528274520000,1528274579000,84.224,84.226,84.2,84.206,111020000,1
1528274580000,1528274639000,84.207,84.218,84.207,84.217,95640000,1
1528274640000,1528274699000,84.218,84.219,84.209,84.214,192550000,1
1528274700000,1528274759000,84.214,84.215,84.191,84.192,149330000,1
1528274760000,1528274819000,84.191,84.198,84.188,84.196,132140000,1
1528274820000,1528274879000,84.198,84.218,84.198,84.202,137470000,1
1528274880000,1528274939000,84.202,84.203,84.175,84.177,134620000,1
1528274940000,1528274999000,84.178,84.187,84.173,84.185,103190000,1
1528275000000,1528275059000,84.186,84.196,84.174,84.196,121630000,1
1528275060000,1528275119000,84.196,84.199,84.192,84.195,114250000,1
1528275120000,1528275179000,84.195,84.195,84.173,84.173,74620000,1
1528275180000,1528275239000,84.173,84.174,84.15,84.159,91670000,1
1528275240000,1528275299000,84.16,84.163,84.15,84.152,78720000,1
1528275300000,1528275359000,84.152,84.192,84.151,84.191,107060000,1
1528275360000,1528275419000,84.191,84.204,84.188,84.197,133030000,1
1528275420000,1528275479000,84.197,84.198,84.153,84.154,162200000,1
1528275480000,1528275539000,84.155,84.161,84.145,84.16,126610000,1
1528275540000,1528275599000,84.163,84.171,84.154,84.156,143440000,1
1528275600000,1528275659000,84.159,84.187,84.155,84.155,159460000,1
1528275660000,1528275719000,84.153,84.157,84.141,84.148,179410000,1
1528275720000,1528275779000,84.148,84.149,84.133,84.144,118550000,1
1528275780000,1528275839000,84.142,84.146,84.136,84.138,142870000,1
1528275840000,1528275899000,84.137,84.148,84.136,84.138,71060000,1
1528275900000,1528275959000,84.137,84.157,84.136,84.157,115130000,1
1528275960000,1528276019000,84.158,84.158,84.135,84.135,90630000,1
1528276020000,1528276079000,84.135,84.138,84.129,84.136,88680000,1
1528276080000,1528276139000,84.136,84.149,84.129,84.148,148860000,1
1528276140000,1528276199000,84.146,84.149,84.125,84.137,138150000,1
1528276200000,1528276259000,84.137,84.15,84.135,84.15,125280000,1
1528276260000,1528276319000,84.15,84.16,84.146,84.158,144280000,1
1528276320000,1528276379000,84.157,84.157,84.14,84.141,118020000,1
1528276380000,1528276439000,84.14,84.179,84.131,84.173,190770000,1
1528276440000,1528276499000,84.173,84.181,84.171,84.178,166690000,1
1528276500000,1528276559000,84.178,84.205,84.178,84.205,112950000,1
1528276560000,1528276619000,84.205,84.21,84.193,84.196,90030000,1
1528276620000,1528276679000,84.197,84.204,84.191,84.191,105640000,1
1528276680000,1528276739000,84.191,84.196,84.18,84.19,126420000,1
1528276740000,1528276799000,84.189,84.195,84.17,84.195,115240000,1
1528276800000,1528276859000,84.197,84.199,84.183,84.186,117640000,1
1528276860000,1528276919000,84.186,84.204,84.186,84.204,115490000,1
1528276920000,1528276979000,84.204,84.21,84.196,84.208,109950000,1
1528276980000,1528277039000,84.207,84.208,84.195,84.203,79860000,1
1528277040000,1528277099000,84.202,84.215,84.194,84.203,113470000,1
1528277100000,1528277159000,84.205,84.23,84.205,84.23,76590000,1
1528277160000,1528277219000,84.231,84.236,84.227,84.233,131280000,1
1528277220000,1528277279000,84.235,84.248,84.208,84.21,143110000,1
1528277280000,1528277339000,84.209,84.224,84.201,84.217,119380000,1
1528277340000,1528277399000,84.216,84.218,84.207,84.213,55280000,1
1528277400000,1528277459000,84.216,84.232,84.213,84.232,87810000,1
1528277460000,1528277519000,84.231,84.245,84.23,84.239,63990000,1
1528277520000,1528277579000,84.241,84.251,84.232,84.244,123030000,1
1528277580000,1528277639000,84.241,84.27,84.236,84.264,117310000,1
1528277640000,1528277699000,84.262,84.27,84.25,84.25,135040000,1
1528277700000,1528277759000,84.251,84.272,84.248,84.259,128900000,1
1528277760000,1528277819000,84.258,84.258,84.227,84.228,105940000,1
1528277820000,1528277879000,84.228,84.241,84.227,84.236,123630000,1
1528277880000,1528277939000,84.235,84.235,84.223,84.225,89430000,1
1528277940000,1528277999000,84.224,84.232,84.217,84.232,99380000,1
1528278000000,1528278059000,84.23,84.238,84.224,84.238,134510000,1
1528278060000,1528278119000,84.238,84.255,84.217,84.219,127210000,1
1528278120000,1528278179000,84.22,84.227,84.21,84.227,140990000,1
1528278180000,1528278239000,84.227,84.248,84.222,84.244,94180000,1
1528278240000,1528278299000,84.244,84.25,84.234,84.248,155970000,1
1528278300000,1528278359000,84.249,84.264,84.245,84.257,112800000,1
1528278360000,1528278419000,84.259,84.276,84.254,84.268,108550000,1
1528278420000,1528278479000,84.268,84.268,84.243,84.245,127210000,1
1528278480000,1528278539000,84.246,84.254,84.239,84.247,89980000,1
1528278540000,1528278599000,84.246,84.259,84.24,84.257,119810000,1
1528278600000,1528278659000,84.256,84.267,84.256,84.262,78530000,1
1528278660000,1528278719000,84.26,84.264,84.244,84.25,64930000,1
1528278720000,1528278779000,84.251,84.271,84.251,84.27,137950000,1
1528278780000,1528278839000,84.27,84.27,84.249,84.258,80250000,1
1528278840000,1528278899000,84.259,84.262,84.25,84.26,98290000,1
1528278900000,1528278959000,84.26,84.308,84.26,84.298,132420000,1
1528278960000,1528279019000,84.296,84.307,84.289,84.3,108530000,1
1528279020000,1528279079000,84.299,84.315,84.296,84.313,96030000,1
1528279080000,1528279139000,84.315,84.318,84.31,84.312,89000000,1
1528279140000,1528279199000,84.311,84.328,84.306,84.322,138320000,1
1528279200000,1528279259000,84.322,84.329,84.299,84.313,218040000,1
1528279260000,1528279319000,84.314,84.332,84.309,84.326,166350000,1
1528279320000,1528279379000,84.326,84.329,84.321,84.326,98760000,1
1528279380000,1528279439000,84.327,84.328,84.309,84.309,140060000,1
1528279440000,1528279499000,84.309,84.324,84.307,84.321,87400000,1
1528279500000,1528279559000,84.322,84.328,84.314,84.325,97670000,1
1528279560000,1528279619000,84.325,84.345,84.317,84.341,133210000,1
1528279620000,1528279679000,84.341,84.348,84.314,84.315,102020000,1
1528279680000,1528279739000,84.314,84.315,84.302,84.307,66670000,1
1528279740000,1528279799000,84.307,84.311,84.292,84.294,108200000,1
1528279800000,1528279859000,84.294,84.298,84.287,84.29,76210000,1
1528279860000,1528279919000,84.29,84.296,84.269,84.272,99580000,1
1528279920000,1528279979000,84.274,84.284,84.273,84.284,34070000,1
1528279980000,1528280039000,84.285,84.29,84.283,84.286,54020000,1
1528280040000,1528280099000,84.288,84.308,84.288,84.306,182470000,1
1528280100000,1528280159000,84.305,84.318,84.294,84.294,149670000,1
1528280160000,1528280219000,84.294,84.322,84.294,84.308,181810000,1
1528280220000,1528280279000,84.308,84.322,84.304,84.322,96170000,1
1528280280000,1528280339000,84.323,84.325,84.319,84.321,97250000,1
1528280340000,1528280399000,84.323,84.327,84.315,84.319,138970000,1
1528280400000,1528280459000,84.319,84.328,84.317,84.319,124620000,1
1528280460000,1528280519000,84.319,84.32,84.3,84.301,118710000,1
1528280520000,1528280579000,84.301,84.31,84.295,84.302,106970000,1
1528280580000,1528280639000,84.302,84.312,84.302,84.306,70100000,1
1528280640000,1528280699000,84.306,84.306,84.298,84.3,65420000,1
1528280700000,1528280759000,84.3,84.301,84.296,84.296,63340000,1
1528280760000,1528280819000,84.296,84.297,84.289,84.297,74550000,1
1528280820000,1528280879000,84.297,84.297,84.287,84.287,57080000,1
1528280880000,1528280939000,84.287,84.291,84.274,84.274,57800000,1
1528280940000,1528280999000,84.275,84.28,84.265,84.265,92750000,1
1528281000000,1528281059000,84.265,84.266,84.245,84.256,113490000,1
1528281060000,1528281119000,84.255,84.258,84.253,84.257,93070000,1
1528281120000,1528281179000,84.258,84.264,84.249,84.253,72060000,1
1528281180000,1528281239000,84.253,84.253,84.244,84.248,111450000,1
1528281240000,1528281299000,84.248,84.256,84.248,84.254,115380000,1
1528281300000,1528281359000,84.254,84.267,84.251,84.266,76780000,1
1528281360000,1528281419000,84.267,84.267,84.25,84.25,98430000,1
1528281420000,1528281479000,84.25,84.259,84.25,84.259,61270000,1
1528281480000,1528281539000,84.258,84.268,84.249,84.25,106690000,1
1528281540000,1528281599000,84.249,84.253,84.246,84.253,82250000,1
1528281600000,1528281659000,84.253,84.292,84.251,84.283,109310000,1
1528281660000,1528281719000,84.28,84.28,84.262,84.269,162610000,1
1528281720000,1528281779000,84.268,84.28,84.259,84.279,95790000,1
1528281780000,1528281839000,84.279,84.279,84.262,84.262,66860000,1
1528281840000,1528281899000,84.261,84.271,84.259,84.259,85410000,1
1528281900000,1528281959000,84.259,84.272,84.259,84.259,126680000,1
1528281960000,1528282019000,84.259,84.273,84.259,84.272,97820000,1
1528282020000,1528282079000,84.272,84.276,84.262,84.267,76370000,1
1528282080000,1528282139000,84.267,84.267,84.257,84.261,90820000,1
1528282140000,1528282199000,84.261,84.261,84.249,84.259,116680000,1
1528282200000,1528282259000,84.26,84.285,84.255,84.277,135490000,1
1528282260000,1528282319000,84.277,84.277,84.263,84.276,102680000,1
1528282320000,1528282379000,84.275,84.284,84.274,84.283,117770000,1
1528282380000,1528282439000,84.283,84.303,84.283,84.295,134130000,1
1528282440000,1528282499000,84.294,84.3,84.294,84.295,92430000,1
1528282500000,1528282559000,84.296,84.309,84.292,84.292,144930000,1
1528282560000,1528282619000,84.292,84.301,84.278,84.278,131440000,1
1528282620000,1528282679000,84.278,84.292,84.278,84.29,78200000,1
1528282680000,1528282739000,84.289,84.291,84.278,84.28,46050000,1
1528282740000,1528282799000,84.281,84.304,84.28,84.303,57880000,1
1528282800000,1528282859000,84.303,84.312,84.297,84.298,115790000,1
1528282860000,1528282919000,84.299,84.308,84.293,84.296,79480000,1
1528282920000,1528282979000,84.296,84.299,84.283,84.298,98200000,1
1528282980000,1528283039000,84.297,84.315,84.295,84.304,93270000,1
1528283040000,1528283099000,84.303,84.304,84.288,84.288,86490000,1
1528283100000,1528283159000,84.287,84.287,84.279,84.285,120260000,1
1528283160000,1528283219000,84.287,84.287,84.274,84.284,123170000,1
1528283220000,1528283279000,84.284,84.301,84.278,84.3,78500000,1
1528283280000,1528283339000,84.3,84.314,84.295,84.3,153640000,1
1528283340000,1528283399000,84.3,84.31,84.297,84.307,118540000,1
1528283400000,1528283459000,84.305,84.341,84.3,84.33,159160000,1
1528283460000,1528283519000,84.33,84.348,84.324,84.348,83750000,1
1528283520000,1528283579000,84.347,84.357,84.346,84.349,41660000,1
1528283580000,1528283639000,84.348,84.375,84.348,84.365,109080000,1
1528283640000,1528283699000,84.364,84.364,84.356,84.359,82140000,1
1528283700000,1528283759000,84.359,84.386,84.359,84.366,142070000,1
1528283760000,1528283819000,84.367,84.389,84.366,84.383,74770000,1
1528283820000,1528283879000,84.383,84.383,84.351,84.351,113660000,1
1528283880000,1528283939000,84.353,84.355,84.321,84.338,147530000,1
1528283940000,1528283999000,84.339,84.354,84.339,84.34,133220000,1
1528284000000,1528284059000,84.342,84.357,84.339,84.35,87200000,1
1528284060000,1528284119000,84.349,84.358,84.347,84.357,98890000,1
1528284120000,1528284179000,84.359,84.365,84.359,84.359,75830000,1
1528284180000,1528284239000,84.359,84.385,84.358,84.381,118910000,1
1528284240000,1528284299000,84.381,84.381,84.361,84.371,119020000,1
1528284300000,1528284359000,84.37,84.373,84.348,84.351,112850000,1
1528284360000,1528284419000,84.35,84.351,84.341,84.344,95900000,1
1528284420000,1528284479000,84.347,84.352,84.336,84.34,175940000,1
1528284480000,1528284539000,84.339,84.349,84.336,84.347,138240000,1
1528284540000,1528284599000,84.347,84.347,84.336,84.341,115310000,1
1528284600000,1528284659000,84.342,84.367,84.342,84.364,101810000,1
1528284660000,1528284719000,84.363,84.368,84.357,84.363,100760000,1
1528284720000,1528284779000,84.366,84.371,84.342,84.345,123460000,1
1528284780000,1528284839000,84.344,84.37,84.336,84.366,135630000,1
1528284840000,1528284899000,84.366,84.381,84.366,84.375,107490000,1
1528284900000,1528284959000,84.372,84.398,84.365,84.372,165200000,1
1528284960000,1528285019000,84.372,84.395,84.37,84.392,147530000,1
1528285020000,1528285079000,84.391,84.391,84.374,84.382,127030000,1
1528285080000,1528285139000,84.381,84.391,84.363,84.368,64160000,1
1528285140000,1528285199000,84.368,84.37,84.361,84.365,60430000,1
1528285200000,1528285259000,84.365,84.365,84.36,84.361,67150000,1
1528285260000,1528285319000,84.362,84.366,84.359,84.364,75010000,1
1528285320000,1528285379000,84.362,84.368,84.358,84.36,57410000,1
1528285380000,1528285439000,84.36,84.361,84.35,84.352,68590000,1
1528285440000,1528285499000,84.351,84.363,84.349,84.362,56600000,1
1528285500000,1528285559000,84.362,84.397,84.362,84.388,107180000,1
1528285560000,1528285619000,84.388,84.389,84.374,84.38,98460000,1
1528285620000,1528285679000,84.378,84.378,84.362,84.363,88330000,1
1528285680000,1528285739000,84.363,84.387,84.363,84.382,136790000,1
1528285740000,1528285799000,84.384,84.388,84.376,84.384,117670000,1
1528285800000,1528285859000,84.384,84.399,84.382,84.387,89450000,1
1528285860000,1528285919000,84.386,84.394,84.381,84.39,125320000,1
1528285920000,1528285979000,84.393,84.394,84.383,84.393,84620000,1
1528285980000,1528286039000,84.393,84.404,84.392,84.403,75450000,1
1528286040000,1528286099000,84.403,84.404,84.386,84.386,86950000,1
1528286100000,1528286159000,84.386,84.401,84.386,84.394,63440000,1
1528286160000,1528286219000,84.395,84.406,84.395,84.405,81520000,1
1528286220000,1528286279000,84.406,84.412,84.399,84.41,61540000,1
1528286280000,1528286339000,84.41,84.41,84.398,84.405,44210000,1
1528286340000,1528286399000,84.405,84.406,84.397,84.397,69260000,1
1528286400000,1528286459000,84.398,84.431,84.398,84.409,173890000,1
1528286460000,1528286519000,84.408,84.408,84.389,84.396,152200000,1
1528286520000,1528286579000,84.394,84.405,84.384,84.384,133250000,1
1528286580000,1528286639000,84.385,84.385,84.358,84.361,94930000,1
1528286640000,1528286699000,84.358,84.358,84.338,84.339,95890000,1
1528286700000,1528286759000,84.339,84.357,84.336,84.345,123860000,1
1528286760000,1528286819000,84.345,84.356,84.34,84.354,105170000,1
1528286820000,1528286879000,84.354,84.357,84.346,84.348,75630000,1
1528286880000,1528286939000,84.35,84.361,84.349,84.358,97810000,1
1528286940000,1528286999000,84.357,84.358,84.349,84.352,181890000,1
1528287000000,1528287059000,84.351,84.354,84.328,84.347,233950000,1
1528287060000,1528287119000,84.344,84.348,84.324,84.33,192730000,1
1528287120000,1528287179000,84.33,84.33,84.312,84.313,119200000,1
1528287180000,1528287239000,84.31,84.33,84.308,84.329,121750000,1
1528287240000,1528287299000,84.329,84.331,84.322,84.325,122820000,1
1528287300000,1528287359000,84.324,84.362,84.324,84.357,183950000,1
1528287360000,1528287419000,84.357,84.358,84.332,84.332,191380000,1
1528287420000,1528287479000,84.331,84.352,84.325,84.347,146470000,1
1528287480000,1528287539000,84.345,84.345,84.338,84.341,94110000,1
1528287540000,1528287599000,84.341,84.345,84.332,84.337,140810000,1
1528287600000,1528287659000,84.336,84.35,84.336,84.35,128680000,1
1528287660000,1528287719000,84.349,84.365,84.347,84.355,159800000,1
1528287720000,1528287779000,84.354,84.362,84.346,84.349,107960000,1
1528287780000,1528287839000,84.349,84.37,84.349,84.369,86110000,1
1528287840000,1528287899000,84.37,84.378,84.364,84.364,79010000,1
1528287900000,1528287959000,84.364,84.366,84.344,84.344,86090000,1
1528287960000,1528288019000,84.344,84.356,84.341,84.353,129680000,1
1528288020000,1528288079000,84.348,84.378,84.346,84.377,96170000,1
1528288080000,1528288139000,84.376,84.398,84.375,84.397,70670000,1
1528288140000,1528288199000,84.397,84.401,84.381,84.389,90250000,1
1528288200000,1528288259000,84.389,84.421,84.389,84.399,123720000,1
1528288260000,1528288319000,84.4,84.408,84.385,84.385,106710000,1
1528288320000,1528288379000,84.386,84.392,84.371,84.378,109540000,1
1528288380000,1528288439000,84.38,84.38,84.352,84.358,150900000,1
1528288440000,1528288499000,84.359,84.394,84.359,84.378,175050000,1
1528288500000,1528288559000,84.378,84.394,84.371,84.385,109080000,1
1528288560000,1528288619000,84.385,84.407,84.384,84.402,93480000,1
1528288620000,1528288679000,84.402,84.404,84.385,84.394,137650000,1
1528288680000,1528288739000,84.394,84.395,84.363,84.379,134360000,1
1528288740000,1528288799000,84.38,84.392,84.373,84.379,130690000,1
1528288800000,1528288859000,84.38,84.393,84.373,84.383,105280000,1
1528288860000,1528288919000,84.385,84.39,84.373,84.389,129560000,1
1528288920000,1528288979000,84.389,84.391,84.372,84.373,118880000,1
1528288980000,1528289039000,84.373,84.386,84.373,84.373,94270000,1
1528289040000,1528289099000,84.372,84.373,84.358,84.362,112050000,1
1528289100000,1528289159000,84.362,84.373,84.356,84.373,154310000,1
1528289160000,1528289219000,84.373,84.373,84.347,84.347,110570000,1
1528289220000,1528289279000,84.348,84.36,84.348,84.357,83050000,1
1528289280000,1528289339000,84.357,84.358,84.335,84.341,124440000,1
1528289340000,1528289399000,84.339,84.339,84.31,84.31,127800000,1
1528289400000,1528289459000,84.31,84.322,84.31,84.312,177340000,1
1528289460000,1528289519000,84.312,84.325,84.302,84.325,196170000,1
1528289520000,1528289579000,84.325,84.337,84.319,84.337,112500000,1
1528289580000,1528289639000,84.335,84.349,84.331,84.347,112970000,1
1528289640000,1528289699000,84.347,84.355,84.339,84.352,88060000,1
1528289700000,1528289759000,84.351,84.351,84.337,84.34,91150000,1
1528289760000,1528289819000,84.337,84.341,84.336,84.339,56660000,1
1528289820000,1528289879000,84.339,84.343,84.323,84.327,88120000,1
1528289880000,1528289939000,84.329,84.342,84.32,84.339,125990000,1
1528289940000,1528289999000,84.34,84.361,84.34,84.351,112800000,1
1528290000000,1528290059000,84.349,84.36,84.335,84.347,194010000,1
1528290060000,1528290119000,84.349,84.361,84.328,84.329,142200000,1
1528290120000,1528290179000,84.329,84.347,84.329,84.341,103380000,1
1528290180000,1528290239000,84.34,84.364,84.339,84.362,120420000,1
1528290240000,1528290299000,84.361,84.365,84.355,84.365,82150000,1
1528290300000,1528290359000,84.365,84.377,84.36,84.366,117660000,1
1528290360000,1528290419000,84.365,84.376,84.362,84.362,141870000,1
1528290420000,1528290479000,84.364,84.386,84.364,84.386,107630000,1
1528290480000,1528290539000,84.387,84.387,84.379,84.383,75840000,1
1528290540000,1528290599000,84.384,84.385,84.379,84.382,105800000,1
1528290600000,1528290659000,84.381,84.384,84.361,84.361,115620000,1
1528290660000,1528290719000,84.363,84.382,84.363,84.374,102110000,1
1528290720000,1528290779000,84.373,84.384,84.373,84.377,157000000,1
1528290780000,1528290839000,84.376,84.381,84.369,84.369,89810000,1
1528290840000,1528290899000,84.37,84.378,84.363,84.368,98280000,1
1528290900000,1528290959000,84.367,84.375,84.364,84.374,84580000,1
1528290960000,1528291019000,84.374,84.376,84.349,84.351,90460000,1
1528291020000,1528291079000,84.351,84.369,84.351,84.369,130450000,1
1528291080000,1528291139000,84.369,84.381,84.364,84.379,84950000,1
1528291140000,1528291199000,84.38,84.403,84.379,84.393,102950000,1
1528291200000,1528291259000,84.393,84.4,84.368,84.373,119870000,1
1528291260000,1528291319000,84.372,84.386,84.371,84.379,121250000,1
1528291320000,1528291379000,84.379,84.379,84.368,84.368,75020000,1
1528291380000,1528291439000,84.368,84.393,84.368,84.385,96040000,1
1528291440000,1528291499000,84.385,84.395,84.38,84.392,127540000,1
1528291500000,1528291559000,84.391,84.391,84.374,84.384,123090000,1
1528291560000,1528291619000,84.38,84.399,84.379,84.398,133230000,1
1528291620000,1528291679000,84.397,84.407,84.365,84.369,165080000,1
1528291680000,1528291739000,84.369,84.384,84.366,84.38,103590000,1
1528291740000,1528291799000,84.379,84.379,84.363,84.371,144360000,1
1528291800000,1528291859000,84.372,84.398,84.371,84.393,119790000,1
1528291860000,1528291919000,84.392,84.398,84.384,84.396,107910000,1
1528291920000,1528291979000,84.395,84.412,84.394,84.412,105940000,1
1528291980000,1528292039000,84.41,84.417,84.402,84.407,148590000,1
1528292040000,1528292099000,84.407,84.419,84.393,84.417,143570000,1
1528292100000,1528292159000,84.417,84.445,84.405,84.443,170080000,1
1528292160000,1528292219000,84.445,84.467,84.443,84.467,141660000,1
1528292220000,1528292279000,84.465,84.471,84.46,84.464,131750000,1
1528292280000,1528292339000,84.465,84.472,84.459,84.459,172280000,1
1528292340000,1528292399000,84.458,84.462,84.431,84.436,163610000,1
1528292400000,1528292459000,84.438,84.438,84.411,84.421,186660000,1
1528292460000,1528292519000,84.422,84.427,84.409,84.409,226310000,1
1528292520000,1528292579000,84.409,84.437,84.408,84.437,163500000,1
1528292580000,1528292639000,84.438,84.447,84.431,84.431,149770000,1
1528292640000,1528292699000,84.431,84.438,84.411,84.422,179080000,1
1528292700000,1528292759000,84.423,84.446,84.421,84.443,145520000,1
1528292760000,1528292819000,84.442,84.464,84.442,84.461,177900000,1
1528292820000,1528292879000,84.46,84.463,84.439,84.44,163820000,1
1528292880000,1528292939000,84.441,84.447,84.409,84.409,194360000,1
1528292940000,1528292999000,84.41,84.414,84.393,84.402,145540000,1
1528293000000,1528293059000,84.401,84.411,84.386,84.391,197000000,1
1528293060000,1528293119000,84.39,84.403,84.379,84.399,238010000,1
1528293120000,1528293179000,84.398,84.404,84.389,84.389,168560000,1
1528293180000,1528293239000,84.388,84.408,84.362,84.406,165730000,1
1528293240000,1528293299000,84.405,84.405,84.386,84.386,156030000,1
1528293300000,1528293359000,84.386,84.408,84.386,84.404,130610000,1
1528293360000,1528293419000,84.402,84.409,84.401,84.408,135200000,1
1528293420000,1528293479000,84.407,84.417,84.397,84.397,111670000,1
1528293480000,1528293539000,84.397,84.399,84.375,84.383,191870000,1
1528293540000,1528293599000,84.383,84.406,84.381,84.405,179360000,1
1528293600000,1528293659000,84.408,84.417,84.365,84.377,216560000,1
1528293660000,1528293719000,84.377,84.386,84.352,84.362,224370000,1
1528293720000,1528293779000,84.36,84.366,84.34,84.361,190080000,1
1528293780000,1528293839000,84.362,84.368,84.343,84.349,165480000,1
1528293840000,1528293899000,84.35,84.359,84.349,84.357,128110000,1
1528293900000,1528293959000,84.357,84.398,84.356,84.393,125910000,1
1528293960000,1528294019000,84.394,84.396,84.372,84.383,193950000,1
1528294020000,1528294079000,84.383,84.385,84.349,84.349,150210000,1
1528294080000,1528294139000,84.348,84.351,84.319,84.325,152940000,1
1528294140000,1528294199000,84.323,84.33,84.308,84.321,192730000,1
1528294200000,1528294259000,84.322,84.345,84.319,84.34,151670000,1
1528294260000,1528294319000,84.342,84.358,84.341,84.352,106040000,1
1528294320000,1528294379000,84.353,84.359,84.324,84.325,94710000,1
1528294380000,1528294439000,84.324,84.335,84.32,84.323,111340000,1
1528294440000,1528294499000,84.323,84.328,84.309,84.327,155250000,1
1528294500000,1528294559000,84.327,84.347,84.326,84.345,110220000,1
1528294560000,1528294619000,84.344,84.369,84.343,84.367,99460000,1
1528294620000,1528294679000,84.369,84.377,84.364,84.364,91550000,1
1528294680000,1528294739000,84.363,84.363,84.339,84.342,126520000,1
1528294740000,1528294799000,84.342,84.347,84.316,84.319,158410000,1
1528294800000,1528294859000,84.32,84.351,84.316,84.35,133910000,1
1528294860000,1528294919000,84.35,84.354,84.337,84.34,108440000,1
1528294920000,1528294979000,84.34,84.34,84.305,84.319,141110000,1
1528294980000,1528295039000,84.32,84.325,84.314,84.322,127850000,1
1528295040000,1528295099000,84.321,84.341,84.321,84.339,146170000,1
1528295100000,1528295159000,84.338,84.349,84.335,84.346,167980000,1
1528295160000,1528295219000,84.346,84.362,84.334,84.335,144910000,1
1528295220000,1528295279000,84.335,84.34,84.327,84.333,119260000,1
1528295280000,1528295339000,84.334,84.355,84.334,84.351,120690000,1
1528295340000,1528295399000,84.35,84.354,84.322,84.329,165710000,1
1528295400000,1528295459000,84.327,84.334,84.309,84.322,239770000,1
1528295460000,1528295519000,84.32,84.328,84.309,84.316,183420000,1
1528295520000,1528295579000,84.317,84.323,84.283,84.298,284540000,1
1528295580000,1528295639000,84.298,84.318,84.286,84.291,270970000,1
1528295640000,1528295699000,84.29,84.298,84.28,84.283,238820000,1
1528295700000,1528295759000,84.282,84.321,84.279,84.316,267830000,1
1528295760000,1528295819000,84.318,84.337,84.316,84.33,189400000,1
1528295820000,1528295879000,84.329,84.351,84.326,84.341,133480000,1
1528295880000,1528295939000,84.342,84.343,84.321,84.33,143770000,1
1528295940000,1528295999000,84.33,84.338,84.323,84.33,172580000,1
1528296000000,1528296059000,84.329,84.342,84.326,84.326,164310000,1
1528296060000,1528296119000,84.326,84.329,84.313,84.318,153820000,1
1528296120000,1528296179000,84.318,84.363,84.315,84.359,148480000,1
1528296180000,1528296239000,84.36,84.365,84.325,84.325,206180000,1
1528296240000,1528296299000,84.324,84.336,84.302,84.328,203450000,1
1528296300000,1528296359000,84.33,84.342,84.285,84.306,229880000,1
1528296360000,1528296419000,84.306,84.347,84.306,84.328,215960000,1
1528296420000,1528296479000,84.329,84.329,84.281,84.291,264300000,1
1528296480000,1528296539000,84.291,84.327,84.29,84.326,203600000,1
1528296540000,1528296599000,84.326,84.343,84.32,84.343,149220000,1
1528296600000,1528296659000,84.342,84.347,84.314,84.317,228030000,1
1528296660000,1528296719000,84.315,84.327,84.305,84.32,175860000,1
1528296720000,1528296779000,84.319,84.331,84.308,84.317,204240000,1
1528296780000,1528296839000,84.316,84.318,84.304,84.318,193580000,1
1528296840000,1528296899000,84.319,84.329,84.308,84.326,147080000,1
1528296900000,1528296959000,84.326,84.367,84.325,84.362,240860000,1
1528296960000,1528297019000,84.361,84.393,84.36,84.38,211640000,1
1528297020000,1528297079000,84.379,84.383,84.363,84.364,226150000,1
1528297080000,1528297139000,84.364,84.37,84.352,84.363,205170000,1
1528297140000,1528297199000,84.362,84.364,84.342,84.358,256490000,1
1528297200000,1528297259000,84.361,84.396,84.352,84.371,242130000,1
1528297260000,1528297319000,84.372,84.381,84.361,84.361,221730000,1
1528297320000,1528297379000,84.359,84.371,84.354,84.371,186660000,1
1528297380000,1528297439000,84.371,84.372,84.36,84.367,137770000,1
1528297440000,1528297499000,84.368,84.408,84.363,84.402,191070000,1
1528297500000,1528297559000,84.403,84.404,84.387,84.401,149210000,1
1528297560000,1528297619000,84.4,84.407,84.395,84.405,125600000,1
1528297620000,1528297679000,84.405,84.411,84.395,84.398,124030000,1
1528297680000,1528297739000,84.398,84.414,84.393,84.412,123390000,1
1528297740000,1528297799000,84.414,84.427,84.41,84.424,121030000,1
1528297800000,1528297859000,84.425,84.436,84.418,84.418,97320000,1
1528297860000,1528297919000,84.417,84.417,84.397,84.408,137700000,1
1528297920000,1528297979000,84.408,84.413,84.403,84.411,111850000,1
1528297980000,1528298039000,84.411,84.416,84.384,84.384,113990000,1
1528298040000,1528298099000,84.383,84.398,84.372,84.397,168580000,1
1528298100000,1528298159000,84.398,84.423,84.387,84.419,125190000,1
1528298160000,1528298219000,84.418,84.418,84.39,84.402,181360000,1
1528298220000,1528298279000,84.401,84.401,84.384,84.385,137050000,1
1528298280000,1528298339000,84.384,84.389,84.38,84.38,137910000,1
1528298340000,1528298399000,84.38,84.407,84.379,84.397,188410000,1
1528298400000,1528298459000,84.398,84.401,84.385,84.39,139060000,1
1528298460000,1528298519000,84.392,84.397,84.384,84.395,118480000,1
1528298520000,1528298579000,84.395,84.411,84.395,84.409,141980000,1
1528298580000,1528298639000,84.41,84.416,84.403,84.406,163360000,1
1528298640000,1528298699000,84.407,84.413,84.4,84.406,157920000,1
1528298700000,1528298759000,84.407,84.421,84.405,84.417,158420000,1
1528298760000,1528298819000,84.417,84.421,84.39,84.404,161690000,1
1528298820000,1528298879000,84.405,84.407,84.396,84.4,143810000,1
1528298880000,1528298939000,84.402,84.418,84.402,84.418,102190000,1
1528298940000,1528298999000,84.418,84.418,84.407,84.41,109180000,1
1528299000000,1528299059000,84.41,84.433,84.41,84.426,121870000,1
1528299060000,1528299119000,84.424,84.425,84.409,84.422,169520000,1
1528299120000,1528299179000,84.423,84.434,84.423,84.427,110520000,1
1528299180000,1528299239000,84.426,84.446,84.425,84.446,98270000,1
1528299240000,1528299299000,84.448,84.457,84.438,84.456,141250000,1
1528299300000,1528299359000,84.455,84.463,84.445,84.445,149190000,1
1528299360000,1528299419000,84.444,84.45,84.438,84.446,143670000,1
1528299420000,1528299479000,84.447,84.452,84.437,84.44,102450000,1
1528299480000,1528299539000,84.439,84.444,84.435,84.44,94910000,1
1528299540000,1528299599000,84.438,84.444,84.419,84.419,131410000,1
1528299600000,1528299659000,84.42,84.434,84.42,84.429,170950000,1
1528299660000,1528299719000,84.428,84.432,84.427,84.43,100190000,1
1528299720000,1528299779000,84.43,84.43,84.417,84.422,102890000,1
1528299780000,1528299839000,84.421,84.421,84.397,84.398,126050000,1
1528299840000,1528299899000,84.397,84.405,84.391,84.405,74690000,1
1528299900000,1528299959000,84.404,84.417,84.392,84.409,124070000,1
1528299960000,1528300019000,84.41,84.418,84.402,84.412,82020000,1
1528300020000,1528300079000,84.411,84.417,84.401,84.417,104380000,1
1528300080000,1528300139000,84.415,84.421,84.407,84.409,108760000,1
1528300140000,1528300199000,84.409,84.425,84.408,84.422,103040000,1
1528300200000,1528300259000,84.423,84.428,84.418,84.422,78670000,1
1528300260000,1528300319000,84.422,84.426,84.418,84.426,53750000,1
1528300320000,1528300379000,84.426,84.426,84.41,84.41,91390000,1
1528300380000,1528300439000,84.408,84.425,84.404,84.418,72020000,1
1528300440000,1528300499000,84.418,84.42,84.391,84.396,129700000,1
1528300500000,1528300559000,84.397,84.415,84.397,84.402,101350000,1
1528300560000,1528300619000,84.401,84.426,84.401,84.426,137530000,1
1528300620000,1528300679000,84.424,84.427,84.414,84.414,107350000,1
1528300680000,1528300739000,84.417,84.424,84.411,84.424,114470000,1
1528300740000,1528300799000,84.424,84.444,84.422,84.439,161610000,1
1528300800000,1528300859000,84.438,84.441,84.414,84.424,161420000,1
1528300860000,1528300919000,84.425,84.433,84.422,84.422,136700000,1
1528300920000,1528300979000,84.424,84.424,84.393,84.397,155890000,1
1528300980000,1528301039000,84.398,84.404,84.39,84.403,178040000,1
1528301040000,1528301099000,84.403,84.408,84.4,84.406,102720000,1
1528301100000,1528301159000,84.406,84.409,84.388,84.388,106330000,1
1528301160000,1528301219000,84.391,84.399,84.391,84.396,95620000,1
1528301220000,1528301279000,84.396,84.426,84.395,84.414,76790000,1
1528301280000,1528301339000,84.414,84.42,84.414,84.415,57370000,1
1528301340000,1528301399000,84.415,84.427,84.409,84.412,117450000,1
1528301400000,1528301459000,84.412,84.424,84.412,84.421,109190000,1
1528301460000,1528301519000,84.423,84.431,84.423,84.428,82170000,1
1528301520000,1528301579000,84.427,84.437,84.427,84.434,89580000,1
1528301580000,1528301639000,84.435,84.436,84.41,84.413,78330000,1
1528301640000,1528301699000,84.413,84.435,84.413,84.434,60460000,1
1528301700000,1528301759000,84.435,84.446,84.427,84.431,115850000,1
1528301760000,1528301819000,84.431,84.431,84.414,84.418,90400000,1
1528301820000,1528301879000,84.416,84.424,84.412,84.413,83580000,1
1528301880000,1528301939000,84.414,84.42,84.394,84.4,89390000,1
1528301940000,1528301999000,84.4,84.409,84.397,84.408,86950000,1
1528302000000,1528302059000,84.408,84.408,84.393,84.4,137450000,1
1528302060000,1528302119000,84.4,84.4,84.388,84.396,124590000,1
1528302120000,1528302179000,84.394,84.401,84.39,84.4,83950000,1
1528302180000,1528302239000,84.399,84.399,84.387,84.392,113660000,1
1528302240000,1528302299000,84.392,84.398,84.386,84.391,61260000,1
1528302300000,1528302359000,84.391,84.399,84.386,84.394,68250000,1
1528302360000,1528302419000,84.394,84.413,84.393,84.413,80390000,1
1528302420000,1528302479000,84.414,84.414,84.403,84.403,46490000,1
1528302480000,1528302539000,84.404,84.407,84.399,84.4,48920000,1
1528302540000,1528302599000,84.401,84.417,84.396,84.417,48680000,1
1528302600000,1528302659000,84.416,84.431,84.416,84.427,48350000,1
1528302660000,1528302719000,84.427,84.429,84.422,84.426,53140000,1
1528302720000,1528302779000,84.426,84.43,84.412,84.415,52510000,1
1528302780000,1528302839000,84.415,84.427,84.415,84.425,42720000,1
1528302840000,1528302899000,84.425,84.435,84.418,84.418,80640000,1
1528302900000,1528302959000,84.418,84.42,84.407,84.408,54620000,1
1528302960000,1528303019000,84.411,84.412,84.405,84.412,71820000,1
1528303020000,1528303079000,84.412,84.415,84.408,84.409,58430000,1
1528303080000,1528303139000,84.409,84.419,84.407,84.413,109180000,1
1528303140000,1528303199000,84.412,84.417,84.4,84.402,111560000,1
1528303200000,1528303259000,84.402,84.407,84.398,84.403,93340000,1
1528303260000,1528303319000,84.404,84.417,84.402,84.417,84060000,1
1528303320000,1528303379000,84.416,84.416,84.401,84.401,59680000,1
1528303380000,1528303439000,84.401,84.412,84.401,84.412,46590000,1
1528303440000,1528303499000,84.413,84.418,84.409,84.414,34220000,1
1528303500000,1528303559000,84.413,84.418,84.407,84.409,83140000,1
1528303560000,1528303619000,84.408,84.409,84.403,84.406,85570000,1
1528303620000,1528303679000,84.406,84.41,84.405,84.406,77670000,1
1528303680000,1528303739000,84.407,84.407,84.397,84.398,62130000,1
1528303740000,1528303799000,84.398,84.398,84.384,84.387,49750000,1
1528303800000,1528303859000,84.386,84.387,84.38,84.386,50340000,1
1528303860000,1528303919000,84.388,84.389,84.385,84.386,67830000,1
1528303920000,1528303979000,84.386,84.388,84.383,84.385,42850000,1
1528303980000,1528304039000,84.385,84.391,84.383,84.387,109080000,1
1528304040000,1528304099000,84.387,84.39,84.383,84.387,64340000,1
1528304100000,1528304159000,84.387,84.401,84.387,84.4,60200000,1
1528304160000,1528304219000,84.399,84.399,84.389,84.392,86490000,1
1528304220000,1528304279000,84.391,84.409,84.39,84.406,91590000,1
1528304280000,1528304339000,84.405,84.417,84.4,84.417,106300000,1
1528304340000,1528304399000,84.416,84.42,84.406,84.416,134210000,1
1528304400000,1528304459000,84.416,84.416,84.399,84.399,99180000,1
1528304460000,1528304519000,84.399,84.409,84.399,84.403,118250000,1
1528304520000,1528304579000,84.403,84.415,84.403,84.415,97410000,1
1528304580000,1528304639000,84.415,84.416,84.408,84.411,94660000,1
1528304640000,1528304699000,84.41,84.412,84.406,84.409,109520000,1
1528304700000,1528304759000,84.409,84.422,84.409,84.421,72830000,1
1528304760000,1528304819000,84.423,84.427,84.421,84.421,95680000,1
1528304820000,1528304879000,84.421,84.428,84.417,84.428,94900000,1
1528304880000,1528304939000,84.428,84.436,84.427,84.435,78660000,1
1528304940000,1528304999000,84.435,84.437,84.434,84.437,46220000,1
1528305000000,1528305059000,84.436,84.447,84.433,84.443,44150000,1
1528305060000,1528305119000,84.442,84.442,84.432,84.44,76500000,1
1528305120000,1528305179000,84.439,84.455,84.434,84.434,85760000,1
1528305180000,1528305239000,84.432,84.436,84.43,84.434,40780000,1
1528305240000,1528305299000,84.433,84.434,84.421,84.43,105370000,1
1528305300000,1528305359000,84.431,84.431,84.418,84.422,74730000,1
1528305360000,1528305419000,84.422,84.427,84.405,84.405,83290000,1
1528305420000,1528305479000,84.403,84.407,84.402,84.406,98830000,1
1528305480000,1528305539000,84.405,84.414,84.401,84.414,57740000,1
1528305540000,1528305599000,84.415,84.417,84.411,84.411,79400000,1
1528305600000,1528305659000,84.412,84.412,84.4,84.402,100770000,1
1528305660000,1528305719000,84.404,84.405,84.395,84.398,86680000,1
1528305720000,1528305779000,84.399,84.402,84.395,84.398,68530000,1
1528305780000,1528305839000,84.398,84.399,84.394,84.395,71890000,1
1528305840000,1528305899000,84.397,84.412,84.397,84.411,68990000,1
1528305900000,1528305959000,84.41,84.42,84.408,84.418,87740000,1
1528305960000,1528306019000,84.417,84.43,84.416,84.428,120190000,1
1528306020000,1528306079000,84.428,84.429,84.419,84.419,89580000,1
1528306080000,1528306139000,84.419,84.425,84.418,84.418,95960000,1
1528306140000,1528306199000,84.417,84.425,84.417,84.424,58990000,1
1528306200000,1528306259000,84.424,84.432,84.423,84.43,79070000,1
1528306260000,1528306319000,84.43,84.437,84.429,84.434,107950000,1
1528306320000,1528306379000,84.434,84.434,84.418,84.421,85190000,1
1528306380000,1528306439000,84.42,84.421,84.412,84.412,49500000,1
1528306440000,1528306499000,84.412,84.417,84.406,84.416,67610000,1
1528306500000,1528306559000,84.416,84.418,84.408,84.417,78060000,1
1528306560000,1528306619000,84.417,84.428,84.408,84.42,85870000,1
1528306620000,1528306679000,84.42,84.424,84.392,84.393,137090000,1
1528306680000,1528306739000,84.394,84.403,84.391,84.401,92810000,1
1528306740000,1528306799000,84.401,84.403,84.398,84.401,67110000,1
1528306800000,1528306859000,84.4,84.42,84.4,84.419,105930000,1
1528306860000,1528306919000,84.418,84.428,84.417,84.417,83870000,1
1528306920000,1528306979000,84.417,84.417,84.403,84.415,83140000,1
1528306980000,1528307039000,84.415,84.431,84.415,84.424,53290000,1
1528307040000,1528307099000,84.424,84.429,84.424,84.429,13550000,1
1528307100000,1528307159000,84.429,84.431,84.429,84.429,17610000,1
1528307160000,1528307219000,84.435,84.439,84.429,84.429,68810000,1
1528307220000,1528307279000,84.429,84.429,84.424,84.425,10480000,1
1528307280000,1528307339000,84.425,84.43,84.419,84.43,17730000,1
1528307340000,1528307399000,84.429,84.429,84.418,84.423,32100000,1
1528307400000,1528307459000,84.424,84.424,84.422,84.423,24240000,1
1528307460000,1528307519000,84.423,84.434,84.421,84.427,47060000,1
1528307520000,1528307579000,84.427,84.433,84.424,84.425,106870000,1
1528307580000,1528307639000,84.425,84.429,84.423,84.428,104980000,1
1528307640000,1528307699000,84.43,84.439,84.428,84.429,80500000,1
1528307700000,1528307759000,84.428,84.436,84.422,84.423,52550000,1
1528307760000,1528307819000,84.423,84.428,84.42,84.424,40860000,1
1528307820000,1528307879000,84.424,84.429,84.418,84.427,48190000,1
1528307880000,1528307939000,84.426,84.428,84.423,84.423,51750000,1
1528307940000,1528307999000,84.423,84.425,84.413,84.415,56440000,1
1528308000000,1528308059000,84.415,84.421,84.41,84.412,158650000,1
1528308060000,1528308119000,84.412,84.413,84.409,84.411,36320000,1
1528308120000,1528308179000,84.412,84.414,84.406,84.407,88100000,1
1528308180000,1528308239000,84.407,84.408,84.399,84.399,79600000,1
1528308240000,1528308299000,84.4,84.413,84.399,84.403,84200000,1
1528308300000,1528308359000,84.403,84.409,84.402,84.407,69720000,1
1528308360000,1528308419000,84.407,84.413,84.404,84.407,42400000,1
1528308420000,1528308479000,84.406,84.414,84.404,84.414,58400000,1
1528308480000,1528308539000,84.413,84.414,84.399,84.399,101500000,1
1528308540000,1528308599000,84.399,84.4,84.39,84.391,53030000,1
1528308600000,1528308659000,84.392,84.4,84.391,84.395,65690000,1
1528308660000,1528308719000,84.396,84.402,84.395,84.4,62370000,1
1528308720000,1528308779000,84.401,84.404,84.4,84.402,44360000,1
1528308780000,1528308839000,84.402,84.404,84.397,84.399,65780000,1
1528308840000,1528308899000,84.399,84.404,84.397,84.404,64230000,1
1528308900000,1528308959000,84.404,84.412,84.399,84.411,75730000,1
1528308960000,1528309019000,84.413,84.419,84.413,84.419,26000000,1
1528309020000,1528309079000,84.42,84.424,84.409,84.412,93760000,1
1528309080000,1528309139000,84.411,84.411,84.403,84.409,50480000,1
1528309140000,1528309199000,84.408,84.412,84.4,84.405,100020000,1
1528309200000,1528309259000,84.408,84.418,84.408,84.414,72840000,1
1528309260000,1528309319000,84.414,84.418,84.396,84.398,76380000,1
1528309320000,1528309379000,84.398,84.402,84.394,84.399,67190000,1
1528309380000,1528309439000,84.399,84.4,84.399,84.4,17910000,1
1528309440000,1528309499000,84.403,84.407,84.398,84.405,47190000,1
1528309500000,1528309559000,84.405,84.411,84.405,84.411,35500000,1
1528309560000,1528309619000,84.411,84.424,84.411,84.422,51000000,1
1528309620000,1528309679000,84.422,84.422,84.397,84.398,66480000,1
1528309680000,1528309739000,84.399,84.41,84.399,84.41,65200000,1
1528309740000,1528309799000,84.409,84.409,84.402,84.403,44240000,1
1528309800000,1528309859000,84.402,84.405,84.399,84.399,74660000,1
1528309860000,1528309919000,84.398,84.399,84.384,84.384,41390000,1
1528309920000,1528309979000,84.385,84.388,84.385,84.388,9930000,1
1528309980000,1528310039000,84.388,84.403,84.388,84.392,72900000,1
1528310040000,1528310099000,84.395,84.396,84.388,84.388,58190000,1
1528310100000,1528310159000,84.389,84.406,84.389,84.399,73000000,1
1528310160000,1528310219000,84.399,84.405,84.399,84.401,54080000,1
1528310220000,1528310279000,84.401,84.401,84.393,84.394,35630000,1
1528310280000,1528310339000,84.394,84.404,84.394,84.403,80290000,1
1528310340000,1528310399000,84.403,84.403,84.398,84.399,50230000,1
1528310400000,1528310459000,84.399,84.414,84.399,84.414,60810000,1
1528310460000,1528310519000,84.414,84.431,84.414,84.428,28940000,1
1528310520000,1528310579000,84.428,84.43,84.428,84.428,26570000,1
1528310580000,1528310639000,84.428,84.433,84.428,84.43,33620000,1
1528310640000,1528310699000,84.432,84.433,84.431,84.433,42190000,1
1528310700000,1528310759000,84.432,84.438,84.431,84.437,90350000,1
1528310760000,1528310819000,84.437,84.438,84.437,84.438,43870000,1
1528310820000,1528310879000,84.438,84.441,84.437,84.437,57210000,1
1528310880000,1528310939000,84.437,84.438,84.433,84.437,71590000,1
1528310940000,1528310999000,84.437,84.442,84.435,84.436,42720000,1
1528311000000,1528311059000,84.436,84.441,84.436,84.441,42630000,1
1528311060000,1528311119000,84.441,84.443,84.436,84.437,76860000,1
1528311120000,1528311179000,84.437,84.437,84.433,84.434,82720000,1
1528311180000,1528311239000,84.433,84.438,84.432,84.438,146370000,1
1528311240000,1528311299000,84.438,84.438,84.425,84.428,61180000,1
1528311300000,1528311359000,84.428,84.433,84.424,84.432,55050000,1
1528311360000,1528311419000,84.434,84.435,84.432,84.432,62790000,1
1528311420000,1528311479000,84.431,84.446,84.431,84.446,111450000,1
1528311480000,1528311539000,84.446,84.446,84.437,84.438,47330000,1
1528311540000,1528311599000,84.437,84.447,84.436,84.446,123570000,1
1528311600000,1528311659000,84.444,84.449,84.443,84.446,52810000,1
1528311660000,1528311719000,84.444,84.454,84.44,84.454,71420000,1
1528311720000,1528311779000,84.455,84.457,84.45,84.454,47630000,1
1528311780000,1528311839000,84.452,84.463,84.452,84.462,96860000,1
1528311840000,1528311899000,84.462,84.476,84.459,84.466,100830000,1
1528311900000,1528311959000,84.464,84.473,84.464,84.466,75330000,1
1528311960000,1528312019000,84.468,84.468,84.447,84.452,86250000,1
1528312020000,1528312079000,84.452,84.458,84.448,84.455,57150000,1
1528312080000,1528312139000,84.455,84.464,84.453,84.459,79190000,1
1528312140000,1528312199000,84.458,84.463,84.454,84.458,63280000,1
1528312200000,1528312259000,84.458,84.458,84.441,84.442,89520000,1
1528312260000,1528312319000,84.442,84.452,84.442,84.451,51640000,1
1528312320000,1528312379000,84.451,84.456,84.445,84.445,100050000,1
1528312380000,1528312439000,84.446,84.447,84.439,84.44,83470000,1
1528312440000,1528312499000,84.439,84.442,84.435,84.439,92360000,1
1528312500000,1528312559000,84.44,84.453,84.438,84.453,81740000,1
1528312560000,1528312619000,84.454,84.454,84.448,84.45,85990000,1
1528312620000,1528312679000,84.45,84.451,84.444,84.449,50740000,1
1528312680000,1528312739000,84.453,84.458,84.451,84.458,79320000,1
1528312740000,1528312799000,84.459,84.459,84.45,84.451,34090000,1
1528312800000,1528312859000,84.452,84.474,84.452,84.472,68580000,1
1528312860000,1528312919000,84.471,84.473,84.467,84.469,16910000,1
1528312920000,1528312979000,84.469,84.477,84.469,84.477,29410000,1
1528312980000,1528313039000,84.477,84.489,84.477,84.486,37210000,1
1528313040000,1528313099000,84.486,84.489,84.484,84.488,26910000,1
1528313100000,1528313159000,84.488,84.488,84.477,84.477,40830000,1
1528313160000,1528313219000,84.477,84.482,84.477,84.482,24550000,1
1528313220000,1528313279000,84.482,84.482,84.473,84.473,26350000,1
1528313280000,1528313339000,84.473,84.482,84.473,84.479,55540000,1
1528313340000,1528313399000,84.479,84.479,84.468,84.469,52420000,1
1528313400000,1528313459000,84.468,84.476,84.468,84.474,78500000,1
1528313460000,1528313519000,84.476,84.479,84.472,84.479,69450000,1
1528313520000,1528313579000,84.479,84.487,84.477,84.485,35450000,1
1528313580000,1528313639000,84.487,84.494,84.483,84.488,47780000,1
1528313640000,1528313699000,84.487,84.487,84.483,84.483,51900000,1
1528313700000,1528313759000,84.483,84.489,84.483,84.488,70260000,1
1528313760000,1528313819000,84.488,84.488,84.484,84.486,37170000,1
1528313820000,1528313879000,84.486,84.486,84.482,84.483,36600000,1
1528313880000,1528313939000,84.484,84.49,84.484,84.488,60500000,1
1528313940000,1528313999000,84.488,84.489,84.487,84.489,46250000,1
1528314000000,1528314059000,84.491,84.493,84.479,84.479,39620000,1
1528314060000,1528314119000,84.479,84.479,84.474,84.477,43450000,1
1528314120000,1528314179000,84.477,84.484,84.476,84.484,37730000,1
1528314180000,1528314239000,84.482,84.484,84.47,84.47,60830000,1
1528314240000,1528314299000,84.471,84.473,84.47,84.472,22500000,1
1528314300000,1528314359000,84.472,84.474,84.469,84.474,20250000,1
1528314360000,1528314419000,84.478,84.48,84.467,84.469,49100000,1
1528314420000,1528314479000,84.471,84.475,84.469,84.473,46960000,1
1528314480000,1528314539000,84.474,84.474,84.465,84.465,61820000,1
1528314540000,1528314599000,84.465,84.476,84.465,84.475,36580000,1
1528314600000,1528314659000,84.477,84.477,84.471,84.475,42750000,1
1528314660000,1528314719000,84.475,84.476,84.47,84.471,23120000,1
1528314720000,1528314779000,84.471,84.471,84.462,84.465,23180000,1
1528314780000,1528314839000,84.465,84.482,84.465,84.478,43860000,1
1528314840000,1528314899000,84.482,84.482,84.467,84.467,28000000,1
1528314900000,1528314959000,84.467,84.478,84.466,84.476,51000000,1
1528314960000,1528315019000,84.478,84.478,84.465,84.467,36750000,1
1528315020000,1528315079000,84.467,84.467,84.459,84.459,20310000,1
1528315080000,1528315139000,84.459,84.46,84.45,84.457,83390000,1
1528315140000,1528315199000,84.459,84.469,84.459,84.467,96820000,1
1528315200000,1528315259000,84.467,84.469,84.461,84.469,71810000,1
1528315260000,1528315319000,84.469,84.471,84.464,84.466,67640000,1
1528315320000,1528315379000,84.466,84.467,84.465,84.466,16730000,1
1528315380000,1528315439000,84.467,84.468,84.467,84.468,9480000,1
1528315440000,1528315499000,84.468,84.468,84.465,84.465,25110000,1
1528315500000,1528315559000,84.466,84.466,84.462,84.464,24660000,1
1528315560000,1528315619000,84.464,84.465,84.462,84.463,14580000,1
1528315620000,1528315679000,84.464,84.467,84.464,84.464,16300000,1
1528315680000,1528315739000,84.464,84.471,84.464,84.468,69530000,1
1528315740000,1528315799000,84.468,84.472,84.465,84.471,48960000,1
1528315800000,1528315859000,84.471,84.471,84.465,84.468,44100000,1
1528315860000,1528315919000,84.467,84.472,84.463,84.464,24940000,1
1528315920000,1528315979000,84.465,84.468,84.459,84.461,34570000,1
1528315980000,1528316039000,84.461,84.462,84.46,84.46,13120000,1
1528316040000,1528316099000,84.46,84.468,84.457,84.467,44700000,1
1528316100000,1528316159000,84.467,84.467,84.467,84.467,10060000,1
1528316160000,1528316219000,84.467,84.467,84.462,84.467,13740000,1
1528316220000,1528316279000,84.466,84.467,84.458,84.458,31820000,1
1528316280000,1528316339000,84.457,84.46,84.457,84.46,9940000,1
1528316340000,1528316399000,84.46,84.465,84.46,84.463,26940000,1
1528316400000,1528316459000,84.463,84.463,84.463,84.463,28330000,1
1528316460000,1528316519000,84.464,84.471,84.463,84.471,9130000,1
1528316520000,1528316579000,84.472,84.472,84.464,84.467,26670000,1
1528316580000,1528316639000,84.467,84.471,84.467,84.471,10620000,1
1528316640000,1528316699000,84.471,84.472,84.468,84.472,23130000,1
1528316700000,1528316759000,84.471,84.471,84.465,84.465,26140000,1
1528316760000,1528316819000,84.464,84.467,84.463,84.465,13630000,1
1528316820000,1528316879000,84.467,84.472,84.467,84.472,7380000,1
1528316880000,1528316939000,84.473,84.473,84.471,84.473,5500000,1
1528316940000,1528316999000,84.471,84.476,84.47,84.472,20630000,1
1528317000000,1528317059000,84.47,84.471,84.47,84.471,5370000,1
1528317060000,1528317119000,84.472,84.472,84.464,84.471,15890000,1
1528317120000,1528317179000,84.471,84.471,84.469,84.47,8060000,1
1528317180000,1528317239000,84.47,84.472,84.469,84.47,40410000,1
1528317240000,1528317299000,84.472,84.478,84.469,84.473,20940000,1
1528317300000,1528317359000,84.474,84.475,84.471,84.472,18000000,1
1528317360000,1528317419000,84.472,84.481,84.472,84.473,15500000,1
1528317420000,1528317479000,84.472,84.481,84.472,84.481,15000000,1
1528317480000,1528317539000,84.479,84.481,84.468,84.468,16500000,1
1528317540000,1528317599000,84.469,84.474,84.469,84.469,19000000,1
1528317600000,1528317659000,84.469,84.469,84.469,84.469,5000000,1
1528317660000,1528317719000,84.47,84.48,84.47,84.472,13000000,1
1528317720000,1528317779000,84.471,84.48,84.47,84.48,15000000,1
1528317780000,1528317839000,84.481,84.481,84.473,84.473,12250000,1
1528317840000,1528317899000,84.473,84.481,84.473,84.481,55710000,1
1528317900000,1528317959000,84.481,84.484,84.481,84.481,19500000,1
1528317960000,1528318019000,84.481,84.481,84.48,84.48,14440000,1
1528318020000,1528318079000,84.48,84.481,84.479,84.48,21060000,1
1528318080000,1528318139000,84.48,84.481,84.475,84.478,45540000,1
1528318140000,1528318199000,84.477,84.484,84.475,84.484,38520000,1
1528318200000,1528318259000,84.483,84.485,84.481,84.485,21310000,1
1528318260000,1528318319000,84.484,84.484,84.484,84.484,9580000,1
1528318320000,1528318379000,84.484,84.49,84.484,84.49,31930000,1
1528318380000,1528318439000,84.494,84.497,84.487,84.492,33390000,1
1528318440000,1528318499000,84.493,84.495,84.49,84.493,36450000,1
1528318500000,1528318559000,84.491,84.498,84.491,84.496,25980000,1
1528318560000,1528318619000,84.495,84.497,84.493,84.493,55100000,1
1528318620000,1528318679000,84.492,84.492,84.482,84.482,35350000,1
1528318680000,1528318739000,84.483,84.485,84.48,84.482,50720000,1
1528318740000,1528318799000,84.482,84.483,84.47,84.479,70570000,1
1528318800000,1528318859000,84.477,84.477,84.458,84.46,18370000,1
1528318860000,1528318919000,84.46,84.462,84.455,84.458,32250000,1
1528318920000,1528318979000,84.459,84.459,84.459,84.459,750000,1
1528318980000,1528319039000,84.456,84.456,84.456,84.456,2250000,1
1528319040000,1528319099000,84.455,84.455,84.455,84.455,4000000,1
1528319100000,1528319159000,84.455,84.47,84.455,84.47,165500000,1
1528319160000,1528319219000,84.47,84.473,84.439,84.447,117240000,1
1528319220000,1528319279000,84.45,84.468,84.412,84.428,171600000,1
1528319280000,1528319339000,84.438,84.451,84.416,84.42,85630000,1
1528319340000,1528319399000,84.417,84.44,84.417,84.432,65820000,1
1528319400000,1528319459000,84.434,84.461,84.434,84.457,148440000,1
1528319460000,1528319519000,84.46,84.461,84.445,84.448,133000000,1
1528319520000,1528319579000,84.446,84.462,84.441,84.444,132500000,1
1528319580000,1528319639000,84.444,84.446,84.421,84.439,128620000,1
1528319640000,1528319699000,84.438,84.451,84.438,84.445,99000000,1
1528319700000,1528319759000,84.446,84.467,84.441,84.451,161630000,1
1528319760000,1528319819000,84.451,84.463,84.444,84.458,105500000,1
1528319820000,1528319879000,84.458,84.462,84.447,84.456,108630000,1
1528319880000,1528319939000,84.46,84.47,84.449,84.45,110110000,1
1528319940000,1528319999000,84.45,84.462,84.448,84.448,103690000,1
1528320000000,1528320059000,84.455,84.463,84.438,84.441,134360000,1
1528320060000,1528320119000,84.447,84.458,84.434,84.444,155660000,1
1528320120000,1528320179000,84.442,84.471,84.442,84.465,154560000,1
1528320180000,1528320239000,84.466,84.471,84.464,84.47,56040000,1
1528320240000,1528320299000,84.47,84.471,84.447,84.448,61340000,1
1528320300000,1528320359000,84.449,84.458,84.449,84.458,20480000,1
1528320360000,1528320419000,84.453,84.459,84.453,84.458,43610000,1
1528320420000,1528320479000,84.458,84.458,84.453,84.455,15480000,1
1528320480000,1528320539000,84.453,84.453,84.453,84.453,2240000,1
1528320540000,1528320599000,84.453,84.453,84.452,84.452,21280000,1
1528320600000,1528320659000,84.452,84.459,84.442,84.458,60270000,1
1528320660000,1528320719000,84.457,84.463,84.446,84.455,121380000,1
1528320720000,1528320779000,84.46,84.464,84.455,84.457,35530000,1
1528320780000,1528320839000,84.457,84.465,84.425,84.456,185860000,1
1528320840000,1528320899000,84.458,84.464,84.453,84.459,95180000,1
1528320900000,1528320959000,84.459,84.459,84.455,84.455,19050000,1
1528320960000,1528321019000,84.455,84.46,84.455,84.46,11980000,1
1528321020000,1528321079000,84.454,84.454,84.435,84.445,118710000,1
1528321080000,1528321139000,84.445,84.457,84.439,84.439,67730000,1
1528321140000,1528321199000,84.437,84.458,84.437,84.458,55490000,1
1528321200000,1528321259000,84.458,84.458,84.458,84.458,1000000,1
1528321260000,1528321319000,84.453,84.461,84.453,84.459,19100000,1
1528321320000,1528321379000,84.454,84.457,84.451,84.457,8670000,1
1528321380000,1528321439000,84.457,84.457,84.451,84.451,4620000,1
1528321440000,1528321499000,84.453,84.455,84.453,84.453,11470000,1
1528321500000,1528321559000,84.448,84.449,84.439,84.447,19590000,1
1528321560000,1528321619000,84.448,84.451,84.445,84.445,10800000,1
1528321620000,1528321679000,84.446,84.45,84.446,84.45,7000000,1
1528321680000,1528321739000,84.449,84.451,84.448,84.45,13000000,1
1528321740000,1528321799000,84.454,84.456,84.452,84.454,14750000,1
1528321800000,1528321859000,84.454,84.46,84.454,84.46,6500000,1
1528321860000,1528321919000,84.46,84.461,84.456,84.461,14000000,1
1528321920000,1528321979000,84.461,84.463,84.455,84.463,17480000,1
1528321980000,1528322039000,84.465,84.475,84.465,84.471,17830000,1
1528322040000,1528322099000,84.472,84.481,84.465,84.477,61650000,1
1528322100000,1528322159000,84.479,84.486,84.477,84.485,60220000,1
1528322160000,1528322219000,84.484,84.486,84.48,84.486,26870000,1
1528322220000,1528322279000,84.482,84.487,84.48,84.482,20060000,1
1528322280000,1528322339000,84.483,84.486,84.478,84.479,29610000,1
1528322340000,1528322399000,84.481,84.488,84.468,84.469,45250000,1
1528322400000,1528322459000,84.47,84.489,84.467,84.475,117200000,1
1528322460000,1528322519000,84.477,84.484,84.472,84.481,50540000,1
1528322520000,1528322579000,84.48,84.487,84.48,84.485,25930000,1
1528322580000,1528322639000,84.486,84.486,84.474,84.474,32890000,1
1528322640000,1528322699000,84.474,84.474,84.473,84.473,12300000,1
1528322700000,1528322759000,84.473,84.473,84.469,84.469,50920000,1
1528322760000,1528322819000,84.47,84.47,84.467,84.469,24910000,1
1528322820000,1528322879000,84.468,84.468,84.464,84.466,22730000,1
1528322880000,1528322939000,84.467,84.467,84.466,84.467,8900000,1
1528322940000,1528322999000,84.467,84.468,84.467,84.468,19180000,1
1528323000000,1528323059000,84.468,84.468,84.463,84.463,8540000,1
1528323060000,1528323119000,84.461,84.461,84.459,84.459,11900000,1
1528323120000,1528323179000,84.459,84.472,84.459,84.469,38650000,1
1528323180000,1528323239000,84.47,84.477,84.47,84.475,23550000,1
1528323240000,1528323299000,84.475,84.482,84.468,84.481,68320000,1
1528323300000,1528323359000,84.48,84.483,84.476,84.478,79090000,1
1528323360000,1528323419000,84.478,84.478,84.475,84.475,52000000,1
1528323420000,1528323479000,84.474,84.48,84.472,84.476,123480000,1
1528323480000,1528323539000,84.476,84.486,84.467,84.467,65560000,1
1528323540000,1528323599000,84.467,84.487,84.467,84.482,61010000,1
1528323600000,1528323659000,84.48,84.488,84.48,84.488,36350000,1
1528323660000,1528323719000,84.488,84.489,84.485,84.488,15250000,1
1528323720000,1528323779000,84.488,84.49,84.486,84.486,25170000,1
1528323780000,1528323839000,84.487,84.492,84.485,84.489,27820000,1
1528323840000,1528323899000,84.488,84.488,84.481,84.483,44220000,1
1528323900000,1528323959000,84.481,84.488,84.481,84.487,55920000,1
1528323960000,1528324019000,84.487,84.493,84.48,84.48,38380000,1
1528324020000,1528324079000,84.48,84.48,84.478,84.479,26850000,1
1528324080000,1528324139000,84.479,84.482,84.479,84.481,9520000,1
1528324140000,1528324199000,84.482,84.482,84.469,84.469,15200000,1
1528324200000,1528324259000,84.469,84.469,84.459,84.459,46030000,1
1528324260000,1528324319000,84.458,84.463,84.457,84.462,32810000,1
1528324320000,1528324379000,84.461,84.473,84.46,84.461,38590000,1
1528324380000,1528324439000,84.461,84.461,84.457,84.457,17130000,1
1528324440000,1528324499000,84.457,84.459,84.457,84.459,11570000,1
1528324500000,1528324559000,84.459,84.472,84.459,84.466,33440000,1
1528324560000,1528324619000,84.468,84.468,84.458,84.46,16310000,1
1528324620000,1528324679000,84.458,84.46,84.457,84.46,16570000,1
1528324680000,1528324739000,84.46,84.46,84.458,84.46,13120000,1
1528324740000,1528324799000,84.459,84.459,84.457,84.457,7630000,1
1528324800000,1528324859000,84.455,84.457,84.453,84.454,17930000,1
1528324860000,1528324919000,84.456,84.458,84.454,84.455,14050000,1
1528324920000,1528324979000,84.459,84.459,84.448,84.449,25690000,1
1528324980000,1528325039000,84.45,84.45,84.448,84.45,10440000,1
1528325040000,1528325099000,84.448,84.456,84.448,84.456,18800000,1
1528325100000,1528325159000,84.457,84.463,84.457,84.462,29800000,1
1528325160000,1528325219000,84.461,84.464,84.448,84.45,33940000,1
1528325220000,1528325279000,84.45,84.452,84.45,84.45,28700000,1
1528325280000,1528325339000,84.449,84.458,84.444,84.458,27050000,1
1528325340000,1528325399000,84.462,84.462,84.458,84.458,18810000,1
1528325400000,1528325459000,84.459,84.46,84.455,84.459,36020000,1
1528325460000,1528325519000,84.459,84.46,84.455,84.457,20690000,1
1528325520000,1528325579000,84.455,84.455,84.455,84.455,1690000,1
1528325580000,1528325639000,84.456,84.459,84.452,84.455,24330000,1
1528325640000,1528325699000,84.455,84.458,84.455,84.456,10380000,1
1528325700000,1528325759000,84.457,84.459,84.456,84.458,11500000,1
1528325760000,1528325819000,84.459,84.462,84.455,84.457,17870000,1
1528325820000,1528325879000,84.459,84.479,84.458,84.472,33110000,1
1528325880000,1528325939000,84.471,84.479,84.47,84.479,53830000,1
1528325940000,1528325999000,84.478,84.478,84.474,84.475,37800000,1
1528326000000,1528326059000,84.477,84.477,84.467,84.47,38340000,1
1528326060000,1528326119000,84.471,84.472,84.467,84.471,27720000,1
1528326120000,1528326179000,84.471,84.474,84.469,84.474,22990000,1
1528326180000,1528326239000,84.477,84.481,84.473,84.476,59990000,1
1528326240000,1528326299000,84.473,84.477,84.465,84.475,23180000,1
1528326300000,1528326359000,84.476,84.48,84.466,84.48,62970000,1
1528326360000,1528326419000,84.48,84.482,84.462,84.465,43270000,1
1528326420000,1528326479000,84.467,84.467,84.459,84.465,35390000,1
1528326480000,1528326539000,84.465,84.465,84.462,84.464,15460000,1
1528326540000,1528326599000,84.464,84.466,84.46,84.46,24540000,1
1528326600000,1528326659000,84.462,84.464,84.461,84.464,6680000,1
1528326660000,1528326719000,84.464,84.464,84.461,84.461,20250000,1
1528326720000,1528326779000,84.459,84.459,84.457,84.459,16440000,1
1528326780000,1528326839000,84.462,84.473,84.462,84.469,26220000,1
1528326840000,1528326899000,84.47,84.47,84.45,84.451,43540000,1
1528326900000,1528326959000,84.453,84.465,84.45,84.463,39060000,1
1528326960000,1528327019000,84.464,84.465,84.455,84.455,18230000,1
1528327020000,1528327079000,84.455,84.461,84.449,84.455,55000000,1
1528327080000,1528327139000,84.455,84.46,84.45,84.45,49140000,1
1528327140000,1528327199000,84.451,84.454,84.445,84.445,40770000,1
1528327200000,1528327259000,84.447,84.447,84.44,84.441,21600000,1
1528327260000,1528327319000,84.443,84.443,84.437,84.437,8980000,1
1528327320000,1528327379000,84.437,84.44,84.431,84.433,36840000,1
1528327380000,1528327439000,84.433,84.433,84.412,84.417,90320000,1
1528327440000,1528327499000,84.418,84.425,84.404,84.41,84970000,1
1528327500000,1528327559000,84.41,84.42,84.41,84.418,79470000,1
1528327560000,1528327619000,84.419,84.432,84.41,84.428,37990000,1
1528327620000,1528327679000,84.429,84.429,84.423,84.424,37630000,1
1528327680000,1528327739000,84.425,84.425,84.419,84.422,29200000,1
1528327740000,1528327799000,84.423,84.423,84.419,84.422,24090000,1
1528327800000,1528327859000,84.424,84.436,84.422,84.422,78130000,1
1528327860000,1528327919000,84.421,84.425,84.412,84.412,59280000,1
1528327920000,1528327979000,84.413,84.419,84.392,84.396,87990000,1
1528327980000,1528328039000,84.394,84.404,84.389,84.392,120900000,1
1528328040000,1528328099000,84.39,84.4,84.388,84.399,47760000,1
1528328100000,1528328159000,84.4,84.415,84.398,84.414,44870000,1
1528328160000,1528328219000,84.416,84.419,84.416,84.416,32180000,1
1528328220000,1528328279000,84.417,84.43,84.415,84.418,50050000,1
1528328280000,1528328339000,84.417,84.438,84.417,84.438,50850000,1
1528328340000,1528328399000,84.438,84.443,84.427,84.429,58880000,1
1528328400000,1528328459000,84.428,84.435,84.42,84.435,58440000,1
1528328460000,1528328519000,84.434,84.455,84.434,84.442,106740000,1
1528328520000,1528328579000,84.444,84.453,84.442,84.45,80150000,1
1528328580000,1528328639000,84.45,84.458,84.436,84.44,76330000,1
1528328640000,1528328699000,84.442,84.445,84.432,84.432,95990000,1
1528328700000,1528328759000,84.432,84.437,84.432,84.435,83330000,1
1528328760000,1528328819000,84.434,84.44,84.431,84.438,92500000,1
1528328820000,1528328879000,84.438,84.443,84.432,84.432,68280000,1
1528328880000,1528328939000,84.432,84.439,84.43,84.432,44310000,1
1528328940000,1528328999000,84.432,84.442,84.425,84.433,63000000,1
1528329000000,1528329059000,84.432,84.432,84.423,84.427,41530000,1
1528329060000,1528329119000,84.427,84.427,84.404,84.405,40490000,1
1528329120000,1528329179000,84.406,84.421,84.402,84.41,86920000,1
1528329180000,1528329239000,84.409,84.409,84.391,84.391,41810000,1
1528329240000,1528329299000,84.394,84.394,84.387,84.388,35350000,1
1528329300000,1528329359000,84.388,84.397,84.385,84.392,68460000,1
1528329360000,1528329419000,84.392,84.41,84.392,84.401,111280000,1
1528329420000,1528329479000,84.399,84.413,84.386,84.386,121720000,1
1528329480000,1528329539000,84.386,84.402,84.383,84.392,113680000,1
1528329540000,1528329599000,84.391,84.406,84.391,84.397,133210000,1
1528329600000,1528329659000,84.399,84.401,84.372,84.38,125830000,1
1528329660000,1528329719000,84.379,84.381,84.354,84.361,130130000,1
1528329720000,1528329779000,84.361,84.384,84.36,84.374,93380000,1
1528329780000,1528329839000,84.373,84.384,84.373,84.376,54940000,1
1528329840000,1528329899000,84.378,84.392,84.378,84.384,79750000,1
1528329900000,1528329959000,84.383,84.421,84.383,84.417,84970000,1
1528329960000,1528330019000,84.417,84.423,84.403,84.408,164870000,1
1528330020000,1528330079000,84.407,84.422,84.403,84.42,125870000,1
1528330080000,1528330139000,84.42,84.428,84.413,84.413,82320000,1
1528330140000,1528330199000,84.412,84.434,84.412,84.416,221160000,1
1528330200000,1528330259000,84.418,84.423,84.407,84.415,86670000,1
1528330260000,1528330319000,84.416,84.433,84.415,84.425,116770000,1
1528330320000,1528330379000,84.425,84.434,84.419,84.427,84990000,1
1528330380000,1528330439000,84.425,84.434,84.421,84.433,73600000,1
1528330440000,1528330499000,84.433,84.45,84.433,84.45,79600000,1
1528330500000,1528330559000,84.449,84.483,84.449,84.48,144160000,1
1528330560000,1528330619000,84.481,84.497,84.476,84.48,90310000,1
1528330620000,1528330679000,84.479,84.495,84.477,84.493,74250000,1
1528330680000,1528330739000,84.492,84.495,84.475,84.491,88250000,1
1528330740000,1528330799000,84.492,84.501,84.488,84.499,82060000,1
1528330800000,1528330859000,84.502,84.508,84.495,84.506,96060000,1
1528330860000,1528330919000,84.506,84.535,84.504,84.529,69470000,1
1528330920000,1528330979000,84.53,84.53,84.506,84.506,62390000,1
1528330980000,1528331039000,84.505,84.505,84.468,84.474,128550000,1
1528331040000,1528331099000,84.474,84.502,84.472,84.492,89880000,1
1528331100000,1528331159000,84.492,84.505,84.477,84.48,104930000,1
1528331160000,1528331219000,84.478,84.478,84.453,84.456,58400000,1
1528331220000,1528331279000,84.456,84.456,84.442,84.447,105230000,1
1528331280000,1528331339000,84.449,84.452,84.432,84.444,119680000,1
1528331340000,1528331399000,84.444,84.447,84.414,84.434,135030000,1
1528331400000,1528331459000,84.433,84.433,84.392,84.401,149930000,1
1528331460000,1528331519000,84.398,84.407,84.387,84.392,127390000,1
1528331520000,1528331579000,84.392,84.408,84.387,84.407,69900000,1
1528331580000,1528331639000,84.408,84.426,84.408,84.425,54960000,1
1528331640000,1528331699000,84.424,84.424,84.41,84.41,55340000,1
1528331700000,1528331759000,84.41,84.421,84.407,84.413,74850000,1
1528331760000,1528331819000,84.414,84.416,84.401,84.401,38560000,1
1528331820000,1528331879000,84.401,84.402,84.387,84.387,65750000,1
1528331880000,1528331939000,84.387,84.419,84.378,84.419,79730000,1
1528331940000,1528331999000,84.42,84.441,84.42,84.44,81660000,1
1528332000000,1528332059000,84.439,84.453,84.439,84.451,61130000,1
1528332060000,1528332119000,84.452,84.47,84.441,84.443,101160000,1
1528332120000,1528332179000,84.442,84.459,84.439,84.457,107990000,1
1528332180000,1528332239000,84.457,84.47,84.457,84.458,61200000,1
1528332240000,1528332299000,84.46,84.462,84.459,84.461,21730000,1
1528332300000,1528332359000,84.461,84.461,84.43,84.43,68350000,1
1528332360000,1528332419000,84.431,84.433,84.423,84.429,50810000,1
1528332420000,1528332479000,84.428,84.429,84.407,84.409,75270000,1
1528332480000,1528332539000,84.41,84.411,84.392,84.411,97510000,1
1528332540000,1528332599000,84.412,84.413,84.406,84.407,75380000,1
1528332600000,1528332659000,84.407,84.412,84.402,84.409,88610000,1
1528332660000,1528332719000,84.408,84.431,84.408,84.422,86310000,1
1528332720000,1528332779000,84.421,84.429,84.408,84.409,65180000,1
1528332780000,1528332839000,84.41,84.412,84.404,84.411,70160000,1
1528332840000,1528332899000,84.41,84.435,84.408,84.435,94380000,1
1528332900000,1528332959000,84.437,84.438,84.412,84.435,92610000,1
1528332960000,1528333019000,84.435,84.447,84.432,84.445,95580000,1
1528333020000,1528333079000,84.445,84.445,84.434,84.435,67390000,1
1528333080000,1528333139000,84.435,84.438,84.429,84.434,71190000,1
1528333140000,1528333199000,84.435,84.473,84.435,84.472,153300000,1
1528333200000,1528333259000,84.471,84.471,84.462,84.467,46150000,1
1528333260000,1528333319000,84.465,84.502,84.456,84.498,77880000,1
1528333320000,1528333379000,84.497,84.497,84.462,84.482,157810000,1
1528333380000,1528333439000,84.482,84.485,84.471,84.473,71710000,1
1528333440000,1528333499000,84.474,84.477,84.467,84.47,67040000,1
1528333500000,1528333559000,84.469,84.469,84.443,84.447,112880000,1
1528333560000,1528333619000,84.448,84.454,84.436,84.439,52390000,1
1528333620000,1528333679000,84.439,84.439,84.425,84.434,64940000,1
1528333680000,1528333739000,84.435,84.453,84.435,84.451,85690000,1
1528333740000,1528333799000,84.452,84.467,84.451,84.465,70900000,1
1528333800000,1528333859000,84.465,84.471,84.444,84.463,96260000,1
1528333860000,1528333919000,84.463,84.472,84.454,84.466,92800000,1
1528333920000,1528333979000,84.467,84.477,84.463,84.47,69120000,1
1528333980000,1528334039000,84.47,84.501,84.47,84.498,96220000,1
1528334040000,1528334099000,84.498,84.498,84.463,84.463,158120000,1
1528334100000,1528334159000,84.464,84.477,84.455,84.47,128660000,1
1528334160000,1528334219000,84.472,84.494,84.472,84.494,130140000,1
1528334220000,1528334279000,84.496,84.496,84.457,84.459,115730000,1
1528334280000,1528334339000,84.459,84.459,84.441,84.448,99480000,1
1528334340000,1528334399000,84.448,84.448,84.417,84.43,136380000,1
1528334400000,1528334459000,84.43,84.45,84.428,84.45,109810000,1
1528334460000,1528334519000,84.45,84.467,84.448,84.458,120590000,1
1528334520000,1528334579000,84.457,84.459,84.44,84.447,90390000,1
1528334580000,1528334639000,84.447,84.447,84.43,84.44,119800000,1
1528334640000,1528334699000,84.439,84.444,84.431,84.434,94520000,1
1528334700000,1528334759000,84.435,84.437,84.428,84.436,117920000,1
1528334760000,1528334819000,84.438,84.442,84.405,84.414,69860000,1
1528334820000,1528334879000,84.414,84.415,84.396,84.398,1393960000,1
1528334880000,1528334939000,84.398,84.405,84.397,84.404,54540000,1
1528334940000,1528334999000,84.404,84.415,84.396,84.41,63200000,1
1528335000000,1528335059000,84.409,84.45,84.396,84.447,110680000,1
1528335060000,1528335119000,84.447,84.447,84.385,84.385,153840000,1
1528335120000,1528335179000,84.384,84.384,84.346,84.346,188440000,1
1528335180000,1528335239000,84.348,84.351,84.318,84.328,171470000,1
1528335240000,1528335299000,84.328,84.337,84.32,84.325,225510000,1
1528335300000,1528335359000,84.325,84.34,84.325,84.338,142720000,1
1528335360000,1528335419000,84.338,84.343,84.332,84.333,85760000,1
1528335420000,1528335479000,84.332,84.332,84.306,84.307,102960000,1
1528335480000,1528335539000,84.305,84.307,84.272,84.283,166850000,1
1528335540000,1528335599000,84.283,84.283,84.267,84.268,128720000,1
1528335600000,1528335659000,84.268,84.283,84.268,84.275,105360000,1
1528335660000,1528335719000,84.276,84.285,84.274,84.284,70560000,1
1528335720000,1528335779000,84.284,84.29,84.277,84.284,78620000,1
1528335780000,1528335839000,84.283,84.288,84.259,84.274,178020000,1
1528335840000,1528335899000,84.274,84.281,84.254,84.26,95460000,1
1528335900000,1528335959000,84.26,84.267,84.252,84.265,87530000,1
1528335960000,1528336019000,84.266,84.271,84.263,84.27,49850000,1
1528336020000,1528336079000,84.269,84.281,84.268,84.269,48480000,1
1528336080000,1528336139000,84.268,84.274,84.267,84.269,84680000,1
1528336140000,1528336199000,84.268,84.271,84.262,84.265,67710000,1
1528336200000,1528336259000,84.265,84.282,84.265,84.277,61090000,1
1528336260000,1528336319000,84.277,84.297,84.277,84.297,35550000,1
1528336320000,1528336379000,84.295,84.296,84.284,84.284,64270000,1
1528336380000,1528336439000,84.285,84.285,84.26,84.266,120100000,1
1528336440000,1528336499000,84.266,84.267,84.248,84.248,129840000,1
1528336500000,1528336559000,84.248,84.249,84.234,84.235,81590000,1
1528336560000,1528336619000,84.236,84.24,84.216,84.229,165620000,1
1528336620000,1528336679000,84.229,84.229,84.197,84.199,199460000,1
1528336680000,1528336739000,84.2,84.21,84.174,84.18,192320000,1
1528336740000,1528336799000,84.18,84.181,84.072,84.089,369020000,1
1528336800000,1528336859000,84.096,84.096,84.028,84.028,388180000,1
1528336860000,1528336919000,84.028,84.049,84.028,84.037,304010000,1
1528336920000,1528336979000,84.037,84.047,84.027,84.027,258260000,1
1528336980000,1528337039000,84.029,84.106,84.025,84.106,198950000,1
1528337040000,1528337099000,84.106,84.177,84.103,84.165,187540000,1
1528337100000,1528337159000,84.163,84.164,84.136,84.14,196830000,1
1528337160000,1528337219000,84.139,84.156,84.135,84.147,98100000,1
1528337220000,1528337279000,84.147,84.153,84.146,84.149,116330000,1
1528337280000,1528337339000,84.15,84.165,84.15,84.156,128260000,1
1528337340000,1528337399000,84.156,84.178,84.134,84.174,128500000,1
1528337400000,1528337459000,84.173,84.195,84.173,84.176,102360000,1
1528337460000,1528337519000,84.178,84.186,84.172,84.174,105280000,1
1528337520000,1528337579000,84.177,84.18,84.138,84.141,102210000,1
1528337580000,1528337639000,84.142,84.165,84.142,84.153,120680000,1
1528337640000,1528337699000,84.153,84.154,84.134,84.134,105600000,1
1528337700000,1528337759000,84.134,84.15,84.134,84.135,98330000,1
1528337760000,1528337819000,84.135,84.14,84.135,84.135,48110000,1
1528337820000,1528337879000,84.135,84.175,84.124,84.175,123490000,1
1528337880000,1528337939000,84.175,84.187,84.169,84.185,85870000,1
1528337940000,1528337999000,84.183,84.199,84.168,84.199,141410000,1
1528338000000,1528338059000,84.199,84.233,84.186,84.222,132640000,1
1528338060000,1528338119000,84.221,84.222,84.197,84.201,88460000,1
1528338120000,1528338179000,84.202,84.224,84.195,84.224,62450000,1
1528338180000,1528338239000,84.224,84.228,84.212,84.213,52460000,1
1528338240000,1528338299000,84.213,84.214,84.167,84.175,108230000,1
1528338300000,1528338359000,84.175,84.191,84.174,84.191,95940000,1
1528338360000,1528338419000,84.192,84.205,84.192,84.204,74500000,1
1528338420000,1528338479000,84.206,84.223,84.206,84.221,68920000,1
1528338480000,1528338539000,84.219,84.237,84.218,84.231,107960000,1
1528338540000,1528338599000,84.232,84.24,84.224,84.237,90240000,1
1528338600000,1528338659000,84.237,84.239,84.211,84.214,86750000,1
1528338660000,1528338719000,84.215,84.228,84.213,84.216,62220000,1
1528338720000,1528338779000,84.217,84.225,84.215,84.216,42320000,1
1528338780000,1528338839000,84.217,84.218,84.204,84.204,37760000,1
1528338840000,1528338899000,84.205,84.205,84.196,84.197,48940000,1
1528338900000,1528338959000,84.197,84.201,84.188,84.196,115280000,1
1528338960000,1528339019000,84.196,84.198,84.187,84.189,72320000,1
1528339020000,1528339079000,84.189,84.193,84.186,84.186,52340000,1
1528339080000,1528339139000,84.185,84.206,84.185,84.206,49770000,1
1528339140000,1528339199000,84.205,84.216,84.204,84.211,113800000,1
1528339200000,1528339259000,84.211,84.218,84.206,84.206,54590000,1
1528339260000,1528339319000,84.206,84.207,84.188,84.189,72160000,1
1528339320000,1528339379000,84.188,84.19,84.162,84.169,74990000,1
1528339380000,1528339439000,84.17,84.19,84.165,84.165,84730000,1
1528339440000,1528339499000,84.166,84.176,84.166,84.172,36830000,1
1528339500000,1528339559000,84.173,84.174,84.139,84.139,82750000,1
1528339560000,1528339619000,84.139,84.154,84.139,84.151,58250000,1
1528339620000,1528339679000,84.151,84.155,84.139,84.145,78750000,1
1528339680000,1528339739000,84.146,84.146,84.139,84.139,51560000,1
1528339740000,1528339799000,84.139,84.139,84.134,84.137,38690000,1
1528339800000,1528339859000,84.138,84.147,84.136,84.137,36180000,1
1528339860000,1528339919000,84.135,84.158,84.135,84.158,41240000,1
1528339920000,1528339979000,84.157,84.158,84.141,84.149,96390000,1
1528339980000,1528340039000,84.148,84.165,84.147,84.165,35000000,1
1528340040000,1528340099000,84.165,84.165,84.154,84.154,44340000,1
1528340100000,1528340159000,84.154,84.16,84.148,84.152,81180000,1
1528340160000,1528340219000,84.15,84.152,84.14,84.141,40150000,1
1528340220000,1528340279000,84.141,84.147,84.139,84.139,33080000,1
1528340280000,1528340339000,84.138,84.145,84.131,84.132,42410000,1
1528340340000,1528340399000,84.13,84.131,84.073,84.073,154570000,1
1528340400000,1528340459000,84.075,84.079,84.041,84.055,158700000,1
1528340460000,1528340519000,84.057,84.067,84.028,84.054,176590000,1
1528340520000,1528340579000,84.053,84.077,84.05,84.074,107940000,1
1528340580000,1528340639000,84.076,84.097,84.076,84.093,60250000,1
1528340640000,1528340699000,84.094,84.102,84.093,84.098,46000000,1
1528340700000,1528340759000,84.099,84.107,84.092,84.107,49250000,1
1528340760000,1528340819000,84.108,84.131,84.108,84.127,131780000,1
1528340820000,1528340879000,84.127,84.127,84.107,84.111,68450000,1
1528340880000,1528340939000,84.112,84.116,84.107,84.116,41340000,1
1528340940000,1528340999000,84.116,84.12,84.112,84.114,54360000,1
1528341000000,1528341059000,84.115,84.123,84.107,84.12,61160000,1
1528341060000,1528341119000,84.121,84.131,84.118,84.124,80210000,1
1528341120000,1528341179000,84.124,84.13,84.119,84.119,37220000,1
1528341180000,1528341239000,84.12,84.131,84.12,84.131,79480000,1
1528341240000,1528341299000,84.13,84.131,84.126,84.126,56290000,1
1528341300000,1528341359000,84.126,84.129,84.124,84.124,40130000,1
1528341360000,1528341419000,84.123,84.142,84.121,84.139,68530000,1
1528341420000,1528341479000,84.139,84.14,84.137,84.137,18640000,1
1528341480000,1528341539000,84.134,84.136,84.131,84.136,32130000,1
1528341540000,1528341599000,84.137,84.151,84.137,84.151,39620000,1
1528341600000,1528341659000,84.15,84.15,84.138,84.141,42040000,1
1528341660000,1528341719000,84.141,84.149,84.141,84.149,36280000,1
1528341720000,1528341779000,84.149,84.149,84.142,84.146,46590000,1
1528341780000,1528341839000,84.148,84.148,84.139,84.139,13370000,1
1528341840000,1528341899000,84.138,84.141,84.129,84.134,46510000,1
1528341900000,1528341959000,84.137,84.139,84.137,84.139,2250000,1
1528341960000,1528342019000,84.14,84.154,84.14,84.152,18860000,1
1528342020000,1528342079000,84.154,84.155,84.15,84.151,33970000,1
1528342080000,1528342139000,84.15,84.15,84.14,84.141,40610000,1
1528342140000,1528342199000,84.138,84.146,84.133,84.143,47850000,1
1528342200000,1528342259000,84.144,84.15,84.137,84.144,58190000,1
1528342260000,1528342319000,84.144,84.151,84.144,84.147,65200000,1
1528342320000,1528342379000,84.147,84.157,84.147,84.157,31690000,1
1528342380000,1528342439000,84.155,84.159,84.151,84.155,35130000,1
1528342440000,1528342499000,84.155,84.157,84.14,84.14,69610000,1
1528342500000,1528342559000,84.137,84.137,84.114,84.114,57520000,1
1528342560000,1528342619000,84.116,84.118,84.11,84.115,40750000,1
1528342620000,1528342679000,84.114,84.119,84.112,84.119,41970000,1
1528342680000,1528342739000,84.118,84.121,84.113,84.115,36870000,1
1528342740000,1528342799000,84.115,84.115,84.095,84.096,66770000,1
1528342800000,1528342859000,84.098,84.104,84.095,84.101,91670000,1
1528342860000,1528342919000,84.1,84.118,84.098,84.115,115390000,1
1528342920000,1528342979000,84.115,84.117,84.105,84.105,77820000,1
1528342980000,1528343039000,84.104,84.104,84.101,84.102,42940000,1
1528343040000,1528343099000,84.1,84.1,84.094,84.094,44690000,1
1528343100000,1528343159000,84.094,84.096,84.085,84.085,83870000,1
1528343160000,1528343219000,84.088,84.092,84.078,84.091,52620000,1
1528343220000,1528343279000,84.09,84.101,84.087,84.101,29110000,1
1528343280000,1528343339000,84.102,84.112,84.099,84.102,56170000,1
1528343340000,1528343399000,84.101,84.105,84.097,84.101,49550000,1
1528343400000,1528343459000,84.1,84.12,84.093,84.119,105630000,1
1528343460000,1528343519000,84.118,84.127,84.117,84.12,47240000,1
1528343520000,1528343579000,84.119,84.122,84.113,84.119,60040000,1
1528343580000,1528343639000,84.119,84.119,84.106,84.107,68780000,1
1528343640000,1528343699000,84.107,84.108,84.098,84.098,54780000,1
1528343700000,1528343759000,84.098,84.111,84.097,84.109,57110000,1
1528343760000,1528343819000,84.11,84.11,84.097,84.097,43200000,1
1528343820000,1528343879000,84.096,84.103,84.092,84.099,40950000,1
1528343880000,1528343939000,84.099,84.1,84.094,84.094,48270000,1
1528343940000,1528343999000,84.093,84.097,84.092,84.096,38030000,1
1528344000000,1528344059000,84.095,84.099,84.085,84.099,59860000,1
1528344060000,1528344119000,84.1,84.114,84.1,84.114,30740000,1
1528344120000,1528344179000,84.113,84.123,84.107,84.108,67190000,1
1528344180000,1528344239000,84.105,84.108,84.096,84.099,83840000,1
1528344240000,1528344299000,84.097,84.114,84.097,84.113,80610000,1
1528344300000,1528344359000,84.113,84.134,84.113,84.128,78140000,1
1528344360000,1528344419000,84.129,84.141,84.129,84.141,37440000,1
1528344420000,1528344479000,84.141,84.143,84.141,84.141,16810000,1
1528344480000,1528344539000,84.143,84.159,84.143,84.154,47320000,1
1528344540000,1528344599000,84.154,84.154,84.129,84.144,69300000,1
1528344600000,1528344659000,84.144,84.157,84.142,84.144,91830000,1
1528344660000,1528344719000,84.145,84.15,84.144,84.146,47170000,1
1528344720000,1528344779000,84.146,84.148,84.142,84.143,40100000,1
1528344780000,1528344839000,84.142,84.142,84.139,84.142,16630000,1
1528344840000,1528344899000,84.143,84.147,84.141,84.141,27760000,1
1528344900000,1528344959000,84.14,84.14,84.12,84.124,80910000,1
1528344960000,1528345019000,84.126,84.169,84.126,84.161,107500000,1
1528345020000,1528345079000,84.161,84.189,84.155,84.181,77130000,1
1528345080000,1528345139000,84.179,84.179,84.165,84.165,57270000,1
1528345140000,1528345199000,84.165,84.167,84.165,84.167,25610000,1
1528345200000,1528345259000,84.165,84.165,84.157,84.161,35630000,1
1528345260000,1528345319000,84.16,84.163,84.157,84.158,24610000,1
1528345320000,1528345379000,84.158,84.159,84.15,84.152,75040000,1
1528345380000,1528345439000,84.152,84.153,84.14,84.146,71210000,1
1528345440000,1528345499000,84.145,84.145,84.123,84.137,55300000,1
1528345500000,1528345559000,84.135,84.138,84.128,84.132,46120000,1
1528345560000,1528345619000,84.133,84.142,84.132,84.138,27000000,1
1528345620000,1528345679000,84.137,84.144,84.132,84.141,64750000,1
1528345680000,1528345739000,84.141,84.149,84.14,84.144,64530000,1
1528345740000,1528345799000,84.146,84.152,84.145,84.152,83130000,1
1528345800000,1528345859000,84.151,84.166,84.151,84.153,84960000,1
1528345860000,1528345919000,84.153,84.16,84.145,84.155,109450000,1
1528345920000,1528345979000,84.156,84.158,84.129,84.141,62900000,1
1528345980000,1528346039000,84.141,84.149,84.134,84.148,61450000,1
1528346040000,1528346099000,84.149,84.159,84.144,84.153,106250000,1
1528346100000,1528346159000,84.154,84.162,84.153,84.156,59000000,1
1528346160000,1528346219000,84.156,84.159,84.148,84.152,74700000,1
1528346220000,1528346279000,84.153,84.158,84.151,84.157,78920000,1
1528346280000,1528346339000,84.157,84.162,84.154,84.162,75250000,1
1528346340000,1528346399000,84.163,84.163,84.155,84.156,55560000,1
1528346400000,1528346459000,84.156,84.157,84.15,84.15,30640000,1
1528346460000,1528346519000,84.149,84.154,84.149,84.151,28430000,1
1528346520000,1528346579000,84.151,84.157,84.151,84.156,44060000,1
1528346580000,1528346639000,84.156,84.156,84.149,84.153,31980000,1
1528346640000,1528346699000,84.153,84.154,84.152,84.152,19120000,1
1528346700000,1528346759000,84.152,84.158,84.152,84.154,63030000,1
1528346760000,1528346819000,84.154,84.158,84.152,84.155,69860000,1
1528346820000,1528346879000,84.155,84.156,84.151,84.155,43020000,1
1528346880000,1528346939000,84.155,84.156,84.148,84.149,25180000,1
1528346940000,1528346999000,84.15,84.153,84.148,84.148,24870000,1
1528347000000,1528347059000,84.148,84.159,84.146,84.159,58030000,1
1528347060000,1528347119000,84.156,84.156,84.138,84.143,45600000,1
1528347120000,1528347179000,84.143,84.148,84.13,84.134,66020000,1
1528347180000,1528347239000,84.131,84.134,84.118,84.134,132440000,1
1528347240000,1528347299000,84.134,84.136,84.122,84.124,57250000,1
1528347300000,1528347359000,84.123,84.127,84.117,84.118,63600000,1
1528347360000,1528347419000,84.119,84.122,84.116,84.12,61740000,1
1528347420000,1528347479000,84.119,84.122,84.117,84.121,66070000,1
1528347480000,1528347539000,84.121,84.154,84.109,84.154,161890000,1
1528347540000,1528347599000,84.154,84.161,84.139,84.139,173590000,1
1528347600000,1528347659000,84.14,84.167,84.138,84.167,135980000,1
1528347660000,1528347719000,84.166,84.184,84.16,84.161,98690000,1
1528347720000,1528347779000,84.162,84.171,84.158,84.169,52390000,1
1528347780000,1528347839000,84.168,84.17,84.165,84.169,55180000,1
1528347840000,1528347899000,84.169,84.169,84.159,84.163,102580000,1
1528347900000,1528347959000,84.164,84.173,84.164,84.165,78080000,1
1528347960000,1528348019000,84.165,84.167,84.154,84.154,69290000,1
1528348020000,1528348079000,84.154,84.155,84.151,84.153,73690000,1
1528348080000,1528348139000,84.151,84.154,84.145,84.153,84710000,1
1528348140000,1528348199000,84.153,84.161,84.143,84.156,100500000,1
1528348200000,1528348259000,84.154,84.157,84.143,84.143,81820000,1
1528348260000,1528348319000,84.144,84.168,84.144,84.168,88140000,1
1528348320000,1528348379000,84.167,84.167,84.156,84.156,49210000,1
1528348380000,1528348439000,84.156,84.156,84.151,84.153,54170000,1
1528348440000,1528348499000,84.153,84.174,84.152,84.174,102270000,1
1528348500000,1528348559000,84.175,84.18,84.17,84.172,73950000,1
1528348560000,1528348619000,84.173,84.183,84.173,84.175,31360000,1
1528348620000,1528348679000,84.176,84.181,84.172,84.181,38520000,1
1528348680000,1528348739000,84.179,84.187,84.179,84.183,37150000,1
1528348740000,1528348799000,84.183,84.184,84.169,84.179,84530000,1
1528348800000,1528348859000,84.178,84.187,84.175,84.18,85190000,1
1528348860000,1528348919000,84.18,84.181,84.171,84.176,61780000,1
1528348920000,1528348979000,84.177,84.179,84.164,84.179,63250000,1
1528348980000,1528349039000,84.178,84.187,84.178,84.185,76890000,1
1528349040000,1528349099000,84.186,84.189,84.18,84.187,79170000,1
1528349100000,1528349159000,84.188,84.206,84.188,84.203,100010000,1
1528349160000,1528349219000,84.204,84.204,84.189,84.189,53060000,1
1528349220000,1528349279000,84.188,84.203,84.186,84.197,57810000,1
1528349280000,1528349339000,84.196,84.2,84.18,84.191,53930000,1
1528349340000,1528349399000,84.192,84.193,84.187,84.19,39310000,1
1528349400000,1528349459000,84.19,84.196,84.19,84.191,31360000,1
1528349460000,1528349519000,84.192,84.196,84.184,84.192,43630000,1
1528349520000,1528349579000,84.193,84.196,84.179,84.181,40490000,1
1528349580000,1528349639000,84.18,84.18,84.174,84.175,32870000,1
1528349640000,1528349699000,84.176,84.183,84.174,84.176,47120000,1
1528349700000,1528349759000,84.177,84.191,84.177,84.191,54000000,1
1528349760000,1528349819000,84.192,84.196,84.184,84.192,39440000,1
1528349820000,1528349879000,84.19,84.196,84.176,84.177,67630000,1
1528349880000,1528349939000,84.176,84.179,84.172,84.173,54750000,1
1528349940000,1528349999000,84.172,84.172,84.164,84.169,40500000,1
1528350000000,1528350059000,84.169,84.185,84.169,84.183,30750000,1
1528350060000,1528350119000,84.182,84.202,84.182,84.202,31680000,1
1528350120000,1528350179000,84.201,84.202,84.191,84.194,23460000,1
1528350180000,1528350239000,84.194,84.202,84.185,84.185,71760000,1
1528350240000,1528350299000,84.187,84.211,84.187,84.211,55130000,1
1528350300000,1528350359000,84.212,84.26,84.212,84.249,117520000,1
1528350360000,1528350419000,84.249,84.249,84.2,84.203,113740000,1
1528350420000,1528350479000,84.202,84.215,84.195,84.206,81470000,1
1528350480000,1528350539000,84.206,84.233,84.201,84.224,130610000,1
1528350540000,1528350599000,84.225,84.225,84.197,84.2,124620000,1
1528350600000,1528350659000,84.2,84.207,84.2,84.206,72780000,1
1528350660000,1528350719000,84.205,84.213,84.205,84.207,43500000,1
1528350720000,1528350779000,84.208,84.239,84.204,84.222,79970000,1
1528350780000,1528350839000,84.222,84.229,84.211,84.215,99350000,1
1528350840000,1528350899000,84.215,84.215,84.194,84.206,112490000,1
1528350900000,1528350959000,84.206,84.206,84.191,84.201,85440000,1
1528350960000,1528351019000,84.201,84.209,84.2,84.203,106350000,1
1528351020000,1528351079000,84.205,84.212,84.195,84.212,108710000,1
1528351080000,1528351139000,84.211,84.211,84.201,84.204,43200000,1
1528351140000,1528351199000,84.206,84.21,84.191,84.197,105550000,1
1528351200000,1528351259000,84.196,84.208,84.176,84.176,141610000,1
1528351260000,1528351319000,84.176,84.183,84.174,84.176,84900000,1
1528351320000,1528351379000,84.176,84.196,84.176,84.179,156340000,1
1528351380000,1528351439000,84.178,84.198,84.176,84.195,106680000,1
1528351440000,1528351499000,84.195,84.199,84.191,84.196,83210000,1
1528351500000,1528351559000,84.197,84.201,84.195,84.197,56250000,1
1528351560000,1528351619000,84.2,84.201,84.184,84.184,139530000,1
1528351620000,1528351679000,84.188,84.188,84.161,84.161,111600000,1
1528351680000,1528351739000,84.161,84.173,84.161,84.172,86940000,1
1528351740000,1528351799000,84.171,84.171,84.151,84.164,98700000,1
1528351800000,1528351859000,84.164,84.193,84.164,84.188,72580000,1
1528351860000,1528351919000,84.187,84.199,84.184,84.184,72830000,1
1528351920000,1528351979000,84.185,84.19,84.183,84.19,46650000,1
1528351980000,1528352039000,84.191,84.193,84.187,84.192,58190000,1
1528352040000,1528352099000,84.191,84.199,84.185,84.195,94130000,1
1528352100000,1528352159000,84.196,84.215,84.186,84.215,98950000,1
1528352160000,1528352219000,84.214,84.214,84.196,84.2,97370000,1
1528352220000,1528352279000,84.199,84.2,84.165,84.166,112670000,1
1528352280000,1528352339000,84.166,84.182,84.161,84.178,113840000,1
1528352340000,1528352399000,84.175,84.178,84.159,84.159,90440000,1
1528352400000,1528352459000,84.159,84.185,84.159,84.183,93840000,1
1528352460000,1528352519000,84.181,84.181,84.173,84.179,55690000,1
1528352520000,1528352579000,84.178,84.207,84.178,84.204,86380000,1
1528352580000,1528352639000,84.205,84.21,84.195,84.21,116880000,1
1528352640000,1528352699000,84.209,84.21,84.175,84.181,144950000,1
1528352700000,1528352759000,84.182,84.188,84.157,84.16,171340000,1
1528352760000,1528352819000,84.16,84.206,84.158,84.206,165000000,1
1528352820000,1528352879000,84.204,84.225,84.194,84.196,129180000,1
1528352880000,1528352939000,84.195,84.201,84.188,84.189,99500000,1
1528352940000,1528352999000,84.188,84.217,84.188,84.21,81480000,1
1528353000000,1528353059000,84.211,84.211,84.185,84.192,150640000,1
1528353060000,1528353119000,84.191,84.194,84.175,84.175,97490000,1
1528353120000,1528353179000,84.176,84.21,84.174,84.198,109130000,1
1528353180000,1528353239000,84.197,84.203,84.194,84.199,120230000,1
1528353240000,1528353299000,84.201,84.205,84.198,84.201,131660000,1
1528353300000,1528353359000,84.202,84.203,84.193,84.196,86190000,1
1528353360000,1528353419000,84.196,84.23,84.196,84.218,117990000,1
1528353420000,1528353479000,84.219,84.22,84.202,84.202,92300000,1
1528353480000,1528353539000,84.201,84.217,84.201,84.217,62690000,1
1528353540000,1528353599000,84.218,84.218,84.148,84.152,161780000,1
1528353600000,1528353659000,84.154,84.162,84.15,84.15,139990000,1
1528353660000,1528353719000,84.15,84.162,84.13,84.13,215000000,1
1528353720000,1528353779000,84.132,84.133,84.116,84.131,90910000,1
1528353780000,1528353839000,84.134,84.155,84.134,84.155,83170000,1
1528353840000,1528353899000,84.155,84.16,84.134,84.143,190930000,1
1528353900000,1528353959000,84.145,84.155,84.142,84.152,90410000,1
1528353960000,1528354019000,84.152,84.163,84.146,84.155,152070000,1
1528354020000,1528354079000,84.158,84.2,84.151,84.199,180990000,1
1528354080000,1528354139000,84.197,84.201,84.176,84.177,110350000,1
1528354140000,1528354199000,84.177,84.192,84.17,84.192,101960000,1
1528354200000,1528354259000,84.19,84.204,84.187,84.203,110130000,1
1528354260000,1528354319000,84.205,84.211,84.196,84.198,126050000,1
1528354320000,1528354379000,84.199,84.227,84.199,84.205,119130000,1
1528354380000,1528354439000,84.205,84.218,84.205,84.205,116680000,1
1528354440000,1528354499000,84.206,84.213,84.186,84.189,99310000,1
1528354500000,1528354559000,84.19,84.194,84.142,84.146,175630000,1
1528354560000,1528354619000,84.146,84.163,84.144,84.144,132230000,1
1528354620000,1528354679000,84.144,84.161,84.138,84.148,159360000,1
1528354680000,1528354739000,84.15,84.179,84.15,84.175,110710000,1
1528354740000,1528354799000,84.177,84.177,84.166,84.166,123440000,1
1528354800000,1528354859000,84.166,84.166,84.135,84.147,183990000,1
1528354860000,1528354919000,84.147,84.164,84.139,84.142,171150000,1
1528354920000,1528354979000,84.142,84.151,84.133,84.149,138710000,1
1528354980000,1528355039000,84.15,84.172,84.148,84.172,118900000,1
1528355040000,1528355099000,84.17,84.193,84.17,84.19,143750000,1
1528355100000,1528355159000,84.189,84.189,84.178,84.183,116760000,1
1528355160000,1528355219000,84.183,84.205,84.172,84.189,166630000,1
1528355220000,1528355279000,84.188,84.202,84.182,84.195,127830000,1
1528355280000,1528355339000,84.194,84.205,84.184,84.184,181610000,1
1528355340000,1528355399000,84.185,84.2,84.185,84.186,168160000,1
1528355400000,1528355459000,84.185,84.223,84.185,84.193,106000000,1
1528355460000,1528355519000,84.193,84.212,84.189,84.19,113840000,1
1528355520000,1528355579000,84.19,84.213,84.19,84.201,143270000,1
1528355580000,1528355639000,84.2,84.215,84.2,84.203,109570000,1
1528355640000,1528355699000,84.203,84.204,84.188,84.192,147550000,1
1528355700000,1528355759000,84.192,84.192,84.174,84.176,100780000,1
1528355760000,1528355819000,84.176,84.187,84.17,84.175,81520000,1
1528355820000,1528355879000,84.177,84.177,84.156,84.163,151150000,1
1528355880000,1528355939000,84.162,84.163,84.14,84.143,84840000,1
1528355940000,1528355999000,84.143,84.159,84.139,84.159,93060000,1
1528356000000,1528356059000,84.158,84.181,84.158,84.175,93640000,1
1528356060000,1528356119000,84.178,84.179,84.165,84.169,70890000,1
1528356120000,1528356179000,84.17,84.181,84.165,84.181,66240000,1
1528356180000,1528356239000,84.18,84.183,84.167,84.167,157150000,1
1528356240000,1528356299000,84.167,84.173,84.163,84.173,93390000,1
1528356300000,1528356359000,84.173,84.187,84.171,84.177,136160000,1
1528356360000,1528356419000,84.177,84.199,84.173,84.199,78360000,1
1528356420000,1528356479000,84.198,84.211,84.19,84.201,148520000,1
1528356480000,1528356539000,84.201,84.202,84.189,84.194,132980000,1
1528356540000,1528356599000,84.193,84.204,84.184,84.195,91000000,1
1528356600000,1528356659000,84.195,84.204,84.177,84.178,152530000,1
1528356660000,1528356719000,84.178,84.179,84.15,84.169,132210000,1
1528356720000,1528356779000,84.169,84.17,84.15,84.159,106010000,1
1528356780000,1528356839000,84.159,84.18,84.159,84.171,42680000,1
1528356840000,1528356899000,84.171,84.171,84.155,84.155,61910000,1
1528356900000,1528356959000,84.157,84.161,84.146,84.148,118400000,1
1528356960000,1528357019000,84.148,84.165,84.147,84.163,85810000,1
1528357020000,1528357079000,84.164,84.179,84.16,84.178,125100000,1
1528357080000,1528357139000,84.177,84.189,84.171,84.189,138930000,1
1528357140000,1528357199000,84.188,84.188,84.179,84.18,84820000,1
1528357200000,1528357259000,84.18,84.18,84.166,84.167,83840000,1
1528357260000,1528357319000,84.167,84.174,84.147,84.166,142730000,1
1528357320000,1528357379000,84.166,84.169,84.159,84.159,75820000,1
1528357380000,1528357439000,84.158,84.191,84.158,84.186,138420000,1
1528357440000,1528357499000,84.186,84.186,84.173,84.174,96660000,1
1528357500000,1528357559000,84.174,84.174,84.161,84.173,100100000,1
1528357560000,1528357619000,84.172,84.175,84.165,84.165,62150000,1
1528357620000,1528357679000,84.165,84.168,84.155,84.155,125340000,1
1528357680000,1528357739000,84.154,84.171,84.146,84.171,105380000,1
1528357740000,1528357799000,84.172,84.181,84.168,84.177,121720000,1
1528357800000,1528357859000,84.175,84.192,84.174,84.183,131890000,1
1528357860000,1528357919000,84.183,84.183,84.143,84.161,161760000,1
1528357920000,1528357979000,84.161,84.162,84.129,84.132,175730000,1
1528357980000,1528358039000,84.131,84.137,84.117,84.117,116910000,1
1528358040000,1528358099000,84.117,84.127,84.111,84.123,143190000,1
1528358100000,1528358159000,84.121,84.145,84.119,84.131,133930000,1
1528358160000,1528358219000,84.132,84.142,84.121,84.137,130790000,1
1528358220000,1528358279000,84.137,84.141,84.127,84.14,114340000,1
1528358280000,1528358339000,84.141,84.147,84.138,84.141,147350000,1
1528358340000,1528358399000,84.144,84.144,84.125,84.126,103160000,1
1528358400000,1528358459000,84.126,84.133,84.126,84.133,118780000,1
1528358460000,1528358519000,84.133,84.135,84.115,84.115,158100000,1
1528358520000,1528358579000,84.115,84.129,84.113,84.12,139340000,1
1528358580000,1528358639000,84.121,84.121,84.112,84.114,112550000,1
1528358640000,1528358699000,84.114,84.114,84.084,84.088,169990000,1
1528358700000,1528358759000,84.088,84.095,84.078,84.095,137980000,1
1528358760000,1528358819000,84.095,84.095,84.077,84.083,125040000,1
1528358820000,1528358879000,84.085,84.087,84.075,84.084,180480000,1
1528358880000,1528358939000,84.084,84.09,84.076,84.082,135430000,1
1528358940000,1528358999000,84.081,84.086,84.073,84.086,112900000,1
1528359000000,1528359059000,84.086,84.129,84.083,84.109,212390000,1
1528359060000,1528359119000,84.111,84.121,84.11,84.111,81700000,1
1528359120000,1528359179000,84.112,84.117,84.094,84.094,123960000,1
1528359180000,1528359239000,84.093,84.098,84.09,84.093,65610000,1
1528359240000,1528359299000,84.093,84.099,84.09,84.092,89250000,1
1528359300000,1528359359000,84.091,84.091,84.071,84.073,88950000,1
1528359360000,1528359419000,84.073,84.083,84.067,84.069,136080000,1
1528359420000,1528359479000,84.07,84.071,84.065,84.069,105670000,1
1528359480000,1528359539000,84.07,84.078,84.07,84.075,113180000,1
1528359540000,1528359599000,84.074,84.082,84.062,84.082,121860000,1
1528359600000,1528359659000,84.082,84.105,84.082,84.104,138540000,1
1528359660000,1528359719000,84.102,84.116,84.099,84.116,132450000,1
1528359720000,1528359779000,84.115,84.12,84.106,84.111,88570000,1
1528359780000,1528359839000,84.112,84.117,84.102,84.115,96070000,1
1528359840000,1528359899000,84.116,84.131,84.115,84.128,52730000,1
1528359900000,1528359959000,84.128,84.139,84.124,84.124,140610000,1
1528359960000,1528360019000,84.125,84.131,84.116,84.127,132780000,1
1528360020000,1528360079000,84.126,84.126,84.12,84.124,87300000,1
1528360080000,1528360139000,84.124,84.135,84.123,84.132,112100000,1
1528360140000,1528360199000,84.133,84.142,84.121,84.142,72400000,1
1528360200000,1528360259000,84.141,84.142,84.093,84.099,139280000,1
1528360260000,1528360319000,84.099,84.099,84.081,84.089,135940000,1
1528360320000,1528360379000,84.089,84.094,84.081,84.094,93050000,1
1528360380000,1528360439000,84.093,84.103,84.081,84.103,171500000,1
1528360440000,1528360499000,84.102,84.108,84.096,84.103,119490000,1
1528360500000,1528360559000,84.1,84.115,84.098,84.113,100860000,1
1528360560000,1528360619000,84.113,84.113,84.1,84.102,117060000,1
1528360620000,1528360679000,84.102,84.103,84.094,84.098,120250000,1
1528360680000,1528360739000,84.097,84.1,84.077,84.087,136100000,1
1528360740000,1528360799000,84.086,84.097,84.08,84.083,153300000,1
1528360800000,1528360859000,84.082,84.103,84.082,84.095,131510000,1
1528360860000,1528360919000,84.094,84.102,84.088,84.099,173780000,1
1528360920000,1528360979000,84.099,84.104,84.091,84.091,124520000,1
1528360980000,1528361039000,84.092,84.114,84.091,84.112,134300000,1
1528361040000,1528361099000,84.11,84.112,84.09,84.09,129780000,1
1528361100000,1528361159000,84.09,84.094,84.074,84.074,117270000,1
1528361160000,1528361219000,84.074,84.094,84.074,84.093,121230000,1
1528361220000,1528361279000,84.095,84.095,84.069,84.083,179310000,1
1528361280000,1528361339000,84.083,84.102,84.081,84.1,118420000,1
1528361340000,1528361399000,84.1,84.111,84.098,84.111,151280000,1
1528361400000,1528361459000,84.112,84.118,84.096,84.104,141650000,1
1528361460000,1528361519000,84.103,84.115,84.101,84.115,93300000,1
1528361520000,1528361579000,84.115,84.117,84.106,84.11,104590000,1
1528361580000,1528361639000,84.112,84.118,84.111,84.114,82760000,1
1528361640000,1528361699000,84.114,84.127,84.112,84.123,67160000,1
1528361700000,1528361759000,84.124,84.124,84.093,84.095,91500000,1
1528361760000,1528361819000,84.096,84.112,84.095,84.108,54150000,1
1528361820000,1528361879000,84.109,84.113,84.107,84.108,58160000,1
1528361880000,1528361939000,84.108,84.111,84.105,84.107,75700000,1
1528361940000,1528361999000,84.108,84.114,84.098,84.114,109340000,1
1528362000000,1528362059000,84.113,84.113,84.1,84.104,109440000,1
1528362060000,1528362119000,84.105,84.108,84.091,84.092,114580000,1
1528362120000,1528362179000,84.088,84.088,84.077,84.08,88260000,1
1528362180000,1528362239000,84.081,84.105,84.08,84.089,150240000,1
1528362240000,1528362299000,84.089,84.093,84.086,84.086,143480000,1
1528362300000,1528362359000,84.088,84.112,84.088,84.108,116120000,1
1528362360000,1528362419000,84.106,84.11,84.091,84.107,99750000,1
1528362420000,1528362479000,84.107,84.113,84.099,84.1,158840000,1
1528362480000,1528362539000,84.1,84.1,84.085,84.085,90750000,1
1528362540000,1528362599000,84.086,84.088,84.081,84.083,91690000,1
1528362600000,1528362659000,84.084,84.098,84.082,84.086,132780000,1
1528362660000,1528362719000,84.086,84.091,84.083,84.089,94310000,1
1528362720000,1528362779000,84.089,84.096,84.084,84.089,89140000,1
1528362780000,1528362839000,84.089,84.096,84.076,84.076,99830000,1
1528362840000,1528362899000,84.076,84.1,84.075,84.099,90660000,1
1528362900000,1528362959000,84.1,84.1,84.088,84.09,105380000,1
1528362960000,1528363019000,84.091,84.104,84.09,84.104,64960000,1
1528363020000,1528363079000,84.103,84.121,84.103,84.12,50810000,1
1528363080000,1528363139000,84.119,84.122,84.117,84.118,46610000,1
1528363140000,1528363199000,84.118,84.119,84.104,84.11,81740000,1
1528363200000,1528363259000,84.111,84.122,84.111,84.118,33890000,1
1528363260000,1528363319000,84.117,84.133,84.111,84.132,95130000,1
1528363320000,1528363379000,84.132,84.138,84.132,84.138,40350000,1
1528363380000,1528363439000,84.137,84.137,84.131,84.131,27290000,1
1528363440000,1528363499000,84.131,84.131,84.117,84.118,80110000,1
1528363500000,1528363559000,84.12,84.138,84.12,84.137,103260000,1
1528363560000,1528363619000,84.137,84.14,84.122,84.14,103090000,1
1528363620000,1528363679000,84.142,84.146,84.133,84.133,81480000,1
1528363680000,1528363739000,84.133,84.139,84.129,84.136,82350000,1
1528363740000,1528363799000,84.136,84.137,84.129,84.136,59890000,1
1528363800000,1528363859000,84.134,84.135,84.11,84.128,106870000,1
1528363860000,1528363919000,84.128,84.14,84.128,84.14,123140000,1
1528363920000,1528363979000,84.14,84.141,84.128,84.13,99320000,1
1528363980000,1528364039000,84.13,84.137,84.126,84.131,99820000,1
1528364040000,1528364099000,84.131,84.14,84.129,84.139,119660000,1
1528364100000,1528364159000,84.139,84.152,84.137,84.146,93670000,1
1528364160000,1528364219000,84.145,84.145,84.126,84.133,163060000,1
1528364220000,1528364279000,84.131,84.144,84.124,84.124,151940000,1
1528364280000,1528364339000,84.124,84.124,84.104,84.105,81930000,1
1528364340000,1528364399000,84.106,84.115,84.102,84.105,63610000,1
1528364400000,1528364459000,84.101,84.119,84.097,84.117,103550000,1
1528364460000,1528364519000,84.118,84.129,84.118,84.125,99660000,1
1528364520000,1528364579000,84.126,84.133,84.115,84.115,73410000,1
1528364580000,1528364639000,84.115,84.123,84.112,84.122,89760000,1
1528364640000,1528364699000,84.122,84.122,84.115,84.12,56000000,1
1528364700000,1528364759000,84.119,84.124,84.113,84.113,103800000,1
1528364760000,1528364819000,84.112,84.112,84.109,84.111,59500000,1
1528364820000,1528364879000,84.111,84.118,84.103,84.118,80880000,1
1528364880000,1528364939000,84.117,84.117,84.112,84.117,67340000,1
1528364940000,1528364999000,84.117,84.125,84.117,84.119,48370000,1
1528365000000,1528365059000,84.119,84.132,84.117,84.132,125400000,1
1528365060000,1528365119000,84.132,84.145,84.127,84.141,105320000,1
1528365120000,1528365179000,84.14,84.14,84.134,84.135,118790000,1
1528365180000,1528365239000,84.137,84.138,84.135,84.136,70150000,1
1528365240000,1528365299000,84.136,84.136,84.122,84.123,88600000,1
1528365300000,1528365359000,84.123,84.129,84.118,84.126,61210000,1
1528365360000,1528365419000,84.126,84.138,84.123,84.138,361560000,1
1528365420000,1528365479000,84.138,84.138,84.126,84.128,87420000,1
1528365480000,1528365539000,84.129,84.133,84.114,84.132,93860000,1
1528365540000,1528365599000,84.132,84.136,84.132,84.134,67510000,1
1528365600000,1528365659000,84.134,84.143,84.119,84.128,150770000,1
1528365660000,1528365719000,84.127,84.127,84.113,84.113,111390000,1
1528365720000,1528365779000,84.113,84.124,84.113,84.119,109290000,1
1528365780000,1528365839000,84.118,84.118,84.1,84.109,97330000,1
1528365840000,1528365899000,84.108,84.127,84.105,84.118,96690000,1
1528365900000,1528365959000,84.118,84.12,84.113,84.118,91080000,1
1528365960000,1528366019000,84.117,84.128,84.115,84.126,111540000,1
1528366020000,1528366079000,84.128,84.129,84.113,84.113,61040000,1
1528366080000,1528366139000,84.112,84.117,84.108,84.111,71290000,1
1528366140000,1528366199000,84.11,84.11,84.101,84.103,44900000,1
1528366200000,1528366259000,84.103,84.104,84.103,84.103,27220000,1
1528366260000,1528366319000,84.103,84.111,84.1,84.11,43660000,1
1528366320000,1528366379000,84.11,84.111,84.104,84.107,72050000,1
1528366380000,1528366439000,84.107,84.12,84.102,84.118,73280000,1
1528366440000,1528366499000,84.118,84.126,84.115,84.121,63330000,1
1528366500000,1528366559000,84.121,84.129,84.113,84.129,90390000,1
1528366560000,1528366619000,84.13,84.13,84.116,84.127,101970000,1
1528366620000,1528366679000,84.127,84.127,84.12,84.124,95800000,1
1528366680000,1528366739000,84.124,84.136,84.123,84.13,96140000,1
1528366740000,1528366799000,84.13,84.13,84.118,84.125,124770000,1
1528366800000,1528366859000,84.125,84.128,84.121,84.121,101230000,1
1528366860000,1528366919000,84.12,84.122,84.113,84.122,75060000,1
1528366920000,1528366979000,84.121,84.121,84.11,84.118,56700000,1
1528366980000,1528367039000,84.118,84.123,84.112,84.114,79520000,1
1528367040000,1528367099000,84.113,84.122,84.112,84.122,97820000,1
1528367100000,1528367159000,84.122,84.141,84.12,84.136,102480000,1
1528367160000,1528367219000,84.137,84.14,84.128,84.136,103480000,1
1528367220000,1528367279000,84.137,84.137,84.129,84.133,97340000,1
1528367280000,1528367339000,84.131,84.137,84.128,84.132,112350000,1
1528367340000,1528367399000,84.133,84.143,84.133,84.139,78510000,1
1528367400000,1528367459000,84.14,84.155,84.14,84.155,70860000,1
1528367460000,1528367519000,84.155,84.166,84.147,84.166,104630000,1
1528367520000,1528367579000,84.167,84.179,84.167,84.177,77060000,1
1528367580000,1528367639000,84.178,84.178,84.167,84.167,63220000,1
1528367640000,1528367699000,84.167,84.174,84.158,84.158,86270000,1
1528367700000,1528367759000,84.157,84.158,84.142,84.142,63960000,1
1528367760000,1528367819000,84.145,84.162,84.145,84.155,55390000,1
1528367820000,1528367879000,84.154,84.165,84.154,84.163,72590000,1
1528367880000,1528367939000,84.163,84.165,84.157,84.159,44850000,1
1528367940000,1528367999000,84.159,84.16,84.153,84.158,60130000,1
1528368000000,1528368059000,84.157,84.18,84.156,84.177,108870000,1
1528368060000,1528368119000,84.178,84.184,84.175,84.175,80520000,1
1528368120000,1528368179000,84.173,84.182,84.173,84.179,41050000,1
1528368180000,1528368239000,84.179,84.198,84.179,84.196,54770000,1
1528368240000,1528368299000,84.193,84.193,84.177,84.177,84090000,1
1528368300000,1528368359000,84.177,84.19,84.177,84.18,67150000,1
1528368360000,1528368419000,84.179,84.183,84.165,84.177,86080000,1
1528368420000,1528368479000,84.177,84.18,84.177,84.18,51070000,1
1528368480000,1528368539000,84.18,84.183,84.165,84.168,82440000,1
1528368540000,1528368599000,84.168,84.177,84.168,84.168,66750000,1
1528368600000,1528368659000,84.169,84.178,84.161,84.166,76240000,1
1528368660000,1528368719000,84.165,84.165,84.151,84.162,91760000,1
1528368720000,1528368779000,84.163,84.165,84.152,84.152,79800000,1
1528368780000,1528368839000,84.154,84.178,84.153,84.174,90190000,1
1528368840000,1528368899000,84.174,84.18,84.161,84.169,88830000,1
1528368900000,1528368959000,84.168,84.17,84.158,84.158,77350000,1
1528368960000,1528369019000,84.16,84.16,84.148,84.148,55510000,1
1528369020000,1528369079000,84.148,84.151,84.143,84.149,80920000,1
1528369080000,1528369139000,84.149,84.161,84.149,84.158,74010000,1
1528369140000,1528369199000,84.158,84.163,84.155,84.161,90960000,1
1528369200000,1528369259000,84.163,84.175,84.148,84.175,148630000,1
1528369260000,1528369319000,84.176,84.176,84.166,84.17,98800000,1
1528369320000,1528369379000,84.17,84.178,84.165,84.165,145040000,1
1528369380000,1528369439000,84.164,84.164,84.151,84.153,121580000,1
1528369440000,1528369499000,84.153,84.162,84.151,84.158,117610000,1
1528369500000,1528369559000,84.159,84.163,84.148,84.156,89560000,1
1528369560000,1528369619000,84.155,84.162,84.145,84.156,152270000,1
1528369620000,1528369679000,84.156,84.158,84.149,84.149,82630000,1
1528369680000,1528369739000,84.15,84.173,84.149,84.169,113290000,1
1528369740000,1528369799000,84.169,84.169,84.153,84.153,115100000,1
1528369800000,1528369859000,84.152,84.157,84.15,84.157,93660000,1
1528369860000,1528369919000,84.156,84.175,84.152,84.17,109350000,1
1528369920000,1528369979000,84.17,84.202,84.17,84.198,130200000,1
1528369980000,1528370039000,84.197,84.199,84.176,84.178,120590000,1
1528370040000,1528370099000,84.177,84.179,84.171,84.178,106810000,1
1528370100000,1528370159000,84.178,84.184,84.174,84.184,113580000,1
1528370160000,1528370219000,84.185,84.185,84.163,84.176,115110000,1
1528370220000,1528370279000,84.176,84.186,84.176,84.181,117470000,1
1528370280000,1528370339000,84.18,84.199,84.18,84.189,65290000,1
1528370340000,1528370399000,84.189,84.202,84.189,84.194,113770000,1
1528370400000,1528370459000,84.194,84.209,84.194,84.198,106920000,1
1528370460000,1528370519000,84.198,84.198,84.184,84.184,107750000,1
1528370520000,1528370579000,84.184,84.188,84.179,84.182,73430000,1
1528370580000,1528370639000,84.183,84.183,84.177,84.178,36990000,1
1528370640000,1528370699000,84.178,84.179,84.174,84.179,58130000,1
1528370700000,1528370759000,84.181,84.197,84.179,84.191,61080000,1
1528370760000,1528370819000,84.191,84.193,84.184,84.187,126400000,1
1528370820000,1528370879000,84.185,84.188,84.18,84.186,85950000,1
1528370880000,1528370939000,84.187,84.187,84.173,84.177,88230000,1
1528370940000,1528370999000,84.176,84.183,84.173,84.176,58030000,1
1528371000000,1528371059000,84.176,84.19,84.172,84.19,97440000,1
1528371060000,1528371119000,84.189,84.199,84.182,84.197,99810000,1
1528371120000,1528371179000,84.198,84.215,84.198,84.201,141780000,1
1528371180000,1528371239000,84.2,84.211,84.2,84.206,107410000,1
1528371240000,1528371299000,84.206,84.217,84.202,84.212,103310000,1
1528371300000,1528371359000,84.212,84.213,84.198,84.209,129270000,1
1528371360000,1528371419000,84.209,84.21,84.198,84.198,117800000,1
1528371420000,1528371479000,84.198,84.199,84.185,84.185,107360000,1
1528371480000,1528371539000,84.185,84.195,84.185,84.187,76230000,1
1528371540000,1528371599000,84.188,84.195,84.175,84.195,88890000,1
1528371600000,1528371659000,84.194,84.195,84.183,84.193,63090000,1
1528371660000,1528371719000,84.194,84.199,84.187,84.192,150230000,1
1528371720000,1528371779000,84.192,84.196,84.182,84.183,102170000,1
1528371780000,1528371839000,84.184,84.184,84.173,84.173,32590000,1
1528371840000,1528371899000,84.173,84.176,84.169,84.175,106300000,1
1528371900000,1528371959000,84.174,84.179,84.168,84.171,141560000,1
1528371960000,1528372019000,84.171,84.186,84.165,84.186,132370000,1
1528372020000,1528372079000,84.185,84.191,84.173,84.173,90590000,1
1528372080000,1528372139000,84.172,84.189,84.166,84.188,76310000,1
1528372140000,1528372199000,84.188,84.217,84.188,84.216,58690000,1
1528372200000,1528372259000,84.215,84.216,84.203,84.203,73400000,1
1528372260000,1528372319000,84.203,84.218,84.203,84.211,84540000,1
1528372320000,1528372379000,84.21,84.218,84.207,84.21,91560000,1
1528372380000,1528372439000,84.211,84.219,84.21,84.214,101870000,1
1528372440000,1528372499000,84.216,84.22,84.206,84.22,58970000,1
1528372500000,1528372559000,84.22,84.234,84.218,84.218,67990000,1
1528372560000,1528372619000,84.218,84.222,84.202,84.213,75570000,1
1528372620000,1528372679000,84.212,84.224,84.207,84.222,79700000,1
1528372680000,1528372739000,84.222,84.233,84.221,84.221,60470000,1
1528372740000,1528372799000,84.221,84.221,84.216,84.218,91210000,1
1528372800000,1528372859000,84.218,84.223,84.205,84.212,117640000,1
1528372860000,1528372919000,84.211,84.225,84.208,84.225,174970000,1
1528372920000,1528372979000,84.225,84.225,84.205,84.206,134220000,1
1528372980000,1528373039000,84.207,84.222,84.207,84.217,202070000,1
1528373040000,1528373099000,84.218,84.226,84.207,84.224,185700000,1
1528373100000,1528373159000,84.223,84.242,84.222,84.236,183820000,1
1528373160000,1528373219000,84.236,84.242,84.23,84.236,173120000,1
1528373220000,1528373279000,84.235,84.241,84.23,84.237,160910000,1
1528373280000,1528373339000,84.238,84.242,84.226,84.227,127140000,1
1528373340000,1528373399000,84.226,84.249,84.219,84.244,221550000,1
1528373400000,1528373459000,84.243,84.247,84.233,84.241,141810000,1
1528373460000,1528373519000,84.244,84.248,84.239,84.246,142770000,1
1528373520000,1528373579000,84.244,84.249,84.229,84.241,173920000,1
1528373580000,1528373639000,84.242,84.262,84.236,84.258,157950000,1
1528373640000,1528373699000,84.257,84.26,84.246,84.252,100590000,1
1528373700000,1528373759000,84.251,84.261,84.241,84.244,189230000,1
1528373760000,1528373819000,84.245,84.258,84.244,84.256,175680000,1
1528373820000,1528373879000,84.257,84.265,84.25,84.25,150340000,1
1528373880000,1528373939000,84.249,84.258,84.245,84.255,69470000,1
1528373940000,1528373999000,84.257,84.257,84.232,84.239,99700000,1
1528374000000,1528374059000,84.239,84.239,84.208,84.208,132340000,1
1528374060000,1528374119000,84.207,84.213,84.194,84.195,135630000,1
1528374120000,1528374179000,84.194,84.214,84.194,84.214,94290000,1
1528374180000,1528374239000,84.213,84.214,84.206,84.207,112590000,1
1528374240000,1528374299000,84.206,84.206,84.19,84.193,111890000,1
1528374300000,1528374359000,84.192,84.201,84.192,84.198,96590000,1
1528374360000,1528374419000,84.199,84.201,84.193,84.197,58550000,1
1528374420000,1528374479000,84.197,84.199,84.192,84.193,42790000,1
1528374480000,1528374539000,84.194,84.207,84.192,84.207,92880000,1
1528374540000,1528374599000,84.211,84.225,84.206,84.206,197230000,1
1528374600000,1528374659000,84.205,84.236,84.202,84.22,138720000,1
1528374660000,1528374719000,84.22,84.221,84.212,84.217,65540000,1
1528374720000,1528374779000,84.216,84.22,84.213,84.218,53490000,1
1528374780000,1528374839000,84.218,84.218,84.196,84.21,180200000,1
1528374840000,1528374899000,84.209,84.211,84.18,84.18,98750000,1
1528374900000,1528374959000,84.178,84.199,84.172,84.199,124680000,1
1528374960000,1528375019000,84.2,84.2,84.18,84.18,106070000,1
1528375020000,1528375079000,84.18,84.191,84.178,84.189,110810000,1
1528375080000,1528375139000,84.189,84.19,84.18,84.182,113160000,1
1528375140000,1528375199000,84.182,84.182,84.165,84.171,103480000,1
1528375200000,1528375259000,84.172,84.196,84.172,84.189,136020000,1
1528375260000,1528375319000,84.188,84.195,84.173,84.189,95220000,1
1528375320000,1528375379000,84.191,84.191,84.17,84.175,117880000,1
1528375380000,1528375439000,84.174,84.174,84.161,84.171,108570000,1
1528375440000,1528375499000,84.171,84.187,84.167,84.183,125600000,1
1528375500000,1528375559000,84.182,84.186,84.174,84.175,99880000,1
1528375560000,1528375619000,84.176,84.193,84.174,84.187,129190000,1
1528375620000,1528375679000,84.186,84.196,84.179,84.19,185340000,1
1528375680000,1528375739000,84.191,84.193,84.179,84.181,90820000,1
1528375740000,1528375799000,84.182,84.186,84.173,84.173,84520000,1
1528375800000,1528375859000,84.171,84.176,84.17,84.174,75690000,1
1528375860000,1528375919000,84.174,84.174,84.162,84.168,117580000,1
1528375920000,1528375979000,84.168,84.178,84.165,84.165,142300000,1
1528375980000,1528376039000,84.166,84.173,84.156,84.159,158100000,1
1528376040000,1528376099000,84.16,84.16,84.139,84.145,176550000,1
1528376100000,1528376159000,84.144,84.144,84.124,84.124,155350000,1
1528376160000,1528376219000,84.124,84.147,84.124,84.134,131280000,1
1528376220000,1528376279000,84.135,84.146,84.133,84.141,119620000,1
1528376280000,1528376339000,84.139,84.139,84.125,84.131,112210000,1
1528376340000,1528376399000,84.132,84.144,84.13,84.132,86150000,1
1528376400000,1528376459000,84.132,84.151,84.127,84.127,145280000,1
1528376460000,1528376519000,84.126,84.136,84.125,84.134,87510000,1
1528376520000,1528376579000,84.135,84.137,84.122,84.122,74630000,1
1528376580000,1528376639000,84.122,84.137,84.114,84.136,130720000,1
1528376640000,1528376699000,84.134,84.15,84.13,84.147,128690000,1
1528376700000,1528376759000,84.145,84.147,84.121,84.121,119810000,1
1528376760000,1528376819000,84.123,84.123,84.103,84.115,147020000,1
1528376820000,1528376879000,84.115,84.115,84.099,84.102,118340000,1
1528376880000,1528376939000,84.102,84.103,84.085,84.092,162890000,1
1528376940000,1528376999000,84.09,84.09,84.068,84.075,187190000,1
1528377000000,1528377059000,84.075,84.093,84.073,84.092,143920000,1
1528377060000,1528377119000,84.092,84.148,84.092,84.142,176820000,1
1528377120000,1528377179000,84.144,84.144,84.135,84.143,134900000,1
1528377180000,1528377239000,84.141,84.145,84.135,84.144,141130000,1
1528377240000,1528377299000,84.145,84.15,84.132,84.149,123570000,1
1528377300000,1528377359000,84.146,84.153,84.142,84.151,109490000,1
1528377360000,1528377419000,84.151,84.154,84.123,84.13,160550000,1
1528377420000,1528377479000,84.129,84.129,84.112,84.121,132520000,1
1528377480000,1528377539000,84.122,84.134,84.113,84.13,112670000,1
1528377540000,1528377599000,84.13,84.132,84.116,84.12,163310000,1
1528377600000,1528377659000,84.12,84.12,84.106,84.115,152970000,1
1528377660000,1528377719000,84.116,84.118,84.108,84.11,183910000,1
1528377720000,1528377779000,84.11,84.119,84.106,84.113,119000000,1
1528377780000,1528377839000,84.112,84.112,84.097,84.107,117790000,1
1528377840000,1528377899000,84.107,84.11,84.095,84.101,139670000,1
1528377900000,1528377959000,84.101,84.101,84.077,84.084,196100000,1
1528377960000,1528378019000,84.084,84.099,84.079,84.094,157530000,1
1528378020000,1528378079000,84.091,84.113,84.089,84.112,159080000,1
1528378080000,1528378139000,84.11,84.127,84.104,84.112,203230000,1
1528378140000,1528378199000,84.114,84.123,84.111,84.112,136040000,1
1528378200000,1528378259000,84.114,84.117,84.092,84.103,132280000,1
1528378260000,1528378319000,84.103,84.11,84.095,84.095,199900000,1
1528378320000,1528378379000,84.095,84.098,84.082,84.097,189940000,1
1528378380000,1528378439000,84.095,84.113,84.095,84.096,156330000,1
1528378440000,1528378499000,84.099,84.104,84.087,84.087,176900000,1
1528378500000,1528378559000,84.087,84.092,84.076,84.091,203640000,1
1528378560000,1528378619000,84.09,84.093,84.08,84.08,184770000,1
1528378620000,1528378679000,84.083,84.098,84.077,84.098,212220000,1
1528378680000,1528378739000,84.097,84.1,84.092,84.1,181650000,1
1528378740000,1528378799000,84.099,84.104,84.089,84.09,96700000,1
1528378800000,1528378859000,84.089,84.092,84.082,84.092,123010000,1
1528378860000,1528378919000,84.091,84.092,84.079,84.081,158570000,1
1528378920000,1528378979000,84.083,84.095,84.08,84.09,204460000,1
1528378980000,1528379039000,84.09,84.095,84.085,84.086,128380000,1
1528379040000,1528379099000,84.087,84.091,84.072,84.073,118320000,1
1528379100000,1528379159000,84.074,84.093,84.074,84.085,176500000,1
1528379160000,1528379219000,84.086,84.094,84.083,84.089,98330000,1
1528379220000,1528379279000,84.089,84.095,84.081,84.091,177600000,1
1528379280000,1528379339000,84.091,84.092,84.059,84.062,177190000,1
1528379340000,1528379399000,84.063,84.07,84.036,84.056,191940000,1
1528379400000,1528379459000,84.055,84.058,84.027,84.027,220420000,1
1528379460000,1528379519000,84.029,84.057,84.025,84.057,162370000,1
1528379520000,1528379579000,84.056,84.08,84.055,84.078,119050000,1
1528379580000,1528379639000,84.078,84.109,84.075,84.099,204480000,1
1528379640000,1528379699000,84.099,84.104,84.08,84.082,165350000,1
1528379700000,1528379759000,84.082,84.083,84.062,84.062,144940000,1
1528379760000,1528379819000,84.062,84.084,84.062,84.073,163320000,1
1528379820000,1528379879000,84.073,84.081,84.067,84.08,183250000,1
1528379880000,1528379939000,84.078,84.093,84.072,84.091,226910000,1
1528379940000,1528379999000,84.09,84.112,84.09,84.112,197080000,1
1528380000000,1528380059000,84.111,84.132,84.108,84.127,219320000,1
1528380060000,1528380119000,84.128,84.155,84.128,84.154,167740000,1
1528380120000,1528380179000,84.155,84.157,84.127,84.135,206810000,1
1528380180000,1528380239000,84.135,84.135,84.104,84.106,182640000,1
1528380240000,1528380299000,84.107,84.118,84.1,84.115,119040000,1
1528380300000,1528380359000,84.113,84.119,84.102,84.112,150170000,1
1528380360000,1528380419000,84.111,84.113,84.104,84.106,102640000,1
1528380420000,1528380479000,84.105,84.105,84.062,84.07,217960000,1
1528380480000,1528380539000,84.068,84.08,84.034,84.038,212220000,1
1528380540000,1528380599000,84.039,84.042,83.991,84.04,256260000,1
1528380600000,1528380659000,84.041,84.068,84.034,84.043,219110000,1
1528380660000,1528380719000,84.046,84.056,84.025,84.036,209250000,1
1528380720000,1528380779000,84.038,84.038,83.999,84.004,225870000,1
1528380780000,1528380839000,84.004,84.028,84.004,84.01,170640000,1
1528380840000,1528380899000,84.009,84.037,84.008,84.037,186900000,1
1528380900000,1528380959000,84.032,84.036,84.018,84.021,160230000,1
1528380960000,1528381019000,84.024,84.044,84.019,84.042,144710000,1
1528381020000,1528381079000,84.043,84.052,84.033,84.038,144120000,1
1528381080000,1528381139000,84.042,84.051,84.038,84.045,177760000,1
1528381140000,1528381199000,84.042,84.066,84.04,84.06,166090000,1
1528381200000,1528381259000,84.06,84.068,84.033,84.033,168920000,1
1528381260000,1528381319000,84.033,84.038,84.008,84.027,199450000,1
1528381320000,1528381379000,84.028,84.032,84.012,84.022,147410000,1
1528381380000,1528381439000,84.023,84.032,84.015,84.027,151310000,1
1528381440000,1528381499000,84.026,84.033,84.009,84.025,143440000,1
1528381500000,1528381559000,84.024,84.032,84.012,84.015,112380000,1
1528381560000,1528381619000,84.014,84.034,84.012,84.016,149570000,1
1528381620000,1528381679000,84.019,84.026,84.0,84.015,129550000,1
1528381680000,1528381739000,84.016,84.061,84.016,84.041,141930000,1
1528381740000,1528381799000,84.041,84.05,84.027,84.03,121810000,1
1528381800000,1528381859000,84.031,84.035,83.993,84.005,157620000,1
1528381860000,1528381919000,84.004,84.011,83.986,83.986,135230000,1
1528381920000,1528381979000,83.988,83.994,83.98,83.981,119440000,1
1528381980000,1528382039000,83.98,83.981,83.952,83.953,155310000,1
1528382040000,1528382099000,83.952,83.964,83.942,83.945,195490000,1
1528382100000,1528382159000,83.946,83.962,83.926,83.932,190860000,1
1528382160000,1528382219000,83.934,83.946,83.929,83.943,192490000,1
1528382220000,1528382279000,83.938,83.939,83.906,83.906,197680000,1
1528382280000,1528382339000,83.906,83.906,83.859,83.871,195440000,1
1528382340000,1528382399000,83.871,83.921,83.869,83.908,175100000,1
1528382400000,1528382459000,83.907,83.912,83.892,83.897,152550000,1
1528382460000,1528382519000,83.898,83.954,83.897,83.949,176310000,1
1528382520000,1528382579000,83.95,83.954,83.943,83.952,193210000,1
1528382580000,1528382639000,83.952,83.974,83.952,83.97,185490000,1
1528382640000,1528382699000,83.97,83.977,83.958,83.973,168870000,1
1528382700000,1528382759000,83.973,83.973,83.946,83.949,142740000,1
1528382760000,1528382819000,83.95,83.956,83.94,83.95,128430000,1
1528382820000,1528382879000,83.947,83.964,83.941,83.954,209190000,1
1528382880000,1528382939000,83.956,83.976,83.948,83.96,195780000,1
1528382940000,1528382999000,83.96,84.017,83.959,84.017,228680000,1
1528383000000,1528383059000,84.015,84.021,83.978,84.016,222330000,1
1528383060000,1528383119000,84.015,84.018,84.006,84.012,191070000,1
1528383120000,1528383179000,84.012,84.027,83.92,83.922,269080000,1
1528383180000,1528383239000,83.922,83.955,83.915,83.951,212170000,1
1528383240000,1528383299000,83.952,84.002,83.951,84.0,143300000,1
1528383300000,1528383359000,84.001,84.03,83.99,84.017,180790000,1
1528383360000,1528383419000,84.018,84.052,84.013,84.045,151760000,1
1528383420000,1528383479000,84.04,84.056,84.029,84.044,215990000,1
1528383480000,1528383539000,84.045,84.071,84.043,84.058,219210000,1
1528383540000,1528383599000,84.058,84.072,84.05,84.062,196600000,1
1528383600000,1528383659000,84.063,84.07,84.015,84.042,258560000,1
1528383660000,1528383719000,84.041,84.041,84.016,84.033,175200000,1
1528383720000,1528383779000,84.035,84.053,84.028,84.042,243950000,1
1528383780000,1528383839000,84.044,84.052,84.038,84.043,162450000,1
1528383840000,1528383899000,84.042,84.044,84.017,84.021,153800000,1
1528383900000,1528383959000,84.021,84.026,83.992,83.994,240400000,1
1528383960000,1528384019000,83.994,84.016,83.985,84.008,166950000,1
1528384020000,1528384079000,84.006,84.017,84.0,84.0,121020000,1
1528384080000,1528384139000,83.999,84.009,83.978,83.982,113030000,1
1528384140000,1528384199000,83.982,83.983,83.951,83.953,202320000,1
1528384200000,1528384259000,83.954,83.986,83.952,83.985,201800000,1
1528384260000,1528384319000,83.987,83.993,83.964,83.982,136370000,1
1528384320000,1528384379000,83.982,84.03,83.977,84.029,205220000,1
1528384380000,1528384439000,84.029,84.052,84.024,84.051,217720000,1
1528384440000,1528384499000,84.049,84.059,84.039,84.055,245690000,1
1528384500000,1528384559000,84.054,84.058,84.034,84.047,223690000,1
1528384560000,1528384619000,84.048,84.067,84.039,84.063,183910000,1
1528384620000,1528384679000,84.065,84.068,84.049,84.053,150340000,1
1528384680000,1528384739000,84.052,84.057,84.044,84.044,145510000,1
1528384740000,1528384799000,84.044,84.052,84.037,84.046,166260000,1
1528384800000,1528384859000,84.048,84.055,84.043,84.053,158140000,1
1528384860000,1528384919000,84.054,84.058,84.033,84.035,183780000,1
1528384920000,1528384979000,84.032,84.035,84.022,84.027,160530000,1
1528384980000,1528385039000,84.029,84.037,84.024,84.035,113460000,1
1528385040000,1528385099000,84.035,84.046,84.032,84.034,111700000,1
1528385100000,1528385159000,84.033,84.061,84.031,84.05,145740000,1
1528385160000,1528385219000,84.049,84.049,84.024,84.026,146410000,1
1528385220000,1528385279000,84.027,84.03,83.995,83.995,170750000,1
1528385280000,1528385339000,83.995,83.999,83.993,83.995,104950000,1
1528385340000,1528385399000,83.996,84.011,83.996,83.999,102890000,1
1528385400000,1528385459000,83.999,84.0,83.973,83.983,93530000,1
1528385460000,1528385519000,83.983,83.985,83.975,83.984,100280000,1
1528385520000,1528385579000,83.984,83.984,83.958,83.966,150960000,1
1528385580000,1528385639000,83.965,83.974,83.961,83.97,148730000,1
1528385640000,1528385699000,83.97,83.97,83.941,83.946,199450000,1
1528385700000,1528385759000,83.945,83.949,83.937,83.942,163660000,1
1528385760000,1528385819000,83.942,83.942,83.914,83.93,167720000,1
1528385820000,1528385879000,83.93,83.931,83.909,83.921,139320000,1
1528385880000,1528385939000,83.925,83.941,83.925,83.935,109600000,1
1528385940000,1528385999000,83.934,83.949,83.932,83.949,127000000,1
1528386000000,1528386059000,83.951,83.969,83.949,83.958,152650000,1
1528386060000,1528386119000,83.958,83.958,83.947,83.952,148000000,1
1528386120000,1528386179000,83.952,83.952,83.923,83.926,135090000,1
1528386180000,1528386239000,83.928,83.932,83.924,83.926,91660000,1
1528386240000,1528386299000,83.926,83.938,83.926,83.937,104250000,1
1528386300000,1528386359000,83.938,83.939,83.911,83.917,176890000,1
1528386360000,1528386419000,83.919,83.923,83.902,83.902,122370000,1
1528386420000,1528386479000,83.902,83.915,83.896,83.914,96290000,1
1528386480000,1528386539000,83.914,83.914,83.899,83.901,117810000,1
1528386540000,1528386599000,83.901,83.903,83.892,83.9,130230000,1
1528386600000,1528386659000,83.901,83.901,83.876,83.878,153990000,1
1528386660000,1528386719000,83.875,83.881,83.864,83.865,161150000,1
1528386720000,1528386779000,83.866,83.866,83.844,83.85,132480000,1
1528386780000,1528386839000,83.85,83.85,83.842,83.846,110270000,1
1528386840000,1528386899000,83.848,83.85,83.837,83.838,109830000,1
1528386900000,1528386959000,83.838,83.84,83.827,83.83,158140000,1
1528386960000,1528387019000,83.831,83.836,83.825,83.827,203930000,1
1528387020000,1528387079000,83.826,83.837,83.818,83.837,112090000,1
1528387080000,1528387139000,83.837,83.851,83.837,83.845,145610000,1
1528387140000,1528387199000,83.847,83.867,83.845,83.851,157030000,1
1528387200000,1528387259000,83.852,83.857,83.83,83.839,166350000,1
1528387260000,1528387319000,83.839,83.856,83.837,83.837,137030000,1
1528387320000,1528387379000,83.836,83.844,83.832,83.833,155560000,1
1528387380000,1528387439000,83.833,83.839,83.83,83.835,138030000,1
1528387440000,1528387499000,83.835,83.835,83.822,83.827,112140000,1
1528387500000,1528387559000,83.829,83.84,83.823,83.828,109170000,1
1528387560000,1528387619000,83.828,83.829,83.808,83.808,87540000,1
1528387620000,1528387679000,83.808,83.819,83.803,83.808,119170000,1
1528387680000,1528387739000,83.807,83.81,83.797,83.8,102330000,1
1528387740000,1528387799000,83.799,83.801,83.793,83.795,112130000,1
1528387800000,1528387859000,83.797,83.807,83.791,83.802,64070000,1
1528387860000,1528387919000,83.802,83.802,83.791,83.792,48240000,1
1528387920000,1528387979000,83.792,83.808,83.792,83.803,74390000,1
1528387980000,1528388039000,83.802,83.815,83.802,83.815,108710000,1
1528388040000,1528388099000,83.814,83.814,83.801,83.811,71120000,1
1528388100000,1528388159000,83.811,83.814,83.808,83.809,64950000,1
1528388160000,1528388219000,83.809,83.815,83.785,83.789,120360000,1
1528388220000,1528388279000,83.789,83.82,83.789,83.816,128510000,1
1528388280000,1528388339000,83.815,83.823,83.812,83.823,61490000,1
1528388340000,1528388399000,83.823,83.834,83.823,83.828,61740000,1
1528388400000,1528388459000,83.829,83.846,83.819,83.819,59500000,1
1528388460000,1528388519000,83.819,83.832,83.809,83.832,100240000,1
1528388520000,1528388579000,83.831,83.833,83.823,83.827,101020000,1
1528388580000,1528388639000,83.827,83.829,83.821,83.828,88670000,1
1528388640000,1528388699000,83.828,83.84,83.821,83.84,74370000,1
1528388700000,1528388759000,83.84,83.86,83.838,83.853,121690000,1
1528388760000,1528388819000,83.853,83.859,83.848,83.858,97870000,1
1528388820000,1528388879000,83.858,83.859,83.842,83.846,110000000,1
1528388880000,1528388939000,83.845,83.852,83.843,83.845,97130000,1
1528388940000,1528388999000,83.845,83.846,83.839,83.841,69320000,1
1528389000000,1528389059000,83.841,83.844,83.821,83.824,113570000,1
1528389060000,1528389119000,83.823,83.823,83.806,83.807,107720000,1
1528389120000,1528389179000,83.807,83.807,83.789,83.794,82180000,1
1528389180000,1528389239000,83.794,83.794,83.771,83.771,101000000,1
1528389240000,1528389299000,83.77,83.775,83.762,83.766,158750000,1
1528389300000,1528389359000,83.767,83.77,83.731,83.75,161210000,1
1528389360000,1528389419000,83.75,83.761,83.743,83.743,88600000,1
1528389420000,1528389479000,83.743,83.752,83.741,83.747,163200000,1
1528389480000,1528389539000,83.748,83.764,83.748,83.759,114540000,1
1528389540000,1528389599000,83.759,83.767,83.759,83.766,70200000,1
1528389600000,1528389659000,83.766,83.766,83.754,83.754,104490000,1
1528389660000,1528389719000,83.754,83.758,83.742,83.751,133450000,1
1528389720000,1528389779000,83.75,83.759,83.747,83.747,118930000,1
1528389780000,1528389839000,83.747,83.747,83.73,83.74,108880000,1
1528389840000,1528389899000,83.74,83.74,83.708,83.716,160010000,1
1528389900000,1528389959000,83.716,83.727,83.68,83.68,148820000,1
1528389960000,1528390019000,83.679,83.688,83.649,83.673,198330000,1
1528390020000,1528390079000,83.672,83.672,83.638,83.639,183410000,1
1528390080000,1528390139000,83.639,83.649,83.634,83.64,127660000,1
1528390140000,1528390199000,83.642,83.645,83.629,83.633,98410000,1
1528390200000,1528390259000,83.631,83.638,83.61,83.634,153960000,1
1528390260000,1528390319000,83.634,83.634,83.616,83.633,110200000,1
1528390320000,1528390379000,83.633,83.643,83.632,83.636,126860000,1
1528390380000,1528390439000,83.634,83.651,83.634,83.651,88720000,1
1528390440000,1528390499000,83.651,83.657,83.647,83.653,144050000,1
1528390500000,1528390559000,83.652,83.664,83.652,83.662,74380000,1
1528390560000,1528390619000,83.662,83.662,83.646,83.646,119610000,1
1528390620000,1528390679000,83.646,83.652,83.621,83.633,142530000,1
1528390680000,1528390739000,83.634,83.667,83.63,83.667,137640000,1
1528390740000,1528390799000,83.669,83.701,83.662,83.701,148260000,1
1528390800000,1528390859000,83.699,83.7,83.642,83.648,158990000,1
1528390860000,1528390919000,83.648,83.659,83.648,83.655,80900000,1
1528390920000,1528390979000,83.655,83.664,83.655,83.658,74000000,1
1528390980000,1528391039000,83.658,83.666,83.653,83.665,123150000,1
1528391040000,1528391099000,83.665,83.686,83.665,83.686,101530000,1
1528391100000,1528391159000,83.686,83.686,83.67,83.67,100950000,1
1528391160000,1528391219000,83.671,83.673,83.659,83.661,56960000,1
1528391220000,1528391279000,83.661,83.663,83.652,83.656,108130000,1
1528391280000,1528391339000,83.657,83.658,83.656,83.658,53630000,1
1528391340000,1528391399000,83.658,83.663,83.654,83.654,72230000,1
1528391400000,1528391459000,83.652,83.652,83.632,83.635,121880000,1
1528391460000,1528391519000,83.636,83.637,83.632,83.634,85270000,1
1528391520000,1528391579000,83.634,83.636,83.63,83.631,91420000,1
1528391580000,1528391639000,83.631,83.632,83.603,83.611,114330000,1
1528391640000,1528391699000,83.61,83.635,83.609,83.62,164700000,1
1528391700000,1528391759000,83.62,83.627,83.619,83.62,116920000,1
1528391760000,1528391819000,83.619,83.619,83.596,83.598,161260000,1
1528391820000,1528391879000,83.598,83.602,83.595,83.602,60740000,1
1528391880000,1528391939000,83.6,83.603,83.592,83.593,109480000,1
1528391940000,1528391999000,83.593,83.609,83.584,83.604,124450000,1
1528392000000,1528392059000,83.603,83.607,83.586,83.59,129170000,1
1528392060000,1528392119000,83.59,83.593,83.58,83.587,109770000,1
1528392120000,1528392179000,83.587,83.634,83.587,83.632,97720000,1
1528392180000,1528392239000,83.632,83.646,83.622,83.645,66360000,1
1528392240000,1528392299000,83.644,83.645,83.617,83.62,124960000,1
1528392300000,1528392359000,83.622,83.628,83.62,83.625,116720000,1
1528392360000,1528392419000,83.625,83.627,83.622,83.624,58280000,1
1528392420000,1528392479000,83.624,83.631,83.612,83.612,79930000,1
1528392480000,1528392539000,83.613,83.613,83.564,83.569,97300000,1
1528392540000,1528392599000,83.568,83.569,83.546,83.546,90450000,1
1528392600000,1528392659000,83.548,83.562,83.543,83.556,145950000,1
1528392660000,1528392719000,83.558,83.56,83.528,83.541,191290000,1
1528392720000,1528392779000,83.542,83.553,83.513,83.513,191140000,1
1528392780000,1528392839000,83.513,83.521,83.497,83.502,192000000,1
1528392840000,1528392899000,83.5,83.511,83.485,83.492,235240000,1
1528392900000,1528392959000,83.491,83.516,83.444,83.455,344180000,1
1528392960000,1528393019000,83.454,83.494,83.431,83.484,318340000,1
1528393020000,1528393079000,83.483,83.486,83.463,83.468,206990000,1
1528393080000,1528393139000,83.468,83.475,83.41,83.412,309950000,1
1528393140000,1528393199000,83.412,83.444,83.41,83.436,246660000,1
1528393200000,1528393259000,83.435,83.445,83.425,83.438,163610000,1
1528393260000,1528393319000,83.44,83.448,83.394,83.404,203900000,1
1528393320000,1528393379000,83.404,83.44,83.401,83.439,184480000,1
1528393380000,1528393439000,83.437,83.447,83.424,83.444,152010000,1
1528393440000,1528393499000,83.442,83.487,83.432,83.479,184320000,1
1528393500000,1528393559000,83.481,83.482,83.455,83.474,163030000,1
1528393560000,1528393619000,83.474,83.48,83.463,83.478,158450000,1
1528393620000,1528393679000,83.476,83.504,83.466,83.502,164060000,1
1528393680000,1528393739000,83.507,83.556,83.504,83.551,156370000,1
1528393740000,1528393799000,83.549,83.57,83.544,83.569,183890000,1
1528393800000,1528393859000,83.568,83.583,83.562,83.58,183910000,1
1528393860000,1528393919000,83.579,83.604,83.575,83.579,187450000,1
1528393920000,1528393979000,83.578,83.578,83.522,83.525,242380000,1
1528393980000,1528394039000,83.525,83.552,83.512,83.545,229590000,1
1528394040000,1528394099000,83.546,83.546,83.5,83.51,202710000,1
1528394100000,1528394159000,83.508,83.534,83.505,83.525,142470000,1
1528394160000,1528394219000,83.525,83.538,83.525,83.537,122210000,1
1528394220000,1528394279000,83.536,83.536,83.507,83.515,119260000,1
1528394280000,1528394339000,83.516,83.54,83.515,83.54,168720000,1
1528394340000,1528394399000,83.539,83.539,83.506,83.512,164540000,1
1528394400000,1528394459000,83.511,83.523,83.469,83.48,201460000,1
1528394460000,1528394519000,83.48,83.486,83.439,83.445,206240000,1
1528394520000,1528394579000,83.445,83.464,83.438,83.456,246880000,1
1528394580000,1528394639000,83.454,83.468,83.44,83.466,263430000,1
1528394640000,1528394699000,83.467,83.53,83.466,83.521,267280000,1
1528394700000,1528394759000,83.52,83.537,83.508,83.537,190450000,1
1528394760000,1528394819000,83.536,83.541,83.529,83.532,159090000,1
1528394820000,1528394879000,83.531,83.544,83.515,83.519,250770000,1
1528394880000,1528394939000,83.518,83.526,83.512,83.517,176070000,1
1528394940000,1528394999000,83.516,83.546,83.516,83.543,140390000,1
1528395000000,1528395059000,83.542,83.553,83.528,83.532,136790000,1
1528395060000,1528395119000,83.531,83.531,83.5,83.507,228110000,1
1528395120000,1528395179000,83.51,83.52,83.505,83.511,188230000,1
1528395180000,1528395239000,83.513,83.541,83.51,83.536,216560000,1
1528395240000,1528395299000,83.538,83.541,83.529,83.538,172710000,1
1528395300000,1528395359000,83.539,83.555,83.539,83.553,196430000,1
1528395360000,1528395419000,83.554,83.583,83.554,83.583,154230000,1
1528395420000,1528395479000,83.584,83.601,83.583,83.601,104620000,1
1528395480000,1528395539000,83.601,83.61,83.584,83.593,147770000,1
1528395540000,1528395599000,83.593,83.595,83.586,83.594,75000000,1
1528395600000,1528395659000,83.593,83.593,83.579,83.582,125340000,1
1528395660000,1528395719000,83.581,83.582,83.57,83.571,84150000,1
1528395720000,1528395779000,83.571,83.588,83.571,83.58,82650000,1
1528395780000,1528395839000,83.581,83.594,83.579,83.59,98120000,1
1528395840000,1528395899000,83.59,83.602,83.582,83.597,165280000,1
1528395900000,1528395959000,83.597,83.609,83.595,83.601,163190000,1
1528395960000,1528396019000,83.6,83.607,83.597,83.604,85450000,1
1528396020000,1528396079000,83.604,83.605,83.591,83.596,156470000,1
1528396080000,1528396139000,83.596,83.619,83.596,83.605,212470000,1
1528396140000,1528396199000,83.606,83.641,83.606,83.635,101710000,1
1528396200000,1528396259000,83.634,83.634,83.601,83.604,112610000,1
1528396260000,1528396319000,83.604,83.622,83.604,83.608,163550000,1
1528396320000,1528396379000,83.609,83.628,83.606,83.614,145650000,1
1528396380000,1528396439000,83.613,83.624,83.605,83.619,141660000,1
1528396440000,1528396499000,83.619,83.628,83.609,83.609,146240000,1
1528396500000,1528396559000,83.61,83.631,83.605,83.618,122560000,1
1528396560000,1528396619000,83.618,83.62,83.607,83.613,149940000,1
1528396620000,1528396679000,83.613,83.629,83.613,83.628,131180000,1
1528396680000,1528396739000,83.628,83.629,83.622,83.626,84530000,1
1528396740000,1528396799000,83.626,83.632,83.621,83.621,69650000,1
1528396800000,1528396859000,83.621,83.621,83.611,83.612,94570000,1
1528396860000,1528396919000,83.613,83.622,83.613,83.62,78990000,1
1528396920000,1528396979000,83.62,83.627,83.62,83.622,112720000,1
1528396980000,1528397039000,83.618,83.633,83.618,83.625,80560000,1
1528397040000,1528397099000,83.626,83.628,83.621,83.625,75940000,1
1528397100000,1528397159000,83.626,83.64,83.624,83.636,90350000,1
1528397160000,1528397219000,83.636,83.637,83.626,83.628,54370000,1
1528397220000,1528397279000,83.629,83.637,83.625,83.635,82630000,1
1528397280000,1528397339000,83.634,83.645,83.634,83.643,64780000,1
1528397340000,1528397399000,83.644,83.644,83.638,83.639,92740000,1
1528397400000,1528397459000,83.639,83.658,83.636,83.658,111000000,1
1528397460000,1528397519000,83.659,83.667,83.656,83.666,49000000,1
1528397520000,1528397579000,83.665,83.665,83.658,83.665,68320000,1
1528397580000,1528397639000,83.664,83.666,83.654,83.656,82000000,1
1528397640000,1528397699000,83.657,83.66,83.641,83.641,89960000,1
1528397700000,1528397759000,83.641,83.646,83.625,83.633,93540000,1
1528397760000,1528397819000,83.632,83.633,83.619,83.619,73520000,1
1528397820000,1528397879000,83.619,83.62,83.606,83.606,104750000,1
1528397880000,1528397939000,83.607,83.615,83.602,83.606,93440000,1
1528397940000,1528397999000,83.606,83.609,83.585,83.606,163170000,1
1528398000000,1528398059000,83.603,83.626,83.603,83.612,118230000,1
1528398060000,1528398119000,83.612,83.614,83.607,83.607,90380000,1
1528398120000,1528398179000,83.609,83.613,83.585,83.585,146780000,1
1528398180000,1528398239000,83.586,83.588,83.577,83.586,105010000,1
1528398240000,1528398299000,83.585,83.594,83.581,83.592,86390000,1
1528398300000,1528398359000,83.592,83.608,83.585,83.597,77850000,1
1528398360000,1528398419000,83.597,83.6,83.574,83.574,117090000,1
1528398420000,1528398479000,83.574,83.59,83.562,83.573,165130000,1
1528398480000,1528398539000,83.572,83.574,83.557,83.56,140010000,1
1528398540000,1528398599000,83.56,83.564,83.552,83.554,124950000,1
1528398600000,1528398659000,83.554,83.578,83.554,83.567,102240000,1
1528398660000,1528398719000,83.567,83.582,83.567,83.582,49000000,1
1528398720000,1528398779000,83.581,83.625,83.58,83.625,86880000,1
1528398780000,1528398839000,83.624,83.633,83.603,83.603,75810000,1
1528398840000,1528398899000,83.603,83.623,83.602,83.61,61140000,1
1528398900000,1528398959000,83.61,83.614,83.593,83.598,132230000,1
1528398960000,1528399019000,83.598,83.598,83.583,83.584,127860000,1
1528399020000,1528399079000,83.584,83.586,83.575,83.578,74260000,1
1528399080000,1528399139000,83.577,83.578,83.553,83.559,149780000,1
1528399140000,1528399199000,83.559,83.585,83.559,83.585,68130000,1
1528399200000,1528399259000,83.585,83.597,83.585,83.594,130060000,1
1528399260000,1528399319000,83.594,83.598,83.582,83.586,82590000,1
1528399320000,1528399379000,83.586,83.59,83.583,83.585,49880000,1
1528399380000,1528399439000,83.586,83.592,83.585,83.591,40120000,1
1528399440000,1528399499000,83.591,83.593,83.589,83.593,47000000,1
1528399500000,1528399559000,83.593,83.608,83.589,83.589,94000000,1
1528399560000,1528399619000,83.588,83.588,83.579,83.588,76560000,1
1528399620000,1528399679000,83.591,83.601,83.589,83.601,117540000,1
1528399680000,1528399739000,83.6,83.604,83.599,83.602,63600000,1
1528399740000,1528399799000,83.601,83.605,83.587,83.594,107220000,1
1528399800000,1528399859000,83.592,83.593,83.581,83.583,77670000,1
1528399860000,1528399919000,83.583,83.595,83.581,83.583,82780000,1
1528399920000,1528399979000,83.584,83.592,83.572,83.58,131330000,1
1528399980000,1528400039000,83.58,83.58,83.572,83.577,46290000,1
1528400040000,1528400099000,83.577,83.578,83.569,83.569,40480000,1
1528400100000,1528400159000,83.569,83.579,83.569,83.579,64500000,1
1528400160000,1528400219000,83.579,83.591,83.579,83.589,63340000,1
1528400220000,1528400279000,83.589,83.59,83.582,83.587,36530000,1
1528400280000,1528400339000,83.587,83.588,83.58,83.58,36260000,1
1528400340000,1528400399000,83.58,83.588,83.573,83.575,83490000,1
1528400400000,1528400459000,83.576,83.584,83.575,83.58,54560000,1
1528400460000,1528400519000,83.58,83.587,83.573,83.586,82970000,1
1528400520000,1528400579000,83.585,83.585,83.572,83.579,70270000,1
1528400580000,1528400639000,83.579,83.581,83.569,83.571,51930000,1
1528400640000,1528400699000,83.571,83.571,83.55,83.55,85960000,1
1528400700000,1528400759000,83.548,83.55,83.539,83.547,138410000,1
1528400760000,1528400819000,83.547,83.547,83.537,83.54,105640000,1
1528400820000,1528400879000,83.541,83.547,83.537,83.541,73220000,1
1528400880000,1528400939000,83.54,83.54,83.504,83.505,126250000,1
1528400940000,1528400999000,83.506,83.517,83.505,83.511,104230000,1
1528401000000,1528401059000,83.511,83.535,83.5,83.533,138460000,1
1528401060000,1528401119000,83.533,83.533,83.521,83.525,80090000,1
1528401120000,1528401179000,83.525,83.532,83.522,83.525,88630000,1
1528401180000,1528401239000,83.524,83.567,83.524,83.566,144460000,1
1528401240000,1528401299000,83.562,83.568,83.557,83.563,65590000,1
1528401300000,1528401359000,83.563,83.569,83.563,83.568,73110000,1
1528401360000,1528401419000,83.568,83.568,83.556,83.559,64020000,1
1528401420000,1528401479000,83.56,83.565,83.559,83.565,47330000,1
1528401480000,1528401539000,83.565,83.571,83.559,83.559,51240000,1
1528401540000,1528401599000,83.559,83.57,83.556,83.57,117250000,1
1528401600000,1528401659000,83.574,83.581,83.563,83.581,90970000,1
1528401660000,1528401719000,83.583,83.611,83.582,83.611,108690000,1
1528401720000,1528401779000,83.61,83.61,83.601,83.605,53580000,1
1528401780000,1528401839000,83.605,83.605,83.595,83.595,34080000,1
1528401840000,1528401899000,83.594,83.594,83.593,83.593,18090000,1
1528401900000,1528401959000,83.593,83.608,83.593,83.606,37770000,1
1528401960000,1528402019000,83.605,83.605,83.6,83.602,24000000,1
1528402020000,1528402079000,83.602,83.609,83.602,83.608,27370000,1
1528402080000,1528402139000,83.607,83.607,83.601,83.605,38010000,1
1528402140000,1528402199000,83.604,83.612,83.604,83.605,45130000,1
1528402200000,1528402259000,83.605,83.61,83.605,83.61,20210000,1
1528402260000,1528402319000,83.61,83.611,83.606,83.61,36720000,1
1528402320000,1528402379000,83.609,83.609,83.604,83.605,42050000,1
1528402380000,1528402439000,83.606,83.607,83.602,83.602,33730000,1
1528402440000,1528402499000,83.602,83.611,83.595,83.595,51940000,1
1528402500000,1528402559000,83.596,83.596,83.596,83.596,4240000,1
1528402560000,1528402619000,83.596,83.607,83.596,83.606,41590000,1
1528402620000,1528402679000,83.606,83.609,83.604,83.609,27610000,1
1528402680000,1528402739000,83.609,83.616,83.608,83.615,38340000,1
1528402740000,1528402799000,83.615,83.615,83.605,83.605,55480000,1
1528402800000,1528402859000,83.605,83.608,83.605,83.606,21720000,1
1528402860000,1528402919000,83.605,83.614,83.605,83.613,45470000,1
1528402920000,1528402979000,83.615,83.617,83.607,83.615,27130000,1
1528402980000,1528403039000,83.614,83.614,83.613,83.613,7500000,1
1528403040000,1528403099000,83.613,83.624,83.613,83.623,32100000,1
1528403100000,1528403159000,83.623,83.623,83.621,83.621,6500000,1
1528403160000,1528403219000,83.621,83.621,83.619,83.621,8370000,1
1528403220000,1528403279000,83.621,83.621,83.612,83.615,37750000,1
1528403280000,1528403339000,83.614,83.631,83.614,83.627,69210000,1
1528403340000,1528403399000,83.627,83.645,83.624,83.638,42000000,1
1528403400000,1528403459000,83.639,83.639,83.627,83.629,57180000,1
1528403460000,1528403519000,83.629,83.63,83.627,83.629,33420000,1
1528403520000,1528403579000,83.63,83.635,83.63,83.632,20000000,1
1528403580000,1528403639000,83.632,83.633,83.624,83.625,36810000,1
1528403640000,1528403699000,83.625,83.626,83.624,83.626,13120000,1
1528403700000,1528403759000,83.626,83.627,83.62,83.624,41200000,1
1528403760000,1528403819000,83.624,83.626,83.623,83.623,23700000,1
1528403820000,1528403879000,83.623,83.625,83.622,83.625,22000000,1
1528403880000,1528403939000,83.626,83.629,83.622,83.627,17120000,1
1528403940000,1528403999000,83.629,83.632,83.626,83.628,32140000,1
1528404000000,1528404059000,83.628,83.638,83.627,83.629,44820000,1
1528404060000,1528404119000,83.628,83.643,83.615,83.635,81970000,1
1528404120000,1528404179000,83.635,83.638,83.628,83.63,45730000,1
1528404180000,1528404239000,83.631,83.636,83.628,83.629,38500000,1
1528404240000,1528404299000,83.629,83.632,83.629,83.63,23000000,1
1528404300000,1528404359000,83.629,83.629,83.61,83.62,71980000,1
1528404360000,1528404419000,83.619,83.62,83.606,83.607,43620000,1
1528404420000,1528404479000,83.607,83.607,83.604,83.605,21000000,1
1528404480000,1528404539000,83.605,83.605,83.604,83.604,8500000,1
1528404540000,1528404599000,83.604,83.604,83.604,83.604,5000000,1
1528404600000,1528404659000,83.604,83.619,83.604,83.618,25950000,1
1528404660000,1528404719000,83.618,83.621,83.605,83.61,53400000,1
1528404720000,1528404779000,83.61,83.63,83.609,83.617,53530000,1
1528404780000,1528404839000,83.617,83.617,83.615,83.615,29960000,1
1528404840000,1528404899000,83.616,83.616,83.612,83.612,4690000,1
1528404900000,1528404959000,83.611,83.625,83.611,83.625,33600000,1
1528404960000,1528405019000,83.625,83.636,83.623,83.636,66040000,1
1528405020000,1528405079000,83.635,83.635,83.61,83.617,85790000,1
1528405080000,1528405139000,83.62,83.629,83.616,83.629,64580000,1
1528405140000,1528405199000,83.627,83.631,83.597,83.597,21220000,1
1528405200000,1528405259000,83.597,83.597,83.569,83.586,16870000,1
1528405260000,1528405319000,83.585,83.585,83.555,83.555,159000000,1
1528405320000,1528405379000,83.555,83.56,83.555,83.556,147750000,1
1528405380000,1528405439000,83.556,83.586,83.551,83.585,144750000,1
1528405440000,1528405499000,83.587,83.598,83.556,83.598,29160000,1
1528405500000,1528405559000,83.598,83.601,83.58,83.587,162330000,1
1528405560000,1528405619000,83.584,83.584,83.577,83.58,206500000,1
1528405620000,1528405679000,83.583,83.596,83.576,83.596,271750000,1
1528405680000,1528405739000,83.593,83.597,83.585,83.585,135000000,1
1528405740000,1528405799000,83.585,83.586,83.583,83.585,9000000,1
1528405800000,1528405859000,83.585,83.595,83.585,83.594,81500000,1
1528405860000,1528405919000,83.595,83.602,83.592,83.6,124000000,1
1528405920000,1528405979000,83.601,83.601,83.597,83.598,46500000,1
1528405980000,1528406039000,83.598,83.599,83.598,83.599,15500000,1
1528406040000,1528406099000,83.598,83.604,83.596,83.6,34000000,1
1528406100000,1528406159000,83.602,83.604,83.6,83.602,118250000,1
1528406160000,1528406219000,83.602,83.603,83.602,83.602,12090000,1
1528406220000,1528406279000,83.602,83.605,83.601,83.601,52080000,1
1528406280000,1528406339000,83.602,83.609,83.602,83.608,39990000,1
1528406340000,1528406399000,83.611,83.618,83.611,83.615,61750000,1
1528406400000,1528406459000,83.614,83.616,83.605,83.616,55920000,1
1528406460000,1528406519000,83.616,83.616,83.613,83.615,61170000,1
1528406520000,1528406579000,83.615,83.654,83.615,83.638,98070000,1
1528406580000,1528406639000,83.638,83.638,83.626,83.63,60170000,1
1528406640000,1528406699000,83.633,83.644,83.627,83.644,38270000,1
1528406700000,1528406759000,83.644,83.654,83.642,83.642,38020000,1
1528406760000,1528406819000,83.642,83.642,83.609,83.616,69350000,1
1528406820000,1528406879000,83.614,83.615,83.605,83.608,76180000,1
1528406880000,1528406939000,83.609,83.618,83.606,83.616,85660000,1
1528406940000,1528406999000,83.616,83.655,83.615,83.648,81570000,1
1528407000000,1528407059000,83.648,83.65,83.631,83.649,39960000,1
1528407060000,1528407119000,83.649,83.649,83.646,83.646,6740000,1
1528407120000,1528407179000,83.646,83.648,83.622,83.627,33690000,1
1528407180000,1528407239000,83.628,83.628,83.62,83.625,15200000,1
1528407240000,1528407299000,83.625,83.631,83.625,83.631,12720000,1
1528407300000,1528407359000,83.631,83.631,83.627,83.63,6750000,1
1528407360000,1528407419000,83.626,83.631,83.614,83.624,44950000,1
1528407420000,1528407479000,83.623,83.647,83.622,83.639,31180000,1
1528407480000,1528407539000,83.64,83.641,83.635,83.641,12710000,1
1528407540000,1528407599000,83.641,83.641,83.641,83.641,0,1
1528407600000,1528407659000,83.644,83.645,83.642,83.642,5480000,1
1528407660000,1528407719000,83.642,83.652,83.642,83.652,10330000,1
1528407720000,1528407779000,83.652,83.653,83.644,83.647,30230000,1
1528407780000,1528407839000,83.647,83.649,83.643,83.648,36580000,1
1528407840000,1528407899000,83.648,83.648,83.643,83.646,24620000,1
1528407900000,1528407959000,83.646,83.646,83.643,83.643,22850000,1
1528407960000,1528408019000,83.644,83.648,83.642,83.645,26080000,1
1528408020000,1528408079000,83.645,83.649,83.645,83.649,11370000,1
1528408080000,1528408139000,83.651,83.654,83.648,83.653,20990000,1
1528408140000,1528408199000,83.654,83.656,83.65,83.656,14870000,1
1528408200000,1528408259000,83.656,83.656,83.65,83.654,15730000,1
1528408260000,1528408319000,83.652,83.654,83.647,83.652,15120000,1
1528408320000,1528408379000,83.652,83.654,83.648,83.653,10120000,1
1528408380000,1528408439000,83.653,83.653,83.646,83.646,8990000,1
1528408440000,1528408499000,83.644,83.652,83.644,83.652,15240000,1
1528408500000,1528408559000,83.647,83.654,83.645,83.653,28440000,1
1528408560000,1528408619000,83.653,83.653,83.645,83.652,18750000,1
1528408620000,1528408679000,83.652,83.652,83.65,83.65,16000000,1
1528408680000,1528408739000,83.65,83.65,83.644,83.65,51570000,1
1528408740000,1528408799000,83.646,83.65,83.63,83.63,32040000,1
1528408800000,1528408859000,83.632,83.649,83.631,83.632,136770000,1
1528408860000,1528408919000,83.635,83.636,83.621,83.623,60280000,1
1528408920000,1528408979000,83.623,83.633,83.623,83.628,33620000,1
1528408980000,1528409039000,83.629,83.636,83.627,83.632,46530000,1
1528409040000,1528409099000,83.634,83.636,83.631,83.632,52410000,1
1528409100000,1528409159000,83.631,83.631,83.62,83.623,74070000,1
1528409160000,1528409219000,83.623,83.623,83.612,83.613,68340000,1
1528409220000,1528409279000,83.615,83.631,83.615,83.631,39580000,1
1528409280000,1528409339000,83.629,83.631,83.615,83.616,40130000,1
1528409340000,1528409399000,83.616,83.62,83.616,83.62,12500000,1
1528409400000,1528409459000,83.621,83.625,83.618,83.623,23500000,1
1528409460000,1528409519000,83.624,83.624,83.615,83.619,24250000,1
1528409520000,1528409579000,83.62,83.621,83.62,83.62,7750000,1
1528409580000,1528409639000,83.622,83.627,83.62,83.62,22750000,1
1528409640000,1528409699000,83.619,83.622,83.619,83.622,20500000,1
1528409700000,1528409759000,83.623,83.623,83.615,83.618,82870000,1
1528409760000,1528409819000,83.621,83.623,83.618,83.621,87010000,1
1528409820000,1528409879000,83.62,83.62,83.618,83.618,4000000,1
1528409880000,1528409939000,83.62,83.621,83.61,83.614,39190000,1
1528409940000,1528409999000,83.612,83.628,83.612,83.621,43360000,1
1528410000000,1528410059000,83.62,83.633,83.62,83.633,23000000,1
1528410060000,1528410119000,83.634,83.634,83.619,83.627,26490000,1
1528410120000,1528410179000,83.63,83.632,83.61,83.632,72870000,1
1528410180000,1528410239000,83.632,83.632,83.627,83.629,9500000,1
1528410240000,1528410299000,83.629,83.63,83.625,83.628,33250000,1
1528410300000,1528410359000,83.629,83.635,83.626,83.632,25440000,1
1528410360000,1528410419000,83.632,83.632,83.632,83.632,0,1
1528410420000,1528410479000,83.633,83.634,83.631,83.631,6000000,1
1528410480000,1528410539000,83.632,83.632,83.625,83.625,26250000,1
1528410540000,1528410599000,83.624,83.63,83.623,83.623,29500000,1
1528410600000,1528410659000,83.623,83.624,83.619,83.624,33120000,1
1528410660000,1528410719000,83.623,83.627,83.622,83.625,21000000,1
1528410720000,1528410779000,83.626,83.626,83.62,83.621,19260000,1
1528410780000,1528410839000,83.624,83.637,83.624,83.636,38200000,1
1528410840000,1528410899000,83.635,83.636,83.634,83.634,13260000,1
1528410900000,1528410959000,83.633,83.658,83.633,83.65,49760000,1
1528410960000,1528411019000,83.651,83.653,83.65,83.65,17250000,1
1528411020000,1528411079000,83.65,83.654,83.643,83.644,17880000,1
1528411080000,1528411139000,83.644,83.646,83.644,83.644,15250000,1
1528411140000,1528411199000,83.643,83.648,83.643,83.648,15690000,1
1528411200000,1528411259000,83.649,83.657,83.649,83.651,20620000,1
1528411260000,1528411319000,83.651,83.651,83.648,83.648,19500000,1
1528411320000,1528411379000,83.648,83.649,83.647,83.648,18500000,1
1528411380000,1528411439000,83.648,83.648,83.642,83.642,16500000,1
1528411440000,1528411499000,83.642,83.642,83.638,83.638,11500000,1
1528411500000,1528411559000,83.639,83.64,83.633,83.633,38780000,1
1528411560000,1528411619000,83.633,83.639,83.633,83.634,36850000,1
1528411620000,1528411679000,83.635,83.635,83.625,83.629,34250000,1
1528411680000,1528411739000,83.63,83.63,83.624,83.626,17500000,1
1528411740000,1528411799000,83.626,83.629,83.626,83.629,5500000,1
1528411800000,1528411859000,83.63,83.63,83.629,83.629,10750000,1
1528411860000,1528411919000,83.63,83.64,83.63,83.638,17000000,1
1528411920000,1528411979000,83.637,83.639,83.637,83.638,6500000,1
1528411980000,1528412039000,83.639,83.639,83.638,83.638,10000000,1
1528412040000,1528412099000,83.637,83.637,83.627,83.627,16250000,1
1528412100000,1528412159000,83.626,83.627,83.618,83.625,25530000,1
1528412160000,1528412219000,83.627,83.629,83.622,83.623,27060000,1
1528412220000,1528412279000,83.62,83.62,83.617,83.617,24000000,1
1528412280000,1528412339000,83.617,83.618,83.617,83.618,2500000,1
1528412340000,1528412399000,83.618,83.619,83.618,83.619,3000000,1
1528412400000,1528412459000,83.618,83.633,83.617,83.619,40500000,1
1528412460000,1528412519000,83.619,83.62,83.601,83.603,47480000,1
1528412520000,1528412579000,83.603,83.611,83.596,83.61,72610000,1
1528412580000,1528412639000,83.61,83.617,83.604,83.606,38490000,1
1528412640000,1528412699000,83.606,83.609,83.599,83.608,38110000,1
1528412700000,1528412759000,83.609,83.609,83.603,83.607,32320000,1
1528412760000,1528412819000,83.607,83.608,83.599,83.605,23990000,1
1528412820000,1528412879000,83.604,83.605,83.598,83.6,25360000,1
1528412880000,1528412939000,83.6,83.61,83.587,83.609,23240000,1
1528412940000,1528412999000,83.608,83.62,83.602,83.605,42170000,1
1528413000000,1528413059000,83.605,83.605,83.6,83.605,39930000,1
1528413060000,1528413119000,83.607,83.623,83.6,83.6,65640000,1
1528413120000,1528413179000,83.602,83.604,83.592,83.596,32470000,1
1528413180000,1528413239000,83.597,83.611,83.596,83.604,50840000,1
1528413240000,1528413299000,83.605,83.608,83.584,83.6,83750000,1
1528413300000,1528413359000,83.6,83.608,83.593,83.595,38900000,1
1528413360000,1528413419000,83.594,83.596,83.593,83.596,18980000,1
1528413420000,1528413479000,83.594,83.595,83.585,83.585,42850000,1
1528413480000,1528413539000,83.585,83.596,83.585,83.594,36810000,1
1528413540000,1528413599000,83.594,83.594,83.581,83.581,40710000,1
1528413600000,1528413659000,83.581,83.581,83.572,83.572,28470000,1
1528413660000,1528413719000,83.573,83.578,83.565,83.565,50760000,1
1528413720000,1528413779000,83.566,83.567,83.566,83.567,16360000,1
1528413780000,1528413839000,83.566,83.569,83.563,83.565,44040000,1
1528413840000,1528413899000,83.563,83.566,83.556,83.556,34880000,1
1528413900000,1528413959000,83.559,83.56,83.531,83.541,126340000,1
1528413960000,1528414019000,83.542,83.542,83.535,83.535,30740000,1
1528414020000,1528414079000,83.535,83.536,83.51,83.51,95500000,1
1528414080000,1528414139000,83.512,83.52,83.512,83.516,104840000,1
1528414140000,1528414199000,83.515,83.526,83.515,83.526,47770000,1
1528414200000,1528414259000,83.525,83.532,83.509,83.509,59940000,1
1528414260000,1528414319000,83.509,83.529,83.503,83.526,65400000,1
1528414320000,1528414379000,83.528,83.55,83.528,83.542,38250000,1
1528414380000,1528414439000,83.542,83.562,83.542,83.558,41320000,1
1528414440000,1528414499000,83.558,83.567,83.558,83.566,34130000,1
1528414500000,1528414559000,83.566,83.567,83.559,83.566,21000000,1
1528414560000,1528414619000,83.566,83.572,83.561,83.562,24000000,1
1528414620000,1528414679000,83.562,83.566,83.554,83.564,34370000,1
1528414680000,1528414739000,83.565,83.566,83.56,83.565,26440000,1
1528414740000,1528414799000,83.566,83.588,83.565,83.565,68690000,1
1528414800000,1528414859000,83.563,83.563,83.514,83.516,113730000,1
1528414860000,1528414919000,83.516,83.533,83.516,83.533,66960000,1
1528414920000,1528414979000,83.533,83.54,83.533,83.534,21840000,1
1528414980000,1528415039000,83.534,83.54,83.531,83.531,44310000,1
1528415040000,1528415099000,83.532,83.532,83.521,83.521,37900000,1
1528415100000,1528415159000,83.526,83.545,83.526,83.537,85690000,1
1528415160000,1528415219000,83.536,83.569,83.536,83.568,97630000,1
1528415220000,1528415279000,83.567,83.573,83.563,83.57,69380000,1
1528415280000,1528415339000,83.572,83.58,83.565,83.566,69500000,1
1528415340000,1528415399000,83.566,83.579,83.559,83.561,57250000,1
1528415400000,1528415459000,83.561,83.561,83.511,83.512,131290000,1
1528415460000,1528415519000,83.513,83.537,83.513,83.532,82090000,1
1528415520000,1528415579000,83.532,83.533,83.53,83.531,49900000,1
1528415580000,1528415639000,83.532,83.571,83.532,83.569,86340000,1
1528415640000,1528415699000,83.566,83.566,83.545,83.551,78760000,1
1528415700000,1528415759000,83.551,83.551,83.541,83.541,110810000,1
1528415760000,1528415819000,83.54,83.543,83.53,83.53,82920000,1
1528415820000,1528415879000,83.53,83.541,83.52,83.531,89510000,1
1528415880000,1528415939000,83.531,83.532,83.512,83.522,134490000,1
1528415940000,1528415999000,83.523,83.547,83.512,83.543,125730000,1
1528416000000,1528416059000,83.547,83.577,83.536,83.552,213100000,1
1528416060000,1528416119000,83.551,83.569,83.546,83.562,115920000,1
1528416120000,1528416179000,83.563,83.604,83.562,83.59,166210000,1
1528416180000,1528416239000,83.59,83.62,83.59,83.618,144590000,1
1528416240000,1528416299000,83.62,83.623,83.606,83.613,94500000,1
1528416300000,1528416359000,83.614,83.614,83.588,83.593,84190000,1
1528416360000,1528416419000,83.593,83.608,83.585,83.593,90300000,1
1528416420000,1528416479000,83.593,83.603,83.582,83.582,46190000,1
1528416480000,1528416539000,83.583,83.586,83.561,83.563,75450000,1
1528416540000,1528416599000,83.572,83.578,83.568,83.576,67580000,1
1528416600000,1528416659000,83.576,83.585,83.568,83.584,46690000,1
1528416660000,1528416719000,83.585,83.591,83.584,83.584,25250000,1
1528416720000,1528416779000,83.585,83.585,83.565,83.567,38000000,1
1528416780000,1528416839000,83.566,83.567,83.544,83.549,75820000,1
1528416840000,1528416899000,83.548,83.562,83.548,83.559,32450000,1
1528416900000,1528416959000,83.559,83.564,83.555,83.559,69050000,1
1528416960000,1528417019000,83.559,83.56,83.514,83.52,135380000,1
1528417020000,1528417079000,83.518,83.542,83.512,83.541,111010000,1
1528417080000,1528417139000,83.54,83.54,83.52,83.538,62580000,1
1528417140000,1528417199000,83.537,83.55,83.537,83.55,50640000,1
1528417200000,1528417259000,83.551,83.559,83.54,83.551,73780000,1
1528417260000,1528417319000,83.551,83.564,83.551,83.558,58500000,1
1528417320000,1528417379000,83.558,83.558,83.537,83.54,63330000,1
1528417380000,1528417439000,83.538,83.539,83.533,83.536,66220000,1
1528417440000,1528417499000,83.537,83.545,83.537,83.543,57310000,1
1528417500000,1528417559000,83.543,83.545,83.538,83.538,52900000,1
1528417560000,1528417619000,83.538,83.544,83.531,83.536,62070000,1
1528417620000,1528417679000,83.536,83.54,83.532,83.536,44520000,1
1528417680000,1528417739000,83.536,83.585,83.536,83.585,63730000,1
1528417740000,1528417799000,83.585,83.585,83.573,83.577,72850000,1
1528417800000,1528417859000,83.579,83.586,83.578,83.586,37240000,1
1528417860000,1528417919000,83.587,83.6,83.585,83.593,65400000,1
1528417920000,1528417979000,83.593,83.631,83.592,83.63,156670000,1
1528417980000,1528418039000,83.63,83.647,83.628,83.636,193190000,1
1528418040000,1528418099000,83.636,83.639,83.62,83.62,98340000,1
1528418100000,1528418159000,83.619,83.627,83.615,83.627,25000000,1
1528418160000,1528418219000,83.625,83.632,83.621,83.629,37050000,1
1528418220000,1528418279000,83.63,83.652,83.63,83.643,76220000,1
1528418280000,1528418339000,83.642,83.642,83.619,83.629,92250000,1
1528418340000,1528418399000,83.63,83.64,83.63,83.635,50190000,1
1528418400000,1528418459000,83.636,83.636,83.623,83.623,37750000,1
1528418460000,1528418519000,83.623,83.623,83.615,83.62,32000000,1
1528418520000,1528418579000,83.62,83.635,83.62,83.632,28430000,1
1528418580000,1528418639000,83.633,83.64,83.632,83.639,21000000,1
1528418640000,1528418699000,83.638,83.652,83.631,83.652,87580000,1
1528418700000,1528418759000,83.651,83.664,83.65,83.664,70850000,1
1528418760000,1528418819000,83.661,83.67,83.661,83.661,84800000,1
1528418820000,1528418879000,83.661,83.673,83.661,83.665,49620000,1
1528418880000,1528418939000,83.664,83.689,83.662,83.686,77490000,1
1528418940000,1528418999000,83.685,83.685,83.672,83.68,104070000,1
1528419000000,1528419059000,83.681,83.694,83.677,83.678,122160000,1
1528419060000,1528419119000,83.677,83.701,83.674,83.701,124380000,1
1528419120000,1528419179000,83.7,83.714,83.699,83.71,94200000,1
1528419180000,1528419239000,83.712,83.717,83.703,83.715,96430000,1
1528419240000,1528419299000,83.715,83.715,83.697,83.7,122460000,1
1528419300000,1528419359000,83.699,83.713,83.687,83.705,154710000,1
1528419360000,1528419419000,83.705,83.736,83.7,83.704,151070000,1
1528419420000,1528419479000,83.703,83.711,83.694,83.704,97270000,1
1528419480000,1528419539000,83.705,83.723,83.705,83.712,55880000,1
1528419540000,1528419599000,83.713,83.715,83.709,83.709,46240000,1
1528419600000,1528419659000,83.709,83.716,83.703,83.704,50870000,1
1528419660000,1528419719000,83.704,83.704,83.682,83.683,87580000,1
1528419720000,1528419779000,83.684,83.693,83.684,83.69,62610000,1
1528419780000,1528419839000,83.691,83.696,83.69,83.691,45450000,1
1528419840000,1528419899000,83.69,83.697,83.689,83.693,27880000,1
1528419900000,1528419959000,83.693,83.696,83.691,83.695,25640000,1
1528419960000,1528420019000,83.695,83.705,83.693,83.705,56900000,1
1528420020000,1528420079000,83.704,83.727,83.703,83.717,128030000,1
1528420080000,1528420139000,83.714,83.726,83.713,83.716,90520000,1
1528420140000,1528420199000,83.718,83.719,83.705,83.707,76330000,1
1528420200000,1528420259000,83.707,83.744,83.705,83.732,130310000,1
1528420260000,1528420319000,83.73,83.731,83.72,83.728,87130000,1
1528420320000,1528420379000,83.728,83.772,83.727,83.771,114660000,1
1528420380000,1528420439000,83.77,83.778,83.754,83.769,76400000,1
1528420440000,1528420499000,83.768,83.771,83.735,83.746,75190000,1
1528420500000,1528420559000,83.747,83.747,83.717,83.717,66490000,1
1528420560000,1528420619000,83.718,83.718,83.707,83.71,41200000,1
1528420620000,1528420679000,83.71,83.716,83.69,83.696,59220000,1
1528420680000,1528420739000,83.696,83.706,83.687,83.691,115540000,1
1528420740000,1528420799000,83.691,83.694,83.676,83.681,69550000,1
1528420800000,1528420859000,83.682,83.704,83.682,83.688,120550000,1
1528420860000,1528420919000,83.688,83.703,83.681,83.701,87240000,1
1528420920000,1528420979000,83.702,83.702,83.684,83.684,65540000,1
1528420980000,1528421039000,83.683,83.685,83.671,83.684,70760000,1
1528421040000,1528421099000,83.683,83.695,83.683,83.69,47660000,1
1528421100000,1528421159000,83.691,83.693,83.679,83.68,87740000,1
1528421160000,1528421219000,83.679,83.689,83.679,83.688,95860000,1
1528421220000,1528421279000,83.686,83.686,83.668,83.668,110590000,1
1528421280000,1528421339000,83.667,83.687,83.667,83.685,100170000,1
1528421340000,1528421399000,83.685,83.704,83.685,83.692,66530000,1
1528421400000,1528421459000,83.692,83.703,83.688,83.69,82710000,1
1528421460000,1528421519000,83.691,83.708,83.688,83.7,60910000,1
1528421520000,1528421579000,83.699,83.708,83.688,83.689,72710000,1
1528421580000,1528421639000,83.691,83.692,83.669,83.67,82180000,1
1528421640000,1528421699000,83.668,83.67,83.647,83.652,93140000,1
1528421700000,1528421759000,83.653,83.673,83.648,83.666,78000000,1
1528421760000,1528421819000,83.667,83.677,83.663,83.665,74920000,1
1528421820000,1528421879000,83.666,83.674,83.652,83.652,95510000,1
1528421880000,1528421939000,83.652,83.666,83.646,83.656,71880000,1
1528421940000,1528421999000,83.655,83.664,83.64,83.664,94090000,1
1528422000000,1528422059000,83.664,83.665,83.657,83.664,78960000,1
1528422060000,1528422119000,83.665,83.676,83.665,83.676,49990000,1
1528422120000,1528422179000,83.675,83.687,83.67,83.681,82010000,1
1528422180000,1528422239000,83.682,83.697,83.679,83.695,52810000,1
1528422240000,1528422299000,83.694,83.713,83.694,83.713,42500000,1
1528422300000,1528422359000,83.713,83.713,83.69,83.691,50600000,1
1528422360000,1528422419000,83.691,83.692,83.679,83.687,93440000,1
1528422420000,1528422479000,83.687,83.687,83.664,83.666,54720000,1
1528422480000,1528422539000,83.665,83.671,83.66,83.671,65410000,1
1528422540000,1528422599000,83.671,83.69,83.669,83.675,84540000,1
1528422600000,1528422659000,83.674,83.681,83.669,83.672,83120000,1
1528422660000,1528422719000,83.671,83.671,83.659,83.66,92180000,1
1528422720000,1528422779000,83.661,83.676,83.661,83.663,80310000,1
1528422780000,1528422839000,83.662,83.663,83.621,83.626,140810000,1
1528422840000,1528422899000,83.624,83.628,83.609,83.616,171260000,1
1528422900000,1528422959000,83.614,83.644,83.613,83.64,75680000,1
1528422960000,1528423019000,83.64,83.642,83.624,83.634,103340000,1
1528423020000,1528423079000,83.633,83.633,83.585,83.59,149280000,1
1528423080000,1528423139000,83.591,83.592,83.582,83.584,110410000,1
1528423140000,1528423199000,83.584,83.594,83.584,83.586,132640000,1
1528423200000,1528423259000,83.59,83.605,83.582,83.604,103470000,1
1528423260000,1528423319000,83.605,83.615,83.601,83.608,90930000,1
1528423320000,1528423379000,83.608,83.608,83.605,83.605,40430000,1
1528423380000,1528423439000,83.605,83.605,83.591,83.592,41000000,1
1528423440000,1528423499000,83.592,83.617,83.592,83.615,70020000,1
1528423500000,1528423559000,83.616,83.629,83.615,83.619,51310000,1
1528423560000,1528423619000,83.62,83.63,83.619,83.624,49350000,1
1528423620000,1528423679000,83.625,83.625,83.607,83.614,85780000,1
1528423680000,1528423739000,83.617,83.622,83.613,83.622,78000000,1
1528423740000,1528423799000,83.621,83.622,83.598,83.601,67880000,1
1528423800000,1528423859000,83.6,83.605,83.589,83.592,91190000,1
1528423860000,1528423919000,83.594,83.599,83.59,83.598,55070000,1
1528423920000,1528423979000,83.597,83.597,83.582,83.593,60640000,1
1528423980000,1528424039000,83.594,83.598,83.583,83.587,69800000,1
1528424040000,1528424099000,83.585,83.588,83.585,83.587,18060000,1
1528424100000,1528424159000,83.587,83.594,83.587,83.588,45960000,1
1528424160000,1528424219000,83.588,83.595,83.588,83.59,56580000,1
1528424220000,1528424279000,83.589,83.598,83.589,83.595,49200000,1
1528424280000,1528424339000,83.595,83.616,83.595,83.598,84210000,1
1528424340000,1528424399000,83.596,83.599,83.569,83.569,114620000,1
1528424400000,1528424459000,83.57,83.581,83.564,83.564,110520000,1
1528424460000,1528424519000,83.563,83.566,83.56,83.566,46200000,1
1528424520000,1528424579000,83.568,83.584,83.568,83.581,68140000,1
1528424580000,1528424639000,83.58,83.582,83.578,83.578,49300000,1
1528424640000,1528424699000,83.578,83.578,83.564,83.566,46570000,1
1528424700000,1528424759000,83.565,83.579,83.564,83.579,53240000,1
1528424760000,1528424819000,83.58,83.585,83.573,83.573,68240000,1
1528424820000,1528424879000,83.573,83.58,83.571,83.58,61140000,1
1528424880000,1528424939000,83.581,83.589,83.579,83.579,38570000,1
1528424940000,1528424999000,83.578,83.607,83.571,83.605,99530000,1
1528425000000,1528425059000,83.605,83.605,83.586,83.586,87230000,1
1528425060000,1528425119000,83.586,83.599,83.582,83.599,45790000,1
1528425120000,1528425179000,83.599,83.615,83.597,83.612,42000000,1
1528425180000,1528425239000,83.612,83.612,83.598,83.601,34150000,1
1528425240000,1528425299000,83.601,83.605,83.599,83.602,36780000,1
1528425300000,1528425359000,83.602,83.613,83.602,83.613,80590000,1
1528425360000,1528425419000,83.611,83.611,83.602,83.602,59750000,1
1528425420000,1528425479000,83.602,83.611,83.599,83.609,46070000,1
1528425480000,1528425539000,83.608,83.608,83.592,83.601,55020000,1
1528425540000,1528425599000,83.6,83.6,83.589,83.59,30560000,1
1528425600000,1528425659000,83.59,83.593,83.58,83.586,42570000,1
1528425660000,1528425719000,83.585,83.594,83.578,83.582,58170000,1
1528425720000,1528425779000,83.582,83.588,83.58,83.581,45370000,1
1528425780000,1528425839000,83.583,83.586,83.583,83.586,40780000,1
1528425840000,1528425899000,83.586,83.6,83.586,83.6,66590000,1
1528425900000,1528425959000,83.599,83.6,83.589,83.59,71790000,1
1528425960000,1528426019000,83.589,83.606,83.589,83.606,35810000,1
1528426020000,1528426079000,83.604,83.617,83.601,83.615,47490000,1
1528426080000,1528426139000,83.614,83.618,83.611,83.617,33480000,1
1528426140000,1528426199000,83.617,83.636,83.617,83.627,50250000,1
1528426200000,1528426259000,83.628,83.645,83.621,83.635,86350000,1
1528426260000,1528426319000,83.635,83.636,83.627,83.629,41980000,1
1528426320000,1528426379000,83.63,83.633,83.625,83.627,39430000,1
1528426380000,1528426439000,83.628,83.628,83.626,83.628,9440000,1
1528426440000,1528426499000,83.628,83.629,83.627,83.627,8310000,1
1528426500000,1528426559000,83.626,83.627,83.617,83.617,25800000,1
1528426560000,1528426619000,83.618,83.639,83.617,83.635,60800000,1
1528426620000,1528426679000,83.636,83.637,83.621,83.621,76690000,1
1528426680000,1528426739000,83.621,83.621,83.609,83.612,63120000,1
1528426740000,1528426799000,83.614,83.614,83.605,83.613,39910000,1
1528426800000,1528426859000,83.613,83.613,83.602,83.608,63070000,1
1528426860000,1528426919000,83.609,83.609,83.594,83.6,44330000,1
1528426920000,1528426979000,83.601,83.601,83.586,83.592,51250000,1
1528426980000,1528427039000,83.591,83.604,83.585,83.604,49950000,1
1528427040000,1528427099000,83.603,83.603,83.594,83.596,34360000,1
1528427100000,1528427159000,83.596,83.596,83.583,83.584,47530000,1
1528427160000,1528427219000,83.585,83.593,83.584,83.585,38860000,1
1528427220000,1528427279000,83.586,83.586,83.569,83.586,52840000,1
1528427280000,1528427339000,83.586,83.588,83.582,83.588,26610000,1
1528427340000,1528427399000,83.587,83.589,83.581,83.586,41000000,1
1528427400000,1528427459000,83.585,83.586,83.576,83.577,49840000,1
1528427460000,1528427519000,83.577,83.577,83.568,83.569,56820000,1
1528427520000,1528427579000,83.569,83.575,83.561,83.563,56910000,1
1528427580000,1528427639000,83.561,83.561,83.509,83.517,123000000,1
1528427640000,1528427699000,83.515,83.515,83.503,83.504,80350000,1
1528427700000,1528427759000,83.504,83.506,83.474,83.477,182300000,1
1528427760000,1528427819000,83.477,83.498,83.466,83.468,131800000,1
1528427820000,1528427879000,83.469,83.483,83.469,83.474,70210000,1
1528427880000,1528427939000,83.474,83.516,83.473,83.515,90000000,1
1528427940000,1528427999000,83.516,83.516,83.503,83.507,79230000,1
1528428000000,1528428059000,83.506,83.515,83.506,83.513,48130000,1
1528428060000,1528428119000,83.511,83.511,83.489,83.492,49820000,1
1528428120000,1528428179000,83.492,83.503,83.492,83.501,72610000,1
1528428180000,1528428239000,83.501,83.509,83.501,83.504,34720000,1
1528428240000,1528428299000,83.506,83.513,83.501,83.504,75250000,1
1528428300000,1528428359000,83.504,83.508,83.495,83.495,43980000,1
1528428360000,1528428419000,83.494,83.5,83.494,83.494,31110000,1
1528428420000,1528428479000,83.494,83.497,83.465,83.465,81140000,1
1528428480000,1528428539000,83.465,83.477,83.465,83.472,86050000,1
1528428540000,1528428599000,83.472,83.486,83.472,83.48,47280000,1
1528428600000,1528428659000,83.481,83.481,83.44,83.441,116170000,1
1528428660000,1528428719000,83.442,83.443,83.412,83.423,125500000,1
1528428720000,1528428779000,83.423,83.455,83.423,83.443,73670000,1
1528428780000,1528428839000,83.445,83.453,83.445,83.452,42440000,1
1528428840000,1528428899000,83.454,83.457,83.445,83.451,61940000,1
1528428900000,1528428959000,83.451,83.463,83.446,83.456,80650000,1
1528428960000,1528429019000,83.455,83.461,83.451,83.458,104500000,1
1528429020000,1528429079000,83.456,83.465,83.449,83.461,94440000,1
1528429080000,1528429139000,83.462,83.476,83.461,83.475,79610000,1
1528429140000,1528429199000,83.474,83.476,83.456,83.456,98140000,1
1528429200000,1528429259000,83.455,83.46,83.446,83.446,66920000,1
1528429260000,1528429319000,83.446,83.461,83.446,83.453,84730000,1
1528429320000,1528429379000,83.453,83.46,83.453,83.458,58030000,1
1528429380000,1528429439000,83.458,83.459,83.453,83.459,27620000,1
1528429440000,1528429499000,83.461,83.461,83.453,83.459,48210000,1
1528429500000,1528429559000,83.46,83.462,83.447,83.448,51530000,1
1528429560000,1528429619000,83.448,83.453,83.443,83.449,44990000,1
1528429620000,1528429679000,83.45,83.465,83.446,83.464,45120000,1
1528429680000,1528429739000,83.463,83.47,83.46,83.469,92280000,1
1528429740000,1528429799000,83.47,83.479,83.47,83.474,54690000,1
1528429800000,1528429859000,83.474,83.484,83.471,83.48,60180000,1
1528429860000,1528429919000,83.479,83.486,83.477,83.478,40710000,1
1528429920000,1528429979000,83.479,83.49,83.479,83.487,23200000,1
1528429980000,1528430039000,83.486,83.489,83.472,83.475,44760000,1
1528430040000,1528430099000,83.476,83.479,83.472,83.475,57330000,1
1528430100000,1528430159000,83.475,83.475,83.466,83.471,25120000,1
1528430160000,1528430219000,83.472,83.478,83.47,83.474,27180000,1
1528430220000,1528430279000,83.473,83.477,83.473,83.473,14930000,1
1528430280000,1528430339000,83.474,83.479,83.474,83.476,33080000,1
1528430340000,1528430399000,83.476,83.477,83.469,83.473,56960000,1
1528430400000,1528430459000,83.473,83.476,83.452,83.456,60060000,1
1528430460000,1528430519000,83.456,83.463,83.455,83.456,33260000,1
1528430520000,1528430579000,83.455,83.468,83.445,83.454,71190000,1
1528430580000,1528430639000,83.453,83.466,83.452,83.466,43270000,1
1528430640000,1528430699000,83.465,83.479,83.464,83.478,41950000,1
1528430700000,1528430759000,83.477,83.477,83.464,83.472,29250000,1
1528430760000,1528430819000,83.472,83.475,83.463,83.463,51500000,1
1528430820000,1528430879000,83.464,83.466,83.453,83.456,38940000,1
1528430880000,1528430939000,83.457,83.46,83.45,83.456,44690000,1
1528430940000,1528430999000,83.457,83.458,83.44,83.442,89060000,1
1528431000000,1528431059000,83.441,83.443,83.425,83.436,66420000,1
1528431060000,1528431119000,83.437,83.448,83.437,83.443,69370000,1
1528431120000,1528431179000,83.442,83.456,83.439,83.451,34870000,1
1528431180000,1528431239000,83.45,83.453,83.447,83.448,27000000,1
1528431240000,1528431299000,83.449,83.449,83.443,83.443,31000000,1
1528431300000,1528431359000,83.441,83.441,83.416,83.416,79930000,1
1528431360000,1528431419000,83.416,83.429,83.413,83.421,114700000,1
1528431420000,1528431479000,83.422,83.434,83.422,83.433,43810000,1
1528431480000,1528431539000,83.433,83.433,83.385,83.392,80630000,1
1528431540000,1528431599000,83.39,83.409,83.388,83.403,61480000,1
1528431600000,1528431659000,83.404,83.409,83.391,83.408,59380000,1
1528431660000,1528431719000,83.407,83.414,83.405,83.406,51330000,1
1528431720000,1528431779000,83.406,83.425,83.406,83.424,53940000,1
1528431780000,1528431839000,83.424,83.431,83.424,83.431,27310000,1
1528431840000,1528431899000,83.43,83.451,83.429,83.449,53910000,1
1528431900000,1528431959000,83.45,83.45,83.441,83.449,52600000,1
1528431960000,1528432019000,83.448,83.456,83.448,83.456,13000000,1
1528432020000,1528432079000,83.454,83.458,83.449,83.458,22240000,1
1528432080000,1528432139000,83.458,83.487,83.458,83.484,65090000,1
1528432140000,1528432199000,83.485,83.488,83.476,83.479,73750000,1
1528432200000,1528432259000,83.481,83.483,83.455,83.455,35000000,1
1528432260000,1528432319000,83.453,83.454,83.418,83.426,106870000,1
1528432320000,1528432379000,83.426,83.465,83.418,83.453,78030000,1
1528432380000,1528432439000,83.453,83.459,83.442,83.453,56510000,1
1528432440000,1528432499000,83.453,83.459,83.446,83.449,68420000,1
1528432500000,1528432559000,83.451,83.462,83.435,83.46,96700000,1
1528432560000,1528432619000,83.462,83.468,83.456,83.456,50900000,1
1528432620000,1528432679000,83.455,83.464,83.453,83.462,48830000,1
1528432680000,1528432739000,83.461,83.47,83.439,83.47,72030000,1
1528432740000,1528432799000,83.469,83.486,83.469,83.48,62460000,1
1528432800000,1528432859000,83.479,83.483,83.479,83.482,14450000,1
1528432860000,1528432919000,83.481,83.481,83.458,83.459,43420000,1
1528432920000,1528432979000,83.459,83.459,83.449,83.45,96070000,1
1528432980000,1528433039000,83.45,83.45,83.429,83.438,81340000,1
1528433040000,1528433099000,83.437,83.44,83.427,83.427,37280000,1
1528433100000,1528433159000,83.428,83.438,83.418,83.434,81250000,1
1528433160000,1528433219000,83.435,83.441,83.421,83.425,49290000,1
1528433220000,1528433279000,83.424,83.452,83.424,83.452,72360000,1
1528433280000,1528433339000,83.451,83.458,83.446,83.45,55520000,1
1528433340000,1528433399000,83.45,83.46,83.45,83.46,35480000,1
1528433400000,1528433459000,83.459,83.468,83.455,83.463,30280000,1
1528433460000,1528433519000,83.462,83.499,83.462,83.483,88390000,1
1528433520000,1528433579000,83.482,83.492,83.477,83.492,37710000,1
1528433580000,1528433639000,83.492,83.497,83.481,83.483,100530000,1
1528433640000,1528433699000,83.483,83.484,83.462,83.476,97780000,1
1528433700000,1528433759000,83.474,83.5,83.47,83.487,91250000,1
1528433760000,1528433819000,83.486,83.487,83.462,83.472,80190000,1
1528433820000,1528433879000,83.471,83.471,83.459,83.459,65700000,1
1528433880000,1528433939000,83.458,83.46,83.432,83.448,100360000,1
1528433940000,1528433999000,83.447,83.463,83.44,83.452,86370000,1
1528434000000,1528434059000,83.451,83.451,83.425,83.428,81010000,1
1528434060000,1528434119000,83.425,83.444,83.419,83.444,81100000,1
1528434120000,1528434179000,83.444,83.452,83.435,83.443,81500000,1
1528434180000,1528434239000,83.444,83.47,83.444,83.469,54350000,1
1528434240000,1528434299000,83.471,83.476,83.462,83.467,84090000,1
1528434300000,1528434359000,83.467,83.474,83.462,83.47,67030000,1
1528434360000,1528434419000,83.47,83.476,83.46,83.462,55350000,1
1528434420000,1528434479000,83.462,83.468,83.457,83.457,45860000,1
1528434480000,1528434539000,83.457,83.468,83.453,83.467,51570000,1
1528434540000,1528434599000,83.467,83.468,83.461,83.461,37850000,1
1528434600000,1528434659000,83.459,83.462,83.456,83.462,55880000,1
1528434660000,1528434719000,83.463,83.466,83.458,83.459,57450000,1
1528434720000,1528434779000,83.458,83.459,83.43,83.43,91570000,1
1528434780000,1528434839000,83.429,83.443,83.414,83.441,106530000,1
1528434840000,1528434899000,83.442,83.45,83.437,83.445,76700000,1
1528434900000,1528434959000,83.447,83.451,83.443,83.445,92830000,1
1528434960000,1528435019000,83.445,83.462,83.445,83.459,46240000,1
1528435020000,1528435079000,83.462,83.467,83.46,83.466,74740000,1
1528435080000,1528435139000,83.467,83.467,83.462,83.463,35620000,1
1528435140000,1528435199000,83.463,83.471,83.461,83.469,63050000,1
1528435200000,1528435259000,83.469,83.471,83.451,83.451,48640000,1
1528435260000,1528435319000,83.451,83.456,83.445,83.447,51170000,1
1528435320000,1528435379000,83.448,83.45,83.438,83.448,52240000,1
1528435380000,1528435439000,83.449,83.471,83.448,83.465,46240000,1
1528435440000,1528435499000,83.464,83.475,83.464,83.471,34440000,1
1528435500000,1528435559000,83.472,83.497,83.462,83.492,133230000,1
1528435560000,1528435619000,83.493,83.493,83.479,83.49,78120000,1
1528435620000,1528435679000,83.49,83.503,83.49,83.491,88760000,1
1528435680000,1528435739000,83.491,83.499,83.484,83.484,97280000,1
1528435740000,1528435799000,83.484,83.486,83.476,83.479,53390000,1
1528435800000,1528435859000,83.479,83.481,83.459,83.467,71580000,1
1528435860000,1528435919000,83.468,83.492,83.468,83.486,85330000,1
1528435920000,1528435979000,83.487,83.499,83.487,83.494,84270000,1
1528435980000,1528436039000,83.495,83.506,83.484,83.486,109160000,1
1528436040000,1528436099000,83.485,83.492,83.485,83.486,74760000,1
1528436100000,1528436159000,83.484,83.492,83.484,83.49,105630000,1
1528436160000,1528436219000,83.488,83.495,83.479,83.482,106930000,1
1528436220000,1528436279000,83.483,83.496,83.482,83.492,67610000,1
1528436280000,1528436339000,83.495,83.511,83.495,83.506,61550000,1
1528436340000,1528436399000,83.505,83.506,83.503,83.503,50650000,1
1528436400000,1528436459000,83.504,83.504,83.497,83.498,28880000,1
1528436460000,1528436519000,83.496,83.496,83.476,83.478,85010000,1
1528436520000,1528436579000,83.478,83.493,83.477,83.488,75680000,1
1528436580000,1528436639000,83.488,83.498,83.488,83.498,73940000,1
1528436640000,1528436699000,83.499,83.504,83.483,83.494,82010000,1
1528436700000,1528436759000,83.494,83.499,83.491,83.492,56550000,1
1528436760000,1528436819000,83.493,83.495,83.492,83.493,31800000,1
1528436820000,1528436879000,83.493,83.496,83.483,83.494,82510000,1
1528436880000,1528436939000,83.494,83.501,83.451,83.453,123380000,1
1528436940000,1528436999000,83.454,83.461,83.451,83.457,97400000,1
1528437000000,1528437059000,83.457,83.457,83.44,83.44,39240000,1
1528437060000,1528437119000,83.44,83.455,83.437,83.451,121460000,1
1528437120000,1528437179000,83.451,83.462,83.45,83.458,90950000,1
1528437180000,1528437239000,83.459,83.474,83.459,83.468,102230000,1
1528437240000,1528437299000,83.467,83.485,83.464,83.485,93580000,1
1528437300000,1528437359000,83.487,83.491,83.461,83.461,132720000,1
1528437360000,1528437419000,83.461,83.478,83.46,83.471,104530000,1
1528437420000,1528437479000,83.47,83.47,83.451,83.453,92330000,1
1528437480000,1528437539000,83.452,83.461,83.448,83.457,67360000,1
1528437540000,1528437599000,83.457,83.457,83.436,83.436,75030000,1
1528437600000,1528437659000,83.437,83.437,83.411,83.414,100900000,1
1528437660000,1528437719000,83.412,83.436,83.407,83.431,130240000,1
1528437720000,1528437779000,83.429,83.429,83.384,83.384,183460000,1
1528437780000,1528437839000,83.38,83.391,83.36,83.391,144650000,1
1528437840000,1528437899000,83.391,83.405,83.386,83.404,172040000,1
1528437900000,1528437959000,83.404,83.413,83.396,83.399,100900000,1
1528437960000,1528438019000,83.402,83.406,83.38,83.397,98960000,1
1528438020000,1528438079000,83.397,83.398,83.357,83.359,131940000,1
1528438080000,1528438139000,83.36,83.367,83.34,83.35,121920000,1
1528438140000,1528438199000,83.35,83.362,83.344,83.353,196120000,1
1528438200000,1528438259000,83.352,83.352,83.301,83.306,141850000,1
1528438260000,1528438319000,83.306,83.323,83.285,83.285,132440000,1
1528438320000,1528438379000,83.285,83.287,83.259,83.261,179600000,1
1528438380000,1528438439000,83.259,83.269,83.211,83.269,209100000,1
1528438440000,1528438499000,83.27,83.304,83.264,83.277,157990000,1
1528438500000,1528438559000,83.276,83.292,83.264,83.28,113090000,1
1528438560000,1528438619000,83.281,83.281,83.241,83.249,153450000,1
1528438620000,1528438679000,83.249,83.295,83.249,83.295,131090000,1
1528438680000,1528438739000,83.295,83.301,83.268,83.272,134460000,1
1528438740000,1528438799000,83.273,83.273,83.2,83.206,123480000,1
1528438800000,1528438859000,83.206,83.23,83.193,83.212,113910000,1
1528438860000,1528438919000,83.215,83.223,83.21,83.216,152290000,1
1528438920000,1528438979000,83.216,83.218,83.148,83.156,166620000,1
1528438980000,1528439039000,83.156,83.167,83.107,83.115,165440000,1
1528439040000,1528439099000,83.115,83.156,83.113,83.147,194610000,1
1528439100000,1528439159000,83.146,83.167,83.145,83.161,142280000,1
1528439160000,1528439219000,83.159,83.16,83.072,83.081,234190000,1
1528439220000,1528439279000,83.083,83.145,83.081,83.145,211120000,1
1528439280000,1528439339000,83.145,83.241,83.145,83.241,175500000,1
1528439340000,1528439399000,83.24,83.24,83.198,83.221,194190000,1
1528439400000,1528439459000,83.221,83.231,83.156,83.161,187990000,1
1528439460000,1528439519000,83.161,83.189,83.145,83.185,209770000,1
1528439520000,1528439579000,83.186,83.222,83.176,83.219,221960000,1
1528439580000,1528439639000,83.219,83.22,83.199,83.214,165960000,1
1528439640000,1528439699000,83.216,83.22,83.204,83.215,164720000,1
1528439700000,1528439759000,83.215,83.217,83.185,83.187,168890000,1
1528439760000,1528439819000,83.187,83.203,83.181,83.201,180130000,1
1528439820000,1528439879000,83.201,83.219,83.196,83.203,154740000,1
1528439880000,1528439939000,83.203,83.205,83.184,83.191,132640000,1
1528439940000,1528439999000,83.19,83.196,83.167,83.169,112320000,1
1528440000000,1528440059000,83.169,83.173,83.154,83.161,168100000,1
1528440060000,1528440119000,83.161,83.161,83.134,83.137,179480000,1
1528440120000,1528440179000,83.137,83.138,83.087,83.097,203510000,1
1528440180000,1528440239000,83.098,83.116,83.087,83.106,200100000,1
1528440240000,1528440299000,83.105,83.117,83.088,83.1,168910000,1
1528440300000,1528440359000,83.1,83.101,83.067,83.091,170110000,1
1528440360000,1528440419000,83.091,83.111,83.07,83.07,206220000,1
1528440420000,1528440479000,83.069,83.09,83.069,83.073,192190000,1
1528440480000,1528440539000,83.073,83.088,83.067,83.068,149690000,1
1528440540000,1528440599000,83.067,83.069,83.02,83.047,252120000,1
1528440600000,1528440659000,83.05,83.084,83.05,83.065,225610000,1
1528440660000,1528440719000,83.066,83.075,83.054,83.056,138460000,1
1528440720000,1528440779000,83.055,83.066,83.052,83.061,114950000,1
1528440780000,1528440839000,83.058,83.068,83.046,83.046,103280000,1
1528440840000,1528440899000,83.047,83.064,83.047,83.064,102550000,1
1528440900000,1528440959000,83.065,83.075,83.021,83.022,149840000,1
1528440960000,1528441019000,83.022,83.061,83.022,83.057,149160000,1
1528441020000,1528441079000,83.057,83.067,83.036,83.057,139200000,1
1528441080000,1528441139000,83.058,83.074,83.056,83.061,143570000,1
1528441140000,1528441199000,83.065,83.07,83.034,83.05,180790000,1
1528441200000,1528441259000,83.05,83.054,82.915,82.952,324550000,1
1528441260000,1528441319000,82.954,82.987,82.938,82.977,231890000,1
1528441320000,1528441379000,82.978,82.997,82.958,82.962,210290000,1
1528441380000,1528441439000,82.961,82.982,82.947,82.979,215430000,1
1528441440000,1528441499000,82.98,82.993,82.958,82.961,235460000,1
1528441500000,1528441559000,82.962,82.976,82.941,82.955,221370000,1
1528441560000,1528441619000,82.957,82.968,82.955,82.958,178950000,1
1528441620000,1528441679000,82.959,82.959,82.92,82.932,219400000,1
1528441680000,1528441739000,82.931,82.947,82.913,82.938,196360000,1
1528441740000,1528441799000,82.937,82.954,82.917,82.951,170360000,1
1528441800000,1528441859000,82.95,82.954,82.928,82.937,156860000,1
1528441860000,1528441919000,82.937,82.948,82.925,82.948,168690000,1
1528441920000,1528441979000,82.947,82.951,82.933,82.942,163380000,1
1528441980000,1528442039000,82.941,82.946,82.919,82.931,124520000,1
1528442040000,1528442099000,82.931,82.952,82.924,82.948,156500000,1
1528442100000,1528442159000,82.947,82.956,82.938,82.956,155460000,1
1528442160000,1528442219000,82.957,83.038,82.956,83.019,233540000,1
1528442220000,1528442279000,83.019,83.03,82.999,83.021,203470000,1
1528442280000,1528442339000,83.02,83.024,82.997,82.998,173850000,1
1528442340000,1528442399000,82.998,83.03,82.998,83.03,202050000,1
1528442400000,1528442459000,83.029,83.032,83.01,83.022,124960000,1
1528442460000,1528442519000,83.022,83.028,83.0,83.002,127610000,1
1528442520000,1528442579000,83.002,83.027,83.002,83.015,104050000,1
1528442580000,1528442639000,83.015,83.036,83.014,83.032,142460000,1
1528442640000,1528442699000,83.03,83.036,83.022,83.029,110460000,1
1528442700000,1528442759000,83.029,83.03,82.979,82.983,192840000,1
1528442760000,1528442819000,82.983,82.983,82.963,82.974,207790000,1
1528442820000,1528442879000,82.974,82.975,82.921,82.927,208250000,1
1528442880000,1528442939000,82.927,82.951,82.92,82.947,183950000,1
1528442940000,1528442999000,82.947,82.958,82.94,82.952,178520000,1
1528443000000,1528443059000,82.949,82.975,82.948,82.959,196950000,1
1528443060000,1528443119000,82.96,82.989,82.96,82.979,147630000,1
1528443120000,1528443179000,82.981,82.988,82.966,82.986,142330000,1
1528443180000,1528443239000,82.986,82.988,82.944,82.944,188200000,1
1528443240000,1528443299000,82.944,82.957,82.932,82.951,199570000,1
1528443300000,1528443359000,82.951,82.959,82.935,82.935,171670000,1
1528443360000,1528443419000,82.936,82.936,82.878,82.88,224200000,1
1528443420000,1528443479000,82.879,82.889,82.871,82.886,110040000,1
1528443480000,1528443539000,82.886,82.94,82.885,82.938,120210000,1
1528443540000,1528443599000,82.937,82.948,82.933,82.946,103780000,1
1528443600000,1528443659000,82.947,82.996,82.947,82.995,114290000,1
1528443660000,1528443719000,82.994,83.008,82.973,83.008,186000000,1
1528443720000,1528443779000,83.008,83.009,82.996,83.003,182320000,1
1528443780000,1528443839000,83.004,83.064,83.0,83.064,146490000,1
1528443840000,1528443899000,83.065,83.082,83.047,83.08,187400000,1
1528443900000,1528443959000,83.075,83.093,83.061,83.078,137130000,1
1528443960000,1528444019000,83.077,83.116,83.077,83.108,182560000,1
1528444020000,1528444079000,83.107,83.125,83.099,83.122,172630000,1
1528444080000,1528444139000,83.122,83.123,83.094,83.094,150810000,1
1528444140000,1528444199000,83.095,83.107,83.094,83.104,114990000,1
1528444200000,1528444259000,83.103,83.12,83.093,83.096,158210000,1
1528444260000,1528444319000,83.097,83.121,83.073,83.104,134140000,1
1528444320000,1528444379000,83.105,83.117,83.096,83.115,125950000,1
1528444380000,1528444439000,83.114,83.12,83.096,83.102,110760000,1
1528444440000,1528444499000,83.103,83.118,83.093,83.11,200460000,1
1528444500000,1528444559000,83.11,83.11,83.04,83.054,193050000,1
1528444560000,1528444619000,83.055,83.11,83.053,83.109,134730000,1
1528444620000,1528444679000,83.108,83.109,83.072,83.09,152920000,1
1528444680000,1528444739000,83.089,83.102,83.087,83.093,94150000,1
1528444740000,1528444799000,83.094,83.108,83.077,83.086,143700000,1
1528444800000,1528444859000,83.086,83.086,83.028,83.067,173530000,1
1528444860000,1528444919000,83.069,83.086,83.03,83.03,150400000,1
1528444920000,1528444979000,83.031,83.07,83.009,83.063,165080000,1
1528444980000,1528445039000,83.06,83.06,83.041,83.048,135870000,1
1528445040000,1528445099000,83.05,83.056,83.017,83.018,145630000,1
1528445100000,1528445159000,83.017,83.038,83.01,83.036,168130000,1
1528445160000,1528445219000,83.034,83.039,83.009,83.021,139840000,1
1528445220000,1528445279000,83.02,83.021,82.991,83.001,164000000,1
1528445280000,1528445339000,83.0,83.023,82.986,82.991,191560000,1
1528445340000,1528445399000,82.99,83.033,82.986,83.009,192040000,1
1528445400000,1528445459000,83.009,83.01,82.97,82.985,184430000,1
1528445460000,1528445519000,82.985,83.002,82.984,82.995,150700000,1
1528445520000,1528445579000,82.999,83.017,82.99,83.012,144520000,1
1528445580000,1528445639000,83.011,83.015,82.984,83.01,94990000,1
1528445640000,1528445699000,83.01,83.01,82.98,82.985,145260000,1
1528445700000,1528445759000,82.987,82.99,82.958,82.968,163410000,1
1528445760000,1528445819000,82.966,82.981,82.958,82.958,166040000,1
1528445820000,1528445879000,82.959,82.969,82.943,82.969,184760000,1
1528445880000,1528445939000,82.97,82.97,82.918,82.918,231990000,1
1528445940000,1528445999000,82.92,82.942,82.891,82.901,245780000,1
1528446000000,1528446059000,82.902,82.903,82.816,82.816,264930000,1
1528446060000,1528446119000,82.816,82.835,82.757,82.801,242570000,1
1528446120000,1528446179000,82.798,82.831,82.788,82.822,224800000,1
1528446180000,1528446239000,82.82,82.836,82.81,82.827,149330000,1
1528446240000,1528446299000,82.828,82.852,82.824,82.848,143040000,1
1528446300000,1528446359000,82.851,82.851,82.822,82.824,175470000,1
1528446360000,1528446419000,82.824,82.833,82.823,82.827,109750000,1
1528446420000,1528446479000,82.828,82.84,82.816,82.819,126070000,1
1528446480000,1528446539000,82.821,82.862,82.814,82.861,154280000,1
1528446540000,1528446599000,82.861,82.869,82.856,82.868,118970000,1
1528446600000,1528446659000,82.868,82.868,82.82,82.821,125800000,1
1528446660000,1528446719000,82.821,82.85,82.815,82.844,169980000,1
1528446720000,1528446779000,82.843,82.843,82.806,82.829,165130000,1
1528446780000,1528446839000,82.831,82.841,82.792,82.794,186260000,1
1528446840000,1528446899000,82.795,82.8,82.777,82.791,127070000,1
1528446900000,1528446959000,82.788,82.803,82.787,82.793,79810000,1
1528446960000,1528447019000,82.793,82.794,82.781,82.789,135950000,1
1528447020000,1528447079000,82.791,82.817,82.786,82.811,104740000,1
1528447080000,1528447139000,82.81,82.827,82.805,82.827,145470000,1
1528447140000,1528447199000,82.827,82.843,82.826,82.83,107480000,1
1528447200000,1528447259000,82.83,82.843,82.827,82.838,101240000,1
1528447260000,1528447319000,82.838,82.851,82.831,82.841,130340000,1
1528447320000,1528447379000,82.839,82.849,82.835,82.848,126310000,1
1528447380000,1528447439000,82.849,82.857,82.842,82.849,137450000,1
1528447440000,1528447499000,82.849,82.85,82.815,82.82,1814430000,1
1528447500000,1528447559000,82.819,82.819,82.8,82.804,110920000,1
1528447560000,1528447619000,82.804,82.844,82.802,82.816,154950000,1
1528447620000,1528447679000,82.816,82.816,82.795,82.795,98180000,1
1528447680000,1528447739000,82.794,82.798,82.79,82.797,120700000,1
1528447740000,1528447799000,82.797,82.834,82.797,82.829,135380000,1
1528447800000,1528447859000,82.827,82.828,82.815,82.827,91300000,1
1528447860000,1528447919000,82.825,82.829,82.813,82.817,102900000,1
1528447920000,1528447979000,82.818,82.818,82.793,82.795,136420000,1
1528447980000,1528448039000,82.797,82.8,82.782,82.787,123480000,1
1528448040000,1528448099000,82.785,82.789,82.761,82.789,177940000,1
1528448100000,1528448159000,82.789,82.798,82.782,82.784,123350000,1
1528448160000,1528448219000,82.786,82.788,82.772,82.772,115320000,1
1528448220000,1528448279000,82.772,82.776,82.743,82.746,140820000,1
1528448280000,1528448339000,82.746,82.777,82.746,82.767,101110000,1
1528448340000,1528448399000,82.768,82.777,82.751,82.752,103770000,1
1528448400000,1528448459000,82.751,82.754,82.726,82.726,157490000,1
1528448460000,1528448519000,82.726,82.726,82.704,82.706,166470000,1
1528448520000,1528448579000,82.706,82.714,82.691,82.697,78700000,1
1528448580000,1528448639000,82.696,82.699,82.67,82.683,124810000,1
1528448640000,1528448699000,82.683,82.716,82.683,82.712,125940000,1
1528448700000,1528448759000,82.712,82.719,82.697,82.697,142140000,1
1528448760000,1528448819000,82.699,82.708,82.685,82.696,133220000,1
1528448820000,1528448879000,82.695,82.704,82.69,82.69,146910000,1
1528448880000,1528448939000,82.691,82.715,82.69,82.706,134180000,1
1528448940000,1528448999000,82.706,82.721,82.701,82.71,153510000,1
1528449000000,1528449059000,82.709,82.734,82.709,82.734,153290000,1
1528449060000,1528449119000,82.735,82.76,82.735,82.758,117500000,1
1528449120000,1528449179000,82.759,82.759,82.696,82.696,115170000,1
1528449180000,1528449239000,82.697,82.738,82.678,82.737,169420000,1
1528449240000,1528449299000,82.736,82.74,82.71,82.71,134700000,1
1528449300000,1528449359000,82.713,82.723,82.701,82.706,155480000,1
1528449360000,1528449419000,82.707,82.735,82.707,82.731,130570000,1
1528449420000,1528449479000,82.731,82.753,82.731,82.74,126700000,1
1528449480000,1528449539000,82.74,82.754,82.74,82.753,65220000,1
1528449540000,1528449599000,82.752,82.784,82.746,82.782,95580000,1
1528449600000,1528449659000,82.782,82.782,82.747,82.748,104540000,1
1528449660000,1528449719000,82.747,82.76,82.741,82.751,111160000,1
1528449720000,1528449779000,82.752,82.754,82.742,82.752,91440000,1
1528449780000,1528449839000,82.753,82.766,82.745,82.758,105290000,1
1528449840000,1528449899000,82.757,82.758,82.749,82.755,48340000,1
1528449900000,1528449959000,82.755,82.756,82.746,82.748,89830000,1
1528449960000,1528450019000,82.748,82.767,82.747,82.762,93400000,1
1528450020000,1528450079000,82.764,82.769,82.746,82.753,65720000,1
1528450080000,1528450139000,82.752,82.754,82.735,82.736,99620000,1
1528450140000,1528450199000,82.738,82.738,82.72,82.722,97020000,1
1528450200000,1528450259000,82.722,82.743,82.695,82.73,146700000,1
1528450260000,1528450319000,82.729,82.785,82.721,82.775,126820000,1
1528450320000,1528450379000,82.775,82.782,82.76,82.761,94870000,1
1528450380000,1528450439000,82.762,82.784,82.762,82.784,94790000,1
1528450440000,1528450499000,82.784,82.805,82.782,82.798,136980000,1
1528450500000,1528450559000,82.798,82.826,82.783,82.823,163850000,1
1528450560000,1528450619000,82.823,82.823,82.793,82.797,138670000,1
1528450620000,1528450679000,82.797,82.813,82.796,82.809,136780000,1
1528450680000,1528450739000,82.809,82.809,82.794,82.802,151720000,1
1528450740000,1528450799000,82.803,82.816,82.802,82.813,126750000,1
1528450800000,1528450859000,82.812,82.818,82.792,82.794,97240000,1
1528450860000,1528450919000,82.795,82.8,82.788,82.794,81330000,1
1528450920000,1528450979000,82.794,82.801,82.792,82.8,84020000,1
1528450980000,1528451039000,82.801,82.836,82.801,82.812,103200000,1
1528451040000,1528451099000,82.812,82.819,82.812,82.814,57870000,1
1528451100000,1528451159000,82.815,82.817,82.794,82.799,122170000,1
1528451160000,1528451219000,82.8,82.804,82.788,82.79,120460000,1
1528451220000,1528451279000,82.791,82.795,82.776,82.777,139040000,1
1528451280000,1528451339000,82.777,82.777,82.74,82.758,123790000,1
1528451340000,1528451399000,82.758,82.763,82.739,82.739,129520000,1
1528451400000,1528451459000,82.744,82.755,82.743,82.755,129380000,1
1528451460000,1528451519000,82.755,82.763,82.75,82.76,128540000,1
1528451520000,1528451579000,82.761,82.761,82.73,82.732,103270000,1
1528451580000,1528451639000,82.733,82.742,82.718,82.731,157720000,1
1528451640000,1528451699000,82.732,82.765,82.731,82.765,115480000,1
1528451700000,1528451759000,82.766,82.783,82.758,82.774,138270000,1
1528451760000,1528451819000,82.774,82.779,82.759,82.76,128380000,1
1528451820000,1528451879000,82.759,82.762,82.75,82.761,101470000,1
1528451880000,1528451939000,82.761,82.77,82.76,82.766,55620000,1
1528451940000,1528451999000,82.766,82.767,82.754,82.756,59090000,1
1528452000000,1528452059000,82.758,82.76,82.733,82.738,139950000,1
1528452060000,1528452119000,82.74,82.74,82.718,82.723,135170000,1
1528452120000,1528452179000,82.724,82.739,82.707,82.713,148960000,1
1528452180000,1528452239000,82.713,82.713,82.67,82.678,167770000,1
1528452240000,1528452299000,82.678,82.678,82.627,82.652,211000000,1
1528452300000,1528452359000,82.65,82.714,82.644,82.704,187520000,1
1528452360000,1528452419000,82.703,82.708,82.684,82.688,141540000,1
1528452420000,1528452479000,82.688,82.7,82.68,82.684,149410000,1
1528452480000,1528452539000,82.685,82.69,82.677,82.688,169140000,1
1528452540000,1528452599000,82.689,82.704,82.689,82.693,126070000,1
1528452600000,1528452659000,82.691,82.691,82.678,82.68,112810000,1
1528452660000,1528452719000,82.68,82.695,82.68,82.685,146520000,1
1528452720000,1528452779000,82.686,82.707,82.683,82.707,89560000,1
1528452780000,1528452839000,82.708,82.721,82.684,82.684,133580000,1
1528452840000,1528452899000,82.684,82.684,82.665,82.673,119930000,1
1528452900000,1528452959000,82.674,82.682,82.666,82.668,130380000,1
1528452960000,1528453019000,82.67,82.683,82.639,82.64,186730000,1
1528453020000,1528453079000,82.641,82.668,82.636,82.665,188820000,1
1528453080000,1528453139000,82.665,82.706,82.665,82.705,101200000,1
1528453140000,1528453199000,82.704,82.755,82.704,82.746,152730000,1
1528453200000,1528453259000,82.746,82.768,82.744,82.768,171690000,1
1528453260000,1528453319000,82.768,82.775,82.761,82.774,123170000,1
1528453320000,1528453379000,82.775,82.786,82.76,82.768,135140000,1
1528453380000,1528453439000,82.764,82.775,82.756,82.759,178970000,1
1528453440000,1528453499000,82.758,82.765,82.75,82.759,112550000,1
1528453500000,1528453559000,82.759,82.764,82.752,82.759,104170000,1
1528453560000,1528453619000,82.759,82.78,82.759,82.778,72300000,1
1528453620000,1528453679000,82.777,82.778,82.753,82.764,82560000,1
1528453680000,1528453739000,82.766,82.767,82.712,82.715,145160000,1
1528453740000,1528453799000,82.717,82.755,82.717,82.751,133090000,1
1528453800000,1528453859000,82.75,82.75,82.718,82.727,106490000,1
1528453860000,1528453919000,82.727,82.749,82.727,82.747,98050000,1
1528453920000,1528453979000,82.748,82.758,82.739,82.742,72300000,1
1528453980000,1528454039000,82.741,82.76,82.738,82.76,75420000,1
1528454040000,1528454099000,82.761,82.784,82.757,82.782,56970000,1
1528454100000,1528454159000,82.782,82.782,82.757,82.757,89660000,1
1528454160000,1528454219000,82.758,82.765,82.756,82.758,90500000,1
1528454220000,1528454279000,82.757,82.766,82.732,82.737,126180000,1
1528454280000,1528454339000,82.737,82.765,82.737,82.743,149740000,1
1528454340000,1528454399000,82.745,82.785,82.745,82.785,138400000,1
1528454400000,1528454459000,82.784,82.784,82.76,82.762,73560000,1
1528454460000,1528454519000,82.762,82.771,82.751,82.756,109390000,1
1528454520000,1528454579000,82.756,82.76,82.742,82.75,146310000,1
1528454580000,1528454639000,82.75,82.756,82.735,82.735,97940000,1
1528454640000,1528454699000,82.738,82.743,82.734,82.739,98570000,1
1528454700000,1528454759000,82.74,82.749,82.738,82.741,96250000,1
1528454760000,1528454819000,82.741,82.748,82.714,82.716,85270000,1
1528454820000,1528454879000,82.716,82.731,82.714,82.73,87550000,1
1528454880000,1528454939000,82.73,82.737,82.721,82.726,115780000,1
1528454940000,1528454999000,82.725,82.725,82.714,82.72,94890000,1
1528455000000,1528455059000,82.72,82.743,82.72,82.74,107120000,1
1528455060000,1528455119000,82.74,82.745,82.736,82.742,66590000,1
1528455120000,1528455179000,82.742,82.746,82.727,82.727,57900000,1
1528455180000,1528455239000,82.728,82.729,82.724,82.725,75670000,1
1528455240000,1528455299000,82.724,82.725,82.714,82.724,86820000,1
1528455300000,1528455359000,82.724,82.728,82.719,82.725,106220000,1
1528455360000,1528455419000,82.724,82.727,82.72,82.725,68830000,1
1528455420000,1528455479000,82.724,82.724,82.658,82.658,132030000,1
1528455480000,1528455539000,82.661,82.662,82.627,82.627,152200000,1
1528455540000,1528455599000,82.627,82.637,82.622,82.625,134420000,1
1528455600000,1528455659000,82.621,82.621,82.59,82.593,179180000,1
1528455660000,1528455719000,82.593,82.618,82.59,82.594,111730000,1
1528455720000,1528455779000,82.594,82.608,82.586,82.6,163340000,1
1528455780000,1528455839000,82.6,82.609,82.589,82.607,151570000,1
1528455840000,1528455899000,82.609,82.639,82.609,82.626,190320000,1
1528455900000,1528455959000,82.626,82.655,82.626,82.645,137560000,1
1528455960000,1528456019000,82.646,82.662,82.645,82.657,89090000,1
1528456020000,1528456079000,82.657,82.657,82.637,82.641,125420000,1
1528456080000,1528456139000,82.643,82.658,82.643,82.648,125980000,1
1528456140000,1528456199000,82.649,82.652,82.64,82.65,90370000,1
1528456200000,1528456259000,82.65,82.665,82.65,82.662,70970000,1
1528456260000,1528456319000,82.66,82.671,82.642,82.661,122680000,1
1528456320000,1528456379000,82.661,82.663,82.644,82.646,143990000,1
1528456380000,1528456439000,82.645,82.659,82.643,82.644,97130000,1
1528456440000,1528456499000,82.642,82.659,82.635,82.659,85270000,1
1528456500000,1528456559000,82.659,82.664,82.655,82.658,97770000,1
1528456560000,1528456619000,82.658,82.69,82.657,82.688,66890000,1
1528456620000,1528456679000,82.688,82.726,82.687,82.724,91640000,1
1528456680000,1528456739000,82.724,82.761,82.724,82.759,110510000,1
1528456740000,1528456799000,82.758,82.773,82.753,82.769,122860000,1
1528456800000,1528456859000,82.77,82.783,82.769,82.778,99970000,1
1528456860000,1528456919000,82.778,82.779,82.761,82.767,87870000,1
1528456920000,1528456979000,82.769,82.775,82.753,82.767,100200000,1
1528456980000,1528457039000,82.766,82.786,82.764,82.784,61940000,1
1528457040000,1528457099000,82.784,82.784,82.742,82.752,114500000,1
1528457100000,1528457159000,82.753,82.772,82.745,82.771,137640000,1
1528457160000,1528457219000,82.771,82.825,82.771,82.801,142350000,1
1528457220000,1528457279000,82.8,82.812,82.796,82.807,186750000,1
1528457280000,1528457339000,82.805,82.838,82.801,82.837,149570000,1
1528457340000,1528457399000,82.837,82.843,82.82,82.821,116010000,1
1528457400000,1528457459000,82.818,82.826,82.802,82.806,151900000,1
1528457460000,1528457519000,82.806,82.809,82.794,82.804,85190000,1
1528457520000,1528457579000,82.804,82.831,82.804,82.822,123020000,1
1528457580000,1528457639000,82.82,82.838,82.818,82.838,91950000,1
1528457640000,1528457699000,82.837,82.845,82.828,82.828,113880000,1
1528457700000,1528457759000,82.829,82.839,82.82,82.821,95030000,1
1528457760000,1528457819000,82.821,82.821,82.797,82.797,95650000,1
1528457820000,1528457879000,82.8,82.83,82.8,82.827,94780000,1
1528457880000,1528457939000,82.827,82.827,82.812,82.813,107390000,1
1528457940000,1528457999000,82.812,82.835,82.807,82.831,111920000,1
1528458000000,1528458059000,82.831,82.849,82.831,82.84,94000000,1
1528458060000,1528458119000,82.841,82.869,82.841,82.864,134630000,1
1528458120000,1528458179000,82.864,82.905,82.864,82.901,131450000,1
1528458180000,1528458239000,82.9,82.902,82.882,82.887,127150000,1
1528458240000,1528458299000,82.889,82.898,82.865,82.874,155980000,1
1528458300000,1528458359000,82.876,82.89,82.85,82.89,143350000,1
1528458360000,1528458419000,82.888,82.925,82.878,82.911,139110000,1
1528458420000,1528458479000,82.91,82.932,82.906,82.927,158840000,1
1528458480000,1528458539000,82.926,82.932,82.915,82.918,118270000,1
1528458540000,1528458599000,82.918,82.941,82.918,82.937,116450000,1
1528458600000,1528458659000,82.937,82.937,82.926,82.935,107800000,1
1528458660000,1528458719000,82.937,82.938,82.919,82.92,94100000,1
1528458720000,1528458779000,82.921,82.942,82.92,82.923,139240000,1
1528458780000,1528458839000,82.928,82.948,82.922,82.942,140110000,1
1528458840000,1528458899000,82.943,82.951,82.932,82.942,129230000,1
1528458900000,1528458959000,82.943,82.973,82.936,82.969,155230000,1
1528458960000,1528459019000,82.968,82.977,82.965,82.974,109650000,1
1528459020000,1528459079000,82.974,82.974,82.96,82.96,74730000,1
1528459080000,1528459139000,82.961,82.97,82.959,82.97,78270000,1
1528459140000,1528459199000,82.97,83.0,82.968,83.0,119170000,1
1528459200000,1528459259000,82.996,83.014,82.98,82.981,143110000,1
1528459260000,1528459319000,82.98,83.024,82.98,83.022,165520000,1
1528459320000,1528459379000,83.024,83.066,83.002,83.06,231830000,1
1528459380000,1528459439000,83.06,83.071,83.041,83.071,188030000,1
1528459440000,1528459499000,83.072,83.074,83.017,83.02,174920000,1
1528459500000,1528459559000,83.02,83.022,83.005,83.008,179840000,1
1528459560000,1528459619000,83.008,83.014,82.996,83.004,189550000,1
1528459620000,1528459679000,83.003,83.031,83.001,83.029,82240000,1
1528459680000,1528459739000,83.027,83.034,83.007,83.014,168150000,1
1528459740000,1528459799000,83.014,83.025,83.003,83.019,184800000,1
1528459800000,1528459859000,83.019,83.02,83.003,83.007,119330000,1
1528459860000,1528459919000,83.006,83.02,82.986,82.992,125440000,1
1528459920000,1528459979000,82.993,83.004,82.991,83.003,54010000,1
1528459980000,1528460039000,83.002,83.014,82.995,83.007,61480000,1
1528460040000,1528460099000,83.007,83.015,83.007,83.01,77310000,1
1528460100000,1528460159000,83.011,83.027,83.005,83.023,117470000,1
1528460160000,1528460219000,83.022,83.026,83.016,83.026,72700000,1
1528460220000,1528460279000,83.026,83.054,83.025,83.049,112460000,1
1528460280000,1528460339000,83.049,83.056,83.034,83.045,211210000,1
1528460340000,1528460399000,83.043,83.06,83.041,83.057,162600000,1
1528460400000,1528460459000,83.066,83.085,83.064,83.084,164770000,1
1528460460000,1528460519000,83.084,83.086,83.041,83.041,181270000,1
1528460520000,1528460579000,83.041,83.064,83.04,83.056,134080000,1
1528460580000,1528460639000,83.053,83.072,83.05,83.072,156140000,1
1528460640000,1528460699000,83.071,83.084,83.069,83.083,149960000,1
1528460700000,1528460759000,83.083,83.083,83.071,83.079,127460000,1
1528460760000,1528460819000,83.076,83.081,83.07,83.081,106690000,1
1528460820000,1528460879000,83.081,83.085,83.078,83.084,81940000,1
1528460880000,1528460939000,83.084,83.089,83.078,83.083,82910000,1
1528460940000,1528460999000,83.083,83.085,83.073,83.084,95210000,1
1528461000000,1528461059000,83.084,83.084,83.043,83.052,264150000,1
1528461060000,1528461119000,83.051,83.051,83.01,83.016,149000000,1
1528461120000,1528461179000,83.02,83.033,83.008,83.019,150840000,1
1528461180000,1528461239000,83.019,83.03,83.002,83.01,174260000,1
1528461240000,1528461299000,83.009,83.034,83.001,83.025,192820000,1
1528461300000,1528461359000,83.023,83.061,83.016,83.05,220010000,1
1528461360000,1528461419000,83.048,83.048,83.007,83.016,161800000,1
1528461420000,1528461479000,83.017,83.049,83.016,83.045,216110000,1
1528461480000,1528461539000,83.044,83.069,83.038,83.052,181330000,1
1528461540000,1528461599000,83.053,83.058,83.038,83.038,190390000,1
1528461600000,1528461659000,83.038,83.048,83.008,83.008,219480000,1
1528461660000,1528461719000,83.008,83.017,82.982,82.987,204680000,1
1528461720000,1528461779000,82.985,82.985,82.936,82.942,211280000,1
1528461780000,1528461839000,82.942,82.965,82.94,82.965,175250000,1
1528461840000,1528461899000,82.965,82.988,82.961,82.979,145080000,1
1528461900000,1528461959000,82.979,82.988,82.968,82.975,160160000,1
1528461960000,1528462019000,82.974,82.979,82.948,82.972,196250000,1
1528462020000,1528462079000,82.972,82.98,82.958,82.959,126370000,1
1528462080000,1528462139000,82.958,82.967,82.932,82.941,126090000,1
1528462140000,1528462199000,82.943,82.971,82.938,82.971,173040000,1
1528462200000,1528462259000,82.968,82.999,82.967,82.999,151030000,1
1528462260000,1528462319000,83.0,83.012,82.996,83.007,167320000,1
1528462320000,1528462379000,83.003,83.006,82.988,82.992,154020000,1
1528462380000,1528462439000,82.992,82.992,82.964,82.977,114150000,1
1528462440000,1528462499000,82.976,83.011,82.967,83.01,143820000,1
1528462500000,1528462559000,83.01,83.023,82.985,83.002,168500000,1
1528462560000,1528462619000,83.002,83.025,83.002,83.022,127950000,1
1528462620000,1528462679000,83.024,83.029,83.01,83.026,125130000,1
1528462680000,1528462739000,83.025,83.03,83.015,83.024,108910000,1
1528462740000,1528462799000,83.024,83.093,83.024,83.093,188320000,1
1528462800000,1528462859000,83.095,83.1,83.07,83.079,155130000,1
1528462860000,1528462919000,83.076,83.082,83.055,83.068,150610000,1
1528462920000,1528462979000,83.067,83.068,83.041,83.046,190180000,1
1528462980000,1528463039000,83.045,83.052,83.033,83.046,200900000,1
1528463040000,1528463099000,83.049,83.06,83.037,83.058,207790000,1
1528463100000,1528463159000,83.057,83.062,83.042,83.042,214900000,1
1528463160000,1528463219000,83.04,83.04,83.025,83.036,158490000,1
1528463220000,1528463279000,83.036,83.07,83.031,83.07,213540000,1
1528463280000,1528463339000,83.069,83.121,83.066,83.113,174150000,1
1528463340000,1528463399000,83.115,83.117,83.1,83.108,184910000,1
1528463400000,1528463459000,83.108,83.112,83.092,83.108,190720000,1
1528463460000,1528463519000,83.108,83.125,83.108,83.119,140310000,1
1528463520000,1528463579000,83.122,83.155,83.117,83.138,173700000,1
1528463580000,1528463639000,83.137,83.162,83.133,83.158,190470000,1
1528463640000,1528463699000,83.158,83.158,83.121,83.124,165840000,1
1528463700000,1528463759000,83.123,83.133,83.108,83.13,165880000,1
1528463760000,1528463819000,83.126,83.135,83.108,83.112,131430000,1
1528463820000,1528463879000,83.112,83.113,83.091,83.099,131520000,1
1528463880000,1528463939000,83.098,83.1,83.084,83.089,121800000,1
1528463940000,1528463999000,83.089,83.132,83.089,83.125,156960000,1
1528464000000,1528464059000,83.126,83.151,83.123,83.131,216760000,1
1528464060000,1528464119000,83.129,83.131,83.104,83.104,153570000,1
1528464120000,1528464179000,83.104,83.113,83.099,83.1,130890000,1
1528464180000,1528464239000,83.101,83.11,83.091,83.091,152180000,1
1528464240000,1528464299000,83.091,83.104,83.083,83.083,86970000,1
1528464300000,1528464359000,83.084,83.1,83.084,83.093,96640000,1
1528464360000,1528464419000,83.094,83.103,83.091,83.094,120310000,1
1528464420000,1528464479000,83.095,83.13,83.093,83.13,147220000,1
1528464480000,1528464539000,83.131,83.165,83.13,83.146,203730000,1
1528464540000,1528464599000,83.144,83.15,83.137,83.148,83720000,1
1528464600000,1528464659000,83.148,83.174,83.137,83.169,195050000,1
1528464660000,1528464719000,83.17,83.177,83.147,83.164,180410000,1
1528464720000,1528464779000,83.162,83.17,83.13,83.139,166830000,1
1528464780000,1528464839000,83.137,83.14,83.097,83.107,141520000,1
1528464840000,1528464899000,83.11,83.112,83.081,83.092,154760000,1
1528464900000,1528464959000,83.093,83.108,83.073,83.099,197340000,1
1528464960000,1528465019000,83.099,83.127,83.095,83.119,153950000,1
1528465020000,1528465079000,83.118,83.137,83.113,83.121,184150000,1
1528465080000,1528465139000,83.119,83.129,83.075,83.077,207950000,1
1528465140000,1528465199000,83.077,83.101,83.073,83.082,213660000,1
1528465200000,1528465259000,83.083,83.102,83.077,83.095,184620000,1
1528465260000,1528465319000,83.099,83.105,83.081,83.084,228990000,1
1528465320000,1528465379000,83.083,83.083,83.033,83.033,181970000,1
1528465380000,1528465439000,83.034,83.042,83.008,83.008,141770000,1
1528465440000,1528465499000,83.006,83.053,83.006,83.052,232760000,1
1528465500000,1528465559000,83.052,83.084,83.046,83.047,165360000,1
1528465560000,1528465619000,83.049,83.061,83.044,83.048,188570000,1
1528465620000,1528465679000,83.049,83.05,83.033,83.044,165510000,1
1528465680000,1528465739000,83.044,83.065,83.044,83.056,200550000,1
1528465740000,1528465799000,83.055,83.073,83.048,83.06,160800000,1
1528465800000,1528465859000,83.059,83.063,83.049,83.06,116950000,1
1528465860000,1528465919000,83.059,83.069,83.049,83.059,177570000,1
1528465920000,1528465979000,83.057,83.066,83.034,83.035,186150000,1
1528465980000,1528466039000,83.038,83.063,83.03,83.057,194540000,1
1528466040000,1528466099000,83.059,83.064,83.034,83.034,148690000,1
1528466100000,1528466159000,83.033,83.039,83.029,83.038,111230000,1
1528466160000,1528466219000,83.035,83.04,83.012,83.015,95660000,1
1528466220000,1528466279000,83.015,83.032,82.992,83.019,187800000,1
1528466280000,1528466339000,83.017,83.064,83.017,83.043,139560000,1
1528466340000,1528466399000,83.042,83.085,83.038,83.08,190980000,1
1528466400000,1528466459000,83.081,83.091,83.062,83.073,173360000,1
1528466460000,1528466519000,83.074,83.092,83.069,83.072,171990000,1
1528466520000,1528466579000,83.074,83.094,83.07,83.089,90060000,1
1528466580000,1528466639000,83.09,83.115,83.083,83.091,186010000,1
1528466640000,1528466699000,83.09,83.095,83.052,83.056,144050000,1
1528466700000,1528466759000,83.057,83.069,83.051,83.056,140170000,1
1528466760000,1528466819000,83.057,83.084,83.057,83.067,122710000,1
1528466820000,1528466879000,83.068,83.098,83.068,83.098,149160000,1
1528466880000,1528466939000,83.098,83.098,83.051,83.055,190050000,1
1528466940000,1528466999000,83.054,83.078,83.05,83.069,123350000,1
1528467000000,1528467059000,83.069,83.072,83.051,83.068,169660000,1
1528467060000,1528467119000,83.069,83.074,83.044,83.045,133380000,1
1528467120000,1528467179000,83.045,83.049,82.997,82.999,192000000,1
1528467180000,1528467239000,83.0,83.009,82.985,82.987,176470000,1
1528467240000,1528467299000,82.989,83.001,82.981,82.995,174910000,1
1528467300000,1528467359000,82.995,83.016,82.986,83.014,147230000,1
1528467360000,1528467419000,83.015,83.015,82.97,82.973,186330000,1
1528467420000,1528467479000,82.973,82.984,82.949,82.982,183640000,1
1528467480000,1528467539000,82.982,83.006,82.975,83.002,190980000,1
1528467540000,1528467599000,82.998,83.028,82.976,83.022,201300000,1
1528467600000,1528467659000,83.027,83.044,83.013,83.04,253680000,1
1528467660000,1528467719000,83.04,83.078,83.037,83.06,195130000,1
1528467720000,1528467779000,83.061,83.072,83.045,83.05,218270000,1
1528467780000,1528467839000,83.051,83.069,83.05,83.06,167540000,1
1528467840000,1528467899000,83.062,83.066,83.053,83.06,110100000,1
1528467900000,1528467959000,83.061,83.069,83.047,83.069,134110000,1
1528467960000,1528468019000,83.069,83.099,83.067,83.095,143160000,1
1528468020000,1528468079000,83.096,83.101,83.082,83.087,153830000,1
1528468080000,1528468139000,83.086,83.091,83.051,83.051,143230000,1
1528468140000,1528468199000,83.052,83.06,83.008,83.018,152860000,1
1528468200000,1528468259000,83.016,83.024,83.006,83.024,146580000,1
1528468260000,1528468319000,83.023,83.043,83.023,83.029,121210000,1
1528468320000,1528468379000,83.03,83.044,83.027,83.042,158690000,1
1528468380000,1528468439000,83.044,83.067,83.01,83.022,185350000,1
1528468440000,1528468499000,83.024,83.03,83.001,83.006,210850000,1
1528468500000,1528468559000,83.01,83.027,83.0,83.026,284220000,1
1528468560000,1528468619000,83.025,83.041,83.006,83.036,223710000,1
1528468620000,1528468679000,83.037,83.051,83.018,83.042,243100000,1
1528468680000,1528468739000,83.042,83.049,83.016,83.025,199000000,1
1528468740000,1528468799000,83.026,83.026,82.993,83.003,219920000,1
1528468800000,1528468859000,83.002,83.002,82.978,82.991,189110000,1
1528468860000,1528468919000,82.991,82.992,82.962,82.965,229210000,1
1528468920000,1528468979000,82.966,82.981,82.958,82.964,214120000,1
1528468980000,1528469039000,82.967,83.004,82.967,82.987,140260000,1
1528469040000,1528469099000,82.987,82.999,82.976,82.994,166860000,1
1528469100000,1528469159000,82.993,83.002,82.982,82.995,126810000,1
1528469160000,1528469219000,82.994,83.005,82.988,82.996,166560000,1
1528469220000,1528469279000,82.994,82.994,82.977,82.981,165530000,1
1528469280000,1528469339000,82.98,83.006,82.98,83.005,172140000,1
1528469340000,1528469399000,83.005,83.017,83.004,83.014,178450000,1
1528469400000,1528469459000,83.017,83.043,83.015,83.037,179990000,1
1528469460000,1528469519000,83.039,83.062,83.038,83.062,171410000,1
1528469520000,1528469579000,83.063,83.077,83.062,83.07,193690000,1
1528469580000,1528469639000,83.072,83.088,83.064,83.088,134160000,1
1528469640000,1528469699000,83.087,83.108,83.08,83.108,156340000,1
1528469700000,1528469759000,83.106,83.133,83.104,83.109,192650000,1
1528469760000,1528469819000,83.111,83.128,83.074,83.077,188090000,1
1528469820000,1528469879000,83.079,83.093,83.066,83.07,216630000,1
1528469880000,1528469939000,83.072,83.091,83.07,83.083,250950000,1
1528469940000,1528469999000,83.086,83.107,83.086,83.1,269550000,1
1528470000000,1528470059000,83.097,83.104,83.072,83.104,236990000,1
1528470060000,1528470119000,83.104,83.12,83.099,83.11,268260000,1
1528470120000,1528470179000,83.109,83.109,83.067,83.087,271420000,1
1528470180000,1528470239000,83.083,83.085,83.051,83.059,211990000,1
1528470240000,1528470299000,83.056,83.077,83.056,83.073,206460000,1
1528470300000,1528470359000,83.076,83.095,83.076,83.083,160430000,1
1528470360000,1528470419000,83.082,83.12,83.082,83.12,155500000,1
1528470420000,1528470479000,83.119,83.167,83.119,83.147,140920000,1
1528470480000,1528470539000,83.144,83.147,83.111,83.111,149200000,1
1528470540000,1528470599000,83.111,83.117,83.088,83.104,194260000,1
1528470600000,1528470659000,83.1,83.118,83.1,83.107,200360000,1
1528470660000,1528470719000,83.105,83.113,83.091,83.102,168370000,1
1528470720000,1528470779000,83.103,83.118,83.099,83.107,141800000,1
1528470780000,1528470839000,83.107,83.121,83.101,83.101,91370000,1
1528470840000,1528470899000,83.1,83.127,83.091,83.127,142480000,1
1528470900000,1528470959000,83.127,83.144,83.126,83.13,144300000,1
1528470960000,1528471019000,83.131,83.147,83.125,83.126,106390000,1
1528471020000,1528471079000,83.126,83.126,83.103,83.109,115140000,1
1528471080000,1528471139000,83.109,83.119,83.104,83.113,125400000,1
1528471140000,1528471199000,83.115,83.137,83.115,83.129,159060000,1
1528471200000,1528471259000,83.128,83.136,83.118,83.118,112800000,1
1528471260000,1528471319000,83.115,83.129,83.113,83.115,122650000,1
1528471320000,1528471379000,83.115,83.115,83.104,83.113,85400000,1
1528471380000,1528471439000,83.113,83.124,83.108,83.124,81190000,1
1528471440000,1528471499000,83.124,83.133,83.119,83.123,138950000,1
1528471500000,1528471559000,83.123,83.135,83.122,83.128,83710000,1
1528471560000,1528471619000,83.129,83.145,83.129,83.139,67580000,1
1528471620000,1528471679000,83.138,83.138,83.111,83.117,150930000,1
1528471680000,1528471739000,83.117,83.168,83.117,83.168,109160000,1
1528471740000,1528471799000,83.167,83.17,83.155,83.159,113730000,1
1528471800000,1528471859000,83.159,83.168,83.15,83.15,131670000,1
1528471860000,1528471919000,83.148,83.148,83.128,83.145,117500000,1
1528471920000,1528471979000,83.146,83.16,83.142,83.155,109500000,1
1528471980000,1528472039000,83.154,83.158,83.134,83.154,140390000,1
1528472040000,1528472099000,83.156,83.165,83.146,83.148,83700000,1
1528472100000,1528472159000,83.147,83.157,83.145,83.146,117020000,1
1528472160000,1528472219000,83.146,83.152,83.142,83.143,104280000,1
1528472220000,1528472279000,83.146,83.151,83.138,83.143,88220000,1
1528472280000,1528472339000,83.143,83.154,83.143,83.153,65890000,1
1528472340000,1528472399000,83.152,83.152,83.136,83.141,108150000,1
1528472400000,1528472459000,83.144,83.155,83.14,83.151,90420000,1
1528472460000,1528472519000,83.15,83.17,83.148,83.17,82570000,1
1528472520000,1528472579000,83.172,83.172,83.164,83.168,55480000,1
1528472580000,1528472639000,83.169,83.18,83.165,83.173,78430000,1
1528472640000,1528472699000,83.176,83.18,83.169,83.177,71480000,1
1528472700000,1528472759000,83.181,83.182,83.156,83.161,114480000,1
1528472760000,1528472819000,83.162,83.163,83.139,83.139,88660000,1
1528472820000,1528472879000,83.139,83.145,83.133,83.136,114560000,1
1528472880000,1528472939000,83.136,83.141,83.136,83.139,62080000,1
1528472940000,1528472999000,83.139,83.147,83.138,83.146,54880000,1
1528473000000,1528473059000,83.147,83.156,83.147,83.15,68660000,1
1528473060000,1528473119000,83.148,83.151,83.141,83.15,41500000,1
1528473120000,1528473179000,83.149,83.162,83.148,83.153,73310000,1
1528473180000,1528473239000,83.153,83.175,83.152,83.174,107690000,1
1528473240000,1528473299000,83.176,83.18,83.163,83.175,79220000,1
1528473300000,1528473359000,83.176,83.178,83.156,83.156,94870000,1
1528473360000,1528473419000,83.155,83.166,83.146,83.165,122990000,1
1528473420000,1528473479000,83.164,83.176,83.16,83.162,107340000,1
1528473480000,1528473539000,83.162,83.181,83.16,83.17,107860000,1
1528473540000,1528473599000,83.171,83.186,83.171,83.173,190020000,1
1528473600000,1528473659000,83.173,83.187,83.173,83.187,102590000,1
1528473660000,1528473719000,83.187,83.19,83.173,83.19,115520000,1
1528473720000,1528473779000,83.19,83.19,83.183,83.19,79790000,1
1528473780000,1528473839000,83.189,83.191,83.186,83.191,72210000,1
1528473840000,1528473899000,83.19,83.203,83.188,83.194,85460000,1
1528473900000,1528473959000,83.193,83.193,83.181,83.187,72100000,1
1528473960000,1528474019000,83.186,83.186,83.179,83.179,57860000,1
1528474020000,1528474079000,83.178,83.183,83.178,83.182,44120000,1
1528474080000,1528474139000,83.184,83.195,83.18,83.194,79970000,1
1528474140000,1528474199000,83.192,83.208,83.189,83.208,74320000,1
1528474200000,1528474259000,83.21,83.212,83.202,83.204,106680000,1
1528474260000,1528474319000,83.206,83.22,83.204,83.22,105500000,1
1528474320000,1528474379000,83.22,83.221,83.206,83.206,85450000,1
1528474380000,1528474439000,83.205,83.212,83.204,83.207,45140000,1
1528474440000,1528474499000,83.207,83.209,83.204,83.208,59740000,1
1528474500000,1528474559000,83.208,83.216,83.202,83.214,66220000,1
1528474560000,1528474619000,83.217,83.224,83.215,83.221,52670000,1
1528474620000,1528474679000,83.22,83.227,83.22,83.225,85540000,1
1528474680000,1528474739000,83.224,83.228,83.218,83.22,51510000,1
1528474740000,1528474799000,83.221,83.226,83.206,83.212,62000000,1
1528474800000,1528474859000,83.211,83.224,83.21,83.218,47630000,1
1528474860000,1528474919000,83.218,83.222,83.214,83.214,48520000,1
1528474920000,1528474979000,83.214,83.22,83.212,83.22,79680000,1
1528474980000,1528475039000,83.22,83.222,83.213,83.216,63230000,1
1528475040000,1528475099000,83.216,83.226,83.215,83.226,55230000,1
1528475100000,1528475159000,83.225,83.225,83.213,83.22,51820000,1
1528475160000,1528475219000,83.22,83.228,83.217,83.228,67740000,1
1528475220000,1528475279000,83.229,83.23,83.216,83.22,75060000,1
1528475280000,1528475339000,83.22,83.23,83.219,83.229,78230000,1
1528475340000,1528475399000,83.23,83.24,83.221,83.235,97200000,1
1528475400000,1528475459000,83.233,83.246,83.23,83.241,130090000,1
1528475460000,1528475519000,83.241,83.253,83.239,83.25,67140000,1
1528475520000,1528475579000,83.252,83.26,83.247,83.259,79090000,1
1528475580000,1528475639000,83.259,83.268,83.256,83.265,56670000,1
1528475640000,1528475699000,83.264,83.27,83.263,83.263,114630000,1
1528475700000,1528475759000,83.263,83.263,83.248,83.249,60810000,1
1528475760000,1528475819000,83.25,83.25,83.23,83.239,93420000,1
1528475820000,1528475879000,83.239,83.241,83.233,83.234,42640000,1
1528475880000,1528475939000,83.233,83.235,83.229,83.233,50030000,1
1528475940000,1528475999000,83.231,83.231,83.223,83.224,36700000,1
1528476000000,1528476059000,83.224,83.227,83.215,83.215,31600000,1
1528476060000,1528476119000,83.214,83.221,83.209,83.21,84460000,1
1528476120000,1528476179000,83.21,83.21,83.195,83.197,45690000,1
1528476180000,1528476239000,83.197,83.203,83.19,83.195,65190000,1
1528476240000,1528476299000,83.195,83.202,83.192,83.192,52750000,1
1528476300000,1528476359000,83.191,83.216,83.191,83.197,95130000,1
1528476360000,1528476419000,83.197,83.198,83.19,83.191,53470000,1
1528476420000,1528476479000,83.191,83.194,83.184,83.187,49680000,1
1528476480000,1528476539000,83.187,83.19,83.185,83.189,20730000,1
1528476540000,1528476599000,83.194,83.201,83.194,83.199,42220000,1
1528476600000,1528476659000,83.198,83.206,83.197,83.2,53850000,1
1528476660000,1528476719000,83.2,83.215,83.2,83.213,68450000,1
1528476720000,1528476779000,83.212,83.213,83.206,83.21,29670000,1
1528476780000,1528476839000,83.211,83.213,83.205,83.205,56750000,1
1528476840000,1528476899000,83.205,83.206,83.19,83.192,148720000,1
1528476900000,1528476959000,83.192,83.206,83.192,83.202,195720000,1
1528476960000,1528477019000,83.202,83.221,83.202,83.218,65170000,1
1528477020000,1528477079000,83.218,83.218,83.202,83.211,105200000,1
1528477080000,1528477139000,83.211,83.225,83.205,83.221,121880000,1
1528477140000,1528477199000,83.221,83.23,83.219,83.229,116610000,1
1528477200000,1528477259000,83.229,83.232,83.226,83.231,86090000,1
1528477260000,1528477319000,83.231,83.231,83.228,83.228,23660000,1
1528477320000,1528477379000,83.227,83.228,83.211,83.214,77100000,1
1528477380000,1528477439000,83.215,83.223,83.215,83.222,41610000,1
1528477440000,1528477499000,83.221,83.221,83.213,83.216,83170000,1
1528477500000,1528477559000,83.216,83.23,83.216,83.223,82460000,1
1528477560000,1528477619000,83.222,83.222,83.2,83.2,43850000,1
1528477620000,1528477679000,83.2,83.208,83.2,83.206,37280000,1
1528477680000,1528477739000,83.206,83.212,83.204,83.211,60180000,1
1528477740000,1528477799000,83.211,83.212,83.205,83.21,56660000,1
1528477800000,1528477859000,83.212,83.214,83.21,83.211,41980000,1
1528477860000,1528477919000,83.211,83.213,83.205,83.206,52590000,1
1528477920000,1528477979000,83.206,83.208,83.205,83.206,39610000,1
1528477980000,1528478039000,83.207,83.218,83.207,83.217,62080000,1
1528478040000,1528478099000,83.218,83.231,83.218,83.226,47140000,1
1528478100000,1528478159000,83.226,83.227,83.223,83.226,44210000,1
1528478160000,1528478219000,83.226,83.226,83.223,83.223,53480000,1
1528478220000,1528478279000,83.224,83.225,83.213,83.215,91600000,1
1528478280000,1528478339000,83.215,83.233,83.215,83.229,113630000,1
1528478340000,1528478399000,83.229,83.229,83.227,83.227,21620000,1
1528478400000,1528478459000,83.227,83.228,83.222,83.222,43180000,1
1528478460000,1528478519000,83.223,83.227,83.217,83.223,52720000,1
1528478520000,1528478579000,83.223,83.223,83.22,83.222,72550000,1
1528478580000,1528478639000,83.222,83.222,83.218,83.218,44430000,1
1528478640000,1528478699000,83.218,83.219,83.212,83.218,53690000,1
1528478700000,1528478759000,83.218,83.23,83.218,83.222,72000000,1
1528478760000,1528478819000,83.222,83.224,83.22,83.221,48030000,1
1528478820000,1528478879000,83.222,83.235,83.222,83.226,62380000,1
1528478880000,1528478939000,83.226,83.232,83.224,83.23,63970000,1
1528478940000,1528478999000,83.23,83.234,83.228,83.232,55110000,1
1528479000000,1528479059000,83.233,83.233,83.228,83.23,56150000,1
1528479060000,1528479119000,83.23,83.23,83.218,83.218,37420000,1
1528479120000,1528479179000,83.218,83.218,83.209,83.211,67000000,1
1528479180000,1528479239000,83.211,83.217,83.205,83.206,74120000,1
1528479240000,1528479299000,83.206,83.217,83.206,83.212,59050000,1
1528479300000,1528479359000,83.213,83.214,83.207,83.211,62700000,1
1528479360000,1528479419000,83.208,83.22,83.208,83.218,51230000,1
1528479420000,1528479479000,83.218,83.218,83.217,83.218,7990000,1
1528479480000,1528479539000,83.217,83.22,83.209,83.215,74160000,1
1528479540000,1528479599000,83.214,83.215,83.2,83.21,101970000,1
1528479600000,1528479659000,83.209,83.221,83.209,83.214,74010000,1
1528479660000,1528479719000,83.214,83.217,83.21,83.213,80010000,1
1528479720000,1528479779000,83.214,83.217,83.205,83.213,87520000,1
1528479780000,1528479839000,83.212,83.214,83.207,83.213,61700000,1
1528479840000,1528479899000,83.213,83.213,83.205,83.207,32680000,1
1528479900000,1528479959000,83.207,83.213,83.207,83.213,25420000,1
1528479960000,1528480019000,83.213,83.218,83.21,83.218,33630000,1
1528480020000,1528480079000,83.218,83.233,83.218,83.228,79490000,1
1528480080000,1528480139000,83.227,83.233,83.227,83.228,43980000,1
1528480140000,1528480199000,83.228,83.229,83.218,83.221,65380000,1
1528480200000,1528480259000,83.221,83.221,83.209,83.213,49340000,1
1528480260000,1528480319000,83.212,83.216,83.21,83.216,32480000,1
1528480320000,1528480379000,83.215,83.215,83.146,83.176,185030000,1
1528480380000,1528480439000,83.178,83.228,83.173,83.199,177750000,1
1528480440000,1528480499000,83.199,83.201,83.176,83.178,106150000,1
1528480500000,1528480559000,83.177,83.177,83.153,83.165,121510000,1
1528480560000,1528480619000,83.165,83.166,83.16,83.164,58360000,1
1528480620000,1528480679000,83.164,83.164,83.151,83.154,84450000,1
1528480680000,1528480739000,83.155,83.167,83.154,83.157,94500000,1
1528480740000,1528480799000,83.156,83.163,83.155,83.158,52770000,1
1528480800000,1528480859000,83.159,83.177,83.159,83.163,120780000,1
1528480860000,1528480919000,83.163,83.172,83.16,83.172,85130000,1
1528480920000,1528480979000,83.174,83.176,83.173,83.175,52100000,1
1528480980000,1528481039000,83.175,83.175,83.166,83.172,36640000,1
1528481040000,1528481099000,83.173,83.186,83.172,83.183,47440000,1
1528481100000,1528481159000,83.183,83.184,83.179,83.181,71610000,1
1528481160000,1528481219000,83.182,83.185,83.18,83.184,36800000,1
1528481220000,1528481279000,83.184,83.195,83.183,83.188,52490000,1
1528481280000,1528481339000,83.186,83.188,83.175,83.175,39190000,1
1528481340000,1528481399000,83.174,83.174,83.168,83.172,34500000,1
1528481400000,1528481459000,83.176,83.189,83.173,83.187,84850000,1
1528481460000,1528481519000,83.186,83.196,83.185,83.195,38860000,1
1528481520000,1528481579000,83.194,83.199,83.194,83.196,21070000,1
1528481580000,1528481639000,83.195,83.202,83.187,83.187,41940000,1
1528481640000,1528481699000,83.186,83.223,83.183,83.217,64570000,1
1528481700000,1528481759000,83.216,83.227,83.208,83.208,56560000,1
1528481760000,1528481819000,83.207,83.207,83.196,83.198,37370000,1
1528481820000,1528481879000,83.198,83.201,83.19,83.19,52680000,1
1528481880000,1528481939000,83.19,83.195,83.189,83.195,28500000,1
1528481940000,1528481999000,83.196,83.197,83.181,83.181,61640000,1
1528482000000,1528482059000,83.182,83.185,83.182,83.185,17440000,1
1528482060000,1528482119000,83.185,83.185,83.175,83.184,50240000,1
1528482120000,1528482179000,83.184,83.19,83.183,83.186,57850000,1
1528482180000,1528482239000,83.185,83.187,83.18,83.187,76880000,1
1528482240000,1528482299000,83.186,83.186,83.183,83.183,21190000,1
1528482300000,1528482359000,83.183,83.188,83.179,83.187,56700000,1
1528482360000,1528482419000,83.188,83.191,83.179,83.185,56370000,1
1528482420000,1528482479000,83.185,83.19,83.18,83.18,52000000,1
1528482480000,1528482539000,83.179,83.18,83.173,83.176,85360000,1
1528482540000,1528482599000,83.177,83.177,83.169,83.172,74180000,1
1528482600000,1528482659000,83.172,83.176,83.169,83.175,60760000,1
1528482660000,1528482719000,83.175,83.192,83.175,83.189,51360000,1
1528482720000,1528482779000,83.19,83.19,83.179,83.18,59990000,1
1528482780000,1528482839000,83.18,83.181,83.178,83.181,36880000,1
1528482840000,1528482899000,83.179,83.183,83.178,83.183,81590000,1
1528482900000,1528482959000,83.183,83.183,83.179,83.179,35490000,1
1528482960000,1528483019000,83.179,83.191,83.178,83.178,47410000,1
1528483020000,1528483079000,83.177,83.18,83.168,83.18,73990000,1
1528483080000,1528483139000,83.181,83.187,83.179,83.187,83380000,1
1528483140000,1528483199000,83.188,83.19,83.187,83.19,23500000,1
1528483200000,1528483259000,83.19,83.201,83.189,83.198,43120000,1
1528483260000,1528483319000,83.197,83.199,83.196,83.196,29570000,1
1528483320000,1528483379000,83.195,83.202,83.195,83.202,16500000,1
1528483380000,1528483439000,83.202,83.205,83.191,83.191,43460000,1
1528483440000,1528483499000,83.192,83.196,83.187,83.195,41490000,1
1528483500000,1528483559000,83.195,83.195,83.194,83.194,11120000,1
1528483560000,1528483619000,83.195,83.196,83.193,83.194,30560000,1
1528483620000,1528483679000,83.194,83.194,83.189,83.192,48830000,1
1528483680000,1528483739000,83.191,83.204,83.191,83.196,57510000,1
1528483740000,1528483799000,83.196,83.201,83.191,83.194,64930000,1
1528483800000,1528483859000,83.196,83.212,83.193,83.2,77600000,1
1528483860000,1528483919000,83.196,83.205,83.195,83.205,77910000,1
1528483920000,1528483979000,83.205,83.211,83.205,83.21,27590000,1
1528483980000,1528484039000,83.21,83.216,83.21,83.213,38690000,1
1528484040000,1528484099000,83.214,83.214,83.203,83.203,15930000,1
1528484100000,1528484159000,83.202,83.206,83.2,83.206,52320000,1
1528484160000,1528484219000,83.209,83.212,83.205,83.209,41670000,1
1528484220000,1528484279000,83.209,83.212,83.207,83.211,41560000,1
1528484280000,1528484339000,83.211,83.213,83.207,83.21,35330000,1
1528484340000,1528484399000,83.21,83.213,83.199,83.201,125630000,1
1528484400000,1528484459000,83.203,83.205,83.195,83.196,62160000,1
1528484460000,1528484519000,83.198,83.198,83.189,83.191,25240000,1
1528484520000,1528484579000,83.192,83.194,83.185,83.186,39750000,1
1528484580000,1528484639000,83.189,83.192,83.189,83.19,26000000,1
1528484640000,1528484699000,83.19,83.195,83.183,83.185,39790000,1
1528484700000,1528484759000,83.184,83.19,83.183,83.19,43960000,1
1528484760000,1528484819000,83.19,83.191,83.188,83.188,21370000,1
1528484820000,1528484879000,83.188,83.189,83.188,83.189,5490000,1
1528484880000,1528484939000,83.188,83.191,83.188,83.189,33590000,1
1528484940000,1528484999000,83.187,83.192,83.186,83.19,40690000,1
1528485000000,1528485059000,83.191,83.194,83.188,83.194,37610000,1
1528485060000,1528485119000,83.197,83.204,83.196,83.199,67140000,1
1528485120000,1528485179000,83.199,83.2,83.196,83.199,41740000,1
1528485180000,1528485239000,83.2,83.202,83.197,83.202,25680000,1
1528485240000,1528485299000,83.201,83.204,83.199,83.2,27380000,1
1528485300000,1528485359000,83.2,83.201,83.194,83.194,26370000,1
1528485360000,1528485419000,83.195,83.198,83.183,83.186,55760000,1
1528485420000,1528485479000,83.185,83.186,83.183,83.184,30290000,1
1528485480000,1528485539000,83.184,83.186,83.167,83.168,55130000,1
1528485540000,1528485599000,83.169,83.173,83.168,83.17,34620000,1
1528485600000,1528485659000,83.171,83.185,83.169,83.184,75350000,1
1528485660000,1528485719000,83.183,83.197,83.183,83.191,65890000,1
1528485720000,1528485779000,83.192,83.194,83.184,83.186,49020000,1
1528485780000,1528485839000,83.186,83.188,83.18,83.18,150570000,1
1528485840000,1528485899000,83.18,83.185,83.165,83.165,37000000,1
1528485900000,1528485959000,83.166,83.166,83.16,83.166,49410000,1
1528485960000,1528486019000,83.164,83.165,83.161,83.163,25910000,1
1528486020000,1528486079000,83.163,83.169,83.163,83.169,27190000,1
1528486080000,1528486139000,83.168,83.168,83.158,83.159,52480000,1
1528486140000,1528486199000,83.158,83.163,83.158,83.163,51040000,1
1528486200000,1528486259000,83.162,83.179,83.162,83.165,82340000,1
1528486260000,1528486319000,83.164,83.167,83.164,83.167,17680000,1
1528486320000,1528486379000,83.168,83.172,83.162,83.172,82750000,1
1528486380000,1528486439000,83.172,83.175,83.163,83.166,49150000,1
1528486440000,1528486499000,83.166,83.17,83.165,83.169,30040000,1
1528486500000,1528486559000,83.169,83.169,83.167,83.167,33040000,1
1528486560000,1528486619000,83.167,83.168,83.165,83.165,36270000,1
1528486620000,1528486679000,83.164,83.171,83.164,83.169,35140000,1
1528486680000,1528486739000,83.168,83.17,83.167,83.167,28050000,1
1528486740000,1528486799000,83.17,83.176,83.17,83.173,51260000,1
1528486800000,1528486859000,83.175,83.175,83.171,83.172,25310000,1
1528486860000,1528486919000,83.173,83.173,83.173,83.173,8240000,1
1528486920000,1528486979000,83.171,83.171,83.162,83.162,45830000,1
1528486980000,1528487039000,83.163,83.164,83.161,83.161,78960000,1
1528487040000,1528487099000,83.161,83.166,83.16,83.165,56160000,1
1528487100000,1528487159000,83.166,83.172,83.162,83.17,62700000,1
1528487160000,1528487219000,83.17,83.178,83.164,83.176,54720000,1
1528487220000,1528487279000,83.179,83.179,83.172,83.175,49760000,1
1528487280000,1528487339000,83.175,83.175,83.164,83.17,82590000,1
1528487340000,1528487399000,83.167,83.172,83.165,83.172,49840000,1
1528487400000,1528487459000,83.18,83.192,83.18,83.183,94710000,1
1528487460000,1528487519000,83.183,83.186,83.182,83.183,40790000,1
1528487520000,1528487579000,83.184,83.185,83.18,83.18,29850000,1
1528487580000,1528487639000,83.18,83.184,83.178,83.181,45230000,1
1528487640000,1528487699000,83.182,83.187,83.168,83.172,64360000,1
1528487700000,1528487759000,83.172,83.173,83.16,83.165,77260000,1
1528487760000,1528487819000,83.167,83.17,83.15,83.152,81430000,1
1528487820000,1528487879000,83.151,83.16,83.151,83.157,74450000,1
1528487880000,1528487939000,83.156,83.159,83.154,83.154,44100000,1
1528487940000,1528487999000,83.152,83.152,83.142,83.145,60940000,1
1528488000000,1528488059000,83.145,83.146,83.13,83.141,103690000,1
1528488060000,1528488119000,83.139,83.147,83.13,83.135,91740000,1
1528488120000,1528488179000,83.136,83.143,83.13,83.133,60460000,1
1528488180000,1528488239000,83.133,83.137,83.128,83.13,26760000,1
1528488240000,1528488299000,83.131,83.15,83.129,83.148,46450000,1
1528488300000,1528488359000,83.15,83.159,83.144,83.159,43320000,1
1528488360000,1528488419000,83.159,83.165,83.157,83.163,28070000,1
1528488420000,1528488479000,83.163,83.173,83.163,83.17,27650000,1
1528488480000,1528488539000,83.17,83.172,83.158,83.164,55210000,1
1528488540000,1528488599000,83.165,83.167,83.155,83.157,27940000,1
1528488600000,1528488659000,83.156,83.157,83.147,83.147,16250000,1
1528488660000,1528488719000,83.15,83.159,83.15,83.156,23250000,1
1528488720000,1528488779000,83.156,83.158,83.156,83.156,22630000,1
1528488780000,1528488839000,83.156,83.157,83.156,83.156,14000000,1
1528488840000,1528488899000,83.157,83.159,83.157,83.157,16500000,1
1528488900000,1528488959000,83.157,83.157,83.154,83.154,8500000,1
1528488960000,1528489019000,83.153,83.169,83.152,83.167,13810000,1
1528489020000,1528489079000,83.167,83.171,83.166,83.17,18000000,1
1528489080000,1528489139000,83.172,83.187,83.172,83.186,16000000,1
1528489140000,1528489199000,83.186,83.187,83.18,83.183,19000000,1
1528489200000,1528489259000,83.184,83.187,83.183,83.184,32320000,1
1528489260000,1528489319000,83.186,83.187,83.185,83.185,5000000,1
1528489320000,1528489379000,83.185,83.188,83.185,83.188,4190000,1
1528489380000,1528489439000,83.187,83.189,83.185,83.186,27000000,1
1528489440000,1528489499000,83.185,83.185,83.174,83.175,27500000,1
1528489500000,1528489559000,83.175,83.182,83.167,83.181,39500000,1
1528489560000,1528489619000,83.184,83.187,83.177,83.182,30000000,1
1528489620000,1528489679000,83.182,83.182,83.178,83.178,5000000,1
1528489680000,1528489739000,83.178,83.189,83.178,83.188,12190000,1
1528489740000,1528489799000,83.189,83.195,83.187,83.194,37690000,1
1528489800000,1528489859000,83.194,83.199,83.194,83.199,24690000,1
1528489860000,1528489919000,83.198,83.198,83.183,83.183,18750000,1
1528489920000,1528489979000,83.184,83.189,83.181,83.182,36870000,1
1528489980000,1528490039000,83.181,83.186,83.18,83.183,20310000,1
1528490040000,1528490099000,83.183,83.184,83.142,83.146,63240000,1
1528490100000,1528490159000,83.144,83.15,83.138,83.149,77420000,1
1528490160000,1528490219000,83.151,83.157,83.151,83.152,20750000,1
1528490220000,1528490279000,83.153,83.156,83.153,83.154,13630000,1
1528490280000,1528490339000,83.156,83.156,83.155,83.155,6810000,1
1528490340000,1528490399000,83.157,83.157,83.156,83.156,3120000,1
1528490400000,1528490459000,83.156,83.157,83.151,83.156,25620000,1
1528490460000,1528490519000,83.156,83.157,83.151,83.151,30430000,1
1528490520000,1528490579000,83.151,83.16,83.148,83.15,50750000,1
1528490580000,1528490639000,83.149,83.155,83.149,83.155,29860000,1
1528490640000,1528490699000,83.155,83.165,83.154,83.165,11810000,1
1528490700000,1528490759000,83.161,83.173,83.156,83.172,47210000,1
1528490760000,1528490819000,83.174,83.181,83.168,83.17,37310000,1
1528490820000,1528490879000,83.17,83.181,83.169,83.171,43420000,1
1528490880000,1528490939000,83.17,83.177,83.17,83.175,26460000,1
1528490940000,1528490999000,83.176,83.178,83.17,83.172,15450000,1
1528491000000,1528491059000,83.174,83.189,83.174,83.179,59350000,1
1528491060000,1528491119000,83.182,83.193,83.18,83.193,33610000,1
1528491120000,1528491179000,83.19,83.2,83.182,83.191,64850000,1
1528491180000,1528491239000,83.193,83.206,83.187,83.198,46680000,1
1528491240000,1528491299000,83.196,83.205,83.195,83.195,40130000,1
1528491300000,1528491359000,83.195,83.197,83.18,83.193,44470000,1
1528491360000,1528491419000,83.193,83.201,83.185,83.193,39560000,1
1528491420000,1528491479000,83.193,83.195,83.179,83.184,23530000,1
1528491480000,1528491539000,83.186,83.201,83.184,83.184,28950000,1
1528491540000,1528491599000,83.192,83.229,83.186,83.225,30900000,1
1528491600000,1528491659000,83.225,83.225,83.225,83.225,0,1
1528491660000,1528491719000,83.225,83.225,83.225,83.225,0,1
1528491720000,1528491779000,83.225,83.225,83.225,83.225,0,1
1528491780000,1528491839000,83.225,83.225,83.225,83.225,0,1
1528491840000,1528491899000,83.225,83.225,83.225,83.225,0,1
1528491900000,1528491959000,83.225,83.225,83.225,83.225,0,1
1528491960000,1528492019000,83.225,83.225,83.225,83.225,0,1
1528492020000,1528492079000,83.225,83.225,83.225,83.225,0,1
1528492080000,1528492139000,83.225,83.225,83.225,83.225,0,1
1528492140000,1528492199000,83.225,83.225,83.225,83.225,0,1
1528492200000,1528492259000,83.225,83.225,83.225,83.225,0,1
1528492260000,1528492319000,83.225,83.225,83.225,83.225,0,1
1528492320000,1528492379000,83.225,83.225,83.225,83.225,0,1
1528492380000,1528492439000,83.225,83.225,83.225,83.225,0,1
1528492440000,1528492499000,83.225,83.225,83.225,83.225,0,1
1528492500000,1528492559000,83.225,83.225,83.225,83.225,0,1
1528492560000,1528492619000,83.225,83.225,83.225,83.225,0,1
1528492620000,1528492679000,83.225,83.225,83.225,83.225,0,1
1528492680000,1528492739000,83.225,83.225,83.225,83.225,0,1
1528492740000,1528492799000,83.225,83.225,83.225,83.225,0,1
1528492800000,1528492859000,83.225,83.225,83.225,83.225,0,1
1528492860000,1528492919000,83.225,83.225,83.225,83.225,0,1
1528492920000,1528492979000,83.225,83.225,83.225,83.225,0,1
1528492980000,1528493039000,83.225,83.225,83.225,83.225,0,1
1528493040000,1528493099000,83.225,83.225,83.225,83.225,0,1
1528493100000,1528493159000,83.225,83.225,83.225,83.225,0,1
1528493160000,1528493219000,83.225,83.225,83.225,83.225,0,1
1528493220000,1528493279000,83.225,83.225,83.225,83.225,0,1
1528493280000,1528493339000,83.225,83.225,83.225,83.225,0,1
1528493340000,1528493399000,83.225,83.225,83.225,83.225,0,1
1528493400000,1528493459000,83.225,83.225,83.225,83.225,0,1
1528493460000,1528493519000,83.225,83.225,83.225,83.225,0,1
1528493520000,1528493579000,83.225,83.225,83.225,83.225,0,1
1528493580000,1528493639000,83.225,83.225,83.225,83.225,0,1
1528493640000,1528493699000,83.225,83.225,83.225,83.225,0,1
1528493700000,1528493759000,83.225,83.225,83.225,83.225,0,1
1528493760000,1528493819000,83.225,83.225,83.225,83.225,0,1
1528493820000,1528493879000,83.225,83.225,83.225,83.225,0,1
1528493880000,1528493939000,83.225,83.225,83.225,83.225,0,1
1528493940000,1528493999000,83.225,83.225,83.225,83.225,0,1
1528494000000,1528494059000,83.225,83.225,83.225,83.225,0,1
1528494060000,1528494119000,83.225,83.225,83.225,83.225,0,1
1528494120000,1528494179000,83.225,83.225,83.225,83.225,0,1
1528494180000,1528494239000,83.225,83.225,83.225,83.225,0,1
1528494240000,1528494299000,83.225,83.225,83.225,83.225,0,1
1528494300000,1528494359000,83.225,83.225,83.225,83.225,0,1
1528494360000,1528494419000,83.225,83.225,83.225,83.225,0,1
1528494420000,1528494479000,83.225,83.225,83.225,83.225,0,1
1528494480000,1528494539000,83.225,83.225,83.225,83.225,0,1
1528494540000,1528494599000,83.225,83.225,83.225,83.225,0,1
1528494600000,1528494659000,83.225,83.225,83.225,83.225,0,1
1528494660000,1528494719000,83.225,83.225,83.225,83.225,0,1
1528494720000,1528494779000,83.225,83.225,83.225,83.225,0,1
1528494780000,1528494839000,83.225,83.225,83.225,83.225,0,1
1528494840000,1528494899000,83.225,83.225,83.225,83.225,0,1
1528494900000,1528494959000,83.225,83.225,83.225,83.225,0,1
1528494960000,1528495019000,83.225,83.225,83.225,83.225,0,1
1528495020000,1528495079000,83.225,83.225,83.225,83.225,0,1
1528495080000,1528495139000,83.225,83.225,83.225,83.225,0,1
1528495140000,1528495199000,83.225,83.225,83.225,83.225,0,1
1528495200000,1528495259000,83.225,83.225,83.225,83.225,0,1
1528495260000,1528495319000,83.225,83.225,83.225,83.225,0,1
1528495320000,1528495379000,83.225,83.225,83.225,83.225,0,1
1528495380000,1528495439000,83.225,83.225,83.225,83.225,0,1
1528495440000,1528495499000,83.225,83.225,83.225,83.225,0,1
1528495500000,1528495559000,83.225,83.225,83.225,83.225,0,1
1528495560000,1528495619000,83.225,83.225,83.225,83.225,0,1
1528495620000,1528495679000,83.225,83.225,83.225,83.225,0,1
1528495680000,1528495739000,83.225,83.225,83.225,83.225,0,1
1528495740000,1528495799000,83.225,83.225,83.225,83.225,0,1
1528495800000,1528495859000,83.225,83.225,83.225,83.225,0,1
1528495860000,1528495919000,83.225,83.225,83.225,83.225,0,1
1528495920000,1528495979000,83.225,83.225,83.225,83.225,0,1
1528495980000,1528496039000,83.225,83.225,83.225,83.225,0,1
1528496040000,1528496099000,83.225,83.225,83.225,83.225,0,1
1528496100000,1528496159000,83.225,83.225,83.225,83.225,0,1
1528496160000,1528496219000,83.225,83.225,83.225,83.225,0,1
1528496220000,1528496279000,83.225,83.225,83.225,83.225,0,1
1528496280000,1528496339000,83.225,83.225,83.225,83.225,0,1
1528496340000,1528496399000,83.225,83.225,83.225,83.225,0,1
1528496400000,1528496459000,83.225,83.225,83.225,83.225,0,1
1528496460000,1528496519000,83.225,83.225,83.225,83.225,0,1
1528496520000,1528496579000,83.225,83.225,83.225,83.225,0,1
1528496580000,1528496639000,83.225,83.225,83.225,83.225,0,1
1528496640000,1528496699000,83.225,83.225,83.225,83.225,0,1
1528496700000,1528496759000,83.225,83.225,83.225,83.225,0,1
1528496760000,1528496819000,83.225,83.225,83.225,83.225,0,1
1528496820000,1528496879000,83.225,83.225,83.225,83.225,0,1
1528496880000,1528496939000,83.225,83.225,83.225,83.225,0,1
1528496940000,1528496999000,83.225,83.225,83.225,83.225,0,1
1528497000000,1528497059000,83.225,83.225,83.225,83.225,0,1
1528497060000,1528497119000,83.225,83.225,83.225,83.225,0,1
1528497120000,1528497179000,83.225,83.225,83.225,83.225,0,1
1528497180000,1528497239000,83.225,83.225,83.225,83.225,0,1
1528497240000,1528497299000,83.225,83.225,83.225,83.225,0,1
1528497300000,1528497359000,83.225,83.225,83.225,83.225,0,1
1528497360000,1528497419000,83.225,83.225,83.225,83.225,0,1
1528497420000,1528497479000,83.225,83.225,83.225,83.225,0,1
1528497480000,1528497539000,83.225,83.225,83.225,83.225,0,1
1528497540000,1528497599000,83.225,83.225,83.225,83.225,0,1
1528497600000,1528497659000,83.225,83.225,83.225,83.225,0,1
1528497660000,1528497719000,83.225,83.225,83.225,83.225,0,1
1528497720000,1528497779000,83.225,83.225,83.225,83.225,0,1
1528497780000,1528497839000,83.225,83.225,83.225,83.225,0,1
1528497840000,1528497899000,83.225,83.225,83.225,83.225,0,1
1528497900000,1528497959000,83.225,83.225,83.225,83.225,0,1
1528497960000,1528498019000,83.225,83.225,83.225,83.225,0,1
1528498020000,1528498079000,83.225,83.225,83.225,83.225,0,1
1528498080000,1528498139000,83.225,83.225,83.225,83.225,0,1
1528498140000,1528498199000,83.225,83.225,83.225,83.225,0,1
1528498200000,1528498259000,83.225,83.225,83.225,83.225,0,1
1528498260000,1528498319000,83.225,83.225,83.225,83.225,0,1
1528498320000,1528498379000,83.225,83.225,83.225,83.225,0,1
1528498380000,1528498439000,83.225,83.225,83.225,83.225,0,1
1528498440000,1528498499000,83.225,83.225,83.225,83.225,0,1
1528498500000,1528498559000,83.225,83.225,83.225,83.225,0,1
1528498560000,1528498619000,83.225,83.225,83.225,83.225,0,1
1528498620000,1528498679000,83.225,83.225,83.225,83.225,0,1
1528498680000,1528498739000,83.225,83.225,83.225,83.225,0,1
1528498740000,1528498799000,83.225,83.225,83.225,83.225,0,1
1528498800000,1528498859000,83.225,83.225,83.225,83.225,0,1
1528498860000,1528498919000,83.225,83.225,83.225,83.225,0,1
1528498920000,1528498979000,83.225,83.225,83.225,83.225,0,1
1528498980000,1528499039000,83.225,83.225,83.225,83.225,0,1
1528499040000,1528499099000,83.225,83.225,83.225,83.225,0,1
1528499100000,1528499159000,83.225,83.225,83.225,83.225,0,1
1528499160000,1528499219000,83.225,83.225,83.225,83.225,0,1
1528499220000,1528499279000,83.225,83.225,83.225,83.225,0,1
1528499280000,1528499339000,83.225,83.225,83.225,83.225,0,1
1528499340000,1528499399000,83.225,83.225,83.225,83.225,0,1
1528499400000,1528499459000,83.225,83.225,83.225,83.225,0,1
1528499460000,1528499519000,83.225,83.225,83.225,83.225,0,1
1528499520000,1528499579000,83.225,83.225,83.225,83.225,0,1
1528499580000,1528499639000,83.225,83.225,83.225,83.225,0,1
1528499640000,1528499699000,83.225,83.225,83.225,83.225,0,1
1528499700000,1528499759000,83.225,83.225,83.225,83.225,0,1
1528499760000,1528499819000,83.225,83.225,83.225,83.225,0,1
1528499820000,1528499879000,83.225,83.225,83.225,83.225,0,1
1528499880000,1528499939000,83.225,83.225,83.225,83.225,0,1
1528499940000,1528499999000,83.225,83.225,83.225,83.225,0,1
1528500000000,1528500059000,83.225,83.225,83.225,83.225,0,1
1528500060000,1528500119000,83.225,83.225,83.225,83.225,0,1
1528500120000,1528500179000,83.225,83.225,83.225,83.225,0,1
1528500180000,1528500239000,83.225,83.225,83.225,83.225,0,1
1528500240000,1528500299000,83.225,83.225,83.225,83.225,0,1
1528500300000,1528500359000,83.225,83.225,83.225,83.225,0,1
1528500360000,1528500419000,83.225,83.225,83.225,83.225,0,1
1528500420000,1528500479000,83.225,83.225,83.225,83.225,0,1
1528500480000,1528500539000,83.225,83.225,83.225,83.225,0,1
1528500540000,1528500599000,83.225,83.225,83.225,83.225,0,1
1528500600000,1528500659000,83.225,83.225,83.225,83.225,0,1
1528500660000,1528500719000,83.225,83.225,83.225,83.225,0,1
1528500720000,1528500779000,83.225,83.225,83.225,83.225,0,1
1528500780000,1528500839000,83.225,83.225,83.225,83.225,0,1
1528500840000,1528500899000,83.225,83.225,83.225,83.225,0,1
1528500900000,1528500959000,83.225,83.225,83.225,83.225,0,1
1528500960000,1528501019000,83.225,83.225,83.225,83.225,0,1
1528501020000,1528501079000,83.225,83.225,83.225,83.225,0,1
1528501080000,1528501139000,83.225,83.225,83.225,83.225,0,1
1528501140000,1528501199000,83.225,83.225,83.225,83.225,0,1
1528501200000,1528501259000,83.225,83.225,83.225,83.225,0,1
1528501260000,1528501319000,83.225,83.225,83.225,83.225,0,1
1528501320000,1528501379000,83.225,83.225,83.225,83.225,0,1
1528501380000,1528501439000,83.225,83.225,83.225,83.225,0,1
1528501440000,1528501499000,83.225,83.225,83.225,83.225,0,1
1528501500000,1528501559000,83.225,83.225,83.225,83.225,0,1
1528501560000,1528501619000,83.225,83.225,83.225,83.225,0,1
1528501620000,1528501679000,83.225,83.225,83.225,83.225,0,1
1528501680000,1528501739000,83.225,83.225,83.225,83.225,0,1
1528501740000,1528501799000,83.225,83.225,83.225,83.225,0,1
1528501800000,1528501859000,83.225,83.225,83.225,83.225,0,1
1528501860000,1528501919000,83.225,83.225,83.225,83.225,0,1
1528501920000,1528501979000,83.225,83.225,83.225,83.225,0,1
1528501980000,1528502039000,83.225,83.225,83.225,83.225,0,1
1528502040000,1528502099000,83.225,83.225,83.225,83.225,0,1
1528502100000,1528502159000,83.225,83.225,83.225,83.225,0,1
1528502160000,1528502219000,83.225,83.225,83.225,83.225,0,1
1528502220000,1528502279000,83.225,83.225,83.225,83.225,0,1
1528502280000,1528502339000,83.225,83.225,83.225,83.225,0,1
1528502340000,1528502399000,83.225,83.225,83.225,83.225,0,1
1528664400000,1528664459000,82.935,82.944,82.929,82.944,9750000,1
1528664460000,1528664519000,82.961,82.978,82.961,82.978,4500000,1
1528664580000,1528664639000,82.981,82.981,82.981,82.981,750000,1
1528664640000,1528664699000,82.982,82.991,82.982,82.985,4570000,1
1528664700000,1528664759000,82.988,83.026,82.986,83.001,32060000,1
1528664760000,1528664819000,83.003,83.009,82.998,83.003,38210000,1
1528664820000,1528664879000,83.009,83.016,83.003,83.006,35880000,1
1528664880000,1528664939000,82.996,83.012,82.994,83.011,44750000,1
1528664940000,1528664999000,83.014,83.017,83.01,83.015,23640000,1
1528665000000,1528665059000,83.015,83.015,83.008,83.01,13390000,1
1528665060000,1528665119000,83.014,83.014,83.003,83.012,26410000,1
1528665120000,1528665179000,83.015,83.016,83.015,83.015,14760000,1
1528665180000,1528665239000,83.014,83.015,83.003,83.014,9760000,1
1528665240000,1528665299000,83.011,83.015,83.006,83.015,12260000,1
1528665300000,1528665359000,83.015,83.018,83.015,83.018,10890000,1
1528665360000,1528665419000,83.022,83.022,83.018,83.022,6190000,1
1528665420000,1528665479000,83.022,83.022,82.999,83.017,17380000,1
1528665480000,1528665539000,83.017,83.018,83.017,83.017,5940000,1
1528665540000,1528665599000,83.017,83.017,83.017,83.017,18690000,1
1528665600000,1528665659000,83.017,83.018,83.01,83.018,34630000,1
1528665660000,1528665719000,83.018,83.028,83.018,83.027,20190000,1
1528665720000,1528665779000,83.027,83.027,83.023,83.026,6940000,1
1528665780000,1528665839000,83.032,83.035,83.014,83.027,28310000,1
1528665840000,1528665899000,83.028,83.036,83.028,83.035,22250000,1
1528665900000,1528665959000,83.035,83.037,83.034,83.035,46500000,1
1528665960000,1528666019000,83.035,83.035,83.032,83.032,10750000,1
1528666020000,1528666079000,83.032,83.032,83.032,83.032,6440000,1
1528666140000,1528666199000,83.033,83.033,83.033,83.033,1690000,1
1528666200000,1528666259000,83.037,83.037,83.031,83.031,13630000,1
1528666320000,1528666379000,83.038,83.041,83.038,83.041,3690000,1
1528666380000,1528666439000,83.041,83.059,83.041,83.049,38220000,1
1528666440000,1528666499000,83.055,83.077,83.055,83.077,27150000,1
1528666500000,1528666559000,83.077,83.077,83.067,83.075,38170000,1
1528666560000,1528666619000,83.073,83.086,83.073,83.085,37770000,1
1528666620000,1528666679000,83.085,83.103,83.08,83.096,275570000,1
1528666680000,1528666739000,83.097,83.145,83.078,83.086,54480000,1
1528666740000,1528666799000,83.086,83.086,83.082,83.086,4690000,1
1528666800000,1528666859000,83.088,83.088,83.072,83.082,19100000,1
1528666860000,1528666919000,83.082,83.105,83.077,83.086,36110000,1
1528666920000,1528666979000,83.078,83.12,83.078,83.101,71450000,1
1528666980000,1528667039000,83.105,83.111,83.091,83.105,32130000,1
1528667040000,1528667099000,83.105,83.105,83.099,83.101,4760000,1
1528667160000,1528667219000,83.093,83.093,83.066,83.086,13500000,1
1528667220000,1528667279000,83.086,83.101,83.086,83.101,7630000,1
1528667280000,1528667339000,83.101,83.102,83.081,83.081,23760000,1
1528667340000,1528667399000,83.081,83.111,83.073,83.097,46360000,1
1528667400000,1528667459000,83.097,83.119,83.097,83.111,14090000,1
1528667460000,1528667519000,83.111,83.116,83.088,83.092,28800000,1
1528667520000,1528667579000,83.092,83.103,83.087,83.089,23730000,1
1528667580000,1528667639000,83.095,83.102,83.089,83.101,24940000,1
1528667640000,1528667699000,83.101,83.101,83.043,83.089,64780000,1
1528667700000,1528667759000,83.07,83.075,83.057,83.061,47390000,1
1528667760000,1528667819000,83.061,83.062,83.061,83.062,6370000,1
1528667820000,1528667879000,83.063,83.065,83.062,83.062,6480000,1
1528667880000,1528667939000,83.061,83.061,83.024,83.024,33290000,1
1528667940000,1528667999000,83.024,83.058,83.024,83.037,39010000,1
1528668000000,1528668059000,83.042,83.083,83.003,83.082,133610000,1
1528668060000,1528668119000,83.083,83.103,83.072,83.086,47530000,1
1528668120000,1528668179000,83.086,83.102,83.071,83.085,36370000,1
1528668180000,1528668239000,83.086,83.087,83.081,83.084,28380000,1
1528668240000,1528668299000,83.085,83.091,83.084,83.088,90890000,1
1528668300000,1528668359000,83.089,83.121,83.086,83.12,97030000,1
1528668360000,1528668419000,83.12,83.127,83.118,83.126,24200000,1
1528668420000,1528668479000,83.126,83.127,83.115,83.121,49140000,1
1528668480000,1528668539000,83.122,83.127,83.121,83.125,41870000,1
1528668540000,1528668599000,83.125,83.126,83.125,83.125,16270000,1
1528668600000,1528668659000,83.124,83.124,83.091,83.091,48310000,1
1528668660000,1528668719000,83.091,83.094,83.09,83.093,36560000,1
1528668720000,1528668779000,83.093,83.093,83.074,83.08,25770000,1
1528668780000,1528668839000,83.08,83.106,83.08,83.105,49680000,1
1528668840000,1528668899000,83.106,83.113,83.101,83.113,60030000,1
1528668900000,1528668959000,83.114,83.122,83.114,83.122,31890000,1
1528668960000,1528669019000,83.121,83.123,83.116,83.118,22010000,1
1528669020000,1528669079000,83.116,83.119,83.107,83.111,52180000,1
1528669080000,1528669139000,83.11,83.11,83.108,83.11,20570000,1
1528669140000,1528669199000,83.111,83.12,83.111,83.119,12760000,1
1528669200000,1528669259000,83.118,83.122,83.118,83.118,22280000,1
1528669260000,1528669319000,83.122,83.125,83.12,83.124,16190000,1
1528669320000,1528669379000,83.124,83.133,83.123,83.123,33670000,1
1528669380000,1528669439000,83.123,83.123,83.116,83.122,27190000,1
1528669440000,1528669499000,83.122,83.122,83.119,83.119,9440000,1
1528669500000,1528669559000,83.118,83.122,83.118,83.122,26340000,1
1528669560000,1528669619000,83.123,83.125,83.122,83.122,21190000,1
1528669620000,1528669679000,83.118,83.12,83.116,83.12,14430000,1
1528669680000,1528669739000,83.12,83.128,83.12,83.124,28700000,1
1528669740000,1528669799000,83.124,83.124,83.124,83.124,1000000,1
1528669800000,1528669859000,83.128,83.163,83.128,83.161,38940000,1
1528669860000,1528669919000,83.156,83.162,83.156,83.157,11620000,1
1528669920000,1528669979000,83.156,83.158,83.145,83.145,11000000,1
1528669980000,1528670039000,83.144,83.144,83.14,83.143,15000000,1
1528670040000,1528670099000,83.142,83.142,83.138,83.138,16920000,1
1528670100000,1528670159000,83.138,83.148,83.13,83.132,56330000,1
1528670160000,1528670219000,83.13,83.135,83.13,83.135,37690000,1
1528670220000,1528670279000,83.133,83.133,83.128,83.128,13990000,1
1528670280000,1528670339000,83.125,83.125,83.111,83.117,43860000,1
1528670340000,1528670399000,83.116,83.116,83.108,83.115,33190000,1
1528670400000,1528670459000,83.114,83.114,83.109,83.111,23040000,1
1528670460000,1528670519000,83.111,83.111,83.111,83.111,3380000,1
1528670520000,1528670579000,83.111,83.111,83.109,83.111,7190000,1
1528670580000,1528670639000,83.111,83.111,83.101,83.101,11110000,1
1528670640000,1528670699000,83.1,83.1,83.098,83.098,6230000,1
1528670700000,1528670759000,83.098,83.098,83.098,83.098,7110000,1
1528670760000,1528670819000,83.098,83.099,83.098,83.099,6350000,1
1528670820000,1528670879000,83.098,83.099,83.097,83.097,8230000,1
1528670880000,1528670939000,83.098,83.103,83.098,83.103,11530000,1
1528670940000,1528670999000,83.104,83.104,83.1,83.1,8730000,1
1528671000000,1528671059000,83.1,83.1,83.086,83.086,16030000,1
1528671060000,1528671119000,83.093,83.095,83.092,83.095,16220000,1
1528671120000,1528671179000,83.095,83.095,83.091,83.091,9910000,1
1528671180000,1528671239000,83.089,83.089,83.089,83.089,2060000,1
1528671240000,1528671299000,83.089,83.089,83.089,83.089,4120000,1
1528671300000,1528671359000,83.089,83.089,83.088,83.089,6190000,1
1528671360000,1528671419000,83.088,83.088,83.081,83.083,52800000,1
1528671420000,1528671479000,83.083,83.085,83.083,83.085,9790000,1
1528671480000,1528671539000,83.084,83.084,83.076,83.076,18910000,1
1528671540000,1528671599000,83.077,83.085,83.076,83.085,18050000,1
1528671600000,1528671659000,83.082,83.107,83.08,83.097,52380000,1
1528671660000,1528671719000,83.096,83.096,83.081,83.081,47040000,1
1528671720000,1528671779000,83.081,83.087,83.081,83.087,20490000,1
1528671780000,1528671839000,83.088,83.095,83.088,83.092,39750000,1
1528671840000,1528671899000,83.092,83.097,83.088,83.097,33420000,1
1528671900000,1528671959000,83.099,83.105,83.099,83.101,29350000,1
1528671960000,1528672019000,83.101,83.111,83.1,83.111,28600000,1
1528672020000,1528672079000,83.11,83.11,83.104,83.109,23790000,1
1528672080000,1528672139000,83.11,83.112,83.109,83.112,12110000,1
1528672140000,1528672199000,83.112,83.114,83.107,83.114,29170000,1
1528672200000,1528672259000,83.114,83.12,83.114,83.116,40260000,1
1528672260000,1528672319000,83.117,83.117,83.102,83.102,34800000,1
1528672320000,1528672379000,83.101,83.103,83.096,83.103,22200000,1
1528672380000,1528672439000,83.103,83.114,83.103,83.112,19790000,1
1528672440000,1528672499000,83.11,83.11,83.106,83.106,29130000,1
1528672500000,1528672559000,83.106,83.106,83.095,83.104,61960000,1
1528672560000,1528672619000,83.103,83.109,83.102,83.103,30550000,1
1528672620000,1528672679000,83.103,83.103,83.1,83.1,15190000,1
1528672680000,1528672739000,83.1,83.1,83.088,83.09,36910000,1
1528672740000,1528672799000,83.091,83.097,83.087,83.092,36810000,1
1528672800000,1528672859000,83.092,83.095,83.088,83.09,32140000,1
1528672860000,1528672919000,83.09,83.092,83.09,83.092,13300000,1
1528672920000,1528672979000,83.092,83.092,83.084,83.084,14030000,1
1528672980000,1528673039000,83.082,83.088,83.082,83.088,44050000,1
1528673040000,1528673099000,83.088,83.089,83.088,83.088,19330000,1
1528673100000,1528673159000,83.09,83.093,83.09,83.092,28700000,1
1528673160000,1528673219000,83.092,83.11,83.09,83.11,37090000,1
1528673220000,1528673279000,83.11,83.11,83.088,83.092,57770000,1
1528673280000,1528673339000,83.093,83.098,83.092,83.096,35020000,1
1528673340000,1528673399000,83.096,83.1,83.096,83.099,12460000,1
1528673400000,1528673459000,83.102,83.103,83.084,83.095,39610000,1
1528673460000,1528673519000,83.094,83.097,83.094,83.097,5750000,1
1528673520000,1528673579000,83.095,83.1,83.095,83.1,12000000,1
1528673580000,1528673639000,83.099,83.109,83.097,83.109,20740000,1
1528673640000,1528673699000,83.108,83.114,83.108,83.11,21240000,1
1528673700000,1528673759000,83.11,83.117,83.11,83.117,20470000,1
1528673760000,1528673819000,83.116,83.116,83.103,83.107,49230000,1
1528673820000,1528673879000,83.108,83.129,83.108,83.129,39200000,1
1528673880000,1528673939000,83.129,83.141,83.126,83.134,38190000,1
1528673940000,1528673999000,83.136,83.141,83.136,83.139,24940000,1
1528674000000,1528674059000,83.138,83.163,83.137,83.161,51710000,1
1528674060000,1528674119000,83.16,83.16,83.147,83.154,41610000,1
1528674120000,1528674179000,83.154,83.157,83.151,83.153,39120000,1
1528674180000,1528674239000,83.154,83.156,83.152,83.154,31020000,1
1528674240000,1528674299000,83.153,83.161,83.153,83.159,37430000,1
1528674300000,1528674359000,83.159,83.159,83.156,83.159,25000000,1
1528674360000,1528674419000,83.158,83.16,83.151,83.153,56300000,1
1528674420000,1528674479000,83.152,83.153,83.149,83.15,20060000,1
1528674480000,1528674539000,83.149,83.158,83.148,83.152,27250000,1
1528674540000,1528674599000,83.152,83.152,83.151,83.152,16890000,1
1528674600000,1528674659000,83.152,83.172,83.152,83.167,38450000,1
1528674660000,1528674719000,83.166,83.166,83.162,83.163,13050000,1
1528674720000,1528674779000,83.162,83.162,83.156,83.161,27050000,1
1528674780000,1528674839000,83.161,83.162,83.157,83.162,40280000,1
1528674840000,1528674899000,83.163,83.172,83.163,83.169,33970000,1
1528674900000,1528674959000,83.169,83.174,83.165,83.167,50410000,1
1528674960000,1528675019000,83.167,83.18,83.167,83.178,23250000,1
1528675020000,1528675079000,83.177,83.183,83.176,83.177,51890000,1
1528675080000,1528675139000,83.178,83.224,83.178,83.219,68360000,1
1528675140000,1528675199000,83.218,83.226,83.207,83.215,83840000,1
1528675200000,1528675259000,83.215,83.262,83.215,83.248,129540000,1
1528675260000,1528675319000,83.25,83.25,83.177,83.194,160270000,1
1528675320000,1528675379000,83.195,83.196,83.176,83.184,59840000,1
1528675380000,1528675439000,83.184,83.195,83.178,83.178,76110000,1
1528675440000,1528675499000,83.178,83.18,83.173,83.177,46810000,1
1528675500000,1528675559000,83.179,83.193,83.179,83.185,90700000,1
1528675560000,1528675619000,83.186,83.186,83.18,83.18,24960000,1
1528675620000,1528675679000,83.18,83.186,83.173,83.18,101100000,1
1528675680000,1528675739000,83.181,83.261,83.174,83.252,72700000,1
1528675740000,1528675799000,83.253,83.257,83.21,83.21,111780000,1
1528675800000,1528675859000,83.21,83.242,83.205,83.227,115970000,1
1528675860000,1528675919000,83.227,83.237,83.217,83.224,113940000,1
1528675920000,1528675979000,83.223,83.247,83.219,83.235,68840000,1
1528675980000,1528676039000,83.235,83.235,83.21,83.217,74790000,1
1528676040000,1528676099000,83.215,83.228,83.21,83.217,63630000,1
1528676100000,1528676159000,83.218,83.224,83.195,83.195,84220000,1
1528676160000,1528676219000,83.194,83.195,83.184,83.191,84950000,1
1528676220000,1528676279000,83.189,83.193,83.188,83.188,44400000,1
1528676280000,1528676339000,83.186,83.186,83.167,83.184,59200000,1
1528676340000,1528676399000,83.183,83.183,83.152,83.171,90900000,1
1528676400000,1528676459000,83.17,83.17,83.16,83.16,48350000,1
1528676460000,1528676519000,83.16,83.162,83.153,83.157,54930000,1
1528676520000,1528676579000,83.155,83.155,83.138,83.149,88620000,1
1528676580000,1528676639000,83.149,83.15,83.14,83.14,68720000,1
1528676640000,1528676699000,83.14,83.143,83.122,83.123,123220000,1
1528676700000,1528676759000,83.123,83.126,83.108,83.108,73720000,1
1528676760000,1528676819000,83.106,83.118,83.103,83.103,119360000,1
1528676820000,1528676879000,83.103,83.107,83.096,83.106,95260000,1
1528676880000,1528676939000,83.108,83.119,83.108,83.117,87390000,1
1528676940000,1528676999000,83.118,83.118,83.108,83.117,33310000,1
1528677000000,1528677059000,83.118,83.132,83.115,83.126,55740000,1
1528677060000,1528677119000,83.127,83.136,83.126,83.135,95230000,1
1528677120000,1528677179000,83.135,83.14,83.122,83.137,68130000,1
1528677180000,1528677239000,83.138,83.152,83.138,83.145,41450000,1
1528677240000,1528677299000,83.144,83.166,83.136,83.166,54180000,1
1528677300000,1528677359000,83.165,83.179,83.161,83.178,67610000,1
1528677360000,1528677419000,83.178,83.19,83.178,83.185,69070000,1
1528677420000,1528677479000,83.185,83.192,83.17,83.172,67820000,1
1528677480000,1528677539000,83.173,83.199,83.167,83.176,133000000,1
1528677540000,1528677599000,83.177,83.183,83.171,83.176,84840000,1
1528677600000,1528677659000,83.176,83.18,83.166,83.175,126030000,1
1528677660000,1528677719000,83.174,83.219,83.171,83.217,92370000,1
1528677720000,1528677779000,83.218,83.231,83.207,83.215,145390000,1
1528677780000,1528677839000,83.213,83.231,83.204,83.227,121280000,1
1528677840000,1528677899000,83.228,83.25,83.228,83.25,147310000,1
1528677900000,1528677959000,83.253,83.26,83.229,83.236,143330000,1
1528677960000,1528678019000,83.237,83.242,83.23,83.242,58810000,1
1528678020000,1528678079000,83.241,83.263,83.241,83.243,150610000,1
1528678080000,1528678139000,83.242,83.257,83.235,83.257,160680000,1
1528678140000,1528678199000,83.256,83.262,83.245,83.259,85050000,1
1528678200000,1528678259000,83.259,83.271,83.247,83.253,189370000,1
1528678260000,1528678319000,83.253,83.259,83.235,83.251,146810000,1
1528678320000,1528678379000,83.251,83.26,83.247,83.255,140460000,1
1528678380000,1528678439000,83.254,83.261,83.247,83.255,131340000,1
1528678440000,1528678499000,83.254,83.254,83.188,83.217,245560000,1
1528678500000,1528678559000,83.218,83.242,83.206,83.229,185840000,1
1528678560000,1528678619000,83.23,83.23,83.201,83.206,122040000,1
1528678620000,1528678679000,83.209,83.242,83.209,83.241,89980000,1
1528678680000,1528678739000,83.239,83.253,83.239,83.248,112500000,1
1528678740000,1528678799000,83.249,83.257,83.24,83.256,84670000,1
1528678800000,1528678859000,83.255,83.334,83.255,83.296,200960000,1
1528678860000,1528678919000,83.297,83.317,83.274,83.304,133780000,1
1528678920000,1528678979000,83.304,83.313,83.295,83.311,133950000,1
1528678980000,1528679039000,83.311,83.311,83.287,83.287,69590000,1
1528679040000,1528679099000,83.286,83.3,83.278,83.287,187900000,1
1528679100000,1528679159000,83.287,83.299,83.279,83.28,146130000,1
1528679160000,1528679219000,83.28,83.306,83.28,83.301,188520000,1
1528679220000,1528679279000,83.3,83.3,83.289,83.295,122290000,1
1528679280000,1528679339000,83.295,83.307,83.292,83.306,95200000,1
1528679340000,1528679399000,83.306,83.321,83.296,83.3,131210000,1
1528679400000,1528679459000,83.3,83.323,83.293,83.293,98810000,1
1528679460000,1528679519000,83.292,83.292,83.279,83.279,87560000,1
1528679520000,1528679579000,83.279,83.283,83.274,83.283,68280000,1
1528679580000,1528679639000,83.285,83.309,83.285,83.293,65100000,1
1528679640000,1528679699000,83.294,83.294,83.27,83.272,60570000,1
1528679700000,1528679759000,83.271,83.283,83.265,83.266,115380000,1
1528679760000,1528679819000,83.264,83.264,83.232,83.248,153490000,1
1528679820000,1528679879000,83.248,83.257,83.246,83.251,94720000,1
1528679880000,1528679939000,83.25,83.25,83.235,83.235,59340000,1
1528679940000,1528679999000,83.235,83.238,83.222,83.222,124820000,1
1528680000000,1528680059000,83.222,83.228,83.212,83.22,98150000,1
1528680060000,1528680119000,83.219,83.255,83.217,83.255,90590000,1
1528680120000,1528680179000,83.256,83.26,83.251,83.257,41730000,1
1528680180000,1528680239000,83.257,83.258,83.251,83.251,26230000,1
1528680240000,1528680299000,83.251,83.255,83.246,83.252,30720000,1
1528680300000,1528680359000,83.254,83.261,83.249,83.254,60340000,1
1528680360000,1528680419000,83.253,83.254,83.242,83.25,87170000,1
1528680420000,1528680479000,83.25,83.253,83.24,83.24,77590000,1
1528680480000,1528680539000,83.239,83.244,83.235,83.241,57960000,1
1528680540000,1528680599000,83.24,83.241,83.225,83.233,134560000,1
1528680600000,1528680659000,83.233,83.242,83.226,83.235,197560000,1
1528680660000,1528680719000,83.235,83.238,83.228,83.232,68640000,1
1528680720000,1528680779000,83.232,83.259,83.232,83.25,97250000,1
1528680780000,1528680839000,83.25,83.25,83.216,83.224,143100000,1
1528680840000,1528680899000,83.224,83.226,83.212,83.22,102040000,1
1528680900000,1528680959000,83.22,83.222,83.208,83.217,95680000,1
1528680960000,1528681019000,83.217,83.232,83.213,83.228,122750000,1
1528681020000,1528681079000,83.229,83.231,83.219,83.23,93720000,1
1528681080000,1528681139000,83.228,83.229,83.22,83.228,84560000,1
1528681140000,1528681199000,83.229,83.234,83.217,83.221,125090000,1
1528681200000,1528681259000,83.221,83.23,83.216,83.225,137290000,1
1528681260000,1528681319000,83.225,83.24,83.223,83.24,113580000,1
1528681320000,1528681379000,83.24,83.256,83.238,83.256,36050000,1
1528681380000,1528681439000,83.254,83.258,83.247,83.249,98350000,1
1528681440000,1528681499000,83.249,83.25,83.235,83.238,152360000,1
1528681500000,1528681559000,83.238,83.25,83.234,83.25,102030000,1
1528681560000,1528681619000,83.25,83.271,83.245,83.268,152920000,1
1528681620000,1528681679000,83.267,83.272,83.241,83.246,131610000,1
1528681680000,1528681739000,83.246,83.248,83.244,83.247,117360000,1
1528681740000,1528681799000,83.246,83.278,83.245,83.275,125180000,1
1528681800000,1528681859000,83.274,83.283,83.262,83.283,93510000,1
1528681860000,1528681919000,83.284,83.287,83.277,83.285,77890000,1
1528681920000,1528681979000,83.285,83.323,83.285,83.298,229160000,1
1528681980000,1528682039000,83.299,83.321,83.297,83.31,167830000,1
1528682040000,1528682099000,83.309,83.313,83.283,83.286,128640000,1
1528682100000,1528682159000,83.286,83.305,83.285,83.305,113500000,1
1528682160000,1528682219000,83.305,83.308,83.291,83.298,88550000,1
1528682220000,1528682279000,83.297,83.316,83.295,83.295,111120000,1
1528682280000,1528682339000,83.295,83.3,83.288,83.299,71900000,1
1528682340000,1528682399000,83.299,83.299,83.27,83.284,122500000,1
1528682400000,1528682459000,83.285,83.316,83.285,83.305,108740000,1
1528682460000,1528682519000,83.305,83.327,83.302,83.318,114400000,1
1528682520000,1528682579000,83.32,83.325,83.293,83.298,110470000,1
1528682580000,1528682639000,83.297,83.318,83.297,83.317,130680000,1
1528682640000,1528682699000,83.316,83.316,83.28,83.281,105460000,1
1528682700000,1528682759000,83.282,83.292,83.281,83.281,63800000,1
1528682760000,1528682819000,83.281,83.281,83.261,83.266,141390000,1
1528682820000,1528682879000,83.267,83.275,83.262,83.273,74960000,1
1528682880000,1528682939000,83.273,83.281,83.273,83.276,67680000,1
1528682940000,1528682999000,83.276,83.276,83.265,83.27,80220000,1
1528683000000,1528683059000,83.27,83.278,83.269,83.278,75360000,1
1528683060000,1528683119000,83.277,83.277,83.247,83.251,71990000,1
1528683120000,1528683179000,83.25,83.253,83.241,83.246,61570000,1
1528683180000,1528683239000,83.246,83.274,83.244,83.274,53430000,1
1528683240000,1528683299000,83.273,83.274,83.255,83.27,60890000,1
1528683300000,1528683359000,83.271,83.275,83.266,83.275,36420000,1
1528683360000,1528683419000,83.274,83.274,83.264,83.266,51410000,1
1528683420000,1528683479000,83.266,83.269,83.264,83.268,44450000,1
1528683480000,1528683539000,83.268,83.276,83.267,83.275,43870000,1
1528683540000,1528683599000,83.274,83.274,83.267,83.271,38410000,1
1528683600000,1528683659000,83.271,83.281,83.266,83.269,65050000,1
1528683660000,1528683719000,83.27,83.282,83.267,83.279,85100000,1
1528683720000,1528683779000,83.279,83.279,83.276,83.278,70390000,1
1528683780000,1528683839000,83.278,83.283,83.278,83.283,45490000,1
1528683840000,1528683899000,83.281,83.293,83.28,83.283,74620000,1
1528683900000,1528683959000,83.282,83.283,83.28,83.282,16930000,1
1528683960000,1528684019000,83.281,83.283,83.274,83.28,24220000,1
1528684020000,1528684079000,83.281,83.288,83.28,83.288,18970000,1
1528684080000,1528684139000,83.288,83.292,83.28,83.281,29640000,1
1528684140000,1528684199000,83.283,83.287,83.267,83.267,25380000,1
1528684200000,1528684259000,83.267,83.275,83.264,83.266,73870000,1
1528684260000,1528684319000,83.267,83.278,83.263,83.278,44750000,1
1528684320000,1528684379000,83.279,83.288,83.268,83.27,95880000,1
1528684380000,1528684439000,83.27,83.272,83.263,83.271,102990000,1
1528684440000,1528684499000,83.272,83.279,83.267,83.267,86760000,1
1528684500000,1528684559000,83.268,83.277,83.268,83.277,35820000,1
1528684560000,1528684619000,83.277,83.289,83.277,83.289,62210000,1
1528684620000,1528684679000,83.288,83.288,83.277,83.284,52830000,1
1528684680000,1528684739000,83.284,83.308,83.284,83.306,65090000,1
1528684740000,1528684799000,83.306,83.306,83.29,83.292,90930000,1
1528684800000,1528684859000,83.292,83.307,83.292,83.304,57040000,1
1528684860000,1528684919000,83.304,83.306,83.3,83.3,32550000,1
1528684920000,1528684979000,83.3,83.3,83.285,83.285,26980000,1
1528684980000,1528685039000,83.285,83.299,83.285,83.291,62830000,1
1528685040000,1528685099000,83.292,83.296,83.272,83.284,116320000,1
1528685100000,1528685159000,83.285,83.316,83.283,83.314,148500000,1
1528685160000,1528685219000,83.313,83.35,83.313,83.348,193230000,1
1528685220000,1528685279000,83.349,83.401,83.349,83.399,184990000,1
1528685280000,1528685339000,83.395,83.405,83.371,83.4,224640000,1
1528685340000,1528685399000,83.4,83.481,83.397,83.461,203640000,1
1528685400000,1528685459000,83.46,83.464,83.432,83.446,166410000,1
1528685460000,1528685519000,83.448,83.453,83.426,83.429,107000000,1
1528685520000,1528685579000,83.429,83.439,83.411,83.435,116960000,1
1528685580000,1528685639000,83.434,83.438,83.432,83.433,83310000,1
1528685640000,1528685699000,83.433,83.446,83.433,83.442,59570000,1
1528685700000,1528685759000,83.442,83.461,83.432,83.451,93670000,1
1528685760000,1528685819000,83.451,83.461,83.449,83.449,101750000,1
1528685820000,1528685879000,83.449,83.461,83.448,83.461,104780000,1
1528685880000,1528685939000,83.462,83.462,83.452,83.453,89130000,1
1528685940000,1528685999000,83.451,83.476,83.444,83.46,113940000,1
1528686000000,1528686059000,83.461,83.486,83.461,83.463,236020000,1
1528686060000,1528686119000,83.463,83.469,83.449,83.45,118740000,1
1528686120000,1528686179000,83.45,83.45,83.421,83.424,125010000,1
1528686180000,1528686239000,83.424,83.424,83.408,83.412,76750000,1
1528686240000,1528686299000,83.413,83.413,83.403,83.403,26480000,1
1528686300000,1528686359000,83.403,83.42,83.403,83.415,66240000,1
1528686360000,1528686419000,83.415,83.423,83.4,83.4,74700000,1
1528686420000,1528686479000,83.4,83.418,83.4,83.407,79090000,1
1528686480000,1528686539000,83.407,83.409,83.395,83.398,64730000,1
1528686540000,1528686599000,83.4,83.41,83.396,83.41,67440000,1
1528686600000,1528686659000,83.411,83.412,83.403,83.403,75770000,1
1528686660000,1528686719000,83.403,83.407,83.393,83.396,39810000,1
1528686720000,1528686779000,83.397,83.403,83.395,83.395,50280000,1
1528686780000,1528686839000,83.395,83.397,83.392,83.397,59870000,1
1528686840000,1528686899000,83.395,83.406,83.391,83.403,104800000,1
1528686900000,1528686959000,83.403,83.405,83.392,83.405,77660000,1
1528686960000,1528687019000,83.402,83.423,83.402,83.419,52980000,1
1528687020000,1528687079000,83.418,83.431,83.418,83.431,41870000,1
1528687080000,1528687139000,83.43,83.439,83.43,83.437,27300000,1
1528687140000,1528687199000,83.437,83.437,83.42,83.42,29040000,1
1528687200000,1528687259000,83.419,83.427,83.415,83.425,52420000,1
1528687260000,1528687319000,83.424,83.425,83.421,83.423,21400000,1
1528687320000,1528687379000,83.424,83.425,83.421,83.423,30070000,1
1528687380000,1528687439000,83.424,83.44,83.424,83.435,70060000,1
1528687440000,1528687499000,83.438,83.444,83.426,83.426,140580000,1
1528687500000,1528687559000,83.427,83.449,83.427,83.446,82500000,1
1528687560000,1528687619000,83.446,83.446,83.433,83.435,81680000,1
1528687620000,1528687679000,83.435,83.465,83.432,83.456,106610000,1
1528687680000,1528687739000,83.455,83.467,83.439,83.467,92510000,1
1528687740000,1528687799000,83.469,83.483,83.459,83.46,112330000,1
1528687800000,1528687859000,83.46,83.475,83.447,83.463,156560000,1
1528687860000,1528687919000,83.466,83.473,83.458,83.458,107300000,1
1528687920000,1528687979000,83.456,83.459,83.453,83.455,44780000,1
1528687980000,1528688039000,83.455,83.462,83.448,83.459,70000000,1
1528688040000,1528688099000,83.46,83.464,83.456,83.457,48000000,1
1528688100000,1528688159000,83.456,83.458,83.445,83.453,56560000,1
1528688160000,1528688219000,83.452,83.455,83.442,83.455,87240000,1
1528688220000,1528688279000,83.455,83.456,83.445,83.448,42790000,1
1528688280000,1528688339000,83.45,83.454,83.448,83.451,87110000,1
1528688340000,1528688399000,83.451,83.459,83.447,83.454,92750000,1
1528688400000,1528688459000,83.456,83.47,83.454,83.469,52070000,1
1528688460000,1528688519000,83.469,83.476,83.466,83.473,86540000,1
1528688520000,1528688579000,83.474,83.475,83.465,83.466,51190000,1
1528688580000,1528688639000,83.466,83.469,83.455,83.455,76530000,1
1528688640000,1528688699000,83.455,83.455,83.449,83.45,28820000,1
1528688700000,1528688759000,83.45,83.463,83.45,83.463,26640000,1
1528688760000,1528688819000,83.463,83.475,83.458,83.458,88000000,1
1528688820000,1528688879000,83.459,83.466,83.459,83.464,33530000,1
1528688880000,1528688939000,83.464,83.464,83.461,83.463,26210000,1
1528688940000,1528688999000,83.463,83.464,83.46,83.464,24770000,1
1528689000000,1528689059000,83.464,83.478,83.464,83.478,34770000,1
1528689060000,1528689119000,83.478,83.481,83.471,83.471,65100000,1
1528689120000,1528689179000,83.471,83.488,83.471,83.487,82200000,1
1528689180000,1528689239000,83.486,83.493,83.476,83.476,110270000,1
1528689240000,1528689299000,83.476,83.486,83.476,83.486,62100000,1
1528689300000,1528689359000,83.486,83.491,83.486,83.491,34450000,1
1528689360000,1528689419000,83.493,83.505,83.493,83.505,80330000,1
1528689420000,1528689479000,83.505,83.508,83.502,83.505,42520000,1
1528689480000,1528689539000,83.505,83.506,83.492,83.494,80800000,1
1528689540000,1528689599000,83.494,83.494,83.476,83.476,31410000,1
1528689600000,1528689659000,83.477,83.477,83.469,83.473,124260000,1
1528689660000,1528689719000,83.473,83.474,83.473,83.473,31840000,1
1528689720000,1528689779000,83.472,83.472,83.458,83.462,33710000,1
1528689780000,1528689839000,83.461,83.466,83.461,83.466,25100000,1
1528689840000,1528689899000,83.466,83.466,83.46,83.466,46990000,1
1528689900000,1528689959000,83.465,83.465,83.453,83.455,94610000,1
1528689960000,1528690019000,83.454,83.462,83.454,83.462,40160000,1
1528690020000,1528690079000,83.462,83.466,83.461,83.465,46240000,1
1528690080000,1528690139000,83.465,83.471,83.465,83.471,39550000,1
1528690140000,1528690199000,83.471,83.471,83.445,83.448,64140000,1
1528690200000,1528690259000,83.449,83.449,83.444,83.445,38460000,1
1528690260000,1528690319000,83.445,83.458,83.445,83.45,58710000,1
1528690320000,1528690379000,83.449,83.46,83.449,83.46,12490000,1
1528690380000,1528690439000,83.459,83.462,83.459,83.46,64060000,1
1528690440000,1528690499000,83.459,83.464,83.458,83.464,38530000,1
1528690500000,1528690559000,83.463,83.463,83.454,83.455,51230000,1
1528690560000,1528690619000,83.455,83.458,83.447,83.452,61690000,1
1528690620000,1528690679000,83.451,83.46,83.451,83.453,22160000,1
1528690680000,1528690739000,83.454,83.455,83.442,83.443,22340000,1
1528690740000,1528690799000,83.442,83.452,83.442,83.448,26460000,1
1528690800000,1528690859000,83.448,83.465,83.448,83.465,39560000,1
1528690860000,1528690919000,83.464,83.47,83.459,83.466,46020000,1
1528690920000,1528690979000,83.466,83.474,83.466,83.473,17670000,1
1528690980000,1528691039000,83.473,83.48,83.47,83.48,26290000,1
1528691040000,1528691099000,83.48,83.48,83.464,83.472,82020000,1
1528691100000,1528691159000,83.472,83.475,83.471,83.474,75680000,1
1528691160000,1528691219000,83.474,83.474,83.474,83.474,13900000,1
1528691220000,1528691279000,83.474,83.474,83.464,83.464,41900000,1
1528691280000,1528691339000,83.464,83.468,83.456,83.457,61920000,1
1528691340000,1528691399000,83.457,83.462,83.457,83.46,28710000,1
1528691400000,1528691459000,83.462,83.465,83.459,83.46,52980000,1
1528691460000,1528691519000,83.46,83.473,83.46,83.473,91050000,1
1528691520000,1528691579000,83.473,83.474,83.469,83.471,31240000,1
1528691580000,1528691639000,83.472,83.477,83.469,83.475,42550000,1
1528691640000,1528691699000,83.474,83.48,83.473,83.478,29260000,1
1528691700000,1528691759000,83.478,83.531,83.478,83.53,62340000,1
1528691760000,1528691819000,83.526,83.556,83.526,83.538,76790000,1
1528691820000,1528691879000,83.538,83.542,83.534,83.535,44740000,1
1528691880000,1528691939000,83.534,83.534,83.522,83.534,98890000,1
1528691940000,1528691999000,83.534,83.556,83.534,83.545,51450000,1
1528692000000,1528692059000,83.544,83.545,83.522,83.524,32630000,1
1528692060000,1528692119000,83.524,83.524,83.504,83.504,66040000,1
1528692120000,1528692179000,83.504,83.51,83.502,83.504,50410000,1
1528692180000,1528692239000,83.504,83.509,83.504,83.508,42280000,1
1528692240000,1528692299000,83.508,83.525,83.508,83.525,42390000,1
1528692300000,1528692359000,83.524,83.524,83.507,83.507,33680000,1
1528692360000,1528692419000,83.508,83.514,83.508,83.51,28560000,1
1528692420000,1528692479000,83.511,83.521,83.511,83.521,15360000,1
1528692480000,1528692539000,83.521,83.534,83.519,83.534,55480000,1
1528692540000,1528692599000,83.534,83.534,83.515,83.515,40620000,1
1528692600000,1528692659000,83.516,83.522,83.514,83.522,40990000,1
1528692660000,1528692719000,83.52,83.53,83.52,83.527,38860000,1
1528692720000,1528692779000,83.527,83.527,83.513,83.524,83170000,1
1528692780000,1528692839000,83.523,83.531,83.519,83.526,66980000,1
1528692840000,1528692899000,83.526,83.531,83.521,83.529,54390000,1
1528692900000,1528692959000,83.529,83.551,83.529,83.545,86510000,1
1528692960000,1528693019000,83.545,83.548,83.537,83.539,30240000,1
1528693020000,1528693079000,83.537,83.538,83.523,83.527,54890000,1
1528693080000,1528693139000,83.528,83.53,83.521,83.527,30700000,1
1528693140000,1528693199000,83.527,83.527,83.519,83.519,46350000,1
1528693200000,1528693259000,83.519,83.519,83.505,83.508,53490000,1
1528693260000,1528693319000,83.508,83.517,83.508,83.509,39180000,1
1528693320000,1528693379000,83.51,83.512,83.48,83.483,56850000,1
1528693380000,1528693439000,83.481,83.488,83.471,83.485,84290000,1
1528693440000,1528693499000,83.482,83.485,83.475,83.475,48850000,1
1528693500000,1528693559000,83.474,83.487,83.474,83.487,59760000,1
1528693560000,1528693619000,83.487,83.504,83.487,83.498,64240000,1
1528693620000,1528693679000,83.499,83.511,83.499,83.511,29060000,1
1528693680000,1528693739000,83.511,83.511,83.488,83.488,30750000,1
1528693740000,1528693799000,83.486,83.487,83.465,83.477,43110000,1
1528693800000,1528693859000,83.477,83.485,83.476,83.483,21000000,1
1528693860000,1528693919000,83.482,83.483,83.477,83.477,18740000,1
1528693920000,1528693979000,83.477,83.487,83.474,83.482,54920000,1
1528693980000,1528694039000,83.485,83.487,83.478,83.478,56670000,1
1528694040000,1528694099000,83.477,83.479,83.477,83.478,40570000,1
1528694100000,1528694159000,83.478,83.495,83.478,83.495,42240000,1
1528694160000,1528694219000,83.495,83.497,83.492,83.492,39010000,1
1528694220000,1528694279000,83.494,83.5,83.482,83.485,55260000,1
1528694280000,1528694339000,83.488,83.5,83.488,83.5,60090000,1
1528694340000,1528694399000,83.502,83.505,83.496,83.496,30780000,1
1528694400000,1528694459000,83.497,83.498,83.493,83.494,36720000,1
1528694460000,1528694519000,83.494,83.499,83.494,83.498,16500000,1
1528694520000,1528694579000,83.498,83.498,83.483,83.483,23410000,1
1528694580000,1528694639000,83.483,83.483,83.473,83.475,31340000,1
1528694640000,1528694699000,83.475,83.486,83.475,83.482,41580000,1
1528694700000,1528694759000,83.482,83.494,83.481,83.492,63620000,1
1528694760000,1528694819000,83.492,83.503,83.484,83.484,35470000,1
1528694820000,1528694879000,83.484,83.488,83.483,83.485,27910000,1
1528694880000,1528694939000,83.488,83.497,83.488,83.496,46070000,1
1528694940000,1528694999000,83.496,83.499,83.494,83.498,20300000,1
1528695000000,1528695059000,83.498,83.502,83.488,83.488,55700000,1
1528695060000,1528695119000,83.487,83.497,83.487,83.497,12930000,1
1528695120000,1528695179000,83.499,83.503,83.495,83.496,21740000,1
1528695180000,1528695239000,83.499,83.505,83.499,83.503,15120000,1
1528695240000,1528695299000,83.502,83.502,83.497,83.501,24980000,1
1528695300000,1528695359000,83.501,83.502,83.495,83.496,23240000,1
1528695360000,1528695419000,83.496,83.497,83.489,83.492,37730000,1
1528695420000,1528695479000,83.492,83.493,83.488,83.488,19360000,1
1528695480000,1528695539000,83.486,83.486,83.483,83.486,27810000,1
1528695540000,1528695599000,83.486,83.486,83.484,83.484,12930000,1
1528695600000,1528695659000,83.482,83.49,83.482,83.49,24100000,1
1528695660000,1528695719000,83.49,83.49,83.483,83.487,56640000,1
1528695720000,1528695779000,83.487,83.487,83.476,83.477,47850000,1
1528695780000,1528695839000,83.478,83.48,83.478,83.48,19750000,1
1528695840000,1528695899000,83.48,83.482,83.48,83.482,19560000,1
1528695900000,1528695959000,83.482,83.483,83.481,83.481,13220000,1
1528695960000,1528696019000,83.481,83.486,83.474,83.478,44480000,1
1528696020000,1528696079000,83.477,83.477,83.469,83.469,58370000,1
1528696080000,1528696139000,83.469,83.479,83.467,83.469,59670000,1
1528696140000,1528696199000,83.469,83.476,83.468,83.475,32500000,1
1528696200000,1528696259000,83.474,83.48,83.466,83.48,88390000,1
1528696260000,1528696319000,83.479,83.483,83.478,83.481,61430000,1
1528696320000,1528696379000,83.482,83.491,83.481,83.49,33420000,1
1528696380000,1528696439000,83.49,83.491,83.481,83.486,49230000,1
1528696440000,1528696499000,83.487,83.487,83.478,83.48,42740000,1
1528696500000,1528696559000,83.481,83.481,83.466,83.467,60900000,1
1528696560000,1528696619000,83.466,83.468,83.454,83.455,36990000,1
1528696620000,1528696679000,83.454,83.468,83.454,83.465,79140000,1
1528696680000,1528696739000,83.465,83.467,83.458,83.462,55320000,1
1528696740000,1528696799000,83.462,83.471,83.46,83.471,22750000,1
1528696800000,1528696859000,83.468,83.468,83.43,83.432,98550000,1
1528696860000,1528696919000,83.433,83.476,83.433,83.476,118610000,1
1528696920000,1528696979000,83.474,83.486,83.464,83.483,110480000,1
1528696980000,1528697039000,83.484,83.509,83.484,83.508,106720000,1
1528697040000,1528697099000,83.507,83.533,83.507,83.527,169290000,1
1528697100000,1528697159000,83.528,83.528,83.509,83.512,101830000,1
1528697160000,1528697219000,83.511,83.512,83.491,83.505,92900000,1
1528697220000,1528697279000,83.502,83.615,83.502,83.595,156330000,1
1528697280000,1528697339000,83.594,83.636,83.591,83.621,132540000,1
1528697340000,1528697399000,83.619,83.62,83.596,83.6,100410000,1
1528697400000,1528697459000,83.601,83.635,83.598,83.631,120900000,1
1528697460000,1528697519000,83.632,83.663,83.623,83.653,201920000,1
1528697520000,1528697579000,83.653,83.666,83.65,83.65,160240000,1
1528697580000,1528697639000,83.648,83.648,83.61,83.61,184510000,1
1528697640000,1528697699000,83.612,83.637,83.612,83.627,100780000,1
1528697700000,1528697759000,83.625,83.666,83.619,83.663,149100000,1
1528697760000,1528697819000,83.661,83.69,83.658,83.688,117860000,1
1528697820000,1528697879000,83.687,83.69,83.672,83.688,112080000,1
1528697880000,1528697939000,83.687,83.696,83.681,83.696,82790000,1
1528697940000,1528697999000,83.699,83.703,83.69,83.691,146880000,1
1528698000000,1528698059000,83.69,83.704,83.671,83.694,145600000,1
1528698060000,1528698119000,83.694,83.71,83.677,83.697,149670000,1
1528698120000,1528698179000,83.696,83.708,83.684,83.703,211330000,1
1528698180000,1528698239000,83.705,83.732,83.704,83.716,163450000,1
1528698240000,1528698299000,83.715,83.725,83.699,83.714,139500000,1
1528698300000,1528698359000,83.715,83.715,83.69,83.69,121650000,1
1528698360000,1528698419000,83.69,83.697,83.682,83.688,143970000,1
1528698420000,1528698479000,83.686,83.713,83.683,83.695,107980000,1
1528698480000,1528698539000,83.695,83.696,83.673,83.682,144040000,1
1528698540000,1528698599000,83.682,83.688,83.674,83.681,107050000,1
1528698600000,1528698659000,83.681,83.718,83.68,83.717,180650000,1
1528698660000,1528698719000,83.717,83.722,83.699,83.703,111970000,1
1528698720000,1528698779000,83.704,83.731,83.703,83.721,80920000,1
1528698780000,1528698839000,83.72,83.72,83.701,83.715,108850000,1
1528698840000,1528698899000,83.714,83.75,83.703,83.748,99900000,1
1528698900000,1528698959000,83.747,83.747,83.715,83.728,126370000,1
1528698960000,1528699019000,83.724,83.728,83.714,83.717,92370000,1
1528699020000,1528699079000,83.718,83.724,83.714,83.721,92510000,1
1528699080000,1528699139000,83.721,83.723,83.705,83.705,73830000,1
1528699140000,1528699199000,83.706,83.727,83.706,83.727,91430000,1
1528699200000,1528699259000,83.727,83.73,83.707,83.708,104560000,1
1528699260000,1528699319000,83.706,83.707,83.703,83.703,84780000,1
1528699320000,1528699379000,83.703,83.703,83.643,83.648,147210000,1
1528699380000,1528699439000,83.648,83.676,83.646,83.666,124510000,1
1528699440000,1528699499000,83.666,83.675,83.666,83.674,84440000,1
1528699500000,1528699559000,83.674,83.682,83.669,83.676,203430000,1
1528699560000,1528699619000,83.676,83.678,83.663,83.668,152010000,1
1528699620000,1528699679000,83.668,83.673,83.652,83.664,105230000,1
1528699680000,1528699739000,83.665,83.679,83.663,83.666,87280000,1
1528699740000,1528699799000,83.667,83.668,83.638,83.656,133290000,1
1528699800000,1528699859000,83.656,83.724,83.653,83.724,102300000,1
1528699860000,1528699919000,83.723,83.726,83.691,83.7,192520000,1
1528699920000,1528699979000,83.699,83.715,83.683,83.702,112660000,1
1528699980000,1528700039000,83.702,83.706,83.694,83.704,75560000,1
1528700040000,1528700099000,83.704,83.712,83.703,83.712,61560000,1
1528700100000,1528700159000,83.712,83.731,83.708,83.72,129360000,1
1528700160000,1528700219000,83.719,83.722,83.689,83.697,86050000,1
1528700220000,1528700279000,83.696,83.699,83.687,83.697,72570000,1
1528700280000,1528700339000,83.698,83.74,83.693,83.739,169290000,1
1528700340000,1528700399000,83.739,83.739,83.704,83.709,159190000,1
1528700400000,1528700459000,83.711,83.755,83.696,83.75,191460000,1
1528700460000,1528700519000,83.751,83.756,83.73,83.733,126310000,1
1528700520000,1528700579000,83.733,83.736,83.72,83.72,145780000,1
1528700580000,1528700639000,83.72,83.724,83.709,83.71,100820000,1
1528700640000,1528700699000,83.711,83.737,83.706,83.737,107380000,1
1528700700000,1528700759000,83.736,83.754,83.717,83.742,138680000,1
1528700760000,1528700819000,83.74,83.743,83.723,83.737,144840000,1
1528700820000,1528700879000,83.737,83.74,83.717,83.723,89010000,1
1528700880000,1528700939000,83.722,83.752,83.72,83.724,128430000,1
1528700940000,1528700999000,83.724,83.743,83.721,83.735,85870000,1
1528701000000,1528701059000,83.736,83.778,83.734,83.778,107640000,1
1528701060000,1528701119000,83.775,83.783,83.761,83.768,112950000,1
1528701120000,1528701179000,83.769,83.779,83.754,83.777,103680000,1
1528701180000,1528701239000,83.777,83.785,83.767,83.781,86400000,1
1528701240000,1528701299000,83.779,83.779,83.743,83.743,92830000,1
1528701300000,1528701359000,83.744,83.769,83.742,83.762,131730000,1
1528701360000,1528701419000,83.763,83.769,83.757,83.757,128820000,1
1528701420000,1528701479000,83.757,83.761,83.743,83.758,97600000,1
1528701480000,1528701539000,83.758,83.763,83.755,83.762,90410000,1
1528701540000,1528701599000,83.761,83.773,83.747,83.751,124480000,1
1528701600000,1528701659000,83.752,83.756,83.725,83.728,130460000,1
1528701660000,1528701719000,83.729,83.735,83.727,83.733,90000000,1
1528701720000,1528701779000,83.734,83.734,83.713,83.714,116440000,1
1528701780000,1528701839000,83.713,83.717,83.706,83.715,91760000,1
1528701840000,1528701899000,83.714,83.728,83.714,83.721,73710000,1
1528701900000,1528701959000,83.721,83.728,83.704,83.706,94460000,1
1528701960000,1528702019000,83.706,83.717,83.703,83.713,131140000,1
1528702020000,1528702079000,83.712,83.713,83.699,83.699,94720000,1
1528702080000,1528702139000,83.699,83.729,83.699,83.728,84010000,1
1528702140000,1528702199000,83.729,83.74,83.729,83.739,106610000,1
1528702200000,1528702259000,83.738,83.753,83.712,83.712,159120000,1
1528702260000,1528702319000,83.71,83.73,83.702,83.723,118030000,1
1528702320000,1528702379000,83.723,83.734,83.722,83.728,114180000,1
1528702380000,1528702439000,83.728,83.733,83.726,83.727,52060000,1
1528702440000,1528702499000,83.727,83.737,83.689,83.689,122620000,1
1528702500000,1528702559000,83.69,83.728,83.69,83.726,170830000,1
1528702560000,1528702619000,83.726,83.731,83.723,83.726,62130000,1
1528702620000,1528702679000,83.725,83.727,83.717,83.72,87080000,1
1528702680000,1528702739000,83.72,83.723,83.713,83.713,75550000,1
1528702740000,1528702799000,83.712,83.723,83.709,83.722,95050000,1
1528702800000,1528702859000,83.722,83.734,83.717,83.721,137210000,1
1528702860000,1528702919000,83.72,83.728,83.715,83.726,84170000,1
1528702920000,1528702979000,83.727,83.727,83.715,83.717,115090000,1
1528702980000,1528703039000,83.717,83.731,83.71,83.711,92970000,1
1528703040000,1528703099000,83.711,83.711,83.7,83.704,101600000,1
1528703100000,1528703159000,83.703,83.719,83.703,83.716,77890000,1
1528703160000,1528703219000,83.717,83.724,83.713,83.722,69700000,1
1528703220000,1528703279000,83.722,83.73,83.722,83.724,64210000,1
1528703280000,1528703339000,83.724,83.724,83.71,83.719,133300000,1
1528703340000,1528703399000,83.719,83.719,83.702,83.706,100760000,1
1528703400000,1528703459000,83.707,83.722,83.702,83.721,70930000,1
1528703460000,1528703519000,83.722,83.745,83.719,83.731,70360000,1
1528703520000,1528703579000,83.73,83.732,83.717,83.718,107590000,1
1528703580000,1528703639000,83.717,83.728,83.711,83.728,94100000,1
1528703640000,1528703699000,83.727,83.728,83.717,83.723,89610000,1
1528703700000,1528703759000,83.721,83.722,83.707,83.707,27350000,1
1528703760000,1528703819000,83.707,83.713,83.674,83.677,138860000,1
1528703820000,1528703879000,83.677,83.693,83.674,83.693,77470000,1
1528703880000,1528703939000,83.693,83.694,83.682,83.689,71330000,1
1528703940000,1528703999000,83.69,83.709,83.689,83.707,58880000,1
1528704000000,1528704059000,83.704,83.741,83.704,83.716,128940000,1
1528704060000,1528704119000,83.716,83.721,83.716,83.72,26820000,1
1528704120000,1528704179000,83.721,83.747,83.721,83.742,53550000,1
1528704180000,1528704239000,83.743,83.743,83.715,83.737,91600000,1
1528704240000,1528704299000,83.735,83.745,83.734,83.738,90560000,1
1528704300000,1528704359000,83.737,83.74,83.732,83.737,52010000,1
1528704360000,1528704419000,83.736,83.737,83.72,83.727,135010000,1
1528704420000,1528704479000,83.726,83.731,83.723,83.731,79830000,1
1528704480000,1528704539000,83.733,83.735,83.725,83.725,86900000,1
1528704540000,1528704599000,83.725,83.725,83.707,83.708,88750000,1
1528704600000,1528704659000,83.707,83.713,83.7,83.712,66540000,1
1528704660000,1528704719000,83.712,83.717,83.7,83.714,133780000,1
1528704720000,1528704779000,83.713,83.719,83.711,83.719,82470000,1
1528704780000,1528704839000,83.72,83.721,83.713,83.713,58520000,1
1528704840000,1528704899000,83.713,83.713,83.705,83.711,102220000,1
1528704900000,1528704959000,83.711,83.721,83.711,83.721,79600000,1
1528704960000,1528705019000,83.721,83.742,83.72,83.741,89140000,1
1528705020000,1528705079000,83.742,83.746,83.74,83.741,53350000,1
1528705080000,1528705139000,83.74,83.744,83.728,83.73,109500000,1
1528705140000,1528705199000,83.731,83.731,83.715,83.721,101840000,1
1528705200000,1528705259000,83.72,83.721,83.708,83.708,85230000,1
1528705260000,1528705319000,83.709,83.715,83.704,83.707,78740000,1
1528705320000,1528705379000,83.708,83.713,83.708,83.712,37050000,1
1528705380000,1528705439000,83.712,83.723,83.709,83.71,72990000,1
1528705440000,1528705499000,83.71,83.714,83.684,83.692,90570000,1
1528705500000,1528705559000,83.691,83.697,83.69,83.692,72840000,1
1528705560000,1528705619000,83.69,83.713,83.69,83.712,95610000,1
1528705620000,1528705679000,83.711,83.715,83.704,83.711,60130000,1
1528705680000,1528705739000,83.71,83.71,83.703,83.705,75370000,1
1528705740000,1528705799000,83.705,83.71,83.704,83.706,43350000,1
1528705800000,1528705859000,83.706,83.706,83.683,83.685,99280000,1
1528705860000,1528705919000,83.685,83.687,83.668,83.668,103710000,1
1528705920000,1528705979000,83.67,83.675,83.634,83.64,122450000,1
1528705980000,1528706039000,83.64,83.644,83.622,83.631,116560000,1
1528706040000,1528706099000,83.632,83.645,83.631,83.636,83330000,1
1528706100000,1528706159000,83.638,83.648,83.63,83.63,127290000,1
1528706160000,1528706219000,83.63,83.637,83.616,83.622,96680000,1
1528706220000,1528706279000,83.621,83.632,83.616,83.631,120500000,1
1528706280000,1528706339000,83.629,83.636,83.626,83.635,142110000,1
1528706340000,1528706399000,83.635,83.641,83.625,83.63,122350000,1
1528706400000,1528706459000,83.63,83.63,83.614,83.614,132170000,1
1528706460000,1528706519000,83.613,83.615,83.609,83.61,77570000,1
1528706520000,1528706579000,83.611,83.621,83.609,83.618,80080000,1
1528706580000,1528706639000,83.618,83.632,83.614,83.614,71020000,1
1528706640000,1528706699000,83.614,83.622,83.614,83.622,70760000,1
1528706700000,1528706759000,83.621,83.621,83.604,83.605,73650000,1
1528706760000,1528706819000,83.605,83.639,83.605,83.636,93100000,1
1528706820000,1528706879000,83.635,83.635,83.632,83.635,52780000,1
1528706880000,1528706939000,83.636,83.644,83.63,83.643,115560000,1
1528706940000,1528706999000,83.643,83.651,83.641,83.651,95560000,1
1528707000000,1528707059000,83.652,83.663,83.65,83.661,93110000,1
1528707060000,1528707119000,83.663,83.668,83.661,83.668,94920000,1
1528707120000,1528707179000,83.669,83.673,83.664,83.673,65440000,1
1528707180000,1528707239000,83.674,83.682,83.674,83.68,39850000,1
1528707240000,1528707299000,83.68,83.68,83.675,83.675,45610000,1
1528707300000,1528707359000,83.675,83.675,83.667,83.67,72740000,1
1528707360000,1528707419000,83.669,83.669,83.656,83.665,141200000,1
1528707420000,1528707479000,83.665,83.678,83.665,83.676,62370000,1
1528707480000,1528707539000,83.675,83.676,83.629,83.63,136310000,1
1528707540000,1528707599000,83.631,83.654,83.63,83.652,161830000,1
1528707600000,1528707659000,83.651,83.666,83.646,83.653,161390000,1
1528707660000,1528707719000,83.651,83.651,83.624,83.63,115340000,1
1528707720000,1528707779000,83.629,83.642,83.621,83.626,121130000,1
1528707780000,1528707839000,83.625,83.644,83.62,83.625,101930000,1
1528707840000,1528707899000,83.625,83.625,83.616,83.623,94930000,1
1528707900000,1528707959000,83.623,83.655,83.623,83.655,134470000,1
1528707960000,1528708019000,83.655,83.656,83.648,83.652,83550000,1
1528708020000,1528708079000,83.649,83.656,83.636,83.642,105910000,1
1528708080000,1528708139000,83.642,83.647,83.64,83.644,65200000,1
1528708140000,1528708199000,83.644,83.656,83.641,83.644,82420000,1
1528708200000,1528708259000,83.643,83.668,83.643,83.662,64430000,1
1528708260000,1528708319000,83.662,83.663,83.647,83.653,91320000,1
1528708320000,1528708379000,83.654,83.654,83.647,83.652,76750000,1
1528708380000,1528708439000,83.651,83.652,83.643,83.648,98610000,1
1528708440000,1528708499000,83.649,83.653,83.647,83.65,64850000,1
1528708500000,1528708559000,83.65,83.652,83.624,83.635,97460000,1
1528708560000,1528708619000,83.635,83.635,83.618,83.619,113260000,1
1528708620000,1528708679000,83.619,83.625,83.611,83.614,81700000,1
1528708680000,1528708739000,83.615,83.618,83.613,83.613,72660000,1
1528708740000,1528708799000,83.613,83.617,83.602,83.614,69470000,1
1528708800000,1528708859000,83.615,83.625,83.613,83.622,62230000,1
1528708860000,1528708919000,83.623,83.623,83.611,83.611,50190000,1
1528708920000,1528708979000,83.611,83.62,83.611,83.619,42130000,1
1528708980000,1528709039000,83.619,83.629,83.618,83.618,71970000,1
1528709040000,1528709099000,83.619,83.619,83.586,83.601,83080000,1
1528709100000,1528709159000,83.606,83.624,83.606,83.612,98660000,1
1528709160000,1528709219000,83.613,83.62,83.606,83.608,67010000,1
1528709220000,1528709279000,83.608,83.623,83.604,83.622,55950000,1
1528709280000,1528709339000,83.623,83.629,83.614,83.62,70910000,1
1528709340000,1528709399000,83.62,83.633,83.62,83.63,67000000,1
1528709400000,1528709459000,83.629,83.638,83.619,83.634,91570000,1
1528709460000,1528709519000,83.634,83.664,83.633,83.664,116500000,1
1528709520000,1528709579000,83.663,83.672,83.656,83.657,109180000,1
1528709580000,1528709639000,83.657,83.664,83.654,83.655,116330000,1
1528709640000,1528709699000,83.657,83.659,83.65,83.65,72050000,1
1528709700000,1528709759000,83.649,83.658,83.641,83.658,97870000,1
1528709760000,1528709819000,83.659,83.667,83.657,83.657,66230000,1
1528709820000,1528709879000,83.657,83.659,83.646,83.654,74330000,1
1528709880000,1528709939000,83.654,83.666,83.654,83.659,48970000,1
1528709940000,1528709999000,83.658,83.658,83.647,83.65,36340000,1
1528710000000,1528710059000,83.65,83.65,83.641,83.642,56290000,1
1528710060000,1528710119000,83.642,83.65,83.632,83.644,74500000,1
1528710120000,1528710179000,83.645,83.661,83.645,83.661,56220000,1
1528710180000,1528710239000,83.66,83.669,83.649,83.669,40030000,1
1528710240000,1528710299000,83.669,83.673,83.666,83.666,52380000,1
1528710300000,1528710359000,83.666,83.681,83.666,83.679,44470000,1
1528710360000,1528710419000,83.679,83.694,83.674,83.684,46870000,1
1528710420000,1528710479000,83.683,83.689,83.678,83.685,37370000,1
1528710480000,1528710539000,83.684,83.692,83.678,83.689,85190000,1
1528710540000,1528710599000,83.688,83.688,83.674,83.675,42760000,1
1528710600000,1528710659000,83.681,83.684,83.676,83.676,51720000,1
1528710660000,1528710719000,83.676,83.684,83.66,83.661,73370000,1
1528710720000,1528710779000,83.662,83.68,83.661,83.68,85160000,1
1528710780000,1528710839000,83.679,83.682,83.674,83.681,81500000,1
1528710840000,1528710899000,83.681,83.695,83.681,83.695,51080000,1
1528710900000,1528710959000,83.694,83.698,83.68,83.686,89620000,1
1528710960000,1528711019000,83.687,83.709,83.687,83.709,55100000,1
1528711020000,1528711079000,83.708,83.708,83.694,83.697,71320000,1
1528711080000,1528711139000,83.696,83.696,83.682,83.684,108330000,1
1528711140000,1528711199000,83.684,83.704,83.684,83.694,58000000,1
1528711200000,1528711259000,83.694,83.694,83.683,83.687,120310000,1
1528711260000,1528711319000,83.688,83.693,83.681,83.693,82510000,1
1528711320000,1528711379000,83.693,83.71,83.692,83.706,74090000,1
1528711380000,1528711439000,83.704,83.707,83.701,83.706,33470000,1
1528711440000,1528711499000,83.708,83.711,83.699,83.707,134200000,1
1528711500000,1528711559000,83.707,83.71,83.698,83.698,46120000,1
1528711560000,1528711619000,83.7,83.703,83.695,83.698,38970000,1
1528711620000,1528711679000,83.699,83.707,83.691,83.695,77770000,1
1528711680000,1528711739000,83.695,83.703,83.684,83.693,89460000,1
1528711740000,1528711799000,83.69,83.692,83.674,83.674,55160000,1
1528711800000,1528711859000,83.673,83.68,83.665,83.666,102030000,1
1528711860000,1528711919000,83.668,83.67,83.657,83.659,98600000,1
1528711920000,1528711979000,83.659,83.68,83.659,83.676,43060000,1
1528711980000,1528712039000,83.675,83.675,83.665,83.665,44430000,1
1528712040000,1528712099000,83.664,83.669,83.661,83.666,99920000,1
1528712100000,1528712159000,83.665,83.673,83.664,83.671,81350000,1
1528712160000,1528712219000,83.672,83.674,83.669,83.674,45860000,1
1528712220000,1528712279000,83.674,83.675,83.67,83.672,83440000,1
1528712280000,1528712339000,83.671,83.675,83.67,83.672,65540000,1
1528712340000,1528712399000,83.671,83.671,83.668,83.671,70440000,1
1528712400000,1528712459000,83.673,83.691,83.673,83.688,67720000,1
1528712460000,1528712519000,83.688,83.69,83.686,83.69,45790000,1
1528712520000,1528712579000,83.689,83.69,83.686,83.686,35620000,1
1528712580000,1528712639000,83.686,83.689,83.678,83.682,62890000,1
1528712640000,1528712699000,83.682,83.684,83.674,83.675,72310000,1
1528712700000,1528712759000,83.676,83.677,83.665,83.673,62660000,1
1528712760000,1528712819000,83.672,83.684,83.671,83.677,70360000,1
1528712820000,1528712879000,83.677,83.678,83.666,83.667,82340000,1
1528712880000,1528712939000,83.667,83.667,83.662,83.663,67810000,1
1528712940000,1528712999000,83.664,83.671,83.664,83.67,62040000,1
1528713000000,1528713059000,83.67,83.67,83.649,83.664,109060000,1
1528713060000,1528713119000,83.664,83.671,83.664,83.667,115010000,1
1528713120000,1528713179000,83.666,83.675,83.666,83.675,72680000,1
1528713180000,1528713239000,83.675,83.681,83.667,83.668,81920000,1
1528713240000,1528713299000,83.673,83.674,83.665,83.665,102900000,1
1528713300000,1528713359000,83.666,83.666,83.653,83.658,82210000,1
1528713360000,1528713419000,83.658,83.658,83.652,83.654,33920000,1
1528713420000,1528713479000,83.654,83.665,83.649,83.665,76690000,1
1528713480000,1528713539000,83.665,83.666,83.664,83.665,43560000,1
1528713540000,1528713599000,83.664,83.667,83.659,83.659,84560000,1
1528713600000,1528713659000,83.66,83.671,83.66,83.671,93010000,1
1528713660000,1528713719000,83.671,83.682,83.671,83.671,75590000,1
1528713720000,1528713779000,83.671,83.678,83.67,83.675,97510000,1
1528713780000,1528713839000,83.675,83.676,83.651,83.651,70790000,1
1528713840000,1528713899000,83.65,83.651,83.638,83.638,93870000,1
1528713900000,1528713959000,83.638,83.653,83.637,83.651,80210000,1
1528713960000,1528714019000,83.651,83.655,83.65,83.65,59710000,1
1528714020000,1528714079000,83.65,83.655,83.648,83.655,50590000,1
1528714080000,1528714139000,83.659,83.662,83.653,83.653,51420000,1
1528714140000,1528714199000,83.653,83.661,83.653,83.655,50450000,1
1528714200000,1528714259000,83.656,83.656,83.652,83.652,44750000,1
1528714260000,1528714319000,83.652,83.664,83.652,83.657,70350000,1
1528714320000,1528714379000,83.657,83.683,83.657,83.681,76570000,1
1528714380000,1528714439000,83.679,83.679,83.665,83.672,78830000,1
1528714440000,1528714499000,83.669,83.673,83.666,83.667,60540000,1
1528714500000,1528714559000,83.666,83.668,83.658,83.661,92940000,1
1528714560000,1528714619000,83.66,83.674,83.659,83.664,110070000,1
1528714620000,1528714679000,83.663,83.666,83.656,83.666,93740000,1
1528714680000,1528714739000,83.666,83.668,83.644,83.645,100090000,1
1528714740000,1528714799000,83.646,83.646,83.632,83.633,73030000,1
1528714800000,1528714859000,83.633,83.634,83.619,83.622,115460000,1
1528714860000,1528714919000,83.623,83.624,83.613,83.616,61580000,1
1528714920000,1528714979000,83.617,83.628,83.613,83.613,73340000,1
1528714980000,1528715039000,83.613,83.633,83.607,83.633,175840000,1
1528715040000,1528715099000,83.634,83.644,83.633,83.642,70160000,1
1528715100000,1528715159000,83.642,83.659,83.64,83.655,78020000,1
1528715160000,1528715219000,83.655,83.655,83.645,83.649,79810000,1
1528715220000,1528715279000,83.649,83.649,83.645,83.646,45560000,1
1528715280000,1528715339000,83.646,83.648,83.645,83.646,78800000,1
1528715340000,1528715399000,83.645,83.681,83.644,83.675,110570000,1
1528715400000,1528715459000,83.674,83.694,83.673,83.692,141780000,1
1528715460000,1528715519000,83.691,83.691,83.684,83.684,105260000,1
1528715520000,1528715579000,83.683,83.689,83.659,83.659,127510000,1
1528715580000,1528715639000,83.659,83.668,83.655,83.661,70320000,1
1528715640000,1528715699000,83.661,83.661,83.634,83.635,101980000,1
1528715700000,1528715759000,83.635,83.646,83.635,83.642,64330000,1
1528715760000,1528715819000,83.642,83.658,83.642,83.648,78940000,1
1528715820000,1528715879000,83.649,83.653,83.644,83.648,61210000,1
1528715880000,1528715939000,83.648,83.669,83.642,83.669,75390000,1
1528715940000,1528715999000,83.669,83.669,83.662,83.662,96670000,1
1528716000000,1528716059000,83.664,83.668,83.663,83.663,86840000,1
1528716060000,1528716119000,83.663,83.671,83.653,83.654,80750000,1
1528716120000,1528716179000,83.654,83.654,83.636,83.646,103970000,1
1528716180000,1528716239000,83.647,83.648,83.639,83.644,43100000,1
1528716240000,1528716299000,83.645,83.659,83.643,83.659,59710000,1
1528716300000,1528716359000,83.659,83.668,83.659,83.66,86000000,1
1528716360000,1528716419000,83.659,83.663,83.658,83.663,52160000,1
1528716420000,1528716479000,83.664,83.675,83.664,83.671,37360000,1
1528716480000,1528716539000,83.672,83.675,83.67,83.672,18500000,1
1528716540000,1528716599000,83.671,83.676,83.66,83.661,58550000,1
1528716600000,1528716659000,83.66,83.66,83.656,83.66,93350000,1
1528716660000,1528716719000,83.66,83.665,83.648,83.659,102330000,1
1528716720000,1528716779000,83.66,83.681,83.66,83.673,42950000,1
1528716780000,1528716839000,83.673,83.694,83.672,83.694,45760000,1
1528716840000,1528716899000,83.694,83.695,83.673,83.673,56200000,1
1528716900000,1528716959000,83.673,83.673,83.665,83.665,50690000,1
1528716960000,1528717019000,83.666,83.674,83.655,83.668,48770000,1
1528717020000,1528717079000,83.667,83.67,83.663,83.668,40240000,1
1528717080000,1528717139000,83.669,83.676,83.667,83.674,46810000,1
1528717140000,1528717199000,83.672,83.674,83.653,83.653,49740000,1
1528717200000,1528717259000,83.653,83.661,83.653,83.659,51460000,1
1528717260000,1528717319000,83.66,83.67,83.66,83.67,66560000,1
1528717320000,1528717379000,83.67,83.683,83.67,83.672,76040000,1
1528717380000,1528717439000,83.673,83.681,83.665,83.681,55000000,1
1528717440000,1528717499000,83.682,83.683,83.675,83.675,43950000,1
1528717500000,1528717559000,83.675,83.675,83.655,83.656,61880000,1
1528717560000,1528717619000,83.655,83.657,83.653,83.657,66130000,1
1528717620000,1528717679000,83.657,83.657,83.649,83.653,76380000,1
1528717680000,1528717739000,83.653,83.658,83.643,83.657,73690000,1
1528717740000,1528717799000,83.659,83.662,83.648,83.651,72050000,1
1528717800000,1528717859000,83.655,83.656,83.645,83.647,62250000,1
1528717860000,1528717919000,83.648,83.659,83.648,83.651,53720000,1
1528717920000,1528717979000,83.65,83.655,83.646,83.653,46290000,1
1528717980000,1528718039000,83.654,83.654,83.628,83.63,51980000,1
1528718040000,1528718099000,83.631,83.637,83.628,83.637,86660000,1
1528718100000,1528718159000,83.637,83.637,83.622,83.627,108970000,1
1528718160000,1528718219000,83.626,83.635,83.623,83.631,60800000,1
1528718220000,1528718279000,83.631,83.643,83.626,83.636,104210000,1
1528718280000,1528718339000,83.636,83.643,83.633,83.635,77900000,1
1528718340000,1528718399000,83.635,83.636,83.631,83.635,70800000,1
1528718400000,1528718459000,83.638,83.642,83.633,83.633,71340000,1
1528718460000,1528718519000,83.633,83.633,83.588,83.588,136030000,1
1528718520000,1528718579000,83.587,83.592,83.566,83.568,168150000,1
1528718580000,1528718639000,83.567,83.579,83.544,83.549,161140000,1
1528718640000,1528718699000,83.549,83.567,83.546,83.559,150580000,1
1528718700000,1528718759000,83.558,83.561,83.547,83.547,123630000,1
1528718760000,1528718819000,83.546,83.553,83.536,83.536,167110000,1
1528718820000,1528718879000,83.538,83.549,83.532,83.542,111370000,1
1528718880000,1528718939000,83.542,83.569,83.541,83.568,85530000,1
1528718940000,1528718999000,83.569,83.571,83.554,83.558,123910000,1
1528719000000,1528719059000,83.558,83.572,83.554,83.569,69930000,1
1528719060000,1528719119000,83.567,83.57,83.556,83.562,63080000,1
1528719120000,1528719179000,83.563,83.598,83.563,83.595,113830000,1
1528719180000,1528719239000,83.593,83.596,83.587,83.591,98090000,1
1528719240000,1528719299000,83.59,83.615,83.59,83.612,146670000,1
1528719300000,1528719359000,83.612,83.618,83.595,83.597,148510000,1
1528719360000,1528719419000,83.596,83.606,83.595,83.598,67030000,1
1528719420000,1528719479000,83.597,83.609,83.587,83.603,138590000,1
1528719480000,1528719539000,83.604,83.606,83.602,83.603,51080000,1
1528719540000,1528719599000,83.603,83.63,83.603,83.626,133430000,1
1528719600000,1528719659000,83.628,83.629,83.616,83.623,171170000,1
1528719660000,1528719719000,83.623,83.645,83.617,83.636,171360000,1
1528719720000,1528719779000,83.634,83.637,83.627,83.636,95380000,1
1528719780000,1528719839000,83.637,83.648,83.63,83.63,107890000,1
1528719840000,1528719899000,83.631,83.633,83.622,83.623,63780000,1
1528719900000,1528719959000,83.623,83.638,83.607,83.634,127730000,1
1528719960000,1528720019000,83.635,83.639,83.624,83.634,138720000,1
1528720020000,1528720079000,83.634,83.657,83.63,83.654,134350000,1
1528720080000,1528720139000,83.654,83.668,83.649,83.668,99420000,1
1528720140000,1528720199000,83.668,83.668,83.653,83.659,78620000,1
1528720200000,1528720259000,83.662,83.686,83.662,83.669,112620000,1
1528720260000,1528720319000,83.669,83.677,83.669,83.672,87030000,1
1528720320000,1528720379000,83.671,83.679,83.67,83.677,129480000,1
1528720380000,1528720439000,83.678,83.692,83.676,83.692,116890000,1
1528720440000,1528720499000,83.692,83.703,83.692,83.698,63770000,1
1528720500000,1528720559000,83.701,83.701,83.661,83.667,135000000,1
1528720560000,1528720619000,83.669,83.69,83.668,83.69,62020000,1
1528720620000,1528720679000,83.691,83.709,83.687,83.699,95200000,1
1528720680000,1528720739000,83.699,83.699,83.661,83.673,114880000,1
1528720740000,1528720799000,83.673,83.675,83.668,83.67,70500000,1
1528720800000,1528720859000,83.67,83.671,83.664,83.669,87870000,1
1528720860000,1528720919000,83.669,83.669,83.659,83.665,66720000,1
1528720920000,1528720979000,83.666,83.685,83.66,83.661,91810000,1
1528720980000,1528721039000,83.661,83.684,83.661,83.678,98030000,1
1528721040000,1528721099000,83.678,83.689,83.675,83.68,144050000,1
1528721100000,1528721159000,83.679,83.688,83.671,83.687,109490000,1
1528721160000,1528721219000,83.687,83.688,83.678,83.678,40930000,1
1528721220000,1528721279000,83.678,83.678,83.652,83.654,124950000,1
1528721280000,1528721339000,83.653,83.654,83.632,83.633,92900000,1
1528721340000,1528721399000,83.633,83.667,83.631,83.666,94870000,1
1528721400000,1528721459000,83.666,83.674,83.659,83.666,83700000,1
1528721460000,1528721519000,83.665,83.68,83.664,83.677,65550000,1
1528721520000,1528721579000,83.676,83.676,83.667,83.671,107940000,1
1528721580000,1528721639000,83.67,83.687,83.663,83.686,124510000,1
1528721640000,1528721699000,83.685,83.685,83.674,83.679,91710000,1
1528721700000,1528721759000,83.68,83.692,83.68,83.69,41720000,1
1528721760000,1528721819000,83.691,83.692,83.679,83.684,59650000,1
1528721820000,1528721879000,83.684,83.699,83.681,83.699,103630000,1
1528721880000,1528721939000,83.695,83.706,83.694,83.703,138080000,1
1528721940000,1528721999000,83.701,83.701,83.69,83.691,78500000,1
1528722000000,1528722059000,83.69,83.701,83.672,83.673,79380000,1
1528722060000,1528722119000,83.673,83.673,83.643,83.644,93980000,1
1528722120000,1528722179000,83.644,83.653,83.642,83.644,65570000,1
1528722180000,1528722239000,83.645,83.647,83.64,83.647,57360000,1
1528722240000,1528722299000,83.646,83.646,83.63,83.639,112750000,1
1528722300000,1528722359000,83.639,83.654,83.638,83.649,100920000,1
1528722360000,1528722419000,83.65,83.655,83.631,83.654,124870000,1
1528722420000,1528722479000,83.653,83.655,83.649,83.651,62510000,1
1528722480000,1528722539000,83.651,83.651,83.636,83.637,70650000,1
1528722540000,1528722599000,83.637,83.652,83.637,83.644,70850000,1
1528722600000,1528722659000,83.643,83.657,83.639,83.655,82770000,1
1528722660000,1528722719000,83.655,83.67,83.651,83.667,104740000,1
1528722720000,1528722779000,83.665,83.666,83.66,83.662,51420000,1
1528722780000,1528722839000,83.662,83.666,83.648,83.648,49780000,1
1528722840000,1528722899000,83.649,83.652,83.648,83.649,46600000,1
1528722900000,1528722959000,83.65,83.65,83.64,83.643,101860000,1
1528722960000,1528723019000,83.643,83.654,83.642,83.654,84000000,1
1528723020000,1528723079000,83.655,83.655,83.651,83.651,36780000,1
1528723080000,1528723139000,83.651,83.651,83.64,83.641,66620000,1
1528723140000,1528723199000,83.641,83.645,83.625,83.636,112300000,1
1528723200000,1528723259000,83.637,83.637,83.624,83.624,48880000,1
1528723260000,1528723319000,83.623,83.631,83.62,83.623,94680000,1
1528723320000,1528723379000,83.623,83.632,83.621,83.63,99610000,1
1528723380000,1528723439000,83.63,83.635,83.63,83.633,78360000,1
1528723440000,1528723499000,83.633,83.641,83.63,83.637,62290000,1
1528723500000,1528723559000,83.639,83.644,83.636,83.639,106350000,1
1528723560000,1528723619000,83.639,83.651,83.637,83.645,81330000,1
1528723620000,1528723679000,83.643,83.643,83.632,83.636,85740000,1
1528723680000,1528723739000,83.634,83.635,83.631,83.633,57140000,1
1528723740000,1528723799000,83.634,83.641,83.629,83.638,72060000,1
1528723800000,1528723859000,83.64,83.646,83.629,83.637,115150000,1
1528723860000,1528723919000,83.637,83.644,83.616,83.618,120420000,1
1528723920000,1528723979000,83.618,83.62,83.609,83.615,81890000,1
1528723980000,1528724039000,83.614,83.64,83.61,83.639,111570000,1
1528724040000,1528724099000,83.639,83.65,83.631,83.642,107550000,1
1528724100000,1528724159000,83.643,83.65,83.638,83.65,160770000,1
1528724160000,1528724219000,83.649,83.65,83.624,83.626,190000000,1
1528724220000,1528724279000,83.627,83.628,83.598,83.607,183190000,1
1528724280000,1528724339000,83.608,83.608,83.585,83.595,139220000,1
1528724340000,1528724399000,83.594,83.607,83.592,83.606,107990000,1
1528724400000,1528724459000,83.607,83.643,83.601,83.634,143370000,1
1528724460000,1528724519000,83.633,83.639,83.628,83.638,149360000,1
1528724520000,1528724579000,83.637,83.662,83.636,83.655,154580000,1
1528724580000,1528724639000,83.652,83.657,83.649,83.657,140460000,1
1528724640000,1528724699000,83.657,83.669,83.655,83.667,121980000,1
1528724700000,1528724759000,83.667,83.669,83.66,83.668,128960000,1
1528724760000,1528724819000,83.667,83.67,83.652,83.652,124990000,1
1528724820000,1528724879000,83.651,83.657,83.651,83.655,119520000,1
1528724880000,1528724939000,83.656,83.663,83.655,83.66,106610000,1
1528724940000,1528724999000,83.66,83.673,83.66,83.669,117750000,1
1528725000000,1528725059000,83.67,83.698,83.67,83.696,140990000,1
1528725060000,1528725119000,83.698,83.703,83.687,83.703,130660000,1
1528725120000,1528725179000,83.703,83.704,83.698,83.7,67820000,1
1528725180000,1528725239000,83.7,83.707,83.695,83.707,104080000,1
1528725240000,1528725299000,83.706,83.708,83.684,83.701,166350000,1
1528725300000,1528725359000,83.697,83.7,83.694,83.699,112810000,1
1528725360000,1528725419000,83.699,83.699,83.68,83.693,152180000,1
1528725420000,1528725479000,83.693,83.707,83.69,83.69,133730000,1
1528725480000,1528725539000,83.69,83.694,83.68,83.683,87960000,1
1528725540000,1528725599000,83.683,83.692,83.681,83.69,187740000,1
1528725600000,1528725659000,83.69,83.696,83.674,83.674,151960000,1
1528725660000,1528725719000,83.676,83.68,83.666,83.678,136490000,1
1528725720000,1528725779000,83.679,83.703,83.679,83.69,131640000,1
1528725780000,1528725839000,83.689,83.691,83.674,83.688,107190000,1
1528725840000,1528725899000,83.688,83.689,83.664,83.664,124070000,1
1528725900000,1528725959000,83.665,83.685,83.664,83.683,84490000,1
1528725960000,1528726019000,83.684,83.705,83.683,83.698,67320000,1
1528726020000,1528726079000,83.698,83.7,83.686,83.695,92910000,1
1528726080000,1528726139000,83.695,83.701,83.685,83.698,124320000,1
1528726140000,1528726199000,83.699,83.708,83.694,83.697,170230000,1
1528726200000,1528726259000,83.696,83.706,83.685,83.695,122030000,1
1528726260000,1528726319000,83.694,83.722,83.694,83.716,104100000,1
1528726320000,1528726379000,83.716,83.716,83.698,83.704,95730000,1
1528726380000,1528726439000,83.703,83.723,83.702,83.706,116740000,1
1528726440000,1528726499000,83.707,83.722,83.707,83.713,76110000,1
1528726500000,1528726559000,83.714,83.738,83.708,83.737,159550000,1
1528726560000,1528726619000,83.739,83.763,83.731,83.752,98730000,1
1528726620000,1528726679000,83.752,83.766,83.724,83.724,144810000,1
1528726680000,1528726739000,83.723,83.742,83.717,83.741,126720000,1
1528726740000,1528726799000,83.741,83.75,83.739,83.747,83230000,1
1528726800000,1528726859000,83.748,83.761,83.745,83.749,128990000,1
1528726860000,1528726919000,83.748,83.761,83.743,83.749,107410000,1
1528726920000,1528726979000,83.749,83.752,83.743,83.75,104790000,1
1528726980000,1528727039000,83.751,83.774,83.751,83.77,108070000,1
1528727040000,1528727099000,83.77,83.776,83.765,83.769,91040000,1
1528727100000,1528727159000,83.768,83.799,83.768,83.793,161570000,1
1528727160000,1528727219000,83.796,83.809,83.792,83.794,106300000,1
1528727220000,1528727279000,83.794,83.8,83.782,83.787,125780000,1
1528727280000,1528727339000,83.786,83.797,83.782,83.792,105290000,1
1528727340000,1528727399000,83.791,83.809,83.791,83.796,90200000,1
1528727400000,1528727459000,83.797,83.797,83.781,83.787,110270000,1
1528727460000,1528727519000,83.786,83.788,83.775,83.778,117360000,1
1528727520000,1528727579000,83.777,83.788,83.773,83.785,105710000,1
1528727580000,1528727639000,83.785,83.785,83.761,83.77,139240000,1
1528727640000,1528727699000,83.771,83.772,83.762,83.762,130730000,1
1528727700000,1528727759000,83.763,83.777,83.763,83.771,109300000,1
1528727760000,1528727819000,83.771,83.78,83.768,83.769,138590000,1
1528727820000,1528727879000,83.77,83.776,83.75,83.75,90770000,1
1528727880000,1528727939000,83.749,83.761,83.74,83.759,104280000,1
1528727940000,1528727999000,83.759,83.759,83.717,83.722,110940000,1
1528728000000,1528728059000,83.721,83.741,83.721,83.74,137910000,1
1528728060000,1528728119000,83.738,83.741,83.73,83.734,117930000,1
1528728120000,1528728179000,83.734,83.737,83.727,83.734,74050000,1
1528728180000,1528728239000,83.735,83.739,83.729,83.734,77350000,1
1528728240000,1528728299000,83.732,83.738,83.721,83.724,110180000,1
1528728300000,1528728359000,83.726,83.739,83.725,83.735,116960000,1
1528728360000,1528728419000,83.735,83.743,83.732,83.737,67070000,1
1528728420000,1528728479000,83.737,83.743,83.722,83.722,99900000,1
1528728480000,1528728539000,83.721,83.733,83.721,83.729,50780000,1
1528728540000,1528728599000,83.728,83.735,83.718,83.718,86490000,1
1528728600000,1528728659000,83.718,83.719,83.707,83.71,103410000,1
1528728660000,1528728719000,83.711,83.715,83.691,83.694,133140000,1
1528728720000,1528728779000,83.693,83.713,83.692,83.706,99480000,1
1528728780000,1528728839000,83.708,83.708,83.673,83.676,132960000,1
1528728840000,1528728899000,83.676,83.696,83.673,83.68,94920000,1
1528728900000,1528728959000,83.679,83.682,83.609,83.625,221530000,1
1528728960000,1528729019000,83.627,83.632,83.601,83.609,172250000,1
1528729020000,1528729079000,83.61,83.633,83.6,83.626,180900000,1
1528729080000,1528729139000,83.626,83.631,83.613,83.615,150510000,1
1528729140000,1528729199000,83.615,83.654,83.613,83.65,180540000,1
1528729200000,1528729259000,83.652,83.657,83.641,83.646,164100000,1
1528729260000,1528729319000,83.646,83.681,83.646,83.665,176740000,1
1528729320000,1528729379000,83.665,83.681,83.657,83.664,206960000,1
1528729380000,1528729439000,83.666,83.675,83.66,83.663,127060000,1
1528729440000,1528729499000,83.665,83.677,83.663,83.671,180540000,1
1528729500000,1528729559000,83.671,83.672,83.657,83.669,73790000,1
1528729560000,1528729619000,83.668,83.668,83.651,83.661,102970000,1
1528729620000,1528729679000,83.661,83.666,83.652,83.665,137390000,1
1528729680000,1528729739000,83.665,83.682,83.665,83.679,160210000,1
1528729740000,1528729799000,83.678,83.684,83.676,83.678,154950000,1
1528729800000,1528729859000,83.678,83.679,83.662,83.667,165110000,1
1528729860000,1528729919000,83.667,83.677,83.656,83.656,135140000,1
1528729920000,1528729979000,83.655,83.666,83.655,83.663,163350000,1
1528729980000,1528730039000,83.664,83.676,83.662,83.668,156780000,1
1528730040000,1528730099000,83.669,83.681,83.664,83.67,170380000,1
1528730100000,1528730159000,83.67,83.7,83.67,83.7,199290000,1
1528730160000,1528730219000,83.699,83.717,83.699,83.708,74530000,1
1528730220000,1528730279000,83.709,83.709,83.683,83.697,146730000,1
1528730280000,1528730339000,83.699,83.701,83.685,83.687,161810000,1
1528730340000,1528730399000,83.686,83.698,83.68,83.68,127440000,1
1528730400000,1528730459000,83.68,83.692,83.671,83.681,132090000,1
1528730460000,1528730519000,83.682,83.698,83.677,83.697,144990000,1
1528730520000,1528730579000,83.696,83.704,83.686,83.695,97680000,1
1528730580000,1528730639000,83.695,83.697,83.687,83.688,118360000,1
1528730640000,1528730699000,83.689,83.689,83.674,83.68,101700000,1
1528730700000,1528730759000,83.679,83.685,83.673,83.683,107260000,1
1528730760000,1528730819000,83.683,83.692,83.683,83.688,73420000,1
1528730820000,1528730879000,83.689,83.692,83.683,83.683,64680000,1
1528730880000,1528730939000,83.683,83.689,83.683,83.686,59050000,1
1528730940000,1528730999000,83.684,83.705,83.684,83.705,56400000,1
1528731000000,1528731059000,83.706,83.711,83.704,83.705,47890000,1
1528731060000,1528731119000,83.705,83.705,83.685,83.69,115970000,1
1528731120000,1528731179000,83.692,83.693,83.685,83.685,89780000,1
1528731180000,1528731239000,83.685,83.703,83.685,83.692,75320000,1
1528731240000,1528731299000,83.692,83.709,83.691,83.705,78330000,1
1528731300000,1528731359000,83.705,83.712,83.698,83.711,65030000,1
1528731360000,1528731419000,83.713,83.721,83.712,83.718,79900000,1
1528731420000,1528731479000,83.717,83.727,83.717,83.726,71510000,1
1528731480000,1528731539000,83.726,83.736,83.725,83.725,70670000,1
1528731540000,1528731599000,83.726,83.729,83.722,83.726,80300000,1
1528731600000,1528731659000,83.726,83.728,83.713,83.724,97110000,1
1528731660000,1528731719000,83.724,83.732,83.715,83.715,80120000,1
1528731720000,1528731779000,83.715,83.726,83.712,83.713,98530000,1
1528731780000,1528731839000,83.713,83.724,83.711,83.722,131470000,1
1528731840000,1528731899000,83.721,83.729,83.709,83.724,129720000,1
1528731900000,1528731959000,83.722,83.74,83.719,83.738,107170000,1
1528731960000,1528732019000,83.737,83.739,83.722,83.726,56490000,1
1528732020000,1528732079000,83.726,83.729,83.719,83.724,93810000,1
1528732080000,1528732139000,83.724,83.726,83.714,83.715,102360000,1
1528732140000,1528732199000,83.714,83.718,83.711,83.711,111420000,1
1528732200000,1528732259000,83.711,83.718,83.708,83.715,92850000,1
1528732260000,1528732319000,83.718,83.722,83.714,83.721,71120000,1
1528732320000,1528732379000,83.72,83.722,83.717,83.719,78740000,1
1528732380000,1528732439000,83.719,83.727,83.719,83.723,54790000,1
1528732440000,1528732499000,83.722,83.722,83.713,83.713,57250000,1
1528732500000,1528732559000,83.713,83.725,83.709,83.724,110380000,1
1528732560000,1528732619000,83.723,83.723,83.713,83.723,82770000,1
1528732620000,1528732679000,83.723,83.734,83.721,83.729,72430000,1
1528732680000,1528732739000,83.729,83.735,83.726,83.731,62180000,1
1528732740000,1528732799000,83.731,83.742,83.73,83.732,135420000,1
1528732800000,1528732859000,83.732,83.733,83.717,83.722,118290000,1
1528732860000,1528732919000,83.721,83.726,83.714,83.725,97530000,1
1528732920000,1528732979000,83.726,83.727,83.718,83.723,75700000,1
1528732980000,1528733039000,83.725,83.725,83.718,83.724,70200000,1
1528733040000,1528733099000,83.724,83.724,83.714,83.716,95830000,1
1528733100000,1528733159000,83.717,83.72,83.713,83.72,42670000,1
1528733160000,1528733219000,83.719,83.732,83.717,83.732,65050000,1
1528733220000,1528733279000,83.733,83.736,83.729,83.735,89190000,1
1528733280000,1528733339000,83.733,83.736,83.729,83.732,80800000,1
1528733340000,1528733399000,83.734,83.74,83.719,83.724,93700000,1
1528733400000,1528733459000,83.725,83.733,83.717,83.72,60400000,1
1528733460000,1528733519000,83.72,83.721,83.707,83.707,57930000,1
1528733520000,1528733579000,83.707,83.71,83.703,83.706,67360000,1
1528733580000,1528733639000,83.706,83.713,83.706,83.713,48350000,1
1528733640000,1528733699000,83.715,83.726,83.711,83.726,71580000,1
1528733700000,1528733759000,83.726,83.738,83.726,83.734,79650000,1
1528733760000,1528733819000,83.733,83.74,83.73,83.739,46970000,1
1528733820000,1528733879000,83.737,83.74,83.729,83.738,40360000,1
1528733880000,1528733939000,83.737,83.737,83.724,83.734,103180000,1
1528733940000,1528733999000,83.731,83.744,83.726,83.739,55530000,1
1528734000000,1528734059000,83.737,83.741,83.724,83.724,44820000,1
1528734060000,1528734119000,83.723,83.723,83.715,83.723,60060000,1
1528734120000,1528734179000,83.724,83.724,83.719,83.719,26310000,1
1528734180000,1528734239000,83.719,83.73,83.718,83.73,51580000,1
1528734240000,1528734299000,83.731,83.735,83.731,83.734,32460000,1
1528734300000,1528734359000,83.734,83.738,83.734,83.736,23460000,1
1528734360000,1528734419000,83.736,83.744,83.736,83.744,32830000,1
1528734420000,1528734479000,83.742,83.751,83.742,83.751,38430000,1
1528734480000,1528734539000,83.75,83.768,83.75,83.768,71340000,1
1528734540000,1528734599000,83.768,83.787,83.768,83.783,72270000,1
1528734600000,1528734659000,83.783,83.79,83.771,83.771,98710000,1
1528734660000,1528734719000,83.772,83.772,83.764,83.766,62240000,1
1528734720000,1528734779000,83.767,83.767,83.756,83.76,50200000,1
1528734780000,1528734839000,83.762,83.762,83.75,83.755,79500000,1
1528734840000,1528734899000,83.755,83.757,83.749,83.753,66140000,1
1528734900000,1528734959000,83.752,83.752,83.726,83.726,112150000,1
1528734960000,1528735019000,83.728,83.745,83.728,83.742,50170000,1
1528735020000,1528735079000,83.742,83.742,83.736,83.742,46150000,1
1528735080000,1528735139000,83.742,83.747,83.742,83.743,46960000,1
1528735140000,1528735199000,83.74,83.741,83.737,83.74,28090000,1
1528735200000,1528735259000,83.74,83.75,83.74,83.742,50810000,1
1528735260000,1528735319000,83.741,83.749,83.741,83.749,36040000,1
1528735320000,1528735379000,83.75,83.75,83.746,83.75,47570000,1
1528735380000,1528735439000,83.749,83.749,83.743,83.748,33080000,1
1528735440000,1528735499000,83.749,83.749,83.736,83.737,49190000,1
1528735500000,1528735559000,83.737,83.737,83.731,83.734,49360000,1
1528735560000,1528735619000,83.733,83.739,83.733,83.738,58750000,1
1528735620000,1528735679000,83.738,83.739,83.729,83.729,34330000,1
1528735680000,1528735739000,83.729,83.73,83.729,83.73,14910000,1
1528735740000,1528735799000,83.73,83.73,83.718,83.727,50120000,1
1528735800000,1528735859000,83.727,83.74,83.727,83.74,68820000,1
1528735860000,1528735919000,83.742,83.742,83.736,83.741,87130000,1
1528735920000,1528735979000,83.741,83.752,83.741,83.751,49180000,1
1528735980000,1528736039000,83.751,83.753,83.749,83.75,71880000,1
1528736040000,1528736099000,83.75,83.75,83.749,83.749,23550000,1
1528736100000,1528736159000,83.75,83.751,83.746,83.748,33560000,1
1528736160000,1528736219000,83.749,83.75,83.745,83.746,51540000,1
1528736220000,1528736279000,83.746,83.746,83.731,83.731,59010000,1
1528736280000,1528736339000,83.731,83.731,83.722,83.727,86190000,1
1528736340000,1528736399000,83.727,83.729,83.723,83.724,103530000,1
1528736400000,1528736459000,83.724,83.735,83.723,83.733,104110000,1
1528736460000,1528736519000,83.733,83.759,83.733,83.757,91640000,1
1528736520000,1528736579000,83.756,83.763,83.753,83.763,46800000,1
1528736580000,1528736639000,83.763,83.766,83.748,83.749,90470000,1
1528736640000,1528736699000,83.749,83.753,83.739,83.741,49090000,1
1528736700000,1528736759000,83.741,83.745,83.736,83.738,86700000,1
1528736760000,1528736819000,83.738,83.746,83.737,83.745,24480000,1
1528736820000,1528736879000,83.745,83.752,83.742,83.744,64450000,1
1528736880000,1528736939000,83.745,83.745,83.74,83.741,20490000,1
1528736940000,1528736999000,83.741,83.746,83.736,83.74,51970000,1
1528737000000,1528737059000,83.74,83.75,83.738,83.749,59520000,1
1528737060000,1528737119000,83.75,83.758,83.749,83.757,43550000,1
1528737120000,1528737179000,83.757,83.757,83.751,83.751,52970000,1
1528737180000,1528737239000,83.752,83.755,83.751,83.754,53770000,1
1528737240000,1528737299000,83.754,83.754,83.748,83.751,75390000,1
1528737300000,1528737359000,83.75,83.767,83.749,83.762,48780000,1
1528737360000,1528737419000,83.762,83.762,83.757,83.761,41450000,1
1528737420000,1528737479000,83.761,83.784,83.761,83.775,109580000,1
1528737480000,1528737539000,83.775,83.78,83.774,83.776,50630000,1
1528737540000,1528737599000,83.776,83.779,83.77,83.776,64700000,1
1528737600000,1528737659000,83.775,83.786,83.775,83.783,57000000,1
1528737660000,1528737719000,83.782,83.782,83.776,83.78,79230000,1
1528737720000,1528737779000,83.78,83.792,83.779,83.79,51810000,1
1528737780000,1528737839000,83.787,83.787,83.779,83.784,72650000,1
1528737840000,1528737899000,83.783,83.784,83.778,83.78,35750000,1
1528737900000,1528737959000,83.779,83.78,83.774,83.777,40250000,1
1528737960000,1528738019000,83.778,83.787,83.778,83.787,34000000,1
1528738020000,1528738079000,83.786,83.798,83.786,83.794,44680000,1
1528738080000,1528738139000,83.794,83.798,83.786,83.787,103470000,1
1528738140000,1528738199000,83.787,83.805,83.787,83.801,85390000,1
1528738200000,1528738259000,83.8,83.8,83.781,83.781,101350000,1
1528738260000,1528738319000,83.78,83.786,83.776,83.779,79240000,1
1528738320000,1528738379000,83.779,83.79,83.776,83.786,69560000,1
1528738380000,1528738439000,83.785,83.785,83.779,83.78,43560000,1
1528738440000,1528738499000,83.779,83.78,83.774,83.774,36260000,1
1528738500000,1528738559000,83.774,83.774,83.77,83.774,32940000,1
1528738560000,1528738619000,83.774,83.779,83.774,83.777,39270000,1
1528738620000,1528738679000,83.777,83.778,83.765,83.768,83120000,1
1528738680000,1528738739000,83.767,83.772,83.766,83.771,58850000,1
1528738740000,1528738799000,83.77,83.775,83.768,83.773,59230000,1
1528738800000,1528738859000,83.772,83.778,83.763,83.763,87070000,1
1528738860000,1528738919000,83.763,83.776,83.762,83.773,62390000,1
1528738920000,1528738979000,83.773,83.775,83.77,83.775,87540000,1
1528738980000,1528739039000,83.774,83.774,83.77,83.77,71290000,1
1528739040000,1528739099000,83.771,83.784,83.771,83.783,87690000,1
1528739100000,1528739159000,83.783,83.786,83.773,83.781,85920000,1
1528739160000,1528739219000,83.781,83.782,83.772,83.782,54450000,1
1528739220000,1528739279000,83.783,83.783,83.772,83.773,44970000,1
1528739280000,1528739339000,83.773,83.773,83.761,83.763,55520000,1
1528739340000,1528739399000,83.763,83.765,83.76,83.76,63410000,1
1528739400000,1528739459000,83.761,83.77,83.759,83.766,86520000,1
1528739460000,1528739519000,83.766,83.778,83.764,83.764,67990000,1
1528739520000,1528739579000,83.768,83.768,83.766,83.767,29360000,1
1528739580000,1528739639000,83.767,83.768,83.766,83.767,26620000,1
1528739640000,1528739699000,83.765,83.765,83.758,83.758,62070000,1
1528739700000,1528739759000,83.759,83.764,83.758,83.763,34080000,1
1528739760000,1528739819000,83.763,83.765,83.759,83.764,33420000,1
1528739820000,1528739879000,83.765,83.765,83.758,83.758,55980000,1
1528739880000,1528739939000,83.758,83.764,83.756,83.764,114350000,1
1528739940000,1528739999000,83.764,83.767,83.75,83.751,99500000,1
1528740000000,1528740059000,83.752,83.752,83.732,83.742,95660000,1
1528740060000,1528740119000,83.742,83.75,83.741,83.742,68730000,1
1528740120000,1528740179000,83.742,83.746,83.74,83.743,65290000,1
1528740180000,1528740239000,83.743,83.754,83.743,83.75,64550000,1
1528740240000,1528740299000,83.746,83.746,83.743,83.746,39790000,1
1528740300000,1528740359000,83.745,83.745,83.729,83.731,90990000,1
1528740360000,1528740419000,83.731,83.734,83.719,83.72,62310000,1
1528740420000,1528740479000,83.72,83.722,83.717,83.717,68120000,1
1528740480000,1528740539000,83.718,83.735,83.718,83.728,66580000,1
1528740540000,1528740599000,83.729,83.735,83.729,83.735,62390000,1
1528740600000,1528740659000,83.736,83.748,83.736,83.743,82980000,1
1528740660000,1528740719000,83.743,83.747,83.738,83.738,87600000,1
1528740720000,1528740779000,83.738,83.74,83.735,83.738,48360000,1
1528740780000,1528740839000,83.737,83.737,83.729,83.73,77370000,1
1528740840000,1528740899000,83.731,83.738,83.731,83.736,35000000,1
1528740900000,1528740959000,83.734,83.734,83.72,83.722,83080000,1
1528740960000,1528741019000,83.722,83.722,83.709,83.714,75260000,1
1528741020000,1528741079000,83.716,83.72,83.714,83.717,63290000,1
1528741080000,1528741139000,83.718,83.718,83.708,83.711,77900000,1
1528741140000,1528741199000,83.711,83.714,83.709,83.711,57700000,1
1528741200000,1528741259000,83.71,83.711,83.708,83.709,50730000,1
1528741260000,1528741319000,83.709,83.71,83.706,83.707,46840000,1
1528741320000,1528741379000,83.707,83.708,83.704,83.704,107550000,1
1528741380000,1528741439000,83.698,83.698,83.677,83.686,128670000,1
1528741440000,1528741499000,83.688,83.69,83.682,83.69,105550000,1
1528741500000,1528741559000,83.689,83.689,83.684,83.685,50860000,1
1528741560000,1528741619000,83.685,83.691,83.684,83.687,61250000,1
1528741620000,1528741679000,83.687,83.697,83.683,83.683,120610000,1
1528741680000,1528741739000,83.683,83.684,83.681,83.682,96370000,1
1528741740000,1528741799000,83.683,83.688,83.679,83.684,79330000,1
1528741800000,1528741859000,83.685,83.688,83.67,83.671,51420000,1
1528741860000,1528741919000,83.67,83.677,83.67,83.671,77020000,1
1528741920000,1528741979000,83.671,83.672,83.666,83.667,108570000,1
1528741980000,1528742039000,83.667,83.667,83.663,83.664,83870000,1
1528742040000,1528742099000,83.663,83.666,83.663,83.664,48080000,1
1528742100000,1528742159000,83.665,83.673,83.664,83.665,38730000,1
1528742160000,1528742219000,83.665,83.672,83.663,83.663,50440000,1
1528742220000,1528742279000,83.663,83.664,83.662,83.663,45740000,1
1528742280000,1528742339000,83.663,83.663,83.663,83.663,35060000,1
1528742340000,1528742399000,83.663,83.664,83.663,83.664,12930000,1
1528742400000,1528742459000,83.664,83.665,83.664,83.664,12200000,1
1528742460000,1528742519000,83.664,83.666,83.663,83.666,18240000,1
1528742520000,1528742579000,83.665,83.668,83.657,83.657,51070000,1
1528742580000,1528742639000,83.657,83.659,83.657,83.659,35470000,1
1528742640000,1528742699000,83.659,83.661,83.657,83.661,32480000,1
1528742700000,1528742759000,83.661,83.663,83.659,83.663,22710000,1
1528742760000,1528742819000,83.662,83.663,83.659,83.659,17400000,1
1528742820000,1528742879000,83.66,83.67,83.659,83.668,28730000,1
1528742880000,1528742939000,83.668,83.668,83.659,83.666,44490000,1
1528742940000,1528742999000,83.665,83.666,83.66,83.666,28490000,1
1528743000000,1528743059000,83.665,83.665,83.656,83.659,76980000,1
1528743060000,1528743119000,83.658,83.658,83.655,83.656,42970000,1
1528743120000,1528743179000,83.658,83.668,83.657,83.663,42580000,1
1528743180000,1528743239000,83.663,83.664,83.658,83.66,38370000,1
1528743240000,1528743299000,83.659,83.661,83.658,83.659,26120000,1
1528743300000,1528743359000,83.66,83.661,83.655,83.656,25990000,1
1528743360000,1528743419000,83.655,83.673,83.655,83.673,51670000,1
1528743420000,1528743479000,83.673,83.674,83.668,83.668,28710000,1
1528743480000,1528743539000,83.669,83.669,83.66,83.66,69370000,1
1528743540000,1528743599000,83.661,83.679,83.66,83.679,101010000,1
1528743600000,1528743659000,83.678,83.683,83.677,83.681,83940000,1
1528743660000,1528743719000,83.681,83.685,83.681,83.682,20380000,1
1528743720000,1528743779000,83.682,83.685,83.68,83.683,46230000,1
1528743780000,1528743839000,83.683,83.684,83.682,83.682,29760000,1
1528743840000,1528743899000,83.682,83.684,83.681,83.681,38010000,1
1528743900000,1528743959000,83.681,83.684,83.681,83.682,29950000,1
1528743960000,1528744019000,83.684,83.691,83.682,83.691,44130000,1
1528744020000,1528744079000,83.691,83.696,83.691,83.695,47890000,1
1528744080000,1528744139000,83.696,83.697,83.695,83.697,19190000,1
1528744140000,1528744199000,83.697,83.698,83.694,83.697,29780000,1
1528744200000,1528744259000,83.696,83.697,83.69,83.694,70170000,1
1528744260000,1528744319000,83.694,83.696,83.693,83.695,42870000,1
1528744320000,1528744379000,83.695,83.698,83.694,83.697,18820000,1
1528744380000,1528744439000,83.697,83.703,83.697,83.7,26260000,1
1528744440000,1528744499000,83.7,83.704,83.699,83.704,38090000,1
1528744500000,1528744559000,83.704,83.722,83.704,83.722,42430000,1
1528744560000,1528744619000,83.724,83.727,83.724,83.727,28200000,1
1528744620000,1528744679000,83.726,83.728,83.725,83.726,42630000,1
1528744680000,1528744739000,83.726,83.726,83.723,83.723,21300000,1
1528744740000,1528744799000,83.723,83.727,83.717,83.723,82930000,1
1528744800000,1528744859000,83.724,83.727,83.72,83.725,58490000,1
1528744860000,1528744919000,83.727,83.727,83.719,83.722,99670000,1
1528744920000,1528744979000,83.722,83.726,83.722,83.726,41760000,1
1528744980000,1528745039000,83.726,83.726,83.722,83.724,62540000,1
1528745040000,1528745099000,83.725,83.725,83.722,83.725,79240000,1
1528745100000,1528745159000,83.725,83.731,83.72,83.731,102420000,1
1528745160000,1528745219000,83.733,83.744,83.732,83.742,43330000,1
1528745220000,1528745279000,83.742,83.743,83.732,83.736,55260000,1
1528745280000,1528745339000,83.737,83.74,83.737,83.738,36180000,1
1528745340000,1528745399000,83.738,83.74,83.736,83.74,18800000,1
1528745400000,1528745459000,83.741,83.743,83.737,83.741,56360000,1
1528745460000,1528745519000,83.741,83.746,83.741,83.745,25540000,1
1528745520000,1528745579000,83.747,83.753,83.745,83.748,51030000,1
1528745580000,1528745639000,83.747,83.751,83.747,83.75,27870000,1
1528745640000,1528745699000,83.75,83.763,83.749,83.762,24250000,1
1528745700000,1528745759000,83.761,83.762,83.76,83.761,9000000,1
1528745760000,1528745819000,83.759,83.761,83.754,83.757,27000000,1
1528745820000,1528745879000,83.76,83.76,83.759,83.76,9000000,1
1528745880000,1528745939000,83.756,83.756,83.748,83.748,17000000,1
1528745940000,1528745999000,83.747,83.749,83.747,83.748,19000000,1
1528746000000,1528746059000,83.749,83.765,83.748,83.758,30500000,1
1528746060000,1528746119000,83.759,83.759,83.757,83.758,9000000,1
1528746120000,1528746179000,83.756,83.761,83.751,83.751,27500000,1
1528746180000,1528746239000,83.752,83.755,83.751,83.751,26000000,1
1528746240000,1528746299000,83.751,83.751,83.748,83.748,20000000,1
1528746300000,1528746359000,83.749,83.759,83.746,83.758,39870000,1
1528746360000,1528746419000,83.758,83.759,83.756,83.759,23370000,1
1528746420000,1528746479000,83.758,83.759,83.755,83.756,18250000,1
1528746480000,1528746539000,83.756,83.757,83.756,83.757,5000000,1
1528746540000,1528746599000,83.756,83.756,83.755,83.755,20870000,1
1528746600000,1528746659000,83.755,83.755,83.735,83.738,80480000,1
1528746660000,1528746719000,83.737,83.74,83.731,83.735,106310000,1
1528746720000,1528746779000,83.735,83.735,83.728,83.729,64850000,1
1528746780000,1528746839000,83.729,83.734,83.723,83.723,41300000,1
1528746840000,1528746899000,83.723,83.726,83.719,83.72,55490000,1
1528746900000,1528746959000,83.718,83.724,83.717,83.718,83240000,1
1528746960000,1528747019000,83.718,83.718,83.716,83.717,35190000,1
1528747020000,1528747079000,83.717,83.723,83.716,83.718,38980000,1
1528747080000,1528747139000,83.718,83.724,83.718,83.724,24230000,1
1528747140000,1528747199000,83.723,83.728,83.719,83.723,75050000,1
1528747200000,1528747259000,83.725,83.725,83.713,83.715,38660000,1
1528747260000,1528747319000,83.715,83.715,83.71,83.711,43330000,1
1528747320000,1528747379000,83.71,83.718,83.71,83.718,46720000,1
1528747380000,1528747439000,83.718,83.722,83.715,83.72,38340000,1
1528747440000,1528747499000,83.72,83.72,83.715,83.72,25200000,1
1528747500000,1528747559000,83.72,83.72,83.72,83.72,10680000,1
1528747560000,1528747619000,83.719,83.725,83.719,83.721,18010000,1
1528747620000,1528747679000,83.72,83.72,83.72,83.72,10130000,1
1528747680000,1528747739000,83.72,83.72,83.72,83.72,2440000,1
1528747740000,1528747799000,83.72,83.72,83.718,83.719,14320000,1
1528747800000,1528747859000,83.719,83.725,83.719,83.725,23390000,1
1528747860000,1528747919000,83.725,83.725,83.724,83.725,11870000,1
1528747920000,1528747979000,83.725,83.735,83.725,83.735,30420000,1
1528747980000,1528748039000,83.736,83.736,83.734,83.736,18040000,1
1528748040000,1528748099000,83.736,83.737,83.736,83.737,43980000,1
1528748100000,1528748159000,83.737,83.737,83.736,83.736,8630000,1
1528748160000,1528748219000,83.736,83.74,83.733,83.735,19310000,1
1528748220000,1528748279000,83.735,83.735,83.734,83.735,7500000,1
1528748280000,1528748339000,83.734,83.735,83.734,83.735,13490000,1
1528748340000,1528748399000,83.735,83.738,83.734,83.734,13490000,1
1528748400000,1528748459000,83.735,83.735,83.733,83.733,13940000,1
1528748460000,1528748519000,83.734,83.735,83.733,83.735,26510000,1
1528748520000,1528748579000,83.734,83.734,83.731,83.731,5810000,1
1528748580000,1528748639000,83.732,83.741,83.731,83.741,20680000,1
1528748640000,1528748699000,83.74,83.741,83.739,83.739,8760000,1
1528748700000,1528748759000,83.739,83.739,83.734,83.734,11060000,1
1528748760000,1528748819000,83.734,83.735,83.733,83.734,20640000,1
1528748820000,1528748879000,83.735,83.739,83.735,83.739,14570000,1
1528748880000,1528748939000,83.738,83.739,83.729,83.729,26300000,1
1528748940000,1528748999000,83.729,83.731,83.718,83.719,47780000,1
1528749000000,1528749059000,83.719,83.73,83.719,83.727,24780000,1
1528749060000,1528749119000,83.727,83.73,83.725,83.729,23350000,1
1528749120000,1528749179000,83.729,83.73,83.728,83.729,23520000,1
1528749180000,1528749239000,83.729,83.732,83.728,83.731,14670000,1
1528749240000,1528749299000,83.732,83.733,83.73,83.73,20220000,1
1528749300000,1528749359000,83.73,83.73,83.729,83.73,27550000,1
1528749360000,1528749419000,83.731,83.731,83.726,83.726,22390000,1
1528749420000,1528749479000,83.725,83.725,83.725,83.725,3740000,1
1528749480000,1528749539000,83.726,83.727,83.725,83.725,7060000,1
1528749540000,1528749599000,83.727,83.727,83.725,83.725,6620000,1
1528749600000,1528749659000,83.726,83.728,83.725,83.727,12240000,1
1528749660000,1528749719000,83.728,83.728,83.727,83.727,5620000,1
1528749720000,1528749779000,83.727,83.729,83.726,83.726,13730000,1
1528749780000,1528749839000,83.726,83.727,83.726,83.726,14630000,1
1528749840000,1528749899000,83.726,83.726,83.726,83.726,0,1
1528749900000,1528749959000,83.726,83.729,83.724,83.727,38440000,1
1528749960000,1528750019000,83.727,83.731,83.724,83.727,36560000,1
1528750020000,1528750079000,83.726,83.726,83.726,83.726,9760000,1
1528750080000,1528750139000,83.726,83.727,83.72,83.727,24990000,1
1528750140000,1528750199000,83.728,83.73,83.727,83.728,17910000,1
1528750200000,1528750259000,83.727,83.727,83.722,83.724,44640000,1
1528750260000,1528750319000,83.724,83.725,83.724,83.724,24810000,1
1528750320000,1528750379000,83.724,83.739,83.724,83.733,54430000,1
1528750380000,1528750439000,83.732,83.732,83.728,83.729,13230000,1
1528750440000,1528750499000,83.729,83.739,83.729,83.739,18800000,1
1528750500000,1528750559000,83.739,83.739,83.738,83.738,14980000,1
1528750560000,1528750619000,83.738,83.743,83.738,83.741,21040000,1
1528750620000,1528750679000,83.741,83.742,83.736,83.74,44260000,1
1528750680000,1528750739000,83.74,83.746,83.735,83.737,32520000,1
1528750740000,1528750799000,83.736,83.745,83.698,83.699,25720000,1
1528750800000,1528750859000,83.695,83.695,83.639,83.639,11220000,1
1528750860000,1528750919000,83.644,83.674,83.644,83.672,7500000,1
1528750920000,1528750979000,83.672,83.672,83.672,83.672,750000,1
1528750980000,1528751039000,83.672,83.672,83.671,83.671,3750000,1
1528751040000,1528751099000,83.666,83.668,83.664,83.667,11940000,1
1528751100000,1528751159000,83.667,83.673,83.667,83.673,10000000,1
1528751160000,1528751219000,83.687,83.697,83.683,83.688,8690000,1
1528751220000,1528751279000,83.687,83.689,83.687,83.688,6000000,1
1528751280000,1528751339000,83.687,83.688,83.687,83.688,9000000,1
1528751340000,1528751399000,83.687,83.689,83.687,83.689,3000000,1
1528751400000,1528751459000,83.686,83.69,83.686,83.69,8000000,1
1528751460000,1528751519000,83.689,83.693,83.682,83.69,31470000,1
1528751520000,1528751579000,83.689,83.703,83.684,83.7,23980000,1
1528751580000,1528751639000,83.7,83.704,83.7,83.704,17000000,1
1528751640000,1528751699000,83.704,83.704,83.696,83.696,9180000,1
1528751700000,1528751759000,83.696,83.712,83.696,83.703,11370000,1
1528751760000,1528751819000,83.704,83.708,83.699,83.703,46490000,1
1528751820000,1528751879000,83.7,83.71,83.658,83.69,259130000,1
1528751880000,1528751939000,83.699,83.699,83.686,83.686,6050000,1
1528751940000,1528751999000,83.697,83.701,83.683,83.684,15590000,1
1528752000000,1528752059000,83.684,83.693,83.672,83.672,57020000,1
1528752060000,1528752119000,83.674,83.681,83.666,83.672,277050000,1
1528752120000,1528752179000,83.671,83.689,83.671,83.685,130020000,1
1528752180000,1528752239000,83.684,83.684,83.671,83.671,45090000,1
1528752240000,1528752299000,83.671,83.698,83.658,83.682,100670000,1
1528752300000,1528752359000,83.682,83.698,83.668,83.677,174420000,1
1528752360000,1528752419000,83.677,83.694,83.675,83.687,97260000,1
1528752420000,1528752479000,83.689,83.697,83.671,83.697,80180000,1
1528752480000,1528752539000,83.694,83.7,83.694,83.698,23290000,1
1528752540000,1528752599000,83.698,83.699,83.69,83.691,58430000,1
1528752600000,1528752659000,83.691,83.694,83.666,83.68,123360000,1
1528752660000,1528752719000,83.68,83.7,83.679,83.699,93210000,1
1528752720000,1528752779000,83.699,83.739,83.682,83.706,223910000,1
1528752780000,1528752839000,83.71,83.713,83.669,83.703,163800000,1
1528752840000,1528752899000,83.703,83.718,83.703,83.705,94730000,1
1528752900000,1528752959000,83.705,83.727,83.704,83.724,51510000,1
1528752960000,1528753019000,83.723,83.723,83.716,83.718,75270000,1
1528753020000,1528753079000,83.72,83.731,83.72,83.729,53240000,1
1528753080000,1528753139000,83.729,83.729,83.705,83.71,99620000,1
1528753140000,1528753199000,83.71,83.723,83.705,83.713,106530000,1
1528753200000,1528753259000,83.713,83.733,83.713,83.727,37920000,1
1528753260000,1528753319000,83.727,83.73,83.727,83.73,7860000,1
1528753320000,1528753379000,83.729,83.732,83.726,83.732,74830000,1
1528753380000,1528753439000,83.73,83.734,83.73,83.733,14110000,1
1528753440000,1528753499000,83.733,83.733,83.727,83.731,16860000,1
1528753500000,1528753559000,83.731,83.732,83.731,83.732,11750000,1
1528753560000,1528753619000,83.732,83.756,83.73,83.747,81090000,1
1528753620000,1528753679000,83.742,83.747,83.729,83.737,400400000,1
1528753680000,1528753739000,83.737,83.748,83.725,83.725,127080000,1
1528753740000,1528753799000,83.725,83.749,83.725,83.732,87350000,1
1528753800000,1528753859000,83.732,83.738,83.723,83.727,61940000,1
1528753860000,1528753919000,83.725,83.731,83.714,83.721,138000000,1
1528753920000,1528753979000,83.722,83.749,83.711,83.736,68780000,1
1528753980000,1528754039000,83.735,83.737,83.709,83.725,121740000,1
1528754040000,1528754099000,83.722,83.733,83.715,83.733,113060000,1
1528754100000,1528754159000,83.73,83.748,83.724,83.741,169290000,1
1528754160000,1528754219000,83.736,83.741,83.712,83.731,204050000,1
1528754220000,1528754279000,83.731,83.735,83.72,83.724,109940000,1
1528754280000,1528754339000,83.724,83.742,83.724,83.742,106400000,1
1528754340000,1528754399000,83.74,83.74,83.718,83.721,35740000,1
1528754400000,1528754459000,83.731,83.735,83.709,83.727,93160000,1
1528754460000,1528754519000,83.725,83.751,83.725,83.75,69750000,1
1528754520000,1528754579000,83.749,83.758,83.748,83.757,86250000,1
1528754580000,1528754639000,83.758,83.759,83.737,83.743,77250000,1
1528754640000,1528754699000,83.744,83.745,83.735,83.738,57000000,1
1528754700000,1528754759000,83.739,83.746,83.737,83.737,39690000,1
1528754760000,1528754819000,83.737,83.74,83.733,83.737,31000000,1
1528754820000,1528754879000,83.739,83.742,83.739,83.742,8000000,1
1528754880000,1528754939000,83.742,83.742,83.741,83.741,13000000,1
1528754940000,1528754999000,83.744,83.753,83.744,83.753,30000000,1
1528755000000,1528755059000,83.753,83.753,83.748,83.75,23000000,1
1528755060000,1528755119000,83.752,83.755,83.752,83.754,11260000,1
1528755120000,1528755179000,83.754,83.754,83.75,83.752,8070000,1
1528755180000,1528755239000,83.751,83.752,83.75,83.752,4880000,1
1528755240000,1528755299000,83.752,83.752,83.752,83.752,0,1
1528755300000,1528755359000,83.751,83.772,83.75,83.768,52650000,1
1528755360000,1528755419000,83.768,83.781,83.767,83.779,95240000,1
1528755420000,1528755479000,83.778,83.778,83.759,83.762,45050000,1
1528755480000,1528755539000,83.762,83.77,83.762,83.769,12460000,1
1528755540000,1528755599000,83.77,83.77,83.77,83.77,2440000,1
1528755600000,1528755659000,83.769,83.777,83.768,83.777,21400000,1
1528755660000,1528755719000,83.778,83.789,83.778,83.789,30740000,1
1528755720000,1528755779000,83.787,83.787,83.781,83.781,13580000,1
1528755780000,1528755839000,83.78,83.783,83.777,83.78,24970000,1
1528755840000,1528755899000,83.781,83.786,83.78,83.786,35360000,1
1528755900000,1528755959000,83.786,83.786,83.774,83.774,10940000,1
1528755960000,1528756019000,83.775,83.777,83.775,83.777,7190000,1
1528756020000,1528756079000,83.778,83.787,83.778,83.787,16380000,1
1528756080000,1528756139000,83.788,83.793,83.788,83.793,23510000,1
1528756140000,1528756199000,83.793,83.796,83.792,83.793,28400000,1
1528756200000,1528756259000,83.793,83.799,83.791,83.792,25840000,1
1528756260000,1528756319000,83.793,83.793,83.792,83.792,9320000,1
1528756320000,1528756379000,83.791,83.801,83.79,83.795,29540000,1
1528756380000,1528756439000,83.797,83.797,83.794,83.796,27960000,1
1528756440000,1528756499000,83.795,83.796,83.794,83.796,6630000,1
1528756500000,1528756559000,83.796,83.797,83.793,83.793,13260000,1
1528756560000,1528756619000,83.793,83.795,83.793,83.794,12200000,1
1528756620000,1528756679000,83.795,83.797,83.794,83.794,21820000,1
1528756680000,1528756739000,83.794,83.799,83.794,83.797,13260000,1
1528756740000,1528756799000,83.796,83.796,83.792,83.792,14070000,1
1528756800000,1528756859000,83.792,83.808,83.781,83.795,51710000,1
1528756860000,1528756919000,83.794,83.794,83.791,83.792,21250000,1
1528756920000,1528756979000,83.792,83.792,83.782,83.784,29710000,1
1528756980000,1528757039000,83.784,83.784,83.782,83.783,21890000,1
1528757040000,1528757099000,83.783,83.792,83.783,83.788,15690000,1
1528757100000,1528757159000,83.788,83.788,83.783,83.787,13750000,1
1528757160000,1528757219000,83.786,83.793,83.786,83.792,12500000,1
1528757220000,1528757279000,83.792,83.792,83.788,83.789,15940000,1
1528757280000,1528757339000,83.789,83.791,83.789,83.79,14390000,1
1528757340000,1528757399000,83.791,83.794,83.79,83.79,12690000,1
1528757400000,1528757459000,83.79,83.79,83.783,83.788,34440000,1
1528757460000,1528757519000,83.788,83.789,83.784,83.789,15500000,1
1528757520000,1528757579000,83.79,83.79,83.787,83.789,6250000,1
1528757580000,1528757639000,83.788,83.79,83.788,83.79,11190000,1
1528757640000,1528757699000,83.789,83.802,83.789,83.802,25320000,1
1528757700000,1528757759000,83.803,83.808,83.799,83.808,40930000,1
1528757760000,1528757819000,83.807,83.811,83.807,83.808,31190000,1
1528757820000,1528757879000,83.807,83.81,83.807,83.807,22110000,1
1528757880000,1528757939000,83.809,83.81,83.808,83.809,15000000,1
1528757940000,1528757999000,83.808,83.816,83.808,83.816,30410000,1
1528758000000,1528758059000,83.815,83.83,83.815,83.822,50770000,1
1528758060000,1528758119000,83.821,83.831,83.814,83.831,33880000,1
1528758120000,1528758179000,83.83,83.833,83.829,83.833,19740000,1
1528758180000,1528758239000,83.832,83.832,83.827,83.831,36820000,1
1528758240000,1528758299000,83.831,83.834,83.828,83.829,24890000,1
1528758300000,1528758359000,83.829,83.832,83.829,83.831,28250000,1
1528758360000,1528758419000,83.83,83.842,83.83,83.838,43280000,1
1528758420000,1528758479000,83.838,83.842,83.838,83.84,29370000,1
1528758480000,1528758539000,83.839,83.849,83.839,83.846,33690000,1
1528758540000,1528758599000,83.846,83.865,83.846,83.862,47230000,1
1528758600000,1528758659000,83.863,83.876,83.863,83.871,56690000,1
1528758660000,1528758719000,83.87,83.879,83.87,83.871,30890000,1
1528758720000,1528758779000,83.87,83.9,83.867,83.9,40200000,1
1528758780000,1528758839000,83.899,83.941,83.892,83.941,97360000,1
1528758840000,1528758899000,83.941,83.942,83.918,83.939,149510000,1
1528758900000,1528758959000,83.937,83.939,83.914,83.916,102430000,1
1528758960000,1528759019000,83.916,83.932,83.909,83.931,70230000,1
1528759020000,1528759079000,83.929,83.93,83.92,83.929,102060000,1
1528759080000,1528759139000,83.929,83.932,83.921,83.929,81790000,1
1528759140000,1528759199000,83.928,83.929,83.914,83.926,111610000,1
1528759200000,1528759259000,83.924,83.924,83.915,83.916,83330000,1
1528759260000,1528759319000,83.916,83.917,83.903,83.908,89610000,1
1528759320000,1528759379000,83.908,83.91,83.899,83.91,56580000,1
1528759380000,1528759439000,83.911,83.913,83.908,83.912,47740000,1
1528759440000,1528759499000,83.915,83.991,83.914,83.988,137800000,1
1528759500000,1528759559000,83.988,83.993,83.971,83.988,146120000,1
1528759560000,1528759619000,83.987,84.007,83.976,83.986,154190000,1
1528759620000,1528759679000,83.986,83.986,83.966,83.98,103810000,1
1528759680000,1528759739000,83.979,83.983,83.954,83.957,95720000,1
1528759740000,1528759799000,83.957,83.973,83.957,83.969,95910000,1
1528759800000,1528759859000,83.968,83.978,83.948,83.978,106060000,1
1528759860000,1528759919000,83.979,83.988,83.97,83.973,64650000,1
1528759920000,1528759979000,83.973,83.979,83.968,83.972,38620000,1
1528759980000,1528760039000,83.971,83.974,83.967,83.973,50600000,1
1528760040000,1528760099000,83.972,83.974,83.955,83.955,79290000,1
1528760100000,1528760159000,83.955,83.982,83.952,83.966,103080000,1
1528760160000,1528760219000,83.966,83.985,83.965,83.978,44510000,1
1528760220000,1528760279000,83.977,83.981,83.973,83.98,23880000,1
1528760280000,1528760339000,83.98,83.988,83.977,83.986,38950000,1
1528760340000,1528760399000,83.985,83.993,83.985,83.992,21630000,1
1528760400000,1528760459000,83.991,84.006,83.981,83.981,102200000,1
1528760460000,1528760519000,83.979,83.979,83.971,83.971,49720000,1
1528760520000,1528760579000,83.969,83.979,83.965,83.971,69920000,1
1528760580000,1528760639000,83.97,83.974,83.967,83.972,62900000,1
1528760640000,1528760699000,83.973,83.973,83.964,83.964,54110000,1
1528760700000,1528760759000,83.966,83.975,83.964,83.969,115990000,1
1528760760000,1528760819000,83.97,83.984,83.968,83.979,60510000,1
1528760820000,1528760879000,83.978,83.987,83.976,83.985,110310000,1
1528760880000,1528760939000,83.985,83.985,83.977,83.977,58970000,1
1528760940000,1528760999000,83.978,83.989,83.974,83.98,80700000,1
1528761000000,1528761059000,83.981,83.988,83.968,83.988,107790000,1
1528761060000,1528761119000,83.984,83.986,83.969,83.985,123400000,1
1528761120000,1528761179000,83.984,83.991,83.977,83.979,68450000,1
1528761180000,1528761239000,83.98,83.987,83.96,83.96,95850000,1
1528761240000,1528761299000,83.956,83.969,83.953,83.969,65640000,1
1528761300000,1528761359000,83.966,83.966,83.956,83.958,94300000,1
1528761360000,1528761419000,83.958,83.962,83.953,83.953,66200000,1
1528761420000,1528761479000,83.953,83.961,83.939,83.942,112780000,1
1528761480000,1528761539000,83.942,83.953,83.939,83.947,111720000,1
1528761540000,1528761599000,83.947,83.961,83.934,83.937,123960000,1
1528761600000,1528761659000,83.937,83.938,83.904,83.911,149560000,1
1528761660000,1528761719000,83.912,83.927,83.849,83.874,170890000,1
1528761720000,1528761779000,83.874,83.878,83.84,83.878,230980000,1
1528761780000,1528761839000,83.877,83.885,83.85,83.857,155960000,1
1528761840000,1528761899000,83.858,83.895,83.853,83.88,169550000,1
1528761900000,1528761959000,83.879,83.9,83.863,83.893,161210000,1
1528761960000,1528762019000,83.893,83.896,83.881,83.883,121750000,1
1528762020000,1528762079000,83.884,83.893,83.847,83.888,119060000,1
1528762080000,1528762139000,83.889,83.923,83.889,83.914,135270000,1
1528762140000,1528762199000,83.914,83.914,83.853,83.859,103620000,1
1528762200000,1528762259000,83.859,83.884,83.856,83.879,143850000,1
1528762260000,1528762319000,83.877,83.88,83.857,83.871,117350000,1
1528762320000,1528762379000,83.869,83.889,83.867,83.884,87820000,1
1528762380000,1528762439000,83.883,83.886,83.872,83.878,49500000,1
1528762440000,1528762499000,83.878,83.894,83.876,83.89,77860000,1
1528762500000,1528762559000,83.891,83.906,83.885,83.887,79880000,1
1528762560000,1528762619000,83.886,83.887,83.874,83.879,91300000,1
1528762620000,1528762679000,83.877,83.892,83.875,83.879,72650000,1
1528762680000,1528762739000,83.879,83.904,83.878,83.886,115930000,1
1528762740000,1528762799000,83.885,83.887,83.851,83.859,127660000,1
1528762800000,1528762859000,83.862,83.863,83.84,83.846,120480000,1
1528762860000,1528762919000,83.846,83.849,83.845,83.848,70130000,1
1528762920000,1528762979000,83.847,83.848,83.837,83.839,52920000,1
1528762980000,1528763039000,83.839,83.865,83.839,83.863,54520000,1
1528763040000,1528763099000,83.863,83.863,83.838,83.843,78580000,1
1528763100000,1528763159000,83.843,83.854,83.84,83.844,46920000,1
1528763160000,1528763219000,83.845,83.857,83.841,83.857,48260000,1
1528763220000,1528763279000,83.856,83.856,83.825,83.832,94830000,1
1528763280000,1528763339000,83.833,83.833,83.781,83.784,180250000,1
1528763340000,1528763399000,83.785,83.786,83.765,83.776,140440000,1
1528763400000,1528763459000,83.776,83.781,83.758,83.77,154980000,1
1528763460000,1528763519000,83.769,83.775,83.757,83.757,62490000,1
1528763520000,1528763579000,83.757,83.797,83.753,83.797,121910000,1
1528763580000,1528763639000,83.797,83.797,83.771,83.776,72920000,1
1528763640000,1528763699000,83.775,83.775,83.761,83.771,68220000,1
1528763700000,1528763759000,83.772,83.792,83.771,83.79,62060000,1
1528763760000,1528763819000,83.79,83.802,83.788,83.791,126090000,1
1528763820000,1528763879000,83.793,83.796,83.773,83.777,76550000,1
1528763880000,1528763939000,83.775,83.793,83.744,83.789,146020000,1
1528763940000,1528763999000,83.789,83.79,83.75,83.762,164280000,1
1528764000000,1528764059000,83.76,83.765,83.728,83.745,126180000,1
1528764060000,1528764119000,83.745,83.785,83.744,83.781,101720000,1
1528764120000,1528764179000,83.782,83.782,83.756,83.757,124640000,1
1528764180000,1528764239000,83.755,83.755,83.737,83.747,63270000,1
1528764240000,1528764299000,83.748,83.775,83.747,83.775,141080000,1
1528764300000,1528764359000,83.776,83.776,83.746,83.757,96710000,1
1528764360000,1528764419000,83.757,83.784,83.754,83.778,96560000,1
1528764420000,1528764479000,83.779,83.79,83.771,83.788,80580000,1
1528764480000,1528764539000,83.786,83.793,83.777,83.793,63360000,1
1528764540000,1528764599000,83.792,83.807,83.788,83.805,45540000,1
1528764600000,1528764659000,83.805,83.805,83.774,83.78,75400000,1
1528764660000,1528764719000,83.781,83.804,83.777,83.797,102200000,1
1528764720000,1528764779000,83.796,83.807,83.779,83.806,118160000,1
1528764780000,1528764839000,83.805,83.812,83.784,83.79,109170000,1
1528764840000,1528764899000,83.788,83.788,83.752,83.761,154170000,1
1528764900000,1528764959000,83.76,83.773,83.748,83.748,168430000,1
1528764960000,1528765019000,83.748,83.779,83.743,83.779,96930000,1
1528765020000,1528765079000,83.778,83.784,83.771,83.778,79680000,1
1528765080000,1528765139000,83.778,83.779,83.767,83.773,82050000,1
1528765140000,1528765199000,83.775,83.775,83.759,83.76,87620000,1
1528765200000,1528765259000,83.759,83.759,83.667,83.67,261720000,1
1528765260000,1528765319000,83.672,83.683,83.664,83.668,175530000,1
1528765320000,1528765379000,83.668,83.673,83.652,83.662,162830000,1
1528765380000,1528765439000,83.661,83.679,83.644,83.647,185670000,1
1528765440000,1528765499000,83.648,83.674,83.647,83.674,130660000,1
1528765500000,1528765559000,83.675,83.738,83.675,83.733,235650000,1
1528765560000,1528765619000,83.733,83.74,83.722,83.74,99790000,1
1528765620000,1528765679000,83.74,83.745,83.718,83.718,78620000,1
1528765680000,1528765739000,83.717,83.719,83.694,83.704,126750000,1
1528765740000,1528765799000,83.703,83.713,83.696,83.697,170700000,1
1528765800000,1528765859000,83.698,83.761,83.698,83.758,141900000,1
1528765860000,1528765919000,83.759,83.763,83.747,83.75,121600000,1
1528765920000,1528765979000,83.751,83.753,83.731,83.734,101150000,1
1528765980000,1528766039000,83.733,83.745,83.708,83.743,144690000,1
1528766040000,1528766099000,83.743,83.747,83.725,83.74,92370000,1
1528766100000,1528766159000,83.74,83.747,83.72,83.73,128720000,1
1528766160000,1528766219000,83.731,83.744,83.731,83.742,61000000,1
1528766220000,1528766279000,83.742,83.754,83.729,83.754,82560000,1
1528766280000,1528766339000,83.755,83.8,83.755,83.793,176930000,1
1528766340000,1528766399000,83.793,83.826,83.793,83.826,117110000,1
1528766400000,1528766459000,83.826,83.826,83.812,83.826,84140000,1
1528766460000,1528766519000,83.826,83.826,83.817,83.824,73320000,1
1528766520000,1528766579000,83.825,83.83,83.81,83.824,97080000,1
1528766580000,1528766639000,83.824,83.838,83.813,83.826,158610000,1
1528766640000,1528766699000,83.827,83.827,83.802,83.807,62940000,1
1528766700000,1528766759000,83.808,83.812,83.808,83.812,35700000,1
1528766760000,1528766819000,83.813,83.813,83.796,83.798,107430000,1
1528766820000,1528766879000,83.798,83.812,83.796,83.811,66200000,1
1528766880000,1528766939000,83.811,83.847,83.811,83.847,125580000,1
1528766940000,1528766999000,83.849,83.885,83.849,83.858,159900000,1
1528767000000,1528767059000,83.859,83.859,83.831,83.843,145230000,1
1528767060000,1528767119000,83.843,83.89,83.843,83.886,95640000,1
1528767120000,1528767179000,83.885,83.935,83.878,83.931,200960000,1
1528767180000,1528767239000,83.931,83.938,83.91,83.913,133650000,1
1528767240000,1528767299000,83.914,83.937,83.898,83.937,225350000,1
1528767300000,1528767359000,83.938,83.938,83.92,83.93,158510000,1
1528767360000,1528767419000,83.93,83.95,83.93,83.932,187560000,1
1528767420000,1528767479000,83.931,83.931,83.885,83.892,125280000,1
1528767480000,1528767539000,83.892,83.893,83.868,83.888,94420000,1
1528767540000,1528767599000,83.889,83.906,83.879,83.895,71740000,1
1528767600000,1528767659000,83.896,83.902,83.894,83.899,42310000,1
1528767660000,1528767719000,83.899,83.916,83.888,83.888,61020000,1
1528767720000,1528767779000,83.888,83.898,83.886,83.898,112200000,1
1528767780000,1528767839000,83.898,83.932,83.898,83.93,89970000,1
1528767840000,1528767899000,83.929,83.929,83.901,83.901,77220000,1
1528767900000,1528767959000,83.901,83.908,83.883,83.883,94010000,1
1528767960000,1528768019000,83.884,83.91,83.883,83.896,84210000,1
1528768020000,1528768079000,83.895,83.903,83.882,83.9,69190000,1
1528768080000,1528768139000,83.899,83.919,83.899,83.904,94230000,1
1528768140000,1528768199000,83.903,83.919,83.901,83.91,149650000,1
1528768200000,1528768259000,83.908,83.909,83.89,83.895,94230000,1
1528768260000,1528768319000,83.895,83.917,83.888,83.905,161870000,1
1528768320000,1528768379000,83.906,83.955,83.906,83.955,134270000,1
1528768380000,1528768439000,83.956,83.985,83.941,83.978,193390000,1
1528768440000,1528768499000,83.977,83.996,83.969,83.97,154500000,1
1528768500000,1528768559000,83.97,83.984,83.968,83.982,79640000,1
1528768560000,1528768619000,83.983,83.993,83.969,83.97,71800000,1
1528768620000,1528768679000,83.969,83.988,83.963,83.967,93790000,1
1528768680000,1528768739000,83.967,83.977,83.965,83.968,89170000,1
1528768740000,1528768799000,83.968,83.973,83.958,83.97,113210000,1
1528768800000,1528768859000,83.974,83.984,83.946,83.951,157890000,1
1528768860000,1528768919000,83.951,83.951,83.92,83.929,98060000,1
1528768920000,1528768979000,83.928,83.932,83.915,83.923,91980000,1
1528768980000,1528769039000,83.924,83.939,83.924,83.934,71720000,1
1528769040000,1528769099000,83.934,83.943,83.925,83.929,75560000,1
1528769100000,1528769159000,83.929,83.931,83.881,83.889,137940000,1
1528769160000,1528769219000,83.89,83.926,83.89,83.91,114980000,1
1528769220000,1528769279000,83.91,83.914,83.903,83.906,87720000,1
1528769280000,1528769339000,83.904,83.905,83.874,83.884,105140000,1
1528769340000,1528769399000,83.884,83.891,83.873,83.882,130680000,1
1528769400000,1528769459000,83.883,83.9,83.882,83.896,97650000,1
1528769460000,1528769519000,83.896,83.897,83.889,83.894,108730000,1
1528769520000,1528769579000,83.894,83.9,83.88,83.883,95290000,1
1528769580000,1528769639000,83.882,83.899,83.882,83.886,80020000,1
1528769640000,1528769699000,83.885,83.885,83.864,83.87,81190000,1
1528769700000,1528769759000,83.87,83.87,83.808,83.82,187200000,1
1528769760000,1528769819000,83.822,83.834,83.755,83.773,321320000,1
1528769820000,1528769879000,83.772,83.8,83.761,83.798,159300000,1
1528769880000,1528769939000,83.798,83.811,83.782,83.802,129010000,1
1528769940000,1528769999000,83.804,83.81,83.792,83.805,203850000,1
1528770000000,1528770059000,83.803,83.828,83.801,83.817,64600000,1
1528770060000,1528770119000,83.816,83.824,83.808,83.823,107530000,1
1528770120000,1528770179000,83.823,83.834,83.82,83.834,87940000,1
1528770180000,1528770239000,83.834,83.876,83.829,83.87,143120000,1
1528770240000,1528770299000,83.869,83.873,83.854,83.861,113210000,1
1528770300000,1528770359000,83.862,83.866,83.847,83.851,112330000,1
1528770360000,1528770419000,83.851,83.876,83.842,83.867,175190000,1
1528770420000,1528770479000,83.869,83.871,83.86,83.868,114260000,1
1528770480000,1528770539000,83.868,83.872,83.857,83.872,162630000,1
1528770540000,1528770599000,83.875,83.879,83.868,83.879,100610000,1
1528770600000,1528770659000,83.877,83.877,83.846,83.85,175070000,1
1528770660000,1528770719000,83.85,83.85,83.83,83.84,132340000,1
1528770720000,1528770779000,83.84,83.87,83.83,83.869,101080000,1
1528770780000,1528770839000,83.868,83.898,83.868,83.885,94060000,1
1528770840000,1528770899000,83.889,83.915,83.889,83.892,146310000,1
1528770900000,1528770959000,83.894,83.916,83.892,83.916,190020000,1
1528770960000,1528771019000,83.917,83.952,83.916,83.941,148710000,1
1528771020000,1528771079000,83.94,83.95,83.917,83.917,131730000,1
1528771080000,1528771139000,83.916,83.925,83.904,83.913,116100000,1
1528771140000,1528771199000,83.913,83.918,83.904,83.917,105840000,1
1528771200000,1528771259000,83.917,83.928,83.917,83.928,66590000,1
1528771260000,1528771319000,83.928,83.961,83.926,83.957,107370000,1
1528771320000,1528771379000,83.956,83.959,83.944,83.951,119250000,1
1528771380000,1528771439000,83.952,83.966,83.945,83.962,132630000,1
1528771440000,1528771499000,83.966,83.975,83.962,83.966,44400000,1
1528771500000,1528771559000,83.967,83.975,83.958,83.958,42760000,1
1528771560000,1528771619000,83.964,83.97,83.964,83.967,85240000,1
1528771620000,1528771679000,83.966,83.968,83.958,83.958,54480000,1
1528771680000,1528771739000,83.958,83.964,83.956,83.956,138900000,1
1528771740000,1528771799000,83.956,83.959,83.948,83.948,46760000,1
1528771800000,1528771859000,83.947,83.947,83.923,83.935,65130000,1
1528771860000,1528771919000,83.936,83.949,83.931,83.931,97110000,1
1528771920000,1528771979000,83.931,83.932,83.922,83.926,54800000,1
1528771980000,1528772039000,83.927,83.93,83.915,83.918,59840000,1
1528772040000,1528772099000,83.919,83.927,83.919,83.925,60050000,1
1528772100000,1528772159000,83.925,83.95,83.925,83.939,68090000,1
1528772160000,1528772219000,83.94,83.957,83.94,83.957,96710000,1
1528772220000,1528772279000,83.957,83.961,83.939,83.95,85050000,1
1528772280000,1528772339000,83.949,83.957,83.94,83.949,88400000,1
1528772340000,1528772399000,83.949,83.975,83.949,83.971,133070000,1
1528772400000,1528772459000,83.971,83.998,83.958,83.962,222050000,1
1528772460000,1528772519000,83.962,83.969,83.954,83.956,114280000,1
1528772520000,1528772579000,83.957,83.967,83.945,83.945,110330000,1
1528772580000,1528772639000,83.946,83.956,83.945,83.956,68350000,1
1528772640000,1528772699000,83.955,83.963,83.947,83.962,74270000,1
1528772700000,1528772759000,83.963,83.977,83.959,83.962,84160000,1
1528772760000,1528772819000,83.963,83.99,83.963,83.989,82580000,1
1528772820000,1528772879000,83.991,84.003,83.979,83.979,111840000,1
1528772880000,1528772939000,83.979,83.986,83.977,83.98,60130000,1
1528772940000,1528772999000,83.981,83.988,83.968,83.98,113830000,1
1528773000000,1528773059000,83.982,83.989,83.964,83.98,101640000,1
1528773060000,1528773119000,83.981,83.985,83.976,83.976,66340000,1
1528773120000,1528773179000,83.974,83.98,83.972,83.973,44690000,1
1528773180000,1528773239000,83.973,83.994,83.971,83.994,98190000,1
1528773240000,1528773299000,83.994,83.994,83.973,83.991,76940000,1
1528773300000,1528773359000,83.99,83.99,83.972,83.972,62100000,1
1528773360000,1528773419000,83.973,83.975,83.964,83.964,80660000,1
1528773420000,1528773479000,83.965,83.975,83.96,83.968,79900000,1
1528773480000,1528773539000,83.968,83.968,83.95,83.95,140740000,1
1528773540000,1528773599000,83.95,83.966,83.95,83.964,88220000,1
1528773600000,1528773659000,83.966,83.973,83.964,83.971,77800000,1
1528773660000,1528773719000,83.97,83.972,83.968,83.969,35320000,1
1528773720000,1528773779000,83.97,83.997,83.97,83.981,105330000,1
1528773780000,1528773839000,83.98,83.991,83.976,83.991,67590000,1
1528773840000,1528773899000,83.991,83.997,83.99,83.994,59390000,1
1528773900000,1528773959000,83.994,83.996,83.975,83.981,90810000,1
1528773960000,1528774019000,83.982,83.982,83.968,83.98,62520000,1
1528774020000,1528774079000,83.981,83.987,83.977,83.984,37170000,1
1528774080000,1528774139000,83.983,83.984,83.982,83.982,18000000,1
1528774140000,1528774199000,83.982,83.984,83.98,83.98,29430000,1
1528774200000,1528774259000,83.98,83.99,83.977,83.989,38670000,1
1528774260000,1528774319000,83.989,83.99,83.97,83.97,42290000,1
1528774320000,1528774379000,83.97,83.97,83.934,83.961,172900000,1
1528774380000,1528774439000,83.961,83.97,83.954,83.958,108060000,1
1528774440000,1528774499000,83.959,83.982,83.957,83.974,106090000,1
1528774500000,1528774559000,83.974,83.979,83.968,83.969,85330000,1
1528774560000,1528774619000,83.97,83.986,83.966,83.982,106650000,1
1528774620000,1528774679000,83.981,83.981,83.961,83.961,98690000,1
1528774680000,1528774739000,83.962,83.988,83.962,83.988,82080000,1
1528774740000,1528774799000,83.988,83.992,83.984,83.984,77140000,1
1528774800000,1528774859000,83.983,83.983,83.974,83.976,86510000,1
1528774860000,1528774919000,83.976,83.978,83.958,83.963,94690000,1
1528774920000,1528774979000,83.963,83.973,83.953,83.959,87280000,1
1528774980000,1528775039000,83.96,84.002,83.957,83.991,87320000,1
1528775040000,1528775099000,83.987,83.987,83.972,83.977,56000000,1
1528775100000,1528775159000,83.977,83.978,83.964,83.969,69520000,1
1528775160000,1528775219000,83.969,83.982,83.969,83.977,86650000,1
1528775220000,1528775279000,83.977,83.977,83.962,83.967,52820000,1
1528775280000,1528775339000,83.966,83.971,83.956,83.966,96070000,1
1528775340000,1528775399000,83.966,83.969,83.956,83.966,82950000,1
1528775400000,1528775459000,83.966,83.97,83.946,83.949,107160000,1
1528775460000,1528775519000,83.951,83.962,83.947,83.953,105520000,1
1528775520000,1528775579000,83.953,83.96,83.953,83.957,41810000,1
1528775580000,1528775639000,83.958,83.966,83.958,83.962,48730000,1
1528775640000,1528775699000,83.963,83.967,83.963,83.966,48120000,1
1528775700000,1528775759000,83.966,83.997,83.966,83.987,81900000,1
1528775760000,1528775819000,83.986,83.988,83.974,83.987,87240000,1
1528775820000,1528775879000,83.986,83.986,83.971,83.982,66460000,1
1528775880000,1528775939000,83.98,83.986,83.971,83.974,55850000,1
1528775940000,1528775999000,83.975,83.975,83.959,83.971,110640000,1
1528776000000,1528776059000,83.974,83.988,83.955,83.973,101620000,1
1528776060000,1528776119000,83.975,83.998,83.975,83.998,45500000,1
1528776120000,1528776179000,83.997,84.0,83.99,83.992,102520000,1
1528776180000,1528776239000,83.991,83.995,83.982,83.985,90920000,1
1528776240000,1528776299000,83.986,83.999,83.983,83.997,72420000,1
1528776300000,1528776359000,83.996,83.999,83.988,83.999,62360000,1
1528776360000,1528776419000,83.998,84.006,83.995,84.0,107820000,1
1528776420000,1528776479000,83.999,84.0,83.993,83.998,70070000,1
1528776480000,1528776539000,83.997,84.013,83.997,84.001,93310000,1
1528776540000,1528776599000,84.001,84.005,83.99,83.992,78710000,1
1528776600000,1528776659000,83.992,83.996,83.992,83.994,55480000,1
1528776660000,1528776719000,83.995,84.005,83.995,84.005,62310000,1
1528776720000,1528776779000,84.004,84.019,83.999,84.001,67820000,1
1528776780000,1528776839000,84.0,84.0,83.99,83.998,104310000,1
1528776840000,1528776899000,83.998,84.012,83.998,83.998,83440000,1
1528776900000,1528776959000,83.997,83.999,83.994,83.995,61380000,1
1528776960000,1528777019000,83.995,84.0,83.995,84.0,31050000,1
1528777020000,1528777079000,84.001,84.01,84.001,84.004,50170000,1
1528777080000,1528777139000,84.004,84.004,83.987,83.999,82080000,1
1528777140000,1528777199000,84.0,84.001,83.993,83.998,92100000,1
1528777200000,1528777259000,83.998,84.013,83.998,84.008,38940000,1
1528777260000,1528777319000,84.008,84.008,84.0,84.004,74670000,1
1528777320000,1528777379000,84.005,84.005,83.997,84.005,55010000,1
1528777380000,1528777439000,84.006,84.016,84.004,84.016,24930000,1
1528777440000,1528777499000,84.016,84.016,84.016,84.016,11380000,1
1528777500000,1528777559000,84.016,84.024,84.016,84.019,79320000,1
1528777560000,1528777619000,84.019,84.056,84.016,84.052,111700000,1
1528777620000,1528777679000,84.051,84.054,84.047,84.047,59750000,1
1528777680000,1528777739000,84.046,84.047,84.024,84.025,52690000,1
1528777740000,1528777799000,84.023,84.027,84.022,84.025,23930000,1
1528777800000,1528777859000,84.026,84.026,84.023,84.023,15610000,1
1528777860000,1528777919000,84.02,84.02,84.016,84.019,27130000,1
1528777920000,1528777979000,84.018,84.048,84.018,84.045,40620000,1
1528777980000,1528778039000,84.045,84.048,84.036,84.042,36440000,1
1528778040000,1528778099000,84.042,84.078,84.041,84.073,100050000,1
1528778100000,1528778159000,84.074,84.08,84.064,84.067,80980000,1
1528778160000,1528778219000,84.068,84.071,84.06,84.063,54090000,1
1528778220000,1528778279000,84.058,84.062,84.048,84.062,60030000,1
1528778280000,1528778339000,84.062,84.125,84.056,84.124,131070000,1
1528778340000,1528778399000,84.121,84.145,84.116,84.131,173910000,1
1528778400000,1528778459000,84.131,84.143,84.129,84.133,160510000,1
1528778460000,1528778519000,84.133,84.15,84.133,84.15,98630000,1
1528778520000,1528778579000,84.148,84.148,84.106,84.106,167500000,1
1528778580000,1528778639000,84.107,84.125,84.105,84.125,88960000,1
1528778640000,1528778699000,84.124,84.124,84.112,84.112,74010000,1
1528778700000,1528778759000,84.112,84.123,84.108,84.109,68200000,1
1528778760000,1528778819000,84.108,84.108,84.096,84.103,76430000,1
1528778820000,1528778879000,84.103,84.106,84.099,84.103,57520000,1
1528778880000,1528778939000,84.102,84.102,84.079,84.084,71290000,1
1528778940000,1528778999000,84.084,84.088,84.079,84.08,58330000,1
1528779000000,1528779059000,84.079,84.079,84.069,84.075,49150000,1
1528779060000,1528779119000,84.074,84.09,84.074,84.087,31730000,1
1528779120000,1528779179000,84.087,84.094,84.085,84.092,79650000,1
1528779180000,1528779239000,84.092,84.092,84.086,84.086,49970000,1
1528779240000,1528779299000,84.086,84.111,84.086,84.105,69170000,1
1528779300000,1528779359000,84.104,84.108,84.093,84.105,75660000,1
1528779360000,1528779419000,84.105,84.109,84.101,84.108,16620000,1
1528779420000,1528779479000,84.107,84.108,84.09,84.094,51690000,1
1528779480000,1528779539000,84.095,84.113,84.094,84.113,56670000,1
1528779540000,1528779599000,84.111,84.112,84.097,84.098,33750000,1
1528779600000,1528779659000,84.096,84.131,84.096,84.13,128300000,1
1528779660000,1528779719000,84.13,84.157,84.13,84.154,81360000,1
1528779720000,1528779779000,84.154,84.155,84.137,84.142,78180000,1
1528779780000,1528779839000,84.142,84.144,84.125,84.135,86410000,1
1528779840000,1528779899000,84.135,84.141,84.132,84.135,70030000,1
1528779900000,1528779959000,84.134,84.134,84.115,84.122,96930000,1
1528779960000,1528780019000,84.122,84.122,84.107,84.107,59260000,1
1528780020000,1528780079000,84.107,84.11,84.101,84.104,59630000,1
1528780080000,1528780139000,84.105,84.105,84.096,84.099,45630000,1
1528780140000,1528780199000,84.099,84.104,84.088,84.088,63200000,1
1528780200000,1528780259000,84.088,84.088,83.932,83.953,251200000,1
1528780260000,1528780319000,83.954,83.991,83.93,83.934,218050000,1
1528780320000,1528780379000,83.936,83.951,83.903,83.942,168670000,1
1528780380000,1528780439000,83.941,83.977,83.941,83.964,99950000,1
1528780440000,1528780499000,83.964,83.995,83.963,83.994,129700000,1
1528780500000,1528780559000,83.995,83.997,83.979,83.979,104340000,1
1528780560000,1528780619000,83.979,83.985,83.94,83.959,145930000,1
1528780620000,1528780679000,83.96,83.962,83.95,83.96,127570000,1
1528780680000,1528780739000,83.96,83.973,83.96,83.96,78470000,1
1528780740000,1528780799000,83.96,83.976,83.955,83.97,142230000,1
1528780800000,1528780859000,83.969,83.977,83.962,83.966,104060000,1
1528780860000,1528780919000,83.966,83.968,83.945,83.967,75240000,1
1528780920000,1528780979000,83.966,83.997,83.958,83.997,70910000,1
1528780980000,1528781039000,83.996,84.017,83.991,84.015,59620000,1
1528781040000,1528781099000,84.016,84.063,84.015,84.06,101050000,1
1528781100000,1528781159000,84.061,84.061,84.045,84.058,89310000,1
1528781160000,1528781219000,84.058,84.058,84.03,84.043,96220000,1
1528781220000,1528781279000,84.043,84.054,84.02,84.023,73490000,1
1528781280000,1528781339000,84.027,84.044,84.026,84.043,94690000,1
1528781340000,1528781399000,84.044,84.046,84.037,84.045,62260000,1
1528781400000,1528781459000,84.045,84.058,84.029,84.038,156440000,1
1528781460000,1528781519000,84.038,84.045,84.037,84.045,71050000,1
1528781520000,1528781579000,84.047,84.068,84.047,84.058,85590000,1
1528781580000,1528781639000,84.059,84.077,84.056,84.07,71210000,1
1528781640000,1528781699000,84.072,84.083,84.039,84.039,92690000,1
1528781700000,1528781759000,84.039,84.055,84.039,84.049,108960000,1
1528781760000,1528781819000,84.05,84.053,84.04,84.042,85290000,1
1528781820000,1528781879000,84.041,84.041,84.027,84.035,118010000,1
1528781880000,1528781939000,84.034,84.046,84.024,84.042,132030000,1
1528781940000,1528781999000,84.042,84.069,84.042,84.069,93490000,1
1528782000000,1528782059000,84.071,84.094,84.066,84.092,117000000,1
1528782060000,1528782119000,84.094,84.128,84.094,84.128,187370000,1
1528782120000,1528782179000,84.129,84.132,84.005,84.04,313730000,1
1528782180000,1528782239000,84.038,84.057,84.026,84.051,161200000,1
1528782240000,1528782299000,84.052,84.099,84.037,84.081,144160000,1
1528782300000,1528782359000,84.082,84.085,84.049,84.055,172440000,1
1528782360000,1528782419000,84.055,84.06,84.012,84.014,125140000,1
1528782420000,1528782479000,84.014,84.039,84.007,84.027,111850000,1
1528782480000,1528782539000,84.027,84.036,84.013,84.02,64370000,1
1528782540000,1528782599000,84.02,84.038,84.019,84.019,90720000,1
1528782600000,1528782659000,84.019,84.034,84.018,84.027,72530000,1
1528782660000,1528782719000,84.028,84.031,84.013,84.018,41720000,1
1528782720000,1528782779000,84.017,84.023,84.015,84.022,35470000,1
1528782780000,1528782839000,84.023,84.039,84.011,84.036,74970000,1
1528782840000,1528782899000,84.035,84.035,84.018,84.019,72250000,1
1528782900000,1528782959000,84.019,84.027,84.003,84.006,76970000,1
1528782960000,1528783019000,84.006,84.011,83.993,83.994,61340000,1
1528783020000,1528783079000,83.993,83.999,83.986,83.986,95020000,1
1528783080000,1528783139000,83.985,83.986,83.969,83.976,99760000,1
1528783140000,1528783199000,83.976,83.986,83.975,83.98,64740000,1
1528783200000,1528783259000,83.979,83.982,83.957,83.962,133800000,1
1528783260000,1528783319000,83.962,83.991,83.962,83.982,131560000,1
1528783320000,1528783379000,83.981,84.004,83.976,84.003,88840000,1
1528783380000,1528783439000,84.002,84.032,84.002,84.028,75820000,1
1528783440000,1528783499000,84.028,84.056,84.028,84.031,72860000,1
1528783500000,1528783559000,84.029,84.033,84.014,84.023,165480000,1
1528783560000,1528783619000,84.023,84.023,84.005,84.015,144890000,1
1528783620000,1528783679000,84.015,84.031,84.005,84.027,124430000,1
1528783680000,1528783739000,84.026,84.034,84.016,84.019,134460000,1
1528783740000,1528783799000,84.016,84.025,84.011,84.02,202040000,1
1528783800000,1528783859000,84.02,84.026,84.003,84.017,151560000,1
1528783860000,1528783919000,84.017,84.021,83.999,84.001,92720000,1
1528783920000,1528783979000,84.0,84.013,83.992,83.997,100680000,1
1528783980000,1528784039000,83.999,84.009,83.99,84.0,102820000,1
1528784040000,1528784099000,84.001,84.001,83.977,83.977,128340000,1
1528784100000,1528784159000,83.976,83.976,83.963,83.973,99440000,1
1528784160000,1528784219000,83.972,83.977,83.948,83.963,96420000,1
1528784220000,1528784279000,83.963,83.981,83.958,83.971,110410000,1
1528784280000,1528784339000,83.969,83.989,83.964,83.97,148660000,1
1528784340000,1528784399000,83.971,83.976,83.964,83.974,96860000,1
1528784400000,1528784459000,83.974,84.014,83.968,83.989,168640000,1
1528784460000,1528784519000,83.989,83.998,83.974,83.979,141310000,1
1528784520000,1528784579000,83.978,83.981,83.959,83.97,154410000,1
1528784580000,1528784639000,83.971,83.971,83.953,83.958,146780000,1
1528784640000,1528784699000,83.958,83.958,83.947,83.957,111190000,1
1528784700000,1528784759000,83.957,83.959,83.95,83.958,88990000,1
1528784760000,1528784819000,83.958,83.973,83.953,83.967,115210000,1
1528784820000,1528784879000,83.967,83.972,83.956,83.97,73850000,1
1528784880000,1528784939000,83.971,83.971,83.958,83.965,86420000,1
1528784940000,1528784999000,83.964,83.972,83.963,83.968,54800000,1
1528785000000,1528785059000,83.968,83.969,83.959,83.961,56170000,1
1528785060000,1528785119000,83.959,83.967,83.954,83.954,76990000,1
1528785120000,1528785179000,83.953,83.953,83.937,83.947,63940000,1
1528785180000,1528785239000,83.947,83.975,83.947,83.975,90040000,1
1528785240000,1528785299000,83.975,83.981,83.964,83.976,116840000,1
1528785300000,1528785359000,83.976,83.992,83.969,83.981,91930000,1
1528785360000,1528785419000,83.98,83.98,83.961,83.964,82010000,1
1528785420000,1528785479000,83.964,83.994,83.964,83.966,161000000,1
1528785480000,1528785539000,83.965,83.972,83.957,83.972,122080000,1
1528785540000,1528785599000,83.971,83.972,83.956,83.956,75890000,1
1528785600000,1528785659000,83.956,83.974,83.956,83.973,51980000,1
1528785660000,1528785719000,83.97,83.974,83.956,83.958,74740000,1
1528785720000,1528785779000,83.958,83.964,83.94,83.947,66860000,1
1528785780000,1528785839000,83.947,83.957,83.947,83.949,49120000,1
1528785840000,1528785899000,83.948,83.948,83.936,83.939,84750000,1
1528785900000,1528785959000,83.939,83.95,83.938,83.942,106330000,1
1528785960000,1528786019000,83.942,83.942,83.936,83.936,79780000,1
1528786020000,1528786079000,83.935,83.939,83.924,83.926,76390000,1
1528786080000,1528786139000,83.926,83.927,83.909,83.923,88400000,1
1528786140000,1528786199000,83.922,83.931,83.92,83.926,61860000,1
1528786200000,1528786259000,83.927,83.94,83.927,83.938,44780000,1
1528786260000,1528786319000,83.939,83.941,83.929,83.94,64320000,1
1528786320000,1528786379000,83.939,83.94,83.935,83.939,65600000,1
1528786380000,1528786439000,83.94,83.94,83.925,83.933,80810000,1
1528786440000,1528786499000,83.933,83.938,83.93,83.935,83240000,1
1528786500000,1528786559000,83.935,83.948,83.925,83.948,59230000,1
1528786560000,1528786619000,83.949,83.957,83.943,83.957,70800000,1
1528786620000,1528786679000,83.956,83.96,83.947,83.955,116510000,1
1528786680000,1528786739000,83.954,83.954,83.933,83.944,116520000,1
1528786740000,1528786799000,83.943,83.952,83.931,83.943,90350000,1
1528786800000,1528786859000,83.943,83.965,83.941,83.964,110750000,1
1528786860000,1528786919000,83.962,83.996,83.96,83.996,102170000,1
1528786920000,1528786979000,83.997,84.018,83.98,83.997,154600000,1
1528786980000,1528787039000,83.993,84.022,83.99,84.015,122690000,1
1528787040000,1528787099000,84.015,84.033,84.007,84.032,90710000,1
1528787100000,1528787159000,84.032,84.032,83.993,84.001,147870000,1
1528787160000,1528787219000,84.003,84.003,83.973,83.982,87790000,1
1528787220000,1528787279000,83.983,83.996,83.983,83.99,68740000,1
1528787280000,1528787339000,83.989,83.991,83.968,83.974,102650000,1
1528787340000,1528787399000,83.974,83.984,83.961,83.98,125130000,1
1528787400000,1528787459000,83.979,83.984,83.973,83.98,120680000,1
1528787460000,1528787519000,83.984,84.007,83.984,84.006,116340000,1
1528787520000,1528787579000,84.007,84.05,84.004,84.04,104130000,1
1528787580000,1528787639000,84.04,84.04,84.014,84.019,109250000,1
1528787640000,1528787699000,84.018,84.026,84.008,84.012,114410000,1
1528787700000,1528787759000,84.012,84.031,84.009,84.028,110180000,1
1528787760000,1528787819000,84.027,84.032,84.015,84.029,101400000,1
1528787820000,1528787879000,84.029,84.059,84.025,84.035,154570000,1
1528787880000,1528787939000,84.034,84.044,84.009,84.018,185720000,1
1528787940000,1528787999000,84.018,84.034,84.016,84.024,125910000,1
1528788000000,1528788059000,84.024,84.041,84.022,84.029,105080000,1
1528788060000,1528788119000,84.028,84.04,84.026,84.034,77730000,1
1528788120000,1528788179000,84.034,84.042,84.031,84.038,68050000,1
1528788180000,1528788239000,84.04,84.043,84.024,84.043,79670000,1
1528788240000,1528788299000,84.042,84.048,84.038,84.042,60000000,1
1528788300000,1528788359000,84.041,84.043,84.03,84.034,66540000,1
1528788360000,1528788419000,84.033,84.052,84.033,84.04,66680000,1
1528788420000,1528788479000,84.039,84.057,84.038,84.049,106130000,1
1528788480000,1528788539000,84.048,84.054,84.037,84.052,105630000,1
1528788540000,1528788599000,84.052,84.065,84.045,84.062,91780000,1
1528788600000,1528788659000,84.063,84.064,84.053,84.058,52870000,1
1528788660000,1528788719000,84.06,84.086,84.06,84.078,82170000,1
1528788720000,1528788779000,84.078,84.078,84.044,84.047,121590000,1
1528788780000,1528788839000,84.049,84.089,84.048,84.072,113810000,1
1528788840000,1528788899000,84.073,84.078,84.068,84.072,98520000,1
1528788900000,1528788959000,84.071,84.08,84.065,84.068,93340000,1
1528788960000,1528789019000,84.068,84.072,84.062,84.068,74950000,1
1528789020000,1528789079000,84.068,84.071,84.062,84.062,71770000,1
1528789080000,1528789139000,84.061,84.07,84.031,84.031,110180000,1
1528789140000,1528789199000,84.031,84.045,84.028,84.034,120050000,1
1528789200000,1528789259000,84.035,84.036,84.015,84.015,76980000,1
1528789260000,1528789319000,84.014,84.019,84.011,84.017,63030000,1
1528789320000,1528789379000,84.018,84.035,84.017,84.023,110550000,1
1528789380000,1528789439000,84.022,84.039,84.017,84.039,81580000,1
1528789440000,1528789499000,84.038,84.049,84.034,84.049,109340000,1
1528789500000,1528789559000,84.049,84.061,84.047,84.052,83960000,1
1528789560000,1528789619000,84.051,84.051,84.025,84.034,85410000,1
1528789620000,1528789679000,84.034,84.051,84.034,84.048,98140000,1
1528789680000,1528789739000,84.048,84.051,84.035,84.041,95510000,1
1528789740000,1528789799000,84.041,84.049,84.033,84.035,125310000,1
1528789800000,1528789859000,84.036,84.043,84.031,84.039,96000000,1
1528789860000,1528789919000,84.04,84.042,84.024,84.025,81930000,1
1528789920000,1528789979000,84.024,84.028,84.014,84.025,125910000,1
1528789980000,1528790039000,84.024,84.026,84.017,84.019,93860000,1
1528790040000,1528790099000,84.019,84.021,84.009,84.02,98700000,1
1528790100000,1528790159000,84.02,84.022,84.013,84.016,103690000,1
1528790160000,1528790219000,84.016,84.025,84.013,84.017,109850000,1
1528790220000,1528790279000,84.017,84.02,84.008,84.018,116160000,1
1528790280000,1528790339000,84.019,84.029,84.019,84.028,130480000,1
1528790340000,1528790399000,84.029,84.045,84.024,84.041,135170000,1
1528790400000,1528790459000,84.041,84.054,84.04,84.042,144890000,1
1528790460000,1528790519000,84.043,84.043,84.024,84.036,100760000,1
1528790520000,1528790579000,84.036,84.052,84.035,84.052,97120000,1
1528790580000,1528790639000,84.054,84.057,84.045,84.045,71030000,1
1528790640000,1528790699000,84.045,84.075,84.043,84.072,113800000,1
1528790700000,1528790759000,84.073,84.075,84.053,84.067,91000000,1
1528790760000,1528790819000,84.066,84.071,84.029,84.033,122400000,1
1528790820000,1528790879000,84.035,84.048,84.03,84.046,91060000,1
1528790880000,1528790939000,84.043,84.048,84.023,84.026,87260000,1
1528790940000,1528790999000,84.026,84.032,84.025,84.025,90720000,1
1528791000000,1528791059000,84.024,84.025,84.018,84.019,84590000,1
1528791060000,1528791119000,84.019,84.033,84.013,84.032,119030000,1
1528791120000,1528791179000,84.031,84.033,84.024,84.029,140730000,1
1528791180000,1528791239000,84.029,84.03,84.016,84.016,107740000,1
1528791240000,1528791299000,84.015,84.029,84.014,84.025,129250000,1
1528791300000,1528791359000,84.024,84.028,84.017,84.026,91070000,1
1528791360000,1528791419000,84.027,84.056,84.027,84.051,141800000,1
1528791420000,1528791479000,84.051,84.074,84.051,84.07,99440000,1
1528791480000,1528791539000,84.07,84.071,84.037,84.037,98620000,1
1528791540000,1528791599000,84.036,84.046,84.036,84.046,97130000,1
1528791600000,1528791659000,84.046,84.046,84.023,84.025,53490000,1
1528791660000,1528791719000,84.026,84.026,84.011,84.014,83230000,1
1528791720000,1528791779000,84.014,84.033,84.003,84.004,109560000,1
1528791780000,1528791839000,84.002,84.002,83.96,83.979,252940000,1
1528791840000,1528791899000,83.981,83.984,83.954,83.973,198250000,1
1528791900000,1528791959000,83.974,83.977,83.962,83.962,138990000,1
1528791960000,1528792019000,83.962,83.964,83.944,83.945,101820000,1
1528792020000,1528792079000,83.944,83.969,83.944,83.964,106290000,1
1528792080000,1528792139000,83.964,83.968,83.96,83.963,102170000,1
1528792140000,1528792199000,83.965,83.982,83.964,83.98,120000000,1
1528792200000,1528792259000,83.981,83.987,83.972,83.984,141940000,1
1528792260000,1528792319000,83.984,84.005,83.983,83.995,113180000,1
1528792320000,1528792379000,83.994,83.999,83.99,83.99,49060000,1
1528792380000,1528792439000,83.989,83.994,83.984,83.989,70240000,1
1528792440000,1528792499000,83.989,83.99,83.979,83.98,85510000,1
1528792500000,1528792559000,83.978,83.991,83.975,83.989,92060000,1
1528792560000,1528792619000,83.99,83.992,83.978,83.979,108270000,1
1528792620000,1528792679000,83.98,83.984,83.976,83.976,118510000,1
1528792680000,1528792739000,83.976,83.993,83.97,83.993,89160000,1
1528792740000,1528792799000,83.993,84.008,83.977,83.978,81330000,1
1528792800000,1528792859000,83.979,83.979,83.97,83.974,70420000,1
1528792860000,1528792919000,83.974,83.99,83.974,83.98,57990000,1
1528792920000,1528792979000,83.979,84.008,83.979,83.996,117910000,1
1528792980000,1528793039000,83.997,84.006,83.975,83.975,95690000,1
1528793040000,1528793099000,83.975,83.979,83.972,83.978,87870000,1
1528793100000,1528793159000,83.977,83.977,83.956,83.966,109770000,1
1528793160000,1528793219000,83.966,83.974,83.963,83.965,135430000,1
1528793220000,1528793279000,83.965,83.969,83.955,83.957,124450000,1
1528793280000,1528793339000,83.956,83.962,83.951,83.952,123340000,1
1528793340000,1528793399000,83.952,83.959,83.944,83.959,109750000,1
1528793400000,1528793459000,83.959,83.962,83.942,83.951,120160000,1
1528793460000,1528793519000,83.95,83.95,83.943,83.944,68390000,1
1528793520000,1528793579000,83.94,83.94,83.908,83.91,156780000,1
1528793580000,1528793639000,83.914,83.915,83.867,83.877,198840000,1
1528793640000,1528793699000,83.879,83.892,83.875,83.89,67500000,1
1528793700000,1528793759000,83.892,83.92,83.892,83.918,114980000,1
1528793760000,1528793819000,83.918,83.929,83.916,83.922,72190000,1
1528793820000,1528793879000,83.922,83.938,83.922,83.935,61240000,1
1528793880000,1528793939000,83.935,83.944,83.935,83.943,71240000,1
1528793940000,1528793999000,83.945,83.949,83.939,83.943,76780000,1
1528794000000,1528794059000,83.942,83.942,83.926,83.933,138600000,1
1528794060000,1528794119000,83.934,83.935,83.918,83.933,126820000,1
1528794120000,1528794179000,83.931,83.931,83.917,83.92,79800000,1
1528794180000,1528794239000,83.92,83.934,83.906,83.914,119240000,1
1528794240000,1528794299000,83.919,83.924,83.913,83.918,91540000,1
1528794300000,1528794359000,83.918,83.926,83.899,83.901,145020000,1
1528794360000,1528794419000,83.902,83.919,83.894,83.919,138600000,1
1528794420000,1528794479000,83.919,83.931,83.918,83.929,156200000,1
1528794480000,1528794539000,83.928,83.937,83.924,83.935,111020000,1
1528794540000,1528794599000,83.935,83.942,83.91,83.91,138340000,1
1528794600000,1528794659000,83.91,83.914,83.902,83.908,153840000,1
1528794660000,1528794719000,83.91,83.924,83.91,83.921,97020000,1
1528794720000,1528794779000,83.921,83.923,83.915,83.918,90410000,1
1528794780000,1528794839000,83.918,83.923,83.916,83.916,107000000,1
1528794840000,1528794899000,83.917,83.92,83.908,83.919,100800000,1
1528794900000,1528794959000,83.92,83.92,83.896,83.905,130190000,1
1528794960000,1528795019000,83.905,83.935,83.905,83.931,108040000,1
1528795020000,1528795079000,83.931,83.944,83.928,83.943,96410000,1
1528795080000,1528795139000,83.944,83.951,83.934,83.935,75670000,1
1528795140000,1528795199000,83.936,83.942,83.932,83.941,60830000,1
1528795200000,1528795259000,83.941,83.944,83.939,83.94,66930000,1
1528795260000,1528795319000,83.939,83.939,83.931,83.937,130710000,1
1528795320000,1528795379000,83.937,83.94,83.932,83.94,72030000,1
1528795380000,1528795439000,83.94,83.947,83.939,83.944,83050000,1
1528795440000,1528795499000,83.944,83.944,83.932,83.933,91040000,1
1528795500000,1528795559000,83.933,83.936,83.927,83.929,70480000,1
1528795560000,1528795619000,83.93,83.932,83.924,83.929,91750000,1
1528795620000,1528795679000,83.928,83.94,83.928,83.929,80560000,1
1528795680000,1528795739000,83.929,83.935,83.928,83.933,54880000,1
1528795740000,1528795799000,83.934,83.935,83.922,83.93,66890000,1
1528795800000,1528795859000,83.929,83.93,83.91,83.91,58750000,1
1528795860000,1528795919000,83.909,83.914,83.905,83.912,88670000,1
1528795920000,1528795979000,83.911,83.911,83.905,83.907,62470000,1
1528795980000,1528796039000,83.908,83.909,83.891,83.893,116000000,1
1528796040000,1528796099000,83.895,83.904,83.889,83.901,103090000,1
1528796100000,1528796159000,83.9,83.903,83.9,83.903,40220000,1
1528796160000,1528796219000,83.903,83.922,83.901,83.922,68450000,1
1528796220000,1528796279000,83.923,83.929,83.915,83.915,52050000,1
1528796280000,1528796339000,83.914,83.914,83.876,83.88,108860000,1
1528796340000,1528796399000,83.88,83.886,83.857,83.857,76810000,1
1528796400000,1528796459000,83.858,83.858,83.839,83.85,111690000,1
1528796460000,1528796519000,83.851,83.86,83.85,83.851,90290000,1
1528796520000,1528796579000,83.854,83.868,83.854,83.865,82720000,1
1528796580000,1528796639000,83.865,83.876,83.855,83.872,104910000,1
1528796640000,1528796699000,83.873,83.878,83.864,83.867,76800000,1
1528796700000,1528796759000,83.869,83.878,83.856,83.858,76980000,1
1528796760000,1528796819000,83.859,83.868,83.853,83.866,89370000,1
1528796820000,1528796879000,83.866,83.875,83.859,83.862,75040000,1
1528796880000,1528796939000,83.863,83.865,83.856,83.86,34280000,1
1528796940000,1528796999000,83.86,83.863,83.856,83.858,57720000,1
1528797000000,1528797059000,83.859,83.862,83.855,83.857,59600000,1
1528797060000,1528797119000,83.855,83.859,83.818,83.828,86200000,1
1528797120000,1528797179000,83.828,83.842,83.825,83.842,83760000,1
1528797180000,1528797239000,83.842,83.85,83.841,83.841,97280000,1
1528797240000,1528797299000,83.84,83.845,83.837,83.842,69850000,1
1528797300000,1528797359000,83.843,83.846,83.837,83.838,63250000,1
1528797360000,1528797419000,83.84,83.864,83.84,83.864,112590000,1
1528797420000,1528797479000,83.865,83.896,83.862,83.889,81740000,1
1528797480000,1528797539000,83.889,83.893,83.862,83.864,123410000,1
1528797540000,1528797599000,83.863,83.863,83.835,83.835,121820000,1
1528797600000,1528797659000,83.835,83.847,83.825,83.839,160500000,1
1528797660000,1528797719000,83.839,83.844,83.832,83.832,110260000,1
1528797720000,1528797779000,83.833,83.85,83.833,83.835,131990000,1
1528797780000,1528797839000,83.834,83.841,83.834,83.834,83400000,1
1528797840000,1528797899000,83.833,83.835,83.826,83.829,116910000,1
1528797900000,1528797959000,83.828,83.828,83.822,83.827,117880000,1
1528797960000,1528798019000,83.828,83.832,83.826,83.83,48320000,1
1528798020000,1528798079000,83.829,83.836,83.819,83.82,81750000,1
1528798080000,1528798139000,83.821,83.821,83.8,83.804,99320000,1
1528798140000,1528798199000,83.802,83.804,83.794,83.796,80740000,1
1528798200000,1528798259000,83.796,83.8,83.792,83.794,60010000,1
1528798260000,1528798319000,83.796,83.802,83.792,83.802,66550000,1
1528798320000,1528798379000,83.803,83.81,83.801,83.81,77140000,1
1528798380000,1528798439000,83.811,83.814,83.811,83.814,25990000,1
1528798440000,1528798499000,83.815,83.817,83.812,83.812,77640000,1
1528798500000,1528798559000,83.813,83.818,83.81,83.813,121620000,1
1528798560000,1528798619000,83.813,83.819,83.799,83.805,138460000,1
1528798620000,1528798679000,83.806,83.813,83.801,83.811,114290000,1
1528798680000,1528798739000,83.813,83.816,83.805,83.806,98340000,1
1528798740000,1528798799000,83.806,83.808,83.794,83.797,149590000,1
1528798800000,1528798859000,83.796,83.808,83.793,83.801,146040000,1
1528798860000,1528798919000,83.802,83.813,83.801,83.808,97600000,1
1528798920000,1528798979000,83.808,83.825,83.804,83.825,86070000,1
1528798980000,1528799039000,83.825,83.849,83.818,83.849,208250000,1
1528799040000,1528799099000,83.85,83.854,83.825,83.827,177200000,1
1528799100000,1528799159000,83.827,83.831,83.821,83.821,134310000,1
1528799160000,1528799219000,83.821,83.821,83.811,83.817,120090000,1
1528799220000,1528799279000,83.816,83.827,83.813,83.821,173980000,1
1528799280000,1528799339000,83.821,83.824,83.815,83.822,132680000,1
1528799340000,1528799399000,83.823,83.83,83.821,83.825,105640000,1
1528799400000,1528799459000,83.824,83.825,83.814,83.817,129360000,1
1528799460000,1528799519000,83.817,83.823,83.814,83.818,93680000,1
1528799520000,1528799579000,83.817,83.835,83.816,83.833,120340000,1
1528799580000,1528799639000,83.832,83.837,83.826,83.83,107440000,1
1528799640000,1528799699000,83.83,83.863,83.829,83.862,100900000,1
1528799700000,1528799759000,83.86,83.86,83.847,83.85,139890000,1
1528799760000,1528799819000,83.851,83.851,83.831,83.833,142010000,1
1528799820000,1528799879000,83.833,83.846,83.833,83.843,163580000,1
1528799880000,1528799939000,83.843,83.85,83.833,83.836,156520000,1
1528799940000,1528799999000,83.837,83.846,83.832,83.839,165090000,1
1528800000000,1528800059000,83.84,83.841,83.822,83.827,150050000,1
1528800060000,1528800119000,83.827,83.833,83.825,83.833,114960000,1
1528800120000,1528800179000,83.834,83.843,83.819,83.822,127190000,1
1528800180000,1528800239000,83.822,83.843,83.822,83.843,110900000,1
1528800240000,1528800299000,83.842,83.842,83.817,83.817,110610000,1
1528800300000,1528800359000,83.817,83.821,83.815,83.821,124390000,1
1528800360000,1528800419000,83.821,83.833,83.811,83.832,135050000,1
1528800420000,1528800479000,83.831,83.834,83.82,83.829,112290000,1
1528800480000,1528800539000,83.828,83.834,83.818,83.834,68130000,1
1528800540000,1528800599000,83.833,83.835,83.828,83.834,82940000,1
1528800600000,1528800659000,83.833,83.833,83.826,83.826,143380000,1
1528800660000,1528800719000,83.826,83.835,83.826,83.835,108690000,1
1528800720000,1528800779000,83.835,83.844,83.832,83.832,79370000,1
1528800780000,1528800839000,83.832,83.85,83.832,83.843,87390000,1
1528800840000,1528800899000,83.843,83.855,83.84,83.849,138270000,1
1528800900000,1528800959000,83.849,83.851,83.836,83.842,106600000,1
1528800960000,1528801019000,83.841,83.846,83.839,83.846,102350000,1
1528801020000,1528801079000,83.845,83.855,83.844,83.852,118950000,1
1528801080000,1528801139000,83.852,83.864,83.852,83.863,95160000,1
1528801140000,1528801199000,83.862,83.869,83.861,83.865,99080000,1
1528801200000,1528801259000,83.864,83.883,83.863,83.877,89920000,1
1528801260000,1528801319000,83.876,83.892,83.874,83.891,157150000,1
1528801320000,1528801379000,83.89,83.89,83.88,83.886,172240000,1
1528801380000,1528801439000,83.886,83.887,83.871,83.886,136860000,1
1528801440000,1528801499000,83.886,83.892,83.883,83.89,104450000,1
1528801500000,1528801559000,83.891,83.892,83.886,83.892,95970000,1
1528801560000,1528801619000,83.892,83.893,83.881,83.884,114140000,1
1528801620000,1528801679000,83.885,83.912,83.885,83.912,98040000,1
1528801680000,1528801739000,83.912,83.914,83.902,83.902,138000000,1
1528801740000,1528801799000,83.902,83.902,83.888,83.896,102620000,1
1528801800000,1528801859000,83.896,83.896,83.88,83.886,94590000,1
1528801860000,1528801919000,83.888,83.901,83.887,83.9,99850000,1
1528801920000,1528801979000,83.9,83.914,83.896,83.91,106180000,1
1528801980000,1528802039000,83.909,83.917,83.906,83.914,101950000,1
1528802040000,1528802099000,83.914,83.915,83.891,83.891,98570000,1
1528802100000,1528802159000,83.888,83.888,83.871,83.875,75880000,1
1528802160000,1528802219000,83.875,83.887,83.867,83.887,79050000,1
1528802220000,1528802279000,83.887,83.889,83.877,83.883,67310000,1
1528802280000,1528802339000,83.881,83.887,83.875,83.877,132780000,1
1528802340000,1528802399000,83.878,83.89,83.872,83.883,121910000,1
1528802400000,1528802459000,83.882,83.893,83.881,83.892,73220000,1
1528802460000,1528802519000,83.892,83.899,83.892,83.899,72520000,1
1528802520000,1528802579000,83.898,83.905,83.895,83.898,73280000,1
1528802580000,1528802639000,83.897,83.899,83.888,83.89,98110000,1
1528802640000,1528802699000,83.89,83.893,83.879,83.884,101410000,1
1528802700000,1528802759000,83.885,83.893,83.885,83.893,62950000,1
1528802760000,1528802819000,83.894,83.894,83.882,83.882,109100000,1
1528802820000,1528802879000,83.882,83.883,83.87,83.871,81770000,1
1528802880000,1528802939000,83.871,83.879,83.87,83.873,51620000,1
1528802940000,1528802999000,83.874,83.879,83.869,83.869,104210000,1
1528803000000,1528803059000,83.869,83.869,83.86,83.862,88040000,1
1528803060000,1528803119000,83.864,83.869,83.861,83.863,77690000,1
1528803120000,1528803179000,83.863,83.867,83.862,83.863,77800000,1
1528803180000,1528803239000,83.863,83.871,83.862,83.866,88840000,1
1528803240000,1528803299000,83.865,83.874,83.865,83.871,61570000,1
1528803300000,1528803359000,83.871,83.878,83.871,83.873,73420000,1
1528803360000,1528803419000,83.873,83.874,83.868,83.871,83200000,1
1528803420000,1528803479000,83.871,83.88,83.869,83.877,81660000,1
1528803480000,1528803539000,83.877,83.878,83.871,83.873,46610000,1
1528803540000,1528803599000,83.874,83.882,83.872,83.881,50100000,1
1528803600000,1528803659000,83.879,83.897,83.878,83.896,38130000,1
1528803660000,1528803719000,83.896,83.905,83.895,83.896,51500000,1
1528803720000,1528803779000,83.895,83.913,83.894,83.9,58930000,1
1528803780000,1528803839000,83.901,83.902,83.895,83.898,44300000,1
1528803840000,1528803899000,83.897,83.903,83.895,83.895,66970000,1
1528803900000,1528803959000,83.896,83.896,83.876,83.876,71580000,1
1528803960000,1528804019000,83.877,83.881,83.875,83.88,79870000,1
1528804020000,1528804079000,83.88,83.88,83.87,83.873,87720000,1
1528804080000,1528804139000,83.873,83.889,83.873,83.889,66840000,1
1528804140000,1528804199000,83.889,83.903,83.888,83.903,67760000,1
1528804200000,1528804259000,83.901,83.904,83.898,83.898,72340000,1
1528804260000,1528804319000,83.897,83.909,83.894,83.909,92660000,1
1528804320000,1528804379000,83.907,83.909,83.892,83.895,84760000,1
1528804380000,1528804439000,83.896,83.907,83.89,83.899,102450000,1
1528804440000,1528804499000,83.898,83.903,83.896,83.901,47840000,1
1528804500000,1528804559000,83.902,83.914,83.895,83.905,145140000,1
1528804560000,1528804619000,83.905,83.909,83.898,83.905,139680000,1
1528804620000,1528804679000,83.905,83.915,83.902,83.913,104910000,1
1528804680000,1528804739000,83.913,83.93,83.908,83.926,131620000,1
1528804740000,1528804799000,83.926,83.937,83.921,83.932,81570000,1
1528804800000,1528804859000,83.934,83.938,83.908,83.91,114800000,1
1528804860000,1528804919000,83.911,83.926,83.909,83.919,67300000,1
1528804920000,1528804979000,83.917,83.919,83.897,83.904,116330000,1
1528804980000,1528805039000,83.904,83.91,83.897,83.898,133270000,1
1528805040000,1528805099000,83.898,83.903,83.892,83.896,151180000,1
1528805100000,1528805159000,83.896,83.907,83.893,83.906,152130000,1
1528805160000,1528805219000,83.906,83.909,83.9,83.906,132960000,1
1528805220000,1528805279000,83.906,83.908,83.904,83.907,110300000,1
1528805280000,1528805339000,83.906,83.926,83.905,83.926,142860000,1
1528805340000,1528805399000,83.925,83.925,83.906,83.908,132810000,1
1528805400000,1528805459000,83.907,83.913,83.902,83.909,85020000,1
1528805460000,1528805519000,83.908,83.91,83.9,83.9,110300000,1
1528805520000,1528805579000,83.901,83.908,83.883,83.887,214500000,1
1528805580000,1528805639000,83.886,83.887,83.857,83.857,192400000,1
1528805640000,1528805699000,83.858,83.884,83.858,83.881,190100000,1
1528805700000,1528805759000,83.878,83.9,83.878,83.898,147570000,1
1528805760000,1528805819000,83.896,83.903,83.894,83.895,122390000,1
1528805820000,1528805879000,83.895,83.9,83.885,83.9,135490000,1
1528805880000,1528805939000,83.9,83.912,83.897,83.911,114000000,1
1528805940000,1528805999000,83.907,83.933,83.907,83.933,182850000,1
1528806000000,1528806059000,83.931,83.932,83.915,83.92,171760000,1
1528806060000,1528806119000,83.919,83.929,83.915,83.923,124210000,1
1528806120000,1528806179000,83.922,83.933,83.918,83.926,84050000,1
1528806180000,1528806239000,83.927,83.936,83.917,83.923,159530000,1
1528806240000,1528806299000,83.926,83.937,83.921,83.93,156410000,1
1528806300000,1528806359000,83.927,83.946,83.926,83.936,148570000,1
1528806360000,1528806419000,83.935,83.945,83.92,83.921,83070000,1
1528806420000,1528806479000,83.919,83.921,83.906,83.906,103010000,1
1528806480000,1528806539000,83.904,83.904,83.875,83.88,133870000,1
1528806540000,1528806599000,83.88,83.881,83.844,83.845,190680000,1
1528806600000,1528806659000,83.858,83.93,83.854,83.923,289410000,1
1528806660000,1528806719000,83.924,83.936,83.906,83.93,153190000,1
1528806720000,1528806779000,83.928,83.939,83.917,83.939,167900000,1
1528806780000,1528806839000,83.939,83.964,83.917,83.924,256940000,1
1528806840000,1528806899000,83.923,83.944,83.908,83.929,216870000,1
1528806900000,1528806959000,83.929,83.942,83.914,83.924,236520000,1
1528806960000,1528807019000,83.925,83.935,83.917,83.927,269020000,1
1528807020000,1528807079000,83.926,83.936,83.912,83.922,231120000,1
1528807080000,1528807139000,83.921,83.937,83.916,83.93,188430000,1
1528807140000,1528807199000,83.93,83.941,83.922,83.929,241230000,1
1528807200000,1528807259000,83.927,83.939,83.918,83.93,197610000,1
1528807260000,1528807319000,83.929,83.941,83.919,83.935,193460000,1
1528807320000,1528807379000,83.935,83.94,83.926,83.935,150660000,1
1528807380000,1528807439000,83.934,83.965,83.929,83.962,169870000,1
1528807440000,1528807499000,83.963,83.969,83.956,83.963,129230000,1
1528807500000,1528807559000,83.962,83.974,83.951,83.951,142250000,1
1528807560000,1528807619000,83.95,83.95,83.932,83.932,131510000,1
1528807620000,1528807679000,83.932,83.94,83.932,83.935,115180000,1
1528807680000,1528807739000,83.935,83.951,83.935,83.937,104730000,1
1528807740000,1528807799000,83.936,83.942,83.93,83.936,112600000,1
1528807800000,1528807859000,83.936,83.952,83.934,83.949,139490000,1
1528807860000,1528807919000,83.949,83.967,83.949,83.965,110200000,1
1528807920000,1528807979000,83.965,83.966,83.952,83.966,190510000,1
1528807980000,1528808039000,83.969,84.0,83.964,83.99,246490000,1
1528808040000,1528808099000,83.993,83.997,83.976,83.98,175210000,1
1528808100000,1528808159000,83.981,83.992,83.965,83.965,152970000,1
1528808160000,1528808219000,83.966,83.983,83.966,83.982,97690000,1
1528808220000,1528808279000,83.981,83.988,83.96,83.972,148640000,1
1528808280000,1528808339000,83.971,83.971,83.96,83.968,78610000,1
1528808340000,1528808399000,83.967,83.985,83.958,83.978,154640000,1
1528808400000,1528808459000,83.978,83.989,83.965,83.982,198690000,1
1528808460000,1528808519000,83.983,83.984,83.977,83.979,159610000,1
1528808520000,1528808579000,83.978,83.978,83.961,83.968,97330000,1
1528808580000,1528808639000,83.967,83.972,83.958,83.959,151250000,1
1528808640000,1528808699000,83.959,83.96,83.956,83.958,76310000,1
1528808700000,1528808759000,83.96,83.962,83.934,83.936,119190000,1
1528808760000,1528808819000,83.935,83.949,83.935,83.943,160760000,1
1528808820000,1528808879000,83.942,83.948,83.933,83.934,105210000,1
1528808880000,1528808939000,83.933,83.95,83.932,83.948,77180000,1
1528808940000,1528808999000,83.945,83.946,83.941,83.941,29620000,1
1528809000000,1528809059000,83.941,83.941,83.932,83.939,82380000,1
1528809060000,1528809119000,83.939,83.946,83.928,83.946,136200000,1
1528809120000,1528809179000,83.945,83.948,83.933,83.934,93380000,1
1528809180000,1528809239000,83.934,83.934,83.921,83.921,104370000,1
1528809240000,1528809299000,83.921,83.931,83.921,83.928,99500000,1
1528809300000,1528809359000,83.928,83.931,83.925,83.93,85100000,1
1528809360000,1528809419000,83.931,83.931,83.908,83.91,132620000,1
1528809420000,1528809479000,83.909,83.916,83.906,83.911,85300000,1
1528809480000,1528809539000,83.911,83.928,83.906,83.927,119430000,1
1528809540000,1528809599000,83.928,83.928,83.916,83.918,119710000,1
1528809600000,1528809659000,83.917,83.935,83.914,83.926,149650000,1
1528809660000,1528809719000,83.926,83.944,83.915,83.938,141160000,1
1528809720000,1528809779000,83.938,83.938,83.921,83.923,103150000,1
1528809780000,1528809839000,83.923,83.932,83.923,83.93,122530000,1
1528809840000,1528809899000,83.93,83.931,83.915,83.928,117630000,1
1528809900000,1528809959000,83.927,83.939,83.925,83.939,104420000,1
1528809960000,1528810019000,83.939,83.943,83.935,83.942,41460000,1
1528810020000,1528810079000,83.941,83.941,83.928,83.928,83950000,1
1528810080000,1528810139000,83.928,83.928,83.911,83.911,76190000,1
1528810140000,1528810199000,83.911,83.916,83.908,83.913,60350000,1
1528810200000,1528810259000,83.915,83.933,83.913,83.927,146590000,1
1528810260000,1528810319000,83.93,83.935,83.908,83.912,135430000,1
1528810320000,1528810379000,83.912,83.912,83.894,83.897,115270000,1
1528810380000,1528810439000,83.897,83.908,83.891,83.907,92960000,1
1528810440000,1528810499000,83.907,83.914,83.9,83.912,173180000,1
1528810500000,1528810559000,83.912,83.921,83.906,83.911,92000000,1
1528810560000,1528810619000,83.911,83.912,83.88,83.881,171100000,1
1528810620000,1528810679000,83.882,83.894,83.879,83.887,163200000,1
1528810680000,1528810739000,83.888,83.889,83.86,83.871,134490000,1
1528810740000,1528810799000,83.872,83.904,83.869,83.904,186510000,1
1528810800000,1528810859000,83.906,83.909,83.879,83.886,112970000,1
1528810860000,1528810919000,83.887,83.903,83.877,83.894,182970000,1
1528810920000,1528810979000,83.894,83.917,83.89,83.91,119830000,1
1528810980000,1528811039000,83.909,83.926,83.905,83.91,153490000,1
1528811040000,1528811099000,83.91,83.913,83.879,83.887,177780000,1
1528811100000,1528811159000,83.887,83.909,83.88,83.881,191180000,1
1528811160000,1528811219000,83.882,83.906,83.882,83.906,111850000,1
1528811220000,1528811279000,83.907,83.919,83.906,83.919,71880000,1
1528811280000,1528811339000,83.916,83.924,83.91,83.921,111310000,1
1528811340000,1528811399000,83.921,83.934,83.92,83.927,95230000,1
1528811400000,1528811459000,83.928,83.928,83.902,83.908,107190000,1
1528811460000,1528811519000,83.907,83.908,83.89,83.893,87410000,1
1528811520000,1528811579000,83.894,83.906,83.888,83.892,97730000,1
1528811580000,1528811639000,83.892,83.905,83.89,83.904,109860000,1
1528811640000,1528811699000,83.904,83.904,83.888,83.897,130130000,1
1528811700000,1528811759000,83.897,83.897,83.888,83.888,39320000,1
1528811760000,1528811819000,83.889,83.901,83.882,83.882,126930000,1
1528811820000,1528811879000,83.882,83.905,83.879,83.905,148630000,1
1528811880000,1528811939000,83.904,83.904,83.877,83.89,148570000,1
1528811940000,1528811999000,83.89,83.898,83.861,83.874,253450000,1
1528812000000,1528812059000,83.874,83.879,83.86,83.862,227170000,1
1528812060000,1528812119000,83.861,83.899,83.861,83.887,147160000,1
1528812120000,1528812179000,83.888,83.891,83.877,83.877,84130000,1
1528812180000,1528812239000,83.876,83.88,83.87,83.88,107490000,1
1528812240000,1528812299000,83.881,83.901,83.877,83.891,100480000,1
1528812300000,1528812359000,83.89,83.894,83.875,83.877,132570000,1
1528812360000,1528812419000,83.879,83.879,83.864,83.864,100640000,1
1528812420000,1528812479000,83.865,83.876,83.86,83.871,128920000,1
1528812480000,1528812539000,83.872,83.892,83.871,83.891,101790000,1
1528812540000,1528812599000,83.891,83.893,83.883,83.89,129370000,1
1528812600000,1528812659000,83.889,83.893,83.878,83.878,82010000,1
1528812660000,1528812719000,83.881,83.887,83.864,83.873,108130000,1
1528812720000,1528812779000,83.872,83.882,83.869,83.877,134250000,1
1528812780000,1528812839000,83.876,83.886,83.871,83.88,83950000,1
1528812840000,1528812899000,83.88,83.887,83.879,83.885,49550000,1
1528812900000,1528812959000,83.884,83.889,83.88,83.882,61710000,1
1528812960000,1528813019000,83.882,83.882,83.868,83.874,107790000,1
1528813020000,1528813079000,83.874,83.88,83.862,83.862,97250000,1
1528813080000,1528813139000,83.863,83.869,83.863,83.863,36830000,1
1528813140000,1528813199000,83.864,83.886,83.864,83.885,54120000,1
1528813200000,1528813259000,83.882,83.885,83.871,83.873,41620000,1
1528813260000,1528813319000,83.872,83.877,83.865,83.865,55320000,1
1528813320000,1528813379000,83.865,83.867,83.853,83.858,83120000,1
1528813380000,1528813439000,83.86,83.867,83.853,83.867,113370000,1
1528813440000,1528813499000,83.868,83.868,83.846,83.855,114950000,1
1528813500000,1528813559000,83.855,83.855,83.829,83.835,108510000,1
1528813560000,1528813619000,83.834,83.856,83.828,83.828,115720000,1
1528813620000,1528813679000,83.829,83.847,83.824,83.837,150310000,1
1528813680000,1528813739000,83.837,83.855,83.831,83.835,138810000,1
1528813740000,1528813799000,83.834,83.838,83.811,83.82,162790000,1
1528813800000,1528813859000,83.818,83.832,83.809,83.832,133110000,1
1528813860000,1528813919000,83.831,83.838,83.826,83.837,89360000,1
1528813920000,1528813979000,83.837,83.843,83.834,83.84,94510000,1
1528813980000,1528814039000,83.841,83.848,83.835,83.841,125850000,1
1528814040000,1528814099000,83.843,83.856,83.835,83.841,108940000,1
1528814100000,1528814159000,83.843,83.856,83.838,83.844,130810000,1
1528814160000,1528814219000,83.845,83.846,83.831,83.838,119360000,1
1528814220000,1528814279000,83.838,83.848,83.828,83.841,139040000,1
1528814280000,1528814339000,83.843,83.871,83.843,83.859,172460000,1
1528814340000,1528814399000,83.859,83.878,83.858,83.878,117930000,1
1528814400000,1528814459000,83.877,83.891,83.87,83.887,109450000,1
1528814460000,1528814519000,83.887,83.907,83.886,83.907,115480000,1
1528814520000,1528814579000,83.909,83.928,83.896,83.896,114670000,1
1528814580000,1528814639000,83.896,83.911,83.896,83.906,56310000,1
1528814640000,1528814699000,83.907,83.911,83.892,83.892,80050000,1
1528814700000,1528814759000,83.893,83.932,83.893,83.928,86410000,1
1528814760000,1528814819000,83.923,83.937,83.917,83.933,85260000,1
1528814820000,1528814879000,83.932,83.939,83.924,83.924,140160000,1
1528814880000,1528814939000,83.923,83.93,83.911,83.929,117010000,1
1528814940000,1528814999000,83.929,83.941,83.926,83.94,119550000,1
1528815000000,1528815059000,83.94,83.951,83.931,83.932,146570000,1
1528815060000,1528815119000,83.932,83.938,83.926,83.93,117870000,1
1528815120000,1528815179000,83.93,83.942,83.923,83.935,124000000,1
1528815180000,1528815239000,83.935,83.941,83.931,83.932,70520000,1
1528815240000,1528815299000,83.932,83.934,83.918,83.92,137560000,1
1528815300000,1528815359000,83.919,83.94,83.913,83.935,165960000,1
1528815360000,1528815419000,83.933,83.955,83.93,83.944,166150000,1
1528815420000,1528815479000,83.943,83.955,83.931,83.951,163050000,1
1528815480000,1528815539000,83.954,83.969,83.941,83.954,169010000,1
1528815540000,1528815599000,83.956,83.969,83.95,83.961,169970000,1
1528815600000,1528815659000,83.96,83.971,83.95,83.967,166580000,1
1528815660000,1528815719000,83.968,83.968,83.922,83.922,199650000,1
1528815720000,1528815779000,83.921,83.94,83.916,83.923,119440000,1
1528815780000,1528815839000,83.922,83.928,83.907,83.909,93690000,1
1528815840000,1528815899000,83.908,83.913,83.895,83.897,120370000,1
1528815900000,1528815959000,83.898,83.903,83.892,83.892,69180000,1
1528815960000,1528816019000,83.891,83.907,83.89,83.9,102660000,1
1528816020000,1528816079000,83.898,83.899,83.889,83.894,74700000,1
1528816080000,1528816139000,83.895,83.895,83.882,83.884,76020000,1
1528816140000,1528816199000,83.885,83.891,83.878,83.878,81040000,1
1528816200000,1528816259000,83.877,83.887,83.873,83.879,78580000,1
1528816260000,1528816319000,83.88,83.881,83.873,83.874,67310000,1
1528816320000,1528816379000,83.873,83.893,83.871,83.882,86710000,1
1528816380000,1528816439000,83.883,83.884,83.874,83.883,102100000,1
1528816440000,1528816499000,83.883,83.891,83.871,83.872,93300000,1
1528816500000,1528816559000,83.871,83.872,83.852,83.869,87520000,1
1528816560000,1528816619000,83.868,83.87,83.842,83.844,85160000,1
1528816620000,1528816679000,83.844,83.844,83.829,83.841,109770000,1
1528816680000,1528816739000,83.84,83.864,83.836,83.861,102980000,1
1528816740000,1528816799000,83.862,83.867,83.852,83.852,102960000,1
1528816800000,1528816859000,83.854,83.875,83.851,83.874,51100000,1
1528816860000,1528816919000,83.874,83.877,83.863,83.869,83760000,1
1528816920000,1528816979000,83.868,83.87,83.855,83.855,109090000,1
1528816980000,1528817039000,83.856,83.861,83.843,83.853,89610000,1
1528817040000,1528817099000,83.853,83.855,83.842,83.851,56180000,1
1528817100000,1528817159000,83.849,83.85,83.83,83.83,85290000,1
1528817160000,1528817219000,83.831,83.831,83.815,83.827,89660000,1
1528817220000,1528817279000,83.828,83.837,83.819,83.832,100870000,1
1528817280000,1528817339000,83.831,83.834,83.823,83.826,97540000,1
1528817340000,1528817399000,83.826,83.831,83.813,83.813,117470000,1
1528817400000,1528817459000,83.813,83.817,83.791,83.801,142330000,1
1528817460000,1528817519000,83.801,83.814,83.799,83.808,132140000,1
1528817520000,1528817579000,83.807,83.812,83.792,83.812,150000000,1
1528817580000,1528817639000,83.812,83.814,83.782,83.783,138080000,1
1528817640000,1528817699000,83.783,83.788,83.775,83.786,100720000,1
1528817700000,1528817759000,83.784,83.799,83.776,83.787,120890000,1
1528817760000,1528817819000,83.785,83.79,83.777,83.782,99510000,1
1528817820000,1528817879000,83.782,83.813,83.782,83.804,106970000,1
1528817880000,1528817939000,83.804,83.811,83.799,83.803,81450000,1
1528817940000,1528817999000,83.802,83.807,83.792,83.793,62300000,1
1528818000000,1528818059000,83.793,83.803,83.792,83.797,72310000,1
1528818060000,1528818119000,83.797,83.804,83.797,83.802,78470000,1
1528818120000,1528818179000,83.802,83.817,83.799,83.815,89420000,1
1528818180000,1528818239000,83.81,83.821,83.807,83.821,78890000,1
1528818240000,1528818299000,83.821,83.831,83.814,83.83,111390000,1
1528818300000,1528818359000,83.826,83.835,83.826,83.834,50060000,1
1528818360000,1528818419000,83.833,83.833,83.822,83.823,51070000,1
1528818420000,1528818479000,83.825,83.83,83.822,83.83,46630000,1
1528818480000,1528818539000,83.831,83.831,83.827,83.829,38180000,1
1528818540000,1528818599000,83.828,83.831,83.822,83.825,38540000,1
1528818600000,1528818659000,83.824,83.841,83.824,83.84,46620000,1
1528818660000,1528818719000,83.84,83.847,83.838,83.842,38940000,1
1528818720000,1528818779000,83.841,83.848,83.838,83.848,72010000,1
1528818780000,1528818839000,83.847,83.865,83.844,83.864,58900000,1
1528818840000,1528818899000,83.864,83.864,83.857,83.857,37230000,1
1528818900000,1528818959000,83.855,83.863,83.853,83.861,70570000,1
1528818960000,1528819019000,83.86,83.862,83.847,83.852,53540000,1
1528819020000,1528819079000,83.853,83.854,83.848,83.848,42880000,1
1528819080000,1528819139000,83.848,83.848,83.83,83.835,97140000,1
1528819140000,1528819199000,83.832,83.832,83.809,83.814,111070000,1
1528819200000,1528819259000,83.813,83.816,83.788,83.798,155050000,1
1528819260000,1528819319000,83.798,83.81,83.798,83.81,69290000,1
1528819320000,1528819379000,83.809,83.812,83.805,83.81,63010000,1
1528819380000,1528819439000,83.81,83.827,83.81,83.826,60640000,1
1528819440000,1528819499000,83.827,83.828,83.822,83.824,30160000,1
1528819500000,1528819559000,83.823,83.823,83.81,83.818,88560000,1
1528819560000,1528819619000,83.818,83.825,83.818,83.823,82020000,1
1528819620000,1528819679000,83.822,83.824,83.813,83.814,60560000,1
1528819680000,1528819739000,83.815,83.819,83.813,83.815,40300000,1
1528819740000,1528819799000,83.817,83.818,83.806,83.809,49380000,1
1528819800000,1528819859000,83.811,83.813,83.808,83.809,38980000,1
1528819860000,1528819919000,83.81,83.815,83.809,83.813,30250000,1
1528819920000,1528819979000,83.813,83.816,83.813,83.815,29120000,1
1528819980000,1528820039000,83.815,83.816,83.806,83.811,70370000,1
1528820040000,1528820099000,83.811,83.812,83.797,83.799,60610000,1
1528820100000,1528820159000,83.799,83.804,83.799,83.803,23870000,1
1528820160000,1528820219000,83.804,83.804,83.789,83.794,59770000,1
1528820220000,1528820279000,83.793,83.795,83.789,83.79,72040000,1
1528820280000,1528820339000,83.789,83.791,83.779,83.786,64670000,1
1528820340000,1528820399000,83.785,83.794,83.783,83.794,36110000,1
1528820400000,1528820459000,83.794,83.795,83.791,83.793,45310000,1
1528820460000,1528820519000,83.793,83.797,83.78,83.78,69920000,1
1528820520000,1528820579000,83.78,83.78,83.763,83.764,62570000,1
1528820580000,1528820639000,83.763,83.769,83.761,83.769,39070000,1
1528820640000,1528820699000,83.769,83.769,83.766,83.768,23300000,1
1528820700000,1528820759000,83.768,83.77,83.768,83.769,8840000,1
1528820760000,1528820819000,83.77,83.78,83.77,83.776,48440000,1
1528820820000,1528820879000,83.776,83.777,83.773,83.777,26750000,1
1528820880000,1528820939000,83.776,83.777,83.774,83.774,26420000,1
1528820940000,1528820999000,83.774,83.774,83.761,83.761,68140000,1
1528821000000,1528821059000,83.762,83.77,83.762,83.77,19220000,1
1528821060000,1528821119000,83.77,83.774,83.76,83.763,54300000,1
1528821120000,1528821179000,83.762,83.78,83.761,83.771,98190000,1
1528821180000,1528821239000,83.773,83.777,83.769,83.776,85680000,1
1528821240000,1528821299000,83.776,83.777,83.767,83.769,89440000,1
1528821300000,1528821359000,83.769,83.775,83.761,83.771,71180000,1
1528821360000,1528821419000,83.77,83.774,83.765,83.765,52490000,1
1528821420000,1528821479000,83.766,83.768,83.764,83.767,35710000,1
1528821480000,1528821539000,83.767,83.768,83.76,83.762,61460000,1
1528821540000,1528821599000,83.762,83.766,83.762,83.765,38250000,1
1528821600000,1528821659000,83.766,83.766,83.751,83.751,45390000,1
1528821660000,1528821719000,83.753,83.753,83.747,83.747,47510000,1
1528821720000,1528821779000,83.748,83.752,83.747,83.752,37390000,1
1528821780000,1528821839000,83.751,83.751,83.742,83.744,54280000,1
1528821840000,1528821899000,83.743,83.747,83.727,83.731,60520000,1
1528821900000,1528821959000,83.731,83.744,83.729,83.735,80990000,1
1528821960000,1528822019000,83.734,83.734,83.727,83.732,63880000,1
1528822020000,1528822079000,83.733,83.738,83.732,83.735,48700000,1
1528822080000,1528822139000,83.742,83.748,83.73,83.736,99310000,1
1528822140000,1528822199000,83.736,83.738,83.734,83.738,38610000,1
1528822200000,1528822259000,83.738,83.742,83.736,83.736,51200000,1
1528822260000,1528822319000,83.737,83.741,83.732,83.738,90640000,1
1528822320000,1528822379000,83.739,83.752,83.738,83.751,82450000,1
1528822380000,1528822439000,83.752,83.755,83.746,83.753,64060000,1
1528822440000,1528822499000,83.754,83.756,83.748,83.748,29630000,1
1528822500000,1528822559000,83.747,83.749,83.743,83.743,53060000,1
1528822560000,1528822619000,83.743,83.744,83.723,83.732,80940000,1
1528822620000,1528822679000,83.732,83.748,83.731,83.734,129980000,1
1528822680000,1528822739000,83.733,83.738,83.729,83.738,112830000,1
1528822740000,1528822799000,83.74,83.74,83.73,83.734,97840000,1
1528822800000,1528822859000,83.733,83.733,83.682,83.707,149750000,1
1528822860000,1528822919000,83.707,83.707,83.698,83.703,125260000,1
1528822920000,1528822979000,83.703,83.73,83.703,83.718,98850000,1
1528822980000,1528823039000,83.718,83.734,83.718,83.728,90620000,1
1528823040000,1528823099000,83.728,83.728,83.717,83.722,103990000,1
1528823100000,1528823159000,83.721,83.736,83.717,83.733,106810000,1
1528823160000,1528823219000,83.735,83.735,83.72,83.721,65670000,1
1528823220000,1528823279000,83.722,83.722,83.712,83.715,69130000,1
1528823280000,1528823339000,83.716,83.72,83.716,83.719,32110000,1
1528823340000,1528823399000,83.718,83.718,83.679,83.683,63410000,1
1528823400000,1528823459000,83.683,83.686,83.681,83.681,98610000,1
1528823460000,1528823519000,83.679,83.716,83.671,83.688,188030000,1
1528823520000,1528823579000,83.689,83.689,83.659,83.659,148200000,1
1528823580000,1528823639000,83.659,83.683,83.659,83.68,157970000,1
1528823640000,1528823699000,83.68,83.682,83.673,83.678,107380000,1
1528823700000,1528823759000,83.679,83.683,83.664,83.672,118260000,1
1528823760000,1528823819000,83.671,83.708,83.67,83.702,130520000,1
1528823820000,1528823879000,83.701,83.708,83.685,83.685,203440000,1
1528823880000,1528823939000,83.685,83.69,83.67,83.676,129470000,1
1528823940000,1528823999000,83.675,83.679,83.664,83.665,164860000,1
1528824000000,1528824059000,83.665,83.7,83.665,83.694,172670000,1
1528824060000,1528824119000,83.693,83.715,83.684,83.705,207530000,1
1528824120000,1528824179000,83.705,83.705,83.672,83.676,154750000,1
1528824180000,1528824239000,83.673,83.702,83.672,83.689,200120000,1
1528824240000,1528824299000,83.69,83.693,83.673,83.679,160260000,1
1528824300000,1528824359000,83.678,83.679,83.663,83.663,116910000,1
1528824360000,1528824419000,83.663,83.666,83.651,83.651,70900000,1
1528824420000,1528824479000,83.651,83.667,83.638,83.657,107820000,1
1528824480000,1528824539000,83.657,83.658,83.644,83.653,104910000,1
1528824540000,1528824599000,83.654,83.665,83.649,83.659,131800000,1
1528824600000,1528824659000,83.661,83.664,83.655,83.655,52880000,1
1528824660000,1528824719000,83.656,83.663,83.643,83.644,93220000,1
1528824720000,1528824779000,83.643,83.647,83.628,83.638,124760000,1
1528824780000,1528824839000,83.639,83.647,83.631,83.643,111400000,1
1528824840000,1528824899000,83.643,83.649,83.639,83.642,85050000,1
1528824900000,1528824959000,83.64,83.658,83.64,83.658,88990000,1
1528824960000,1528825019000,83.655,83.656,83.644,83.652,100570000,1
1528825020000,1528825079000,83.652,83.655,83.639,83.639,98180000,1
1528825080000,1528825139000,83.639,83.659,83.639,83.654,136130000,1
1528825140000,1528825199000,83.657,83.668,83.655,83.66,128670000,1
1528825200000,1528825259000,83.661,83.664,83.653,83.656,103830000,1
1528825260000,1528825319000,83.655,83.655,83.644,83.653,99680000,1
1528825320000,1528825379000,83.652,83.654,83.647,83.649,102930000,1
1528825380000,1528825439000,83.648,83.672,83.648,83.67,112430000,1
1528825440000,1528825499000,83.669,83.674,83.666,83.666,69880000,1
1528825500000,1528825559000,83.665,83.666,83.647,83.647,69230000,1
1528825560000,1528825619000,83.647,83.648,83.644,83.648,42640000,1
1528825620000,1528825679000,83.647,83.654,83.644,83.647,72620000,1
1528825680000,1528825739000,83.647,83.665,83.646,83.665,61360000,1
1528825740000,1528825799000,83.667,83.671,83.653,83.657,107920000,1
1528825800000,1528825859000,83.657,83.66,83.649,83.66,143430000,1
1528825860000,1528825919000,83.658,83.678,83.653,83.676,133450000,1
1528825920000,1528825979000,83.675,83.675,83.664,83.669,99380000,1
1528825980000,1528826039000,83.671,83.671,83.662,83.662,54080000,1
1528826040000,1528826099000,83.662,83.666,83.657,83.659,69030000,1
1528826100000,1528826159000,83.66,83.674,83.66,83.67,64080000,1
1528826160000,1528826219000,83.67,83.67,83.663,83.666,77710000,1
1528826220000,1528826279000,83.667,83.672,83.651,83.651,70740000,1
1528826280000,1528826339000,83.65,83.666,83.643,83.666,94020000,1
1528826340000,1528826399000,83.667,83.676,83.666,83.676,22500000,1
1528826400000,1528826459000,83.675,83.675,83.643,83.643,87610000,1
1528826460000,1528826519000,83.644,83.647,83.64,83.64,23170000,1
1528826520000,1528826579000,83.64,83.642,83.598,83.6,165250000,1
1528826580000,1528826639000,83.602,83.608,83.581,83.588,165090000,1
1528826640000,1528826699000,83.588,83.624,83.587,83.616,153690000,1
1528826700000,1528826759000,83.617,83.617,83.594,83.596,114840000,1
1528826760000,1528826819000,83.596,83.602,83.566,83.578,188240000,1
1528826820000,1528826879000,83.578,83.591,83.578,83.587,130930000,1
1528826880000,1528826939000,83.586,83.616,83.579,83.608,157870000,1
1528826940000,1528826999000,83.608,83.613,83.601,83.606,152020000,1
1528827000000,1528827059000,83.609,83.628,83.596,83.624,166010000,1
1528827060000,1528827119000,83.623,83.623,83.607,83.608,121450000,1
1528827120000,1528827179000,83.608,83.616,83.608,83.609,100920000,1
1528827180000,1528827239000,83.609,83.622,83.601,83.601,89390000,1
1528827240000,1528827299000,83.6,83.632,83.6,83.632,122420000,1
1528827300000,1528827359000,83.63,83.63,83.612,83.612,79400000,1
1528827360000,1528827419000,83.612,83.616,83.61,83.61,65320000,1
1528827420000,1528827479000,83.61,83.619,83.607,83.613,70900000,1
1528827480000,1528827539000,83.612,83.612,83.608,83.61,35500000,1
1528827540000,1528827599000,83.611,83.636,83.611,83.622,124980000,1
1528827600000,1528827659000,83.62,83.623,83.615,83.623,86230000,1
1528827660000,1528827719000,83.622,83.622,83.609,83.609,53510000,1
1528827720000,1528827779000,83.611,83.619,83.611,83.616,47430000,1
1528827780000,1528827839000,83.616,83.624,83.616,83.623,49180000,1
1528827840000,1528827899000,83.623,83.623,83.605,83.612,96120000,1
1528827900000,1528827959000,83.612,83.615,83.584,83.584,82530000,1
1528827960000,1528828019000,83.584,83.595,83.583,83.591,152270000,1
1528828020000,1528828079000,83.589,83.589,83.578,83.579,116310000,1
1528828080000,1528828139000,83.581,83.581,83.568,83.572,116140000,1
1528828140000,1528828199000,83.571,83.573,83.565,83.569,106270000,1
1528828200000,1528828259000,83.567,83.57,83.56,83.565,133940000,1
1528828260000,1528828319000,83.565,83.572,83.563,83.571,91470000,1
1528828320000,1528828379000,83.574,83.576,83.561,83.564,94540000,1
1528828380000,1528828439000,83.567,83.577,83.567,83.577,89460000,1
1528828440000,1528828499000,83.577,83.577,83.56,83.56,65970000,1
1528828500000,1528828559000,83.56,83.563,83.554,83.559,79140000,1
1528828560000,1528828619000,83.558,83.564,83.554,83.554,86100000,1
1528828620000,1528828679000,83.554,83.557,83.554,83.554,45000000,1
1528828680000,1528828739000,83.556,83.556,83.541,83.542,109680000,1
1528828740000,1528828799000,83.543,83.548,83.542,83.548,77750000,1
1528828800000,1528828859000,83.548,83.548,83.53,83.537,121540000,1
1528828860000,1528828919000,83.537,83.553,83.533,83.553,109620000,1
1528828920000,1528828979000,83.555,83.556,83.55,83.555,93830000,1
1528828980000,1528829039000,83.556,83.556,83.535,83.535,107520000,1
1528829040000,1528829099000,83.536,83.554,83.536,83.548,79210000,1
1528829100000,1528829159000,83.547,83.549,83.537,83.544,56920000,1
1528829160000,1528829219000,83.545,83.557,83.545,83.556,35780000,1
1528829220000,1528829279000,83.557,83.559,83.551,83.555,73890000,1
1528829280000,1528829339000,83.554,83.56,83.552,83.552,83990000,1
1528829340000,1528829399000,83.552,83.557,83.543,83.557,82670000,1
1528829400000,1528829459000,83.557,83.558,83.551,83.556,55640000,1
1528829460000,1528829519000,83.557,83.559,83.555,83.556,29390000,1
1528829520000,1528829579000,83.558,83.563,83.549,83.56,76720000,1
1528829580000,1528829639000,83.56,83.571,83.556,83.556,49610000,1
1528829640000,1528829699000,83.555,83.561,83.555,83.561,103660000,1
1528829700000,1528829759000,83.561,83.561,83.544,83.544,66720000,1
1528829760000,1528829819000,83.544,83.569,83.54,83.564,77950000,1
1528829820000,1528829879000,83.563,83.565,83.551,83.552,72610000,1
1528829880000,1528829939000,83.551,83.553,83.546,83.55,76620000,1
1528829940000,1528829999000,83.55,83.55,83.534,83.539,144590000,1
1528830000000,1528830059000,83.541,83.541,83.515,83.519,163460000,1
1528830060000,1528830119000,83.52,83.543,83.52,83.543,64060000,1
1528830120000,1528830179000,83.544,83.555,83.542,83.555,45780000,1
1528830180000,1528830239000,83.555,83.567,83.555,83.566,36150000,1
1528830240000,1528830299000,83.566,83.58,83.566,83.58,106300000,1
1528830300000,1528830359000,83.58,83.59,83.58,83.586,105170000,1
1528830360000,1528830419000,83.587,83.59,83.577,83.578,48190000,1
1528830420000,1528830479000,83.58,83.58,83.57,83.572,82000000,1
1528830480000,1528830539000,83.574,83.581,83.574,83.58,33940000,1
1528830540000,1528830599000,83.579,83.582,83.571,83.579,53790000,1
1528830600000,1528830659000,83.577,83.578,83.573,83.573,46020000,1
1528830660000,1528830719000,83.573,83.575,83.57,83.574,61850000,1
1528830720000,1528830779000,83.574,83.581,83.574,83.578,40980000,1
1528830780000,1528830839000,83.578,83.58,83.567,83.567,23790000,1
1528830840000,1528830899000,83.569,83.578,83.569,83.572,47280000,1
1528830900000,1528830959000,83.572,83.578,83.564,83.566,51830000,1
1528830960000,1528831019000,83.564,83.567,83.561,83.561,42730000,1
1528831020000,1528831079000,83.561,83.563,83.557,83.559,46190000,1
1528831080000,1528831139000,83.557,83.561,83.554,83.554,83170000,1
1528831140000,1528831199000,83.554,83.559,83.554,83.558,50620000,1
1528831200000,1528831259000,83.557,83.56,83.557,83.559,28970000,1
1528831260000,1528831319000,83.56,83.561,83.558,83.559,21410000,1
1528831320000,1528831379000,83.56,83.572,83.56,83.571,69410000,1
1528831380000,1528831439000,83.571,83.571,83.561,83.562,45710000,1
1528831440000,1528831499000,83.562,83.563,83.557,83.562,35920000,1
1528831500000,1528831559000,83.563,83.572,83.563,83.568,33120000,1
1528831560000,1528831619000,83.567,83.57,83.567,83.567,41780000,1
1528831620000,1528831679000,83.567,83.572,83.564,83.572,53100000,1
1528831680000,1528831739000,83.573,83.578,83.568,83.578,79030000,1
1528831740000,1528831799000,83.578,83.58,83.578,83.58,28510000,1
1528831800000,1528831859000,83.578,83.581,83.565,83.566,94780000,1
1528831860000,1528831919000,83.567,83.569,83.564,83.564,40760000,1
1528831920000,1528831979000,83.564,83.571,83.564,83.57,71690000,1
1528831980000,1528832039000,83.571,83.573,83.569,83.569,37460000,1
1528832040000,1528832099000,83.569,83.57,83.54,83.564,71130000,1
1528832100000,1528832159000,83.564,83.565,83.558,83.564,68710000,1
1528832160000,1528832219000,83.565,83.572,83.565,83.572,29600000,1
1528832220000,1528832279000,83.57,83.579,83.567,83.579,44750000,1
1528832280000,1528832339000,83.578,83.579,83.57,83.574,56400000,1
1528832340000,1528832399000,83.574,83.584,83.574,83.584,61480000,1
1528832400000,1528832459000,83.583,83.588,83.575,83.58,83890000,1
1528832460000,1528832519000,83.579,83.585,83.574,83.58,79210000,1
1528832520000,1528832579000,83.581,83.589,83.581,83.588,40510000,1
1528832580000,1528832639000,83.588,83.588,83.574,83.576,71400000,1
1528832640000,1528832699000,83.576,83.577,83.558,83.566,64250000,1
1528832700000,1528832759000,83.566,83.567,83.563,83.563,84420000,1
1528832760000,1528832819000,83.562,83.563,83.556,83.556,52710000,1
1528832820000,1528832879000,83.556,83.562,83.553,83.553,54020000,1
1528832880000,1528832939000,83.554,83.556,83.548,83.548,72120000,1
1528832940000,1528832999000,83.547,83.557,83.547,83.554,67360000,1
1528833000000,1528833059000,83.56,83.576,83.56,83.566,98930000,1
1528833060000,1528833119000,83.566,83.566,83.56,83.56,58990000,1
1528833120000,1528833179000,83.559,83.569,83.558,83.562,105360000,1
1528833180000,1528833239000,83.562,83.57,83.562,83.568,70670000,1
1528833240000,1528833299000,83.566,83.57,83.556,83.57,130420000,1
1528833300000,1528833359000,83.57,83.579,83.566,83.572,97670000,1
1528833360000,1528833419000,83.573,83.573,83.559,83.56,57530000,1
1528833420000,1528833479000,83.561,83.566,83.56,83.56,95600000,1
1528833480000,1528833539000,83.558,83.562,83.555,83.56,44400000,1
1528833540000,1528833599000,83.56,83.567,83.558,83.562,51910000,1
1528833600000,1528833659000,83.556,83.558,83.547,83.547,72600000,1
1528833660000,1528833719000,83.548,83.549,83.542,83.545,66040000,1
1528833720000,1528833779000,83.545,83.55,83.543,83.546,44560000,1
1528833780000,1528833839000,83.546,83.548,83.546,83.547,8500000,1
1528833840000,1528833899000,83.547,83.549,83.547,83.547,13740000,1
1528833900000,1528833959000,83.547,83.548,83.547,83.547,13190000,1
1528833960000,1528834019000,83.547,83.551,83.546,83.547,24990000,1
1528834020000,1528834079000,83.547,83.547,83.546,83.546,2440000,1
1528834080000,1528834139000,83.546,83.546,83.537,83.537,29190000,1
1528834140000,1528834199000,83.536,83.541,83.536,83.54,28470000,1
1528834200000,1528834259000,83.54,83.555,83.54,83.552,30670000,1
1528834260000,1528834319000,83.553,83.556,83.552,83.554,18550000,1
1528834320000,1528834379000,83.555,83.556,83.555,83.556,24070000,1
1528834380000,1528834439000,83.557,83.557,83.553,83.555,18810000,1
1528834440000,1528834499000,83.556,83.567,83.556,83.567,51380000,1
1528834500000,1528834559000,83.569,83.573,83.567,83.569,30910000,1
1528834560000,1528834619000,83.569,83.569,83.569,83.569,6690000,1
1528834620000,1528834679000,83.568,83.569,83.558,83.564,28850000,1
1528834680000,1528834739000,83.564,83.569,83.562,83.564,33760000,1
1528834740000,1528834799000,83.565,83.568,83.565,83.568,6370000,1
1528834800000,1528834859000,83.567,83.57,83.563,83.563,27780000,1
1528834860000,1528834919000,83.563,83.563,83.551,83.551,19670000,1
1528834920000,1528834979000,83.551,83.555,83.545,83.546,29230000,1
1528834980000,1528835039000,83.546,83.548,83.546,83.548,5370000,1
1528835040000,1528835099000,83.547,83.55,83.547,83.55,7360000,1
1528835100000,1528835159000,83.55,83.55,83.547,83.547,30640000,1
1528835160000,1528835219000,83.545,83.554,83.545,83.554,11930000,1
1528835220000,1528835279000,83.554,83.557,83.551,83.552,11250000,1
1528835280000,1528835339000,83.553,83.554,83.537,83.538,24740000,1
1528835340000,1528835399000,83.537,83.562,83.534,83.56,43440000,1
1528835400000,1528835459000,83.56,83.574,83.56,83.573,46930000,1
1528835460000,1528835519000,83.571,83.581,83.569,83.58,37120000,1
1528835520000,1528835579000,83.579,83.583,83.579,83.583,13760000,1
1528835580000,1528835639000,83.582,83.582,83.58,83.58,15300000,1
1528835640000,1528835699000,83.581,83.581,83.58,83.58,9870000,1
1528835700000,1528835759000,83.58,83.582,83.58,83.582,12240000,1
1528835760000,1528835819000,83.582,83.584,83.582,83.583,11820000,1
1528835820000,1528835879000,83.583,83.584,83.583,83.584,20140000,1
1528835880000,1528835939000,83.584,83.585,83.579,83.585,29130000,1
1528835940000,1528835999000,83.586,83.591,83.579,83.585,23810000,1
1528836000000,1528836059000,83.585,83.595,83.582,83.592,43650000,1
1528836060000,1528836119000,83.592,83.594,83.589,83.594,17300000,1
1528836120000,1528836179000,83.593,83.599,83.585,83.585,77560000,1
1528836180000,1528836239000,83.585,83.598,83.583,83.595,45040000,1
1528836240000,1528836299000,83.595,83.595,83.595,83.595,2560000,1
1528836300000,1528836359000,83.594,83.594,83.59,83.594,18830000,1
1528836360000,1528836419000,83.594,83.598,83.594,83.594,28250000,1
1528836420000,1528836479000,83.591,83.604,83.591,83.6,43480000,1
1528836480000,1528836539000,83.6,83.602,83.595,83.595,25410000,1
1528836540000,1528836599000,83.596,83.6,83.594,83.598,27480000,1
1528836600000,1528836659000,83.597,83.597,83.573,83.577,54060000,1
1528836660000,1528836719000,83.578,83.582,83.577,83.582,22550000,1
1528836720000,1528836779000,83.582,83.589,83.582,83.587,38450000,1
1528836780000,1528836839000,83.587,83.587,83.582,83.584,14180000,1
1528836840000,1528836899000,83.582,83.592,83.581,83.59,33130000,1
1528836900000,1528836959000,83.589,83.591,83.583,83.589,53200000,1
1528836960000,1528837019000,83.588,83.591,83.584,83.587,28550000,1
1528837020000,1528837079000,83.588,83.594,83.588,83.594,16430000,1
1528837080000,1528837139000,83.595,83.598,83.594,83.594,44240000,1
1528837140000,1528837199000,83.594,83.598,83.549,83.549,59060000,1
1528837200000,1528837259000,83.537,83.537,83.522,83.524,4120000,1
1528837260000,1528837319000,83.529,83.539,83.496,83.539,39750000,1
1528837320000,1528837379000,83.539,83.54,83.511,83.53,33750000,1
1528837380000,1528837439000,83.531,83.562,83.531,83.562,30750000,1
1528837440000,1528837499000,83.561,83.564,83.56,83.562,30500000,1
1528837500000,1528837559000,83.561,83.588,83.559,83.588,58500000,1
1528837560000,1528837619000,83.587,83.6,83.584,83.592,190500000,1
1528837620000,1528837679000,83.589,83.592,83.589,83.591,172000000,1
1528837680000,1528837739000,83.59,83.591,83.589,83.591,69000000,1
1528837740000,1528837799000,83.589,83.591,83.589,83.591,180000000,1
1528837800000,1528837859000,83.589,83.598,83.589,83.595,119000000,1
1528837860000,1528837919000,83.595,83.6,83.59,83.599,138500000,1
1528837920000,1528837979000,83.598,83.6,83.59,83.596,128500000,1
1528837980000,1528838039000,83.597,83.598,83.579,83.58,80380000,1
1528838040000,1528838099000,83.581,83.581,83.561,83.561,76890000,1
1528838100000,1528838159000,83.561,83.584,83.561,83.584,58580000,1
1528838160000,1528838219000,83.583,83.597,83.582,83.597,49370000,1
1528838220000,1528838279000,83.596,83.596,83.583,83.587,36000000,1
1528838280000,1528838339000,83.585,83.586,83.583,83.586,6000000,1
1528838340000,1528838399000,83.586,83.587,83.583,83.587,25500000,1
1528838400000,1528838459000,83.587,83.589,83.583,83.589,20000000,1
1528838460000,1528838519000,83.587,83.61,83.581,83.586,98670000,1
1528838520000,1528838579000,83.585,83.587,83.584,83.586,35610000,1
1528838580000,1528838639000,83.587,83.589,83.585,83.588,58500000,1
1528838640000,1528838699000,83.589,83.589,83.584,83.585,12000000,1
1528838700000,1528838759000,83.585,83.588,83.583,83.586,21120000,1
1528838760000,1528838819000,83.588,83.589,83.585,83.588,93500000,1
1528838820000,1528838879000,83.587,83.598,83.583,83.592,62860000,1
1528838880000,1528838939000,83.593,83.596,83.592,83.592,15500000,1
1528838940000,1528838999000,83.592,83.594,83.583,83.588,39070000,1
1528839000000,1528839059000,83.59,83.598,83.588,83.598,47610000,1
1528839060000,1528839119000,83.598,83.603,83.598,83.598,26330000,1
1528839120000,1528839179000,83.598,83.603,83.591,83.594,17600000,1
1528839180000,1528839239000,83.596,83.612,83.596,83.599,36460000,1
1528839240000,1528839299000,83.598,83.598,83.597,83.597,11360000,1
1528839300000,1528839359000,83.597,83.608,83.597,83.606,22200000,1
1528839360000,1528839419000,83.609,83.609,83.605,83.606,12330000,1
1528839420000,1528839479000,83.607,83.607,83.602,83.604,17730000,1
1528839480000,1528839539000,83.605,83.608,83.604,83.608,18350000,1
1528839540000,1528839599000,83.608,83.613,83.603,83.612,23310000,1
1528839600000,1528839659000,83.613,83.615,83.612,83.614,37000000,1
1528839660000,1528839719000,83.614,83.617,83.61,83.611,60240000,1
1528839720000,1528839779000,83.611,83.613,83.61,83.612,23470000,1
1528839780000,1528839839000,83.61,83.613,83.606,83.608,21200000,1
1528839840000,1528839899000,83.607,83.608,83.603,83.604,15210000,1
1528839900000,1528839959000,83.605,83.607,83.603,83.606,24720000,1
1528839960000,1528840019000,83.607,83.607,83.601,83.604,17360000,1
1528840020000,1528840079000,83.605,83.605,83.603,83.604,12000000,1
1528840080000,1528840139000,83.605,83.606,83.604,83.604,43000000,1
1528840140000,1528840199000,83.604,83.615,83.604,83.613,119970000,1
1528840200000,1528840259000,83.614,83.614,83.606,83.608,87340000,1
1528840260000,1528840319000,83.608,83.61,83.608,83.609,47000000,1
1528840320000,1528840379000,83.609,83.611,83.603,83.603,93860000,1
1528840380000,1528840439000,83.604,83.609,83.604,83.607,93840000,1
1528840440000,1528840499000,83.606,83.613,83.604,83.605,136600000,1
1528840500000,1528840559000,83.605,83.618,83.605,83.618,148620000,1
1528840560000,1528840619000,83.618,83.619,83.609,83.611,152300000,1
1528840620000,1528840679000,83.612,83.613,83.606,83.613,158210000,1
1528840680000,1528840739000,83.612,83.615,83.605,83.609,253540000,1
1528840740000,1528840799000,83.608,83.62,83.607,83.613,137950000,1
1528840800000,1528840859000,83.613,83.619,83.606,83.611,66760000,1
1528840860000,1528840919000,83.609,83.61,83.596,83.596,31380000,1
1528840920000,1528840979000,83.596,83.605,83.596,83.605,10000000,1
1528840980000,1528841039000,83.605,83.605,83.595,83.595,17530000,1
1528841040000,1528841099000,83.594,83.598,83.59,83.595,62210000,1
1528841100000,1528841159000,83.594,83.607,83.594,83.607,44970000,1
1528841160000,1528841219000,83.606,83.611,83.606,83.611,84090000,1
1528841220000,1528841279000,83.612,83.614,83.612,83.613,11560000,1
1528841280000,1528841339000,83.614,83.615,83.603,83.603,38290000,1
1528841340000,1528841399000,83.605,83.613,83.605,83.613,30370000,1
1528841400000,1528841459000,83.612,83.623,83.611,83.623,43590000,1
1528841460000,1528841519000,83.623,83.628,83.621,83.624,27160000,1
1528841520000,1528841579000,83.623,83.623,83.615,83.616,22000000,1
1528841580000,1528841639000,83.615,83.619,83.615,83.619,12000000,1
1528841640000,1528841699000,83.62,83.627,83.62,83.627,22000000,1
1528841700000,1528841759000,83.627,83.643,83.627,83.639,23500000,1
1528841760000,1528841819000,83.638,83.639,83.636,83.636,29000000,1
1528841820000,1528841879000,83.637,83.637,83.628,83.629,22940000,1
1528841880000,1528841939000,83.628,83.631,83.628,83.63,18500000,1
1528841940000,1528841999000,83.629,83.63,83.621,83.623,19440000,1
1528842000000,1528842059000,83.624,83.626,83.621,83.626,44310000,1
1528842060000,1528842119000,83.625,83.632,83.625,83.631,45000000,1
1528842120000,1528842179000,83.631,83.639,83.625,83.632,42940000,1
1528842180000,1528842239000,83.632,83.643,83.632,83.642,30000000,1
1528842240000,1528842299000,83.642,83.643,83.64,83.64,19500000,1
1528842300000,1528842359000,83.64,83.641,83.639,83.641,26000000,1
1528842360000,1528842419000,83.641,83.641,83.629,83.629,27940000,1
1528842420000,1528842479000,83.628,83.633,83.628,83.632,14190000,1
1528842480000,1528842539000,83.637,83.671,83.637,83.669,39620000,1
1528842540000,1528842599000,83.669,83.669,83.651,83.653,45840000,1
1528842600000,1528842659000,83.652,83.652,83.636,83.648,30330000,1
1528842660000,1528842719000,83.648,83.654,83.648,83.654,14940000,1
1528842720000,1528842779000,83.653,83.654,83.646,83.647,21690000,1
1528842780000,1528842839000,83.647,83.655,83.644,83.654,27000000,1
1528842840000,1528842899000,83.654,83.655,83.654,83.655,9820000,1
1528842900000,1528842959000,83.656,83.661,83.655,83.661,19190000,1
1528842960000,1528843019000,83.663,83.674,83.663,83.672,27000000,1
1528843020000,1528843079000,83.671,83.677,83.668,83.676,55530000,1
1528843080000,1528843139000,83.676,83.68,83.669,83.672,55340000,1
1528843140000,1528843199000,83.673,83.682,83.672,83.681,35880000,1
1528843200000,1528843259000,83.685,83.693,83.685,83.692,27880000,1
1528843260000,1528843319000,83.692,83.694,83.688,83.69,36710000,1
1528843320000,1528843379000,83.689,83.691,83.674,83.674,60350000,1
1528843380000,1528843439000,83.674,83.68,83.674,83.677,49510000,1
1528843440000,1528843499000,83.677,83.677,83.638,83.644,95590000,1
1528843500000,1528843559000,83.644,83.664,83.644,83.664,51620000,1
1528843560000,1528843619000,83.664,83.664,83.64,83.645,46580000,1
1528843620000,1528843679000,83.645,83.648,83.645,83.645,19470000,1
1528843680000,1528843739000,83.647,83.672,83.646,83.669,132820000,1
1528843740000,1528843799000,83.669,83.673,83.654,83.672,84710000,1
1528843800000,1528843859000,83.672,83.675,83.666,83.666,82090000,1
1528843860000,1528843919000,83.666,83.667,83.661,83.664,52180000,1
1528843920000,1528843979000,83.664,83.664,83.653,83.653,22310000,1
1528843980000,1528844039000,83.653,83.653,83.649,83.651,7570000,1
1528844040000,1528844099000,83.654,83.66,83.654,83.66,10000000,1
1528844100000,1528844159000,83.66,83.66,83.653,83.656,21270000,1
1528844160000,1528844219000,83.655,83.655,83.648,83.648,15140000,1
1528844220000,1528844279000,83.647,83.648,83.645,83.646,18770000,1
1528844280000,1528844339000,83.645,83.645,83.633,83.639,38650000,1
1528844340000,1528844399000,83.64,83.64,83.638,83.639,15940000,1
1528844400000,1528844459000,83.638,83.658,83.636,83.648,69660000,1
1528844460000,1528844519000,83.648,83.648,83.623,83.627,53970000,1
1528844520000,1528844579000,83.627,83.629,83.625,83.629,20640000,1
1528844580000,1528844639000,83.632,83.638,83.616,83.618,35740000,1
1528844640000,1528844699000,83.617,83.617,83.612,83.612,16610000,1
1528844700000,1528844759000,83.613,83.616,83.601,83.601,36740000,1
1528844760000,1528844819000,83.602,83.604,83.598,83.598,25450000,1
1528844820000,1528844879000,83.598,83.599,83.597,83.598,9240000,1
1528844880000,1528844939000,83.597,83.611,83.596,83.61,19240000,1
1528844940000,1528844999000,83.61,83.617,83.608,83.611,28440000,1
1528845000000,1528845059000,83.609,83.62,83.603,83.619,28630000,1
1528845060000,1528845119000,83.619,83.628,83.619,83.628,16240000,1
1528845120000,1528845179000,83.628,83.628,83.61,83.62,45560000,1
1528845180000,1528845239000,83.62,83.62,83.618,83.619,10920000,1
1528845240000,1528845299000,83.619,83.621,83.617,83.618,29300000,1
1528845300000,1528845359000,83.617,83.617,83.601,83.604,45780000,1
1528845360000,1528845419000,83.607,83.607,83.601,83.601,41150000,1
1528845420000,1528845479000,83.601,83.608,83.592,83.606,35270000,1
1528845480000,1528845539000,83.606,83.612,83.605,83.611,17990000,1
1528845540000,1528845599000,83.61,83.612,83.607,83.608,11620000,1
1528845600000,1528845659000,83.608,83.614,83.606,83.611,16480000,1
1528845660000,1528845719000,83.61,83.61,83.601,83.602,26790000,1
1528845720000,1528845779000,83.602,83.606,83.602,83.606,14550000,1
1528845780000,1528845839000,83.606,83.613,83.605,83.61,13400000,1
1528845840000,1528845899000,83.609,83.609,83.604,83.604,12110000,1
1528845900000,1528845959000,83.605,83.612,83.605,83.608,14300000,1
1528845960000,1528846019000,83.608,83.615,83.606,83.615,14980000,1
1528846020000,1528846079000,83.614,83.615,83.611,83.611,20370000,1
1528846080000,1528846139000,83.612,83.616,83.611,83.616,27830000,1
1528846140000,1528846199000,83.617,83.625,83.615,83.625,21540000,1
1528846200000,1528846259000,83.626,83.636,83.626,83.635,23230000,1
1528846260000,1528846319000,83.634,83.634,83.627,83.632,23050000,1
1528846320000,1528846379000,83.632,83.649,83.632,83.649,30230000,1
1528846380000,1528846439000,83.65,83.651,83.641,83.646,36000000,1
1528846440000,1528846499000,83.646,83.656,83.646,83.651,28280000,1
1528846500000,1528846559000,83.653,83.663,83.653,83.661,32710000,1
1528846560000,1528846619000,83.662,83.662,83.654,83.657,21060000,1
1528846620000,1528846679000,83.656,83.66,83.656,83.659,11250000,1
1528846680000,1528846739000,83.659,83.662,83.654,83.662,21290000,1
1528846740000,1528846799000,83.661,83.661,83.649,83.654,24440000,1
1528846800000,1528846859000,83.655,83.655,83.642,83.649,30070000,1
1528846860000,1528846919000,83.646,83.655,83.645,83.65,23580000,1
1528846920000,1528846979000,83.651,83.651,83.638,83.638,37540000,1
1528846980000,1528847039000,83.638,83.64,83.636,83.639,21860000,1
1528847040000,1528847099000,83.639,83.64,83.63,83.63,51260000,1
1528847100000,1528847159000,83.633,83.639,83.631,83.635,36530000,1
1528847160000,1528847219000,83.638,83.647,83.633,83.641,41610000,1
1528847220000,1528847279000,83.641,83.649,83.636,83.648,31330000,1
1528847280000,1528847339000,83.646,83.647,83.639,83.639,30650000,1
1528847340000,1528847399000,83.639,83.644,83.638,83.642,21900000,1
1528847400000,1528847459000,83.644,83.654,83.644,83.65,83360000,1
1528847460000,1528847519000,83.651,83.664,83.649,83.652,60730000,1
1528847520000,1528847579000,83.653,83.677,83.653,83.677,53410000,1
1528847580000,1528847639000,83.678,83.68,83.669,83.669,20000000,1
1528847640000,1528847699000,83.668,83.668,83.658,83.659,32570000,1
1528847700000,1528847759000,83.66,83.66,83.649,83.658,33120000,1
1528847760000,1528847819000,83.659,83.66,83.659,83.66,2000000,1
1528847820000,1528847879000,83.661,83.668,83.657,83.658,44880000,1
1528847880000,1528847939000,83.658,83.658,83.652,83.656,24690000,1
1528847940000,1528847999000,83.655,83.66,83.655,83.657,12690000,1
1528848000000,1528848059000,83.657,83.681,83.653,83.673,97350000,1
1528848060000,1528848119000,83.673,83.674,83.659,83.668,61140000,1
1528848120000,1528848179000,83.668,83.67,83.657,83.667,57270000,1
1528848180000,1528848239000,83.668,83.672,83.658,83.665,48690000,1
1528848240000,1528848299000,83.664,83.667,83.653,83.666,66570000,1
1528848300000,1528848359000,83.667,83.669,83.617,83.624,86580000,1
1528848360000,1528848419000,83.626,83.645,83.626,83.642,83780000,1
1528848420000,1528848479000,83.643,83.645,83.605,83.605,115320000,1
1528848480000,1528848539000,83.608,83.623,83.595,83.62,113060000,1
1528848540000,1528848599000,83.62,83.657,83.617,83.657,84730000,1
1528848600000,1528848659000,83.657,83.662,83.648,83.652,70320000,1
1528848660000,1528848719000,83.653,83.678,83.653,83.677,79220000,1
1528848720000,1528848779000,83.675,83.675,83.661,83.666,79770000,1
1528848780000,1528848839000,83.667,83.673,83.652,83.666,85110000,1
1528848840000,1528848899000,83.666,83.67,83.656,83.66,80230000,1
1528848900000,1528848959000,83.661,83.686,83.656,83.67,116230000,1
1528848960000,1528849019000,83.669,83.669,83.649,83.658,117230000,1
1528849020000,1528849079000,83.659,83.677,83.658,83.674,89260000,1
1528849080000,1528849139000,83.675,83.687,83.672,83.677,84630000,1
1528849140000,1528849199000,83.68,83.681,83.651,83.654,60860000,1
1528849200000,1528849259000,83.654,83.667,83.654,83.66,59020000,1
1528849260000,1528849319000,83.66,83.662,83.655,83.661,75480000,1
1528849320000,1528849379000,83.658,83.658,83.639,83.647,63680000,1
1528849380000,1528849439000,83.65,83.682,83.65,83.664,117910000,1
1528849440000,1528849499000,83.665,83.675,83.659,83.659,114540000,1
1528849500000,1528849559000,83.658,83.663,83.649,83.653,94360000,1
1528849560000,1528849619000,83.652,83.656,83.648,83.651,50490000,1
1528849620000,1528849679000,83.651,83.657,83.647,83.647,54150000,1
1528849680000,1528849739000,83.647,83.647,83.624,83.63,118960000,1
1528849740000,1528849799000,83.629,83.66,83.629,83.659,68120000,1
1528849800000,1528849859000,83.66,83.681,83.66,83.666,80900000,1
1528849860000,1528849919000,83.665,83.665,83.65,83.656,64710000,1
1528849920000,1528849979000,83.657,83.666,83.657,83.66,44820000,1
1528849980000,1528850039000,83.658,83.659,83.654,83.656,20560000,1
1528850040000,1528850099000,83.656,83.659,83.651,83.656,46870000,1
1528850100000,1528850159000,83.656,83.656,83.647,83.649,35930000,1
1528850160000,1528850219000,83.648,83.654,83.648,83.651,18310000,1
1528850220000,1528850279000,83.651,83.661,83.651,83.66,30120000,1
1528850280000,1528850339000,83.659,83.676,83.659,83.668,50100000,1
1528850340000,1528850399000,83.667,83.668,83.655,83.655,25560000,1
1528850400000,1528850459000,83.654,83.654,83.604,83.605,87900000,1
1528850460000,1528850519000,83.605,83.627,83.603,83.621,68000000,1
1528850520000,1528850579000,83.622,83.626,83.607,83.609,69510000,1
1528850580000,1528850639000,83.61,83.616,83.604,83.604,51880000,1
1528850640000,1528850699000,83.604,83.604,83.586,83.588,59490000,1
1528850700000,1528850759000,83.591,83.602,83.579,83.58,71620000,1
1528850760000,1528850819000,83.577,83.577,83.551,83.565,125090000,1
1528850820000,1528850879000,83.565,83.567,83.558,83.56,81530000,1
1528850880000,1528850939000,83.56,83.565,83.55,83.565,115730000,1
1528850940000,1528850999000,83.566,83.566,83.553,83.555,63900000,1
1528851000000,1528851059000,83.555,83.561,83.548,83.548,80820000,1
1528851060000,1528851119000,83.547,83.562,83.544,83.557,61460000,1
1528851120000,1528851179000,83.556,83.562,83.552,83.552,44490000,1
1528851180000,1528851239000,83.553,83.57,83.553,83.57,94190000,1
1528851240000,1528851299000,83.568,83.589,83.563,83.578,116060000,1
1528851300000,1528851359000,83.575,83.579,83.552,83.553,110620000,1
1528851360000,1528851419000,83.553,83.572,83.551,83.564,75310000,1
1528851420000,1528851479000,83.564,83.566,83.546,83.549,60150000,1
1528851480000,1528851539000,83.549,83.555,83.546,83.555,51720000,1
1528851540000,1528851599000,83.554,83.567,83.548,83.554,66500000,1
1528851600000,1528851659000,83.555,83.57,83.555,83.57,55470000,1
1528851660000,1528851719000,83.57,83.577,83.565,83.565,36240000,1
1528851720000,1528851779000,83.568,83.581,83.567,83.576,64310000,1
1528851780000,1528851839000,83.576,83.578,83.57,83.573,57570000,1
1528851840000,1528851899000,83.574,83.591,83.574,83.591,39990000,1
1528851900000,1528851959000,83.59,83.601,83.582,83.594,43580000,1
1528851960000,1528852019000,83.593,83.6,83.589,83.599,61010000,1
1528852020000,1528852079000,83.601,83.645,83.597,83.627,97310000,1
1528852080000,1528852139000,83.628,83.638,83.623,83.634,70280000,1
1528852140000,1528852199000,83.633,83.634,83.62,83.62,145830000,1
1528852200000,1528852259000,83.62,83.639,83.614,83.614,95510000,1
1528852260000,1528852319000,83.613,83.613,83.602,83.608,106040000,1
1528852320000,1528852379000,83.608,83.608,83.583,83.583,99000000,1
1528852380000,1528852439000,83.583,83.586,83.566,83.567,82750000,1
1528852440000,1528852499000,83.569,83.593,83.569,83.585,81450000,1
1528852500000,1528852559000,83.584,83.601,83.582,83.601,81360000,1
1528852560000,1528852619000,83.603,83.613,83.599,83.607,88870000,1
1528852620000,1528852679000,83.607,83.612,83.599,83.611,52560000,1
1528852680000,1528852739000,83.61,83.617,83.607,83.617,61300000,1
1528852740000,1528852799000,83.621,83.621,83.605,83.614,87510000,1
1528852800000,1528852859000,83.614,83.614,83.602,83.602,71980000,1
1528852860000,1528852919000,83.602,83.606,83.595,83.599,64090000,1
1528852920000,1528852979000,83.598,83.607,83.597,83.604,38410000,1
1528852980000,1528853039000,83.604,83.621,83.604,83.62,85050000,1
1528853040000,1528853099000,83.621,83.626,83.614,83.619,90550000,1
1528853100000,1528853159000,83.618,83.618,83.585,83.585,108760000,1
1528853160000,1528853219000,83.585,83.589,83.579,83.589,78310000,1
1528853220000,1528853279000,83.589,83.59,83.586,83.587,62780000,1
1528853280000,1528853339000,83.587,83.59,83.587,83.59,18180000,1
1528853340000,1528853399000,83.589,83.592,83.588,83.588,54590000,1
1528853400000,1528853459000,83.589,83.618,83.588,83.607,71990000,1
1528853460000,1528853519000,83.606,83.621,83.606,83.61,70840000,1
1528853520000,1528853579000,83.609,83.611,83.601,83.606,51700000,1
1528853580000,1528853639000,83.606,83.623,83.606,83.622,57700000,1
1528853640000,1528853699000,83.622,83.622,83.607,83.611,100890000,1
1528853700000,1528853759000,83.612,83.633,83.605,83.633,71010000,1
1528853760000,1528853819000,83.632,83.632,83.61,83.623,61170000,1
1528853820000,1528853879000,83.622,83.632,83.614,83.616,56770000,1
1528853880000,1528853939000,83.617,83.619,83.607,83.61,39640000,1
1528853940000,1528853999000,83.609,83.611,83.592,83.597,93840000,1
1528854000000,1528854059000,83.597,83.598,83.58,83.59,84300000,1
1528854060000,1528854119000,83.591,83.593,83.588,83.592,43330000,1
1528854120000,1528854179000,83.59,83.608,83.587,83.608,71920000,1
1528854180000,1528854239000,83.61,83.637,83.61,83.629,84570000,1
1528854240000,1528854299000,83.629,83.631,83.623,83.626,31780000,1
1528854300000,1528854359000,83.625,83.625,83.619,83.619,52360000,1
1528854360000,1528854419000,83.619,83.619,83.598,83.601,89480000,1
1528854420000,1528854479000,83.604,83.609,83.6,83.607,72830000,1
1528854480000,1528854539000,83.608,83.61,83.6,83.606,70170000,1
1528854540000,1528854599000,83.606,83.61,83.589,83.589,45310000,1
1528854600000,1528854659000,83.589,83.603,83.586,83.593,102480000,1
1528854660000,1528854719000,83.593,83.594,83.571,83.588,128090000,1
1528854720000,1528854779000,83.589,83.59,83.583,83.585,39710000,1
1528854780000,1528854839000,83.586,83.594,83.584,83.593,49730000,1
1528854840000,1528854899000,83.592,83.604,83.592,83.603,57060000,1
1528854900000,1528854959000,83.605,83.625,83.604,83.623,46370000,1
1528854960000,1528855019000,83.62,83.628,83.618,83.625,61790000,1
1528855020000,1528855079000,83.624,83.626,83.62,83.622,36610000,1
1528855080000,1528855139000,83.621,83.633,83.619,83.62,95020000,1
1528855140000,1528855199000,83.622,83.626,83.617,83.62,47430000,1
1528855200000,1528855259000,83.616,83.623,83.61,83.61,79380000,1
1528855260000,1528855319000,83.61,83.616,83.609,83.614,51500000,1
1528855320000,1528855379000,83.616,83.621,83.606,83.607,40420000,1
1528855380000,1528855439000,83.607,83.613,83.606,83.609,34230000,1
1528855440000,1528855499000,83.608,83.611,83.608,83.61,24840000,1
1528855500000,1528855559000,83.609,83.612,83.601,83.612,42380000,1
1528855560000,1528855619000,83.613,83.624,83.612,83.624,55530000,1
1528855620000,1528855679000,83.623,83.624,83.62,83.621,29490000,1
1528855680000,1528855739000,83.621,83.625,83.621,83.622,37160000,1
1528855740000,1528855799000,83.621,83.622,83.609,83.612,39480000,1
1528855800000,1528855859000,83.61,83.63,83.607,83.63,49210000,1
1528855860000,1528855919000,83.629,83.63,83.625,83.625,36840000,1
1528855920000,1528855979000,83.627,83.632,83.627,83.632,18880000,1
1528855980000,1528856039000,83.631,83.638,83.631,83.637,29970000,1
1528856040000,1528856099000,83.638,83.639,83.634,83.636,28300000,1
1528856100000,1528856159000,83.637,83.651,83.637,83.643,59890000,1
1528856160000,1528856219000,83.643,83.643,83.636,83.638,16310000,1
1528856220000,1528856279000,83.637,83.641,83.637,83.638,40900000,1
1528856280000,1528856339000,83.641,83.641,83.637,83.638,20400000,1
1528856340000,1528856399000,83.64,83.645,83.639,83.64,39120000,1
1528856400000,1528856459000,83.64,83.65,83.64,83.647,25460000,1
1528856460000,1528856519000,83.648,83.653,83.647,83.653,37530000,1
1528856520000,1528856579000,83.652,83.658,83.65,83.65,31170000,1
1528856580000,1528856639000,83.649,83.65,83.642,83.642,13930000,1
1528856640000,1528856699000,83.641,83.647,83.64,83.646,19120000,1
1528856700000,1528856759000,83.646,83.664,83.645,83.664,50720000,1
1528856760000,1528856819000,83.664,83.668,83.648,83.661,71280000,1
1528856820000,1528856879000,83.66,83.673,83.658,83.671,30910000,1
1528856880000,1528856939000,83.672,83.678,83.671,83.671,25110000,1
1528856940000,1528856999000,83.67,83.675,83.664,83.675,32470000,1
1528857000000,1528857059000,83.675,83.678,83.672,83.675,23000000,1
1528857060000,1528857119000,83.676,83.687,83.676,83.683,47360000,1
1528857120000,1528857179000,83.683,83.683,83.672,83.672,25480000,1
1528857180000,1528857239000,83.671,83.671,83.657,83.657,51610000,1
1528857240000,1528857299000,83.657,83.657,83.647,83.649,45810000,1
1528857300000,1528857359000,83.649,83.653,83.647,83.647,34100000,1
1528857360000,1528857419000,83.647,83.647,83.621,83.635,89390000,1
1528857420000,1528857479000,83.635,83.637,83.631,83.631,32000000,1
1528857480000,1528857539000,83.631,83.64,83.631,83.638,29740000,1
1528857540000,1528857599000,83.639,83.639,83.636,83.638,25490000,1
1528857600000,1528857659000,83.637,83.638,83.634,83.637,26920000,1
1528857660000,1528857719000,83.637,83.637,83.636,83.636,9000000,1
1528857720000,1528857779000,83.636,83.636,83.627,83.628,23110000,1
1528857780000,1528857839000,83.627,83.632,83.626,83.631,38550000,1
1528857840000,1528857899000,83.632,83.632,83.624,83.624,40680000,1
1528857900000,1528857959000,83.626,83.63,83.625,83.63,6990000,1
1528857960000,1528858019000,83.629,83.631,83.625,83.63,33810000,1
1528858020000,1528858079000,83.629,83.648,83.628,83.64,30530000,1
1528858080000,1528858139000,83.638,83.648,83.637,83.648,75890000,1
1528858140000,1528858199000,83.648,83.648,83.635,83.635,42320000,1
1528858200000,1528858259000,83.635,83.641,83.635,83.64,23580000,1
1528858260000,1528858319000,83.642,83.649,83.642,83.648,29530000,1
1528858320000,1528858379000,83.647,83.652,83.647,83.652,22110000,1
1528858380000,1528858439000,83.652,83.67,83.652,83.67,56170000,1
1528858440000,1528858499000,83.669,83.67,83.666,83.668,25500000,1
1528858500000,1528858559000,83.667,83.674,83.667,83.674,41610000,1
1528858560000,1528858619000,83.677,83.685,83.677,83.679,35800000,1
1528858620000,1528858679000,83.679,83.68,83.668,83.668,50770000,1
1528858680000,1528858739000,83.668,83.669,83.664,83.668,38980000,1
1528858740000,1528858799000,83.666,83.672,83.661,83.663,55970000,1
1528858800000,1528858859000,83.662,83.666,83.658,83.666,43330000,1
1528858860000,1528858919000,83.665,83.665,83.659,83.663,37250000,1
1528858920000,1528858979000,83.664,83.665,83.655,83.656,28150000,1
1528858980000,1528859039000,83.655,83.672,83.654,83.671,33940000,1
1528859040000,1528859099000,83.671,83.671,83.671,83.671,0,1
1528859100000,1528859159000,83.672,83.674,83.663,83.674,41350000,1
1528859160000,1528859219000,83.676,83.678,83.673,83.677,41090000,1
1528859220000,1528859279000,83.678,83.681,83.673,83.673,43490000,1
1528859280000,1528859339000,83.672,83.68,83.672,83.68,17720000,1
1528859340000,1528859399000,83.68,83.689,83.679,83.689,39030000,1
1528859400000,1528859459000,83.691,83.691,83.687,83.69,49940000,1
1528859460000,1528859519000,83.69,83.697,83.689,83.696,77650000,1
1528859520000,1528859579000,83.696,83.699,83.695,83.699,51870000,1
1528859580000,1528859639000,83.7,83.703,83.699,83.702,26240000,1
1528859640000,1528859699000,83.702,83.709,83.702,83.707,28320000,1
1528859700000,1528859759000,83.707,83.709,83.7,83.709,77920000,1
1528859760000,1528859819000,83.709,83.717,83.704,83.711,59030000,1
1528859820000,1528859879000,83.709,83.714,83.708,83.712,35720000,1
1528859880000,1528859939000,83.711,83.712,83.709,83.711,31740000,1
1528859940000,1528859999000,83.712,83.713,83.705,83.706,26490000,1
1528860000000,1528860059000,83.708,83.709,83.659,83.661,102240000,1
1528860060000,1528860119000,83.662,83.662,83.623,83.628,96320000,1
1528860120000,1528860179000,83.628,83.635,83.617,83.634,62790000,1
1528860180000,1528860239000,83.633,83.642,83.631,83.634,58220000,1
1528860240000,1528860299000,83.635,83.636,83.629,83.629,20070000,1
1528860300000,1528860359000,83.629,83.647,83.629,83.643,54250000,1
1528860360000,1528860419000,83.644,83.656,83.639,83.656,36190000,1
1528860420000,1528860479000,83.655,83.679,83.654,83.67,83290000,1
1528860480000,1528860539000,83.67,83.689,83.67,83.683,37360000,1
1528860540000,1528860599000,83.684,83.69,83.674,83.674,79610000,1
1528860600000,1528860659000,83.674,83.678,83.65,83.65,78170000,1
1528860660000,1528860719000,83.65,83.661,83.65,83.66,38880000,1
1528860720000,1528860779000,83.659,83.667,83.659,83.666,26520000,1
1528860780000,1528860839000,83.666,83.671,83.657,83.669,75140000,1
1528860840000,1528860899000,83.669,83.68,83.667,83.678,53350000,1
1528860900000,1528860959000,83.678,83.685,83.677,83.685,68410000,1
1528860960000,1528861019000,83.685,83.691,83.685,83.69,30370000,1
1528861020000,1528861079000,83.692,83.716,83.692,83.709,89680000,1
1528861080000,1528861139000,83.71,83.721,83.704,83.72,65820000,1
1528861140000,1528861199000,83.719,83.719,83.699,83.699,38000000,1
1528861200000,1528861259000,83.698,83.7,83.691,83.7,25560000,1
1528861260000,1528861319000,83.703,83.721,83.703,83.715,43620000,1
1528861320000,1528861379000,83.717,83.721,83.715,83.721,18560000,1
1528861380000,1528861439000,83.722,83.723,83.708,83.708,51560000,1
1528861440000,1528861499000,83.709,83.714,83.707,83.71,50010000,1
1528861500000,1528861559000,83.711,83.711,83.703,83.706,37990000,1
1528861560000,1528861619000,83.707,83.708,83.705,83.708,29320000,1
1528861620000,1528861679000,83.71,83.713,83.71,83.712,18030000,1
1528861680000,1528861739000,83.711,83.711,83.709,83.71,15180000,1
1528861740000,1528861799000,83.71,83.712,83.71,83.712,33610000,1
1528861800000,1528861859000,83.713,83.717,83.713,83.715,53170000,1
1528861860000,1528861919000,83.715,83.715,83.712,83.712,25070000,1
1528861920000,1528861979000,83.713,83.716,83.713,83.716,25120000,1
1528861980000,1528862039000,83.715,83.721,83.713,83.721,58690000,1
1528862040000,1528862099000,83.721,83.725,83.718,83.721,63010000,1
1528862100000,1528862159000,83.722,83.724,83.721,83.721,34690000,1
1528862160000,1528862219000,83.722,83.723,83.714,83.714,22880000,1
1528862220000,1528862279000,83.714,83.714,83.703,83.703,51640000,1
1528862280000,1528862339000,83.703,83.707,83.698,83.698,29980000,1
1528862340000,1528862399000,83.698,83.7,83.686,83.687,66150000,1
1528862400000,1528862459000,83.688,83.72,83.688,83.718,81540000,1
1528862460000,1528862519000,83.719,83.72,83.717,83.719,22230000,1
1528862520000,1528862579000,83.717,83.717,83.709,83.712,29450000,1
1528862580000,1528862639000,83.709,83.712,83.699,83.711,73290000,1
1528862640000,1528862699000,83.712,83.724,83.711,83.718,78650000,1
1528862700000,1528862759000,83.719,83.726,83.719,83.719,28370000,1
1528862760000,1528862819000,83.721,83.735,83.721,83.731,37170000,1
1528862820000,1528862879000,83.731,83.734,83.726,83.734,42500000,1
1528862880000,1528862939000,83.733,83.734,83.724,83.724,34740000,1
1528862940000,1528862999000,83.724,83.736,83.724,83.736,36710000,1
1528863000000,1528863059000,83.737,83.739,83.737,83.739,14490000,1
1528863060000,1528863119000,83.739,83.739,83.721,83.728,44950000,1
1528863120000,1528863179000,83.727,83.727,83.726,83.726,9360000,1
1528863180000,1528863239000,83.725,83.746,83.725,83.745,26050000,1
1528863240000,1528863299000,83.743,83.755,83.742,83.753,70140000,1
1528863300000,1528863359000,83.754,83.755,83.744,83.745,34130000,1
1528863360000,1528863419000,83.747,83.747,83.743,83.745,50270000,1
1528863420000,1528863479000,83.746,83.746,83.74,83.743,59410000,1
1528863480000,1528863539000,83.742,83.746,83.74,83.74,43890000,1
1528863540000,1528863599000,83.741,83.748,83.74,83.747,25550000,1
1528863600000,1528863659000,83.746,83.75,83.746,83.75,7670000,1
1528863660000,1528863719000,83.75,83.756,83.75,83.755,17870000,1
1528863720000,1528863779000,83.757,83.76,83.756,83.76,32630000,1
1528863780000,1528863839000,83.76,83.763,83.757,83.763,45250000,1
1528863840000,1528863899000,83.762,83.762,83.747,83.748,43630000,1
1528863900000,1528863959000,83.747,83.749,83.742,83.742,31130000,1
1528863960000,1528864019000,83.742,83.743,83.738,83.738,35870000,1
1528864020000,1528864079000,83.736,83.741,83.734,83.741,67620000,1
1528864080000,1528864139000,83.741,83.744,83.74,83.744,29380000,1
1528864140000,1528864199000,83.744,83.745,83.744,83.745,12930000,1
1528864200000,1528864259000,83.745,83.752,83.739,83.752,25920000,1
1528864260000,1528864319000,83.752,83.756,83.743,83.743,40700000,1
1528864320000,1528864379000,83.743,83.743,83.739,83.74,36700000,1
1528864380000,1528864439000,83.739,83.749,83.739,83.749,17540000,1
1528864440000,1528864499000,83.75,83.754,83.746,83.746,46560000,1
1528864500000,1528864559000,83.747,83.75,83.745,83.747,40080000,1
1528864560000,1528864619000,83.748,83.755,83.746,83.753,37840000,1
1528864620000,1528864679000,83.752,83.752,83.75,83.75,19990000,1
1528864680000,1528864739000,83.752,83.759,83.751,83.756,43990000,1
1528864740000,1528864799000,83.755,83.755,83.747,83.747,49620000,1
1528864800000,1528864859000,83.747,83.748,83.744,83.748,10880000,1
1528864860000,1528864919000,83.748,83.75,83.748,83.75,20240000,1
1528864920000,1528864979000,83.751,83.752,83.747,83.747,33090000,1
1528864980000,1528865039000,83.746,83.746,83.744,83.745,11250000,1
1528865040000,1528865099000,83.745,83.746,83.743,83.746,18490000,1
1528865100000,1528865159000,83.745,83.748,83.745,83.745,9370000,1
1528865160000,1528865219000,83.745,83.746,83.74,83.742,22680000,1
1528865220000,1528865279000,83.742,83.744,83.741,83.742,21170000,1
1528865280000,1528865339000,83.743,83.743,83.739,83.739,10930000,1
1528865340000,1528865399000,83.739,83.74,83.737,83.739,24750000,1
1528865400000,1528865459000,83.74,83.742,83.738,83.739,11610000,1
1528865460000,1528865519000,83.738,83.739,83.735,83.735,12870000,1
1528865520000,1528865579000,83.736,83.736,83.734,83.734,6940000,1
1528865580000,1528865639000,83.733,83.734,83.723,83.727,38550000,1
1528865640000,1528865699000,83.726,83.726,83.69,83.69,61640000,1
1528865700000,1528865759000,83.69,83.71,83.69,83.71,44760000,1
1528865760000,1528865819000,83.711,83.711,83.705,83.71,34410000,1
1528865820000,1528865879000,83.712,83.713,83.7,83.704,41040000,1
1528865880000,1528865939000,83.705,83.705,83.7,83.7,17120000,1
1528865940000,1528865999000,83.7,83.741,83.7,83.738,102280000,1
1528866000000,1528866059000,83.739,83.767,83.737,83.758,142540000,1
1528866060000,1528866119000,83.759,83.774,83.755,83.768,74630000,1
1528866120000,1528866179000,83.768,83.768,83.738,83.739,72310000,1
1528866180000,1528866239000,83.739,83.742,83.735,83.738,40650000,1
1528866240000,1528866299000,83.739,83.739,83.735,83.737,39320000,1
1528866300000,1528866359000,83.737,83.737,83.726,83.73,38370000,1
1528866360000,1528866419000,83.733,83.748,83.733,83.748,30460000,1
1528866420000,1528866479000,83.748,83.748,83.748,83.748,1000000,1
1528866480000,1528866539000,83.748,83.752,83.748,83.75,16130000,1
1528866540000,1528866599000,83.752,83.752,83.748,83.749,18750000,1
1528866600000,1528866659000,83.75,83.764,83.742,83.763,80720000,1
1528866660000,1528866719000,83.763,83.771,83.763,83.771,58220000,1
1528866720000,1528866779000,83.771,83.773,83.753,83.754,61780000,1
1528866780000,1528866839000,83.754,83.761,83.754,83.758,73150000,1
1528866840000,1528866899000,83.759,83.769,83.753,83.768,87080000,1
1528866900000,1528866959000,83.769,83.781,83.768,83.771,89600000,1
1528866960000,1528867019000,83.771,83.773,83.751,83.753,63070000,1
1528867020000,1528867079000,83.751,83.753,83.749,83.751,58580000,1
1528867080000,1528867139000,83.751,83.754,83.751,83.753,17810000,1
1528867140000,1528867199000,83.753,83.754,83.753,83.753,6180000,1
1528867200000,1528867259000,83.752,83.775,83.752,83.773,59790000,1
1528867260000,1528867319000,83.771,83.774,83.766,83.768,72090000,1
1528867320000,1528867379000,83.767,83.77,83.766,83.766,78270000,1
1528867380000,1528867439000,83.767,83.79,83.767,83.789,70560000,1
1528867440000,1528867499000,83.788,83.794,83.769,83.774,108010000,1
1528867500000,1528867559000,83.773,83.786,83.772,83.786,69740000,1
1528867560000,1528867619000,83.786,83.786,83.776,83.776,58920000,1
1528867620000,1528867679000,83.777,83.777,83.766,83.767,59920000,1
1528867680000,1528867739000,83.768,83.768,83.756,83.756,30120000,1
1528867740000,1528867799000,83.755,83.767,83.755,83.762,90150000,1
1528867800000,1528867859000,83.762,83.762,83.751,83.76,50210000,1
1528867860000,1528867919000,83.76,83.76,83.737,83.746,67140000,1
1528867920000,1528867979000,83.747,83.755,83.745,83.755,35550000,1
1528867980000,1528868039000,83.754,83.765,83.754,83.756,71170000,1
1528868040000,1528868099000,83.756,83.756,83.748,83.753,47120000,1
1528868100000,1528868159000,83.752,83.753,83.741,83.741,47430000,1
1528868160000,1528868219000,83.742,83.744,83.729,83.729,46470000,1
1528868220000,1528868279000,83.729,83.73,83.724,83.729,45480000,1
1528868280000,1528868339000,83.729,83.738,83.729,83.73,47650000,1
1528868340000,1528868399000,83.732,83.744,83.727,83.743,48180000,1
1528868400000,1528868459000,83.742,83.749,83.739,83.748,68430000,1
1528868460000,1528868519000,83.749,83.751,83.747,83.75,55820000,1
1528868520000,1528868579000,83.75,83.751,83.744,83.744,42920000,1
1528868580000,1528868639000,83.744,83.748,83.741,83.745,40080000,1
1528868640000,1528868699000,83.745,83.748,83.734,83.736,52220000,1
1528868700000,1528868759000,83.735,83.75,83.735,83.745,57350000,1
1528868760000,1528868819000,83.746,83.753,83.743,83.753,38680000,1
1528868820000,1528868879000,83.754,83.755,83.746,83.752,76750000,1
1528868880000,1528868939000,83.751,83.756,83.745,83.747,78630000,1
1528868940000,1528868999000,83.747,83.752,83.744,83.744,47030000,1
1528869000000,1528869059000,83.745,83.752,83.741,83.751,47600000,1
1528869060000,1528869119000,83.75,83.755,83.75,83.753,33620000,1
1528869120000,1528869179000,83.752,83.752,83.744,83.744,54290000,1
1528869180000,1528869239000,83.745,83.746,83.734,83.74,50390000,1
1528869240000,1528869299000,83.738,83.738,83.735,83.735,16370000,1
1528869300000,1528869359000,83.735,83.738,83.732,83.732,25730000,1
1528869360000,1528869419000,83.732,83.745,83.729,83.729,39540000,1
1528869420000,1528869479000,83.728,83.732,83.727,83.73,18990000,1
1528869480000,1528869539000,83.731,83.743,83.731,83.743,66710000,1
1528869540000,1528869599000,83.742,83.743,83.73,83.736,54340000,1
1528869600000,1528869659000,83.737,83.754,83.736,83.748,73990000,1
1528869660000,1528869719000,83.748,83.75,83.744,83.745,56190000,1
1528869720000,1528869779000,83.744,83.748,83.74,83.743,39390000,1
1528869780000,1528869839000,83.743,83.749,83.743,83.745,23160000,1
1528869840000,1528869899000,83.747,83.754,83.746,83.75,67780000,1
1528869900000,1528869959000,83.75,83.754,83.741,83.741,78180000,1
1528869960000,1528870019000,83.742,83.744,83.735,83.739,114710000,1
1528870020000,1528870079000,83.738,83.741,83.723,83.723,119360000,1
1528870080000,1528870139000,83.724,83.726,83.716,83.722,68060000,1
1528870140000,1528870199000,83.721,83.726,83.714,83.722,79140000,1
1528870200000,1528870259000,83.722,83.722,83.703,83.708,93090000,1
1528870260000,1528870319000,83.708,83.714,83.706,83.713,48170000,1
1528870320000,1528870379000,83.712,83.715,83.704,83.708,71620000,1
1528870380000,1528870439000,83.709,83.713,83.709,83.713,32120000,1
1528870440000,1528870499000,83.714,83.714,83.702,83.702,79430000,1
1528870500000,1528870559000,83.701,83.701,83.688,83.694,99900000,1
1528870560000,1528870619000,83.693,83.695,83.685,83.694,84490000,1
1528870620000,1528870679000,83.694,83.696,83.683,83.687,71260000,1
1528870680000,1528870739000,83.687,83.687,83.658,83.66,117590000,1
1528870740000,1528870799000,83.658,83.676,83.65,83.675,95120000,1
1528870800000,1528870859000,83.674,83.674,83.65,83.664,135740000,1
1528870860000,1528870919000,83.664,83.677,83.663,83.671,86220000,1
1528870920000,1528870979000,83.671,83.674,83.648,83.649,82520000,1
1528870980000,1528871039000,83.652,83.658,83.647,83.653,65680000,1
1528871040000,1528871099000,83.654,83.656,83.65,83.65,51880000,1
1528871100000,1528871159000,83.651,83.669,83.651,83.66,73580000,1
1528871160000,1528871219000,83.659,83.66,83.646,83.654,105540000,1
1528871220000,1528871279000,83.655,83.659,83.65,83.654,56870000,1
1528871280000,1528871339000,83.654,83.656,83.629,83.635,90910000,1
1528871340000,1528871399000,83.635,83.642,83.631,83.642,116960000,1
1528871400000,1528871459000,83.644,83.648,83.628,83.642,106360000,1
1528871460000,1528871519000,83.641,83.648,83.628,83.646,134240000,1
1528871520000,1528871579000,83.645,83.647,83.615,83.616,112350000,1
1528871580000,1528871639000,83.615,83.62,83.604,83.607,113420000,1
1528871640000,1528871699000,83.605,83.622,83.603,83.619,116350000,1
1528871700000,1528871759000,83.618,83.633,83.616,83.633,93960000,1
1528871760000,1528871819000,83.63,83.63,83.616,83.622,63320000,1
1528871820000,1528871879000,83.622,83.622,83.609,83.615,75160000,1
1528871880000,1528871939000,83.619,83.623,83.617,83.618,68230000,1
1528871940000,1528871999000,83.62,83.65,83.62,83.647,96780000,1
1528872000000,1528872059000,83.647,83.648,83.636,83.642,89860000,1
1528872060000,1528872119000,83.643,83.659,83.643,83.659,62770000,1
1528872120000,1528872179000,83.659,83.659,83.645,83.645,63070000,1
1528872180000,1528872239000,83.646,83.658,83.646,83.648,100750000,1
1528872240000,1528872299000,83.647,83.675,83.647,83.675,56200000,1
1528872300000,1528872359000,83.676,83.676,83.667,83.667,54510000,1
1528872360000,1528872419000,83.668,83.682,83.667,83.681,75110000,1
1528872420000,1528872479000,83.68,83.698,83.678,83.696,65320000,1
1528872480000,1528872539000,83.698,83.712,83.687,83.69,108520000,1
1528872540000,1528872599000,83.689,83.698,83.685,83.697,110530000,1
1528872600000,1528872659000,83.696,83.701,83.694,83.698,58850000,1
1528872660000,1528872719000,83.699,83.706,83.698,83.7,63890000,1
1528872720000,1528872779000,83.703,83.707,83.703,83.706,28450000,1
1528872780000,1528872839000,83.703,83.703,83.68,83.683,100360000,1
1528872840000,1528872899000,83.683,83.686,83.67,83.682,112190000,1
1528872900000,1528872959000,83.682,83.682,83.64,83.668,177340000,1
1528872960000,1528873019000,83.67,83.676,83.667,83.675,123960000,1
1528873020000,1528873079000,83.675,83.69,83.664,83.685,101730000,1
1528873080000,1528873139000,83.685,83.699,83.684,83.697,117490000,1
1528873140000,1528873199000,83.697,83.702,83.694,83.694,73640000,1
1528873200000,1528873259000,83.694,83.722,83.694,83.72,136310000,1
1528873260000,1528873319000,83.719,83.768,83.719,83.738,176060000,1
1528873320000,1528873379000,83.737,83.739,83.729,83.733,116070000,1
1528873380000,1528873439000,83.73,83.734,83.722,83.727,95540000,1
1528873440000,1528873499000,83.727,83.727,83.709,83.718,78290000,1
1528873500000,1528873559000,83.717,83.718,83.706,83.713,84660000,1
1528873560000,1528873619000,83.71,83.727,83.71,83.726,61360000,1
1528873620000,1528873679000,83.727,83.736,83.72,83.721,92370000,1
1528873680000,1528873739000,83.721,83.731,83.716,83.717,65140000,1
1528873740000,1528873799000,83.718,83.73,83.716,83.723,95760000,1
1528873800000,1528873859000,83.723,83.73,83.721,83.725,116800000,1
1528873860000,1528873919000,83.724,83.736,83.724,83.731,75690000,1
1528873920000,1528873979000,83.733,83.733,83.701,83.705,105200000,1
1528873980000,1528874039000,83.705,83.728,83.705,83.728,78340000,1
1528874040000,1528874099000,83.727,83.73,83.722,83.727,47930000,1
1528874100000,1528874159000,83.728,83.728,83.701,83.708,123800000,1
1528874160000,1528874219000,83.708,83.726,83.705,83.716,114050000,1
1528874220000,1528874279000,83.716,83.723,83.714,83.723,55980000,1
1528874280000,1528874339000,83.724,83.724,83.715,83.72,60310000,1
1528874340000,1528874399000,83.719,83.724,83.717,83.724,55010000,1
1528874400000,1528874459000,83.725,83.731,83.718,83.718,85120000,1
1528874460000,1528874519000,83.717,83.721,83.704,83.704,87710000,1
1528874520000,1528874579000,83.703,83.705,83.682,83.701,122550000,1
1528874580000,1528874639000,83.7,83.712,83.699,83.702,66270000,1
1528874640000,1528874699000,83.701,83.701,83.693,83.693,67960000,1
1528874700000,1528874759000,83.692,83.693,83.679,83.68,49530000,1
1528874760000,1528874819000,83.68,83.695,83.678,83.683,75380000,1
1528874820000,1528874879000,83.681,83.695,83.675,83.681,132500000,1
1528874880000,1528874939000,83.679,83.681,83.667,83.678,133420000,1
1528874940000,1528874999000,83.678,83.68,83.674,83.676,74180000,1
1528875000000,1528875059000,83.676,83.683,83.669,83.679,63390000,1
1528875060000,1528875119000,83.679,83.693,83.679,83.692,51950000,1
1528875120000,1528875179000,83.692,83.699,83.692,83.698,56560000,1
1528875180000,1528875239000,83.698,83.703,83.678,83.687,104320000,1
1528875240000,1528875299000,83.686,83.709,83.685,83.69,122820000,1
1528875300000,1528875359000,83.69,83.691,83.675,83.675,99590000,1
1528875360000,1528875419000,83.676,83.678,83.672,83.677,70290000,1
1528875420000,1528875479000,83.676,83.684,83.675,83.678,61000000,1
1528875480000,1528875539000,83.678,83.693,83.676,83.692,50540000,1
1528875540000,1528875599000,83.692,83.692,83.685,83.685,60740000,1
1528875600000,1528875659000,83.685,83.686,83.676,83.676,57660000,1
1528875660000,1528875719000,83.676,83.686,83.675,83.686,31690000,1
1528875720000,1528875779000,83.683,83.683,83.674,83.678,39060000,1
1528875780000,1528875839000,83.679,83.69,83.668,83.687,99800000,1
1528875840000,1528875899000,83.686,83.689,83.683,83.687,80880000,1
1528875900000,1528875959000,83.687,83.704,83.681,83.687,93600000,1
1528875960000,1528876019000,83.688,83.693,83.678,83.693,105200000,1
1528876020000,1528876079000,83.693,83.697,83.691,83.691,43100000,1
1528876080000,1528876139000,83.691,83.699,83.691,83.694,103980000,1
1528876140000,1528876199000,83.694,83.699,83.69,83.696,77490000,1
1528876200000,1528876259000,83.695,83.701,83.69,83.691,65510000,1
1528876260000,1528876319000,83.692,83.696,83.679,83.679,40500000,1
1528876320000,1528876379000,83.68,83.688,83.67,83.688,108440000,1
1528876380000,1528876439000,83.688,83.693,83.685,83.691,99040000,1
1528876440000,1528876499000,83.692,83.696,83.689,83.689,34390000,1
1528876500000,1528876559000,83.69,83.693,83.677,83.68,55580000,1
1528876560000,1528876619000,83.68,83.683,83.673,83.677,76660000,1
1528876620000,1528876679000,83.68,83.702,83.68,83.691,91020000,1
1528876680000,1528876739000,83.691,83.706,83.691,83.698,77640000,1
1528876740000,1528876799000,83.699,83.718,83.699,83.711,130310000,1
1528876800000,1528876859000,83.712,83.747,83.712,83.746,123670000,1
1528876860000,1528876919000,83.746,83.759,83.746,83.758,109950000,1
1528876920000,1528876979000,83.755,83.763,83.744,83.744,93780000,1
1528876980000,1528877039000,83.742,83.742,83.728,83.735,108230000,1
1528877040000,1528877099000,83.735,83.735,83.712,83.722,106760000,1
1528877100000,1528877159000,83.721,83.723,83.706,83.71,84680000,1
1528877160000,1528877219000,83.71,83.71,83.69,83.693,119200000,1
1528877220000,1528877279000,83.694,83.7,83.693,83.696,110310000,1
1528877280000,1528877339000,83.696,83.702,83.674,83.702,121440000,1
1528877340000,1528877399000,83.703,83.71,83.684,83.699,107570000,1
1528877400000,1528877459000,83.701,83.728,83.7,83.723,182580000,1
1528877460000,1528877519000,83.723,83.724,83.704,83.705,135960000,1
1528877520000,1528877579000,83.705,83.724,83.697,83.722,134290000,1
1528877580000,1528877639000,83.721,83.732,83.716,83.727,97740000,1
1528877640000,1528877699000,83.727,83.742,83.726,83.741,90180000,1
1528877700000,1528877759000,83.741,83.741,83.726,83.737,81690000,1
1528877760000,1528877819000,83.737,83.742,83.737,83.741,37720000,1
1528877820000,1528877879000,83.74,83.741,83.717,83.741,133370000,1
1528877880000,1528877939000,83.739,83.74,83.733,83.736,56710000,1
1528877940000,1528877999000,83.734,83.741,83.721,83.733,95810000,1
1528878000000,1528878059000,83.733,83.734,83.718,83.724,98570000,1
1528878060000,1528878119000,83.723,83.73,83.715,83.73,99810000,1
1528878120000,1528878179000,83.731,83.739,83.721,83.736,107330000,1
1528878180000,1528878239000,83.738,83.74,83.725,83.73,85390000,1
1528878240000,1528878299000,83.73,83.73,83.72,83.722,113360000,1
1528878300000,1528878359000,83.723,83.725,83.718,83.722,72990000,1
1528878360000,1528878419000,83.722,83.724,83.717,83.719,77580000,1
1528878420000,1528878479000,83.719,83.741,83.696,83.698,135990000,1
1528878480000,1528878539000,83.701,83.74,83.701,83.74,114600000,1
1528878540000,1528878599000,83.74,83.742,83.727,83.727,111530000,1
1528878600000,1528878659000,83.726,83.737,83.722,83.734,105950000,1
1528878660000,1528878719000,83.733,83.742,83.728,83.73,83490000,1
1528878720000,1528878779000,83.731,83.738,83.715,83.735,56700000,1
1528878780000,1528878839000,83.735,83.752,83.73,83.747,69040000,1
1528878840000,1528878899000,83.747,83.774,83.745,83.767,102450000,1
1528878900000,1528878959000,83.767,83.773,83.766,83.768,79090000,1
1528878960000,1528879019000,83.769,83.771,83.759,83.764,70360000,1
1528879020000,1528879079000,83.766,83.767,83.759,83.759,74780000,1
1528879080000,1528879139000,83.76,83.768,83.757,83.76,112090000,1
1528879140000,1528879199000,83.759,83.767,83.753,83.765,123850000,1
1528879200000,1528879259000,83.766,83.784,83.764,83.784,74120000,1
1528879260000,1528879319000,83.785,83.785,83.774,83.779,57590000,1
1528879320000,1528879379000,83.777,83.803,83.777,83.803,94910000,1
1528879380000,1528879439000,83.804,83.804,83.797,83.799,92500000,1
1528879440000,1528879499000,83.799,83.81,83.799,83.807,115760000,1
1528879500000,1528879559000,83.807,83.81,83.796,83.802,99730000,1
1528879560000,1528879619000,83.803,83.813,83.798,83.812,117540000,1
1528879620000,1528879679000,83.81,83.815,83.807,83.814,51330000,1
1528879680000,1528879739000,83.813,83.813,83.806,83.807,75080000,1
1528879740000,1528879799000,83.806,83.807,83.798,83.798,78970000,1
1528879800000,1528879859000,83.799,83.806,83.796,83.798,67600000,1
1528879860000,1528879919000,83.798,83.801,83.794,83.799,80630000,1
1528879920000,1528879979000,83.798,83.804,83.791,83.791,110630000,1
1528879980000,1528880039000,83.791,83.807,83.787,83.806,87470000,1
1528880040000,1528880099000,83.808,83.818,83.806,83.812,96180000,1
1528880100000,1528880159000,83.811,83.811,83.782,83.788,111880000,1
1528880160000,1528880219000,83.786,83.8,83.785,83.785,75020000,1
1528880220000,1528880279000,83.785,83.79,83.784,83.787,62500000,1
1528880280000,1528880339000,83.789,83.801,83.786,83.801,70830000,1
1528880340000,1528880399000,83.801,83.815,83.801,83.812,82560000,1
1528880400000,1528880459000,83.812,83.848,83.812,83.838,134060000,1
1528880460000,1528880519000,83.838,83.843,83.838,83.84,100940000,1
1528880520000,1528880579000,83.841,83.856,83.84,83.854,113960000,1
1528880580000,1528880639000,83.854,83.856,83.842,83.843,58050000,1
1528880640000,1528880699000,83.841,83.844,83.836,83.838,76160000,1
1528880700000,1528880759000,83.839,83.839,83.812,83.82,112630000,1
1528880760000,1528880819000,83.82,83.831,83.819,83.825,100330000,1
1528880820000,1528880879000,83.824,83.835,83.819,83.819,103180000,1
1528880880000,1528880939000,83.819,83.819,83.809,83.815,81950000,1
1528880940000,1528880999000,83.816,83.839,83.815,83.834,59670000,1
1528881000000,1528881059000,83.834,83.844,83.833,83.835,63420000,1
1528881060000,1528881119000,83.835,83.844,83.835,83.843,34680000,1
1528881120000,1528881179000,83.843,83.843,83.837,83.84,21500000,1
1528881180000,1528881239000,83.841,83.849,83.841,83.843,23620000,1
1528881240000,1528881299000,83.841,83.841,83.82,83.825,71520000,1
1528881300000,1528881359000,83.83,83.836,83.825,83.834,59090000,1
1528881360000,1528881419000,83.834,83.834,83.811,83.812,63880000,1
1528881420000,1528881479000,83.811,83.812,83.802,83.803,82890000,1
1528881480000,1528881539000,83.805,83.81,83.801,83.801,80110000,1
1528881540000,1528881599000,83.802,83.812,83.801,83.807,80400000,1
1528881600000,1528881659000,83.807,83.836,83.802,83.831,97600000,1
1528881660000,1528881719000,83.827,83.83,83.81,83.811,68840000,1
1528881720000,1528881779000,83.812,83.819,83.804,83.811,54840000,1
1528881780000,1528881839000,83.811,83.812,83.79,83.804,90870000,1
1528881840000,1528881899000,83.803,83.868,83.803,83.852,191210000,1
1528881900000,1528881959000,83.852,83.86,83.839,83.839,124000000,1
1528881960000,1528882019000,83.837,83.837,83.817,83.824,117290000,1
1528882020000,1528882079000,83.824,83.826,83.809,83.817,128470000,1
1528882080000,1528882139000,83.817,83.822,83.812,83.818,112880000,1
1528882140000,1528882199000,83.816,83.818,83.807,83.811,73490000,1
1528882200000,1528882259000,83.811,83.822,83.798,83.803,139850000,1
1528882260000,1528882319000,83.804,83.83,83.802,83.823,125780000,1
1528882320000,1528882379000,83.823,83.826,83.807,83.821,108160000,1
1528882380000,1528882439000,83.821,83.83,83.804,83.804,82160000,1
1528882440000,1528882499000,83.807,83.815,83.794,83.794,115490000,1
1528882500000,1528882559000,83.796,83.8,83.795,83.8,73860000,1
1528882560000,1528882619000,83.801,83.815,83.8,83.805,67240000,1
1528882620000,1528882679000,83.805,83.805,83.792,83.805,77560000,1
1528882680000,1528882739000,83.807,83.81,83.796,83.802,99610000,1
1528882740000,1528882799000,83.802,83.818,83.791,83.805,178170000,1
1528882800000,1528882859000,83.805,83.805,83.797,83.798,127820000,1
1528882860000,1528882919000,83.798,83.805,83.792,83.797,95140000,1
1528882920000,1528882979000,83.798,83.805,83.793,83.794,74030000,1
1528882980000,1528883039000,83.796,83.808,83.796,83.808,20610000,1
1528883040000,1528883099000,83.805,83.825,83.803,83.813,96910000,1
1528883100000,1528883159000,83.815,83.829,83.81,83.829,76660000,1
1528883160000,1528883219000,83.829,83.838,83.828,83.831,106600000,1
1528883220000,1528883279000,83.83,83.831,83.826,83.828,89220000,1
1528883280000,1528883339000,83.829,83.836,83.825,83.825,55340000,1
1528883340000,1528883399000,83.825,83.844,83.824,83.842,82130000,1
1528883400000,1528883459000,83.841,83.848,83.824,83.844,118060000,1
1528883460000,1528883519000,83.844,83.87,83.84,83.867,135140000,1
1528883520000,1528883579000,83.868,83.896,83.867,83.892,161340000,1
1528883580000,1528883639000,83.888,83.897,83.874,83.875,183020000,1
1528883640000,1528883699000,83.874,83.877,83.842,83.843,106790000,1
1528883700000,1528883759000,83.842,83.851,83.842,83.842,104310000,1
1528883760000,1528883819000,83.844,83.845,83.819,83.82,103170000,1
1528883820000,1528883879000,83.821,83.833,83.821,83.833,57220000,1
1528883880000,1528883939000,83.832,83.843,83.829,83.829,74760000,1
1528883940000,1528883999000,83.829,83.839,83.823,83.823,76070000,1
1528884000000,1528884059000,83.825,83.873,83.825,83.872,147520000,1
1528884060000,1528884119000,83.871,83.872,83.847,83.85,69000000,1
1528884120000,1528884179000,83.85,83.856,83.845,83.847,95740000,1
1528884180000,1528884239000,83.847,83.85,83.822,83.823,86380000,1
1528884240000,1528884299000,83.823,83.839,83.821,83.837,113460000,1
1528884300000,1528884359000,83.838,83.838,83.818,83.82,149410000,1
1528884360000,1528884419000,83.821,83.83,83.814,83.83,99710000,1
1528884420000,1528884479000,83.829,83.833,83.821,83.826,102190000,1
1528884480000,1528884539000,83.827,83.834,83.823,83.823,85700000,1
1528884540000,1528884599000,83.825,83.829,83.821,83.825,94290000,1
1528884600000,1528884659000,83.824,83.839,83.824,83.827,80220000,1
1528884660000,1528884719000,83.826,83.832,83.824,83.829,91540000,1
1528884720000,1528884779000,83.829,83.838,83.827,83.829,55030000,1
1528884780000,1528884839000,83.829,83.84,83.825,83.825,59100000,1
1528884840000,1528884899000,83.824,83.831,83.815,83.827,103240000,1
1528884900000,1528884959000,83.828,83.872,83.827,83.872,109500000,1
1528884960000,1528885019000,83.872,83.879,83.857,83.879,147940000,1
1528885020000,1528885079000,83.878,83.881,83.858,83.858,101300000,1
1528885080000,1528885139000,83.859,83.86,83.83,83.835,132540000,1
1528885140000,1528885199000,83.834,83.851,83.832,83.848,88520000,1
1528885200000,1528885259000,83.851,83.861,83.851,83.859,113310000,1
1528885260000,1528885319000,83.856,83.868,83.844,83.865,66540000,1
1528885320000,1528885379000,83.865,83.875,83.837,83.838,115710000,1
1528885380000,1528885439000,83.839,83.842,83.83,83.838,91720000,1
1528885440000,1528885499000,83.836,83.844,83.827,83.843,92160000,1
1528885500000,1528885559000,83.848,83.855,83.84,83.848,115230000,1
1528885560000,1528885619000,83.848,83.854,83.837,83.849,103620000,1
1528885620000,1528885679000,83.848,83.848,83.835,83.835,100310000,1
1528885680000,1528885739000,83.835,83.835,83.823,83.827,79640000,1
1528885740000,1528885799000,83.825,83.825,83.821,83.822,48960000,1
1528885800000,1528885859000,83.823,83.844,83.823,83.832,69200000,1
1528885860000,1528885919000,83.832,83.833,83.818,83.82,79380000,1
1528885920000,1528885979000,83.82,83.821,83.812,83.816,70970000,1
1528885980000,1528886039000,83.815,83.819,83.81,83.819,39940000,1
1528886040000,1528886099000,83.818,83.832,83.813,83.832,84650000,1
1528886100000,1528886159000,83.83,83.831,83.821,83.829,81880000,1
1528886160000,1528886219000,83.829,83.832,83.826,83.829,74020000,1
1528886220000,1528886279000,83.829,83.829,83.806,83.811,50170000,1
1528886280000,1528886339000,83.811,83.822,83.81,83.822,30420000,1
1528886340000,1528886399000,83.822,83.823,83.812,83.812,65230000,1
1528886400000,1528886459000,83.811,83.816,83.808,83.809,50890000,1
1528886460000,1528886519000,83.81,83.839,83.81,83.835,113680000,1
1528886520000,1528886579000,83.835,83.835,83.819,83.819,79770000,1
1528886580000,1528886639000,83.818,83.828,83.808,83.808,123850000,1
1528886640000,1528886699000,83.812,83.823,83.804,83.804,133420000,1
1528886700000,1528886759000,83.804,83.804,83.793,83.793,108910000,1
1528886760000,1528886819000,83.793,83.805,83.793,83.796,88870000,1
1528886820000,1528886879000,83.795,83.798,83.793,83.797,30370000,1
1528886880000,1528886939000,83.798,83.802,83.794,83.801,73260000,1
1528886940000,1528886999000,83.801,83.801,83.783,83.79,74240000,1
1528887000000,1528887059000,83.791,83.792,83.785,83.789,55210000,1
1528887060000,1528887119000,83.789,83.797,83.787,83.787,69320000,1
1528887120000,1528887179000,83.787,83.788,83.785,83.786,31780000,1
1528887180000,1528887239000,83.783,83.785,83.771,83.784,61600000,1
1528887240000,1528887299000,83.785,83.794,83.785,83.789,39110000,1
1528887300000,1528887359000,83.788,83.803,83.788,83.8,55280000,1
1528887360000,1528887419000,83.8,83.8,83.788,83.795,58480000,1
1528887420000,1528887479000,83.794,83.8,83.792,83.798,47590000,1
1528887480000,1528887539000,83.798,83.818,83.794,83.818,59890000,1
1528887540000,1528887599000,83.818,83.824,83.815,83.823,66890000,1
1528887600000,1528887659000,83.823,83.824,83.807,83.809,89410000,1
1528887660000,1528887719000,83.809,83.826,83.809,83.818,78300000,1
1528887720000,1528887779000,83.818,83.824,83.818,83.823,88690000,1
1528887780000,1528887839000,83.823,83.837,83.818,83.821,112100000,1
1528887840000,1528887899000,83.821,83.83,83.813,83.813,143930000,1
1528887900000,1528887959000,83.815,83.819,83.8,83.808,115740000,1
1528887960000,1528888019000,83.806,83.811,83.805,83.808,74630000,1
1528888020000,1528888079000,83.806,83.816,83.798,83.816,90470000,1
1528888080000,1528888139000,83.816,83.821,83.807,83.821,57840000,1
1528888140000,1528888199000,83.819,83.824,83.817,83.817,74760000,1
1528888200000,1528888259000,83.817,83.819,83.793,83.807,109300000,1
1528888260000,1528888319000,83.807,83.819,83.806,83.819,66010000,1
1528888320000,1528888379000,83.823,83.83,83.82,83.83,43840000,1
1528888380000,1528888439000,83.831,83.839,83.83,83.838,68980000,1
1528888440000,1528888499000,83.839,83.844,83.827,83.827,67200000,1
1528888500000,1528888559000,83.829,83.842,83.829,83.838,75020000,1
1528888560000,1528888619000,83.837,83.85,83.833,83.843,78390000,1
1528888620000,1528888679000,83.842,83.848,83.841,83.844,96010000,1
1528888680000,1528888739000,83.844,83.844,83.828,83.829,93100000,1
1528888740000,1528888799000,83.828,83.834,83.82,83.82,111420000,1
1528888800000,1528888859000,83.819,83.835,83.819,83.833,101430000,1
1528888860000,1528888919000,83.833,83.833,83.823,83.824,129930000,1
1528888920000,1528888979000,83.824,83.833,83.824,83.828,79280000,1
1528888980000,1528889039000,83.827,83.829,83.817,83.819,66230000,1
1528889040000,1528889099000,83.818,83.819,83.808,83.811,54200000,1
1528889100000,1528889159000,83.811,83.818,83.811,83.816,80880000,1
1528889160000,1528889219000,83.817,83.827,83.817,83.824,51090000,1
1528889220000,1528889279000,83.822,83.826,83.814,83.821,60130000,1
1528889280000,1528889339000,83.822,83.83,83.819,83.83,63700000,1
1528889340000,1528889399000,83.832,83.838,83.815,83.816,82790000,1
1528889400000,1528889459000,83.816,83.827,83.816,83.827,97480000,1
1528889460000,1528889519000,83.827,83.831,83.826,83.829,61920000,1
1528889520000,1528889579000,83.828,83.828,83.809,83.809,52580000,1
1528889580000,1528889639000,83.809,83.815,83.805,83.814,58950000,1
1528889640000,1528889699000,83.814,83.823,83.814,83.822,54230000,1
1528889700000,1528889759000,83.82,83.824,83.814,83.819,65690000,1
1528889760000,1528889819000,83.819,83.826,83.816,83.821,36500000,1
1528889820000,1528889879000,83.82,83.823,83.817,83.818,61660000,1
1528889880000,1528889939000,83.815,83.815,83.805,83.809,51220000,1
1528889940000,1528889999000,83.809,83.84,83.808,83.84,61230000,1
1528890000000,1528890059000,83.841,83.844,83.826,83.826,47500000,1
1528890060000,1528890119000,83.826,83.837,83.824,83.827,51020000,1
1528890120000,1528890179000,83.827,83.829,83.823,83.823,46710000,1
1528890180000,1528890239000,83.823,83.833,83.822,83.827,51220000,1
1528890240000,1528890299000,83.828,83.828,83.805,83.807,90420000,1
1528890300000,1528890359000,83.807,83.818,83.805,83.813,71830000,1
1528890360000,1528890419000,83.814,83.814,83.805,83.805,48600000,1
1528890420000,1528890479000,83.805,83.805,83.789,83.789,78250000,1
1528890480000,1528890539000,83.79,83.811,83.79,83.809,93940000,1
1528890540000,1528890599000,83.808,83.821,83.807,83.821,110220000,1
1528890600000,1528890659000,83.821,83.821,83.815,83.815,38540000,1
1528890660000,1528890719000,83.814,83.819,83.814,83.817,19720000,1
1528890720000,1528890779000,83.817,83.83,83.813,83.816,54780000,1
1528890780000,1528890839000,83.816,83.816,83.806,83.813,86060000,1
1528890840000,1528890899000,83.813,83.827,83.813,83.819,77710000,1
1528890900000,1528890959000,83.818,83.822,83.813,83.822,53220000,1
1528890960000,1528891019000,83.822,83.832,83.821,83.821,101150000,1
1528891020000,1528891079000,83.82,83.824,83.816,83.824,57090000,1
1528891080000,1528891139000,83.825,83.837,83.824,83.835,72890000,1
1528891140000,1528891199000,83.834,83.843,83.833,83.838,36540000,1
1528891200000,1528891259000,83.838,83.859,83.837,83.855,79910000,1
1528891260000,1528891319000,83.855,83.87,83.855,83.862,79280000,1
1528891320000,1528891379000,83.861,83.87,83.861,83.866,52920000,1
1528891380000,1528891439000,83.865,83.865,83.854,83.86,64710000,1
1528891440000,1528891499000,83.859,83.859,83.847,83.848,59310000,1
1528891500000,1528891559000,83.849,83.852,83.842,83.842,46220000,1
1528891560000,1528891619000,83.843,83.845,83.835,83.836,46170000,1
1528891620000,1528891679000,83.836,83.838,83.819,83.821,73960000,1
1528891680000,1528891739000,83.821,83.825,83.82,83.824,68180000,1
1528891740000,1528891799000,83.824,83.837,83.823,83.832,98350000,1
1528891800000,1528891859000,83.834,83.835,83.831,83.834,58320000,1
1528891860000,1528891919000,83.834,83.834,83.823,83.823,79990000,1
1528891920000,1528891979000,83.823,83.843,83.82,83.839,88950000,1
1528891980000,1528892039000,83.838,83.838,83.834,83.836,34650000,1
1528892040000,1528892099000,83.836,83.854,83.836,83.851,148300000,1
1528892100000,1528892159000,83.851,83.856,83.845,83.845,104800000,1
1528892160000,1528892219000,83.844,83.853,83.824,83.825,117210000,1
1528892220000,1528892279000,83.824,83.832,83.814,83.814,114460000,1
1528892280000,1528892339000,83.817,83.819,83.803,83.812,79450000,1
1528892340000,1528892399000,83.813,83.845,83.813,83.845,68480000,1
1528892400000,1528892459000,83.846,83.846,83.828,83.833,80750000,1
1528892460000,1528892519000,83.834,83.843,83.825,83.825,47410000,1
1528892520000,1528892579000,83.824,83.83,83.818,83.82,76870000,1
1528892580000,1528892639000,83.821,83.822,83.816,83.817,36280000,1
1528892640000,1528892699000,83.816,83.824,83.816,83.822,33430000,1
1528892700000,1528892759000,83.822,83.829,83.822,83.826,46220000,1
1528892760000,1528892819000,83.825,83.826,83.816,83.825,59670000,1
1528892820000,1528892879000,83.826,83.858,83.826,83.857,74680000,1
1528892880000,1528892939000,83.856,83.857,83.847,83.852,55730000,1
1528892940000,1528892999000,83.852,83.853,83.811,83.821,99380000,1
1528893000000,1528893059000,83.822,83.837,83.812,83.826,158190000,1
1528893060000,1528893119000,83.826,83.827,83.814,83.816,118620000,1
1528893120000,1528893179000,83.814,83.817,83.806,83.817,113660000,1
1528893180000,1528893239000,83.819,83.825,83.811,83.816,108040000,1
1528893240000,1528893299000,83.814,83.827,83.812,83.823,76600000,1
1528893300000,1528893359000,83.824,83.829,83.817,83.827,96150000,1
1528893360000,1528893419000,83.827,83.83,83.821,83.83,74190000,1
1528893420000,1528893479000,83.83,83.843,83.83,83.835,80550000,1
1528893480000,1528893539000,83.835,83.842,83.828,83.842,62990000,1
1528893540000,1528893599000,83.842,83.851,83.842,83.848,67840000,1
1528893600000,1528893659000,83.848,83.853,83.841,83.849,77670000,1
1528893660000,1528893719000,83.849,83.861,83.848,83.848,70700000,1
1528893720000,1528893779000,83.849,83.849,83.833,83.834,84900000,1
1528893780000,1528893839000,83.835,83.856,83.835,83.849,79330000,1
1528893840000,1528893899000,83.849,83.859,83.848,83.859,37780000,1
1528893900000,1528893959000,83.858,83.861,83.848,83.849,56790000,1
1528893960000,1528894019000,83.849,83.853,83.837,83.843,85220000,1
1528894020000,1528894079000,83.843,83.844,83.838,83.838,63960000,1
1528894080000,1528894139000,83.837,83.867,83.837,83.867,86130000,1
1528894140000,1528894199000,83.866,83.876,83.864,83.874,104480000,1
1528894200000,1528894259000,83.873,83.882,83.87,83.87,136210000,1
1528894260000,1528894319000,83.869,83.869,83.845,83.847,140710000,1
1528894320000,1528894379000,83.845,83.852,83.84,83.843,129760000,1
1528894380000,1528894439000,83.842,83.842,83.837,83.84,69220000,1
1528894440000,1528894499000,83.84,83.849,83.836,83.841,92130000,1
1528894500000,1528894559000,83.842,83.842,83.822,83.824,69920000,1
1528894560000,1528894619000,83.825,83.831,83.824,83.825,81870000,1
1528894620000,1528894679000,83.826,83.829,83.82,83.827,83960000,1
1528894680000,1528894739000,83.827,83.838,83.826,83.83,92130000,1
1528894740000,1528894799000,83.831,83.839,83.823,83.823,95890000,1
1528894800000,1528894859000,83.822,83.827,83.818,83.823,114120000,1
1528894860000,1528894919000,83.823,83.864,83.823,83.853,181960000,1
1528894920000,1528894979000,83.852,83.852,83.805,83.805,132720000,1
1528894980000,1528895039000,83.805,83.808,83.795,83.808,71730000,1
1528895040000,1528895099000,83.809,83.811,83.803,83.811,49560000,1
1528895100000,1528895159000,83.811,83.826,83.81,83.826,60790000,1
1528895160000,1528895219000,83.825,83.827,83.814,83.827,92810000,1
1528895220000,1528895279000,83.827,83.827,83.813,83.817,48220000,1
1528895280000,1528895339000,83.817,83.84,83.816,83.839,50340000,1
1528895340000,1528895399000,83.839,83.855,83.839,83.852,71540000,1
1528895400000,1528895459000,83.852,83.869,83.852,83.86,82630000,1
1528895460000,1528895519000,83.86,83.861,83.835,83.836,67100000,1
1528895520000,1528895579000,83.835,83.836,83.815,83.821,53110000,1
1528895580000,1528895639000,83.82,83.822,83.808,83.809,75130000,1
1528895640000,1528895699000,83.808,83.837,83.808,83.83,91130000,1
1528895700000,1528895759000,83.833,83.841,83.827,83.836,107630000,1
1528895760000,1528895819000,83.835,83.837,83.825,83.825,91730000,1
1528895820000,1528895879000,83.825,83.825,83.802,83.809,114090000,1
1528895880000,1528895939000,83.809,83.82,83.808,83.819,44110000,1
1528895940000,1528895999000,83.818,83.823,83.814,83.814,61280000,1
1528896000000,1528896059000,83.813,83.829,83.813,83.826,90020000,1
1528896060000,1528896119000,83.825,83.839,83.825,83.833,88220000,1
1528896120000,1528896179000,83.834,83.838,83.825,83.835,84810000,1
1528896180000,1528896239000,83.834,83.848,83.833,83.837,80260000,1
1528896240000,1528896299000,83.836,83.843,83.827,83.828,111050000,1
1528896300000,1528896359000,83.827,83.831,83.812,83.815,92810000,1
1528896360000,1528896419000,83.814,83.863,83.814,83.854,157270000,1
1528896420000,1528896479000,83.854,83.856,83.846,83.849,124060000,1
1528896480000,1528896539000,83.85,83.852,83.843,83.846,104110000,1
1528896540000,1528896599000,83.846,83.847,83.834,83.836,84770000,1
1528896600000,1528896659000,83.836,83.841,83.824,83.824,66490000,1
1528896660000,1528896719000,83.824,83.826,83.812,83.812,117300000,1
1528896720000,1528896779000,83.813,83.826,83.813,83.821,97250000,1
1528896780000,1528896839000,83.821,83.823,83.812,83.819,96270000,1
1528896840000,1528896899000,83.818,83.818,83.792,83.793,123490000,1
1528896900000,1528896959000,83.792,83.805,83.784,83.788,112000000,1
1528896960000,1528897019000,83.789,83.789,83.774,83.778,111590000,1
1528897020000,1528897079000,83.777,83.785,83.774,83.779,125480000,1
1528897080000,1528897139000,83.779,83.792,83.774,83.782,138720000,1
1528897140000,1528897199000,83.781,83.781,83.771,83.777,94780000,1
1528897200000,1528897259000,83.779,83.786,83.777,83.783,76810000,1
1528897260000,1528897319000,83.783,83.786,83.778,83.783,52700000,1
1528897320000,1528897379000,83.783,83.783,83.779,83.78,38730000,1
1528897380000,1528897439000,83.78,83.784,83.759,83.762,66530000,1
1528897440000,1528897499000,83.762,83.775,83.761,83.764,107260000,1
1528897500000,1528897559000,83.766,83.77,83.733,83.737,131180000,1
1528897560000,1528897619000,83.739,83.744,83.737,83.738,68100000,1
1528897620000,1528897679000,83.739,83.746,83.736,83.737,88960000,1
1528897680000,1528897739000,83.736,83.747,83.732,83.736,96790000,1
1528897740000,1528897799000,83.735,83.742,83.735,83.737,112260000,1
1528897800000,1528897859000,83.737,83.751,83.737,83.749,56420000,1
1528897860000,1528897919000,83.75,83.75,83.734,83.735,77230000,1
1528897920000,1528897979000,83.734,83.738,83.724,83.727,85940000,1
1528897980000,1528898039000,83.727,83.734,83.707,83.707,80320000,1
1528898040000,1528898099000,83.708,83.711,83.686,83.687,115190000,1
1528898100000,1528898159000,83.689,83.69,83.655,83.656,138930000,1
1528898160000,1528898219000,83.655,83.676,83.645,83.673,101580000,1
1528898220000,1528898279000,83.671,83.685,83.665,83.683,73890000,1
1528898280000,1528898339000,83.683,83.709,83.683,83.7,87780000,1
1528898340000,1528898399000,83.699,83.706,83.697,83.698,83880000,1
1528898400000,1528898459000,83.698,83.709,83.696,83.705,110530000,1
1528898460000,1528898519000,83.706,83.713,83.704,83.713,85000000,1
1528898520000,1528898579000,83.715,83.72,83.688,83.701,90750000,1
1528898580000,1528898639000,83.698,83.704,83.694,83.695,58190000,1
1528898640000,1528898699000,83.696,83.705,83.692,83.701,88180000,1
1528898700000,1528898759000,83.702,83.702,83.69,83.7,58200000,1
1528898760000,1528898819000,83.701,83.714,83.699,83.714,81920000,1
1528898820000,1528898879000,83.714,83.747,83.714,83.743,97270000,1
1528898880000,1528898939000,83.744,83.744,83.737,83.74,69880000,1
1528898940000,1528898999000,83.74,83.744,83.731,83.732,106200000,1
1528899000000,1528899059000,83.731,83.733,83.724,83.725,54610000,1
1528899060000,1528899119000,83.726,83.737,83.719,83.724,86780000,1
1528899120000,1528899179000,83.723,83.733,83.72,83.732,42720000,1
1528899180000,1528899239000,83.729,83.73,83.717,83.718,62170000,1
1528899240000,1528899299000,83.718,83.718,83.707,83.71,100010000,1
1528899300000,1528899359000,83.712,83.73,83.712,83.728,75280000,1
1528899360000,1528899419000,83.727,83.731,83.724,83.73,43330000,1
1528899420000,1528899479000,83.73,83.732,83.719,83.728,87730000,1
1528899480000,1528899539000,83.728,83.751,83.726,83.746,109880000,1
1528899540000,1528899599000,83.748,83.757,83.744,83.744,99710000,1
1528899600000,1528899659000,83.744,83.745,83.736,83.739,70400000,1
1528899660000,1528899719000,83.739,83.756,83.739,83.756,88300000,1
1528899720000,1528899779000,83.756,83.762,83.754,83.754,63780000,1
1528899780000,1528899839000,83.753,83.765,83.751,83.757,79710000,1
1528899840000,1528899899000,83.757,83.777,83.757,83.777,41620000,1
1528899900000,1528899959000,83.777,83.78,83.773,83.78,49540000,1
1528899960000,1528900019000,83.78,83.783,83.777,83.783,42240000,1
1528900020000,1528900079000,83.782,83.792,83.773,83.779,120690000,1
1528900080000,1528900139000,83.779,83.784,83.77,83.77,161680000,1
1528900140000,1528900199000,83.771,83.793,83.77,83.781,131640000,1
1528900200000,1528900259000,83.788,83.816,83.784,83.816,131720000,1
1528900260000,1528900319000,83.819,83.846,83.816,83.821,102840000,1
1528900320000,1528900379000,83.822,83.832,83.805,83.805,120850000,1
1528900380000,1528900439000,83.805,83.813,83.804,83.804,92290000,1
1528900440000,1528900499000,83.805,83.815,83.8,83.809,100080000,1
1528900500000,1528900559000,83.81,83.825,83.809,83.811,104900000,1
1528900560000,1528900619000,83.81,83.823,83.805,83.822,120170000,1
1528900620000,1528900679000,83.824,83.827,83.783,83.783,108500000,1
1528900680000,1528900739000,83.781,83.782,83.765,83.765,157380000,1
1528900740000,1528900799000,83.766,83.772,83.754,83.766,132640000,1
1528900800000,1528900859000,83.767,83.775,83.763,83.773,50930000,1
1528900860000,1528900919000,83.773,83.779,83.771,83.778,65820000,1
1528900920000,1528900979000,83.777,83.787,83.775,83.782,78240000,1
1528900980000,1528901039000,83.782,83.783,83.773,83.776,103350000,1
1528901040000,1528901099000,83.776,83.787,83.772,83.787,73560000,1
1528901100000,1528901159000,83.785,83.79,83.763,83.763,105940000,1
1528901160000,1528901219000,83.763,83.783,83.763,83.779,84660000,1
1528901220000,1528901279000,83.779,83.799,83.777,83.785,63180000,1
1528901280000,1528901339000,83.784,83.803,83.773,83.803,130170000,1
1528901340000,1528901399000,83.802,83.802,83.792,83.798,91270000,1
1528901400000,1528901459000,83.798,83.844,83.794,83.828,180030000,1
1528901460000,1528901519000,83.828,83.837,83.824,83.825,87690000,1
1528901520000,1528901579000,83.824,83.838,83.817,83.838,114780000,1
1528901580000,1528901639000,83.839,83.848,83.834,83.84,151760000,1
1528901640000,1528901699000,83.84,83.856,83.838,83.852,85650000,1
1528901700000,1528901759000,83.853,83.866,83.851,83.863,106610000,1
1528901760000,1528901819000,83.863,83.883,83.861,83.883,109730000,1
1528901820000,1528901879000,83.883,83.91,83.883,83.893,189420000,1
1528901880000,1528901939000,83.892,83.892,83.855,83.855,121010000,1
1528901940000,1528901999000,83.856,83.879,83.856,83.865,142880000,1
1528902000000,1528902059000,83.87,83.891,83.868,83.873,153840000,1
1528902060000,1528902119000,83.874,83.875,83.855,83.856,142440000,1
1528902120000,1528902179000,83.852,83.854,83.831,83.846,130040000,1
1528902180000,1528902239000,83.845,83.846,83.826,83.838,100060000,1
1528902240000,1528902299000,83.835,83.847,83.828,83.844,86100000,1
1528902300000,1528902359000,83.845,83.861,83.845,83.859,91410000,1
1528902360000,1528902419000,83.857,83.87,83.845,83.858,106180000,1
1528902420000,1528902479000,83.858,83.864,83.85,83.855,98170000,1
1528902480000,1528902539000,83.855,83.862,83.853,83.862,85470000,1
1528902540000,1528902599000,83.864,83.871,83.857,83.868,98190000,1
1528902600000,1528902659000,83.869,83.875,83.865,83.871,69840000,1
1528902660000,1528902719000,83.871,83.876,83.864,83.871,115820000,1
1528902720000,1528902779000,83.87,83.872,83.855,83.859,102420000,1
1528902780000,1528902839000,83.859,83.864,83.855,83.855,83270000,1
1528902840000,1528902899000,83.854,83.862,83.847,83.851,129580000,1
1528902900000,1528902959000,83.852,83.867,83.852,83.864,99200000,1
1528902960000,1528903019000,83.864,83.88,83.86,83.868,112880000,1
1528903020000,1528903079000,83.867,83.873,83.86,83.865,112750000,1
1528903080000,1528903139000,83.865,83.869,83.863,83.865,76390000,1
1528903140000,1528903199000,83.866,83.872,83.866,83.868,71940000,1
1528903200000,1528903259000,83.867,83.88,83.866,83.88,67680000,1
1528903260000,1528903319000,83.882,83.882,83.878,83.879,61170000,1
1528903320000,1528903379000,83.879,83.885,83.879,83.88,52720000,1
1528903380000,1528903439000,83.879,83.881,83.871,83.881,101240000,1
1528903440000,1528903499000,83.882,83.885,83.876,83.876,89910000,1
1528903500000,1528903559000,83.876,83.882,83.874,83.881,101090000,1
1528903560000,1528903619000,83.881,83.893,83.879,83.892,85490000,1
1528903620000,1528903679000,83.893,83.903,83.893,83.899,77820000,1
1528903680000,1528903739000,83.899,83.902,83.896,83.896,31530000,1
1528903740000,1528903799000,83.894,83.91,83.89,83.904,54990000,1
1528903800000,1528903859000,83.904,83.908,83.899,83.901,56860000,1
1528903860000,1528903919000,83.899,83.918,83.894,83.918,108800000,1
1528903920000,1528903979000,83.917,83.928,83.916,83.921,128440000,1
1528903980000,1528904039000,83.92,83.936,83.91,83.932,110300000,1
1528904040000,1528904099000,83.93,83.93,83.917,83.918,96650000,1
1528904100000,1528904159000,83.917,83.918,83.907,83.908,110760000,1
1528904160000,1528904219000,83.908,83.926,83.908,83.926,63890000,1
1528904220000,1528904279000,83.924,83.939,83.923,83.938,76500000,1
1528904280000,1528904339000,83.937,83.937,83.929,83.931,42090000,1
1528904340000,1528904399000,83.932,83.934,83.923,83.923,48860000,1
1528904400000,1528904459000,83.923,83.941,83.923,83.925,137880000,1
1528904460000,1528904519000,83.926,83.929,83.919,83.926,89700000,1
1528904520000,1528904579000,83.926,83.957,83.925,83.954,132860000,1
1528904580000,1528904639000,83.954,83.954,83.944,83.946,111740000,1
1528904640000,1528904699000,83.944,83.956,83.926,83.927,92370000,1
1528904700000,1528904759000,83.926,83.93,83.923,83.924,70470000,1
1528904760000,1528904819000,83.925,83.926,83.917,83.917,54600000,1
1528904820000,1528904879000,83.918,83.92,83.912,83.912,58220000,1
1528904880000,1528904939000,83.912,83.925,83.911,83.925,50550000,1
1528904940000,1528904999000,83.923,83.93,83.921,83.93,61940000,1
1528905000000,1528905059000,83.931,83.936,83.927,83.928,103440000,1
1528905060000,1528905119000,83.926,83.935,83.924,83.931,73860000,1
1528905120000,1528905179000,83.931,83.938,83.93,83.931,61520000,1
1528905180000,1528905239000,83.933,83.933,83.929,83.929,65200000,1
1528905240000,1528905299000,83.93,83.939,83.924,83.935,64880000,1
1528905300000,1528905359000,83.932,83.94,83.929,83.932,66790000,1
1528905360000,1528905419000,83.929,83.934,83.926,83.931,102220000,1
1528905420000,1528905479000,83.933,83.949,83.933,83.948,75520000,1
1528905480000,1528905539000,83.949,83.959,83.949,83.954,82340000,1
1528905540000,1528905599000,83.953,83.961,83.949,83.949,73750000,1
1528905600000,1528905659000,83.95,83.953,83.941,83.945,69300000,1
1528905660000,1528905719000,83.946,83.955,83.946,83.954,83600000,1
1528905720000,1528905779000,83.953,83.959,83.946,83.947,55860000,1
1528905780000,1528905839000,83.948,83.949,83.944,83.945,56000000,1
1528905840000,1528905899000,83.944,83.949,83.939,83.948,59340000,1
1528905900000,1528905959000,83.946,83.953,83.944,83.95,50430000,1
1528905960000,1528906019000,83.951,83.962,83.947,83.95,129320000,1
1528906020000,1528906079000,83.95,83.972,83.949,83.972,80530000,1
1528906080000,1528906139000,83.971,83.975,83.964,83.972,123780000,1
1528906140000,1528906199000,83.972,83.986,83.967,83.967,97170000,1
1528906200000,1528906259000,83.969,83.976,83.965,83.973,108060000,1
1528906260000,1528906319000,83.971,83.977,83.954,83.956,90200000,1
1528906320000,1528906379000,83.955,83.956,83.946,83.955,148770000,1
1528906380000,1528906439000,83.956,83.957,83.944,83.948,88530000,1
1528906440000,1528906499000,83.948,83.954,83.943,83.948,68710000,1
1528906500000,1528906559000,83.949,83.952,83.947,83.949,75730000,1
1528906560000,1528906619000,83.95,83.953,83.946,83.949,83440000,1
1528906620000,1528906679000,83.948,83.948,83.935,83.936,74550000,1
1528906680000,1528906739000,83.937,83.943,83.929,83.938,86980000,1
1528906740000,1528906799000,83.938,83.938,83.927,83.929,65940000,1
1528906800000,1528906859000,83.928,83.932,83.919,83.925,78860000,1
1528906860000,1528906919000,83.924,83.93,83.919,83.928,97380000,1
1528906920000,1528906979000,83.929,83.93,83.918,83.926,96590000,1
1528906980000,1528907039000,83.926,83.934,83.925,83.93,79170000,1
1528907040000,1528907099000,83.931,83.943,83.93,83.941,44370000,1
1528907100000,1528907159000,83.941,83.949,83.938,83.939,95450000,1
1528907160000,1528907219000,83.942,83.948,83.94,83.948,53010000,1
1528907220000,1528907279000,83.947,83.952,83.946,83.952,52430000,1
1528907280000,1528907339000,83.953,83.957,83.949,83.956,63840000,1
1528907340000,1528907399000,83.956,83.964,83.956,83.962,77810000,1
1528907400000,1528907459000,83.962,83.964,83.957,83.962,72880000,1
1528907460000,1528907519000,83.961,83.975,83.961,83.969,70240000,1
1528907520000,1528907579000,83.97,83.972,83.966,83.97,77860000,1
1528907580000,1528907639000,83.969,83.969,83.958,83.959,53790000,1
1528907640000,1528907699000,83.961,83.964,83.953,83.954,53930000,1
1528907700000,1528907759000,83.954,83.959,83.954,83.959,51220000,1
1528907760000,1528907819000,83.96,83.962,83.956,83.958,55720000,1
1528907820000,1528907879000,83.958,83.968,83.958,83.963,58520000,1
1528907880000,1528907939000,83.963,83.967,83.957,83.957,60540000,1
1528907940000,1528907999000,83.957,83.965,83.956,83.962,19490000,1
1528908000000,1528908059000,83.96,83.96,83.954,83.954,22020000,1
1528908060000,1528908119000,83.954,83.958,83.952,83.956,33420000,1
1528908120000,1528908179000,83.955,83.96,83.951,83.955,41230000,1
1528908180000,1528908239000,83.957,83.966,83.955,83.965,81610000,1
1528908240000,1528908299000,83.965,83.971,83.963,83.97,79840000,1
1528908300000,1528908359000,83.97,83.988,83.967,83.978,117520000,1
1528908360000,1528908419000,83.978,83.978,83.969,83.978,60120000,1
1528908420000,1528908479000,83.977,83.979,83.97,83.97,53520000,1
1528908480000,1528908539000,83.97,83.974,83.963,83.972,58960000,1
1528908540000,1528908599000,83.972,83.98,83.972,83.98,29150000,1
1528908600000,1528908659000,83.979,83.981,83.974,83.976,71580000,1
1528908660000,1528908719000,83.977,83.977,83.949,83.956,86540000,1
1528908720000,1528908779000,83.956,83.956,83.939,83.94,68060000,1
1528908780000,1528908839000,83.94,83.946,83.939,83.943,49740000,1
1528908840000,1528908899000,83.942,83.957,83.942,83.956,43900000,1
1528908900000,1528908959000,83.956,83.956,83.933,83.939,84100000,1
1528908960000,1528909019000,83.941,83.943,83.933,83.933,73550000,1
1528909020000,1528909079000,83.933,83.939,83.927,83.936,59560000,1
1528909080000,1528909139000,83.938,83.941,83.933,83.939,78160000,1
1528909140000,1528909199000,83.94,83.94,83.926,83.933,105730000,1
1528909200000,1528909259000,83.935,83.939,83.933,83.939,94800000,1
1528909260000,1528909319000,83.94,83.953,83.94,83.946,74640000,1
1528909320000,1528909379000,83.945,83.945,83.934,83.934,74440000,1
1528909380000,1528909439000,83.937,83.948,83.936,83.945,64980000,1
1528909440000,1528909499000,83.946,83.954,83.943,83.954,83250000,1
1528909500000,1528909559000,83.955,83.956,83.945,83.948,87150000,1
1528909560000,1528909619000,83.949,83.949,83.938,83.943,55270000,1
1528909620000,1528909679000,83.943,83.946,83.936,83.936,77900000,1
1528909680000,1528909739000,83.937,83.939,83.934,83.935,51310000,1
1528909740000,1528909799000,83.934,83.935,83.925,83.926,82920000,1
1528909800000,1528909859000,83.926,83.936,83.926,83.933,78070000,1
1528909860000,1528909919000,83.934,83.934,83.924,83.924,61530000,1
1528909920000,1528909979000,83.924,83.929,83.924,83.926,88180000,1
1528909980000,1528910039000,83.927,83.928,83.913,83.92,90750000,1
1528910040000,1528910099000,83.92,83.92,83.912,83.914,58460000,1
1528910100000,1528910159000,83.916,83.932,83.915,83.926,64910000,1
1528910160000,1528910219000,83.926,83.926,83.915,83.916,58760000,1
1528910220000,1528910279000,83.917,83.92,83.916,83.916,21880000,1
1528910280000,1528910339000,83.917,83.924,83.917,83.923,46620000,1
1528910340000,1528910399000,83.923,83.924,83.916,83.918,76190000,1
1528910400000,1528910459000,83.918,83.929,83.918,83.927,42730000,1
1528910460000,1528910519000,83.927,83.936,83.924,83.933,35540000,1
1528910520000,1528910579000,83.933,83.938,83.93,83.936,58280000,1
1528910580000,1528910639000,83.937,83.943,83.923,83.924,82420000,1
1528910640000,1528910699000,83.924,83.93,83.917,83.93,55150000,1
1528910700000,1528910759000,83.93,83.931,83.923,83.927,45990000,1
1528910760000,1528910819000,83.925,83.932,83.925,83.926,86590000,1
1528910820000,1528910879000,83.926,83.926,83.917,83.92,65810000,1
1528910880000,1528910939000,83.921,83.922,83.915,83.915,63550000,1
1528910940000,1528910999000,83.916,83.92,83.916,83.917,49820000,1
1528911000000,1528911059000,83.915,83.918,83.911,83.917,106320000,1
1528911060000,1528911119000,83.918,83.918,83.908,83.911,85090000,1
1528911120000,1528911179000,83.912,83.922,83.911,83.921,88150000,1
1528911180000,1528911239000,83.919,83.927,83.917,83.923,133180000,1
1528911240000,1528911299000,83.923,83.923,83.916,83.916,87840000,1
1528911300000,1528911359000,83.918,83.923,83.916,83.917,101820000,1
1528911360000,1528911419000,83.918,83.924,83.917,83.924,70450000,1
1528911420000,1528911479000,83.923,83.941,83.92,83.928,74390000,1
1528911480000,1528911539000,83.93,83.932,83.919,83.92,105040000,1
1528911540000,1528911599000,83.921,83.924,83.917,83.924,46780000,1
1528911600000,1528911659000,83.924,83.93,83.923,83.927,50960000,1
1528911660000,1528911719000,83.927,83.936,83.926,83.935,59900000,1
1528911720000,1528911779000,83.935,83.936,83.932,83.934,44250000,1
1528911780000,1528911839000,83.934,83.94,83.932,83.939,93070000,1
1528911840000,1528911899000,83.94,83.959,83.938,83.958,114890000,1
1528911900000,1528911959000,83.959,83.965,83.953,83.954,81520000,1
1528911960000,1528912019000,83.957,83.957,83.949,83.952,28750000,1
1528912020000,1528912079000,83.952,83.955,83.949,83.95,27250000,1
1528912080000,1528912139000,83.947,83.961,83.947,83.957,91110000,1
1528912140000,1528912199000,83.957,83.957,83.929,83.948,73210000,1
1528912200000,1528912259000,83.948,83.949,83.94,83.945,74240000,1
1528912260000,1528912319000,83.944,83.946,83.937,83.946,56680000,1
1528912320000,1528912379000,83.945,83.947,83.937,83.943,86960000,1
1528912380000,1528912439000,83.944,83.946,83.926,83.926,102610000,1
1528912440000,1528912499000,83.926,83.932,83.911,83.932,143940000,1
1528912500000,1528912559000,83.933,83.94,83.928,83.929,74850000,1
1528912560000,1528912619000,83.929,83.929,83.92,83.921,63700000,1
1528912620000,1528912679000,83.92,83.934,83.917,83.933,89520000,1
1528912680000,1528912739000,83.934,83.934,83.921,83.929,82500000,1
1528912740000,1528912799000,83.93,83.955,83.914,83.93,169920000,1
1528912800000,1528912859000,83.927,83.928,83.819,83.869,419350000,1
1528912860000,1528912919000,83.871,83.896,83.858,83.894,295760000,1
1528912920000,1528912979000,83.893,83.893,83.819,83.847,294010000,1
1528912980000,1528913039000,83.847,83.851,83.808,83.812,231600000,1
1528913040000,1528913099000,83.813,83.829,83.776,83.778,260830000,1
1528913100000,1528913159000,83.78,83.79,83.726,83.739,330060000,1
1528913160000,1528913219000,83.742,83.769,83.701,83.725,298880000,1
1528913220000,1528913279000,83.729,83.782,83.726,83.75,303360000,1
1528913280000,1528913339000,83.749,83.771,83.727,83.738,226220000,1
1528913340000,1528913399000,83.74,83.75,83.636,83.647,252870000,1
1528913400000,1528913459000,83.647,83.711,83.633,83.645,331790000,1
1528913460000,1528913519000,83.644,83.68,83.597,83.601,262640000,1
1528913520000,1528913579000,83.601,83.693,83.601,83.684,247110000,1
1528913580000,1528913639000,83.683,83.698,83.644,83.654,241830000,1
1528913640000,1528913699000,83.653,83.7,83.645,83.693,219790000,1
1528913700000,1528913759000,83.693,83.715,83.674,83.706,238840000,1
1528913760000,1528913819000,83.703,83.705,83.674,83.687,244410000,1
1528913820000,1528913879000,83.687,83.707,83.685,83.693,230060000,1
1528913880000,1528913939000,83.692,83.723,83.676,83.711,249210000,1
1528913940000,1528913999000,83.713,83.715,83.677,83.691,204810000,1
1528914000000,1528914059000,83.692,83.694,83.623,83.625,225890000,1
1528914060000,1528914119000,83.624,83.651,83.616,83.637,234320000,1
1528914120000,1528914179000,83.639,83.659,83.63,83.634,206190000,1
1528914180000,1528914239000,83.635,83.635,83.59,83.598,171490000,1
1528914240000,1528914299000,83.597,83.619,83.587,83.606,249000000,1
1528914300000,1528914359000,83.604,83.612,83.576,83.576,199670000,1
1528914360000,1528914419000,83.577,83.587,83.547,83.553,139230000,1
1528914420000,1528914479000,83.553,83.56,83.5,83.542,190800000,1
1528914480000,1528914539000,83.543,83.577,83.522,83.557,155440000,1
1528914540000,1528914599000,83.556,83.556,83.523,83.524,186400000,1
1528914600000,1528914659000,83.523,83.523,83.479,83.49,204430000,1
1528914660000,1528914719000,83.495,83.502,83.46,83.461,189520000,1
1528914720000,1528914779000,83.461,83.508,83.454,83.505,293010000,1
1528914780000,1528914839000,83.503,83.514,83.48,83.496,203410000,1
1528914840000,1528914899000,83.495,83.534,83.493,83.493,205910000,1
1528914900000,1528914959000,83.494,83.498,83.471,83.492,184830000,1
1528914960000,1528915019000,83.492,83.498,83.466,83.487,204920000,1
1528915020000,1528915079000,83.487,83.518,83.475,83.498,151830000,1
1528915080000,1528915139000,83.496,83.521,83.487,83.521,192150000,1
1528915140000,1528915199000,83.522,83.537,83.519,83.528,167640000,1
1528915200000,1528915259000,83.529,83.54,83.517,83.517,154260000,1
1528915260000,1528915319000,83.517,83.546,83.514,83.546,166790000,1
1528915320000,1528915379000,83.545,83.554,83.502,83.526,196610000,1
1528915380000,1528915439000,83.523,83.565,83.52,83.52,220460000,1
1528915440000,1528915499000,83.521,83.526,83.498,83.509,223190000,1
1528915500000,1528915559000,83.511,83.513,83.474,83.502,261120000,1
1528915560000,1528915619000,83.503,83.505,83.483,83.489,139510000,1
1528915620000,1528915679000,83.489,83.489,83.466,83.477,170630000,1
1528915680000,1528915739000,83.477,83.483,83.455,83.46,135960000,1
1528915740000,1528915799000,83.46,83.474,83.458,83.469,132790000,1
1528915800000,1528915859000,83.467,83.471,83.453,83.466,209340000,1
1528915860000,1528915919000,83.466,83.473,83.442,83.467,209070000,1
1528915920000,1528915979000,83.466,83.486,83.463,83.478,211720000,1
1528915980000,1528916039000,83.479,83.483,83.468,83.48,209610000,1
1528916040000,1528916099000,83.479,83.486,83.478,83.485,96770000,1
1528916100000,1528916159000,83.485,83.495,83.45,83.466,271460000,1
1528916160000,1528916219000,83.464,83.505,83.462,83.505,195090000,1
1528916220000,1528916279000,83.504,83.504,83.476,83.484,234020000,1
1528916280000,1528916339000,83.484,83.542,83.469,83.53,251260000,1
1528916340000,1528916399000,83.532,83.556,83.52,83.534,232570000,1
1528916400000,1528916459000,83.532,83.545,83.457,83.537,278920000,1
1528916460000,1528916519000,83.537,83.552,83.529,83.546,183950000,1
1528916520000,1528916579000,83.544,83.563,83.54,83.551,183790000,1
1528916580000,1528916639000,83.548,83.583,83.538,83.579,246190000,1
1528916640000,1528916699000,83.578,83.627,83.565,83.591,277630000,1
1528916700000,1528916759000,83.59,83.662,83.59,83.643,281270000,1
1528916760000,1528916819000,83.64,83.714,83.638,83.71,312740000,1
1528916820000,1528916879000,83.717,83.717,83.631,83.631,239040000,1
1528916880000,1528916939000,83.631,83.65,83.627,83.637,219270000,1
1528916940000,1528916999000,83.639,83.649,83.603,83.606,195500000,1
1528917000000,1528917059000,83.606,83.649,83.606,83.634,134710000,1
1528917060000,1528917119000,83.633,83.644,83.614,83.644,134680000,1
1528917120000,1528917179000,83.647,83.655,83.626,83.636,131590000,1
1528917180000,1528917239000,83.638,83.664,83.638,83.654,156590000,1
1528917240000,1528917299000,83.655,83.661,83.628,83.632,176820000,1
1528917300000,1528917359000,83.632,83.642,83.606,83.606,170570000,1
1528917360000,1528917419000,83.604,83.615,83.602,83.608,162030000,1
1528917420000,1528917479000,83.609,83.615,83.585,83.592,195080000,1
1528917480000,1528917539000,83.592,83.594,83.57,83.591,212060000,1
1528917540000,1528917599000,83.589,83.607,83.582,83.607,162470000,1
1528917600000,1528917659000,83.607,83.621,83.603,83.614,162270000,1
1528917660000,1528917719000,83.615,83.619,83.611,83.613,68490000,1
1528917720000,1528917779000,83.613,83.629,83.599,83.622,103200000,1
1528917780000,1528917839000,83.623,83.626,83.593,83.6,173780000,1
1528917840000,1528917899000,83.598,83.623,83.59,83.622,162060000,1
1528917900000,1528917959000,83.625,83.645,83.625,83.632,145680000,1
1528917960000,1528918019000,83.633,83.645,83.633,83.633,167890000,1
1528918020000,1528918079000,83.634,83.637,83.614,83.625,226590000,1
1528918080000,1528918139000,83.624,83.625,83.591,83.595,217280000,1
1528918140000,1528918199000,83.595,83.604,83.585,83.595,224450000,1
1528918200000,1528918259000,83.595,83.597,83.573,83.589,162360000,1
1528918260000,1528918319000,83.588,83.605,83.583,83.601,193270000,1
1528918320000,1528918379000,83.6,83.603,83.59,83.598,132810000,1
1528918380000,1528918439000,83.596,83.615,83.595,83.609,165260000,1
1528918440000,1528918499000,83.61,83.625,83.607,83.618,141550000,1
1528918500000,1528918559000,83.618,83.624,83.609,83.624,154100000,1
1528918560000,1528918619000,83.623,83.653,83.619,83.653,150610000,1
1528918620000,1528918679000,83.653,83.671,83.633,83.661,240440000,1
1528918680000,1528918739000,83.661,83.661,83.629,83.64,235160000,1
1528918740000,1528918799000,83.642,83.646,83.625,83.628,153480000,1
1528918800000,1528918859000,83.626,83.633,83.616,83.619,180670000,1
1528918860000,1528918919000,83.621,83.636,83.618,83.624,150430000,1
1528918920000,1528918979000,83.623,83.623,83.606,83.607,118090000,1
1528918980000,1528919039000,83.607,83.635,83.606,83.611,186060000,1
1528919040000,1528919099000,83.61,83.615,83.596,83.612,174260000,1
1528919100000,1528919159000,83.614,83.627,83.605,83.617,128150000,1
1528919160000,1528919219000,83.618,83.637,83.614,83.636,126440000,1
1528919220000,1528919279000,83.637,83.647,83.629,83.634,124230000,1
1528919280000,1528919339000,83.633,83.633,83.594,83.614,149310000,1
1528919340000,1528919399000,83.615,83.626,83.588,83.588,123320000,1
1528919400000,1528919459000,83.587,83.593,83.575,83.592,135220000,1
1528919460000,1528919519000,83.595,83.614,83.592,83.614,95710000,1
1528919520000,1528919579000,83.615,83.615,83.593,83.595,97790000,1
1528919580000,1528919639000,83.592,83.614,83.59,83.611,119980000,1
1528919640000,1528919699000,83.609,83.612,83.598,83.611,107580000,1
1528919700000,1528919759000,83.61,83.619,83.57,83.571,152100000,1
1528919760000,1528919819000,83.572,83.572,83.541,83.55,116070000,1
1528919820000,1528919879000,83.547,83.553,83.538,83.551,87440000,1
1528919880000,1528919939000,83.551,83.562,83.551,83.562,69380000,1
1528919940000,1528919999000,83.563,83.567,83.546,83.55,95100000,1
1528920000000,1528920059000,83.551,83.559,83.549,83.559,80920000,1
1528920060000,1528920119000,83.557,83.581,83.556,83.581,59570000,1
1528920120000,1528920179000,83.581,83.591,83.578,83.579,68830000,1
1528920180000,1528920239000,83.578,83.578,83.562,83.562,48720000,1
1528920240000,1528920299000,83.561,83.57,83.56,83.568,51060000,1
1528920300000,1528920359000,83.57,83.575,83.564,83.575,63780000,1
1528920360000,1528920419000,83.575,83.576,83.572,83.576,49870000,1
1528920420000,1528920479000,83.577,83.582,83.574,83.574,45810000,1
1528920480000,1528920539000,83.574,83.584,83.573,83.581,68420000,1
1528920540000,1528920599000,83.582,83.595,83.582,83.593,65690000,1
1528920600000,1528920659000,83.593,83.593,83.572,83.576,77400000,1
1528920660000,1528920719000,83.575,83.577,83.568,83.568,39770000,1
1528920720000,1528920779000,83.568,83.568,83.537,83.537,73030000,1
1528920780000,1528920839000,83.536,83.547,83.533,83.542,70900000,1
1528920840000,1528920899000,83.543,83.552,83.534,83.534,53080000,1
1528920900000,1528920959000,83.535,83.547,83.535,83.542,43310000,1
1528920960000,1528921019000,83.541,83.547,83.538,83.539,58740000,1
1528921020000,1528921079000,83.539,83.542,83.539,83.542,20560000,1
1528921080000,1528921139000,83.542,83.544,83.538,83.538,17300000,1
1528921140000,1528921199000,83.537,83.544,83.537,83.541,24340000,1
1528921200000,1528921259000,83.54,83.54,83.537,83.537,21520000,1
1528921260000,1528921319000,83.537,83.537,83.536,83.536,9810000,1
1528921320000,1528921379000,83.535,83.535,83.532,83.534,33970000,1
1528921380000,1528921439000,83.534,83.551,83.534,83.551,41840000,1
1528921440000,1528921499000,83.552,83.552,83.541,83.551,25290000,1
1528921500000,1528921559000,83.553,83.57,83.553,83.567,66470000,1
1528921560000,1528921619000,83.567,83.574,83.567,83.573,46530000,1
1528921620000,1528921679000,83.573,83.573,83.569,83.569,18610000,1
1528921680000,1528921739000,83.569,83.569,83.567,83.567,10000000,1
1528921740000,1528921799000,83.567,83.582,83.567,83.574,59530000,1
1528921800000,1528921859000,83.574,83.578,83.573,83.573,35860000,1
1528921860000,1528921919000,83.572,83.573,83.561,83.57,40100000,1
1528921920000,1528921979000,83.57,83.575,83.569,83.574,25350000,1
1528921980000,1528922039000,83.575,83.579,83.575,83.577,17050000,1
1528922040000,1528922099000,83.577,83.586,83.575,83.585,24060000,1
1528922100000,1528922159000,83.584,83.592,83.584,83.592,19000000,1
1528922160000,1528922219000,83.592,83.597,83.583,83.591,29750000,1
1528922220000,1528922279000,83.592,83.596,83.592,83.596,8250000,1
1528922280000,1528922339000,83.596,83.606,83.594,83.605,21820000,1
1528922340000,1528922399000,83.605,83.605,83.58,83.58,32470000,1
1528922400000,1528922459000,83.58,83.585,83.573,83.573,36410000,1
1528922460000,1528922519000,83.573,83.573,83.572,83.572,20630000,1
1528922520000,1528922579000,83.573,83.574,83.571,83.574,12320000,1
1528922580000,1528922639000,83.574,83.574,83.568,83.569,35570000,1
1528922640000,1528922699000,83.57,83.572,83.561,83.572,30240000,1
1528922700000,1528922759000,83.572,83.581,83.571,83.579,28580000,1
1528922760000,1528922819000,83.58,83.586,83.58,83.585,29760000,1
1528922820000,1528922879000,83.586,83.595,83.586,83.589,29120000,1
1528922880000,1528922939000,83.59,83.59,83.584,83.584,26500000,1
1528922940000,1528922999000,83.584,83.598,83.583,83.593,23870000,1
1528923000000,1528923059000,83.594,83.6,83.593,83.595,28580000,1
1528923060000,1528923119000,83.594,83.596,83.591,83.594,9630000,1
1528923120000,1528923179000,83.594,83.595,83.593,83.595,33250000,1
1528923180000,1528923239000,83.594,83.609,83.592,83.608,41530000,1
1528923240000,1528923299000,83.608,83.621,83.608,83.614,46150000,1
1528923300000,1528923359000,83.615,83.617,83.612,83.614,68390000,1
1528923360000,1528923419000,83.615,83.637,83.615,83.636,56810000,1
1528923420000,1528923479000,83.637,83.644,83.632,83.638,63690000,1
1528923480000,1528923539000,83.64,83.641,83.614,83.614,61170000,1
1528923540000,1528923599000,83.613,83.613,83.595,83.607,52200000,1
1528923600000,1528923659000,83.6,83.6,83.588,83.588,5220000,1
1528923660000,1528923719000,83.588,83.588,83.558,83.571,8620000,1
1528923720000,1528923779000,83.57,83.575,83.569,83.571,9000000,1
1528923780000,1528923839000,83.571,83.59,83.571,83.59,4500000,1
1528923840000,1528923899000,83.591,83.598,83.59,83.591,10500000,1
1528923900000,1528923959000,83.593,83.604,83.589,83.604,127000000,1
1528923960000,1528924019000,83.609,83.63,83.608,83.627,80250000,1
1528924020000,1528924079000,83.627,83.634,83.622,83.625,55250000,1
1528924080000,1528924139000,83.629,83.633,83.62,83.623,108750000,1
1528924140000,1528924199000,83.624,83.629,83.608,83.625,158750000,1
1528924200000,1528924259000,83.625,83.627,83.61,83.616,196500000,1
1528924260000,1528924319000,83.615,83.622,83.601,83.607,215840000,1
1528924320000,1528924379000,83.604,83.609,83.596,83.596,33720000,1
1528924380000,1528924439000,83.598,83.62,83.598,83.613,66490000,1
1528924440000,1528924499000,83.614,83.624,83.613,83.619,61500000,1
1528924500000,1528924559000,83.618,83.618,83.604,83.616,55000000,1
1528924560000,1528924619000,83.618,83.622,83.614,83.621,32290000,1
1528924620000,1528924679000,83.621,83.623,83.621,83.621,30290000,1
1528924680000,1528924739000,83.619,83.621,83.612,83.619,54090000,1
1528924740000,1528924799000,83.618,83.618,83.607,83.614,34990000,1
1528924800000,1528924859000,83.614,83.614,83.606,83.606,19000000,1
1528924860000,1528924919000,83.606,83.606,83.594,83.604,43350000,1
1528924920000,1528924979000,83.605,83.605,83.602,83.602,27900000,1
1528924980000,1528925039000,83.602,83.623,83.602,83.623,87820000,1
1528925040000,1528925099000,83.623,83.644,83.616,83.637,67740000,1
1528925100000,1528925159000,83.637,83.643,83.622,83.622,49540000,1
1528925160000,1528925219000,83.622,83.629,83.62,83.62,31040000,1
1528925220000,1528925279000,83.62,83.622,83.596,83.596,50740000,1
1528925280000,1528925339000,83.595,83.609,83.595,83.603,48150000,1
1528925340000,1528925399000,83.603,83.609,83.599,83.609,60550000,1
1528925400000,1528925459000,83.609,83.611,83.604,83.611,76420000,1
1528925460000,1528925519000,83.611,83.62,83.598,83.6,160230000,1
1528925520000,1528925579000,83.601,83.605,83.592,83.602,92860000,1
1528925580000,1528925639000,83.602,83.602,83.586,83.597,59130000,1
1528925640000,1528925699000,83.598,83.599,83.596,83.596,20000000,1
1528925700000,1528925759000,83.596,83.598,83.596,83.596,37530000,1
1528925760000,1528925819000,83.596,83.596,83.593,83.595,29710000,1
1528925820000,1528925879000,83.593,83.593,83.592,83.593,27770000,1
1528925880000,1528925939000,83.595,83.607,83.588,83.607,83390000,1
1528925940000,1528925999000,83.607,83.608,83.603,83.608,52720000,1
1528926000000,1528926059000,83.608,83.609,83.604,83.609,39370000,1
1528926060000,1528926119000,83.61,83.61,83.605,83.608,42240000,1
1528926120000,1528926179000,83.608,83.609,83.606,83.608,10240000,1
1528926180000,1528926239000,83.607,83.609,83.606,83.606,27660000,1
1528926240000,1528926299000,83.606,83.608,83.604,83.606,45280000,1
1528926300000,1528926359000,83.606,83.617,83.606,83.617,55590000,1
1528926360000,1528926419000,83.617,83.618,83.596,83.603,53270000,1
1528926420000,1528926479000,83.604,83.615,83.604,83.615,47100000,1
1528926480000,1528926539000,83.609,83.609,83.608,83.608,27710000,1
1528926540000,1528926599000,83.608,83.609,83.607,83.607,11980000,1
1528926600000,1528926659000,83.607,83.608,83.604,83.608,50350000,1
1528926660000,1528926719000,83.604,83.609,83.573,83.576,60220000,1
1528926720000,1528926779000,83.576,83.597,83.574,83.592,145850000,1
1528926780000,1528926839000,83.593,83.599,83.585,83.586,110330000,1
1528926840000,1528926899000,83.584,83.584,83.566,83.584,67460000,1
1528926900000,1528926959000,83.584,83.584,83.575,83.576,38070000,1
1528926960000,1528927019000,83.576,83.576,83.557,83.567,92850000,1
1528927020000,1528927079000,83.565,83.567,83.555,83.562,55400000,1
1528927080000,1528927139000,83.562,83.566,83.547,83.548,29470000,1
1528927140000,1528927199000,83.548,83.553,83.547,83.551,10330000,1
1528927200000,1528927259000,83.555,83.555,83.544,83.548,81110000,1
1528927260000,1528927319000,83.549,83.555,83.542,83.551,61120000,1
1528927320000,1528927379000,83.555,83.575,83.555,83.565,100900000,1
1528927380000,1528927439000,83.564,83.567,83.561,83.564,43900000,1
1528927440000,1528927499000,83.566,83.566,83.559,83.559,56070000,1
1528927500000,1528927559000,83.559,83.56,83.557,83.56,16020000,1
1528927560000,1528927619000,83.563,83.567,83.524,83.544,71960000,1
1528927620000,1528927679000,83.543,83.545,83.535,83.535,37000000,1
1528927680000,1528927739000,83.536,83.536,83.517,83.523,87140000,1
1528927740000,1528927799000,83.525,83.535,83.517,83.534,110340000,1
1528927800000,1528927859000,83.534,83.539,83.511,83.516,119360000,1
1528927860000,1528927919000,83.52,83.535,83.52,83.52,95950000,1
1528927920000,1528927979000,83.519,83.521,83.513,83.517,59440000,1
1528927980000,1528928039000,83.517,83.518,83.514,83.516,44400000,1
1528928040000,1528928099000,83.516,83.517,83.505,83.515,112480000,1
1528928100000,1528928159000,83.515,83.516,83.514,83.515,24000000,1
1528928160000,1528928219000,83.518,83.525,83.518,83.524,24000000,1
1528928220000,1528928279000,83.519,83.519,83.514,83.515,22380000,1
1528928280000,1528928339000,83.516,83.52,83.508,83.508,31260000,1
1528928340000,1528928399000,83.51,83.515,83.51,83.511,14390000,1
1528928400000,1528928459000,83.508,83.514,83.5,83.513,70280000,1
1528928460000,1528928519000,83.513,83.514,83.496,83.496,43010000,1
1528928520000,1528928579000,83.496,83.497,83.481,83.481,66400000,1
1528928580000,1528928639000,83.48,83.491,83.465,83.479,101090000,1
1528928640000,1528928699000,83.481,83.492,83.473,83.482,37940000,1
1528928700000,1528928759000,83.482,83.507,83.478,83.506,57120000,1
1528928760000,1528928819000,83.505,83.516,83.505,83.515,27190000,1
1528928820000,1528928879000,83.514,83.521,83.514,83.514,21690000,1
1528928880000,1528928939000,83.516,83.516,83.5,83.5,23950000,1
1528928940000,1528928999000,83.501,83.507,83.495,83.507,20410000,1
1528929000000,1528929059000,83.507,83.507,83.498,83.498,14060000,1
1528929060000,1528929119000,83.497,83.511,83.497,83.501,34980000,1
1528929120000,1528929179000,83.502,83.504,83.502,83.504,5000000,1
1528929180000,1528929239000,83.503,83.503,83.503,83.503,6500000,1
1528929240000,1528929299000,83.503,83.508,83.487,83.497,29070000,1
1528929300000,1528929359000,83.498,83.5,83.488,83.497,17880000,1
1528929360000,1528929419000,83.496,83.498,83.493,83.498,11000000,1
1528929420000,1528929479000,83.497,83.498,83.488,83.498,22190000,1
1528929480000,1528929539000,83.497,83.497,83.495,83.495,4000000,1
1528929540000,1528929599000,83.496,83.496,83.489,83.489,24260000,1
1528929600000,1528929659000,83.488,83.489,83.488,83.489,2500000,1
1528929660000,1528929719000,83.491,83.493,83.49,83.491,25760000,1
1528929720000,1528929779000,83.499,83.499,83.491,83.492,13500000,1
1528929780000,1528929839000,83.492,83.502,83.491,83.492,40780000,1
1528929840000,1528929899000,83.492,83.503,83.491,83.497,52000000,1
1528929900000,1528929959000,83.498,83.499,83.49,83.493,21630000,1
1528929960000,1528930019000,83.494,83.494,83.484,83.484,15940000,1
1528930020000,1528930079000,83.484,83.487,83.483,83.485,25940000,1
1528930080000,1528930139000,83.485,83.486,83.484,83.486,15000000,1
1528930140000,1528930199000,83.485,83.487,83.485,83.487,20140000,1
1528930200000,1528930259000,83.487,83.488,83.471,83.473,37630000,1
1528930260000,1528930319000,83.473,83.482,83.473,83.478,30250000,1
1528930320000,1528930379000,83.479,83.479,83.477,83.477,7250000,1
1528930380000,1528930439000,83.477,83.477,83.476,83.477,10700000,1
1528930440000,1528930499000,83.478,83.48,83.47,83.473,32080000,1
1528930500000,1528930559000,83.473,83.473,83.467,83.469,12000000,1
1528930560000,1528930619000,83.47,83.47,83.47,83.47,1000000,1
1528930620000,1528930679000,83.471,83.475,83.471,83.475,8000000,1
1528930680000,1528930739000,83.478,83.481,83.475,83.48,21000000,1
1528930740000,1528930799000,83.478,83.487,83.475,83.487,20000000,1
1528930800000,1528930859000,83.488,83.508,83.484,83.499,42000000,1
1528930860000,1528930919000,83.5,83.526,83.5,83.518,48920000,1
1528930920000,1528930979000,83.517,83.517,83.494,83.503,75510000,1
1528930980000,1528931039000,83.504,83.521,83.504,83.521,46480000,1
1528931040000,1528931099000,83.52,83.538,83.52,83.527,64080000,1
1528931100000,1528931159000,83.526,83.526,83.517,83.52,34750000,1
1528931160000,1528931219000,83.518,83.518,83.513,83.514,14170000,1
1528931220000,1528931279000,83.513,83.513,83.511,83.513,15650000,1
1528931280000,1528931339000,83.514,83.514,83.511,83.513,17160000,1
1528931340000,1528931399000,83.513,83.52,83.513,83.52,11610000,1
1528931400000,1528931459000,83.521,83.521,83.52,83.52,14600000,1
1528931460000,1528931519000,83.519,83.522,83.519,83.522,18290000,1
1528931520000,1528931579000,83.522,83.522,83.511,83.511,27100000,1
1528931580000,1528931639000,83.511,83.523,83.511,83.517,60830000,1
1528931640000,1528931699000,83.518,83.528,83.518,83.525,66280000,1
1528931700000,1528931759000,83.525,83.53,83.524,83.528,20970000,1
1528931760000,1528931819000,83.527,83.527,83.516,83.518,27750000,1
1528931820000,1528931879000,83.518,83.518,83.515,83.515,6860000,1
1528931880000,1528931939000,83.517,83.517,83.503,83.504,23610000,1
1528931940000,1528931999000,83.503,83.506,83.503,83.505,13720000,1
1528932000000,1528932059000,83.504,83.509,83.499,83.501,20030000,1
1528932060000,1528932119000,83.501,83.501,83.493,83.494,15490000,1
1528932120000,1528932179000,83.495,83.495,83.484,83.488,29780000,1
1528932180000,1528932239000,83.488,83.493,83.488,83.491,26370000,1
1528932240000,1528932299000,83.493,83.496,83.489,83.495,33750000,1
1528932300000,1528932359000,83.495,83.495,83.492,83.492,10740000,1
1528932360000,1528932419000,83.489,83.491,83.483,83.491,20820000,1
1528932420000,1528932479000,83.491,83.491,83.468,83.468,36540000,1
1528932480000,1528932539000,83.467,83.471,83.459,83.459,43790000,1
1528932540000,1528932599000,83.461,83.461,83.457,83.46,13240000,1
1528932600000,1528932659000,83.459,83.462,83.447,83.453,52050000,1
1528932660000,1528932719000,83.453,83.467,83.453,83.467,25920000,1
1528932720000,1528932779000,83.47,83.473,83.465,83.467,35090000,1
1528932780000,1528932839000,83.466,83.473,83.463,83.469,54380000,1
1528932840000,1528932899000,83.469,83.474,83.466,83.471,64150000,1
1528932900000,1528932959000,83.475,83.476,83.468,83.47,55580000,1
1528932960000,1528933019000,83.47,83.47,83.446,83.446,100790000,1
1528933020000,1528933079000,83.448,83.449,83.441,83.441,68200000,1
1528933080000,1528933139000,83.439,83.445,83.429,83.445,50550000,1
1528933140000,1528933199000,83.444,83.454,83.444,83.453,37500000,1
1528933200000,1528933259000,83.452,83.454,83.446,83.447,40110000,1
1528933260000,1528933319000,83.447,83.449,83.419,83.426,95990000,1
1528933320000,1528933379000,83.422,83.422,83.403,83.404,62930000,1
1528933380000,1528933439000,83.404,83.406,83.399,83.399,31370000,1
1528933440000,1528933499000,83.396,83.397,83.393,83.396,21380000,1
1528933500000,1528933559000,83.394,83.399,83.39,83.392,60190000,1
1528933560000,1528933619000,83.39,83.423,83.39,83.423,62510000,1
1528933620000,1528933679000,83.422,83.448,83.422,83.448,70600000,1
1528933680000,1528933739000,83.449,83.482,83.449,83.473,51120000,1
1528933740000,1528933799000,83.472,83.485,83.471,83.48,36120000,1
1528933800000,1528933859000,83.48,83.483,83.472,83.472,35970000,1
1528933860000,1528933919000,83.472,83.473,83.472,83.473,17990000,1
1528933920000,1528933979000,83.472,83.474,83.465,83.474,16120000,1
1528933980000,1528934039000,83.477,83.477,83.473,83.473,15980000,1
1528934040000,1528934099000,83.472,83.483,83.472,83.481,44580000,1
1528934100000,1528934159000,83.482,83.487,83.473,83.473,45570000,1
1528934160000,1528934219000,83.474,83.474,83.465,83.471,41000000,1
1528934220000,1528934279000,83.472,83.472,83.458,83.458,22360000,1
1528934280000,1528934339000,83.457,83.458,83.445,83.445,44590000,1
1528934340000,1528934399000,83.442,83.447,83.437,83.442,71810000,1
1528934400000,1528934459000,83.441,83.448,83.398,83.436,119290000,1
1528934460000,1528934519000,83.437,83.441,83.422,83.423,60440000,1
1528934520000,1528934579000,83.424,83.428,83.409,83.422,94450000,1
1528934580000,1528934639000,83.421,83.424,83.393,83.393,106740000,1
1528934640000,1528934699000,83.39,83.413,83.386,83.406,82530000,1
1528934700000,1528934759000,83.404,83.419,83.404,83.414,62910000,1
1528934760000,1528934819000,83.413,83.422,83.413,83.415,66970000,1
1528934820000,1528934879000,83.415,83.422,83.415,83.417,58440000,1
1528934880000,1528934939000,83.417,83.433,83.416,83.419,102380000,1
1528934940000,1528934999000,83.419,83.419,83.393,83.394,77710000,1
1528935000000,1528935059000,83.394,83.394,83.355,83.359,111890000,1
1528935060000,1528935119000,83.358,83.364,83.34,83.352,79150000,1
1528935120000,1528935179000,83.354,83.357,83.313,83.313,110230000,1
1528935180000,1528935239000,83.312,83.321,83.294,83.298,111130000,1
1528935240000,1528935299000,83.299,83.318,83.296,83.317,81060000,1
1528935300000,1528935359000,83.316,83.325,83.314,83.323,71370000,1
1528935360000,1528935419000,83.322,83.33,83.322,83.329,77090000,1
1528935420000,1528935479000,83.33,83.337,83.317,83.321,110570000,1
1528935480000,1528935539000,83.323,83.334,83.316,83.316,100880000,1
1528935540000,1528935599000,83.316,83.327,83.314,83.316,49820000,1
1528935600000,1528935659000,83.316,83.327,83.307,83.31,72420000,1
1528935660000,1528935719000,83.311,83.325,83.309,83.322,32680000,1
1528935720000,1528935779000,83.323,83.336,83.32,83.331,66920000,1
1528935780000,1528935839000,83.333,83.355,83.333,83.354,38060000,1
1528935840000,1528935899000,83.355,83.357,83.353,83.354,23000000,1
1528935900000,1528935959000,83.357,83.387,83.356,83.384,57350000,1
1528935960000,1528936019000,83.385,83.407,83.384,83.402,46060000,1
1528936020000,1528936079000,83.401,83.406,83.385,83.402,54970000,1
1528936080000,1528936139000,83.402,83.419,83.385,83.415,107270000,1
1528936140000,1528936199000,83.415,83.453,83.415,83.448,93200000,1
1528936200000,1528936259000,83.449,83.45,83.427,83.432,86860000,1
1528936260000,1528936319000,83.43,83.43,83.41,83.41,54430000,1
1528936320000,1528936379000,83.409,83.433,83.408,83.433,41400000,1
1528936380000,1528936439000,83.432,83.441,83.421,83.427,62650000,1
1528936440000,1528936499000,83.428,83.436,83.42,83.436,74980000,1
1528936500000,1528936559000,83.436,83.44,83.433,83.436,43170000,1
1528936560000,1528936619000,83.435,83.436,83.424,83.43,74710000,1
1528936620000,1528936679000,83.432,83.452,83.432,83.441,57720000,1
1528936680000,1528936739000,83.44,83.441,83.436,83.44,35950000,1
1528936740000,1528936799000,83.441,83.447,83.436,83.446,62000000,1
1528936800000,1528936859000,83.447,83.447,83.442,83.442,33400000,1
1528936860000,1528936919000,83.444,83.464,83.443,83.452,48670000,1
1528936920000,1528936979000,83.453,83.464,83.449,83.458,65620000,1
1528936980000,1528937039000,83.459,83.459,83.446,83.452,50810000,1
1528937040000,1528937099000,83.451,83.462,83.451,83.456,45290000,1
1528937100000,1528937159000,83.456,83.456,83.441,83.441,30240000,1
1528937160000,1528937219000,83.442,83.454,83.441,83.449,46580000,1
1528937220000,1528937279000,83.45,83.453,83.438,83.44,59610000,1
1528937280000,1528937339000,83.44,83.449,83.44,83.441,51450000,1
1528937340000,1528937399000,83.441,83.441,83.417,83.422,47530000,1
1528937400000,1528937459000,83.424,83.424,83.411,83.416,32440000,1
1528937460000,1528937519000,83.416,83.419,83.41,83.418,45800000,1
1528937520000,1528937579000,83.418,83.427,83.415,83.415,36850000,1
1528937580000,1528937639000,83.415,83.421,83.412,83.414,46190000,1
1528937640000,1528937699000,83.412,83.461,83.411,83.461,112190000,1
1528937700000,1528937759000,83.492,83.496,83.446,83.464,173900000,1
1528937760000,1528937819000,83.462,83.462,83.449,83.458,52240000,1
1528937820000,1528937879000,83.457,83.468,83.456,83.46,71340000,1
1528937880000,1528937939000,83.46,83.463,83.452,83.462,42190000,1
1528937940000,1528937999000,83.462,83.482,83.461,83.469,64730000,1
1528938000000,1528938059000,83.47,83.477,83.461,83.476,49000000,1
1528938060000,1528938119000,83.476,83.478,83.463,83.464,58600000,1
1528938120000,1528938179000,83.463,83.467,83.455,83.466,66600000,1
1528938180000,1528938239000,83.465,83.471,83.448,83.456,45850000,1
1528938240000,1528938299000,83.454,83.456,83.441,83.441,57110000,1
1528938300000,1528938359000,83.442,83.457,83.442,83.451,39360000,1
1528938360000,1528938419000,83.45,83.456,83.444,83.456,36000000,1
1528938420000,1528938479000,83.455,83.471,83.455,83.464,71220000,1
1528938480000,1528938539000,83.466,83.476,83.466,83.471,31570000,1
1528938540000,1528938599000,83.471,83.481,83.468,83.479,73640000,1
1528938600000,1528938659000,83.478,83.485,83.422,83.444,164330000,1
1528938660000,1528938719000,83.445,83.495,83.445,83.491,142300000,1
1528938720000,1528938779000,83.491,83.501,83.482,83.487,156720000,1
1528938780000,1528938839000,83.485,83.486,83.465,83.48,108930000,1
1528938840000,1528938899000,83.479,83.495,83.476,83.494,85380000,1
1528938900000,1528938959000,83.495,83.544,83.491,83.53,169100000,1
1528938960000,1528939019000,83.532,83.535,83.509,83.509,146910000,1
1528939020000,1528939079000,83.509,83.518,83.505,83.515,76350000,1
1528939080000,1528939139000,83.515,83.517,83.507,83.515,72680000,1
1528939140000,1528939199000,83.515,83.523,83.508,83.517,110680000,1
1528939200000,1528939259000,83.516,83.523,83.51,83.523,106650000,1
1528939260000,1528939319000,83.525,83.535,83.52,83.527,153230000,1
1528939320000,1528939379000,83.525,83.541,83.524,83.53,123490000,1
1528939380000,1528939439000,83.53,83.531,83.522,83.53,118320000,1
1528939440000,1528939499000,83.531,83.539,83.526,83.537,107700000,1
1528939500000,1528939559000,83.538,83.54,83.526,83.526,100590000,1
1528939560000,1528939619000,83.526,83.526,83.516,83.516,85220000,1
1528939620000,1528939679000,83.515,83.519,83.509,83.511,72110000,1
1528939680000,1528939739000,83.515,83.517,83.497,83.502,71920000,1
1528939740000,1528939799000,83.5,83.533,83.471,83.512,141760000,1
1528939800000,1528939859000,83.522,83.584,83.383,83.392,279730000,1
1528939860000,1528939919000,83.39,83.455,83.369,83.445,186920000,1
1528939920000,1528939979000,83.445,83.49,83.445,83.469,182260000,1
1528939980000,1528940039000,83.469,83.47,83.454,83.46,165840000,1
1528940040000,1528940099000,83.462,83.483,83.461,83.472,98230000,1
1528940100000,1528940159000,83.472,83.482,83.457,83.46,211650000,1
1528940160000,1528940219000,83.46,83.48,83.456,83.475,94690000,1
1528940220000,1528940279000,83.475,83.475,83.46,83.472,106190000,1
1528940280000,1528940339000,83.472,83.486,83.47,83.47,104010000,1
1528940340000,1528940399000,83.47,83.488,83.47,83.486,69790000,1
1528940400000,1528940459000,83.485,83.539,83.484,83.538,116620000,1
1528940460000,1528940519000,83.537,83.537,83.513,83.518,89870000,1
1528940520000,1528940579000,83.519,83.525,83.512,83.524,76740000,1
1528940580000,1528940639000,83.524,83.534,83.522,83.53,71090000,1
1528940640000,1528940699000,83.53,83.534,83.523,83.531,99000000,1
1528940700000,1528940759000,83.531,83.543,83.531,83.534,85570000,1
1528940760000,1528940819000,83.534,83.542,83.502,83.503,99790000,1
1528940820000,1528940879000,83.505,83.506,83.468,83.483,117800000,1
1528940880000,1528940939000,83.483,83.484,83.463,83.478,100870000,1
1528940940000,1528940999000,83.479,83.483,83.472,83.483,112170000,1
1528941000000,1528941059000,83.483,83.501,83.474,83.495,73250000,1
1528941060000,1528941119000,83.495,83.495,83.485,83.487,50230000,1
1528941120000,1528941179000,83.488,83.488,83.465,83.467,111330000,1
1528941180000,1528941239000,83.466,83.482,83.466,83.48,94570000,1
1528941240000,1528941299000,83.482,83.493,83.476,83.483,60320000,1
1528941300000,1528941359000,83.481,83.481,83.467,83.467,82210000,1
1528941360000,1528941419000,83.467,83.473,83.462,83.472,68850000,1
1528941420000,1528941479000,83.472,83.473,83.467,83.467,71040000,1
1528941480000,1528941539000,83.467,83.478,83.467,83.469,53780000,1
1528941540000,1528941599000,83.469,83.479,83.469,83.477,42920000,1
1528941600000,1528941659000,83.475,83.475,83.415,83.427,182030000,1
1528941660000,1528941719000,83.426,83.431,83.426,83.43,53680000,1
1528941720000,1528941779000,83.428,83.438,83.412,83.412,111280000,1
1528941780000,1528941839000,83.411,83.416,83.388,83.399,106470000,1
1528941840000,1528941899000,83.401,83.409,83.393,83.409,73580000,1
1528941900000,1528941959000,83.409,83.41,83.394,83.397,56950000,1
1528941960000,1528942019000,83.397,83.405,83.384,83.403,62890000,1
1528942020000,1528942079000,83.403,83.403,83.37,83.37,68340000,1
1528942080000,1528942139000,83.37,83.372,83.352,83.372,82600000,1
1528942140000,1528942199000,83.372,83.39,83.369,83.388,71160000,1
1528942200000,1528942259000,83.387,83.387,83.371,83.372,60160000,1
1528942260000,1528942319000,83.372,83.372,83.325,83.335,141890000,1
1528942320000,1528942379000,83.336,83.337,83.32,83.32,62470000,1
1528942380000,1528942439000,83.322,83.328,83.318,83.318,70100000,1
1528942440000,1528942499000,83.318,83.334,83.318,83.327,69080000,1
1528942500000,1528942559000,83.327,83.329,83.322,83.323,117070000,1
1528942560000,1528942619000,83.323,83.333,83.318,83.32,86740000,1
1528942620000,1528942679000,83.322,83.336,83.313,83.318,141650000,1
1528942680000,1528942739000,83.318,83.326,83.309,83.325,64050000,1
1528942740000,1528942799000,83.325,83.332,83.321,83.331,85560000,1
1528942800000,1528942859000,83.331,83.348,83.33,83.348,77770000,1
1528942860000,1528942919000,83.347,83.392,83.347,83.386,108690000,1
1528942920000,1528942979000,83.386,83.386,83.372,83.383,81610000,1
1528942980000,1528943039000,83.383,83.383,83.377,83.382,57590000,1
1528943040000,1528943099000,83.382,83.392,83.368,83.373,74600000,1
1528943100000,1528943159000,83.374,83.383,83.374,83.377,18250000,1
1528943160000,1528943219000,83.375,83.375,83.351,83.351,95790000,1
1528943220000,1528943279000,83.352,83.355,83.324,83.328,113170000,1
1528943280000,1528943339000,83.327,83.329,83.31,83.325,103920000,1
1528943340000,1528943399000,83.325,83.347,83.325,83.338,118200000,1
1528943400000,1528943459000,83.339,83.343,83.331,83.341,96570000,1
1528943460000,1528943519000,83.341,83.358,83.341,83.358,80740000,1
1528943520000,1528943579000,83.358,83.365,83.342,83.342,99230000,1
1528943580000,1528943639000,83.342,83.342,83.334,83.336,60230000,1
1528943640000,1528943699000,83.336,83.339,83.334,83.337,51770000,1
1528943700000,1528943759000,83.337,83.348,83.334,83.348,118010000,1
1528943760000,1528943819000,83.351,83.358,83.351,83.356,37830000,1
1528943820000,1528943879000,83.356,83.357,83.354,83.356,15760000,1
1528943880000,1528943939000,83.356,83.358,83.355,83.355,30750000,1
1528943940000,1528943999000,83.355,83.355,83.346,83.355,31660000,1
1528944000000,1528944059000,83.356,83.359,83.355,83.357,20360000,1
1528944060000,1528944119000,83.356,83.357,83.355,83.355,18990000,1
1528944120000,1528944179000,83.353,83.364,83.351,83.364,45560000,1
1528944180000,1528944239000,83.363,83.363,83.358,83.362,69750000,1
1528944240000,1528944299000,83.363,83.367,83.348,83.348,57940000,1
1528944300000,1528944359000,83.349,83.349,83.315,83.315,83770000,1
1528944360000,1528944419000,83.316,83.32,83.308,83.312,83560000,1
1528944420000,1528944479000,83.311,83.318,83.298,83.316,89920000,1
1528944480000,1528944539000,83.315,83.329,83.313,83.326,107590000,1
1528944540000,1528944599000,83.326,83.335,83.326,83.333,75230000,1
1528944600000,1528944659000,83.332,83.343,83.33,83.339,71440000,1
1528944660000,1528944719000,83.339,83.34,83.316,83.319,61180000,1
1528944720000,1528944779000,83.319,83.332,83.317,83.326,54410000,1
1528944780000,1528944839000,83.326,83.328,83.316,83.316,78380000,1
1528944840000,1528944899000,83.314,83.314,83.301,83.308,75120000,1
1528944900000,1528944959000,83.307,83.319,83.302,83.319,87170000,1
1528944960000,1528945019000,83.322,83.326,83.314,83.319,104650000,1
1528945020000,1528945079000,83.32,83.32,83.299,83.303,117730000,1
1528945080000,1528945139000,83.302,83.307,83.293,83.301,95840000,1
1528945140000,1528945199000,83.304,83.306,83.288,83.296,147390000,1
1528945200000,1528945259000,83.295,83.295,83.231,83.234,151050000,1
1528945260000,1528945319000,83.234,83.241,83.226,83.241,113820000,1
1528945320000,1528945379000,83.241,83.244,83.229,83.244,125180000,1
1528945380000,1528945439000,83.244,83.246,83.24,83.241,70950000,1
1528945440000,1528945499000,83.241,83.248,83.239,83.243,41010000,1
1528945500000,1528945559000,83.242,83.246,83.24,83.241,79180000,1
1528945560000,1528945619000,83.241,83.246,83.237,83.246,51260000,1
1528945620000,1528945679000,83.246,83.252,83.242,83.252,74410000,1
1528945680000,1528945739000,83.253,83.279,83.253,83.277,113870000,1
1528945740000,1528945799000,83.279,83.296,83.279,83.294,37740000,1
1528945800000,1528945859000,83.295,83.306,83.293,83.304,31880000,1
1528945860000,1528945919000,83.306,83.316,83.306,83.316,35210000,1
1528945920000,1528945979000,83.316,83.316,83.305,83.305,46790000,1
1528945980000,1528946039000,83.304,83.305,83.297,83.303,56120000,1
1528946040000,1528946099000,83.303,83.311,83.297,83.3,66880000,1
1528946100000,1528946159000,83.3,83.3,83.273,83.273,84000000,1
1528946160000,1528946219000,83.273,83.273,83.256,83.266,41930000,1
1528946220000,1528946279000,83.267,83.272,83.247,83.25,98320000,1
1528946280000,1528946339000,83.252,83.255,83.25,83.255,70460000,1
1528946340000,1528946399000,83.257,83.261,83.253,83.259,87060000,1
1528946400000,1528946459000,83.26,83.263,83.258,83.262,75200000,1
1528946460000,1528946519000,83.262,83.272,83.258,83.267,87730000,1
1528946520000,1528946579000,83.269,83.27,83.263,83.263,63150000,1
1528946580000,1528946639000,83.262,83.266,83.257,83.265,68720000,1
1528946640000,1528946699000,83.264,83.277,83.26,83.277,29240000,1
1528946700000,1528946759000,83.277,83.286,83.274,83.286,34840000,1
1528946760000,1528946819000,83.286,83.291,83.284,83.289,43500000,1
1528946820000,1528946879000,83.289,83.29,83.282,83.29,33570000,1
1528946880000,1528946939000,83.287,83.305,83.285,83.301,62200000,1
1528946940000,1528946999000,83.302,83.304,83.299,83.304,42440000,1
1528947000000,1528947059000,83.304,83.305,83.303,83.303,39600000,1
1528947060000,1528947119000,83.302,83.304,83.298,83.298,57600000,1
1528947120000,1528947179000,83.298,83.298,83.282,83.283,90640000,1
1528947180000,1528947239000,83.283,83.296,83.283,83.289,74510000,1
1528947240000,1528947299000,83.289,83.294,83.287,83.291,44910000,1
1528947300000,1528947359000,83.292,83.297,83.292,83.297,37350000,1
1528947360000,1528947419000,83.296,83.309,83.296,83.309,34240000,1
1528947420000,1528947479000,83.309,83.321,83.309,83.32,27310000,1
1528947480000,1528947539000,83.321,83.331,83.317,83.317,43750000,1
1528947540000,1528947599000,83.317,83.346,83.317,83.338,74610000,1
1528947600000,1528947659000,83.338,83.344,83.336,83.341,45300000,1
1528947660000,1528947719000,83.342,83.346,83.342,83.346,27370000,1
1528947720000,1528947779000,83.347,83.348,83.335,83.339,51910000,1
1528947780000,1528947839000,83.338,83.344,83.335,83.342,56770000,1
1528947840000,1528947899000,83.342,83.357,83.342,83.351,56400000,1
1528947900000,1528947959000,83.35,83.383,83.35,83.38,76750000,1
1528947960000,1528948019000,83.378,83.38,83.359,83.362,66710000,1
1528948020000,1528948079000,83.364,83.368,83.361,83.363,36450000,1
1528948080000,1528948139000,83.362,83.362,83.351,83.351,33010000,1
1528948140000,1528948199000,83.351,83.351,83.338,83.341,42670000,1
1528948200000,1528948259000,83.341,83.348,83.338,83.342,67100000,1
1528948260000,1528948319000,83.342,83.362,83.342,83.362,57150000,1
1528948320000,1528948379000,83.362,83.391,83.362,83.38,84310000,1
1528948380000,1528948439000,83.381,83.381,83.364,83.378,63360000,1
1528948440000,1528948499000,83.375,83.375,83.353,83.374,67130000,1
1528948500000,1528948559000,83.374,83.374,83.363,83.364,48320000,1
1528948560000,1528948619000,83.365,83.367,83.364,83.365,35390000,1
1528948620000,1528948679000,83.365,83.366,83.364,83.365,15010000,1
1528948680000,1528948739000,83.364,83.367,83.364,83.365,32320000,1
1528948740000,1528948799000,83.365,83.368,83.358,83.368,35900000,1
1528948800000,1528948859000,83.367,83.368,83.352,83.359,38260000,1
1528948860000,1528948919000,83.36,83.36,83.36,83.36,7260000,1
1528948920000,1528948979000,83.359,83.364,83.359,83.362,29330000,1
1528948980000,1528949039000,83.363,83.363,83.361,83.361,20510000,1
1528949040000,1528949099000,83.362,83.362,83.353,83.353,44060000,1
1528949100000,1528949159000,83.354,83.354,83.345,83.345,29690000,1
1528949160000,1528949219000,83.346,83.346,83.338,83.34,34230000,1
1528949220000,1528949279000,83.343,83.354,83.342,83.353,91400000,1
1528949280000,1528949339000,83.354,83.355,83.35,83.353,65900000,1
1528949340000,1528949399000,83.354,83.354,83.339,83.339,77150000,1
1528949400000,1528949459000,83.34,83.35,83.339,83.35,58550000,1
1528949460000,1528949519000,83.35,83.35,83.345,83.345,31600000,1
1528949520000,1528949579000,83.345,83.347,83.345,83.347,7930000,1
1528949580000,1528949639000,83.348,83.362,83.345,83.362,38840000,1
1528949640000,1528949699000,83.361,83.366,83.359,83.359,35370000,1
1528949700000,1528949759000,83.359,83.369,83.357,83.364,29750000,1
1528949760000,1528949819000,83.363,83.366,83.344,83.346,53020000,1
1528949820000,1528949879000,83.346,83.346,83.328,83.333,51000000,1
1528949880000,1528949939000,83.334,83.345,83.329,83.335,44310000,1
1528949940000,1528949999000,83.335,83.343,83.335,83.339,52420000,1
1528950000000,1528950059000,83.341,83.342,83.338,83.338,33310000,1
1528950060000,1528950119000,83.338,83.339,83.328,83.329,58160000,1
1528950120000,1528950179000,83.33,83.338,83.329,83.338,51240000,1
1528950180000,1528950239000,83.334,83.344,83.334,83.344,49010000,1
1528950240000,1528950299000,83.345,83.345,83.342,83.342,19310000,1
1528950300000,1528950359000,83.342,83.342,83.342,83.342,8630000,1
1528950360000,1528950419000,83.341,83.35,83.339,83.346,36560000,1
1528950420000,1528950479000,83.345,83.345,83.338,83.338,31380000,1
1528950480000,1528950539000,83.338,83.357,83.338,83.349,45460000,1
1528950540000,1528950599000,83.347,83.351,83.343,83.343,34690000,1
1528950600000,1528950659000,83.343,83.354,83.343,83.345,45280000,1
1528950660000,1528950719000,83.346,83.346,83.335,83.335,45430000,1
1528950720000,1528950779000,83.335,83.335,83.325,83.333,39600000,1
1528950780000,1528950839000,83.333,83.342,83.333,83.337,51350000,1
1528950840000,1528950899000,83.337,83.351,83.337,83.349,30970000,1
1528950900000,1528950959000,83.35,83.35,83.338,83.346,79250000,1
1528950960000,1528951019000,83.347,83.361,83.347,83.361,42870000,1
1528951020000,1528951079000,83.36,83.366,83.36,83.364,29500000,1
1528951080000,1528951139000,83.364,83.364,83.339,83.339,34120000,1
1528951140000,1528951199000,83.338,83.338,83.335,83.335,24310000,1
1528951200000,1528951259000,83.335,83.337,83.324,83.326,59750000,1
1528951260000,1528951319000,83.327,83.343,83.327,83.34,90690000,1
1528951320000,1528951379000,83.339,83.342,83.338,83.342,26310000,1
1528951380000,1528951439000,83.343,83.346,83.343,83.345,26440000,1
1528951440000,1528951499000,83.344,83.347,83.344,83.347,23570000,1
1528951500000,1528951559000,83.348,83.354,83.348,83.351,23250000,1
1528951560000,1528951619000,83.35,83.353,83.343,83.348,50750000,1
1528951620000,1528951679000,83.348,83.354,83.337,83.337,97780000,1
1528951680000,1528951739000,83.338,83.341,83.334,83.341,69640000,1
1528951740000,1528951799000,83.341,83.341,83.335,83.338,48350000,1
1528951800000,1528951859000,83.336,83.336,83.322,83.325,48380000,1
1528951860000,1528951919000,83.325,83.331,83.324,83.324,34840000,1
1528951920000,1528951979000,83.324,83.326,83.317,83.317,25830000,1
1528951980000,1528952039000,83.317,83.334,83.317,83.334,26550000,1
1528952040000,1528952099000,83.334,83.348,83.334,83.343,39160000,1
1528952100000,1528952159000,83.343,83.343,83.321,83.323,41080000,1
1528952160000,1528952219000,83.326,83.35,83.326,83.349,73600000,1
1528952220000,1528952279000,83.349,83.349,83.339,83.348,28990000,1
1528952280000,1528952339000,83.348,83.351,83.346,83.351,33800000,1
1528952340000,1528952399000,83.35,83.364,83.35,83.355,62680000,1
1528952400000,1528952459000,83.354,83.357,83.34,83.341,82970000,1
1528952460000,1528952519000,83.339,83.339,83.304,83.315,132670000,1
1528952520000,1528952579000,83.316,83.322,83.313,83.322,45960000,1
1528952580000,1528952639000,83.322,83.331,83.317,83.317,96410000,1
1528952640000,1528952699000,83.317,83.317,83.307,83.309,52230000,1
1528952700000,1528952759000,83.309,83.317,83.309,83.317,63580000,1
1528952760000,1528952819000,83.317,83.317,83.292,83.298,107310000,1
1528952820000,1528952879000,83.298,83.308,83.298,83.307,61110000,1
1528952880000,1528952939000,83.306,83.309,83.304,83.309,52450000,1
1528952940000,1528952999000,83.309,83.309,83.29,83.297,63930000,1
1528953000000,1528953059000,83.295,83.295,83.276,83.291,117290000,1
1528953060000,1528953119000,83.291,83.303,83.291,83.302,61720000,1
1528953120000,1528953179000,83.302,83.306,83.302,83.306,31040000,1
1528953180000,1528953239000,83.306,83.311,83.297,83.311,98690000,1
1528953240000,1528953299000,83.311,83.317,83.305,83.307,132750000,1
1528953300000,1528953359000,83.307,83.32,83.307,83.315,67540000,1
1528953360000,1528953419000,83.315,83.315,83.307,83.313,35230000,1
1528953420000,1528953479000,83.315,83.33,83.309,83.31,102970000,1
1528953480000,1528953539000,83.312,83.314,83.293,83.303,102640000,1
1528953540000,1528953599000,83.303,83.31,83.301,83.31,57820000,1
1528953600000,1528953659000,83.311,83.316,83.306,83.307,45020000,1
1528953660000,1528953719000,83.307,83.308,83.295,83.297,53170000,1
1528953720000,1528953779000,83.297,83.31,83.293,83.306,117580000,1
1528953780000,1528953839000,83.307,83.325,83.295,83.295,115790000,1
1528953840000,1528953899000,83.294,83.299,83.289,83.294,73180000,1
1528953900000,1528953959000,83.294,83.298,83.279,83.28,55730000,1
1528953960000,1528954019000,83.28,83.28,83.244,83.247,93680000,1
1528954020000,1528954079000,83.247,83.26,83.247,83.251,84450000,1
1528954080000,1528954139000,83.25,83.251,83.246,83.251,54610000,1
1528954140000,1528954199000,83.251,83.252,83.229,83.231,99540000,1
1528954200000,1528954259000,83.23,83.233,83.216,83.218,93650000,1
1528954260000,1528954319000,83.219,83.223,83.206,83.214,113320000,1
1528954320000,1528954379000,83.214,83.22,83.208,83.217,83160000,1
1528954380000,1528954439000,83.213,83.213,83.199,83.202,140430000,1
1528954440000,1528954499000,83.203,83.212,83.203,83.211,40000000,1
1528954500000,1528954559000,83.211,83.211,83.184,83.184,58910000,1
1528954560000,1528954619000,83.184,83.187,83.173,83.178,102530000,1
1528954620000,1528954679000,83.177,83.189,83.17,83.188,116750000,1
1528954680000,1528954739000,83.187,83.199,83.182,83.197,73570000,1
1528954740000,1528954799000,83.196,83.196,83.167,83.171,115400000,1
1528954800000,1528954859000,83.172,83.178,83.159,83.177,103040000,1
1528954860000,1528954919000,83.177,83.193,83.175,83.185,98670000,1
1528954920000,1528954979000,83.183,83.183,83.143,83.151,99940000,1
1528954980000,1528955039000,83.15,83.151,83.123,83.123,76310000,1
1528955040000,1528955099000,83.125,83.131,83.102,83.108,118460000,1
1528955100000,1528955159000,83.108,83.143,83.106,83.14,75040000,1
1528955160000,1528955219000,83.142,83.153,83.127,83.131,56370000,1
1528955220000,1528955279000,83.131,83.134,83.123,83.127,114620000,1
1528955280000,1528955339000,83.127,83.131,83.124,83.125,63330000,1
1528955340000,1528955399000,83.124,83.155,83.123,83.155,89730000,1
1528955400000,1528955459000,83.154,83.173,83.152,83.165,86430000,1
1528955460000,1528955519000,83.165,83.167,83.151,83.154,77370000,1
1528955520000,1528955579000,83.155,83.174,83.154,83.174,41610000,1
1528955580000,1528955639000,83.175,83.185,83.174,83.176,102020000,1
1528955640000,1528955699000,83.175,83.175,83.17,83.171,26800000,1
1528955700000,1528955759000,83.169,83.169,83.161,83.166,44450000,1
1528955760000,1528955819000,83.164,83.173,83.163,83.172,32930000,1
1528955820000,1528955879000,83.173,83.174,83.157,83.159,60120000,1
1528955880000,1528955939000,83.159,83.165,83.151,83.162,66310000,1
1528955940000,1528955999000,83.161,83.163,83.134,83.136,109330000,1
1528956000000,1528956059000,83.138,83.138,83.098,83.111,189390000,1
1528956060000,1528956119000,83.111,83.117,83.103,83.111,82900000,1
1528956120000,1528956179000,83.11,83.113,83.1,83.113,51790000,1
1528956180000,1528956239000,83.113,83.153,83.113,83.142,172170000,1
1528956240000,1528956299000,83.143,83.162,83.141,83.154,155530000,1
1528956300000,1528956359000,83.155,83.157,83.131,83.136,116400000,1
1528956360000,1528956419000,83.136,83.145,83.133,83.135,108330000,1
1528956420000,1528956479000,83.136,83.136,83.093,83.11,125320000,1
1528956480000,1528956539000,83.11,83.126,83.106,83.118,92690000,1
1528956540000,1528956599000,83.119,83.143,83.118,83.131,90260000,1
1528956600000,1528956659000,83.13,83.133,83.121,83.122,81950000,1
1528956660000,1528956719000,83.123,83.138,83.117,83.136,110110000,1
1528956720000,1528956779000,83.136,83.139,83.114,83.124,110980000,1
1528956780000,1528956839000,83.127,83.144,83.125,83.142,77780000,1
1528956840000,1528956899000,83.143,83.143,83.134,83.139,63260000,1
1528956900000,1528956959000,83.139,83.145,83.136,83.136,87570000,1
1528956960000,1528957019000,83.139,83.163,83.138,83.143,133120000,1
1528957020000,1528957079000,83.142,83.151,83.132,83.133,145870000,1
1528957080000,1528957139000,83.133,83.145,83.131,83.142,138020000,1
1528957140000,1528957199000,83.143,83.149,83.133,83.133,68980000,1
1528957200000,1528957259000,83.13,83.13,83.104,83.126,114270000,1
1528957260000,1528957319000,83.126,83.133,83.124,83.129,109150000,1
1528957320000,1528957379000,83.127,83.132,83.118,83.122,163640000,1
1528957380000,1528957439000,83.121,83.146,83.121,83.124,125520000,1
1528957440000,1528957499000,83.126,83.146,83.125,83.139,102650000,1
1528957500000,1528957559000,83.139,83.144,83.137,83.143,89460000,1
1528957560000,1528957619000,83.143,83.149,83.139,83.146,115600000,1
1528957620000,1528957679000,83.145,83.15,83.138,83.144,106420000,1
1528957680000,1528957739000,83.144,83.145,83.137,83.138,75020000,1
1528957740000,1528957799000,83.138,83.139,83.126,83.135,63570000,1
1528957800000,1528957859000,83.136,83.15,83.135,83.15,70080000,1
1528957860000,1528957919000,83.15,83.157,83.146,83.152,87560000,1
1528957920000,1528957979000,83.154,83.157,83.139,83.14,114680000,1
1528957980000,1528958039000,83.142,83.142,83.124,83.129,127280000,1
1528958040000,1528958099000,83.129,83.132,83.114,83.117,101580000,1
1528958100000,1528958159000,83.118,83.12,83.106,83.111,68880000,1
1528958160000,1528958219000,83.112,83.114,83.099,83.102,100750000,1
1528958220000,1528958279000,83.098,83.102,83.092,83.096,77190000,1
1528958280000,1528958339000,83.096,83.106,83.093,83.097,105850000,1
1528958340000,1528958399000,83.097,83.102,83.082,83.1,125340000,1
1528958400000,1528958459000,83.102,83.102,83.064,83.08,169300000,1
1528958460000,1528958519000,83.079,83.079,83.068,83.068,111830000,1
1528958520000,1528958579000,83.067,83.101,83.066,83.101,111310000,1
1528958580000,1528958639000,83.1,83.1,83.08,83.08,89780000,1
1528958640000,1528958699000,83.081,83.087,83.074,83.079,131490000,1
1528958700000,1528958759000,83.079,83.096,83.079,83.096,129600000,1
1528958760000,1528958819000,83.094,83.099,83.089,83.089,49040000,1
1528958820000,1528958879000,83.088,83.088,83.07,83.084,137040000,1
1528958880000,1528958939000,83.083,83.083,83.053,83.066,142020000,1
1528958940000,1528958999000,83.066,83.073,83.063,83.066,62000000,1
1528959000000,1528959059000,83.066,83.071,83.046,83.046,119450000,1
1528959060000,1528959119000,83.045,83.056,83.044,83.056,129890000,1
1528959120000,1528959179000,83.056,83.086,83.056,83.081,109890000,1
1528959180000,1528959239000,83.077,83.083,83.076,83.079,134070000,1
1528959240000,1528959299000,83.079,83.096,83.079,83.096,117600000,1
1528959300000,1528959359000,83.096,83.106,83.086,83.099,109040000,1
1528959360000,1528959419000,83.104,83.123,83.101,83.119,112280000,1
1528959420000,1528959479000,83.12,83.126,83.116,83.123,94820000,1
1528959480000,1528959539000,83.123,83.134,83.123,83.13,130590000,1
1528959540000,1528959599000,83.13,83.136,83.114,83.114,101620000,1
1528959600000,1528959659000,83.115,83.122,83.103,83.116,144360000,1
1528959660000,1528959719000,83.116,83.139,83.113,83.137,99250000,1
1528959720000,1528959779000,83.138,83.159,83.135,83.159,143370000,1
1528959780000,1528959839000,83.161,83.167,83.157,83.164,104080000,1
1528959840000,1528959899000,83.166,83.17,83.138,83.138,130520000,1
1528959900000,1528959959000,83.142,83.154,83.14,83.149,88650000,1
1528959960000,1528960019000,83.148,83.153,83.143,83.147,87370000,1
1528960020000,1528960079000,83.147,83.151,83.135,83.14,85120000,1
1528960080000,1528960139000,83.14,83.148,83.13,83.144,120110000,1
1528960140000,1528960199000,83.145,83.155,83.143,83.143,116500000,1
1528960200000,1528960259000,83.142,83.142,83.127,83.13,92770000,1
1528960260000,1528960319000,83.13,83.13,83.116,83.119,94830000,1
1528960320000,1528960379000,83.121,83.132,83.111,83.121,112650000,1
1528960380000,1528960439000,83.12,83.123,83.112,83.117,84010000,1
1528960440000,1528960499000,83.118,83.122,83.105,83.122,90190000,1
1528960500000,1528960559000,83.121,83.121,83.097,83.098,96170000,1
1528960560000,1528960619000,83.097,83.098,83.065,83.067,116820000,1
1528960620000,1528960679000,83.067,83.067,83.059,83.06,85290000,1
1528960680000,1528960739000,83.06,83.067,83.053,83.053,137750000,1
1528960740000,1528960799000,83.053,83.053,83.043,83.043,106910000,1
1528960800000,1528960859000,83.045,83.045,83.014,83.014,114950000,1
1528960860000,1528960919000,83.013,83.016,82.996,83.016,116490000,1
1528960920000,1528960979000,83.014,83.021,83.002,83.002,113330000,1
1528960980000,1528961039000,83.003,83.044,83.003,83.037,89130000,1
1528961040000,1528961099000,83.038,83.05,83.036,83.048,37620000,1
1528961100000,1528961159000,83.047,83.051,83.045,83.051,46040000,1
1528961160000,1528961219000,83.051,83.051,83.037,83.037,67490000,1
1528961220000,1528961279000,83.036,83.053,83.036,83.05,89680000,1
1528961280000,1528961339000,83.049,83.053,83.041,83.053,86630000,1
1528961340000,1528961399000,83.054,83.066,83.043,83.06,112610000,1
1528961400000,1528961459000,83.058,83.059,83.042,83.046,158410000,1
1528961460000,1528961519000,83.046,83.07,83.046,83.07,106130000,1
1528961520000,1528961579000,83.07,83.075,83.067,83.075,113770000,1
1528961580000,1528961639000,83.075,83.079,83.064,83.07,152550000,1
1528961640000,1528961699000,83.069,83.081,83.068,83.079,64420000,1
1528961700000,1528961759000,83.079,83.098,83.078,83.094,86810000,1
1528961760000,1528961819000,83.094,83.127,83.094,83.123,91100000,1
1528961820000,1528961879000,83.124,83.126,83.098,83.098,102140000,1
1528961880000,1528961939000,83.097,83.117,83.086,83.111,111060000,1
1528961940000,1528961999000,83.111,83.111,83.084,83.086,118800000,1
1528962000000,1528962059000,83.086,83.089,83.081,83.087,80150000,1
1528962060000,1528962119000,83.087,83.089,83.076,83.077,94070000,1
1528962120000,1528962179000,83.076,83.078,83.056,83.064,70700000,1
1528962180000,1528962239000,83.063,83.07,83.06,83.067,68390000,1
1528962240000,1528962299000,83.066,83.074,83.061,83.074,99720000,1
1528962300000,1528962359000,83.075,83.085,83.073,83.078,81850000,1
1528962360000,1528962419000,83.078,83.083,83.075,83.079,95230000,1
1528962420000,1528962479000,83.079,83.099,83.078,83.097,74290000,1
1528962480000,1528962539000,83.098,83.103,83.087,83.101,83990000,1
1528962540000,1528962599000,83.102,83.117,83.102,83.105,75360000,1
1528962600000,1528962659000,83.105,83.108,83.098,83.105,90090000,1
1528962660000,1528962719000,83.105,83.128,83.105,83.127,93540000,1
1528962720000,1528962779000,83.127,83.132,83.109,83.109,95360000,1
1528962780000,1528962839000,83.109,83.137,83.109,83.135,73920000,1
1528962840000,1528962899000,83.133,83.135,83.122,83.123,140040000,1
1528962900000,1528962959000,83.122,83.13,83.111,83.12,93580000,1
1528962960000,1528963019000,83.119,83.122,83.107,83.107,121420000,1
1528963020000,1528963079000,83.107,83.111,83.098,83.104,131060000,1
1528963080000,1528963139000,83.102,83.115,83.089,83.115,126330000,1
1528963140000,1528963199000,83.117,83.125,83.113,83.117,113110000,1
1528963200000,1528963259000,83.116,83.127,83.116,83.12,102420000,1
1528963260000,1528963319000,83.12,83.134,83.12,83.132,114930000,1
1528963320000,1528963379000,83.131,83.149,83.131,83.145,98800000,1
1528963380000,1528963439000,83.146,83.153,83.138,83.146,108730000,1
1528963440000,1528963499000,83.144,83.155,83.131,83.139,153090000,1
1528963500000,1528963559000,83.139,83.145,83.127,83.13,162090000,1
1528963560000,1528963619000,83.13,83.135,83.127,83.131,114810000,1
1528963620000,1528963679000,83.13,83.132,83.123,83.129,69910000,1
1528963680000,1528963739000,83.128,83.145,83.121,83.144,123820000,1
1528963740000,1528963799000,83.145,83.147,83.133,83.14,118760000,1
1528963800000,1528963859000,83.141,83.153,83.139,83.152,63360000,1
1528963860000,1528963919000,83.149,83.153,83.138,83.14,88690000,1
1528963920000,1528963979000,83.14,83.14,83.117,83.117,68920000,1
1528963980000,1528964039000,83.118,83.131,83.118,83.124,98290000,1
1528964040000,1528964099000,83.125,83.125,83.119,83.122,51300000,1
1528964100000,1528964159000,83.121,83.125,83.111,83.116,90170000,1
1528964160000,1528964219000,83.114,83.121,83.11,83.11,84780000,1
1528964220000,1528964279000,83.111,83.124,83.111,83.123,60460000,1
1528964280000,1528964339000,83.124,83.128,83.122,83.124,44120000,1
1528964340000,1528964399000,83.125,83.136,83.124,83.135,66810000,1
1528964400000,1528964459000,83.135,83.144,83.126,83.126,75610000,1
1528964460000,1528964519000,83.125,83.136,83.12,83.133,110000000,1
1528964520000,1528964579000,83.134,83.141,83.13,83.138,108550000,1
1528964580000,1528964639000,83.137,83.154,83.132,83.152,72940000,1
1528964640000,1528964699000,83.152,83.173,83.151,83.171,57810000,1
1528964700000,1528964759000,83.17,83.171,83.158,83.165,84010000,1
1528964760000,1528964819000,83.164,83.164,83.153,83.153,126710000,1
1528964820000,1528964879000,83.152,83.156,83.152,83.156,43350000,1
1528964880000,1528964939000,83.157,83.172,83.157,83.17,33870000,1
1528964940000,1528964999000,83.171,83.177,83.169,83.176,27000000,1
1528965000000,1528965059000,83.174,83.189,83.172,83.188,108100000,1
1528965060000,1528965119000,83.188,83.19,83.179,83.183,38240000,1
1528965120000,1528965179000,83.182,83.182,83.163,83.164,105710000,1
1528965180000,1528965239000,83.165,83.183,83.165,83.179,86540000,1
1528965240000,1528965299000,83.18,83.185,83.178,83.184,37790000,1
1528965300000,1528965359000,83.183,83.184,83.178,83.183,77230000,1
1528965360000,1528965419000,83.182,83.199,83.182,83.195,68590000,1
1528965420000,1528965479000,83.193,83.199,83.182,83.192,76920000,1
1528965480000,1528965539000,83.192,83.203,83.187,83.19,88230000,1
1528965540000,1528965599000,83.19,83.196,83.187,83.195,100530000,1
1528965600000,1528965659000,83.195,83.204,83.192,83.204,115590000,1
1528965660000,1528965719000,83.203,83.205,83.198,83.201,81690000,1
1528965720000,1528965779000,83.202,83.209,83.202,83.203,64870000,1
1528965780000,1528965839000,83.202,83.203,83.192,83.193,132750000,1
1528965840000,1528965899000,83.192,83.195,83.189,83.192,61150000,1
1528965900000,1528965959000,83.19,83.194,83.165,83.165,83500000,1
1528965960000,1528966019000,83.164,83.167,83.151,83.152,90880000,1
1528966020000,1528966079000,83.153,83.159,83.152,83.157,65340000,1
1528966080000,1528966139000,83.156,83.161,83.146,83.159,60450000,1
1528966140000,1528966199000,83.159,83.16,83.143,83.145,60890000,1
1528966200000,1528966259000,83.145,83.153,83.139,83.152,116630000,1
1528966260000,1528966319000,83.152,83.158,83.147,83.157,77150000,1
1528966320000,1528966379000,83.158,83.165,83.151,83.155,96830000,1
1528966380000,1528966439000,83.154,83.156,83.145,83.152,92470000,1
1528966440000,1528966499000,83.153,83.156,83.147,83.155,84440000,1
1528966500000,1528966559000,83.153,83.153,83.14,83.141,60710000,1
1528966560000,1528966619000,83.14,83.152,83.139,83.152,85680000,1
1528966620000,1528966679000,83.153,83.162,83.152,83.16,112260000,1
1528966680000,1528966739000,83.159,83.165,83.153,83.162,79890000,1
1528966740000,1528966799000,83.163,83.174,83.156,83.158,105920000,1
1528966800000,1528966859000,83.158,83.173,83.156,83.167,157170000,1
1528966860000,1528966919000,83.168,83.168,83.15,83.153,115190000,1
1528966920000,1528966979000,83.156,83.162,83.156,83.161,87280000,1
1528966980000,1528967039000,83.161,83.19,83.161,83.178,127760000,1
1528967040000,1528967099000,83.177,83.177,83.158,83.158,127660000,1
1528967100000,1528967159000,83.156,83.175,83.15,83.175,110250000,1
1528967160000,1528967219000,83.176,83.192,83.171,83.183,160990000,1
1528967220000,1528967279000,83.183,83.187,83.177,83.18,101410000,1
1528967280000,1528967339000,83.179,83.179,83.17,83.173,83550000,1
1528967340000,1528967399000,83.173,83.173,83.164,83.169,63940000,1
1528967400000,1528967459000,83.169,83.173,83.15,83.152,156340000,1
1528967460000,1528967519000,83.152,83.169,83.152,83.169,121770000,1
1528967520000,1528967579000,83.168,83.171,83.148,83.15,121120000,1
1528967580000,1528967639000,83.152,83.153,83.133,83.134,80860000,1
1528967640000,1528967699000,83.135,83.164,83.135,83.152,121290000,1
1528967700000,1528967759000,83.153,83.157,83.151,83.154,71590000,1
1528967760000,1528967819000,83.153,83.173,83.153,83.173,97470000,1
1528967820000,1528967879000,83.173,83.18,83.172,83.172,50980000,1
1528967880000,1528967939000,83.172,83.173,83.165,83.169,34810000,1
1528967940000,1528967999000,83.169,83.169,83.136,83.136,60840000,1
1528968000000,1528968059000,83.137,83.139,83.124,83.139,104440000,1
1528968060000,1528968119000,83.139,83.14,83.125,83.132,144870000,1
1528968120000,1528968179000,83.131,83.133,83.122,83.131,85010000,1
1528968180000,1528968239000,83.131,83.132,83.124,83.128,64310000,1
1528968240000,1528968299000,83.129,83.134,83.123,83.128,123730000,1
1528968300000,1528968359000,83.128,83.136,83.122,83.136,94410000,1
1528968360000,1528968419000,83.136,83.144,83.129,83.13,126170000,1
1528968420000,1528968479000,83.129,83.135,83.124,83.133,103580000,1
1528968480000,1528968539000,83.132,83.142,83.125,83.131,94390000,1
1528968540000,1528968599000,83.132,83.134,83.115,83.118,159650000,1
1528968600000,1528968659000,83.12,83.136,83.115,83.126,115890000,1
1528968660000,1528968719000,83.126,83.129,83.126,83.128,37000000,1
1528968720000,1528968779000,83.128,83.141,83.126,83.126,66730000,1
1528968780000,1528968839000,83.126,83.137,83.126,83.136,71340000,1
1528968840000,1528968899000,83.137,83.14,83.134,83.134,76520000,1
1528968900000,1528968959000,83.134,83.141,83.127,83.141,98180000,1
1528968960000,1528969019000,83.141,83.141,83.125,83.125,60470000,1
1528969020000,1528969079000,83.124,83.124,83.108,83.118,103750000,1
1528969080000,1528969139000,83.118,83.122,83.112,83.117,67060000,1
1528969140000,1528969199000,83.117,83.117,83.091,83.096,122020000,1
1528969200000,1528969259000,83.097,83.108,83.097,83.108,111550000,1
1528969260000,1528969319000,83.108,83.109,83.092,83.098,77830000,1
1528969320000,1528969379000,83.1,83.11,83.097,83.103,81700000,1
1528969380000,1528969439000,83.103,83.113,83.097,83.098,75090000,1
1528969440000,1528969499000,83.099,83.105,83.098,83.105,55940000,1
1528969500000,1528969559000,83.106,83.106,83.092,83.101,90980000,1
1528969560000,1528969619000,83.101,83.101,83.089,83.093,94270000,1
1528969620000,1528969679000,83.094,83.108,83.094,83.108,60990000,1
1528969680000,1528969739000,83.107,83.108,83.088,83.088,97140000,1
1528969740000,1528969799000,83.09,83.091,83.079,83.081,73930000,1
1528969800000,1528969859000,83.082,83.086,83.078,83.084,89720000,1
1528969860000,1528969919000,83.085,83.097,83.079,83.092,120550000,1
1528969920000,1528969979000,83.092,83.095,83.073,83.095,130360000,1
1528969980000,1528970039000,83.095,83.103,83.095,83.101,31420000,1
1528970040000,1528970099000,83.1,83.1,83.091,83.098,53090000,1
1528970100000,1528970159000,83.1,83.1,83.086,83.099,80310000,1
1528970160000,1528970219000,83.098,83.11,83.096,83.104,55700000,1
1528970220000,1528970279000,83.105,83.106,83.088,83.088,45600000,1
1528970280000,1528970339000,83.088,83.088,83.073,83.078,63350000,1
1528970340000,1528970399000,83.078,83.091,83.078,83.085,67020000,1
1528970400000,1528970459000,83.085,83.1,83.08,83.08,77580000,1
1528970460000,1528970519000,83.08,83.087,83.079,83.086,61300000,1
1528970520000,1528970579000,83.087,83.105,83.087,83.104,90580000,1
1528970580000,1528970639000,83.105,83.112,83.104,83.108,45180000,1
1528970640000,1528970699000,83.107,83.12,83.106,83.114,67980000,1
1528970700000,1528970759000,83.115,83.122,83.115,83.12,58060000,1
1528970760000,1528970819000,83.121,83.124,83.121,83.124,22790000,1
1528970820000,1528970879000,83.125,83.132,83.124,83.126,73460000,1
1528970880000,1528970939000,83.126,83.129,83.123,83.123,78240000,1
1528970940000,1528970999000,83.122,83.123,83.116,83.116,57760000,1
1528971000000,1528971059000,83.116,83.135,83.116,83.128,81780000,1
1528971060000,1528971119000,83.127,83.127,83.1,83.106,61580000,1
1528971120000,1528971179000,83.108,83.112,83.098,83.101,102170000,1
1528971180000,1528971239000,83.099,83.105,83.095,83.105,91770000,1
1528971240000,1528971299000,83.105,83.113,83.103,83.113,70230000,1
1528971300000,1528971359000,83.113,83.114,83.104,83.104,71530000,1
1528971360000,1528971419000,83.104,83.111,83.104,83.108,44630000,1
1528971420000,1528971479000,83.109,83.126,83.108,83.123,54890000,1
1528971480000,1528971539000,83.123,83.123,83.118,83.123,72840000,1
1528971540000,1528971599000,83.124,83.133,83.119,83.12,96900000,1
1528971600000,1528971659000,83.121,83.136,83.121,83.136,93900000,1
1528971660000,1528971719000,83.136,83.152,83.136,83.149,84950000,1
1528971720000,1528971779000,83.149,83.152,83.145,83.145,39210000,1
1528971780000,1528971839000,83.145,83.169,83.143,83.169,75300000,1
1528971840000,1528971899000,83.167,83.168,83.16,83.161,44960000,1
1528971900000,1528971959000,83.161,83.161,83.158,83.158,63880000,1
1528971960000,1528972019000,83.158,83.161,83.154,83.16,64260000,1
1528972020000,1528972079000,83.161,83.163,83.133,83.143,90650000,1
1528972080000,1528972139000,83.143,83.145,83.129,83.133,86910000,1
1528972140000,1528972199000,83.134,83.134,83.115,83.127,115700000,1
1528972200000,1528972259000,83.129,83.13,83.119,83.121,75600000,1
1528972260000,1528972319000,83.123,83.138,83.122,83.128,77230000,1
1528972320000,1528972379000,83.127,83.13,83.124,83.125,80960000,1
1528972380000,1528972439000,83.126,83.126,83.112,83.112,49400000,1
1528972440000,1528972499000,83.111,83.116,83.111,83.114,46470000,1
1528972500000,1528972559000,83.113,83.114,83.107,83.111,77530000,1
1528972560000,1528972619000,83.111,83.111,83.1,83.1,42740000,1
1528972620000,1528972679000,83.1,83.107,83.096,83.107,89560000,1
1528972680000,1528972739000,83.105,83.106,83.096,83.097,82600000,1
1528972740000,1528972799000,83.097,83.103,83.095,83.099,65270000,1
1528972800000,1528972859000,83.098,83.108,83.091,83.108,66450000,1
1528972860000,1528972919000,83.108,83.114,83.108,83.108,53440000,1
1528972920000,1528972979000,83.108,83.108,83.101,83.105,49130000,1
1528972980000,1528973039000,83.107,83.115,83.107,83.114,55660000,1
1528973040000,1528973099000,83.116,83.118,83.101,83.105,57470000,1
1528973100000,1528973159000,83.107,83.107,83.085,83.089,111230000,1
1528973160000,1528973219000,83.089,83.095,83.087,83.094,87260000,1
1528973220000,1528973279000,83.093,83.107,83.091,83.104,100750000,1
1528973280000,1528973339000,83.103,83.104,83.103,83.103,50860000,1
1528973340000,1528973399000,83.104,83.107,83.101,83.105,75040000,1
1528973400000,1528973459000,83.104,83.124,83.104,83.12,54030000,1
1528973460000,1528973519000,83.12,83.124,83.111,83.112,73320000,1
1528973520000,1528973579000,83.111,83.116,83.107,83.115,61690000,1
1528973580000,1528973639000,83.114,83.121,83.11,83.12,61620000,1
1528973640000,1528973699000,83.119,83.136,83.116,83.117,112300000,1
1528973700000,1528973759000,83.118,83.118,83.101,83.104,136740000,1
1528973760000,1528973819000,83.104,83.12,83.104,83.119,75300000,1
1528973820000,1528973879000,83.122,83.124,83.109,83.109,79210000,1
1528973880000,1528973939000,83.109,83.121,83.104,83.104,91890000,1
1528973940000,1528973999000,83.103,83.11,83.097,83.106,106910000,1
1528974000000,1528974059000,83.107,83.112,83.105,83.107,86400000,1
1528974060000,1528974119000,83.108,83.108,83.095,83.095,55920000,1
1528974120000,1528974179000,83.095,83.1,83.087,83.098,96000000,1
1528974180000,1528974239000,83.097,83.104,83.092,83.104,91030000,1
1528974240000,1528974299000,83.104,83.106,83.104,83.104,22950000,1
1528974300000,1528974359000,83.105,83.106,83.088,83.091,87380000,1
1528974360000,1528974419000,83.093,83.104,83.093,83.094,117150000,1
1528974420000,1528974479000,83.094,83.098,83.088,83.09,87340000,1
1528974480000,1528974539000,83.09,83.098,83.09,83.097,60310000,1
1528974540000,1528974599000,83.097,83.11,83.092,83.092,62800000,1
1528974600000,1528974659000,83.093,83.101,83.071,83.072,132890000,1
1528974660000,1528974719000,83.072,83.075,83.05,83.058,111950000,1
1528974720000,1528974779000,83.058,83.065,83.053,83.058,76340000,1
1528974780000,1528974839000,83.059,83.064,83.053,83.054,96280000,1
1528974840000,1528974899000,83.055,83.055,83.05,83.052,73640000,1
1528974900000,1528974959000,83.052,83.054,83.05,83.05,40790000,1
1528974960000,1528975019000,83.05,83.053,83.047,83.052,50220000,1
1528975020000,1528975079000,83.052,83.058,83.052,83.058,62270000,1
1528975080000,1528975139000,83.058,83.084,83.057,83.082,72580000,1
1528975140000,1528975199000,83.081,83.084,83.077,83.083,66020000,1
1528975200000,1528975259000,83.083,83.086,83.082,83.086,43780000,1
1528975260000,1528975319000,83.087,83.1,83.087,83.09,45830000,1
1528975320000,1528975379000,83.09,83.096,83.087,83.096,42320000,1
1528975380000,1528975439000,83.096,83.096,83.089,83.091,32720000,1
1528975440000,1528975499000,83.092,83.101,83.092,83.095,26010000,1
1528975500000,1528975559000,83.094,83.101,83.09,83.09,29840000,1
1528975560000,1528975619000,83.091,83.099,83.084,83.084,100060000,1
1528975620000,1528975679000,83.084,83.091,83.076,83.077,93230000,1
1528975680000,1528975739000,83.076,83.078,83.072,83.077,84700000,1
1528975740000,1528975799000,83.078,83.093,83.077,83.089,64280000,1
1528975800000,1528975859000,83.088,83.092,83.078,83.078,104630000,1
1528975860000,1528975919000,83.079,83.08,83.068,83.076,89940000,1
1528975920000,1528975979000,83.076,83.076,83.055,83.055,76330000,1
1528975980000,1528976039000,83.055,83.058,83.034,83.035,103310000,1
1528976040000,1528976099000,83.035,83.051,83.035,83.049,61390000,1
1528976100000,1528976159000,83.05,83.077,83.05,83.058,98790000,1
1528976160000,1528976219000,83.058,83.058,83.043,83.047,99900000,1
1528976220000,1528976279000,83.047,83.063,83.047,83.049,134250000,1
1528976280000,1528976339000,83.049,83.066,83.047,83.066,132530000,1
1528976340000,1528976399000,83.066,83.066,83.057,83.059,92230000,1
1528976400000,1528976459000,83.058,83.079,83.058,83.079,65140000,1
1528976460000,1528976519000,83.078,83.083,83.073,83.075,53350000,1
1528976520000,1528976579000,83.075,83.075,83.068,83.069,62910000,1
1528976580000,1528976639000,83.069,83.07,83.046,83.046,101540000,1
1528976640000,1528976699000,83.046,83.07,83.046,83.051,137140000,1
1528976700000,1528976759000,83.051,83.082,83.05,83.051,233460000,1
1528976760000,1528976819000,83.053,83.077,83.038,83.057,279890000,1
1528976820000,1528976879000,83.059,83.093,83.05,83.061,237620000,1
1528976880000,1528976939000,83.059,83.106,83.059,83.096,301730000,1
1528976940000,1528976999000,83.096,83.132,83.077,83.118,263970000,1
1528977000000,1528977059000,83.12,83.161,83.103,83.144,237710000,1
1528977060000,1528977119000,83.144,83.149,83.128,83.148,167520000,1
1528977120000,1528977179000,83.149,83.163,83.14,83.143,171850000,1
1528977180000,1528977239000,83.144,83.152,83.117,83.147,182930000,1
1528977240000,1528977299000,83.15,83.156,83.124,83.144,216990000,1
1528977300000,1528977359000,83.145,83.173,83.142,83.173,208660000,1
1528977360000,1528977419000,83.173,83.202,83.168,83.197,232860000,1
1528977420000,1528977479000,83.199,83.199,83.178,83.181,200260000,1
1528977480000,1528977539000,83.182,83.211,83.182,83.21,168160000,1
1528977540000,1528977599000,83.211,83.218,83.183,83.199,188330000,1
1528977600000,1528977659000,83.199,83.217,83.192,83.211,277540000,1
1528977660000,1528977719000,83.211,83.215,83.161,83.185,249810000,1
1528977720000,1528977779000,83.183,83.234,83.183,83.229,185900000,1
1528977780000,1528977839000,83.229,83.251,83.198,83.245,185310000,1
1528977840000,1528977899000,83.246,83.253,83.241,83.241,146180000,1
1528977900000,1528977959000,83.24,83.259,83.221,83.257,172290000,1
1528977960000,1528978019000,83.258,83.265,83.241,83.242,158150000,1
1528978020000,1528978079000,83.241,83.266,83.228,83.257,220390000,1
1528978080000,1528978139000,83.255,83.255,83.224,83.24,188550000,1
1528978140000,1528978199000,83.242,83.257,83.233,83.254,131770000,1
1528978200000,1528978259000,83.251,83.279,83.247,83.279,108890000,1
1528978260000,1528978319000,83.276,83.279,83.243,83.244,208840000,1
1528978320000,1528978379000,83.244,83.255,83.229,83.253,201720000,1
1528978380000,1528978439000,83.254,83.258,83.241,83.252,153190000,1
1528978440000,1528978499000,83.251,83.264,83.246,83.246,152650000,1
1528978500000,1528978559000,83.246,83.254,83.232,83.244,153880000,1
1528978560000,1528978619000,83.245,83.262,83.242,83.244,179560000,1
1528978620000,1528978679000,83.241,83.271,83.238,83.266,139360000,1
1528978680000,1528978739000,83.263,83.28,83.253,83.277,195570000,1
1528978740000,1528978799000,83.279,83.282,83.259,83.281,187980000,1
1528978800000,1528978859000,83.281,83.287,83.263,83.277,193490000,1
1528978860000,1528978919000,83.278,83.281,83.263,83.277,153590000,1
1528978920000,1528978979000,83.28,83.28,83.259,83.274,135210000,1
1528978980000,1528979039000,83.274,83.275,83.259,83.259,204220000,1
1528979040000,1528979099000,83.259,83.267,83.253,83.258,198770000,1
1528979100000,1528979159000,83.26,83.279,83.258,83.278,205720000,1
1528979160000,1528979219000,83.277,83.28,83.262,83.265,104560000,1
1528979220000,1528979279000,83.265,83.276,83.265,83.273,95150000,1
1528979280000,1528979339000,83.273,83.28,83.266,83.267,102520000,1
1528979340000,1528979399000,83.265,83.305,83.265,83.288,170730000,1
1528979400000,1528979459000,83.307,83.33,83.269,83.318,274830000,1
1528979460000,1528979519000,83.315,83.353,83.315,83.328,180890000,1
1528979520000,1528979579000,83.329,83.359,83.329,83.336,216810000,1
1528979580000,1528979639000,83.336,83.343,83.282,83.292,253570000,1
1528979640000,1528979699000,83.286,83.324,83.286,83.322,211750000,1
1528979700000,1528979759000,83.321,83.329,83.289,83.32,270810000,1
1528979760000,1528979819000,83.321,83.328,83.261,83.266,248520000,1
1528979820000,1528979879000,83.267,83.292,83.262,83.278,211240000,1
1528979880000,1528979939000,83.278,83.307,83.26,83.3,217760000,1
1528979940000,1528979999000,83.302,83.312,83.294,83.308,215910000,1
1528980000000,1528980059000,83.307,83.311,83.285,83.305,219770000,1
1528980060000,1528980119000,83.304,83.328,83.295,83.303,245720000,1
1528980120000,1528980179000,83.299,83.318,83.299,83.316,219410000,1
1528980180000,1528980239000,83.316,83.325,83.291,83.291,153020000,1
1528980240000,1528980299000,83.292,83.294,83.267,83.274,199950000,1
1528980300000,1528980359000,83.273,83.279,83.252,83.252,198190000,1
1528980360000,1528980419000,83.252,83.277,83.252,83.272,212990000,1
1528980420000,1528980479000,83.271,83.283,83.257,83.273,224520000,1
1528980480000,1528980539000,83.271,83.275,83.254,83.256,244860000,1
1528980540000,1528980599000,83.257,83.27,83.228,83.233,207030000,1
1528980600000,1528980659000,83.232,83.253,83.212,83.216,251960000,1
1528980660000,1528980719000,83.212,83.218,83.178,83.18,229550000,1
1528980720000,1528980779000,83.178,83.187,83.161,83.164,204420000,1
1528980780000,1528980839000,83.165,83.179,83.15,83.177,260510000,1
1528980840000,1528980899000,83.178,83.196,83.17,83.17,234020000,1
1528980900000,1528980959000,83.173,83.181,83.148,83.179,188150000,1
1528980960000,1528981019000,83.178,83.19,83.169,83.184,178200000,1
1528981020000,1528981079000,83.186,83.209,83.171,83.171,136670000,1
1528981080000,1528981139000,83.171,83.183,83.146,83.152,168130000,1
1528981140000,1528981199000,83.153,83.183,83.147,83.182,193340000,1
1528981200000,1528981259000,83.181,83.181,83.147,83.176,204280000,1
1528981260000,1528981319000,83.175,83.179,83.157,83.179,239970000,1
1528981320000,1528981379000,83.179,83.193,83.17,83.188,239080000,1
1528981380000,1528981439000,83.187,83.234,83.181,83.209,200020000,1
1528981440000,1528981499000,83.209,83.244,83.209,83.236,217230000,1
1528981500000,1528981559000,83.235,83.24,83.226,83.239,161950000,1
1528981560000,1528981619000,83.239,83.242,83.214,83.242,193680000,1
1528981620000,1528981679000,83.243,83.255,83.236,83.253,175030000,1
1528981680000,1528981739000,83.254,83.288,83.253,83.288,175500000,1
1528981740000,1528981799000,83.288,83.327,83.288,83.316,142460000,1
1528981800000,1528981859000,83.317,83.324,83.295,83.313,247980000,1
1528981860000,1528981919000,83.313,83.371,83.308,83.37,237950000,1
1528981920000,1528981979000,83.37,83.371,83.328,83.342,179870000,1
1528981980000,1528982039000,83.341,83.341,83.314,83.316,226280000,1
1528982040000,1528982099000,83.316,83.333,83.307,83.33,185430000,1
1528982100000,1528982159000,83.33,83.33,83.307,83.307,167970000,1
1528982160000,1528982219000,83.309,83.309,83.28,83.282,159710000,1
1528982220000,1528982279000,83.282,83.308,83.282,83.301,208170000,1
1528982280000,1528982339000,83.304,83.324,83.304,83.32,189300000,1
1528982340000,1528982399000,83.322,83.325,83.295,83.297,210700000,1
1528982400000,1528982459000,83.296,83.296,83.276,83.281,176660000,1
1528982460000,1528982519000,83.283,83.285,83.258,83.26,147690000,1
1528982520000,1528982579000,83.26,83.26,83.244,83.246,208170000,1
1528982580000,1528982639000,83.245,83.253,83.24,83.24,155160000,1
1528982640000,1528982699000,83.241,83.246,83.212,83.212,127840000,1
1528982700000,1528982759000,83.211,83.217,83.204,83.204,154040000,1
1528982760000,1528982819000,83.204,83.212,83.184,83.202,205900000,1
1528982820000,1528982879000,83.201,83.22,83.194,83.219,162000000,1
1528982880000,1528982939000,83.22,83.236,83.22,83.224,136250000,1
1528982940000,1528982999000,83.224,83.233,83.221,83.225,125380000,1
1528983000000,1528983059000,83.227,83.231,83.206,83.217,241090000,1
1528983060000,1528983119000,83.216,83.219,83.194,83.194,203160000,1
1528983120000,1528983179000,83.195,83.206,83.193,83.193,169760000,1
1528983180000,1528983239000,83.193,83.193,83.143,83.173,174320000,1
1528983240000,1528983299000,83.172,83.194,83.171,83.177,178620000,1
1528983300000,1528983359000,83.18,83.185,83.164,83.181,227080000,1
1528983360000,1528983419000,83.179,83.194,83.138,83.141,222870000,1
1528983420000,1528983479000,83.143,83.167,83.141,83.167,138990000,1
1528983480000,1528983539000,83.166,83.177,83.162,83.17,137890000,1
1528983540000,1528983599000,83.171,83.206,83.159,83.206,183390000,1
1528983600000,1528983659000,83.204,83.211,83.175,83.178,219800000,1
1528983660000,1528983719000,83.178,83.195,83.17,83.17,213780000,1
1528983720000,1528983779000,83.17,83.18,83.153,83.153,225370000,1
1528983780000,1528983839000,83.153,83.163,83.143,83.143,147210000,1
1528983840000,1528983899000,83.143,83.191,83.143,83.187,208700000,1
1528983900000,1528983959000,83.186,83.192,83.173,83.19,168690000,1
1528983960000,1528984019000,83.19,83.19,83.167,83.179,123430000,1
1528984020000,1528984079000,83.178,83.182,83.167,83.169,130780000,1
1528984080000,1528984139000,83.168,83.175,83.161,83.162,132030000,1
1528984140000,1528984199000,83.16,83.173,83.15,83.158,190890000,1
1528984200000,1528984259000,83.157,83.164,83.151,83.156,157150000,1
1528984260000,1528984319000,83.156,83.161,83.141,83.147,189530000,1
1528984320000,1528984379000,83.147,83.169,83.143,83.152,152960000,1
1528984380000,1528984439000,83.153,83.157,83.141,83.155,151430000,1
1528984440000,1528984499000,83.155,83.163,83.151,83.159,159030000,1
1528984500000,1528984559000,83.159,83.165,83.146,83.157,185980000,1
1528984560000,1528984619000,83.156,83.156,83.137,83.146,121840000,1
1528984620000,1528984679000,83.146,83.146,83.13,83.132,114870000,1
1528984680000,1528984739000,83.131,83.145,83.127,83.145,87600000,1
1528984740000,1528984799000,83.144,83.148,83.135,83.136,102780000,1
1528984800000,1528984859000,83.134,83.143,83.127,83.133,131050000,1
1528984860000,1528984919000,83.133,83.175,83.133,83.171,173570000,1
1528984920000,1528984979000,83.173,83.173,83.16,83.16,154140000,1
1528984980000,1528985039000,83.16,83.168,83.153,83.162,145420000,1
1528985040000,1528985099000,83.163,83.179,83.161,83.168,142870000,1
1528985100000,1528985159000,83.169,83.187,83.162,83.187,118750000,1
1528985160000,1528985219000,83.187,83.201,83.183,83.189,124490000,1
1528985220000,1528985279000,83.19,83.193,83.151,83.153,171920000,1
1528985280000,1528985339000,83.152,83.162,83.134,83.153,145420000,1
1528985340000,1528985399000,83.154,83.159,83.148,83.158,136250000,1
1528985400000,1528985459000,83.157,83.157,83.12,83.125,175560000,1
1528985460000,1528985519000,83.126,83.142,83.126,83.139,87080000,1
1528985520000,1528985579000,83.137,83.152,83.137,83.146,101690000,1
1528985580000,1528985639000,83.146,83.15,83.134,83.135,79530000,1
1528985640000,1528985699000,83.135,83.153,83.135,83.152,54420000,1
1528985700000,1528985759000,83.152,83.161,83.15,83.161,70180000,1
1528985760000,1528985819000,83.16,83.164,83.147,83.157,117750000,1
1528985820000,1528985879000,83.158,83.179,83.156,83.176,132010000,1
1528985880000,1528985939000,83.174,83.176,83.163,83.166,103030000,1
1528985940000,1528985999000,83.165,83.165,83.155,83.161,88160000,1
1528986000000,1528986059000,83.16,83.184,83.155,83.177,102660000,1
1528986060000,1528986119000,83.177,83.179,83.16,83.164,109560000,1
1528986120000,1528986179000,83.164,83.166,83.156,83.162,126490000,1
1528986180000,1528986239000,83.163,83.185,83.151,83.184,102770000,1
1528986240000,1528986299000,83.185,83.186,83.171,83.174,142130000,1
1528986300000,1528986359000,83.176,83.188,83.165,83.181,148240000,1
1528986360000,1528986419000,83.18,83.191,83.17,83.191,187930000,1
1528986420000,1528986479000,83.189,83.19,83.171,83.175,150970000,1
1528986480000,1528986539000,83.175,83.18,83.174,83.176,91380000,1
1528986540000,1528986599000,83.175,83.184,83.174,83.178,110580000,1
1528986600000,1528986659000,83.179,83.18,83.148,83.157,119320000,1
1528986660000,1528986719000,83.155,83.17,83.15,83.167,122780000,1
1528986720000,1528986779000,83.167,83.171,83.154,83.156,80690000,1
1528986780000,1528986839000,83.158,83.161,83.125,83.148,144220000,1
1528986840000,1528986899000,83.149,83.149,83.118,83.124,107910000,1
1528986900000,1528986959000,83.124,83.125,83.085,83.088,142110000,1
1528986960000,1528987019000,83.088,83.112,83.087,83.104,150460000,1
1528987020000,1528987079000,83.104,83.106,83.094,83.103,171920000,1
1528987080000,1528987139000,83.102,83.104,83.077,83.082,190010000,1
1528987140000,1528987199000,83.082,83.093,83.08,83.092,133960000,1
1528987200000,1528987259000,83.092,83.094,83.082,83.087,98960000,1
1528987260000,1528987319000,83.087,83.089,83.062,83.072,154600000,1
1528987320000,1528987379000,83.071,83.074,83.058,83.06,153110000,1
1528987380000,1528987439000,83.06,83.069,83.053,83.068,103610000,1
1528987440000,1528987499000,83.068,83.087,83.068,83.087,87300000,1
1528987500000,1528987559000,83.087,83.118,83.087,83.115,73750000,1
1528987560000,1528987619000,83.115,83.115,83.102,83.114,201270000,1
1528987620000,1528987679000,83.114,83.14,83.114,83.128,140560000,1
1528987680000,1528987739000,83.128,83.135,83.122,83.122,75140000,1
1528987740000,1528987799000,83.123,83.136,83.123,83.135,118600000,1
1528987800000,1528987859000,83.135,83.136,83.109,83.129,109950000,1
1528987860000,1528987919000,83.129,83.152,83.128,83.151,116320000,1
1528987920000,1528987979000,83.151,83.151,83.138,83.142,127770000,1
1528987980000,1528988039000,83.141,83.143,83.124,83.132,138410000,1
1528988040000,1528988099000,83.133,83.134,83.111,83.115,202650000,1
1528988100000,1528988159000,83.113,83.129,83.109,83.123,102860000,1
1528988160000,1528988219000,83.121,83.148,83.118,83.138,162350000,1
1528988220000,1528988279000,83.138,83.138,83.093,83.104,206280000,1
1528988280000,1528988339000,83.105,83.135,83.099,83.129,216700000,1
1528988340000,1528988399000,83.132,83.139,83.125,83.135,173720000,1
1528988400000,1528988459000,83.135,83.152,83.135,83.139,234150000,1
1528988460000,1528988519000,83.137,83.153,83.101,83.147,186300000,1
1528988520000,1528988579000,83.146,83.156,83.139,83.141,183310000,1
1528988580000,1528988639000,83.142,83.155,83.138,83.138,171610000,1
1528988640000,1528988699000,83.139,83.139,83.119,83.121,143950000,1
1528988700000,1528988759000,83.121,83.123,83.095,83.101,141440000,1
1528988760000,1528988819000,83.101,83.112,83.099,83.101,129050000,1
1528988820000,1528988879000,83.101,83.102,83.067,83.071,153890000,1
1528988880000,1528988939000,83.071,83.081,83.064,83.07,117960000,1
1528988940000,1528988999000,83.07,83.078,83.07,83.074,121520000,1
1528989000000,1528989059000,83.074,83.083,83.069,83.071,151870000,1
1528989060000,1528989119000,83.072,83.084,83.066,83.081,105540000,1
1528989120000,1528989179000,83.084,83.091,83.075,83.08,114220000,1
1528989180000,1528989239000,83.082,83.092,83.073,83.085,117300000,1
1528989240000,1528989299000,83.085,83.091,83.082,83.087,108490000,1
1528989300000,1528989359000,83.088,83.088,83.066,83.075,104080000,1
1528989360000,1528989419000,83.075,83.086,83.072,83.073,114330000,1
1528989420000,1528989479000,83.075,83.075,83.057,83.07,116290000,1
1528989480000,1528989539000,83.069,83.07,83.051,83.062,94650000,1
1528989540000,1528989599000,83.062,83.071,83.062,83.071,60620000,1
1528989600000,1528989659000,83.07,83.081,83.069,83.078,100720000,1
1528989660000,1528989719000,83.079,83.079,83.047,83.05,117800000,1
1528989720000,1528989779000,83.051,83.059,83.051,83.057,147740000,1
1528989780000,1528989839000,83.057,83.085,83.057,83.073,120610000,1
1528989840000,1528989899000,83.073,83.08,83.062,83.079,77330000,1
1528989900000,1528989959000,83.081,83.081,83.071,83.071,92140000,1
1528989960000,1528990019000,83.071,83.085,83.067,83.083,108850000,1
1528990020000,1528990079000,83.083,83.105,83.083,83.1,151840000,1
1528990080000,1528990139000,83.101,83.122,83.1,83.122,105900000,1
1528990140000,1528990199000,83.12,83.128,83.113,83.113,98740000,1
1528990200000,1528990259000,83.112,83.114,83.095,83.104,118720000,1
1528990260000,1528990319000,83.106,83.112,83.098,83.105,137310000,1
1528990320000,1528990379000,83.105,83.108,83.09,83.09,161140000,1
1528990380000,1528990439000,83.09,83.097,83.059,83.064,159400000,1
1528990440000,1528990499000,83.063,83.073,83.059,83.067,113850000,1
1528990500000,1528990559000,83.066,83.067,83.053,83.061,158280000,1
1528990560000,1528990619000,83.061,83.061,83.023,83.036,151410000,1
1528990620000,1528990679000,83.037,83.046,83.033,83.044,129720000,1
1528990680000,1528990739000,83.046,83.051,83.015,83.018,114000000,1
1528990740000,1528990799000,83.015,83.023,82.994,83.003,138960000,1
1528990800000,1528990859000,83.004,83.004,82.933,82.936,172080000,1
1528990860000,1528990919000,82.939,82.968,82.939,82.949,121540000,1
1528990920000,1528990979000,82.948,82.949,82.922,82.928,176340000,1
1528990980000,1528991039000,82.928,82.929,82.919,82.927,99540000,1
1528991040000,1528991099000,82.929,82.934,82.919,82.929,141950000,1
1528991100000,1528991159000,82.93,82.947,82.927,82.942,103840000,1
1528991160000,1528991219000,82.945,82.951,82.935,82.944,97170000,1
1528991220000,1528991279000,82.943,82.969,82.943,82.966,78920000,1
1528991280000,1528991339000,82.967,82.984,82.964,82.971,94630000,1
1528991340000,1528991399000,82.971,82.971,82.932,82.937,125390000,1
1528991400000,1528991459000,82.937,82.943,82.932,82.932,109870000,1
1528991460000,1528991519000,82.932,82.95,82.927,82.949,112070000,1
1528991520000,1528991579000,82.948,82.956,82.944,82.948,120500000,1
1528991580000,1528991639000,82.948,82.948,82.939,82.94,89650000,1
1528991640000,1528991699000,82.94,82.96,82.939,82.958,101900000,1
1528991700000,1528991759000,82.959,82.973,82.957,82.973,80070000,1
1528991760000,1528991819000,82.971,82.993,82.969,82.993,106640000,1
1528991820000,1528991879000,82.991,83.006,82.986,82.995,125340000,1
1528991880000,1528991939000,82.994,83.001,82.968,82.968,112120000,1
1528991940000,1528991999000,82.967,82.982,82.955,82.974,130350000,1
1528992000000,1528992059000,82.975,82.988,82.967,82.967,162980000,1
1528992060000,1528992119000,82.965,82.983,82.957,82.973,105820000,1
1528992120000,1528992179000,82.974,82.985,82.974,82.977,89930000,1
1528992180000,1528992239000,82.978,82.983,82.975,82.982,90050000,1
1528992240000,1528992299000,82.982,82.983,82.966,82.967,91850000,1
1528992300000,1528992359000,82.966,82.969,82.956,82.967,139240000,1
1528992360000,1528992419000,82.967,82.982,82.967,82.98,131740000,1
1528992420000,1528992479000,82.981,82.983,82.977,82.979,146000000,1
1528992480000,1528992539000,82.978,82.98,82.968,82.973,87980000,1
1528992540000,1528992599000,82.971,82.971,82.949,82.949,139000000,1
1528992600000,1528992659000,82.948,82.961,82.948,82.959,97830000,1
1528992660000,1528992719000,82.96,82.962,82.953,82.961,83970000,1
1528992720000,1528992779000,82.962,82.965,82.953,82.965,73670000,1
1528992780000,1528992839000,82.963,82.963,82.948,82.953,87980000,1
1528992840000,1528992899000,82.953,82.953,82.937,82.943,106720000,1
1528992900000,1528992959000,82.94,82.943,82.919,82.919,76770000,1
1528992960000,1528993019000,82.918,82.94,82.918,82.939,111080000,1
1528993020000,1528993079000,82.94,82.954,82.939,82.951,79060000,1
1528993080000,1528993139000,82.951,82.952,82.934,82.94,89900000,1
1528993140000,1528993199000,82.94,82.944,82.929,82.931,160080000,1
1528993200000,1528993259000,82.932,82.935,82.926,82.928,99570000,1
1528993260000,1528993319000,82.928,82.935,82.921,82.921,105050000,1
1528993320000,1528993379000,82.921,82.929,82.911,82.913,119360000,1
1528993380000,1528993439000,82.91,82.914,82.892,82.898,131180000,1
1528993440000,1528993499000,82.897,82.917,82.896,82.916,70060000,1
1528993500000,1528993559000,82.917,82.924,82.915,82.921,111200000,1
1528993560000,1528993619000,82.92,82.922,82.913,82.919,72400000,1
1528993620000,1528993679000,82.921,82.93,82.921,82.925,78510000,1
1528993680000,1528993739000,82.923,82.929,82.916,82.916,91260000,1
1528993740000,1528993799000,82.916,82.921,82.896,82.896,87720000,1
1528993800000,1528993859000,82.896,82.898,82.88,82.886,121050000,1
1528993860000,1528993919000,82.885,82.896,82.882,82.893,129700000,1
1528993920000,1528993979000,82.894,82.916,82.892,82.915,85170000,1
1528993980000,1528994039000,82.914,82.915,82.896,82.896,145580000,1
1528994040000,1528994099000,82.896,82.907,82.894,82.907,120280000,1
1528994100000,1528994159000,82.907,82.914,82.897,82.914,112360000,1
1528994160000,1528994219000,82.914,82.918,82.904,82.904,106730000,1
1528994220000,1528994279000,82.905,82.906,82.893,82.902,100580000,1
1528994280000,1528994339000,82.902,82.909,82.898,82.899,77090000,1
1528994340000,1528994399000,82.899,82.902,82.886,82.89,108850000,1
1528994400000,1528994459000,82.89,82.898,82.887,82.896,95470000,1
1528994460000,1528994519000,82.896,82.898,82.891,82.892,85330000,1
1528994520000,1528994579000,82.893,82.893,82.886,82.891,92580000,1
1528994580000,1528994639000,82.893,82.893,82.88,82.888,106580000,1
1528994640000,1528994699000,82.888,82.914,82.888,82.911,87500000,1
1528994700000,1528994759000,82.911,82.92,82.908,82.919,64560000,1
1528994760000,1528994819000,82.92,82.937,82.919,82.934,61170000,1
1528994820000,1528994879000,82.932,82.941,82.929,82.939,66290000,1
1528994880000,1528994939000,82.938,82.938,82.927,82.927,82720000,1
1528994940000,1528994999000,82.928,82.933,82.903,82.904,75610000,1
1528995000000,1528995059000,82.904,82.91,82.892,82.892,81030000,1
1528995060000,1528995119000,82.891,82.9,82.888,82.896,74800000,1
1528995120000,1528995179000,82.896,82.897,82.881,82.883,98400000,1
1528995180000,1528995239000,82.88,82.893,82.88,82.889,91300000,1
1528995240000,1528995299000,82.893,82.91,82.887,82.905,186090000,1
1528995300000,1528995359000,82.905,82.929,82.904,82.927,128530000,1
1528995360000,1528995419000,82.928,82.928,82.888,82.895,191100000,1
1528995420000,1528995479000,82.895,82.914,82.892,82.91,111500000,1
1528995480000,1528995539000,82.911,82.921,82.887,82.887,141950000,1
1528995540000,1528995599000,82.888,82.888,82.866,82.877,182930000,1
1528995600000,1528995659000,82.875,82.875,82.842,82.846,169810000,1
1528995660000,1528995719000,82.848,82.864,82.845,82.864,150990000,1
1528995720000,1528995779000,82.865,82.882,82.862,82.879,86920000,1
1528995780000,1528995839000,82.879,82.881,82.876,82.878,61270000,1
1528995840000,1528995899000,82.878,82.878,82.863,82.867,83700000,1
1528995900000,1528995959000,82.866,82.866,82.843,82.845,124320000,1
1528995960000,1528996019000,82.845,82.845,82.834,82.834,106330000,1
1528996020000,1528996079000,82.837,82.849,82.837,82.845,74290000,1
1528996080000,1528996139000,82.846,82.851,82.838,82.851,70200000,1
1528996140000,1528996199000,82.852,82.86,82.849,82.849,87400000,1
1528996200000,1528996259000,82.853,82.86,82.851,82.86,63100000,1
1528996260000,1528996319000,82.86,82.865,82.858,82.865,76100000,1
1528996320000,1528996379000,82.864,82.866,82.86,82.86,51150000,1
1528996380000,1528996439000,82.861,82.864,82.858,82.862,57720000,1
1528996440000,1528996499000,82.862,82.866,82.861,82.863,58370000,1
1528996500000,1528996559000,82.864,82.865,82.852,82.858,64000000,1
1528996560000,1528996619000,82.857,82.858,82.844,82.846,63730000,1
1528996620000,1528996679000,82.845,82.851,82.831,82.831,82400000,1
1528996680000,1528996739000,82.831,82.836,82.829,82.829,60470000,1
1528996740000,1528996799000,82.829,82.841,82.824,82.841,55400000,1
1528996800000,1528996859000,82.841,82.842,82.836,82.836,37340000,1
1528996860000,1528996919000,82.836,82.838,82.831,82.831,36310000,1
1528996920000,1528996979000,82.831,82.852,82.831,82.852,54190000,1
1528996980000,1528997039000,82.85,82.852,82.842,82.844,67650000,1
1528997040000,1528997099000,82.844,82.844,82.835,82.835,61930000,1
1528997100000,1528997159000,82.834,82.837,82.827,82.827,119580000,1
1528997160000,1528997219000,82.828,82.841,82.826,82.83,104990000,1
1528997220000,1528997279000,82.829,82.835,82.823,82.83,112150000,1
1528997280000,1528997339000,82.829,82.834,82.827,82.831,105880000,1
1528997340000,1528997399000,82.831,82.839,82.818,82.818,95780000,1
1528997400000,1528997459000,82.819,82.828,82.819,82.82,84710000,1
1528997460000,1528997519000,82.82,82.827,82.804,82.813,89220000,1
1528997520000,1528997579000,82.813,82.818,82.788,82.797,135190000,1
1528997580000,1528997639000,82.796,82.809,82.781,82.807,151210000,1
1528997640000,1528997699000,82.807,82.809,82.791,82.791,143380000,1
1528997700000,1528997759000,82.79,82.823,82.787,82.818,79190000,1
1528997760000,1528997819000,82.817,82.834,82.816,82.834,84610000,1
1528997820000,1528997879000,82.834,82.84,82.823,82.826,78430000,1
1528997880000,1528997939000,82.822,82.828,82.819,82.828,48940000,1
1528997940000,1528997999000,82.826,82.847,82.826,82.842,131670000,1
1528998000000,1528998059000,82.841,82.866,82.83,82.856,160830000,1
1528998060000,1528998119000,82.856,82.86,82.843,82.847,110880000,1
1528998120000,1528998179000,82.846,82.86,82.845,82.859,95350000,1
1528998180000,1528998239000,82.858,82.86,82.832,82.832,86990000,1
1528998240000,1528998299000,82.833,82.848,82.833,82.845,55490000,1
1528998300000,1528998359000,82.845,82.861,82.845,82.852,80360000,1
1528998360000,1528998419000,82.852,82.858,82.846,82.852,100560000,1
1528998420000,1528998479000,82.852,82.852,82.844,82.848,60780000,1
1528998480000,1528998539000,82.848,82.852,82.831,82.832,57310000,1
1528998540000,1528998599000,82.832,82.832,82.813,82.816,111050000,1
1528998600000,1528998659000,82.816,82.837,82.815,82.834,99370000,1
1528998660000,1528998719000,82.833,82.838,82.828,82.838,100110000,1
1528998720000,1528998779000,82.839,82.851,82.836,82.838,87440000,1
1528998780000,1528998839000,82.838,82.838,82.823,82.833,113290000,1
1528998840000,1528998899000,82.834,82.836,82.826,82.833,97730000,1
1528998900000,1528998959000,82.834,82.845,82.834,82.843,60050000,1
1528998960000,1528999019000,82.842,82.842,82.824,82.83,103880000,1
1528999020000,1528999079000,82.831,82.842,82.828,82.828,64160000,1
1528999080000,1528999139000,82.827,82.834,82.818,82.818,83140000,1
1528999140000,1528999199000,82.818,82.82,82.81,82.819,52700000,1
1528999200000,1528999259000,82.817,82.828,82.814,82.825,79750000,1
1528999260000,1528999319000,82.826,82.842,82.826,82.834,97120000,1
1528999320000,1528999379000,82.836,82.842,82.828,82.832,130570000,1
1528999380000,1528999439000,82.83,82.866,82.83,82.86,153920000,1
1528999440000,1528999499000,82.862,82.866,82.843,82.843,139280000,1
1528999500000,1528999559000,82.842,82.871,82.841,82.871,99340000,1
1528999560000,1528999619000,82.871,82.871,82.851,82.861,115210000,1
1528999620000,1528999679000,82.861,82.87,82.849,82.87,73580000,1
1528999680000,1528999739000,82.87,82.876,82.868,82.873,48120000,1
1528999740000,1528999799000,82.874,82.874,82.86,82.86,94200000,1
1528999800000,1528999859000,82.86,82.86,82.842,82.851,147580000,1
1528999860000,1528999919000,82.851,82.867,82.846,82.865,65560000,1
1528999920000,1528999979000,82.864,82.886,82.864,82.884,73900000,1
1528999980000,1529000039000,82.884,82.89,82.878,82.878,114560000,1
1529000040000,1529000099000,82.878,82.883,82.875,82.879,68110000,1
1529000100000,1529000159000,82.879,82.884,82.868,82.868,70790000,1
1529000160000,1529000219000,82.87,82.876,82.866,82.873,81430000,1
1529000220000,1529000279000,82.872,82.874,82.836,82.837,175010000,1
1529000280000,1529000339000,82.836,82.839,82.828,82.835,103000000,1
1529000340000,1529000399000,82.835,82.853,82.832,82.85,84210000,1
1529000400000,1529000459000,82.851,82.859,82.849,82.853,91240000,1
1529000460000,1529000519000,82.853,82.863,82.847,82.861,74790000,1
1529000520000,1529000579000,82.862,82.872,82.858,82.866,73650000,1
1529000580000,1529000639000,82.866,82.866,82.853,82.862,90410000,1
1529000640000,1529000699000,82.862,82.871,82.862,82.871,79120000,1
1529000700000,1529000759000,82.871,82.871,82.858,82.86,65980000,1
1529000760000,1529000819000,82.86,82.86,82.849,82.852,76920000,1
1529000820000,1529000879000,82.852,82.853,82.843,82.843,68800000,1
1529000880000,1529000939000,82.843,82.851,82.84,82.84,54800000,1
1529000940000,1529000999000,82.841,82.846,82.835,82.842,61570000,1
1529001000000,1529001059000,82.84,82.841,82.83,82.832,77770000,1
1529001060000,1529001119000,82.832,82.832,82.825,82.825,57190000,1
1529001120000,1529001179000,82.826,82.835,82.826,82.835,63900000,1
1529001180000,1529001239000,82.832,82.835,82.823,82.823,102510000,1
1529001240000,1529001299000,82.824,82.827,82.818,82.821,86470000,1
1529001300000,1529001359000,82.821,82.821,82.814,82.82,54900000,1
1529001360000,1529001419000,82.819,82.831,82.819,82.829,28810000,1
1529001420000,1529001479000,82.83,82.835,82.826,82.832,50100000,1
1529001480000,1529001539000,82.831,82.836,82.822,82.836,86460000,1
1529001540000,1529001599000,82.836,82.836,82.822,82.829,46030000,1
1529001600000,1529001659000,82.83,82.841,82.83,82.838,63400000,1
1529001660000,1529001719000,82.839,82.852,82.839,82.851,40890000,1
1529001720000,1529001779000,82.852,82.878,82.852,82.871,52190000,1
1529001780000,1529001839000,82.871,82.871,82.861,82.867,66940000,1
1529001840000,1529001899000,82.866,82.87,82.86,82.867,72160000,1
1529001900000,1529001959000,82.866,82.868,82.857,82.859,48510000,1
1529001960000,1529002019000,82.858,82.859,82.85,82.857,79440000,1
1529002020000,1529002079000,82.856,82.857,82.85,82.857,56900000,1
1529002080000,1529002139000,82.856,82.856,82.844,82.844,68090000,1
1529002140000,1529002199000,82.843,82.843,82.831,82.832,101990000,1
1529002200000,1529002259000,82.832,82.837,82.824,82.824,75830000,1
1529002260000,1529002319000,82.823,82.828,82.815,82.823,49900000,1
1529002320000,1529002379000,82.823,82.835,82.821,82.835,34620000,1
1529002380000,1529002439000,82.833,82.842,82.833,82.834,64060000,1
1529002440000,1529002499000,82.831,82.831,82.819,82.822,128570000,1
1529002500000,1529002559000,82.821,82.821,82.811,82.811,84180000,1
1529002560000,1529002619000,82.811,82.811,82.793,82.794,123660000,1
1529002620000,1529002679000,82.795,82.805,82.776,82.797,130680000,1
1529002680000,1529002739000,82.796,82.796,82.777,82.782,126890000,1
1529002740000,1529002799000,82.781,82.784,82.738,82.744,214190000,1
1529002800000,1529002859000,82.743,82.767,82.741,82.767,112660000,1
1529002860000,1529002919000,82.768,82.795,82.768,82.775,82060000,1
1529002920000,1529002979000,82.775,82.784,82.773,82.774,153570000,1
1529002980000,1529003039000,82.774,82.775,82.744,82.745,132470000,1
1529003040000,1529003099000,82.743,82.756,82.735,82.755,114430000,1
1529003100000,1529003159000,82.756,82.768,82.756,82.767,90190000,1
1529003160000,1529003219000,82.766,82.771,82.757,82.766,66730000,1
1529003220000,1529003279000,82.767,82.779,82.765,82.779,87000000,1
1529003280000,1529003339000,82.778,82.791,82.778,82.789,52190000,1
1529003340000,1529003399000,82.789,82.808,82.788,82.805,73870000,1
1529003400000,1529003459000,82.804,82.811,82.797,82.809,76570000,1
1529003460000,1529003519000,82.81,82.817,82.809,82.817,72250000,1
1529003520000,1529003579000,82.816,82.825,82.816,82.825,58500000,1
1529003580000,1529003639000,82.826,82.839,82.822,82.834,82910000,1
1529003640000,1529003699000,82.834,82.838,82.828,82.834,72080000,1
1529003700000,1529003759000,82.833,82.834,82.809,82.813,150460000,1
1529003760000,1529003819000,82.813,82.821,82.807,82.808,134810000,1
1529003820000,1529003879000,82.808,82.814,82.805,82.814,76050000,1
1529003880000,1529003939000,82.814,82.828,82.814,82.822,80160000,1
1529003940000,1529003999000,82.822,82.825,82.812,82.821,60160000,1
1529004000000,1529004059000,82.82,82.82,82.81,82.818,59470000,1
1529004060000,1529004119000,82.818,82.823,82.818,82.818,43040000,1
1529004120000,1529004179000,82.817,82.819,82.814,82.814,40660000,1
1529004180000,1529004239000,82.814,82.823,82.81,82.81,78450000,1
1529004240000,1529004299000,82.811,82.812,82.799,82.799,85480000,1
1529004300000,1529004359000,82.799,82.819,82.798,82.815,69390000,1
1529004360000,1529004419000,82.816,82.826,82.815,82.824,48430000,1
1529004420000,1529004479000,82.824,82.83,82.823,82.823,56880000,1
1529004480000,1529004539000,82.823,82.831,82.822,82.831,53750000,1
1529004540000,1529004599000,82.831,82.842,82.831,82.832,120130000,1
1529004600000,1529004659000,82.832,82.834,82.82,82.822,77490000,1
1529004660000,1529004719000,82.821,82.833,82.813,82.833,74800000,1
1529004720000,1529004779000,82.833,82.837,82.83,82.836,86250000,1
1529004780000,1529004839000,82.835,82.839,82.827,82.835,94750000,1
1529004840000,1529004899000,82.835,82.855,82.834,82.843,92970000,1
1529004900000,1529004959000,82.844,82.849,82.836,82.837,78890000,1
1529004960000,1529005019000,82.837,82.844,82.831,82.834,121360000,1
1529005020000,1529005079000,82.832,82.839,82.831,82.839,44240000,1
1529005080000,1529005139000,82.84,82.845,82.834,82.834,94750000,1
1529005140000,1529005199000,82.834,82.834,82.826,82.829,50980000,1
1529005200000,1529005259000,82.829,82.832,82.818,82.818,95250000,1
1529005260000,1529005319000,82.819,82.842,82.819,82.837,30190000,1
1529005320000,1529005379000,82.838,82.838,82.829,82.829,61120000,1
1529005380000,1529005439000,82.829,82.831,82.824,82.83,51550000,1
1529005440000,1529005499000,82.828,82.828,82.815,82.815,62040000,1
1529005500000,1529005559000,82.815,82.821,82.813,82.817,37440000,1
1529005560000,1529005619000,82.817,82.821,82.813,82.814,34690000,1
1529005620000,1529005679000,82.815,82.822,82.813,82.821,65120000,1
1529005680000,1529005739000,82.822,82.822,82.81,82.811,57000000,1
1529005740000,1529005799000,82.812,82.817,82.812,82.813,39940000,1
1529005800000,1529005859000,82.812,82.812,82.787,82.787,114320000,1
1529005860000,1529005919000,82.786,82.791,82.778,82.789,81500000,1
1529005920000,1529005979000,82.789,82.794,82.785,82.794,115490000,1
1529005980000,1529006039000,82.793,82.794,82.782,82.782,117580000,1
1529006040000,1529006099000,82.782,82.788,82.779,82.784,91930000,1
1529006100000,1529006159000,82.784,82.787,82.784,82.787,35850000,1
1529006160000,1529006219000,82.787,82.788,82.786,82.787,35600000,1
1529006220000,1529006279000,82.787,82.802,82.787,82.801,75770000,1
1529006280000,1529006339000,82.802,82.806,82.782,82.782,123620000,1
1529006340000,1529006399000,82.782,82.784,82.78,82.782,89580000,1
1529006400000,1529006459000,82.783,82.804,82.78,82.801,83500000,1
1529006460000,1529006519000,82.802,82.805,82.793,82.793,72380000,1
1529006520000,1529006579000,82.794,82.794,82.769,82.769,49440000,1
1529006580000,1529006639000,82.769,82.777,82.767,82.777,56670000,1
1529006640000,1529006699000,82.777,82.777,82.773,82.773,32550000,1
1529006700000,1529006759000,82.775,82.779,82.767,82.779,39270000,1
1529006760000,1529006819000,82.781,82.802,82.776,82.802,51870000,1
1529006820000,1529006879000,82.8,82.806,82.8,82.806,28620000,1
1529006880000,1529006939000,82.805,82.813,82.794,82.804,95670000,1
1529006940000,1529006999000,82.804,82.804,82.791,82.794,71260000,1
1529007000000,1529007059000,82.793,82.807,82.793,82.805,51830000,1
1529007060000,1529007119000,82.805,82.814,82.804,82.811,59550000,1
1529007120000,1529007179000,82.811,82.811,82.796,82.802,56120000,1
1529007180000,1529007239000,82.803,82.815,82.803,82.81,80610000,1
1529007240000,1529007299000,82.81,82.816,82.809,82.812,64520000,1
1529007300000,1529007359000,82.811,82.812,82.8,82.8,48670000,1
1529007360000,1529007419000,82.8,82.802,82.793,82.799,37510000,1
1529007420000,1529007479000,82.8,82.803,82.79,82.791,58730000,1
1529007480000,1529007539000,82.792,82.792,82.777,82.786,65330000,1
1529007540000,1529007599000,82.785,82.785,82.782,82.784,45410000,1
1529007600000,1529007659000,82.784,82.789,82.783,82.788,35580000,1
1529007660000,1529007719000,82.788,82.796,82.786,82.79,74940000,1
1529007720000,1529007779000,82.791,82.794,82.78,82.781,62180000,1
1529007780000,1529007839000,82.78,82.783,82.778,82.782,33200000,1
1529007840000,1529007899000,82.782,82.785,82.782,82.784,23900000,1
1529007900000,1529007959000,82.783,82.784,82.779,82.783,16610000,1
1529007960000,1529008019000,82.783,82.802,82.783,82.802,37980000,1
1529008020000,1529008079000,82.802,82.804,82.797,82.801,57440000,1
1529008080000,1529008139000,82.802,82.806,82.801,82.806,63400000,1
1529008140000,1529008199000,82.806,82.823,82.801,82.801,68860000,1
1529008200000,1529008259000,82.799,82.802,82.791,82.791,57470000,1
1529008260000,1529008319000,82.791,82.793,82.786,82.793,41940000,1
1529008320000,1529008379000,82.793,82.794,82.787,82.787,28440000,1
1529008380000,1529008439000,82.788,82.791,82.774,82.774,58870000,1
1529008440000,1529008499000,82.773,82.78,82.773,82.78,18240000,1
1529008500000,1529008559000,82.78,82.78,82.773,82.773,33440000,1
1529008560000,1529008619000,82.773,82.778,82.77,82.778,39560000,1
1529008620000,1529008679000,82.777,82.777,82.772,82.773,36050000,1
1529008680000,1529008739000,82.773,82.775,82.772,82.772,43500000,1
1529008740000,1529008799000,82.772,82.772,82.757,82.757,58050000,1
1529008800000,1529008859000,82.757,82.763,82.752,82.762,80630000,1
1529008860000,1529008919000,82.762,82.765,82.755,82.755,57260000,1
1529008920000,1529008979000,82.755,82.761,82.734,82.734,66830000,1
1529008980000,1529009039000,82.735,82.739,82.733,82.736,54870000,1
1529009040000,1529009099000,82.736,82.744,82.736,82.744,46470000,1
1529009100000,1529009159000,82.744,82.744,82.73,82.734,75750000,1
1529009160000,1529009219000,82.734,82.737,82.734,82.737,16460000,1
1529009220000,1529009279000,82.738,82.741,82.731,82.733,33720000,1
1529009280000,1529009339000,82.732,82.742,82.722,82.742,49720000,1
1529009340000,1529009399000,82.742,82.748,82.74,82.745,31450000,1
1529009400000,1529009459000,82.744,82.766,82.737,82.763,80230000,1
1529009460000,1529009519000,82.762,82.762,82.723,82.73,106480000,1
1529009520000,1529009579000,82.73,82.744,82.729,82.733,86500000,1
1529009580000,1529009639000,82.734,82.739,82.722,82.722,86350000,1
1529009640000,1529009699000,82.722,82.727,82.709,82.714,80560000,1
1529009700000,1529009759000,82.712,82.733,82.712,82.732,92280000,1
1529009760000,1529009819000,82.731,82.739,82.72,82.731,32380000,1
1529009820000,1529009879000,82.731,82.731,82.69,82.693,92140000,1
1529009880000,1529009939000,82.694,82.702,82.688,82.69,57740000,1
1529009940000,1529009999000,82.691,82.734,82.691,82.721,74810000,1
1529010000000,1529010059000,82.711,82.713,82.69,82.69,16110000,1
1529010060000,1529010119000,82.692,82.714,82.687,82.687,6750000,1
1529010120000,1529010179000,82.688,82.722,82.683,82.722,9000000,1
1529010180000,1529010239000,82.721,82.74,82.718,82.74,121090000,1
1529010240000,1529010299000,82.74,82.74,82.661,82.661,127500000,1
1529010300000,1529010359000,82.662,82.668,82.622,82.656,75740000,1
1529010360000,1529010419000,82.654,82.679,82.654,82.673,83000000,1
1529010420000,1529010479000,82.676,82.677,82.668,82.671,139000000,1
1529010480000,1529010539000,82.671,82.672,82.615,82.624,122500000,1
1529010540000,1529010599000,82.624,82.639,82.621,82.627,128710000,1
1529010600000,1529010659000,82.626,82.653,82.626,82.642,64070000,1
1529010660000,1529010719000,82.641,82.665,82.641,82.66,40000000,1
1529010720000,1529010779000,82.66,82.661,82.647,82.651,37110000,1
1529010780000,1529010839000,82.651,82.656,82.646,82.656,12070000,1
1529010840000,1529010899000,82.656,82.67,82.656,82.664,47760000,1
1529010900000,1529010959000,82.664,82.677,82.662,82.668,68450000,1
1529010960000,1529011019000,82.667,82.677,82.661,82.663,61540000,1
1529011020000,1529011079000,82.661,82.673,82.658,82.67,90700000,1
1529011080000,1529011139000,82.67,82.675,82.654,82.665,91320000,1
1529011140000,1529011199000,82.659,82.671,82.648,82.655,125010000,1
1529011200000,1529011259000,82.653,82.658,82.652,82.656,72910000,1
1529011260000,1529011319000,82.658,82.68,82.65,82.66,84110000,1
1529011320000,1529011379000,82.661,82.662,82.647,82.652,71110000,1
1529011380000,1529011439000,82.656,82.671,82.641,82.654,170210000,1
1529011440000,1529011499000,82.654,82.662,82.648,82.651,88460000,1
1529011500000,1529011559000,82.652,82.652,82.648,82.652,49640000,1
1529011560000,1529011619000,82.652,82.664,82.649,82.654,45500000,1
1529011620000,1529011679000,82.654,82.656,82.649,82.655,26950000,1
1529011680000,1529011739000,82.655,82.658,82.653,82.653,21000000,1
1529011740000,1529011799000,82.653,82.659,82.645,82.655,33000000,1
1529011800000,1529011859000,82.648,82.655,82.624,82.634,180650000,1
1529011860000,1529011919000,82.639,82.655,82.633,82.652,93260000,1
1529011920000,1529011979000,82.652,82.667,82.652,82.654,59660000,1
1529011980000,1529012039000,82.656,82.664,82.654,82.662,35450000,1
1529012040000,1529012099000,82.661,82.665,82.661,82.665,23610000,1
1529012100000,1529012159000,82.664,82.669,82.664,82.669,8500000,1
1529012160000,1529012219000,82.669,82.669,82.662,82.662,3120000,1
1529012220000,1529012279000,82.662,82.671,82.662,82.671,7490000,1
1529012280000,1529012339000,82.664,82.675,82.664,82.666,55620000,1
1529012340000,1529012399000,82.664,82.666,82.66,82.663,39810000,1
1529012400000,1529012459000,82.664,82.672,82.664,82.669,13990000,1
1529012460000,1529012519000,82.666,82.678,82.663,82.677,69720000,1
1529012520000,1529012579000,82.676,82.677,82.651,82.673,135520000,1
1529012580000,1529012639000,82.672,82.673,82.656,82.672,62090000,1
1529012640000,1529012699000,82.672,82.674,82.665,82.665,36620000,1
1529012700000,1529012759000,82.665,82.676,82.665,82.676,45870000,1
1529012760000,1529012819000,82.673,82.68,82.669,82.679,34120000,1
1529012820000,1529012879000,82.677,82.68,82.676,82.679,79000000,1
1529012880000,1529012939000,82.68,82.692,82.678,82.691,58500000,1
1529012940000,1529012999000,82.69,82.691,82.686,82.688,38000000,1
1529013000000,1529013059000,82.689,82.696,82.685,82.695,62000000,1
1529013060000,1529013119000,82.694,82.695,82.678,82.688,95380000,1
1529013120000,1529013179000,82.688,82.704,82.687,82.697,61070000,1
1529013180000,1529013239000,82.697,82.697,82.686,82.687,63900000,1
1529013240000,1529013299000,82.687,82.692,82.685,82.687,31210000,1
1529013300000,1529013359000,82.687,82.694,82.681,82.684,62860000,1
1529013360000,1529013419000,82.688,82.695,82.688,82.693,18450000,1
1529013420000,1529013479000,82.693,82.695,82.69,82.692,33590000,1
1529013480000,1529013539000,82.693,82.697,82.693,82.697,15340000,1
1529013540000,1529013599000,82.697,82.705,82.695,82.697,27360000,1
1529013600000,1529013659000,82.697,82.724,82.694,82.711,106260000,1
1529013660000,1529013719000,82.712,82.714,82.696,82.696,39630000,1
1529013720000,1529013779000,82.696,82.706,82.696,82.697,5500000,1
1529013780000,1529013839000,82.697,82.707,82.693,82.705,9690000,1
1529013840000,1529013899000,82.705,82.705,82.692,82.694,45170000,1
1529013900000,1529013959000,82.692,82.712,82.692,82.708,49250000,1
1529013960000,1529014019000,82.708,82.714,82.708,82.71,20730000,1
1529014020000,1529014079000,82.711,82.716,82.71,82.716,14950000,1
1529014080000,1529014139000,82.715,82.724,82.715,82.722,32020000,1
1529014140000,1529014199000,82.723,82.723,82.71,82.716,63130000,1
1529014200000,1529014259000,82.716,82.718,82.71,82.718,43450000,1
1529014260000,1529014319000,82.718,82.718,82.711,82.711,22940000,1
1529014320000,1529014379000,82.71,82.712,82.703,82.704,27490000,1
1529014380000,1529014439000,82.703,82.712,82.703,82.71,32730000,1
1529014440000,1529014499000,82.71,82.719,82.709,82.718,44800000,1
1529014500000,1529014559000,82.717,82.717,82.682,82.695,52290000,1
1529014560000,1529014619000,82.698,82.714,82.697,82.703,51490000,1
1529014620000,1529014679000,82.704,82.704,82.689,82.689,59020000,1
1529014680000,1529014739000,82.689,82.689,82.668,82.679,49160000,1
1529014740000,1529014799000,82.68,82.692,82.677,82.688,46640000,1
1529014800000,1529014859000,82.688,82.696,82.685,82.685,18000000,1
1529014860000,1529014919000,82.686,82.702,82.686,82.702,33000000,1
1529014920000,1529014979000,82.703,82.704,82.701,82.702,15000000,1
1529014980000,1529015039000,82.703,82.722,82.703,82.722,25490000,1
1529015040000,1529015099000,82.722,82.723,82.715,82.717,13000000,1
1529015100000,1529015159000,82.716,82.722,82.705,82.705,46380000,1
1529015160000,1529015219000,82.705,82.716,82.705,82.715,27240000,1
1529015220000,1529015279000,82.715,82.718,82.715,82.716,10000000,1
1529015280000,1529015339000,82.717,82.719,82.715,82.716,16500000,1
1529015340000,1529015399000,82.716,82.716,82.708,82.71,29410000,1
1529015400000,1529015459000,82.711,82.711,82.704,82.704,26190000,1
1529015460000,1529015519000,82.706,82.707,82.688,82.69,32960000,1
1529015520000,1529015579000,82.691,82.698,82.689,82.696,49830000,1
1529015580000,1529015639000,82.696,82.702,82.696,82.701,17070000,1
1529015640000,1529015699000,82.701,82.701,82.69,82.69,30450000,1
1529015700000,1529015759000,82.687,82.693,82.687,82.693,36900000,1
1529015760000,1529015819000,82.692,82.692,82.687,82.691,31090000,1
1529015820000,1529015879000,82.692,82.693,82.691,82.691,21200000,1
1529015880000,1529015939000,82.692,82.696,82.685,82.694,57220000,1
1529015940000,1529015999000,82.694,82.697,82.694,82.697,14830000,1
1529016000000,1529016059000,82.698,82.701,82.685,82.685,59920000,1
1529016060000,1529016119000,82.686,82.686,82.685,82.685,10260000,1
1529016120000,1529016179000,82.686,82.69,82.683,82.688,37340000,1
1529016180000,1529016239000,82.686,82.688,82.676,82.678,30380000,1
1529016240000,1529016299000,82.677,82.682,82.673,82.682,22190000,1
1529016300000,1529016359000,82.681,82.691,82.68,82.683,57820000,1
1529016360000,1529016419000,82.678,82.678,82.672,82.674,25510000,1
1529016420000,1529016479000,82.674,82.675,82.674,82.674,6000000,1
1529016480000,1529016539000,82.669,82.669,82.658,82.658,30400000,1
1529016540000,1529016599000,82.658,82.664,82.653,82.664,29220000,1
1529016600000,1529016659000,82.665,82.674,82.657,82.657,60470000,1
1529016660000,1529016719000,82.655,82.658,82.651,82.653,50130000,1
1529016720000,1529016779000,82.655,82.655,82.64,82.641,23880000,1
1529016780000,1529016839000,82.639,82.644,82.634,82.635,40880000,1
1529016840000,1529016899000,82.636,82.642,82.633,82.635,36070000,1
1529016900000,1529016959000,82.637,82.669,82.637,82.665,35000000,1
1529016960000,1529017019000,82.666,82.666,82.648,82.656,49800000,1
1529017020000,1529017079000,82.661,82.663,82.657,82.657,20670000,1
1529017080000,1529017139000,82.658,82.658,82.642,82.643,35960000,1
1529017140000,1529017199000,82.642,82.663,82.637,82.663,34130000,1
1529017200000,1529017259000,82.663,82.665,82.645,82.655,57820000,1
1529017260000,1529017319000,82.655,82.68,82.651,82.679,42750000,1
1529017320000,1529017379000,82.679,82.679,82.67,82.67,14190000,1
1529017380000,1529017439000,82.671,82.686,82.671,82.684,23000000,1
1529017440000,1529017499000,82.685,82.701,82.685,82.701,26360000,1
1529017500000,1529017559000,82.702,82.705,82.696,82.697,24060000,1
1529017560000,1529017619000,82.698,82.698,82.688,82.694,26870000,1
1529017620000,1529017679000,82.694,82.694,82.688,82.69,23260000,1
1529017680000,1529017739000,82.689,82.691,82.662,82.663,51930000,1
1529017740000,1529017799000,82.662,82.681,82.662,82.678,30450000,1
1529017800000,1529017859000,82.678,82.681,82.674,82.676,33620000,1
1529017860000,1529017919000,82.676,82.676,82.666,82.666,31020000,1
1529017920000,1529017979000,82.666,82.666,82.663,82.665,37690000,1
1529017980000,1529018039000,82.667,82.67,82.662,82.662,50530000,1
1529018040000,1529018099000,82.661,82.662,82.659,82.66,38740000,1
1529018100000,1529018159000,82.661,82.662,82.657,82.661,28430000,1
1529018160000,1529018219000,82.662,82.667,82.662,82.667,19320000,1
1529018220000,1529018279000,82.666,82.666,82.663,82.663,30180000,1
1529018280000,1529018339000,82.663,82.673,82.663,82.673,24720000,1
1529018340000,1529018399000,82.673,82.674,82.662,82.664,54520000,1
1529018400000,1529018459000,82.663,82.664,82.654,82.657,24250000,1
1529018460000,1529018519000,82.658,82.669,82.658,82.669,46030000,1
1529018520000,1529018579000,82.668,82.669,82.654,82.666,55020000,1
1529018580000,1529018639000,82.666,82.673,82.666,82.666,54350000,1
1529018640000,1529018699000,82.665,82.665,82.65,82.651,47600000,1
1529018700000,1529018759000,82.65,82.656,82.65,82.656,39730000,1
1529018760000,1529018819000,82.655,82.655,82.65,82.651,21840000,1
1529018820000,1529018879000,82.651,82.662,82.65,82.657,47480000,1
1529018880000,1529018939000,82.656,82.66,82.655,82.66,31260000,1
1529018940000,1529018999000,82.662,82.665,82.661,82.661,24620000,1
1529019000000,1529019059000,82.66,82.671,82.66,82.666,24290000,1
1529019060000,1529019119000,82.667,82.673,82.667,82.673,28350000,1
1529019120000,1529019179000,82.673,82.682,82.67,82.677,52080000,1
1529019180000,1529019239000,82.677,82.677,82.671,82.672,26920000,1
1529019240000,1529019299000,82.671,82.675,82.671,82.675,14660000,1
1529019300000,1529019359000,82.674,82.681,82.671,82.681,38120000,1
1529019360000,1529019419000,82.681,82.705,82.681,82.69,44610000,1
1529019420000,1529019479000,82.689,82.689,82.673,82.673,42870000,1
1529019480000,1529019539000,82.674,82.683,82.665,82.665,50620000,1
1529019540000,1529019599000,82.666,82.668,82.658,82.667,61710000,1
1529019600000,1529019659000,82.664,82.664,82.655,82.661,52770000,1
1529019660000,1529019719000,82.663,82.676,82.659,82.659,72340000,1
1529019720000,1529019779000,82.661,82.664,82.658,82.658,44650000,1
1529019780000,1529019839000,82.657,82.658,82.651,82.651,37750000,1
1529019840000,1529019899000,82.65,82.653,82.64,82.652,48010000,1
1529019900000,1529019959000,82.652,82.654,82.632,82.635,69740000,1
1529019960000,1529020019000,82.635,82.638,82.615,82.623,73120000,1
1529020020000,1529020079000,82.622,82.643,82.621,82.643,26870000,1
1529020080000,1529020139000,82.642,82.642,82.637,82.637,29430000,1
1529020140000,1529020199000,82.636,82.636,82.626,82.626,34000000,1
1529020200000,1529020259000,82.626,82.637,82.626,82.636,67790000,1
1529020260000,1529020319000,82.636,82.64,82.63,82.64,65620000,1
1529020320000,1529020379000,82.641,82.642,82.635,82.639,38130000,1
1529020380000,1529020439000,82.64,82.645,82.63,82.633,56420000,1
1529020440000,1529020499000,82.631,82.639,82.627,82.629,41950000,1
1529020500000,1529020559000,82.632,82.632,82.626,82.631,26360000,1
1529020560000,1529020619000,82.632,82.633,82.596,82.596,94330000,1
1529020620000,1529020679000,82.598,82.617,82.594,82.603,101310000,1
1529020680000,1529020739000,82.603,82.608,82.59,82.602,82080000,1
1529020740000,1529020799000,82.603,82.603,82.586,82.591,100800000,1
1529020800000,1529020859000,82.594,82.605,82.581,82.586,111920000,1
1529020860000,1529020919000,82.585,82.585,82.575,82.583,118870000,1
1529020920000,1529020979000,82.584,82.584,82.555,82.558,114990000,1
1529020980000,1529021039000,82.56,82.575,82.559,82.575,70710000,1
1529021040000,1529021099000,82.574,82.578,82.557,82.557,65370000,1
1529021100000,1529021159000,82.558,82.571,82.549,82.553,91430000,1
1529021160000,1529021219000,82.553,82.557,82.544,82.547,101780000,1
1529021220000,1529021279000,82.547,82.563,82.546,82.557,104860000,1
1529021280000,1529021339000,82.558,82.563,82.533,82.546,115970000,1
1529021340000,1529021399000,82.548,82.559,82.515,82.515,97700000,1
1529021400000,1529021459000,82.514,82.529,82.509,82.52,88440000,1
1529021460000,1529021519000,82.522,82.522,82.501,82.502,103650000,1
1529021520000,1529021579000,82.5,82.505,82.492,82.504,97630000,1
1529021580000,1529021639000,82.506,82.511,82.48,82.501,124140000,1
1529021640000,1529021699000,82.501,82.513,82.501,82.512,74530000,1
1529021700000,1529021759000,82.512,82.546,82.512,82.545,63680000,1
1529021760000,1529021819000,82.544,82.563,82.542,82.559,89230000,1
1529021820000,1529021879000,82.559,82.561,82.525,82.525,60000000,1
1529021880000,1529021939000,82.525,82.527,82.508,82.512,184150000,1
1529021940000,1529021999000,82.512,82.512,82.499,82.501,69400000,1
1529022000000,1529022059000,82.499,82.506,82.481,82.481,110310000,1
1529022060000,1529022119000,82.479,82.512,82.479,82.507,109270000,1
1529022120000,1529022179000,82.505,82.519,82.501,82.514,113520000,1
1529022180000,1529022239000,82.514,82.525,82.508,82.524,89720000,1
1529022240000,1529022299000,82.524,82.526,82.515,82.515,55710000,1
1529022300000,1529022359000,82.516,82.541,82.516,82.54,91250000,1
1529022360000,1529022419000,82.54,82.551,82.538,82.551,75340000,1
1529022420000,1529022479000,82.551,82.554,82.527,82.534,63950000,1
1529022480000,1529022539000,82.532,82.54,82.528,82.54,74080000,1
1529022540000,1529022599000,82.54,82.546,82.528,82.538,50100000,1
1529022600000,1529022659000,82.534,82.542,82.532,82.536,71880000,1
1529022660000,1529022719000,82.535,82.54,82.53,82.53,58010000,1
1529022720000,1529022779000,82.53,82.553,82.519,82.552,91920000,1
1529022780000,1529022839000,82.554,82.565,82.552,82.561,60560000,1
1529022840000,1529022899000,82.562,82.563,82.555,82.559,37490000,1
1529022900000,1529022959000,82.556,82.558,82.548,82.549,39870000,1
1529022960000,1529023019000,82.55,82.555,82.547,82.553,28710000,1
1529023020000,1529023079000,82.553,82.556,82.54,82.55,94810000,1
1529023080000,1529023139000,82.549,82.553,82.537,82.552,87820000,1
1529023140000,1529023199000,82.551,82.556,82.544,82.544,55200000,1
1529023200000,1529023259000,82.544,82.554,82.537,82.553,70750000,1
1529023260000,1529023319000,82.554,82.564,82.539,82.539,104330000,1
1529023320000,1529023379000,82.539,82.541,82.523,82.535,132610000,1
1529023380000,1529023439000,82.534,82.541,82.53,82.53,43600000,1
1529023440000,1529023499000,82.53,82.539,82.53,82.538,74370000,1
1529023500000,1529023559000,82.539,82.541,82.512,82.512,135450000,1
1529023560000,1529023619000,82.511,82.515,82.506,82.507,54530000,1
1529023620000,1529023679000,82.507,82.507,82.448,82.454,106680000,1
1529023680000,1529023739000,82.452,82.452,82.423,82.432,159320000,1
1529023740000,1529023799000,82.432,82.439,82.399,82.402,126690000,1
1529023800000,1529023859000,82.403,82.428,82.391,82.412,128470000,1
1529023860000,1529023919000,82.411,82.411,82.383,82.383,95840000,1
1529023920000,1529023979000,82.383,82.401,82.367,82.386,126530000,1
1529023980000,1529024039000,82.386,82.417,82.382,82.417,126770000,1
1529024040000,1529024099000,82.417,82.529,82.417,82.529,158470000,1
1529024100000,1529024159000,82.534,82.534,82.478,82.48,221000000,1
1529024160000,1529024219000,82.48,82.48,82.454,82.46,124170000,1
1529024220000,1529024279000,82.46,82.478,82.458,82.464,117090000,1
1529024280000,1529024339000,82.464,82.469,82.45,82.452,103670000,1
1529024340000,1529024399000,82.451,82.459,82.451,82.458,68900000,1
1529024400000,1529024459000,82.459,82.459,82.433,82.443,127180000,1
1529024460000,1529024519000,82.443,82.451,82.427,82.45,91010000,1
1529024520000,1529024579000,82.448,82.46,82.444,82.448,140300000,1
1529024580000,1529024639000,82.447,82.45,82.441,82.443,91420000,1
1529024640000,1529024699000,82.442,82.452,82.437,82.449,76800000,1
1529024700000,1529024759000,82.449,82.45,82.425,82.438,117640000,1
1529024760000,1529024819000,82.438,82.454,82.437,82.453,66130000,1
1529024820000,1529024879000,82.453,82.468,82.449,82.464,115330000,1
1529024880000,1529024939000,82.462,82.47,82.449,82.457,105020000,1
1529024940000,1529024999000,82.456,82.456,82.429,82.433,95020000,1
1529025000000,1529025059000,82.433,82.44,82.414,82.431,103580000,1
1529025060000,1529025119000,82.43,82.438,82.416,82.433,115370000,1
1529025120000,1529025179000,82.434,82.45,82.432,82.433,71090000,1
1529025180000,1529025239000,82.433,82.435,82.426,82.426,47070000,1
1529025240000,1529025299000,82.426,82.427,82.41,82.418,68300000,1
1529025300000,1529025359000,82.418,82.418,82.392,82.392,77890000,1
1529025360000,1529025419000,82.392,82.418,82.392,82.417,69230000,1
1529025420000,1529025479000,82.418,82.418,82.403,82.408,57540000,1
1529025480000,1529025539000,82.409,82.409,82.386,82.388,74580000,1
1529025540000,1529025599000,82.387,82.387,82.373,82.385,78900000,1
1529025600000,1529025659000,82.387,82.415,82.386,82.414,104090000,1
1529025660000,1529025719000,82.415,82.415,82.396,82.403,71910000,1
1529025720000,1529025779000,82.404,82.413,82.401,82.404,72270000,1
1529025780000,1529025839000,82.405,82.41,82.392,82.407,42130000,1
1529025840000,1529025899000,82.406,82.42,82.406,82.417,80170000,1
1529025900000,1529025959000,82.418,82.418,82.407,82.41,53420000,1
1529025960000,1529026019000,82.41,82.41,82.369,82.382,84820000,1
1529026020000,1529026079000,82.383,82.391,82.374,82.374,84180000,1
1529026080000,1529026139000,82.377,82.38,82.367,82.369,94160000,1
1529026140000,1529026199000,82.371,82.424,82.368,82.42,100320000,1
1529026200000,1529026259000,82.418,82.439,82.416,82.432,85250000,1
1529026260000,1529026319000,82.432,82.436,82.422,82.436,66280000,1
1529026320000,1529026379000,82.435,82.436,82.428,82.428,56110000,1
1529026380000,1529026439000,82.429,82.434,82.417,82.419,73610000,1
1529026440000,1529026499000,82.419,82.437,82.419,82.437,41930000,1
1529026500000,1529026559000,82.438,82.478,82.438,82.473,105780000,1
1529026560000,1529026619000,82.475,82.48,82.472,82.478,79460000,1
1529026620000,1529026679000,82.478,82.498,82.476,82.496,87880000,1
1529026680000,1529026739000,82.495,82.497,82.49,82.49,101160000,1
1529026740000,1529026799000,82.49,82.503,82.49,82.493,123980000,1
1529026800000,1529026859000,82.493,82.509,82.493,82.501,59400000,1
1529026860000,1529026919000,82.5,82.5,82.485,82.492,92160000,1
1529026920000,1529026979000,82.494,82.499,82.486,82.497,78410000,1
1529026980000,1529027039000,82.499,82.499,82.494,82.497,50590000,1
1529027040000,1529027099000,82.498,82.501,82.498,82.501,42630000,1
1529027100000,1529027159000,82.5,82.51,82.495,82.508,59500000,1
1529027160000,1529027219000,82.509,82.511,82.499,82.502,56890000,1
1529027220000,1529027279000,82.502,82.512,82.502,82.512,73530000,1
1529027280000,1529027339000,82.513,82.526,82.513,82.521,67760000,1
1529027340000,1529027399000,82.522,82.531,82.509,82.515,89310000,1
1529027400000,1529027459000,82.513,82.529,82.513,82.515,95870000,1
1529027460000,1529027519000,82.515,82.52,82.509,82.518,63020000,1
1529027520000,1529027579000,82.517,82.525,82.503,82.506,85170000,1
1529027580000,1529027639000,82.508,82.517,82.505,82.514,88570000,1
1529027640000,1529027699000,82.513,82.514,82.497,82.498,77280000,1
1529027700000,1529027759000,82.501,82.506,82.497,82.504,73200000,1
1529027760000,1529027819000,82.504,82.509,82.495,82.495,81260000,1
1529027820000,1529027879000,82.495,82.514,82.495,82.514,101480000,1
1529027880000,1529027939000,82.514,82.515,82.504,82.51,40010000,1
1529027940000,1529027999000,82.51,82.51,82.5,82.501,59630000,1
1529028000000,1529028059000,82.501,82.501,82.468,82.469,123060000,1
1529028060000,1529028119000,82.47,82.497,82.469,82.496,114480000,1
1529028120000,1529028179000,82.498,82.503,82.486,82.491,60240000,1
1529028180000,1529028239000,82.492,82.492,82.482,82.488,21670000,1
1529028240000,1529028299000,82.489,82.492,82.485,82.489,65840000,1
1529028300000,1529028359000,82.49,82.493,82.489,82.491,36470000,1
1529028360000,1529028419000,82.49,82.492,82.49,82.491,30430000,1
1529028420000,1529028479000,82.491,82.492,82.473,82.477,57050000,1
1529028480000,1529028539000,82.477,82.487,82.475,82.487,64690000,1
1529028540000,1529028599000,82.487,82.502,82.486,82.5,81640000,1
1529028600000,1529028659000,82.499,82.513,82.499,82.507,94340000,1
1529028660000,1529028719000,82.509,82.515,82.503,82.51,68200000,1
1529028720000,1529028779000,82.511,82.516,82.507,82.513,39440000,1
1529028780000,1529028839000,82.514,82.516,82.503,82.503,51730000,1
1529028840000,1529028899000,82.504,82.516,82.504,82.514,35180000,1
1529028900000,1529028959000,82.516,82.516,82.511,82.511,18180000,1
1529028960000,1529029019000,82.512,82.516,82.505,82.505,55280000,1
1529029020000,1529029079000,82.504,82.509,82.502,82.509,49060000,1
1529029080000,1529029139000,82.509,82.512,82.49,82.492,62590000,1
1529029140000,1529029199000,82.491,82.511,82.485,82.511,117730000,1
1529029200000,1529029259000,82.511,82.511,82.503,82.507,50120000,1
1529029260000,1529029319000,82.507,82.519,82.503,82.516,66750000,1
1529029320000,1529029379000,82.516,82.529,82.516,82.516,50930000,1
1529029380000,1529029439000,82.517,82.517,82.507,82.511,40680000,1
1529029440000,1529029499000,82.511,82.533,82.511,82.53,41490000,1
1529029500000,1529029559000,82.53,82.535,82.527,82.535,36670000,1
1529029560000,1529029619000,82.534,82.534,82.516,82.52,75850000,1
1529029620000,1529029679000,82.52,82.52,82.508,82.511,39690000,1
1529029680000,1529029739000,82.512,82.531,82.511,82.531,39230000,1
1529029740000,1529029799000,82.531,82.536,82.531,82.535,14500000,1
1529029800000,1529029859000,82.535,82.547,82.535,82.543,67880000,1
1529029860000,1529029919000,82.542,82.542,82.53,82.539,59680000,1
1529029920000,1529029979000,82.539,82.556,82.539,82.555,89350000,1
1529029980000,1529030039000,82.554,82.555,82.544,82.555,57060000,1
1529030040000,1529030099000,82.555,82.555,82.546,82.552,87500000,1
1529030100000,1529030159000,82.551,82.551,82.538,82.538,78730000,1
1529030160000,1529030219000,82.539,82.546,82.538,82.541,58870000,1
1529030220000,1529030279000,82.543,82.544,82.541,82.542,39230000,1
1529030280000,1529030339000,82.542,82.548,82.533,82.548,103130000,1
1529030340000,1529030399000,82.547,82.552,82.545,82.55,64770000,1
1529030400000,1529030459000,82.55,82.571,82.55,82.569,51260000,1
1529030460000,1529030519000,82.568,82.645,82.568,82.645,149440000,1
1529030520000,1529030579000,82.643,82.645,82.623,82.633,157260000,1
1529030580000,1529030639000,82.632,82.638,82.621,82.621,154520000,1
1529030640000,1529030699000,82.621,82.668,82.621,82.651,201530000,1
1529030700000,1529030759000,82.647,82.682,82.645,82.668,202340000,1
1529030760000,1529030819000,82.668,82.672,82.643,82.657,141150000,1
1529030820000,1529030879000,82.657,82.663,82.647,82.647,71300000,1
1529030880000,1529030939000,82.647,82.648,82.634,82.638,98300000,1
1529030940000,1529030999000,82.639,82.647,82.616,82.616,96510000,1
1529031000000,1529031059000,82.616,82.644,82.612,82.644,101880000,1
1529031060000,1529031119000,82.645,82.661,82.645,82.648,64720000,1
1529031120000,1529031179000,82.648,82.651,82.639,82.651,95010000,1
1529031180000,1529031239000,82.651,82.656,82.651,82.654,49180000,1
1529031240000,1529031299000,82.654,82.668,82.648,82.658,69210000,1
1529031300000,1529031359000,82.657,82.664,82.653,82.659,71270000,1
1529031360000,1529031419000,82.66,82.663,82.603,82.626,170730000,1
1529031420000,1529031479000,82.628,82.633,82.627,82.633,30110000,1
1529031480000,1529031539000,82.633,82.641,82.626,82.631,73010000,1
1529031540000,1529031599000,82.633,82.677,82.633,82.667,63140000,1
1529031600000,1529031659000,82.668,82.668,82.63,82.63,96500000,1
1529031660000,1529031719000,82.629,82.629,82.619,82.627,130150000,1
1529031720000,1529031779000,82.626,82.634,82.621,82.634,41990000,1
1529031780000,1529031839000,82.635,82.637,82.633,82.633,50430000,1
1529031840000,1529031899000,82.633,82.639,82.613,82.638,74840000,1
1529031900000,1529031959000,82.638,82.644,82.632,82.636,82040000,1
1529031960000,1529032019000,82.635,82.641,82.623,82.637,109770000,1
1529032020000,1529032079000,82.638,82.639,82.631,82.633,78140000,1
1529032080000,1529032139000,82.632,82.632,82.627,82.632,40590000,1
1529032140000,1529032199000,82.632,82.632,82.617,82.62,64380000,1
1529032200000,1529032259000,82.618,82.64,82.618,82.63,57650000,1
1529032260000,1529032319000,82.63,82.63,82.619,82.627,72390000,1
1529032320000,1529032379000,82.626,82.629,82.618,82.62,77150000,1
1529032380000,1529032439000,82.62,82.622,82.596,82.6,89340000,1
1529032440000,1529032499000,82.598,82.602,82.572,82.582,92420000,1
1529032500000,1529032559000,82.582,82.6,82.58,82.6,40040000,1
1529032560000,1529032619000,82.603,82.608,82.599,82.6,46520000,1
1529032620000,1529032679000,82.597,82.601,82.583,82.584,71040000,1
1529032680000,1529032739000,82.586,82.59,82.579,82.579,53650000,1
1529032740000,1529032799000,82.579,82.606,82.579,82.603,49540000,1
1529032800000,1529032859000,82.605,82.613,82.571,82.571,88720000,1
1529032860000,1529032919000,82.572,82.593,82.572,82.593,68840000,1
1529032920000,1529032979000,82.593,82.594,82.582,82.582,44510000,1
1529032980000,1529033039000,82.581,82.581,82.565,82.568,76200000,1
1529033040000,1529033099000,82.568,82.573,82.547,82.547,73260000,1
1529033100000,1529033159000,82.549,82.565,82.548,82.565,77830000,1
1529033160000,1529033219000,82.565,82.571,82.558,82.562,41870000,1
1529033220000,1529033279000,82.562,82.566,82.553,82.559,60540000,1
1529033280000,1529033339000,82.56,82.571,82.559,82.569,63760000,1
1529033340000,1529033399000,82.571,82.576,82.558,82.576,47220000,1
1529033400000,1529033459000,82.577,82.586,82.576,82.58,55660000,1
1529033460000,1529033519000,82.581,82.619,82.581,82.617,65560000,1
1529033520000,1529033579000,82.617,82.624,82.614,82.621,72810000,1
1529033580000,1529033639000,82.622,82.622,82.614,82.62,88750000,1
1529033640000,1529033699000,82.619,82.619,82.588,82.589,120510000,1
1529033700000,1529033759000,82.589,82.599,82.587,82.592,76790000,1
1529033760000,1529033819000,82.591,82.592,82.586,82.587,24260000,1
1529033820000,1529033879000,82.587,82.595,82.587,82.59,60500000,1
1529033880000,1529033939000,82.59,82.593,82.588,82.592,34070000,1
1529033940000,1529033999000,82.593,82.598,82.593,82.598,56320000,1
1529034000000,1529034059000,82.597,82.599,82.581,82.587,94440000,1
1529034060000,1529034119000,82.587,82.59,82.569,82.57,60020000,1
1529034120000,1529034179000,82.572,82.572,82.553,82.559,89510000,1
1529034180000,1529034239000,82.558,82.562,82.553,82.561,54370000,1
1529034240000,1529034299000,82.562,82.563,82.546,82.546,47340000,1
1529034300000,1529034359000,82.549,82.561,82.545,82.556,44320000,1
1529034360000,1529034419000,82.557,82.568,82.55,82.563,40480000,1
1529034420000,1529034479000,82.564,82.573,82.562,82.566,67890000,1
1529034480000,1529034539000,82.567,82.569,82.547,82.552,75790000,1
1529034540000,1529034599000,82.553,82.566,82.545,82.565,62350000,1
1529034600000,1529034659000,82.566,82.582,82.566,82.581,43110000,1
1529034660000,1529034719000,82.58,82.604,82.58,82.603,60340000,1
1529034720000,1529034779000,82.604,82.616,82.603,82.609,46580000,1
1529034780000,1529034839000,82.608,82.619,82.608,82.618,41540000,1
1529034840000,1529034899000,82.616,82.632,82.615,82.628,33360000,1
1529034900000,1529034959000,82.629,82.629,82.615,82.615,16650000,1
1529034960000,1529035019000,82.61,82.61,82.601,82.606,53020000,1
1529035020000,1529035079000,82.606,82.608,82.592,82.601,58850000,1
1529035080000,1529035139000,82.602,82.618,82.6,82.614,38000000,1
1529035140000,1529035199000,82.613,82.614,82.604,82.606,30730000,1
1529035200000,1529035259000,82.605,82.621,82.605,82.615,52730000,1
1529035260000,1529035319000,82.616,82.616,82.607,82.612,37690000,1
1529035320000,1529035379000,82.611,82.617,82.611,82.612,33260000,1
1529035380000,1529035439000,82.614,82.644,82.611,82.636,51120000,1
1529035440000,1529035499000,82.636,82.644,82.633,82.643,62040000,1
1529035500000,1529035559000,82.641,82.641,82.634,82.635,36060000,1
1529035560000,1529035619000,82.635,82.636,82.62,82.62,25840000,1
1529035620000,1529035679000,82.62,82.636,82.617,82.636,51000000,1
1529035680000,1529035739000,82.635,82.64,82.628,82.634,59250000,1
1529035740000,1529035799000,82.634,82.638,82.633,82.638,29840000,1
1529035800000,1529035859000,82.637,82.637,82.62,82.62,51230000,1
1529035860000,1529035919000,82.62,82.637,82.62,82.637,61640000,1
1529035920000,1529035979000,82.637,82.637,82.627,82.637,49460000,1
1529035980000,1529036039000,82.637,82.649,82.636,82.649,38610000,1
1529036040000,1529036099000,82.649,82.652,82.631,82.632,44730000,1
1529036100000,1529036159000,82.632,82.636,82.628,82.628,13630000,1
1529036160000,1529036219000,82.628,82.634,82.628,82.634,8000000,1
1529036220000,1529036279000,82.634,82.645,82.634,82.636,41040000,1
1529036280000,1529036339000,82.636,82.636,82.628,82.631,30340000,1
1529036340000,1529036399000,82.631,82.636,82.631,82.633,20050000,1
1529036400000,1529036459000,82.634,82.644,82.634,82.644,18810000,1
1529036460000,1529036519000,82.645,82.645,82.644,82.644,7310000,1
1529036520000,1529036579000,82.646,82.646,82.641,82.643,23280000,1
1529036580000,1529036639000,82.643,82.649,82.637,82.639,39680000,1
1529036640000,1529036699000,82.639,82.645,82.639,82.642,22930000,1
1529036700000,1529036759000,82.641,82.644,82.641,82.643,15500000,1
1529036760000,1529036819000,82.642,82.645,82.635,82.638,42850000,1
1529036820000,1529036879000,82.639,82.656,82.636,82.655,78020000,1
1529036880000,1529036939000,82.653,82.656,82.649,82.653,25940000,1
1529036940000,1529036999000,82.653,82.655,82.646,82.646,42740000,1
1529037000000,1529037059000,82.648,82.656,82.646,82.652,43310000,1
1529037060000,1529037119000,82.652,82.66,82.652,82.655,46490000,1
1529037120000,1529037179000,82.658,82.66,82.653,82.654,20500000,1
1529037180000,1529037239000,82.654,82.654,82.64,82.641,21490000,1
1529037240000,1529037299000,82.642,82.642,82.64,82.641,19510000,1
1529037300000,1529037359000,82.64,82.649,82.64,82.648,31620000,1
1529037360000,1529037419000,82.649,82.656,82.649,82.656,12360000,1
1529037420000,1529037479000,82.654,82.655,82.647,82.652,26620000,1
1529037480000,1529037539000,82.652,82.653,82.652,82.653,5000000,1
1529037540000,1529037599000,82.652,82.671,82.652,82.67,21240000,1
1529037600000,1529037659000,82.673,82.675,82.664,82.665,19190000,1
1529037660000,1529037719000,82.665,82.67,82.664,82.664,34380000,1
1529037720000,1529037779000,82.664,82.667,82.661,82.661,21810000,1
1529037780000,1529037839000,82.661,82.661,82.659,82.659,18500000,1
1529037840000,1529037899000,82.66,82.663,82.66,82.663,14430000,1
1529037900000,1529037959000,82.662,82.67,82.662,82.667,35240000,1
1529037960000,1529038019000,82.666,82.666,82.665,82.665,5740000,1
1529038020000,1529038079000,82.666,82.673,82.665,82.671,36790000,1
1529038080000,1529038139000,82.671,82.682,82.671,82.678,28290000,1
1529038140000,1529038199000,82.677,82.677,82.672,82.672,17470000,1
1529038200000,1529038259000,82.673,82.674,82.669,82.674,35170000,1
1529038260000,1529038319000,82.674,82.678,82.672,82.673,25750000,1
1529038320000,1529038379000,82.672,82.675,82.67,82.67,17930000,1
1529038380000,1529038439000,82.671,82.673,82.67,82.672,11620000,1
1529038440000,1529038499000,82.671,82.671,82.668,82.669,12620000,1
1529038500000,1529038559000,82.668,82.677,82.668,82.677,17990000,1
1529038560000,1529038619000,82.679,82.68,82.678,82.679,21240000,1
1529038620000,1529038679000,82.68,82.681,82.673,82.678,39670000,1
1529038680000,1529038739000,82.678,82.679,82.673,82.678,31600000,1
1529038740000,1529038799000,82.679,82.689,82.669,82.68,63810000,1
1529038800000,1529038859000,82.681,82.682,82.675,82.678,43650000,1
1529038860000,1529038919000,82.677,82.688,82.677,82.688,38800000,1
1529038920000,1529038979000,82.688,82.688,82.685,82.688,15440000,1
1529038980000,1529039039000,82.688,82.69,82.682,82.684,36750000,1
1529039040000,1529039099000,82.683,82.691,82.682,82.691,87580000,1
1529039100000,1529039159000,82.692,82.692,82.68,82.682,73310000,1
1529039160000,1529039219000,82.68,82.683,82.672,82.672,50110000,1
1529039220000,1529039279000,82.672,82.685,82.672,82.684,34650000,1
1529039280000,1529039339000,82.685,82.686,82.681,82.681,15300000,1
1529039340000,1529039399000,82.681,82.695,82.68,82.692,51290000,1
1529039400000,1529039459000,82.693,82.699,82.689,82.695,52050000,1
1529039460000,1529039519000,82.696,82.722,82.696,82.722,61810000,1
1529039520000,1529039579000,82.721,82.722,82.716,82.716,16840000,1
1529039580000,1529039639000,82.716,82.729,82.71,82.728,69850000,1
1529039640000,1529039699000,82.729,82.734,82.728,82.732,45060000,1
1529039700000,1529039759000,82.732,82.732,82.726,82.73,49020000,1
1529039760000,1529039819000,82.729,82.729,82.719,82.719,38190000,1
1529039820000,1529039879000,82.721,82.721,82.717,82.719,16970000,1
1529039880000,1529039939000,82.719,82.721,82.718,82.72,30930000,1
1529039940000,1529039999000,82.721,82.721,82.72,82.721,10860000,1
1529040000000,1529040059000,82.721,82.728,82.721,82.727,29840000,1
1529040060000,1529040119000,82.725,82.725,82.72,82.72,14550000,1
1529040120000,1529040179000,82.72,82.722,82.72,82.721,11430000,1
1529040180000,1529040239000,82.722,82.739,82.722,82.739,37080000,1
1529040240000,1529040299000,82.739,82.742,82.728,82.729,66350000,1
1529040300000,1529040359000,82.728,82.741,82.728,82.739,39240000,1
1529040360000,1529040419000,82.739,82.746,82.738,82.739,45430000,1
1529040420000,1529040479000,82.738,82.744,82.735,82.742,34570000,1
1529040480000,1529040539000,82.743,82.754,82.742,82.754,26910000,1
1529040540000,1529040599000,82.755,82.765,82.75,82.765,40290000,1
1529040600000,1529040659000,82.765,82.804,82.763,82.797,99380000,1
1529040660000,1529040719000,82.798,82.809,82.785,82.809,83020000,1
1529040720000,1529040779000,82.807,82.815,82.803,82.813,45950000,1
1529040780000,1529040839000,82.813,82.813,82.804,82.811,75400000,1
1529040840000,1529040899000,82.811,82.816,82.809,82.816,30740000,1
1529040900000,1529040959000,82.817,82.819,82.814,82.815,36190000,1
1529040960000,1529041019000,82.816,82.816,82.813,82.815,19440000,1
1529041020000,1529041079000,82.814,82.817,82.81,82.817,22870000,1
1529041080000,1529041139000,82.818,82.836,82.817,82.831,53500000,1
1529041140000,1529041199000,82.834,82.844,82.831,82.843,66960000,1
1529041200000,1529041259000,82.842,82.842,82.823,82.823,81870000,1
1529041260000,1529041319000,82.823,82.823,82.809,82.816,75920000,1
1529041320000,1529041379000,82.816,82.817,82.793,82.793,70390000,1
1529041380000,1529041439000,82.794,82.798,82.775,82.78,103350000,1
1529041440000,1529041499000,82.782,82.784,82.758,82.761,60970000,1
1529041500000,1529041559000,82.761,82.768,82.755,82.763,93360000,1
1529041560000,1529041619000,82.76,82.76,82.752,82.755,78610000,1
1529041620000,1529041679000,82.756,82.757,82.753,82.756,35720000,1
1529041680000,1529041739000,82.755,82.756,82.732,82.732,69500000,1
1529041740000,1529041799000,82.732,82.732,82.708,82.72,65800000,1
1529041800000,1529041859000,82.721,82.738,82.719,82.737,61780000,1
1529041860000,1529041919000,82.736,82.741,82.732,82.74,50850000,1
1529041920000,1529041979000,82.74,82.742,82.731,82.74,43400000,1
1529041980000,1529042039000,82.741,82.758,82.739,82.758,53610000,1
1529042040000,1529042099000,82.758,82.758,82.739,82.739,54980000,1
1529042100000,1529042159000,82.739,82.754,82.739,82.75,64680000,1
1529042160000,1529042219000,82.751,82.774,82.751,82.771,55450000,1
1529042220000,1529042279000,82.772,82.772,82.747,82.755,118070000,1
1529042280000,1529042339000,82.754,82.756,82.741,82.748,54930000,1
1529042340000,1529042399000,82.747,82.767,82.747,82.767,101850000,1
1529042400000,1529042459000,82.764,82.773,82.734,82.749,119600000,1
1529042460000,1529042519000,82.749,82.753,82.732,82.733,120550000,1
1529042520000,1529042579000,82.733,82.74,82.723,82.736,57650000,1
1529042580000,1529042639000,82.736,82.736,82.708,82.708,72910000,1
1529042640000,1529042699000,82.708,82.711,82.691,82.701,91540000,1
1529042700000,1529042759000,82.7,82.7,82.682,82.684,96310000,1
1529042760000,1529042819000,82.685,82.686,82.664,82.673,170630000,1
1529042820000,1529042879000,82.673,82.677,82.665,82.667,81000000,1
1529042880000,1529042939000,82.668,82.669,82.64,82.641,102080000,1
1529042940000,1529042999000,82.643,82.666,82.637,82.658,131050000,1
1529043000000,1529043059000,82.659,82.67,82.659,82.665,57870000,1
1529043060000,1529043119000,82.664,82.674,82.653,82.66,112120000,1
1529043120000,1529043179000,82.661,82.668,82.661,82.662,70380000,1
1529043180000,1529043239000,82.662,82.676,82.659,82.673,80510000,1
1529043240000,1529043299000,82.674,82.678,82.663,82.666,130890000,1
1529043300000,1529043359000,82.665,82.665,82.647,82.656,133900000,1
1529043360000,1529043419000,82.656,82.668,82.637,82.661,111870000,1
1529043420000,1529043479000,82.661,82.669,82.654,82.654,85430000,1
1529043480000,1529043539000,82.655,82.656,82.642,82.65,80990000,1
1529043540000,1529043599000,82.649,82.649,82.633,82.64,94910000,1
1529043600000,1529043659000,82.639,82.663,82.637,82.653,100870000,1
1529043660000,1529043719000,82.654,82.662,82.649,82.652,91280000,1
1529043720000,1529043779000,82.65,82.674,82.648,82.661,84110000,1
1529043780000,1529043839000,82.661,82.692,82.661,82.685,97290000,1
1529043840000,1529043899000,82.684,82.699,82.681,82.693,80460000,1
1529043900000,1529043959000,82.692,82.701,82.682,82.685,132100000,1
1529043960000,1529044019000,82.682,82.682,82.659,82.665,131450000,1
1529044020000,1529044079000,82.665,82.668,82.653,82.654,140360000,1
1529044080000,1529044139000,82.655,82.672,82.654,82.657,95220000,1
1529044140000,1529044199000,82.656,82.662,82.648,82.656,131180000,1
1529044200000,1529044259000,82.656,82.659,82.641,82.659,114940000,1
1529044260000,1529044319000,82.658,82.663,82.629,82.631,159420000,1
1529044320000,1529044379000,82.63,82.641,82.619,82.633,183230000,1
1529044380000,1529044439000,82.634,82.643,82.63,82.641,111760000,1
1529044440000,1529044499000,82.641,82.672,82.638,82.667,137910000,1
1529044500000,1529044559000,82.666,82.681,82.663,82.672,133410000,1
1529044560000,1529044619000,82.673,82.688,82.671,82.679,126080000,1
1529044620000,1529044679000,82.68,82.683,82.666,82.671,130430000,1
1529044680000,1529044739000,82.67,82.675,82.657,82.662,132660000,1
1529044740000,1529044799000,82.663,82.679,82.663,82.673,137150000,1
1529044800000,1529044859000,82.673,82.687,82.669,82.68,104870000,1
1529044860000,1529044919000,82.68,82.698,82.68,82.698,79310000,1
1529044920000,1529044979000,82.699,82.704,82.69,82.696,77600000,1
1529044980000,1529045039000,82.695,82.711,82.691,82.71,103180000,1
1529045040000,1529045099000,82.71,82.711,82.696,82.698,127630000,1
1529045100000,1529045159000,82.697,82.699,82.688,82.691,132070000,1
1529045160000,1529045219000,82.69,82.696,82.687,82.691,115200000,1
1529045220000,1529045279000,82.692,82.706,82.688,82.706,76000000,1
1529045280000,1529045339000,82.7,82.723,82.698,82.721,88710000,1
1529045340000,1529045399000,82.722,82.727,82.708,82.71,105960000,1
1529045400000,1529045459000,82.709,82.712,82.701,82.711,88660000,1
1529045460000,1529045519000,82.712,82.715,82.691,82.691,124810000,1
1529045520000,1529045579000,82.691,82.699,82.686,82.688,113560000,1
1529045580000,1529045639000,82.687,82.702,82.676,82.676,159240000,1
1529045640000,1529045699000,82.675,82.684,82.674,82.678,100220000,1
1529045700000,1529045759000,82.677,82.677,82.66,82.663,113240000,1
1529045760000,1529045819000,82.664,82.671,82.66,82.663,130120000,1
1529045820000,1529045879000,82.665,82.674,82.639,82.639,146490000,1
1529045880000,1529045939000,82.641,82.645,82.627,82.633,146640000,1
1529045940000,1529045999000,82.632,82.644,82.608,82.616,165300000,1
1529046000000,1529046059000,82.615,82.622,82.588,82.621,178800000,1
1529046060000,1529046119000,82.621,82.632,82.606,82.617,166220000,1
1529046120000,1529046179000,82.617,82.617,82.601,82.606,155750000,1
1529046180000,1529046239000,82.606,82.619,82.603,82.618,171890000,1
1529046240000,1529046299000,82.618,82.631,82.607,82.61,177120000,1
1529046300000,1529046359000,82.61,82.626,82.608,82.617,186860000,1
1529046360000,1529046419000,82.617,82.622,82.603,82.622,146210000,1
1529046420000,1529046479000,82.623,82.624,82.607,82.62,94320000,1
1529046480000,1529046539000,82.618,82.636,82.614,82.62,119300000,1
1529046540000,1529046599000,82.621,82.621,82.609,82.62,132210000,1
1529046600000,1529046659000,82.622,82.637,82.616,82.635,104560000,1
1529046660000,1529046719000,82.633,82.634,82.604,82.604,167060000,1
1529046720000,1529046779000,82.604,82.611,82.596,82.6,153300000,1
1529046780000,1529046839000,82.603,82.615,82.593,82.597,151410000,1
1529046840000,1529046899000,82.6,82.602,82.578,82.586,165390000,1
1529046900000,1529046959000,82.586,82.59,82.573,82.576,128300000,1
1529046960000,1529047019000,82.577,82.586,82.562,82.562,180340000,1
1529047020000,1529047079000,82.562,82.589,82.562,82.582,130240000,1
1529047080000,1529047139000,82.583,82.598,82.582,82.595,150320000,1
1529047140000,1529047199000,82.595,82.602,82.586,82.588,125370000,1
1529047200000,1529047259000,82.589,82.611,82.587,82.609,160470000,1
1529047260000,1529047319000,82.608,82.626,82.603,82.625,97390000,1
1529047320000,1529047379000,82.626,82.632,82.617,82.626,154360000,1
1529047380000,1529047439000,82.627,82.627,82.603,82.604,141530000,1
1529047440000,1529047499000,82.605,82.616,82.586,82.586,129270000,1
1529047500000,1529047559000,82.586,82.589,82.557,82.557,107040000,1
1529047560000,1529047619000,82.558,82.565,82.553,82.561,91220000,1
1529047620000,1529047679000,82.56,82.565,82.547,82.547,110780000,1
1529047680000,1529047739000,82.548,82.552,82.536,82.542,107800000,1
1529047740000,1529047799000,82.541,82.57,82.54,82.57,112100000,1
1529047800000,1529047859000,82.569,82.594,82.569,82.585,134690000,1
1529047860000,1529047919000,82.584,82.596,82.582,82.591,147150000,1
1529047920000,1529047979000,82.59,82.597,82.582,82.583,136050000,1
1529047980000,1529048039000,82.581,82.606,82.578,82.604,132380000,1
1529048040000,1529048099000,82.605,82.622,82.605,82.619,144180000,1
1529048100000,1529048159000,82.618,82.618,82.56,82.569,265320000,1
1529048160000,1529048219000,82.571,82.571,82.518,82.52,189630000,1
1529048220000,1529048279000,82.521,82.525,82.488,82.495,188280000,1
1529048280000,1529048339000,82.493,82.505,82.485,82.49,158900000,1
1529048340000,1529048399000,82.49,82.513,82.485,82.508,112610000,1
1529048400000,1529048459000,82.509,82.514,82.469,82.479,211200000,1
1529048460000,1529048519000,82.479,82.482,82.466,82.472,125890000,1
1529048520000,1529048579000,82.473,82.476,82.462,82.472,111640000,1
1529048580000,1529048639000,82.471,82.474,82.425,82.431,194820000,1
1529048640000,1529048699000,82.432,82.441,82.42,82.435,124440000,1
1529048700000,1529048759000,82.435,82.455,82.431,82.441,135380000,1
1529048760000,1529048819000,82.445,82.465,82.438,82.465,128820000,1
1529048820000,1529048879000,82.465,82.465,82.438,82.445,90150000,1
1529048880000,1529048939000,82.444,82.452,82.438,82.449,121330000,1
1529048940000,1529048999000,82.449,82.457,82.441,82.452,116400000,1
1529049000000,1529049059000,82.453,82.455,82.43,82.43,143500000,1
1529049060000,1529049119000,82.43,82.435,82.417,82.425,190050000,1
1529049120000,1529049179000,82.425,82.45,82.425,82.45,150480000,1
1529049180000,1529049239000,82.451,82.492,82.449,82.487,112110000,1
1529049240000,1529049299000,82.489,82.489,82.471,82.473,113950000,1
1529049300000,1529049359000,82.47,82.484,82.458,82.476,119800000,1
1529049360000,1529049419000,82.475,82.484,82.472,82.476,100290000,1
1529049420000,1529049479000,82.476,82.487,82.465,82.484,125200000,1
1529049480000,1529049539000,82.483,82.506,82.483,82.492,121820000,1
1529049540000,1529049599000,82.493,82.519,82.49,82.518,93150000,1
1529049600000,1529049659000,82.518,82.518,82.461,82.503,189490000,1
1529049660000,1529049719000,82.503,82.519,82.495,82.519,148200000,1
1529049720000,1529049779000,82.518,82.527,82.51,82.518,87910000,1
1529049780000,1529049839000,82.518,82.518,82.49,82.49,114230000,1
1529049840000,1529049899000,82.491,82.491,82.471,82.488,144960000,1
1529049900000,1529049959000,82.488,82.488,82.467,82.467,89880000,1
1529049960000,1529050019000,82.466,82.477,82.462,82.474,97800000,1
1529050020000,1529050079000,82.474,82.474,82.45,82.465,107780000,1
1529050080000,1529050139000,82.465,82.495,82.465,82.487,97400000,1
1529050140000,1529050199000,82.487,82.49,82.467,82.467,96200000,1
1529050200000,1529050259000,82.467,82.467,82.43,82.431,151450000,1
1529050260000,1529050319000,82.431,82.436,82.416,82.429,121500000,1
1529050320000,1529050379000,82.429,82.444,82.418,82.431,91900000,1
1529050380000,1529050439000,82.431,82.454,82.412,82.427,134650000,1
1529050440000,1529050499000,82.428,82.43,82.413,82.417,142590000,1
1529050500000,1529050559000,82.416,82.419,82.402,82.409,149690000,1
1529050560000,1529050619000,82.41,82.434,82.402,82.434,121960000,1
1529050620000,1529050679000,82.436,82.437,82.413,82.436,102360000,1
1529050680000,1529050739000,82.436,82.442,82.431,82.437,106960000,1
1529050740000,1529050799000,82.437,82.445,82.435,82.441,68660000,1
1529050800000,1529050859000,82.441,82.456,82.441,82.446,63200000,1
1529050860000,1529050919000,82.445,82.458,82.445,82.458,46120000,1
1529050920000,1529050979000,82.46,82.478,82.451,82.478,97320000,1
1529050980000,1529051039000,82.477,82.491,82.469,82.485,89490000,1
1529051040000,1529051099000,82.486,82.497,82.475,82.494,71370000,1
1529051100000,1529051159000,82.493,82.505,82.491,82.505,73390000,1
1529051160000,1529051219000,82.504,82.505,82.489,82.489,105190000,1
1529051220000,1529051279000,82.489,82.496,82.486,82.496,92960000,1
1529051280000,1529051339000,82.498,82.509,82.498,82.503,89210000,1
1529051340000,1529051399000,82.503,82.512,82.493,82.501,129100000,1
1529051400000,1529051459000,82.501,82.505,82.485,82.488,93200000,1
1529051460000,1529051519000,82.487,82.487,82.472,82.476,96920000,1
1529051520000,1529051579000,82.474,82.497,82.468,82.487,113430000,1
1529051580000,1529051639000,82.487,82.503,82.487,82.491,80500000,1
1529051640000,1529051699000,82.491,82.493,82.48,82.484,109250000,1
1529051700000,1529051759000,82.483,82.491,82.46,82.461,101640000,1
1529051760000,1529051819000,82.46,82.47,82.449,82.461,129720000,1
1529051820000,1529051879000,82.461,82.465,82.449,82.45,95150000,1
1529051880000,1529051939000,82.449,82.477,82.446,82.472,125010000,1
1529051940000,1529051999000,82.471,82.48,82.466,82.479,97580000,1
1529052000000,1529052059000,82.478,82.478,82.47,82.471,84350000,1
1529052060000,1529052119000,82.471,82.474,82.463,82.471,104570000,1
1529052120000,1529052179000,82.471,82.471,82.452,82.457,112530000,1
1529052180000,1529052239000,82.457,82.469,82.452,82.452,96130000,1
1529052240000,1529052299000,82.453,82.455,82.444,82.445,79260000,1
1529052300000,1529052359000,82.446,82.466,82.446,82.455,104760000,1
1529052360000,1529052419000,82.456,82.482,82.455,82.476,98250000,1
1529052420000,1529052479000,82.476,82.501,82.476,82.478,105370000,1
1529052480000,1529052539000,82.478,82.487,82.462,82.474,101070000,1
1529052540000,1529052599000,82.472,82.476,82.46,82.473,79240000,1
1529052600000,1529052659000,82.474,82.506,82.468,82.506,104230000,1
1529052660000,1529052719000,82.504,82.51,82.478,82.481,124080000,1
1529052720000,1529052779000,82.48,82.49,82.475,82.486,133870000,1
1529052780000,1529052839000,82.487,82.489,82.474,82.479,105600000,1
1529052840000,1529052899000,82.479,82.515,82.478,82.487,168450000,1
1529052900000,1529052959000,82.489,82.489,82.469,82.478,95930000,1
1529052960000,1529053019000,82.478,82.48,82.462,82.469,120770000,1
1529053020000,1529053079000,82.47,82.47,82.464,82.464,38520000,1
1529053080000,1529053139000,82.466,82.495,82.464,82.489,76970000,1
1529053140000,1529053199000,82.488,82.509,82.488,82.503,105980000,1
1529053200000,1529053259000,82.503,82.505,82.48,82.48,100840000,1
1529053260000,1529053319000,82.48,82.483,82.476,82.476,83730000,1
1529053320000,1529053379000,82.475,82.486,82.469,82.486,81200000,1
1529053380000,1529053439000,82.488,82.496,82.485,82.487,97630000,1
1529053440000,1529053499000,82.486,82.517,82.481,82.515,90350000,1
1529053500000,1529053559000,82.516,82.522,82.513,82.515,82500000,1
1529053560000,1529053619000,82.517,82.527,82.51,82.526,66880000,1
1529053620000,1529053679000,82.525,82.546,82.523,82.544,110890000,1
1529053680000,1529053739000,82.546,82.551,82.543,82.548,64620000,1
1529053740000,1529053799000,82.548,82.554,82.524,82.534,119420000,1
1529053800000,1529053859000,82.534,82.552,82.53,82.548,120120000,1
1529053860000,1529053919000,82.548,82.565,82.548,82.565,90930000,1
1529053920000,1529053979000,82.565,82.569,82.561,82.568,82900000,1
1529053980000,1529054039000,82.571,82.614,82.563,82.602,145400000,1
1529054040000,1529054099000,82.601,82.607,82.584,82.601,108830000,1
1529054100000,1529054159000,82.599,82.599,82.579,82.579,85540000,1
1529054160000,1529054219000,82.58,82.593,82.57,82.585,139990000,1
1529054220000,1529054279000,82.583,82.609,82.58,82.597,122670000,1
1529054280000,1529054339000,82.598,82.628,82.597,82.626,124580000,1
1529054340000,1529054399000,82.627,82.636,82.616,82.621,96070000,1
1529054400000,1529054459000,82.621,82.63,82.616,82.63,90930000,1
1529054460000,1529054519000,82.631,82.665,82.631,82.645,130980000,1
1529054520000,1529054579000,82.645,82.645,82.608,82.623,95990000,1
1529054580000,1529054639000,82.622,82.633,82.616,82.625,161280000,1
1529054640000,1529054699000,82.625,82.63,82.617,82.621,93790000,1
1529054700000,1529054759000,82.621,82.623,82.609,82.62,116960000,1
1529054760000,1529054819000,82.619,82.622,82.607,82.61,86810000,1
1529054820000,1529054879000,82.609,82.609,82.575,82.591,117580000,1
1529054880000,1529054939000,82.591,82.606,82.591,82.606,55770000,1
1529054940000,1529054999000,82.605,82.609,82.595,82.609,63490000,1
1529055000000,1529055059000,82.608,82.608,82.585,82.588,105020000,1
1529055060000,1529055119000,82.588,82.59,82.579,82.579,61270000,1
1529055120000,1529055179000,82.58,82.589,82.576,82.576,68620000,1
1529055180000,1529055239000,82.577,82.583,82.563,82.581,85070000,1
1529055240000,1529055299000,82.581,82.602,82.581,82.602,101160000,1
1529055300000,1529055359000,82.599,82.599,82.574,82.576,72760000,1
1529055360000,1529055419000,82.576,82.584,82.576,82.581,105460000,1
1529055420000,1529055479000,82.58,82.58,82.56,82.568,87120000,1
1529055480000,1529055539000,82.569,82.576,82.566,82.567,131680000,1
1529055540000,1529055599000,82.565,82.565,82.557,82.563,98470000,1
1529055600000,1529055659000,82.562,82.568,82.561,82.567,73790000,1
1529055660000,1529055719000,82.567,82.568,82.564,82.567,39250000,1
1529055720000,1529055779000,82.568,82.576,82.564,82.576,64270000,1
1529055780000,1529055839000,82.575,82.581,82.573,82.578,43530000,1
1529055840000,1529055899000,82.578,82.579,82.573,82.573,48270000,1
1529055900000,1529055959000,82.573,82.573,82.549,82.56,109480000,1
1529055960000,1529056019000,82.559,82.559,82.556,82.557,54030000,1
1529056020000,1529056079000,82.556,82.556,82.548,82.551,57750000,1
1529056080000,1529056139000,82.552,82.561,82.542,82.542,105910000,1
1529056140000,1529056199000,82.543,82.554,82.543,82.553,83610000,1
1529056200000,1529056259000,82.554,82.567,82.554,82.555,149400000,1
1529056260000,1529056319000,82.557,82.563,82.533,82.533,107980000,1
1529056320000,1529056379000,82.532,82.534,82.518,82.531,151370000,1
1529056380000,1529056439000,82.53,82.537,82.497,82.498,124660000,1
1529056440000,1529056499000,82.499,82.519,82.498,82.509,120900000,1
1529056500000,1529056559000,82.509,82.52,82.509,82.516,93440000,1
1529056560000,1529056619000,82.515,82.532,82.513,82.528,109610000,1
1529056620000,1529056679000,82.527,82.527,82.496,82.503,133470000,1
1529056680000,1529056739000,82.503,82.509,82.497,82.508,140250000,1
1529056740000,1529056799000,82.508,82.537,82.505,82.536,140720000,1
1529056800000,1529056859000,82.536,82.55,82.524,82.537,177260000,1
1529056860000,1529056919000,82.537,82.541,82.522,82.526,121350000,1
1529056920000,1529056979000,82.527,82.53,82.512,82.519,99050000,1
1529056980000,1529057039000,82.52,82.524,82.498,82.505,93190000,1
1529057040000,1529057099000,82.505,82.51,82.497,82.499,100770000,1
1529057100000,1529057159000,82.499,82.524,82.499,82.524,120740000,1
1529057160000,1529057219000,82.525,82.526,82.51,82.51,111110000,1
1529057220000,1529057279000,82.509,82.512,82.504,82.509,83680000,1
1529057280000,1529057339000,82.51,82.521,82.509,82.511,122080000,1
1529057340000,1529057399000,82.507,82.512,82.498,82.5,111390000,1
1529057400000,1529057459000,82.5,82.503,82.491,82.493,134680000,1
1529057460000,1529057519000,82.492,82.497,82.492,82.497,44040000,1
1529057520000,1529057579000,82.497,82.506,82.496,82.498,87800000,1
1529057580000,1529057639000,82.498,82.502,82.497,82.502,62750000,1
1529057640000,1529057699000,82.503,82.509,82.498,82.509,105780000,1
1529057700000,1529057759000,82.51,82.515,82.507,82.514,64440000,1
1529057760000,1529057819000,82.515,82.516,82.51,82.512,51720000,1
1529057820000,1529057879000,82.511,82.512,82.483,82.487,86530000,1
1529057880000,1529057939000,82.487,82.497,82.481,82.497,98280000,1
1529057940000,1529057999000,82.498,82.502,82.484,82.496,171960000,1
1529058000000,1529058059000,82.496,82.509,82.493,82.5,129980000,1
1529058060000,1529058119000,82.5,82.526,82.5,82.512,132580000,1
1529058120000,1529058179000,82.512,82.512,82.467,82.478,261240000,1
1529058180000,1529058239000,82.479,82.481,82.448,82.481,219690000,1
1529058240000,1529058299000,82.478,82.479,82.448,82.458,208090000,1
1529058300000,1529058359000,82.456,82.465,82.437,82.448,247310000,1
1529058360000,1529058419000,82.448,82.488,82.441,82.479,213270000,1
1529058420000,1529058479000,82.478,82.542,82.476,82.509,295840000,1
1529058480000,1529058539000,82.507,82.549,82.493,82.527,236900000,1
1529058540000,1529058599000,82.526,82.561,82.522,82.558,158830000,1
1529058600000,1529058659000,82.556,82.56,82.532,82.535,170420000,1
1529058660000,1529058719000,82.534,82.558,82.517,82.545,161250000,1
1529058720000,1529058779000,82.544,82.546,82.52,82.529,155340000,1
1529058780000,1529058839000,82.53,82.551,82.53,82.548,161150000,1
1529058840000,1529058899000,82.547,82.59,82.547,82.574,161840000,1
1529058900000,1529058959000,82.574,82.579,82.555,82.572,149160000,1
1529058960000,1529059019000,82.571,82.572,82.553,82.572,119710000,1
1529059020000,1529059079000,82.572,82.572,82.536,82.547,147250000,1
1529059080000,1529059139000,82.548,82.549,82.521,82.528,133500000,1
1529059140000,1529059199000,82.528,82.549,82.527,82.53,111320000,1
1529059200000,1529059259000,82.531,82.542,82.524,82.535,107180000,1
1529059260000,1529059319000,82.536,82.562,82.535,82.553,79370000,1
1529059320000,1529059379000,82.555,82.561,82.549,82.554,96750000,1
1529059380000,1529059439000,82.555,82.567,82.55,82.564,95170000,1
1529059440000,1529059499000,82.563,82.589,82.563,82.585,114780000,1
1529059500000,1529059559000,82.586,82.587,82.555,82.555,94630000,1
1529059560000,1529059619000,82.555,82.562,82.553,82.557,68270000,1
1529059620000,1529059679000,82.559,82.575,82.559,82.572,116970000,1
1529059680000,1529059739000,82.573,82.605,82.573,82.604,130990000,1
1529059740000,1529059799000,82.604,82.626,82.602,82.621,77970000,1
1529059800000,1529059859000,82.621,82.625,82.608,82.619,83110000,1
1529059860000,1529059919000,82.62,82.62,82.599,82.603,97690000,1
1529059920000,1529059979000,82.603,82.613,82.603,82.61,71820000,1
1529059980000,1529060039000,82.61,82.626,82.6,82.615,136470000,1
1529060040000,1529060099000,82.614,82.618,82.598,82.599,91580000,1
1529060100000,1529060159000,82.599,82.623,82.598,82.622,76440000,1
1529060160000,1529060219000,82.623,82.64,82.623,82.626,77780000,1
1529060220000,1529060279000,82.625,82.643,82.622,82.642,63150000,1
1529060280000,1529060339000,82.64,82.65,82.633,82.644,74500000,1
1529060340000,1529060399000,82.644,82.644,82.626,82.638,48240000,1
1529060400000,1529060459000,82.636,82.658,82.635,82.651,98000000,1
1529060460000,1529060519000,82.651,82.655,82.64,82.64,84510000,1
1529060520000,1529060579000,82.64,82.65,82.628,82.634,92150000,1
1529060580000,1529060639000,82.632,82.642,82.628,82.642,108700000,1
1529060640000,1529060699000,82.642,82.654,82.637,82.643,80060000,1
1529060700000,1529060759000,82.642,82.644,82.617,82.622,103470000,1
1529060760000,1529060819000,82.623,82.639,82.623,82.635,62050000,1
1529060820000,1529060879000,82.635,82.635,82.627,82.632,84290000,1
1529060880000,1529060939000,82.636,82.645,82.633,82.636,82820000,1
1529060940000,1529060999000,82.638,82.639,82.617,82.629,96200000,1
1529061000000,1529061059000,82.63,82.635,82.626,82.63,66600000,1
1529061060000,1529061119000,82.63,82.648,82.63,82.648,66700000,1
1529061120000,1529061179000,82.648,82.654,82.639,82.642,97150000,1
1529061180000,1529061239000,82.643,82.645,82.632,82.634,114780000,1
1529061240000,1529061299000,82.638,82.64,82.626,82.627,68020000,1
1529061300000,1529061359000,82.627,82.631,82.612,82.612,94170000,1
1529061360000,1529061419000,82.611,82.622,82.611,82.62,72770000,1
1529061420000,1529061479000,82.622,82.638,82.62,82.632,88320000,1
1529061480000,1529061539000,82.633,82.634,82.626,82.628,92080000,1
1529061540000,1529061599000,82.629,82.645,82.629,82.644,70750000,1
1529061600000,1529061659000,82.643,82.653,82.636,82.643,104280000,1
1529061660000,1529061719000,82.644,82.65,82.639,82.647,60120000,1
1529061720000,1529061779000,82.647,82.669,82.647,82.66,103310000,1
1529061780000,1529061839000,82.661,82.661,82.643,82.648,87430000,1
1529061840000,1529061899000,82.648,82.667,82.647,82.667,47930000,1
1529061900000,1529061959000,82.666,82.671,82.658,82.658,53660000,1
1529061960000,1529062019000,82.658,82.66,82.652,82.652,50860000,1
1529062020000,1529062079000,82.652,82.659,82.644,82.644,78520000,1
1529062080000,1529062139000,82.644,82.669,82.644,82.667,99990000,1
1529062140000,1529062199000,82.667,82.688,82.666,82.681,77410000,1
1529062200000,1529062259000,82.681,82.688,82.677,82.688,75660000,1
1529062260000,1529062319000,82.69,82.724,82.689,82.713,129440000,1
1529062320000,1529062379000,82.711,82.717,82.703,82.714,109260000,1
1529062380000,1529062439000,82.714,82.718,82.705,82.714,115390000,1
1529062440000,1529062499000,82.714,82.714,82.7,82.7,69900000,1
1529062500000,1529062559000,82.7,82.7,82.683,82.693,86600000,1
1529062560000,1529062619000,82.693,82.717,82.693,82.711,91510000,1
1529062620000,1529062679000,82.711,82.715,82.71,82.714,33490000,1
1529062680000,1529062739000,82.713,82.714,82.706,82.711,101270000,1
1529062740000,1529062799000,82.711,82.721,82.706,82.715,94370000,1
1529062800000,1529062859000,82.715,82.724,82.701,82.722,97710000,1
1529062860000,1529062919000,82.723,82.734,82.719,82.734,96400000,1
1529062920000,1529062979000,82.734,82.741,82.728,82.729,89970000,1
1529062980000,1529063039000,82.729,82.739,82.726,82.728,84660000,1
1529063040000,1529063099000,82.729,82.736,82.728,82.73,60510000,1
1529063100000,1529063159000,82.728,82.734,82.723,82.731,54900000,1
1529063160000,1529063219000,82.731,82.742,82.727,82.742,91710000,1
1529063220000,1529063279000,82.742,82.742,82.721,82.722,50210000,1
1529063280000,1529063339000,82.723,82.725,82.713,82.714,36830000,1
1529063340000,1529063399000,82.715,82.731,82.715,82.73,68500000,1
1529063400000,1529063459000,82.73,82.743,82.73,82.743,57630000,1
1529063460000,1529063519000,82.744,82.752,82.744,82.745,57410000,1
1529063520000,1529063579000,82.745,82.746,82.719,82.729,65540000,1
1529063580000,1529063639000,82.729,82.729,82.71,82.716,66970000,1
1529063640000,1529063699000,82.717,82.731,82.713,82.731,78640000,1
1529063700000,1529063759000,82.73,82.73,82.71,82.713,104100000,1
1529063760000,1529063819000,82.713,82.715,82.71,82.711,79990000,1
1529063820000,1529063879000,82.711,82.726,82.701,82.726,105790000,1
1529063880000,1529063939000,82.726,82.727,82.713,82.726,96240000,1
1529063940000,1529063999000,82.725,82.736,82.718,82.728,135720000,1
1529064000000,1529064059000,82.726,82.748,82.722,82.737,160860000,1
1529064060000,1529064119000,82.737,82.744,82.73,82.73,90480000,1
1529064120000,1529064179000,82.73,82.734,82.719,82.729,138520000,1
1529064180000,1529064239000,82.73,82.731,82.671,82.672,143060000,1
1529064240000,1529064299000,82.671,82.686,82.66,82.662,174700000,1
1529064300000,1529064359000,82.663,82.679,82.661,82.674,165240000,1
1529064360000,1529064419000,82.674,82.679,82.663,82.674,128790000,1
1529064420000,1529064479000,82.674,82.681,82.67,82.677,79060000,1
1529064480000,1529064539000,82.678,82.691,82.678,82.679,109300000,1
1529064540000,1529064599000,82.679,82.687,82.678,82.679,59130000,1
1529064600000,1529064659000,82.68,82.685,82.674,82.677,77090000,1
1529064660000,1529064719000,82.678,82.678,82.664,82.671,106940000,1
1529064720000,1529064779000,82.67,82.678,82.665,82.677,82640000,1
1529064780000,1529064839000,82.678,82.69,82.672,82.672,121510000,1
1529064840000,1529064899000,82.673,82.679,82.671,82.676,91510000,1
1529064900000,1529064959000,82.675,82.692,82.675,82.686,129550000,1
1529064960000,1529065019000,82.686,82.686,82.679,82.68,74680000,1
1529065020000,1529065079000,82.68,82.68,82.661,82.669,93560000,1
1529065080000,1529065139000,82.669,82.693,82.669,82.692,144180000,1
1529065140000,1529065199000,82.694,82.706,82.69,82.706,82740000,1
1529065200000,1529065259000,82.708,82.719,82.702,82.708,136430000,1
1529065260000,1529065319000,82.709,82.717,82.7,82.705,105230000,1
1529065320000,1529065379000,82.704,82.711,82.694,82.694,69900000,1
1529065380000,1529065439000,82.695,82.695,82.68,82.689,128290000,1
1529065440000,1529065499000,82.688,82.688,82.67,82.678,161320000,1
1529065500000,1529065559000,82.678,82.68,82.663,82.663,111100000,1
1529065560000,1529065619000,82.663,82.663,82.646,82.649,119800000,1
1529065620000,1529065679000,82.649,82.655,82.616,82.616,115930000,1
1529065680000,1529065739000,82.614,82.626,82.587,82.614,210870000,1
1529065740000,1529065799000,82.615,82.627,82.598,82.627,165560000,1
1529065800000,1529065859000,82.626,82.626,82.578,82.583,168740000,1
1529065860000,1529065919000,82.584,82.602,82.569,82.601,178120000,1
1529065920000,1529065979000,82.601,82.601,82.517,82.517,204460000,1
1529065980000,1529066039000,82.518,82.551,82.517,82.527,193340000,1
1529066040000,1529066099000,82.529,82.53,82.505,82.509,145240000,1
1529066100000,1529066159000,82.509,82.513,82.493,82.504,181830000,1
1529066160000,1529066219000,82.504,82.527,82.495,82.527,154270000,1
1529066220000,1529066279000,82.528,82.539,82.521,82.524,103060000,1
1529066280000,1529066339000,82.525,82.527,82.501,82.515,143190000,1
1529066340000,1529066399000,82.516,82.558,82.516,82.551,130710000,1
1529066400000,1529066459000,82.55,82.55,82.519,82.522,139740000,1
1529066460000,1529066519000,82.523,82.525,82.498,82.514,132290000,1
1529066520000,1529066579000,82.517,82.519,82.494,82.498,131030000,1
1529066580000,1529066639000,82.499,82.523,82.499,82.521,155150000,1
1529066640000,1529066699000,82.523,82.529,82.519,82.525,134970000,1
1529066700000,1529066759000,82.527,82.529,82.506,82.516,175040000,1
1529066760000,1529066819000,82.516,82.532,82.512,82.529,121270000,1
1529066820000,1529066879000,82.532,82.536,82.512,82.533,180340000,1
1529066880000,1529066939000,82.535,82.542,82.517,82.519,121520000,1
1529066940000,1529066999000,82.518,82.522,82.485,82.495,204330000,1
1529067000000,1529067059000,82.495,82.502,82.483,82.489,139270000,1
1529067060000,1529067119000,82.49,82.494,82.476,82.487,139780000,1
1529067120000,1529067179000,82.488,82.502,82.481,82.488,159680000,1
1529067180000,1529067239000,82.49,82.497,82.484,82.493,89290000,1
1529067240000,1529067299000,82.493,82.512,82.492,82.497,105350000,1
1529067300000,1529067359000,82.498,82.498,82.48,82.497,86910000,1
1529067360000,1529067419000,82.499,82.504,82.488,82.491,114450000,1
1529067420000,1529067479000,82.491,82.501,82.475,82.477,103650000,1
1529067480000,1529067539000,82.476,82.49,82.476,82.485,126300000,1
1529067540000,1529067599000,82.485,82.486,82.467,82.473,118310000,1
1529067600000,1529067659000,82.474,82.478,82.453,82.454,141400000,1
1529067660000,1529067719000,82.454,82.483,82.454,82.482,125190000,1
1529067720000,1529067779000,82.481,82.481,82.459,82.463,132340000,1
1529067780000,1529067839000,82.462,82.469,82.429,82.437,151430000,1
1529067840000,1529067899000,82.439,82.441,82.418,82.425,137410000,1
1529067900000,1529067959000,82.423,82.435,82.417,82.43,138390000,1
1529067960000,1529068019000,82.428,82.448,82.426,82.431,123890000,1
1529068020000,1529068079000,82.43,82.432,82.417,82.418,98310000,1
1529068080000,1529068139000,82.419,82.443,82.419,82.422,130000000,1
1529068140000,1529068199000,82.422,82.435,82.421,82.427,135340000,1
1529068200000,1529068259000,82.427,82.43,82.39,82.394,176050000,1
1529068260000,1529068319000,82.395,82.403,82.39,82.397,107340000,1
1529068320000,1529068379000,82.397,82.422,82.397,82.401,110890000,1
1529068380000,1529068439000,82.401,82.412,82.4,82.412,65630000,1
1529068440000,1529068499000,82.411,82.451,82.405,82.445,129700000,1
1529068500000,1529068559000,82.445,82.448,82.427,82.438,137700000,1
1529068560000,1529068619000,82.438,82.443,82.427,82.441,116370000,1
1529068620000,1529068679000,82.441,82.441,82.4,82.402,143870000,1
1529068680000,1529068739000,82.404,82.429,82.403,82.421,168020000,1
1529068740000,1529068799000,82.421,82.439,82.421,82.439,171020000,1
1529068800000,1529068859000,82.44,82.448,82.414,82.415,166070000,1
1529068860000,1529068919000,82.415,82.456,82.415,82.455,126110000,1
1529068920000,1529068979000,82.454,82.467,82.449,82.465,159610000,1
1529068980000,1529069039000,82.465,82.479,82.464,82.473,117210000,1
1529069040000,1529069099000,82.473,82.475,82.458,82.467,192650000,1
1529069100000,1529069159000,82.466,82.493,82.46,82.49,160130000,1
1529069160000,1529069219000,82.491,82.513,82.488,82.512,158950000,1
1529069220000,1529069279000,82.512,82.523,82.503,82.52,95880000,1
1529069280000,1529069339000,82.523,82.549,82.523,82.542,153160000,1
1529069340000,1529069399000,82.543,82.568,82.54,82.564,140080000,1
1529069400000,1529069459000,82.564,82.564,82.526,82.547,132720000,1
1529069460000,1529069519000,82.543,82.547,82.523,82.523,126580000,1
1529069520000,1529069579000,82.521,82.522,82.488,82.497,130790000,1
1529069580000,1529069639000,82.497,82.523,82.493,82.514,194320000,1
1529069640000,1529069699000,82.512,82.525,82.488,82.488,192210000,1
1529069700000,1529069759000,82.488,82.505,82.487,82.502,168230000,1
1529069760000,1529069819000,82.502,82.513,82.494,82.511,159100000,1
1529069820000,1529069879000,82.51,82.513,82.477,82.478,167860000,1
1529069880000,1529069939000,82.479,82.505,82.479,82.492,180600000,1
1529069940000,1529069999000,82.492,82.506,82.492,82.502,148720000,1
1529070000000,1529070059000,82.501,82.517,82.492,82.493,185890000,1
1529070060000,1529070119000,82.492,82.495,82.486,82.492,143380000,1
1529070120000,1529070179000,82.494,82.495,82.483,82.484,119100000,1
1529070180000,1529070239000,82.485,82.501,82.478,82.499,134580000,1
1529070240000,1529070299000,82.499,82.508,82.486,82.491,134370000,1
1529070300000,1529070359000,82.489,82.498,82.478,82.478,150640000,1
1529070360000,1529070419000,82.477,82.48,82.461,82.465,137550000,1
1529070420000,1529070479000,82.468,82.484,82.453,82.462,125400000,1
1529070480000,1529070539000,82.463,82.469,82.456,82.469,84190000,1
1529070540000,1529070599000,82.47,82.489,82.469,82.489,125080000,1
1529070600000,1529070659000,82.488,82.491,82.472,82.479,117340000,1
1529070660000,1529070719000,82.479,82.485,82.477,82.482,127810000,1
1529070720000,1529070779000,82.481,82.487,82.467,82.477,137320000,1
1529070780000,1529070839000,82.478,82.487,82.47,82.477,92510000,1
1529070840000,1529070899000,82.477,82.486,82.465,82.465,114520000,1
1529070900000,1529070959000,82.466,82.493,82.466,82.472,168840000,1
1529070960000,1529071019000,82.471,82.482,82.471,82.474,116690000,1
1529071020000,1529071079000,82.473,82.486,82.471,82.479,118640000,1
1529071080000,1529071139000,82.48,82.483,82.473,82.476,188960000,1
1529071140000,1529071199000,82.477,82.477,82.469,82.471,148190000,1
1529071200000,1529071259000,82.47,82.476,82.431,82.444,230370000,1
1529071260000,1529071319000,82.444,82.444,82.411,82.415,169460000,1
1529071320000,1529071379000,82.416,82.433,82.411,82.411,180460000,1
1529071380000,1529071439000,82.412,82.452,82.412,82.444,143740000,1
1529071440000,1529071499000,82.443,82.477,82.43,82.477,138620000,1
1529071500000,1529071559000,82.478,82.487,82.467,82.469,143560000,1
1529071560000,1529071619000,82.466,82.477,82.46,82.461,114010000,1
1529071620000,1529071679000,82.46,82.469,82.433,82.433,124640000,1
1529071680000,1529071739000,82.434,82.459,82.431,82.45,134280000,1
1529071740000,1529071799000,82.448,82.451,82.424,82.433,161720000,1
1529071800000,1529071859000,82.433,82.433,82.403,82.403,115790000,1
1529071860000,1529071919000,82.401,82.411,82.394,82.394,173870000,1
1529071920000,1529071979000,82.394,82.411,82.393,82.411,115330000,1
1529071980000,1529072039000,82.41,82.423,82.402,82.416,137860000,1
1529072040000,1529072099000,82.416,82.416,82.389,82.401,147200000,1
1529072100000,1529072159000,82.401,82.426,82.38,82.421,132020000,1
1529072160000,1529072219000,82.421,82.421,82.398,82.403,98570000,1
1529072220000,1529072279000,82.402,82.417,82.395,82.402,123580000,1
1529072280000,1529072339000,82.403,82.417,82.403,82.416,107560000,1
1529072340000,1529072399000,82.417,82.435,82.41,82.433,102450000,1
1529072400000,1529072459000,82.434,82.438,82.431,82.434,96880000,1
1529072460000,1529072519000,82.436,82.454,82.428,82.437,85530000,1
1529072520000,1529072579000,82.436,82.455,82.431,82.452,66060000,1
1529072580000,1529072639000,82.452,82.458,82.431,82.432,136770000,1
1529072640000,1529072699000,82.433,82.434,82.423,82.429,91700000,1
1529072700000,1529072759000,82.429,82.437,82.422,82.422,97050000,1
1529072760000,1529072819000,82.422,82.445,82.411,82.445,111290000,1
1529072820000,1529072879000,82.446,82.451,82.437,82.45,57120000,1
1529072880000,1529072939000,82.451,82.463,82.443,82.443,82080000,1
1529072940000,1529072999000,82.442,82.449,82.425,82.425,114620000,1
1529073000000,1529073059000,82.425,82.425,82.397,82.408,137760000,1
1529073060000,1529073119000,82.41,82.418,82.397,82.398,140820000,1
1529073120000,1529073179000,82.398,82.399,82.379,82.389,221260000,1
1529073180000,1529073239000,82.388,82.389,82.374,82.375,158540000,1
1529073240000,1529073299000,82.375,82.375,82.334,82.337,203420000,1
1529073300000,1529073359000,82.338,82.341,82.319,82.319,147490000,1
1529073360000,1529073419000,82.318,82.32,82.289,82.305,166790000,1
1529073420000,1529073479000,82.306,82.309,82.293,82.306,163400000,1
1529073480000,1529073539000,82.307,82.31,82.271,82.286,114940000,1
1529073540000,1529073599000,82.287,82.299,82.278,82.298,189950000,1
1529073600000,1529073659000,82.298,82.309,82.295,82.299,137610000,1
1529073660000,1529073719000,82.3,82.316,82.297,82.3,146980000,1
1529073720000,1529073779000,82.303,82.317,82.297,82.304,126180000,1
1529073780000,1529073839000,82.304,82.317,82.304,82.314,132680000,1
1529073840000,1529073899000,82.315,82.346,82.311,82.338,142500000,1
1529073900000,1529073959000,82.337,82.343,82.331,82.336,164720000,1
1529073960000,1529074019000,82.336,82.336,82.322,82.322,123000000,1
1529074020000,1529074079000,82.322,82.353,82.322,82.352,146770000,1
1529074080000,1529074139000,82.353,82.362,82.345,82.358,126130000,1
1529074140000,1529074199000,82.358,82.361,82.321,82.329,146140000,1
1529074200000,1529074259000,82.328,82.354,82.318,82.354,146020000,1
1529074260000,1529074319000,82.355,82.356,82.333,82.35,212880000,1
1529074320000,1529074379000,82.349,82.368,82.337,82.351,198190000,1
1529074380000,1529074439000,82.35,82.355,82.332,82.342,184110000,1
1529074440000,1529074499000,82.341,82.355,82.338,82.347,152210000,1
1529074500000,1529074559000,82.345,82.358,82.335,82.35,189090000,1
1529074560000,1529074619000,82.352,82.381,82.348,82.381,204680000,1
1529074620000,1529074679000,82.381,82.411,82.376,82.393,204340000,1
1529074680000,1529074739000,82.394,82.458,82.391,82.441,241350000,1
1529074740000,1529074799000,82.441,82.446,82.404,82.429,226660000,1
1529074800000,1529074859000,82.427,82.439,82.401,82.419,220870000,1
1529074860000,1529074919000,82.421,82.421,82.38,82.399,207480000,1
1529074920000,1529074979000,82.401,82.423,82.389,82.409,206900000,1
1529074980000,1529075039000,82.41,82.446,82.409,82.426,137390000,1
1529075040000,1529075099000,82.425,82.431,82.408,82.413,202700000,1
1529075100000,1529075159000,82.412,82.429,82.408,82.411,128150000,1
1529075160000,1529075219000,82.412,82.413,82.389,82.389,136570000,1
1529075220000,1529075279000,82.388,82.404,82.385,82.389,158220000,1
1529075280000,1529075339000,82.388,82.402,82.38,82.4,130390000,1
1529075340000,1529075399000,82.401,82.415,82.395,82.412,144450000,1
1529075400000,1529075459000,82.412,82.416,82.394,82.411,132900000,1
1529075460000,1529075519000,82.411,82.422,82.405,82.417,139470000,1
1529075520000,1529075579000,82.417,82.426,82.391,82.393,155590000,1
1529075580000,1529075639000,82.391,82.404,82.387,82.397,95950000,1
1529075640000,1529075699000,82.397,82.4,82.381,82.384,105220000,1
1529075700000,1529075759000,82.384,82.384,82.371,82.375,125130000,1
1529075760000,1529075819000,82.374,82.377,82.358,82.366,131410000,1
1529075820000,1529075879000,82.366,82.384,82.365,82.382,77270000,1
1529075880000,1529075939000,82.382,82.394,82.377,82.394,79920000,1
1529075940000,1529075999000,82.393,82.396,82.371,82.376,137380000,1
1529076000000,1529076059000,82.377,82.379,82.362,82.372,99390000,1
1529076060000,1529076119000,82.371,82.388,82.358,82.384,110630000,1
1529076120000,1529076179000,82.384,82.384,82.371,82.372,105630000,1
1529076180000,1529076239000,82.372,82.373,82.354,82.363,87400000,1
1529076240000,1529076299000,82.363,82.368,82.353,82.364,104360000,1
1529076300000,1529076359000,82.367,82.371,82.356,82.36,93240000,1
1529076360000,1529076419000,82.36,82.369,82.347,82.349,73090000,1
1529076420000,1529076479000,82.35,82.36,82.348,82.357,70890000,1
1529076480000,1529076539000,82.356,82.357,82.338,82.357,77970000,1
1529076540000,1529076599000,82.357,82.365,82.344,82.347,91210000,1
1529076600000,1529076659000,82.346,82.368,82.34,82.358,88150000,1
1529076660000,1529076719000,82.356,82.359,82.351,82.355,65530000,1
1529076720000,1529076779000,82.354,82.356,82.344,82.347,92810000,1
1529076780000,1529076839000,82.347,82.347,82.337,82.341,63830000,1
1529076840000,1529076899000,82.342,82.342,82.323,82.323,108770000,1
1529076900000,1529076959000,82.322,82.331,82.32,82.323,124910000,1
1529076960000,1529077019000,82.324,82.33,82.323,82.327,102530000,1
1529077020000,1529077079000,82.328,82.342,82.328,82.331,139550000,1
1529077080000,1529077139000,82.33,82.331,82.312,82.325,133540000,1
1529077140000,1529077199000,82.324,82.338,82.322,82.336,134110000,1
1529077200000,1529077259000,82.336,82.343,82.32,82.341,141120000,1
1529077260000,1529077319000,82.34,82.364,82.339,82.362,97500000,1
1529077320000,1529077379000,82.362,82.381,82.349,82.373,139100000,1
1529077380000,1529077439000,82.373,82.397,82.373,82.381,143310000,1
1529077440000,1529077499000,82.38,82.408,82.378,82.402,134380000,1
1529077500000,1529077559000,82.402,82.428,82.4,82.418,140710000,1
1529077560000,1529077619000,82.419,82.437,82.415,82.421,166850000,1
1529077620000,1529077679000,82.42,82.424,82.407,82.412,119420000,1
1529077680000,1529077739000,82.412,82.423,82.409,82.409,131990000,1
1529077740000,1529077799000,82.409,82.43,82.406,82.424,128560000,1
1529077800000,1529077859000,82.424,82.424,82.405,82.408,87860000,1
1529077860000,1529077919000,82.407,82.409,82.394,82.402,112130000,1
1529077920000,1529077979000,82.403,82.413,82.401,82.411,89590000,1
1529077980000,1529078039000,82.411,82.437,82.41,82.435,100760000,1
1529078040000,1529078099000,82.435,82.444,82.429,82.44,139700000,1
1529078100000,1529078159000,82.441,82.448,82.436,82.447,119490000,1
1529078160000,1529078219000,82.446,82.447,82.432,82.438,109430000,1
1529078220000,1529078279000,82.438,82.44,82.417,82.429,169330000,1
1529078280000,1529078339000,82.429,82.443,82.419,82.443,104390000,1
1529078340000,1529078399000,82.443,82.455,82.436,82.436,132750000,1
1529078400000,1529078459000,82.435,82.439,82.42,82.426,144980000,1
1529078460000,1529078519000,82.428,82.432,82.415,82.42,133490000,1
1529078520000,1529078579000,82.42,82.426,82.408,82.414,125630000,1
1529078580000,1529078639000,82.415,82.419,82.409,82.413,107560000,1
1529078640000,1529078699000,82.413,82.427,82.413,82.42,127520000,1
1529078700000,1529078759000,82.42,82.422,82.406,82.407,79050000,1
1529078760000,1529078819000,82.409,82.411,82.399,82.402,119010000,1
1529078820000,1529078879000,82.4,82.402,82.392,82.401,96380000,1
1529078880000,1529078939000,82.404,82.405,82.389,82.395,136880000,1
1529078940000,1529078999000,82.395,82.4,82.377,82.377,122930000,1
1529079000000,1529079059000,82.381,82.381,82.373,82.375,80540000,1
1529079060000,1529079119000,82.376,82.383,82.365,82.366,92570000,1
1529079120000,1529079179000,82.366,82.389,82.365,82.389,66350000,1
1529079180000,1529079239000,82.389,82.401,82.387,82.394,90780000,1
1529079240000,1529079299000,82.392,82.395,82.386,82.393,124550000,1
1529079300000,1529079359000,82.392,82.402,82.385,82.396,146660000,1
1529079360000,1529079419000,82.396,82.4,82.387,82.396,86880000,1
1529079420000,1529079479000,82.397,82.401,82.389,82.39,84010000,1
1529079480000,1529079539000,82.39,82.39,82.37,82.372,73820000,1
1529079540000,1529079599000,82.367,82.375,82.364,82.368,84630000,1
1529079600000,1529079659000,82.368,82.375,82.362,82.369,65670000,1
1529079660000,1529079719000,82.369,82.381,82.359,82.378,79100000,1
1529079720000,1529079779000,82.378,82.394,82.377,82.377,75850000,1
1529079780000,1529079839000,82.378,82.38,82.366,82.366,48970000,1
1529079840000,1529079899000,82.366,82.386,82.366,82.384,100290000,1
1529079900000,1529079959000,82.384,82.388,82.38,82.383,45140000,1
1529079960000,1529080019000,82.385,82.388,82.369,82.374,69420000,1
1529080020000,1529080079000,82.375,82.376,82.369,82.369,61360000,1
1529080080000,1529080139000,82.369,82.372,82.361,82.362,85910000,1
1529080140000,1529080199000,82.364,82.365,82.349,82.349,120420000,1
1529080200000,1529080259000,82.347,82.35,82.334,82.336,83790000,1
1529080260000,1529080319000,82.336,82.343,82.33,82.34,90640000,1
1529080320000,1529080379000,82.34,82.345,82.331,82.343,84060000,1
1529080380000,1529080439000,82.343,82.343,82.337,82.337,78560000,1
1529080440000,1529080499000,82.338,82.344,82.316,82.318,69280000,1
1529080500000,1529080559000,82.318,82.321,82.31,82.319,83040000,1
1529080560000,1529080619000,82.319,82.33,82.315,82.329,131060000,1
1529080620000,1529080679000,82.328,82.328,82.321,82.328,69580000,1
1529080680000,1529080739000,82.329,82.346,82.329,82.334,87530000,1
1529080740000,1529080799000,82.335,82.341,82.328,82.34,74790000,1
1529080800000,1529080859000,82.34,82.347,82.33,82.345,80450000,1
1529080860000,1529080919000,82.343,82.345,82.333,82.334,63610000,1
1529080920000,1529080979000,82.334,82.349,82.332,82.349,53000000,1
1529080980000,1529081039000,82.349,82.351,82.337,82.346,44870000,1
1529081040000,1529081099000,82.341,82.343,82.334,82.336,45060000,1
1529081100000,1529081159000,82.337,82.345,82.328,82.341,45250000,1
1529081160000,1529081219000,82.34,82.347,82.339,82.345,51740000,1
1529081220000,1529081279000,82.346,82.355,82.343,82.355,50140000,1
1529081280000,1529081339000,82.356,82.358,82.351,82.351,41020000,1
1529081340000,1529081399000,82.35,82.352,82.345,82.347,68950000,1
1529081400000,1529081459000,82.349,82.349,82.343,82.345,73980000,1
1529081460000,1529081519000,82.343,82.345,82.332,82.332,86060000,1
1529081520000,1529081579000,82.332,82.336,82.324,82.324,95630000,1
1529081580000,1529081639000,82.324,82.326,82.32,82.32,60590000,1
1529081640000,1529081699000,82.322,82.328,82.321,82.321,48990000,1
1529081700000,1529081759000,82.321,82.349,82.321,82.349,108820000,1
1529081760000,1529081819000,82.352,82.366,82.349,82.364,72950000,1
1529081820000,1529081879000,82.364,82.368,82.361,82.366,54280000,1
1529081880000,1529081939000,82.367,82.383,82.367,82.381,110790000,1
1529081940000,1529081999000,82.379,82.379,82.363,82.372,139830000,1
1529082000000,1529082059000,82.372,82.38,82.363,82.364,117250000,1
1529082060000,1529082119000,82.364,82.368,82.362,82.366,74720000,1
1529082120000,1529082179000,82.366,82.37,82.355,82.356,111360000,1
1529082180000,1529082239000,82.354,82.356,82.352,82.355,59870000,1
1529082240000,1529082299000,82.355,82.358,82.349,82.349,100530000,1
1529082300000,1529082359000,82.349,82.36,82.346,82.36,92760000,1
1529082360000,1529082419000,82.36,82.362,82.355,82.357,68400000,1
1529082420000,1529082479000,82.356,82.363,82.353,82.358,58010000,1
1529082480000,1529082539000,82.358,82.359,82.358,82.358,34600000,1
1529082540000,1529082599000,82.358,82.359,82.342,82.342,57240000,1
1529082600000,1529082659000,82.342,82.345,82.335,82.335,63630000,1
1529082660000,1529082719000,82.335,82.348,82.335,82.348,66690000,1
1529082720000,1529082779000,82.348,82.354,82.347,82.354,31040000,1
1529082780000,1529082839000,82.354,82.354,82.341,82.341,28990000,1
1529082840000,1529082899000,82.34,82.345,82.335,82.337,66110000,1
1529082900000,1529082959000,82.338,82.344,82.338,82.343,50810000,1
1529082960000,1529083019000,82.343,82.347,82.338,82.338,67030000,1
1529083020000,1529083079000,82.337,82.344,82.337,82.343,76240000,1
1529083080000,1529083139000,82.344,82.35,82.343,82.343,51420000,1
1529083140000,1529083199000,82.342,82.344,82.342,82.342,57530000,1
1529083200000,1529083259000,82.343,82.344,82.338,82.344,75750000,1
1529083260000,1529083319000,82.346,82.351,82.339,82.34,67610000,1
1529083320000,1529083379000,82.34,82.34,82.324,82.324,54530000,1
1529083380000,1529083439000,82.324,82.326,82.313,82.319,79950000,1
1529083440000,1529083499000,82.318,82.325,82.315,82.322,63900000,1
1529083500000,1529083559000,82.324,82.328,82.314,82.328,121550000,1
1529083560000,1529083619000,82.328,82.333,82.328,82.33,49230000,1
1529083620000,1529083679000,82.33,82.336,82.325,82.334,108120000,1
1529083680000,1529083739000,82.335,82.347,82.335,82.345,100320000,1
1529083740000,1529083799000,82.346,82.346,82.34,82.34,102730000,1
1529083800000,1529083859000,82.34,82.35,82.34,82.346,120690000,1
1529083860000,1529083919000,82.347,82.347,82.329,82.332,85580000,1
1529083920000,1529083979000,82.332,82.336,82.331,82.333,76070000,1
1529083980000,1529084039000,82.332,82.334,82.324,82.33,82120000,1
1529084040000,1529084099000,82.33,82.332,82.31,82.313,96670000,1
1529084100000,1529084159000,82.311,82.312,82.306,82.307,83000000,1
1529084160000,1529084219000,82.307,82.307,82.298,82.303,70370000,1
1529084220000,1529084279000,82.301,82.308,82.301,82.305,41230000,1
1529084280000,1529084339000,82.304,82.322,82.304,82.322,22480000,1
1529084340000,1529084399000,82.323,82.334,82.323,82.334,44940000,1
1529084400000,1529084459000,82.334,82.34,82.333,82.34,44970000,1
1529084460000,1529084519000,82.337,82.34,82.319,82.324,78570000,1
1529084520000,1529084579000,82.325,82.327,82.32,82.322,38760000,1
1529084580000,1529084639000,82.321,82.334,82.32,82.329,68360000,1
1529084640000,1529084699000,82.33,82.332,82.323,82.326,72760000,1
1529084700000,1529084759000,82.326,82.346,82.317,82.322,132130000,1
1529084760000,1529084819000,82.322,82.341,82.322,82.336,113300000,1
1529084820000,1529084879000,82.336,82.338,82.331,82.338,49900000,1
1529084880000,1529084939000,82.338,82.339,82.329,82.329,61740000,1
1529084940000,1529084999000,82.328,82.34,82.325,82.34,48120000,1
1529085000000,1529085059000,82.339,82.342,82.333,82.341,42590000,1
1529085060000,1529085119000,82.342,82.343,82.331,82.331,51640000,1
1529085120000,1529085179000,82.331,82.339,82.331,82.339,57910000,1
1529085180000,1529085239000,82.34,82.348,82.34,82.344,28360000,1
1529085240000,1529085299000,82.344,82.353,82.344,82.348,44740000,1
1529085300000,1529085359000,82.348,82.351,82.334,82.334,54470000,1
1529085360000,1529085419000,82.334,82.337,82.315,82.322,83720000,1
1529085420000,1529085479000,82.322,82.33,82.31,82.33,128700000,1
1529085480000,1529085539000,82.33,82.336,82.33,82.331,61880000,1
1529085540000,1529085599000,82.331,82.343,82.328,82.343,96830000,1
1529085600000,1529085659000,82.343,82.354,82.343,82.349,134940000,1
1529085660000,1529085719000,82.349,82.349,82.334,82.336,108410000,1
1529085720000,1529085779000,82.337,82.338,82.327,82.327,105080000,1
1529085780000,1529085839000,82.327,82.328,82.308,82.308,60630000,1
1529085840000,1529085899000,82.308,82.339,82.308,82.337,40950000,1
1529085900000,1529085959000,82.34,82.354,82.337,82.351,86670000,1
1529085960000,1529086019000,82.352,82.354,82.347,82.353,64780000,1
1529086020000,1529086079000,82.352,82.353,82.34,82.352,44850000,1
1529086080000,1529086139000,82.352,82.357,82.345,82.357,61320000,1
1529086140000,1529086199000,82.357,82.364,82.357,82.359,57930000,1
1529086200000,1529086259000,82.358,82.361,82.354,82.354,42170000,1
1529086260000,1529086319000,82.355,82.36,82.353,82.356,55540000,1
1529086320000,1529086379000,82.356,82.372,82.356,82.367,58590000,1
1529086380000,1529086439000,82.366,82.366,82.358,82.362,34740000,1
1529086440000,1529086499000,82.362,82.379,82.362,82.375,41650000,1
1529086500000,1529086559000,82.376,82.382,82.376,82.381,35620000,1
1529086560000,1529086619000,82.38,82.381,82.377,82.379,61420000,1
1529086620000,1529086679000,82.38,82.385,82.38,82.38,50480000,1
1529086680000,1529086739000,82.377,82.384,82.372,82.381,56430000,1
1529086740000,1529086799000,82.381,82.386,82.374,82.377,48120000,1
1529086800000,1529086859000,82.379,82.391,82.373,82.388,116070000,1
1529086860000,1529086919000,82.389,82.392,82.384,82.391,76770000,1
1529086920000,1529086979000,82.389,82.4,82.388,82.396,107530000,1
1529086980000,1529087039000,82.396,82.409,82.396,82.405,61710000,1
1529087040000,1529087099000,82.407,82.412,82.403,82.403,43970000,1
1529087100000,1529087159000,82.403,82.411,82.403,82.403,92900000,1
1529087160000,1529087219000,82.404,82.408,82.399,82.402,53290000,1
1529087220000,1529087279000,82.403,82.408,82.403,82.407,20440000,1
1529087280000,1529087339000,82.407,82.417,82.405,82.416,45320000,1
1529087340000,1529087399000,82.417,82.427,82.415,82.423,77950000,1
1529087400000,1529087459000,82.421,82.433,82.421,82.43,77600000,1
1529087460000,1529087519000,82.431,82.433,82.426,82.426,45640000,1
1529087520000,1529087579000,82.427,82.429,82.407,82.421,81640000,1
1529087580000,1529087639000,82.419,82.436,82.416,82.432,57490000,1
1529087640000,1529087699000,82.434,82.435,82.419,82.42,62250000,1
1529087700000,1529087759000,82.42,82.423,82.414,82.416,71460000,1
1529087760000,1529087819000,82.415,82.428,82.414,82.422,69540000,1
1529087820000,1529087879000,82.419,82.424,82.412,82.418,64420000,1
1529087880000,1529087939000,82.42,82.422,82.417,82.421,69070000,1
1529087940000,1529087999000,82.419,82.421,82.395,82.397,81660000,1
1529088000000,1529088059000,82.398,82.404,82.393,82.404,71330000,1
1529088060000,1529088119000,82.404,82.438,82.395,82.438,69800000,1
1529088120000,1529088179000,82.436,82.438,82.417,82.421,67100000,1
1529088180000,1529088239000,82.421,82.43,82.419,82.424,58740000,1
1529088240000,1529088299000,82.423,82.423,82.418,82.42,21750000,1
1529088300000,1529088359000,82.418,82.418,82.415,82.418,23860000,1
1529088360000,1529088419000,82.418,82.419,82.412,82.419,29930000,1
1529088420000,1529088479000,82.419,82.42,82.418,82.42,23510000,1
1529088480000,1529088539000,82.419,82.419,82.409,82.41,61630000,1
1529088540000,1529088599000,82.41,82.426,82.41,82.418,75590000,1
1529088600000,1529088659000,82.417,82.424,82.416,82.424,33930000,1
1529088660000,1529088719000,82.424,82.426,82.42,82.42,26460000,1
1529088720000,1529088779000,82.42,82.427,82.419,82.424,69520000,1
1529088780000,1529088839000,82.425,82.427,82.416,82.417,57270000,1
1529088840000,1529088899000,82.417,82.421,82.416,82.421,26780000,1
1529088900000,1529088959000,82.419,82.419,82.417,82.418,22740000,1
1529088960000,1529089019000,82.418,82.418,82.405,82.409,80700000,1
1529089020000,1529089079000,82.409,82.41,82.4,82.403,103020000,1
1529089080000,1529089139000,82.403,82.408,82.395,82.398,91680000,1
1529089140000,1529089199000,82.398,82.399,82.385,82.39,119690000,1
1529089200000,1529089259000,82.388,82.401,82.387,82.399,100140000,1
1529089260000,1529089319000,82.399,82.399,82.392,82.392,74040000,1
1529089320000,1529089379000,82.394,82.394,82.39,82.391,84300000,1
1529089380000,1529089439000,82.39,82.393,82.389,82.393,43470000,1
1529089440000,1529089499000,82.393,82.393,82.383,82.384,36530000,1
1529089500000,1529089559000,82.384,82.391,82.377,82.378,90590000,1
1529089560000,1529089619000,82.38,82.38,82.367,82.38,124970000,1
1529089620000,1529089679000,82.38,82.38,82.371,82.375,115760000,1
1529089680000,1529089739000,82.376,82.379,82.373,82.379,92140000,1
1529089740000,1529089799000,82.379,82.381,82.375,82.375,58870000,1
1529089800000,1529089859000,82.376,82.381,82.376,82.38,79640000,1
1529089860000,1529089919000,82.378,82.378,82.362,82.364,98360000,1
1529089920000,1529089979000,82.363,82.363,82.362,82.362,33420000,1
1529089980000,1529090039000,82.362,82.362,82.355,82.357,62100000,1
1529090040000,1529090099000,82.357,82.366,82.357,82.362,113990000,1
1529090100000,1529090159000,82.362,82.365,82.358,82.362,44350000,1
1529090160000,1529090219000,82.362,82.369,82.355,82.357,75660000,1
1529090220000,1529090279000,82.356,82.359,82.355,82.357,59990000,1
1529090280000,1529090339000,82.358,82.36,82.35,82.35,68860000,1
1529090340000,1529090399000,82.35,82.35,82.343,82.345,64920000,1
1529090400000,1529090459000,82.345,82.345,82.34,82.345,45530000,1
1529090460000,1529090519000,82.344,82.352,82.344,82.352,50820000,1
1529090520000,1529090579000,82.352,82.359,82.347,82.356,107740000,1
1529090580000,1529090639000,82.356,82.364,82.356,82.363,68380000,1
1529090640000,1529090699000,82.363,82.366,82.359,82.359,114420000,1
1529090700000,1529090759000,82.359,82.36,82.351,82.351,106660000,1
1529090760000,1529090819000,82.352,82.359,82.351,82.352,81860000,1
1529090820000,1529090879000,82.352,82.357,82.352,82.357,59290000,1
1529090880000,1529090939000,82.357,82.364,82.354,82.357,106530000,1
1529090940000,1529090999000,82.359,82.371,82.359,82.371,88110000,1
1529091000000,1529091059000,82.371,82.372,82.359,82.361,80370000,1
1529091060000,1529091119000,82.361,82.364,82.359,82.36,29640000,1
1529091120000,1529091179000,82.364,82.368,82.355,82.356,79280000,1
1529091180000,1529091239000,82.355,82.363,82.351,82.363,91040000,1
1529091240000,1529091299000,82.364,82.368,82.361,82.367,82230000,1
1529091300000,1529091359000,82.367,82.367,82.357,82.357,49080000,1
1529091360000,1529091419000,82.357,82.358,82.346,82.349,90460000,1
1529091420000,1529091479000,82.348,82.348,82.338,82.345,56680000,1
1529091480000,1529091539000,82.344,82.348,82.344,82.345,33600000,1
1529091540000,1529091599000,82.344,82.346,82.336,82.336,82910000,1
1529091600000,1529091659000,82.336,82.339,82.324,82.33,48980000,1
1529091660000,1529091719000,82.331,82.341,82.331,82.341,35120000,1
1529091720000,1529091779000,82.34,82.342,82.338,82.34,33390000,1
1529091780000,1529091839000,82.34,82.342,82.338,82.341,40280000,1
1529091840000,1529091899000,82.342,82.346,82.341,82.346,69870000,1
1529091900000,1529091959000,82.345,82.348,82.344,82.344,27250000,1
1529091960000,1529092019000,82.344,82.35,82.343,82.344,44460000,1
1529092020000,1529092079000,82.341,82.35,82.339,82.346,62760000,1
1529092080000,1529092139000,82.346,82.348,82.345,82.345,26460000,1
1529092140000,1529092199000,82.345,82.346,82.342,82.346,42220000,1
1529092200000,1529092259000,82.352,82.352,82.335,82.339,51620000,1
1529092260000,1529092319000,82.339,82.339,82.336,82.337,14420000,1
1529092320000,1529092379000,82.337,82.337,82.333,82.334,36420000,1
1529092380000,1529092439000,82.333,82.333,82.326,82.326,57890000,1
1529092440000,1529092499000,82.327,82.34,82.327,82.339,63910000,1
1529092500000,1529092559000,82.34,82.35,82.339,82.341,107100000,1
1529092560000,1529092619000,82.342,82.346,82.341,82.346,28510000,1
1529092620000,1529092679000,82.345,82.348,82.341,82.344,53740000,1
1529092680000,1529092739000,82.344,82.346,82.338,82.338,55990000,1
1529092740000,1529092799000,82.338,82.351,82.335,82.35,100190000,1
1529092800000,1529092859000,82.351,82.351,82.322,82.328,136830000,1
1529092860000,1529092919000,82.328,82.331,82.326,82.328,48450000,1
1529092920000,1529092979000,82.327,82.328,82.322,82.322,38960000,1
1529092980000,1529093039000,82.323,82.328,82.321,82.327,34780000,1
1529093040000,1529093099000,82.327,82.327,82.324,82.327,31780000,1
1529093100000,1529093159000,82.327,82.342,82.327,82.342,50010000,1
1529093160000,1529093219000,82.342,82.343,82.34,82.343,28550000,1
1529093220000,1529093279000,82.343,82.343,82.343,82.343,9940000,1
1529093280000,1529093339000,82.343,82.348,82.341,82.341,32890000,1
1529093340000,1529093399000,82.342,82.344,82.342,82.343,48580000,1
1529093400000,1529093459000,82.344,82.344,82.34,82.34,27680000,1
1529093460000,1529093519000,82.34,82.345,82.339,82.344,25190000,1
1529093520000,1529093579000,82.344,82.35,82.343,82.343,21390000,1
1529093580000,1529093639000,82.343,82.344,82.341,82.343,10890000,1
1529093640000,1529093699000,82.343,82.345,82.34,82.34,41740000,1
1529093700000,1529093759000,82.339,82.34,82.332,82.333,13570000,1
1529093760000,1529093819000,82.333,82.337,82.332,82.337,22880000,1
1529093820000,1529093879000,82.337,82.337,82.335,82.335,2440000,1
1529093880000,1529093939000,82.335,82.339,82.335,82.337,11320000,1
1529093940000,1529093999000,82.337,82.337,82.337,82.337,1190000,1
1529094000000,1529094059000,82.339,82.339,82.324,82.325,44560000,1
1529094060000,1529094119000,82.328,82.328,82.323,82.328,22280000,1
1529094120000,1529094179000,82.328,82.328,82.324,82.328,18870000,1
1529094180000,1529094239000,82.329,82.329,82.325,82.325,23330000,1
1529094240000,1529094299000,82.325,82.325,82.324,82.324,27000000,1
1529094300000,1529094359000,82.324,82.324,82.32,82.32,25280000,1
1529094360000,1529094419000,82.32,82.323,82.318,82.319,22480000,1
1529094420000,1529094479000,82.319,82.328,82.317,82.327,41870000,1
1529094480000,1529094539000,82.326,82.327,82.324,82.324,7880000,1
1529094540000,1529094599000,82.325,82.334,82.322,82.329,40720000,1
1529094600000,1529094659000,82.332,82.333,82.329,82.333,33780000,1
1529094660000,1529094719000,82.333,82.333,82.333,82.333,16830000,1
1529094720000,1529094779000,82.333,82.346,82.333,82.346,23640000,1
1529094780000,1529094839000,82.346,82.347,82.346,82.346,13190000,1
1529094840000,1529094899000,82.346,82.349,82.346,82.349,17020000,1
1529094900000,1529094959000,82.349,82.359,82.349,82.358,21700000,1
1529094960000,1529095019000,82.358,82.36,82.356,82.356,12000000,1
1529095020000,1529095079000,82.355,82.358,82.351,82.352,16750000,1
1529095080000,1529095139000,82.352,82.352,82.352,82.352,7000000,1
1529095140000,1529095199000,82.352,82.354,82.348,82.348,20620000,1
1529095200000,1529095259000,82.346,82.349,82.346,82.349,20570000,1
1529095260000,1529095319000,82.349,82.358,82.349,82.358,10940000,1
1529095320000,1529095379000,82.357,82.36,82.355,82.357,22640000,1
1529095380000,1529095439000,82.354,82.361,82.349,82.36,40170000,1
1529095440000,1529095499000,82.36,82.363,82.352,82.352,27250000,1
1529095500000,1529095559000,82.351,82.354,82.335,82.338,58180000,1
1529095560000,1529095619000,82.338,82.341,82.323,82.323,39370000,1
1529095620000,1529095679000,82.323,82.344,82.323,82.343,47270000,1
1529095680000,1529095739000,82.342,82.347,82.342,82.342,45990000,1
1529095740000,1529095799000,82.343,82.346,82.337,82.346,44010000,1
1529095800000,1529095859000,82.345,82.346,82.329,82.346,72880000,1
1529095860000,1529095919000,82.345,82.348,82.343,82.345,20480000,1
1529095920000,1529095979000,82.346,82.35,82.344,82.346,32880000,1
1529095980000,1529096039000,82.344,82.344,82.319,82.341,62890000,1
1529096040000,1529096099000,82.342,82.342,82.331,82.341,56450000,1
1529096100000,1529096159000,82.343,82.346,82.333,82.344,68970000,1
1529096160000,1529096219000,82.343,82.35,82.341,82.348,44740000,1
1529096220000,1529096279000,82.343,82.346,82.314,82.317,46360000,1
1529096280000,1529096339000,82.315,82.324,82.314,82.32,31150000,1
1529096340000,1529096399000,82.32,82.324,82.308,82.308,25450000,1
1529096400000,1529096459000,82.308,82.308,82.308,82.308,0,1
1529096460000,1529096519000,82.308,82.308,82.308,82.308,0,1
1529096520000,1529096579000,82.308,82.308,82.308,82.308,0,1
1529096580000,1529096639000,82.308,82.308,82.308,82.308,0,1
1529096640000,1529096699000,82.308,82.308,82.308,82.308,0,1
1529096700000,1529096759000,82.308,82.308,82.308,82.308,0,1
1529096760000,1529096819000,82.308,82.308,82.308,82.308,0,1
1529096820000,1529096879000,82.308,82.308,82.308,82.308,0,1
1529096880000,1529096939000,82.308,82.308,82.308,82.308,0,1
1529096940000,1529096999000,82.308,82.308,82.308,82.308,0,1
1529097000000,1529097059000,82.308,82.308,82.308,82.308,0,1
1529097060000,1529097119000,82.308,82.308,82.308,82.308,0,1
1529097120000,1529097179000,82.308,82.308,82.308,82.308,0,1
1529097180000,1529097239000,82.308,82.308,82.308,82.308,0,1
1529097240000,1529097299000,82.308,82.308,82.308,82.308,0,1
1529097300000,1529097359000,82.308,82.308,82.308,82.308,0,1
1529097360000,1529097419000,82.308,82.308,82.308,82.308,0,1
1529097420000,1529097479000,82.308,82.308,82.308,82.308,0,1
1529097480000,1529097539000,82.308,82.308,82.308,82.308,0,1
1529097540000,1529097599000,82.308,82.308,82.308,82.308,0,1
1529097600000,1529097659000,82.308,82.308,82.308,82.308,0,1
1529097660000,1529097719000,82.308,82.308,82.308,82.308,0,1
1529097720000,1529097779000,82.308,82.308,82.308,82.308,0,1
1529097780000,1529097839000,82.308,82.308,82.308,82.308,0,1
1529097840000,1529097899000,82.308,82.308,82.308,82.308,0,1
1529097900000,1529097959000,82.308,82.308,82.308,82.308,0,1
1529097960000,1529098019000,82.308,82.308,82.308,82.308,0,1
1529098020000,1529098079000,82.308,82.308,82.308,82.308,0,1
1529098080000,1529098139000,82.308,82.308,82.308,82.308,0,1
1529098140000,1529098199000,82.308,82.308,82.308,82.308,0,1
1529098200000,1529098259000,82.308,82.308,82.308,82.308,0,1
1529098260000,1529098319000,82.308,82.308,82.308,82.308,0,1
1529098320000,1529098379000,82.308,82.308,82.308,82.308,0,1
1529098380000,1529098439000,82.308,82.308,82.308,82.308,0,1
1529098440000,1529098499000,82.308,82.308,82.308,82.308,0,1
1529098500000,1529098559000,82.308,82.308,82.308,82.308,0,1
1529098560000,1529098619000,82.308,82.308,82.308,82.308,0,1
1529098620000,1529098679000,82.308,82.308,82.308,82.308,0,1
1529098680000,1529098739000,82.308,82.308,82.308,82.308,0,1
1529098740000,1529098799000,82.308,82.308,82.308,82.308,0,1
1529098800000,1529098859000,82.308,82.308,82.308,82.308,0,1
1529098860000,1529098919000,82.308,82.308,82.308,82.308,0,1
1529098920000,1529098979000,82.308,82.308,82.308,82.308,0,1
1529098980000,1529099039000,82.308,82.308,82.308,82.308,0,1
1529099040000,1529099099000,82.308,82.308,82.308,82.308,0,1
1529099100000,1529099159000,82.308,82.308,82.308,82.308,0,1
1529099160000,1529099219000,82.308,82.308,82.308,82.308,0,1
1529099220000,1529099279000,82.308,82.308,82.308,82.308,0,1
1529099280000,1529099339000,82.308,82.308,82.308,82.308,0,1
1529099340000,1529099399000,82.308,82.308,82.308,82.308,0,1
1529099400000,1529099459000,82.308,82.308,82.308,82.308,0,1
1529099460000,1529099519000,82.308,82.308,82.308,82.308,0,1
1529099520000,1529099579000,82.308,82.308,82.308,82.308,0,1
1529099580000,1529099639000,82.308,82.308,82.308,82.308,0,1
1529099640000,1529099699000,82.308,82.308,82.308,82.308,0,1
1529099700000,1529099759000,82.308,82.308,82.308,82.308,0,1
1529099760000,1529099819000,82.308,82.308,82.308,82.308,0,1
1529099820000,1529099879000,82.308,82.308,82.308,82.308,0,1
1529099880000,1529099939000,82.308,82.308,82.308,82.308,0,1
1529099940000,1529099999000,82.308,82.308,82.308,82.308,0,1
1529100000000,1529100059000,82.308,82.308,82.308,82.308,0,1
1529100060000,1529100119000,82.308,82.308,82.308,82.308,0,1
1529100120000,1529100179000,82.308,82.308,82.308,82.308,0,1
1529100180000,1529100239000,82.308,82.308,82.308,82.308,0,1
1529100240000,1529100299000,82.308,82.308,82.308,82.308,0,1
1529100300000,1529100359000,82.308,82.308,82.308,82.308,0,1
1529100360000,1529100419000,82.308,82.308,82.308,82.308,0,1
1529100420000,1529100479000,82.308,82.308,82.308,82.308,0,1
1529100480000,1529100539000,82.308,82.308,82.308,82.308,0,1
1529100540000,1529100599000,82.308,82.308,82.308,82.308,0,1
1529100600000,1529100659000,82.308,82.308,82.308,82.308,0,1
1529100660000,1529100719000,82.308,82.308,82.308,82.308,0,1
1529100720000,1529100779000,82.308,82.308,82.308,82.308,0,1
1529100780000,1529100839000,82.308,82.308,82.308,82.308,0,1
1529100840000,1529100899000,82.308,82.308,82.308,82.308,0,1
1529100900000,1529100959000,82.308,82.308,82.308,82.308,0,1
1529100960000,1529101019000,82.308,82.308,82.308,82.308,0,1
1529101020000,1529101079000,82.308,82.308,82.308,82.308,0,1
1529101080000,1529101139000,82.308,82.308,82.308,82.308,0,1
1529101140000,1529101199000,82.308,82.308,82.308,82.308,0,1
1529101200000,1529101259000,82.308,82.308,82.308,82.308,0,1
1529101260000,1529101319000,82.308,82.308,82.308,82.308,0,1
1529101320000,1529101379000,82.308,82.308,82.308,82.308,0,1
1529101380000,1529101439000,82.308,82.308,82.308,82.308,0,1
1529101440000,1529101499000,82.308,82.308,82.308,82.308,0,1
1529101500000,1529101559000,82.308,82.308,82.308,82.308,0,1
1529101560000,1529101619000,82.308,82.308,82.308,82.308,0,1
1529101620000,1529101679000,82.308,82.308,82.308,82.308,0,1
1529101680000,1529101739000,82.308,82.308,82.308,82.308,0,1
1529101740000,1529101799000,82.308,82.308,82.308,82.308,0,1
1529101800000,1529101859000,82.308,82.308,82.308,82.308,0,1
1529101860000,1529101919000,82.308,82.308,82.308,82.308,0,1
1529101920000,1529101979000,82.308,82.308,82.308,82.308,0,1
1529101980000,1529102039000,82.308,82.308,82.308,82.308,0,1
1529102040000,1529102099000,82.308,82.308,82.308,82.308,0,1
1529102100000,1529102159000,82.308,82.308,82.308,82.308,0,1
1529102160000,1529102219000,82.308,82.308,82.308,82.308,0,1
1529102220000,1529102279000,82.308,82.308,82.308,82.308,0,1
1529102280000,1529102339000,82.308,82.308,82.308,82.308,0,1
1529102340000,1529102399000,82.308,82.308,82.308,82.308,0,1
1529102400000,1529102459000,82.308,82.308,82.308,82.308,0,1
1529102460000,1529102519000,82.308,82.308,82.308,82.308,0,1
1529102520000,1529102579000,82.308,82.308,82.308,82.308,0,1
1529102580000,1529102639000,82.308,82.308,82.308,82.308,0,1
1529102640000,1529102699000,82.308,82.308,82.308,82.308,0,1
1529102700000,1529102759000,82.308,82.308,82.308,82.308,0,1
1529102760000,1529102819000,82.308,82.308,82.308,82.308,0,1
1529102820000,1529102879000,82.308,82.308,82.308,82.308,0,1
1529102880000,1529102939000,82.308,82.308,82.308,82.308,0,1
1529102940000,1529102999000,82.308,82.308,82.308,82.308,0,1
1529103000000,1529103059000,82.308,82.308,82.308,82.308,0,1
1529103060000,1529103119000,82.308,82.308,82.308,82.308,0,1
1529103120000,1529103179000,82.308,82.308,82.308,82.308,0,1
1529103180000,1529103239000,82.308,82.308,82.308,82.308,0,1
1529103240000,1529103299000,82.308,82.308,82.308,82.308,0,1
1529103300000,1529103359000,82.308,82.308,82.308,82.308,0,1
1529103360000,1529103419000,82.308,82.308,82.308,82.308,0,1
1529103420000,1529103479000,82.308,82.308,82.308,82.308,0,1
1529103480000,1529103539000,82.308,82.308,82.308,82.308,0,1
1529103540000,1529103599000,82.308,82.308,82.308,82.308,0,1
1529103600000,1529103659000,82.308,82.308,82.308,82.308,0,1
1529103660000,1529103719000,82.308,82.308,82.308,82.308,0,1
1529103720000,1529103779000,82.308,82.308,82.308,82.308,0,1
1529103780000,1529103839000,82.308,82.308,82.308,82.308,0,1
1529103840000,1529103899000,82.308,82.308,82.308,82.308,0,1
1529103900000,1529103959000,82.308,82.308,82.308,82.308,0,1
1529103960000,1529104019000,82.308,82.308,82.308,82.308,0,1
1529104020000,1529104079000,82.308,82.308,82.308,82.308,0,1
1529104080000,1529104139000,82.308,82.308,82.308,82.308,0,1
1529104140000,1529104199000,82.308,82.308,82.308,82.308,0,1
1529104200000,1529104259000,82.308,82.308,82.308,82.308,0,1
1529104260000,1529104319000,82.308,82.308,82.308,82.308,0,1
1529104320000,1529104379000,82.308,82.308,82.308,82.308,0,1
1529104380000,1529104439000,82.308,82.308,82.308,82.308,0,1
1529104440000,1529104499000,82.308,82.308,82.308,82.308,0,1
1529104500000,1529104559000,82.308,82.308,82.308,82.308,0,1
1529104560000,1529104619000,82.308,82.308,82.308,82.308,0,1
1529104620000,1529104679000,82.308,82.308,82.308,82.308,0,1
1529104680000,1529104739000,82.308,82.308,82.308,82.308,0,1
1529104740000,1529104799000,82.308,82.308,82.308,82.308,0,1
1529104800000,1529104859000,82.308,82.308,82.308,82.308,0,1
1529104860000,1529104919000,82.308,82.308,82.308,82.308,0,1
1529104920000,1529104979000,82.308,82.308,82.308,82.308,0,1
1529104980000,1529105039000,82.308,82.308,82.308,82.308,0,1
1529105040000,1529105099000,82.308,82.308,82.308,82.308,0,1
1529105100000,1529105159000,82.308,82.308,82.308,82.308,0,1
1529105160000,1529105219000,82.308,82.308,82.308,82.308,0,1
1529105220000,1529105279000,82.308,82.308,82.308,82.308,0,1
1529105280000,1529105339000,82.308,82.308,82.308,82.308,0,1
1529105340000,1529105399000,82.308,82.308,82.308,82.308,0,1
1529105400000,1529105459000,82.308,82.308,82.308,82.308,0,1
1529105460000,1529105519000,82.308,82.308,82.308,82.308,0,1
1529105520000,1529105579000,82.308,82.308,82.308,82.308,0,1
1529105580000,1529105639000,82.308,82.308,82.308,82.308,0,1
1529105640000,1529105699000,82.308,82.308,82.308,82.308,0,1
1529105700000,1529105759000,82.308,82.308,82.308,82.308,0,1
1529105760000,1529105819000,82.308,82.308,82.308,82.308,0,1
1529105820000,1529105879000,82.308,82.308,82.308,82.308,0,1
1529105880000,1529105939000,82.308,82.308,82.308,82.308,0,1
1529105940000,1529105999000,82.308,82.308,82.308,82.308,0,1
1529106000000,1529106059000,82.308,82.308,82.308,82.308,0,1
1529106060000,1529106119000,82.308,82.308,82.308,82.308,0,1
1529106120000,1529106179000,82.308,82.308,82.308,82.308,0,1
1529106180000,1529106239000,82.308,82.308,82.308,82.308,0,1
1529106240000,1529106299000,82.308,82.308,82.308,82.308,0,1
1529106300000,1529106359000,82.308,82.308,82.308,82.308,0,1
1529106360000,1529106419000,82.308,82.308,82.308,82.308,0,1
1529106420000,1529106479000,82.308,82.308,82.308,82.308,0,1
1529106480000,1529106539000,82.308,82.308,82.308,82.308,0,1
1529106540000,1529106599000,82.308,82.308,82.308,82.308,0,1
1529106600000,1529106659000,82.308,82.308,82.308,82.308,0,1
1529106660000,1529106719000,82.308,82.308,82.308,82.308,0,1
1529106720000,1529106779000,82.308,82.308,82.308,82.308,0,1
1529106780000,1529106839000,82.308,82.308,82.308,82.308,0,1
1529106840000,1529106899000,82.308,82.308,82.308,82.308,0,1
1529106900000,1529106959000,82.308,82.308,82.308,82.308,0,1
1529106960000,1529107019000,82.308,82.308,82.308,82.308,0,1
1529107020000,1529107079000,82.308,82.308,82.308,82.308,0,1
1529107080000,1529107139000,82.308,82.308,82.308,82.308,0,1
1529107140000,1529107199000,82.308,82.308,82.308,82.308,0,1
1529269200000,1529269259000,82.353,82.353,82.338,82.338,4500000,1
1529269260000,1529269319000,82.349,82.349,82.339,82.344,6750000,1
1529269320000,1529269379000,82.344,82.368,82.344,82.368,3650000,1
1529269380000,1529269439000,82.368,82.382,82.365,82.369,7740000,1
1529269440000,1529269499000,82.369,82.374,82.36,82.363,16810000,1
1529269500000,1529269559000,82.354,82.356,82.354,82.356,2900000,1
1529269560000,1529269619000,82.355,82.361,82.355,82.36,4850000,1
1529269680000,1529269739000,82.356,82.356,82.356,82.356,1450000,1
1529269740000,1529269799000,82.357,82.357,82.356,82.356,12100000,1
1529269800000,1529269859000,82.356,82.372,82.356,82.369,21740000,1
1529269860000,1529269919000,82.372,82.372,82.365,82.367,7820000,1
1529269920000,1529269979000,82.372,82.372,82.372,82.372,5480000,1
1529269980000,1529270039000,82.372,82.39,82.372,82.38,13320000,1
1529270040000,1529270099000,82.38,82.381,82.38,82.381,2240000,1
1529270100000,1529270159000,82.381,82.381,82.375,82.379,19670000,1
1529270160000,1529270219000,82.381,82.381,82.378,82.378,10900000,1
1529270220000,1529270279000,82.378,82.378,82.378,82.378,4560000,1
1529270280000,1529270339000,82.378,82.378,82.378,82.378,1120000,1
1529270340000,1529270399000,82.372,82.372,82.366,82.366,6120000,1
1529270400000,1529270459000,82.366,82.366,82.354,82.354,4230000,1
1529270460000,1529270519000,82.354,82.356,82.354,82.356,8950000,1
1529270520000,1529270579000,82.356,82.356,82.354,82.354,21270000,1
1529270580000,1529270639000,82.356,82.367,82.354,82.365,16830000,1
1529270640000,1529270699000,82.365,82.365,82.361,82.361,5300000,1
1529270700000,1529270759000,82.362,82.366,82.362,82.363,19400000,1
1529270760000,1529270819000,82.364,82.368,82.364,82.364,24200000,1
1529270820000,1529270879000,82.364,82.37,82.364,82.37,28390000,1
1529270880000,1529270939000,82.369,82.369,82.365,82.367,15070000,1
1529270940000,1529270999000,82.368,82.37,82.366,82.368,23940000,1
1529271000000,1529271059000,82.371,82.415,82.368,82.373,102870000,1
1529271060000,1529271119000,82.365,82.365,82.359,82.36,130530000,1
1529271120000,1529271179000,82.36,82.36,82.359,82.359,27200000,1
1529271180000,1529271239000,82.358,82.359,82.358,82.359,11610000,1
1529271240000,1529271299000,82.358,82.358,82.358,82.358,3200000,1
1529271300000,1529271359000,82.358,82.359,82.358,82.359,7690000,1
1529271360000,1529271419000,82.359,82.359,82.358,82.359,7510000,1
1529271420000,1529271479000,82.358,82.358,82.358,82.358,5460000,1
1529271480000,1529271539000,82.358,82.375,82.358,82.375,20740000,1
1529271540000,1529271599000,82.375,82.375,82.375,82.375,7840000,1
1529271600000,1529271659000,82.375,82.375,82.375,82.375,3360000,1
1529271660000,1529271719000,82.375,82.375,82.375,82.375,2240000,1
1529271780000,1529271839000,82.375,82.375,82.375,82.375,2400000,1
1529271900000,1529271959000,82.375,82.375,82.375,82.375,5760000,1
1529271960000,1529272019000,82.375,82.375,82.375,82.375,6800000,1
1529272020000,1529272079000,82.375,82.375,82.359,82.359,25700000,1
1529272080000,1529272139000,82.359,82.363,82.359,82.363,9510000,1
1529272140000,1529272199000,82.363,82.363,82.363,82.363,4840000,1
1529272200000,1529272259000,82.363,82.364,82.363,82.364,8110000,1
1529272260000,1529272319000,82.364,82.364,82.364,82.364,1640000,1
1529272320000,1529272379000,82.362,82.364,82.362,82.364,15240000,1
1529272380000,1529272439000,82.363,82.365,82.363,82.365,4920000,1
1529272440000,1529272499000,82.363,82.366,82.362,82.362,8960000,1
1529272500000,1529272559000,82.362,82.364,82.361,82.363,20100000,1
1529272560000,1529272619000,82.363,82.367,82.363,82.366,20290000,1
1529272620000,1529272679000,82.365,82.365,82.363,82.363,23790000,1
1529272680000,1529272739000,82.363,82.363,82.363,82.363,29410000,1
1529272740000,1529272799000,82.368,82.376,82.359,82.359,6960000,1
1529272800000,1529272859000,82.356,82.357,82.317,82.334,92600000,1
1529272860000,1529272919000,82.334,82.339,82.334,82.334,24000000,1
1529272920000,1529272979000,82.334,82.337,82.326,82.329,39900000,1
1529272980000,1529273039000,82.327,82.34,82.319,82.325,158170000,1
1529273040000,1529273099000,82.326,82.327,82.31,82.31,74000000,1
1529273100000,1529273159000,82.311,82.319,82.31,82.313,51000000,1
1529273160000,1529273219000,82.314,82.315,82.304,82.307,176860000,1
1529273220000,1529273279000,82.31,82.312,82.307,82.311,138960000,1
1529273280000,1529273339000,82.311,82.318,82.308,82.315,149300000,1
1529273340000,1529273399000,82.322,82.323,82.314,82.314,99280000,1
1529273400000,1529273459000,82.315,82.33,82.315,82.328,82000000,1
1529273460000,1529273519000,82.327,82.331,82.327,82.327,24000000,1
1529273520000,1529273579000,82.327,82.335,82.322,82.335,67040000,1
1529273580000,1529273639000,82.339,82.344,82.337,82.341,33370000,1
1529273640000,1529273699000,82.342,82.343,82.331,82.335,25050000,1
1529273700000,1529273759000,82.338,82.341,82.331,82.332,66080000,1
1529273760000,1529273819000,82.333,82.334,82.319,82.32,27750000,1
1529273820000,1529273879000,82.323,82.325,82.318,82.318,20540000,1
1529273880000,1529273939000,82.319,82.334,82.319,82.332,18660000,1
1529273940000,1529273999000,82.331,82.341,82.331,82.333,20100000,1
1529274000000,1529274059000,82.329,82.332,82.328,82.331,18570000,1
1529274060000,1529274119000,82.331,82.331,82.33,82.331,6510000,1
1529274120000,1529274179000,82.331,82.331,82.31,82.314,31210000,1
1529274180000,1529274239000,82.315,82.322,82.315,82.318,52370000,1
1529274240000,1529274299000,82.319,82.32,82.318,82.32,7140000,1
1529274300000,1529274359000,82.319,82.319,82.316,82.316,11940000,1
1529274360000,1529274419000,82.315,82.315,82.314,82.314,27730000,1
1529274420000,1529274479000,82.319,82.324,82.319,82.322,18000000,1
1529274480000,1529274539000,82.323,82.323,82.321,82.323,5200000,1
1529274540000,1529274599000,82.324,82.346,82.324,82.346,16000000,1
1529274600000,1529274659000,82.346,82.346,82.342,82.342,9000000,1
1529274660000,1529274719000,82.344,82.349,82.344,82.349,16000000,1
1529274720000,1529274779000,82.348,82.351,82.345,82.346,24520000,1
1529274780000,1529274839000,82.347,82.347,82.345,82.346,5760000,1
1529274840000,1529274899000,82.344,82.344,82.342,82.342,12330000,1
1529274900000,1529274959000,82.341,82.343,82.33,82.331,15020000,1
1529274960000,1529275019000,82.335,82.343,82.335,82.34,16590000,1
1529275020000,1529275079000,82.341,82.341,82.336,82.341,15080000,1
1529275080000,1529275139000,82.342,82.345,82.331,82.331,49930000,1
1529275140000,1529275199000,82.331,82.331,82.326,82.327,52150000,1
1529275200000,1529275259000,82.327,82.328,82.327,82.328,7820000,1
1529275260000,1529275319000,82.326,82.326,82.317,82.318,18540000,1
1529275320000,1529275379000,82.318,82.318,82.314,82.314,14400000,1
1529275380000,1529275439000,82.315,82.317,82.304,82.309,51900000,1
1529275440000,1529275499000,82.309,82.312,82.309,82.309,27410000,1
1529275500000,1529275559000,82.309,82.318,82.309,82.316,21390000,1
1529275560000,1529275619000,82.316,82.316,82.301,82.307,38880000,1
1529275620000,1529275679000,82.307,82.311,82.306,82.311,12000000,1
1529275680000,1529275739000,82.312,82.318,82.297,82.3,32350000,1
1529275740000,1529275799000,82.3,82.3,82.296,82.3,31500000,1
1529275800000,1529275859000,82.3,82.3,82.296,82.297,43880000,1
1529275860000,1529275919000,82.3,82.305,82.294,82.301,37010000,1
1529275920000,1529275979000,82.303,82.303,82.293,82.293,16000000,1
1529275980000,1529276039000,82.293,82.294,82.292,82.293,9250000,1
1529276040000,1529276099000,82.292,82.292,82.28,82.28,44500000,1
1529276100000,1529276159000,82.277,82.279,82.276,82.279,21780000,1
1529276160000,1529276219000,82.278,82.284,82.277,82.28,13750000,1
1529276220000,1529276279000,82.28,82.281,82.278,82.278,16320000,1
1529276280000,1529276339000,82.278,82.281,82.277,82.281,13380000,1
1529276340000,1529276399000,82.278,82.278,82.27,82.271,27410000,1
1529276400000,1529276459000,82.272,82.277,82.269,82.277,28160000,1
1529276460000,1529276519000,82.277,82.302,82.277,82.297,28260000,1
1529276520000,1529276579000,82.297,82.297,82.282,82.282,49610000,1
1529276580000,1529276639000,82.282,82.283,82.272,82.277,60880000,1
1529276640000,1529276699000,82.273,82.28,82.273,82.278,28890000,1
1529276700000,1529276759000,82.278,82.283,82.277,82.277,25720000,1
1529276760000,1529276819000,82.278,82.289,82.277,82.279,31710000,1
1529276820000,1529276879000,82.278,82.283,82.272,82.273,41420000,1
1529276880000,1529276939000,82.272,82.272,82.266,82.267,16150000,1
1529276940000,1529276999000,82.267,82.278,82.267,82.276,18850000,1
1529277000000,1529277059000,82.278,82.286,82.272,82.272,36970000,1
1529277060000,1529277119000,82.273,82.284,82.273,82.284,20010000,1
1529277120000,1529277179000,82.284,82.307,82.284,82.302,51090000,1
1529277180000,1529277239000,82.303,82.307,82.301,82.304,28540000,1
1529277240000,1529277299000,82.305,82.318,82.304,82.309,41640000,1
1529277300000,1529277359000,82.309,82.314,82.309,82.312,33120000,1
1529277360000,1529277419000,82.313,82.314,82.31,82.314,29000000,1
1529277420000,1529277479000,82.313,82.315,82.312,82.313,19000000,1
1529277480000,1529277539000,82.314,82.314,82.308,82.312,21560000,1
1529277540000,1529277599000,82.313,82.314,82.313,82.313,8500000,1
1529277600000,1529277659000,82.314,82.314,82.303,82.303,41840000,1
1529277660000,1529277719000,82.303,82.304,82.298,82.299,33070000,1
1529277720000,1529277779000,82.299,82.304,82.299,82.303,24130000,1
1529277780000,1529277839000,82.303,82.307,82.3,82.305,45820000,1
1529277840000,1529277899000,82.305,82.306,82.298,82.299,31130000,1
1529277900000,1529277959000,82.3,82.305,82.299,82.304,26950000,1
1529277960000,1529278019000,82.305,82.314,82.305,82.31,24880000,1
1529278020000,1529278079000,82.31,82.311,82.305,82.305,27570000,1
1529278080000,1529278139000,82.306,82.31,82.3,82.308,15680000,1
1529278140000,1529278199000,82.307,82.329,82.304,82.329,58100000,1
1529278200000,1529278259000,82.331,82.335,82.317,82.317,45970000,1
1529278260000,1529278319000,82.317,82.317,82.296,82.296,22140000,1
1529278320000,1529278379000,82.296,82.306,82.296,82.301,49370000,1
1529278380000,1529278439000,82.301,82.31,82.298,82.298,35530000,1
1529278440000,1529278499000,82.297,82.297,82.296,82.296,11320000,1
1529278500000,1529278559000,82.294,82.299,82.292,82.296,29500000,1
1529278560000,1529278619000,82.293,82.293,82.285,82.286,16440000,1
1529278620000,1529278679000,82.286,82.293,82.286,82.287,12000000,1
1529278680000,1529278739000,82.287,82.289,82.284,82.289,26380000,1
1529278740000,1529278799000,82.289,82.297,82.287,82.297,25560000,1
1529278800000,1529278859000,82.296,82.305,82.294,82.302,42120000,1
1529278860000,1529278919000,82.303,82.31,82.302,82.308,25870000,1
1529278920000,1529278979000,82.309,82.318,82.305,82.316,32000000,1
1529278980000,1529279039000,82.314,82.329,82.312,82.329,44980000,1
1529279040000,1529279099000,82.328,82.333,82.315,82.329,52130000,1
1529279100000,1529279159000,82.328,82.335,82.323,82.323,63260000,1
1529279160000,1529279219000,82.323,82.323,82.32,82.321,26510000,1
1529279220000,1529279279000,82.321,82.324,82.301,82.302,72910000,1
1529279280000,1529279339000,82.308,82.313,82.301,82.303,37160000,1
1529279340000,1529279399000,82.303,82.305,82.302,82.303,24040000,1
1529279400000,1529279459000,82.301,82.301,82.3,82.3,28930000,1
1529279460000,1529279519000,82.3,82.302,82.297,82.297,26750000,1
1529279520000,1529279579000,82.297,82.298,82.294,82.294,26440000,1
1529279580000,1529279639000,82.294,82.294,82.286,82.29,59250000,1
1529279640000,1529279699000,82.29,82.295,82.289,82.289,23520000,1
1529279700000,1529279759000,82.289,82.302,82.281,82.281,44750000,1
1529279760000,1529279819000,82.282,82.304,82.282,82.304,50750000,1
1529279820000,1529279879000,82.305,82.306,82.288,82.298,62310000,1
1529279880000,1529279939000,82.296,82.304,82.291,82.302,57070000,1
1529279940000,1529279999000,82.301,82.325,82.301,82.324,65670000,1
1529280000000,1529280059000,82.323,82.323,82.287,82.289,117840000,1
1529280060000,1529280119000,82.291,82.292,82.279,82.281,94500000,1
1529280120000,1529280179000,82.282,82.285,82.248,82.25,123320000,1
1529280180000,1529280239000,82.248,82.276,82.248,82.276,84250000,1
1529280240000,1529280299000,82.275,82.276,82.246,82.25,62280000,1
1529280300000,1529280359000,82.251,82.266,82.248,82.254,57470000,1
1529280360000,1529280419000,82.254,82.256,82.237,82.239,114720000,1
1529280420000,1529280479000,82.239,82.261,82.23,82.261,73700000,1
1529280480000,1529280539000,82.26,82.271,82.251,82.251,40610000,1
1529280540000,1529280599000,82.251,82.253,82.247,82.25,27550000,1
1529280600000,1529280659000,82.248,82.271,82.242,82.262,40150000,1
1529280660000,1529280719000,82.263,82.265,82.254,82.255,58000000,1
1529280720000,1529280779000,82.255,82.255,82.232,82.232,63160000,1
1529280780000,1529280839000,82.232,82.255,82.232,82.255,85460000,1
1529280840000,1529280899000,82.255,82.259,82.239,82.243,96200000,1
1529280900000,1529280959000,82.243,82.254,82.236,82.244,97120000,1
1529280960000,1529281019000,82.246,82.247,82.223,82.223,83640000,1
1529281020000,1529281079000,82.224,82.233,82.215,82.215,69300000,1
1529281080000,1529281139000,82.214,82.214,82.202,82.202,65550000,1
1529281140000,1529281199000,82.203,82.214,82.172,82.175,126580000,1
1529281200000,1529281259000,82.174,82.174,82.129,82.139,144510000,1
1529281260000,1529281319000,82.14,82.141,82.118,82.127,94260000,1
1529281320000,1529281379000,82.127,82.133,82.106,82.132,77070000,1
1529281380000,1529281439000,82.131,82.154,82.13,82.142,78920000,1
1529281440000,1529281499000,82.141,82.141,82.101,82.103,129260000,1
1529281500000,1529281559000,82.1,82.116,82.068,82.068,121630000,1
1529281560000,1529281619000,82.069,82.071,82.052,82.065,80190000,1
1529281620000,1529281679000,82.066,82.071,82.052,82.066,75550000,1
1529281680000,1529281739000,82.066,82.067,82.05,82.05,61560000,1
1529281740000,1529281799000,82.051,82.051,82.037,82.042,79900000,1
1529281800000,1529281859000,82.043,82.065,82.04,82.054,67680000,1
1529281860000,1529281919000,82.054,82.054,82.039,82.054,50320000,1
1529281920000,1529281979000,82.052,82.055,82.036,82.054,78060000,1
1529281980000,1529282039000,82.053,82.059,82.047,82.058,33000000,1
1529282040000,1529282099000,82.058,82.07,82.053,82.068,57100000,1
1529282100000,1529282159000,82.069,82.083,82.065,82.083,55560000,1
1529282160000,1529282219000,82.083,82.095,82.077,82.077,45680000,1
1529282220000,1529282279000,82.077,82.088,82.075,82.085,62230000,1
1529282280000,1529282339000,82.083,82.098,82.08,82.085,73690000,1
1529282340000,1529282399000,82.084,82.085,82.079,82.083,40850000,1
1529282400000,1529282459000,82.082,82.091,82.082,82.087,50110000,1
1529282460000,1529282519000,82.087,82.101,82.087,82.099,40930000,1
1529282520000,1529282579000,82.1,82.129,82.1,82.125,43800000,1
1529282580000,1529282639000,82.126,82.143,82.125,82.142,47880000,1
1529282640000,1529282699000,82.141,82.141,82.13,82.131,35090000,1
1529282700000,1529282759000,82.131,82.146,82.123,82.145,61380000,1
1529282760000,1529282819000,82.146,82.168,82.146,82.168,58500000,1
1529282820000,1529282879000,82.167,82.174,82.16,82.161,51080000,1
1529282880000,1529282939000,82.162,82.172,82.161,82.161,46910000,1
1529282940000,1529282999000,82.161,82.162,82.15,82.15,58530000,1
1529283000000,1529283059000,82.15,82.15,82.142,82.149,39300000,1
1529283060000,1529283119000,82.15,82.157,82.143,82.157,47560000,1
1529283120000,1529283179000,82.16,82.16,82.152,82.157,49220000,1
1529283180000,1529283239000,82.156,82.164,82.143,82.145,79730000,1
1529283240000,1529283299000,82.145,82.176,82.145,82.166,111860000,1
1529283300000,1529283359000,82.169,82.181,82.152,82.152,87340000,1
1529283360000,1529283419000,82.152,82.154,82.141,82.143,58790000,1
1529283420000,1529283479000,82.143,82.147,82.124,82.125,61580000,1
1529283480000,1529283539000,82.126,82.137,82.121,82.135,58640000,1
1529283540000,1529283599000,82.136,82.18,82.136,82.171,85780000,1
1529283600000,1529283659000,82.173,82.178,82.151,82.154,102090000,1
1529283660000,1529283719000,82.153,82.162,82.152,82.161,53540000,1
1529283720000,1529283779000,82.16,82.171,82.154,82.17,57480000,1
1529283780000,1529283839000,82.171,82.177,82.163,82.165,57160000,1
1529283840000,1529283899000,82.166,82.166,82.153,82.153,36640000,1
1529283900000,1529283959000,82.15,82.156,82.149,82.154,52260000,1
1529283960000,1529284019000,82.153,82.153,82.132,82.133,41140000,1
1529284020000,1529284079000,82.134,82.135,82.119,82.125,51330000,1
1529284080000,1529284139000,82.126,82.147,82.126,82.146,59810000,1
1529284140000,1529284199000,82.144,82.173,82.143,82.173,53370000,1
1529284200000,1529284259000,82.173,82.175,82.153,82.157,72940000,1
1529284260000,1529284319000,82.158,82.17,82.158,82.169,38060000,1
1529284320000,1529284379000,82.17,82.17,82.157,82.158,38790000,1
1529284380000,1529284439000,82.158,82.159,82.127,82.128,70070000,1
1529284440000,1529284499000,82.128,82.148,82.128,82.142,50640000,1
1529284500000,1529284559000,82.143,82.146,82.142,82.146,66520000,1
1529284560000,1529284619000,82.146,82.184,82.145,82.175,63110000,1
1529284620000,1529284679000,82.175,82.2,82.175,82.187,83070000,1
1529284680000,1529284739000,82.188,82.19,82.176,82.176,54090000,1
1529284740000,1529284799000,82.178,82.191,82.173,82.173,51030000,1
1529284800000,1529284859000,82.173,82.185,82.171,82.171,59730000,1
1529284860000,1529284919000,82.172,82.179,82.172,82.176,34160000,1
1529284920000,1529284979000,82.177,82.187,82.174,82.187,52330000,1
1529284980000,1529285039000,82.186,82.195,82.186,82.19,63750000,1
1529285040000,1529285099000,82.19,82.203,82.19,82.203,54560000,1
1529285100000,1529285159000,82.202,82.211,82.2,82.206,38870000,1
1529285160000,1529285219000,82.205,82.205,82.192,82.192,44620000,1
1529285220000,1529285279000,82.192,82.199,82.192,82.194,21800000,1
1529285280000,1529285339000,82.193,82.195,82.181,82.184,61450000,1
1529285340000,1529285399000,82.182,82.187,82.176,82.186,100590000,1
1529285400000,1529285459000,82.184,82.184,82.141,82.141,112710000,1
1529285460000,1529285519000,82.141,82.141,82.104,82.11,109160000,1
1529285520000,1529285579000,82.111,82.13,82.107,82.125,81270000,1
1529285580000,1529285639000,82.125,82.136,82.122,82.135,54650000,1
1529285640000,1529285699000,82.134,82.136,82.129,82.129,17070000,1
1529285700000,1529285759000,82.129,82.137,82.115,82.123,44290000,1
1529285760000,1529285819000,82.123,82.131,82.123,82.13,35680000,1
1529285820000,1529285879000,82.13,82.146,82.121,82.139,89820000,1
1529285880000,1529285939000,82.14,82.14,82.129,82.131,54260000,1
1529285940000,1529285999000,82.131,82.137,82.123,82.137,38310000,1
1529286000000,1529286059000,82.137,82.153,82.136,82.153,46100000,1
1529286060000,1529286119000,82.154,82.164,82.152,82.153,47310000,1
1529286120000,1529286179000,82.153,82.156,82.138,82.138,76280000,1
1529286180000,1529286239000,82.137,82.137,82.127,82.133,69340000,1
1529286240000,1529286299000,82.134,82.144,82.126,82.128,77360000,1
1529286300000,1529286359000,82.128,82.132,82.11,82.118,93010000,1
1529286360000,1529286419000,82.12,82.139,82.12,82.139,44610000,1
1529286420000,1529286479000,82.141,82.141,82.118,82.118,48470000,1
1529286480000,1529286539000,82.117,82.13,82.114,82.13,63150000,1
1529286540000,1529286599000,82.13,82.149,82.13,82.137,52780000,1
1529286600000,1529286659000,82.135,82.137,82.125,82.131,56270000,1
1529286660000,1529286719000,82.132,82.133,82.123,82.127,41360000,1
1529286720000,1529286779000,82.126,82.128,82.091,82.101,79800000,1
1529286780000,1529286839000,82.1,82.107,82.097,82.104,63570000,1
1529286840000,1529286899000,82.105,82.106,82.081,82.081,66970000,1
1529286900000,1529286959000,82.08,82.084,82.045,82.048,91700000,1
1529286960000,1529287019000,82.049,82.058,82.041,82.053,104460000,1
1529287020000,1529287079000,82.054,82.059,82.042,82.056,101470000,1
1529287080000,1529287139000,82.057,82.076,82.053,82.065,83660000,1
1529287140000,1529287199000,82.066,82.069,82.04,82.04,87830000,1
1529287200000,1529287259000,82.04,82.07,82.04,82.067,83940000,1
1529287260000,1529287319000,82.067,82.067,82.045,82.065,74500000,1
1529287320000,1529287379000,82.066,82.073,82.058,82.061,67220000,1
1529287380000,1529287439000,82.062,82.062,82.04,82.046,112770000,1
1529287440000,1529287499000,82.049,82.057,82.036,82.051,137970000,1
1529287500000,1529287559000,82.051,82.078,82.04,82.077,91920000,1
1529287560000,1529287619000,82.077,82.094,82.077,82.088,57010000,1
1529287620000,1529287679000,82.087,82.096,82.085,82.094,80510000,1
1529287680000,1529287739000,82.091,82.093,82.08,82.081,77220000,1
1529287740000,1529287799000,82.082,82.112,82.081,82.11,70450000,1
1529287800000,1529287859000,82.111,82.134,82.109,82.111,78450000,1
1529287860000,1529287919000,82.11,82.119,82.11,82.119,53700000,1
1529287920000,1529287979000,82.117,82.121,82.117,82.119,26680000,1
1529287980000,1529288039000,82.124,82.131,82.121,82.121,30370000,1
1529288040000,1529288099000,82.12,82.126,82.112,82.119,38150000,1
1529288100000,1529288159000,82.118,82.123,82.107,82.114,67790000,1
1529288160000,1529288219000,82.113,82.122,82.101,82.103,76690000,1
1529288220000,1529288279000,82.104,82.114,82.103,82.103,47720000,1
1529288280000,1529288339000,82.104,82.111,82.096,82.1,77750000,1
1529288340000,1529288399000,82.1,82.106,82.091,82.091,68520000,1
1529288400000,1529288459000,82.091,82.106,82.091,82.1,57590000,1
1529288460000,1529288519000,82.101,82.104,82.097,82.099,53430000,1
1529288520000,1529288579000,82.1,82.112,82.082,82.107,108930000,1
1529288580000,1529288639000,82.107,82.107,82.104,82.107,10430000,1
1529288640000,1529288699000,82.108,82.108,82.106,82.108,16880000,1
1529288700000,1529288759000,82.109,82.121,82.107,82.121,22940000,1
1529288760000,1529288819000,82.121,82.141,82.121,82.14,54560000,1
1529288820000,1529288879000,82.135,82.136,82.131,82.133,41130000,1
1529288880000,1529288939000,82.133,82.133,82.12,82.122,61670000,1
1529288940000,1529288999000,82.122,82.125,82.121,82.122,36410000,1
1529289000000,1529289059000,82.123,82.123,82.096,82.112,85040000,1
1529289060000,1529289119000,82.111,82.114,82.108,82.111,44530000,1
1529289120000,1529289179000,82.111,82.125,82.111,82.125,19880000,1
1529289180000,1529289239000,82.125,82.132,82.123,82.123,23010000,1
1529289240000,1529289299000,82.123,82.124,82.111,82.111,26550000,1
1529289300000,1529289359000,82.111,82.114,82.108,82.111,53070000,1
1529289360000,1529289419000,82.112,82.12,82.112,82.116,53490000,1
1529289420000,1529289479000,82.116,82.117,82.109,82.109,23330000,1
1529289480000,1529289539000,82.109,82.118,82.109,82.116,31070000,1
1529289540000,1529289599000,82.116,82.139,82.116,82.139,37140000,1
1529289600000,1529289659000,82.138,82.14,82.12,82.129,44750000,1
1529289660000,1529289719000,82.13,82.136,82.13,82.134,23810000,1
1529289720000,1529289779000,82.134,82.135,82.133,82.134,18760000,1
1529289780000,1529289839000,82.135,82.144,82.13,82.13,54120000,1
1529289840000,1529289899000,82.129,82.131,82.121,82.129,97550000,1
1529289900000,1529289959000,82.129,82.141,82.129,82.141,33300000,1
1529289960000,1529290019000,82.142,82.149,82.142,82.144,27060000,1
1529290020000,1529290079000,82.144,82.146,82.133,82.136,29690000,1
1529290080000,1529290139000,82.136,82.138,82.134,82.134,37150000,1
1529290140000,1529290199000,82.135,82.142,82.133,82.133,57760000,1
1529290200000,1529290259000,82.133,82.139,82.132,82.139,23430000,1
1529290260000,1529290319000,82.14,82.151,82.137,82.151,47510000,1
1529290320000,1529290379000,82.152,82.167,82.152,82.167,25030000,1
1529290380000,1529290439000,82.167,82.189,82.159,82.189,47850000,1
1529290440000,1529290499000,82.188,82.188,82.185,82.185,30660000,1
1529290500000,1529290559000,82.186,82.188,82.184,82.186,33330000,1
1529290560000,1529290619000,82.186,82.195,82.182,82.19,48170000,1
1529290620000,1529290679000,82.19,82.201,82.186,82.195,66840000,1
1529290680000,1529290739000,82.196,82.201,82.195,82.2,56470000,1
1529290740000,1529290799000,82.2,82.202,82.191,82.194,49240000,1
1529290800000,1529290859000,82.194,82.195,82.186,82.188,33890000,1
1529290860000,1529290919000,82.188,82.193,82.182,82.193,54830000,1
1529290920000,1529290979000,82.193,82.193,82.182,82.192,40950000,1
1529290980000,1529291039000,82.191,82.191,82.187,82.187,22310000,1
1529291040000,1529291099000,82.188,82.188,82.186,82.186,17950000,1
1529291100000,1529291159000,82.186,82.19,82.183,82.183,23770000,1
1529291160000,1529291219000,82.183,82.186,82.179,82.184,50060000,1
1529291220000,1529291279000,82.185,82.186,82.178,82.186,52310000,1
1529291280000,1529291339000,82.187,82.19,82.184,82.185,49000000,1
1529291340000,1529291399000,82.185,82.189,82.181,82.185,29980000,1
1529291400000,1529291459000,82.184,82.187,82.182,82.185,31080000,1
1529291460000,1529291519000,82.184,82.185,82.184,82.185,8320000,1
1529291520000,1529291579000,82.185,82.185,82.184,82.184,9030000,1
1529291580000,1529291639000,82.184,82.184,82.166,82.182,64090000,1
1529291640000,1529291699000,82.181,82.182,82.179,82.18,18120000,1
1529291700000,1529291759000,82.181,82.189,82.178,82.178,44730000,1
1529291760000,1529291819000,82.178,82.191,82.177,82.187,33150000,1
1529291820000,1529291879000,82.187,82.192,82.184,82.19,42130000,1
1529291880000,1529291939000,82.19,82.194,82.19,82.192,17860000,1
1529291940000,1529291999000,82.193,82.201,82.188,82.201,30410000,1
1529292000000,1529292059000,82.202,82.203,82.193,82.2,41950000,1
1529292060000,1529292119000,82.2,82.203,82.2,82.201,15260000,1
1529292120000,1529292179000,82.201,82.209,82.201,82.201,35600000,1
1529292180000,1529292239000,82.202,82.21,82.202,82.21,28880000,1
1529292240000,1529292299000,82.208,82.208,82.201,82.203,34260000,1
1529292300000,1529292359000,82.202,82.209,82.193,82.193,37300000,1
1529292360000,1529292419000,82.195,82.201,82.195,82.198,12810000,1
1529292420000,1529292479000,82.197,82.198,82.195,82.197,31190000,1
1529292480000,1529292539000,82.197,82.206,82.194,82.206,40220000,1
1529292540000,1529292599000,82.205,82.205,82.198,82.199,31060000,1
1529292600000,1529292659000,82.199,82.2,82.195,82.198,18800000,1
1529292660000,1529292719000,82.199,82.203,82.188,82.193,29190000,1
1529292720000,1529292779000,82.193,82.195,82.186,82.186,35010000,1
1529292780000,1529292839000,82.185,82.185,82.167,82.173,30310000,1
1529292840000,1529292899000,82.173,82.177,82.169,82.169,16360000,1
1529292900000,1529292959000,82.168,82.177,82.166,82.177,27220000,1
1529292960000,1529293019000,82.177,82.19,82.177,82.19,30930000,1
1529293020000,1529293079000,82.191,82.201,82.189,82.197,27120000,1
1529293080000,1529293139000,82.197,82.2,82.197,82.198,13500000,1
1529293140000,1529293199000,82.199,82.201,82.196,82.201,19240000,1
1529293200000,1529293259000,82.202,82.202,82.193,82.198,32240000,1
1529293260000,1529293319000,82.198,82.2,82.197,82.2,22370000,1
1529293320000,1529293379000,82.2,82.202,82.199,82.2,29140000,1
1529293380000,1529293439000,82.201,82.201,82.185,82.185,33790000,1
1529293440000,1529293499000,82.185,82.186,82.175,82.178,30380000,1
1529293500000,1529293559000,82.178,82.18,82.175,82.179,42110000,1
1529293560000,1529293619000,82.179,82.18,82.172,82.173,26370000,1
1529293620000,1529293679000,82.172,82.179,82.171,82.171,63050000,1
1529293680000,1529293739000,82.171,82.177,82.169,82.177,23300000,1
1529293740000,1529293799000,82.177,82.18,82.167,82.18,65580000,1
1529293800000,1529293859000,82.18,82.193,82.18,82.192,39150000,1
1529293860000,1529293919000,82.193,82.196,82.189,82.194,41030000,1
1529293920000,1529293979000,82.195,82.196,82.194,82.196,18240000,1
1529293980000,1529294039000,82.196,82.196,82.172,82.179,52360000,1
1529294040000,1529294099000,82.179,82.183,82.175,82.183,34230000,1
1529294100000,1529294159000,82.183,82.186,82.173,82.173,39680000,1
1529294160000,1529294219000,82.173,82.186,82.173,82.186,51890000,1
1529294220000,1529294279000,82.186,82.186,82.173,82.175,50370000,1
1529294280000,1529294339000,82.175,82.177,82.167,82.173,25920000,1
1529294340000,1529294399000,82.174,82.182,82.174,82.178,27920000,1
1529294400000,1529294459000,82.178,82.186,82.178,82.185,44390000,1
1529294460000,1529294519000,82.185,82.196,82.185,82.196,44900000,1
1529294520000,1529294579000,82.196,82.216,82.196,82.216,41810000,1
1529294580000,1529294639000,82.219,82.221,82.215,82.216,28070000,1
1529294640000,1529294699000,82.214,82.22,82.214,82.216,21570000,1
1529294700000,1529294759000,82.215,82.216,82.203,82.203,30990000,1
1529294760000,1529294819000,82.203,82.209,82.198,82.209,25240000,1
1529294820000,1529294879000,82.208,82.209,82.206,82.206,11500000,1
1529294880000,1529294939000,82.206,82.213,82.202,82.213,28510000,1
1529294940000,1529294999000,82.212,82.212,82.203,82.203,29950000,1
1529295000000,1529295059000,82.203,82.207,82.199,82.207,18820000,1
1529295060000,1529295119000,82.207,82.217,82.207,82.212,27070000,1
1529295120000,1529295179000,82.211,82.211,82.203,82.205,21610000,1
1529295180000,1529295239000,82.204,82.21,82.204,82.21,28660000,1
1529295240000,1529295299000,82.21,82.21,82.204,82.206,26870000,1
1529295300000,1529295359000,82.206,82.207,82.204,82.205,25060000,1
1529295360000,1529295419000,82.206,82.213,82.206,82.212,31040000,1
1529295420000,1529295479000,82.212,82.231,82.212,82.225,15690000,1
1529295480000,1529295539000,82.226,82.232,82.225,82.229,25930000,1
1529295540000,1529295599000,82.23,82.253,82.23,82.237,91000000,1
1529295600000,1529295659000,82.238,82.244,82.235,82.244,40070000,1
1529295660000,1529295719000,82.244,82.244,82.243,82.244,10640000,1
1529295720000,1529295779000,82.245,82.245,82.233,82.233,35080000,1
1529295780000,1529295839000,82.234,82.241,82.232,82.237,52360000,1
1529295840000,1529295899000,82.234,82.234,82.225,82.225,35170000,1
1529295900000,1529295959000,82.224,82.224,82.216,82.219,40230000,1
1529295960000,1529296019000,82.218,82.223,82.218,82.218,40350000,1
1529296020000,1529296079000,82.218,82.228,82.217,82.228,18140000,1
1529296080000,1529296139000,82.227,82.245,82.226,82.245,29530000,1
1529296140000,1529296199000,82.245,82.247,82.214,82.22,58570000,1
1529296200000,1529296259000,82.221,82.233,82.219,82.229,33380000,1
1529296260000,1529296319000,82.229,82.239,82.229,82.239,22670000,1
1529296320000,1529296379000,82.239,82.255,82.238,82.255,25680000,1
1529296380000,1529296439000,82.256,82.259,82.255,82.255,19130000,1
1529296440000,1529296499000,82.251,82.251,82.233,82.236,26500000,1
1529296500000,1529296559000,82.236,82.24,82.235,82.239,21130000,1
1529296560000,1529296619000,82.24,82.24,82.238,82.238,9000000,1
1529296620000,1529296679000,82.239,82.249,82.239,82.242,18440000,1
1529296680000,1529296739000,82.242,82.251,82.242,82.249,32510000,1
1529296740000,1529296799000,82.249,82.259,82.249,82.258,16690000,1
1529296800000,1529296859000,82.256,82.273,82.255,82.271,45190000,1
1529296860000,1529296919000,82.271,82.274,82.261,82.263,26940000,1
1529296920000,1529296979000,82.263,82.263,82.253,82.255,27660000,1
1529296980000,1529297039000,82.256,82.256,82.25,82.254,28970000,1
1529297040000,1529297099000,82.254,82.26,82.253,82.26,32550000,1
1529297100000,1529297159000,82.259,82.259,82.245,82.246,24110000,1
1529297160000,1529297219000,82.247,82.247,82.234,82.237,51340000,1
1529297220000,1529297279000,82.236,82.24,82.236,82.24,43970000,1
1529297280000,1529297339000,82.24,82.247,82.24,82.245,42710000,1
1529297340000,1529297399000,82.246,82.252,82.246,82.248,24390000,1
1529297400000,1529297459000,82.252,82.272,82.252,82.272,39780000,1
1529297460000,1529297519000,82.273,82.281,82.27,82.278,56830000,1
1529297520000,1529297579000,82.279,82.279,82.27,82.277,53050000,1
1529297580000,1529297639000,82.277,82.277,82.264,82.268,52210000,1
1529297640000,1529297699000,82.268,82.282,82.268,82.281,39690000,1
1529297700000,1529297759000,82.281,82.285,82.245,82.245,58830000,1
1529297760000,1529297819000,82.242,82.257,82.242,82.247,74080000,1
1529297820000,1529297879000,82.247,82.247,82.24,82.241,22120000,1
1529297880000,1529297939000,82.241,82.242,82.237,82.239,30320000,1
1529297940000,1529297999000,82.24,82.244,82.232,82.243,26120000,1
1529298000000,1529298059000,82.242,82.256,82.24,82.252,42510000,1
1529298060000,1529298119000,82.253,82.254,82.231,82.239,60430000,1
1529298120000,1529298179000,82.238,82.251,82.237,82.249,41460000,1
1529298180000,1529298239000,82.249,82.249,82.239,82.248,29650000,1
1529298240000,1529298299000,82.248,82.254,82.248,82.251,34510000,1
1529298300000,1529298359000,82.251,82.254,82.25,82.251,30590000,1
1529298360000,1529298419000,82.252,82.266,82.252,82.257,32200000,1
1529298420000,1529298479000,82.257,82.26,82.247,82.248,37780000,1
1529298480000,1529298539000,82.249,82.25,82.238,82.24,41840000,1
1529298540000,1529298599000,82.239,82.244,82.238,82.24,44430000,1
1529298600000,1529298659000,82.239,82.244,82.231,82.244,50360000,1
1529298660000,1529298719000,82.245,82.249,82.241,82.241,40510000,1
1529298720000,1529298779000,82.24,82.241,82.235,82.235,20130000,1
1529298780000,1529298839000,82.235,82.238,82.232,82.232,38420000,1
1529298840000,1529298899000,82.232,82.242,82.232,82.242,36720000,1
1529298900000,1529298959000,82.244,82.258,82.244,82.256,32330000,1
1529298960000,1529299019000,82.255,82.269,82.251,82.267,49110000,1
1529299020000,1529299079000,82.266,82.279,82.264,82.272,33680000,1
1529299080000,1529299139000,82.275,82.277,82.273,82.277,20440000,1
1529299140000,1529299199000,82.277,82.285,82.273,82.28,93080000,1
1529299200000,1529299259000,82.28,82.28,82.267,82.272,107860000,1
1529299260000,1529299319000,82.272,82.272,82.245,82.255,87690000,1
1529299320000,1529299379000,82.257,82.273,82.256,82.272,61690000,1
1529299380000,1529299439000,82.273,82.285,82.269,82.269,62850000,1
1529299440000,1529299499000,82.271,82.281,82.268,82.273,51280000,1
1529299500000,1529299559000,82.265,82.276,82.262,82.274,63410000,1
1529299560000,1529299619000,82.275,82.275,82.268,82.27,28230000,1
1529299620000,1529299679000,82.268,82.27,82.268,82.27,29810000,1
1529299680000,1529299739000,82.269,82.27,82.264,82.264,66120000,1
1529299740000,1529299799000,82.265,82.276,82.264,82.274,47760000,1
1529299800000,1529299859000,82.273,82.318,82.273,82.317,82170000,1
1529299860000,1529299919000,82.316,82.316,82.304,82.312,54170000,1
1529299920000,1529299979000,82.313,82.317,82.299,82.301,71270000,1
1529299980000,1529300039000,82.302,82.302,82.292,82.299,82990000,1
1529300040000,1529300099000,82.298,82.298,82.289,82.292,72760000,1
1529300100000,1529300159000,82.292,82.297,82.283,82.287,60190000,1
1529300160000,1529300219000,82.286,82.287,82.278,82.278,31640000,1
1529300220000,1529300279000,82.279,82.289,82.277,82.277,50610000,1
1529300280000,1529300339000,82.278,82.281,82.278,82.279,20260000,1
1529300340000,1529300399000,82.279,82.305,82.279,82.296,58920000,1
1529300400000,1529300459000,82.297,82.304,82.296,82.301,80400000,1
1529300460000,1529300519000,82.301,82.311,82.299,82.311,67140000,1
1529300520000,1529300579000,82.311,82.316,82.305,82.307,57400000,1
1529300580000,1529300639000,82.307,82.319,82.307,82.319,19230000,1
1529300640000,1529300699000,82.318,82.318,82.308,82.309,49160000,1
1529300700000,1529300759000,82.31,82.31,82.306,82.31,50910000,1
1529300760000,1529300819000,82.312,82.316,82.308,82.315,34010000,1
1529300820000,1529300879000,82.315,82.315,82.302,82.308,65310000,1
1529300880000,1529300939000,82.308,82.308,82.301,82.301,42530000,1
1529300940000,1529300999000,82.301,82.301,82.287,82.299,76900000,1
1529301000000,1529301059000,82.297,82.307,82.297,82.307,60350000,1
1529301060000,1529301119000,82.307,82.312,82.307,82.31,47780000,1
1529301120000,1529301179000,82.311,82.311,82.302,82.307,48980000,1
1529301180000,1529301239000,82.306,82.322,82.306,82.32,63510000,1
1529301240000,1529301299000,82.32,82.32,82.298,82.302,69640000,1
1529301300000,1529301359000,82.302,82.312,82.294,82.294,54210000,1
1529301360000,1529301419000,82.294,82.299,82.283,82.299,58330000,1
1529301420000,1529301479000,82.298,82.299,82.291,82.293,47180000,1
1529301480000,1529301539000,82.293,82.293,82.284,82.285,36030000,1
1529301540000,1529301599000,82.286,82.299,82.286,82.299,64000000,1
1529301600000,1529301659000,82.299,82.33,82.292,82.293,104780000,1
1529301660000,1529301719000,82.293,82.308,82.293,82.298,74430000,1
1529301720000,1529301779000,82.297,82.297,82.285,82.289,75360000,1
1529301780000,1529301839000,82.289,82.291,82.283,82.285,64710000,1
1529301840000,1529301899000,82.284,82.287,82.282,82.282,60960000,1
1529301900000,1529301959000,82.282,82.287,82.28,82.287,38720000,1
1529301960000,1529302019000,82.287,82.292,82.283,82.292,53430000,1
1529302020000,1529302079000,82.293,82.294,82.29,82.292,40920000,1
1529302080000,1529302139000,82.292,82.299,82.289,82.293,98360000,1
1529302140000,1529302199000,82.293,82.293,82.278,82.284,85660000,1
1529302200000,1529302259000,82.284,82.286,82.28,82.282,65540000,1
1529302260000,1529302319000,82.282,82.292,82.28,82.292,31080000,1
1529302320000,1529302379000,82.292,82.301,82.292,82.3,36670000,1
1529302380000,1529302439000,82.299,82.299,82.287,82.293,77860000,1
1529302440000,1529302499000,82.293,82.296,82.289,82.294,35950000,1
1529302500000,1529302559000,82.294,82.299,82.293,82.294,34590000,1
1529302560000,1529302619000,82.294,82.301,82.292,82.292,46140000,1
1529302620000,1529302679000,82.292,82.313,82.292,82.313,60310000,1
1529302680000,1529302739000,82.314,82.319,82.304,82.306,30940000,1
1529302740000,1529302799000,82.305,82.307,82.301,82.306,47290000,1
1529302800000,1529302859000,82.306,82.306,82.3,82.302,48020000,1
1529302860000,1529302919000,82.301,82.304,82.299,82.3,46970000,1
1529302920000,1529302979000,82.299,82.301,82.298,82.301,60010000,1
1529302980000,1529303039000,82.301,82.303,82.299,82.303,19760000,1
1529303040000,1529303099000,82.302,82.304,82.299,82.302,40870000,1
1529303100000,1529303159000,82.303,82.312,82.303,82.308,70830000,1
1529303160000,1529303219000,82.308,82.308,82.285,82.287,100840000,1
1529303220000,1529303279000,82.287,82.299,82.277,82.298,159520000,1
1529303280000,1529303339000,82.297,82.305,82.296,82.304,77470000,1
1529303340000,1529303399000,82.304,82.314,82.301,82.307,59410000,1
1529303400000,1529303459000,82.309,82.309,82.3,82.306,119000000,1
1529303460000,1529303519000,82.306,82.314,82.297,82.314,78210000,1
1529303520000,1529303579000,82.314,82.317,82.311,82.311,31730000,1
1529303580000,1529303639000,82.312,82.318,82.312,82.317,41620000,1
1529303640000,1529303699000,82.316,82.317,82.308,82.317,80850000,1
1529303700000,1529303759000,82.316,82.321,82.304,82.307,110690000,1
1529303760000,1529303819000,82.306,82.316,82.305,82.311,110470000,1
1529303820000,1529303879000,82.31,82.311,82.303,82.305,61630000,1
1529303880000,1529303939000,82.305,82.307,82.285,82.29,113000000,1
1529303940000,1529303999000,82.29,82.291,82.272,82.273,117170000,1
1529304000000,1529304059000,82.273,82.273,82.266,82.271,63620000,1
1529304060000,1529304119000,82.272,82.278,82.26,82.264,81490000,1
1529304120000,1529304179000,82.267,82.271,82.263,82.266,44130000,1
1529304180000,1529304239000,82.267,82.277,82.267,82.277,32320000,1
1529304240000,1529304299000,82.278,82.289,82.278,82.287,87880000,1
1529304300000,1529304359000,82.286,82.301,82.283,82.298,110510000,1
1529304360000,1529304419000,82.298,82.302,82.29,82.296,78440000,1
1529304420000,1529304479000,82.297,82.305,82.294,82.295,118020000,1
1529304480000,1529304539000,82.294,82.294,82.286,82.292,92020000,1
1529304540000,1529304599000,82.291,82.295,82.289,82.293,59500000,1
1529304600000,1529304659000,82.293,82.311,82.291,82.311,65530000,1
1529304660000,1529304719000,82.311,82.319,82.309,82.309,46630000,1
1529304720000,1529304779000,82.31,82.31,82.297,82.302,70630000,1
1529304780000,1529304839000,82.303,82.303,82.293,82.293,59360000,1
1529304840000,1529304899000,82.294,82.294,82.29,82.29,53650000,1
1529304900000,1529304959000,82.29,82.294,82.285,82.294,88600000,1
1529304960000,1529305019000,82.296,82.303,82.291,82.294,127510000,1
1529305020000,1529305079000,82.293,82.304,82.288,82.301,72470000,1
1529305080000,1529305139000,82.298,82.311,82.298,82.302,61440000,1
1529305140000,1529305199000,82.303,82.303,82.267,82.267,103920000,1
1529305200000,1529305259000,82.267,82.297,82.266,82.289,184280000,1
1529305260000,1529305319000,82.289,82.29,82.25,82.256,126660000,1
1529305320000,1529305379000,82.256,82.296,82.256,82.296,141270000,1
1529305380000,1529305439000,82.296,82.297,82.284,82.297,55100000,1
1529305440000,1529305499000,82.298,82.302,82.291,82.298,74450000,1
1529305500000,1529305559000,82.297,82.299,82.294,82.296,87860000,1
1529305560000,1529305619000,82.296,82.301,82.294,82.3,36740000,1
1529305620000,1529305679000,82.3,82.302,82.29,82.298,52340000,1
1529305680000,1529305739000,82.3,82.3,82.276,82.295,102250000,1
1529305740000,1529305799000,82.295,82.301,82.288,82.291,99920000,1
1529305800000,1529305859000,82.291,82.293,82.271,82.274,85880000,1
1529305860000,1529305919000,82.272,82.276,82.27,82.272,50720000,1
1529305920000,1529305979000,82.273,82.282,82.272,82.273,67650000,1
1529305980000,1529306039000,82.275,82.285,82.271,82.274,148530000,1
1529306040000,1529306099000,82.273,82.29,82.255,82.264,127160000,1
1529306100000,1529306159000,82.265,82.272,82.257,82.26,96830000,1
1529306160000,1529306219000,82.262,82.273,82.262,82.27,86790000,1
1529306220000,1529306279000,82.272,82.272,82.238,82.239,125190000,1
1529306280000,1529306339000,82.242,82.248,82.238,82.243,135100000,1
1529306340000,1529306399000,82.243,82.265,82.24,82.263,81680000,1
1529306400000,1529306459000,82.264,82.265,82.258,82.261,74290000,1
1529306460000,1529306519000,82.261,82.265,82.253,82.255,79660000,1
1529306520000,1529306579000,82.256,82.257,82.248,82.248,72570000,1
1529306580000,1529306639000,82.248,82.255,82.237,82.238,122830000,1
1529306640000,1529306699000,82.239,82.251,82.237,82.249,72870000,1
1529306700000,1529306759000,82.248,82.254,82.246,82.254,89330000,1
1529306760000,1529306819000,82.254,82.259,82.245,82.256,101800000,1
1529306820000,1529306879000,82.255,82.255,82.239,82.245,117640000,1
1529306880000,1529306939000,82.245,82.255,82.244,82.246,126180000,1
1529306940000,1529306999000,82.246,82.246,82.225,82.231,103460000,1
1529307000000,1529307059000,82.228,82.242,82.227,82.235,82660000,1
1529307060000,1529307119000,82.234,82.238,82.224,82.224,59840000,1
1529307120000,1529307179000,82.225,82.238,82.225,82.231,48270000,1
1529307180000,1529307239000,82.232,82.246,82.232,82.243,56810000,1
1529307240000,1529307299000,82.244,82.246,82.241,82.243,50430000,1
1529307300000,1529307359000,82.243,82.245,82.234,82.234,51800000,1
1529307360000,1529307419000,82.234,82.235,82.221,82.231,91630000,1
1529307420000,1529307479000,82.232,82.233,82.228,82.231,52870000,1
1529307480000,1529307539000,82.231,82.234,82.227,82.229,53690000,1
1529307540000,1529307599000,82.229,82.229,82.218,82.219,61230000,1
1529307600000,1529307659000,82.22,82.222,82.215,82.215,36700000,1
1529307660000,1529307719000,82.217,82.227,82.217,82.225,72030000,1
1529307720000,1529307779000,82.226,82.234,82.226,82.233,47940000,1
1529307780000,1529307839000,82.234,82.242,82.233,82.24,43800000,1
1529307840000,1529307899000,82.241,82.261,82.241,82.256,47430000,1
1529307900000,1529307959000,82.255,82.258,82.251,82.256,58070000,1
1529307960000,1529308019000,82.257,82.262,82.251,82.259,86010000,1
1529308020000,1529308079000,82.261,82.262,82.255,82.259,56450000,1
1529308080000,1529308139000,82.26,82.262,82.232,82.233,89530000,1
1529308140000,1529308199000,82.233,82.239,82.224,82.233,99910000,1
1529308200000,1529308259000,82.233,82.251,82.232,82.25,79010000,1
1529308260000,1529308319000,82.25,82.251,82.233,82.241,88140000,1
1529308320000,1529308379000,82.243,82.249,82.243,82.245,62220000,1
1529308380000,1529308439000,82.247,82.25,82.242,82.25,104410000,1
1529308440000,1529308499000,82.25,82.251,82.237,82.239,65700000,1
1529308500000,1529308559000,82.239,82.242,82.225,82.227,82270000,1
1529308560000,1529308619000,82.228,82.237,82.205,82.206,104370000,1
1529308620000,1529308679000,82.206,82.206,82.179,82.179,177780000,1
1529308680000,1529308739000,82.178,82.188,82.169,82.174,156220000,1
1529308740000,1529308799000,82.173,82.173,82.133,82.146,178660000,1
1529308800000,1529308859000,82.147,82.16,82.144,82.149,167590000,1
1529308860000,1529308919000,82.149,82.166,82.146,82.152,131950000,1
1529308920000,1529308979000,82.152,82.168,82.152,82.158,95030000,1
1529308980000,1529309039000,82.159,82.162,82.148,82.148,64500000,1
1529309040000,1529309099000,82.148,82.16,82.146,82.156,119820000,1
1529309100000,1529309159000,82.156,82.167,82.155,82.156,113820000,1
1529309160000,1529309219000,82.156,82.158,82.151,82.157,79610000,1
1529309220000,1529309279000,82.158,82.178,82.158,82.176,86740000,1
1529309280000,1529309339000,82.176,82.219,82.175,82.215,184500000,1
1529309340000,1529309399000,82.215,82.216,82.201,82.215,127320000,1
1529309400000,1529309459000,82.215,82.236,82.214,82.234,160830000,1
1529309460000,1529309519000,82.23,82.23,82.217,82.219,122060000,1
1529309520000,1529309579000,82.219,82.229,82.203,82.229,81940000,1
1529309580000,1529309639000,82.227,82.227,82.212,82.222,138710000,1
1529309640000,1529309699000,82.222,82.225,82.212,82.225,105690000,1
1529309700000,1529309759000,82.225,82.227,82.209,82.209,135930000,1
1529309760000,1529309819000,82.209,82.214,82.207,82.209,154760000,1
1529309820000,1529309879000,82.21,82.214,82.203,82.203,107970000,1
1529309880000,1529309939000,82.202,82.216,82.202,82.208,106310000,1
1529309940000,1529309999000,82.206,82.214,82.202,82.203,58630000,1
1529310000000,1529310059000,82.203,82.223,82.203,82.223,55200000,1
1529310060000,1529310119000,82.226,82.226,82.214,82.215,72380000,1
1529310120000,1529310179000,82.216,82.219,82.208,82.21,53080000,1
1529310180000,1529310239000,82.21,82.227,82.209,82.227,95430000,1
1529310240000,1529310299000,82.229,82.233,82.224,82.233,72050000,1
1529310300000,1529310359000,82.232,82.251,82.23,82.247,82630000,1
1529310360000,1529310419000,82.246,82.257,82.243,82.243,54870000,1
1529310420000,1529310479000,82.243,82.244,82.238,82.239,58000000,1
1529310480000,1529310539000,82.24,82.241,82.234,82.235,45800000,1
1529310540000,1529310599000,82.235,82.24,82.227,82.232,81960000,1
1529310600000,1529310659000,82.233,82.242,82.229,82.237,109790000,1
1529310660000,1529310719000,82.237,82.239,82.235,82.235,71600000,1
1529310720000,1529310779000,82.236,82.246,82.232,82.238,70090000,1
1529310780000,1529310839000,82.238,82.238,82.232,82.237,62290000,1
1529310840000,1529310899000,82.238,82.238,82.228,82.236,135530000,1
1529310900000,1529310959000,82.236,82.243,82.236,82.239,68550000,1
1529310960000,1529311019000,82.239,82.259,82.239,82.254,101900000,1
1529311020000,1529311079000,82.256,82.281,82.256,82.281,57170000,1
1529311080000,1529311139000,82.281,82.29,82.279,82.29,58600000,1
1529311140000,1529311199000,82.29,82.297,82.283,82.289,85270000,1
1529311200000,1529311259000,82.288,82.313,82.286,82.313,85160000,1
1529311260000,1529311319000,82.311,82.333,82.306,82.331,143770000,1
1529311320000,1529311379000,82.331,82.36,82.328,82.351,126470000,1
1529311380000,1529311439000,82.351,82.379,82.347,82.377,135810000,1
1529311440000,1529311499000,82.376,82.397,82.365,82.393,177560000,1
1529311500000,1529311559000,82.392,82.392,82.382,82.382,72310000,1
1529311560000,1529311619000,82.382,82.39,82.373,82.377,108220000,1
1529311620000,1529311679000,82.376,82.377,82.37,82.374,80420000,1
1529311680000,1529311739000,82.375,82.379,82.356,82.362,73660000,1
1529311740000,1529311799000,82.36,82.362,82.35,82.352,75190000,1
1529311800000,1529311859000,82.352,82.366,82.35,82.354,131370000,1
1529311860000,1529311919000,82.355,82.358,82.346,82.349,110710000,1
1529311920000,1529311979000,82.351,82.351,82.339,82.339,124400000,1
1529311980000,1529312039000,82.342,82.343,82.34,82.342,93640000,1
1529312040000,1529312099000,82.341,82.346,82.329,82.329,127690000,1
1529312100000,1529312159000,82.328,82.33,82.318,82.33,52820000,1
1529312160000,1529312219000,82.329,82.329,82.316,82.327,132550000,1
1529312220000,1529312279000,82.327,82.341,82.323,82.341,110810000,1
1529312280000,1529312339000,82.343,82.347,82.32,82.336,131820000,1
1529312340000,1529312399000,82.335,82.346,82.332,82.346,91850000,1
1529312400000,1529312459000,82.347,82.351,82.347,82.351,50490000,1
1529312460000,1529312519000,82.351,82.351,82.313,82.328,169670000,1
1529312520000,1529312579000,82.328,82.367,82.328,82.357,129790000,1
1529312580000,1529312639000,82.358,82.36,82.342,82.349,58260000,1
1529312640000,1529312699000,82.346,82.36,82.346,82.352,130420000,1
1529312700000,1529312759000,82.351,82.352,82.347,82.347,23810000,1
1529312760000,1529312819000,82.347,82.348,82.332,82.333,108830000,1
1529312820000,1529312879000,82.331,82.335,82.327,82.332,45620000,1
1529312880000,1529312939000,82.331,82.339,82.323,82.333,84920000,1
1529312940000,1529312999000,82.332,82.337,82.33,82.33,132980000,1
1529313000000,1529313059000,82.328,82.342,82.32,82.341,76570000,1
1529313060000,1529313119000,82.34,82.347,82.335,82.347,111400000,1
1529313120000,1529313179000,82.347,82.363,82.345,82.355,111840000,1
1529313180000,1529313239000,82.356,82.356,82.339,82.339,140920000,1
1529313240000,1529313299000,82.339,82.352,82.339,82.343,66670000,1
1529313300000,1529313359000,82.343,82.344,82.325,82.325,94630000,1
1529313360000,1529313419000,82.324,82.327,82.314,82.315,54750000,1
1529313420000,1529313479000,82.315,82.323,82.312,82.322,48750000,1
1529313480000,1529313539000,82.321,82.332,82.319,82.331,112030000,1
1529313540000,1529313599000,82.331,82.345,82.331,82.34,48560000,1
1529313600000,1529313659000,82.339,82.353,82.339,82.341,115910000,1
1529313660000,1529313719000,82.341,82.349,82.329,82.331,104880000,1
1529313720000,1529313779000,82.332,82.347,82.325,82.34,141210000,1
1529313780000,1529313839000,82.341,82.341,82.329,82.329,83180000,1
1529313840000,1529313899000,82.33,82.337,82.325,82.332,145120000,1
1529313900000,1529313959000,82.33,82.338,82.323,82.338,70710000,1
1529313960000,1529314019000,82.338,82.36,82.338,82.344,132110000,1
1529314020000,1529314079000,82.346,82.353,82.341,82.353,122320000,1
1529314080000,1529314139000,82.354,82.367,82.354,82.367,62670000,1
1529314140000,1529314199000,82.367,82.367,82.361,82.362,57360000,1
1529314200000,1529314259000,82.362,82.363,82.339,82.348,89080000,1
1529314260000,1529314319000,82.349,82.349,82.342,82.346,115230000,1
1529314320000,1529314379000,82.344,82.346,82.335,82.34,90450000,1
1529314380000,1529314439000,82.341,82.343,82.327,82.327,123040000,1
1529314440000,1529314499000,82.327,82.339,82.326,82.334,125870000,1
1529314500000,1529314559000,82.334,82.347,82.332,82.339,86690000,1
1529314560000,1529314619000,82.338,82.344,82.338,82.343,48440000,1
1529314620000,1529314679000,82.344,82.344,82.326,82.335,110410000,1
1529314680000,1529314739000,82.337,82.344,82.329,82.331,80310000,1
1529314740000,1529314799000,82.331,82.337,82.322,82.337,68320000,1
1529314800000,1529314859000,82.336,82.34,82.329,82.329,74820000,1
1529314860000,1529314919000,82.329,82.329,82.309,82.318,100150000,1
1529314920000,1529314979000,82.317,82.318,82.304,82.308,84760000,1
1529314980000,1529315039000,82.308,82.323,82.307,82.309,108740000,1
1529315040000,1529315099000,82.309,82.313,82.304,82.313,69390000,1
1529315100000,1529315159000,82.313,82.315,82.311,82.314,52350000,1
1529315160000,1529315219000,82.312,82.312,82.302,82.305,65680000,1
1529315220000,1529315279000,82.306,82.316,82.306,82.308,76050000,1
1529315280000,1529315339000,82.308,82.331,82.307,82.326,97920000,1
1529315340000,1529315399000,82.326,82.328,82.318,82.327,113430000,1
1529315400000,1529315459000,82.328,82.329,82.316,82.319,65470000,1
1529315460000,1529315519000,82.319,82.319,82.311,82.311,48530000,1
1529315520000,1529315579000,82.311,82.312,82.306,82.308,93460000,1
1529315580000,1529315639000,82.307,82.314,82.307,82.314,61330000,1
1529315640000,1529315699000,82.315,82.322,82.315,82.319,53390000,1
1529315700000,1529315759000,82.319,82.339,82.318,82.339,84870000,1
1529315760000,1529315819000,82.339,82.339,82.326,82.328,99650000,1
1529315820000,1529315879000,82.326,82.332,82.321,82.327,128770000,1
1529315880000,1529315939000,82.327,82.327,82.305,82.317,124560000,1
1529315940000,1529315999000,82.317,82.317,82.302,82.302,130880000,1
1529316000000,1529316059000,82.302,82.305,82.302,82.302,75810000,1
1529316060000,1529316119000,82.302,82.303,82.291,82.295,120820000,1
1529316120000,1529316179000,82.295,82.328,82.295,82.328,75170000,1
1529316180000,1529316239000,82.33,82.334,82.321,82.33,83030000,1
1529316240000,1529316299000,82.331,82.342,82.331,82.34,79120000,1
1529316300000,1529316359000,82.341,82.351,82.341,82.349,78180000,1
1529316360000,1529316419000,82.349,82.35,82.345,82.346,42620000,1
1529316420000,1529316479000,82.345,82.354,82.341,82.347,90990000,1
1529316480000,1529316539000,82.346,82.354,82.337,82.339,78570000,1
1529316540000,1529316599000,82.34,82.34,82.33,82.332,49990000,1
1529316600000,1529316659000,82.332,82.335,82.316,82.325,64860000,1
1529316660000,1529316719000,82.325,82.33,82.321,82.326,85510000,1
1529316720000,1529316779000,82.326,82.329,82.325,82.326,46080000,1
1529316780000,1529316839000,82.325,82.327,82.304,82.305,114850000,1
1529316840000,1529316899000,82.305,82.31,82.305,82.307,69810000,1
1529316900000,1529316959000,82.307,82.316,82.296,82.297,137310000,1
1529316960000,1529317019000,82.298,82.302,82.289,82.292,136020000,1
1529317020000,1529317079000,82.292,82.297,82.285,82.29,108160000,1
1529317080000,1529317139000,82.29,82.301,82.288,82.3,124040000,1
1529317140000,1529317199000,82.3,82.305,82.3,82.302,90820000,1
1529317200000,1529317259000,82.301,82.304,82.297,82.303,72680000,1
1529317260000,1529317319000,82.303,82.314,82.303,82.314,32070000,1
1529317320000,1529317379000,82.312,82.326,82.31,82.326,41610000,1
1529317380000,1529317439000,82.327,82.34,82.326,82.331,102800000,1
1529317440000,1529317499000,82.33,82.333,82.312,82.319,62830000,1
1529317500000,1529317559000,82.32,82.332,82.319,82.324,107800000,1
1529317560000,1529317619000,82.323,82.334,82.321,82.331,105120000,1
1529317620000,1529317679000,82.33,82.334,82.324,82.327,98040000,1
1529317680000,1529317739000,82.326,82.326,82.304,82.312,97700000,1
1529317740000,1529317799000,82.315,82.34,82.313,82.338,78390000,1
1529317800000,1529317859000,82.338,82.347,82.333,82.333,91880000,1
1529317860000,1529317919000,82.335,82.335,82.322,82.324,96850000,1
1529317920000,1529317979000,82.323,82.325,82.319,82.321,43200000,1
1529317980000,1529318039000,82.32,82.32,82.31,82.315,116210000,1
1529318040000,1529318099000,82.316,82.317,82.303,82.303,104840000,1
1529318100000,1529318159000,82.303,82.305,82.299,82.299,55120000,1
1529318160000,1529318219000,82.299,82.309,82.29,82.293,115690000,1
1529318220000,1529318279000,82.294,82.295,82.289,82.289,74240000,1
1529318280000,1529318339000,82.29,82.313,82.29,82.302,139260000,1
1529318340000,1529318399000,82.303,82.307,82.296,82.304,76230000,1
1529318400000,1529318459000,82.304,82.307,82.302,82.302,62290000,1
1529318460000,1529318519000,82.301,82.302,82.29,82.297,127800000,1
1529318520000,1529318579000,82.298,82.303,82.298,82.3,42600000,1
1529318580000,1529318639000,82.3,82.302,82.291,82.297,53850000,1
1529318640000,1529318699000,82.295,82.303,82.293,82.303,60800000,1
1529318700000,1529318759000,82.303,82.304,82.296,82.297,56990000,1
1529318760000,1529318819000,82.297,82.301,82.287,82.287,115110000,1
1529318820000,1529318879000,82.287,82.292,82.273,82.278,94700000,1
1529318880000,1529318939000,82.279,82.283,82.271,82.277,85080000,1
1529318940000,1529318999000,82.277,82.285,82.273,82.284,88050000,1
1529319000000,1529319059000,82.283,82.283,82.268,82.273,94930000,1
1529319060000,1529319119000,82.273,82.274,82.255,82.259,81950000,1
1529319120000,1529319179000,82.259,82.286,82.259,82.284,71580000,1
1529319180000,1529319239000,82.284,82.296,82.283,82.295,85570000,1
1529319240000,1529319299000,82.295,82.299,82.293,82.293,89070000,1
1529319300000,1529319359000,82.294,82.307,82.294,82.304,85330000,1
1529319360000,1529319419000,82.303,82.311,82.298,82.309,92940000,1
1529319420000,1529319479000,82.308,82.313,82.306,82.308,88720000,1
1529319480000,1529319539000,82.308,82.308,82.298,82.298,76220000,1
1529319540000,1529319599000,82.299,82.301,82.276,82.281,77990000,1
1529319600000,1529319659000,82.28,82.285,82.272,82.283,135120000,1
1529319660000,1529319719000,82.282,82.302,82.282,82.298,131650000,1
1529319720000,1529319779000,82.299,82.3,82.283,82.286,92420000,1
1529319780000,1529319839000,82.286,82.288,82.276,82.284,109150000,1
1529319840000,1529319899000,82.285,82.29,82.279,82.285,68030000,1
1529319900000,1529319959000,82.286,82.3,82.284,82.293,90680000,1
1529319960000,1529320019000,82.294,82.306,82.294,82.296,68280000,1
1529320020000,1529320079000,82.296,82.297,82.287,82.292,65620000,1
1529320080000,1529320139000,82.293,82.299,82.293,82.294,58310000,1
1529320140000,1529320199000,82.292,82.292,82.262,82.263,118440000,1
1529320200000,1529320259000,82.263,82.275,82.258,82.258,153520000,1
1529320260000,1529320319000,82.259,82.266,82.25,82.25,131730000,1
1529320320000,1529320379000,82.25,82.251,82.245,82.248,75830000,1
1529320380000,1529320439000,82.248,82.249,82.244,82.246,83470000,1
1529320440000,1529320499000,82.245,82.257,82.24,82.257,110330000,1
1529320500000,1529320559000,82.257,82.258,82.242,82.244,142850000,1
1529320560000,1529320619000,82.245,82.254,82.241,82.254,141840000,1
1529320620000,1529320679000,82.254,82.272,82.25,82.271,152090000,1
1529320680000,1529320739000,82.27,82.272,82.25,82.251,93350000,1
1529320740000,1529320799000,82.252,82.257,82.248,82.252,81930000,1
1529320800000,1529320859000,82.253,82.253,82.222,82.226,109320000,1
1529320860000,1529320919000,82.23,82.252,82.226,82.247,80620000,1
1529320920000,1529320979000,82.248,82.252,82.231,82.231,51000000,1
1529320980000,1529321039000,82.228,82.23,82.226,82.229,54420000,1
1529321040000,1529321099000,82.229,82.235,82.229,82.234,63790000,1
1529321100000,1529321159000,82.234,82.235,82.228,82.228,40510000,1
1529321160000,1529321219000,82.228,82.228,82.224,82.224,27750000,1
1529321220000,1529321279000,82.225,82.231,82.224,82.227,67760000,1
1529321280000,1529321339000,82.227,82.228,82.225,82.227,33690000,1
1529321340000,1529321399000,82.228,82.229,82.224,82.229,51590000,1
1529321400000,1529321459000,82.231,82.231,82.218,82.218,96430000,1
1529321460000,1529321519000,82.218,82.226,82.217,82.224,80010000,1
1529321520000,1529321579000,82.222,82.232,82.214,82.228,78630000,1
1529321580000,1529321639000,82.227,82.231,82.22,82.221,73000000,1
1529321640000,1529321699000,82.22,82.227,82.219,82.225,109520000,1
1529321700000,1529321759000,82.227,82.228,82.224,82.225,87620000,1
1529321760000,1529321819000,82.225,82.23,82.221,82.227,84020000,1
1529321820000,1529321879000,82.226,82.236,82.224,82.227,87180000,1
1529321880000,1529321939000,82.227,82.232,82.221,82.224,46680000,1
1529321940000,1529321999000,82.225,82.229,82.224,82.227,50850000,1
1529322000000,1529322059000,82.226,82.226,82.219,82.22,49710000,1
1529322060000,1529322119000,82.22,82.22,82.212,82.217,49760000,1
1529322120000,1529322179000,82.217,82.217,82.202,82.202,67190000,1
1529322180000,1529322239000,82.203,82.207,82.201,82.201,58200000,1
1529322240000,1529322299000,82.2,82.217,82.198,82.215,70360000,1
1529322300000,1529322359000,82.216,82.217,82.21,82.21,65760000,1
1529322360000,1529322419000,82.21,82.219,82.207,82.207,91130000,1
1529322420000,1529322479000,82.205,82.212,82.201,82.212,59480000,1
1529322480000,1529322539000,82.211,82.213,82.206,82.206,66890000,1
1529322540000,1529322599000,82.206,82.206,82.202,82.205,63620000,1
1529322600000,1529322659000,82.206,82.21,82.204,82.21,62480000,1
1529322660000,1529322719000,82.211,82.219,82.209,82.218,53810000,1
1529322720000,1529322779000,82.219,82.225,82.212,82.219,90950000,1
1529322780000,1529322839000,82.22,82.22,82.19,82.197,131870000,1
1529322840000,1529322899000,82.197,82.219,82.195,82.21,111070000,1
1529322900000,1529322959000,82.209,82.245,82.209,82.238,100470000,1
1529322960000,1529323019000,82.238,82.238,82.231,82.235,54710000,1
1529323020000,1529323079000,82.235,82.236,82.225,82.227,79790000,1
1529323080000,1529323139000,82.226,82.226,82.209,82.211,85920000,1
1529323140000,1529323199000,82.214,82.217,82.204,82.21,59530000,1
1529323200000,1529323259000,82.21,82.225,82.209,82.224,102480000,1
1529323260000,1529323319000,82.225,82.241,82.22,82.221,133290000,1
1529323320000,1529323379000,82.221,82.228,82.216,82.216,111300000,1
1529323380000,1529323439000,82.216,82.218,82.203,82.207,81600000,1
1529323440000,1529323499000,82.209,82.21,82.191,82.199,115530000,1
1529323500000,1529323559000,82.2,82.205,82.192,82.195,68950000,1
1529323560000,1529323619000,82.192,82.195,82.18,82.19,157450000,1
1529323620000,1529323679000,82.189,82.194,82.177,82.178,98240000,1
1529323680000,1529323739000,82.177,82.181,82.177,82.178,26190000,1
1529323740000,1529323799000,82.178,82.182,82.159,82.159,146550000,1
1529323800000,1529323859000,82.162,82.167,82.155,82.167,95500000,1
1529323860000,1529323919000,82.168,82.168,82.159,82.161,64320000,1
1529323920000,1529323979000,82.161,82.162,82.151,82.151,41650000,1
1529323980000,1529324039000,82.151,82.156,82.144,82.156,75330000,1
1529324040000,1529324099000,82.156,82.16,82.153,82.16,38420000,1
1529324100000,1529324159000,82.16,82.174,82.16,82.169,81250000,1
1529324160000,1529324219000,82.169,82.169,82.148,82.149,209280000,1
1529324220000,1529324279000,82.149,82.159,82.146,82.158,70360000,1
1529324280000,1529324339000,82.159,82.159,82.147,82.15,41870000,1
1529324340000,1529324399000,82.149,82.172,82.141,82.172,97630000,1
1529324400000,1529324459000,82.174,82.177,82.161,82.162,126210000,1
1529324460000,1529324519000,82.161,82.168,82.15,82.166,60170000,1
1529324520000,1529324579000,82.166,82.185,82.165,82.18,92190000,1
1529324580000,1529324639000,82.18,82.186,82.177,82.18,75890000,1
1529324640000,1529324699000,82.18,82.192,82.175,82.192,103620000,1
1529324700000,1529324759000,82.192,82.202,82.192,82.199,104180000,1
1529324760000,1529324819000,82.199,82.208,82.196,82.196,68590000,1
1529324820000,1529324879000,82.195,82.199,82.188,82.189,72540000,1
1529324880000,1529324939000,82.189,82.224,82.188,82.219,102560000,1
1529324940000,1529324999000,82.218,82.222,82.214,82.221,43980000,1
1529325000000,1529325059000,82.222,82.225,82.216,82.223,93860000,1
1529325060000,1529325119000,82.222,82.229,82.217,82.219,71790000,1
1529325120000,1529325179000,82.218,82.229,82.218,82.226,52840000,1
1529325180000,1529325239000,82.227,82.229,82.218,82.222,71360000,1
1529325240000,1529325299000,82.223,82.229,82.216,82.228,57960000,1
1529325300000,1529325359000,82.234,82.238,82.209,82.215,83660000,1
1529325360000,1529325419000,82.215,82.218,82.206,82.208,60860000,1
1529325420000,1529325479000,82.207,82.21,82.203,82.209,44410000,1
1529325480000,1529325539000,82.207,82.219,82.204,82.216,77370000,1
1529325540000,1529325599000,82.216,82.223,82.212,82.221,125950000,1
1529325600000,1529325659000,82.222,82.241,82.219,82.238,127540000,1
1529325660000,1529325719000,82.237,82.251,82.236,82.248,152050000,1
1529325720000,1529325779000,82.247,82.258,82.247,82.258,99110000,1
1529325780000,1529325839000,82.259,82.259,82.241,82.243,134310000,1
1529325840000,1529325899000,82.244,82.252,82.238,82.238,128270000,1
1529325900000,1529325959000,82.237,82.238,82.227,82.238,79240000,1
1529325960000,1529326019000,82.238,82.244,82.237,82.244,60840000,1
1529326020000,1529326079000,82.245,82.248,82.241,82.243,54700000,1
1529326080000,1529326139000,82.243,82.247,82.233,82.247,44840000,1
1529326140000,1529326199000,82.246,82.247,82.212,82.212,89760000,1
1529326200000,1529326259000,82.213,82.219,82.213,82.219,59410000,1
1529326260000,1529326319000,82.219,82.219,82.214,82.214,42310000,1
1529326320000,1529326379000,82.214,82.214,82.194,82.194,69010000,1
1529326380000,1529326439000,82.194,82.199,82.18,82.18,59230000,1
1529326440000,1529326499000,82.178,82.186,82.174,82.185,58960000,1
1529326500000,1529326559000,82.183,82.186,82.176,82.179,63370000,1
1529326560000,1529326619000,82.179,82.179,82.167,82.179,92890000,1
1529326620000,1529326679000,82.179,82.179,82.16,82.166,97610000,1
1529326680000,1529326739000,82.167,82.172,82.16,82.161,108870000,1
1529326740000,1529326799000,82.161,82.181,82.161,82.181,135800000,1
1529326800000,1529326859000,82.181,82.208,82.181,82.185,104460000,1
1529326860000,1529326919000,82.186,82.188,82.168,82.18,109110000,1
1529326920000,1529326979000,82.181,82.181,82.165,82.175,148050000,1
1529326980000,1529327039000,82.175,82.182,82.172,82.181,77620000,1
1529327040000,1529327099000,82.184,82.186,82.171,82.171,56730000,1
1529327100000,1529327159000,82.172,82.172,82.153,82.156,117640000,1
1529327160000,1529327219000,82.157,82.168,82.154,82.168,113900000,1
1529327220000,1529327279000,82.167,82.167,82.131,82.132,84310000,1
1529327280000,1529327339000,82.132,82.142,82.131,82.131,118170000,1
1529327340000,1529327399000,82.131,82.158,82.131,82.158,100740000,1
1529327400000,1529327459000,82.159,82.173,82.153,82.167,62720000,1
1529327460000,1529327519000,82.167,82.167,82.157,82.157,76300000,1
1529327520000,1529327579000,82.157,82.16,82.15,82.15,66530000,1
1529327580000,1529327639000,82.15,82.15,82.146,82.146,63990000,1
1529327640000,1529327699000,82.144,82.158,82.144,82.153,75260000,1
1529327700000,1529327759000,82.152,82.153,82.134,82.136,74370000,1
1529327760000,1529327819000,82.136,82.136,82.123,82.134,109160000,1
1529327820000,1529327879000,82.134,82.155,82.134,82.155,91230000,1
1529327880000,1529327939000,82.154,82.159,82.148,82.158,125000000,1
1529327940000,1529327999000,82.159,82.165,82.155,82.156,63310000,1
1529328000000,1529328059000,82.154,82.156,82.14,82.152,120290000,1
1529328060000,1529328119000,82.152,82.161,82.152,82.157,115470000,1
1529328120000,1529328179000,82.158,82.164,82.157,82.16,51860000,1
1529328180000,1529328239000,82.16,82.16,82.151,82.152,67210000,1
1529328240000,1529328299000,82.151,82.159,82.148,82.156,98080000,1
1529328300000,1529328359000,82.156,82.162,82.155,82.158,64960000,1
1529328360000,1529328419000,82.158,82.171,82.158,82.169,87670000,1
1529328420000,1529328479000,82.17,82.185,82.17,82.175,72460000,1
1529328480000,1529328539000,82.174,82.174,82.167,82.167,85990000,1
1529328540000,1529328599000,82.167,82.174,82.153,82.157,90230000,1
1529328600000,1529328659000,82.158,82.158,82.134,82.143,168400000,1
1529328660000,1529328719000,82.144,82.148,82.12,82.12,143040000,1
1529328720000,1529328779000,82.123,82.128,82.103,82.126,195030000,1
1529328780000,1529328839000,82.125,82.125,82.107,82.121,153670000,1
1529328840000,1529328899000,82.121,82.125,82.111,82.112,167060000,1
1529328900000,1529328959000,82.11,82.112,82.099,82.102,114210000,1
1529328960000,1529329019000,82.101,82.121,82.096,82.118,190820000,1
1529329020000,1529329079000,82.121,82.143,82.115,82.141,203650000,1
1529329080000,1529329139000,82.141,82.141,82.13,82.135,164310000,1
1529329140000,1529329199000,82.137,82.148,82.131,82.147,137740000,1
1529329200000,1529329259000,82.145,82.146,82.127,82.129,134950000,1
1529329260000,1529329319000,82.13,82.142,82.13,82.138,87910000,1
1529329320000,1529329379000,82.14,82.162,82.14,82.159,103930000,1
1529329380000,1529329439000,82.159,82.17,82.154,82.17,162370000,1
1529329440000,1529329499000,82.17,82.18,82.17,82.175,112760000,1
1529329500000,1529329559000,82.177,82.179,82.171,82.171,105410000,1
1529329560000,1529329619000,82.171,82.171,82.149,82.149,113930000,1
1529329620000,1529329679000,82.149,82.167,82.142,82.165,115830000,1
1529329680000,1529329739000,82.166,82.177,82.165,82.17,154400000,1
1529329740000,1529329799000,82.17,82.173,82.166,82.171,117660000,1
1529329800000,1529329859000,82.172,82.175,82.168,82.171,62650000,1
1529329860000,1529329919000,82.172,82.187,82.172,82.185,102130000,1
1529329920000,1529329979000,82.186,82.206,82.186,82.195,87180000,1
1529329980000,1529330039000,82.194,82.196,82.185,82.185,74290000,1
1529330040000,1529330099000,82.186,82.191,82.181,82.191,78050000,1
1529330100000,1529330159000,82.193,82.197,82.151,82.151,207550000,1
1529330160000,1529330219000,82.151,82.161,82.145,82.161,156410000,1
1529330220000,1529330279000,82.16,82.163,82.142,82.142,83230000,1
1529330280000,1529330339000,82.142,82.145,82.135,82.14,104940000,1
1529330340000,1529330399000,82.14,82.148,82.127,82.132,133650000,1
1529330400000,1529330459000,82.13,82.136,82.112,82.112,172950000,1
1529330460000,1529330519000,82.112,82.115,82.104,82.112,99440000,1
1529330520000,1529330579000,82.113,82.124,82.107,82.122,118100000,1
1529330580000,1529330639000,82.122,82.124,82.111,82.118,89030000,1
1529330640000,1529330699000,82.12,82.128,82.108,82.108,104760000,1
1529330700000,1529330759000,82.107,82.11,82.095,82.105,116250000,1
1529330760000,1529330819000,82.103,82.111,82.099,82.111,104600000,1
1529330820000,1529330879000,82.11,82.117,82.109,82.112,94030000,1
1529330880000,1529330939000,82.109,82.109,82.081,82.088,155390000,1
1529330940000,1529330999000,82.091,82.092,82.067,82.072,126150000,1
1529331000000,1529331059000,82.071,82.073,82.053,82.063,135700000,1
1529331060000,1529331119000,82.063,82.067,82.035,82.041,106910000,1
1529331120000,1529331179000,82.043,82.067,82.037,82.064,79250000,1
1529331180000,1529331239000,82.064,82.07,82.041,82.042,108460000,1
1529331240000,1529331299000,82.043,82.061,82.036,82.052,80610000,1
1529331300000,1529331359000,82.052,82.055,82.039,82.042,106970000,1
1529331360000,1529331419000,82.044,82.06,82.033,82.05,75890000,1
1529331420000,1529331479000,82.049,82.053,82.027,82.029,148530000,1
1529331480000,1529331539000,82.03,82.058,82.03,82.058,69540000,1
1529331540000,1529331599000,82.058,82.062,82.052,82.052,85780000,1
1529331600000,1529331659000,82.052,82.088,82.052,82.079,172140000,1
1529331660000,1529331719000,82.079,82.083,82.062,82.065,102940000,1
1529331720000,1529331779000,82.064,82.068,82.059,82.066,130110000,1
1529331780000,1529331839000,82.065,82.079,82.064,82.079,107770000,1
1529331840000,1529331899000,82.079,82.082,82.072,82.072,62290000,1
1529331900000,1529331959000,82.073,82.073,82.062,82.07,64310000,1
1529331960000,1529332019000,82.071,82.084,82.071,82.077,92270000,1
1529332020000,1529332079000,82.079,82.083,82.063,82.07,128180000,1
1529332080000,1529332139000,82.07,82.072,82.059,82.065,137170000,1
1529332140000,1529332199000,82.065,82.071,82.056,82.058,121860000,1
1529332200000,1529332259000,82.059,82.066,82.032,82.032,152680000,1
1529332260000,1529332319000,82.031,82.038,82.027,82.034,102710000,1
1529332320000,1529332379000,82.034,82.053,82.032,82.038,145200000,1
1529332380000,1529332439000,82.038,82.04,82.028,82.04,116830000,1
1529332440000,1529332499000,82.04,82.049,82.04,82.048,94010000,1
1529332500000,1529332559000,82.05,82.081,82.048,82.08,122830000,1
1529332560000,1529332619000,82.081,82.105,82.081,82.088,88200000,1
1529332620000,1529332679000,82.087,82.088,82.074,82.077,106030000,1
1529332680000,1529332739000,82.077,82.079,82.067,82.067,87150000,1
1529332740000,1529332799000,82.067,82.093,82.067,82.093,103450000,1
1529332800000,1529332859000,82.093,82.101,82.09,82.091,86400000,1
1529332860000,1529332919000,82.091,82.11,82.09,82.107,71880000,1
1529332920000,1529332979000,82.108,82.113,82.098,82.098,95340000,1
1529332980000,1529333039000,82.098,82.107,82.093,82.097,96930000,1
1529333040000,1529333099000,82.099,82.127,82.095,82.127,63680000,1
1529333100000,1529333159000,82.127,82.127,82.109,82.117,53880000,1
1529333160000,1529333219000,82.116,82.123,82.1,82.115,84900000,1
1529333220000,1529333279000,82.115,82.127,82.114,82.118,126170000,1
1529333280000,1529333339000,82.118,82.118,82.091,82.096,125890000,1
1529333340000,1529333399000,82.096,82.107,82.09,82.091,95540000,1
1529333400000,1529333459000,82.093,82.098,82.068,82.071,120600000,1
1529333460000,1529333519000,82.071,82.076,82.065,82.073,55660000,1
1529333520000,1529333579000,82.072,82.081,82.069,82.072,66450000,1
1529333580000,1529333639000,82.072,82.072,82.046,82.055,87580000,1
1529333640000,1529333699000,82.053,82.058,82.045,82.045,84440000,1
1529333700000,1529333759000,82.045,82.057,82.029,82.039,137730000,1
1529333760000,1529333819000,82.038,82.044,82.024,82.044,54760000,1
1529333820000,1529333879000,82.045,82.046,82.016,82.018,99990000,1
1529333880000,1529333939000,82.016,82.016,81.998,82.005,167870000,1
1529333940000,1529333999000,82.003,82.004,81.992,81.995,156930000,1
1529334000000,1529334059000,81.999,81.999,81.985,81.991,171090000,1
1529334060000,1529334119000,81.992,82.016,81.986,82.016,180100000,1
1529334120000,1529334179000,82.013,82.029,82.009,82.026,128150000,1
1529334180000,1529334239000,82.028,82.028,82.009,82.012,94980000,1
1529334240000,1529334299000,82.014,82.026,82.014,82.017,118740000,1
1529334300000,1529334359000,82.018,82.027,82.015,82.024,96350000,1
1529334360000,1529334419000,82.024,82.026,82.015,82.025,82050000,1
1529334420000,1529334479000,82.024,82.031,82.019,82.031,103900000,1
1529334480000,1529334539000,82.03,82.049,82.025,82.042,118790000,1
1529334540000,1529334599000,82.041,82.052,82.041,82.048,99900000,1
1529334600000,1529334659000,82.048,82.065,82.048,82.062,78780000,1
1529334660000,1529334719000,82.061,82.067,82.057,82.063,70090000,1
1529334720000,1529334779000,82.062,82.063,82.052,82.052,68090000,1
1529334780000,1529334839000,82.051,82.058,82.051,82.052,54400000,1
1529334840000,1529334899000,82.05,82.064,82.046,82.056,77510000,1
1529334900000,1529334959000,82.055,82.063,82.05,82.063,73140000,1
1529334960000,1529335019000,82.063,82.063,82.057,82.059,47370000,1
1529335020000,1529335079000,82.059,82.063,82.05,82.063,62450000,1
1529335080000,1529335139000,82.059,82.072,82.052,82.063,93710000,1
1529335140000,1529335199000,82.062,82.071,82.049,82.049,78530000,1
1529335200000,1529335259000,82.048,82.055,82.04,82.043,75970000,1
1529335260000,1529335319000,82.042,82.043,82.036,82.036,47730000,1
1529335320000,1529335379000,82.037,82.056,82.037,82.05,79490000,1
1529335380000,1529335439000,82.051,82.052,82.044,82.046,49050000,1
1529335440000,1529335499000,82.045,82.045,82.017,82.018,77250000,1
1529335500000,1529335559000,82.017,82.018,82.009,82.012,89160000,1
1529335560000,1529335619000,82.011,82.011,81.996,82.006,114490000,1
1529335620000,1529335679000,82.006,82.013,81.984,81.988,83900000,1
1529335680000,1529335739000,81.989,82.008,81.989,82.0,102210000,1
1529335740000,1529335799000,82.0,82.0,81.986,81.989,122010000,1
1529335800000,1529335859000,81.991,81.999,81.986,81.992,122270000,1
1529335860000,1529335919000,81.992,82.001,81.989,81.991,97360000,1
1529335920000,1529335979000,81.992,81.993,81.981,81.991,92130000,1
1529335980000,1529336039000,81.994,81.994,81.977,81.982,104870000,1
1529336040000,1529336099000,81.981,81.986,81.965,81.969,114100000,1
1529336100000,1529336159000,81.968,81.972,81.959,81.959,110350000,1
1529336160000,1529336219000,81.96,81.96,81.939,81.941,89110000,1
1529336220000,1529336279000,81.942,81.961,81.942,81.948,113060000,1
1529336280000,1529336339000,81.949,81.962,81.947,81.949,50800000,1
1529336340000,1529336399000,81.95,81.965,81.95,81.964,45560000,1
1529336400000,1529336459000,81.961,81.966,81.94,81.944,117050000,1
1529336460000,1529336519000,81.943,81.947,81.926,81.926,87400000,1
1529336520000,1529336579000,81.928,81.933,81.925,81.925,109560000,1
1529336580000,1529336639000,81.927,81.932,81.924,81.931,96580000,1
1529336640000,1529336699000,81.93,81.932,81.922,81.931,73290000,1
1529336700000,1529336759000,81.931,81.94,81.928,81.939,93470000,1
1529336760000,1529336819000,81.939,81.945,81.939,81.945,40940000,1
1529336820000,1529336879000,81.945,81.955,81.945,81.95,75540000,1
1529336880000,1529336939000,81.951,81.961,81.948,81.959,65820000,1
1529336940000,1529336999000,81.959,81.96,81.953,81.957,60060000,1
1529337000000,1529337059000,81.957,81.966,81.957,81.96,57510000,1
1529337060000,1529337119000,81.96,81.963,81.96,81.963,50850000,1
1529337120000,1529337179000,81.963,81.966,81.957,81.962,85870000,1
1529337180000,1529337239000,81.962,81.962,81.955,81.956,68520000,1
1529337240000,1529337299000,81.956,81.958,81.946,81.949,109340000,1
1529337300000,1529337359000,81.949,81.952,81.938,81.942,77940000,1
1529337360000,1529337419000,81.942,81.942,81.933,81.938,74180000,1
1529337420000,1529337479000,81.936,81.942,81.93,81.93,94510000,1
1529337480000,1529337539000,81.93,81.93,81.92,81.922,91460000,1
1529337540000,1529337599000,81.924,81.926,81.919,81.926,79570000,1
1529337600000,1529337659000,81.925,81.932,81.925,81.93,41730000,1
1529337660000,1529337719000,81.929,81.935,81.922,81.922,105000000,1
1529337720000,1529337779000,81.923,81.923,81.905,81.913,90850000,1
1529337780000,1529337839000,81.912,81.919,81.896,81.906,88480000,1
1529337840000,1529337899000,81.906,81.918,81.902,81.916,32070000,1
1529337900000,1529337959000,81.916,81.925,81.916,81.917,132670000,1
1529337960000,1529338019000,81.917,81.92,81.913,81.915,83320000,1
1529338020000,1529338079000,81.914,81.923,81.914,81.921,107660000,1
1529338080000,1529338139000,81.92,81.923,81.92,81.92,32340000,1
1529338140000,1529338199000,81.921,81.936,81.921,81.933,41360000,1
1529338200000,1529338259000,81.931,81.931,81.919,81.92,37740000,1
1529338260000,1529338319000,81.92,81.93,81.92,81.924,46560000,1
1529338320000,1529338379000,81.925,81.929,81.924,81.924,36420000,1
1529338380000,1529338439000,81.924,81.93,81.914,81.914,63590000,1
1529338440000,1529338499000,81.913,81.917,81.903,81.906,71860000,1
1529338500000,1529338559000,81.906,81.916,81.904,81.904,79990000,1
1529338560000,1529338619000,81.904,81.917,81.904,81.915,44260000,1
1529338620000,1529338679000,81.914,81.916,81.911,81.911,37430000,1
1529338680000,1529338739000,81.911,81.911,81.906,81.907,36420000,1
1529338740000,1529338799000,81.907,81.909,81.907,81.909,33810000,1
1529338800000,1529338859000,81.909,81.914,81.909,81.911,36490000,1
1529338860000,1529338919000,81.911,81.92,81.907,81.918,57100000,1
1529338920000,1529338979000,81.918,81.928,81.918,81.927,67990000,1
1529338980000,1529339039000,81.927,81.93,81.924,81.927,76360000,1
1529339040000,1529339099000,81.927,81.928,81.921,81.928,53310000,1
1529339100000,1529339159000,81.928,81.929,81.915,81.916,66250000,1
1529339160000,1529339219000,81.917,81.92,81.911,81.912,83540000,1
1529339220000,1529339279000,81.912,81.915,81.909,81.909,76710000,1
1529339280000,1529339339000,81.91,81.923,81.91,81.918,63150000,1
1529339340000,1529339399000,81.919,81.921,81.911,81.912,82360000,1
1529339400000,1529339459000,81.912,81.918,81.909,81.916,114490000,1
1529339460000,1529339519000,81.916,81.925,81.914,81.925,65940000,1
1529339520000,1529339579000,81.925,81.927,81.914,81.915,64450000,1
1529339580000,1529339639000,81.915,81.915,81.913,81.913,38190000,1
1529339640000,1529339699000,81.912,81.919,81.912,81.918,27050000,1
1529339700000,1529339759000,81.918,81.919,81.91,81.915,45800000,1
1529339760000,1529339819000,81.915,81.918,81.907,81.912,97450000,1
1529339820000,1529339879000,81.912,81.912,81.896,81.904,66810000,1
1529339880000,1529339939000,81.903,81.909,81.894,81.895,66250000,1
1529339940000,1529339999000,81.896,81.9,81.893,81.894,46720000,1
1529340000000,1529340059000,81.895,81.897,81.89,81.896,44700000,1
1529340060000,1529340119000,81.897,81.91,81.896,81.907,33620000,1
1529340120000,1529340179000,81.908,81.915,81.908,81.91,29690000,1
1529340180000,1529340239000,81.909,81.924,81.909,81.922,40630000,1
1529340240000,1529340299000,81.921,81.922,81.917,81.921,59170000,1
1529340300000,1529340359000,81.921,81.922,81.92,81.92,22510000,1
1529340360000,1529340419000,81.92,81.921,81.916,81.916,35870000,1
1529340420000,1529340479000,81.916,81.916,81.899,81.908,54800000,1
1529340480000,1529340539000,81.908,81.913,81.898,81.898,49490000,1
1529340540000,1529340599000,81.897,81.897,81.891,81.892,58060000,1
1529340600000,1529340659000,81.895,81.9,81.892,81.899,67520000,1
1529340660000,1529340719000,81.9,81.901,81.892,81.896,43420000,1
1529340720000,1529340779000,81.896,81.902,81.895,81.9,38560000,1
1529340780000,1529340839000,81.899,81.901,81.894,81.899,34610000,1
1529340840000,1529340899000,81.9,81.901,81.897,81.899,25480000,1
1529340900000,1529340959000,81.899,81.905,81.899,81.904,48080000,1
1529340960000,1529341019000,81.904,81.913,81.904,81.913,27120000,1
1529341020000,1529341079000,81.913,81.917,81.91,81.917,61600000,1
1529341080000,1529341139000,81.918,81.92,81.914,81.92,86020000,1
1529341140000,1529341199000,81.92,81.927,81.918,81.925,73210000,1
1529341200000,1529341259000,81.926,81.937,81.92,81.935,46710000,1
1529341260000,1529341319000,81.935,81.936,81.927,81.933,52220000,1
1529341320000,1529341379000,81.933,81.936,81.933,81.934,30060000,1
1529341380000,1529341439000,81.934,81.941,81.93,81.93,34740000,1
1529341440000,1529341499000,81.93,81.932,81.929,81.931,40260000,1
1529341500000,1529341559000,81.93,81.93,81.921,81.921,68880000,1
1529341560000,1529341619000,81.921,81.922,81.918,81.918,57660000,1
1529341620000,1529341679000,81.918,81.922,81.918,81.922,31990000,1
1529341680000,1529341739000,81.922,81.934,81.921,81.933,59880000,1
1529341740000,1529341799000,81.933,81.935,81.933,81.933,18750000,1
1529341800000,1529341859000,81.933,81.934,81.92,81.92,48880000,1
1529341860000,1529341919000,81.92,81.938,81.92,81.938,58610000,1
1529341920000,1529341979000,81.938,81.943,81.936,81.943,25690000,1
1529341980000,1529342039000,81.944,81.944,81.942,81.943,30060000,1
1529342040000,1529342099000,81.943,81.955,81.942,81.942,56870000,1
1529342100000,1529342159000,81.942,81.956,81.942,81.956,49240000,1
1529342160000,1529342219000,81.955,81.958,81.952,81.954,37120000,1
1529342220000,1529342279000,81.952,81.963,81.952,81.961,40410000,1
1529342280000,1529342339000,81.961,81.974,81.961,81.97,46920000,1
1529342340000,1529342399000,81.97,81.974,81.965,81.973,47560000,1
1529342400000,1529342459000,81.973,81.976,81.971,81.972,79430000,1
1529342460000,1529342519000,81.974,81.978,81.972,81.977,49120000,1
1529342520000,1529342579000,81.977,81.988,81.976,81.987,30530000,1
1529342580000,1529342639000,81.988,81.988,81.98,81.982,53310000,1
1529342640000,1529342699000,81.984,81.996,81.97,81.977,87440000,1
1529342700000,1529342759000,81.977,81.977,81.964,81.968,55480000,1
1529342760000,1529342819000,81.967,81.974,81.966,81.97,65360000,1
1529342820000,1529342879000,81.969,81.984,81.968,81.983,57780000,1
1529342880000,1529342939000,81.983,81.986,81.983,81.985,32550000,1
1529342940000,1529342999000,81.986,81.999,81.985,81.989,77600000,1
1529343000000,1529343059000,81.989,81.992,81.98,81.984,58760000,1
1529343060000,1529343119000,81.984,81.984,81.976,81.977,40540000,1
1529343120000,1529343179000,81.978,81.997,81.977,81.996,47820000,1
1529343180000,1529343239000,81.998,82.001,81.986,81.991,81150000,1
1529343240000,1529343299000,81.99,81.995,81.986,81.991,74360000,1
1529343300000,1529343359000,81.991,81.991,81.978,81.984,63990000,1
1529343360000,1529343419000,81.984,81.991,81.984,81.989,47500000,1
1529343420000,1529343479000,81.99,81.999,81.989,81.994,47730000,1
1529343480000,1529343539000,81.993,81.993,81.974,81.974,62490000,1
1529343540000,1529343599000,81.973,81.983,81.972,81.979,47080000,1
1529343600000,1529343659000,81.98,81.984,81.976,81.976,42990000,1
1529343660000,1529343719000,81.976,81.99,81.976,81.99,64430000,1
1529343720000,1529343779000,81.99,81.991,81.984,81.989,75060000,1
1529343780000,1529343839000,81.989,81.991,81.986,81.987,42640000,1
1529343840000,1529343899000,81.987,82.003,81.986,82.002,44520000,1
1529343900000,1529343959000,82.001,82.001,81.991,81.993,78430000,1
1529343960000,1529344019000,81.993,81.995,81.992,81.995,56650000,1
1529344020000,1529344079000,81.995,81.996,81.99,81.993,53990000,1
1529344080000,1529344139000,81.993,82.0,81.993,81.995,64710000,1
1529344140000,1529344199000,81.994,82.0,81.99,81.998,111180000,1
1529344200000,1529344259000,81.997,82.003,81.995,81.996,76270000,1
1529344260000,1529344319000,82.0,82.003,81.996,82.0,82560000,1
1529344320000,1529344379000,82.003,82.003,81.986,81.986,74990000,1
1529344380000,1529344439000,81.987,81.987,81.973,81.978,67180000,1
1529344440000,1529344499000,81.979,81.994,81.976,81.994,52960000,1
1529344500000,1529344559000,81.994,82.004,81.992,82.004,48480000,1
1529344560000,1529344619000,82.002,82.008,82.001,82.006,45000000,1
1529344620000,1529344679000,82.005,82.023,82.003,82.009,99870000,1
1529344680000,1529344739000,82.008,82.041,82.008,82.037,115630000,1
1529344740000,1529344799000,82.04,82.044,82.036,82.041,69260000,1
1529344800000,1529344859000,82.042,82.042,82.034,82.037,57530000,1
1529344860000,1529344919000,82.039,82.04,82.027,82.029,52240000,1
1529344920000,1529344979000,82.027,82.027,82.011,82.016,78910000,1
1529344980000,1529345039000,82.017,82.018,82.006,82.01,66910000,1
1529345040000,1529345099000,82.007,82.01,81.999,81.999,38170000,1
1529345100000,1529345159000,82.0,82.0,81.989,81.998,50030000,1
1529345160000,1529345219000,81.998,81.999,81.985,81.991,59250000,1
1529345220000,1529345279000,81.992,81.997,81.991,81.997,54220000,1
1529345280000,1529345339000,81.997,82.002,81.996,81.997,24620000,1
1529345340000,1529345399000,81.998,82.009,81.997,82.007,34500000,1
1529345400000,1529345459000,82.007,82.008,81.998,82.006,45880000,1
1529345460000,1529345519000,82.006,82.01,81.996,81.997,38920000,1
1529345520000,1529345579000,81.997,82.002,81.996,82.0,23110000,1
1529345580000,1529345639000,82.0,82.011,81.991,81.993,44930000,1
1529345640000,1529345699000,81.993,81.995,81.988,81.995,27940000,1
1529345700000,1529345759000,81.994,81.997,81.99,81.996,27540000,1
1529345760000,1529345819000,81.996,82.001,81.996,81.998,26100000,1
1529345820000,1529345879000,81.997,81.997,81.992,81.993,54450000,1
1529345880000,1529345939000,81.992,82.002,81.989,82.002,53350000,1
1529345940000,1529345999000,82.002,82.006,82.0,82.005,72630000,1
1529346000000,1529346059000,82.005,82.005,81.997,81.998,35900000,1
1529346060000,1529346119000,81.998,82.0,81.996,82.0,40390000,1
1529346120000,1529346179000,82.0,82.001,81.994,81.994,75470000,1
1529346180000,1529346239000,81.995,82.001,81.995,81.999,58350000,1
1529346240000,1529346299000,81.999,82.005,81.999,82.005,43920000,1
1529346300000,1529346359000,82.005,82.007,82.004,82.004,56520000,1
1529346360000,1529346419000,82.004,82.005,82.0,82.003,83140000,1
1529346420000,1529346479000,82.003,82.009,82.002,82.004,60110000,1
1529346480000,1529346539000,82.006,82.006,81.999,82.001,38020000,1
1529346540000,1529346599000,82.003,82.003,81.999,82.0,40620000,1
1529346600000,1529346659000,82.0,82.003,81.998,81.999,64290000,1
1529346660000,1529346719000,81.999,82.006,81.999,81.999,39690000,1
1529346720000,1529346779000,82.0,82.002,81.999,82.002,33880000,1
1529346780000,1529346839000,82.003,82.003,81.986,81.987,50690000,1
1529346840000,1529346899000,81.987,81.994,81.983,81.989,63950000,1
1529346900000,1529346959000,81.99,81.992,81.99,81.992,14000000,1
1529346960000,1529347019000,81.991,81.991,81.981,81.985,39000000,1
1529347020000,1529347079000,81.984,81.987,81.984,81.986,37380000,1
1529347080000,1529347139000,81.986,81.987,81.986,81.986,23140000,1
1529347140000,1529347199000,81.989,81.999,81.989,81.998,11100000,1
1529347200000,1529347259000,81.998,82.002,81.998,82.002,11430000,1
1529347260000,1529347319000,82.003,82.013,82.002,82.013,34970000,1
1529347320000,1529347379000,82.011,82.015,82.002,82.003,31670000,1
1529347380000,1529347439000,82.003,82.004,81.999,82.001,32590000,1
1529347440000,1529347499000,82.0,82.003,81.997,82.003,35830000,1
1529347500000,1529347559000,82.003,82.003,81.992,81.993,52800000,1
1529347560000,1529347619000,81.994,81.995,81.993,81.993,18610000,1
1529347620000,1529347679000,81.993,81.997,81.993,81.995,15360000,1
1529347680000,1529347739000,81.995,81.995,81.984,81.984,28330000,1
1529347740000,1529347799000,81.984,81.984,81.98,81.983,41530000,1
1529347800000,1529347859000,81.983,81.983,81.975,81.978,24730000,1
1529347860000,1529347919000,81.979,81.983,81.979,81.982,35290000,1
1529347920000,1529347979000,81.984,81.987,81.979,81.979,50950000,1
1529347980000,1529348039000,81.979,81.979,81.966,81.966,46700000,1
1529348040000,1529348099000,81.967,81.969,81.96,81.966,39970000,1
1529348100000,1529348159000,81.965,81.977,81.96,81.967,127040000,1
1529348160000,1529348219000,81.966,81.968,81.964,81.964,33970000,1
1529348220000,1529348279000,81.963,81.966,81.959,81.963,66600000,1
1529348280000,1529348339000,81.964,81.964,81.95,81.952,83480000,1
1529348340000,1529348399000,81.953,81.971,81.944,81.949,94360000,1
1529348400000,1529348459000,81.95,81.958,81.941,81.956,66100000,1
1529348460000,1529348519000,81.955,81.956,81.954,81.955,27240000,1
1529348520000,1529348579000,81.956,81.957,81.952,81.952,27330000,1
1529348580000,1529348639000,81.952,81.958,81.951,81.957,26430000,1
1529348640000,1529348699000,81.958,81.963,81.957,81.962,49380000,1
1529348700000,1529348759000,81.96,81.964,81.96,81.964,17400000,1
1529348760000,1529348819000,81.964,81.966,81.956,81.964,36030000,1
1529348820000,1529348879000,81.963,81.964,81.963,81.964,8430000,1
1529348880000,1529348939000,81.964,81.974,81.964,81.973,23240000,1
1529348940000,1529348999000,81.969,81.974,81.967,81.974,21730000,1
1529349000000,1529349059000,81.974,81.987,81.974,81.987,31330000,1
1529349060000,1529349119000,81.986,81.989,81.983,81.989,31850000,1
1529349120000,1529349179000,81.989,82.006,81.989,82.003,44920000,1
1529349180000,1529349239000,82.004,82.004,81.999,82.002,46080000,1
1529349240000,1529349299000,82.002,82.005,82.0,82.0,30390000,1
1529349300000,1529349359000,82.0,82.002,82.0,82.0,16820000,1
1529349360000,1529349419000,82.0,82.002,82.0,82.002,41140000,1
1529349420000,1529349479000,82.002,82.003,82.002,82.002,5440000,1
1529349480000,1529349539000,82.002,82.017,82.002,82.014,31920000,1
1529349540000,1529349599000,82.014,82.016,82.005,82.007,70970000,1
1529349600000,1529349659000,82.011,82.012,82.006,82.011,50210000,1
1529349660000,1529349719000,82.012,82.028,82.012,82.027,78150000,1
1529349720000,1529349779000,82.027,82.032,82.019,82.02,57530000,1
1529349780000,1529349839000,82.018,82.028,82.015,82.027,82570000,1
1529349840000,1529349899000,82.028,82.041,82.028,82.034,62290000,1
1529349900000,1529349959000,82.034,82.045,82.034,82.043,37280000,1
1529349960000,1529350019000,82.042,82.043,82.034,82.034,25130000,1
1529350020000,1529350079000,82.035,82.039,82.031,82.032,31670000,1
1529350080000,1529350139000,82.032,82.032,82.026,82.026,28430000,1
1529350140000,1529350199000,82.026,82.028,82.024,82.026,46060000,1
1529350200000,1529350259000,82.025,82.025,82.013,82.017,94000000,1
1529350260000,1529350319000,82.019,82.02,82.016,82.016,58630000,1
1529350320000,1529350379000,82.018,82.018,82.011,82.012,47870000,1
1529350380000,1529350439000,82.013,82.019,82.009,82.011,81080000,1
1529350440000,1529350499000,82.011,82.016,82.011,82.016,11930000,1
1529350500000,1529350559000,82.015,82.016,82.014,82.014,32180000,1
1529350560000,1529350619000,82.013,82.018,82.013,82.016,51440000,1
1529350620000,1529350679000,82.015,82.025,82.009,82.021,109480000,1
1529350680000,1529350739000,82.021,82.028,82.019,82.023,84320000,1
1529350740000,1529350799000,82.022,82.022,82.014,82.02,72200000,1
1529350800000,1529350859000,82.02,82.021,82.019,82.021,44730000,1
1529350860000,1529350919000,82.02,82.02,82.011,82.015,78620000,1
1529350920000,1529350979000,82.014,82.014,82.004,82.014,46200000,1
1529350980000,1529351039000,82.014,82.015,82.009,82.009,41370000,1
1529351040000,1529351099000,82.009,82.015,82.008,82.013,26870000,1
1529351100000,1529351159000,82.013,82.015,82.008,82.014,71760000,1
1529351160000,1529351219000,82.013,82.02,82.013,82.014,67020000,1
1529351220000,1529351279000,82.014,82.019,82.013,82.014,97560000,1
1529351280000,1529351339000,82.014,82.027,82.013,82.027,88290000,1
1529351340000,1529351399000,82.029,82.029,82.027,82.029,54040000,1
1529351400000,1529351459000,82.029,82.03,82.021,82.022,84480000,1
1529351460000,1529351519000,82.021,82.027,82.02,82.023,46310000,1
1529351520000,1529351579000,82.023,82.03,82.021,82.026,51440000,1
1529351580000,1529351639000,82.026,82.031,82.026,82.03,38830000,1
1529351640000,1529351699000,82.03,82.037,82.028,82.028,72300000,1
1529351700000,1529351759000,82.028,82.031,82.027,82.027,41660000,1
1529351760000,1529351819000,82.027,82.042,82.027,82.04,49390000,1
1529351820000,1529351879000,82.04,82.04,82.039,82.039,22920000,1
1529351880000,1529351939000,82.039,82.044,82.038,82.044,64620000,1
1529351940000,1529351999000,82.045,82.051,82.035,82.036,87680000,1
1529352000000,1529352059000,82.036,82.036,82.028,82.035,82920000,1
1529352060000,1529352119000,82.035,82.04,82.034,82.035,61940000,1
1529352120000,1529352179000,82.035,82.035,82.026,82.027,87120000,1
1529352180000,1529352239000,82.027,82.043,82.027,82.038,81900000,1
1529352240000,1529352299000,82.039,82.039,82.032,82.037,51050000,1
1529352300000,1529352359000,82.036,82.037,82.034,82.034,45430000,1
1529352360000,1529352419000,82.033,82.039,82.033,82.038,69420000,1
1529352420000,1529352479000,82.039,82.039,82.034,82.038,29720000,1
1529352480000,1529352539000,82.038,82.038,82.038,82.038,13490000,1
1529352540000,1529352599000,82.037,82.038,82.028,82.031,34860000,1
1529352600000,1529352659000,82.031,82.031,82.03,82.031,10670000,1
1529352660000,1529352719000,82.034,82.034,82.032,82.032,25150000,1
1529352720000,1529352779000,82.033,82.034,82.029,82.029,33880000,1
1529352780000,1529352839000,82.033,82.043,82.033,82.041,28780000,1
1529352840000,1529352899000,82.041,82.041,82.035,82.04,24200000,1
1529352900000,1529352959000,82.04,82.04,82.034,82.034,21330000,1
1529352960000,1529353019000,82.034,82.04,82.034,82.037,17600000,1
1529353020000,1529353079000,82.038,82.038,82.035,82.036,8500000,1
1529353080000,1529353139000,82.035,82.039,82.035,82.037,18240000,1
1529353140000,1529353199000,82.037,82.04,82.036,82.039,14620000,1
1529353200000,1529353259000,82.04,82.043,82.033,82.043,13670000,1
1529353260000,1529353319000,82.044,82.048,82.042,82.042,51490000,1
1529353320000,1529353379000,82.042,82.042,82.037,82.037,18420000,1
1529353380000,1529353439000,82.037,82.039,82.037,82.038,37090000,1
1529353440000,1529353499000,82.038,82.038,82.038,82.038,23210000,1
1529353500000,1529353559000,82.037,82.04,82.037,82.04,28410000,1
1529353560000,1529353619000,82.04,82.04,82.037,82.037,22790000,1
1529353620000,1529353679000,82.037,82.037,82.027,82.028,61320000,1
1529353680000,1529353739000,82.031,82.032,82.028,82.028,17230000,1
1529353740000,1529353799000,82.029,82.029,82.015,82.015,109260000,1
1529353800000,1529353859000,82.015,82.026,82.013,82.026,29710000,1
1529353860000,1529353919000,82.026,82.026,82.017,82.02,29590000,1
1529353920000,1529353979000,82.02,82.029,82.02,82.022,26850000,1
1529353980000,1529354039000,82.022,82.022,82.022,82.022,11920000,1
1529354040000,1529354099000,82.022,82.035,82.022,82.03,54960000,1
1529354100000,1529354159000,82.03,82.038,82.03,82.035,39250000,1
1529354160000,1529354219000,82.034,82.052,82.034,82.047,40940000,1
1529354220000,1529354279000,82.046,82.057,82.046,82.054,33440000,1
1529354280000,1529354339000,82.056,82.058,82.051,82.058,50900000,1
1529354340000,1529354399000,82.058,82.058,82.054,82.057,42300000,1
1529354400000,1529354459000,82.057,82.058,82.048,82.058,37600000,1
1529354460000,1529354519000,82.058,82.058,82.056,82.057,18100000,1
1529354520000,1529354579000,82.056,82.061,82.056,82.058,22710000,1
1529354580000,1529354639000,82.057,82.058,82.056,82.057,21040000,1
1529354640000,1529354699000,82.057,82.058,82.053,82.058,43010000,1
1529354700000,1529354759000,82.058,82.058,82.047,82.051,51100000,1
1529354760000,1529354819000,82.052,82.059,82.052,82.055,51480000,1
1529354820000,1529354879000,82.055,82.056,82.053,82.053,28890000,1
1529354880000,1529354939000,82.053,82.053,82.053,82.053,14590000,1
1529354940000,1529354999000,82.053,82.056,82.053,82.054,29030000,1
1529355000000,1529355059000,82.055,82.055,82.044,82.048,63640000,1
1529355060000,1529355119000,82.048,82.053,82.048,82.053,63580000,1
1529355120000,1529355179000,82.052,82.058,82.05,82.056,26490000,1
1529355180000,1529355239000,82.055,82.064,82.055,82.062,54430000,1
1529355240000,1529355299000,82.062,82.067,82.06,82.063,55950000,1
1529355300000,1529355359000,82.063,82.067,82.063,82.066,14260000,1
1529355360000,1529355419000,82.066,82.069,82.066,82.068,18250000,1
1529355420000,1529355479000,82.068,82.068,82.064,82.064,20000000,1
1529355480000,1529355539000,82.062,82.064,82.057,82.063,43000000,1
1529355540000,1529355599000,82.063,82.074,82.054,82.055,59500000,1
1529355600000,1529355659000,82.045,82.053,82.038,82.038,4870000,1
1529355660000,1529355719000,82.038,82.04,82.033,82.033,6750000,1
1529355720000,1529355779000,82.032,82.048,82.032,82.045,7500000,1
1529355780000,1529355839000,82.046,82.046,82.034,82.043,12750000,1
1529355840000,1529355899000,82.043,82.073,82.043,82.045,218750000,1
1529355900000,1529355959000,82.045,82.064,82.035,82.057,139000000,1
1529355960000,1529356019000,82.054,82.057,82.05,82.053,129500000,1
1529356020000,1529356079000,82.054,82.055,82.05,82.051,87000000,1
1529356080000,1529356139000,82.052,82.057,82.051,82.053,74500000,1
1529356140000,1529356199000,82.054,82.059,82.051,82.052,72500000,1
1529356200000,1529356259000,82.052,82.068,82.051,82.066,48000000,1
1529356260000,1529356319000,82.07,82.07,82.064,82.065,26000000,1
1529356320000,1529356379000,82.064,82.069,82.063,82.065,19370000,1
1529356380000,1529356439000,82.068,82.068,82.062,82.065,41350000,1
1529356440000,1529356499000,82.064,82.065,82.063,82.065,8000000,1
1529356500000,1529356559000,82.063,82.07,82.06,82.068,130430000,1
1529356560000,1529356619000,82.064,82.072,82.05,82.055,254220000,1
1529356620000,1529356679000,82.053,82.06,82.05,82.053,96220000,1
1529356680000,1529356739000,82.049,82.061,82.048,82.057,93580000,1
1529356740000,1529356799000,82.055,82.059,82.047,82.055,96570000,1
1529356800000,1529356859000,82.059,82.063,82.049,82.052,80100000,1
1529356860000,1529356919000,82.054,82.057,82.049,82.054,51980000,1
1529356920000,1529356979000,82.054,82.067,82.051,82.064,88430000,1
1529356980000,1529357039000,82.064,82.067,82.059,82.059,49500000,1
1529357040000,1529357099000,82.06,82.062,82.06,82.062,16570000,1
1529357100000,1529357159000,82.062,82.073,82.062,82.073,46720000,1
1529357160000,1529357219000,82.073,82.08,82.072,82.072,147270000,1
1529357220000,1529357279000,82.073,82.079,82.072,82.079,145980000,1
1529357280000,1529357339000,82.079,82.08,82.069,82.075,194800000,1
1529357340000,1529357399000,82.075,82.081,82.067,82.075,119950000,1
1529357400000,1529357459000,82.075,82.079,82.07,82.075,167250000,1
1529357460000,1529357519000,82.071,82.079,82.067,82.068,188810000,1
1529357520000,1529357579000,82.071,82.075,82.067,82.072,198740000,1
1529357580000,1529357639000,82.072,82.074,82.068,82.073,223540000,1
1529357640000,1529357699000,82.073,82.076,82.068,82.075,211100000,1
1529357700000,1529357759000,82.073,82.076,82.071,82.074,119970000,1
1529357760000,1529357819000,82.075,82.076,82.072,82.074,90350000,1
1529357820000,1529357879000,82.072,82.073,82.071,82.073,56740000,1
1529357880000,1529357939000,82.073,82.074,82.071,82.072,65350000,1
1529357940000,1529357999000,82.072,82.075,82.063,82.063,59580000,1
1529358000000,1529358059000,82.063,82.068,82.063,82.066,28130000,1
1529358060000,1529358119000,82.066,82.068,82.065,82.065,80920000,1
1529358120000,1529358179000,82.066,82.069,82.065,82.067,90290000,1
1529358180000,1529358239000,82.067,82.067,82.061,82.062,47720000,1
1529358240000,1529358299000,82.062,82.065,82.061,82.062,51020000,1
1529358300000,1529358359000,82.063,82.063,82.059,82.061,45650000,1
1529358360000,1529358419000,82.061,82.062,82.06,82.061,36320000,1
1529358420000,1529358479000,82.061,82.061,82.058,82.059,130130000,1
1529358480000,1529358539000,82.059,82.062,82.059,82.062,37980000,1
1529358540000,1529358599000,82.062,82.064,82.061,82.062,176080000,1
1529358600000,1529358659000,82.062,82.062,82.06,82.061,181530000,1
1529358660000,1529358719000,82.061,82.063,82.059,82.063,62950000,1
1529358720000,1529358779000,82.062,82.062,82.061,82.061,61830000,1
1529358780000,1529358839000,82.061,82.069,82.06,82.067,55490000,1
1529358840000,1529358899000,82.067,82.067,82.049,82.055,97950000,1
1529358900000,1529358959000,82.055,82.067,82.054,82.062,52220000,1
1529358960000,1529359019000,82.062,82.067,82.059,82.06,96310000,1
1529359020000,1529359079000,82.063,82.063,82.054,82.057,184910000,1
1529359080000,1529359139000,82.056,82.063,82.052,82.057,248400000,1
1529359140000,1529359199000,82.057,82.064,82.049,82.049,99970000,1
1529359200000,1529359259000,82.052,82.08,82.043,82.052,72780000,1
1529359260000,1529359319000,82.052,82.052,82.041,82.049,53570000,1
1529359320000,1529359379000,82.049,82.054,82.048,82.054,50150000,1
1529359380000,1529359439000,82.053,82.055,82.048,82.052,70810000,1
1529359440000,1529359499000,82.051,82.069,82.051,82.064,110010000,1
1529359500000,1529359559000,82.063,82.063,82.052,82.058,76380000,1
1529359560000,1529359619000,82.06,82.062,82.056,82.056,43320000,1
1529359620000,1529359679000,82.058,82.058,82.056,82.056,7750000,1
1529359680000,1529359739000,82.056,82.059,82.054,82.054,28910000,1
1529359740000,1529359799000,82.053,82.055,82.05,82.055,91620000,1
1529359800000,1529359859000,82.057,82.061,82.044,82.046,159030000,1
1529359860000,1529359919000,82.045,82.047,82.045,82.046,87010000,1
1529359920000,1529359979000,82.046,82.048,82.04,82.04,187040000,1
1529359980000,1529360039000,82.04,82.052,82.039,82.051,97140000,1
1529360040000,1529360099000,82.052,82.053,82.049,82.051,114490000,1
1529360100000,1529360159000,82.052,82.053,82.036,82.037,208740000,1
1529360160000,1529360219000,82.037,82.039,82.036,82.038,200080000,1
1529360220000,1529360279000,82.037,82.037,82.036,82.037,63090000,1
1529360280000,1529360339000,82.037,82.038,82.033,82.033,49840000,1
1529360340000,1529360399000,82.033,82.034,82.033,82.033,25870000,1
1529360400000,1529360459000,82.033,82.034,82.033,82.034,6120000,1
1529360460000,1529360519000,82.034,82.036,82.034,82.036,4380000,1
1529360520000,1529360579000,82.036,82.041,82.036,82.037,12060000,1
1529360580000,1529360639000,82.036,82.036,82.034,82.034,11070000,1
1529360640000,1529360699000,82.034,82.045,82.034,82.043,20010000,1
1529360700000,1529360759000,82.043,82.044,82.043,82.044,4690000,1
1529360760000,1529360819000,82.044,82.044,82.043,82.043,4430000,1
1529360820000,1529360879000,82.043,82.047,82.042,82.044,28380000,1
1529360880000,1529360939000,82.044,82.044,82.041,82.041,13100000,1
1529360940000,1529360999000,82.041,82.066,82.041,82.064,52240000,1
1529361000000,1529361059000,82.063,82.063,82.053,82.055,41940000,1
1529361060000,1529361119000,82.053,82.054,82.048,82.048,19290000,1
1529361120000,1529361179000,82.047,82.05,82.047,82.05,12490000,1
1529361180000,1529361239000,82.052,82.054,82.048,82.049,28470000,1
1529361240000,1529361299000,82.049,82.051,82.041,82.041,28640000,1
1529361300000,1529361359000,82.041,82.045,82.034,82.045,31740000,1
1529361360000,1529361419000,82.047,82.048,82.046,82.047,9000000,1
1529361420000,1529361479000,82.048,82.048,82.038,82.038,17250000,1
1529361480000,1529361539000,82.038,82.047,82.038,82.047,12250000,1
1529361540000,1529361599000,82.047,82.053,82.047,82.053,17250000,1
1529361600000,1529361659000,82.052,82.057,82.051,82.057,15000000,1
1529361660000,1529361719000,82.057,82.074,82.057,82.074,18000000,1
1529361720000,1529361779000,82.072,82.072,82.056,82.056,18000000,1
1529361780000,1529361839000,82.056,82.057,82.055,82.056,12000000,1
1529361840000,1529361899000,82.055,82.055,82.054,82.054,5490000,1
1529361900000,1529361959000,82.053,82.053,82.053,82.053,4180000,1
1529361960000,1529362019000,82.054,82.057,82.047,82.048,23290000,1
1529362020000,1529362079000,82.048,82.048,82.046,82.046,5870000,1
1529362080000,1529362139000,82.046,82.046,82.042,82.042,18930000,1
1529362140000,1529362199000,82.044,82.044,82.042,82.042,6800000,1
1529362200000,1529362259000,82.042,82.044,82.042,82.043,12360000,1
1529362260000,1529362319000,82.043,82.049,82.04,82.044,35740000,1
1529362320000,1529362379000,82.043,82.048,82.043,82.047,22410000,1
1529362380000,1529362439000,82.047,82.058,82.047,82.052,19810000,1
1529362440000,1529362499000,82.051,82.051,82.045,82.046,11670000,1
1529362500000,1529362559000,82.045,82.045,82.045,82.045,7260000,1
1529362560000,1529362619000,82.044,82.044,82.041,82.041,25000000,1
1529362620000,1529362679000,82.043,82.044,82.041,82.041,24480000,1
1529362680000,1529362739000,82.041,82.045,82.041,82.044,20440000,1
1529362740000,1529362799000,82.044,82.044,82.042,82.043,17630000,1
1529362800000,1529362859000,82.043,82.054,82.036,82.036,35850000,1
1529362860000,1529362919000,82.036,82.036,82.035,82.035,10870000,1
1529362920000,1529362979000,82.034,82.034,82.034,82.034,5550000,1
1529362980000,1529363039000,82.034,82.036,82.034,82.036,17350000,1
1529363040000,1529363099000,82.035,82.038,82.026,82.036,81160000,1
1529363100000,1529363159000,82.036,82.045,82.036,82.044,10930000,1
1529363160000,1529363219000,82.044,82.05,82.036,82.045,55050000,1
1529363220000,1529363279000,82.044,82.044,82.039,82.04,7480000,1
1529363280000,1529363339000,82.04,82.047,82.036,82.047,19840000,1
1529363340000,1529363399000,82.047,82.047,82.042,82.044,18030000,1
1529363400000,1529363459000,82.044,82.045,82.041,82.044,25210000,1
1529363460000,1529363519000,82.045,82.046,82.04,82.04,24340000,1
1529363520000,1529363579000,82.041,82.042,82.04,82.04,21000000,1
1529363580000,1529363639000,82.041,82.042,82.037,82.037,17000000,1
1529363640000,1529363699000,82.037,82.038,82.036,82.036,9750000,1
1529363700000,1529363759000,82.037,82.046,82.034,82.045,25230000,1
1529363760000,1529363819000,82.045,82.047,82.042,82.043,21000000,1
1529363820000,1529363879000,82.043,82.043,82.041,82.043,21000000,1
1529363880000,1529363939000,82.044,82.044,82.041,82.043,18750000,1
1529363940000,1529363999000,82.043,82.043,82.042,82.042,22560000,1
1529364000000,1529364059000,82.042,82.043,82.042,82.043,5000000,1
1529364060000,1529364119000,82.044,82.053,82.043,82.051,19370000,1
1529364120000,1529364179000,82.05,82.056,82.048,82.056,24310000,1
1529364180000,1529364239000,82.055,82.056,82.052,82.053,20890000,1
1529364240000,1529364299000,82.053,82.057,82.052,82.055,17110000,1
1529364300000,1529364359000,82.055,82.055,82.054,82.054,5000000,1
1529364360000,1529364419000,82.055,82.055,82.053,82.053,8000000,1
1529364420000,1529364479000,82.052,82.056,82.048,82.056,37330000,1
1529364480000,1529364539000,82.057,82.061,82.053,82.054,11120000,1
1529364540000,1529364599000,82.053,82.055,82.053,82.055,9120000,1
1529364600000,1529364659000,82.057,82.059,82.042,82.044,39700000,1
1529364660000,1529364719000,82.042,82.042,81.872,81.872,233320000,1
1529364720000,1529364779000,81.871,81.896,81.835,81.847,173950000,1
1529364780000,1529364839000,81.848,81.85,81.766,81.768,169420000,1
1529364840000,1529364899000,81.766,81.818,81.748,81.801,168350000,1
1529364900000,1529364959000,81.805,81.822,81.722,81.722,187820000,1
1529364960000,1529365019000,81.714,81.721,81.676,81.681,206140000,1
1529365020000,1529365079000,81.682,81.691,81.618,81.633,235570000,1
1529365080000,1529365139000,81.633,81.647,81.569,81.618,246560000,1
1529365140000,1529365199000,81.618,81.634,81.59,81.606,154610000,1
1529365200000,1529365259000,81.604,81.606,81.555,81.574,188480000,1
1529365260000,1529365319000,81.574,81.599,81.549,81.598,152650000,1
1529365320000,1529365379000,81.601,81.622,81.587,81.62,197550000,1
1529365380000,1529365439000,81.618,81.645,81.618,81.638,139280000,1
1529365440000,1529365499000,81.638,81.66,81.629,81.641,170210000,1
1529365500000,1529365559000,81.642,81.655,81.6,81.605,183170000,1
1529365560000,1529365619000,81.603,81.603,81.555,81.569,201500000,1
1529365620000,1529365679000,81.568,81.578,81.52,81.52,271000000,1
1529365680000,1529365739000,81.522,81.526,81.479,81.52,258590000,1
1529365740000,1529365799000,81.522,81.566,81.519,81.554,207570000,1
1529365800000,1529365859000,81.552,81.592,81.552,81.582,184010000,1
1529365860000,1529365919000,81.581,81.598,81.579,81.597,130540000,1
1529365920000,1529365979000,81.599,81.599,81.555,81.56,121600000,1
1529365980000,1529366039000,81.56,81.564,81.521,81.523,129680000,1
1529366040000,1529366099000,81.524,81.533,81.488,81.506,219520000,1
1529366100000,1529366159000,81.504,81.51,81.493,81.5,151230000,1
1529366160000,1529366219000,81.503,81.566,81.503,81.555,133640000,1
1529366220000,1529366279000,81.555,81.555,81.538,81.541,88320000,1
1529366280000,1529366339000,81.541,81.55,81.515,81.518,134110000,1
1529366340000,1529366399000,81.517,81.536,81.517,81.535,97840000,1
1529366400000,1529366459000,81.535,81.565,81.522,81.528,229080000,1
1529366460000,1529366519000,81.528,81.529,81.481,81.482,203020000,1
1529366520000,1529366579000,81.481,81.501,81.466,81.484,241960000,1
1529366580000,1529366639000,81.484,81.496,81.471,81.475,210030000,1
1529366640000,1529366699000,81.474,81.482,81.432,81.433,234410000,1
1529366700000,1529366759000,81.433,81.498,81.43,81.488,187610000,1
1529366760000,1529366819000,81.489,81.505,81.472,81.495,184470000,1
1529366820000,1529366879000,81.495,81.514,81.494,81.511,159430000,1
1529366880000,1529366939000,81.511,81.562,81.511,81.559,153450000,1
1529366940000,1529366999000,81.558,81.562,81.526,81.531,149080000,1
1529367000000,1529367059000,81.533,81.573,81.529,81.571,143790000,1
1529367060000,1529367119000,81.57,81.573,81.54,81.551,180530000,1
1529367120000,1529367179000,81.551,81.556,81.53,81.548,103090000,1
1529367180000,1529367239000,81.548,81.566,81.513,81.517,192400000,1
1529367240000,1529367299000,81.515,81.544,81.507,81.541,103860000,1
1529367300000,1529367359000,81.541,81.544,81.498,81.506,97940000,1
1529367360000,1529367419000,81.506,81.525,81.506,81.522,88330000,1
1529367420000,1529367479000,81.523,81.537,81.519,81.537,74890000,1
1529367480000,1529367539000,81.539,81.544,81.51,81.51,88560000,1
1529367540000,1529367599000,81.51,81.53,81.51,81.525,107310000,1
1529367600000,1529367659000,81.525,81.566,81.525,81.566,162150000,1
1529367660000,1529367719000,81.566,81.577,81.562,81.574,91210000,1
1529367720000,1529367779000,81.573,81.576,81.554,81.565,77690000,1
1529367780000,1529367839000,81.565,81.573,81.546,81.551,114320000,1
1529367840000,1529367899000,81.547,81.568,81.54,81.56,91820000,1
1529367900000,1529367959000,81.561,81.561,81.528,81.533,118500000,1
1529367960000,1529368019000,81.532,81.554,81.529,81.55,135170000,1
1529368020000,1529368079000,81.551,81.567,81.551,81.567,65150000,1
1529368080000,1529368139000,81.567,81.578,81.543,81.548,87430000,1
1529368140000,1529368199000,81.548,81.574,81.548,81.568,82600000,1
1529368200000,1529368259000,81.569,81.569,81.515,81.523,171890000,1
1529368260000,1529368319000,81.521,81.531,81.497,81.51,143420000,1
1529368320000,1529368379000,81.511,81.52,81.482,81.482,132400000,1
1529368380000,1529368439000,81.48,81.504,81.476,81.49,189190000,1
1529368440000,1529368499000,81.49,81.498,81.487,81.494,167250000,1
1529368500000,1529368559000,81.495,81.541,81.495,81.53,120530000,1
1529368560000,1529368619000,81.53,81.533,81.527,81.528,59790000,1
1529368620000,1529368679000,81.529,81.543,81.524,81.534,109120000,1
1529368680000,1529368739000,81.534,81.55,81.534,81.548,106470000,1
1529368740000,1529368799000,81.549,81.575,81.547,81.547,112340000,1
1529368800000,1529368859000,81.547,81.556,81.512,81.517,88720000,1
1529368860000,1529368919000,81.517,81.528,81.517,81.521,75320000,1
1529368920000,1529368979000,81.521,81.537,81.517,81.519,97020000,1
1529368980000,1529369039000,81.522,81.552,81.52,81.548,105180000,1
1529369040000,1529369099000,81.547,81.552,81.532,81.544,151820000,1
1529369100000,1529369159000,81.544,81.551,81.525,81.534,129880000,1
1529369160000,1529369219000,81.535,81.56,81.533,81.558,153990000,1
1529369220000,1529369279000,81.558,81.564,81.545,81.561,99260000,1
1529369280000,1529369339000,81.562,81.57,81.544,81.56,187070000,1
1529369340000,1529369399000,81.56,81.621,81.56,81.619,163730000,1
1529369400000,1529369459000,81.62,81.623,81.603,81.61,190730000,1
1529369460000,1529369519000,81.61,81.652,81.605,81.652,152680000,1
1529369520000,1529369579000,81.654,81.682,81.648,81.667,238650000,1
1529369580000,1529369639000,81.666,81.667,81.651,81.665,154730000,1
1529369640000,1529369699000,81.665,81.665,81.613,81.615,157500000,1
1529369700000,1529369759000,81.603,81.621,81.603,81.613,128140000,1
1529369760000,1529369819000,81.613,81.629,81.606,81.621,82350000,1
1529369820000,1529369879000,81.62,81.68,81.617,81.679,128920000,1
1529369880000,1529369939000,81.681,81.681,81.647,81.649,91630000,1
1529369940000,1529369999000,81.648,81.667,81.647,81.665,92340000,1
1529370000000,1529370059000,81.665,81.678,81.584,81.608,185600000,1
1529370060000,1529370119000,81.609,81.639,81.604,81.63,120320000,1
1529370120000,1529370179000,81.631,81.645,81.631,81.644,77070000,1
1529370180000,1529370239000,81.644,81.646,81.61,81.616,87360000,1
1529370240000,1529370299000,81.616,81.629,81.584,81.629,122580000,1
1529370300000,1529370359000,81.63,81.659,81.624,81.652,110310000,1
1529370360000,1529370419000,81.652,81.672,81.651,81.67,78280000,1
1529370420000,1529370479000,81.671,81.688,81.671,81.678,117260000,1
1529370480000,1529370539000,81.681,81.683,81.646,81.655,99300000,1
1529370540000,1529370599000,81.656,81.666,81.641,81.651,130910000,1
1529370600000,1529370659000,81.652,81.654,81.646,81.654,47170000,1
1529370660000,1529370719000,81.656,81.689,81.656,81.68,64410000,1
1529370720000,1529370779000,81.679,81.679,81.636,81.641,121180000,1
1529370780000,1529370839000,81.642,81.655,81.628,81.633,102690000,1
1529370840000,1529370899000,81.635,81.638,81.599,81.624,141790000,1
1529370900000,1529370959000,81.623,81.625,81.584,81.624,127440000,1
1529370960000,1529371019000,81.626,81.659,81.622,81.649,119130000,1
1529371020000,1529371079000,81.649,81.649,81.62,81.623,129750000,1
1529371080000,1529371139000,81.623,81.632,81.621,81.621,97140000,1
1529371140000,1529371199000,81.622,81.65,81.622,81.647,134160000,1
1529371200000,1529371259000,81.646,81.653,81.64,81.653,117570000,1
1529371260000,1529371319000,81.654,81.664,81.646,81.654,101520000,1
1529371320000,1529371379000,81.655,81.656,81.644,81.648,121640000,1
1529371380000,1529371439000,81.647,81.659,81.641,81.655,125610000,1
1529371440000,1529371499000,81.656,81.659,81.645,81.654,46620000,1
1529371500000,1529371559000,81.654,81.671,81.645,81.645,107090000,1
1529371560000,1529371619000,81.645,81.653,81.643,81.65,88860000,1
1529371620000,1529371679000,81.65,81.658,81.642,81.65,132880000,1
1529371680000,1529371739000,81.65,81.656,81.646,81.656,73030000,1
1529371740000,1529371799000,81.656,81.656,81.633,81.635,84400000,1
1529371800000,1529371859000,81.633,81.731,81.632,81.727,198040000,1
1529371860000,1529371919000,81.728,81.737,81.697,81.698,128820000,1
1529371920000,1529371979000,81.7,81.738,81.7,81.738,83740000,1
1529371980000,1529372039000,81.738,81.793,81.726,81.791,134790000,1
1529372040000,1529372099000,81.788,81.799,81.759,81.764,166880000,1
1529372100000,1529372159000,81.763,81.763,81.732,81.741,92630000,1
1529372160000,1529372219000,81.74,81.741,81.713,81.715,129220000,1
1529372220000,1529372279000,81.716,81.724,81.698,81.712,146230000,1
1529372280000,1529372339000,81.713,81.717,81.697,81.709,85650000,1
1529372340000,1529372399000,81.71,81.713,81.699,81.705,95890000,1
1529372400000,1529372459000,81.705,81.709,81.702,81.706,80700000,1
1529372460000,1529372519000,81.706,81.721,81.686,81.691,99640000,1
1529372520000,1529372579000,81.691,81.702,81.685,81.688,113270000,1
1529372580000,1529372639000,81.686,81.74,81.682,81.74,117360000,1
1529372640000,1529372699000,81.741,81.753,81.705,81.723,192860000,1
1529372700000,1529372759000,81.723,81.725,81.695,81.695,136320000,1
1529372760000,1529372819000,81.695,81.695,81.667,81.669,181390000,1
1529372820000,1529372879000,81.669,81.693,81.669,81.682,150480000,1
1529372880000,1529372939000,81.681,81.681,81.637,81.637,119030000,1
1529372940000,1529372999000,81.639,81.643,81.624,81.624,126230000,1
1529373000000,1529373059000,81.624,81.624,81.572,81.577,195210000,1
1529373060000,1529373119000,81.578,81.58,81.539,81.542,224370000,1
1529373120000,1529373179000,81.544,81.563,81.519,81.522,206130000,1
1529373180000,1529373239000,81.523,81.523,81.439,81.445,306210000,1
1529373240000,1529373299000,81.444,81.445,81.401,81.438,338060000,1
1529373300000,1529373359000,81.436,81.455,81.397,81.4,245180000,1
1529373360000,1529373419000,81.401,81.416,81.366,81.381,304440000,1
1529373420000,1529373479000,81.383,81.445,81.383,81.438,180730000,1
1529373480000,1529373539000,81.437,81.437,81.399,81.406,185200000,1
1529373540000,1529373599000,81.407,81.418,81.389,81.402,208610000,1
1529373600000,1529373659000,81.4,81.4,81.376,81.381,245360000,1
1529373660000,1529373719000,81.381,81.388,81.36,81.384,152490000,1
1529373720000,1529373779000,81.384,81.425,81.384,81.425,147140000,1
1529373780000,1529373839000,81.427,81.427,81.373,81.373,198660000,1
1529373840000,1529373899000,81.376,81.384,81.347,81.349,216620000,1
1529373900000,1529373959000,81.349,81.378,81.334,81.377,202290000,1
1529373960000,1529374019000,81.379,81.4,81.358,81.399,241550000,1
1529374020000,1529374079000,81.4,81.416,81.369,81.371,153300000,1
1529374080000,1529374139000,81.368,81.368,81.334,81.351,181600000,1
1529374140000,1529374199000,81.353,81.356,81.345,81.347,150660000,1
1529374200000,1529374259000,81.347,81.366,81.347,81.36,155890000,1
1529374260000,1529374319000,81.361,81.378,81.318,81.324,193280000,1
1529374320000,1529374379000,81.324,81.339,81.319,81.328,154900000,1
1529374380000,1529374439000,81.326,81.328,81.3,81.303,146840000,1
1529374440000,1529374499000,81.307,81.311,81.292,81.307,242280000,1
1529374500000,1529374559000,81.306,81.347,81.3,81.328,216360000,1
1529374560000,1529374619000,81.328,81.414,81.328,81.414,167760000,1
1529374620000,1529374679000,81.413,81.418,81.393,81.403,168720000,1
1529374680000,1529374739000,81.402,81.405,81.392,81.395,125960000,1
1529374740000,1529374799000,81.395,81.399,81.388,81.394,96450000,1
1529374800000,1529374859000,81.394,81.405,81.383,81.398,122630000,1
1529374860000,1529374919000,81.396,81.409,81.394,81.407,108230000,1
1529374920000,1529374979000,81.407,81.431,81.406,81.431,107540000,1
1529374980000,1529375039000,81.434,81.45,81.429,81.446,153090000,1
1529375040000,1529375099000,81.444,81.473,81.438,81.473,144600000,1
1529375100000,1529375159000,81.473,81.473,81.458,81.461,123900000,1
1529375160000,1529375219000,81.461,81.479,81.459,81.461,96910000,1
1529375220000,1529375279000,81.46,81.473,81.437,81.443,112380000,1
1529375280000,1529375339000,81.442,81.465,81.442,81.461,88350000,1
1529375340000,1529375399000,81.462,81.462,81.45,81.453,126410000,1
1529375400000,1529375459000,81.452,81.454,81.43,81.432,157830000,1
1529375460000,1529375519000,81.43,81.449,81.42,81.434,128430000,1
1529375520000,1529375579000,81.434,81.466,81.434,81.461,127490000,1
1529375580000,1529375639000,81.462,81.488,81.461,81.484,158850000,1
1529375640000,1529375699000,81.484,81.499,81.481,81.491,123950000,1
1529375700000,1529375759000,81.491,81.493,81.47,81.473,71260000,1
1529375760000,1529375819000,81.474,81.488,81.47,81.471,135860000,1
1529375820000,1529375879000,81.472,81.474,81.442,81.444,152130000,1
1529375880000,1529375939000,81.444,81.456,81.437,81.437,158720000,1
1529375940000,1529375999000,81.438,81.446,81.418,81.419,125080000,1
1529376000000,1529376059000,81.419,81.427,81.384,81.386,160830000,1
1529376060000,1529376119000,81.387,81.402,81.382,81.402,109540000,1
1529376120000,1529376179000,81.403,81.411,81.39,81.395,79040000,1
1529376180000,1529376239000,81.395,81.425,81.395,81.419,115170000,1
1529376240000,1529376299000,81.418,81.424,81.382,81.382,116100000,1
1529376300000,1529376359000,81.382,81.387,81.37,81.374,87380000,1
1529376360000,1529376419000,81.374,81.383,81.373,81.383,88630000,1
1529376420000,1529376479000,81.385,81.396,81.381,81.394,90580000,1
1529376480000,1529376539000,81.393,81.398,81.389,81.398,47360000,1
1529376540000,1529376599000,81.396,81.396,81.388,81.391,51380000,1
1529376600000,1529376659000,81.39,81.394,81.389,81.393,84190000,1
1529376660000,1529376719000,81.392,81.396,81.379,81.382,106710000,1
1529376720000,1529376779000,81.381,81.383,81.369,81.377,96230000,1
1529376780000,1529376839000,81.379,81.389,81.379,81.389,83680000,1
1529376840000,1529376899000,81.388,81.392,81.381,81.386,70360000,1
1529376900000,1529376959000,81.386,81.391,81.378,81.381,65810000,1
1529376960000,1529377019000,81.382,81.384,81.375,81.378,40500000,1
1529377020000,1529377079000,81.377,81.386,81.375,81.383,53380000,1
1529377080000,1529377139000,81.383,81.427,81.383,81.424,135270000,1
1529377140000,1529377199000,81.425,81.426,81.406,81.417,76570000,1
1529377200000,1529377259000,81.416,81.416,81.401,81.404,103660000,1
1529377260000,1529377319000,81.405,81.411,81.382,81.411,120100000,1
1529377320000,1529377379000,81.41,81.431,81.41,81.419,71960000,1
1529377380000,1529377439000,81.418,81.419,81.412,81.412,117210000,1
1529377440000,1529377499000,81.41,81.413,81.406,81.411,53730000,1
1529377500000,1529377559000,81.411,81.415,81.394,81.396,95730000,1
1529377560000,1529377619000,81.398,81.401,81.392,81.396,72790000,1
1529377620000,1529377679000,81.398,81.398,81.384,81.384,56530000,1
1529377680000,1529377739000,81.385,81.397,81.385,81.396,70940000,1
1529377740000,1529377799000,81.397,81.397,81.361,81.369,102750000,1
1529377800000,1529377859000,81.368,81.386,81.368,81.381,76490000,1
1529377860000,1529377919000,81.383,81.389,81.377,81.378,32860000,1
1529377920000,1529377979000,81.38,81.387,81.375,81.386,63960000,1
1529377980000,1529378039000,81.386,81.387,81.377,81.38,58550000,1
1529378040000,1529378099000,81.379,81.397,81.377,81.394,74590000,1
1529378100000,1529378159000,81.395,81.416,81.392,81.415,56780000,1
1529378160000,1529378219000,81.414,81.423,81.405,81.414,130350000,1
1529378220000,1529378279000,81.414,81.42,81.403,81.406,55880000,1
1529378280000,1529378339000,81.406,81.407,81.397,81.4,62350000,1
1529378340000,1529378399000,81.401,81.422,81.401,81.416,79060000,1
1529378400000,1529378459000,81.416,81.42,81.407,81.41,85470000,1
1529378460000,1529378519000,81.408,81.414,81.4,81.4,48480000,1
1529378520000,1529378579000,81.401,81.429,81.401,81.424,101750000,1
1529378580000,1529378639000,81.425,81.438,81.423,81.431,44530000,1
1529378640000,1529378699000,81.43,81.44,81.426,81.435,116910000,1
1529378700000,1529378759000,81.434,81.435,81.409,81.411,127170000,1
1529378760000,1529378819000,81.41,81.413,81.41,81.41,85920000,1
1529378820000,1529378879000,81.41,81.415,81.408,81.411,43160000,1
1529378880000,1529378939000,81.411,81.413,81.408,81.41,40530000,1
1529378940000,1529378999000,81.408,81.411,81.406,81.408,72850000,1
1529379000000,1529379059000,81.408,81.419,81.406,81.411,74330000,1
1529379060000,1529379119000,81.41,81.423,81.409,81.419,87850000,1
1529379120000,1529379179000,81.419,81.42,81.364,81.365,171810000,1
1529379180000,1529379239000,81.364,81.364,81.343,81.357,108750000,1
1529379240000,1529379299000,81.359,81.367,81.351,81.363,82070000,1
1529379300000,1529379359000,81.363,81.382,81.363,81.381,87460000,1
1529379360000,1529379419000,81.382,81.392,81.377,81.392,130540000,1
1529379420000,1529379479000,81.391,81.409,81.389,81.403,128390000,1
1529379480000,1529379539000,81.404,81.408,81.399,81.407,78500000,1
1529379540000,1529379599000,81.407,81.415,81.4,81.408,113650000,1
1529379600000,1529379659000,81.408,81.418,81.408,81.415,43810000,1
1529379660000,1529379719000,81.417,81.418,81.403,81.403,42600000,1
1529379720000,1529379779000,81.403,81.408,81.401,81.406,83800000,1
1529379780000,1529379839000,81.406,81.41,81.404,81.406,47250000,1
1529379840000,1529379899000,81.406,81.409,81.402,81.405,57200000,1
1529379900000,1529379959000,81.407,81.411,81.397,81.409,78340000,1
1529379960000,1529380019000,81.409,81.422,81.404,81.422,94140000,1
1529380020000,1529380079000,81.425,81.427,81.416,81.423,76390000,1
1529380080000,1529380139000,81.423,81.432,81.423,81.424,94710000,1
1529380140000,1529380199000,81.423,81.423,81.411,81.412,64220000,1
1529380200000,1529380259000,81.412,81.42,81.406,81.418,63480000,1
1529380260000,1529380319000,81.417,81.42,81.412,81.42,25930000,1
1529380320000,1529380379000,81.421,81.421,81.421,81.421,13690000,1
1529380380000,1529380439000,81.42,81.422,81.397,81.397,130430000,1
1529380440000,1529380499000,81.394,81.397,81.38,81.392,149090000,1
1529380500000,1529380559000,81.393,81.402,81.388,81.402,134120000,1
1529380560000,1529380619000,81.404,81.408,81.357,81.364,181170000,1
1529380620000,1529380679000,81.365,81.37,81.354,81.359,134720000,1
1529380680000,1529380739000,81.359,81.368,81.357,81.363,121940000,1
1529380740000,1529380799000,81.362,81.362,81.328,81.335,143620000,1
1529380800000,1529380859000,81.335,81.337,81.303,81.306,137730000,1
1529380860000,1529380919000,81.308,81.315,81.286,81.289,124710000,1
1529380920000,1529380979000,81.289,81.303,81.281,81.283,179460000,1
1529380980000,1529381039000,81.282,81.296,81.277,81.289,157970000,1
1529381040000,1529381099000,81.288,81.294,81.28,81.286,113060000,1
1529381100000,1529381159000,81.286,81.29,81.267,81.269,91110000,1
1529381160000,1529381219000,81.268,81.27,81.258,81.27,71020000,1
1529381220000,1529381279000,81.269,81.278,81.265,81.274,72220000,1
1529381280000,1529381339000,81.275,81.285,81.259,81.284,166890000,1
1529381340000,1529381399000,81.284,81.308,81.271,81.306,94710000,1
1529381400000,1529381459000,81.305,81.305,81.282,81.286,86730000,1
1529381460000,1529381519000,81.286,81.286,81.271,81.28,81540000,1
1529381520000,1529381579000,81.279,81.279,81.257,81.259,106810000,1
1529381580000,1529381639000,81.259,81.265,81.244,81.248,139020000,1
1529381640000,1529381699000,81.247,81.252,81.208,81.213,143030000,1
1529381700000,1529381759000,81.211,81.221,81.19,81.198,140270000,1
1529381760000,1529381819000,81.197,81.199,81.162,81.164,136290000,1
1529381820000,1529381879000,81.163,81.164,81.135,81.16,194290000,1
1529381880000,1529381939000,81.16,81.16,81.147,81.155,121070000,1
1529381940000,1529381999000,81.155,81.155,81.142,81.149,98090000,1
1529382000000,1529382059000,81.149,81.166,81.148,81.151,125340000,1
1529382060000,1529382119000,81.151,81.171,81.151,81.165,52930000,1
1529382120000,1529382179000,81.165,81.181,81.165,81.178,81100000,1
1529382180000,1529382239000,81.178,81.18,81.154,81.154,110160000,1
1529382240000,1529382299000,81.152,81.179,81.15,81.174,91530000,1
1529382300000,1529382359000,81.175,81.18,81.165,81.168,100870000,1
1529382360000,1529382419000,81.167,81.167,81.137,81.139,82390000,1
1529382420000,1529382479000,81.14,81.169,81.139,81.165,92050000,1
1529382480000,1529382539000,81.166,81.177,81.161,81.162,88610000,1
1529382540000,1529382599000,81.163,81.166,81.157,81.158,63150000,1
1529382600000,1529382659000,81.157,81.193,81.157,81.193,127360000,1
1529382660000,1529382719000,81.195,81.198,81.183,81.186,85090000,1
1529382720000,1529382779000,81.186,81.186,81.152,81.18,150810000,1
1529382780000,1529382839000,81.18,81.189,81.146,81.154,148580000,1
1529382840000,1529382899000,81.154,81.155,81.123,81.123,176870000,1
1529382900000,1529382959000,81.124,81.15,81.116,81.144,161930000,1
1529382960000,1529383019000,81.144,81.147,81.135,81.137,119800000,1
1529383020000,1529383079000,81.137,81.156,81.137,81.153,137500000,1
1529383080000,1529383139000,81.153,81.154,81.137,81.137,106490000,1
1529383140000,1529383199000,81.137,81.143,81.136,81.139,84140000,1
1529383200000,1529383259000,81.141,81.149,81.123,81.123,63460000,1
1529383260000,1529383319000,81.123,81.14,81.116,81.131,92030000,1
1529383320000,1529383379000,81.13,81.132,81.127,81.127,31450000,1
1529383380000,1529383439000,81.128,81.13,81.112,81.121,101830000,1
1529383440000,1529383499000,81.124,81.127,81.111,81.122,89830000,1
1529383500000,1529383559000,81.122,81.139,81.122,81.137,68210000,1
1529383560000,1529383619000,81.137,81.153,81.134,81.153,132570000,1
1529383620000,1529383679000,81.153,81.166,81.144,81.166,94570000,1
1529383680000,1529383739000,81.166,81.168,81.162,81.168,55980000,1
1529383740000,1529383799000,81.168,81.174,81.164,81.171,137530000,1
1529383800000,1529383859000,81.17,81.177,81.159,81.163,65080000,1
1529383860000,1529383919000,81.163,81.164,81.151,81.161,60520000,1
1529383920000,1529383979000,81.159,81.159,81.147,81.148,93330000,1
1529383980000,1529384039000,81.148,81.161,81.141,81.158,160000000,1
1529384040000,1529384099000,81.157,81.178,81.156,81.177,80470000,1
1529384100000,1529384159000,81.178,81.203,81.178,81.185,93250000,1
1529384160000,1529384219000,81.185,81.19,81.179,81.182,76940000,1
1529384220000,1529384279000,81.182,81.191,81.182,81.191,35270000,1
1529384280000,1529384339000,81.191,81.209,81.188,81.202,129120000,1
1529384340000,1529384399000,81.202,81.202,81.157,81.158,134800000,1
1529384400000,1529384459000,81.16,81.183,81.131,81.183,174570000,1
1529384460000,1529384519000,81.18,81.18,81.151,81.171,76280000,1
1529384520000,1529384579000,81.171,81.173,81.166,81.168,106340000,1
1529384580000,1529384639000,81.169,81.171,81.156,81.157,47790000,1
1529384640000,1529384699000,81.158,81.166,81.14,81.14,113330000,1
1529384700000,1529384759000,81.144,81.149,81.09,81.09,107970000,1
1529384760000,1529384819000,81.09,81.115,81.085,81.114,124330000,1
1529384820000,1529384879000,81.114,81.118,81.104,81.108,97410000,1
1529384880000,1529384939000,81.11,81.132,81.11,81.129,108770000,1
1529384940000,1529384999000,81.128,81.13,81.1,81.1,97450000,1
1529385000000,1529385059000,81.102,81.108,81.081,81.097,152020000,1
1529385060000,1529385119000,81.098,81.113,81.098,81.107,123080000,1
1529385120000,1529385179000,81.108,81.108,81.044,81.048,153920000,1
1529385180000,1529385239000,81.048,81.055,81.026,81.041,243790000,1
1529385240000,1529385299000,81.04,81.056,81.02,81.049,194590000,1
1529385300000,1529385359000,81.053,81.087,81.053,81.086,73530000,1
1529385360000,1529385419000,81.086,81.11,81.086,81.109,48190000,1
1529385420000,1529385479000,81.108,81.109,81.081,81.083,63240000,1
1529385480000,1529385539000,81.083,81.113,81.083,81.108,77890000,1
1529385540000,1529385599000,81.107,81.107,81.075,81.095,113170000,1
1529385600000,1529385659000,81.096,81.117,81.09,81.11,90760000,1
1529385660000,1529385719000,81.111,81.111,81.101,81.108,59370000,1
1529385720000,1529385779000,81.106,81.11,81.094,81.103,78930000,1
1529385780000,1529385839000,81.104,81.114,81.095,81.113,54690000,1
1529385840000,1529385899000,81.114,81.131,81.114,81.121,79020000,1
1529385900000,1529385959000,81.12,81.12,81.109,81.116,60570000,1
1529385960000,1529386019000,81.114,81.114,81.094,81.098,92110000,1
1529386020000,1529386079000,81.095,81.099,81.088,81.088,61690000,1
1529386080000,1529386139000,81.087,81.087,81.071,81.081,58150000,1
1529386140000,1529386199000,81.081,81.082,81.068,81.068,55890000,1
1529386200000,1529386259000,81.066,81.086,81.063,81.063,103840000,1
1529386260000,1529386319000,81.064,81.066,81.054,81.055,90260000,1
1529386320000,1529386379000,81.054,81.073,81.053,81.054,71600000,1
1529386380000,1529386439000,81.055,81.057,81.04,81.049,65610000,1
1529386440000,1529386499000,81.05,81.058,81.04,81.04,72360000,1
1529386500000,1529386559000,81.041,81.055,81.026,81.027,123330000,1
1529386560000,1529386619000,81.026,81.039,81.006,81.01,130520000,1
1529386620000,1529386679000,81.01,81.022,80.985,81.019,135380000,1
1529386680000,1529386739000,81.017,81.017,81.006,81.013,76580000,1
1529386740000,1529386799000,81.012,81.017,80.999,81.002,136880000,1
1529386800000,1529386859000,81.002,81.017,81.0,81.008,67600000,1
1529386860000,1529386919000,81.008,81.017,80.99,81.009,85050000,1
1529386920000,1529386979000,81.008,81.009,80.988,80.991,76700000,1
1529386980000,1529387039000,80.991,81.008,80.991,80.994,67820000,1
1529387040000,1529387099000,80.995,81.0,80.99,80.993,58830000,1
1529387100000,1529387159000,80.992,81.002,80.989,80.998,96660000,1
1529387160000,1529387219000,80.999,81.0,80.988,80.988,57170000,1
1529387220000,1529387279000,80.989,81.002,80.988,80.991,82800000,1
1529387280000,1529387339000,80.991,81.013,80.991,81.011,51070000,1
1529387340000,1529387399000,81.009,81.009,80.976,80.976,90990000,1
1529387400000,1529387459000,80.976,80.996,80.97,80.996,76450000,1
1529387460000,1529387519000,80.996,81.0,80.963,80.966,103320000,1
1529387520000,1529387579000,80.966,80.966,80.951,80.964,106630000,1
1529387580000,1529387639000,80.964,80.968,80.95,80.967,96630000,1
1529387640000,1529387699000,80.968,80.968,80.955,80.959,88400000,1
1529387700000,1529387759000,80.959,80.959,80.923,80.926,132700000,1
1529387760000,1529387819000,80.928,80.928,80.902,80.911,180890000,1
1529387820000,1529387879000,80.91,80.921,80.905,80.913,135800000,1
1529387880000,1529387939000,80.911,80.918,80.9,80.914,86910000,1
1529387940000,1529387999000,80.913,80.913,80.884,80.89,105660000,1
1529388000000,1529388059000,80.889,80.893,80.84,80.855,154510000,1
1529388060000,1529388119000,80.857,80.875,80.846,80.863,131690000,1
1529388120000,1529388179000,80.86,80.863,80.845,80.847,139980000,1
1529388180000,1529388239000,80.846,80.867,80.824,80.867,125110000,1
1529388240000,1529388299000,80.864,80.864,80.822,80.824,130370000,1
1529388300000,1529388359000,80.822,80.839,80.81,80.829,143740000,1
1529388360000,1529388419000,80.828,80.857,80.816,80.856,101860000,1
1529388420000,1529388479000,80.857,80.876,80.842,80.874,122240000,1
1529388480000,1529388539000,80.873,80.915,80.873,80.906,149240000,1
1529388540000,1529388599000,80.905,80.912,80.879,80.881,118000000,1
1529388600000,1529388659000,80.881,80.897,80.861,80.866,140640000,1
1529388660000,1529388719000,80.865,80.878,80.862,80.874,95150000,1
1529388720000,1529388779000,80.874,80.893,80.868,80.888,86600000,1
1529388780000,1529388839000,80.887,80.906,80.882,80.892,101910000,1
1529388840000,1529388899000,80.891,80.895,80.857,80.858,88050000,1
1529388900000,1529388959000,80.86,80.862,80.85,80.853,70120000,1
1529388960000,1529389019000,80.852,80.858,80.84,80.841,130770000,1
1529389020000,1529389079000,80.84,80.857,80.821,80.835,154310000,1
1529389080000,1529389139000,80.834,80.857,80.825,80.829,142960000,1
1529389140000,1529389199000,80.834,80.845,80.82,80.835,149860000,1
1529389200000,1529389259000,80.836,80.838,80.81,80.823,151630000,1
1529389260000,1529389319000,80.822,80.842,80.815,80.837,97150000,1
1529389320000,1529389379000,80.838,80.848,80.838,80.841,76110000,1
1529389380000,1529389439000,80.843,80.857,80.843,80.853,116000000,1
1529389440000,1529389499000,80.853,80.862,80.847,80.849,88830000,1
1529389500000,1529389559000,80.849,80.865,80.847,80.848,95400000,1
1529389560000,1529389619000,80.848,80.891,80.846,80.884,148400000,1
1529389620000,1529389679000,80.885,80.891,80.867,80.873,175780000,1
1529389680000,1529389739000,80.873,80.875,80.819,80.822,219840000,1
1529389740000,1529389799000,80.823,80.838,80.82,80.825,153190000,1
1529389800000,1529389859000,80.825,80.871,80.82,80.861,196130000,1
1529389860000,1529389919000,80.864,80.89,80.864,80.879,188280000,1
1529389920000,1529389979000,80.88,80.89,80.871,80.878,138310000,1
1529389980000,1529390039000,80.875,80.905,80.87,80.876,177880000,1
1529390040000,1529390099000,80.876,80.876,80.852,80.86,191160000,1
1529390100000,1529390159000,80.861,80.874,80.84,80.863,162900000,1
1529390160000,1529390219000,80.863,80.868,80.848,80.848,150220000,1
1529390220000,1529390279000,80.85,80.85,80.816,80.816,178740000,1
1529390280000,1529390339000,80.812,80.851,80.812,80.848,144770000,1
1529390340000,1529390399000,80.848,80.848,80.768,80.773,218210000,1
1529390400000,1529390459000,80.773,80.782,80.766,80.769,150110000,1
1529390460000,1529390519000,80.769,80.773,80.749,80.763,167360000,1
1529390520000,1529390579000,80.763,80.82,80.763,80.815,169750000,1
1529390580000,1529390639000,80.816,80.824,80.798,80.811,202420000,1
1529390640000,1529390699000,80.812,80.812,80.79,80.794,132870000,1
1529390700000,1529390759000,80.795,80.804,80.791,80.797,88600000,1
1529390760000,1529390819000,80.798,80.847,80.797,80.836,123160000,1
1529390820000,1529390879000,80.84,80.852,80.836,80.85,111140000,1
1529390880000,1529390939000,80.85,80.867,80.84,80.866,127750000,1
1529390940000,1529390999000,80.868,80.88,80.858,80.88,108490000,1
1529391000000,1529391059000,80.88,80.896,80.874,80.89,170800000,1
1529391060000,1529391119000,80.89,80.891,80.869,80.873,153110000,1
1529391120000,1529391179000,80.873,80.883,80.858,80.879,156360000,1
1529391180000,1529391239000,80.876,80.893,80.871,80.881,99320000,1
1529391240000,1529391299000,80.88,80.903,80.874,80.887,243320000,1
1529391300000,1529391359000,80.888,80.888,80.86,80.862,207180000,1
1529391360000,1529391419000,80.862,80.885,80.859,80.88,97810000,1
1529391420000,1529391479000,80.879,80.88,80.86,80.861,109910000,1
1529391480000,1529391539000,80.86,80.861,80.811,80.814,156030000,1
1529391540000,1529391599000,80.815,80.815,80.757,80.757,213530000,1
1529391600000,1529391659000,80.758,80.779,80.728,80.731,252550000,1
1529391660000,1529391719000,80.731,80.756,80.726,80.75,165140000,1
1529391720000,1529391779000,80.747,80.76,80.736,80.749,187060000,1
1529391780000,1529391839000,80.75,80.757,80.722,80.727,188510000,1
1529391840000,1529391899000,80.727,80.753,80.727,80.753,177730000,1
1529391900000,1529391959000,80.753,80.757,80.7,80.705,177280000,1
1529391960000,1529392019000,80.705,80.712,80.656,80.68,250510000,1
1529392020000,1529392079000,80.683,80.691,80.661,80.661,177550000,1
1529392080000,1529392139000,80.667,80.668,80.634,80.641,242310000,1
1529392140000,1529392199000,80.64,80.646,80.628,80.642,180410000,1
1529392200000,1529392259000,80.642,80.655,80.631,80.653,150220000,1
1529392260000,1529392319000,80.654,80.676,80.65,80.676,134020000,1
1529392320000,1529392379000,80.676,80.707,80.669,80.692,167780000,1
1529392380000,1529392439000,80.693,80.698,80.674,80.687,124960000,1
1529392440000,1529392499000,80.686,80.689,80.652,80.655,172640000,1
1529392500000,1529392559000,80.655,80.66,80.63,80.657,188140000,1
1529392560000,1529392619000,80.657,80.692,80.653,80.687,169410000,1
1529392620000,1529392679000,80.69,80.702,80.677,80.694,167690000,1
1529392680000,1529392739000,80.695,80.713,80.692,80.712,135040000,1
1529392740000,1529392799000,80.713,80.73,80.713,80.722,175850000,1
1529392800000,1529392859000,80.72,80.734,80.718,80.729,139610000,1
1529392860000,1529392919000,80.729,80.78,80.724,80.777,165600000,1
1529392920000,1529392979000,80.776,80.793,80.774,80.789,156430000,1
1529392980000,1529393039000,80.788,80.879,80.787,80.869,215960000,1
1529393040000,1529393099000,80.863,80.863,80.827,80.857,166870000,1
1529393100000,1529393159000,80.856,80.858,80.847,80.848,100130000,1
1529393160000,1529393219000,80.848,80.852,80.842,80.849,101490000,1
1529393220000,1529393279000,80.848,80.866,80.843,80.847,117870000,1
1529393280000,1529393339000,80.847,80.854,80.811,80.819,176840000,1
1529393340000,1529393399000,80.82,80.832,80.807,80.829,194320000,1
1529393400000,1529393459000,80.829,80.836,80.806,80.811,193330000,1
1529393460000,1529393519000,80.812,80.84,80.811,80.84,145020000,1
1529393520000,1529393579000,80.843,80.851,80.826,80.829,140180000,1
1529393580000,1529393639000,80.828,80.869,80.828,80.856,188200000,1
1529393640000,1529393699000,80.856,80.871,80.853,80.861,160780000,1
1529393700000,1529393759000,80.861,80.915,80.858,80.902,225220000,1
1529393760000,1529393819000,80.9,80.938,80.898,80.934,137920000,1
1529393820000,1529393879000,80.932,80.958,80.93,80.955,169960000,1
1529393880000,1529393939000,80.955,80.968,80.94,80.948,135930000,1
1529393940000,1529393999000,80.948,80.987,80.947,80.987,105840000,1
1529394000000,1529394059000,80.988,80.997,80.96,80.965,205640000,1
1529394060000,1529394119000,80.966,80.972,80.952,80.958,155700000,1
1529394120000,1529394179000,80.96,80.977,80.959,80.968,137440000,1
1529394180000,1529394239000,80.969,80.977,80.966,80.972,138210000,1
1529394240000,1529394299000,80.971,80.972,80.952,80.959,155550000,1
1529394300000,1529394359000,80.961,80.971,80.947,80.959,186880000,1
1529394360000,1529394419000,80.958,80.958,80.925,80.929,192430000,1
1529394420000,1529394479000,80.929,80.929,80.884,80.887,223720000,1
1529394480000,1529394539000,80.889,80.915,80.889,80.904,145700000,1
1529394540000,1529394599000,80.904,80.906,80.871,80.876,130260000,1
1529394600000,1529394659000,80.876,80.877,80.836,80.838,223030000,1
1529394660000,1529394719000,80.839,80.864,80.835,80.864,168630000,1
1529394720000,1529394779000,80.866,80.88,80.866,80.875,131360000,1
1529394780000,1529394839000,80.874,80.876,80.848,80.861,121820000,1
1529394840000,1529394899000,80.861,80.864,80.848,80.854,141230000,1
1529394900000,1529394959000,80.854,80.864,80.843,80.851,159250000,1
1529394960000,1529395019000,80.848,80.88,80.843,80.88,209060000,1
1529395020000,1529395079000,80.892,80.93,80.888,80.926,133610000,1
1529395080000,1529395139000,80.927,80.947,80.924,80.929,134330000,1
1529395140000,1529395199000,80.929,80.931,80.908,80.926,124360000,1
1529395200000,1529395259000,80.925,80.962,80.914,80.951,182940000,1
1529395260000,1529395319000,80.948,80.948,80.92,80.929,188120000,1
1529395320000,1529395379000,80.929,80.977,80.928,80.974,162720000,1
1529395380000,1529395439000,80.974,81.013,80.972,80.991,192890000,1
1529395440000,1529395499000,80.988,80.996,80.968,80.971,161120000,1
1529395500000,1529395559000,80.97,80.983,80.961,80.978,175160000,1
1529395560000,1529395619000,80.978,80.988,80.967,80.967,103030000,1
1529395620000,1529395679000,80.968,80.973,80.949,80.958,148440000,1
1529395680000,1529395739000,80.96,80.964,80.943,80.95,130800000,1
1529395740000,1529395799000,80.95,80.961,80.908,80.909,191640000,1
1529395800000,1529395859000,80.909,80.921,80.897,80.917,147650000,1
1529395860000,1529395919000,80.916,80.927,80.91,80.915,127910000,1
1529395920000,1529395979000,80.915,80.917,80.877,80.877,182530000,1
1529395980000,1529396039000,80.879,80.888,80.867,80.869,137800000,1
1529396040000,1529396099000,80.871,80.9,80.871,80.89,142910000,1
1529396100000,1529396159000,80.891,80.919,80.87,80.919,177130000,1
1529396160000,1529396219000,80.917,80.955,80.915,80.955,142900000,1
1529396220000,1529396279000,80.955,80.958,80.932,80.935,184000000,1
1529396280000,1529396339000,80.934,80.942,80.91,80.916,169260000,1
1529396340000,1529396399000,80.917,80.928,80.916,80.919,157290000,1
1529396400000,1529396459000,80.919,80.923,80.912,80.914,186870000,1
1529396460000,1529396519000,80.915,80.915,80.89,80.895,141920000,1
1529396520000,1529396579000,80.895,80.895,80.85,80.869,179000000,1
1529396580000,1529396639000,80.868,80.88,80.822,80.828,178240000,1
1529396640000,1529396699000,80.828,80.831,80.805,80.824,247210000,1
1529396700000,1529396759000,80.826,80.845,80.791,80.795,205060000,1
1529396760000,1529396819000,80.795,80.808,80.782,80.783,195260000,1
1529396820000,1529396879000,80.784,80.786,80.75,80.757,149140000,1
1529396880000,1529396939000,80.758,80.789,80.755,80.756,153170000,1
1529396940000,1529396999000,80.756,80.78,80.749,80.756,153530000,1
1529397000000,1529397059000,80.757,80.765,80.689,80.71,215360000,1
1529397060000,1529397119000,80.713,80.721,80.697,80.699,160570000,1
1529397120000,1529397179000,80.699,80.716,80.694,80.697,181480000,1
1529397180000,1529397239000,80.698,80.718,80.689,80.715,182400000,1
1529397240000,1529397299000,80.715,80.723,80.712,80.715,168440000,1
1529397300000,1529397359000,80.714,80.731,80.687,80.726,145470000,1
1529397360000,1529397419000,80.725,80.741,80.718,80.735,158580000,1
1529397420000,1529397479000,80.733,80.735,80.717,80.717,110820000,1
1529397480000,1529397539000,80.717,80.764,80.704,80.759,132210000,1
1529397540000,1529397599000,80.762,80.788,80.755,80.788,136690000,1
1529397600000,1529397659000,80.788,80.797,80.762,80.794,157770000,1
1529397660000,1529397719000,80.792,80.803,80.777,80.787,156970000,1
1529397720000,1529397779000,80.785,80.793,80.766,80.784,140000000,1
1529397780000,1529397839000,80.783,80.802,80.772,80.8,168980000,1
1529397840000,1529397899000,80.804,80.831,80.797,80.819,245430000,1
1529397900000,1529397959000,80.819,80.821,80.779,80.795,295280000,1
1529397960000,1529398019000,80.793,80.802,80.779,80.799,255460000,1
1529398020000,1529398079000,80.8,80.822,80.796,80.814,176430000,1
1529398080000,1529398139000,80.813,80.815,80.804,80.812,181290000,1
1529398140000,1529398199000,80.813,80.817,80.796,80.802,168930000,1
1529398200000,1529398259000,80.801,80.881,80.801,80.854,198540000,1
1529398260000,1529398319000,80.853,80.89,80.851,80.881,175410000,1
1529398320000,1529398379000,80.881,80.9,80.88,80.898,100260000,1
1529398380000,1529398439000,80.899,80.938,80.898,80.931,133140000,1
1529398440000,1529398499000,80.93,80.945,80.92,80.93,156120000,1
1529398500000,1529398559000,80.931,80.934,80.904,80.931,187570000,1
1529398560000,1529398619000,80.931,80.935,80.916,80.935,183790000,1
1529398620000,1529398679000,80.936,80.952,80.932,80.941,184580000,1
1529398680000,1529398739000,80.939,80.945,80.926,80.928,153350000,1
1529398740000,1529398799000,80.928,80.928,80.902,80.921,173370000,1
1529398800000,1529398859000,80.922,80.961,80.918,80.939,199360000,1
1529398860000,1529398919000,80.938,80.962,80.927,80.962,148550000,1
1529398920000,1529398979000,80.964,80.973,80.96,80.966,82690000,1
1529398980000,1529399039000,80.965,80.967,80.953,80.957,113090000,1
1529399040000,1529399099000,80.954,80.969,80.94,80.966,156660000,1
1529399100000,1529399159000,80.966,80.968,80.951,80.953,98140000,1
1529399160000,1529399219000,80.953,80.996,80.953,80.996,119430000,1
1529399220000,1529399279000,80.997,81.046,80.997,81.044,196330000,1
1529399280000,1529399339000,81.044,81.059,81.044,81.058,126710000,1
1529399340000,1529399399000,81.058,81.071,81.041,81.042,234490000,1
1529399400000,1529399459000,81.042,81.042,81.009,81.012,177890000,1
1529399460000,1529399519000,81.012,81.034,81.006,81.034,131650000,1
1529399520000,1529399579000,81.035,81.035,81.019,81.019,97500000,1
1529399580000,1529399639000,81.018,81.018,80.999,81.016,174340000,1
1529399640000,1529399699000,81.015,81.019,80.996,81.001,174000000,1
1529399700000,1529399759000,80.999,80.999,80.96,80.986,212110000,1
1529399760000,1529399819000,80.987,81.002,80.957,80.967,192200000,1
1529399820000,1529399879000,80.969,80.973,80.961,80.964,93060000,1
1529399880000,1529399939000,80.966,80.98,80.95,80.955,138320000,1
1529399940000,1529399999000,80.957,80.98,80.953,80.98,147520000,1
1529400000000,1529400059000,80.979,80.985,80.966,80.98,155120000,1
1529400060000,1529400119000,80.98,81.008,80.979,81.007,104790000,1
1529400120000,1529400179000,81.007,81.016,80.994,81.005,126030000,1
1529400180000,1529400239000,81.005,81.048,81.005,81.036,108790000,1
1529400240000,1529400299000,81.033,81.034,81.023,81.023,54940000,1
1529400300000,1529400359000,81.024,81.029,80.999,81.0,123840000,1
1529400360000,1529400419000,80.999,81.022,80.998,81.006,108070000,1
1529400420000,1529400479000,81.006,81.017,81.001,81.001,150810000,1
1529400480000,1529400539000,81.002,81.002,80.99,80.994,113370000,1
1529400540000,1529400599000,80.994,81.003,80.978,80.999,129650000,1
1529400600000,1529400659000,80.998,81.024,80.983,81.015,180350000,1
1529400660000,1529400719000,81.014,81.031,81.007,81.026,95070000,1
1529400720000,1529400779000,81.026,81.028,81.0,81.004,92290000,1
1529400780000,1529400839000,81.002,81.009,80.99,81.002,125920000,1
1529400840000,1529400899000,81.003,81.003,80.979,80.981,98560000,1
1529400900000,1529400959000,80.981,81.0,80.981,80.994,101450000,1
1529400960000,1529401019000,80.995,81.0,80.98,80.997,113950000,1
1529401020000,1529401079000,80.998,81.004,80.993,81.002,96190000,1
1529401080000,1529401139000,81.001,81.014,80.995,81.014,133030000,1
1529401140000,1529401199000,81.013,81.041,81.01,81.041,88410000,1
1529401200000,1529401259000,81.04,81.04,81.028,81.035,86150000,1
1529401260000,1529401319000,81.037,81.058,81.037,81.058,95610000,1
1529401320000,1529401379000,81.06,81.06,81.043,81.043,60790000,1
1529401380000,1529401439000,81.043,81.048,81.041,81.043,67460000,1
1529401440000,1529401499000,81.043,81.069,81.043,81.066,105300000,1
1529401500000,1529401559000,81.066,81.073,81.054,81.055,89070000,1
1529401560000,1529401619000,81.057,81.058,81.041,81.046,84900000,1
1529401620000,1529401679000,81.046,81.046,81.041,81.041,37830000,1
1529401680000,1529401739000,81.041,81.046,81.031,81.041,107610000,1
1529401740000,1529401799000,81.041,81.044,81.034,81.042,66590000,1
1529401800000,1529401859000,81.041,81.042,81.027,81.027,101490000,1
1529401860000,1529401919000,81.025,81.025,80.993,81.009,108230000,1
1529401920000,1529401979000,81.008,81.014,80.994,80.999,125710000,1
1529401980000,1529402039000,80.998,80.998,80.99,80.997,114290000,1
1529402040000,1529402099000,80.999,81.0,80.986,80.986,128340000,1
1529402100000,1529402159000,80.986,81.009,80.986,81.009,135560000,1
1529402160000,1529402219000,81.01,81.017,81.0,81.014,93100000,1
1529402220000,1529402279000,81.015,81.026,80.998,81.014,160060000,1
1529402280000,1529402339000,81.014,81.02,81.011,81.012,136870000,1
1529402340000,1529402399000,81.011,81.015,81.0,81.008,96960000,1
1529402400000,1529402459000,81.009,81.009,80.992,80.996,127800000,1
1529402460000,1529402519000,80.998,81.007,80.993,80.998,130740000,1
1529402520000,1529402579000,80.999,81.014,80.995,81.011,124890000,1
1529402580000,1529402639000,81.012,81.032,81.012,81.027,114240000,1
1529402640000,1529402699000,81.029,81.058,81.019,81.023,165630000,1
1529402700000,1529402759000,81.023,81.023,81.003,81.021,107010000,1
1529402760000,1529402819000,81.022,81.055,81.011,81.055,109180000,1
1529402820000,1529402879000,81.056,81.059,81.037,81.042,122860000,1
1529402880000,1529402939000,81.042,81.042,81.016,81.034,143190000,1
1529402940000,1529402999000,81.034,81.036,81.023,81.023,129070000,1
1529403000000,1529403059000,81.022,81.044,81.013,81.039,106530000,1
1529403060000,1529403119000,81.037,81.042,81.033,81.04,74560000,1
1529403120000,1529403179000,81.039,81.045,81.035,81.041,97660000,1
1529403180000,1529403239000,81.04,81.053,81.04,81.049,168420000,1
1529403240000,1529403299000,81.048,81.052,81.04,81.045,126320000,1
1529403300000,1529403359000,81.044,81.062,81.042,81.059,150670000,1
1529403360000,1529403419000,81.059,81.06,81.032,81.034,135180000,1
1529403420000,1529403479000,81.033,81.042,81.021,81.023,127630000,1
1529403480000,1529403539000,81.023,81.034,81.013,81.031,78570000,1
1529403540000,1529403599000,81.032,81.043,81.029,81.033,87960000,1
1529403600000,1529403659000,81.034,81.054,81.022,81.022,89320000,1
1529403660000,1529403719000,81.02,81.03,81.013,81.03,156180000,1
1529403720000,1529403779000,81.029,81.03,80.998,80.998,121270000,1
1529403780000,1529403839000,80.999,81.003,80.983,80.993,106840000,1
1529403840000,1529403899000,80.992,80.997,80.991,80.996,52610000,1
1529403900000,1529403959000,80.997,81.001,80.993,80.997,91180000,1
1529403960000,1529404019000,80.996,80.998,80.989,80.991,89010000,1
1529404020000,1529404079000,80.992,80.996,80.981,80.996,82250000,1
1529404080000,1529404139000,80.996,81.002,80.99,81.0,57820000,1
1529404140000,1529404199000,81.001,81.005,80.974,80.976,110750000,1
1529404200000,1529404259000,80.975,80.983,80.959,80.964,118210000,1
1529404260000,1529404319000,80.964,80.967,80.954,80.954,84090000,1
1529404320000,1529404379000,80.954,80.954,80.934,80.939,128370000,1
1529404380000,1529404439000,80.94,80.94,80.929,80.936,89360000,1
1529404440000,1529404499000,80.936,80.941,80.924,80.926,100460000,1
1529404500000,1529404559000,80.925,80.927,80.905,80.908,114370000,1
1529404560000,1529404619000,80.908,80.917,80.896,80.899,106800000,1
1529404620000,1529404679000,80.899,80.905,80.893,80.896,73240000,1
1529404680000,1529404739000,80.897,80.903,80.884,80.889,127300000,1
1529404740000,1529404799000,80.89,80.9,80.871,80.888,109060000,1
1529404800000,1529404859000,80.889,80.89,80.848,80.852,114580000,1
1529404860000,1529404919000,80.853,80.869,80.843,80.857,117550000,1
1529404920000,1529404979000,80.856,80.868,80.856,80.86,81200000,1
1529404980000,1529405039000,80.859,80.859,80.848,80.849,78700000,1
1529405040000,1529405099000,80.848,80.875,80.844,80.875,90510000,1
1529405100000,1529405159000,80.874,80.887,80.874,80.881,88570000,1
1529405160000,1529405219000,80.882,80.884,80.878,80.881,47070000,1
1529405220000,1529405279000,80.879,80.888,80.874,80.878,92870000,1
1529405280000,1529405339000,80.877,80.877,80.857,80.87,100290000,1
1529405340000,1529405399000,80.87,80.876,80.865,80.865,82780000,1
1529405400000,1529405459000,80.867,80.876,80.857,80.857,73100000,1
1529405460000,1529405519000,80.857,80.866,80.853,80.861,80530000,1
1529405520000,1529405579000,80.86,80.86,80.831,80.831,111960000,1
1529405580000,1529405639000,80.835,80.867,80.834,80.862,137880000,1
1529405640000,1529405699000,80.862,80.879,80.859,80.874,113570000,1
1529405700000,1529405759000,80.874,80.892,80.874,80.891,102700000,1
1529405760000,1529405819000,80.892,80.898,80.868,80.868,86620000,1
1529405820000,1529405879000,80.868,80.877,80.865,80.877,56390000,1
1529405880000,1529405939000,80.876,80.89,80.875,80.888,88820000,1
1529405940000,1529405999000,80.887,80.932,80.886,80.912,114020000,1
1529406000000,1529406059000,80.912,80.925,80.906,80.906,173880000,1
1529406060000,1529406119000,80.906,80.908,80.887,80.89,143710000,1
1529406120000,1529406179000,80.892,80.902,80.886,80.889,91060000,1
1529406180000,1529406239000,80.888,80.892,80.882,80.887,120880000,1
1529406240000,1529406299000,80.886,80.888,80.869,80.881,126910000,1
1529406300000,1529406359000,80.882,80.888,80.875,80.888,148350000,1
1529406360000,1529406419000,80.887,80.887,80.857,80.858,96800000,1
1529406420000,1529406479000,80.859,80.871,80.855,80.857,96170000,1
1529406480000,1529406539000,80.856,80.863,80.843,80.848,102210000,1
1529406540000,1529406599000,80.848,80.861,80.843,80.86,145540000,1
1529406600000,1529406659000,80.859,80.859,80.836,80.843,109020000,1
1529406660000,1529406719000,80.842,80.854,80.837,80.845,159740000,1
1529406720000,1529406779000,80.847,80.847,80.807,80.808,149700000,1
1529406780000,1529406839000,80.808,80.833,80.808,80.833,107660000,1
1529406840000,1529406899000,80.832,80.836,80.798,80.8,102450000,1
1529406900000,1529406959000,80.8,80.829,80.8,80.822,79500000,1
1529406960000,1529407019000,80.821,80.822,80.811,80.811,75810000,1
1529407020000,1529407079000,80.81,80.81,80.793,80.799,107150000,1
1529407080000,1529407139000,80.8,80.831,80.8,80.821,114680000,1
1529407140000,1529407199000,80.821,80.823,80.793,80.793,167990000,1
1529407200000,1529407259000,80.794,80.796,80.787,80.791,78060000,1
1529407260000,1529407319000,80.792,80.802,80.784,80.791,143450000,1
1529407320000,1529407379000,80.79,80.798,80.78,80.792,175170000,1
1529407380000,1529407439000,80.793,80.797,80.764,80.768,158890000,1
1529407440000,1529407499000,80.769,80.797,80.756,80.79,120730000,1
1529407500000,1529407559000,80.792,80.8,80.781,80.788,96310000,1
1529407560000,1529407619000,80.788,80.789,80.754,80.772,123510000,1
1529407620000,1529407679000,80.773,80.777,80.745,80.745,145520000,1
1529407680000,1529407739000,80.744,80.753,80.714,80.715,148180000,1
1529407740000,1529407799000,80.714,80.734,80.701,80.705,200590000,1
1529407800000,1529407859000,80.704,80.711,80.694,80.7,150060000,1
1529407860000,1529407919000,80.701,80.728,80.686,80.728,154360000,1
1529407920000,1529407979000,80.728,80.74,80.727,80.729,117460000,1
1529407980000,1529408039000,80.73,80.743,80.729,80.736,124390000,1
1529408040000,1529408099000,80.735,80.755,80.725,80.754,122120000,1
1529408100000,1529408159000,80.755,80.756,80.745,80.75,110120000,1
1529408160000,1529408219000,80.75,80.751,80.741,80.749,99400000,1
1529408220000,1529408279000,80.749,80.753,80.738,80.749,71640000,1
1529408280000,1529408339000,80.75,80.773,80.749,80.773,76920000,1
1529408340000,1529408399000,80.772,80.772,80.722,80.725,178410000,1
1529408400000,1529408459000,80.727,80.741,80.726,80.726,86660000,1
1529408460000,1529408519000,80.726,80.726,80.702,80.71,132080000,1
1529408520000,1529408579000,80.711,80.75,80.711,80.75,117590000,1
1529408580000,1529408639000,80.75,80.759,80.735,80.755,84850000,1
1529408640000,1529408699000,80.756,80.769,80.753,80.769,79640000,1
1529408700000,1529408759000,80.769,80.769,80.754,80.755,100400000,1
1529408760000,1529408819000,80.754,80.77,80.751,80.77,99500000,1
1529408820000,1529408879000,80.77,80.774,80.762,80.765,98330000,1
1529408880000,1529408939000,80.765,80.777,80.761,80.777,73810000,1
1529408940000,1529408999000,80.777,80.814,80.774,80.811,103790000,1
1529409000000,1529409059000,80.811,80.837,80.808,80.836,147640000,1
1529409060000,1529409119000,80.836,80.86,80.835,80.856,139110000,1
1529409120000,1529409179000,80.854,80.863,80.852,80.862,86910000,1
1529409180000,1529409239000,80.862,80.886,80.862,80.879,160320000,1
1529409240000,1529409299000,80.878,80.897,80.877,80.892,158810000,1
1529409300000,1529409359000,80.892,80.894,80.881,80.884,82610000,1
1529409360000,1529409419000,80.883,80.9,80.882,80.891,122180000,1
1529409420000,1529409479000,80.892,80.894,80.877,80.877,108500000,1
1529409480000,1529409539000,80.878,80.88,80.868,80.877,73760000,1
1529409540000,1529409599000,80.877,80.885,80.873,80.885,95130000,1
1529409600000,1529409659000,80.884,80.884,80.847,80.85,135150000,1
1529409660000,1529409719000,80.853,80.891,80.853,80.883,199960000,1
1529409720000,1529409779000,80.883,80.884,80.867,80.877,155690000,1
1529409780000,1529409839000,80.877,80.887,80.839,80.84,155840000,1
1529409840000,1529409899000,80.842,80.842,80.803,80.814,154930000,1
1529409900000,1529409959000,80.813,80.814,80.799,80.805,133650000,1
1529409960000,1529410019000,80.806,80.807,80.789,80.8,137800000,1
1529410020000,1529410079000,80.799,80.799,80.78,80.794,118210000,1
1529410080000,1529410139000,80.795,80.818,80.794,80.818,111630000,1
1529410140000,1529410199000,80.818,80.818,80.784,80.799,99470000,1
1529410200000,1529410259000,80.799,80.815,80.787,80.811,96990000,1
1529410260000,1529410319000,80.812,80.818,80.805,80.81,87030000,1
1529410320000,1529410379000,80.808,80.814,80.793,80.793,151710000,1
1529410380000,1529410439000,80.791,80.806,80.786,80.789,106460000,1
1529410440000,1529410499000,80.79,80.79,80.76,80.775,191960000,1
1529410500000,1529410559000,80.775,80.817,80.775,80.805,198870000,1
1529410560000,1529410619000,80.803,80.811,80.795,80.809,79420000,1
1529410620000,1529410679000,80.808,80.808,80.792,80.792,158480000,1
1529410680000,1529410739000,80.792,80.796,80.786,80.786,147570000,1
1529410740000,1529410799000,80.786,80.788,80.755,80.763,130910000,1
1529410800000,1529410859000,80.764,80.765,80.748,80.751,107860000,1
1529410860000,1529410919000,80.752,80.784,80.75,80.784,122230000,1
1529410920000,1529410979000,80.783,80.783,80.758,80.761,173580000,1
1529410980000,1529411039000,80.761,80.777,80.761,80.771,120170000,1
1529411040000,1529411099000,80.77,80.787,80.769,80.787,92210000,1
1529411100000,1529411159000,80.787,80.796,80.778,80.788,95740000,1
1529411160000,1529411219000,80.788,80.801,80.781,80.795,185220000,1
1529411220000,1529411279000,80.793,80.796,80.784,80.784,148440000,1
1529411280000,1529411339000,80.785,80.798,80.773,80.798,124940000,1
1529411340000,1529411399000,80.798,80.803,80.79,80.793,206540000,1
1529411400000,1529411459000,80.795,80.809,80.788,80.804,107370000,1
1529411460000,1529411519000,80.804,80.812,80.798,80.805,118540000,1
1529411520000,1529411579000,80.805,80.823,80.795,80.818,182080000,1
1529411580000,1529411639000,80.818,80.821,80.801,80.812,201320000,1
1529411640000,1529411699000,80.813,80.829,80.811,80.82,168730000,1
1529411700000,1529411759000,80.819,80.819,80.802,80.809,220460000,1
1529411760000,1529411819000,80.81,80.818,80.809,80.816,87230000,1
1529411820000,1529411879000,80.815,80.87,80.815,80.869,137370000,1
1529411880000,1529411939000,80.871,80.88,80.852,80.878,109820000,1
1529411940000,1529411999000,80.877,80.88,80.868,80.875,115130000,1
1529412000000,1529412059000,80.875,80.903,80.875,80.903,97300000,1
1529412060000,1529412119000,80.903,80.917,80.902,80.908,102260000,1
1529412120000,1529412179000,80.905,80.919,80.891,80.919,103960000,1
1529412180000,1529412239000,80.92,80.937,80.92,80.936,123420000,1
1529412240000,1529412299000,80.937,80.971,80.935,80.969,165550000,1
1529412300000,1529412359000,80.97,80.985,80.957,80.957,164090000,1
1529412360000,1529412419000,80.957,80.957,80.936,80.938,129140000,1
1529412420000,1529412479000,80.939,80.95,80.93,80.95,106490000,1
1529412480000,1529412539000,80.949,80.95,80.938,80.94,92430000,1
1529412540000,1529412599000,80.941,80.951,80.94,80.951,96960000,1
1529412600000,1529412659000,80.952,80.961,80.95,80.95,111550000,1
1529412660000,1529412719000,80.95,80.952,80.936,80.937,116270000,1
1529412720000,1529412779000,80.937,80.937,80.916,80.919,85030000,1
1529412780000,1529412839000,80.919,80.931,80.918,80.926,61240000,1
1529412840000,1529412899000,80.926,80.935,80.914,80.914,111310000,1
1529412900000,1529412959000,80.914,80.919,80.905,80.915,96260000,1
1529412960000,1529413019000,80.915,80.922,80.913,80.921,72890000,1
1529413020000,1529413079000,80.921,80.933,80.914,80.933,106560000,1
1529413080000,1529413139000,80.932,80.941,80.929,80.93,126820000,1
1529413140000,1529413199000,80.93,80.93,80.915,80.927,122030000,1
1529413200000,1529413259000,80.928,80.947,80.921,80.944,128530000,1
1529413260000,1529413319000,80.944,80.944,80.919,80.93,124100000,1
1529413320000,1529413379000,80.929,80.938,80.925,80.935,109660000,1
1529413380000,1529413439000,80.934,80.935,80.923,80.926,106730000,1
1529413440000,1529413499000,80.926,80.938,80.926,80.938,106100000,1
1529413500000,1529413559000,80.938,80.938,80.924,80.928,91730000,1
1529413560000,1529413619000,80.929,80.943,80.929,80.943,109540000,1
1529413620000,1529413679000,80.942,80.943,80.929,80.932,107210000,1
1529413680000,1529413739000,80.932,80.944,80.932,80.941,90760000,1
1529413740000,1529413799000,80.941,80.959,80.941,80.959,88210000,1
1529413800000,1529413859000,80.958,80.959,80.943,80.948,108250000,1
1529413860000,1529413919000,80.948,80.951,80.937,80.944,91620000,1
1529413920000,1529413979000,80.945,80.951,80.931,80.935,97050000,1
1529413980000,1529414039000,80.936,80.946,80.929,80.944,93500000,1
1529414040000,1529414099000,80.946,80.957,80.94,80.943,95610000,1
1529414100000,1529414159000,80.943,80.944,80.931,80.942,244880000,1
1529414160000,1529414219000,80.941,80.958,80.94,80.956,167000000,1
1529414220000,1529414279000,80.957,80.969,80.945,80.963,107600000,1
1529414280000,1529414339000,80.963,80.963,80.936,80.947,149490000,1
1529414340000,1529414399000,80.948,80.951,80.937,80.938,126910000,1
1529414400000,1529414459000,80.937,80.966,80.937,80.965,144670000,1
1529414460000,1529414519000,80.966,80.979,80.957,80.967,76350000,1
1529414520000,1529414579000,80.968,80.987,80.967,80.987,106400000,1
1529414580000,1529414639000,80.988,80.998,80.98,80.996,128700000,1
1529414640000,1529414699000,80.995,80.996,80.964,80.972,104880000,1
1529414700000,1529414759000,80.972,81.006,80.971,81.003,131760000,1
1529414760000,1529414819000,81.001,81.009,80.98,80.981,107470000,1
1529414820000,1529414879000,80.981,80.994,80.967,80.969,149490000,1
1529414880000,1529414939000,80.969,80.994,80.969,80.992,134770000,1
1529414940000,1529414999000,80.992,80.992,80.974,80.988,144070000,1
1529415000000,1529415059000,80.988,80.992,80.949,80.953,198140000,1
1529415060000,1529415119000,80.954,81.016,80.954,81.012,205130000,1
1529415120000,1529415179000,81.013,81.018,80.988,81.016,180110000,1
1529415180000,1529415239000,81.015,81.015,80.97,80.983,208410000,1
1529415240000,1529415299000,80.982,81.009,80.982,81.006,190890000,1
1529415300000,1529415359000,81.007,81.019,80.969,80.969,180020000,1
1529415360000,1529415419000,80.971,81.002,80.967,81.0,187660000,1
1529415420000,1529415479000,81.002,81.05,81.0,81.029,182020000,1
1529415480000,1529415539000,81.029,81.045,81.026,81.035,193960000,1
1529415540000,1529415599000,81.034,81.035,81.018,81.026,173270000,1
1529415600000,1529415659000,81.026,81.027,81.008,81.017,155270000,1
1529415660000,1529415719000,81.017,81.017,80.996,81.001,117270000,1
1529415720000,1529415779000,81.0,81.009,80.994,81.005,135740000,1
1529415780000,1529415839000,81.007,81.011,80.991,81.006,155620000,1
1529415840000,1529415899000,81.005,81.032,81.0,81.013,166400000,1
1529415900000,1529415959000,81.013,81.014,80.993,81.0,176240000,1
1529415960000,1529416019000,81.003,81.019,81.003,81.013,176590000,1
1529416020000,1529416079000,81.012,81.032,81.005,81.024,126480000,1
1529416080000,1529416139000,81.023,81.039,81.023,81.039,124840000,1
1529416140000,1529416199000,81.038,81.038,81.014,81.035,185780000,1
1529416200000,1529416259000,81.034,81.039,81.025,81.028,87200000,1
1529416260000,1529416319000,81.027,81.029,80.991,80.992,178370000,1
1529416320000,1529416379000,80.992,80.992,80.952,80.962,164330000,1
1529416380000,1529416439000,80.963,80.967,80.947,80.947,106850000,1
1529416440000,1529416499000,80.946,80.957,80.929,80.93,133400000,1
1529416500000,1529416559000,80.929,80.931,80.917,80.931,188140000,1
1529416560000,1529416619000,80.931,80.952,80.919,80.943,128070000,1
1529416620000,1529416679000,80.943,80.958,80.943,80.953,139220000,1
1529416680000,1529416739000,80.953,80.953,80.905,80.908,161030000,1
1529416740000,1529416799000,80.907,80.921,80.902,80.918,191820000,1
1529416800000,1529416859000,80.917,80.92,80.886,80.893,201190000,1
1529416860000,1529416919000,80.894,80.902,80.88,80.883,144430000,1
1529416920000,1529416979000,80.883,80.895,80.878,80.878,145680000,1
1529416980000,1529417039000,80.878,80.902,80.876,80.896,157880000,1
1529417040000,1529417099000,80.898,80.925,80.895,80.925,180550000,1
1529417100000,1529417159000,80.923,80.936,80.919,80.92,153630000,1
1529417160000,1529417219000,80.919,80.93,80.916,80.928,130590000,1
1529417220000,1529417279000,80.928,80.933,80.918,80.919,123240000,1
1529417280000,1529417339000,80.917,80.917,80.871,80.874,146720000,1
1529417340000,1529417399000,80.876,80.89,80.865,80.865,158490000,1
1529417400000,1529417459000,80.865,80.865,80.837,80.841,130900000,1
1529417460000,1529417519000,80.841,80.917,80.839,80.916,231540000,1
1529417520000,1529417579000,80.914,80.916,80.873,80.882,172170000,1
1529417580000,1529417639000,80.881,80.909,80.879,80.907,113040000,1
1529417640000,1529417699000,80.908,80.917,80.87,80.874,157150000,1
1529417700000,1529417759000,80.874,80.874,80.852,80.852,169560000,1
1529417760000,1529417819000,80.851,80.858,80.836,80.84,184620000,1
1529417820000,1529417879000,80.839,80.846,80.83,80.846,156060000,1
1529417880000,1529417939000,80.853,80.855,80.835,80.844,168600000,1
1529417940000,1529417999000,80.844,80.863,80.84,80.86,115030000,1
1529418000000,1529418059000,80.859,80.868,80.838,80.845,154440000,1
1529418060000,1529418119000,80.846,80.852,80.835,80.847,138690000,1
1529418120000,1529418179000,80.847,80.859,80.842,80.853,156460000,1
1529418180000,1529418239000,80.855,80.855,80.842,80.842,132870000,1
1529418240000,1529418299000,80.842,80.843,80.823,80.825,127190000,1
1529418300000,1529418359000,80.824,80.831,80.814,80.83,109440000,1
1529418360000,1529418419000,80.829,80.832,80.808,80.809,129690000,1
1529418420000,1529418479000,80.808,80.819,80.766,80.768,153980000,1
1529418480000,1529418539000,80.768,80.776,80.747,80.755,148890000,1
1529418540000,1529418599000,80.758,80.8,80.752,80.797,207180000,1
1529418600000,1529418659000,80.799,80.8,80.774,80.786,130360000,1
1529418660000,1529418719000,80.788,80.799,80.775,80.78,169100000,1
1529418720000,1529418779000,80.779,80.793,80.773,80.793,134970000,1
1529418780000,1529418839000,80.793,80.794,80.775,80.777,129290000,1
1529418840000,1529418899000,80.779,80.783,80.764,80.771,168820000,1
1529418900000,1529418959000,80.772,80.772,80.751,80.761,156340000,1
1529418960000,1529419019000,80.762,80.77,80.757,80.757,135370000,1
1529419020000,1529419079000,80.756,80.787,80.753,80.787,134600000,1
1529419080000,1529419139000,80.786,80.786,80.75,80.756,140190000,1
1529419140000,1529419199000,80.756,80.785,80.748,80.749,175460000,1
1529419200000,1529419259000,80.749,80.749,80.723,80.723,147690000,1
1529419260000,1529419319000,80.724,80.739,80.715,80.727,161980000,1
1529419320000,1529419379000,80.728,80.756,80.723,80.754,118400000,1
1529419380000,1529419439000,80.756,80.781,80.755,80.768,112920000,1
1529419440000,1529419499000,80.769,80.797,80.765,80.785,154640000,1
1529419500000,1529419559000,80.785,80.823,80.778,80.817,171970000,1
1529419560000,1529419619000,80.817,80.837,80.817,80.828,119190000,1
1529419620000,1529419679000,80.827,80.889,80.824,80.872,161170000,1
1529419680000,1529419739000,80.872,80.917,80.867,80.912,143140000,1
1529419740000,1529419799000,80.913,80.914,80.889,80.898,150720000,1
1529419800000,1529419859000,80.899,80.903,80.895,80.903,117050000,1
1529419860000,1529419919000,80.904,80.904,80.891,80.893,106110000,1
1529419920000,1529419979000,80.893,80.895,80.887,80.891,74230000,1
1529419980000,1529420039000,80.891,80.927,80.891,80.927,103310000,1
1529420040000,1529420099000,80.929,80.959,80.926,80.93,167880000,1
1529420100000,1529420159000,80.93,80.955,80.927,80.952,154470000,1
1529420160000,1529420219000,80.951,80.96,80.936,80.952,185880000,1
1529420220000,1529420279000,80.955,80.957,80.926,80.935,166820000,1
1529420280000,1529420339000,80.933,80.94,80.916,80.916,181190000,1
1529420340000,1529420399000,80.916,80.917,80.901,80.904,187400000,1
1529420400000,1529420459000,80.905,80.918,80.889,80.912,125470000,1
1529420460000,1529420519000,80.912,80.946,80.907,80.946,176150000,1
1529420520000,1529420579000,80.945,80.957,80.933,80.935,210630000,1
1529420580000,1529420639000,80.936,80.94,80.897,80.903,118890000,1
1529420640000,1529420699000,80.903,80.913,80.885,80.888,139800000,1
1529420700000,1529420759000,80.887,80.89,80.877,80.883,129950000,1
1529420760000,1529420819000,80.883,80.892,80.878,80.889,122350000,1
1529420820000,1529420879000,80.889,80.889,80.874,80.877,126490000,1
1529420880000,1529420939000,80.877,80.905,80.877,80.905,107780000,1
1529420940000,1529420999000,80.905,80.939,80.902,80.938,103270000,1
1529421000000,1529421059000,80.939,80.948,80.932,80.941,110010000,1
1529421060000,1529421119000,80.94,80.96,80.921,80.949,121120000,1
1529421120000,1529421179000,80.95,80.962,80.941,80.947,122580000,1
1529421180000,1529421239000,80.946,80.948,80.931,80.938,159330000,1
1529421240000,1529421299000,80.938,80.938,80.922,80.927,168230000,1
1529421300000,1529421359000,80.929,80.966,80.923,80.966,93660000,1
1529421360000,1529421419000,80.966,80.967,80.93,80.935,140450000,1
1529421420000,1529421479000,80.936,80.938,80.909,80.918,142630000,1
1529421480000,1529421539000,80.918,80.962,80.918,80.955,133020000,1
1529421540000,1529421599000,80.956,80.963,80.949,80.953,140070000,1
1529421600000,1529421659000,80.953,81.013,80.952,81.013,185780000,1
1529421660000,1529421719000,81.013,81.03,80.994,81.025,193060000,1
1529421720000,1529421779000,81.024,81.063,81.016,81.06,170420000,1
1529421780000,1529421839000,81.061,81.1,81.06,81.097,158770000,1
1529421840000,1529421899000,81.098,81.129,81.084,81.129,189710000,1
1529421900000,1529421959000,81.13,81.174,81.117,81.171,219370000,1
1529421960000,1529422019000,81.17,81.19,81.157,81.168,177460000,1
1529422020000,1529422079000,81.168,81.191,81.16,81.167,178330000,1
1529422080000,1529422139000,81.166,81.174,81.137,81.137,146450000,1
1529422140000,1529422199000,81.136,81.136,81.125,81.132,158470000,1
1529422200000,1529422259000,81.132,81.157,81.132,81.153,95890000,1
1529422260000,1529422319000,81.153,81.164,81.14,81.153,161260000,1
1529422320000,1529422379000,81.153,81.215,81.153,81.215,161850000,1
1529422380000,1529422439000,81.214,81.214,81.174,81.185,186810000,1
1529422440000,1529422499000,81.183,81.193,81.154,81.154,190540000,1
1529422500000,1529422559000,81.155,81.155,81.142,81.154,103770000,1
1529422560000,1529422619000,81.153,81.167,81.149,81.15,173120000,1
1529422620000,1529422679000,81.148,81.171,81.143,81.162,150980000,1
1529422680000,1529422739000,81.162,81.188,81.16,81.176,178610000,1
1529422740000,1529422799000,81.177,81.177,81.157,81.163,139460000,1
1529422800000,1529422859000,81.162,81.175,81.137,81.173,184530000,1
1529422860000,1529422919000,81.173,81.196,81.173,81.191,158470000,1
1529422920000,1529422979000,81.192,81.193,81.179,81.188,151240000,1
1529422980000,1529423039000,81.188,81.19,81.181,81.187,152150000,1
1529423040000,1529423099000,81.187,81.207,81.185,81.205,123610000,1
1529423100000,1529423159000,81.206,81.226,81.195,81.224,128330000,1
1529423160000,1529423219000,81.222,81.258,81.221,81.242,120460000,1
1529423220000,1529423279000,81.242,81.242,81.216,81.221,107810000,1
1529423280000,1529423339000,81.22,81.24,81.22,81.24,65820000,1
1529423340000,1529423399000,81.241,81.245,81.233,81.238,65510000,1
1529423400000,1529423459000,81.238,81.241,81.23,81.237,86930000,1
1529423460000,1529423519000,81.235,81.241,81.231,81.237,95960000,1
1529423520000,1529423579000,81.236,81.264,81.234,81.252,97000000,1
1529423580000,1529423639000,81.254,81.263,81.25,81.259,113670000,1
1529423640000,1529423699000,81.259,81.273,81.257,81.267,101360000,1
1529423700000,1529423759000,81.267,81.27,81.248,81.265,117580000,1
1529423760000,1529423819000,81.265,81.285,81.262,81.284,112670000,1
1529423820000,1529423879000,81.285,81.288,81.267,81.267,102830000,1
1529423880000,1529423939000,81.267,81.267,81.24,81.24,111490000,1
1529423940000,1529423999000,81.241,81.259,81.236,81.24,117650000,1
1529424000000,1529424059000,81.24,81.251,81.236,81.246,159910000,1
1529424060000,1529424119000,81.246,81.246,81.211,81.22,112190000,1
1529424120000,1529424179000,81.221,81.234,81.219,81.232,74630000,1
1529424180000,1529424239000,81.231,81.232,81.22,81.221,90970000,1
1529424240000,1529424299000,81.222,81.233,81.211,81.211,87750000,1
1529424300000,1529424359000,81.211,81.215,81.204,81.208,82790000,1
1529424360000,1529424419000,81.208,81.208,81.192,81.193,72710000,1
1529424420000,1529424479000,81.194,81.198,81.192,81.196,73420000,1
1529424480000,1529424539000,81.197,81.213,81.193,81.21,61520000,1
1529424540000,1529424599000,81.211,81.213,81.203,81.209,54360000,1
1529424600000,1529424659000,81.21,81.218,81.184,81.187,113610000,1
1529424660000,1529424719000,81.188,81.193,81.185,81.187,69200000,1
1529424720000,1529424779000,81.186,81.186,81.171,81.177,87440000,1
1529424780000,1529424839000,81.176,81.179,81.163,81.166,91600000,1
1529424840000,1529424899000,81.168,81.173,81.156,81.158,116250000,1
1529424900000,1529424959000,81.156,81.169,81.155,81.166,101060000,1
1529424960000,1529425019000,81.165,81.172,81.163,81.167,88140000,1
1529425020000,1529425079000,81.167,81.191,81.162,81.189,82840000,1
1529425080000,1529425139000,81.188,81.189,81.175,81.182,74880000,1
1529425140000,1529425199000,81.181,81.191,81.179,81.186,57970000,1
1529425200000,1529425259000,81.187,81.197,81.183,81.187,118840000,1
1529425260000,1529425319000,81.187,81.204,81.187,81.203,78450000,1
1529425320000,1529425379000,81.203,81.213,81.191,81.203,74900000,1
1529425380000,1529425439000,81.204,81.213,81.201,81.211,69570000,1
1529425440000,1529425499000,81.211,81.227,81.209,81.226,81910000,1
1529425500000,1529425559000,81.227,81.227,81.217,81.217,96490000,1
1529425560000,1529425619000,81.217,81.217,81.197,81.199,62870000,1
1529425620000,1529425679000,81.2,81.2,81.187,81.192,76680000,1
1529425680000,1529425739000,81.192,81.195,81.182,81.187,64460000,1
1529425740000,1529425799000,81.186,81.19,81.184,81.19,31120000,1
1529425800000,1529425859000,81.191,81.193,81.173,81.178,61850000,1
1529425860000,1529425919000,81.179,81.179,81.16,81.161,77330000,1
1529425920000,1529425979000,81.162,81.17,81.158,81.163,90950000,1
1529425980000,1529426039000,81.164,81.167,81.157,81.157,56660000,1
1529426040000,1529426099000,81.158,81.162,81.15,81.156,73490000,1
1529426100000,1529426159000,81.155,81.161,81.152,81.156,105210000,1
1529426160000,1529426219000,81.155,81.156,81.143,81.143,71780000,1
1529426220000,1529426279000,81.143,81.145,81.137,81.141,61410000,1
1529426280000,1529426339000,81.143,81.144,81.133,81.137,114700000,1
1529426340000,1529426399000,81.135,81.147,81.13,81.139,92810000,1
1529426400000,1529426459000,81.14,81.14,81.115,81.117,97490000,1
1529426460000,1529426519000,81.118,81.12,81.083,81.084,95480000,1
1529426520000,1529426579000,81.084,81.102,81.078,81.102,122320000,1
1529426580000,1529426639000,81.101,81.105,81.079,81.082,123770000,1
1529426640000,1529426699000,81.082,81.085,81.076,81.08,81890000,1
1529426700000,1529426759000,81.079,81.082,81.07,81.074,95190000,1
1529426760000,1529426819000,81.074,81.098,81.073,81.098,43620000,1
1529426820000,1529426879000,81.1,81.113,81.091,81.091,96240000,1
1529426880000,1529426939000,81.09,81.09,81.076,81.081,87570000,1
1529426940000,1529426999000,81.081,81.088,81.074,81.078,130700000,1
1529427000000,1529427059000,81.078,81.078,81.063,81.075,139060000,1
1529427060000,1529427119000,81.073,81.082,81.073,81.078,112470000,1
1529427120000,1529427179000,81.079,81.082,81.075,81.077,99460000,1
1529427180000,1529427239000,81.077,81.083,81.065,81.083,99910000,1
1529427240000,1529427299000,81.083,81.093,81.083,81.089,75410000,1
1529427300000,1529427359000,81.089,81.098,81.089,81.095,79890000,1
1529427360000,1529427419000,81.095,81.121,81.095,81.121,67400000,1
1529427420000,1529427479000,81.121,81.121,81.111,81.116,68560000,1
1529427480000,1529427539000,81.117,81.117,81.1,81.107,66060000,1
1529427540000,1529427599000,81.108,81.128,81.108,81.123,111820000,1
1529427600000,1529427659000,81.122,81.122,81.107,81.107,91870000,1
1529427660000,1529427719000,81.106,81.11,81.083,81.085,110850000,1
1529427720000,1529427779000,81.084,81.092,81.075,81.082,108140000,1
1529427780000,1529427839000,81.083,81.088,81.081,81.083,85340000,1
1529427840000,1529427899000,81.082,81.084,81.077,81.084,54410000,1
1529427900000,1529427959000,81.083,81.085,81.08,81.08,79100000,1
1529427960000,1529428019000,81.08,81.081,81.076,81.081,24250000,1
1529428020000,1529428079000,81.081,81.089,81.08,81.08,65510000,1
1529428080000,1529428139000,81.08,81.1,81.08,81.095,47270000,1
1529428140000,1529428199000,81.095,81.098,81.081,81.084,76750000,1
1529428200000,1529428259000,81.084,81.092,81.078,81.09,77470000,1
1529428260000,1529428319000,81.091,81.109,81.086,81.102,111240000,1
1529428320000,1529428379000,81.105,81.113,81.099,81.111,106690000,1
1529428380000,1529428439000,81.109,81.11,81.102,81.102,88570000,1
1529428440000,1529428499000,81.102,81.106,81.093,81.098,62000000,1
1529428500000,1529428559000,81.099,81.114,81.092,81.113,108210000,1
1529428560000,1529428619000,81.113,81.113,81.099,81.1,107000000,1
1529428620000,1529428679000,81.103,81.117,81.101,81.116,75960000,1
1529428680000,1529428739000,81.116,81.118,81.102,81.102,64340000,1
1529428740000,1529428799000,81.101,81.101,81.084,81.085,72090000,1
1529428800000,1529428859000,81.085,81.091,81.082,81.091,60540000,1
1529428860000,1529428919000,81.091,81.093,81.077,81.08,71820000,1
1529428920000,1529428979000,81.08,81.089,81.078,81.089,59770000,1
1529428980000,1529429039000,81.09,81.105,81.09,81.1,103770000,1
1529429040000,1529429099000,81.099,81.103,81.087,81.088,66560000,1
1529429100000,1529429159000,81.09,81.093,81.086,81.086,71350000,1
1529429160000,1529429219000,81.087,81.092,81.07,81.071,63230000,1
1529429220000,1529429279000,81.072,81.076,81.065,81.073,77850000,1
1529429280000,1529429339000,81.072,81.078,81.069,81.073,58500000,1
1529429340000,1529429399000,81.073,81.075,81.065,81.068,62000000,1
1529429400000,1529429459000,81.066,81.066,81.042,81.045,102050000,1
1529429460000,1529429519000,81.044,81.05,81.044,81.047,63650000,1
1529429520000,1529429579000,81.047,81.052,81.047,81.052,40540000,1
1529429580000,1529429639000,81.052,81.063,81.052,81.063,60570000,1
1529429640000,1529429699000,81.062,81.066,81.055,81.065,92790000,1
1529429700000,1529429759000,81.065,81.075,81.064,81.075,63520000,1
1529429760000,1529429819000,81.076,81.091,81.068,81.091,79050000,1
1529429820000,1529429879000,81.091,81.102,81.086,81.1,80910000,1
1529429880000,1529429939000,81.096,81.097,81.084,81.084,78840000,1
1529429940000,1529429999000,81.084,81.099,81.084,81.099,92390000,1
1529430000000,1529430059000,81.099,81.118,81.099,81.118,97550000,1
1529430060000,1529430119000,81.117,81.121,81.11,81.116,76880000,1
1529430120000,1529430179000,81.116,81.118,81.112,81.118,71080000,1
1529430180000,1529430239000,81.121,81.13,81.118,81.124,38670000,1
1529430240000,1529430299000,81.123,81.128,81.122,81.128,54990000,1
1529430300000,1529430359000,81.128,81.141,81.128,81.14,103510000,1
1529430360000,1529430419000,81.14,81.15,81.14,81.149,56970000,1
1529430420000,1529430479000,81.148,81.148,81.132,81.135,72040000,1
1529430480000,1529430539000,81.134,81.143,81.128,81.131,125690000,1
1529430540000,1529430599000,81.131,81.157,81.131,81.157,115650000,1
1529430600000,1529430659000,81.157,81.165,81.157,81.161,61120000,1
1529430660000,1529430719000,81.162,81.165,81.158,81.16,37180000,1
1529430720000,1529430779000,81.159,81.167,81.156,81.167,49940000,1
1529430780000,1529430839000,81.167,81.172,81.164,81.17,58120000,1
1529430840000,1529430899000,81.17,81.173,81.142,81.154,95100000,1
1529430900000,1529430959000,81.154,81.165,81.154,81.161,51680000,1
1529430960000,1529431019000,81.161,81.167,81.159,81.162,50720000,1
1529431020000,1529431079000,81.163,81.168,81.163,81.168,45610000,1
1529431080000,1529431139000,81.167,81.17,81.162,81.162,49050000,1
1529431140000,1529431199000,81.162,81.167,81.155,81.156,59450000,1
1529431200000,1529431259000,81.155,81.166,81.155,81.157,72910000,1
1529431260000,1529431319000,81.156,81.165,81.154,81.163,60680000,1
1529431320000,1529431379000,81.162,81.162,81.15,81.156,30930000,1
1529431380000,1529431439000,81.157,81.162,81.157,81.16,32500000,1
1529431440000,1529431499000,81.16,81.169,81.16,81.169,66130000,1
1529431500000,1529431559000,81.17,81.18,81.17,81.18,71770000,1
1529431560000,1529431619000,81.18,81.227,81.18,81.225,58810000,1
1529431620000,1529431679000,81.225,81.247,81.225,81.235,102830000,1
1529431680000,1529431739000,81.235,81.248,81.219,81.231,113200000,1
1529431740000,1529431799000,81.231,81.241,81.23,81.241,86260000,1
1529431800000,1529431859000,81.239,81.243,81.217,81.218,76380000,1
1529431860000,1529431919000,81.219,81.222,81.204,81.207,86640000,1
1529431920000,1529431979000,81.205,81.206,81.199,81.201,50970000,1
1529431980000,1529432039000,81.202,81.204,81.199,81.204,23310000,1
1529432040000,1529432099000,81.204,81.208,81.202,81.207,54260000,1
1529432100000,1529432159000,81.207,81.211,81.192,81.192,78820000,1
1529432160000,1529432219000,81.193,81.204,81.193,81.204,57720000,1
1529432220000,1529432279000,81.204,81.21,81.203,81.203,71100000,1
1529432280000,1529432339000,81.202,81.225,81.202,81.223,47470000,1
1529432340000,1529432399000,81.224,81.229,81.223,81.227,41000000,1
1529432400000,1529432459000,81.226,81.226,81.219,81.22,74510000,1
1529432460000,1529432519000,81.219,81.221,81.212,81.213,59340000,1
1529432520000,1529432579000,81.213,81.223,81.212,81.221,66480000,1
1529432580000,1529432639000,81.224,81.226,81.215,81.225,105130000,1
1529432640000,1529432699000,81.224,81.231,81.222,81.231,54050000,1
1529432700000,1529432759000,81.231,81.237,81.226,81.227,55070000,1
1529432760000,1529432819000,81.227,81.239,81.227,81.235,59700000,1
1529432820000,1529432879000,81.234,81.234,81.208,81.212,55800000,1
1529432880000,1529432939000,81.211,81.232,81.211,81.221,58950000,1
1529432940000,1529432999000,81.221,81.221,81.216,81.216,55820000,1
1529433000000,1529433059000,81.214,81.214,81.203,81.208,73660000,1
1529433060000,1529433119000,81.209,81.217,81.209,81.214,46630000,1
1529433120000,1529433179000,81.215,81.221,81.205,81.205,41930000,1
1529433180000,1529433239000,81.205,81.21,81.201,81.21,38500000,1
1529433240000,1529433299000,81.211,81.213,81.21,81.212,11060000,1
1529433300000,1529433359000,81.212,81.229,81.212,81.228,40220000,1
1529433360000,1529433419000,81.229,81.233,81.221,81.233,25800000,1
1529433420000,1529433479000,81.234,81.243,81.229,81.236,69950000,1
1529433480000,1529433539000,81.237,81.243,81.232,81.234,28620000,1
1529433540000,1529433599000,81.232,81.236,81.227,81.236,61940000,1
1529433600000,1529433659000,81.236,81.236,81.229,81.234,55880000,1
1529433660000,1529433719000,81.234,81.257,81.234,81.254,81820000,1
1529433720000,1529433779000,81.255,81.255,81.247,81.248,58720000,1
1529433780000,1529433839000,81.248,81.248,81.237,81.239,53910000,1
1529433840000,1529433899000,81.239,81.242,81.239,81.239,56750000,1
1529433900000,1529433959000,81.235,81.246,81.235,81.242,40860000,1
1529433960000,1529434019000,81.242,81.248,81.241,81.242,57990000,1
1529434020000,1529434079000,81.242,81.245,81.238,81.239,58000000,1
1529434080000,1529434139000,81.239,81.239,81.234,81.236,38240000,1
1529434140000,1529434199000,81.237,81.237,81.225,81.228,79430000,1
1529434200000,1529434259000,81.227,81.229,81.222,81.224,58750000,1
1529434260000,1529434319000,81.223,81.223,81.213,81.223,60030000,1
1529434320000,1529434379000,81.223,81.223,81.218,81.221,71470000,1
1529434380000,1529434439000,81.22,81.22,81.205,81.212,82880000,1
1529434440000,1529434499000,81.211,81.229,81.211,81.229,40970000,1
1529434500000,1529434559000,81.23,81.23,81.218,81.22,72870000,1
1529434560000,1529434619000,81.218,81.218,81.211,81.212,50160000,1
1529434620000,1529434679000,81.211,81.22,81.21,81.211,85150000,1
1529434680000,1529434739000,81.21,81.227,81.208,81.226,131710000,1
1529434740000,1529434799000,81.225,81.23,81.199,81.201,122320000,1
1529434800000,1529434859000,81.197,81.207,81.189,81.201,126300000,1
1529434860000,1529434919000,81.2,81.204,81.198,81.2,60150000,1
1529434920000,1529434979000,81.199,81.2,81.185,81.185,79550000,1
1529434980000,1529435039000,81.185,81.192,81.183,81.186,92570000,1
1529435040000,1529435099000,81.187,81.19,81.178,81.178,122360000,1
1529435100000,1529435159000,81.178,81.183,81.176,81.179,71170000,1
1529435160000,1529435219000,81.18,81.181,81.163,81.166,54140000,1
1529435220000,1529435279000,81.165,81.177,81.154,81.17,109720000,1
1529435280000,1529435339000,81.171,81.174,81.163,81.174,67680000,1
1529435340000,1529435399000,81.174,81.177,81.168,81.17,64120000,1
1529435400000,1529435459000,81.17,81.178,81.168,81.177,79170000,1
1529435460000,1529435519000,81.176,81.178,81.17,81.173,63340000,1
1529435520000,1529435579000,81.173,81.177,81.173,81.176,35900000,1
1529435580000,1529435639000,81.178,81.178,81.174,81.174,52750000,1
1529435640000,1529435699000,81.172,81.176,81.164,81.176,71730000,1
1529435700000,1529435759000,81.176,81.188,81.173,81.18,97480000,1
1529435760000,1529435819000,81.179,81.179,81.151,81.153,103970000,1
1529435820000,1529435879000,81.152,81.158,81.15,81.158,39760000,1
1529435880000,1529435939000,81.156,81.162,81.151,81.157,84020000,1
1529435940000,1529435999000,81.156,81.156,81.142,81.156,69830000,1
1529436000000,1529436059000,81.156,81.159,81.151,81.151,99380000,1
1529436060000,1529436119000,81.152,81.152,81.135,81.137,61490000,1
1529436120000,1529436179000,81.136,81.15,81.135,81.15,66170000,1
1529436180000,1529436239000,81.148,81.154,81.147,81.154,47120000,1
1529436240000,1529436299000,81.154,81.157,81.151,81.151,25310000,1
1529436300000,1529436359000,81.15,81.157,81.15,81.154,73640000,1
1529436360000,1529436419000,81.153,81.153,81.14,81.141,105720000,1
1529436420000,1529436479000,81.14,81.147,81.135,81.142,126280000,1
1529436480000,1529436539000,81.142,81.144,81.137,81.14,70120000,1
1529436540000,1529436599000,81.14,81.144,81.136,81.137,70470000,1
1529436600000,1529436659000,81.138,81.152,81.133,81.152,88980000,1
1529436660000,1529436719000,81.152,81.16,81.152,81.156,58360000,1
1529436720000,1529436779000,81.156,81.16,81.152,81.152,85370000,1
1529436780000,1529436839000,81.151,81.159,81.145,81.15,64210000,1
1529436840000,1529436899000,81.149,81.152,81.147,81.152,27000000,1
1529436900000,1529436959000,81.152,81.152,81.146,81.152,32500000,1
1529436960000,1529437019000,81.153,81.16,81.152,81.159,47770000,1
1529437020000,1529437079000,81.16,81.16,81.151,81.154,71590000,1
1529437080000,1529437139000,81.154,81.154,81.143,81.145,118580000,1
1529437140000,1529437199000,81.145,81.148,81.144,81.145,80450000,1
1529437200000,1529437259000,81.145,81.145,81.129,81.131,89820000,1
1529437260000,1529437319000,81.131,81.135,81.127,81.134,107740000,1
1529437320000,1529437379000,81.134,81.137,81.128,81.136,105700000,1
1529437380000,1529437439000,81.136,81.139,81.133,81.133,68520000,1
1529437440000,1529437499000,81.133,81.143,81.133,81.141,51320000,1
1529437500000,1529437559000,81.14,81.145,81.128,81.133,92750000,1
1529437560000,1529437619000,81.131,81.135,81.124,81.129,80680000,1
1529437620000,1529437679000,81.13,81.133,81.128,81.13,44600000,1
1529437680000,1529437739000,81.129,81.138,81.128,81.133,76810000,1
1529437740000,1529437799000,81.135,81.137,81.134,81.134,60680000,1
1529437800000,1529437859000,81.139,81.158,81.139,81.154,130850000,1
1529437860000,1529437919000,81.153,81.163,81.15,81.163,72530000,1
1529437920000,1529437979000,81.163,81.163,81.156,81.163,42520000,1
1529437980000,1529438039000,81.162,81.162,81.155,81.158,75950000,1
1529438040000,1529438099000,81.158,81.167,81.158,81.167,50120000,1
1529438100000,1529438159000,81.167,81.173,81.159,81.159,58940000,1
1529438160000,1529438219000,81.159,81.166,81.158,81.165,64130000,1
1529438220000,1529438279000,81.165,81.169,81.164,81.167,98670000,1
1529438280000,1529438339000,81.168,81.175,81.165,81.171,55910000,1
1529438340000,1529438399000,81.171,81.172,81.159,81.161,90100000,1
1529438400000,1529438459000,81.16,81.169,81.16,81.167,92620000,1
1529438460000,1529438519000,81.167,81.167,81.159,81.162,37770000,1
1529438520000,1529438579000,81.161,81.161,81.15,81.154,53230000,1
1529438580000,1529438639000,81.154,81.158,81.15,81.155,34720000,1
1529438640000,1529438699000,81.155,81.156,81.151,81.155,49660000,1
1529438700000,1529438759000,81.153,81.156,81.151,81.156,33160000,1
1529438760000,1529438819000,81.156,81.158,81.156,81.158,9000000,1
1529438820000,1529438879000,81.156,81.163,81.156,81.162,24860000,1
1529438880000,1529438939000,81.162,81.179,81.162,81.179,33930000,1
1529438940000,1529438999000,81.179,81.179,81.176,81.176,19930000,1
1529439000000,1529439059000,81.176,81.191,81.176,81.189,47870000,1
1529439060000,1529439119000,81.19,81.202,81.185,81.198,42310000,1
1529439120000,1529439179000,81.194,81.204,81.194,81.202,45670000,1
1529439180000,1529439239000,81.203,81.205,81.202,81.204,11000000,1
1529439240000,1529439299000,81.205,81.205,81.201,81.201,20250000,1
1529439300000,1529439359000,81.202,81.209,81.202,81.208,19000000,1
1529439360000,1529439419000,81.207,81.212,81.205,81.205,18550000,1
1529439420000,1529439479000,81.204,81.209,81.2,81.2,16500000,1
1529439480000,1529439539000,81.2,81.207,81.197,81.205,27930000,1
1529439540000,1529439599000,81.206,81.21,81.189,81.189,43800000,1
1529439600000,1529439659000,81.188,81.201,81.183,81.201,34000000,1
1529439660000,1529439719000,81.201,81.214,81.201,81.213,33000000,1
1529439720000,1529439779000,81.214,81.229,81.213,81.225,19000000,1
1529439780000,1529439839000,81.225,81.236,81.223,81.234,19000000,1
1529439840000,1529439899000,81.233,81.236,81.231,81.234,37280000,1
1529439900000,1529439959000,81.234,81.234,81.232,81.233,27580000,1
1529439960000,1529440019000,81.234,81.269,81.233,81.268,61560000,1
1529440020000,1529440079000,81.267,81.267,81.258,81.261,30010000,1
1529440080000,1529440139000,81.262,81.265,81.261,81.265,6250000,1
1529440140000,1529440199000,81.264,81.268,81.256,81.266,57000000,1
1529440200000,1529440259000,81.266,81.267,81.258,81.258,28340000,1
1529440260000,1529440319000,81.259,81.265,81.258,81.258,45410000,1
1529440320000,1529440379000,81.258,81.266,81.258,81.266,31220000,1
1529440380000,1529440439000,81.266,81.274,81.266,81.274,28030000,1
1529440440000,1529440499000,81.274,81.278,81.274,81.277,8740000,1
1529440500000,1529440559000,81.278,81.28,81.277,81.279,13000000,1
1529440560000,1529440619000,81.278,81.279,81.272,81.273,15000000,1
1529440620000,1529440679000,81.272,81.272,81.269,81.27,25780000,1
1529440680000,1529440739000,81.27,81.272,81.266,81.266,16670000,1
1529440740000,1529440799000,81.266,81.266,81.266,81.266,5000000,1
1529440800000,1529440859000,81.266,81.283,81.266,81.283,26990000,1
1529440860000,1529440919000,81.28,81.282,81.272,81.272,41110000,1
1529440920000,1529440979000,81.272,81.275,81.269,81.27,33350000,1
1529440980000,1529441039000,81.27,81.274,81.269,81.274,24750000,1
1529441040000,1529441099000,81.274,81.279,81.269,81.27,38210000,1
1529441100000,1529441159000,81.272,81.274,81.272,81.274,8500000,1
1529441160000,1529441219000,81.274,81.274,81.272,81.272,23600000,1
1529441220000,1529441279000,81.273,81.274,81.272,81.274,38710000,1
1529441280000,1529441339000,81.274,81.274,81.272,81.272,33340000,1
1529441340000,1529441399000,81.272,81.276,81.272,81.274,31140000,1
1529441400000,1529441459000,81.272,81.272,81.261,81.264,33850000,1
1529441460000,1529441519000,81.263,81.264,81.263,81.264,26070000,1
1529441520000,1529441579000,81.265,81.271,81.258,81.26,38350000,1
1529441580000,1529441639000,81.261,81.261,81.255,81.259,22480000,1
1529441640000,1529441699000,81.257,81.261,81.257,81.258,26500000,1
1529441700000,1529441759000,81.258,81.258,81.252,81.257,51290000,1
1529441760000,1529441819000,81.257,81.264,81.253,81.264,46210000,1
1529441820000,1529441879000,81.265,81.265,81.249,81.253,99680000,1
1529441880000,1529441939000,81.254,81.262,81.244,81.244,97750000,1
1529441940000,1529441999000,81.239,81.249,81.205,81.208,83190000,1
1529442000000,1529442059000,81.185,81.185,81.155,81.173,17240000,1
1529442060000,1529442119000,81.183,81.201,81.166,81.2,15000000,1
1529442120000,1529442179000,81.199,81.235,81.191,81.224,53250000,1
1529442180000,1529442239000,81.223,81.223,81.201,81.215,10500000,1
1529442240000,1529442299000,81.214,81.221,81.214,81.217,11000000,1
1529442300000,1529442359000,81.217,81.239,81.198,81.224,118240000,1
1529442360000,1529442419000,81.224,81.235,81.207,81.213,165250000,1
1529442420000,1529442479000,81.213,81.217,81.205,81.217,63000000,1
1529442480000,1529442539000,81.217,81.221,81.203,81.209,127750000,1
1529442540000,1529442599000,81.209,81.215,81.172,81.207,160440000,1
1529442600000,1529442659000,81.207,81.224,81.192,81.211,110750000,1
1529442660000,1529442719000,81.214,81.222,81.204,81.216,97000000,1
1529442720000,1529442779000,81.221,81.231,81.216,81.227,20000000,1
1529442780000,1529442839000,81.226,81.229,81.221,81.225,16500000,1
1529442840000,1529442899000,81.224,81.226,81.22,81.224,12190000,1
1529442900000,1529442959000,81.221,81.226,81.219,81.223,9880000,1
1529442960000,1529443019000,81.223,81.224,81.218,81.219,31990000,1
1529443020000,1529443079000,81.219,81.22,81.219,81.219,28440000,1
1529443080000,1529443139000,81.219,81.219,81.218,81.218,13650000,1
1529443140000,1529443199000,81.218,81.218,81.217,81.218,10920000,1
1529443200000,1529443259000,81.218,81.229,81.215,81.215,37450000,1
1529443260000,1529443319000,81.215,81.216,81.213,81.213,18650000,1
1529443320000,1529443379000,81.22,81.22,81.215,81.215,18940000,1
1529443380000,1529443439000,81.216,81.223,81.213,81.223,13100000,1
1529443440000,1529443499000,81.223,81.223,81.211,81.22,30560000,1
1529443500000,1529443559000,81.22,81.235,81.217,81.22,56430000,1
1529443560000,1529443619000,81.22,81.233,81.22,81.233,14850000,1
1529443620000,1529443679000,81.231,81.232,81.224,81.224,31170000,1
1529443680000,1529443739000,81.224,81.226,81.222,81.224,36620000,1
1529443740000,1529443799000,81.222,81.224,81.218,81.218,16700000,1
1529443800000,1529443859000,81.221,81.221,81.193,81.2,314810000,1
1529443860000,1529443919000,81.204,81.213,81.197,81.205,311180000,1
1529443920000,1529443979000,81.21,81.214,81.204,81.211,326110000,1
1529443980000,1529444039000,81.207,81.219,81.204,81.219,235350000,1
1529444040000,1529444099000,81.217,81.225,81.217,81.223,149430000,1
1529444100000,1529444159000,81.224,81.233,81.218,81.221,147280000,1
1529444160000,1529444219000,81.217,81.22,81.214,81.214,113230000,1
1529444220000,1529444279000,81.214,81.215,81.214,81.214,6850000,1
1529444280000,1529444339000,81.215,81.217,81.215,81.216,21920000,1
1529444340000,1529444399000,81.215,81.221,81.207,81.218,47070000,1
1529444400000,1529444459000,81.218,81.22,81.21,81.216,26580000,1
1529444460000,1529444519000,81.216,81.216,81.205,81.205,26310000,1
1529444520000,1529444579000,81.205,81.211,81.197,81.197,75940000,1
1529444580000,1529444639000,81.199,81.2,81.189,81.193,84340000,1
1529444640000,1529444699000,81.193,81.195,81.19,81.193,127560000,1
1529444700000,1529444759000,81.195,81.196,81.189,81.19,54930000,1
1529444760000,1529444819000,81.19,81.19,81.176,81.179,40350000,1
1529444820000,1529444879000,81.191,81.205,81.176,81.183,72960000,1
1529444880000,1529444939000,81.184,81.193,81.181,81.185,50400000,1
1529444940000,1529444999000,81.182,81.19,81.175,81.176,67730000,1
1529445000000,1529445059000,81.179,81.182,81.176,81.177,38020000,1
1529445060000,1529445119000,81.186,81.19,81.175,81.177,43470000,1
1529445120000,1529445179000,81.177,81.196,81.177,81.192,73920000,1
1529445180000,1529445239000,81.192,81.201,81.185,81.197,118520000,1
1529445240000,1529445299000,81.198,81.2,81.182,81.182,66850000,1
1529445300000,1529445359000,81.188,81.19,81.187,81.188,23300000,1
1529445360000,1529445419000,81.188,81.192,81.188,81.189,33030000,1
1529445420000,1529445479000,81.188,81.193,81.187,81.19,20940000,1
1529445480000,1529445539000,81.19,81.194,81.162,81.173,157860000,1
1529445540000,1529445599000,81.172,81.177,81.164,81.164,41830000,1
1529445600000,1529445659000,81.164,81.193,81.154,81.18,80950000,1
1529445660000,1529445719000,81.18,81.184,81.17,81.171,33790000,1
1529445720000,1529445779000,81.171,81.173,81.169,81.169,30800000,1
1529445780000,1529445839000,81.17,81.176,81.169,81.175,32680000,1
1529445840000,1529445899000,81.175,81.179,81.172,81.177,22990000,1
1529445900000,1529445959000,81.177,81.183,81.177,81.182,40930000,1
1529445960000,1529446019000,81.183,81.189,81.182,81.186,59480000,1
1529446020000,1529446079000,81.186,81.196,81.186,81.196,22960000,1
1529446080000,1529446139000,81.194,81.194,81.19,81.19,24480000,1
1529446140000,1529446199000,81.19,81.196,81.19,81.191,18880000,1
1529446200000,1529446259000,81.191,81.192,81.181,81.181,34680000,1
1529446260000,1529446319000,81.179,81.179,81.168,81.174,19600000,1
1529446320000,1529446379000,81.173,81.173,81.16,81.16,17840000,1
1529446380000,1529446439000,81.16,81.167,81.148,81.166,48370000,1
1529446440000,1529446499000,81.166,81.17,81.166,81.169,19540000,1
1529446500000,1529446559000,81.169,81.172,81.168,81.172,34590000,1
1529446560000,1529446619000,81.174,81.177,81.174,81.174,40800000,1
1529446620000,1529446679000,81.174,81.174,81.166,81.167,19000000,1
1529446680000,1529446739000,81.167,81.171,81.167,81.171,6000000,1
1529446740000,1529446799000,81.17,81.17,81.168,81.169,13750000,1
1529446800000,1529446859000,81.168,81.168,81.157,81.16,42810000,1
1529446860000,1529446919000,81.161,81.167,81.161,81.163,29090000,1
1529446920000,1529446979000,81.164,81.164,81.158,81.158,8250000,1
1529446980000,1529447039000,81.159,81.16,81.152,81.156,17000000,1
1529447040000,1529447099000,81.157,81.157,81.156,81.156,7630000,1
1529447100000,1529447159000,81.155,81.155,81.155,81.155,7320000,1
1529447160000,1529447219000,81.156,81.157,81.155,81.155,32960000,1
1529447220000,1529447279000,81.156,81.158,81.156,81.158,14800000,1
1529447280000,1529447339000,81.157,81.157,81.15,81.151,19880000,1
1529447340000,1529447399000,81.151,81.151,81.129,81.131,50080000,1
1529447400000,1529447459000,81.13,81.136,81.126,81.134,36870000,1
1529447460000,1529447519000,81.134,81.144,81.134,81.144,24170000,1
1529447520000,1529447579000,81.145,81.151,81.144,81.146,16640000,1
1529447580000,1529447639000,81.15,81.16,81.15,81.16,34860000,1
1529447640000,1529447699000,81.159,81.166,81.159,81.165,20220000,1
1529447700000,1529447759000,81.17,81.175,81.168,81.174,28060000,1
1529447760000,1529447819000,81.174,81.186,81.174,81.183,65550000,1
1529447820000,1529447879000,81.184,81.201,81.18,81.196,65620000,1
1529447880000,1529447939000,81.195,81.208,81.191,81.191,27510000,1
1529447940000,1529447999000,81.193,81.195,81.193,81.195,6690000,1
1529448000000,1529448059000,81.195,81.195,81.177,81.179,20500000,1
1529448060000,1529448119000,81.18,81.18,81.177,81.177,5000000,1
1529448120000,1529448179000,81.176,81.188,81.175,81.186,14120000,1
1529448180000,1529448239000,81.19,81.199,81.187,81.199,21190000,1
1529448240000,1529448299000,81.2,81.21,81.2,81.205,21190000,1
1529448300000,1529448359000,81.204,81.217,81.204,81.211,20100000,1
1529448360000,1529448419000,81.211,81.219,81.21,81.219,12270000,1
1529448420000,1529448479000,81.219,81.242,81.219,81.241,24000000,1
1529448480000,1529448539000,81.241,81.241,81.236,81.236,17770000,1
1529448540000,1529448599000,81.236,81.236,81.22,81.221,21210000,1
1529448600000,1529448659000,81.221,81.221,81.216,81.217,8000000,1
1529448660000,1529448719000,81.22,81.231,81.22,81.231,23250000,1
1529448720000,1529448779000,81.232,81.244,81.232,81.244,24750000,1
1529448780000,1529448839000,81.244,81.254,81.231,81.231,32750000,1
1529448840000,1529448899000,81.232,81.232,81.219,81.219,8500000,1
1529448900000,1529448959000,81.22,81.22,81.207,81.207,19750000,1
1529448960000,1529449019000,81.208,81.213,81.208,81.213,5000000,1
1529449020000,1529449079000,81.213,81.213,81.209,81.21,9000000,1
1529449080000,1529449139000,81.209,81.221,81.208,81.208,16000000,1
1529449140000,1529449199000,81.208,81.215,81.206,81.207,29750000,1
1529449200000,1529449259000,81.208,81.243,81.208,81.231,36840000,1
1529449260000,1529449319000,81.231,81.231,81.226,81.229,28610000,1
1529449320000,1529449379000,81.229,81.246,81.228,81.246,20000000,1
1529449380000,1529449439000,81.245,81.246,81.244,81.246,34000000,1
1529449440000,1529449499000,81.246,81.249,81.241,81.245,30000000,1
1529449500000,1529449559000,81.242,81.247,81.213,81.213,52500000,1
1529449560000,1529449619000,81.214,81.214,81.21,81.211,21000000,1
1529449620000,1529449679000,81.212,81.239,81.211,81.239,29440000,1
1529449680000,1529449739000,81.238,81.249,81.238,81.247,28610000,1
1529449740000,1529449799000,81.247,81.249,81.239,81.239,21420000,1
1529449800000,1529449859000,81.239,81.245,81.239,81.245,13380000,1
1529449860000,1529449919000,81.246,81.248,81.243,81.248,11870000,1
1529449920000,1529449979000,81.249,81.249,81.232,81.235,21500000,1
1529449980000,1529450039000,81.236,81.257,81.234,81.247,42640000,1
1529450040000,1529450099000,81.245,81.25,81.236,81.25,29900000,1
1529450100000,1529450159000,81.251,81.287,81.25,81.278,67450000,1
1529450160000,1529450219000,81.276,81.288,81.264,81.283,40570000,1
1529450220000,1529450279000,81.284,81.294,81.284,81.284,27250000,1
1529450280000,1529450339000,81.284,81.314,81.282,81.311,47810000,1
1529450340000,1529450399000,81.31,81.33,81.3,81.327,68510000,1
1529450400000,1529450459000,81.327,81.327,81.32,81.321,28000000,1
1529450460000,1529450519000,81.32,81.32,81.304,81.305,51140000,1
1529450520000,1529450579000,81.304,81.305,81.294,81.296,36110000,1
1529450580000,1529450639000,81.297,81.326,81.297,81.311,67990000,1
1529450640000,1529450699000,81.31,81.328,81.307,81.325,47090000,1
1529450700000,1529450759000,81.326,81.333,81.324,81.333,26260000,1
1529450760000,1529450819000,81.332,81.376,81.329,81.375,67980000,1
1529450820000,1529450879000,81.374,81.387,81.365,81.387,59000000,1
1529450880000,1529450939000,81.388,81.401,81.371,81.372,84070000,1
1529450940000,1529450999000,81.363,81.369,81.357,81.369,24500000,1
1529451000000,1529451059000,81.37,81.371,81.355,81.356,62140000,1
1529451060000,1529451119000,81.355,81.355,81.334,81.343,51940000,1
1529451120000,1529451179000,81.344,81.373,81.344,81.372,46850000,1
1529451180000,1529451239000,81.374,81.376,81.346,81.348,31750000,1
1529451240000,1529451299000,81.347,81.372,81.345,81.367,57210000,1
1529451300000,1529451359000,81.365,81.369,81.358,81.362,64270000,1
1529451360000,1529451419000,81.359,81.362,81.347,81.347,49380000,1
1529451420000,1529451479000,81.348,81.353,81.346,81.353,36100000,1
1529451480000,1529451539000,81.352,81.354,81.347,81.349,61120000,1
1529451540000,1529451599000,81.349,81.351,81.348,81.351,40960000,1
1529451600000,1529451659000,81.35,81.361,81.349,81.361,32270000,1
1529451660000,1529451719000,81.36,81.376,81.36,81.376,30480000,1
1529451720000,1529451779000,81.375,81.381,81.364,81.38,85000000,1
1529451780000,1529451839000,81.381,81.383,81.37,81.38,69240000,1
1529451840000,1529451899000,81.38,81.38,81.368,81.371,46350000,1
1529451900000,1529451959000,81.37,81.37,81.352,81.356,65630000,1
1529451960000,1529452019000,81.356,81.372,81.356,81.36,76600000,1
1529452020000,1529452079000,81.36,81.382,81.36,81.372,44880000,1
1529452080000,1529452139000,81.371,81.378,81.369,81.378,60180000,1
1529452140000,1529452199000,81.379,81.398,81.371,81.395,84550000,1
1529452200000,1529452259000,81.395,81.397,81.378,81.383,55920000,1
1529452260000,1529452319000,81.383,81.404,81.381,81.403,94910000,1
1529452320000,1529452379000,81.403,81.404,81.395,81.395,46720000,1
1529452380000,1529452439000,81.397,81.412,81.393,81.393,81070000,1
1529452440000,1529452499000,81.393,81.393,81.359,81.362,58520000,1
1529452500000,1529452559000,81.362,81.362,81.331,81.339,70650000,1
1529452560000,1529452619000,81.339,81.341,81.338,81.339,31030000,1
1529452620000,1529452679000,81.339,81.34,81.324,81.328,65090000,1
1529452680000,1529452739000,81.329,81.334,81.318,81.33,52280000,1
1529452740000,1529452799000,81.329,81.35,81.327,81.35,29740000,1
1529452800000,1529452859000,81.35,81.363,81.347,81.353,75390000,1
1529452860000,1529452919000,81.353,81.371,81.324,81.344,123720000,1
1529452920000,1529452979000,81.348,81.351,81.325,81.33,187060000,1
1529452980000,1529453039000,81.332,81.337,81.325,81.33,95880000,1
1529453040000,1529453099000,81.33,81.351,81.321,81.344,96910000,1
1529453100000,1529453159000,81.343,81.343,81.334,81.339,93790000,1
1529453160000,1529453219000,81.341,81.35,81.337,81.34,99160000,1
1529453220000,1529453279000,81.339,81.346,81.314,81.318,83830000,1
1529453280000,1529453339000,81.318,81.326,81.308,81.312,59420000,1
1529453340000,1529453399000,81.314,81.315,81.307,81.307,82440000,1
1529453400000,1529453459000,81.307,81.321,81.307,81.309,115630000,1
1529453460000,1529453519000,81.31,81.313,81.277,81.277,112880000,1
1529453520000,1529453579000,81.276,81.283,81.275,81.275,85770000,1
1529453580000,1529453639000,81.275,81.275,81.243,81.246,77900000,1
1529453640000,1529453699000,81.245,81.245,81.218,81.237,94450000,1
1529453700000,1529453759000,81.238,81.253,81.218,81.221,127300000,1
1529453760000,1529453819000,81.22,81.248,81.207,81.234,107730000,1
1529453820000,1529453879000,81.236,81.241,81.23,81.23,54870000,1
1529453880000,1529453939000,81.229,81.248,81.226,81.245,65300000,1
1529453940000,1529453999000,81.245,81.267,81.243,81.259,60340000,1
1529454000000,1529454059000,81.26,81.265,81.24,81.262,75130000,1
1529454060000,1529454119000,81.262,81.281,81.262,81.281,44220000,1
1529454120000,1529454179000,81.282,81.282,81.238,81.253,104160000,1
1529454180000,1529454239000,81.254,81.263,81.241,81.263,66010000,1
1529454240000,1529454299000,81.263,81.274,81.253,81.27,87180000,1
1529454300000,1529454359000,81.269,81.274,81.265,81.27,59110000,1
1529454360000,1529454419000,81.268,81.269,81.26,81.268,43510000,1
1529454420000,1529454479000,81.267,81.279,81.263,81.279,56540000,1
1529454480000,1529454539000,81.279,81.286,81.27,81.277,78930000,1
1529454540000,1529454599000,81.276,81.284,81.276,81.282,55900000,1
1529454600000,1529454659000,81.282,81.282,81.248,81.249,64270000,1
1529454660000,1529454719000,81.247,81.258,81.24,81.248,68420000,1
1529454720000,1529454779000,81.248,81.26,81.243,81.243,92080000,1
1529454780000,1529454839000,81.243,81.246,81.24,81.24,64370000,1
1529454840000,1529454899000,81.24,81.24,81.229,81.231,53110000,1
1529454900000,1529454959000,81.231,81.24,81.212,81.215,70870000,1
1529454960000,1529455019000,81.215,81.217,81.187,81.188,108960000,1
1529455020000,1529455079000,81.188,81.215,81.183,81.215,57490000,1
1529455080000,1529455139000,81.215,81.224,81.202,81.211,75210000,1
1529455140000,1529455199000,81.211,81.213,81.201,81.211,47240000,1
1529455200000,1529455259000,81.211,81.217,81.192,81.194,88530000,1
1529455260000,1529455319000,81.195,81.204,81.191,81.195,74940000,1
1529455320000,1529455379000,81.194,81.201,81.192,81.198,84320000,1
1529455380000,1529455439000,81.198,81.215,81.197,81.207,61300000,1
1529455440000,1529455499000,81.208,81.224,81.206,81.217,66200000,1
1529455500000,1529455559000,81.217,81.222,81.212,81.222,54540000,1
1529455560000,1529455619000,81.222,81.226,81.207,81.207,59220000,1
1529455620000,1529455679000,81.207,81.223,81.207,81.221,53060000,1
1529455680000,1529455739000,81.22,81.237,81.22,81.231,106030000,1
1529455740000,1529455799000,81.232,81.234,81.223,81.229,74200000,1
1529455800000,1529455859000,81.227,81.228,81.209,81.226,116010000,1
1529455860000,1529455919000,81.226,81.234,81.184,81.208,134600000,1
1529455920000,1529455979000,81.21,81.223,81.2,81.22,87720000,1
1529455980000,1529456039000,81.22,81.22,81.2,81.21,81180000,1
1529456040000,1529456099000,81.209,81.243,81.209,81.243,115330000,1
1529456100000,1529456159000,81.244,81.249,81.213,81.226,179850000,1
1529456160000,1529456219000,81.226,81.239,81.219,81.234,151940000,1
1529456220000,1529456279000,81.233,81.244,81.228,81.244,85090000,1
1529456280000,1529456339000,81.245,81.246,81.207,81.207,105670000,1
1529456340000,1529456399000,81.206,81.206,81.181,81.187,122770000,1
1529456400000,1529456459000,81.187,81.2,81.157,81.159,183680000,1
1529456460000,1529456519000,81.159,81.174,81.107,81.107,178370000,1
1529456520000,1529456579000,81.103,81.114,81.047,81.047,198930000,1
1529456580000,1529456639000,81.05,81.059,81.023,81.039,118850000,1
1529456640000,1529456699000,81.042,81.05,81.008,81.015,126160000,1
1529456700000,1529456759000,81.016,81.026,81.005,81.026,84800000,1
1529456760000,1529456819000,81.027,81.048,80.991,80.991,158630000,1
1529456820000,1529456879000,80.991,81.027,80.988,81.018,176640000,1
1529456880000,1529456939000,81.02,81.065,81.02,81.065,107560000,1
1529456940000,1529456999000,81.066,81.066,81.05,81.057,81030000,1
1529457000000,1529457059000,81.056,81.069,81.048,81.055,81140000,1
1529457060000,1529457119000,81.055,81.068,81.049,81.061,122680000,1
1529457120000,1529457179000,81.061,81.073,81.059,81.066,60090000,1
1529457180000,1529457239000,81.066,81.071,81.054,81.054,50570000,1
1529457240000,1529457299000,81.053,81.056,81.047,81.049,76730000,1
1529457300000,1529457359000,81.048,81.116,81.039,81.116,168930000,1
1529457360000,1529457419000,81.116,81.156,81.101,81.137,198680000,1
1529457420000,1529457479000,81.136,81.136,81.059,81.059,159230000,1
1529457480000,1529457539000,81.06,81.141,81.047,81.139,159710000,1
1529457540000,1529457599000,81.135,81.141,81.116,81.128,113010000,1
1529457600000,1529457659000,81.128,81.15,81.128,81.139,80510000,1
1529457660000,1529457719000,81.139,81.203,81.139,81.187,154460000,1
1529457720000,1529457779000,81.181,81.196,81.17,81.193,131570000,1
1529457780000,1529457839000,81.193,81.199,81.161,81.161,80520000,1
1529457840000,1529457899000,81.161,81.165,81.15,81.16,98110000,1
1529457900000,1529457959000,81.16,81.174,81.147,81.171,74570000,1
1529457960000,1529458019000,81.172,81.175,81.165,81.167,63750000,1
1529458020000,1529458079000,81.166,81.187,81.166,81.186,106000000,1
1529458080000,1529458139000,81.188,81.226,81.186,81.226,96830000,1
1529458140000,1529458199000,81.226,81.233,81.212,81.221,78660000,1
1529458200000,1529458259000,81.22,81.282,81.22,81.282,117640000,1
1529458260000,1529458319000,81.287,81.353,81.287,81.334,227850000,1
1529458320000,1529458379000,81.332,81.359,81.318,81.354,177980000,1
1529458380000,1529458439000,81.352,81.375,81.346,81.368,163500000,1
1529458440000,1529458499000,81.368,81.399,81.366,81.395,137330000,1
1529458500000,1529458559000,81.395,81.474,81.388,81.463,159590000,1
1529458560000,1529458619000,81.465,81.465,81.43,81.442,158180000,1
1529458620000,1529458679000,81.441,81.461,81.418,81.444,178020000,1
1529458680000,1529458739000,81.445,81.463,81.438,81.463,160070000,1
1529458740000,1529458799000,81.464,81.469,81.437,81.469,95900000,1
1529458800000,1529458859000,81.469,81.471,81.441,81.45,134140000,1
1529458860000,1529458919000,81.451,81.454,81.394,81.402,140160000,1
1529458920000,1529458979000,81.401,81.405,81.374,81.401,156970000,1
1529458980000,1529459039000,81.402,81.403,81.388,81.393,89290000,1
1529459040000,1529459099000,81.392,81.404,81.382,81.382,111800000,1
1529459100000,1529459159000,81.381,81.389,81.369,81.372,134240000,1
1529459160000,1529459219000,81.373,81.375,81.315,81.316,164080000,1
1529459220000,1529459279000,81.314,81.337,81.314,81.328,146780000,1
1529459280000,1529459339000,81.326,81.327,81.304,81.319,96890000,1
1529459340000,1529459399000,81.319,81.327,81.297,81.327,100440000,1
1529459400000,1529459459000,81.326,81.345,81.326,81.345,77880000,1
1529459460000,1529459519000,81.346,81.356,81.337,81.338,108760000,1
1529459520000,1529459579000,81.338,81.349,81.323,81.338,94480000,1
1529459580000,1529459639000,81.338,81.357,81.332,81.357,60910000,1
1529459640000,1529459699000,81.358,81.381,81.346,81.372,108050000,1
1529459700000,1529459759000,81.373,81.376,81.354,81.357,123800000,1
1529459760000,1529459819000,81.358,81.362,81.353,81.353,77470000,1
1529459820000,1529459879000,81.354,81.362,81.341,81.344,59300000,1
1529459880000,1529459939000,81.342,81.387,81.342,81.387,96460000,1
1529459940000,1529459999000,81.387,81.406,81.379,81.396,91020000,1
1529460000000,1529460059000,81.397,81.402,81.382,81.4,92250000,1
1529460060000,1529460119000,81.401,81.501,81.401,81.501,168580000,1
1529460120000,1529460179000,81.503,81.571,81.49,81.568,213900000,1
1529460180000,1529460239000,81.568,81.591,81.548,81.552,207500000,1
1529460240000,1529460299000,81.553,81.576,81.542,81.573,147970000,1
1529460300000,1529460359000,81.571,81.579,81.549,81.554,173380000,1
1529460360000,1529460419000,81.553,81.579,81.543,81.573,138520000,1
1529460420000,1529460479000,81.574,81.577,81.547,81.554,99300000,1
1529460480000,1529460539000,81.555,81.565,81.538,81.545,133850000,1
1529460540000,1529460599000,81.544,81.544,81.535,81.536,65070000,1
1529460600000,1529460659000,81.539,81.542,81.5,81.501,159050000,1
1529460660000,1529460719000,81.5,81.5,81.468,81.478,151470000,1
1529460720000,1529460779000,81.478,81.509,81.478,81.486,118040000,1
1529460780000,1529460839000,81.485,81.492,81.481,81.492,42060000,1
1529460840000,1529460899000,81.492,81.492,81.464,81.469,83760000,1
1529460900000,1529460959000,81.471,81.472,81.414,81.42,112350000,1
1529460960000,1529461019000,81.42,81.434,81.418,81.426,158800000,1
1529461020000,1529461079000,81.426,81.443,81.417,81.443,99550000,1
1529461080000,1529461139000,81.442,81.447,81.419,81.419,97460000,1
1529461140000,1529461199000,81.418,81.437,81.416,81.437,83060000,1
1529461200000,1529461259000,81.436,81.437,81.427,81.427,53700000,1
1529461260000,1529461319000,81.426,81.428,81.413,81.422,101510000,1
1529461320000,1529461379000,81.422,81.427,81.411,81.424,114870000,1
1529461380000,1529461439000,81.424,81.424,81.407,81.421,68920000,1
1529461440000,1529461499000,81.422,81.425,81.409,81.409,77570000,1
1529461500000,1529461559000,81.41,81.44,81.41,81.437,109850000,1
1529461560000,1529461619000,81.436,81.471,81.435,81.468,94640000,1
1529461620000,1529461679000,81.468,81.477,81.465,81.477,94410000,1
1529461680000,1529461739000,81.477,81.481,81.462,81.473,64660000,1
1529461740000,1529461799000,81.473,81.506,81.47,81.501,81930000,1
1529461800000,1529461859000,81.5,81.512,81.49,81.511,83000000,1
1529461860000,1529461919000,81.512,81.529,81.511,81.522,91840000,1
1529461920000,1529461979000,81.521,81.524,81.468,81.468,97090000,1
1529461980000,1529462039000,81.468,81.474,81.462,81.464,67320000,1
1529462040000,1529462099000,81.463,81.472,81.461,81.461,70440000,1
1529462100000,1529462159000,81.461,81.473,81.458,81.463,89460000,1
1529462160000,1529462219000,81.463,81.472,81.456,81.468,75570000,1
1529462220000,1529462279000,81.468,81.468,81.456,81.467,102500000,1
1529462280000,1529462339000,81.467,81.481,81.467,81.476,61370000,1
1529462340000,1529462399000,81.477,81.504,81.475,81.496,106680000,1
1529462400000,1529462459000,81.498,81.514,81.495,81.514,60930000,1
1529462460000,1529462519000,81.514,81.514,81.485,81.488,84760000,1
1529462520000,1529462579000,81.488,81.488,81.458,81.458,104600000,1
1529462580000,1529462639000,81.46,81.461,81.445,81.445,68270000,1
1529462640000,1529462699000,81.444,81.449,81.433,81.448,70210000,1
1529462700000,1529462759000,81.448,81.452,81.443,81.447,135970000,1
1529462760000,1529462819000,81.448,81.457,81.444,81.457,102450000,1
1529462820000,1529462879000,81.457,81.469,81.456,81.461,90700000,1
1529462880000,1529462939000,81.461,81.475,81.456,81.456,88770000,1
1529462940000,1529462999000,81.458,81.472,81.456,81.471,22810000,1
1529463000000,1529463059000,81.471,81.474,81.459,81.474,39050000,1
1529463060000,1529463119000,81.474,81.477,81.472,81.476,31690000,1
1529463120000,1529463179000,81.477,81.479,81.462,81.462,34550000,1
1529463180000,1529463239000,81.463,81.472,81.447,81.447,105040000,1
1529463240000,1529463299000,81.447,81.447,81.411,81.411,101450000,1
1529463300000,1529463359000,81.41,81.41,81.34,81.36,156000000,1
1529463360000,1529463419000,81.361,81.396,81.361,81.381,82990000,1
1529463420000,1529463479000,81.38,81.382,81.35,81.369,85510000,1
1529463480000,1529463539000,81.368,81.368,81.357,81.362,64360000,1
1529463540000,1529463599000,81.362,81.388,81.362,81.387,80920000,1
1529463600000,1529463659000,81.388,81.388,81.367,81.371,129880000,1
1529463660000,1529463719000,81.371,81.402,81.371,81.402,73920000,1
1529463720000,1529463779000,81.403,81.416,81.38,81.382,73860000,1
1529463780000,1529463839000,81.383,81.422,81.383,81.41,96010000,1
1529463840000,1529463899000,81.41,81.415,81.41,81.415,23080000,1
1529463900000,1529463959000,81.415,81.426,81.415,81.423,36410000,1
1529463960000,1529464019000,81.421,81.421,81.409,81.409,49410000,1
1529464020000,1529464079000,81.409,81.423,81.407,81.408,46630000,1
1529464080000,1529464139000,81.409,81.41,81.371,81.374,95970000,1
1529464140000,1529464199000,81.377,81.396,81.369,81.394,81620000,1
1529464200000,1529464259000,81.394,81.397,81.383,81.383,59160000,1
1529464260000,1529464319000,81.383,81.405,81.383,81.402,54810000,1
1529464320000,1529464379000,81.402,81.414,81.397,81.414,56880000,1
1529464380000,1529464439000,81.413,81.415,81.392,81.402,48840000,1
1529464440000,1529464499000,81.401,81.405,81.38,81.403,68030000,1
1529464500000,1529464559000,81.403,81.423,81.394,81.423,96630000,1
1529464560000,1529464619000,81.422,81.423,81.413,81.413,63490000,1
1529464620000,1529464679000,81.414,81.421,81.401,81.42,66310000,1
1529464680000,1529464739000,81.419,81.419,81.403,81.405,36930000,1
1529464740000,1529464799000,81.404,81.408,81.393,81.393,33910000,1
1529464800000,1529464859000,81.394,81.398,81.394,81.397,23570000,1
1529464860000,1529464919000,81.396,81.413,81.393,81.406,50300000,1
1529464920000,1529464979000,81.407,81.424,81.398,81.421,75220000,1
1529464980000,1529465039000,81.421,81.421,81.39,81.409,126100000,1
1529465040000,1529465099000,81.41,81.434,81.41,81.429,92850000,1
1529465100000,1529465159000,81.428,81.447,81.425,81.447,50030000,1
1529465160000,1529465219000,81.447,81.465,81.447,81.462,87190000,1
1529465220000,1529465279000,81.462,81.462,81.444,81.444,65140000,1
1529465280000,1529465339000,81.444,81.447,81.426,81.426,88750000,1
1529465340000,1529465399000,81.427,81.455,81.427,81.445,87600000,1
1529465400000,1529465459000,81.445,81.457,81.445,81.455,85220000,1
1529465460000,1529465519000,81.455,81.463,81.437,81.437,111830000,1
1529465520000,1529465579000,81.436,81.436,81.419,81.428,56310000,1
1529465580000,1529465639000,81.429,81.434,81.425,81.429,54170000,1
1529465640000,1529465699000,81.429,81.443,81.412,81.413,118100000,1
1529465700000,1529465759000,81.415,81.418,81.407,81.415,74960000,1
1529465760000,1529465819000,81.414,81.423,81.413,81.421,46120000,1
1529465820000,1529465879000,81.42,81.426,81.416,81.422,56110000,1
1529465880000,1529465939000,81.423,81.431,81.374,81.374,138140000,1
1529465940000,1529465999000,81.372,81.391,81.361,81.384,72500000,1
1529466000000,1529466059000,81.382,81.383,81.377,81.383,35200000,1
1529466060000,1529466119000,81.382,81.414,81.381,81.398,81920000,1
1529466120000,1529466179000,81.398,81.411,81.394,81.411,50850000,1
1529466180000,1529466239000,81.41,81.41,81.399,81.403,51610000,1
1529466240000,1529466299000,81.403,81.404,81.381,81.381,56570000,1
1529466300000,1529466359000,81.382,81.386,81.381,81.381,69060000,1
1529466360000,1529466419000,81.38,81.38,81.352,81.365,111160000,1
1529466420000,1529466479000,81.363,81.364,81.338,81.343,117410000,1
1529466480000,1529466539000,81.343,81.375,81.339,81.373,115040000,1
1529466540000,1529466599000,81.374,81.384,81.365,81.381,67970000,1
1529466600000,1529466659000,81.381,81.413,81.381,81.413,80610000,1
1529466660000,1529466719000,81.413,81.413,81.398,81.407,66760000,1
1529466720000,1529466779000,81.406,81.425,81.398,81.418,79190000,1
1529466780000,1529466839000,81.418,81.427,81.418,81.422,59390000,1
1529466840000,1529466899000,81.422,81.435,81.418,81.428,58410000,1
1529466900000,1529466959000,81.43,81.435,81.403,81.409,81010000,1
1529466960000,1529467019000,81.409,81.427,81.409,81.427,48850000,1
1529467020000,1529467079000,81.428,81.445,81.417,81.424,101500000,1
1529467080000,1529467139000,81.424,81.428,81.414,81.419,130850000,1
1529467140000,1529467199000,81.419,81.431,81.415,81.431,69780000,1
1529467200000,1529467259000,81.431,81.449,81.429,81.449,68780000,1
1529467260000,1529467319000,81.448,81.468,81.447,81.466,70940000,1
1529467320000,1529467379000,81.466,81.466,81.447,81.447,52430000,1
1529467380000,1529467439000,81.447,81.452,81.44,81.446,60810000,1
1529467440000,1529467499000,81.447,81.447,81.423,81.434,28920000,1
1529467500000,1529467559000,81.434,81.437,81.423,81.423,28050000,1
1529467560000,1529467619000,81.424,81.43,81.424,81.427,18840000,1
1529467620000,1529467679000,81.427,81.428,81.412,81.412,55530000,1
1529467680000,1529467739000,81.412,81.412,81.405,81.406,51100000,1
1529467740000,1529467799000,81.406,81.406,81.398,81.402,25940000,1
1529467800000,1529467859000,81.403,81.405,81.403,81.404,9370000,1
1529467860000,1529467919000,81.404,81.419,81.403,81.411,33210000,1
1529467920000,1529467979000,81.41,81.41,81.379,81.388,114040000,1
1529467980000,1529468039000,81.389,81.396,81.385,81.393,35700000,1
1529468040000,1529468099000,81.393,81.393,81.366,81.37,57370000,1
1529468100000,1529468159000,81.37,81.375,81.363,81.37,127450000,1
1529468160000,1529468219000,81.37,81.375,81.37,81.374,32310000,1
1529468220000,1529468279000,81.374,81.375,81.369,81.372,51320000,1
1529468280000,1529468339000,81.371,81.371,81.359,81.361,33970000,1
1529468340000,1529468399000,81.362,81.387,81.362,81.386,31850000,1
1529468400000,1529468459000,81.386,81.396,81.384,81.391,38160000,1
1529468460000,1529468519000,81.391,81.421,81.391,81.421,40090000,1
1529468520000,1529468579000,81.421,81.43,81.406,81.406,50810000,1
1529468580000,1529468639000,81.406,81.407,81.389,81.389,45650000,1
1529468640000,1529468699000,81.389,81.389,81.384,81.384,36050000,1
1529468700000,1529468759000,81.385,81.395,81.378,81.394,86920000,1
1529468760000,1529468819000,81.394,81.396,81.389,81.39,56910000,1
1529468820000,1529468879000,81.389,81.39,81.377,81.378,43970000,1
1529468880000,1529468939000,81.38,81.385,81.373,81.383,87520000,1
1529468940000,1529468999000,81.384,81.392,81.384,81.392,44110000,1
1529469000000,1529469059000,81.393,81.417,81.393,81.405,84060000,1
1529469060000,1529469119000,81.404,81.407,81.401,81.401,52850000,1
1529469120000,1529469179000,81.401,81.403,81.397,81.397,65490000,1
1529469180000,1529469239000,81.397,81.404,81.396,81.396,42720000,1
1529469240000,1529469299000,81.396,81.403,81.394,81.396,47900000,1
1529469300000,1529469359000,81.396,81.412,81.396,81.411,61440000,1
1529469360000,1529469419000,81.412,81.412,81.396,81.396,80240000,1
1529469420000,1529469479000,81.396,81.414,81.396,81.413,48170000,1
1529469480000,1529469539000,81.413,81.421,81.413,81.413,50840000,1
1529469540000,1529469599000,81.412,81.424,81.41,81.417,68230000,1
1529469600000,1529469659000,81.417,81.42,81.412,81.415,84120000,1
1529469660000,1529469719000,81.415,81.418,81.405,81.405,33460000,1
1529469720000,1529469779000,81.404,81.404,81.403,81.403,6940000,1
1529469780000,1529469839000,81.403,81.412,81.403,81.409,46160000,1
1529469840000,1529469899000,81.408,81.413,81.406,81.408,44850000,1
1529469900000,1529469959000,81.406,81.431,81.406,81.429,64140000,1
1529469960000,1529470019000,81.428,81.428,81.423,81.427,27110000,1
1529470020000,1529470079000,81.427,81.427,81.422,81.423,20900000,1
1529470080000,1529470139000,81.421,81.425,81.42,81.42,56330000,1
1529470140000,1529470199000,81.419,81.424,81.412,81.415,54940000,1
1529470200000,1529470259000,81.415,81.419,81.408,81.408,31340000,1
1529470260000,1529470319000,81.408,81.408,81.393,81.4,50690000,1
1529470320000,1529470379000,81.4,81.421,81.4,81.416,54500000,1
1529470380000,1529470439000,81.418,81.42,81.399,81.399,66070000,1
1529470440000,1529470499000,81.4,81.427,81.399,81.427,106160000,1
1529470500000,1529470559000,81.428,81.433,81.427,81.429,47690000,1
1529470560000,1529470619000,81.428,81.436,81.428,81.436,37120000,1
1529470620000,1529470679000,81.437,81.44,81.433,81.433,37960000,1
1529470680000,1529470739000,81.433,81.433,81.427,81.432,33760000,1
1529470740000,1529470799000,81.432,81.44,81.432,81.44,51520000,1
1529470800000,1529470859000,81.44,81.461,81.44,81.459,69030000,1
1529470860000,1529470919000,81.458,81.459,81.434,81.44,60190000,1
1529470920000,1529470979000,81.439,81.441,81.425,81.427,55530000,1
1529470980000,1529471039000,81.423,81.423,81.403,81.416,68000000,1
1529471040000,1529471099000,81.416,81.418,81.402,81.415,71360000,1
1529471100000,1529471159000,81.414,81.416,81.408,81.409,54120000,1
1529471160000,1529471219000,81.408,81.413,81.397,81.413,51740000,1
1529471220000,1529471279000,81.413,81.43,81.407,81.43,78460000,1
1529471280000,1529471339000,81.43,81.434,81.421,81.425,64890000,1
1529471340000,1529471399000,81.424,81.454,81.424,81.45,57530000,1
1529471400000,1529471459000,81.448,81.478,81.447,81.472,88150000,1
1529471460000,1529471519000,81.473,81.505,81.473,81.499,96900000,1
1529471520000,1529471579000,81.5,81.525,81.499,81.515,111510000,1
1529471580000,1529471639000,81.515,81.53,81.509,81.527,55980000,1
1529471640000,1529471699000,81.527,81.529,81.505,81.506,61870000,1
1529471700000,1529471759000,81.507,81.51,81.5,81.509,36750000,1
1529471760000,1529471819000,81.508,81.515,81.504,81.506,52840000,1
1529471820000,1529471879000,81.505,81.516,81.504,81.515,55370000,1
1529471880000,1529471939000,81.516,81.538,81.51,81.535,59100000,1
1529471940000,1529471999000,81.536,81.573,81.536,81.561,87740000,1
1529472000000,1529472059000,81.56,81.63,81.558,81.625,117200000,1
1529472060000,1529472119000,81.626,81.626,81.608,81.609,85630000,1
1529472120000,1529472179000,81.609,81.649,81.609,81.646,97520000,1
1529472180000,1529472239000,81.647,81.662,81.642,81.642,106320000,1
1529472240000,1529472299000,81.641,81.659,81.63,81.634,85250000,1
1529472300000,1529472359000,81.635,81.658,81.635,81.647,111740000,1
1529472360000,1529472419000,81.646,81.651,81.642,81.642,51680000,1
1529472420000,1529472479000,81.641,81.646,81.619,81.634,118820000,1
1529472480000,1529472539000,81.632,81.658,81.632,81.639,95470000,1
1529472540000,1529472599000,81.64,81.644,81.619,81.623,99530000,1
1529472600000,1529472659000,81.623,81.64,81.623,81.64,92350000,1
1529472660000,1529472719000,81.64,81.662,81.64,81.662,119880000,1
1529472720000,1529472779000,81.661,81.661,81.625,81.628,55740000,1
1529472780000,1529472839000,81.632,81.632,81.604,81.614,92230000,1
1529472840000,1529472899000,81.615,81.635,81.614,81.635,90270000,1
1529472900000,1529472959000,81.638,81.644,81.604,81.604,91830000,1
1529472960000,1529473019000,81.604,81.608,81.585,81.599,91870000,1
1529473020000,1529473079000,81.598,81.612,81.596,81.608,83240000,1
1529473080000,1529473139000,81.606,81.611,81.596,81.596,38940000,1
1529473140000,1529473199000,81.597,81.597,81.574,81.581,69940000,1
1529473200000,1529473259000,81.58,81.586,81.534,81.552,112800000,1
1529473260000,1529473319000,81.553,81.567,81.553,81.557,67500000,1
1529473320000,1529473379000,81.556,81.571,81.545,81.565,48620000,1
1529473380000,1529473439000,81.566,81.566,81.555,81.56,54420000,1
1529473440000,1529473499000,81.56,81.564,81.559,81.563,28160000,1
1529473500000,1529473559000,81.562,81.573,81.555,81.573,39550000,1
1529473560000,1529473619000,81.572,81.608,81.572,81.601,62660000,1
1529473620000,1529473679000,81.601,81.621,81.601,81.606,53950000,1
1529473680000,1529473739000,81.606,81.632,81.605,81.629,44970000,1
1529473740000,1529473799000,81.628,81.633,81.621,81.629,75670000,1
1529473800000,1529473859000,81.628,81.628,81.61,81.614,93060000,1
1529473860000,1529473919000,81.614,81.617,81.592,81.592,81490000,1
1529473920000,1529473979000,81.592,81.623,81.59,81.622,129400000,1
1529473980000,1529474039000,81.621,81.645,81.614,81.618,119950000,1
1529474040000,1529474099000,81.617,81.626,81.607,81.608,64140000,1
1529474100000,1529474159000,81.609,81.611,81.587,81.594,98690000,1
1529474160000,1529474219000,81.595,81.602,81.576,81.587,158670000,1
1529474220000,1529474279000,81.587,81.599,81.578,81.578,62790000,1
1529474280000,1529474339000,81.58,81.591,81.579,81.581,80630000,1
1529474340000,1529474399000,81.581,81.586,81.571,81.585,67370000,1
1529474400000,1529474459000,81.586,81.586,81.545,81.546,122670000,1
1529474460000,1529474519000,81.549,81.575,81.547,81.575,56690000,1
1529474520000,1529474579000,81.576,81.577,81.524,81.525,128790000,1
1529474580000,1529474639000,81.525,81.534,81.515,81.532,187330000,1
1529474640000,1529474699000,81.532,81.532,81.482,81.486,196110000,1
1529474700000,1529474759000,81.485,81.506,81.475,81.497,122690000,1
1529474760000,1529474819000,81.496,81.499,81.487,81.492,80310000,1
1529474820000,1529474879000,81.493,81.503,81.49,81.492,65310000,1
1529474880000,1529474939000,81.493,81.501,81.483,81.496,65060000,1
1529474940000,1529474999000,81.494,81.514,81.494,81.507,89700000,1
1529475000000,1529475059000,81.508,81.533,81.504,81.533,99230000,1
1529475060000,1529475119000,81.533,81.542,81.526,81.541,62610000,1
1529475120000,1529475179000,81.54,81.55,81.537,81.54,69030000,1
1529475180000,1529475239000,81.537,81.539,81.516,81.517,60730000,1
1529475240000,1529475299000,81.516,81.516,81.469,81.475,98450000,1
1529475300000,1529475359000,81.474,81.484,81.466,81.484,98900000,1
1529475360000,1529475419000,81.484,81.484,81.463,81.468,101860000,1
1529475420000,1529475479000,81.469,81.482,81.466,81.477,87380000,1
1529475480000,1529475539000,81.476,81.482,81.47,81.482,75390000,1
1529475540000,1529475599000,81.483,81.484,81.47,81.481,70760000,1
1529475600000,1529475659000,81.48,81.512,81.468,81.51,85250000,1
1529475660000,1529475719000,81.511,81.511,81.496,81.503,67590000,1
1529475720000,1529475779000,81.504,81.511,81.497,81.503,85680000,1
1529475780000,1529475839000,81.503,81.507,81.501,81.507,51540000,1
1529475840000,1529475899000,81.508,81.537,81.508,81.534,92150000,1
1529475900000,1529475959000,81.535,81.542,81.525,81.528,118840000,1
1529475960000,1529476019000,81.528,81.537,81.524,81.526,107780000,1
1529476020000,1529476079000,81.525,81.544,81.523,81.543,127550000,1
1529476080000,1529476139000,81.544,81.572,81.539,81.565,179500000,1
1529476140000,1529476199000,81.561,81.57,81.552,81.552,156750000,1
1529476200000,1529476259000,81.551,81.554,81.516,81.516,213230000,1
1529476260000,1529476319000,81.516,81.518,81.476,81.483,285370000,1
1529476320000,1529476379000,81.483,81.488,81.47,81.471,130640000,1
1529476380000,1529476439000,81.47,81.479,81.453,81.456,126390000,1
1529476440000,1529476499000,81.456,81.46,81.428,81.428,145390000,1
1529476500000,1529476559000,81.431,81.435,81.39,81.396,193010000,1
1529476560000,1529476619000,81.394,81.416,81.393,81.412,111400000,1
1529476620000,1529476679000,81.407,81.416,81.403,81.416,75880000,1
1529476680000,1529476739000,81.415,81.453,81.413,81.45,102630000,1
1529476740000,1529476799000,81.451,81.462,81.451,81.462,51330000,1
1529476800000,1529476859000,81.463,81.48,81.458,81.48,89160000,1
1529476860000,1529476919000,81.479,81.513,81.478,81.513,99660000,1
1529476920000,1529476979000,81.514,81.516,81.498,81.503,92100000,1
1529476980000,1529477039000,81.503,81.515,81.503,81.508,88540000,1
1529477040000,1529477099000,81.509,81.527,81.497,81.527,64880000,1
1529477100000,1529477159000,81.526,81.527,81.502,81.504,79900000,1
1529477160000,1529477219000,81.505,81.517,81.504,81.511,42430000,1
1529477220000,1529477279000,81.511,81.516,81.494,81.496,94930000,1
1529477280000,1529477339000,81.495,81.496,81.483,81.484,89420000,1
1529477340000,1529477399000,81.483,81.489,81.456,81.48,152860000,1
1529477400000,1529477459000,81.477,81.488,81.468,81.468,94370000,1
1529477460000,1529477519000,81.467,81.479,81.467,81.479,57740000,1
1529477520000,1529477579000,81.478,81.512,81.478,81.51,66720000,1
1529477580000,1529477639000,81.509,81.523,81.507,81.522,68430000,1
1529477640000,1529477699000,81.524,81.524,81.505,81.506,90890000,1
1529477700000,1529477759000,81.507,81.516,81.5,81.505,92610000,1
1529477760000,1529477819000,81.506,81.511,81.501,81.504,76610000,1
1529477820000,1529477879000,81.504,81.504,81.447,81.467,176540000,1
1529477880000,1529477939000,81.468,81.552,81.466,81.546,174770000,1
1529477940000,1529477999000,81.545,81.545,81.505,81.51,167910000,1
1529478000000,1529478059000,81.51,81.519,81.507,81.514,157740000,1
1529478060000,1529478119000,81.515,81.533,81.512,81.529,128410000,1
1529478120000,1529478179000,81.528,81.575,81.528,81.562,156950000,1
1529478180000,1529478239000,81.563,81.573,81.562,81.573,93970000,1
1529478240000,1529478299000,81.573,81.599,81.572,81.591,159530000,1
1529478300000,1529478359000,81.591,81.609,81.586,81.595,167760000,1
1529478360000,1529478419000,81.597,81.609,81.587,81.6,225710000,1
1529478420000,1529478479000,81.601,81.606,81.575,81.579,156240000,1
1529478480000,1529478539000,81.578,81.607,81.57,81.599,133660000,1
1529478540000,1529478599000,81.599,81.604,81.591,81.604,108040000,1
1529478600000,1529478659000,81.604,81.622,81.594,81.619,142770000,1
1529478660000,1529478719000,81.62,81.621,81.6,81.603,115600000,1
1529478720000,1529478779000,81.602,81.61,81.595,81.602,110760000,1
1529478780000,1529478839000,81.603,81.626,81.603,81.618,98080000,1
1529478840000,1529478899000,81.62,81.634,81.618,81.634,102610000,1
1529478900000,1529478959000,81.633,81.633,81.599,81.601,161220000,1
1529478960000,1529479019000,81.6,81.603,81.59,81.597,96740000,1
1529479020000,1529479079000,81.597,81.597,81.577,81.577,100730000,1
1529479080000,1529479139000,81.575,81.576,81.557,81.567,128120000,1
1529479140000,1529479199000,81.566,81.569,81.565,81.569,93760000,1
1529479200000,1529479259000,81.57,81.571,81.558,81.563,92220000,1
1529479260000,1529479319000,81.563,81.575,81.563,81.567,82520000,1
1529479320000,1529479379000,81.566,81.576,81.562,81.565,146340000,1
1529479380000,1529479439000,81.565,81.565,81.54,81.542,106420000,1
1529479440000,1529479499000,81.542,81.543,81.506,81.506,92550000,1
1529479500000,1529479559000,81.508,81.509,81.46,81.469,157780000,1
1529479560000,1529479619000,81.471,81.475,81.46,81.463,147810000,1
1529479620000,1529479679000,81.463,81.481,81.455,81.461,210260000,1
1529479680000,1529479739000,81.46,81.475,81.45,81.472,140680000,1
1529479740000,1529479799000,81.47,81.478,81.458,81.476,87110000,1
1529479800000,1529479859000,81.476,81.512,81.476,81.492,146750000,1
1529479860000,1529479919000,81.491,81.493,81.478,81.478,70260000,1
1529479920000,1529479979000,81.478,81.48,81.445,81.445,155930000,1
1529479980000,1529480039000,81.446,81.47,81.444,81.452,137590000,1
1529480040000,1529480099000,81.452,81.477,81.452,81.458,125950000,1
1529480100000,1529480159000,81.458,81.468,81.456,81.465,138710000,1
1529480160000,1529480219000,81.465,81.47,81.433,81.438,146160000,1
1529480220000,1529480279000,81.439,81.461,81.439,81.454,153520000,1
1529480280000,1529480339000,81.455,81.481,81.453,81.479,140420000,1
1529480340000,1529480399000,81.48,81.513,81.48,81.51,121900000,1
1529480400000,1529480459000,81.509,81.515,81.499,81.505,167990000,1
1529480460000,1529480519000,81.505,81.515,81.5,81.5,189410000,1
1529480520000,1529480579000,81.501,81.506,81.477,81.478,147000000,1
1529480580000,1529480639000,81.48,81.481,81.451,81.473,142940000,1
1529480640000,1529480699000,81.473,81.474,81.454,81.454,108300000,1
1529480700000,1529480759000,81.455,81.463,81.442,81.463,149410000,1
1529480760000,1529480819000,81.465,81.473,81.437,81.466,136720000,1
1529480820000,1529480879000,81.466,81.504,81.466,81.485,116400000,1
1529480880000,1529480939000,81.486,81.551,81.486,81.549,202990000,1
1529480940000,1529480999000,81.547,81.558,81.54,81.552,210000000,1
1529481000000,1529481059000,81.554,81.56,81.545,81.549,111180000,1
1529481060000,1529481119000,81.549,81.553,81.526,81.536,147970000,1
1529481120000,1529481179000,81.534,81.534,81.49,81.496,236190000,1
1529481180000,1529481239000,81.495,81.505,81.48,81.48,110190000,1
1529481240000,1529481299000,81.48,81.482,81.457,81.457,168350000,1
1529481300000,1529481359000,81.457,81.477,81.445,81.446,179650000,1
1529481360000,1529481419000,81.445,81.488,81.442,81.445,204820000,1
1529481420000,1529481479000,81.446,81.481,81.443,81.48,170050000,1
1529481480000,1529481539000,81.479,81.483,81.472,81.475,202930000,1
1529481540000,1529481599000,81.476,81.488,81.455,81.486,133700000,1
1529481600000,1529481659000,81.487,81.488,81.436,81.438,203790000,1
1529481660000,1529481719000,81.437,81.449,81.428,81.428,130450000,1
1529481720000,1529481779000,81.429,81.429,81.423,81.425,113860000,1
1529481780000,1529481839000,81.424,81.433,81.402,81.402,165320000,1
1529481840000,1529481899000,81.404,81.422,81.403,81.409,115690000,1
1529481900000,1529481959000,81.409,81.409,81.399,81.4,86590000,1
1529481960000,1529482019000,81.4,81.413,81.398,81.408,74910000,1
1529482020000,1529482079000,81.408,81.426,81.406,81.424,87790000,1
1529482080000,1529482139000,81.422,81.422,81.324,81.329,376270000,1
1529482140000,1529482199000,81.332,81.38,81.326,81.373,309950000,1
1529482200000,1529482259000,81.373,81.38,81.351,81.361,262020000,1
1529482260000,1529482319000,81.362,81.367,81.346,81.35,195950000,1
1529482320000,1529482379000,81.351,81.364,81.348,81.362,161020000,1
1529482380000,1529482439000,81.362,81.391,81.362,81.377,195360000,1
1529482440000,1529482499000,81.376,81.381,81.358,81.377,209090000,1
1529482500000,1529482559000,81.378,81.387,81.367,81.387,178660000,1
1529482560000,1529482619000,81.387,81.408,81.387,81.39,203950000,1
1529482620000,1529482679000,81.388,81.392,81.377,81.38,197530000,1
1529482680000,1529482739000,81.379,81.402,81.379,81.391,137760000,1
1529482740000,1529482799000,81.392,81.396,81.382,81.382,124150000,1
1529482800000,1529482859000,81.385,81.391,81.378,81.391,102510000,1
1529482860000,1529482919000,81.391,81.407,81.39,81.399,127550000,1
1529482920000,1529482979000,81.398,81.419,81.398,81.419,176520000,1
1529482980000,1529483039000,81.417,81.417,81.368,81.372,131690000,1
1529483040000,1529483099000,81.372,81.374,81.364,81.371,104290000,1
1529483100000,1529483159000,81.371,81.376,81.363,81.374,122700000,1
1529483160000,1529483219000,81.373,81.376,81.359,81.368,158300000,1
1529483220000,1529483279000,81.366,81.386,81.366,81.381,135860000,1
1529483280000,1529483339000,81.381,81.381,81.365,81.374,121140000,1
1529483340000,1529483399000,81.373,81.379,81.363,81.369,164100000,1
1529483400000,1529483459000,81.369,81.379,81.366,81.366,141460000,1
1529483460000,1529483519000,81.365,81.371,81.346,81.362,122020000,1
1529483520000,1529483579000,81.362,81.367,81.359,81.367,110510000,1
1529483580000,1529483639000,81.367,81.382,81.34,81.343,224970000,1
1529483640000,1529483699000,81.343,81.35,81.325,81.334,170990000,1
1529483700000,1529483759000,81.334,81.344,81.313,81.318,157150000,1
1529483760000,1529483819000,81.317,81.328,81.315,81.323,119490000,1
1529483820000,1529483879000,81.324,81.329,81.315,81.328,88430000,1
1529483880000,1529483939000,81.327,81.35,81.322,81.34,113630000,1
1529483940000,1529483999000,81.34,81.351,81.34,81.346,136800000,1
1529484000000,1529484059000,81.347,81.35,81.305,81.332,145940000,1
1529484060000,1529484119000,81.331,81.338,81.314,81.318,74240000,1
1529484120000,1529484179000,81.318,81.332,81.316,81.317,109560000,1
1529484180000,1529484239000,81.317,81.318,81.299,81.306,144570000,1
1529484240000,1529484299000,81.307,81.309,81.296,81.306,110610000,1
1529484300000,1529484359000,81.305,81.325,81.305,81.315,166510000,1
1529484360000,1529484419000,81.315,81.337,81.315,81.331,113200000,1
1529484420000,1529484479000,81.331,81.331,81.298,81.298,143620000,1
1529484480000,1529484539000,81.297,81.306,81.286,81.289,139110000,1
1529484540000,1529484599000,81.288,81.302,81.288,81.291,85830000,1
1529484600000,1529484659000,81.291,81.296,81.272,81.277,137170000,1
1529484660000,1529484719000,81.276,81.29,81.264,81.289,119710000,1
1529484720000,1529484779000,81.289,81.308,81.289,81.308,79680000,1
1529484780000,1529484839000,81.309,81.311,81.285,81.289,124430000,1
1529484840000,1529484899000,81.29,81.325,81.29,81.324,96170000,1
1529484900000,1529484959000,81.324,81.326,81.305,81.31,100360000,1
1529484960000,1529485019000,81.309,81.315,81.308,81.31,62700000,1
1529485020000,1529485079000,81.31,81.321,81.297,81.297,59620000,1
1529485080000,1529485139000,81.296,81.304,81.294,81.301,57090000,1
1529485140000,1529485199000,81.3,81.312,81.292,81.309,121400000,1
1529485200000,1529485259000,81.307,81.318,81.304,81.308,88730000,1
1529485260000,1529485319000,81.309,81.338,81.309,81.338,142120000,1
1529485320000,1529485379000,81.337,81.349,81.334,81.342,141400000,1
1529485380000,1529485439000,81.343,81.349,81.322,81.322,115930000,1
1529485440000,1529485499000,81.322,81.33,81.322,81.329,50450000,1
1529485500000,1529485559000,81.329,81.341,81.326,81.336,110820000,1
1529485560000,1529485619000,81.339,81.345,81.319,81.324,105270000,1
1529485620000,1529485679000,81.324,81.326,81.312,81.321,180480000,1
1529485680000,1529485739000,81.321,81.321,81.314,81.315,115020000,1
1529485740000,1529485799000,81.315,81.339,81.315,81.339,84880000,1
1529485800000,1529485859000,81.338,81.343,81.333,81.333,90420000,1
1529485860000,1529485919000,81.332,81.342,81.328,81.338,101540000,1
1529485920000,1529485979000,81.338,81.338,81.325,81.327,86860000,1
1529485980000,1529486039000,81.329,81.342,81.328,81.335,127300000,1
1529486040000,1529486099000,81.335,81.337,81.319,81.323,125590000,1
1529486100000,1529486159000,81.322,81.325,81.311,81.315,117650000,1
1529486160000,1529486219000,81.314,81.32,81.308,81.317,106880000,1
1529486220000,1529486279000,81.317,81.325,81.316,81.324,121810000,1
1529486280000,1529486339000,81.323,81.334,81.321,81.333,87460000,1
1529486340000,1529486399000,81.334,81.382,81.331,81.375,172230000,1
1529486400000,1529486459000,81.374,81.374,81.353,81.369,85600000,1
1529486460000,1529486519000,81.37,81.381,81.37,81.374,53080000,1
1529486520000,1529486579000,81.377,81.381,81.374,81.38,38350000,1
1529486580000,1529486639000,81.377,81.377,81.348,81.348,45780000,1
1529486640000,1529486699000,81.348,81.356,81.344,81.356,97540000,1
1529486700000,1529486759000,81.355,81.356,81.347,81.349,57360000,1
1529486760000,1529486819000,81.349,81.354,81.341,81.346,127340000,1
1529486820000,1529486879000,81.346,81.346,81.343,81.345,48970000,1
1529486880000,1529486939000,81.344,81.35,81.34,81.344,76620000,1
1529486940000,1529486999000,81.342,81.367,81.339,81.367,72720000,1
1529487000000,1529487059000,81.369,81.397,81.369,81.397,58540000,1
1529487060000,1529487119000,81.397,81.398,81.388,81.388,85990000,1
1529487120000,1529487179000,81.389,81.391,81.382,81.386,115020000,1
1529487180000,1529487239000,81.387,81.398,81.383,81.398,90640000,1
1529487240000,1529487299000,81.398,81.406,81.398,81.402,63030000,1
1529487300000,1529487359000,81.401,81.417,81.397,81.416,101550000,1
1529487360000,1529487419000,81.416,81.417,81.407,81.412,48180000,1
1529487420000,1529487479000,81.412,81.412,81.403,81.407,96630000,1
1529487480000,1529487539000,81.41,81.417,81.408,81.409,44550000,1
1529487540000,1529487599000,81.407,81.41,81.387,81.393,76210000,1
1529487600000,1529487659000,81.392,81.4,81.392,81.399,25620000,1
1529487660000,1529487719000,81.399,81.411,81.397,81.407,52160000,1
1529487720000,1529487779000,81.407,81.43,81.405,81.419,73230000,1
1529487780000,1529487839000,81.419,81.419,81.395,81.415,83490000,1
1529487840000,1529487899000,81.414,81.416,81.41,81.413,103830000,1
1529487900000,1529487959000,81.414,81.414,81.38,81.387,164510000,1
1529487960000,1529488019000,81.392,81.394,81.38,81.38,138510000,1
1529488020000,1529488079000,81.381,81.386,81.37,81.374,103180000,1
1529488080000,1529488139000,81.372,81.377,81.368,81.371,81770000,1
1529488140000,1529488199000,81.372,81.377,81.366,81.368,67290000,1
1529488200000,1529488259000,81.37,81.371,81.348,81.352,106120000,1
1529488260000,1529488319000,81.351,81.355,81.338,81.349,76760000,1
1529488320000,1529488379000,81.349,81.35,81.338,81.338,59180000,1
1529488380000,1529488439000,81.336,81.337,81.331,81.337,71090000,1
1529488440000,1529488499000,81.338,81.356,81.338,81.352,147140000,1
1529488500000,1529488559000,81.353,81.361,81.347,81.36,91460000,1
1529488560000,1529488619000,81.361,81.361,81.344,81.344,120990000,1
1529488620000,1529488679000,81.344,81.346,81.34,81.34,84330000,1
1529488680000,1529488739000,81.339,81.342,81.336,81.336,58950000,1
1529488740000,1529488799000,81.336,81.34,81.336,81.34,110900000,1
1529488800000,1529488859000,81.34,81.345,81.334,81.337,97220000,1
1529488860000,1529488919000,81.338,81.338,81.328,81.328,65660000,1
1529488920000,1529488979000,81.328,81.346,81.324,81.328,133330000,1
1529488980000,1529489039000,81.329,81.352,81.327,81.351,93090000,1
1529489040000,1529489099000,81.35,81.351,81.336,81.348,119910000,1
1529489100000,1529489159000,81.347,81.368,81.346,81.361,99400000,1
1529489160000,1529489219000,81.361,81.366,81.354,81.355,107600000,1
1529489220000,1529489279000,81.355,81.365,81.355,81.365,45430000,1
1529489280000,1529489339000,81.367,81.392,81.367,81.383,124910000,1
1529489340000,1529489399000,81.383,81.385,81.372,81.383,109780000,1
1529489400000,1529489459000,81.383,81.391,81.383,81.384,59410000,1
1529489460000,1529489519000,81.383,81.394,81.381,81.382,76080000,1
1529489520000,1529489579000,81.382,81.385,81.377,81.381,63610000,1
1529489580000,1529489639000,81.385,81.387,81.38,81.381,62460000,1
1529489640000,1529489699000,81.382,81.384,81.379,81.383,41100000,1
1529489700000,1529489759000,81.382,81.385,81.381,81.385,45880000,1
1529489760000,1529489819000,81.385,81.397,81.385,81.396,53800000,1
1529489820000,1529489879000,81.395,81.395,81.392,81.394,29690000,1
1529489880000,1529489939000,81.393,81.399,81.386,81.399,66390000,1
1529489940000,1529489999000,81.402,81.407,81.402,81.405,51670000,1
1529490000000,1529490059000,81.405,81.411,81.405,81.411,60970000,1
1529490060000,1529490119000,81.411,81.417,81.401,81.417,74840000,1
1529490120000,1529490179000,81.416,81.419,81.415,81.419,47430000,1
1529490180000,1529490239000,81.419,81.419,81.407,81.407,48180000,1
1529490240000,1529490299000,81.407,81.412,81.407,81.411,43160000,1
1529490300000,1529490359000,81.409,81.416,81.408,81.416,35490000,1
1529490360000,1529490419000,81.415,81.425,81.406,81.421,73070000,1
1529490420000,1529490479000,81.421,81.421,81.411,81.416,50030000,1
1529490480000,1529490539000,81.416,81.418,81.416,81.418,61430000,1
1529490540000,1529490599000,81.417,81.435,81.412,81.433,102270000,1
1529490600000,1529490659000,81.433,81.435,81.425,81.43,83790000,1
1529490660000,1529490719000,81.43,81.432,81.413,81.415,101530000,1
1529490720000,1529490779000,81.414,81.42,81.414,81.418,43860000,1
1529490780000,1529490839000,81.418,81.421,81.41,81.419,91830000,1
1529490840000,1529490899000,81.418,81.418,81.4,81.4,91820000,1
1529490900000,1529490959000,81.402,81.406,81.393,81.403,94670000,1
1529490960000,1529491019000,81.404,81.418,81.404,81.418,104150000,1
1529491020000,1529491079000,81.418,81.418,81.412,81.413,64590000,1
1529491080000,1529491139000,81.413,81.413,81.391,81.394,62860000,1
1529491140000,1529491199000,81.396,81.396,81.379,81.385,87610000,1
1529491200000,1529491259000,81.385,81.392,81.378,81.387,97590000,1
1529491260000,1529491319000,81.387,81.387,81.374,81.376,67400000,1
1529491320000,1529491379000,81.376,81.38,81.372,81.38,100840000,1
1529491380000,1529491439000,81.379,81.379,81.365,81.365,58920000,1
1529491440000,1529491499000,81.361,81.384,81.359,81.383,74470000,1
1529491500000,1529491559000,81.383,81.383,81.372,81.381,63920000,1
1529491560000,1529491619000,81.382,81.386,81.38,81.382,54850000,1
1529491620000,1529491679000,81.382,81.386,81.378,81.379,45850000,1
1529491680000,1529491739000,81.379,81.383,81.377,81.377,49620000,1
1529491740000,1529491799000,81.378,81.378,81.366,81.369,83270000,1
1529491800000,1529491859000,81.37,81.37,81.363,81.368,94850000,1
1529491860000,1529491919000,81.368,81.368,81.358,81.362,67510000,1
1529491920000,1529491979000,81.362,81.367,81.36,81.363,78100000,1
1529491980000,1529492039000,81.363,81.388,81.362,81.384,93410000,1
1529492040000,1529492099000,81.384,81.401,81.382,81.399,88000000,1
1529492100000,1529492159000,81.398,81.398,81.386,81.389,69030000,1
1529492160000,1529492219000,81.391,81.393,81.384,81.384,41400000,1
1529492220000,1529492279000,81.384,81.385,81.369,81.376,51550000,1
1529492280000,1529492339000,81.377,81.387,81.375,81.387,29380000,1
1529492340000,1529492399000,81.386,81.387,81.374,81.377,40290000,1
1529492400000,1529492459000,81.377,81.377,81.359,81.359,47750000,1
1529492460000,1529492519000,81.358,81.359,81.336,81.336,78850000,1
1529492520000,1529492579000,81.336,81.337,81.313,81.322,146740000,1
1529492580000,1529492639000,81.322,81.331,81.32,81.32,123480000,1
1529492640000,1529492699000,81.32,81.325,81.32,81.325,70780000,1
1529492700000,1529492759000,81.325,81.328,81.323,81.323,45380000,1
1529492760000,1529492819000,81.323,81.326,81.313,81.313,65140000,1
1529492820000,1529492879000,81.313,81.313,81.293,81.294,60690000,1
1529492880000,1529492939000,81.294,81.317,81.292,81.317,82560000,1
1529492940000,1529492999000,81.317,81.321,81.306,81.312,70350000,1
1529493000000,1529493059000,81.312,81.314,81.291,81.292,97360000,1
1529493060000,1529493119000,81.292,81.31,81.288,81.304,95480000,1
1529493120000,1529493179000,81.302,81.302,81.291,81.295,58900000,1
1529493180000,1529493239000,81.295,81.296,81.285,81.286,54920000,1
1529493240000,1529493299000,81.286,81.298,81.276,81.276,78150000,1
1529493300000,1529493359000,81.276,81.287,81.274,81.286,65330000,1
1529493360000,1529493419000,81.286,81.297,81.284,81.293,92310000,1
1529493420000,1529493479000,81.295,81.296,81.287,81.288,97990000,1
1529493480000,1529493539000,81.288,81.29,81.274,81.29,59920000,1
1529493540000,1529493599000,81.289,81.312,81.287,81.312,106510000,1
1529493600000,1529493659000,81.313,81.32,81.312,81.32,108530000,1
1529493660000,1529493719000,81.32,81.32,81.314,81.318,65090000,1
1529493720000,1529493779000,81.317,81.333,81.315,81.333,53650000,1
1529493780000,1529493839000,81.335,81.347,81.33,81.333,94510000,1
1529493840000,1529493899000,81.333,81.351,81.325,81.351,145210000,1
1529493900000,1529493959000,81.35,81.35,81.328,81.342,143080000,1
1529493960000,1529494019000,81.343,81.358,81.343,81.355,84150000,1
1529494020000,1529494079000,81.356,81.365,81.356,81.364,51280000,1
1529494080000,1529494139000,81.366,81.375,81.365,81.374,84040000,1
1529494140000,1529494199000,81.374,81.395,81.374,81.395,108010000,1
1529494200000,1529494259000,81.396,81.397,81.373,81.378,72780000,1
1529494260000,1529494319000,81.379,81.379,81.366,81.368,69990000,1
1529494320000,1529494379000,81.368,81.37,81.361,81.368,50310000,1
1529494380000,1529494439000,81.369,81.369,81.357,81.359,46320000,1
1529494440000,1529494499000,81.359,81.359,81.349,81.355,51140000,1
1529494500000,1529494559000,81.358,81.358,81.336,81.34,100510000,1
1529494560000,1529494619000,81.339,81.339,81.334,81.335,29220000,1
1529494620000,1529494679000,81.337,81.344,81.333,81.339,66340000,1
1529494680000,1529494739000,81.338,81.34,81.335,81.34,48240000,1
1529494740000,1529494799000,81.34,81.347,81.334,81.339,94550000,1
1529494800000,1529494859000,81.338,81.351,81.338,81.345,93190000,1
1529494860000,1529494919000,81.347,81.347,81.322,81.326,84780000,1
1529494920000,1529494979000,81.327,81.33,81.322,81.328,71410000,1
1529494980000,1529495039000,81.329,81.329,81.305,81.306,86540000,1
1529495040000,1529495099000,81.305,81.314,81.301,81.301,71880000,1
1529495100000,1529495159000,81.301,81.302,81.294,81.295,61880000,1
1529495160000,1529495219000,81.295,81.312,81.295,81.31,85630000,1
1529495220000,1529495279000,81.31,81.311,81.294,81.302,91090000,1
1529495280000,1529495339000,81.303,81.307,81.288,81.288,65990000,1
1529495340000,1529495399000,81.289,81.293,81.287,81.293,20610000,1
1529495400000,1529495459000,81.293,81.303,81.283,81.291,113720000,1
1529495460000,1529495519000,81.291,81.301,81.291,81.297,90580000,1
1529495520000,1529495579000,81.297,81.304,81.297,81.303,71780000,1
1529495580000,1529495639000,81.301,81.302,81.284,81.285,48760000,1
1529495640000,1529495699000,81.287,81.287,81.259,81.261,66900000,1
1529495700000,1529495759000,81.263,81.263,81.229,81.232,127900000,1
1529495760000,1529495819000,81.232,81.24,81.229,81.234,92680000,1
1529495820000,1529495879000,81.234,81.241,81.219,81.227,116040000,1
1529495880000,1529495939000,81.228,81.254,81.228,81.254,89710000,1
1529495940000,1529495999000,81.255,81.265,81.245,81.245,101440000,1
1529496000000,1529496059000,81.245,81.247,81.222,81.225,85890000,1
1529496060000,1529496119000,81.226,81.239,81.224,81.23,130050000,1
1529496120000,1529496179000,81.235,81.235,81.224,81.228,133830000,1
1529496180000,1529496239000,81.229,81.241,81.229,81.237,120360000,1
1529496240000,1529496299000,81.237,81.239,81.22,81.224,112650000,1
1529496300000,1529496359000,81.225,81.244,81.22,81.243,108860000,1
1529496360000,1529496419000,81.244,81.245,81.237,81.24,78760000,1
1529496420000,1529496479000,81.24,81.254,81.237,81.254,53860000,1
1529496480000,1529496539000,81.253,81.253,81.209,81.214,79920000,1
1529496540000,1529496599000,81.214,81.221,81.197,81.204,141380000,1
1529496600000,1529496659000,81.203,81.207,81.181,81.181,114980000,1
1529496660000,1529496719000,81.181,81.197,81.181,81.197,86150000,1
1529496720000,1529496779000,81.199,81.209,81.197,81.202,108920000,1
1529496780000,1529496839000,81.2,81.217,81.2,81.217,79110000,1
1529496840000,1529496899000,81.218,81.219,81.202,81.202,114660000,1
1529496900000,1529496959000,81.201,81.217,81.187,81.216,149540000,1
1529496960000,1529497019000,81.216,81.227,81.212,81.224,84110000,1
1529497020000,1529497079000,81.222,81.231,81.218,81.229,113640000,1
1529497080000,1529497139000,81.23,81.23,81.216,81.217,121990000,1
1529497140000,1529497199000,81.217,81.231,81.217,81.218,116340000,1
1529497200000,1529497259000,81.216,81.218,81.2,81.2,127980000,1
1529497260000,1529497319000,81.201,81.224,81.19,81.224,120750000,1
1529497320000,1529497379000,81.224,81.227,81.215,81.226,62820000,1
1529497380000,1529497439000,81.226,81.233,81.215,81.216,177780000,1
1529497440000,1529497499000,81.216,81.224,81.215,81.222,45830000,1
1529497500000,1529497559000,81.222,81.222,81.2,81.2,65750000,1
1529497560000,1529497619000,81.201,81.21,81.197,81.199,90060000,1
1529497620000,1529497679000,81.198,81.226,81.198,81.222,136160000,1
1529497680000,1529497739000,81.222,81.254,81.222,81.254,137300000,1
1529497740000,1529497799000,81.253,81.254,81.222,81.23,138140000,1
1529497800000,1529497859000,81.231,81.234,81.196,81.197,160310000,1
1529497860000,1529497919000,81.197,81.198,81.184,81.184,101870000,1
1529497920000,1529497979000,81.182,81.185,81.172,81.179,125390000,1
1529497980000,1529498039000,81.179,81.187,81.178,81.187,85550000,1
1529498040000,1529498099000,81.186,81.187,81.155,81.164,90830000,1
1529498100000,1529498159000,81.164,81.167,81.148,81.156,128540000,1
1529498160000,1529498219000,81.158,81.18,81.157,81.173,86510000,1
1529498220000,1529498279000,81.173,81.192,81.173,81.189,101190000,1
1529498280000,1529498339000,81.19,81.207,81.19,81.198,106710000,1
1529498340000,1529498399000,81.199,81.234,81.198,81.233,178780000,1
1529498400000,1529498459000,81.234,81.244,81.231,81.244,102830000,1
1529498460000,1529498519000,81.242,81.255,81.239,81.253,113340000,1
1529498520000,1529498579000,81.252,81.265,81.246,81.254,180210000,1
1529498580000,1529498639000,81.252,81.28,81.246,81.268,162570000,1
1529498640000,1529498699000,81.268,81.28,81.257,81.273,140200000,1
1529498700000,1529498759000,81.271,81.293,81.266,81.266,138110000,1
1529498760000,1529498819000,81.266,81.298,81.266,81.292,105310000,1
1529498820000,1529498879000,81.292,81.302,81.289,81.299,118040000,1
1529498880000,1529498939000,81.298,81.302,81.291,81.292,89280000,1
1529498940000,1529498999000,81.29,81.293,81.28,81.29,88330000,1
1529499000000,1529499059000,81.289,81.307,81.289,81.296,102100000,1
1529499060000,1529499119000,81.297,81.336,81.297,81.336,117180000,1
1529499120000,1529499179000,81.333,81.341,81.331,81.341,73150000,1
1529499180000,1529499239000,81.341,81.372,81.338,81.361,105450000,1
1529499240000,1529499299000,81.362,81.379,81.359,81.371,150770000,1
1529499300000,1529499359000,81.37,81.375,81.358,81.369,168800000,1
1529499360000,1529499419000,81.369,81.37,81.337,81.35,149780000,1
1529499420000,1529499479000,81.349,81.349,81.324,81.329,160770000,1
1529499480000,1529499539000,81.33,81.336,81.309,81.32,131870000,1
1529499540000,1529499599000,81.32,81.328,81.315,81.316,134660000,1
1529499600000,1529499659000,81.316,81.327,81.314,81.319,124210000,1
1529499660000,1529499719000,81.318,81.322,81.309,81.309,93750000,1
1529499720000,1529499779000,81.309,81.311,81.287,81.287,132540000,1
1529499780000,1529499839000,81.287,81.287,81.271,81.281,96140000,1
1529499840000,1529499899000,81.282,81.29,81.281,81.283,50140000,1
1529499900000,1529499959000,81.283,81.283,81.271,81.276,57630000,1
1529499960000,1529500019000,81.276,81.318,81.276,81.317,87470000,1
1529500020000,1529500079000,81.316,81.323,81.31,81.32,108870000,1
1529500080000,1529500139000,81.319,81.319,81.298,81.298,113700000,1
1529500140000,1529500199000,81.298,81.301,81.283,81.301,80720000,1
1529500200000,1529500259000,81.302,81.342,81.302,81.342,98750000,1
1529500260000,1529500319000,81.341,81.367,81.341,81.367,89000000,1
1529500320000,1529500379000,81.366,81.374,81.336,81.343,154390000,1
1529500380000,1529500439000,81.341,81.352,81.336,81.348,138510000,1
1529500440000,1529500499000,81.348,81.349,81.336,81.349,105430000,1
1529500500000,1529500559000,81.346,81.349,81.329,81.33,119050000,1
1529500560000,1529500619000,81.333,81.337,81.325,81.332,134730000,1
1529500620000,1529500679000,81.331,81.35,81.329,81.349,155050000,1
1529500680000,1529500739000,81.35,81.353,81.327,81.347,128690000,1
1529500740000,1529500799000,81.345,81.349,81.336,81.342,126290000,1
1529500800000,1529500859000,81.341,81.35,81.335,81.348,132120000,1
1529500860000,1529500919000,81.348,81.348,81.326,81.337,149560000,1
1529500920000,1529500979000,81.337,81.35,81.335,81.348,74450000,1
1529500980000,1529501039000,81.348,81.35,81.335,81.338,98750000,1
1529501040000,1529501099000,81.338,81.338,81.32,81.325,108710000,1
1529501100000,1529501159000,81.324,81.324,81.308,81.319,125090000,1
1529501160000,1529501219000,81.319,81.319,81.186,81.213,518160000,1
1529501220000,1529501279000,81.211,81.214,81.154,81.154,335280000,1
1529501280000,1529501339000,81.151,81.153,81.112,81.123,262460000,1
1529501340000,1529501399000,81.119,81.131,81.11,81.129,250300000,1
1529501400000,1529501459000,81.13,81.201,81.13,81.169,361150000,1
1529501460000,1529501519000,81.169,81.195,81.16,81.185,228420000,1
1529501520000,1529501579000,81.185,81.185,81.158,81.16,236100000,1
1529501580000,1529501639000,81.159,81.182,81.148,81.17,242260000,1
1529501640000,1529501699000,81.168,81.174,81.156,81.162,236700000,1
1529501700000,1529501759000,81.162,81.18,81.157,81.18,203440000,1
1529501760000,1529501819000,81.178,81.193,81.158,81.164,198980000,1
1529501820000,1529501879000,81.162,81.18,81.155,81.176,155740000,1
1529501880000,1529501939000,81.176,81.214,81.175,81.198,169370000,1
1529501940000,1529501999000,81.197,81.214,81.188,81.201,238080000,1
1529502000000,1529502059000,81.201,81.201,81.171,81.174,211390000,1
1529502060000,1529502119000,81.174,81.181,81.168,81.18,198530000,1
1529502120000,1529502179000,81.179,81.22,81.178,81.22,185410000,1
1529502180000,1529502239000,81.221,81.221,81.199,81.205,195470000,1
1529502240000,1529502299000,81.203,81.247,81.203,81.238,187050000,1
1529502300000,1529502359000,81.239,81.273,81.236,81.273,233610000,1
1529502360000,1529502419000,81.275,81.3,81.258,81.3,163890000,1
1529502420000,1529502479000,81.291,81.291,81.264,81.277,189810000,1
1529502480000,1529502539000,81.275,81.283,81.265,81.268,181490000,1
1529502540000,1529502599000,81.269,81.322,81.266,81.321,180670000,1
1529502600000,1529502659000,81.32,81.32,81.262,81.266,241680000,1
1529502660000,1529502719000,81.266,81.277,81.247,81.277,197490000,1
1529502720000,1529502779000,81.276,81.308,81.274,81.292,255100000,1
1529502780000,1529502839000,81.291,81.327,81.277,81.327,200490000,1
1529502840000,1529502899000,81.327,81.332,81.313,81.329,167210000,1
1529502900000,1529502959000,81.329,81.349,81.328,81.332,182360000,1
1529502960000,1529503019000,81.332,81.358,81.331,81.357,117410000,1
1529503020000,1529503079000,81.358,81.382,81.345,81.363,187860000,1
1529503080000,1529503139000,81.361,81.388,81.357,81.36,258340000,1
1529503140000,1529503199000,81.359,81.372,81.347,81.357,229080000,1
1529503200000,1529503259000,81.354,81.365,81.343,81.354,207660000,1
1529503260000,1529503319000,81.353,81.367,81.329,81.336,174850000,1
1529503320000,1529503379000,81.336,81.347,81.325,81.336,173620000,1
1529503380000,1529503439000,81.335,81.348,81.326,81.332,109400000,1
1529503440000,1529503499000,81.333,81.355,81.333,81.341,110770000,1
1529503500000,1529503559000,81.339,81.345,81.332,81.343,119760000,1
1529503560000,1529503619000,81.344,81.37,81.341,81.368,146020000,1
1529503620000,1529503679000,81.367,81.371,81.346,81.348,101950000,1
1529503680000,1529503739000,81.347,81.349,81.327,81.331,145220000,1
1529503740000,1529503799000,81.329,81.33,81.296,81.305,154980000,1
1529503800000,1529503859000,81.302,81.302,81.257,81.258,184320000,1
1529503860000,1529503919000,81.259,81.276,81.252,81.252,119200000,1
1529503920000,1529503979000,81.251,81.253,81.222,81.233,166070000,1
1529503980000,1529504039000,81.233,81.255,81.23,81.243,185500000,1
1529504040000,1529504099000,81.242,81.255,81.24,81.246,173750000,1
1529504100000,1529504159000,81.245,81.282,81.237,81.277,138790000,1
1529504160000,1529504219000,81.279,81.281,81.269,81.277,119920000,1
1529504220000,1529504279000,81.277,81.313,81.269,81.309,154570000,1
1529504280000,1529504339000,81.308,81.316,81.289,81.305,130150000,1
1529504340000,1529504399000,81.305,81.312,81.294,81.294,123450000,1
1529504400000,1529504459000,81.293,81.325,81.292,81.306,106800000,1
1529504460000,1529504519000,81.305,81.309,81.298,81.3,107500000,1
1529504520000,1529504579000,81.3,81.3,81.271,81.272,174930000,1
1529504580000,1529504639000,81.271,81.272,81.249,81.249,112570000,1
1529504640000,1529504699000,81.247,81.248,81.215,81.232,132170000,1
1529504700000,1529504759000,81.233,81.256,81.228,81.247,133150000,1
1529504760000,1529504819000,81.247,81.247,81.192,81.193,136910000,1
1529504820000,1529504879000,81.195,81.217,81.194,81.217,136580000,1
1529504880000,1529504939000,81.218,81.219,81.201,81.201,100110000,1
1529504940000,1529504999000,81.198,81.222,81.189,81.21,167350000,1
1529505000000,1529505059000,81.213,81.264,81.21,81.234,201530000,1
1529505060000,1529505119000,81.235,81.236,81.194,81.201,189110000,1
1529505120000,1529505179000,81.2,81.2,81.18,81.192,160650000,1
1529505180000,1529505239000,81.192,81.212,81.179,81.212,214680000,1
1529505240000,1529505299000,81.21,81.241,81.191,81.238,161830000,1
1529505300000,1529505359000,81.232,81.235,81.222,81.225,120750000,1
1529505360000,1529505419000,81.225,81.246,81.212,81.244,148380000,1
1529505420000,1529505479000,81.243,81.245,81.23,81.238,191830000,1
1529505480000,1529505539000,81.238,81.242,81.209,81.214,180020000,1
1529505540000,1529505599000,81.214,81.214,81.199,81.21,150610000,1
1529505600000,1529505659000,81.209,81.214,81.198,81.214,142180000,1
1529505660000,1529505719000,81.214,81.223,81.198,81.198,134130000,1
1529505720000,1529505779000,81.197,81.209,81.188,81.207,166090000,1
1529505780000,1529505839000,81.206,81.219,81.198,81.213,152540000,1
1529505840000,1529505899000,81.213,81.254,81.21,81.252,203920000,1
1529505900000,1529505959000,81.252,81.264,81.249,81.25,221950000,1
1529505960000,1529506019000,81.247,81.266,81.245,81.259,160400000,1
1529506020000,1529506079000,81.259,81.26,81.244,81.25,166670000,1
1529506080000,1529506139000,81.251,81.264,81.243,81.247,105220000,1
1529506140000,1529506199000,81.247,81.263,81.239,81.24,129840000,1
1529506200000,1529506259000,81.24,81.25,81.24,81.246,134710000,1
1529506260000,1529506319000,81.247,81.267,81.247,81.257,93980000,1
1529506320000,1529506379000,81.258,81.273,81.257,81.27,81580000,1
1529506380000,1529506439000,81.271,81.274,81.25,81.25,113840000,1
1529506440000,1529506499000,81.25,81.257,81.244,81.253,114520000,1
1529506500000,1529506559000,81.253,81.265,81.252,81.255,132810000,1
1529506560000,1529506619000,81.256,81.265,81.255,81.255,94220000,1
1529506620000,1529506679000,81.254,81.263,81.222,81.223,136770000,1
1529506680000,1529506739000,81.223,81.223,81.208,81.209,196940000,1
1529506740000,1529506799000,81.209,81.209,81.176,81.188,147900000,1
1529506800000,1529506859000,81.192,81.199,81.159,81.162,172570000,1
1529506860000,1529506919000,81.161,81.165,81.146,81.147,152570000,1
1529506920000,1529506979000,81.147,81.2,81.147,81.195,190150000,1
1529506980000,1529507039000,81.195,81.206,81.181,81.206,185840000,1
1529507040000,1529507099000,81.206,81.222,81.202,81.207,164850000,1
1529507100000,1529507159000,81.207,81.224,81.203,81.21,126670000,1
1529507160000,1529507219000,81.209,81.223,81.197,81.213,159860000,1
1529507220000,1529507279000,81.215,81.227,81.202,81.225,148240000,1
1529507280000,1529507339000,81.224,81.253,81.223,81.241,148230000,1
1529507340000,1529507399000,81.241,81.257,81.237,81.237,96310000,1
1529507400000,1529507459000,81.239,81.253,81.233,81.25,104340000,1
1529507460000,1529507519000,81.252,81.265,81.237,81.24,120330000,1
1529507520000,1529507579000,81.239,81.251,81.239,81.245,135170000,1
1529507580000,1529507639000,81.246,81.247,81.228,81.24,125430000,1
1529507640000,1529507699000,81.24,81.242,81.232,81.24,117400000,1
1529507700000,1529507759000,81.242,81.247,81.231,81.231,120430000,1
1529507760000,1529507819000,81.231,81.241,81.229,81.238,119440000,1
1529507820000,1529507879000,81.237,81.24,81.227,81.227,80630000,1
1529507880000,1529507939000,81.227,81.227,81.212,81.221,110850000,1
1529507940000,1529507999000,81.222,81.231,81.222,81.23,103470000,1
1529508000000,1529508059000,81.233,81.241,81.226,81.231,146230000,1
1529508060000,1529508119000,81.23,81.235,81.224,81.23,145850000,1
1529508120000,1529508179000,81.231,81.238,81.229,81.234,117700000,1
1529508180000,1529508239000,81.234,81.239,81.232,81.237,100370000,1
1529508240000,1529508299000,81.237,81.246,81.234,81.236,114070000,1
1529508300000,1529508359000,81.237,81.244,81.225,81.228,123930000,1
1529508360000,1529508419000,81.228,81.236,81.223,81.236,91910000,1
1529508420000,1529508479000,81.234,81.234,81.215,81.223,94710000,1
1529508480000,1529508539000,81.223,81.223,81.211,81.218,45130000,1
1529508540000,1529508599000,81.217,81.222,81.212,81.213,119140000,1
1529508600000,1529508659000,81.213,81.229,81.212,81.228,105380000,1
1529508660000,1529508719000,81.228,81.241,81.228,81.241,88610000,1
1529508720000,1529508779000,81.24,81.24,81.222,81.225,80140000,1
1529508780000,1529508839000,81.225,81.226,81.202,81.204,174690000,1
1529508840000,1529508899000,81.205,81.228,81.205,81.226,75480000,1
1529508900000,1529508959000,81.226,81.229,81.217,81.226,108840000,1
1529508960000,1529509019000,81.227,81.235,81.226,81.235,36750000,1
1529509020000,1529509079000,81.235,81.254,81.231,81.252,121950000,1
1529509080000,1529509139000,81.252,81.252,81.24,81.246,110060000,1
1529509140000,1529509199000,81.247,81.273,81.242,81.268,122200000,1
1529509200000,1529509259000,81.269,81.269,81.25,81.261,156470000,1
1529509260000,1529509319000,81.261,81.281,81.26,81.279,129520000,1
1529509320000,1529509379000,81.279,81.286,81.275,81.276,165260000,1
1529509380000,1529509439000,81.276,81.279,81.27,81.27,46520000,1
1529509440000,1529509499000,81.269,81.279,81.269,81.278,103400000,1
1529509500000,1529509559000,81.278,81.279,81.263,81.266,122590000,1
1529509560000,1529509619000,81.269,81.285,81.269,81.279,131430000,1
1529509620000,1529509679000,81.279,81.282,81.272,81.277,113800000,1
1529509680000,1529509739000,81.277,81.277,81.27,81.275,118200000,1
1529509740000,1529509799000,81.274,81.289,81.266,81.289,137490000,1
1529509800000,1529509859000,81.288,81.294,81.282,81.289,69690000,1
1529509860000,1529509919000,81.289,81.297,81.281,81.295,95810000,1
1529509920000,1529509979000,81.295,81.309,81.293,81.305,74890000,1
1529509980000,1529510039000,81.307,81.324,81.302,81.316,66040000,1
1529510040000,1529510099000,81.314,81.32,81.307,81.314,132450000,1
1529510100000,1529510159000,81.314,81.337,81.312,81.335,87200000,1
1529510160000,1529510219000,81.334,81.337,81.319,81.319,113970000,1
1529510220000,1529510279000,81.32,81.334,81.318,81.329,71560000,1
1529510280000,1529510339000,81.329,81.343,81.328,81.342,74000000,1
1529510340000,1529510399000,81.341,81.361,81.34,81.35,94180000,1
1529510400000,1529510459000,81.35,81.359,81.339,81.354,105590000,1
1529510460000,1529510519000,81.353,81.358,81.336,81.343,96450000,1
1529510520000,1529510579000,81.339,81.345,81.335,81.342,74430000,1
1529510580000,1529510639000,81.342,81.35,81.339,81.346,85890000,1
1529510640000,1529510699000,81.345,81.382,81.344,81.379,135030000,1
1529510700000,1529510759000,81.379,81.423,81.379,81.414,176190000,1
1529510760000,1529510819000,81.414,81.416,81.407,81.41,110940000,1
1529510820000,1529510879000,81.411,81.42,81.401,81.404,138080000,1
1529510880000,1529510939000,81.405,81.41,81.397,81.399,112350000,1
1529510940000,1529510999000,81.399,81.404,81.395,81.401,92350000,1
1529511000000,1529511059000,81.401,81.401,81.391,81.391,65590000,1
1529511060000,1529511119000,81.391,81.391,81.361,81.361,111420000,1
1529511120000,1529511179000,81.361,81.376,81.36,81.375,59570000,1
1529511180000,1529511239000,81.377,81.39,81.375,81.382,131620000,1
1529511240000,1529511299000,81.381,81.382,81.371,81.375,103060000,1
1529511300000,1529511359000,81.375,81.396,81.375,81.396,68070000,1
1529511360000,1529511419000,81.396,81.411,81.389,81.389,77000000,1
1529511420000,1529511479000,81.388,81.392,81.378,81.379,92460000,1
1529511480000,1529511539000,81.379,81.395,81.368,81.392,102810000,1
1529511540000,1529511599000,81.391,81.398,81.388,81.391,52740000,1
1529511600000,1529511659000,81.389,81.39,81.378,81.378,81140000,1
1529511660000,1529511719000,81.378,81.378,81.361,81.364,108570000,1
1529511720000,1529511779000,81.363,81.363,81.35,81.363,82420000,1
1529511780000,1529511839000,81.362,81.379,81.362,81.375,126360000,1
1529511840000,1529511899000,81.374,81.378,81.369,81.37,140980000,1
1529511900000,1529511959000,81.371,81.379,81.37,81.371,138900000,1
1529511960000,1529512019000,81.37,81.38,81.368,81.373,86870000,1
1529512020000,1529512079000,81.373,81.374,81.348,81.359,138620000,1
1529512080000,1529512139000,81.358,81.365,81.354,81.361,129370000,1
1529512140000,1529512199000,81.361,81.38,81.361,81.38,80130000,1
1529512200000,1529512259000,81.379,81.385,81.377,81.382,106970000,1
1529512260000,1529512319000,81.383,81.383,81.376,81.378,106560000,1
1529512320000,1529512379000,81.376,81.382,81.369,81.374,88720000,1
1529512380000,1529512439000,81.376,81.389,81.375,81.387,112150000,1
1529512440000,1529512499000,81.387,81.387,81.364,81.375,75950000,1
1529512500000,1529512559000,81.375,81.391,81.373,81.389,131320000,1
1529512560000,1529512619000,81.391,81.392,81.379,81.379,99600000,1
1529512620000,1529512679000,81.382,81.414,81.378,81.4,117020000,1
1529512680000,1529512739000,81.4,81.4,81.383,81.393,95190000,1
1529512740000,1529512799000,81.393,81.396,81.386,81.394,115220000,1
1529512800000,1529512859000,81.393,81.399,81.39,81.392,139200000,1
1529512860000,1529512919000,81.393,81.4,81.391,81.398,87070000,1
1529512920000,1529512979000,81.396,81.406,81.393,81.4,77190000,1
1529512980000,1529513039000,81.398,81.412,81.389,81.404,85230000,1
1529513040000,1529513099000,81.404,81.42,81.4,81.41,144750000,1
1529513100000,1529513159000,81.41,81.41,81.385,81.392,116140000,1
1529513160000,1529513219000,81.393,81.399,81.392,81.392,46450000,1
1529513220000,1529513279000,81.392,81.401,81.388,81.389,123840000,1
1529513280000,1529513339000,81.392,81.405,81.39,81.405,88130000,1
1529513340000,1529513399000,81.406,81.407,81.399,81.405,64190000,1
1529513400000,1529513459000,81.404,81.407,81.4,81.407,88370000,1
1529513460000,1529513519000,81.407,81.407,81.402,81.406,47970000,1
1529513520000,1529513579000,81.407,81.417,81.407,81.411,39690000,1
1529513580000,1529513639000,81.411,81.414,81.405,81.413,32750000,1
1529513640000,1529513699000,81.413,81.413,81.389,81.389,70390000,1
1529513700000,1529513759000,81.39,81.395,81.387,81.388,63780000,1
1529513760000,1529513819000,81.388,81.388,81.378,81.379,63330000,1
1529513820000,1529513879000,81.379,81.379,81.369,81.371,60490000,1
1529513880000,1529513939000,81.371,81.375,81.368,81.371,54320000,1
1529513940000,1529513999000,81.372,81.374,81.368,81.37,41250000,1
1529514000000,1529514059000,81.369,81.371,81.362,81.37,101180000,1
1529514060000,1529514119000,81.37,81.37,81.346,81.355,88320000,1
1529514120000,1529514179000,81.355,81.357,81.351,81.355,34210000,1
1529514180000,1529514239000,81.356,81.362,81.348,81.353,88230000,1
1529514240000,1529514299000,81.353,81.354,81.34,81.344,87040000,1
1529514300000,1529514359000,81.345,81.348,81.34,81.34,81240000,1
1529514360000,1529514419000,81.34,81.345,81.34,81.345,32670000,1
1529514420000,1529514479000,81.345,81.36,81.345,81.36,57170000,1
1529514480000,1529514539000,81.36,81.368,81.354,81.358,80140000,1
1529514540000,1529514599000,81.358,81.358,81.354,81.355,28110000,1
1529514600000,1529514659000,81.355,81.355,81.351,81.352,30980000,1
1529514660000,1529514719000,81.352,81.363,81.351,81.351,65110000,1
1529514720000,1529514779000,81.351,81.351,81.335,81.335,48390000,1
1529514780000,1529514839000,81.336,81.341,81.334,81.34,64410000,1
1529514840000,1529514899000,81.342,81.348,81.342,81.345,45110000,1
1529514900000,1529514959000,81.345,81.351,81.345,81.35,45740000,1
1529514960000,1529515019000,81.35,81.352,81.35,81.35,16320000,1
1529515020000,1529515079000,81.35,81.354,81.35,81.354,17370000,1
1529515080000,1529515139000,81.355,81.356,81.351,81.352,41990000,1
1529515140000,1529515199000,81.353,81.353,81.341,81.341,70490000,1
1529515200000,1529515259000,81.342,81.343,81.333,81.336,47270000,1
1529515260000,1529515319000,81.336,81.349,81.336,81.349,78270000,1
1529515320000,1529515379000,81.349,81.354,81.343,81.354,80010000,1
1529515380000,1529515439000,81.353,81.353,81.349,81.352,42620000,1
1529515440000,1529515499000,81.352,81.356,81.343,81.345,47500000,1
1529515500000,1529515559000,81.346,81.349,81.343,81.347,40740000,1
1529515560000,1529515619000,81.348,81.353,81.325,81.325,85270000,1
1529515620000,1529515679000,81.325,81.332,81.317,81.332,84670000,1
1529515680000,1529515739000,81.331,81.332,81.32,81.322,78460000,1
1529515740000,1529515799000,81.322,81.325,81.316,81.32,80250000,1
1529515800000,1529515859000,81.319,81.332,81.319,81.332,66570000,1
1529515860000,1529515919000,81.331,81.333,81.328,81.329,63330000,1
1529515920000,1529515979000,81.33,81.342,81.33,81.342,65320000,1
1529515980000,1529516039000,81.341,81.341,81.321,81.326,55350000,1
1529516040000,1529516099000,81.327,81.347,81.327,81.343,100680000,1
1529516100000,1529516159000,81.343,81.347,81.343,81.346,72640000,1
1529516160000,1529516219000,81.347,81.353,81.347,81.347,97840000,1
1529516220000,1529516279000,81.348,81.349,81.336,81.338,42530000,1
1529516280000,1529516339000,81.338,81.338,81.335,81.335,49410000,1
1529516340000,1529516399000,81.334,81.336,81.332,81.334,59230000,1
1529516400000,1529516459000,81.336,81.337,81.333,81.337,75570000,1
1529516460000,1529516519000,81.337,81.343,81.337,81.337,76830000,1
1529516520000,1529516579000,81.337,81.349,81.336,81.347,101890000,1
1529516580000,1529516639000,81.346,81.353,81.343,81.349,91670000,1
1529516640000,1529516699000,81.349,81.349,81.331,81.336,95670000,1
1529516700000,1529516759000,81.338,81.338,81.307,81.308,134360000,1
1529516760000,1529516819000,81.31,81.322,81.308,81.322,79580000,1
1529516820000,1529516879000,81.323,81.333,81.323,81.333,37810000,1
1529516880000,1529516939000,81.333,81.337,81.331,81.331,56250000,1
1529516940000,1529516999000,81.332,81.334,81.328,81.328,47560000,1
1529517000000,1529517059000,81.328,81.34,81.328,81.34,44270000,1
1529517060000,1529517119000,81.34,81.341,81.336,81.34,31690000,1
1529517120000,1529517179000,81.339,81.352,81.339,81.347,32690000,1
1529517180000,1529517239000,81.347,81.357,81.344,81.357,58040000,1
1529517240000,1529517299000,81.357,81.358,81.343,81.352,125020000,1
1529517300000,1529517359000,81.352,81.366,81.351,81.351,90060000,1
1529517360000,1529517419000,81.351,81.367,81.349,81.367,64920000,1
1529517420000,1529517479000,81.367,81.37,81.358,81.36,98920000,1
1529517480000,1529517539000,81.36,81.363,81.358,81.358,70960000,1
1529517540000,1529517599000,81.355,81.363,81.349,81.361,104810000,1
1529517600000,1529517659000,81.361,81.364,81.356,81.364,107400000,1
1529517660000,1529517719000,81.364,81.366,81.363,81.366,71450000,1
1529517720000,1529517779000,81.366,81.368,81.359,81.362,102390000,1
1529517780000,1529517839000,81.362,81.367,81.351,81.367,92140000,1
1529517840000,1529517899000,81.366,81.378,81.365,81.378,79810000,1
1529517900000,1529517959000,81.378,81.383,81.376,81.381,51320000,1
1529517960000,1529518019000,81.381,81.402,81.378,81.402,127370000,1
1529518020000,1529518079000,81.4,81.414,81.373,81.377,94970000,1
1529518080000,1529518139000,81.376,81.388,81.376,81.385,52550000,1
1529518140000,1529518199000,81.385,81.385,81.368,81.38,76420000,1
1529518200000,1529518259000,81.379,81.389,81.379,81.382,86620000,1
1529518260000,1529518319000,81.382,81.382,81.367,81.367,89530000,1
1529518320000,1529518379000,81.367,81.372,81.366,81.368,68080000,1
1529518380000,1529518439000,81.368,81.378,81.367,81.371,105030000,1
1529518440000,1529518499000,81.37,81.371,81.362,81.362,98130000,1
1529518500000,1529518559000,81.362,81.379,81.362,81.379,111460000,1
1529518560000,1529518619000,81.376,81.376,81.364,81.375,100750000,1
1529518620000,1529518679000,81.375,81.384,81.373,81.384,84190000,1
1529518680000,1529518739000,81.384,81.384,81.372,81.375,73450000,1
1529518740000,1529518799000,81.375,81.375,81.37,81.373,95950000,1
1529518800000,1529518859000,81.372,81.374,81.371,81.371,169780000,1
1529518860000,1529518919000,81.373,81.378,81.372,81.378,54200000,1
1529518920000,1529518979000,81.379,81.388,81.377,81.385,103350000,1
1529518980000,1529519039000,81.383,81.386,81.364,81.368,137990000,1
1529519040000,1529519099000,81.368,81.368,81.359,81.359,89020000,1
1529519100000,1529519159000,81.359,81.371,81.359,81.369,60430000,1
1529519160000,1529519219000,81.368,81.368,81.36,81.36,28690000,1
1529519220000,1529519279000,81.36,81.363,81.358,81.359,57600000,1
1529519280000,1529519339000,81.359,81.359,81.352,81.352,64900000,1
1529519340000,1529519399000,81.351,81.363,81.351,81.355,77700000,1
1529519400000,1529519459000,81.356,81.356,81.339,81.341,75090000,1
1529519460000,1529519519000,81.342,81.346,81.336,81.341,94710000,1
1529519520000,1529519579000,81.341,81.368,81.341,81.361,133370000,1
1529519580000,1529519639000,81.362,81.369,81.35,81.35,128910000,1
1529519640000,1529519699000,81.35,81.356,81.346,81.348,90190000,1
1529519700000,1529519759000,81.349,81.35,81.342,81.35,101200000,1
1529519760000,1529519819000,81.35,81.368,81.35,81.368,114560000,1
1529519820000,1529519879000,81.368,81.368,81.358,81.359,99640000,1
1529519880000,1529519939000,81.359,81.361,81.358,81.36,94710000,1
1529519940000,1529519999000,81.359,81.362,81.353,81.358,110110000,1
1529520000000,1529520059000,81.357,81.37,81.351,81.37,96400000,1
1529520060000,1529520119000,81.37,81.37,81.349,81.358,120910000,1
1529520120000,1529520179000,81.358,81.362,81.356,81.357,93690000,1
1529520180000,1529520239000,81.356,81.362,81.352,81.354,104820000,1
1529520240000,1529520299000,81.354,81.36,81.346,81.346,93990000,1
1529520300000,1529520359000,81.346,81.349,81.34,81.345,110700000,1
1529520360000,1529520419000,81.346,81.353,81.342,81.342,56290000,1
1529520420000,1529520479000,81.342,81.357,81.34,81.357,105310000,1
1529520480000,1529520539000,81.356,81.358,81.351,81.358,75820000,1
1529520540000,1529520599000,81.357,81.357,81.344,81.345,68730000,1
1529520600000,1529520659000,81.341,81.359,81.339,81.355,82790000,1
1529520660000,1529520719000,81.356,81.356,81.346,81.348,51390000,1
1529520720000,1529520779000,81.347,81.356,81.342,81.356,56270000,1
1529520780000,1529520839000,81.355,81.36,81.351,81.354,67740000,1
1529520840000,1529520899000,81.354,81.361,81.351,81.361,43820000,1
1529520900000,1529520959000,81.361,81.372,81.359,81.365,73850000,1
1529520960000,1529521019000,81.366,81.368,81.352,81.353,49550000,1
1529521020000,1529521079000,81.354,81.356,81.335,81.335,85810000,1
1529521080000,1529521139000,81.335,81.359,81.335,81.359,105350000,1
1529521140000,1529521199000,81.358,81.373,81.35,81.373,173720000,1
1529521200000,1529521259000,81.371,81.373,81.362,81.366,101520000,1
1529521260000,1529521319000,81.364,81.366,81.359,81.366,53810000,1
1529521320000,1529521379000,81.366,81.367,81.355,81.355,29000000,1
1529521380000,1529521439000,81.354,81.357,81.347,81.348,67410000,1
1529521440000,1529521499000,81.349,81.35,81.34,81.342,72500000,1
1529521500000,1529521559000,81.342,81.347,81.334,81.334,84770000,1
1529521560000,1529521619000,81.335,81.343,81.335,81.342,51460000,1
1529521620000,1529521679000,81.342,81.343,81.334,81.342,87120000,1
1529521680000,1529521739000,81.342,81.342,81.338,81.338,49100000,1
1529521740000,1529521799000,81.339,81.349,81.339,81.349,73000000,1
1529521800000,1529521859000,81.35,81.355,81.347,81.348,76060000,1
1529521860000,1529521919000,81.348,81.352,81.345,81.35,112990000,1
1529521920000,1529521979000,81.35,81.356,81.35,81.354,49700000,1
1529521980000,1529522039000,81.354,81.354,81.35,81.352,77520000,1
1529522040000,1529522099000,81.352,81.357,81.351,81.352,60980000,1
1529522100000,1529522159000,81.352,81.356,81.351,81.355,57420000,1
1529522160000,1529522219000,81.354,81.38,81.354,81.375,120130000,1
1529522220000,1529522279000,81.375,81.379,81.366,81.378,101400000,1
1529522280000,1529522339000,81.377,81.38,81.375,81.379,83680000,1
1529522340000,1529522399000,81.379,81.379,81.371,81.373,61140000,1
1529522400000,1529522459000,81.373,81.373,81.355,81.367,82990000,1
1529522460000,1529522519000,81.367,81.37,81.365,81.37,46900000,1
1529522520000,1529522579000,81.37,81.371,81.364,81.368,90690000,1
1529522580000,1529522639000,81.368,81.377,81.368,81.369,40240000,1
1529522640000,1529522699000,81.369,81.37,81.358,81.361,51040000,1
1529522700000,1529522759000,81.361,81.373,81.356,81.372,94160000,1
1529522760000,1529522819000,81.372,81.378,81.372,81.375,76660000,1
1529522820000,1529522879000,81.376,81.377,81.371,81.377,85900000,1
1529522880000,1529522939000,81.376,81.38,81.376,81.38,40920000,1
1529522940000,1529522999000,81.38,81.384,81.38,81.384,46880000,1
1529523000000,1529523059000,81.384,81.384,81.377,81.379,32650000,1
1529523060000,1529523119000,81.379,81.382,81.376,81.382,88310000,1
1529523120000,1529523179000,81.383,81.386,81.383,81.386,65080000,1
1529523180000,1529523239000,81.386,81.387,81.38,81.38,81040000,1
1529523240000,1529523299000,81.38,81.383,81.373,81.373,72320000,1
1529523300000,1529523359000,81.372,81.372,81.366,81.369,93290000,1
1529523360000,1529523419000,81.369,81.374,81.364,81.364,52850000,1
1529523420000,1529523479000,81.365,81.371,81.363,81.363,33350000,1
1529523480000,1529523539000,81.362,81.363,81.358,81.358,50220000,1
1529523540000,1529523599000,81.357,81.358,81.353,81.354,55600000,1
1529523600000,1529523659000,81.354,81.356,81.351,81.354,45720000,1
1529523660000,1529523719000,81.354,81.354,81.349,81.349,23290000,1
1529523720000,1529523779000,81.348,81.348,81.34,81.347,88380000,1
1529523780000,1529523839000,81.348,81.353,81.348,81.353,48790000,1
1529523840000,1529523899000,81.354,81.357,81.352,81.356,47310000,1
1529523900000,1529523959000,81.355,81.357,81.35,81.35,51610000,1
1529523960000,1529524019000,81.351,81.356,81.348,81.356,46950000,1
1529524020000,1529524079000,81.355,81.355,81.346,81.347,63780000,1
1529524080000,1529524139000,81.348,81.348,81.344,81.346,65010000,1
1529524140000,1529524199000,81.346,81.351,81.345,81.346,78450000,1
1529524200000,1529524259000,81.348,81.348,81.334,81.339,102830000,1
1529524260000,1529524319000,81.339,81.345,81.337,81.339,110540000,1
1529524320000,1529524379000,81.34,81.344,81.335,81.338,73710000,1
1529524380000,1529524439000,81.338,81.341,81.335,81.336,70140000,1
1529524440000,1529524499000,81.335,81.337,81.335,81.337,35790000,1
1529524500000,1529524559000,81.337,81.337,81.331,81.333,54020000,1
1529524560000,1529524619000,81.334,81.341,81.333,81.337,40940000,1
1529524620000,1529524679000,81.337,81.339,81.329,81.331,54040000,1
1529524680000,1529524739000,81.331,81.342,81.327,81.342,40600000,1
1529524740000,1529524799000,81.342,81.345,81.336,81.344,58370000,1
1529524800000,1529524859000,81.342,81.346,81.34,81.341,45080000,1
1529524860000,1529524919000,81.341,81.341,81.332,81.332,87160000,1
1529524920000,1529524979000,81.332,81.333,81.329,81.33,89770000,1
1529524980000,1529525039000,81.329,81.336,81.329,81.336,52390000,1
1529525040000,1529525099000,81.336,81.337,81.336,81.337,29990000,1
1529525100000,1529525159000,81.337,81.338,81.331,81.335,36030000,1
1529525160000,1529525219000,81.335,81.341,81.333,81.333,58870000,1
1529525220000,1529525279000,81.333,81.34,81.333,81.339,97360000,1
1529525280000,1529525339000,81.338,81.341,81.338,81.34,14420000,1
1529525340000,1529525399000,81.34,81.348,81.34,81.345,28810000,1
1529525400000,1529525459000,81.345,81.346,81.341,81.343,31420000,1
1529525460000,1529525519000,81.343,81.343,81.332,81.333,55810000,1
1529525520000,1529525579000,81.333,81.333,81.329,81.331,51380000,1
1529525580000,1529525639000,81.331,81.334,81.321,81.327,49930000,1
1529525640000,1529525699000,81.326,81.328,81.322,81.322,52350000,1
1529525700000,1529525759000,81.323,81.326,81.321,81.325,43740000,1
1529525760000,1529525819000,81.324,81.325,81.32,81.322,29210000,1
1529525820000,1529525879000,81.321,81.322,81.319,81.319,17940000,1
1529525880000,1529525939000,81.321,81.336,81.318,81.336,72360000,1
1529525940000,1529525999000,81.338,81.342,81.324,81.328,61570000,1
1529526000000,1529526059000,81.329,81.332,81.328,81.328,29940000,1
1529526060000,1529526119000,81.327,81.33,81.326,81.329,21670000,1
1529526120000,1529526179000,81.329,81.335,81.328,81.335,20190000,1
1529526180000,1529526239000,81.335,81.335,81.331,81.333,10370000,1
1529526240000,1529526299000,81.333,81.333,81.33,81.33,16240000,1
1529526300000,1529526359000,81.33,81.335,81.33,81.335,38290000,1
1529526360000,1529526419000,81.337,81.343,81.337,81.339,38610000,1
1529526420000,1529526479000,81.34,81.341,81.334,81.338,28040000,1
1529526480000,1529526539000,81.338,81.355,81.338,81.353,39890000,1
1529526540000,1529526599000,81.352,81.353,81.347,81.349,32120000,1
1529526600000,1529526659000,81.35,81.35,81.337,81.338,53950000,1
1529526660000,1529526719000,81.338,81.341,81.334,81.338,36070000,1
1529526720000,1529526779000,81.339,81.343,81.339,81.343,44750000,1
1529526780000,1529526839000,81.346,81.349,81.346,81.349,16730000,1
1529526840000,1529526899000,81.348,81.348,81.348,81.348,2000000,1
1529526900000,1529526959000,81.347,81.347,81.343,81.345,14770000,1
1529526960000,1529527019000,81.345,81.345,81.341,81.341,12570000,1
1529527020000,1529527079000,81.341,81.341,81.333,81.334,19060000,1
1529527080000,1529527139000,81.334,81.335,81.33,81.332,27520000,1
1529527140000,1529527199000,81.331,81.331,81.323,81.325,22420000,1
1529527200000,1529527259000,81.324,81.324,81.313,81.318,40090000,1
1529527260000,1529527319000,81.318,81.319,81.306,81.308,39340000,1
1529527320000,1529527379000,81.308,81.308,81.3,81.3,43450000,1
1529527380000,1529527439000,81.3,81.3,81.299,81.3,29960000,1
1529527440000,1529527499000,81.3,81.301,81.299,81.301,15480000,1
1529527500000,1529527559000,81.301,81.302,81.297,81.302,60120000,1
1529527560000,1529527619000,81.302,81.308,81.299,81.302,37880000,1
1529527620000,1529527679000,81.301,81.305,81.301,81.305,23830000,1
1529527680000,1529527739000,81.305,81.316,81.305,81.316,30770000,1
1529527740000,1529527799000,81.315,81.32,81.315,81.32,19850000,1
1529527800000,1529527859000,81.32,81.32,81.311,81.312,54930000,1
1529527860000,1529527919000,81.311,81.313,81.31,81.312,28500000,1
1529527920000,1529527979000,81.313,81.313,81.306,81.307,54000000,1
1529527980000,1529528039000,81.305,81.309,81.304,81.308,20400000,1
1529528040000,1529528099000,81.308,81.308,81.306,81.307,26450000,1
1529528100000,1529528159000,81.307,81.323,81.304,81.323,81390000,1
1529528160000,1529528219000,81.322,81.328,81.318,81.32,57130000,1
1529528220000,1529528279000,81.319,81.319,81.31,81.31,30940000,1
1529528280000,1529528339000,81.311,81.313,81.303,81.303,22420000,1
1529528340000,1529528399000,81.302,81.305,81.302,81.304,33870000,1
1529528400000,1529528459000,81.299,81.302,81.29,81.299,13090000,1
1529528460000,1529528519000,81.299,81.299,81.291,81.299,10500000,1
1529528520000,1529528579000,81.306,81.31,81.302,81.306,15750000,1
1529528580000,1529528639000,81.309,81.309,81.304,81.309,16500000,1
1529528640000,1529528699000,81.31,81.31,81.302,81.302,54250000,1
1529528700000,1529528759000,81.304,81.31,81.301,81.302,45750000,1
1529528760000,1529528819000,81.302,81.31,81.301,81.304,171750000,1
1529528820000,1529528879000,81.306,81.314,81.303,81.313,147500000,1
1529528880000,1529528939000,81.312,81.315,81.312,81.313,88500000,1
1529528940000,1529528999000,81.312,81.315,81.312,81.313,118500000,1
1529529000000,1529529059000,81.313,81.325,81.308,81.323,148780000,1
1529529060000,1529529119000,81.325,81.325,81.309,81.317,39000000,1
1529529120000,1529529179000,81.32,81.321,81.316,81.321,7000000,1
1529529180000,1529529239000,81.32,81.32,81.304,81.316,8000000,1
1529529240000,1529529299000,81.318,81.32,81.308,81.314,58980000,1
1529529300000,1529529359000,81.317,81.319,81.311,81.315,49000000,1
1529529360000,1529529419000,81.312,81.318,81.312,81.314,60990000,1
1529529420000,1529529479000,81.315,81.317,81.315,81.317,16720000,1
1529529480000,1529529539000,81.317,81.317,81.305,81.305,38950000,1
1529529540000,1529529599000,81.305,81.306,81.3,81.303,50950000,1
1529529600000,1529529659000,81.301,81.321,81.301,81.32,46740000,1
1529529660000,1529529719000,81.32,81.331,81.316,81.329,76820000,1
1529529720000,1529529779000,81.33,81.337,81.324,81.335,116840000,1
1529529780000,1529529839000,81.337,81.34,81.333,81.337,134710000,1
1529529840000,1529529899000,81.337,81.337,81.337,81.337,35010000,1
1529529900000,1529529959000,81.336,81.336,81.307,81.321,72040000,1
1529529960000,1529530019000,81.32,81.326,81.317,81.318,86340000,1
1529530020000,1529530079000,81.318,81.328,81.318,81.328,59690000,1
1529530080000,1529530139000,81.328,81.328,81.321,81.323,109710000,1
1529530140000,1529530199000,81.323,81.327,81.321,81.324,77900000,1
1529530200000,1529530259000,81.322,81.327,81.322,81.325,92050000,1
1529530260000,1529530319000,81.325,81.33,81.322,81.327,92510000,1
1529530320000,1529530379000,81.327,81.332,81.325,81.33,30590000,1
1529530380000,1529530439000,81.329,81.33,81.323,81.327,40420000,1
1529530440000,1529530499000,81.328,81.328,81.309,81.309,109070000,1
1529530500000,1529530559000,81.309,81.315,81.308,81.313,79350000,1
1529530560000,1529530619000,81.312,81.313,81.308,81.311,54780000,1
1529530620000,1529530679000,81.306,81.311,81.306,81.311,32040000,1
1529530680000,1529530739000,81.311,81.311,81.308,81.308,34130000,1
1529530740000,1529530799000,81.309,81.31,81.308,81.31,11590000,1
1529530800000,1529530859000,81.308,81.311,81.304,81.307,107740000,1
1529530860000,1529530919000,81.307,81.311,81.303,81.308,40720000,1
1529530920000,1529530979000,81.308,81.323,81.308,81.32,55290000,1
1529530980000,1529531039000,81.32,81.322,81.318,81.321,43790000,1
1529531040000,1529531099000,81.319,81.323,81.315,81.319,70020000,1
1529531100000,1529531159000,81.319,81.325,81.315,81.322,47700000,1
1529531160000,1529531219000,81.322,81.324,81.32,81.322,5120000,1
1529531220000,1529531279000,81.322,81.327,81.317,81.323,56160000,1
1529531280000,1529531339000,81.325,81.325,81.321,81.321,12500000,1
1529531340000,1529531399000,81.321,81.326,81.315,81.321,55940000,1
1529531400000,1529531459000,81.321,81.327,81.314,81.323,89430000,1
1529531460000,1529531519000,81.323,81.327,81.32,81.324,53660000,1
1529531520000,1529531579000,81.324,81.325,81.321,81.324,39150000,1
1529531580000,1529531639000,81.324,81.328,81.313,81.325,69210000,1
1529531640000,1529531699000,81.324,81.325,81.31,81.314,68720000,1
1529531700000,1529531759000,81.316,81.319,81.315,81.316,26560000,1
1529531760000,1529531819000,81.314,81.316,81.306,81.313,17330000,1
1529531820000,1529531879000,81.313,81.313,81.293,81.298,24560000,1
1529531880000,1529531939000,81.297,81.303,81.295,81.302,70470000,1
1529531940000,1529531999000,81.301,81.322,81.289,81.301,43680000,1
1529532000000,1529532059000,81.299,81.309,81.285,81.286,58100000,1
1529532060000,1529532119000,81.286,81.294,81.285,81.287,28320000,1
1529532120000,1529532179000,81.287,81.299,81.287,81.296,19530000,1
1529532180000,1529532239000,81.297,81.298,81.292,81.292,10920000,1
1529532240000,1529532299000,81.293,81.294,81.283,81.287,64670000,1
1529532300000,1529532359000,81.286,81.292,81.283,81.29,38980000,1
1529532360000,1529532419000,81.29,81.29,81.286,81.289,28820000,1
1529532420000,1529532479000,81.289,81.289,81.289,81.289,9010000,1
1529532480000,1529532539000,81.289,81.289,81.289,81.289,6380000,1
1529532540000,1529532599000,81.289,81.289,81.286,81.288,16890000,1
1529532600000,1529532659000,81.288,81.29,81.286,81.288,17900000,1
1529532660000,1529532719000,81.286,81.29,81.285,81.29,16530000,1
1529532720000,1529532779000,81.288,81.288,81.286,81.287,15020000,1
1529532780000,1529532839000,81.287,81.297,81.287,81.292,23030000,1
1529532840000,1529532899000,81.292,81.292,81.289,81.291,11640000,1
1529532900000,1529532959000,81.291,81.301,81.291,81.299,23280000,1
1529532960000,1529533019000,81.299,81.303,81.299,81.299,13580000,1
1529533020000,1529533079000,81.299,81.299,81.296,81.296,8570000,1
1529533080000,1529533139000,81.295,81.296,81.295,81.295,9830000,1
1529533140000,1529533199000,81.295,81.295,81.295,81.295,6440000,1
1529533200000,1529533259000,81.295,81.311,81.295,81.306,45360000,1
1529533260000,1529533319000,81.307,81.307,81.301,81.301,28040000,1
1529533320000,1529533379000,81.301,81.307,81.301,81.306,24430000,1
1529533380000,1529533439000,81.308,81.315,81.304,81.314,32590000,1
1529533440000,1529533499000,81.316,81.325,81.316,81.323,68130000,1
1529533500000,1529533559000,81.323,81.323,81.31,81.311,46590000,1
1529533560000,1529533619000,81.313,81.322,81.313,81.322,15990000,1
1529533620000,1529533679000,81.322,81.33,81.322,81.328,20930000,1
1529533680000,1529533739000,81.33,81.33,81.323,81.323,18610000,1
1529533740000,1529533799000,81.322,81.325,81.321,81.324,13000000,1
1529533800000,1529533859000,81.324,81.337,81.324,81.336,33140000,1
1529533860000,1529533919000,81.337,81.338,81.334,81.337,18960000,1
1529533920000,1529533979000,81.337,81.338,81.331,81.331,43150000,1
1529533980000,1529534039000,81.334,81.336,81.327,81.336,56770000,1
1529534040000,1529534099000,81.337,81.338,81.332,81.333,20380000,1
1529534100000,1529534159000,81.334,81.344,81.329,81.343,35000000,1
1529534160000,1529534219000,81.344,81.351,81.344,81.347,25740000,1
1529534220000,1529534279000,81.354,81.355,81.345,81.35,62950000,1
1529534280000,1529534339000,81.35,81.36,81.35,81.36,28710000,1
1529534340000,1529534399000,81.36,81.365,81.36,81.364,19460000,1
1529534400000,1529534459000,81.368,81.39,81.368,81.387,53250000,1
1529534460000,1529534519000,81.387,81.387,81.373,81.375,31750000,1
1529534520000,1529534579000,81.376,81.378,81.373,81.377,10620000,1
1529534580000,1529534639000,81.377,81.388,81.376,81.388,43470000,1
1529534640000,1529534699000,81.387,81.413,81.387,81.413,57620000,1
1529534700000,1529534759000,81.404,81.404,81.377,81.38,44010000,1
1529534760000,1529534819000,81.38,81.382,81.378,81.378,23940000,1
1529534820000,1529534879000,81.378,81.379,81.367,81.37,25430000,1
1529534880000,1529534939000,81.371,81.371,81.366,81.367,18630000,1
1529534940000,1529534999000,81.367,81.37,81.362,81.364,44800000,1
1529535000000,1529535059000,81.364,81.364,81.341,81.343,32120000,1
1529535060000,1529535119000,81.344,81.369,81.344,81.366,31750000,1
1529535120000,1529535179000,81.366,81.366,81.343,81.343,29930000,1
1529535180000,1529535239000,81.343,81.344,81.343,81.343,6760000,1
1529535240000,1529535299000,81.344,81.346,81.344,81.346,13070000,1
1529535300000,1529535359000,81.345,81.348,81.342,81.346,22250000,1
1529535360000,1529535419000,81.346,81.355,81.346,81.355,12070000,1
1529535420000,1529535479000,81.354,81.359,81.354,81.357,33940000,1
1529535480000,1529535539000,81.356,81.36,81.354,81.356,26940000,1
1529535540000,1529535599000,81.357,81.371,81.357,81.364,29190000,1
1529535600000,1529535659000,81.364,81.366,81.362,81.364,23740000,1
1529535660000,1529535719000,81.365,81.369,81.357,81.369,55120000,1
1529535720000,1529535779000,81.368,81.368,81.358,81.362,26620000,1
1529535780000,1529535839000,81.362,81.371,81.362,81.365,44550000,1
1529535840000,1529535899000,81.365,81.366,81.354,81.355,27760000,1
1529535900000,1529535959000,81.354,81.359,81.347,81.35,82150000,1
1529535960000,1529536019000,81.351,81.354,81.345,81.354,47340000,1
1529536020000,1529536079000,81.353,81.367,81.353,81.365,24990000,1
1529536080000,1529536139000,81.365,81.393,81.365,81.388,88390000,1
1529536140000,1529536199000,81.39,81.394,81.381,81.383,26160000,1
1529536200000,1529536259000,81.383,81.398,81.383,81.394,38450000,1
1529536260000,1529536319000,81.395,81.401,81.388,81.388,51680000,1
1529536320000,1529536379000,81.388,81.391,81.388,81.388,12670000,1
1529536380000,1529536439000,81.389,81.394,81.385,81.394,20760000,1
1529536440000,1529536499000,81.394,81.403,81.394,81.396,42170000,1
1529536500000,1529536559000,81.395,81.401,81.394,81.395,44820000,1
1529536560000,1529536619000,81.395,81.396,81.393,81.393,37790000,1
1529536620000,1529536679000,81.393,81.393,81.393,81.393,8980000,1
1529536680000,1529536739000,81.393,81.4,81.391,81.391,30560000,1
1529536740000,1529536799000,81.391,81.393,81.391,81.393,14250000,1
1529536800000,1529536859000,81.393,81.393,81.382,81.385,39590000,1
1529536860000,1529536919000,81.384,81.386,81.384,81.385,6680000,1
1529536920000,1529536979000,81.386,81.387,81.386,81.387,3990000,1
1529536980000,1529537039000,81.387,81.387,81.385,81.385,3120000,1
1529537040000,1529537099000,81.386,81.388,81.385,81.385,10120000,1
1529537100000,1529537159000,81.384,81.384,81.383,81.384,15500000,1
1529537160000,1529537219000,81.383,81.383,81.381,81.381,7990000,1
1529537220000,1529537279000,81.38,81.394,81.38,81.394,41090000,1
1529537280000,1529537339000,81.395,81.399,81.387,81.388,31600000,1
1529537340000,1529537399000,81.389,81.389,81.378,81.387,38890000,1
1529537400000,1529537459000,81.386,81.386,81.375,81.378,40310000,1
1529537460000,1529537519000,81.378,81.378,81.372,81.375,23000000,1
1529537520000,1529537579000,81.378,81.381,81.376,81.376,12240000,1
1529537580000,1529537639000,81.375,81.385,81.374,81.384,30560000,1
1529537640000,1529537699000,81.383,81.386,81.369,81.369,40300000,1
1529537700000,1529537759000,81.364,81.367,81.355,81.364,44310000,1
1529537760000,1529537819000,81.364,81.364,81.352,81.356,32340000,1
1529537820000,1529537879000,81.357,81.377,81.357,81.372,35560000,1
1529537880000,1529537939000,81.371,81.371,81.349,81.349,77180000,1
1529537940000,1529537999000,81.35,81.362,81.348,81.35,61320000,1
1529538000000,1529538059000,81.35,81.369,81.35,81.368,55400000,1
1529538060000,1529538119000,81.368,81.383,81.368,81.382,42920000,1
1529538120000,1529538179000,81.381,81.381,81.38,81.381,10050000,1
1529538180000,1529538239000,81.381,81.381,81.363,81.363,61190000,1
1529538240000,1529538299000,81.362,81.368,81.354,81.354,78140000,1
1529538300000,1529538359000,81.352,81.362,81.343,81.354,98000000,1
1529538360000,1529538419000,81.355,81.385,81.355,81.373,52680000,1
1529538420000,1529538479000,81.372,81.392,81.372,81.392,60010000,1
1529538480000,1529538539000,81.392,81.394,81.387,81.387,46530000,1
1529538540000,1529538599000,81.387,81.387,81.378,81.383,71400000,1
1529538600000,1529538659000,81.382,81.382,81.371,81.371,27830000,1
1529538660000,1529538719000,81.371,81.386,81.371,81.384,41680000,1
1529538720000,1529538779000,81.384,81.39,81.384,81.389,18890000,1
1529538780000,1529538839000,81.389,81.39,81.369,81.369,84650000,1
1529538840000,1529538899000,81.37,81.375,81.369,81.369,40360000,1
1529538900000,1529538959000,81.368,81.371,81.367,81.367,30880000,1
1529538960000,1529539019000,81.367,81.367,81.359,81.36,23670000,1
1529539020000,1529539079000,81.362,81.362,81.339,81.345,72690000,1
1529539080000,1529539139000,81.345,81.347,81.337,81.341,45300000,1
1529539140000,1529539199000,81.341,81.368,81.34,81.368,58600000,1
1529539200000,1529539259000,81.366,81.366,81.32,81.339,135800000,1
1529539260000,1529539319000,81.338,81.344,81.308,81.308,172490000,1
1529539320000,1529539379000,81.308,81.355,81.304,81.327,129850000,1
1529539380000,1529539439000,81.325,81.325,81.281,81.304,198850000,1
1529539440000,1529539499000,81.303,81.311,81.297,81.307,73830000,1
1529539500000,1529539559000,81.308,81.337,81.307,81.337,129760000,1
1529539560000,1529539619000,81.337,81.345,81.323,81.345,73550000,1
1529539620000,1529539679000,81.344,81.36,81.344,81.355,55670000,1
1529539680000,1529539739000,81.354,81.376,81.354,81.367,107470000,1
1529539740000,1529539799000,81.367,81.37,81.347,81.351,93880000,1
1529539800000,1529539859000,81.353,81.382,81.353,81.376,67460000,1
1529539860000,1529539919000,81.375,81.375,81.37,81.372,35170000,1
1529539920000,1529539979000,81.373,81.387,81.372,81.383,97590000,1
1529539980000,1529540039000,81.382,81.394,81.38,81.383,104150000,1
1529540040000,1529540099000,81.384,81.393,81.371,81.382,90780000,1
1529540100000,1529540159000,81.383,81.391,81.382,81.386,54100000,1
1529540160000,1529540219000,81.385,81.385,81.354,81.355,88030000,1
1529540220000,1529540279000,81.353,81.361,81.327,81.327,145490000,1
1529540280000,1529540339000,81.326,81.326,81.309,81.31,170460000,1
1529540340000,1529540399000,81.311,81.325,81.306,81.317,177410000,1
1529540400000,1529540459000,81.318,81.327,81.309,81.31,163000000,1
1529540460000,1529540519000,81.311,81.322,81.309,81.321,128300000,1
1529540520000,1529540579000,81.321,81.33,81.303,81.303,114400000,1
1529540580000,1529540639000,81.303,81.303,81.263,81.266,174770000,1
1529540640000,1529540699000,81.266,81.285,81.255,81.278,198450000,1
1529540700000,1529540759000,81.278,81.282,81.273,81.276,76240000,1
1529540760000,1529540819000,81.275,81.278,81.27,81.27,115790000,1
1529540820000,1529540879000,81.27,81.308,81.27,81.301,73520000,1
1529540880000,1529540939000,81.3,81.314,81.287,81.311,75340000,1
1529540940000,1529540999000,81.312,81.317,81.303,81.31,36740000,1
1529541000000,1529541059000,81.31,81.312,81.301,81.304,33500000,1
1529541060000,1529541119000,81.305,81.321,81.304,81.321,22000000,1
1529541120000,1529541179000,81.321,81.322,81.306,81.306,42370000,1
1529541180000,1529541239000,81.304,81.31,81.301,81.302,39680000,1
1529541240000,1529541299000,81.301,81.308,81.297,81.297,47740000,1
1529541300000,1529541359000,81.299,81.313,81.298,81.313,112280000,1
1529541360000,1529541419000,81.314,81.314,81.31,81.314,53540000,1
1529541420000,1529541479000,81.313,81.326,81.31,81.324,74720000,1
1529541480000,1529541539000,81.324,81.329,81.322,81.327,58890000,1
1529541540000,1529541599000,81.328,81.334,81.323,81.323,69140000,1
1529541600000,1529541659000,81.323,81.323,81.311,81.313,83500000,1
1529541660000,1529541719000,81.314,81.331,81.314,81.331,134890000,1
1529541720000,1529541779000,81.332,81.338,81.332,81.338,30990000,1
1529541780000,1529541839000,81.338,81.341,81.338,81.338,37440000,1
1529541840000,1529541899000,81.337,81.339,81.336,81.338,29870000,1
1529541900000,1529541959000,81.338,81.338,81.313,81.313,62140000,1
1529541960000,1529542019000,81.313,81.326,81.313,81.317,130810000,1
1529542020000,1529542079000,81.316,81.316,81.303,81.303,67210000,1
1529542080000,1529542139000,81.302,81.307,81.291,81.303,77540000,1
1529542140000,1529542199000,81.303,81.32,81.303,81.31,50160000,1
1529542200000,1529542259000,81.308,81.315,81.304,81.304,87240000,1
1529542260000,1529542319000,81.306,81.319,81.301,81.319,94330000,1
1529542320000,1529542379000,81.318,81.321,81.307,81.317,98690000,1
1529542380000,1529542439000,81.318,81.322,81.313,81.315,100580000,1
1529542440000,1529542499000,81.316,81.334,81.305,81.334,209980000,1
1529542500000,1529542559000,81.332,81.344,81.317,81.344,135870000,1
1529542560000,1529542619000,81.344,81.351,81.33,81.334,119640000,1
1529542620000,1529542679000,81.335,81.351,81.33,81.347,177470000,1
1529542680000,1529542739000,81.347,81.348,81.33,81.337,118880000,1
1529542740000,1529542799000,81.338,81.338,81.322,81.323,74820000,1
1529542800000,1529542859000,81.323,81.325,81.24,81.242,189640000,1
1529542860000,1529542919000,81.243,81.27,81.221,81.256,167780000,1
1529542920000,1529542979000,81.256,81.26,81.239,81.246,118360000,1
1529542980000,1529543039000,81.246,81.256,81.244,81.252,115950000,1
1529543040000,1529543099000,81.252,81.259,81.235,81.253,141690000,1
1529543100000,1529543159000,81.254,81.293,81.254,81.291,162310000,1
1529543160000,1529543219000,81.292,81.295,81.268,81.269,70130000,1
1529543220000,1529543279000,81.269,81.274,81.261,81.266,56320000,1
1529543280000,1529543339000,81.267,81.287,81.266,81.287,69440000,1
1529543340000,1529543399000,81.287,81.302,81.279,81.299,88690000,1
1529543400000,1529543459000,81.299,81.315,81.294,81.297,116170000,1
1529543460000,1529543519000,81.298,81.305,81.298,81.303,43450000,1
1529543520000,1529543579000,81.303,81.304,81.285,81.289,28290000,1
1529543580000,1529543639000,81.288,81.292,81.278,81.292,51130000,1
1529543640000,1529543699000,81.292,81.294,81.272,81.275,62410000,1
1529543700000,1529543759000,81.276,81.33,81.276,81.313,95020000,1
1529543760000,1529543819000,81.313,81.322,81.288,81.288,143580000,1
1529543820000,1529543879000,81.286,81.293,81.259,81.259,146820000,1
1529543880000,1529543939000,81.259,81.259,81.194,81.21,198460000,1
1529543940000,1529543999000,81.209,81.235,81.209,81.225,155200000,1
1529544000000,1529544059000,81.225,81.245,81.217,81.217,180470000,1
1529544060000,1529544119000,81.214,81.224,81.187,81.198,170500000,1
1529544120000,1529544179000,81.197,81.206,81.192,81.204,106680000,1
1529544180000,1529544239000,81.205,81.224,81.205,81.211,113830000,1
1529544240000,1529544299000,81.211,81.211,81.193,81.195,105150000,1
1529544300000,1529544359000,81.194,81.216,81.194,81.216,118610000,1
1529544360000,1529544419000,81.216,81.231,81.212,81.222,71980000,1
1529544420000,1529544479000,81.219,81.26,81.215,81.254,105480000,1
1529544480000,1529544539000,81.256,81.296,81.256,81.296,158000000,1
1529544540000,1529544599000,81.296,81.301,81.271,81.278,189280000,1
1529544600000,1529544659000,81.287,81.292,81.254,81.274,205730000,1
1529544660000,1529544719000,81.277,81.288,81.254,81.279,193600000,1
1529544720000,1529544779000,81.278,81.301,81.276,81.292,184300000,1
1529544780000,1529544839000,81.291,81.327,81.289,81.308,134690000,1
1529544840000,1529544899000,81.307,81.314,81.304,81.309,104090000,1
1529544900000,1529544959000,81.309,81.309,81.284,81.292,103710000,1
1529544960000,1529545019000,81.292,81.299,81.289,81.299,88550000,1
1529545020000,1529545079000,81.298,81.315,81.298,81.301,84220000,1
1529545080000,1529545139000,81.303,81.343,81.303,81.338,125580000,1
1529545140000,1529545199000,81.338,81.37,81.331,81.37,148760000,1
1529545200000,1529545259000,81.371,81.374,81.35,81.361,116070000,1
1529545260000,1529545319000,81.361,81.362,81.354,81.355,68480000,1
1529545320000,1529545379000,81.356,81.376,81.356,81.372,85620000,1
1529545380000,1529545439000,81.373,81.384,81.368,81.369,111970000,1
1529545440000,1529545499000,81.369,81.372,81.356,81.361,71990000,1
1529545500000,1529545559000,81.36,81.36,81.348,81.35,85500000,1
1529545560000,1529545619000,81.351,81.368,81.345,81.345,94620000,1
1529545620000,1529545679000,81.346,81.347,81.333,81.333,82030000,1
1529545680000,1529545739000,81.333,81.333,81.308,81.311,75960000,1
1529545740000,1529545799000,81.311,81.328,81.308,81.326,91160000,1
1529545800000,1529545859000,81.33,81.36,81.325,81.359,88930000,1
1529545860000,1529545919000,81.358,81.378,81.358,81.368,112940000,1
1529545920000,1529545979000,81.368,81.412,81.368,81.398,155150000,1
1529545980000,1529546039000,81.399,81.423,81.399,81.418,157150000,1
1529546040000,1529546099000,81.419,81.438,81.415,81.431,145630000,1
1529546100000,1529546159000,81.431,81.433,81.418,81.425,114210000,1
1529546160000,1529546219000,81.425,81.432,81.417,81.432,70750000,1
1529546220000,1529546279000,81.433,81.483,81.42,81.483,165380000,1
1529546280000,1529546339000,81.483,81.573,81.478,81.55,283600000,1
1529546340000,1529546399000,81.547,81.551,81.504,81.518,277950000,1
1529546400000,1529546459000,81.517,81.521,81.486,81.505,197720000,1
1529546460000,1529546519000,81.505,81.527,81.5,81.51,120970000,1
1529546520000,1529546579000,81.509,81.536,81.509,81.518,120470000,1
1529546580000,1529546639000,81.518,81.52,81.462,81.464,167700000,1
1529546640000,1529546699000,81.463,81.484,81.463,81.476,199270000,1
1529546700000,1529546759000,81.476,81.486,81.468,81.469,170590000,1
1529546760000,1529546819000,81.468,81.474,81.451,81.474,165670000,1
1529546820000,1529546879000,81.476,81.495,81.473,81.493,165020000,1
1529546880000,1529546939000,81.492,81.492,81.477,81.478,139440000,1
1529546940000,1529546999000,81.478,81.493,81.478,81.493,73920000,1
1529547000000,1529547059000,81.493,81.529,81.485,81.529,102110000,1
1529547060000,1529547119000,81.528,81.557,81.522,81.543,123110000,1
1529547120000,1529547179000,81.543,81.557,81.536,81.554,131990000,1
1529547180000,1529547239000,81.556,81.579,81.556,81.576,131010000,1
1529547240000,1529547299000,81.576,81.594,81.571,81.589,160410000,1
1529547300000,1529547359000,81.59,81.613,81.587,81.598,149340000,1
1529547360000,1529547419000,81.598,81.607,81.588,81.59,139190000,1
1529547420000,1529547479000,81.59,81.593,81.584,81.586,68500000,1
1529547480000,1529547539000,81.587,81.616,81.587,81.598,157600000,1
1529547540000,1529547599000,81.601,81.633,81.601,81.628,215440000,1
1529547600000,1529547659000,81.627,81.647,81.614,81.64,148680000,1
1529547660000,1529547719000,81.639,81.639,81.594,81.613,112440000,1
1529547720000,1529547779000,81.612,81.614,81.601,81.601,85590000,1
1529547780000,1529547839000,81.6,81.609,81.587,81.608,105430000,1
1529547840000,1529547899000,81.607,81.607,81.586,81.589,106430000,1
1529547900000,1529547959000,81.59,81.621,81.59,81.621,97080000,1
1529547960000,1529548019000,81.62,81.63,81.606,81.614,176390000,1
1529548020000,1529548079000,81.612,81.612,81.569,81.598,149440000,1
1529548080000,1529548139000,81.597,81.6,81.591,81.6,111760000,1
1529548140000,1529548199000,81.6,81.604,81.594,81.594,90280000,1
1529548200000,1529548259000,81.594,81.61,81.594,81.606,54230000,1
1529548260000,1529548319000,81.605,81.605,81.592,81.592,133300000,1
1529548320000,1529548379000,81.59,81.59,81.571,81.572,98450000,1
1529548380000,1529548439000,81.572,81.575,81.565,81.567,78780000,1
1529548440000,1529548499000,81.565,81.582,81.565,81.574,151320000,1
1529548500000,1529548559000,81.575,81.576,81.553,81.555,116920000,1
1529548560000,1529548619000,81.555,81.56,81.533,81.535,112600000,1
1529548620000,1529548679000,81.535,81.544,81.532,81.537,157150000,1
1529548680000,1529548739000,81.537,81.552,81.537,81.552,120360000,1
1529548740000,1529548799000,81.554,81.555,81.549,81.554,60940000,1
1529548800000,1529548859000,81.555,81.555,81.551,81.551,80910000,1
1529548860000,1529548919000,81.551,81.551,81.522,81.524,109950000,1
1529548920000,1529548979000,81.523,81.523,81.502,81.506,124950000,1
1529548980000,1529549039000,81.508,81.515,81.498,81.498,80270000,1
1529549040000,1529549099000,81.501,81.508,81.494,81.5,98080000,1
1529549100000,1529549159000,81.5,81.5,81.486,81.491,97570000,1
1529549160000,1529549219000,81.492,81.502,81.487,81.49,105330000,1
1529549220000,1529549279000,81.487,81.497,81.481,81.497,96350000,1
1529549280000,1529549339000,81.496,81.5,81.491,81.494,53630000,1
1529549340000,1529549399000,81.495,81.509,81.495,81.505,50630000,1
1529549400000,1529549459000,81.505,81.509,81.503,81.506,65950000,1
1529549460000,1529549519000,81.506,81.535,81.506,81.535,67030000,1
1529549520000,1529549579000,81.535,81.538,81.522,81.522,57130000,1
1529549580000,1529549639000,81.522,81.531,81.521,81.525,67360000,1
1529549640000,1529549699000,81.525,81.537,81.524,81.537,78990000,1
1529549700000,1529549759000,81.539,81.55,81.539,81.544,117330000,1
1529549760000,1529549819000,81.544,81.548,81.535,81.535,79140000,1
1529549820000,1529549879000,81.535,81.541,81.53,81.532,67550000,1
1529549880000,1529549939000,81.532,81.532,81.524,81.526,78520000,1
1529549940000,1529549999000,81.525,81.536,81.524,81.536,58440000,1
1529550000000,1529550059000,81.536,81.538,81.527,81.532,98130000,1
1529550060000,1529550119000,81.532,81.538,81.532,81.537,89430000,1
1529550120000,1529550179000,81.537,81.538,81.51,81.513,90190000,1
1529550180000,1529550239000,81.513,81.513,81.501,81.507,133570000,1
1529550240000,1529550299000,81.508,81.516,81.493,81.493,106930000,1
1529550300000,1529550359000,81.492,81.495,81.489,81.489,70870000,1
1529550360000,1529550419000,81.488,81.488,81.473,81.474,76430000,1
1529550420000,1529550479000,81.475,81.475,81.47,81.474,81110000,1
1529550480000,1529550539000,81.474,81.474,81.447,81.458,95580000,1
1529550540000,1529550599000,81.461,81.468,81.454,81.468,58940000,1
1529550600000,1529550659000,81.468,81.499,81.468,81.483,103830000,1
1529550660000,1529550719000,81.481,81.486,81.469,81.469,83320000,1
1529550720000,1529550779000,81.469,81.469,81.449,81.453,91380000,1
1529550780000,1529550839000,81.452,81.461,81.447,81.459,51940000,1
1529550840000,1529550899000,81.459,81.46,81.453,81.455,38670000,1
1529550900000,1529550959000,81.455,81.467,81.455,81.456,29600000,1
1529550960000,1529551019000,81.456,81.475,81.456,81.47,66780000,1
1529551020000,1529551079000,81.47,81.47,81.449,81.449,38720000,1
1529551080000,1529551139000,81.449,81.462,81.449,81.45,64310000,1
1529551140000,1529551199000,81.45,81.458,81.448,81.45,58240000,1
1529551200000,1529551259000,81.45,81.454,81.448,81.451,63090000,1
1529551260000,1529551319000,81.452,81.461,81.433,81.434,77210000,1
1529551320000,1529551379000,81.433,81.433,81.42,81.432,103620000,1
1529551380000,1529551439000,81.429,81.432,81.415,81.415,107510000,1
1529551440000,1529551499000,81.417,81.421,81.407,81.416,108730000,1
1529551500000,1529551559000,81.416,81.419,81.397,81.397,153060000,1
1529551560000,1529551619000,81.395,81.408,81.388,81.406,148410000,1
1529551620000,1529551679000,81.405,81.423,81.404,81.421,128760000,1
1529551680000,1529551739000,81.422,81.434,81.414,81.416,111980000,1
1529551740000,1529551799000,81.418,81.454,81.417,81.451,68880000,1
1529551800000,1529551859000,81.451,81.476,81.447,81.469,166830000,1
1529551860000,1529551919000,81.466,81.476,81.456,81.465,113900000,1
1529551920000,1529551979000,81.463,81.471,81.446,81.448,101080000,1
1529551980000,1529552039000,81.447,81.448,81.415,81.422,123870000,1
1529552040000,1529552099000,81.424,81.424,81.392,81.401,159030000,1
1529552100000,1529552159000,81.401,81.406,81.364,81.367,76370000,1
1529552160000,1529552219000,81.366,81.376,81.353,81.355,159150000,1
1529552220000,1529552279000,81.356,81.363,81.328,81.333,143350000,1
1529552280000,1529552339000,81.333,81.334,81.3,81.318,140090000,1
1529552340000,1529552399000,81.32,81.362,81.318,81.362,144480000,1
1529552400000,1529552459000,81.362,81.385,81.362,81.38,122710000,1
1529552460000,1529552519000,81.38,81.393,81.372,81.372,66030000,1
1529552520000,1529552579000,81.373,81.379,81.361,81.366,94390000,1
1529552580000,1529552639000,81.371,81.377,81.36,81.377,144710000,1
1529552640000,1529552699000,81.377,81.381,81.368,81.369,100010000,1
1529552700000,1529552759000,81.37,81.376,81.37,81.375,56600000,1
1529552760000,1529552819000,81.376,81.395,81.376,81.394,44930000,1
1529552820000,1529552879000,81.394,81.407,81.39,81.402,85050000,1
1529552880000,1529552939000,81.402,81.417,81.399,81.411,96640000,1
1529552940000,1529552999000,81.411,81.42,81.409,81.409,66940000,1
1529553000000,1529553059000,81.408,81.422,81.406,81.417,65620000,1
1529553060000,1529553119000,81.418,81.427,81.411,81.412,83860000,1
1529553120000,1529553179000,81.411,81.412,81.394,81.394,37100000,1
1529553180000,1529553239000,81.395,81.414,81.395,81.405,91980000,1
1529553240000,1529553299000,81.406,81.409,81.399,81.409,41690000,1
1529553300000,1529553359000,81.408,81.408,81.381,81.405,88390000,1
1529553360000,1529553419000,81.407,81.422,81.407,81.415,95670000,1
1529553420000,1529553479000,81.413,81.418,81.411,81.414,75840000,1
1529553480000,1529553539000,81.415,81.426,81.413,81.421,37070000,1
1529553540000,1529553599000,81.421,81.421,81.41,81.414,60660000,1
1529553600000,1529553659000,81.414,81.423,81.411,81.411,82960000,1
1529553660000,1529553719000,81.411,81.433,81.411,81.426,92410000,1
1529553720000,1529553779000,81.426,81.431,81.425,81.428,53820000,1
1529553780000,1529553839000,81.427,81.433,81.421,81.422,85410000,1
1529553840000,1529553899000,81.421,81.425,81.415,81.421,81730000,1
1529553900000,1529553959000,81.423,81.426,81.417,81.423,87890000,1
1529553960000,1529554019000,81.424,81.429,81.423,81.429,66370000,1
1529554020000,1529554079000,81.43,81.432,81.425,81.426,26430000,1
1529554080000,1529554139000,81.427,81.427,81.42,81.422,37780000,1
1529554140000,1529554199000,81.422,81.422,81.41,81.415,33410000,1
1529554200000,1529554259000,81.415,81.415,81.401,81.412,91680000,1
1529554260000,1529554319000,81.412,81.413,81.406,81.41,62220000,1
1529554320000,1529554379000,81.411,81.411,81.4,81.405,81410000,1
1529554380000,1529554439000,81.405,81.408,81.399,81.4,73260000,1
1529554440000,1529554499000,81.403,81.412,81.389,81.389,98220000,1
1529554500000,1529554559000,81.39,81.401,81.389,81.397,71010000,1
1529554560000,1529554619000,81.397,81.41,81.397,81.41,52500000,1
1529554620000,1529554679000,81.411,81.432,81.408,81.43,68360000,1
1529554680000,1529554739000,81.429,81.446,81.427,81.444,78480000,1
1529554740000,1529554799000,81.444,81.474,81.444,81.47,196980000,1
1529554800000,1529554859000,81.47,81.47,81.43,81.43,100280000,1
1529554860000,1529554919000,81.431,81.436,81.429,81.433,92530000,1
1529554920000,1529554979000,81.435,81.439,81.426,81.439,70080000,1
1529554980000,1529555039000,81.442,81.448,81.427,81.427,46690000,1
1529555040000,1529555099000,81.429,81.447,81.421,81.447,82070000,1
1529555100000,1529555159000,81.447,81.482,81.444,81.472,85520000,1
1529555160000,1529555219000,81.47,81.476,81.466,81.468,97990000,1
1529555220000,1529555279000,81.469,81.473,81.469,81.473,17700000,1
1529555280000,1529555339000,81.473,81.476,81.47,81.476,19690000,1
1529555340000,1529555399000,81.475,81.499,81.475,81.494,58510000,1
1529555400000,1529555459000,81.491,81.497,81.48,81.496,48490000,1
1529555460000,1529555519000,81.494,81.497,81.493,81.494,22560000,1
1529555520000,1529555579000,81.495,81.504,81.495,81.499,51820000,1
1529555580000,1529555639000,81.499,81.5,81.477,81.478,70080000,1
1529555640000,1529555699000,81.479,81.481,81.47,81.474,27320000,1
1529555700000,1529555759000,81.474,81.484,81.474,81.482,49720000,1
1529555760000,1529555819000,81.484,81.485,81.478,81.48,27730000,1
1529555820000,1529555879000,81.48,81.48,81.472,81.472,23820000,1
1529555880000,1529555939000,81.472,81.482,81.471,81.477,50410000,1
1529555940000,1529555999000,81.475,81.479,81.475,81.478,24940000,1
1529556000000,1529556059000,81.478,81.502,81.478,81.501,40850000,1
1529556060000,1529556119000,81.502,81.51,81.491,81.491,100100000,1
1529556120000,1529556179000,81.491,81.492,81.48,81.492,46420000,1
1529556180000,1529556239000,81.491,81.493,81.49,81.492,14990000,1
1529556240000,1529556299000,81.492,81.493,81.488,81.489,24670000,1
1529556300000,1529556359000,81.488,81.501,81.485,81.486,57590000,1
1529556360000,1529556419000,81.486,81.486,81.478,81.485,53360000,1
1529556420000,1529556479000,81.484,81.491,81.483,81.484,54400000,1
1529556480000,1529556539000,81.484,81.486,81.484,81.485,57170000,1
1529556540000,1529556599000,81.485,81.514,81.485,81.498,110860000,1
1529556600000,1529556659000,81.496,81.508,81.496,81.506,79140000,1
1529556660000,1529556719000,81.504,81.511,81.5,81.508,69660000,1
1529556720000,1529556779000,81.508,81.508,81.493,81.501,48920000,1
1529556780000,1529556839000,81.5,81.5,81.489,81.489,43360000,1
1529556840000,1529556899000,81.488,81.49,81.48,81.48,67890000,1
1529556900000,1529556959000,81.483,81.483,81.465,81.466,95690000,1
1529556960000,1529557019000,81.465,81.469,81.457,81.469,68120000,1
1529557020000,1529557079000,81.47,81.486,81.47,81.479,50110000,1
1529557080000,1529557139000,81.478,81.481,81.456,81.456,71630000,1
1529557140000,1529557199000,81.455,81.464,81.455,81.464,68210000,1
1529557200000,1529557259000,81.466,81.468,81.457,81.458,108050000,1
1529557260000,1529557319000,81.458,81.463,81.458,81.463,59500000,1
1529557320000,1529557379000,81.463,81.471,81.463,81.464,55470000,1
1529557380000,1529557439000,81.464,81.465,81.459,81.46,49130000,1
1529557440000,1529557499000,81.46,81.461,81.452,81.456,56860000,1
1529557500000,1529557559000,81.451,81.52,81.451,81.515,100610000,1
1529557560000,1529557619000,81.516,81.521,81.506,81.521,137530000,1
1529557620000,1529557679000,81.52,81.556,81.519,81.546,88720000,1
1529557680000,1529557739000,81.545,81.55,81.517,81.526,121960000,1
1529557740000,1529557799000,81.522,81.522,81.512,81.514,111220000,1
1529557800000,1529557859000,81.514,81.52,81.506,81.518,87880000,1
1529557860000,1529557919000,81.517,81.517,81.502,81.503,32970000,1
1529557920000,1529557979000,81.503,81.517,81.503,81.513,58440000,1
1529557980000,1529558039000,81.513,81.513,81.489,81.49,89020000,1
1529558040000,1529558099000,81.488,81.493,81.469,81.481,121420000,1
1529558100000,1529558159000,81.48,81.482,81.461,81.466,109790000,1
1529558160000,1529558219000,81.466,81.466,81.414,81.454,152510000,1
1529558220000,1529558279000,81.455,81.469,81.452,81.469,56950000,1
1529558280000,1529558339000,81.466,81.469,81.456,81.458,86680000,1
1529558340000,1529558399000,81.458,81.468,81.455,81.459,56120000,1
1529558400000,1529558459000,81.46,81.48,81.457,81.474,102010000,1
1529558460000,1529558519000,81.473,81.48,81.468,81.471,103170000,1
1529558520000,1529558579000,81.471,81.481,81.471,81.476,119930000,1
1529558580000,1529558639000,81.475,81.477,81.463,81.465,121710000,1
1529558640000,1529558699000,81.466,81.476,81.46,81.462,97580000,1
1529558700000,1529558759000,81.462,81.47,81.46,81.469,71690000,1
1529558760000,1529558819000,81.471,81.471,81.462,81.467,41490000,1
1529558820000,1529558879000,81.467,81.473,81.462,81.471,38600000,1
1529558880000,1529558939000,81.473,81.48,81.47,81.478,59270000,1
1529558940000,1529558999000,81.479,81.488,81.477,81.479,71400000,1
1529559000000,1529559059000,81.478,81.48,81.465,81.465,76720000,1
1529559060000,1529559119000,81.464,81.475,81.454,81.47,162960000,1
1529559120000,1529559179000,81.471,81.472,81.452,81.455,47680000,1
1529559180000,1529559239000,81.456,81.479,81.456,81.468,92360000,1
1529559240000,1529559299000,81.469,81.471,81.444,81.451,86030000,1
1529559300000,1529559359000,81.451,81.477,81.451,81.47,111670000,1
1529559360000,1529559419000,81.468,81.472,81.455,81.459,79400000,1
1529559420000,1529559479000,81.458,81.459,81.451,81.451,98890000,1
1529559480000,1529559539000,81.451,81.459,81.448,81.451,115270000,1
1529559540000,1529559599000,81.452,81.452,81.43,81.435,102290000,1
1529559600000,1529559659000,81.435,81.435,81.409,81.432,115560000,1
1529559660000,1529559719000,81.432,81.432,81.407,81.423,66960000,1
1529559720000,1529559779000,81.423,81.431,81.408,81.431,56650000,1
1529559780000,1529559839000,81.43,81.43,81.394,81.409,78820000,1
1529559840000,1529559899000,81.408,81.411,81.398,81.405,83490000,1
1529559900000,1529559959000,81.405,81.412,81.398,81.403,110740000,1
1529559960000,1529560019000,81.404,81.42,81.401,81.41,92650000,1
1529560020000,1529560079000,81.407,81.412,81.405,81.405,90240000,1
1529560080000,1529560139000,81.406,81.41,81.386,81.387,94280000,1
1529560140000,1529560199000,81.389,81.39,81.371,81.385,93170000,1
1529560200000,1529560259000,81.386,81.4,81.382,81.395,105520000,1
1529560260000,1529560319000,81.394,81.423,81.393,81.421,168840000,1
1529560320000,1529560379000,81.421,81.427,81.413,81.422,84150000,1
1529560380000,1529560439000,81.42,81.423,81.416,81.421,91930000,1
1529560440000,1529560499000,81.421,81.439,81.418,81.439,94340000,1
1529560500000,1529560559000,81.439,81.458,81.439,81.455,112220000,1
1529560560000,1529560619000,81.455,81.456,81.433,81.44,87100000,1
1529560620000,1529560679000,81.44,81.45,81.435,81.45,66020000,1
1529560680000,1529560739000,81.451,81.454,81.449,81.449,47840000,1
1529560740000,1529560799000,81.447,81.466,81.444,81.455,82430000,1
1529560800000,1529560859000,81.453,81.453,81.445,81.449,65800000,1
1529560860000,1529560919000,81.448,81.45,81.436,81.436,90860000,1
1529560920000,1529560979000,81.436,81.436,81.382,81.382,162040000,1
1529560980000,1529561039000,81.383,81.386,81.345,81.354,150780000,1
1529561040000,1529561099000,81.358,81.383,81.349,81.383,129190000,1
1529561100000,1529561159000,81.383,81.422,81.383,81.41,147730000,1
1529561160000,1529561219000,81.411,81.424,81.408,81.42,67360000,1
1529561220000,1529561279000,81.422,81.429,81.413,81.413,120910000,1
1529561280000,1529561339000,81.413,81.417,81.378,81.382,213420000,1
1529561340000,1529561399000,81.382,81.403,81.382,81.403,141880000,1
1529561400000,1529561459000,81.404,81.417,81.392,81.392,165970000,1
1529561460000,1529561519000,81.391,81.403,81.374,81.374,175870000,1
1529561520000,1529561579000,81.374,81.38,81.365,81.374,200460000,1
1529561580000,1529561639000,81.372,81.372,81.353,81.355,167480000,1
1529561640000,1529561699000,81.355,81.355,81.323,81.338,149190000,1
1529561700000,1529561759000,81.339,81.341,81.317,81.327,115540000,1
1529561760000,1529561819000,81.328,81.339,81.319,81.328,139560000,1
1529561820000,1529561879000,81.329,81.343,81.328,81.336,136760000,1
1529561880000,1529561939000,81.336,81.337,81.311,81.314,166410000,1
1529561940000,1529561999000,81.313,81.318,81.306,81.316,97510000,1
1529562000000,1529562059000,81.314,81.337,81.314,81.334,109300000,1
1529562060000,1529562119000,81.333,81.333,81.312,81.324,141440000,1
1529562120000,1529562179000,81.323,81.327,81.315,81.324,118970000,1
1529562180000,1529562239000,81.324,81.332,81.311,81.311,136350000,1
1529562240000,1529562299000,81.31,81.311,81.293,81.306,160680000,1
1529562300000,1529562359000,81.305,81.322,81.301,81.303,135160000,1
1529562360000,1529562419000,81.304,81.307,81.291,81.306,100660000,1
1529562420000,1529562479000,81.306,81.315,81.292,81.312,129970000,1
1529562480000,1529562539000,81.314,81.329,81.306,81.329,144990000,1
1529562540000,1529562599000,81.329,81.341,81.317,81.339,205870000,1
1529562600000,1529562659000,81.339,81.341,81.306,81.309,205120000,1
1529562660000,1529562719000,81.31,81.353,81.31,81.352,106310000,1
1529562720000,1529562779000,81.353,81.394,81.351,81.394,109450000,1
1529562780000,1529562839000,81.393,81.405,81.385,81.402,137480000,1
1529562840000,1529562899000,81.401,81.401,81.355,81.357,190050000,1
1529562900000,1529562959000,81.358,81.36,81.338,81.339,164040000,1
1529562960000,1529563019000,81.339,81.346,81.329,81.33,100500000,1
1529563020000,1529563079000,81.33,81.345,81.328,81.344,123160000,1
1529563080000,1529563139000,81.345,81.353,81.342,81.344,121950000,1
1529563140000,1529563199000,81.343,81.365,81.343,81.358,105380000,1
1529563200000,1529563259000,81.358,81.398,81.352,81.391,159400000,1
1529563260000,1529563319000,81.388,81.388,81.375,81.375,132440000,1
1529563320000,1529563379000,81.376,81.386,81.374,81.377,120680000,1
1529563380000,1529563439000,81.378,81.391,81.377,81.388,93150000,1
1529563440000,1529563499000,81.388,81.398,81.386,81.392,110070000,1
1529563500000,1529563559000,81.39,81.391,81.372,81.385,147120000,1
1529563560000,1529563619000,81.384,81.392,81.383,81.383,104340000,1
1529563620000,1529563679000,81.384,81.402,81.384,81.388,135730000,1
1529563680000,1529563739000,81.389,81.389,81.374,81.38,118020000,1
1529563740000,1529563799000,81.38,81.386,81.372,81.376,129770000,1
1529563800000,1529563859000,81.376,81.383,81.355,81.355,132400000,1
1529563860000,1529563919000,81.355,81.365,81.35,81.352,183600000,1
1529563920000,1529563979000,81.351,81.359,81.343,81.343,100800000,1
1529563980000,1529564039000,81.342,81.349,81.33,81.331,173080000,1
1529564040000,1529564099000,81.331,81.331,81.311,81.328,151130000,1
1529564100000,1529564159000,81.33,81.33,81.282,81.296,188490000,1
1529564160000,1529564219000,81.295,81.309,81.285,81.309,124320000,1
1529564220000,1529564279000,81.309,81.311,81.299,81.307,139730000,1
1529564280000,1529564339000,81.307,81.32,81.302,81.316,172840000,1
1529564340000,1529564399000,81.316,81.318,81.298,81.299,176150000,1
1529564400000,1529564459000,81.298,81.303,81.267,81.277,221790000,1
1529564460000,1529564519000,81.277,81.312,81.277,81.311,183070000,1
1529564520000,1529564579000,81.307,81.322,81.295,81.306,236610000,1
1529564580000,1529564639000,81.307,81.337,81.295,81.317,195340000,1
1529564640000,1529564699000,81.318,81.343,81.316,81.333,139820000,1
1529564700000,1529564759000,81.333,81.341,81.307,81.312,137620000,1
1529564760000,1529564819000,81.314,81.322,81.301,81.321,187780000,1
1529564820000,1529564879000,81.321,81.333,81.313,81.32,196540000,1
1529564880000,1529564939000,81.321,81.321,81.304,81.31,162080000,1
1529564940000,1529564999000,81.311,81.368,81.302,81.367,220370000,1
1529565000000,1529565059000,81.364,81.387,81.361,81.372,243790000,1
1529565060000,1529565119000,81.37,81.383,81.365,81.369,187060000,1
1529565120000,1529565179000,81.37,81.383,81.366,81.366,176660000,1
1529565180000,1529565239000,81.364,81.364,81.344,81.355,168380000,1
1529565240000,1529565299000,81.354,81.354,81.322,81.339,199250000,1
1529565300000,1529565359000,81.34,81.343,81.323,81.331,143900000,1
1529565360000,1529565419000,81.33,81.353,81.33,81.351,90560000,1
1529565420000,1529565479000,81.351,81.368,81.348,81.367,96620000,1
1529565480000,1529565539000,81.368,81.411,81.363,81.405,124320000,1
1529565540000,1529565599000,81.404,81.428,81.403,81.423,99340000,1
1529565600000,1529565659000,81.425,81.429,81.391,81.395,145960000,1
1529565660000,1529565719000,81.396,81.399,81.345,81.347,135930000,1
1529565720000,1529565779000,81.347,81.348,81.343,81.348,72270000,1
1529565780000,1529565839000,81.349,81.359,81.343,81.345,190780000,1
1529565840000,1529565899000,81.346,81.359,81.331,81.339,126150000,1
1529565900000,1529565959000,81.341,81.351,81.325,81.348,129360000,1
1529565960000,1529566019000,81.348,81.367,81.34,81.367,79730000,1
1529566020000,1529566079000,81.368,81.372,81.358,81.367,71430000,1
1529566080000,1529566139000,81.364,81.367,81.36,81.361,46370000,1
1529566140000,1529566199000,81.362,81.368,81.361,81.363,40170000,1
1529566200000,1529566259000,81.364,81.377,81.353,81.376,59430000,1
1529566260000,1529566319000,81.379,81.406,81.379,81.404,68850000,1
1529566320000,1529566379000,81.405,81.405,81.372,81.374,75520000,1
1529566380000,1529566439000,81.373,81.381,81.366,81.38,109180000,1
1529566440000,1529566499000,81.383,81.458,81.383,81.458,232300000,1
1529566500000,1529566559000,81.457,81.457,81.433,81.441,93360000,1
1529566560000,1529566619000,81.443,81.443,81.398,81.411,153080000,1
1529566620000,1529566679000,81.411,81.445,81.399,81.443,229710000,1
1529566680000,1529566739000,81.443,81.449,81.428,81.442,127430000,1
1529566740000,1529566799000,81.442,81.459,81.438,81.453,190250000,1
1529566800000,1529566859000,81.453,81.47,81.437,81.465,154720000,1
1529566860000,1529566919000,81.464,81.479,81.462,81.47,73560000,1
1529566920000,1529566979000,81.47,81.488,81.46,81.473,225790000,1
1529566980000,1529567039000,81.472,81.485,81.461,81.464,211370000,1
1529567040000,1529567099000,81.463,81.467,81.436,81.437,124470000,1
1529567100000,1529567159000,81.436,81.451,81.436,81.444,83790000,1
1529567160000,1529567219000,81.445,81.446,81.419,81.439,150200000,1
1529567220000,1529567279000,81.438,81.456,81.425,81.456,164910000,1
1529567280000,1529567339000,81.456,81.456,81.444,81.45,137580000,1
1529567340000,1529567399000,81.45,81.456,81.431,81.448,142590000,1
1529567400000,1529567459000,81.45,81.479,81.445,81.472,127850000,1
1529567460000,1529567519000,81.473,81.475,81.454,81.464,157230000,1
1529567520000,1529567579000,81.465,81.476,81.452,81.473,207810000,1
1529567580000,1529567639000,81.473,81.478,81.444,81.444,206370000,1
1529567640000,1529567699000,81.444,81.454,81.438,81.448,220440000,1
1529567700000,1529567759000,81.448,81.472,81.447,81.462,157400000,1
1529567760000,1529567819000,81.463,81.469,81.456,81.463,165730000,1
1529567820000,1529567879000,81.464,81.475,81.46,81.474,114560000,1
1529567880000,1529567939000,81.475,81.476,81.463,81.463,147590000,1
1529567940000,1529567999000,81.464,81.469,81.442,81.455,217600000,1
1529568000000,1529568059000,81.457,81.488,81.448,81.473,192280000,1
1529568060000,1529568119000,81.473,81.476,81.458,81.462,158450000,1
1529568120000,1529568179000,81.463,81.466,81.451,81.466,188150000,1
1529568180000,1529568239000,81.465,81.467,81.45,81.455,114220000,1
1529568240000,1529568299000,81.456,81.459,81.441,81.445,106290000,1
1529568300000,1529568359000,81.446,81.458,81.443,81.455,107590000,1
1529568360000,1529568419000,81.455,81.467,81.448,81.448,113200000,1
1529568420000,1529568479000,81.448,81.455,81.445,81.454,106950000,1
1529568480000,1529568539000,81.453,81.472,81.45,81.46,145130000,1
1529568540000,1529568599000,81.46,81.46,81.444,81.45,124790000,1
1529568600000,1529568659000,81.45,81.45,81.433,81.445,132450000,1
1529568660000,1529568719000,81.444,81.449,81.438,81.438,289340000,1
1529568720000,1529568779000,81.439,81.439,81.42,81.428,13111510000,1
1529568780000,1529568839000,81.427,81.44,81.422,81.438,103870000,1
1529568840000,1529568899000,81.438,81.445,81.422,81.422,111160000,1
1529568900000,1529568959000,81.422,81.433,81.414,81.427,196970000,1
1529568960000,1529569019000,81.428,81.431,81.414,81.43,169990000,1
1529569020000,1529569079000,81.43,81.435,81.407,81.407,155240000,1
1529569080000,1529569139000,81.407,81.407,81.38,81.383,169010000,1
1529569140000,1529569199000,81.382,81.396,81.378,81.386,161070000,1
1529569200000,1529569259000,81.387,81.398,81.377,81.377,192120000,1
1529569260000,1529569319000,81.375,81.384,81.36,81.382,141310000,1
1529569320000,1529569379000,81.381,81.402,81.381,81.381,131470000,1
1529569380000,1529569439000,81.38,81.385,81.362,81.37,130900000,1
1529569440000,1529569499000,81.374,81.406,81.37,81.4,83850000,1
1529569500000,1529569559000,81.401,81.435,81.401,81.427,156900000,1
1529569560000,1529569619000,81.426,81.438,81.424,81.435,140630000,1
1529569620000,1529569679000,81.435,81.445,81.424,81.443,68030000,1
1529569680000,1529569739000,81.445,81.475,81.444,81.471,120340000,1
1529569740000,1529569799000,81.47,81.482,81.458,81.48,147100000,1
1529569800000,1529569859000,81.479,81.479,81.455,81.464,133350000,1
1529569860000,1529569919000,81.465,81.465,81.455,81.455,78670000,1
1529569920000,1529569979000,81.452,81.454,81.435,81.445,138580000,1
1529569980000,1529570039000,81.446,81.467,81.445,81.463,72400000,1
1529570040000,1529570099000,81.462,81.462,81.453,81.457,49230000,1
1529570100000,1529570159000,81.456,81.481,81.456,81.46,127850000,1
1529570160000,1529570219000,81.459,81.463,81.42,81.42,152180000,1
1529570220000,1529570279000,81.42,81.42,81.366,81.368,162820000,1
1529570280000,1529570339000,81.368,81.404,81.367,81.402,136800000,1
1529570340000,1529570399000,81.402,81.422,81.394,81.422,84580000,1
1529570400000,1529570459000,81.419,81.421,81.408,81.408,116110000,1
1529570460000,1529570519000,81.409,81.412,81.376,81.376,147790000,1
1529570520000,1529570579000,81.375,81.385,81.359,81.362,168790000,1
1529570580000,1529570639000,81.362,81.362,81.304,81.304,184640000,1
1529570640000,1529570699000,81.304,81.309,81.272,81.287,176920000,1
1529570700000,1529570759000,81.286,81.326,81.277,81.295,157550000,1
1529570760000,1529570819000,81.297,81.317,81.293,81.302,172110000,1
1529570820000,1529570879000,81.303,81.315,81.262,81.264,208810000,1
1529570880000,1529570939000,81.264,81.269,81.223,81.235,229710000,1
1529570940000,1529570999000,81.235,81.255,81.234,81.247,211410000,1
1529571000000,1529571059000,81.246,81.26,81.219,81.224,257230000,1
1529571060000,1529571119000,81.225,81.247,81.225,81.243,275810000,1
1529571120000,1529571179000,81.241,81.241,81.218,81.228,219860000,1
1529571180000,1529571239000,81.229,81.253,81.219,81.24,244970000,1
1529571240000,1529571299000,81.239,81.257,81.232,81.234,268620000,1
1529571300000,1529571359000,81.234,81.277,81.221,81.265,263640000,1
1529571360000,1529571419000,81.266,81.27,81.252,81.257,265710000,1
1529571420000,1529571479000,81.256,81.269,81.234,81.235,209950000,1
1529571480000,1529571539000,81.233,81.268,81.23,81.254,282450000,1
1529571540000,1529571599000,81.255,81.258,81.23,81.242,261270000,1
1529571600000,1529571659000,81.242,81.251,81.227,81.228,230620000,1
1529571660000,1529571719000,81.228,81.24,81.213,81.214,228860000,1
1529571720000,1529571779000,81.214,81.23,81.167,81.169,262590000,1
1529571780000,1529571839000,81.169,81.189,81.169,81.186,216220000,1
1529571840000,1529571899000,81.186,81.244,81.185,81.237,206800000,1
1529571900000,1529571959000,81.236,81.254,81.226,81.248,240160000,1
1529571960000,1529572019000,81.246,81.252,81.238,81.246,213420000,1
1529572020000,1529572079000,81.245,81.248,81.216,81.232,187900000,1
1529572080000,1529572139000,81.233,81.237,81.199,81.206,215720000,1
1529572140000,1529572199000,81.205,81.216,81.172,81.179,208660000,1
1529572200000,1529572259000,81.179,81.223,81.179,81.223,150840000,1
1529572260000,1529572319000,81.223,81.242,81.221,81.242,157810000,1
1529572320000,1529572379000,81.242,81.263,81.236,81.254,168720000,1
1529572380000,1529572439000,81.255,81.261,81.221,81.233,188150000,1
1529572440000,1529572499000,81.232,81.232,81.17,81.18,365760000,1
1529572500000,1529572559000,81.179,81.186,81.14,81.143,304260000,1
1529572560000,1529572619000,81.144,81.177,81.144,81.17,208840000,1
1529572620000,1529572679000,81.172,81.188,81.148,81.188,212060000,1
1529572680000,1529572739000,81.188,81.221,81.187,81.217,222160000,1
1529572740000,1529572799000,81.215,81.22,81.199,81.199,219090000,1
1529572800000,1529572859000,81.198,81.217,81.192,81.209,195720000,1
1529572860000,1529572919000,81.21,81.21,81.181,81.198,233790000,1
1529572920000,1529572979000,81.198,81.221,81.192,81.217,180090000,1
1529572980000,1529573039000,81.217,81.217,81.194,81.214,228690000,1
1529573040000,1529573099000,81.215,81.245,81.197,81.239,261770000,1
1529573100000,1529573159000,81.239,81.251,81.232,81.249,171180000,1
1529573160000,1529573219000,81.25,81.267,81.245,81.263,159930000,1
1529573220000,1529573279000,81.264,81.335,81.264,81.331,157120000,1
1529573280000,1529573339000,81.33,81.33,81.308,81.315,167230000,1
1529573340000,1529573399000,81.315,81.315,81.296,81.298,170780000,1
1529573400000,1529573459000,81.297,81.297,81.273,81.277,263960000,1
1529573460000,1529573519000,81.277,81.283,81.252,81.254,260470000,1
1529573520000,1529573579000,81.254,81.282,81.253,81.272,217900000,1
1529573580000,1529573639000,81.274,81.29,81.274,81.279,146550000,1
1529573640000,1529573699000,81.277,81.308,81.277,81.299,179320000,1
1529573700000,1529573759000,81.298,81.306,81.296,81.3,126200000,1
1529573760000,1529573819000,81.299,81.318,81.297,81.31,211180000,1
1529573820000,1529573879000,81.311,81.353,81.306,81.342,233960000,1
1529573880000,1529573939000,81.341,81.343,81.332,81.34,160880000,1
1529573940000,1529573999000,81.34,81.348,81.326,81.348,163230000,1
1529574000000,1529574059000,81.346,81.353,81.332,81.335,69580000,1
1529574060000,1529574119000,81.339,81.347,81.329,81.344,87570000,1
1529574120000,1529574179000,81.343,81.352,81.337,81.352,77930000,1
1529574180000,1529574239000,81.353,81.358,81.331,81.349,171280000,1
1529574240000,1529574299000,81.348,81.35,81.325,81.329,165760000,1
1529574300000,1529574359000,81.329,81.35,81.329,81.348,146380000,1
1529574360000,1529574419000,81.349,81.35,81.334,81.336,183000000,1
1529574420000,1529574479000,81.335,81.342,81.329,81.332,133570000,1
1529574480000,1529574539000,81.331,81.334,81.312,81.318,182670000,1
1529574540000,1529574599000,81.322,81.346,81.322,81.346,135360000,1
1529574600000,1529574659000,81.347,81.359,81.326,81.329,181220000,1
1529574660000,1529574719000,81.331,81.34,81.321,81.323,121030000,1
1529574720000,1529574779000,81.323,81.323,81.302,81.303,114810000,1
1529574780000,1529574839000,81.303,81.316,81.302,81.306,146130000,1
1529574840000,1529574899000,81.306,81.306,81.275,81.277,166640000,1
1529574900000,1529574959000,81.277,81.317,81.277,81.301,211420000,1
1529574960000,1529575019000,81.302,81.315,81.301,81.31,72730000,1
1529575020000,1529575079000,81.311,81.32,81.3,81.302,125500000,1
1529575080000,1529575139000,81.304,81.311,81.293,81.311,171780000,1
1529575140000,1529575199000,81.312,81.313,81.289,81.311,206190000,1
1529575200000,1529575259000,81.31,81.31,81.282,81.282,127370000,1
1529575260000,1529575319000,81.282,81.283,81.273,81.273,99920000,1
1529575320000,1529575379000,81.273,81.279,81.261,81.267,145440000,1
1529575380000,1529575439000,81.267,81.277,81.266,81.271,110310000,1
1529575440000,1529575499000,81.271,81.297,81.267,81.267,139890000,1
1529575500000,1529575559000,81.263,81.271,81.25,81.269,130870000,1
1529575560000,1529575619000,81.265,81.266,81.258,81.266,103120000,1
1529575620000,1529575679000,81.265,81.265,81.254,81.261,109310000,1
1529575680000,1529575739000,81.261,81.284,81.255,81.278,121240000,1
1529575740000,1529575799000,81.278,81.3,81.278,81.285,138480000,1
1529575800000,1529575859000,81.284,81.307,81.274,81.305,149730000,1
1529575860000,1529575919000,81.303,81.322,81.297,81.321,159040000,1
1529575920000,1529575979000,81.322,81.322,81.308,81.312,84140000,1
1529575980000,1529576039000,81.313,81.322,81.312,81.321,72640000,1
1529576040000,1529576099000,81.321,81.346,81.321,81.341,151190000,1
1529576100000,1529576159000,81.341,81.341,81.316,81.319,160730000,1
1529576160000,1529576219000,81.319,81.323,81.309,81.312,158530000,1
1529576220000,1529576279000,81.314,81.335,81.306,81.328,129240000,1
1529576280000,1529576339000,81.328,81.333,81.309,81.311,157230000,1
1529576340000,1529576399000,81.311,81.325,81.303,81.325,132230000,1
1529576400000,1529576459000,81.325,81.334,81.323,81.329,94960000,1
1529576460000,1529576519000,81.329,81.344,81.329,81.337,133910000,1
1529576520000,1529576579000,81.337,81.338,81.321,81.336,141310000,1
1529576580000,1529576639000,81.335,81.35,81.335,81.343,119230000,1
1529576640000,1529576699000,81.342,81.348,81.336,81.347,127600000,1
1529576700000,1529576759000,81.346,81.346,81.337,81.34,96030000,1
1529576760000,1529576819000,81.337,81.337,81.295,81.299,90390000,1
1529576820000,1529576879000,81.299,81.333,81.299,81.33,148260000,1
1529576880000,1529576939000,81.331,81.332,81.318,81.332,117330000,1
1529576940000,1529576999000,81.332,81.341,81.326,81.332,85190000,1
1529577000000,1529577059000,81.332,81.342,81.329,81.341,131190000,1
1529577060000,1529577119000,81.342,81.342,81.322,81.331,120580000,1
1529577120000,1529577179000,81.331,81.342,81.331,81.34,95780000,1
1529577180000,1529577239000,81.34,81.353,81.336,81.352,50090000,1
1529577240000,1529577299000,81.348,81.348,81.33,81.335,75050000,1
1529577300000,1529577359000,81.335,81.361,81.335,81.353,85740000,1
1529577360000,1529577419000,81.353,81.374,81.353,81.362,132890000,1
1529577420000,1529577479000,81.36,81.372,81.359,81.372,64970000,1
1529577480000,1529577539000,81.373,81.379,81.357,81.358,66270000,1
1529577540000,1529577599000,81.361,81.365,81.357,81.362,83080000,1
1529577600000,1529577659000,81.362,81.369,81.361,81.369,135310000,1
1529577660000,1529577719000,81.369,81.37,81.359,81.367,108010000,1
1529577720000,1529577779000,81.367,81.368,81.355,81.359,86950000,1
1529577780000,1529577839000,81.359,81.36,81.343,81.351,93150000,1
1529577840000,1529577899000,81.352,81.352,81.334,81.334,81340000,1
1529577900000,1529577959000,81.334,81.343,81.328,81.343,123440000,1
1529577960000,1529578019000,81.344,81.356,81.343,81.348,85290000,1
1529578020000,1529578079000,81.347,81.347,81.328,81.333,143150000,1
1529578080000,1529578139000,81.333,81.343,81.324,81.334,114780000,1
1529578140000,1529578199000,81.335,81.348,81.333,81.348,51140000,1
1529578200000,1529578259000,81.349,81.353,81.341,81.345,88690000,1
1529578260000,1529578319000,81.346,81.37,81.345,81.359,130060000,1
1529578320000,1529578379000,81.359,81.359,81.342,81.345,113530000,1
1529578380000,1529578439000,81.346,81.368,81.346,81.368,94610000,1
1529578440000,1529578499000,81.367,81.431,81.358,81.409,295730000,1
1529578500000,1529578559000,81.41,81.442,81.41,81.442,235040000,1
1529578560000,1529578619000,81.441,81.518,81.435,81.498,303060000,1
1529578620000,1529578679000,81.496,81.497,81.467,81.468,159060000,1
1529578680000,1529578739000,81.468,81.489,81.463,81.464,147070000,1
1529578740000,1529578799000,81.464,81.522,81.463,81.492,284970000,1
1529578800000,1529578859000,81.492,81.541,81.491,81.541,264160000,1
1529578860000,1529578919000,81.541,81.548,81.509,81.541,228740000,1
1529578920000,1529578979000,81.541,81.561,81.523,81.554,228300000,1
1529578980000,1529579039000,81.556,81.574,81.546,81.563,253490000,1
1529579040000,1529579099000,81.567,81.579,81.555,81.56,264750000,1
1529579100000,1529579159000,81.56,81.561,81.505,81.51,175490000,1
1529579160000,1529579219000,81.508,81.515,81.481,81.492,152740000,1
1529579220000,1529579279000,81.491,81.506,81.486,81.501,172380000,1
1529579280000,1529579339000,81.503,81.522,81.502,81.506,168540000,1
1529579340000,1529579399000,81.506,81.506,81.423,81.433,211400000,1
1529579400000,1529579459000,81.434,81.47,81.425,81.462,238610000,1
1529579460000,1529579519000,81.461,81.476,81.453,81.467,140030000,1
1529579520000,1529579579000,81.465,81.476,81.446,81.474,174080000,1
1529579580000,1529579639000,81.475,81.483,81.46,81.481,140550000,1
1529579640000,1529579699000,81.481,81.505,81.473,81.487,242210000,1
1529579700000,1529579759000,81.486,81.488,81.449,81.463,180810000,1
1529579760000,1529579819000,81.463,81.463,81.439,81.439,184110000,1
1529579820000,1529579879000,81.438,81.439,81.425,81.432,155350000,1
1529579880000,1529579939000,81.432,81.437,81.41,81.41,100240000,1
1529579940000,1529579999000,81.41,81.414,81.388,81.401,182150000,1
1529580000000,1529580059000,81.399,81.435,81.399,81.429,176330000,1
1529580060000,1529580119000,81.429,81.435,81.425,81.426,127360000,1
1529580120000,1529580179000,81.425,81.427,81.401,81.407,156180000,1
1529580180000,1529580239000,81.407,81.423,81.402,81.413,88210000,1
1529580240000,1529580299000,81.413,81.419,81.399,81.407,118980000,1
1529580300000,1529580359000,81.406,81.419,81.392,81.417,106040000,1
1529580360000,1529580419000,81.417,81.421,81.396,81.398,109760000,1
1529580420000,1529580479000,81.398,81.4,81.366,81.389,186800000,1
1529580480000,1529580539000,81.388,81.398,81.385,81.39,94130000,1
1529580540000,1529580599000,81.389,81.412,81.387,81.407,99350000,1
1529580600000,1529580659000,81.405,81.432,81.399,81.421,136340000,1
1529580660000,1529580719000,81.42,81.442,81.417,81.438,144240000,1
1529580720000,1529580779000,81.437,81.445,81.43,81.436,140350000,1
1529580780000,1529580839000,81.436,81.448,81.431,81.437,93540000,1
1529580840000,1529580899000,81.434,81.438,81.422,81.426,89560000,1
1529580900000,1529580959000,81.426,81.435,81.417,81.419,130460000,1
1529580960000,1529581019000,81.417,81.436,81.415,81.42,147810000,1
1529581020000,1529581079000,81.42,81.422,81.395,81.417,153350000,1
1529581080000,1529581139000,81.416,81.416,81.398,81.409,120740000,1
1529581140000,1529581199000,81.411,81.421,81.407,81.411,137820000,1
1529581200000,1529581259000,81.412,81.418,81.398,81.413,88900000,1
1529581260000,1529581319000,81.412,81.416,81.406,81.414,76040000,1
1529581320000,1529581379000,81.414,81.415,81.409,81.412,55000000,1
1529581380000,1529581439000,81.411,81.411,81.402,81.407,83410000,1
1529581440000,1529581499000,81.408,81.434,81.408,81.415,97620000,1
1529581500000,1529581559000,81.414,81.414,81.392,81.4,119080000,1
1529581560000,1529581619000,81.399,81.399,81.388,81.396,63980000,1
1529581620000,1529581679000,81.398,81.419,81.398,81.419,53850000,1
1529581680000,1529581739000,81.419,81.425,81.409,81.425,69470000,1
1529581740000,1529581799000,81.423,81.435,81.417,81.435,66510000,1
1529581800000,1529581859000,81.435,81.438,81.424,81.438,64300000,1
1529581860000,1529581919000,81.438,81.456,81.437,81.456,96070000,1
1529581920000,1529581979000,81.455,81.459,81.438,81.44,107430000,1
1529581980000,1529582039000,81.441,81.458,81.44,81.45,60620000,1
1529582040000,1529582099000,81.449,81.454,81.442,81.447,71570000,1
1529582100000,1529582159000,81.447,81.452,81.439,81.451,69250000,1
1529582160000,1529582219000,81.45,81.458,81.448,81.457,60010000,1
1529582220000,1529582279000,81.458,81.458,81.449,81.453,64670000,1
1529582280000,1529582339000,81.454,81.47,81.451,81.468,59270000,1
1529582340000,1529582399000,81.469,81.484,81.469,81.482,60570000,1
1529582400000,1529582459000,81.481,81.494,81.449,81.449,183780000,1
1529582460000,1529582519000,81.449,81.456,81.427,81.429,195190000,1
1529582520000,1529582579000,81.428,81.457,81.421,81.441,124830000,1
1529582580000,1529582639000,81.441,81.448,81.43,81.43,127880000,1
1529582640000,1529582699000,81.433,81.446,81.422,81.442,115490000,1
1529582700000,1529582759000,81.442,81.446,81.418,81.432,155640000,1
1529582760000,1529582819000,81.432,81.445,81.429,81.443,130610000,1
1529582820000,1529582879000,81.442,81.456,81.441,81.456,127340000,1
1529582880000,1529582939000,81.457,81.457,81.442,81.447,131080000,1
1529582940000,1529582999000,81.447,81.463,81.447,81.461,145540000,1
1529583000000,1529583059000,81.462,81.465,81.436,81.437,212030000,1
1529583060000,1529583119000,81.436,81.436,81.415,81.425,220670000,1
1529583120000,1529583179000,81.426,81.426,81.409,81.42,210260000,1
1529583180000,1529583239000,81.422,81.453,81.42,81.453,149600000,1
1529583240000,1529583299000,81.452,81.457,81.446,81.446,126830000,1
1529583300000,1529583359000,81.447,81.464,81.445,81.456,126170000,1
1529583360000,1529583419000,81.457,81.465,81.44,81.463,124500000,1
1529583420000,1529583479000,81.464,81.487,81.462,81.475,165600000,1
1529583480000,1529583539000,81.475,81.482,81.467,81.473,173720000,1
1529583540000,1529583599000,81.472,81.473,81.446,81.451,188870000,1
1529583600000,1529583659000,81.447,81.464,81.443,81.455,235130000,1
1529583660000,1529583719000,81.454,81.487,81.454,81.486,236180000,1
1529583720000,1529583779000,81.486,81.503,81.475,81.497,165780000,1
1529583780000,1529583839000,81.496,81.503,81.494,81.503,89710000,1
1529583840000,1529583899000,81.502,81.516,81.498,81.502,96250000,1
1529583900000,1529583959000,81.501,81.509,81.487,81.502,147200000,1
1529583960000,1529584019000,81.502,81.507,81.478,81.493,183780000,1
1529584020000,1529584079000,81.493,81.5,81.49,81.496,128390000,1
1529584080000,1529584139000,81.496,81.5,81.481,81.493,127390000,1
1529584140000,1529584199000,81.493,81.493,81.465,81.467,120340000,1
1529584200000,1529584259000,81.468,81.488,81.456,81.46,167640000,1
1529584260000,1529584319000,81.46,81.46,81.433,81.447,148760000,1
1529584320000,1529584379000,81.45,81.46,81.419,81.42,137220000,1
1529584380000,1529584439000,81.42,81.431,81.404,81.409,238370000,1
1529584440000,1529584499000,81.409,81.421,81.396,81.415,302200000,1
1529584500000,1529584559000,81.417,81.456,81.413,81.451,226170000,1
1529584560000,1529584619000,81.452,81.475,81.437,81.469,305410000,1
1529584620000,1529584679000,81.465,81.501,81.446,81.491,237910000,1
1529584680000,1529584739000,81.49,81.499,81.472,81.498,253970000,1
1529584740000,1529584799000,81.496,81.506,81.475,81.497,221590000,1
1529584800000,1529584859000,81.496,81.499,81.464,81.466,186710000,1
1529584860000,1529584919000,81.466,81.467,81.44,81.442,203660000,1
1529584920000,1529584979000,81.443,81.453,81.433,81.438,213270000,1
1529584980000,1529585039000,81.436,81.451,81.431,81.435,214870000,1
1529585040000,1529585099000,81.434,81.434,81.408,81.423,251510000,1
1529585100000,1529585159000,81.422,81.448,81.418,81.447,226220000,1
1529585160000,1529585219000,81.447,81.474,81.409,81.454,275630000,1
1529585220000,1529585279000,81.45,81.479,81.441,81.476,241900000,1
1529585280000,1529585339000,81.475,81.475,81.43,81.465,234770000,1
1529585340000,1529585399000,81.463,81.471,81.448,81.464,314990000,1
1529585400000,1529585459000,81.464,81.472,81.439,81.468,198750000,1
1529585460000,1529585519000,81.466,81.466,81.426,81.432,261020000,1
1529585520000,1529585579000,81.432,81.447,81.42,81.429,246670000,1
1529585580000,1529585639000,81.429,81.453,81.423,81.439,194180000,1
1529585640000,1529585699000,81.437,81.437,81.42,81.429,177630000,1
1529585700000,1529585759000,81.431,81.442,81.401,81.401,240450000,1
1529585760000,1529585819000,81.401,81.403,81.384,81.4,209430000,1
1529585820000,1529585879000,81.4,81.431,81.4,81.431,127130000,1
1529585880000,1529585939000,81.43,81.443,81.416,81.443,115890000,1
1529585940000,1529585999000,81.443,81.446,81.421,81.446,125970000,1
1529586000000,1529586059000,81.447,81.464,81.428,81.453,259520000,1
1529586060000,1529586119000,81.454,81.474,81.454,81.469,203740000,1
1529586120000,1529586179000,81.472,81.472,81.437,81.441,271600000,1
1529586180000,1529586239000,81.438,81.452,81.419,81.425,272240000,1
1529586240000,1529586299000,81.424,81.439,81.422,81.435,246130000,1
1529586300000,1529586359000,81.434,81.46,81.434,81.452,231070000,1
1529586360000,1529586419000,81.452,81.461,81.44,81.441,298200000,1
1529586420000,1529586479000,81.441,81.441,81.411,81.411,202770000,1
1529586480000,1529586539000,81.41,81.437,81.404,81.435,221320000,1
1529586540000,1529586599000,81.435,81.446,81.434,81.441,159100000,1
1529586600000,1529586659000,81.441,81.465,81.436,81.444,163570000,1
1529586660000,1529586719000,81.443,81.445,81.425,81.429,207180000,1
1529586720000,1529586779000,81.43,81.433,81.401,81.417,195060000,1
1529586780000,1529586839000,81.418,81.424,81.408,81.423,143870000,1
1529586840000,1529586899000,81.424,81.43,81.416,81.422,133720000,1
1529586900000,1529586959000,81.422,81.458,81.42,81.457,178820000,1
1529586960000,1529587019000,81.456,81.473,81.455,81.455,172880000,1
1529587020000,1529587079000,81.455,81.471,81.448,81.45,112270000,1
1529587080000,1529587139000,81.45,81.456,81.441,81.445,165200000,1
1529587140000,1529587199000,81.446,81.452,81.436,81.445,209850000,1
1529587200000,1529587259000,81.443,81.453,81.437,81.444,147680000,1
1529587260000,1529587319000,81.445,81.447,81.439,81.447,170140000,1
1529587320000,1529587379000,81.447,81.449,81.438,81.441,208610000,1
1529587380000,1529587439000,81.441,81.449,81.432,81.44,153600000,1
1529587440000,1529587499000,81.439,81.469,81.438,81.469,169250000,1
1529587500000,1529587559000,81.467,81.476,81.437,81.449,165890000,1
1529587560000,1529587619000,81.448,81.453,81.425,81.43,131400000,1
1529587620000,1529587679000,81.43,81.447,81.422,81.445,184340000,1
1529587680000,1529587739000,81.444,81.464,81.444,81.463,121630000,1
1529587740000,1529587799000,81.462,81.469,81.448,81.448,168660000,1
1529587800000,1529587859000,81.446,81.46,81.433,81.438,204280000,1
1529587860000,1529587919000,81.439,81.441,81.419,81.423,212190000,1
1529587920000,1529587979000,81.425,81.425,81.4,81.42,227780000,1
1529587980000,1529588039000,81.419,81.449,81.419,81.443,227880000,1
1529588040000,1529588099000,81.443,81.446,81.42,81.426,171690000,1
1529588100000,1529588159000,81.426,81.43,81.379,81.379,275070000,1
1529588160000,1529588219000,81.378,81.378,81.348,81.355,303020000,1
1529588220000,1529588279000,81.357,81.363,81.337,81.338,275440000,1
1529588280000,1529588339000,81.337,81.351,81.332,81.34,253180000,1
1529588340000,1529588399000,81.34,81.373,81.338,81.359,255560000,1
1529588400000,1529588459000,81.358,81.384,81.353,81.375,247690000,1
1529588460000,1529588519000,81.377,81.38,81.356,81.357,258360000,1
1529588520000,1529588579000,81.357,81.361,81.345,81.354,276700000,1
1529588580000,1529588639000,81.354,81.358,81.324,81.326,247530000,1
1529588640000,1529588699000,81.327,81.327,81.272,81.279,302170000,1
1529588700000,1529588759000,81.279,81.294,81.277,81.285,228420000,1
1529588760000,1529588819000,81.282,81.299,81.281,81.296,221940000,1
1529588820000,1529588879000,81.296,81.32,81.289,81.318,245310000,1
1529588880000,1529588939000,81.317,81.318,81.296,81.308,248300000,1
1529588940000,1529588999000,81.309,81.352,81.309,81.33,215380000,1
1529589000000,1529589059000,81.329,81.329,81.305,81.324,216930000,1
1529589060000,1529589119000,81.322,81.325,81.305,81.316,257700000,1
1529589120000,1529589179000,81.316,81.334,81.313,81.327,261540000,1
1529589180000,1529589239000,81.328,81.342,81.321,81.332,211340000,1
1529589240000,1529589299000,81.332,81.341,81.327,81.34,247380000,1
1529589300000,1529589359000,81.34,81.34,81.316,81.323,210860000,1
1529589360000,1529589419000,81.323,81.338,81.322,81.333,271100000,1
1529589420000,1529589479000,81.333,81.343,81.333,81.343,66100000,1
1529589480000,1529589539000,81.342,81.347,81.338,81.342,67870000,1
1529589540000,1529589599000,81.341,81.341,81.326,81.333,133460000,1
1529589600000,1529589659000,81.335,81.335,81.313,81.313,198330000,1
1529589660000,1529589719000,81.313,81.319,81.306,81.31,191400000,1
1529589720000,1529589779000,81.309,81.338,81.308,81.338,337260000,1
1529589780000,1529589839000,81.338,81.358,81.336,81.347,252030000,1
1529589840000,1529589899000,81.346,81.346,81.255,81.263,269660000,1
1529589900000,1529589959000,81.262,81.268,81.221,81.23,241690000,1
1529589960000,1529590019000,81.229,81.229,81.185,81.196,265220000,1
1529590020000,1529590079000,81.199,81.203,81.186,81.187,189780000,1
1529590080000,1529590139000,81.186,81.194,81.172,81.182,231640000,1
1529590140000,1529590199000,81.182,81.182,81.156,81.166,167030000,1
1529590200000,1529590259000,81.167,81.207,81.167,81.204,186130000,1
1529590260000,1529590319000,81.204,81.217,81.202,81.217,179300000,1
1529590320000,1529590379000,81.216,81.217,81.174,81.187,226690000,1
1529590380000,1529590439000,81.188,81.206,81.175,81.175,207270000,1
1529590440000,1529590499000,81.177,81.194,81.169,81.169,188890000,1
1529590500000,1529590559000,81.173,81.216,81.173,81.215,200160000,1
1529590560000,1529590619000,81.213,81.213,81.197,81.204,221280000,1
1529590620000,1529590679000,81.204,81.208,81.158,81.168,297610000,1
1529590680000,1529590739000,81.167,81.178,81.12,81.126,352990000,1
1529590740000,1529590799000,81.126,81.136,81.112,81.121,283800000,1
1529590800000,1529590859000,81.12,81.144,81.11,81.123,289290000,1
1529590860000,1529590919000,81.123,81.137,81.112,81.12,238690000,1
1529590920000,1529590979000,81.116,81.141,81.108,81.119,239110000,1
1529590980000,1529591039000,81.119,81.167,81.108,81.167,241300000,1
1529591040000,1529591099000,81.17,81.209,81.159,81.204,270410000,1
1529591100000,1529591159000,81.203,81.207,81.156,81.169,286670000,1
1529591160000,1529591219000,81.167,81.18,81.147,81.18,267650000,1
1529591220000,1529591279000,81.179,81.2,81.168,81.187,244730000,1
1529591280000,1529591339000,81.184,81.202,81.17,81.2,266950000,1
1529591340000,1529591399000,81.199,81.226,81.19,81.221,205250000,1
1529591400000,1529591459000,81.222,81.232,81.211,81.229,236620000,1
1529591460000,1529591519000,81.231,81.259,81.222,81.249,214290000,1
1529591520000,1529591579000,81.248,81.253,81.23,81.248,165090000,1
1529591580000,1529591639000,81.246,81.253,81.2,81.203,191670000,1
1529591640000,1529591699000,81.202,81.207,81.195,81.195,164410000,1
1529591700000,1529591759000,81.197,81.212,81.197,81.205,226320000,1
1529591760000,1529591819000,81.205,81.21,81.185,81.194,280420000,1
1529591820000,1529591879000,81.194,81.234,81.18,81.214,274930000,1
1529591880000,1529591939000,81.216,81.266,81.208,81.25,344880000,1
1529591940000,1529591999000,81.247,81.275,81.229,81.24,221130000,1
1529592000000,1529592059000,81.24,81.258,81.214,81.218,223160000,1
1529592060000,1529592119000,81.217,81.249,81.205,81.23,241200000,1
1529592120000,1529592179000,81.228,81.252,81.211,81.252,219390000,1
1529592180000,1529592239000,81.251,81.285,81.242,81.283,282670000,1
1529592240000,1529592299000,81.284,81.284,81.249,81.262,291720000,1
1529592300000,1529592359000,81.262,81.262,81.182,81.192,281750000,1
1529592360000,1529592419000,81.193,81.271,81.193,81.268,339780000,1
1529592420000,1529592479000,81.268,81.278,81.244,81.249,241360000,1
1529592480000,1529592539000,81.249,81.249,81.207,81.211,210140000,1
1529592540000,1529592599000,81.21,81.21,81.168,81.203,191190000,1
1529592600000,1529592659000,81.203,81.215,81.191,81.191,222090000,1
1529592660000,1529592719000,81.19,81.218,81.19,81.208,215040000,1
1529592720000,1529592779000,81.208,81.236,81.201,81.212,207760000,1
1529592780000,1529592839000,81.21,81.229,81.208,81.228,99830000,1
1529592840000,1529592899000,81.228,81.231,81.217,81.227,148640000,1
1529592900000,1529592959000,81.227,81.232,81.193,81.193,155030000,1
1529592960000,1529593019000,81.193,81.21,81.166,81.193,196720000,1
1529593020000,1529593079000,81.193,81.203,81.155,81.173,189170000,1
1529593080000,1529593139000,81.171,81.172,81.121,81.124,244030000,1
1529593140000,1529593199000,81.125,81.144,81.124,81.141,195460000,1
1529593200000,1529593259000,81.14,81.154,81.127,81.128,223370000,1
1529593260000,1529593319000,81.128,81.175,81.124,81.174,243440000,1
1529593320000,1529593379000,81.175,81.177,81.155,81.169,228870000,1
1529593380000,1529593439000,81.169,81.181,81.152,81.176,187320000,1
1529593440000,1529593499000,81.176,81.185,81.16,81.183,185150000,1
1529593500000,1529593559000,81.178,81.195,81.167,81.184,236830000,1
1529593560000,1529593619000,81.183,81.188,81.157,81.157,234780000,1
1529593620000,1529593679000,81.157,81.181,81.145,81.155,232610000,1
1529593680000,1529593739000,81.154,81.168,81.148,81.149,233990000,1
1529593740000,1529593799000,81.15,81.151,81.126,81.14,274030000,1
1529593800000,1529593859000,81.14,81.149,81.136,81.136,189400000,1
1529593860000,1529593919000,81.136,81.144,81.13,81.135,159120000,1
1529593920000,1529593979000,81.134,81.152,81.115,81.151,222560000,1
1529593980000,1529594039000,81.15,81.174,81.144,81.169,201570000,1
1529594040000,1529594099000,81.17,81.185,81.166,81.181,225710000,1
1529594100000,1529594159000,81.182,81.203,81.157,81.161,245100000,1
1529594160000,1529594219000,81.161,81.168,81.136,81.142,240830000,1
1529594220000,1529594279000,81.144,81.169,81.137,81.152,249750000,1
1529594280000,1529594339000,81.151,81.156,81.133,81.144,222840000,1
1529594340000,1529594399000,81.142,81.149,81.136,81.142,154120000,1
1529594400000,1529594459000,81.141,81.149,81.13,81.14,187380000,1
1529594460000,1529594519000,81.141,81.148,81.124,81.125,199800000,1
1529594520000,1529594579000,81.128,81.146,81.126,81.143,229310000,1
1529594580000,1529594639000,81.143,81.159,81.137,81.137,121010000,1
1529594640000,1529594699000,81.141,81.153,81.138,81.138,133980000,1
1529594700000,1529594759000,81.137,81.143,81.118,81.131,179520000,1
1529594760000,1529594819000,81.13,81.142,81.123,81.124,172320000,1
1529594820000,1529594879000,81.124,81.135,81.12,81.132,166030000,1
1529594880000,1529594939000,81.132,81.137,81.13,81.134,102900000,1
1529594940000,1529594999000,81.135,81.147,81.131,81.137,127960000,1
1529595000000,1529595059000,81.138,81.164,81.138,81.161,129090000,1
1529595060000,1529595119000,81.16,81.167,81.158,81.161,122860000,1
1529595120000,1529595179000,81.161,81.167,81.148,81.163,131090000,1
1529595180000,1529595239000,81.164,81.166,81.147,81.15,167960000,1
1529595240000,1529595299000,81.15,81.161,81.146,81.156,173500000,1
1529595300000,1529595359000,81.157,81.166,81.148,81.151,121930000,1
1529595360000,1529595419000,81.152,81.158,81.144,81.158,191500000,1
1529595420000,1529595479000,81.159,81.17,81.154,81.156,153970000,1
1529595480000,1529595539000,81.157,81.175,81.157,81.171,135420000,1
1529595540000,1529595599000,81.171,81.194,81.17,81.19,117260000,1
1529595600000,1529595659000,81.189,81.189,81.166,81.169,112550000,1
1529595660000,1529595719000,81.169,81.174,81.16,81.171,149930000,1
1529595720000,1529595779000,81.171,81.178,81.151,81.152,147960000,1
1529595780000,1529595839000,81.152,81.174,81.152,81.174,112080000,1
1529595840000,1529595899000,81.174,81.224,81.174,81.219,176690000,1
1529595900000,1529595959000,81.218,81.219,81.203,81.203,161740000,1
1529595960000,1529596019000,81.203,81.222,81.203,81.217,142500000,1
1529596020000,1529596079000,81.217,81.218,81.204,81.207,136900000,1
1529596080000,1529596139000,81.207,81.211,81.192,81.194,143760000,1
1529596140000,1529596199000,81.196,81.202,81.192,81.195,83550000,1
1529596200000,1529596259000,81.198,81.211,81.195,81.209,128780000,1
1529596260000,1529596319000,81.209,81.218,81.204,81.204,123850000,1
1529596320000,1529596379000,81.203,81.216,81.198,81.211,135750000,1
1529596380000,1529596439000,81.21,81.21,81.192,81.194,96210000,1
1529596440000,1529596499000,81.195,81.206,81.192,81.194,143180000,1
1529596500000,1529596559000,81.194,81.194,81.169,81.178,146430000,1
1529596560000,1529596619000,81.177,81.178,81.169,81.17,115140000,1
1529596620000,1529596679000,81.171,81.171,81.144,81.148,144660000,1
1529596680000,1529596739000,81.15,81.15,81.132,81.147,151960000,1
1529596740000,1529596799000,81.147,81.16,81.139,81.143,161810000,1
1529596800000,1529596859000,81.141,81.149,81.134,81.138,137840000,1
1529596860000,1529596919000,81.142,81.148,81.13,81.134,119470000,1
1529596920000,1529596979000,81.136,81.139,81.116,81.118,137240000,1
1529596980000,1529597039000,81.12,81.133,81.119,81.121,137160000,1
1529597040000,1529597099000,81.121,81.122,81.099,81.1,105950000,1
1529597100000,1529597159000,81.1,81.104,81.09,81.096,145710000,1
1529597160000,1529597219000,81.098,81.099,81.083,81.084,129030000,1
1529597220000,1529597279000,81.084,81.089,81.081,81.089,101220000,1
1529597280000,1529597339000,81.088,81.099,81.08,81.097,102200000,1
1529597340000,1529597399000,81.097,81.107,81.095,81.106,125050000,1
1529597400000,1529597459000,81.107,81.124,81.104,81.124,140200000,1
1529597460000,1529597519000,81.125,81.152,81.125,81.14,132950000,1
1529597520000,1529597579000,81.141,81.149,81.137,81.148,115860000,1
1529597580000,1529597639000,81.147,81.154,81.144,81.147,135040000,1
1529597640000,1529597699000,81.148,81.162,81.147,81.154,127060000,1
1529597700000,1529597759000,81.154,81.171,81.154,81.165,105620000,1
1529597760000,1529597819000,81.165,81.17,81.161,81.167,128800000,1
1529597820000,1529597879000,81.167,81.17,81.155,81.155,110550000,1
1529597880000,1529597939000,81.156,81.158,81.139,81.139,97120000,1
1529597940000,1529597999000,81.139,81.147,81.132,81.143,128050000,1
1529598000000,1529598059000,81.144,81.152,81.14,81.152,96790000,1
1529598060000,1529598119000,81.153,81.154,81.139,81.143,168390000,1
1529598120000,1529598179000,81.143,81.153,81.14,81.153,109220000,1
1529598180000,1529598239000,81.152,81.16,81.152,81.155,101550000,1
1529598240000,1529598299000,81.156,81.156,81.139,81.14,126270000,1
1529598300000,1529598359000,81.14,81.157,81.14,81.153,105250000,1
1529598360000,1529598419000,81.153,81.153,81.136,81.137,102420000,1
1529598420000,1529598479000,81.136,81.145,81.131,81.145,76510000,1
1529598480000,1529598539000,81.146,81.157,81.145,81.155,173690000,1
1529598540000,1529598599000,81.154,81.172,81.154,81.169,121230000,1
1529598600000,1529598659000,81.171,81.185,81.169,81.176,131530000,1
1529598660000,1529598719000,81.173,81.177,81.164,81.173,118900000,1
1529598720000,1529598779000,81.172,81.177,81.161,81.174,127440000,1
1529598780000,1529598839000,81.175,81.178,81.161,81.161,127500000,1
1529598840000,1529598899000,81.163,81.167,81.139,81.142,148420000,1
1529598900000,1529598959000,81.139,81.142,81.136,81.139,91000000,1
1529598960000,1529599019000,81.138,81.147,81.138,81.14,124000000,1
1529599020000,1529599079000,81.138,81.157,81.135,81.148,105950000,1
1529599080000,1529599139000,81.147,81.15,81.134,81.135,78710000,1
1529599140000,1529599199000,81.135,81.139,81.132,81.137,79630000,1
1529599200000,1529599259000,81.139,81.143,81.125,81.141,83570000,1
1529599260000,1529599319000,81.141,81.144,81.131,81.135,74700000,1
1529599320000,1529599379000,81.134,81.146,81.133,81.145,83180000,1
1529599380000,1529599439000,81.145,81.15,81.139,81.15,76870000,1
1529599440000,1529599499000,81.149,81.161,81.142,81.161,128300000,1
1529599500000,1529599559000,81.16,81.16,81.142,81.142,61610000,1
1529599560000,1529599619000,81.143,81.147,81.136,81.144,90080000,1
1529599620000,1529599679000,81.142,81.144,81.136,81.143,119010000,1
1529599680000,1529599739000,81.143,81.148,81.139,81.148,122240000,1
1529599740000,1529599799000,81.147,81.155,81.146,81.147,91590000,1
1529599800000,1529599859000,81.148,81.156,81.14,81.151,109660000,1
1529599860000,1529599919000,81.152,81.157,81.151,81.155,77430000,1
1529599920000,1529599979000,81.155,81.156,81.147,81.151,85170000,1
1529599980000,1529600039000,81.151,81.151,81.145,81.148,76060000,1
1529600040000,1529600099000,81.147,81.148,81.13,81.13,76290000,1
1529600100000,1529600159000,81.13,81.132,81.112,81.118,90970000,1
1529600160000,1529600219000,81.118,81.131,81.118,81.13,161950000,1
1529600220000,1529600279000,81.13,81.137,81.112,81.112,120250000,1
1529600280000,1529600339000,81.114,81.124,81.112,81.117,119540000,1
1529600340000,1529600399000,81.116,81.116,81.107,81.112,153480000,1
1529600400000,1529600459000,81.11,81.11,81.101,81.102,154150000,1
1529600460000,1529600519000,81.102,81.108,81.089,81.089,150080000,1
1529600520000,1529600579000,81.089,81.089,81.07,81.079,144540000,1
1529600580000,1529600639000,81.079,81.093,81.077,81.088,160080000,1
1529600640000,1529600699000,81.087,81.091,81.081,81.091,96530000,1
1529600700000,1529600759000,81.091,81.098,81.088,81.094,82100000,1
1529600760000,1529600819000,81.094,81.104,81.093,81.096,70840000,1
1529600820000,1529600879000,81.096,81.111,81.095,81.109,80850000,1
1529600880000,1529600939000,81.109,81.111,81.098,81.108,92000000,1
1529600940000,1529600999000,81.108,81.126,81.105,81.126,100790000,1
1529601000000,1529601059000,81.128,81.159,81.127,81.151,98700000,1
1529601060000,1529601119000,81.147,81.147,81.137,81.137,125240000,1
1529601120000,1529601179000,81.136,81.137,81.118,81.118,128240000,1
1529601180000,1529601239000,81.117,81.123,81.1,81.123,162180000,1
1529601240000,1529601299000,81.121,81.121,81.107,81.111,94620000,1
1529601300000,1529601359000,81.111,81.116,81.1,81.113,76330000,1
1529601360000,1529601419000,81.113,81.127,81.109,81.127,120940000,1
1529601420000,1529601479000,81.128,81.133,81.125,81.131,95340000,1
1529601480000,1529601539000,81.129,81.131,81.123,81.125,70780000,1
1529601540000,1529601599000,81.125,81.125,81.107,81.11,104730000,1
1529601600000,1529601659000,81.11,81.121,81.11,81.12,58740000,1
1529601660000,1529601719000,81.121,81.126,81.118,81.121,58170000,1
1529601720000,1529601779000,81.121,81.138,81.12,81.131,113030000,1
1529601780000,1529601839000,81.131,81.133,81.123,81.126,91550000,1
1529601840000,1529601899000,81.127,81.134,81.126,81.127,74840000,1
1529601900000,1529601959000,81.128,81.128,81.122,81.126,105150000,1
1529601960000,1529602019000,81.127,81.129,81.12,81.12,89030000,1
1529602020000,1529602079000,81.121,81.122,81.109,81.116,158070000,1
1529602080000,1529602139000,81.115,81.122,81.113,81.119,75440000,1
1529602140000,1529602199000,81.119,81.119,81.111,81.114,111410000,1
1529602200000,1529602259000,81.114,81.119,81.109,81.109,62270000,1
1529602260000,1529602319000,81.108,81.122,81.106,81.122,97180000,1
1529602320000,1529602379000,81.119,81.12,81.111,81.117,84760000,1
1529602380000,1529602439000,81.117,81.119,81.098,81.098,139150000,1
1529602440000,1529602499000,81.098,81.102,81.086,81.102,130700000,1
1529602500000,1529602559000,81.102,81.119,81.102,81.119,121550000,1
1529602560000,1529602619000,81.119,81.121,81.111,81.115,91940000,1
1529602620000,1529602679000,81.115,81.127,81.115,81.121,55160000,1
1529602680000,1529602739000,81.121,81.139,81.121,81.134,91670000,1
1529602740000,1529602799000,81.134,81.136,81.128,81.134,86940000,1
1529602800000,1529602859000,81.133,81.14,81.129,81.137,97760000,1
1529602860000,1529602919000,81.136,81.139,81.128,81.129,87050000,1
1529602920000,1529602979000,81.129,81.133,81.117,81.132,96320000,1
1529602980000,1529603039000,81.131,81.15,81.131,81.149,80970000,1
1529603040000,1529603099000,81.149,81.159,81.149,81.159,62740000,1
1529603100000,1529603159000,81.156,81.162,81.152,81.161,57960000,1
1529603160000,1529603219000,81.16,81.16,81.136,81.136,60680000,1
1529603220000,1529603279000,81.136,81.149,81.136,81.139,125690000,1
1529603280000,1529603339000,81.139,81.153,81.139,81.153,122930000,1
1529603340000,1529603399000,81.153,81.153,81.131,81.134,107570000,1
1529603400000,1529603459000,81.133,81.133,81.121,81.123,150450000,1
1529603460000,1529603519000,81.124,81.146,81.121,81.146,117170000,1
1529603520000,1529603579000,81.146,81.151,81.141,81.148,109930000,1
1529603580000,1529603639000,81.146,81.152,81.144,81.149,58270000,1
1529603640000,1529603699000,81.148,81.173,81.148,81.17,134730000,1
1529603700000,1529603759000,81.169,81.18,81.168,81.174,63450000,1
1529603760000,1529603819000,81.175,81.179,81.163,81.167,75420000,1
1529603820000,1529603879000,81.166,81.178,81.165,81.166,54500000,1
1529603880000,1529603939000,81.167,81.191,81.167,81.182,83200000,1
1529603940000,1529603999000,81.177,81.187,81.171,81.186,190070000,1
1529604000000,1529604059000,81.184,81.184,81.177,81.179,95080000,1
1529604060000,1529604119000,81.179,81.206,81.168,81.206,151840000,1
1529604120000,1529604179000,81.206,81.22,81.206,81.216,173090000,1
1529604180000,1529604239000,81.215,81.237,81.215,81.229,139460000,1
1529604240000,1529604299000,81.228,81.234,81.21,81.21,193770000,1
1529604300000,1529604359000,81.21,81.224,81.2,81.214,182640000,1
1529604360000,1529604419000,81.215,81.228,81.206,81.228,153820000,1
1529604420000,1529604479000,81.227,81.241,81.221,81.236,155570000,1
1529604480000,1529604539000,81.236,81.253,81.232,81.25,97040000,1
1529604540000,1529604599000,81.25,81.262,81.24,81.242,156590000,1
1529604600000,1529604659000,81.245,81.26,81.244,81.257,147190000,1
1529604660000,1529604719000,81.257,81.258,81.232,81.233,130020000,1
1529604720000,1529604779000,81.232,81.235,81.223,81.223,124420000,1
1529604780000,1529604839000,81.223,81.223,81.211,81.211,120920000,1
1529604840000,1529604899000,81.211,81.225,81.21,81.212,152830000,1
1529604900000,1529604959000,81.211,81.218,81.209,81.213,111210000,1
1529604960000,1529605019000,81.213,81.224,81.204,81.216,154240000,1
1529605020000,1529605079000,81.215,81.218,81.193,81.206,165360000,1
1529605080000,1529605139000,81.206,81.22,81.201,81.22,175300000,1
1529605140000,1529605199000,81.217,81.226,81.204,81.204,186100000,1
1529605200000,1529605259000,81.205,81.213,81.191,81.212,142530000,1
1529605260000,1529605319000,81.213,81.223,81.212,81.217,129040000,1
1529605320000,1529605379000,81.218,81.222,81.216,81.218,123440000,1
1529605380000,1529605439000,81.218,81.221,81.212,81.219,142760000,1
1529605440000,1529605499000,81.219,81.229,81.218,81.229,103510000,1
1529605500000,1529605559000,81.229,81.231,81.224,81.227,134880000,1
1529605560000,1529605619000,81.228,81.232,81.226,81.23,64050000,1
1529605620000,1529605679000,81.229,81.23,81.216,81.216,100470000,1
1529605680000,1529605739000,81.216,81.216,81.211,81.214,55180000,1
1529605740000,1529605799000,81.214,81.215,81.204,81.215,80070000,1
1529605800000,1529605859000,81.215,81.228,81.215,81.225,66130000,1
1529605860000,1529605919000,81.226,81.231,81.223,81.225,45120000,1
1529605920000,1529605979000,81.226,81.229,81.22,81.222,36000000,1
1529605980000,1529606039000,81.221,81.225,81.215,81.222,53610000,1
1529606040000,1529606099000,81.223,81.228,81.221,81.222,38930000,1
1529606100000,1529606159000,81.223,81.24,81.222,81.239,68530000,1
1529606160000,1529606219000,81.239,81.243,81.237,81.24,46190000,1
1529606220000,1529606279000,81.24,81.24,81.231,81.24,47650000,1
1529606280000,1529606339000,81.238,81.243,81.228,81.228,147870000,1
1529606340000,1529606399000,81.228,81.237,81.219,81.237,119800000,1
1529606400000,1529606459000,81.239,81.239,81.227,81.23,134580000,1
1529606460000,1529606519000,81.23,81.236,81.227,81.236,57820000,1
1529606520000,1529606579000,81.236,81.236,81.222,81.231,122920000,1
1529606580000,1529606639000,81.231,81.231,81.219,81.22,127380000,1
1529606640000,1529606699000,81.219,81.239,81.216,81.237,120310000,1
1529606700000,1529606759000,81.237,81.237,81.223,81.236,113400000,1
1529606760000,1529606819000,81.236,81.25,81.235,81.245,116530000,1
1529606820000,1529606879000,81.245,81.259,81.243,81.258,44230000,1
1529606880000,1529606939000,81.259,81.26,81.248,81.256,70310000,1
1529606940000,1529606999000,81.255,81.257,81.25,81.252,73980000,1
1529607000000,1529607059000,81.254,81.256,81.248,81.249,74420000,1
1529607060000,1529607119000,81.25,81.252,81.244,81.248,83570000,1
1529607120000,1529607179000,81.248,81.25,81.242,81.249,90770000,1
1529607180000,1529607239000,81.25,81.258,81.248,81.253,53000000,1
1529607240000,1529607299000,81.251,81.252,81.242,81.242,89420000,1
1529607300000,1529607359000,81.243,81.248,81.239,81.244,56340000,1
1529607360000,1529607419000,81.243,81.248,81.242,81.242,79160000,1
1529607420000,1529607479000,81.241,81.243,81.23,81.234,118160000,1
1529607480000,1529607539000,81.231,81.231,81.211,81.214,113880000,1
1529607540000,1529607599000,81.213,81.213,81.183,81.187,158290000,1
1529607600000,1529607659000,81.186,81.193,81.178,81.19,120320000,1
1529607660000,1529607719000,81.189,81.201,81.185,81.198,107550000,1
1529607720000,1529607779000,81.198,81.214,81.198,81.206,132590000,1
1529607780000,1529607839000,81.205,81.215,81.2,81.209,74430000,1
1529607840000,1529607899000,81.209,81.212,81.2,81.201,67990000,1
1529607900000,1529607959000,81.201,81.201,81.192,81.196,90220000,1
1529607960000,1529608019000,81.197,81.206,81.194,81.205,45660000,1
1529608020000,1529608079000,81.204,81.212,81.201,81.211,74690000,1
1529608080000,1529608139000,81.212,81.227,81.209,81.225,109580000,1
1529608140000,1529608199000,81.226,81.23,81.223,81.225,110020000,1
1529608200000,1529608259000,81.22,81.226,81.207,81.207,102760000,1
1529608260000,1529608319000,81.207,81.208,81.197,81.208,44250000,1
1529608320000,1529608379000,81.209,81.211,81.205,81.211,26780000,1
1529608380000,1529608439000,81.211,81.228,81.21,81.214,81960000,1
1529608440000,1529608499000,81.213,81.22,81.213,81.218,25480000,1
1529608500000,1529608559000,81.218,81.218,81.211,81.211,31780000,1
1529608560000,1529608619000,81.212,81.216,81.212,81.214,52910000,1
1529608620000,1529608679000,81.213,81.213,81.201,81.202,65670000,1
1529608680000,1529608739000,81.202,81.202,81.191,81.194,112090000,1
1529608740000,1529608799000,81.196,81.197,81.186,81.196,77230000,1
1529608800000,1529608859000,81.196,81.196,81.184,81.189,81660000,1
1529608860000,1529608919000,81.189,81.189,81.163,81.163,104590000,1
1529608920000,1529608979000,81.162,81.166,81.142,81.148,192520000,1
1529608980000,1529609039000,81.148,81.206,81.141,81.205,175830000,1
1529609040000,1529609099000,81.205,81.269,81.203,81.25,278290000,1
1529609100000,1529609159000,81.252,81.294,81.245,81.283,215040000,1
1529609160000,1529609219000,81.283,81.283,81.233,81.237,193020000,1
1529609220000,1529609279000,81.238,81.259,81.234,81.259,193570000,1
1529609280000,1529609339000,81.258,81.261,81.248,81.26,222030000,1
1529609340000,1529609399000,81.26,81.261,81.246,81.256,132650000,1
1529609400000,1529609459000,81.255,81.256,81.227,81.227,125120000,1
1529609460000,1529609519000,81.227,81.243,81.222,81.226,143800000,1
1529609520000,1529609579000,81.225,81.231,81.21,81.212,126650000,1
1529609580000,1529609639000,81.212,81.213,81.2,81.204,131910000,1
1529609640000,1529609699000,81.204,81.206,81.191,81.191,127250000,1
1529609700000,1529609759000,81.191,81.202,81.169,81.183,165640000,1
1529609760000,1529609819000,81.184,81.185,81.173,81.177,88510000,1
1529609820000,1529609879000,81.177,81.18,81.158,81.169,98520000,1
1529609880000,1529609939000,81.17,81.17,81.151,81.155,108400000,1
1529609940000,1529609999000,81.155,81.164,81.145,81.145,155980000,1
1529610000000,1529610059000,81.146,81.146,81.128,81.137,147280000,1
1529610060000,1529610119000,81.137,81.141,81.132,81.137,130760000,1
1529610120000,1529610179000,81.137,81.138,81.131,81.135,117360000,1
1529610180000,1529610239000,81.135,81.139,81.125,81.129,114680000,1
1529610240000,1529610299000,81.129,81.141,81.124,81.129,137310000,1
1529610300000,1529610359000,81.128,81.138,81.122,81.131,92250000,1
1529610360000,1529610419000,81.13,81.144,81.13,81.13,108710000,1
1529610420000,1529610479000,81.13,81.147,81.122,81.146,116360000,1
1529610480000,1529610539000,81.146,81.169,81.146,81.169,105030000,1
1529610540000,1529610599000,81.172,81.172,81.169,81.171,55260000,1
1529610600000,1529610659000,81.168,81.169,81.152,81.169,138360000,1
1529610660000,1529610719000,81.171,81.18,81.167,81.17,136820000,1
1529610720000,1529610779000,81.17,81.175,81.169,81.169,52600000,1
1529610780000,1529610839000,81.169,81.179,81.169,81.178,97970000,1
1529610840000,1529610899000,81.179,81.197,81.179,81.189,136280000,1
1529610900000,1529610959000,81.188,81.208,81.188,81.204,115370000,1
1529610960000,1529611019000,81.204,81.206,81.199,81.206,96350000,1
1529611020000,1529611079000,81.206,81.216,81.202,81.21,107580000,1
1529611080000,1529611139000,81.21,81.21,81.195,81.195,64080000,1
1529611140000,1529611199000,81.193,81.22,81.193,81.219,133320000,1
1529611200000,1529611259000,81.22,81.223,81.215,81.219,65730000,1
1529611260000,1529611319000,81.219,81.219,81.211,81.212,30830000,1
1529611320000,1529611379000,81.212,81.215,81.21,81.211,35140000,1
1529611380000,1529611439000,81.211,81.211,81.188,81.189,42830000,1
1529611440000,1529611499000,81.19,81.19,81.188,81.189,22490000,1
1529611500000,1529611559000,81.189,81.19,81.189,81.189,4740000,1
1529611560000,1529611619000,81.19,81.193,81.171,81.173,88200000,1
1529611620000,1529611679000,81.173,81.187,81.17,81.186,66020000,1
1529611680000,1529611739000,81.187,81.189,81.186,81.189,26240000,1
1529611740000,1529611799000,81.189,81.194,81.186,81.194,33610000,1
1529611800000,1529611859000,81.194,81.194,81.194,81.194,10730000,1
1529611860000,1529611919000,81.194,81.194,81.192,81.192,18590000,1
1529611920000,1529611979000,81.192,81.192,81.191,81.191,9600000,1
1529611980000,1529612039000,81.191,81.192,81.19,81.19,15920000,1
1529612040000,1529612099000,81.19,81.19,81.187,81.189,29990000,1
1529612100000,1529612159000,81.189,81.195,81.189,81.195,21320000,1
1529612160000,1529612219000,81.194,81.194,81.192,81.192,40140000,1
1529612220000,1529612279000,81.192,81.192,81.19,81.191,39900000,1
1529612280000,1529612339000,81.191,81.191,81.189,81.189,7730000,1
1529612340000,1529612399000,81.19,81.19,81.177,81.177,39980000,1
1529612400000,1529612459000,81.177,81.178,81.176,81.176,14290000,1
1529612460000,1529612519000,81.175,81.177,81.174,81.176,35000000,1
1529612520000,1529612579000,81.177,81.178,81.177,81.178,5990000,1
1529612580000,1529612639000,81.178,81.183,81.178,81.182,15750000,1
1529612640000,1529612699000,81.183,81.183,81.181,81.182,17990000,1
1529612700000,1529612759000,81.187,81.189,81.183,81.183,17850000,1
1529612760000,1529612819000,81.182,81.183,81.181,81.182,8370000,1
1529612820000,1529612879000,81.181,81.189,81.178,81.184,22360000,1
1529612880000,1529612939000,81.182,81.184,81.177,81.177,23280000,1
1529612940000,1529612999000,81.174,81.174,81.166,81.17,72190000,1
1529613000000,1529613059000,81.17,81.171,81.17,81.17,13120000,1
1529613060000,1529613119000,81.168,81.17,81.165,81.169,32820000,1
1529613120000,1529613179000,81.17,81.173,81.168,81.169,18960000,1
1529613180000,1529613239000,81.167,81.168,81.165,81.167,25560000,1
1529613240000,1529613299000,81.167,81.17,81.163,81.164,35800000,1
1529613300000,1529613359000,81.164,81.172,81.164,81.172,30590000,1
1529613360000,1529613419000,81.172,81.178,81.166,81.166,46450000,1
1529613420000,1529613479000,81.166,81.166,81.163,81.164,35170000,1
1529613480000,1529613539000,81.164,81.164,81.16,81.16,10960000,1
1529613540000,1529613599000,81.16,81.16,81.159,81.16,42380000,1
1529613600000,1529613659000,81.16,81.169,81.156,81.169,57890000,1
1529613660000,1529613719000,81.17,81.174,81.169,81.169,39420000,1
1529613720000,1529613779000,81.169,81.169,81.165,81.166,15040000,1
1529613780000,1529613839000,81.162,81.162,81.16,81.16,8370000,1
1529613840000,1529613899000,81.159,81.161,81.156,81.161,17850000,1
1529613900000,1529613959000,81.161,81.162,81.156,81.156,18760000,1
1529613960000,1529614019000,81.156,81.156,81.151,81.151,12930000,1
1529614020000,1529614079000,81.151,81.154,81.151,81.154,5680000,1
1529614080000,1529614139000,81.155,81.155,81.155,81.155,5000000,1
1529614140000,1529614199000,81.156,81.157,81.152,81.154,14690000,1
1529614200000,1529614259000,81.154,81.154,81.141,81.146,46500000,1
1529614260000,1529614319000,81.146,81.146,81.131,81.132,88050000,1
1529614320000,1529614379000,81.132,81.133,81.121,81.122,43160000,1
1529614380000,1529614439000,81.123,81.137,81.122,81.133,47780000,1
1529614440000,1529614499000,81.133,81.139,81.133,81.139,63560000,1
1529614500000,1529614559000,81.138,81.146,81.132,81.133,48780000,1
1529614560000,1529614619000,81.133,81.135,81.129,81.132,65300000,1
1529614620000,1529614679000,81.132,81.132,81.131,81.132,14720000,1
1529614680000,1529614739000,81.132,81.132,81.114,81.115,75050000,1
1529614740000,1529614799000,81.116,81.147,81.101,81.125,47560000,1
1529614800000,1529614859000,81.114,81.114,81.096,81.096,4120000,1
1529614860000,1529614919000,81.095,81.098,81.095,81.098,2250000,1
1529614920000,1529614979000,81.097,81.097,81.093,81.093,3000000,1
1529614980000,1529615039000,81.093,81.094,81.09,81.092,9750000,1
1529615040000,1529615099000,81.092,81.092,81.092,81.092,152750000,1
1529615100000,1529615159000,81.092,81.15,81.092,81.103,114250000,1
1529615160000,1529615219000,81.098,81.103,81.091,81.091,160000000,1
1529615220000,1529615279000,81.092,81.138,81.091,81.138,147250000,1
1529615280000,1529615339000,81.098,81.125,81.061,81.071,149750000,1
1529615340000,1529615399000,81.064,81.097,81.064,81.073,160000000,1
1529615400000,1529615459000,81.073,81.1,81.071,81.098,340440000,1
1529615460000,1529615519000,81.094,81.1,81.072,81.088,257750000,1
1529615520000,1529615579000,81.086,81.093,81.072,81.074,245000000,1
1529615580000,1529615639000,81.073,81.094,81.073,81.091,57500000,1
1529615640000,1529615699000,81.086,81.099,81.085,81.097,166500000,1
1529615700000,1529615759000,81.097,81.105,81.092,81.101,145500000,1
1529615760000,1529615819000,81.094,81.11,81.083,81.095,138830000,1
1529615820000,1529615879000,81.101,81.134,81.097,81.109,137650000,1
1529615880000,1529615939000,81.109,81.114,81.104,81.113,98770000,1
1529615940000,1529615999000,81.106,81.113,81.097,81.103,125460000,1
1529616000000,1529616059000,81.103,81.105,81.097,81.105,45380000,1
1529616060000,1529616119000,81.105,81.105,81.072,81.09,94950000,1
1529616120000,1529616179000,81.088,81.089,81.066,81.081,178310000,1
1529616180000,1529616239000,81.081,81.104,81.078,81.098,79750000,1
1529616240000,1529616299000,81.098,81.111,81.097,81.105,148750000,1
1529616300000,1529616359000,81.105,81.105,81.09,81.094,53950000,1
1529616360000,1529616419000,81.094,81.099,81.093,81.094,38730000,1
1529616420000,1529616479000,81.094,81.098,81.079,81.098,51970000,1
1529616480000,1529616539000,81.098,81.104,81.067,81.083,80190000,1
1529616540000,1529616599000,81.083,81.084,81.054,81.07,70730000,1
1529616600000,1529616659000,81.07,81.085,81.06,81.085,125660000,1
1529616660000,1529616719000,81.083,81.087,81.059,81.063,146200000,1
1529616720000,1529616779000,81.063,81.09,81.055,81.072,402960000,1
1529616780000,1529616839000,81.073,81.074,81.051,81.055,226310000,1
1529616840000,1529616899000,81.056,81.07,81.048,81.048,240670000,1
1529616900000,1529616959000,81.048,81.048,81.034,81.045,424460000,1
1529616960000,1529617019000,81.045,81.053,81.033,81.053,409810000,1
1529617020000,1529617079000,81.053,81.053,81.032,81.036,326200000,1
1529617080000,1529617139000,81.035,81.044,81.029,81.037,372900000,1
1529617140000,1529617199000,81.037,81.039,81.018,81.038,247020000,1
1529617200000,1529617259000,81.033,81.037,81.005,81.029,112140000,1
1529617260000,1529617319000,81.029,81.039,81.027,81.028,85560000,1
1529617320000,1529617379000,81.028,81.028,81.017,81.028,73810000,1
1529617380000,1529617439000,81.028,81.041,81.02,81.024,44010000,1
1529617440000,1529617499000,81.024,81.048,81.018,81.036,82170000,1
1529617500000,1529617559000,81.037,81.042,81.031,81.039,109590000,1
1529617560000,1529617619000,81.04,81.04,81.026,81.026,195580000,1
1529617620000,1529617679000,81.032,81.058,81.026,81.035,252920000,1
1529617680000,1529617739000,81.036,81.047,81.022,81.03,281100000,1
1529617740000,1529617799000,81.033,81.044,81.001,81.009,141950000,1
1529617800000,1529617859000,81.01,81.046,81.009,81.013,334030000,1
1529617860000,1529617919000,81.019,81.042,81.013,81.029,361930000,1
1529617920000,1529617979000,81.036,81.05,81.034,81.041,398930000,1
1529617980000,1529618039000,81.039,81.059,81.035,81.054,543090000,1
1529618040000,1529618099000,81.051,81.082,81.04,81.043,592310000,1
1529618100000,1529618159000,81.045,81.078,81.043,81.051,383930000,1
1529618160000,1529618219000,81.048,81.065,81.045,81.061,254950000,1
1529618220000,1529618279000,81.061,81.071,81.047,81.066,136110000,1
1529618280000,1529618339000,81.066,81.083,81.066,81.08,122910000,1
1529618340000,1529618399000,81.081,81.083,81.062,81.074,61450000,1
1529618400000,1529618459000,81.076,81.077,81.061,81.062,65970000,1
1529618460000,1529618519000,81.064,81.07,81.061,81.065,46160000,1
1529618520000,1529618579000,81.067,81.067,81.059,81.059,83830000,1
1529618580000,1529618639000,81.059,81.065,81.049,81.054,65170000,1
1529618640000,1529618699000,81.056,81.06,81.05,81.057,123310000,1
1529618700000,1529618759000,81.055,81.067,81.051,81.063,129580000,1
1529618760000,1529618819000,81.062,81.082,81.062,81.08,124190000,1
1529618820000,1529618879000,81.082,81.084,81.077,81.08,67230000,1
1529618880000,1529618939000,81.081,81.081,81.074,81.079,34930000,1
1529618940000,1529618999000,81.079,81.079,81.073,81.073,10310000,1
1529619000000,1529619059000,81.07,81.071,81.067,81.071,19870000,1
1529619060000,1529619119000,81.069,81.072,81.057,81.058,44320000,1
1529619120000,1529619179000,81.058,81.058,81.055,81.056,39800000,1
1529619180000,1529619239000,81.056,81.06,81.055,81.058,22630000,1
1529619240000,1529619299000,81.06,81.077,81.06,81.075,45800000,1
1529619300000,1529619359000,81.077,81.08,81.075,81.08,12750000,1
1529619360000,1529619419000,81.078,81.079,81.077,81.079,12200000,1
1529619420000,1529619479000,81.078,81.084,81.078,81.083,33450000,1
1529619480000,1529619539000,81.083,81.083,81.081,81.082,4000000,1
1529619540000,1529619599000,81.083,81.084,81.079,81.079,21320000,1
1529619600000,1529619659000,81.08,81.084,81.08,81.083,10000000,1
1529619660000,1529619719000,81.082,81.082,81.068,81.068,19000000,1
1529619720000,1529619779000,81.068,81.068,81.064,81.065,11000000,1
1529619780000,1529619839000,81.065,81.065,81.065,81.065,4000000,1
1529619840000,1529619899000,81.063,81.065,81.061,81.061,6750000,1
1529619900000,1529619959000,81.06,81.06,81.056,81.056,9250000,1
1529619960000,1529620019000,81.056,81.057,81.053,81.054,13310000,1
1529620020000,1529620079000,81.052,81.054,81.05,81.05,13060000,1
1529620080000,1529620139000,81.049,81.067,81.048,81.067,23500000,1
1529620140000,1529620199000,81.067,81.069,81.064,81.068,15880000,1
1529620200000,1529620259000,81.069,81.069,81.049,81.051,22000000,1
1529620260000,1529620319000,81.051,81.062,81.051,81.055,22750000,1
1529620320000,1529620379000,81.059,81.062,81.058,81.06,15190000,1
1529620380000,1529620439000,81.06,81.069,81.059,81.064,48580000,1
1529620440000,1529620499000,81.067,81.09,81.065,81.09,49580000,1
1529620500000,1529620559000,81.09,81.103,81.086,81.096,37570000,1
1529620560000,1529620619000,81.096,81.097,81.085,81.085,19190000,1
1529620620000,1529620679000,81.082,81.082,81.076,81.076,9620000,1
1529620680000,1529620739000,81.075,81.075,81.075,81.075,6820000,1
1529620740000,1529620799000,81.075,81.075,81.071,81.071,6120000,1
1529620800000,1529620859000,81.071,81.071,81.07,81.07,11490000,1
1529620860000,1529620919000,81.074,81.098,81.073,81.098,28250000,1
1529620920000,1529620979000,81.099,81.099,81.086,81.09,22000000,1
1529620980000,1529621039000,81.089,81.09,81.078,81.078,19000000,1
1529621040000,1529621099000,81.079,81.089,81.079,81.088,14250000,1
1529621100000,1529621159000,81.089,81.107,81.089,81.107,27190000,1
1529621160000,1529621219000,81.108,81.108,81.098,81.1,28000000,1
1529621220000,1529621279000,81.101,81.102,81.101,81.101,11000000,1
1529621280000,1529621339000,81.102,81.102,81.09,81.09,6000000,1
1529621340000,1529621399000,81.09,81.09,81.089,81.09,3000000,1
1529621400000,1529621459000,81.09,81.091,81.089,81.091,13690000,1
1529621460000,1529621519000,81.09,81.09,81.09,81.09,2690000,1
1529621520000,1529621579000,81.09,81.1,81.09,81.1,9630000,1
1529621580000,1529621639000,81.1,81.102,81.1,81.101,13500000,1
1529621640000,1529621699000,81.101,81.101,81.09,81.09,16190000,1
1529621700000,1529621759000,81.091,81.091,81.081,81.081,16510000,1
1529621760000,1529621819000,81.081,81.093,81.08,81.093,32380000,1
1529621820000,1529621879000,81.092,81.109,81.092,81.104,28190000,1
1529621880000,1529621939000,81.103,81.104,81.1,81.103,17310000,1
1529621940000,1529621999000,81.102,81.102,81.1,81.1,9000000,1
1529622000000,1529622059000,81.1,81.102,81.096,81.101,29550000,1
1529622060000,1529622119000,81.101,81.117,81.101,81.103,37970000,1
1529622120000,1529622179000,81.103,81.126,81.103,81.117,52280000,1
1529622180000,1529622239000,81.117,81.119,81.11,81.116,29310000,1
1529622240000,1529622299000,81.115,81.115,81.096,81.096,22980000,1
1529622300000,1529622359000,81.097,81.11,81.097,81.109,27440000,1
1529622360000,1529622419000,81.11,81.12,81.11,81.12,19060000,1
1529622420000,1529622479000,81.119,81.12,81.111,81.111,11950000,1
1529622480000,1529622539000,81.111,81.111,81.104,81.108,34080000,1
1529622540000,1529622599000,81.109,81.117,81.106,81.106,27450000,1
1529622600000,1529622659000,81.106,81.107,81.102,81.107,33110000,1
1529622660000,1529622719000,81.107,81.107,81.105,81.105,9410000,1
1529622720000,1529622779000,81.104,81.104,81.089,81.094,36840000,1
1529622780000,1529622839000,81.095,81.098,81.091,81.095,34640000,1
1529622840000,1529622899000,81.095,81.099,81.088,81.093,39010000,1
1529622900000,1529622959000,81.091,81.097,81.084,81.096,50630000,1
1529622960000,1529623019000,81.097,81.106,81.089,81.089,52950000,1
1529623020000,1529623079000,81.092,81.109,81.09,81.107,40010000,1
1529623080000,1529623139000,81.107,81.112,81.101,81.11,53710000,1
1529623140000,1529623199000,81.109,81.113,81.108,81.113,20500000,1
1529623200000,1529623259000,81.111,81.111,81.11,81.11,7930000,1
1529623260000,1529623319000,81.109,81.113,81.093,81.093,61580000,1
1529623320000,1529623379000,81.093,81.1,81.092,81.1,59190000,1
1529623380000,1529623439000,81.101,81.109,81.101,81.104,16310000,1
1529623440000,1529623499000,81.103,81.103,81.081,81.082,47490000,1
1529623500000,1529623559000,81.082,81.084,81.071,81.075,74570000,1
1529623560000,1529623619000,81.074,81.079,81.07,81.079,46030000,1
1529623620000,1529623679000,81.078,81.078,81.063,81.064,57110000,1
1529623680000,1529623739000,81.064,81.065,81.056,81.056,40440000,1
1529623740000,1529623799000,81.054,81.08,81.054,81.076,66110000,1
1529623800000,1529623859000,81.076,81.077,81.065,81.069,47870000,1
1529623860000,1529623919000,81.069,81.069,81.058,81.059,28540000,1
1529623920000,1529623979000,81.059,81.066,81.058,81.066,13370000,1
1529623980000,1529624039000,81.067,81.084,81.067,81.084,47250000,1
1529624040000,1529624099000,81.083,81.086,81.076,81.086,51630000,1
1529624100000,1529624159000,81.088,81.114,81.085,81.094,125610000,1
1529624160000,1529624219000,81.095,81.121,81.095,81.111,62810000,1
1529624220000,1529624279000,81.112,81.112,81.105,81.107,13750000,1
1529624280000,1529624339000,81.106,81.112,81.102,81.112,64790000,1
1529624340000,1529624399000,81.112,81.122,81.106,81.119,92810000,1
1529624400000,1529624459000,81.119,81.119,81.108,81.115,66350000,1
1529624460000,1529624519000,81.115,81.136,81.115,81.135,63550000,1
1529624520000,1529624579000,81.135,81.138,81.135,81.136,29410000,1
1529624580000,1529624639000,81.135,81.135,81.133,81.134,29310000,1
1529624640000,1529624699000,81.136,81.147,81.134,81.139,57510000,1
1529624700000,1529624759000,81.14,81.148,81.137,81.142,55820000,1
1529624760000,1529624819000,81.142,81.142,81.129,81.139,61880000,1
1529624820000,1529624879000,81.138,81.147,81.133,81.147,86090000,1
1529624880000,1529624939000,81.147,81.167,81.145,81.163,52350000,1
1529624940000,1529624999000,81.163,81.163,81.145,81.146,77340000,1
1529625000000,1529625059000,81.146,81.177,81.143,81.163,87380000,1
1529625060000,1529625119000,81.166,81.184,81.163,81.172,69050000,1
1529625120000,1529625179000,81.173,81.173,81.163,81.166,45720000,1
1529625180000,1529625239000,81.166,81.169,81.164,81.165,70470000,1
1529625240000,1529625299000,81.164,81.165,81.16,81.16,20590000,1
1529625300000,1529625359000,81.16,81.161,81.14,81.148,81670000,1
1529625360000,1529625419000,81.147,81.151,81.129,81.135,67000000,1
1529625420000,1529625479000,81.134,81.144,81.121,81.13,142230000,1
1529625480000,1529625539000,81.129,81.129,81.121,81.126,35770000,1
1529625540000,1529625599000,81.125,81.125,81.102,81.102,111530000,1
1529625600000,1529625659000,81.103,81.117,81.096,81.097,145300000,1
1529625660000,1529625719000,81.096,81.111,81.082,81.085,124110000,1
1529625720000,1529625779000,81.085,81.107,81.085,81.102,83960000,1
1529625780000,1529625839000,81.1,81.106,81.093,81.099,76770000,1
1529625840000,1529625899000,81.099,81.115,81.089,81.091,69680000,1
1529625900000,1529625959000,81.09,81.095,81.087,81.095,58000000,1
1529625960000,1529626019000,81.095,81.097,81.085,81.092,117160000,1
1529626020000,1529626079000,81.096,81.109,81.092,81.093,100070000,1
1529626080000,1529626139000,81.092,81.138,81.088,81.138,176660000,1
1529626140000,1529626199000,81.138,81.185,81.136,81.185,132610000,1
1529626200000,1529626259000,81.186,81.21,81.186,81.194,136610000,1
1529626260000,1529626319000,81.195,81.209,81.189,81.192,129610000,1
1529626320000,1529626379000,81.19,81.19,81.179,81.186,85820000,1
1529626380000,1529626439000,81.186,81.191,81.173,81.187,97520000,1
1529626440000,1529626499000,81.186,81.196,81.175,81.196,125190000,1
1529626500000,1529626559000,81.195,81.218,81.195,81.21,126600000,1
1529626560000,1529626619000,81.211,81.237,81.201,81.221,139350000,1
1529626620000,1529626679000,81.22,81.226,81.207,81.213,69120000,1
1529626680000,1529626739000,81.212,81.213,81.192,81.209,135070000,1
1529626740000,1529626799000,81.209,81.234,81.208,81.225,75470000,1
1529626800000,1529626859000,81.222,81.226,81.219,81.222,44470000,1
1529626860000,1529626919000,81.223,81.226,81.214,81.222,51570000,1
1529626920000,1529626979000,81.222,81.227,81.218,81.219,24230000,1
1529626980000,1529627039000,81.219,81.226,81.211,81.22,82250000,1
1529627040000,1529627099000,81.22,81.222,81.192,81.209,107080000,1
1529627100000,1529627159000,81.209,81.234,81.189,81.234,123440000,1
1529627160000,1529627219000,81.235,81.252,81.23,81.251,109290000,1
1529627220000,1529627279000,81.251,81.265,81.235,81.256,115010000,1
1529627280000,1529627339000,81.258,81.272,81.239,81.242,108870000,1
1529627340000,1529627399000,81.24,81.24,81.223,81.23,92320000,1
1529627400000,1529627459000,81.23,81.237,81.216,81.235,107940000,1
1529627460000,1529627519000,81.235,81.241,81.231,81.232,96820000,1
1529627520000,1529627579000,81.233,81.251,81.21,81.212,98260000,1
1529627580000,1529627639000,81.213,81.232,81.213,81.229,86210000,1
1529627640000,1529627699000,81.229,81.237,81.226,81.226,79030000,1
1529627700000,1529627759000,81.227,81.247,81.219,81.233,72390000,1
1529627760000,1529627819000,81.232,81.236,81.215,81.233,94990000,1
1529627820000,1529627879000,81.232,81.249,81.232,81.236,110330000,1
1529627880000,1529627939000,81.235,81.247,81.221,81.243,106120000,1
1529627940000,1529627999000,81.244,81.249,81.235,81.249,93640000,1
1529628000000,1529628059000,81.248,81.249,81.233,81.246,77880000,1
1529628060000,1529628119000,81.245,81.249,81.227,81.232,86750000,1
1529628120000,1529628179000,81.232,81.235,81.23,81.234,105440000,1
1529628180000,1529628239000,81.233,81.246,81.22,81.224,135250000,1
1529628240000,1529628299000,81.225,81.232,81.219,81.228,98570000,1
1529628300000,1529628359000,81.228,81.239,81.217,81.236,142200000,1
1529628360000,1529628419000,81.236,81.248,81.236,81.236,153490000,1
1529628420000,1529628479000,81.236,81.236,81.22,81.226,84790000,1
1529628480000,1529628539000,81.228,81.238,81.221,81.229,65480000,1
1529628540000,1529628599000,81.229,81.236,81.225,81.227,76170000,1
1529628600000,1529628659000,81.227,81.227,81.218,81.223,67570000,1
1529628660000,1529628719000,81.224,81.237,81.221,81.235,78430000,1
1529628720000,1529628779000,81.235,81.246,81.233,81.246,114740000,1
1529628780000,1529628839000,81.246,81.263,81.246,81.263,110710000,1
1529628840000,1529628899000,81.264,81.309,81.264,81.309,219050000,1
1529628900000,1529628959000,81.313,81.314,81.283,81.286,190060000,1
1529628960000,1529629019000,81.283,81.283,81.265,81.275,91480000,1
1529629020000,1529629079000,81.276,81.302,81.275,81.294,73510000,1
1529629080000,1529629139000,81.291,81.298,81.276,81.279,109300000,1
1529629140000,1529629199000,81.277,81.287,81.273,81.277,85200000,1
1529629200000,1529629259000,81.277,81.278,81.26,81.26,139080000,1
1529629260000,1529629319000,81.258,81.271,81.239,81.239,130240000,1
1529629320000,1529629379000,81.239,81.257,81.236,81.244,88690000,1
1529629380000,1529629439000,81.245,81.254,81.244,81.248,68080000,1
1529629440000,1529629499000,81.248,81.248,81.246,81.247,29530000,1
1529629500000,1529629559000,81.247,81.251,81.242,81.25,52310000,1
1529629560000,1529629619000,81.25,81.254,81.229,81.229,98810000,1
1529629620000,1529629679000,81.229,81.229,81.197,81.202,135340000,1
1529629680000,1529629739000,81.201,81.211,81.2,81.205,81940000,1
1529629740000,1529629799000,81.205,81.205,81.192,81.194,58970000,1
1529629800000,1529629859000,81.193,81.203,81.193,81.199,52410000,1
1529629860000,1529629919000,81.199,81.2,81.194,81.199,55610000,1
1529629920000,1529629979000,81.199,81.199,81.191,81.194,45100000,1
1529629980000,1529630039000,81.194,81.208,81.185,81.203,121230000,1
1529630040000,1529630099000,81.203,81.205,81.188,81.19,117890000,1
1529630100000,1529630159000,81.191,81.22,81.191,81.208,158100000,1
1529630160000,1529630219000,81.208,81.248,81.208,81.239,170750000,1
1529630220000,1529630279000,81.238,81.249,81.23,81.247,111660000,1
1529630280000,1529630339000,81.247,81.254,81.23,81.23,130800000,1
1529630340000,1529630399000,81.23,81.239,81.224,81.233,115690000,1
1529630400000,1529630459000,81.232,81.268,81.231,81.267,129320000,1
1529630460000,1529630519000,81.266,81.268,81.253,81.255,96970000,1
1529630520000,1529630579000,81.256,81.265,81.243,81.252,171530000,1
1529630580000,1529630639000,81.252,81.256,81.223,81.223,135590000,1
1529630640000,1529630699000,81.223,81.223,81.217,81.217,108990000,1
1529630700000,1529630759000,81.217,81.225,81.213,81.221,83400000,1
1529630760000,1529630819000,81.222,81.223,81.215,81.215,79380000,1
1529630820000,1529630879000,81.214,81.215,81.2,81.203,94210000,1
1529630880000,1529630939000,81.203,81.212,81.203,81.211,58280000,1
1529630940000,1529630999000,81.211,81.221,81.209,81.218,70170000,1
1529631000000,1529631059000,81.217,81.222,81.199,81.204,135220000,1
1529631060000,1529631119000,81.204,81.207,81.191,81.194,83190000,1
1529631120000,1529631179000,81.194,81.197,81.179,81.194,155290000,1
1529631180000,1529631239000,81.196,81.196,81.18,81.183,117880000,1
1529631240000,1529631299000,81.183,81.191,81.172,81.186,108790000,1
1529631300000,1529631359000,81.185,81.192,81.177,81.181,111970000,1
1529631360000,1529631419000,81.18,81.182,81.154,81.182,118210000,1
1529631420000,1529631479000,81.18,81.202,81.18,81.201,84390000,1
1529631480000,1529631539000,81.201,81.204,81.196,81.2,69850000,1
1529631540000,1529631599000,81.201,81.206,81.185,81.191,104120000,1
1529631600000,1529631659000,81.191,81.198,81.179,81.198,103030000,1
1529631660000,1529631719000,81.198,81.234,81.198,81.227,148410000,1
1529631720000,1529631779000,81.228,81.246,81.228,81.237,103270000,1
1529631780000,1529631839000,81.236,81.238,81.225,81.237,119700000,1
1529631840000,1529631899000,81.237,81.239,81.236,81.236,59730000,1
1529631900000,1529631959000,81.236,81.258,81.229,81.258,131560000,1
1529631960000,1529632019000,81.258,81.258,81.242,81.245,75800000,1
1529632020000,1529632079000,81.246,81.274,81.238,81.272,109760000,1
1529632080000,1529632139000,81.271,81.282,81.261,81.272,104540000,1
1529632140000,1529632199000,81.272,81.283,81.27,81.277,94790000,1
1529632200000,1529632259000,81.277,81.277,81.24,81.258,187070000,1
1529632260000,1529632319000,81.258,81.261,81.245,81.25,171400000,1
1529632320000,1529632379000,81.251,81.264,81.251,81.258,106690000,1
1529632380000,1529632439000,81.257,81.268,81.253,81.253,100150000,1
1529632440000,1529632499000,81.251,81.254,81.24,81.243,106640000,1
1529632500000,1529632559000,81.244,81.25,81.23,81.23,122830000,1
1529632560000,1529632619000,81.23,81.231,81.214,81.229,101850000,1
1529632620000,1529632679000,81.229,81.241,81.219,81.241,130150000,1
1529632680000,1529632739000,81.243,81.247,81.236,81.247,106120000,1
1529632740000,1529632799000,81.247,81.248,81.229,81.242,105240000,1
1529632800000,1529632859000,81.241,81.242,81.227,81.233,189240000,1
1529632860000,1529632919000,81.234,81.245,81.234,81.239,106050000,1
1529632920000,1529632979000,81.239,81.239,81.209,81.228,166840000,1
1529632980000,1529633039000,81.226,81.227,81.215,81.215,123290000,1
1529633040000,1529633099000,81.215,81.222,81.212,81.219,108800000,1
1529633100000,1529633159000,81.221,81.233,81.214,81.229,105270000,1
1529633160000,1529633219000,81.229,81.229,81.217,81.217,152970000,1
1529633220000,1529633279000,81.216,81.227,81.208,81.226,88800000,1
1529633280000,1529633339000,81.226,81.238,81.218,81.232,81350000,1
1529633340000,1529633399000,81.232,81.236,81.224,81.229,80410000,1
1529633400000,1529633459000,81.229,81.243,81.229,81.239,126280000,1
1529633460000,1529633519000,81.237,81.248,81.236,81.248,108010000,1
1529633520000,1529633579000,81.249,81.262,81.241,81.261,84390000,1
1529633580000,1529633639000,81.261,81.274,81.259,81.267,118610000,1
1529633640000,1529633699000,81.268,81.282,81.267,81.282,71210000,1
1529633700000,1529633759000,81.284,81.287,81.274,81.277,84420000,1
1529633760000,1529633819000,81.278,81.28,81.267,81.267,89140000,1
1529633820000,1529633879000,81.266,81.28,81.255,81.274,118120000,1
1529633880000,1529633939000,81.272,81.274,81.257,81.267,132890000,1
1529633940000,1529633999000,81.267,81.274,81.266,81.27,84230000,1
1529634000000,1529634059000,81.27,81.27,81.249,81.255,125860000,1
1529634060000,1529634119000,81.255,81.264,81.255,81.263,81550000,1
1529634120000,1529634179000,81.263,81.264,81.247,81.252,60510000,1
1529634180000,1529634239000,81.253,81.253,81.238,81.244,55750000,1
1529634240000,1529634299000,81.243,81.245,81.237,81.243,56620000,1
1529634300000,1529634359000,81.243,81.265,81.243,81.264,66430000,1
1529634360000,1529634419000,81.264,81.264,81.248,81.254,63230000,1
1529634420000,1529634479000,81.254,81.254,81.241,81.248,66400000,1
1529634480000,1529634539000,81.247,81.25,81.236,81.25,58350000,1
1529634540000,1529634599000,81.251,81.254,81.242,81.253,31250000,1
1529634600000,1529634659000,81.253,81.254,81.237,81.237,67630000,1
1529634660000,1529634719000,81.238,81.243,81.237,81.238,32990000,1
1529634720000,1529634779000,81.237,81.241,81.227,81.236,82580000,1
1529634780000,1529634839000,81.236,81.248,81.236,81.247,37800000,1
1529634840000,1529634899000,81.248,81.248,81.217,81.22,80440000,1
1529634900000,1529634959000,81.219,81.22,81.206,81.206,60960000,1
1529634960000,1529635019000,81.207,81.217,81.203,81.208,76940000,1
1529635020000,1529635079000,81.207,81.237,81.205,81.237,62800000,1
1529635080000,1529635139000,81.237,81.237,81.215,81.219,47560000,1
1529635140000,1529635199000,81.217,81.218,81.208,81.208,41560000,1
1529635200000,1529635259000,81.21,81.229,81.21,81.217,50500000,1
1529635260000,1529635319000,81.217,81.229,81.217,81.227,48300000,1
1529635320000,1529635379000,81.226,81.226,81.218,81.222,35370000,1
1529635380000,1529635439000,81.222,81.227,81.21,81.215,57930000,1
1529635440000,1529635499000,81.215,81.227,81.21,81.223,58680000,1
1529635500000,1529635559000,81.222,81.237,81.222,81.237,37870000,1
1529635560000,1529635619000,81.237,81.254,81.237,81.248,46140000,1
1529635620000,1529635679000,81.248,81.259,81.243,81.259,56550000,1
1529635680000,1529635739000,81.261,81.269,81.256,81.266,63510000,1
1529635740000,1529635799000,81.266,81.266,81.264,81.266,23170000,1
1529635800000,1529635859000,81.267,81.282,81.267,81.267,96610000,1
1529635860000,1529635919000,81.266,81.271,81.249,81.267,116700000,1
1529635920000,1529635979000,81.269,81.275,81.257,81.263,109640000,1
1529635980000,1529636039000,81.264,81.268,81.257,81.257,65310000,1
1529636040000,1529636099000,81.258,81.267,81.258,81.261,101790000,1
1529636100000,1529636159000,81.261,81.274,81.249,81.274,144740000,1
1529636160000,1529636219000,81.274,81.276,81.268,81.273,72840000,1
1529636220000,1529636279000,81.272,81.291,81.27,81.291,96920000,1
1529636280000,1529636339000,81.289,81.289,81.275,81.28,80920000,1
1529636340000,1529636399000,81.28,81.285,81.276,81.281,70260000,1
1529636400000,1529636459000,81.282,81.294,81.279,81.279,84930000,1
1529636460000,1529636519000,81.28,81.293,81.28,81.29,102180000,1
1529636520000,1529636579000,81.29,81.304,81.289,81.289,54600000,1
1529636580000,1529636639000,81.289,81.303,81.288,81.303,39360000,1
1529636640000,1529636699000,81.304,81.319,81.298,81.316,63900000,1
1529636700000,1529636759000,81.317,81.328,81.315,81.315,68650000,1
1529636760000,1529636819000,81.315,81.331,81.315,81.328,55810000,1
1529636820000,1529636879000,81.329,81.333,81.326,81.332,51190000,1
1529636880000,1529636939000,81.333,81.347,81.333,81.345,111790000,1
1529636940000,1529636999000,81.345,81.349,81.34,81.34,71730000,1
1529637000000,1529637059000,81.339,81.343,81.331,81.336,96680000,1
1529637060000,1529637119000,81.336,81.342,81.333,81.334,71890000,1
1529637120000,1529637179000,81.337,81.338,81.325,81.326,96740000,1
1529637180000,1529637239000,81.326,81.336,81.326,81.335,60090000,1
1529637240000,1529637299000,81.335,81.354,81.327,81.354,102480000,1
1529637300000,1529637359000,81.354,81.356,81.342,81.342,63920000,1
1529637360000,1529637419000,81.342,81.351,81.335,81.337,75550000,1
1529637420000,1529637479000,81.336,81.345,81.333,81.337,33020000,1
1529637480000,1529637539000,81.337,81.339,81.325,81.329,2460180000,1
1529637540000,1529637599000,81.328,81.333,81.324,81.329,2059690000,1
1529637600000,1529637659000,81.329,81.332,81.329,81.33,58400000,1
1529637660000,1529637719000,81.33,81.342,81.327,81.338,67160000,1
1529637720000,1529637779000,81.338,81.35,81.338,81.341,65680000,1
1529637780000,1529637839000,81.341,81.341,81.329,81.33,59750000,1
1529637840000,1529637899000,81.329,81.333,81.324,81.332,72650000,1
1529637900000,1529637959000,81.331,81.336,81.331,81.332,67160000,1
1529637960000,1529638019000,81.332,81.332,81.318,81.319,61540000,1
1529638020000,1529638079000,81.32,81.326,81.318,81.319,91960000,1
1529638080000,1529638139000,81.32,81.325,81.318,81.321,47290000,1
1529638140000,1529638199000,81.321,81.324,81.321,81.323,24380000,1
1529638200000,1529638259000,81.322,81.333,81.321,81.327,103620000,1
1529638260000,1529638319000,81.327,81.33,81.313,81.33,121410000,1
1529638320000,1529638379000,81.33,81.331,81.309,81.313,76890000,1
1529638380000,1529638439000,81.315,81.327,81.315,81.317,58510000,1
1529638440000,1529638499000,81.317,81.33,81.317,81.33,51200000,1
1529638500000,1529638559000,81.33,81.33,81.284,81.284,95850000,1
1529638560000,1529638619000,81.285,81.288,81.256,81.265,87650000,1
1529638620000,1529638679000,81.264,81.271,81.252,81.27,95670000,1
1529638680000,1529638739000,81.271,81.287,81.268,81.287,90540000,1
1529638740000,1529638799000,81.288,81.289,81.277,81.285,83930000,1
1529638800000,1529638859000,81.285,81.286,81.275,81.282,73630000,1
1529638860000,1529638919000,81.283,81.285,81.263,81.264,104690000,1
1529638920000,1529638979000,81.263,81.276,81.253,81.274,55840000,1
1529638980000,1529639039000,81.274,81.274,81.265,81.265,26180000,1
1529639040000,1529639099000,81.264,81.28,81.263,81.278,69880000,1
1529639100000,1529639159000,81.279,81.285,81.273,81.273,77990000,1
1529639160000,1529639219000,81.271,81.275,81.261,81.264,90060000,1
1529639220000,1529639279000,81.264,81.275,81.252,81.275,108030000,1
1529639280000,1529639339000,81.274,81.274,81.261,81.269,75870000,1
1529639340000,1529639399000,81.27,81.279,81.27,81.277,74640000,1
1529639400000,1529639459000,81.277,81.278,81.256,81.26,100530000,1
1529639460000,1529639519000,81.259,81.271,81.259,81.271,80310000,1
1529639520000,1529639579000,81.27,81.292,81.27,81.292,50000000,1
1529639580000,1529639639000,81.292,81.304,81.287,81.301,79160000,1
1529639640000,1529639699000,81.299,81.311,81.298,81.31,69040000,1
1529639700000,1529639759000,81.31,81.33,81.3,81.33,76880000,1
1529639760000,1529639819000,81.33,81.332,81.316,81.316,65720000,1
1529639820000,1529639879000,81.317,81.324,81.31,81.312,103820000,1
1529639880000,1529639939000,81.313,81.343,81.313,81.339,64650000,1
1529639940000,1529639999000,81.339,81.339,81.331,81.336,39530000,1
1529640000000,1529640059000,81.334,81.338,81.321,81.329,62100000,1
1529640060000,1529640119000,81.331,81.339,81.331,81.332,53030000,1
1529640120000,1529640179000,81.331,81.34,81.331,81.336,31380000,1
1529640180000,1529640239000,81.335,81.337,81.327,81.337,74880000,1
1529640240000,1529640299000,81.336,81.339,81.333,81.339,45410000,1
1529640300000,1529640359000,81.338,81.338,81.326,81.328,42950000,1
1529640360000,1529640419000,81.328,81.331,81.328,81.329,35920000,1
1529640420000,1529640479000,81.328,81.329,81.316,81.319,50540000,1
1529640480000,1529640539000,81.319,81.319,81.313,81.313,33040000,1
1529640540000,1529640599000,81.313,81.316,81.309,81.309,54100000,1
1529640600000,1529640659000,81.311,81.312,81.306,81.311,34000000,1
1529640660000,1529640719000,81.311,81.315,81.303,81.306,38780000,1
1529640720000,1529640779000,81.307,81.317,81.307,81.314,42230000,1
1529640780000,1529640839000,81.314,81.32,81.308,81.318,46770000,1
1529640840000,1529640899000,81.317,81.332,81.309,81.331,74210000,1
1529640900000,1529640959000,81.33,81.332,81.326,81.33,31060000,1
1529640960000,1529641019000,81.33,81.33,81.321,81.322,46480000,1
1529641020000,1529641079000,81.322,81.322,81.31,81.31,39170000,1
1529641080000,1529641139000,81.31,81.31,81.305,81.309,58440000,1
1529641140000,1529641199000,81.31,81.32,81.305,81.32,83060000,1
1529641200000,1529641259000,81.32,81.323,81.314,81.315,44170000,1
1529641260000,1529641319000,81.316,81.323,81.316,81.322,27350000,1
1529641320000,1529641379000,81.322,81.322,81.315,81.316,54480000,1
1529641380000,1529641439000,81.314,81.337,81.314,81.337,90430000,1
1529641440000,1529641499000,81.337,81.339,81.337,81.339,33690000,1
1529641500000,1529641559000,81.34,81.34,81.326,81.326,59710000,1
1529641560000,1529641619000,81.325,81.338,81.322,81.336,60310000,1
1529641620000,1529641679000,81.336,81.337,81.334,81.335,24310000,1
1529641680000,1529641739000,81.335,81.336,81.327,81.329,38600000,1
1529641740000,1529641799000,81.328,81.346,81.328,81.342,71290000,1
1529641800000,1529641859000,81.343,81.343,81.333,81.333,32260000,1
1529641860000,1529641919000,81.332,81.334,81.327,81.329,41790000,1
1529641920000,1529641979000,81.326,81.332,81.325,81.33,48990000,1
1529641980000,1529642039000,81.331,81.346,81.331,81.343,40620000,1
1529642040000,1529642099000,81.345,81.345,81.332,81.332,40060000,1
1529642100000,1529642159000,81.333,81.336,81.33,81.332,25450000,1
1529642160000,1529642219000,81.333,81.339,81.325,81.325,29500000,1
1529642220000,1529642279000,81.325,81.332,81.323,81.323,60340000,1
1529642280000,1529642339000,81.322,81.327,81.322,81.322,45870000,1
1529642340000,1529642399000,81.323,81.33,81.322,81.326,56370000,1
1529642400000,1529642459000,81.326,81.334,81.326,81.332,26800000,1
1529642460000,1529642519000,81.333,81.335,81.327,81.331,42530000,1
1529642520000,1529642579000,81.33,81.33,81.323,81.324,22890000,1
1529642580000,1529642639000,81.326,81.334,81.323,81.326,49430000,1
1529642640000,1529642699000,81.327,81.33,81.326,81.327,29490000,1
1529642700000,1529642759000,81.326,81.333,81.325,81.332,46230000,1
1529642760000,1529642819000,81.332,81.342,81.331,81.336,72650000,1
1529642820000,1529642879000,81.336,81.34,81.334,81.337,73610000,1
1529642880000,1529642939000,81.336,81.337,81.33,81.33,41770000,1
1529642940000,1529642999000,81.329,81.338,81.328,81.328,43560000,1
1529643000000,1529643059000,81.328,81.332,81.325,81.332,33670000,1
1529643060000,1529643119000,81.332,81.339,81.33,81.334,79970000,1
1529643120000,1529643179000,81.335,81.339,81.335,81.339,70440000,1
1529643180000,1529643239000,81.341,81.348,81.333,81.336,95520000,1
1529643240000,1529643299000,81.336,81.336,81.313,81.315,105930000,1
1529643300000,1529643359000,81.316,81.318,81.306,81.307,71800000,1
1529643360000,1529643419000,81.307,81.31,81.305,81.305,37850000,1
1529643420000,1529643479000,81.305,81.324,81.299,81.321,114820000,1
1529643480000,1529643539000,81.321,81.342,81.312,81.342,59540000,1
1529643540000,1529643599000,81.342,81.369,81.342,81.368,63350000,1
1529643600000,1529643659000,81.367,81.379,81.356,81.36,161870000,1
1529643660000,1529643719000,81.359,81.365,81.347,81.355,121590000,1
1529643720000,1529643779000,81.357,81.361,81.35,81.356,93980000,1
1529643780000,1529643839000,81.356,81.367,81.351,81.361,92290000,1
1529643840000,1529643899000,81.361,81.372,81.36,81.363,106100000,1
1529643900000,1529643959000,81.364,81.365,81.349,81.36,113120000,1
1529643960000,1529644019000,81.36,81.367,81.357,81.366,45270000,1
1529644020000,1529644079000,81.365,81.369,81.363,81.365,75710000,1
1529644080000,1529644139000,81.362,81.364,81.352,81.352,49090000,1
1529644140000,1529644199000,81.352,81.388,81.35,81.387,75770000,1
1529644200000,1529644259000,81.391,81.398,81.38,81.398,112480000,1
1529644260000,1529644319000,81.398,81.412,81.397,81.406,88930000,1
1529644320000,1529644379000,81.405,81.411,81.401,81.402,62190000,1
1529644380000,1529644439000,81.401,81.406,81.397,81.399,41870000,1
1529644440000,1529644499000,81.4,81.404,81.389,81.391,57180000,1
1529644500000,1529644559000,81.389,81.394,81.377,81.394,119460000,1
1529644560000,1529644619000,81.395,81.397,81.37,81.37,91200000,1
1529644620000,1529644679000,81.37,81.384,81.367,81.381,95190000,1
1529644680000,1529644739000,81.381,81.39,81.379,81.387,62510000,1
1529644740000,1529644799000,81.387,81.394,81.387,81.39,87320000,1
1529644800000,1529644859000,81.39,81.39,81.374,81.381,99250000,1
1529644860000,1529644919000,81.381,81.388,81.381,81.386,57040000,1
1529644920000,1529644979000,81.386,81.394,81.382,81.383,89120000,1
1529644980000,1529645039000,81.383,81.389,81.377,81.379,69190000,1
1529645040000,1529645099000,81.38,81.386,81.373,81.381,69950000,1
1529645100000,1529645159000,81.381,81.394,81.381,81.386,82530000,1
1529645160000,1529645219000,81.385,81.391,81.382,81.387,54230000,1
1529645220000,1529645279000,81.387,81.395,81.387,81.395,40430000,1
1529645280000,1529645339000,81.395,81.408,81.391,81.403,70350000,1
1529645340000,1529645399000,81.402,81.419,81.395,81.413,82000000,1
1529645400000,1529645459000,81.413,81.418,81.405,81.415,124040000,1
1529645460000,1529645519000,81.415,81.416,81.375,81.389,191570000,1
1529645520000,1529645579000,81.389,81.408,81.384,81.391,98520000,1
1529645580000,1529645639000,81.391,81.391,81.349,81.35,104120000,1
1529645640000,1529645699000,81.352,81.362,81.351,81.362,86180000,1
1529645700000,1529645759000,81.362,81.362,81.34,81.346,87140000,1
1529645760000,1529645819000,81.347,81.351,81.343,81.351,37320000,1
1529645820000,1529645879000,81.352,81.374,81.352,81.37,86340000,1
1529645880000,1529645939000,81.366,81.368,81.341,81.341,123720000,1
1529645940000,1529645999000,81.341,81.341,81.307,81.309,125690000,1
1529646000000,1529646059000,81.31,81.331,81.307,81.325,88320000,1
1529646060000,1529646119000,81.325,81.325,81.298,81.298,105020000,1
1529646120000,1529646179000,81.3,81.323,81.3,81.322,56580000,1
1529646180000,1529646239000,81.322,81.325,81.316,81.322,49510000,1
1529646240000,1529646299000,81.322,81.329,81.317,81.329,66250000,1
1529646300000,1529646359000,81.328,81.336,81.316,81.325,129370000,1
1529646360000,1529646419000,81.325,81.335,81.319,81.334,55060000,1
1529646420000,1529646479000,81.332,81.332,81.319,81.321,62660000,1
1529646480000,1529646539000,81.32,81.338,81.32,81.336,42000000,1
1529646540000,1529646599000,81.337,81.349,81.337,81.344,74830000,1
1529646600000,1529646659000,81.346,81.346,81.336,81.339,75570000,1
1529646660000,1529646719000,81.342,81.349,81.34,81.345,100260000,1
1529646720000,1529646779000,81.344,81.344,81.333,81.34,84070000,1
1529646780000,1529646839000,81.342,81.345,81.337,81.345,53120000,1
1529646840000,1529646899000,81.346,81.346,81.327,81.329,110080000,1
1529646900000,1529646959000,81.329,81.351,81.329,81.351,46240000,1
1529646960000,1529647019000,81.351,81.358,81.343,81.358,76420000,1
1529647020000,1529647079000,81.358,81.364,81.351,81.362,78650000,1
1529647080000,1529647139000,81.363,81.364,81.356,81.364,34960000,1
1529647140000,1529647199000,81.365,81.366,81.358,81.36,57170000,1
1529647200000,1529647259000,81.363,81.37,81.351,81.363,87030000,1
1529647260000,1529647319000,81.362,81.362,81.324,81.324,153750000,1
1529647320000,1529647379000,81.324,81.324,81.294,81.294,125180000,1
1529647380000,1529647439000,81.299,81.306,81.289,81.303,126240000,1
1529647440000,1529647499000,81.304,81.308,81.302,81.307,63090000,1
1529647500000,1529647559000,81.306,81.315,81.299,81.313,68670000,1
1529647560000,1529647619000,81.312,81.312,81.288,81.29,110910000,1
1529647620000,1529647679000,81.288,81.304,81.288,81.293,90940000,1
1529647680000,1529647739000,81.295,81.314,81.291,81.311,116610000,1
1529647740000,1529647799000,81.311,81.316,81.296,81.314,134530000,1
1529647800000,1529647859000,81.315,81.316,81.306,81.309,72180000,1
1529647860000,1529647919000,81.309,81.309,81.296,81.303,90820000,1
1529647920000,1529647979000,81.302,81.312,81.298,81.307,78580000,1
1529647980000,1529648039000,81.307,81.313,81.304,81.313,74940000,1
1529648040000,1529648099000,81.314,81.325,81.313,81.317,150290000,1
1529648100000,1529648159000,81.317,81.317,81.304,81.314,120140000,1
1529648160000,1529648219000,81.316,81.317,81.314,81.315,38490000,1
1529648220000,1529648279000,81.315,81.343,81.314,81.336,135640000,1
1529648280000,1529648339000,81.335,81.352,81.329,81.343,98620000,1
1529648340000,1529648399000,81.342,81.348,81.341,81.346,46590000,1
1529648400000,1529648459000,81.347,81.347,81.336,81.343,76320000,1
1529648460000,1529648519000,81.342,81.348,81.338,81.345,109760000,1
1529648520000,1529648579000,81.346,81.36,81.344,81.35,100150000,1
1529648580000,1529648639000,81.349,81.357,81.346,81.357,135750000,1
1529648640000,1529648699000,81.357,81.368,81.357,81.367,92160000,1
1529648700000,1529648759000,81.367,81.367,81.352,81.354,123930000,1
1529648760000,1529648819000,81.354,81.369,81.351,81.362,95060000,1
1529648820000,1529648879000,81.361,81.361,81.339,81.34,91070000,1
1529648880000,1529648939000,81.34,81.36,81.34,81.36,132100000,1
1529648940000,1529648999000,81.359,81.371,81.355,81.371,125790000,1
1529649000000,1529649059000,81.371,81.404,81.371,81.382,150010000,1
1529649060000,1529649119000,81.382,81.401,81.38,81.401,105630000,1
1529649120000,1529649179000,81.4,81.402,81.369,81.371,71520000,1
1529649180000,1529649239000,81.372,81.391,81.372,81.389,96110000,1
1529649240000,1529649299000,81.389,81.403,81.383,81.397,155480000,1
1529649300000,1529649359000,81.397,81.4,81.385,81.389,101810000,1
1529649360000,1529649419000,81.39,81.395,81.378,81.392,97770000,1
1529649420000,1529649479000,81.397,81.412,81.397,81.407,117010000,1
1529649480000,1529649539000,81.407,81.408,81.393,81.397,186510000,1
1529649540000,1529649599000,81.396,81.396,81.39,81.392,96860000,1
1529649600000,1529649659000,81.394,81.403,81.388,81.398,166340000,1
1529649660000,1529649719000,81.399,81.4,81.39,81.39,138250000,1
1529649720000,1529649779000,81.39,81.396,81.387,81.391,104080000,1
1529649780000,1529649839000,81.395,81.398,81.38,81.38,78390000,1
1529649840000,1529649899000,81.381,81.4,81.381,81.396,83260000,1
1529649900000,1529649959000,81.395,81.396,81.37,81.376,93590000,1
1529649960000,1529650019000,81.375,81.375,81.366,81.371,72040000,1
1529650020000,1529650079000,81.37,81.373,81.367,81.373,62850000,1
1529650080000,1529650139000,81.373,81.376,81.366,81.366,65170000,1
1529650140000,1529650199000,81.366,81.377,81.365,81.377,64930000,1
1529650200000,1529650259000,81.377,81.394,81.377,81.389,97840000,1
1529650260000,1529650319000,81.389,81.395,81.366,81.366,130420000,1
1529650320000,1529650379000,81.366,81.373,81.366,81.368,96920000,1
1529650380000,1529650439000,81.369,81.382,81.366,81.374,104410000,1
1529650440000,1529650499000,81.374,81.375,81.366,81.366,86770000,1
1529650500000,1529650559000,81.367,81.37,81.365,81.366,38310000,1
1529650560000,1529650619000,81.367,81.367,81.355,81.358,65770000,1
1529650620000,1529650679000,81.358,81.364,81.351,81.353,80950000,1
1529650680000,1529650739000,81.353,81.387,81.353,81.387,103760000,1
1529650740000,1529650799000,81.387,81.387,81.358,81.37,108530000,1
1529650800000,1529650859000,81.371,81.445,81.345,81.415,324940000,1
1529650860000,1529650919000,81.418,81.475,81.418,81.446,312360000,1
1529650920000,1529650979000,81.446,81.48,81.438,81.472,222480000,1
1529650980000,1529651039000,81.471,81.504,81.471,81.5,209520000,1
1529651040000,1529651099000,81.497,81.501,81.482,81.496,153290000,1
1529651100000,1529651159000,81.496,81.566,81.495,81.564,244320000,1
1529651160000,1529651219000,81.566,81.574,81.527,81.549,183000000,1
1529651220000,1529651279000,81.549,81.554,81.512,81.515,178550000,1
1529651280000,1529651339000,81.516,81.552,81.516,81.546,187670000,1
1529651340000,1529651399000,81.544,81.546,81.529,81.533,193810000,1
1529651400000,1529651459000,81.534,81.538,81.523,81.526,116300000,1
1529651460000,1529651519000,81.526,81.529,81.508,81.512,182870000,1
1529651520000,1529651579000,81.511,81.518,81.504,81.512,120720000,1
1529651580000,1529651639000,81.512,81.53,81.512,81.53,71500000,1
1529651640000,1529651699000,81.533,81.583,81.532,81.575,178000000,1
1529651700000,1529651759000,81.574,81.584,81.562,81.571,163660000,1
1529651760000,1529651819000,81.571,81.585,81.562,81.572,141790000,1
1529651820000,1529651879000,81.571,81.581,81.562,81.568,157430000,1
1529651880000,1529651939000,81.57,81.57,81.551,81.551,113260000,1
1529651940000,1529651999000,81.553,81.554,81.528,81.531,124860000,1
1529652000000,1529652059000,81.531,81.55,81.531,81.545,145580000,1
1529652060000,1529652119000,81.544,81.548,81.531,81.544,160730000,1
1529652120000,1529652179000,81.545,81.567,81.545,81.567,108840000,1
1529652180000,1529652239000,81.566,81.566,81.552,81.564,109880000,1
1529652240000,1529652299000,81.565,81.588,81.563,81.584,153370000,1
1529652300000,1529652359000,81.582,81.605,81.58,81.602,151860000,1
1529652360000,1529652419000,81.602,81.603,81.581,81.583,95640000,1
1529652420000,1529652479000,81.583,81.586,81.577,81.586,119960000,1
1529652480000,1529652539000,81.586,81.59,81.582,81.59,68110000,1
1529652540000,1529652599000,81.591,81.605,81.59,81.592,39500000,1
1529652600000,1529652659000,81.592,81.671,81.587,81.663,204640000,1
1529652660000,1529652719000,81.663,81.673,81.661,81.673,117450000,1
1529652720000,1529652779000,81.674,81.692,81.66,81.663,184650000,1
1529652780000,1529652839000,81.662,81.665,81.642,81.642,174380000,1
1529652840000,1529652899000,81.642,81.649,81.636,81.644,94030000,1
1529652900000,1529652959000,81.645,81.668,81.645,81.668,112060000,1
1529652960000,1529653019000,81.667,81.667,81.645,81.666,118830000,1
1529653020000,1529653079000,81.666,81.669,81.643,81.654,159770000,1
1529653080000,1529653139000,81.655,81.655,81.577,81.579,146210000,1
1529653140000,1529653199000,81.58,81.62,81.58,81.62,141110000,1
1529653200000,1529653259000,81.619,81.619,81.59,81.593,147150000,1
1529653260000,1529653319000,81.594,81.602,81.582,81.592,154300000,1
1529653320000,1529653379000,81.593,81.593,81.573,81.574,161050000,1
1529653380000,1529653439000,81.57,81.578,81.566,81.57,130960000,1
1529653440000,1529653499000,81.571,81.582,81.571,81.58,82560000,1
1529653500000,1529653559000,81.581,81.59,81.575,81.58,130380000,1
1529653560000,1529653619000,81.58,81.584,81.57,81.579,132020000,1
1529653620000,1529653679000,81.579,81.582,81.567,81.571,87250000,1
1529653680000,1529653739000,81.571,81.592,81.57,81.57,143470000,1
1529653740000,1529653799000,81.569,81.573,81.563,81.567,97470000,1
1529653800000,1529653859000,81.566,81.582,81.557,81.574,133790000,1
1529653860000,1529653919000,81.575,81.612,81.571,81.608,117140000,1
1529653920000,1529653979000,81.605,81.621,81.593,81.618,120530000,1
1529653980000,1529654039000,81.617,81.624,81.61,81.617,81370000,1
1529654040000,1529654099000,81.617,81.632,81.613,81.632,129980000,1
1529654100000,1529654159000,81.631,81.631,81.62,81.625,107300000,1
1529654160000,1529654219000,81.626,81.629,81.616,81.629,86770000,1
1529654220000,1529654279000,81.63,81.644,81.63,81.643,63260000,1
1529654280000,1529654339000,81.642,81.651,81.642,81.644,73940000,1
1529654340000,1529654399000,81.645,81.647,81.626,81.626,96810000,1
1529654400000,1529654459000,81.624,81.656,81.616,81.654,118460000,1
1529654460000,1529654519000,81.656,81.659,81.609,81.609,130760000,1
1529654520000,1529654579000,81.608,81.61,81.591,81.607,142230000,1
1529654580000,1529654639000,81.608,81.627,81.608,81.61,145980000,1
1529654640000,1529654699000,81.611,81.613,81.608,81.611,58170000,1
1529654700000,1529654759000,81.612,81.622,81.603,81.622,131830000,1
1529654760000,1529654819000,81.623,81.647,81.623,81.641,113220000,1
1529654820000,1529654879000,81.64,81.665,81.637,81.665,142040000,1
1529654880000,1529654939000,81.665,81.665,81.656,81.664,148980000,1
1529654940000,1529654999000,81.665,81.674,81.659,81.67,149860000,1
1529655000000,1529655059000,81.668,81.709,81.667,81.707,168120000,1
1529655060000,1529655119000,81.709,81.713,81.688,81.7,126640000,1
1529655120000,1529655179000,81.699,81.699,81.678,81.679,106280000,1
1529655180000,1529655239000,81.679,81.695,81.677,81.695,114130000,1
1529655240000,1529655299000,81.696,81.709,81.678,81.679,134200000,1
1529655300000,1529655359000,81.679,81.681,81.672,81.677,89180000,1
1529655360000,1529655419000,81.677,81.683,81.669,81.683,100840000,1
1529655420000,1529655479000,81.684,81.684,81.665,81.674,148170000,1
1529655480000,1529655539000,81.677,81.689,81.674,81.686,121470000,1
1529655540000,1529655599000,81.688,81.719,81.688,81.717,133020000,1
1529655600000,1529655659000,81.717,81.735,81.715,81.728,109440000,1
1529655660000,1529655719000,81.73,81.747,81.73,81.734,111150000,1
1529655720000,1529655779000,81.734,81.742,81.73,81.742,95040000,1
1529655780000,1529655839000,81.743,81.744,81.734,81.734,74170000,1
1529655840000,1529655899000,81.734,81.737,81.712,81.717,87690000,1
1529655900000,1529655959000,81.717,81.746,81.715,81.74,116840000,1
1529655960000,1529656019000,81.739,81.741,81.734,81.735,58100000,1
1529656020000,1529656079000,81.734,81.749,81.729,81.745,135760000,1
1529656080000,1529656139000,81.742,81.745,81.737,81.742,103800000,1
1529656140000,1529656199000,81.741,81.741,81.715,81.719,120930000,1
1529656200000,1529656259000,81.717,81.721,81.702,81.708,120400000,1
1529656260000,1529656319000,81.708,81.708,81.688,81.688,121060000,1
1529656320000,1529656379000,81.688,81.698,81.688,81.69,69950000,1
1529656380000,1529656439000,81.689,81.698,81.686,81.691,99710000,1
1529656440000,1529656499000,81.691,81.703,81.691,81.699,113990000,1
1529656500000,1529656559000,81.703,81.703,81.683,81.69,63870000,1
1529656560000,1529656619000,81.689,81.72,81.689,81.719,113620000,1
1529656620000,1529656679000,81.718,81.723,81.714,81.722,72720000,1
1529656680000,1529656739000,81.723,81.723,81.702,81.715,145630000,1
1529656740000,1529656799000,81.715,81.715,81.704,81.712,82730000,1
1529656800000,1529656859000,81.713,81.722,81.711,81.714,183650000,1
1529656860000,1529656919000,81.715,81.723,81.713,81.72,127660000,1
1529656920000,1529656979000,81.721,81.74,81.721,81.74,106310000,1
1529656980000,1529657039000,81.739,81.748,81.735,81.745,138690000,1
1529657040000,1529657099000,81.743,81.762,81.743,81.756,82520000,1
1529657100000,1529657159000,81.756,81.756,81.736,81.737,100580000,1
1529657160000,1529657219000,81.736,81.754,81.736,81.754,86600000,1
1529657220000,1529657279000,81.754,81.76,81.75,81.759,84210000,1
1529657280000,1529657339000,81.759,81.772,81.758,81.772,95220000,1
1529657340000,1529657399000,81.772,81.774,81.764,81.765,90330000,1
1529657400000,1529657459000,81.766,81.767,81.752,81.763,177690000,1
1529657460000,1529657519000,81.761,81.773,81.761,81.771,114310000,1
1529657520000,1529657579000,81.771,81.772,81.751,81.756,166650000,1
1529657580000,1529657639000,81.756,81.76,81.751,81.754,158150000,1
1529657640000,1529657699000,81.754,81.769,81.754,81.764,76890000,1
1529657700000,1529657759000,81.765,81.791,81.763,81.79,154620000,1
1529657760000,1529657819000,81.79,81.811,81.787,81.804,196350000,1
1529657820000,1529657879000,81.806,81.809,81.798,81.809,158950000,1
1529657880000,1529657939000,81.809,81.815,81.799,81.815,151880000,1
1529657940000,1529657999000,81.815,81.825,81.814,81.814,128120000,1
1529658000000,1529658059000,81.814,81.82,81.795,81.82,202620000,1
1529658060000,1529658119000,81.82,81.821,81.791,81.794,119060000,1
1529658120000,1529658179000,81.793,81.794,81.785,81.792,106970000,1
1529658180000,1529658239000,81.794,81.836,81.794,81.819,125390000,1
1529658240000,1529658299000,81.818,81.818,81.808,81.81,137750000,1
1529658300000,1529658359000,81.81,81.813,81.81,81.813,148770000,1
1529658360000,1529658419000,81.812,81.813,81.78,81.787,163980000,1
1529658420000,1529658479000,81.788,81.872,81.788,81.872,209200000,1
1529658480000,1529658539000,81.874,81.88,81.869,81.88,107660000,1
1529658540000,1529658599000,81.877,81.894,81.854,81.893,210450000,1
1529658600000,1529658659000,81.89,81.89,81.866,81.87,181980000,1
1529658660000,1529658719000,81.871,81.875,81.866,81.87,254190000,1
1529658720000,1529658779000,81.87,81.882,81.868,81.872,222650000,1
1529658780000,1529658839000,81.872,81.876,81.865,81.868,142990000,1
1529658840000,1529658899000,81.868,81.876,81.859,81.869,107910000,1
1529658900000,1529658959000,81.87,81.894,81.869,81.876,188600000,1
1529658960000,1529659019000,81.876,81.884,81.869,81.881,151790000,1
1529659020000,1529659079000,81.879,81.879,81.869,81.87,125420000,1
1529659080000,1529659139000,81.87,81.876,81.87,81.873,73520000,1
1529659140000,1529659199000,81.873,81.876,81.867,81.868,91820000,1
1529659200000,1529659259000,81.868,81.878,81.868,81.875,84190000,1
1529659260000,1529659319000,81.877,81.879,81.866,81.867,45170000,1
1529659320000,1529659379000,81.867,81.876,81.858,81.873,107680000,1
1529659380000,1529659439000,81.874,81.898,81.859,81.883,135400000,1
1529659440000,1529659499000,81.881,81.889,81.879,81.887,127350000,1
1529659500000,1529659559000,81.888,81.891,81.874,81.875,89900000,1
1529659560000,1529659619000,81.875,81.878,81.864,81.874,119910000,1
1529659620000,1529659679000,81.876,81.879,81.866,81.866,97630000,1
1529659680000,1529659739000,81.866,81.873,81.86,81.869,117380000,1
1529659740000,1529659799000,81.868,81.871,81.856,81.856,116200000,1
1529659800000,1529659859000,81.855,81.855,81.842,81.842,84580000,1
1529659860000,1529659919000,81.842,81.854,81.836,81.839,156100000,1
1529659920000,1529659979000,81.84,81.847,81.839,81.843,150240000,1
1529659980000,1529660039000,81.843,81.855,81.843,81.854,84500000,1
1529660040000,1529660099000,81.853,81.853,81.843,81.844,60080000,1
1529660100000,1529660159000,81.845,81.862,81.845,81.862,66800000,1
1529660160000,1529660219000,81.862,81.873,81.862,81.873,66790000,1
1529660220000,1529660279000,81.873,81.874,81.861,81.861,74600000,1
1529660280000,1529660339000,81.861,81.872,81.861,81.863,134390000,1
1529660340000,1529660399000,81.863,81.863,81.858,81.861,229000000,1
1529660400000,1529660459000,81.862,81.889,81.862,81.882,100720000,1
1529660460000,1529660519000,81.881,81.882,81.866,81.879,151020000,1
1529660520000,1529660579000,81.879,81.882,81.858,81.865,114550000,1
1529660580000,1529660639000,81.865,81.875,81.861,81.875,76050000,1
1529660640000,1529660699000,81.875,81.876,81.867,81.872,63570000,1
1529660700000,1529660759000,81.872,81.884,81.872,81.882,62400000,1
1529660760000,1529660819000,81.881,81.881,81.869,81.871,101250000,1
1529660820000,1529660879000,81.871,81.882,81.87,81.879,129710000,1
1529660880000,1529660939000,81.879,81.883,81.875,81.878,94320000,1
1529660940000,1529660999000,81.878,81.878,81.869,81.871,87800000,1
1529661000000,1529661059000,81.87,81.897,81.868,81.894,177720000,1
1529661060000,1529661119000,81.894,81.899,81.89,81.89,82980000,1
1529661120000,1529661179000,81.89,81.898,81.886,81.893,127680000,1
1529661180000,1529661239000,81.892,81.892,81.881,81.881,91500000,1
1529661240000,1529661299000,81.88,81.883,81.874,81.875,57040000,1
1529661300000,1529661359000,81.874,81.878,81.862,81.868,60110000,1
1529661360000,1529661419000,81.867,81.872,81.842,81.842,111740000,1
1529661420000,1529661479000,81.843,81.846,81.837,81.839,159290000,1
1529661480000,1529661539000,81.84,81.853,81.838,81.851,121970000,1
1529661540000,1529661599000,81.851,81.867,81.849,81.85,141430000,1
1529661600000,1529661659000,81.851,81.851,81.81,81.83,288300000,1
1529661660000,1529661719000,81.834,81.839,81.815,81.817,180290000,1
1529661720000,1529661779000,81.818,81.834,81.807,81.812,146630000,1
1529661780000,1529661839000,81.81,81.81,81.79,81.797,156810000,1
1529661840000,1529661899000,81.797,81.804,81.767,81.779,212030000,1
1529661900000,1529661959000,81.78,81.789,81.771,81.777,171650000,1
1529661960000,1529662019000,81.779,81.809,81.778,81.809,114280000,1
1529662020000,1529662079000,81.81,81.812,81.793,81.803,172660000,1
1529662080000,1529662139000,81.801,81.808,81.794,81.808,115210000,1
1529662140000,1529662199000,81.807,81.814,81.794,81.794,112950000,1
1529662200000,1529662259000,81.794,81.808,81.791,81.808,118950000,1
1529662260000,1529662319000,81.809,81.817,81.799,81.813,98920000,1
1529662320000,1529662379000,81.812,81.822,81.8,81.822,109920000,1
1529662380000,1529662439000,81.821,81.821,81.799,81.813,86670000,1
1529662440000,1529662499000,81.813,81.817,81.807,81.817,110900000,1
1529662500000,1529662559000,81.817,81.82,81.79,81.793,130080000,1
1529662560000,1529662619000,81.794,81.794,81.772,81.772,154930000,1
1529662620000,1529662679000,81.772,81.778,81.766,81.776,112750000,1
1529662680000,1529662739000,81.776,81.797,81.771,81.792,88550000,1
1529662740000,1529662799000,81.791,81.797,81.788,81.795,80130000,1
1529662800000,1529662859000,81.795,81.801,81.788,81.792,84230000,1
1529662860000,1529662919000,81.792,81.8,81.784,81.784,94200000,1
1529662920000,1529662979000,81.784,81.786,81.772,81.78,112910000,1
1529662980000,1529663039000,81.78,81.801,81.774,81.801,122280000,1
1529663040000,1529663099000,81.801,81.822,81.8,81.822,102640000,1
1529663100000,1529663159000,81.822,81.827,81.804,81.804,110860000,1
1529663160000,1529663219000,81.807,81.816,81.805,81.809,134650000,1
1529663220000,1529663279000,81.809,81.822,81.809,81.812,94470000,1
1529663280000,1529663339000,81.812,81.812,81.803,81.809,57250000,1
1529663340000,1529663399000,81.808,81.809,81.801,81.806,94500000,1
1529663400000,1529663459000,81.806,81.811,81.797,81.805,97630000,1
1529663460000,1529663519000,81.805,81.813,81.798,81.813,51740000,1
1529663520000,1529663579000,81.812,81.821,81.811,81.813,55740000,1
1529663580000,1529663639000,81.815,81.817,81.807,81.808,51430000,1
1529663640000,1529663699000,81.808,81.816,81.808,81.814,55740000,1
1529663700000,1529663759000,81.814,81.831,81.814,81.83,92950000,1
1529663760000,1529663819000,81.829,81.831,81.826,81.828,72570000,1
1529663820000,1529663879000,81.827,81.827,81.818,81.818,61850000,1
1529663880000,1529663939000,81.818,81.821,81.805,81.807,83130000,1
1529663940000,1529663999000,81.806,81.817,81.806,81.817,63890000,1
1529664000000,1529664059000,81.816,81.818,81.805,81.81,81530000,1
1529664060000,1529664119000,81.809,81.81,81.805,81.81,76210000,1
1529664120000,1529664179000,81.81,81.82,81.809,81.816,69330000,1
1529664180000,1529664239000,81.816,81.82,81.806,81.817,76690000,1
1529664240000,1529664299000,81.817,81.817,81.797,81.804,81380000,1
1529664300000,1529664359000,81.804,81.815,81.804,81.812,92270000,1
1529664360000,1529664419000,81.81,81.824,81.808,81.82,104440000,1
1529664420000,1529664479000,81.821,81.823,81.81,81.814,119920000,1
1529664480000,1529664539000,81.815,81.828,81.811,81.826,141860000,1
1529664540000,1529664599000,81.827,81.83,81.82,81.83,67140000,1
1529664600000,1529664659000,81.829,81.835,81.822,81.824,105950000,1
1529664660000,1529664719000,81.822,81.825,81.81,81.81,44590000,1
1529664720000,1529664779000,81.809,81.809,81.802,81.805,31970000,1
1529664780000,1529664839000,81.803,81.813,81.803,81.812,100560000,1
1529664840000,1529664899000,81.812,81.829,81.812,81.823,97820000,1
1529664900000,1529664959000,81.822,81.839,81.822,81.839,74020000,1
1529664960000,1529665019000,81.838,81.847,81.821,81.829,99580000,1
1529665020000,1529665079000,81.829,81.834,81.813,81.815,59120000,1
1529665080000,1529665139000,81.815,81.822,81.806,81.819,135790000,1
1529665140000,1529665199000,81.82,81.833,81.815,81.832,130400000,1
1529665200000,1529665259000,81.832,81.843,81.832,81.84,116460000,1
1529665260000,1529665319000,81.84,81.842,81.835,81.838,63160000,1
1529665320000,1529665379000,81.837,81.837,81.819,81.819,114820000,1
1529665380000,1529665439000,81.819,81.819,81.811,81.811,80820000,1
1529665440000,1529665499000,81.811,81.817,81.808,81.816,63090000,1
1529665500000,1529665559000,81.816,81.82,81.815,81.815,78920000,1
1529665560000,1529665619000,81.818,81.825,81.808,81.813,93630000,1
1529665620000,1529665679000,81.813,81.813,81.803,81.803,83730000,1
1529665680000,1529665739000,81.805,81.807,81.799,81.801,86620000,1
1529665740000,1529665799000,81.8,81.803,81.792,81.793,69660000,1
1529665800000,1529665859000,81.792,81.803,81.792,81.799,83400000,1
1529665860000,1529665919000,81.798,81.798,81.778,81.783,85380000,1
1529665920000,1529665979000,81.783,81.787,81.767,81.775,90800000,1
1529665980000,1529666039000,81.775,81.779,81.76,81.77,86310000,1
1529666040000,1529666099000,81.769,81.777,81.758,81.76,116100000,1
1529666100000,1529666159000,81.76,81.769,81.753,81.753,106530000,1
1529666160000,1529666219000,81.753,81.767,81.753,81.759,166240000,1
1529666220000,1529666279000,81.759,81.76,81.754,81.756,79800000,1
1529666280000,1529666339000,81.756,81.756,81.746,81.749,52380000,1
1529666340000,1529666399000,81.748,81.749,81.745,81.749,54680000,1
1529666400000,1529666459000,81.749,81.769,81.749,81.762,71860000,1
1529666460000,1529666519000,81.762,81.763,81.744,81.752,60890000,1
1529666520000,1529666579000,81.75,81.801,81.75,81.798,81210000,1
1529666580000,1529666639000,81.797,81.798,81.783,81.783,105500000,1
1529666640000,1529666699000,81.786,81.786,81.772,81.775,59600000,1
1529666700000,1529666759000,81.774,81.778,81.769,81.777,83570000,1
1529666760000,1529666819000,81.777,81.777,81.767,81.768,119660000,1
1529666820000,1529666879000,81.768,81.771,81.767,81.771,41670000,1
1529666880000,1529666939000,81.771,81.773,81.765,81.769,58190000,1
1529666940000,1529666999000,81.769,81.775,81.769,81.775,57820000,1
1529667000000,1529667059000,81.775,81.807,81.775,81.805,104340000,1
1529667060000,1529667119000,81.805,81.805,81.782,81.786,125040000,1
1529667120000,1529667179000,81.787,81.788,81.781,81.782,97340000,1
1529667180000,1529667239000,81.782,81.783,81.775,81.775,46720000,1
1529667240000,1529667299000,81.774,81.789,81.772,81.789,83520000,1
1529667300000,1529667359000,81.788,81.794,81.786,81.791,72860000,1
1529667360000,1529667419000,81.791,81.798,81.791,81.797,69040000,1
1529667420000,1529667479000,81.797,81.8,81.797,81.8,55260000,1
1529667480000,1529667539000,81.799,81.811,81.799,81.809,91840000,1
1529667540000,1529667599000,81.808,81.82,81.808,81.808,81030000,1
1529667600000,1529667659000,81.807,81.807,81.8,81.801,126780000,1
1529667660000,1529667719000,81.798,81.798,81.783,81.783,89950000,1
1529667720000,1529667779000,81.782,81.793,81.779,81.792,90640000,1
1529667780000,1529667839000,81.792,81.805,81.792,81.805,79830000,1
1529667840000,1529667899000,81.805,81.808,81.798,81.807,74360000,1
1529667900000,1529667959000,81.808,81.812,81.796,81.796,77020000,1
1529667960000,1529668019000,81.798,81.811,81.796,81.811,88180000,1
1529668020000,1529668079000,81.811,81.82,81.811,81.819,122940000,1
1529668080000,1529668139000,81.818,81.836,81.814,81.833,58290000,1
1529668140000,1529668199000,81.834,81.846,81.834,81.845,41340000,1
1529668200000,1529668259000,81.846,81.847,81.841,81.847,66710000,1
1529668260000,1529668319000,81.843,81.845,81.831,81.841,101170000,1
1529668320000,1529668379000,81.841,81.847,81.84,81.847,103450000,1
1529668380000,1529668439000,81.847,81.86,81.845,81.853,90600000,1
1529668440000,1529668499000,81.852,81.852,81.845,81.846,47530000,1
1529668500000,1529668559000,81.845,81.852,81.843,81.843,106790000,1
1529668560000,1529668619000,81.844,81.85,81.838,81.843,96070000,1
1529668620000,1529668679000,81.842,81.842,81.831,81.84,149810000,1
1529668680000,1529668739000,81.84,81.841,81.837,81.838,88170000,1
1529668740000,1529668799000,81.837,81.844,81.836,81.84,69500000,1
1529668800000,1529668859000,81.842,81.844,81.806,81.807,146270000,1
1529668860000,1529668919000,81.805,81.825,81.793,81.822,221620000,1
1529668920000,1529668979000,81.824,81.847,81.824,81.84,92190000,1
1529668980000,1529669039000,81.839,81.839,81.819,81.826,159990000,1
1529669040000,1529669099000,81.827,81.83,81.815,81.822,132450000,1
1529669100000,1529669159000,81.823,81.834,81.821,81.833,118070000,1
1529669160000,1529669219000,81.831,81.839,81.826,81.827,135920000,1
1529669220000,1529669279000,81.827,81.843,81.823,81.842,86090000,1
1529669280000,1529669339000,81.842,81.842,81.826,81.829,79430000,1
1529669340000,1529669399000,81.83,81.835,81.825,81.827,116430000,1
1529669400000,1529669459000,81.827,81.827,81.8,81.813,169220000,1
1529669460000,1529669519000,81.814,81.835,81.811,81.835,90840000,1
1529669520000,1529669579000,81.834,81.839,81.823,81.826,120810000,1
1529669580000,1529669639000,81.826,81.828,81.818,81.826,100730000,1
1529669640000,1529669699000,81.825,81.825,81.811,81.818,109460000,1
1529669700000,1529669759000,81.82,81.84,81.818,81.827,164380000,1
1529669760000,1529669819000,81.827,81.835,81.82,81.82,115880000,1
1529669820000,1529669879000,81.825,81.846,81.825,81.844,160880000,1
1529669880000,1529669939000,81.844,81.845,81.828,81.836,115180000,1
1529669940000,1529669999000,81.836,81.842,81.818,81.832,147990000,1
1529670000000,1529670059000,81.829,81.848,81.829,81.842,139870000,1
1529670060000,1529670119000,81.844,81.856,81.832,81.851,189320000,1
1529670120000,1529670179000,81.851,81.851,81.834,81.842,166170000,1
1529670180000,1529670239000,81.842,81.859,81.842,81.851,159700000,1
1529670240000,1529670299000,81.852,81.867,81.852,81.861,146090000,1
1529670300000,1529670359000,81.858,81.867,81.856,81.861,108790000,1
1529670360000,1529670419000,81.861,81.865,81.849,81.851,110200000,1
1529670420000,1529670479000,81.851,81.859,81.844,81.844,73330000,1
1529670480000,1529670539000,81.844,81.844,81.83,81.841,87390000,1
1529670540000,1529670599000,81.841,81.842,81.834,81.834,86580000,1
1529670600000,1529670659000,81.834,81.838,81.728,81.76,230240000,1
1529670660000,1529670719000,81.759,81.77,81.735,81.756,168650000,1
1529670720000,1529670779000,81.759,81.769,81.748,81.754,132250000,1
1529670780000,1529670839000,81.753,81.76,81.736,81.759,239760000,1
1529670840000,1529670899000,81.759,81.763,81.747,81.753,229150000,1
1529670900000,1529670959000,81.753,81.771,81.751,81.769,213920000,1
1529670960000,1529671019000,81.772,81.776,81.758,81.773,204430000,1
1529671020000,1529671079000,81.773,81.8,81.772,81.798,175850000,1
1529671080000,1529671139000,81.799,81.8,81.78,81.799,157260000,1
1529671140000,1529671199000,81.799,81.807,81.798,81.803,168880000,1
1529671200000,1529671259000,81.804,81.804,81.782,81.787,212430000,1
1529671260000,1529671319000,81.788,81.804,81.781,81.796,189160000,1
1529671320000,1529671379000,81.796,81.811,81.792,81.806,96240000,1
1529671380000,1529671439000,81.799,81.806,81.79,81.798,180740000,1
1529671440000,1529671499000,81.798,81.804,81.793,81.799,67900000,1
1529671500000,1529671559000,81.799,81.808,81.795,81.802,102630000,1
1529671560000,1529671619000,81.803,81.803,81.782,81.786,109470000,1
1529671620000,1529671679000,81.784,81.787,81.762,81.764,129350000,1
1529671680000,1529671739000,81.763,81.795,81.761,81.784,192170000,1
1529671740000,1529671799000,81.784,81.791,81.769,81.778,164800000,1
1529671800000,1529671859000,81.78,81.783,81.764,81.778,126240000,1
1529671860000,1529671919000,81.779,81.792,81.77,81.788,224350000,1
1529671920000,1529671979000,81.79,81.801,81.782,81.796,86100000,1
1529671980000,1529672039000,81.797,81.799,81.782,81.782,165180000,1
1529672040000,1529672099000,81.782,81.805,81.778,81.799,145910000,1
1529672100000,1529672159000,81.799,81.799,81.782,81.786,182570000,1
1529672160000,1529672219000,81.786,81.807,81.786,81.807,158310000,1
1529672220000,1529672279000,81.806,81.806,81.786,81.792,129460000,1
1529672280000,1529672339000,81.791,81.804,81.782,81.798,189970000,1
1529672340000,1529672399000,81.801,81.822,81.8,81.822,150620000,1
1529672400000,1529672459000,81.822,81.852,81.817,81.833,218120000,1
1529672460000,1529672519000,81.833,81.833,81.804,81.821,209100000,1
1529672520000,1529672579000,81.82,81.83,81.818,81.827,183820000,1
1529672580000,1529672639000,81.827,81.833,81.81,81.811,130840000,1
1529672640000,1529672699000,81.812,81.833,81.804,81.833,124650000,1
1529672700000,1529672759000,81.832,81.832,81.809,81.816,142820000,1
1529672760000,1529672819000,81.817,81.827,81.816,81.822,109450000,1
1529672820000,1529672879000,81.822,81.835,81.819,81.823,161660000,1
1529672880000,1529672939000,81.823,81.831,81.818,81.823,190110000,1
1529672940000,1529672999000,81.823,81.834,81.823,81.829,199630000,1
1529673000000,1529673059000,81.83,81.841,81.83,81.836,187690000,1
1529673060000,1529673119000,81.835,81.846,81.835,81.839,137990000,1
1529673120000,1529673179000,81.839,81.847,81.834,81.843,119570000,1
1529673180000,1529673239000,81.843,81.86,81.836,81.86,143770000,1
1529673240000,1529673299000,81.863,81.874,81.857,81.859,187300000,1
1529673300000,1529673359000,81.859,81.877,81.858,81.876,135120000,1
1529673360000,1529673419000,81.877,81.889,81.876,81.883,114200000,1
1529673420000,1529673479000,81.882,81.901,81.882,81.896,200030000,1
1529673480000,1529673539000,81.894,81.908,81.882,81.908,169550000,1
1529673540000,1529673599000,81.908,81.915,81.895,81.911,188540000,1
1529673600000,1529673659000,81.911,81.916,81.904,81.909,203030000,1
1529673660000,1529673719000,81.908,81.932,81.899,81.907,205220000,1
1529673720000,1529673779000,81.908,81.909,81.893,81.897,171000000,1
1529673780000,1529673839000,81.897,81.908,81.885,81.888,184690000,1
1529673840000,1529673899000,81.887,81.899,81.884,81.892,192540000,1
1529673900000,1529673959000,81.891,81.895,81.883,81.89,116890000,1
1529673960000,1529674019000,81.888,81.897,81.878,81.884,173180000,1
1529674020000,1529674079000,81.884,81.886,81.872,81.879,201280000,1
1529674080000,1529674139000,81.878,81.878,81.858,81.859,181220000,1
1529674140000,1529674199000,81.86,81.863,81.838,81.841,172040000,1
1529674200000,1529674259000,81.841,81.846,81.831,81.835,184580000,1
1529674260000,1529674319000,81.837,81.847,81.826,81.844,187770000,1
1529674320000,1529674379000,81.845,81.847,81.789,81.795,229980000,1
1529674380000,1529674439000,81.797,81.802,81.784,81.789,179720000,1
1529674440000,1529674499000,81.789,81.803,81.787,81.793,196730000,1
1529674500000,1529674559000,81.794,81.794,81.782,81.785,151720000,1
1529674560000,1529674619000,81.785,81.787,81.768,81.774,195200000,1
1529674620000,1529674679000,81.775,81.788,81.771,81.771,226530000,1
1529674680000,1529674739000,81.771,81.773,81.758,81.763,143580000,1
1529674740000,1529674799000,81.762,81.763,81.735,81.737,207540000,1
1529674800000,1529674859000,81.736,81.758,81.733,81.749,198190000,1
1529674860000,1529674919000,81.748,81.751,81.741,81.751,262430000,1
1529674920000,1529674979000,81.752,81.756,81.741,81.751,222770000,1
1529674980000,1529675039000,81.751,81.754,81.746,81.747,208980000,1
1529675040000,1529675099000,81.746,81.75,81.717,81.717,225860000,1
1529675100000,1529675159000,81.716,81.74,81.716,81.735,216210000,1
1529675160000,1529675219000,81.735,81.738,81.705,81.709,257050000,1
1529675220000,1529675279000,81.708,81.721,81.704,81.71,187250000,1
1529675280000,1529675339000,81.71,81.711,81.694,81.698,177750000,1
1529675340000,1529675399000,81.698,81.726,81.698,81.726,166070000,1
1529675400000,1529675459000,81.727,81.74,81.721,81.74,142400000,1
1529675460000,1529675519000,81.74,81.753,81.728,81.729,150350000,1
1529675520000,1529675579000,81.729,81.739,81.721,81.736,98380000,1
1529675580000,1529675639000,81.738,81.742,81.727,81.738,133260000,1
1529675640000,1529675699000,81.739,81.76,81.739,81.75,119550000,1
1529675700000,1529675759000,81.75,81.75,81.738,81.738,197960000,1
1529675760000,1529675819000,81.738,81.756,81.736,81.746,139920000,1
1529675820000,1529675879000,81.746,81.754,81.725,81.745,161710000,1
1529675880000,1529675939000,81.745,81.817,81.745,81.817,161510000,1
1529675940000,1529675999000,81.816,81.833,81.782,81.81,204800000,1
1529676000000,1529676059000,81.811,81.813,81.778,81.785,176900000,1
1529676060000,1529676119000,81.787,81.805,81.784,81.788,210060000,1
1529676120000,1529676179000,81.786,81.792,81.783,81.79,157290000,1
1529676180000,1529676239000,81.79,81.817,81.789,81.811,190040000,1
1529676240000,1529676299000,81.813,81.819,81.807,81.817,190060000,1
1529676300000,1529676359000,81.816,81.841,81.814,81.834,179570000,1
1529676360000,1529676419000,81.834,81.834,81.823,81.829,129850000,1
1529676420000,1529676479000,81.832,81.852,81.825,81.848,210100000,1
1529676480000,1529676539000,81.848,81.86,81.846,81.857,248430000,1
1529676540000,1529676599000,81.858,81.868,81.852,81.862,135640000,1
1529676600000,1529676659000,81.861,81.869,81.849,81.851,179770000,1
1529676660000,1529676719000,81.851,81.86,81.841,81.855,174820000,1
1529676720000,1529676779000,81.854,81.874,81.852,81.855,223700000,1
1529676780000,1529676839000,81.857,81.861,81.847,81.847,172500000,1
1529676840000,1529676899000,81.848,81.857,81.845,81.852,112610000,1
1529676900000,1529676959000,81.852,81.856,81.834,81.838,160540000,1
1529676960000,1529677019000,81.838,81.84,81.833,81.833,97430000,1
1529677020000,1529677079000,81.834,81.862,81.834,81.851,157000000,1
1529677080000,1529677139000,81.85,81.854,81.829,81.833,135950000,1
1529677140000,1529677199000,81.831,81.842,81.821,81.823,213700000,1
1529677200000,1529677259000,81.822,81.846,81.818,81.842,184540000,1
1529677260000,1529677319000,81.841,81.841,81.814,81.825,209580000,1
1529677320000,1529677379000,81.825,81.827,81.818,81.819,140920000,1
1529677380000,1529677439000,81.819,81.821,81.805,81.808,143590000,1
1529677440000,1529677499000,81.808,81.816,81.804,81.81,121640000,1
1529677500000,1529677559000,81.811,81.814,81.729,81.73,251750000,1
1529677560000,1529677619000,81.73,81.742,81.691,81.706,234860000,1
1529677620000,1529677679000,81.708,81.708,81.59,81.625,364450000,1
1529677680000,1529677739000,81.623,81.623,81.559,81.569,287220000,1
1529677740000,1529677799000,81.57,81.589,81.563,81.582,327260000,1
1529677800000,1529677859000,81.579,81.59,81.557,81.59,349400000,1
1529677860000,1529677919000,81.587,81.594,81.569,81.572,284710000,1
1529677920000,1529677979000,81.572,81.593,81.55,81.571,286150000,1
1529677980000,1529678039000,81.571,81.603,81.567,81.585,250810000,1
1529678040000,1529678099000,81.582,81.628,81.574,81.626,198040000,1
1529678100000,1529678159000,81.629,81.656,81.626,81.635,228940000,1
1529678160000,1529678219000,81.637,81.679,81.637,81.674,252170000,1
1529678220000,1529678279000,81.673,81.69,81.663,81.679,251590000,1
1529678280000,1529678339000,81.679,81.687,81.669,81.676,219370000,1
1529678340000,1529678399000,81.676,81.682,81.611,81.623,243880000,1
1529678400000,1529678459000,81.624,81.632,81.572,81.583,239940000,1
1529678460000,1529678519000,81.582,81.613,81.566,81.603,278710000,1
1529678520000,1529678579000,81.604,81.607,81.547,81.58,305920000,1
1529678580000,1529678639000,81.579,81.616,81.579,81.611,245710000,1
1529678640000,1529678699000,81.612,81.613,81.561,81.582,330540000,1
1529678700000,1529678759000,81.588,81.642,81.586,81.635,237350000,1
1529678760000,1529678819000,81.635,81.635,81.579,81.586,285900000,1
1529678820000,1529678879000,81.584,81.591,81.525,81.555,301770000,1
1529678880000,1529678939000,81.557,81.583,81.553,81.56,262910000,1
1529678940000,1529678999000,81.56,81.586,81.556,81.581,245820000,1
1529679000000,1529679059000,81.581,81.601,81.571,81.592,230430000,1
1529679060000,1529679119000,81.592,81.606,81.55,81.557,243930000,1
1529679120000,1529679179000,81.555,81.563,81.523,81.529,195080000,1
1529679180000,1529679239000,81.53,81.535,81.47,81.493,251630000,1
1529679240000,1529679299000,81.495,81.521,81.484,81.492,304720000,1
1529679300000,1529679359000,81.491,81.542,81.491,81.525,213210000,1
1529679360000,1529679419000,81.524,81.528,81.497,81.523,251360000,1
1529679420000,1529679479000,81.525,81.53,81.488,81.499,227630000,1
1529679480000,1529679539000,81.499,81.534,81.493,81.533,292000000,1
1529679540000,1529679599000,81.534,81.539,81.514,81.53,233640000,1
1529679600000,1529679659000,81.532,81.537,81.524,81.531,200040000,1
1529679660000,1529679719000,81.529,81.544,81.519,81.527,277830000,1
1529679720000,1529679779000,81.526,81.56,81.513,81.555,284080000,1
1529679780000,1529679839000,81.555,81.586,81.548,81.586,210820000,1
1529679840000,1529679899000,81.587,81.608,81.587,81.601,183980000,1
1529679900000,1529679959000,81.602,81.606,81.59,81.599,148930000,1
1529679960000,1529680019000,81.599,81.618,81.598,81.601,178430000,1
1529680020000,1529680079000,81.601,81.626,81.601,81.626,179610000,1
1529680080000,1529680139000,81.625,81.628,81.606,81.626,147750000,1
1529680140000,1529680199000,81.625,81.627,81.6,81.603,190030000,1
1529680200000,1529680259000,81.602,81.61,81.59,81.604,206260000,1
1529680260000,1529680319000,81.606,81.606,81.581,81.588,124350000,1
1529680320000,1529680379000,81.589,81.608,81.586,81.606,195970000,1
1529680380000,1529680439000,81.604,81.611,81.583,81.589,160830000,1
1529680440000,1529680499000,81.588,81.592,81.578,81.582,148740000,1
1529680500000,1529680559000,81.581,81.604,81.58,81.603,113140000,1
1529680560000,1529680619000,81.604,81.619,81.6,81.615,168450000,1
1529680620000,1529680679000,81.615,81.617,81.598,81.598,219580000,1
1529680680000,1529680739000,81.597,81.605,81.589,81.604,117800000,1
1529680740000,1529680799000,81.605,81.609,81.595,81.595,175910000,1
1529680800000,1529680859000,81.595,81.601,81.59,81.598,167040000,1
1529680860000,1529680919000,81.597,81.614,81.597,81.611,173940000,1
1529680920000,1529680979000,81.612,81.625,81.608,81.622,155850000,1
1529680980000,1529681039000,81.623,81.629,81.62,81.623,167710000,1
1529681040000,1529681099000,81.624,81.624,81.587,81.59,189800000,1
1529681100000,1529681159000,81.59,81.613,81.59,81.602,189350000,1
1529681160000,1529681219000,81.603,81.606,81.591,81.605,201150000,1
1529681220000,1529681279000,81.604,81.615,81.604,81.611,61520000,1
1529681280000,1529681339000,81.611,81.62,81.611,81.614,77000000,1
1529681340000,1529681399000,81.613,81.628,81.609,81.622,97730000,1
1529681400000,1529681459000,81.621,81.623,81.607,81.613,142690000,1
1529681460000,1529681519000,81.613,81.622,81.605,81.613,137830000,1
1529681520000,1529681579000,81.612,81.617,81.605,81.614,187430000,1
1529681580000,1529681639000,81.614,81.637,81.611,81.632,172100000,1
1529681640000,1529681699000,81.63,81.636,81.627,81.633,148200000,1
1529681700000,1529681759000,81.633,81.646,81.629,81.643,137850000,1
1529681760000,1529681819000,81.643,81.647,81.636,81.644,117130000,1
1529681820000,1529681879000,81.644,81.654,81.637,81.643,111000000,1
1529681880000,1529681939000,81.642,81.643,81.629,81.629,97230000,1
1529681940000,1529681999000,81.63,81.645,81.629,81.644,117710000,1
1529682000000,1529682059000,81.645,81.649,81.632,81.647,97060000,1
1529682060000,1529682119000,81.648,81.655,81.643,81.655,87850000,1
1529682120000,1529682179000,81.656,81.664,81.65,81.651,111320000,1
1529682180000,1529682239000,81.651,81.665,81.651,81.665,144420000,1
1529682240000,1529682299000,81.665,81.689,81.663,81.685,141970000,1
1529682300000,1529682359000,81.685,81.694,81.68,81.691,129900000,1
1529682360000,1529682419000,81.691,81.715,81.691,81.705,207220000,1
1529682420000,1529682479000,81.704,81.707,81.692,81.692,105860000,1
1529682480000,1529682539000,81.693,81.695,81.684,81.685,106650000,1
1529682540000,1529682599000,81.684,81.689,81.673,81.673,112430000,1
1529682600000,1529682659000,81.673,81.678,81.67,81.67,126550000,1
1529682660000,1529682719000,81.671,81.675,81.668,81.674,92200000,1
1529682720000,1529682779000,81.675,81.681,81.669,81.669,136770000,1
1529682780000,1529682839000,81.669,81.671,81.66,81.663,150820000,1
1529682840000,1529682899000,81.663,81.67,81.663,81.668,106050000,1
1529682900000,1529682959000,81.669,81.669,81.656,81.657,150340000,1
1529682960000,1529683019000,81.657,81.67,81.655,81.665,137010000,1
1529683020000,1529683079000,81.664,81.671,81.664,81.664,93380000,1
1529683080000,1529683139000,81.664,81.666,81.645,81.646,116450000,1
1529683140000,1529683199000,81.646,81.652,81.643,81.643,120380000,1
1529683200000,1529683259000,81.643,81.659,81.641,81.654,155700000,1
1529683260000,1529683319000,81.65,81.658,81.647,81.652,92540000,1
1529683320000,1529683379000,81.653,81.659,81.649,81.649,139070000,1
1529683380000,1529683439000,81.65,81.659,81.647,81.65,103880000,1
1529683440000,1529683499000,81.654,81.657,81.65,81.656,124760000,1
1529683500000,1529683559000,81.656,81.663,81.653,81.663,89110000,1
1529683560000,1529683619000,81.663,81.665,81.655,81.662,122180000,1
1529683620000,1529683679000,81.661,81.661,81.654,81.658,59690000,1
1529683680000,1529683739000,81.658,81.664,81.657,81.661,92390000,1
1529683740000,1529683799000,81.662,81.669,81.662,81.669,75870000,1
1529683800000,1529683859000,81.669,81.679,81.666,81.679,73230000,1
1529683860000,1529683919000,81.678,81.679,81.671,81.675,47170000,1
1529683920000,1529683979000,81.676,81.684,81.675,81.684,35610000,1
1529683980000,1529684039000,81.683,81.692,81.674,81.691,103820000,1
1529684040000,1529684099000,81.693,81.703,81.686,81.702,107110000,1
1529684100000,1529684159000,81.702,81.703,81.69,81.7,62870000,1
1529684160000,1529684219000,81.7,81.704,81.688,81.688,110560000,1
1529684220000,1529684279000,81.688,81.694,81.688,81.691,92150000,1
1529684280000,1529684339000,81.692,81.693,81.688,81.691,81470000,1
1529684340000,1529684399000,81.692,81.697,81.686,81.688,106110000,1
1529684400000,1529684459000,81.687,81.687,81.679,81.686,91820000,1
1529684460000,1529684519000,81.686,81.69,81.683,81.685,99170000,1
1529684520000,1529684579000,81.685,81.701,81.685,81.701,97760000,1
1529684580000,1529684639000,81.702,81.713,81.702,81.711,75310000,1
1529684640000,1529684699000,81.711,81.725,81.711,81.714,96950000,1
1529684700000,1529684759000,81.714,81.723,81.711,81.715,67420000,1
1529684760000,1529684819000,81.715,81.719,81.712,81.719,77500000,1
1529684820000,1529684879000,81.719,81.728,81.718,81.722,85790000,1
1529684880000,1529684939000,81.721,81.743,81.721,81.742,89240000,1
1529684940000,1529684999000,81.742,81.742,81.726,81.731,90020000,1
1529685000000,1529685059000,81.732,81.736,81.729,81.731,123240000,1
1529685060000,1529685119000,81.734,81.734,81.715,81.715,127590000,1
1529685120000,1529685179000,81.715,81.722,81.715,81.722,54650000,1
1529685180000,1529685239000,81.722,81.726,81.719,81.721,73130000,1
1529685240000,1529685299000,81.721,81.728,81.715,81.727,125560000,1
1529685300000,1529685359000,81.728,81.73,81.721,81.722,135770000,1
1529685360000,1529685419000,81.722,81.725,81.717,81.721,102170000,1
1529685420000,1529685479000,81.72,81.721,81.716,81.719,119150000,1
1529685480000,1529685539000,81.718,81.731,81.716,81.729,79780000,1
1529685540000,1529685599000,81.729,81.731,81.72,81.72,74290000,1
1529685600000,1529685659000,81.72,81.729,81.716,81.729,102590000,1
1529685660000,1529685719000,81.73,81.735,81.726,81.727,104710000,1
1529685720000,1529685779000,81.727,81.744,81.727,81.742,90330000,1
1529685780000,1529685839000,81.742,81.747,81.737,81.738,98750000,1
1529685840000,1529685899000,81.738,81.741,81.736,81.739,63230000,1
1529685900000,1529685959000,81.739,81.74,81.73,81.735,50330000,1
1529685960000,1529686019000,81.736,81.743,81.729,81.741,68670000,1
1529686020000,1529686079000,81.742,81.748,81.737,81.742,93200000,1
1529686080000,1529686139000,81.741,81.742,81.739,81.741,36970000,1
1529686140000,1529686199000,81.739,81.746,81.737,81.745,46660000,1
1529686200000,1529686259000,81.745,81.76,81.745,81.76,67540000,1
1529686260000,1529686319000,81.76,81.766,81.757,81.766,45610000,1
1529686320000,1529686379000,81.765,81.765,81.763,81.764,45070000,1
1529686380000,1529686439000,81.764,81.766,81.755,81.755,78690000,1
1529686440000,1529686499000,81.753,81.758,81.752,81.752,52630000,1
1529686500000,1529686559000,81.751,81.751,81.735,81.735,79750000,1
1529686560000,1529686619000,81.735,81.739,81.73,81.733,84490000,1
1529686620000,1529686679000,81.733,81.733,81.716,81.719,125290000,1
1529686680000,1529686739000,81.718,81.727,81.717,81.721,103740000,1
1529686740000,1529686799000,81.722,81.726,81.72,81.725,110030000,1
1529686800000,1529686859000,81.725,81.739,81.725,81.739,159030000,1
1529686860000,1529686919000,81.738,81.74,81.735,81.74,111100000,1
1529686920000,1529686979000,81.739,81.747,81.739,81.747,150960000,1
1529686980000,1529687039000,81.747,81.747,81.741,81.746,142900000,1
1529687040000,1529687099000,81.747,81.771,81.745,81.762,108990000,1
1529687100000,1529687159000,81.761,81.779,81.761,81.767,106550000,1
1529687160000,1529687219000,81.768,81.77,81.766,81.768,45500000,1
1529687220000,1529687279000,81.767,81.772,81.76,81.771,119640000,1
1529687280000,1529687339000,81.771,81.772,81.764,81.766,119400000,1
1529687340000,1529687399000,81.766,81.766,81.761,81.765,66680000,1
1529687400000,1529687459000,81.763,81.768,81.762,81.764,71630000,1
1529687460000,1529687519000,81.764,81.778,81.764,81.772,87020000,1
1529687520000,1529687579000,81.772,81.773,81.765,81.769,67650000,1
1529687580000,1529687639000,81.769,81.776,81.767,81.776,74850000,1
1529687640000,1529687699000,81.776,81.784,81.775,81.776,167050000,1
1529687700000,1529687759000,81.776,81.779,81.773,81.775,124410000,1
1529687760000,1529687819000,81.773,81.779,81.767,81.777,61170000,1
1529687820000,1529687879000,81.777,81.78,81.774,81.774,74500000,1
1529687880000,1529687939000,81.774,81.778,81.772,81.778,44210000,1
1529687940000,1529687999000,81.776,81.776,81.765,81.773,99900000,1
1529688000000,1529688059000,81.774,81.784,81.772,81.783,62960000,1
1529688060000,1529688119000,81.779,81.785,81.774,81.774,111420000,1
1529688120000,1529688179000,81.774,81.775,81.772,81.774,83020000,1
1529688180000,1529688239000,81.774,81.785,81.773,81.78,96930000,1
1529688240000,1529688299000,81.781,81.792,81.776,81.779,135040000,1
1529688300000,1529688359000,81.78,81.784,81.774,81.775,101870000,1
1529688360000,1529688419000,81.775,81.791,81.772,81.788,99270000,1
1529688420000,1529688479000,81.789,81.792,81.783,81.791,65770000,1
1529688480000,1529688539000,81.789,81.789,81.779,81.779,88570000,1
1529688540000,1529688599000,81.779,81.808,81.779,81.808,144480000,1
1529688600000,1529688659000,81.81,81.81,81.79,81.795,64900000,1
1529688660000,1529688719000,81.796,81.798,81.79,81.796,52780000,1
1529688720000,1529688779000,81.796,81.799,81.792,81.795,53490000,1
1529688780000,1529688839000,81.795,81.806,81.795,81.804,77170000,1
1529688840000,1529688899000,81.802,81.81,81.797,81.8,155100000,1
1529688900000,1529688959000,81.799,81.806,81.794,81.797,71800000,1
1529688960000,1529689019000,81.799,81.808,81.795,81.802,95870000,1
1529689020000,1529689079000,81.803,81.81,81.794,81.81,134830000,1
1529689080000,1529689139000,81.811,81.818,81.81,81.818,103390000,1
1529689140000,1529689199000,81.818,81.833,81.818,81.832,105710000,1
1529689200000,1529689259000,81.834,81.836,81.821,81.823,97320000,1
1529689260000,1529689319000,81.822,81.829,81.817,81.824,114870000,1
1529689320000,1529689379000,81.825,81.835,81.81,81.815,127200000,1
1529689380000,1529689439000,81.817,81.819,81.814,81.818,76460000,1
1529689440000,1529689499000,81.817,81.828,81.816,81.819,79960000,1
1529689500000,1529689559000,81.819,81.822,81.808,81.815,83810000,1
1529689560000,1529689619000,81.815,81.824,81.811,81.813,58690000,1
1529689620000,1529689679000,81.812,81.813,81.81,81.811,33210000,1
1529689680000,1529689739000,81.812,81.812,81.802,81.804,94500000,1
1529689740000,1529689799000,81.803,81.804,81.795,81.795,52030000,1
1529689800000,1529689859000,81.794,81.799,81.787,81.799,116220000,1
1529689860000,1529689919000,81.799,81.83,81.799,81.829,109060000,1
1529689920000,1529689979000,81.829,81.832,81.821,81.822,74420000,1
1529689980000,1529690039000,81.822,81.822,81.817,81.819,43170000,1
1529690040000,1529690099000,81.817,81.823,81.813,81.823,108210000,1
1529690100000,1529690159000,81.823,81.824,81.814,81.816,66170000,1
1529690160000,1529690219000,81.815,81.815,81.806,81.813,90080000,1
1529690220000,1529690279000,81.813,81.814,81.807,81.811,103500000,1
1529690280000,1529690339000,81.811,81.813,81.807,81.807,117340000,1
1529690340000,1529690399000,81.807,81.811,81.805,81.811,97480000,1
1529690400000,1529690459000,81.811,81.822,81.802,81.802,198500000,1
1529690460000,1529690519000,81.802,81.82,81.802,81.82,166520000,1
1529690520000,1529690579000,81.822,81.825,81.809,81.817,148690000,1
1529690580000,1529690639000,81.819,81.833,81.817,81.833,97030000,1
1529690640000,1529690699000,81.832,81.837,81.83,81.837,121040000,1
1529690700000,1529690759000,81.839,81.84,81.829,81.833,99470000,1
1529690760000,1529690819000,81.834,81.836,81.825,81.828,74870000,1
1529690820000,1529690879000,81.828,81.832,81.827,81.828,24560000,1
1529690880000,1529690939000,81.828,81.834,81.824,81.825,62030000,1
1529690940000,1529690999000,81.826,81.826,81.817,81.826,50230000,1
1529691000000,1529691059000,81.827,81.829,81.827,81.828,15130000,1
1529691060000,1529691119000,81.828,81.829,81.825,81.826,20980000,1
1529691120000,1529691179000,81.826,81.826,81.821,81.821,39360000,1
1529691180000,1529691239000,81.822,81.824,81.821,81.822,25170000,1
1529691240000,1529691299000,81.823,81.824,81.812,81.813,38950000,1
1529691300000,1529691359000,81.813,81.814,81.812,81.812,31100000,1
1529691360000,1529691419000,81.812,81.816,81.812,81.813,42480000,1
1529691420000,1529691479000,81.813,81.817,81.802,81.808,61400000,1
1529691480000,1529691539000,81.808,81.818,81.806,81.811,65760000,1
1529691540000,1529691599000,81.809,81.81,81.802,81.802,91920000,1
1529691600000,1529691659000,81.803,81.807,81.796,81.796,100300000,1
1529691660000,1529691719000,81.796,81.815,81.796,81.808,112860000,1
1529691720000,1529691779000,81.809,81.821,81.808,81.811,79130000,1
1529691780000,1529691839000,81.811,81.812,81.804,81.806,64040000,1
1529691840000,1529691899000,81.806,81.806,81.782,81.786,79020000,1
1529691900000,1529691959000,81.787,81.789,81.784,81.785,80920000,1
1529691960000,1529692019000,81.785,81.8,81.784,81.792,93380000,1
1529692020000,1529692079000,81.791,81.791,81.781,81.783,55960000,1
1529692080000,1529692139000,81.782,81.784,81.77,81.772,132260000,1
1529692140000,1529692199000,81.774,81.774,81.769,81.77,111130000,1
1529692200000,1529692259000,81.77,81.783,81.77,81.771,102810000,1
1529692260000,1529692319000,81.771,81.771,81.768,81.77,31670000,1
1529692320000,1529692379000,81.769,81.773,81.757,81.757,58090000,1
1529692380000,1529692439000,81.756,81.771,81.756,81.771,58420000,1
1529692440000,1529692499000,81.772,81.772,81.755,81.763,70350000,1
1529692500000,1529692559000,81.763,81.771,81.762,81.762,89500000,1
1529692560000,1529692619000,81.761,81.762,81.751,81.755,80580000,1
1529692620000,1529692679000,81.754,81.759,81.741,81.746,79600000,1
1529692680000,1529692739000,81.745,81.748,81.736,81.741,79050000,1
1529692740000,1529692799000,81.741,81.745,81.74,81.743,50350000,1
1529692800000,1529692859000,81.747,81.754,81.746,81.754,59990000,1
1529692860000,1529692919000,81.754,81.766,81.753,81.765,31870000,1
1529692920000,1529692979000,81.766,81.766,81.759,81.765,57800000,1
1529692980000,1529693039000,81.766,81.767,81.758,81.758,45470000,1
1529693040000,1529693099000,81.758,81.766,81.758,81.765,77570000,1
1529693100000,1529693159000,81.765,81.768,81.754,81.754,83590000,1
1529693160000,1529693219000,81.755,81.756,81.745,81.746,100870000,1
1529693220000,1529693279000,81.746,81.755,81.744,81.746,86690000,1
1529693280000,1529693339000,81.747,81.773,81.747,81.772,108800000,1
1529693340000,1529693399000,81.773,81.78,81.771,81.776,61930000,1
1529693400000,1529693459000,81.776,81.78,81.773,81.778,71660000,1
1529693460000,1529693519000,81.777,81.778,81.772,81.775,84900000,1
1529693520000,1529693579000,81.774,81.789,81.774,81.783,142090000,1
1529693580000,1529693639000,81.783,81.789,81.778,81.785,108000000,1
1529693640000,1529693699000,81.785,81.787,81.783,81.785,59100000,1
1529693700000,1529693759000,81.784,81.788,81.781,81.781,126450000,1
1529693760000,1529693819000,81.78,81.786,81.78,81.785,74560000,1
1529693820000,1529693879000,81.784,81.785,81.777,81.783,77120000,1
1529693880000,1529693939000,81.783,81.787,81.781,81.783,97220000,1
1529693940000,1529693999000,81.781,81.784,81.765,81.768,234750000,1
1529694000000,1529694059000,81.767,81.787,81.767,81.784,112310000,1
1529694060000,1529694119000,81.784,81.786,81.782,81.782,31840000,1
1529694120000,1529694179000,81.78,81.78,81.772,81.773,50750000,1
1529694180000,1529694239000,81.773,81.773,81.771,81.771,20330000,1
1529694240000,1529694299000,81.771,81.777,81.77,81.777,28670000,1
1529694300000,1529694359000,81.776,81.787,81.774,81.775,39850000,1
1529694360000,1529694419000,81.775,81.777,81.769,81.775,70660000,1
1529694420000,1529694479000,81.775,81.779,81.775,81.776,45810000,1
1529694480000,1529694539000,81.778,81.781,81.774,81.779,51080000,1
1529694540000,1529694599000,81.78,81.78,81.773,81.777,53480000,1
1529694600000,1529694659000,81.777,81.777,81.762,81.763,76040000,1
1529694660000,1529694719000,81.763,81.779,81.763,81.775,69480000,1
1529694720000,1529694779000,81.775,81.778,81.767,81.772,92020000,1
1529694780000,1529694839000,81.773,81.778,81.77,81.77,63370000,1
1529694840000,1529694899000,81.771,81.776,81.765,81.775,45350000,1
1529694900000,1529694959000,81.775,81.782,81.773,81.777,40730000,1
1529694960000,1529695019000,81.778,81.785,81.775,81.778,67820000,1
1529695020000,1529695079000,81.779,81.781,81.766,81.767,106150000,1
1529695080000,1529695139000,81.768,81.776,81.768,81.771,69900000,1
1529695140000,1529695199000,81.771,81.775,81.77,81.772,38430000,1
1529695200000,1529695259000,81.772,81.78,81.77,81.779,58880000,1
1529695260000,1529695319000,81.778,81.782,81.776,81.778,58060000,1
1529695320000,1529695379000,81.778,81.783,81.778,81.779,41710000,1
1529695380000,1529695439000,81.779,81.779,81.775,81.775,57730000,1
1529695440000,1529695499000,81.776,81.781,81.775,81.777,36820000,1
1529695500000,1529695559000,81.777,81.792,81.777,81.789,63390000,1
1529695560000,1529695619000,81.789,81.793,81.786,81.789,39540000,1
1529695620000,1529695679000,81.788,81.8,81.787,81.795,120530000,1
1529695680000,1529695739000,81.795,81.798,81.792,81.794,91870000,1
1529695740000,1529695799000,81.794,81.795,81.789,81.795,88180000,1
1529695800000,1529695859000,81.794,81.794,81.789,81.791,95070000,1
1529695860000,1529695919000,81.791,81.817,81.787,81.817,147910000,1
1529695920000,1529695979000,81.815,81.815,81.806,81.81,77680000,1
1529695980000,1529696039000,81.81,81.817,81.809,81.811,108890000,1
1529696040000,1529696099000,81.815,81.817,81.813,81.815,42220000,1
1529696100000,1529696159000,81.815,81.815,81.81,81.813,82690000,1
1529696160000,1529696219000,81.813,81.813,81.806,81.811,65820000,1
1529696220000,1529696279000,81.812,81.825,81.811,81.812,117130000,1
1529696280000,1529696339000,81.81,81.823,81.809,81.822,92900000,1
1529696340000,1529696399000,81.824,81.824,81.819,81.819,49800000,1
1529696400000,1529696459000,81.819,81.821,81.818,81.821,37240000,1
1529696460000,1529696519000,81.821,81.824,81.815,81.815,79790000,1
1529696520000,1529696579000,81.815,81.82,81.814,81.816,97530000,1
1529696580000,1529696639000,81.815,81.821,81.812,81.82,90350000,1
1529696640000,1529696699000,81.819,81.821,81.817,81.817,79060000,1
1529696700000,1529696759000,81.818,81.827,81.817,81.824,100310000,1
1529696760000,1529696819000,81.824,81.824,81.816,81.822,102540000,1
1529696820000,1529696879000,81.822,81.822,81.811,81.813,94340000,1
1529696880000,1529696939000,81.814,81.819,81.812,81.819,122730000,1
1529696940000,1529696999000,81.819,81.819,81.816,81.819,68070000,1
1529697000000,1529697059000,81.818,81.819,81.816,81.817,141950000,1
1529697060000,1529697119000,81.818,81.818,81.814,81.818,82310000,1
1529697120000,1529697179000,81.818,81.82,81.812,81.814,50120000,1
1529697180000,1529697239000,81.815,81.816,81.813,81.815,75330000,1
1529697240000,1529697299000,81.815,81.821,81.814,81.82,52980000,1
1529697300000,1529697359000,81.817,81.817,81.801,81.801,69770000,1
1529697360000,1529697419000,81.801,81.809,81.797,81.809,164890000,1
1529697420000,1529697479000,81.809,81.819,81.799,81.813,119690000,1
1529697480000,1529697539000,81.82,81.82,81.804,81.804,76280000,1
1529697540000,1529697599000,81.805,81.805,81.785,81.79,66360000,1
1529697600000,1529697659000,81.79,81.799,81.79,81.796,65290000,1
1529697660000,1529697719000,81.796,81.804,81.796,81.801,26540000,1
1529697720000,1529697779000,81.801,81.802,81.791,81.802,36490000,1
1529697780000,1529697839000,81.803,81.803,81.795,81.795,19860000,1
1529697840000,1529697899000,81.794,81.794,81.794,81.794,19280000,1
1529697900000,1529697959000,81.794,81.794,81.793,81.793,28780000,1
1529697960000,1529698019000,81.793,81.795,81.785,81.785,52820000,1
1529698020000,1529698079000,81.786,81.788,81.784,81.785,49560000,1
1529698080000,1529698139000,81.786,81.789,81.784,81.787,28360000,1
1529698140000,1529698199000,81.789,81.815,81.789,81.815,59130000,1
1529698200000,1529698259000,81.817,81.832,81.817,81.828,50510000,1
1529698260000,1529698319000,81.828,81.829,81.823,81.824,36720000,1
1529698320000,1529698379000,81.823,81.826,81.823,81.823,17830000,1
1529698380000,1529698439000,81.822,81.823,81.822,81.823,22280000,1
1529698440000,1529698499000,81.823,81.829,81.823,81.829,17340000,1
1529698500000,1529698559000,81.829,81.83,81.828,81.828,8250000,1
1529698560000,1529698619000,81.828,81.829,81.826,81.826,12000000,1
1529698620000,1529698679000,81.826,81.827,81.818,81.818,14690000,1
1529698680000,1529698739000,81.818,81.818,81.808,81.809,17940000,1
1529698740000,1529698799000,81.809,81.811,81.806,81.806,24250000,1
1529698800000,1529698859000,81.807,81.808,81.794,81.797,40040000,1
1529698860000,1529698919000,81.797,81.799,81.795,81.797,30520000,1
1529698920000,1529698979000,81.797,81.812,81.796,81.812,43890000,1
1529698980000,1529699039000,81.812,81.818,81.812,81.812,25570000,1
1529699040000,1529699099000,81.812,81.815,81.81,81.814,26560000,1
1529699100000,1529699159000,81.814,81.819,81.814,81.817,29480000,1
1529699160000,1529699219000,81.818,81.828,81.809,81.825,37810000,1
1529699220000,1529699279000,81.825,81.825,81.817,81.817,19110000,1
1529699280000,1529699339000,81.817,81.825,81.817,81.822,18310000,1
1529699340000,1529699399000,81.823,81.833,81.819,81.83,24560000,1
1529699400000,1529699459000,81.831,81.836,81.831,81.835,20250000,1
1529699460000,1529699519000,81.835,81.836,81.83,81.83,32000000,1
1529699520000,1529699579000,81.83,81.83,81.826,81.827,16920000,1
1529699580000,1529699639000,81.828,81.828,81.827,81.827,10430000,1
1529699640000,1529699699000,81.827,81.827,81.826,81.826,17250000,1
1529699700000,1529699759000,81.826,81.826,81.81,81.81,32110000,1
1529699760000,1529699819000,81.813,81.817,81.801,81.805,32890000,1
1529699820000,1529699879000,81.805,81.807,81.8,81.807,14230000,1
1529699880000,1529699939000,81.806,81.806,81.799,81.803,52870000,1
1529699940000,1529699999000,81.803,81.807,81.803,81.803,21910000,1
1529700000000,1529700059000,81.803,81.805,81.803,81.805,43250000,1
1529700060000,1529700119000,81.805,81.805,81.793,81.793,26250000,1
1529700120000,1529700179000,81.792,81.799,81.789,81.799,27110000,1
1529700180000,1529700239000,81.799,81.799,81.795,81.799,20960000,1
1529700240000,1529700299000,81.8,81.805,81.8,81.8,23590000,1
1529700300000,1529700359000,81.799,81.799,81.795,81.799,18100000,1
1529700360000,1529700419000,81.811,81.817,81.81,81.811,12540000,1
1529700420000,1529700479000,81.814,81.814,81.809,81.813,36350000,1
1529700480000,1529700539000,81.814,81.816,81.812,81.813,34770000,1
1529700540000,1529700599000,81.813,81.822,81.811,81.82,26530000,1
1529700600000,1529700659000,81.819,81.821,81.807,81.812,46110000,1
1529700660000,1529700719000,81.812,81.816,81.803,81.804,38820000,1
1529700720000,1529700779000,81.803,81.828,81.803,81.814,45780000,1
1529700780000,1529700839000,81.814,81.827,81.814,81.822,55650000,1
1529700840000,1529700899000,81.819,81.828,81.817,81.825,29250000,1
1529700900000,1529700959000,81.825,81.859,81.825,81.857,67470000,1
1529700960000,1529701019000,81.857,81.857,81.836,81.836,69750000,1
1529701020000,1529701079000,81.836,81.836,81.819,81.82,801290000,1
1529701080000,1529701139000,81.82,81.838,81.807,81.81,33290000,1
1529701140000,1529701199000,81.812,81.812,81.803,81.803,17620000,1
1529701200000,1529701259000,81.803,81.803,81.803,81.803,0,1
1529701260000,1529701319000,81.803,81.803,81.803,81.803,0,1
1529701320000,1529701379000,81.803,81.803,81.803,81.803,0,1
1529701380000,1529701439000,81.803,81.803,81.803,81.803,0,1
1529701440000,1529701499000,81.803,81.803,81.803,81.803,0,1
1529701500000,1529701559000,81.803,81.803,81.803,81.803,0,1
1529701560000,1529701619000,81.803,81.803,81.803,81.803,0,1
1529701620000,1529701679000,81.803,81.803,81.803,81.803,0,1
1529701680000,1529701739000,81.803,81.803,81.803,81.803,0,1
1529701740000,1529701799000,81.803,81.803,81.803,81.803,0,1
1529701800000,1529701859000,81.803,81.803,81.803,81.803,0,1
1529701860000,1529701919000,81.803,81.803,81.803,81.803,0,1
1529701920000,1529701979000,81.803,81.803,81.803,81.803,0,1
1529701980000,1529702039000,81.803,81.803,81.803,81.803,0,1
1529702040000,1529702099000,81.803,81.803,81.803,81.803,0,1
1529702100000,1529702159000,81.803,81.803,81.803,81.803,0,1
1529702160000,1529702219000,81.803,81.803,81.803,81.803,0,1
1529702220000,1529702279000,81.803,81.803,81.803,81.803,0,1
1529702280000,1529702339000,81.803,81.803,81.803,81.803,0,1
1529702340000,1529702399000,81.803,81.803,81.803,81.803,0,1
1529702400000,1529702459000,81.803,81.803,81.803,81.803,0,1
1529702460000,1529702519000,81.803,81.803,81.803,81.803,0,1
1529702520000,1529702579000,81.803,81.803,81.803,81.803,0,1
1529702580000,1529702639000,81.803,81.803,81.803,81.803,0,1
1529702640000,1529702699000,81.803,81.803,81.803,81.803,0,1
1529702700000,1529702759000,81.803,81.803,81.803,81.803,0,1
1529702760000,1529702819000,81.803,81.803,81.803,81.803,0,1
1529702820000,1529702879000,81.803,81.803,81.803,81.803,0,1
1529702880000,1529702939000,81.803,81.803,81.803,81.803,0,1
1529702940000,1529702999000,81.803,81.803,81.803,81.803,0,1
1529703000000,1529703059000,81.803,81.803,81.803,81.803,0,1
1529703060000,1529703119000,81.803,81.803,81.803,81.803,0,1
1529703120000,1529703179000,81.803,81.803,81.803,81.803,0,1
1529703180000,1529703239000,81.803,81.803,81.803,81.803,0,1
1529703240000,1529703299000,81.803,81.803,81.803,81.803,0,1
1529703300000,1529703359000,81.803,81.803,81.803,81.803,0,1
1529703360000,1529703419000,81.803,81.803,81.803,81.803,0,1
1529703420000,1529703479000,81.803,81.803,81.803,81.803,0,1
1529703480000,1529703539000,81.803,81.803,81.803,81.803,0,1
1529703540000,1529703599000,81.803,81.803,81.803,81.803,0,1
1529703600000,1529703659000,81.803,81.803,81.803,81.803,0,1
1529703660000,1529703719000,81.803,81.803,81.803,81.803,0,1
1529703720000,1529703779000,81.803,81.803,81.803,81.803,0,1
1529703780000,1529703839000,81.803,81.803,81.803,81.803,0,1
1529703840000,1529703899000,81.803,81.803,81.803,81.803,0,1
1529703900000,1529703959000,81.803,81.803,81.803,81.803,0,1
1529703960000,1529704019000,81.803,81.803,81.803,81.803,0,1
1529704020000,1529704079000,81.803,81.803,81.803,81.803,0,1
1529704080000,1529704139000,81.803,81.803,81.803,81.803,0,1
1529704140000,1529704199000,81.803,81.803,81.803,81.803,0,1
1529704200000,1529704259000,81.803,81.803,81.803,81.803,0,1
1529704260000,1529704319000,81.803,81.803,81.803,81.803,0,1
1529704320000,1529704379000,81.803,81.803,81.803,81.803,0,1
1529704380000,1529704439000,81.803,81.803,81.803,81.803,0,1
1529704440000,1529704499000,81.803,81.803,81.803,81.803,0,1
1529704500000,1529704559000,81.803,81.803,81.803,81.803,0,1
1529704560000,1529704619000,81.803,81.803,81.803,81.803,0,1
1529704620000,1529704679000,81.803,81.803,81.803,81.803,0,1
1529704680000,1529704739000,81.803,81.803,81.803,81.803,0,1
1529704740000,1529704799000,81.803,81.803,81.803,81.803,0,1
1529704800000,1529704859000,81.803,81.803,81.803,81.803,0,1
1529704860000,1529704919000,81.803,81.803,81.803,81.803,0,1
1529704920000,1529704979000,81.803,81.803,81.803,81.803,0,1
1529704980000,1529705039000,81.803,81.803,81.803,81.803,0,1
1529705040000,1529705099000,81.803,81.803,81.803,81.803,0,1
1529705100000,1529705159000,81.803,81.803,81.803,81.803,0,1
1529705160000,1529705219000,81.803,81.803,81.803,81.803,0,1
1529705220000,1529705279000,81.803,81.803,81.803,81.803,0,1
1529705280000,1529705339000,81.803,81.803,81.803,81.803,0,1
1529705340000,1529705399000,81.803,81.803,81.803,81.803,0,1
1529705400000,1529705459000,81.803,81.803,81.803,81.803,0,1
1529705460000,1529705519000,81.803,81.803,81.803,81.803,0,1
1529705520000,1529705579000,81.803,81.803,81.803,81.803,0,1
1529705580000,1529705639000,81.803,81.803,81.803,81.803,0,1
1529705640000,1529705699000,81.803,81.803,81.803,81.803,0,1
1529705700000,1529705759000,81.803,81.803,81.803,81.803,0,1
1529705760000,1529705819000,81.803,81.803,81.803,81.803,0,1
1529705820000,1529705879000,81.803,81.803,81.803,81.803,0,1
1529705880000,1529705939000,81.803,81.803,81.803,81.803,0,1
1529705940000,1529705999000,81.803,81.803,81.803,81.803,0,1
1529706000000,1529706059000,81.803,81.803,81.803,81.803,0,1
1529706060000,1529706119000,81.803,81.803,81.803,81.803,0,1
1529706120000,1529706179000,81.803,81.803,81.803,81.803,0,1
1529706180000,1529706239000,81.803,81.803,81.803,81.803,0,1
1529706240000,1529706299000,81.803,81.803,81.803,81.803,0,1
1529706300000,1529706359000,81.803,81.803,81.803,81.803,0,1
1529706360000,1529706419000,81.803,81.803,81.803,81.803,0,1
1529706420000,1529706479000,81.803,81.803,81.803,81.803,0,1
1529706480000,1529706539000,81.803,81.803,81.803,81.803,0,1
1529706540000,1529706599000,81.803,81.803,81.803,81.803,0,1
1529706600000,1529706659000,81.803,81.803,81.803,81.803,0,1
1529706660000,1529706719000,81.803,81.803,81.803,81.803,0,1
1529706720000,1529706779000,81.803,81.803,81.803,81.803,0,1
1529706780000,1529706839000,81.803,81.803,81.803,81.803,0,1
1529706840000,1529706899000,81.803,81.803,81.803,81.803,0,1
1529706900000,1529706959000,81.803,81.803,81.803,81.803,0,1
1529706960000,1529707019000,81.803,81.803,81.803,81.803,0,1
1529707020000,1529707079000,81.803,81.803,81.803,81.803,0,1
1529707080000,1529707139000,81.803,81.803,81.803,81.803,0,1
1529707140000,1529707199000,81.803,81.803,81.803,81.803,0,1
1529707200000,1529707259000,81.803,81.803,81.803,81.803,0,1
1529707260000,1529707319000,81.803,81.803,81.803,81.803,0,1
1529707320000,1529707379000,81.803,81.803,81.803,81.803,0,1
1529707380000,1529707439000,81.803,81.803,81.803,81.803,0,1
1529707440000,1529707499000,81.803,81.803,81.803,81.803,0,1
1529707500000,1529707559000,81.803,81.803,81.803,81.803,0,1
1529707560000,1529707619000,81.803,81.803,81.803,81.803,0,1
1529707620000,1529707679000,81.803,81.803,81.803,81.803,0,1
1529707680000,1529707739000,81.803,81.803,81.803,81.803,0,1
1529707740000,1529707799000,81.803,81.803,81.803,81.803,0,1
1529707800000,1529707859000,81.803,81.803,81.803,81.803,0,1
1529707860000,1529707919000,81.803,81.803,81.803,81.803,0,1
1529707920000,1529707979000,81.803,81.803,81.803,81.803,0,1
1529707980000,1529708039000,81.803,81.803,81.803,81.803,0,1
1529708040000,1529708099000,81.803,81.803,81.803,81.803,0,1
1529708100000,1529708159000,81.803,81.803,81.803,81.803,0,1
1529708160000,1529708219000,81.803,81.803,81.803,81.803,0,1
1529708220000,1529708279000,81.803,81.803,81.803,81.803,0,1
1529708280000,1529708339000,81.803,81.803,81.803,81.803,0,1
1529708340000,1529708399000,81.803,81.803,81.803,81.803,0,1
1529708400000,1529708459000,81.803,81.803,81.803,81.803,0,1
1529708460000,1529708519000,81.803,81.803,81.803,81.803,0,1
1529708520000,1529708579000,81.803,81.803,81.803,81.803,0,1
1529708580000,1529708639000,81.803,81.803,81.803,81.803,0,1
1529708640000,1529708699000,81.803,81.803,81.803,81.803,0,1
1529708700000,1529708759000,81.803,81.803,81.803,81.803,0,1
1529708760000,1529708819000,81.803,81.803,81.803,81.803,0,1
1529708820000,1529708879000,81.803,81.803,81.803,81.803,0,1
1529708880000,1529708939000,81.803,81.803,81.803,81.803,0,1
1529708940000,1529708999000,81.803,81.803,81.803,81.803,0,1
1529709000000,1529709059000,81.803,81.803,81.803,81.803,0,1
1529709060000,1529709119000,81.803,81.803,81.803,81.803,0,1
1529709120000,1529709179000,81.803,81.803,81.803,81.803,0,1
1529709180000,1529709239000,81.803,81.803,81.803,81.803,0,1
1529709240000,1529709299000,81.803,81.803,81.803,81.803,0,1
1529709300000,1529709359000,81.803,81.803,81.803,81.803,0,1
1529709360000,1529709419000,81.803,81.803,81.803,81.803,0,1
1529709420000,1529709479000,81.803,81.803,81.803,81.803,0,1
1529709480000,1529709539000,81.803,81.803,81.803,81.803,0,1
1529709540000,1529709599000,81.803,81.803,81.803,81.803,0,1
1529709600000,1529709659000,81.803,81.803,81.803,81.803,0,1
1529709660000,1529709719000,81.803,81.803,81.803,81.803,0,1
1529709720000,1529709779000,81.803,81.803,81.803,81.803,0,1
1529709780000,1529709839000,81.803,81.803,81.803,81.803,0,1
1529709840000,1529709899000,81.803,81.803,81.803,81.803,0,1
1529709900000,1529709959000,81.803,81.803,81.803,81.803,0,1
1529709960000,1529710019000,81.803,81.803,81.803,81.803,0,1
1529710020000,1529710079000,81.803,81.803,81.803,81.803,0,1
1529710080000,1529710139000,81.803,81.803,81.803,81.803,0,1
1529710140000,1529710199000,81.803,81.803,81.803,81.803,0,1
1529710200000,1529710259000,81.803,81.803,81.803,81.803,0,1
1529710260000,1529710319000,81.803,81.803,81.803,81.803,0,1
1529710320000,1529710379000,81.803,81.803,81.803,81.803,0,1
1529710380000,1529710439000,81.803,81.803,81.803,81.803,0,1
1529710440000,1529710499000,81.803,81.803,81.803,81.803,0,1
1529710500000,1529710559000,81.803,81.803,81.803,81.803,0,1
1529710560000,1529710619000,81.803,81.803,81.803,81.803,0,1
1529710620000,1529710679000,81.803,81.803,81.803,81.803,0,1
1529710680000,1529710739000,81.803,81.803,81.803,81.803,0,1
1529710740000,1529710799000,81.803,81.803,81.803,81.803,0,1
1529710800000,1529710859000,81.803,81.803,81.803,81.803,0,1
1529710860000,1529710919000,81.803,81.803,81.803,81.803,0,1
1529710920000,1529710979000,81.803,81.803,81.803,81.803,0,1
1529710980000,1529711039000,81.803,81.803,81.803,81.803,0,1
1529711040000,1529711099000,81.803,81.803,81.803,81.803,0,1
1529711100000,1529711159000,81.803,81.803,81.803,81.803,0,1
1529711160000,1529711219000,81.803,81.803,81.803,81.803,0,1
1529711220000,1529711279000,81.803,81.803,81.803,81.803,0,1
1529711280000,1529711339000,81.803,81.803,81.803,81.803,0,1
1529711340000,1529711399000,81.803,81.803,81.803,81.803,0,1
1529711400000,1529711459000,81.803,81.803,81.803,81.803,0,1
1529711460000,1529711519000,81.803,81.803,81.803,81.803,0,1
1529711520000,1529711579000,81.803,81.803,81.803,81.803,0,1
1529711580000,1529711639000,81.803,81.803,81.803,81.803,0,1
1529711640000,1529711699000,81.803,81.803,81.803,81.803,0,1
1529711700000,1529711759000,81.803,81.803,81.803,81.803,0,1
1529711760000,1529711819000,81.803,81.803,81.803,81.803,0,1
1529711820000,1529711879000,81.803,81.803,81.803,81.803,0,1
1529711880000,1529711939000,81.803,81.803,81.803,81.803,0,1
1529711940000,1529711999000,81.803,81.803,81.803,81.803,0,1
1529874000000,1529874059000,81.692,81.706,81.692,81.706,2250000,1
1529874060000,1529874119000,81.706,81.721,81.706,81.721,3750000,1
1529874120000,1529874179000,81.721,81.73,81.72,81.725,7500000,1
1529874180000,1529874239000,81.726,81.757,81.724,81.757,15000000,1
1529874240000,1529874299000,81.762,81.789,81.762,81.78,22500000,1
1529874300000,1529874359000,81.78,81.832,81.762,81.763,56000000,1
1529874360000,1529874419000,81.75,81.75,81.736,81.745,11520000,1
1529874420000,1529874479000,81.744,81.748,81.734,81.734,16640000,1
1529874480000,1529874539000,81.728,81.748,81.728,81.748,12590000,1
1529874540000,1529874599000,81.746,81.746,81.713,81.722,22870000,1
1529874600000,1529874659000,81.722,81.743,81.722,81.737,32610000,1
1529874660000,1529874719000,81.743,81.744,81.732,81.744,28110000,1
1529874720000,1529874779000,81.737,81.754,81.737,81.754,24460000,1
1529874780000,1529874839000,81.756,81.757,81.753,81.757,14770000,1
1529874840000,1529874899000,81.757,81.757,81.756,81.756,5950000,1
1529874900000,1529874959000,81.762,81.772,81.757,81.772,16650000,1
1529874960000,1529875019000,81.778,81.811,81.778,81.811,33390000,1
1529875020000,1529875079000,81.813,81.857,81.813,81.855,71460000,1
1529875080000,1529875139000,81.855,81.855,81.827,81.833,41800000,1
1529875140000,1529875199000,81.833,81.833,81.814,81.829,41170000,1
1529875200000,1529875259000,81.824,81.829,81.824,81.824,24100000,1
1529875260000,1529875319000,81.826,81.827,81.814,81.822,30350000,1
1529875320000,1529875379000,81.822,81.833,81.815,81.815,45800000,1
1529875380000,1529875439000,81.815,81.82,81.815,81.815,60780000,1
1529875440000,1529875499000,81.815,81.816,81.815,81.815,47420000,1
1529875500000,1529875559000,81.815,81.815,81.809,81.815,47040000,1
1529875560000,1529875619000,81.815,81.815,81.815,81.815,57120000,1
1529875620000,1529875679000,81.815,81.815,81.806,81.806,41290000,1
1529875680000,1529875739000,81.808,81.808,81.807,81.807,32110000,1
1529875740000,1529875799000,81.807,81.808,81.801,81.806,37600000,1
1529875800000,1529875859000,81.795,81.795,81.724,81.75,453580000,1
1529875860000,1529875919000,81.756,81.775,81.748,81.759,102660000,1
1529875920000,1529875979000,81.759,81.776,81.754,81.767,48750000,1
1529875980000,1529876039000,81.772,81.772,81.753,81.754,48930000,1
1529876040000,1529876099000,81.757,81.765,81.756,81.758,32850000,1
1529876100000,1529876159000,81.757,81.784,81.757,81.771,47830000,1
1529876160000,1529876219000,81.775,81.78,81.769,81.771,43000000,1
1529876220000,1529876279000,81.775,81.776,81.768,81.769,50250000,1
1529876280000,1529876339000,81.771,81.78,81.771,81.777,18000000,1
1529876340000,1529876399000,81.776,81.806,81.776,81.776,42200000,1
1529876400000,1529876459000,81.775,81.806,81.752,81.771,215310000,1
1529876460000,1529876519000,81.771,81.801,81.771,81.771,50210000,1
1529876520000,1529876579000,81.774,81.789,81.771,81.789,29000000,1
1529876580000,1529876639000,81.789,81.789,81.765,81.773,50690000,1
1529876640000,1529876699000,81.776,81.787,81.764,81.787,43070000,1
1529876700000,1529876759000,81.787,81.79,81.772,81.778,41760000,1
1529876760000,1529876819000,81.781,81.782,81.777,81.779,31750000,1
1529876820000,1529876879000,81.78,81.782,81.777,81.78,20000000,1
1529876880000,1529876939000,81.782,81.782,81.778,81.78,26000000,1
1529876940000,1529876999000,81.781,81.782,81.777,81.778,28500000,1
1529877000000,1529877059000,81.777,81.78,81.773,81.778,268250000,1
1529877060000,1529877119000,81.78,81.782,81.775,81.775,24000000,1
1529877120000,1529877179000,81.774,81.777,81.767,81.767,28500000,1
1529877180000,1529877239000,81.766,81.771,81.766,81.767,36500000,1
1529877240000,1529877299000,81.769,81.77,81.763,81.763,45000000,1
1529877300000,1529877359000,81.767,81.778,81.751,81.762,101690000,1
1529877360000,1529877419000,81.762,81.768,81.751,81.763,103500000,1
1529877420000,1529877479000,81.767,81.767,81.761,81.764,52000000,1
1529877480000,1529877539000,81.766,81.767,81.761,81.763,76750000,1
1529877540000,1529877599000,81.767,81.793,81.75,81.78,75630000,1
1529877600000,1529877659000,81.781,81.787,81.759,81.777,50940000,1
1529877660000,1529877719000,81.779,81.8,81.779,81.792,145180000,1
1529877720000,1529877779000,81.792,81.795,81.781,81.782,41130000,1
1529877780000,1529877839000,81.782,81.783,81.768,81.769,37150000,1
1529877840000,1529877899000,81.768,81.77,81.747,81.758,92240000,1
1529877900000,1529877959000,81.755,81.761,81.755,81.76,37200000,1
1529877960000,1529878019000,81.761,81.762,81.756,81.759,33390000,1
1529878020000,1529878079000,81.759,81.771,81.759,81.768,34080000,1
1529878080000,1529878139000,81.767,81.768,81.748,81.75,65090000,1
1529878140000,1529878199000,81.75,81.75,81.745,81.746,45800000,1
1529878200000,1529878259000,81.747,81.764,81.733,81.737,101150000,1
1529878260000,1529878319000,81.736,81.736,81.732,81.734,20800000,1
1529878320000,1529878379000,81.734,81.762,81.734,81.752,47530000,1
1529878380000,1529878439000,81.753,81.754,81.743,81.744,26490000,1
1529878440000,1529878499000,81.744,81.746,81.74,81.74,12250000,1
1529878500000,1529878559000,81.74,81.757,81.739,81.752,47300000,1
1529878560000,1529878619000,81.75,81.75,81.717,81.719,73540000,1
1529878620000,1529878679000,81.722,81.729,81.721,81.729,33130000,1
1529878680000,1529878739000,81.729,81.73,81.718,81.73,53310000,1
1529878740000,1529878799000,81.731,81.762,81.731,81.762,29100000,1
1529878800000,1529878859000,81.761,81.762,81.752,81.752,23380000,1
1529878860000,1529878919000,81.751,81.752,81.748,81.751,14940000,1
1529878920000,1529878979000,81.751,81.756,81.751,81.755,5500000,1
1529878980000,1529879039000,81.754,81.754,81.753,81.754,4190000,1
1529879040000,1529879099000,81.758,81.776,81.758,81.776,18690000,1
1529879100000,1529879159000,81.776,81.78,81.769,81.77,41880000,1
1529879160000,1529879219000,81.77,81.77,81.767,81.767,22350000,1
1529879220000,1529879279000,81.766,81.766,81.766,81.766,3380000,1
1529879280000,1529879339000,81.765,81.771,81.764,81.771,18180000,1
1529879340000,1529879399000,81.77,81.771,81.77,81.771,12190000,1
1529879400000,1529879459000,81.772,81.773,81.764,81.764,21370000,1
1529879460000,1529879519000,81.763,81.765,81.759,81.761,21000000,1
1529879520000,1529879579000,81.762,81.762,81.761,81.761,2000000,1
1529879580000,1529879639000,81.76,81.76,81.756,81.756,15180000,1
1529879640000,1529879699000,81.755,81.755,81.739,81.746,34620000,1
1529879700000,1529879759000,81.746,81.75,81.742,81.742,34450000,1
1529879760000,1529879819000,81.742,81.746,81.729,81.731,43260000,1
1529879820000,1529879879000,81.732,81.739,81.73,81.731,30670000,1
1529879880000,1529879939000,81.731,81.732,81.731,81.732,17290000,1
1529879940000,1529879999000,81.732,81.74,81.732,81.738,29320000,1
1529880000000,1529880059000,81.74,81.753,81.74,81.75,63450000,1
1529880060000,1529880119000,81.75,81.75,81.742,81.742,27420000,1
1529880120000,1529880179000,81.743,81.755,81.742,81.755,10620000,1
1529880180000,1529880239000,81.755,81.755,81.742,81.743,18680000,1
1529880240000,1529880299000,81.743,81.744,81.742,81.742,9720000,1
1529880300000,1529880359000,81.741,81.741,81.738,81.74,14980000,1
1529880360000,1529880419000,81.741,81.741,81.722,81.724,28980000,1
1529880420000,1529880479000,81.725,81.727,81.722,81.727,26620000,1
1529880480000,1529880539000,81.728,81.728,81.725,81.725,12980000,1
1529880540000,1529880599000,81.726,81.732,81.722,81.728,41410000,1
1529880600000,1529880659000,81.73,81.747,81.726,81.747,45050000,1
1529880660000,1529880719000,81.748,81.762,81.731,81.752,80970000,1
1529880720000,1529880779000,81.754,81.758,81.743,81.744,38470000,1
1529880780000,1529880839000,81.743,81.744,81.743,81.744,4870000,1
1529880840000,1529880899000,81.745,81.746,81.741,81.741,15510000,1
1529880900000,1529880959000,81.741,81.742,81.741,81.742,3370000,1
1529880960000,1529881019000,81.748,81.755,81.748,81.752,16310000,1
1529881020000,1529881079000,81.751,81.767,81.751,81.766,23650000,1
1529881080000,1529881139000,81.764,81.767,81.764,81.765,7800000,1
1529881140000,1529881199000,81.764,81.764,81.761,81.762,12430000,1
1529881200000,1529881259000,81.764,81.781,81.752,81.779,72300000,1
1529881260000,1529881319000,81.777,81.788,81.777,81.783,36850000,1
1529881320000,1529881379000,81.784,81.785,81.781,81.781,16320000,1
1529881380000,1529881439000,81.783,81.783,81.78,81.78,5430000,1
1529881440000,1529881499000,81.779,81.779,81.771,81.771,31410000,1
1529881500000,1529881559000,81.77,81.772,81.768,81.772,29060000,1
1529881560000,1529881619000,81.772,81.772,81.77,81.77,10370000,1
1529881620000,1529881679000,81.768,81.768,81.742,81.743,44660000,1
1529881680000,1529881739000,81.743,81.743,81.735,81.737,31020000,1
1529881740000,1529881799000,81.737,81.737,81.722,81.735,41570000,1
1529881800000,1529881859000,81.735,81.755,81.735,81.755,27550000,1
1529881860000,1529881919000,81.757,81.78,81.757,81.778,38640000,1
1529881920000,1529881979000,81.777,81.777,81.762,81.77,47610000,1
1529881980000,1529882039000,81.77,81.776,81.75,81.756,54660000,1
1529882040000,1529882099000,81.758,81.76,81.741,81.744,81430000,1
1529882100000,1529882159000,81.744,81.744,81.73,81.731,68600000,1
1529882160000,1529882219000,81.731,81.741,81.717,81.741,48960000,1
1529882220000,1529882279000,81.74,81.742,81.734,81.734,42200000,1
1529882280000,1529882339000,81.736,81.754,81.736,81.75,33500000,1
1529882340000,1529882399000,81.751,81.753,81.735,81.738,24750000,1
1529882400000,1529882459000,81.736,81.737,81.736,81.736,10570000,1
1529882460000,1529882519000,81.736,81.74,81.736,81.74,8190000,1
1529882520000,1529882579000,81.74,81.74,81.735,81.735,10250000,1
1529882580000,1529882639000,81.735,81.737,81.732,81.734,29850000,1
1529882640000,1529882699000,81.735,81.739,81.735,81.739,16480000,1
1529882700000,1529882759000,81.738,81.738,81.728,81.729,13610000,1
1529882760000,1529882819000,81.728,81.731,81.72,81.726,29180000,1
1529882820000,1529882879000,81.726,81.728,81.725,81.727,31670000,1
1529882880000,1529882939000,81.727,81.728,81.727,81.728,9550000,1
1529882940000,1529882999000,81.728,81.729,81.727,81.728,40490000,1
1529883000000,1529883059000,81.728,81.731,81.724,81.724,38270000,1
1529883060000,1529883119000,81.724,81.74,81.723,81.74,46410000,1
1529883120000,1529883179000,81.74,81.743,81.737,81.737,43410000,1
1529883180000,1529883239000,81.738,81.739,81.737,81.738,27470000,1
1529883240000,1529883299000,81.739,81.75,81.739,81.744,44120000,1
1529883300000,1529883359000,81.744,81.744,81.735,81.742,30160000,1
1529883360000,1529883419000,81.743,81.743,81.732,81.732,28950000,1
1529883420000,1529883479000,81.731,81.739,81.729,81.736,25870000,1
1529883480000,1529883539000,81.737,81.737,81.731,81.733,11850000,1
1529883540000,1529883599000,81.732,81.732,81.73,81.732,15750000,1
1529883600000,1529883659000,81.731,81.731,81.721,81.722,21000000,1
1529883660000,1529883719000,81.722,81.722,81.715,81.722,22810000,1
1529883720000,1529883779000,81.721,81.723,81.72,81.721,26370000,1
1529883780000,1529883839000,81.72,81.722,81.719,81.722,19000000,1
1529883840000,1529883899000,81.723,81.733,81.723,81.731,21990000,1
1529883900000,1529883959000,81.732,81.74,81.732,81.739,29580000,1
1529883960000,1529884019000,81.739,81.753,81.738,81.753,42480000,1
1529884020000,1529884079000,81.754,81.761,81.749,81.749,37920000,1
1529884080000,1529884139000,81.749,81.749,81.741,81.743,57610000,1
1529884140000,1529884199000,81.744,81.745,81.733,81.733,45890000,1
1529884200000,1529884259000,81.732,81.742,81.729,81.742,46610000,1
1529884260000,1529884319000,81.741,81.742,81.736,81.738,52430000,1
1529884320000,1529884379000,81.738,81.753,81.73,81.747,86740000,1
1529884380000,1529884439000,81.747,81.747,81.737,81.74,25100000,1
1529884440000,1529884499000,81.74,81.748,81.738,81.746,71590000,1
1529884500000,1529884559000,81.748,81.766,81.748,81.764,67080000,1
1529884560000,1529884619000,81.762,81.763,81.758,81.76,32010000,1
1529884620000,1529884679000,81.76,81.774,81.757,81.774,126160000,1
1529884680000,1529884739000,81.775,81.781,81.767,81.773,59040000,1
1529884740000,1529884799000,81.772,81.798,81.768,81.781,130690000,1
1529884800000,1529884859000,81.793,81.793,81.758,81.759,111720000,1
1529884860000,1529884919000,81.758,81.758,81.722,81.735,150770000,1
1529884920000,1529884979000,81.735,81.758,81.732,81.738,96700000,1
1529884980000,1529885039000,81.737,81.745,81.724,81.73,100840000,1
1529885040000,1529885099000,81.73,81.73,81.686,81.698,177250000,1
1529885100000,1529885159000,81.696,81.718,81.684,81.705,135560000,1
1529885160000,1529885219000,81.707,81.73,81.707,81.718,131200000,1
1529885220000,1529885279000,81.718,81.737,81.709,81.724,136150000,1
1529885280000,1529885339000,81.724,81.725,81.693,81.693,90170000,1
1529885340000,1529885399000,81.694,81.701,81.687,81.69,66990000,1
1529885400000,1529885459000,81.692,81.705,81.692,81.7,42490000,1
1529885460000,1529885519000,81.699,81.702,81.688,81.702,66780000,1
1529885520000,1529885579000,81.7,81.7,81.681,81.694,78880000,1
1529885580000,1529885639000,81.694,81.702,81.682,81.692,41080000,1
1529885640000,1529885699000,81.693,81.694,81.678,81.684,54680000,1
1529885700000,1529885759000,81.685,81.685,81.681,81.682,49780000,1
1529885760000,1529885819000,81.684,81.693,81.682,81.687,91500000,1
1529885820000,1529885879000,81.687,81.692,81.67,81.675,183920000,1
1529885880000,1529885939000,81.675,81.676,81.641,81.657,123330000,1
1529885940000,1529885999000,81.656,81.656,81.618,81.642,108550000,1
1529886000000,1529886059000,81.642,81.643,81.629,81.633,79390000,1
1529886060000,1529886119000,81.637,81.668,81.637,81.656,98090000,1
1529886120000,1529886179000,81.656,81.656,81.632,81.646,109940000,1
1529886180000,1529886239000,81.647,81.652,81.631,81.636,102230000,1
1529886240000,1529886299000,81.637,81.639,81.603,81.603,96500000,1
1529886300000,1529886359000,81.601,81.602,81.546,81.547,165660000,1
1529886360000,1529886419000,81.548,81.592,81.527,81.534,227150000,1
1529886420000,1529886479000,81.534,81.558,81.521,81.547,117760000,1
1529886480000,1529886539000,81.548,81.555,81.532,81.532,68500000,1
1529886540000,1529886599000,81.533,81.539,81.487,81.488,141370000,1
1529886600000,1529886659000,81.488,81.506,81.425,81.434,143240000,1
1529886660000,1529886719000,81.433,81.441,81.407,81.434,213420000,1
1529886720000,1529886779000,81.433,81.443,81.419,81.436,124050000,1
1529886780000,1529886839000,81.435,81.494,81.434,81.485,105110000,1
1529886840000,1529886899000,81.485,81.485,81.446,81.46,124100000,1
1529886900000,1529886959000,81.462,81.504,81.462,81.494,102080000,1
1529886960000,1529887019000,81.494,81.507,81.477,81.479,87690000,1
1529887020000,1529887079000,81.479,81.479,81.459,81.474,86760000,1
1529887080000,1529887139000,81.473,81.476,81.44,81.447,117190000,1
1529887140000,1529887199000,81.447,81.491,81.447,81.49,92400000,1
1529887200000,1529887259000,81.488,81.488,81.457,81.47,140820000,1
1529887260000,1529887319000,81.468,81.476,81.463,81.465,109430000,1
1529887320000,1529887379000,81.465,81.465,81.412,81.421,116750000,1
1529887380000,1529887439000,81.421,81.437,81.416,81.433,112850000,1
1529887440000,1529887499000,81.432,81.45,81.425,81.434,91040000,1
1529887500000,1529887559000,81.434,81.434,81.42,81.429,100810000,1
1529887560000,1529887619000,81.429,81.436,81.412,81.422,92370000,1
1529887620000,1529887679000,81.422,81.424,81.386,81.395,82130000,1
1529887680000,1529887739000,81.395,81.428,81.393,81.423,95680000,1
1529887740000,1529887799000,81.422,81.482,81.42,81.473,91800000,1
1529887800000,1529887859000,81.472,81.493,81.451,81.484,92110000,1
1529887860000,1529887919000,81.485,81.499,81.466,81.466,113530000,1
1529887920000,1529887979000,81.467,81.468,81.437,81.45,64380000,1
1529887980000,1529888039000,81.452,81.459,81.421,81.421,84550000,1
1529888040000,1529888099000,81.42,81.42,81.372,81.375,172160000,1
1529888100000,1529888159000,81.379,81.389,81.341,81.341,162930000,1
1529888160000,1529888219000,81.339,81.396,81.327,81.396,131760000,1
1529888220000,1529888279000,81.399,81.405,81.368,81.378,105740000,1
1529888280000,1529888339000,81.377,81.415,81.377,81.407,128880000,1
1529888340000,1529888399000,81.406,81.419,81.395,81.404,133180000,1
1529888400000,1529888459000,81.404,81.408,81.377,81.382,141310000,1
1529888460000,1529888519000,81.384,81.387,81.371,81.378,124230000,1
1529888520000,1529888579000,81.378,81.427,81.378,81.405,138160000,1
1529888580000,1529888639000,81.406,81.413,81.372,81.374,94070000,1
1529888640000,1529888699000,81.377,81.418,81.374,81.406,96540000,1
1529888700000,1529888759000,81.408,81.413,81.399,81.412,74300000,1
1529888760000,1529888819000,81.412,81.428,81.412,81.427,80470000,1
1529888820000,1529888879000,81.426,81.441,81.426,81.428,64710000,1
1529888880000,1529888939000,81.424,81.441,81.42,81.44,69430000,1
1529888940000,1529888999000,81.44,81.464,81.434,81.461,80450000,1
1529889000000,1529889059000,81.46,81.467,81.449,81.466,64880000,1
1529889060000,1529889119000,81.467,81.467,81.454,81.454,55990000,1
1529889120000,1529889179000,81.453,81.459,81.451,81.454,51830000,1
1529889180000,1529889239000,81.453,81.456,81.443,81.452,87090000,1
1529889240000,1529889299000,81.452,81.454,81.428,81.428,94040000,1
1529889300000,1529889359000,81.429,81.471,81.429,81.448,162580000,1
1529889360000,1529889419000,81.449,81.451,81.377,81.377,139990000,1
1529889420000,1529889479000,81.375,81.381,81.36,81.36,126210000,1
1529889480000,1529889539000,81.356,81.357,81.325,81.329,128780000,1
1529889540000,1529889599000,81.328,81.336,81.252,81.262,243130000,1
1529889600000,1529889659000,81.266,81.318,81.266,81.306,133460000,1
1529889660000,1529889719000,81.303,81.303,81.247,81.247,166390000,1
1529889720000,1529889779000,81.247,81.287,81.246,81.287,110820000,1
1529889780000,1529889839000,81.288,81.288,81.259,81.265,105640000,1
1529889840000,1529889899000,81.265,81.305,81.265,81.299,114050000,1
1529889900000,1529889959000,81.298,81.33,81.282,81.33,135320000,1
1529889960000,1529890019000,81.331,81.353,81.328,81.345,101150000,1
1529890020000,1529890079000,81.345,81.351,81.333,81.341,63460000,1
1529890080000,1529890139000,81.34,81.349,81.305,81.305,66740000,1
1529890140000,1529890199000,81.304,81.313,81.286,81.303,151910000,1
1529890200000,1529890259000,81.303,81.347,81.296,81.296,175850000,1
1529890260000,1529890319000,81.295,81.32,81.274,81.278,153900000,1
1529890320000,1529890379000,81.281,81.355,81.281,81.314,184030000,1
1529890380000,1529890439000,81.312,81.32,81.286,81.294,109370000,1
1529890440000,1529890499000,81.294,81.335,81.292,81.292,128700000,1
1529890500000,1529890559000,81.293,81.315,81.254,81.278,176560000,1
1529890560000,1529890619000,81.277,81.288,81.27,81.279,153120000,1
1529890620000,1529890679000,81.281,81.301,81.277,81.299,114190000,1
1529890680000,1529890739000,81.299,81.322,81.299,81.305,74450000,1
1529890740000,1529890799000,81.305,81.337,81.29,81.292,137410000,1
1529890800000,1529890859000,81.292,81.296,81.275,81.294,103230000,1
1529890860000,1529890919000,81.294,81.305,81.283,81.285,102170000,1
1529890920000,1529890979000,81.286,81.304,81.277,81.302,84630000,1
1529890980000,1529891039000,81.3,81.33,81.299,81.315,127710000,1
1529891040000,1529891099000,81.316,81.319,81.285,81.285,123650000,1
1529891100000,1529891159000,81.285,81.286,81.264,81.28,132370000,1
1529891160000,1529891219000,81.281,81.281,81.264,81.281,126050000,1
1529891220000,1529891279000,81.282,81.287,81.27,81.287,71010000,1
1529891280000,1529891339000,81.29,81.31,81.281,81.288,82180000,1
1529891340000,1529891399000,81.288,81.362,81.286,81.362,113450000,1
1529891400000,1529891459000,81.363,81.396,81.363,81.387,111110000,1
1529891460000,1529891519000,81.386,81.388,81.371,81.373,104950000,1
1529891520000,1529891579000,81.373,81.373,81.351,81.355,129030000,1
1529891580000,1529891639000,81.355,81.372,81.342,81.343,110520000,1
1529891640000,1529891699000,81.343,81.355,81.329,81.332,125680000,1
1529891700000,1529891759000,81.33,81.33,81.281,81.316,191450000,1
1529891760000,1529891819000,81.317,81.323,81.3,81.323,80920000,1
1529891820000,1529891879000,81.322,81.338,81.314,81.327,137180000,1
1529891880000,1529891939000,81.327,81.341,81.325,81.341,85470000,1
1529891940000,1529891999000,81.34,81.34,81.321,81.324,109580000,1
1529892000000,1529892059000,81.327,81.346,81.314,81.343,112660000,1
1529892060000,1529892119000,81.343,81.347,81.323,81.343,121350000,1
1529892120000,1529892179000,81.343,81.343,81.321,81.321,70140000,1
1529892180000,1529892239000,81.321,81.337,81.319,81.336,99440000,1
1529892240000,1529892299000,81.337,81.34,81.333,81.334,74770000,1
1529892300000,1529892359000,81.334,81.334,81.271,81.279,173200000,1
1529892360000,1529892419000,81.279,81.29,81.264,81.282,122850000,1
1529892420000,1529892479000,81.283,81.286,81.27,81.282,113610000,1
1529892480000,1529892539000,81.282,81.298,81.269,81.27,120290000,1
1529892540000,1529892599000,81.272,81.273,81.232,81.262,191100000,1
1529892600000,1529892659000,81.262,81.291,81.262,81.271,117140000,1
1529892660000,1529892719000,81.271,81.294,81.271,81.291,152100000,1
1529892720000,1529892779000,81.292,81.292,81.275,81.278,104720000,1
1529892780000,1529892839000,81.278,81.308,81.278,81.308,76340000,1
1529892840000,1529892899000,81.308,81.324,81.294,81.296,132080000,1
1529892900000,1529892959000,81.296,81.308,81.281,81.306,114240000,1
1529892960000,1529893019000,81.307,81.326,81.304,81.324,55630000,1
1529893020000,1529893079000,81.324,81.325,81.312,81.325,89470000,1
1529893080000,1529893139000,81.324,81.34,81.306,81.307,126830000,1
1529893140000,1529893199000,81.308,81.309,81.297,81.305,104830000,1
1529893200000,1529893259000,81.306,81.326,81.306,81.316,95380000,1
1529893260000,1529893319000,81.316,81.345,81.314,81.345,91770000,1
1529893320000,1529893379000,81.346,81.346,81.312,81.334,117610000,1
1529893380000,1529893439000,81.332,81.333,81.324,81.329,55240000,1
1529893440000,1529893499000,81.329,81.343,81.327,81.343,78630000,1
1529893500000,1529893559000,81.342,81.356,81.33,81.348,103640000,1
1529893560000,1529893619000,81.347,81.367,81.345,81.352,66850000,1
1529893620000,1529893679000,81.352,81.353,81.33,81.346,103730000,1
1529893680000,1529893739000,81.345,81.345,81.33,81.333,97970000,1
1529893740000,1529893799000,81.334,81.334,81.314,81.323,126490000,1
1529893800000,1529893859000,81.323,81.326,81.306,81.322,93830000,1
1529893860000,1529893919000,81.321,81.324,81.311,81.32,106790000,1
1529893920000,1529893979000,81.319,81.329,81.317,81.329,88040000,1
1529893980000,1529894039000,81.33,81.331,81.32,81.324,62020000,1
1529894040000,1529894099000,81.324,81.327,81.314,81.315,92650000,1
1529894100000,1529894159000,81.315,81.317,81.292,81.295,72630000,1
1529894160000,1529894219000,81.298,81.307,81.293,81.294,77910000,1
1529894220000,1529894279000,81.293,81.293,81.28,81.281,67690000,1
1529894280000,1529894339000,81.281,81.281,81.269,81.269,55500000,1
1529894340000,1529894399000,81.269,81.28,81.266,81.275,73390000,1
1529894400000,1529894459000,81.275,81.278,81.271,81.277,59920000,1
1529894460000,1529894519000,81.278,81.294,81.278,81.288,61590000,1
1529894520000,1529894579000,81.289,81.3,81.289,81.293,46960000,1
1529894580000,1529894639000,81.294,81.296,81.292,81.293,26930000,1
1529894640000,1529894699000,81.293,81.294,81.291,81.291,31050000,1
1529894700000,1529894759000,81.291,81.291,81.284,81.288,47150000,1
1529894760000,1529894819000,81.289,81.29,81.28,81.281,38670000,1
1529894820000,1529894879000,81.281,81.283,81.273,81.275,38390000,1
1529894880000,1529894939000,81.275,81.279,81.263,81.263,48020000,1
1529894940000,1529894999000,81.261,81.261,81.243,81.25,85620000,1
1529895000000,1529895059000,81.25,81.273,81.239,81.269,75320000,1
1529895060000,1529895119000,81.267,81.273,81.25,81.25,63530000,1
1529895120000,1529895179000,81.25,81.265,81.25,81.255,75470000,1
1529895180000,1529895239000,81.256,81.26,81.229,81.229,98660000,1
1529895240000,1529895299000,81.228,81.244,81.223,81.227,80010000,1
1529895300000,1529895359000,81.227,81.244,81.227,81.24,87980000,1
1529895360000,1529895419000,81.241,81.244,81.233,81.24,48460000,1
1529895420000,1529895479000,81.239,81.252,81.239,81.251,75960000,1
1529895480000,1529895539000,81.252,81.264,81.235,81.261,110420000,1
1529895540000,1529895599000,81.26,81.26,81.247,81.247,96810000,1
1529895600000,1529895659000,81.245,81.257,81.237,81.248,110510000,1
1529895660000,1529895719000,81.246,81.247,81.223,81.232,91120000,1
1529895720000,1529895779000,81.231,81.238,81.219,81.238,87830000,1
1529895780000,1529895839000,81.238,81.245,81.234,81.239,50750000,1
1529895840000,1529895899000,81.238,81.244,81.237,81.239,48610000,1
1529895900000,1529895959000,81.238,81.238,81.236,81.237,29640000,1
1529895960000,1529896019000,81.238,81.245,81.231,81.232,38520000,1
1529896020000,1529896079000,81.231,81.247,81.229,81.247,53490000,1
1529896080000,1529896139000,81.245,81.249,81.243,81.249,21720000,1
1529896140000,1529896199000,81.248,81.275,81.248,81.274,74600000,1
1529896200000,1529896259000,81.274,81.285,81.264,81.281,95090000,1
1529896260000,1529896319000,81.282,81.282,81.273,81.275,38610000,1
1529896320000,1529896379000,81.275,81.28,81.266,81.267,43780000,1
1529896380000,1529896439000,81.269,81.269,81.256,81.259,38480000,1
1529896440000,1529896499000,81.259,81.289,81.258,81.287,95710000,1
1529896500000,1529896559000,81.286,81.286,81.269,81.269,57340000,1
1529896560000,1529896619000,81.268,81.268,81.254,81.262,62860000,1
1529896620000,1529896679000,81.263,81.273,81.263,81.272,49360000,1
1529896680000,1529896739000,81.272,81.273,81.259,81.264,58450000,1
1529896740000,1529896799000,81.263,81.282,81.262,81.279,63410000,1
1529896800000,1529896859000,81.279,81.283,81.279,81.281,14180000,1
1529896860000,1529896919000,81.28,81.288,81.273,81.281,40650000,1
1529896920000,1529896979000,81.281,81.291,81.28,81.285,51390000,1
1529896980000,1529897039000,81.285,81.308,81.285,81.305,39470000,1
1529897040000,1529897099000,81.305,81.306,81.299,81.302,48480000,1
1529897100000,1529897159000,81.302,81.302,81.294,81.302,56870000,1
1529897160000,1529897219000,81.301,81.301,81.282,81.284,38410000,1
1529897220000,1529897279000,81.284,81.287,81.284,81.285,32860000,1
1529897280000,1529897339000,81.285,81.289,81.284,81.289,31430000,1
1529897340000,1529897399000,81.287,81.291,81.284,81.289,47340000,1
1529897400000,1529897459000,81.287,81.303,81.287,81.301,59030000,1
1529897460000,1529897519000,81.302,81.317,81.302,81.317,44110000,1
1529897520000,1529897579000,81.317,81.326,81.307,81.307,41780000,1
1529897580000,1529897639000,81.307,81.31,81.302,81.304,55150000,1
1529897640000,1529897699000,81.304,81.308,81.291,81.292,63170000,1
1529897700000,1529897759000,81.292,81.296,81.279,81.296,77220000,1
1529897760000,1529897819000,81.296,81.296,81.284,81.285,67470000,1
1529897820000,1529897879000,81.284,81.293,81.284,81.289,67440000,1
1529897880000,1529897939000,81.289,81.308,81.289,81.308,38460000,1
1529897940000,1529897999000,81.309,81.312,81.298,81.298,44890000,1
1529898000000,1529898059000,81.298,81.317,81.298,81.317,60240000,1
1529898060000,1529898119000,81.317,81.325,81.316,81.323,43230000,1
1529898120000,1529898179000,81.322,81.322,81.312,81.319,52270000,1
1529898180000,1529898239000,81.32,81.321,81.312,81.319,52160000,1
1529898240000,1529898299000,81.319,81.324,81.318,81.321,30980000,1
1529898300000,1529898359000,81.323,81.33,81.323,81.326,68300000,1
1529898360000,1529898419000,81.327,81.378,81.327,81.367,115420000,1
1529898420000,1529898479000,81.364,81.366,81.353,81.361,85680000,1
1529898480000,1529898539000,81.361,81.367,81.359,81.364,67730000,1
1529898540000,1529898599000,81.362,81.364,81.339,81.349,71700000,1
1529898600000,1529898659000,81.349,81.349,81.34,81.341,32490000,1
1529898660000,1529898719000,81.34,81.354,81.34,81.349,54170000,1
1529898720000,1529898779000,81.348,81.353,81.342,81.349,54670000,1
1529898780000,1529898839000,81.348,81.36,81.345,81.359,43500000,1
1529898840000,1529898899000,81.359,81.36,81.322,81.325,60630000,1
1529898900000,1529898959000,81.325,81.334,81.325,81.329,68620000,1
1529898960000,1529899019000,81.327,81.341,81.325,81.334,49320000,1
1529899020000,1529899079000,81.335,81.343,81.328,81.337,38150000,1
1529899080000,1529899139000,81.337,81.338,81.329,81.334,58990000,1
1529899140000,1529899199000,81.334,81.334,81.313,81.315,104680000,1
1529899200000,1529899259000,81.315,81.322,81.315,81.32,50490000,1
1529899260000,1529899319000,81.32,81.329,81.319,81.325,67700000,1
1529899320000,1529899379000,81.326,81.331,81.322,81.322,50650000,1
1529899380000,1529899439000,81.322,81.325,81.322,81.324,44090000,1
1529899440000,1529899499000,81.324,81.325,81.318,81.323,63780000,1
1529899500000,1529899559000,81.324,81.328,81.32,81.326,48290000,1
1529899560000,1529899619000,81.326,81.326,81.309,81.316,52170000,1
1529899620000,1529899679000,81.316,81.326,81.306,81.318,87860000,1
1529899680000,1529899739000,81.318,81.321,81.315,81.318,37820000,1
1529899740000,1529899799000,81.316,81.323,81.316,81.32,33650000,1
1529899800000,1529899859000,81.321,81.327,81.317,81.325,63010000,1
1529899860000,1529899919000,81.325,81.326,81.316,81.316,70130000,1
1529899920000,1529899979000,81.316,81.319,81.299,81.3,87820000,1
1529899980000,1529900039000,81.3,81.306,81.296,81.299,101330000,1
1529900040000,1529900099000,81.299,81.31,81.295,81.309,83170000,1
1529900100000,1529900159000,81.307,81.322,81.307,81.319,90840000,1
1529900160000,1529900219000,81.319,81.33,81.319,81.322,88500000,1
1529900220000,1529900279000,81.323,81.328,81.315,81.315,86490000,1
1529900280000,1529900339000,81.316,81.322,81.307,81.308,86560000,1
1529900340000,1529900399000,81.308,81.309,81.3,81.309,77660000,1
1529900400000,1529900459000,81.309,81.309,81.297,81.298,59440000,1
1529900460000,1529900519000,81.294,81.305,81.284,81.305,115010000,1
1529900520000,1529900579000,81.305,81.305,81.289,81.298,145430000,1
1529900580000,1529900639000,81.298,81.303,81.294,81.294,80780000,1
1529900640000,1529900699000,81.294,81.296,81.277,81.277,72280000,1
1529900700000,1529900759000,81.277,81.278,81.269,81.274,99900000,1
1529900760000,1529900819000,81.276,81.282,81.275,81.282,103510000,1
1529900820000,1529900879000,81.282,81.293,81.272,81.29,97980000,1
1529900880000,1529900939000,81.29,81.297,81.284,81.296,57090000,1
1529900940000,1529900999000,81.295,81.297,81.292,81.293,36400000,1
1529901000000,1529901059000,81.291,81.295,81.291,81.292,41090000,1
1529901060000,1529901119000,81.292,81.294,81.286,81.293,45200000,1
1529901120000,1529901179000,81.293,81.299,81.292,81.298,59890000,1
1529901180000,1529901239000,81.298,81.305,81.296,81.298,73560000,1
1529901240000,1529901299000,81.298,81.298,81.291,81.296,79330000,1
1529901300000,1529901359000,81.296,81.296,81.265,81.271,95320000,1
1529901360000,1529901419000,81.27,81.27,81.254,81.257,127190000,1
1529901420000,1529901479000,81.255,81.256,81.251,81.252,85680000,1
1529901480000,1529901539000,81.252,81.253,81.244,81.249,99090000,1
1529901540000,1529901599000,81.252,81.27,81.252,81.262,93610000,1
1529901600000,1529901659000,81.262,81.266,81.258,81.258,49480000,1
1529901660000,1529901719000,81.256,81.261,81.253,81.261,82960000,1
1529901720000,1529901779000,81.26,81.282,81.26,81.282,42800000,1
1529901780000,1529901839000,81.281,81.286,81.272,81.273,40240000,1
1529901840000,1529901899000,81.272,81.277,81.269,81.27,30620000,1
1529901900000,1529901959000,81.27,81.27,81.261,81.263,66240000,1
1529901960000,1529902019000,81.262,81.267,81.257,81.266,43820000,1
1529902020000,1529902079000,81.266,81.267,81.261,81.262,52220000,1
1529902080000,1529902139000,81.262,81.27,81.256,81.27,89220000,1
1529902140000,1529902199000,81.269,81.274,81.268,81.271,21250000,1
1529902200000,1529902259000,81.271,81.274,81.266,81.272,24750000,1
1529902260000,1529902319000,81.273,81.273,81.264,81.265,45850000,1
1529902320000,1529902379000,81.266,81.268,81.264,81.264,43770000,1
1529902380000,1529902439000,81.264,81.271,81.264,81.268,67190000,1
1529902440000,1529902499000,81.269,81.282,81.269,81.282,67230000,1
1529902500000,1529902559000,81.282,81.287,81.279,81.287,109120000,1
1529902560000,1529902619000,81.287,81.287,81.283,81.283,80790000,1
1529902620000,1529902679000,81.283,81.285,81.282,81.282,62180000,1
1529902680000,1529902739000,81.282,81.285,81.281,81.281,37350000,1
1529902740000,1529902799000,81.279,81.288,81.279,81.285,67980000,1
1529902800000,1529902859000,81.286,81.29,81.284,81.29,99540000,1
1529902860000,1529902919000,81.291,81.292,81.276,81.278,63180000,1
1529902920000,1529902979000,81.278,81.283,81.271,81.273,115780000,1
1529902980000,1529903039000,81.273,81.28,81.271,81.28,86780000,1
1529903040000,1529903099000,81.282,81.29,81.281,81.29,63680000,1
1529903100000,1529903159000,81.292,81.315,81.292,81.292,109650000,1
1529903160000,1529903219000,81.289,81.291,81.282,81.288,70330000,1
1529903220000,1529903279000,81.287,81.288,81.27,81.272,98260000,1
1529903280000,1529903339000,81.272,81.283,81.267,81.275,62300000,1
1529903340000,1529903399000,81.275,81.276,81.269,81.272,64650000,1
1529903400000,1529903459000,81.27,81.27,81.234,81.242,111310000,1
1529903460000,1529903519000,81.242,81.249,81.233,81.238,96060000,1
1529903520000,1529903579000,81.239,81.243,81.21,81.215,107690000,1
1529903580000,1529903639000,81.215,81.215,81.204,81.211,135940000,1
1529903640000,1529903699000,81.211,81.217,81.201,81.216,64970000,1
1529903700000,1529903759000,81.216,81.217,81.204,81.205,98710000,1
1529903760000,1529903819000,81.204,81.209,81.199,81.203,92210000,1
1529903820000,1529903879000,81.2,81.208,81.196,81.197,100560000,1
1529903880000,1529903939000,81.198,81.201,81.19,81.19,56160000,1
1529903940000,1529903999000,81.191,81.198,81.181,81.197,57820000,1
1529904000000,1529904059000,81.196,81.197,81.183,81.185,75260000,1
1529904060000,1529904119000,81.183,81.19,81.172,81.177,106250000,1
1529904120000,1529904179000,81.176,81.182,81.168,81.178,100470000,1
1529904180000,1529904239000,81.178,81.183,81.169,81.181,96730000,1
1529904240000,1529904299000,81.181,81.19,81.181,81.19,26240000,1
1529904300000,1529904359000,81.187,81.187,81.177,81.18,82930000,1
1529904360000,1529904419000,81.18,81.193,81.18,81.192,104520000,1
1529904420000,1529904479000,81.192,81.199,81.189,81.192,67200000,1
1529904480000,1529904539000,81.192,81.194,81.178,81.179,148490000,1
1529904540000,1529904599000,81.18,81.183,81.16,81.167,170590000,1
1529904600000,1529904659000,81.165,81.168,81.148,81.149,127150000,1
1529904660000,1529904719000,81.151,81.152,81.123,81.125,99240000,1
1529904720000,1529904779000,81.124,81.132,81.121,81.128,107130000,1
1529904780000,1529904839000,81.127,81.14,81.124,81.135,76640000,1
1529904840000,1529904899000,81.132,81.145,81.13,81.143,69750000,1
1529904900000,1529904959000,81.144,81.145,81.128,81.13,123470000,1
1529904960000,1529905019000,81.13,81.133,81.125,81.126,102280000,1
1529905020000,1529905079000,81.128,81.13,81.111,81.111,136350000,1
1529905080000,1529905139000,81.113,81.119,81.104,81.11,140330000,1
1529905140000,1529905199000,81.11,81.123,81.108,81.123,137670000,1
1529905200000,1529905259000,81.122,81.145,81.117,81.144,107460000,1
1529905260000,1529905319000,81.146,81.148,81.115,81.122,93850000,1
1529905320000,1529905379000,81.123,81.141,81.121,81.137,39220000,1
1529905380000,1529905439000,81.137,81.144,81.135,81.136,59710000,1
1529905440000,1529905499000,81.138,81.139,81.127,81.139,101190000,1
1529905500000,1529905559000,81.139,81.14,81.131,81.139,83800000,1
1529905560000,1529905619000,81.138,81.145,81.136,81.145,73920000,1
1529905620000,1529905679000,81.143,81.145,81.137,81.142,69660000,1
1529905680000,1529905739000,81.142,81.168,81.139,81.142,150220000,1
1529905740000,1529905799000,81.141,81.152,81.128,81.149,125940000,1
1529905800000,1529905859000,81.148,81.157,81.146,81.151,97140000,1
1529905860000,1529905919000,81.151,81.159,81.15,81.153,109090000,1
1529905920000,1529905979000,81.153,81.154,81.149,81.151,63550000,1
1529905980000,1529906039000,81.151,81.154,81.144,81.148,100640000,1
1529906040000,1529906099000,81.146,81.152,81.138,81.152,80290000,1
1529906100000,1529906159000,81.15,81.167,81.15,81.159,86290000,1
1529906160000,1529906219000,81.159,81.168,81.158,81.162,50480000,1
1529906220000,1529906279000,81.162,81.203,81.161,81.187,122130000,1
1529906280000,1529906339000,81.185,81.19,81.179,81.188,88600000,1
1529906340000,1529906399000,81.188,81.198,81.188,81.195,32470000,1
1529906400000,1529906459000,81.194,81.21,81.192,81.198,87190000,1
1529906460000,1529906519000,81.199,81.199,81.169,81.18,157100000,1
1529906520000,1529906579000,81.179,81.187,81.16,81.184,154390000,1
1529906580000,1529906639000,81.183,81.21,81.183,81.204,151910000,1
1529906640000,1529906699000,81.204,81.21,81.197,81.198,103500000,1
1529906700000,1529906759000,81.198,81.219,81.197,81.219,149030000,1
1529906760000,1529906819000,81.218,81.218,81.193,81.206,133200000,1
1529906820000,1529906879000,81.206,81.216,81.197,81.206,170190000,1
1529906880000,1529906939000,81.208,81.216,81.196,81.198,154470000,1
1529906940000,1529906999000,81.197,81.198,81.182,81.186,195230000,1
1529907000000,1529907059000,81.186,81.2,81.179,81.199,109010000,1
1529907060000,1529907119000,81.196,81.198,81.181,81.198,133400000,1
1529907120000,1529907179000,81.198,81.207,81.194,81.198,122360000,1
1529907180000,1529907239000,81.197,81.217,81.197,81.209,126010000,1
1529907240000,1529907299000,81.208,81.227,81.208,81.227,95970000,1
1529907300000,1529907359000,81.226,81.236,81.226,81.23,140790000,1
1529907360000,1529907419000,81.23,81.24,81.225,81.225,110300000,1
1529907420000,1529907479000,81.225,81.236,81.225,81.232,101560000,1
1529907480000,1529907539000,81.235,81.243,81.217,81.239,133820000,1
1529907540000,1529907599000,81.241,81.257,81.235,81.257,83260000,1
1529907600000,1529907659000,81.257,81.335,81.256,81.332,120760000,1
1529907660000,1529907719000,81.33,81.34,81.318,81.332,154660000,1
1529907720000,1529907779000,81.333,81.349,81.332,81.345,137110000,1
1529907780000,1529907839000,81.344,81.346,81.329,81.33,99750000,1
1529907840000,1529907899000,81.329,81.331,81.324,81.328,74080000,1
1529907900000,1529907959000,81.328,81.328,81.285,81.285,140550000,1
1529907960000,1529908019000,81.284,81.287,81.278,81.278,98150000,1
1529908020000,1529908079000,81.278,81.285,81.253,81.259,189640000,1
1529908080000,1529908139000,81.262,81.334,81.262,81.328,206280000,1
1529908140000,1529908199000,81.328,81.333,81.306,81.313,174070000,1
1529908200000,1529908259000,81.313,81.336,81.309,81.333,157840000,1
1529908260000,1529908319000,81.332,81.346,81.331,81.345,131720000,1
1529908320000,1529908379000,81.346,81.351,81.332,81.334,113750000,1
1529908380000,1529908439000,81.334,81.334,81.292,81.306,154690000,1
1529908440000,1529908499000,81.31,81.315,81.306,81.308,113510000,1
1529908500000,1529908559000,81.308,81.339,81.308,81.333,218240000,1
1529908560000,1529908619000,81.333,81.333,81.301,81.303,122950000,1
1529908620000,1529908679000,81.303,81.303,81.291,81.301,141070000,1
1529908680000,1529908739000,81.3,81.303,81.293,81.298,120070000,1
1529908740000,1529908799000,81.296,81.296,81.277,81.288,112090000,1
1529908800000,1529908859000,81.289,81.292,81.275,81.275,169140000,1
1529908860000,1529908919000,81.277,81.295,81.277,81.284,115550000,1
1529908920000,1529908979000,81.284,81.286,81.281,81.282,127800000,1
1529908980000,1529909039000,81.282,81.292,81.277,81.292,123370000,1
1529909040000,1529909099000,81.291,81.318,81.29,81.318,98350000,1
1529909100000,1529909159000,81.316,81.326,81.31,81.326,124570000,1
1529909160000,1529909219000,81.326,81.327,81.304,81.308,101730000,1
1529909220000,1529909279000,81.308,81.312,81.284,81.293,118330000,1
1529909280000,1529909339000,81.292,81.298,81.275,81.275,168990000,1
1529909340000,1529909399000,81.276,81.286,81.229,81.229,160970000,1
1529909400000,1529909459000,81.23,81.24,81.21,81.21,193830000,1
1529909460000,1529909519000,81.209,81.235,81.209,81.235,132460000,1
1529909520000,1529909579000,81.235,81.239,81.229,81.229,135760000,1
1529909580000,1529909639000,81.231,81.262,81.231,81.258,143670000,1
1529909640000,1529909699000,81.258,81.27,81.252,81.254,128640000,1
1529909700000,1529909759000,81.254,81.259,81.248,81.255,112110000,1
1529909760000,1529909819000,81.255,81.255,81.233,81.237,198710000,1
1529909820000,1529909879000,81.238,81.242,81.21,81.21,151280000,1
1529909880000,1529909939000,81.209,81.212,81.175,81.176,166560000,1
1529909940000,1529909999000,81.176,81.184,81.163,81.182,172420000,1
1529910000000,1529910059000,81.183,81.246,81.183,81.239,210450000,1
1529910060000,1529910119000,81.239,81.248,81.2,81.228,202100000,1
1529910120000,1529910179000,81.227,81.245,81.219,81.23,183800000,1
1529910180000,1529910239000,81.23,81.268,81.23,81.263,173280000,1
1529910240000,1529910299000,81.265,81.267,81.237,81.258,169100000,1
1529910300000,1529910359000,81.258,81.278,81.247,81.259,177340000,1
1529910360000,1529910419000,81.26,81.276,81.26,81.271,140730000,1
1529910420000,1529910479000,81.27,81.271,81.245,81.246,147330000,1
1529910480000,1529910539000,81.247,81.252,81.222,81.225,123590000,1
1529910540000,1529910599000,81.225,81.271,81.225,81.267,189960000,1
1529910600000,1529910659000,81.267,81.271,81.258,81.266,165050000,1
1529910660000,1529910719000,81.268,81.268,81.235,81.241,214170000,1
1529910720000,1529910779000,81.241,81.263,81.241,81.248,157070000,1
1529910780000,1529910839000,81.246,81.275,81.244,81.272,146870000,1
1529910840000,1529910899000,81.273,81.278,81.256,81.274,113420000,1
1529910900000,1529910959000,81.273,81.286,81.264,81.264,162990000,1
1529910960000,1529911019000,81.263,81.273,81.258,81.264,156560000,1
1529911020000,1529911079000,81.264,81.275,81.252,81.27,133150000,1
1529911080000,1529911139000,81.271,81.271,81.248,81.248,98640000,1
1529911140000,1529911199000,81.248,81.253,81.236,81.245,150140000,1
1529911200000,1529911259000,81.243,81.273,81.241,81.267,126130000,1
1529911260000,1529911319000,81.266,81.275,81.244,81.244,129240000,1
1529911320000,1529911379000,81.247,81.248,81.237,81.241,109660000,1
1529911380000,1529911439000,81.245,81.257,81.244,81.251,110190000,1
1529911440000,1529911499000,81.252,81.266,81.248,81.261,210360000,1
1529911500000,1529911559000,81.26,81.26,81.249,81.249,115660000,1
1529911560000,1529911619000,81.251,81.266,81.244,81.263,111310000,1
1529911620000,1529911679000,81.263,81.264,81.249,81.25,93410000,1
1529911680000,1529911739000,81.252,81.26,81.239,81.244,121080000,1
1529911740000,1529911799000,81.243,81.252,81.242,81.246,126320000,1
1529911800000,1529911859000,81.245,81.257,81.242,81.257,137240000,1
1529911860000,1529911919000,81.257,81.274,81.254,81.273,98300000,1
1529911920000,1529911979000,81.275,81.288,81.272,81.28,133550000,1
1529911980000,1529912039000,81.278,81.278,81.267,81.275,109760000,1
1529912040000,1529912099000,81.275,81.278,81.272,81.276,60240000,1
1529912100000,1529912159000,81.276,81.294,81.268,81.289,135150000,1
1529912160000,1529912219000,81.288,81.3,81.286,81.299,46150000,1
1529912220000,1529912279000,81.299,81.299,81.286,81.296,107710000,1
1529912280000,1529912339000,81.298,81.306,81.29,81.306,120710000,1
1529912340000,1529912399000,81.305,81.321,81.305,81.319,96060000,1
1529912400000,1529912459000,81.317,81.324,81.315,81.324,101560000,1
1529912460000,1529912519000,81.324,81.335,81.324,81.329,94720000,1
1529912520000,1529912579000,81.33,81.332,81.323,81.327,110010000,1
1529912580000,1529912639000,81.327,81.341,81.327,81.339,152430000,1
1529912640000,1529912699000,81.339,81.37,81.335,81.366,241210000,1
1529912700000,1529912759000,81.364,81.364,81.355,81.363,101250000,1
1529912760000,1529912819000,81.363,81.368,81.348,81.359,146060000,1
1529912820000,1529912879000,81.358,81.381,81.346,81.378,139290000,1
1529912880000,1529912939000,81.377,81.389,81.377,81.38,168460000,1
1529912940000,1529912999000,81.381,81.386,81.37,81.378,157740000,1
1529913000000,1529913059000,81.377,81.391,81.373,81.39,131220000,1
1529913060000,1529913119000,81.39,81.391,81.357,81.357,85520000,1
1529913120000,1529913179000,81.357,81.365,81.357,81.362,84900000,1
1529913180000,1529913239000,81.36,81.367,81.358,81.363,86030000,1
1529913240000,1529913299000,81.363,81.367,81.352,81.352,102860000,1
1529913300000,1529913359000,81.352,81.358,81.348,81.358,86120000,1
1529913360000,1529913419000,81.359,81.369,81.351,81.361,117100000,1
1529913420000,1529913479000,81.36,81.38,81.36,81.368,52220000,1
1529913480000,1529913539000,81.369,81.371,81.365,81.367,91030000,1
1529913540000,1529913599000,81.368,81.37,81.361,81.361,83950000,1
1529913600000,1529913659000,81.362,81.38,81.351,81.367,224960000,1
1529913660000,1529913719000,81.367,81.382,81.365,81.381,121080000,1
1529913720000,1529913779000,81.38,81.459,81.38,81.443,261750000,1
1529913780000,1529913839000,81.442,81.461,81.427,81.455,154430000,1
1529913840000,1529913899000,81.456,81.472,81.439,81.469,212460000,1
1529913900000,1529913959000,81.47,81.48,81.46,81.468,173500000,1
1529913960000,1529914019000,81.467,81.471,81.456,81.456,128290000,1
1529914020000,1529914079000,81.455,81.485,81.455,81.479,151600000,1
1529914080000,1529914139000,81.479,81.494,81.471,81.477,165400000,1
1529914140000,1529914199000,81.477,81.478,81.427,81.441,200390000,1
1529914200000,1529914259000,81.442,81.459,81.435,81.442,143650000,1
1529914260000,1529914319000,81.444,81.459,81.443,81.452,57110000,1
1529914320000,1529914379000,81.452,81.467,81.452,81.461,117490000,1
1529914380000,1529914439000,81.461,81.461,81.437,81.459,122210000,1
1529914440000,1529914499000,81.459,81.459,81.436,81.441,79830000,1
1529914500000,1529914559000,81.441,81.445,81.425,81.426,208710000,1
1529914560000,1529914619000,81.427,81.434,81.425,81.429,100310000,1
1529914620000,1529914679000,81.43,81.431,81.421,81.423,90870000,1
1529914680000,1529914739000,81.425,81.458,81.423,81.449,144740000,1
1529914740000,1529914799000,81.449,81.449,81.428,81.439,137740000,1
1529914800000,1529914859000,81.439,81.445,81.434,81.442,123280000,1
1529914860000,1529914919000,81.442,81.444,81.433,81.438,88830000,1
1529914920000,1529914979000,81.439,81.439,81.424,81.426,91900000,1
1529914980000,1529915039000,81.426,81.442,81.424,81.427,101980000,1
1529915040000,1529915099000,81.427,81.468,81.426,81.456,194710000,1
1529915100000,1529915159000,81.457,81.457,81.426,81.439,204170000,1
1529915160000,1529915219000,81.44,81.444,81.429,81.435,139380000,1
1529915220000,1529915279000,81.435,81.435,81.415,81.415,170800000,1
1529915280000,1529915339000,81.415,81.417,81.408,81.415,130290000,1
1529915340000,1529915399000,81.415,81.415,81.397,81.402,148720000,1
1529915400000,1529915459000,81.402,81.41,81.374,81.374,166350000,1
1529915460000,1529915519000,81.374,81.381,81.361,81.361,129020000,1
1529915520000,1529915579000,81.361,81.372,81.349,81.365,125640000,1
1529915580000,1529915639000,81.365,81.365,81.328,81.344,139590000,1
1529915640000,1529915699000,81.344,81.356,81.339,81.341,116730000,1
1529915700000,1529915759000,81.341,81.353,81.34,81.353,91950000,1
1529915760000,1529915819000,81.353,81.359,81.344,81.344,123820000,1
1529915820000,1529915879000,81.344,81.353,81.339,81.351,63540000,1
1529915880000,1529915939000,81.352,81.376,81.352,81.36,136120000,1
1529915940000,1529915999000,81.361,81.362,81.341,81.351,123480000,1
1529916000000,1529916059000,81.351,81.357,81.346,81.357,90320000,1
1529916060000,1529916119000,81.358,81.389,81.358,81.389,107580000,1
1529916120000,1529916179000,81.387,81.39,81.381,81.387,99300000,1
1529916180000,1529916239000,81.387,81.392,81.377,81.379,131940000,1
1529916240000,1529916299000,81.379,81.388,81.376,81.379,69560000,1
1529916300000,1529916359000,81.378,81.379,81.336,81.341,125020000,1
1529916360000,1529916419000,81.34,81.34,81.316,81.318,77660000,1
1529916420000,1529916479000,81.318,81.318,81.303,81.306,86610000,1
1529916480000,1529916539000,81.307,81.309,81.291,81.307,117460000,1
1529916540000,1529916599000,81.308,81.31,81.292,81.306,104180000,1
1529916600000,1529916659000,81.308,81.317,81.293,81.309,129520000,1
1529916660000,1529916719000,81.309,81.311,81.284,81.291,121060000,1
1529916720000,1529916779000,81.291,81.292,81.264,81.264,117490000,1
1529916780000,1529916839000,81.261,81.272,81.26,81.263,100810000,1
1529916840000,1529916899000,81.263,81.27,81.262,81.266,89750000,1
1529916900000,1529916959000,81.266,81.281,81.265,81.278,124870000,1
1529916960000,1529917019000,81.278,81.281,81.267,81.281,96910000,1
1529917020000,1529917079000,81.279,81.288,81.271,81.288,96180000,1
1529917080000,1529917139000,81.289,81.29,81.28,81.29,117480000,1
1529917140000,1529917199000,81.29,81.294,81.268,81.268,131300000,1
1529917200000,1529917259000,81.27,81.278,81.268,81.274,137770000,1
1529917260000,1529917319000,81.272,81.29,81.272,81.288,133440000,1
1529917320000,1529917379000,81.288,81.296,81.281,81.281,128170000,1
1529917380000,1529917439000,81.282,81.282,81.267,81.267,87110000,1
1529917440000,1529917499000,81.267,81.272,81.258,81.265,138650000,1
1529917500000,1529917559000,81.265,81.274,81.259,81.261,88560000,1
1529917560000,1529917619000,81.262,81.267,81.258,81.263,66100000,1
1529917620000,1529917679000,81.264,81.269,81.239,81.24,76920000,1
1529917680000,1529917739000,81.239,81.254,81.234,81.252,161290000,1
1529917740000,1529917799000,81.252,81.255,81.229,81.229,135230000,1
1529917800000,1529917859000,81.229,81.244,81.228,81.23,106260000,1
1529917860000,1529917919000,81.228,81.262,81.228,81.253,111320000,1
1529917920000,1529917979000,81.252,81.262,81.25,81.256,80210000,1
1529917980000,1529918039000,81.256,81.263,81.243,81.243,96330000,1
1529918040000,1529918099000,81.243,81.251,81.227,81.247,169910000,1
1529918100000,1529918159000,81.246,81.246,81.234,81.234,128860000,1
1529918160000,1529918219000,81.235,81.251,81.227,81.246,125100000,1
1529918220000,1529918279000,81.246,81.286,81.246,81.286,172440000,1
1529918280000,1529918339000,81.287,81.287,81.268,81.268,109390000,1
1529918340000,1529918399000,81.269,81.271,81.256,81.268,103490000,1
1529918400000,1529918459000,81.269,81.269,81.256,81.265,114740000,1
1529918460000,1529918519000,81.266,81.28,81.265,81.279,125580000,1
1529918520000,1529918579000,81.278,81.278,81.263,81.275,91940000,1
1529918580000,1529918639000,81.274,81.279,81.265,81.27,156420000,1
1529918640000,1529918699000,81.27,81.277,81.254,81.264,161520000,1
1529918700000,1529918759000,81.264,81.284,81.264,81.282,90390000,1
1529918760000,1529918819000,81.282,81.283,81.264,81.267,103930000,1
1529918820000,1529918879000,81.267,81.282,81.262,81.266,137950000,1
1529918880000,1529918939000,81.267,81.268,81.238,81.244,167120000,1
1529918940000,1529918999000,81.243,81.251,81.239,81.251,121080000,1
1529919000000,1529919059000,81.251,81.252,81.235,81.246,121680000,1
1529919060000,1529919119000,81.246,81.246,81.238,81.244,65010000,1
1529919120000,1529919179000,81.244,81.256,81.244,81.245,80710000,1
1529919180000,1529919239000,81.243,81.252,81.24,81.246,114370000,1
1529919240000,1529919299000,81.246,81.262,81.244,81.26,78890000,1
1529919300000,1529919359000,81.259,81.262,81.253,81.262,81300000,1
1529919360000,1529919419000,81.263,81.267,81.254,81.255,115840000,1
1529919420000,1529919479000,81.255,81.299,81.255,81.292,139820000,1
1529919480000,1529919539000,81.292,81.304,81.29,81.304,72720000,1
1529919540000,1529919599000,81.305,81.305,81.293,81.297,70910000,1
1529919600000,1529919659000,81.297,81.32,81.297,81.311,119190000,1
1529919660000,1529919719000,81.311,81.311,81.289,81.307,70220000,1
1529919720000,1529919779000,81.308,81.311,81.303,81.304,107930000,1
1529919780000,1529919839000,81.303,81.322,81.303,81.317,145820000,1
1529919840000,1529919899000,81.317,81.321,81.308,81.313,111630000,1
1529919900000,1529919959000,81.311,81.316,81.306,81.306,119700000,1
1529919960000,1529920019000,81.306,81.306,81.29,81.291,46580000,1
1529920020000,1529920079000,81.291,81.3,81.291,81.297,104940000,1
1529920080000,1529920139000,81.297,81.301,81.29,81.29,104150000,1
1529920140000,1529920199000,81.29,81.292,81.285,81.285,106050000,1
1529920200000,1529920259000,81.284,81.293,81.279,81.282,137800000,1
1529920260000,1529920319000,81.283,81.291,81.283,81.291,73160000,1
1529920320000,1529920379000,81.292,81.298,81.292,81.298,71460000,1
1529920380000,1529920439000,81.297,81.298,81.287,81.292,58070000,1
1529920440000,1529920499000,81.292,81.323,81.292,81.322,104830000,1
1529920500000,1529920559000,81.321,81.324,81.309,81.311,59130000,1
1529920560000,1529920619000,81.312,81.312,81.306,81.312,42740000,1
1529920620000,1529920679000,81.314,81.318,81.294,81.295,73270000,1
1529920680000,1529920739000,81.296,81.298,81.293,81.293,58080000,1
1529920740000,1529920799000,81.292,81.301,81.292,81.297,101040000,1
1529920800000,1529920859000,81.297,81.304,81.296,81.296,113920000,1
1529920860000,1529920919000,81.296,81.296,81.288,81.289,93800000,1
1529920920000,1529920979000,81.288,81.297,81.285,81.295,93290000,1
1529920980000,1529921039000,81.294,81.305,81.294,81.303,91170000,1
1529921040000,1529921099000,81.304,81.325,81.304,81.323,86080000,1
1529921100000,1529921159000,81.32,81.321,81.313,81.313,44010000,1
1529921160000,1529921219000,81.313,81.313,81.297,81.303,87000000,1
1529921220000,1529921279000,81.303,81.307,81.302,81.303,88310000,1
1529921280000,1529921339000,81.303,81.316,81.303,81.316,42210000,1
1529921340000,1529921399000,81.314,81.315,81.309,81.31,52480000,1
1529921400000,1529921459000,81.311,81.311,81.274,81.279,99910000,1
1529921460000,1529921519000,81.279,81.284,81.241,81.246,112850000,1
1529921520000,1529921579000,81.245,81.252,81.237,81.238,78970000,1
1529921580000,1529921639000,81.238,81.238,81.218,81.218,120980000,1
1529921640000,1529921699000,81.216,81.227,81.199,81.227,176200000,1
1529921700000,1529921759000,81.228,81.238,81.222,81.225,183430000,1
1529921760000,1529921819000,81.225,81.231,81.21,81.216,143100000,1
1529921820000,1529921879000,81.217,81.222,81.211,81.214,112480000,1
1529921880000,1529921939000,81.215,81.217,81.209,81.212,45700000,1
1529921940000,1529921999000,81.213,81.216,81.198,81.214,108210000,1
1529922000000,1529922059000,81.213,81.219,81.203,81.219,86770000,1
1529922060000,1529922119000,81.221,81.222,81.207,81.208,83970000,1
1529922120000,1529922179000,81.206,81.206,81.19,81.196,73480000,1
1529922180000,1529922239000,81.197,81.212,81.189,81.211,108520000,1
1529922240000,1529922299000,81.212,81.219,81.212,81.218,82630000,1
1529922300000,1529922359000,81.219,81.22,81.21,81.21,84660000,1
1529922360000,1529922419000,81.21,81.215,81.196,81.202,89470000,1
1529922420000,1529922479000,81.202,81.202,81.186,81.191,65020000,1
1529922480000,1529922539000,81.192,81.205,81.189,81.204,106640000,1
1529922540000,1529922599000,81.204,81.221,81.201,81.215,119910000,1
1529922600000,1529922659000,81.215,81.22,81.212,81.218,71800000,1
1529922660000,1529922719000,81.218,81.23,81.211,81.211,109830000,1
1529922720000,1529922779000,81.208,81.215,81.198,81.198,116550000,1
1529922780000,1529922839000,81.198,81.208,81.196,81.198,91300000,1
1529922840000,1529922899000,81.199,81.204,81.193,81.197,64790000,1
1529922900000,1529922959000,81.197,81.209,81.194,81.208,76920000,1
1529922960000,1529923019000,81.208,81.212,81.206,81.211,66900000,1
1529923020000,1529923079000,81.211,81.216,81.201,81.203,87190000,1
1529923080000,1529923139000,81.204,81.214,81.202,81.208,76640000,1
1529923140000,1529923199000,81.207,81.211,81.196,81.201,87770000,1
1529923200000,1529923259000,81.201,81.203,81.198,81.198,58090000,1
1529923260000,1529923319000,81.198,81.21,81.196,81.21,69420000,1
1529923320000,1529923379000,81.208,81.212,81.198,81.199,100840000,1
1529923380000,1529923439000,81.198,81.199,81.193,81.199,73950000,1
1529923440000,1529923499000,81.199,81.2,81.189,81.193,78050000,1
1529923500000,1529923559000,81.192,81.214,81.187,81.212,124750000,1
1529923560000,1529923619000,81.213,81.24,81.207,81.215,176180000,1
1529923620000,1529923679000,81.215,81.237,81.21,81.224,175910000,1
1529923680000,1529923739000,81.224,81.252,81.224,81.249,191830000,1
1529923740000,1529923799000,81.248,81.255,81.24,81.254,124990000,1
1529923800000,1529923859000,81.254,81.255,81.239,81.254,130650000,1
1529923860000,1529923919000,81.254,81.258,81.245,81.255,161710000,1
1529923920000,1529923979000,81.255,81.265,81.255,81.256,75840000,1
1529923980000,1529924039000,81.256,81.262,81.256,81.259,65950000,1
1529924040000,1529924099000,81.258,81.263,81.256,81.257,95250000,1
1529924100000,1529924159000,81.257,81.268,81.252,81.265,121880000,1
1529924160000,1529924219000,81.265,81.301,81.265,81.297,133030000,1
1529924220000,1529924279000,81.299,81.303,81.288,81.294,114970000,1
1529924280000,1529924339000,81.292,81.297,81.288,81.289,153390000,1
1529924340000,1529924399000,81.29,81.306,81.285,81.305,128610000,1
1529924400000,1529924459000,81.306,81.306,81.288,81.3,124710000,1
1529924460000,1529924519000,81.3,81.304,81.297,81.3,95560000,1
1529924520000,1529924579000,81.3,81.3,81.291,81.292,81430000,1
1529924580000,1529924639000,81.292,81.292,81.286,81.287,121610000,1
1529924640000,1529924699000,81.295,81.309,81.286,81.309,80190000,1
1529924700000,1529924759000,81.307,81.316,81.296,81.316,78000000,1
1529924760000,1529924819000,81.316,81.324,81.314,81.323,59950000,1
1529924820000,1529924879000,81.324,81.339,81.324,81.335,102210000,1
1529924880000,1529924939000,81.335,81.343,81.32,81.343,95400000,1
1529924940000,1529924999000,81.343,81.378,81.341,81.377,189450000,1
1529925000000,1529925059000,81.376,81.38,81.358,81.359,127740000,1
1529925060000,1529925119000,81.356,81.414,81.352,81.393,170460000,1
1529925120000,1529925179000,81.392,81.415,81.388,81.414,156630000,1
1529925180000,1529925239000,81.413,81.417,81.407,81.412,151730000,1
1529925240000,1529925299000,81.412,81.419,81.407,81.413,81330000,1
1529925300000,1529925359000,81.413,81.433,81.404,81.412,217290000,1
1529925360000,1529925419000,81.412,81.412,81.385,81.39,151830000,1
1529925420000,1529925479000,81.39,81.39,81.37,81.37,109990000,1
1529925480000,1529925539000,81.372,81.374,81.368,81.371,49790000,1
1529925540000,1529925599000,81.371,81.376,81.352,81.358,60700000,1
1529925600000,1529925659000,81.357,81.394,81.356,81.381,185300000,1
1529925660000,1529925719000,81.38,81.383,81.374,81.381,156960000,1
1529925720000,1529925779000,81.379,81.382,81.365,81.368,147760000,1
1529925780000,1529925839000,81.368,81.4,81.359,81.386,159080000,1
1529925840000,1529925899000,81.386,81.393,81.354,81.364,174020000,1
1529925900000,1529925959000,81.365,81.37,81.343,81.345,81560000,1
1529925960000,1529926019000,81.345,81.35,81.334,81.345,99690000,1
1529926020000,1529926079000,81.346,81.356,81.344,81.349,86640000,1
1529926080000,1529926139000,81.35,81.363,81.349,81.363,60560000,1
1529926140000,1529926199000,81.363,81.366,81.348,81.35,112640000,1
1529926200000,1529926259000,81.35,81.36,81.343,81.352,127980000,1
1529926260000,1529926319000,81.352,81.38,81.35,81.377,171490000,1
1529926320000,1529926379000,81.377,81.378,81.351,81.358,159600000,1
1529926380000,1529926439000,81.358,81.358,81.345,81.349,86630000,1
1529926440000,1529926499000,81.35,81.35,81.34,81.341,74730000,1
1529926500000,1529926559000,81.341,81.341,81.328,81.336,86720000,1
1529926560000,1529926619000,81.336,81.336,81.306,81.315,108910000,1
1529926620000,1529926679000,81.317,81.331,81.317,81.33,79410000,1
1529926680000,1529926739000,81.33,81.336,81.319,81.32,117440000,1
1529926740000,1529926799000,81.322,81.33,81.322,81.324,45050000,1
1529926800000,1529926859000,81.323,81.328,81.314,81.317,85560000,1
1529926860000,1529926919000,81.317,81.318,81.306,81.306,74270000,1
1529926920000,1529926979000,81.306,81.31,81.304,81.31,49230000,1
1529926980000,1529927039000,81.313,81.339,81.313,81.339,87950000,1
1529927040000,1529927099000,81.34,81.354,81.34,81.35,79540000,1
1529927100000,1529927159000,81.35,81.362,81.348,81.362,83790000,1
1529927160000,1529927219000,81.361,81.367,81.358,81.365,80880000,1
1529927220000,1529927279000,81.366,81.366,81.359,81.363,49410000,1
1529927280000,1529927339000,81.363,81.37,81.361,81.368,55310000,1
1529927340000,1529927399000,81.368,81.374,81.363,81.366,117400000,1
1529927400000,1529927459000,81.367,81.376,81.366,81.376,81300000,1
1529927460000,1529927519000,81.377,81.387,81.374,81.375,80650000,1
1529927520000,1529927579000,81.374,81.374,81.357,81.357,79270000,1
1529927580000,1529927639000,81.357,81.362,81.357,81.359,50630000,1
1529927640000,1529927699000,81.359,81.359,81.342,81.346,65430000,1
1529927700000,1529927759000,81.346,81.36,81.345,81.36,72960000,1
1529927760000,1529927819000,81.359,81.359,81.343,81.351,111820000,1
1529927820000,1529927879000,81.352,81.366,81.346,81.363,97430000,1
1529927880000,1529927939000,81.363,81.386,81.362,81.386,102570000,1
1529927940000,1529927999000,81.388,81.41,81.38,81.405,128920000,1
1529928000000,1529928059000,81.409,81.419,81.409,81.414,97960000,1
1529928060000,1529928119000,81.415,81.421,81.392,81.399,169280000,1
1529928120000,1529928179000,81.394,81.407,81.38,81.385,144450000,1
1529928180000,1529928239000,81.384,81.384,81.359,81.376,192290000,1
1529928240000,1529928299000,81.376,81.394,81.374,81.388,201950000,1
1529928300000,1529928359000,81.387,81.4,81.378,81.397,145780000,1
1529928360000,1529928419000,81.397,81.431,81.397,81.423,127520000,1
1529928420000,1529928479000,81.424,81.437,81.415,81.424,178400000,1
1529928480000,1529928539000,81.424,81.425,81.407,81.412,66750000,1
1529928540000,1529928599000,81.411,81.411,81.393,81.406,104030000,1
1529928600000,1529928659000,81.406,81.418,81.386,81.414,159470000,1
1529928660000,1529928719000,81.414,81.426,81.391,81.407,201290000,1
1529928720000,1529928779000,81.407,81.43,81.407,81.43,176460000,1
1529928780000,1529928839000,81.431,81.431,81.415,81.427,113960000,1
1529928840000,1529928899000,81.425,81.449,81.42,81.446,176530000,1
1529928900000,1529928959000,81.445,81.445,81.425,81.43,138910000,1
1529928960000,1529929019000,81.43,81.436,81.429,81.431,71190000,1
1529929020000,1529929079000,81.433,81.435,81.412,81.414,96390000,1
1529929080000,1529929139000,81.414,81.422,81.414,81.42,77640000,1
1529929140000,1529929199000,81.42,81.423,81.408,81.417,137010000,1
1529929200000,1529929259000,81.417,81.427,81.397,81.404,163540000,1
1529929260000,1529929319000,81.405,81.407,81.396,81.406,101110000,1
1529929320000,1529929379000,81.406,81.409,81.399,81.407,80270000,1
1529929380000,1529929439000,81.408,81.412,81.39,81.406,128340000,1
1529929440000,1529929499000,81.405,81.425,81.402,81.424,137590000,1
1529929500000,1529929559000,81.423,81.428,81.411,81.417,116060000,1
1529929560000,1529929619000,81.417,81.423,81.408,81.415,116810000,1
1529929620000,1529929679000,81.416,81.416,81.408,81.413,89480000,1
1529929680000,1529929739000,81.413,81.413,81.389,81.39,89070000,1
1529929740000,1529929799000,81.392,81.397,81.388,81.397,43590000,1
1529929800000,1529929859000,81.397,81.397,81.379,81.379,63870000,1
1529929860000,1529929919000,81.38,81.394,81.38,81.393,60660000,1
1529929920000,1529929979000,81.393,81.402,81.38,81.381,119890000,1
1529929980000,1529930039000,81.38,81.38,81.35,81.368,143700000,1
1529930040000,1529930099000,81.369,81.384,81.366,81.379,97350000,1
1529930100000,1529930159000,81.379,81.4,81.374,81.393,110780000,1
1529930160000,1529930219000,81.394,81.394,81.374,81.389,97780000,1
1529930220000,1529930279000,81.389,81.405,81.387,81.405,95670000,1
1529930280000,1529930339000,81.406,81.433,81.406,81.423,163250000,1
1529930340000,1529930399000,81.421,81.435,81.417,81.417,126100000,1
1529930400000,1529930459000,81.416,81.429,81.416,81.425,127680000,1
1529930460000,1529930519000,81.425,81.427,81.39,81.39,165540000,1
1529930520000,1529930579000,81.391,81.399,81.372,81.397,150170000,1
1529930580000,1529930639000,81.398,81.399,81.362,81.367,165050000,1
1529930640000,1529930699000,81.367,81.377,81.362,81.363,124670000,1
1529930700000,1529930759000,81.365,81.37,81.358,81.368,109120000,1
1529930760000,1529930819000,81.367,81.367,81.345,81.351,102620000,1
1529930820000,1529930879000,81.351,81.387,81.351,81.369,100560000,1
1529930880000,1529930939000,81.37,81.384,81.367,81.375,188150000,1
1529930940000,1529930999000,81.375,81.386,81.363,81.367,146940000,1
1529931000000,1529931059000,81.367,81.375,81.362,81.371,168790000,1
1529931060000,1529931119000,81.372,81.386,81.368,81.383,112300000,1
1529931120000,1529931179000,81.382,81.382,81.354,81.355,163370000,1
1529931180000,1529931239000,81.355,81.357,81.343,81.35,151780000,1
1529931240000,1529931299000,81.35,81.361,81.348,81.353,122670000,1
1529931300000,1529931359000,81.353,81.359,81.343,81.346,151570000,1
1529931360000,1529931419000,81.346,81.347,81.326,81.333,108710000,1
1529931420000,1529931479000,81.334,81.336,81.317,81.334,142100000,1
1529931480000,1529931539000,81.332,81.352,81.331,81.347,131280000,1
1529931540000,1529931599000,81.345,81.349,81.335,81.338,166520000,1
1529931600000,1529931659000,81.339,81.339,81.317,81.331,162710000,1
1529931660000,1529931719000,81.332,81.35,81.332,81.347,168140000,1
1529931720000,1529931779000,81.345,81.367,81.338,81.344,202480000,1
1529931780000,1529931839000,81.344,81.359,81.336,81.359,128030000,1
1529931840000,1529931899000,81.361,81.361,81.33,81.337,113960000,1
1529931900000,1529931959000,81.337,81.349,81.332,81.347,107750000,1
1529931960000,1529932019000,81.346,81.355,81.338,81.355,159030000,1
1529932020000,1529932079000,81.355,81.356,81.347,81.352,109830000,1
1529932080000,1529932139000,81.352,81.367,81.352,81.363,156140000,1
1529932140000,1529932199000,81.362,81.372,81.359,81.359,121130000,1
1529932200000,1529932259000,81.359,81.372,81.358,81.363,91420000,1
1529932260000,1529932319000,81.363,81.363,81.35,81.351,100870000,1
1529932320000,1529932379000,81.353,81.356,81.345,81.351,83970000,1
1529932380000,1529932439000,81.352,81.352,81.339,81.348,113540000,1
1529932440000,1529932499000,81.349,81.351,81.341,81.346,137540000,1
1529932500000,1529932559000,81.344,81.356,81.344,81.348,120360000,1
1529932560000,1529932619000,81.346,81.348,81.325,81.325,126920000,1
1529932620000,1529932679000,81.324,81.343,81.323,81.339,138070000,1
1529932680000,1529932739000,81.339,81.345,81.323,81.345,135960000,1
1529932740000,1529932799000,81.344,81.362,81.343,81.348,107690000,1
1529932800000,1529932859000,81.347,81.352,81.34,81.344,112730000,1
1529932860000,1529932919000,81.346,81.347,81.326,81.334,126310000,1
1529932920000,1529932979000,81.334,81.336,81.327,81.329,69990000,1
1529932980000,1529933039000,81.332,81.337,81.332,81.333,66500000,1
1529933040000,1529933099000,81.331,81.334,81.321,81.328,108460000,1
1529933100000,1529933159000,81.328,81.333,81.318,81.32,140110000,1
1529933160000,1529933219000,81.32,81.323,81.312,81.323,115670000,1
1529933220000,1529933279000,81.323,81.326,81.314,81.315,119840000,1
1529933280000,1529933339000,81.315,81.327,81.314,81.319,128370000,1
1529933340000,1529933399000,81.32,81.328,81.315,81.325,120010000,1
1529933400000,1529933459000,81.325,81.336,81.32,81.324,229840000,1
1529933460000,1529933519000,81.324,81.331,81.316,81.32,206140000,1
1529933520000,1529933579000,81.321,81.329,81.316,81.319,120900000,1
1529933580000,1529933639000,81.321,81.342,81.321,81.338,187780000,1
1529933640000,1529933699000,81.338,81.396,81.338,81.387,204010000,1
1529933700000,1529933759000,81.387,81.39,81.348,81.348,202400000,1
1529933760000,1529933819000,81.347,81.354,81.34,81.35,172590000,1
1529933820000,1529933879000,81.349,81.352,81.339,81.342,163200000,1
1529933880000,1529933939000,81.343,81.344,81.331,81.339,136590000,1
1529933940000,1529933999000,81.338,81.339,81.279,81.279,181730000,1
1529934000000,1529934059000,81.278,81.286,81.278,81.281,133140000,1
1529934060000,1529934119000,81.281,81.283,81.246,81.246,201730000,1
1529934120000,1529934179000,81.245,81.253,81.23,81.24,208660000,1
1529934180000,1529934239000,81.239,81.245,81.229,81.245,151780000,1
1529934240000,1529934299000,81.245,81.274,81.245,81.265,152630000,1
1529934300000,1529934359000,81.264,81.272,81.233,81.237,208400000,1
1529934360000,1529934419000,81.237,81.24,81.215,81.226,199720000,1
1529934420000,1529934479000,81.224,81.238,81.201,81.203,214580000,1
1529934480000,1529934539000,81.204,81.206,81.183,81.184,199420000,1
1529934540000,1529934599000,81.182,81.203,81.182,81.2,184880000,1
1529934600000,1529934659000,81.199,81.215,81.193,81.215,164750000,1
1529934660000,1529934719000,81.213,81.213,81.189,81.2,239130000,1
1529934720000,1529934779000,81.202,81.205,81.182,81.186,226060000,1
1529934780000,1529934839000,81.186,81.198,81.176,81.196,227940000,1
1529934840000,1529934899000,81.196,81.196,81.175,81.187,212970000,1
1529934900000,1529934959000,81.186,81.188,81.173,81.185,218040000,1
1529934960000,1529935019000,81.184,81.221,81.183,81.203,162420000,1
1529935020000,1529935079000,81.202,81.209,81.173,81.182,142320000,1
1529935080000,1529935139000,81.182,81.183,81.176,81.178,107450000,1
1529935140000,1529935199000,81.177,81.178,81.16,81.161,133170000,1
1529935200000,1529935259000,81.161,81.181,81.149,81.178,211080000,1
1529935260000,1529935319000,81.178,81.195,81.165,81.165,168710000,1
1529935320000,1529935379000,81.165,81.168,81.141,81.142,233220000,1
1529935380000,1529935439000,81.143,81.146,81.121,81.135,218970000,1
1529935440000,1529935499000,81.134,81.138,81.119,81.124,285490000,1
1529935500000,1529935559000,81.125,81.142,81.101,81.111,221920000,1
1529935560000,1529935619000,81.11,81.135,81.108,81.115,223930000,1
1529935620000,1529935679000,81.115,81.128,81.111,81.111,159170000,1
1529935680000,1529935739000,81.11,81.115,81.101,81.115,119020000,1
1529935740000,1529935799000,81.116,81.116,81.086,81.09,218870000,1
1529935800000,1529935859000,81.09,81.123,81.09,81.122,216330000,1
1529935860000,1529935919000,81.125,81.128,81.109,81.112,235710000,1
1529935920000,1529935979000,81.111,81.139,81.111,81.133,196100000,1
1529935980000,1529936039000,81.132,81.14,81.121,81.137,219690000,1
1529936040000,1529936099000,81.138,81.142,81.128,81.128,150080000,1
1529936100000,1529936159000,81.127,81.127,81.112,81.126,206090000,1
1529936160000,1529936219000,81.126,81.134,81.112,81.113,122730000,1
1529936220000,1529936279000,81.113,81.118,81.107,81.118,136270000,1
1529936280000,1529936339000,81.119,81.121,81.112,81.114,85870000,1
1529936340000,1529936399000,81.114,81.122,81.093,81.108,147000000,1
1529936400000,1529936459000,81.108,81.122,81.108,81.117,103440000,1
1529936460000,1529936519000,81.12,81.12,81.109,81.113,134320000,1
1529936520000,1529936579000,81.113,81.13,81.113,81.122,120600000,1
1529936580000,1529936639000,81.118,81.135,81.113,81.13,137970000,1
1529936640000,1529936699000,81.129,81.14,81.118,81.138,159800000,1
1529936700000,1529936759000,81.139,81.152,81.136,81.15,230780000,1
1529936760000,1529936819000,81.15,81.17,81.143,81.17,177910000,1
1529936820000,1529936879000,81.17,81.186,81.163,81.186,125830000,1
1529936880000,1529936939000,81.187,81.234,81.187,81.228,178850000,1
1529936940000,1529936999000,81.227,81.262,81.218,81.252,241890000,1
1529937000000,1529937059000,81.251,81.258,81.22,81.22,165660000,1
1529937060000,1529937119000,81.219,81.219,81.153,81.155,168830000,1
1529937120000,1529937179000,81.154,81.161,81.118,81.139,200590000,1
1529937180000,1529937239000,81.139,81.146,81.128,81.14,203390000,1
1529937240000,1529937299000,81.14,81.156,81.14,81.156,172850000,1
1529937300000,1529937359000,81.156,81.166,81.15,81.152,189540000,1
1529937360000,1529937419000,81.153,81.193,81.152,81.19,140660000,1
1529937420000,1529937479000,81.191,81.225,81.189,81.217,173230000,1
1529937480000,1529937539000,81.215,81.231,81.206,81.229,144900000,1
1529937540000,1529937599000,81.226,81.227,81.2,81.204,170430000,1
1529937600000,1529937659000,81.204,81.206,81.194,81.204,172920000,1
1529937660000,1529937719000,81.203,81.221,81.199,81.216,141270000,1
1529937720000,1529937779000,81.216,81.263,81.216,81.252,178720000,1
1529937780000,1529937839000,81.254,81.261,81.237,81.253,183430000,1
1529937840000,1529937899000,81.253,81.266,81.249,81.25,175320000,1
1529937900000,1529937959000,81.249,81.256,81.22,81.243,204880000,1
1529937960000,1529938019000,81.243,81.247,81.218,81.23,262500000,1
1529938020000,1529938079000,81.231,81.236,81.213,81.218,178510000,1
1529938080000,1529938139000,81.218,81.244,81.216,81.24,162680000,1
1529938140000,1529938199000,81.239,81.261,81.236,81.261,164780000,1
1529938200000,1529938259000,81.261,81.263,81.237,81.245,215120000,1
1529938260000,1529938319000,81.244,81.265,81.239,81.258,167840000,1
1529938320000,1529938379000,81.26,81.26,81.221,81.224,189240000,1
1529938380000,1529938439000,81.223,81.227,81.191,81.198,165210000,1
1529938440000,1529938499000,81.199,81.2,81.169,81.169,175110000,1
1529938500000,1529938559000,81.169,81.182,81.164,81.17,203360000,1
1529938560000,1529938619000,81.165,81.182,81.162,81.169,182150000,1
1529938620000,1529938679000,81.171,81.181,81.156,81.16,264860000,1
1529938680000,1529938739000,81.16,81.161,81.123,81.134,257930000,1
1529938740000,1529938799000,81.133,81.162,81.129,81.156,281470000,1
1529938800000,1529938859000,81.16,81.179,81.16,81.177,193210000,1
1529938860000,1529938919000,81.176,81.189,81.174,81.187,189590000,1
1529938920000,1529938979000,81.186,81.187,81.171,81.173,203930000,1
1529938980000,1529939039000,81.173,81.191,81.172,81.189,219010000,1
1529939040000,1529939099000,81.188,81.191,81.165,81.172,169060000,1
1529939100000,1529939159000,81.171,81.171,81.146,81.162,261930000,1
1529939160000,1529939219000,81.162,81.164,81.146,81.15,157160000,1
1529939220000,1529939279000,81.151,81.158,81.145,81.152,204220000,1
1529939280000,1529939339000,81.152,81.165,81.152,81.164,150130000,1
1529939340000,1529939399000,81.162,81.166,81.153,81.163,124530000,1
1529939400000,1529939459000,81.161,81.194,81.16,81.186,140380000,1
1529939460000,1529939519000,81.186,81.239,81.18,81.231,205090000,1
1529939520000,1529939579000,81.232,81.235,81.206,81.221,178690000,1
1529939580000,1529939639000,81.221,81.221,81.205,81.215,138730000,1
1529939640000,1529939699000,81.214,81.214,81.195,81.201,174540000,1
1529939700000,1529939759000,81.201,81.212,81.184,81.185,168430000,1
1529939760000,1529939819000,81.186,81.21,81.182,81.203,164310000,1
1529939820000,1529939879000,81.203,81.21,81.184,81.188,195180000,1
1529939880000,1529939939000,81.188,81.188,81.148,81.15,177210000,1
1529939940000,1529939999000,81.151,81.154,81.128,81.13,155480000,1
1529940000000,1529940059000,81.128,81.133,81.124,81.129,149810000,1
1529940060000,1529940119000,81.127,81.128,81.112,81.116,198800000,1
1529940120000,1529940179000,81.119,81.136,81.119,81.126,157030000,1
1529940180000,1529940239000,81.126,81.13,81.117,81.117,142380000,1
1529940240000,1529940299000,81.119,81.131,81.117,81.119,136110000,1
1529940300000,1529940359000,81.119,81.159,81.119,81.159,176920000,1
1529940360000,1529940419000,81.157,81.165,81.151,81.154,156190000,1
1529940420000,1529940479000,81.153,81.164,81.145,81.145,133930000,1
1529940480000,1529940539000,81.146,81.159,81.142,81.148,147740000,1
1529940540000,1529940599000,81.147,81.148,81.131,81.142,154940000,1
1529940600000,1529940659000,81.141,81.153,81.133,81.152,101100000,1
1529940660000,1529940719000,81.153,81.159,81.146,81.15,105980000,1
1529940720000,1529940779000,81.149,81.152,81.138,81.146,117720000,1
1529940780000,1529940839000,81.148,81.153,81.131,81.133,121560000,1
1529940840000,1529940899000,81.133,81.133,81.106,81.111,110620000,1
1529940900000,1529940959000,81.11,81.115,81.094,81.099,137950000,1
1529940960000,1529941019000,81.1,81.104,81.095,81.1,182460000,1
1529941020000,1529941079000,81.1,81.109,81.09,81.105,149590000,1
1529941080000,1529941139000,81.105,81.123,81.105,81.112,151580000,1
1529941140000,1529941199000,81.112,81.112,81.096,81.101,113760000,1
1529941200000,1529941259000,81.101,81.122,81.08,81.12,162910000,1
1529941260000,1529941319000,81.119,81.173,81.115,81.16,115340000,1
1529941320000,1529941379000,81.158,81.162,81.149,81.157,109230000,1
1529941380000,1529941439000,81.159,81.173,81.155,81.173,136990000,1
1529941440000,1529941499000,81.172,81.173,81.163,81.163,61820000,1
1529941500000,1529941559000,81.162,81.184,81.149,81.178,119260000,1
1529941560000,1529941619000,81.178,81.178,81.167,81.171,83560000,1
1529941620000,1529941679000,81.17,81.192,81.166,81.19,83190000,1
1529941680000,1529941739000,81.191,81.216,81.186,81.212,164920000,1
1529941740000,1529941799000,81.212,81.216,81.205,81.213,140700000,1
1529941800000,1529941859000,81.212,81.214,81.183,81.183,144360000,1
1529941860000,1529941919000,81.184,81.188,81.174,81.181,198780000,1
1529941920000,1529941979000,81.182,81.189,81.175,81.178,130660000,1
1529941980000,1529942039000,81.179,81.188,81.169,81.178,86240000,1
1529942040000,1529942099000,81.177,81.182,81.171,81.18,65110000,1
1529942100000,1529942159000,81.178,81.181,81.17,81.172,82420000,1
1529942160000,1529942219000,81.174,81.191,81.17,81.183,95790000,1
1529942220000,1529942279000,81.184,81.19,81.18,81.182,86780000,1
1529942280000,1529942339000,81.182,81.183,81.162,81.164,119860000,1
1529942340000,1529942399000,81.164,81.166,81.16,81.162,91890000,1
1529942400000,1529942459000,81.162,81.185,81.153,81.155,107800000,1
1529942460000,1529942519000,81.153,81.153,81.107,81.107,152470000,1
1529942520000,1529942579000,81.106,81.122,81.101,81.12,136970000,1
1529942580000,1529942639000,81.119,81.121,81.111,81.117,137110000,1
1529942640000,1529942699000,81.117,81.134,81.114,81.115,125080000,1
1529942700000,1529942759000,81.114,81.118,81.104,81.107,109350000,1
1529942760000,1529942819000,81.104,81.104,81.071,81.071,166480000,1
1529942820000,1529942879000,81.069,81.081,81.067,81.068,152210000,1
1529942880000,1529942939000,81.068,81.068,81.059,81.064,102470000,1
1529942940000,1529942999000,81.063,81.063,81.033,81.033,170110000,1
1529943000000,1529943059000,81.035,81.04,81.027,81.032,141230000,1
1529943060000,1529943119000,81.032,81.037,81.025,81.037,96760000,1
1529943120000,1529943179000,81.037,81.041,81.02,81.021,149760000,1
1529943180000,1529943239000,81.021,81.034,81.001,81.023,184900000,1
1529943240000,1529943299000,81.023,81.043,81.022,81.03,159550000,1
1529943300000,1529943359000,81.029,81.036,81.023,81.033,147170000,1
1529943360000,1529943419000,81.034,81.037,81.025,81.035,108280000,1
1529943420000,1529943479000,81.035,81.044,81.025,81.043,152800000,1
1529943480000,1529943539000,81.043,81.046,81.023,81.023,121720000,1
1529943540000,1529943599000,81.023,81.023,81.012,81.012,156350000,1
1529943600000,1529943659000,81.008,81.008,80.994,80.997,124620000,1
1529943660000,1529943719000,80.996,81.008,80.989,81.003,100090000,1
1529943720000,1529943779000,81.004,81.034,80.995,81.032,125140000,1
1529943780000,1529943839000,81.031,81.064,81.026,81.064,133250000,1
1529943840000,1529943899000,81.064,81.095,81.058,81.094,152270000,1
1529943900000,1529943959000,81.095,81.095,81.083,81.087,101790000,1
1529943960000,1529944019000,81.087,81.088,81.077,81.079,114160000,1
1529944020000,1529944079000,81.08,81.091,81.074,81.09,115170000,1
1529944080000,1529944139000,81.089,81.089,81.078,81.083,72030000,1
1529944140000,1529944199000,81.084,81.087,81.068,81.086,106540000,1
1529944200000,1529944259000,81.085,81.093,81.075,81.093,135480000,1
1529944260000,1529944319000,81.093,81.093,81.075,81.075,98800000,1
1529944320000,1529944379000,81.074,81.075,81.066,81.066,99870000,1
1529944380000,1529944439000,81.065,81.069,81.062,81.065,122700000,1
1529944440000,1529944499000,81.064,81.064,81.052,81.057,152160000,1
1529944500000,1529944559000,81.057,81.06,81.037,81.037,168110000,1
1529944560000,1529944619000,81.037,81.046,81.029,81.039,132560000,1
1529944620000,1529944679000,81.038,81.038,81.028,81.028,107940000,1
1529944680000,1529944739000,81.029,81.031,81.02,81.028,108380000,1
1529944740000,1529944799000,81.027,81.031,81.02,81.02,124790000,1
1529944800000,1529944859000,81.02,81.038,81.014,81.035,120160000,1
1529944860000,1529944919000,81.034,81.07,81.032,81.063,107310000,1
1529944920000,1529944979000,81.063,81.069,81.057,81.068,119680000,1
1529944980000,1529945039000,81.067,81.071,81.049,81.053,153160000,1
1529945040000,1529945099000,81.053,81.062,81.046,81.057,103800000,1
1529945100000,1529945159000,81.055,81.06,81.042,81.057,112440000,1
1529945160000,1529945219000,81.053,81.053,81.036,81.037,103950000,1
1529945220000,1529945279000,81.037,81.037,81.003,81.003,164410000,1
1529945280000,1529945339000,81.002,81.018,81.001,81.012,97270000,1
1529945340000,1529945399000,81.013,81.016,81.001,81.005,107800000,1
1529945400000,1529945459000,81.004,81.014,81.002,81.013,79420000,1
1529945460000,1529945519000,81.013,81.013,80.995,80.995,147970000,1
1529945520000,1529945579000,80.996,81.039,80.99,81.038,196820000,1
1529945580000,1529945639000,81.038,81.038,81.023,81.028,124290000,1
1529945640000,1529945699000,81.027,81.028,81.022,81.027,113830000,1
1529945700000,1529945759000,81.027,81.033,81.021,81.028,63740000,1
1529945760000,1529945819000,81.027,81.067,81.027,81.067,112530000,1
1529945820000,1529945879000,81.068,81.082,81.054,81.062,204590000,1
1529945880000,1529945939000,81.063,81.065,81.052,81.063,122610000,1
1529945940000,1529945999000,81.063,81.063,81.051,81.054,120190000,1
1529946000000,1529946059000,81.054,81.061,81.046,81.047,111650000,1
1529946060000,1529946119000,81.046,81.048,81.035,81.037,101410000,1
1529946120000,1529946179000,81.037,81.056,81.037,81.048,86060000,1
1529946180000,1529946239000,81.047,81.047,81.029,81.032,97550000,1
1529946240000,1529946299000,81.034,81.043,81.034,81.043,102090000,1
1529946300000,1529946359000,81.043,81.049,81.039,81.042,85860000,1
1529946360000,1529946419000,81.041,81.047,81.037,81.046,79810000,1
1529946420000,1529946479000,81.046,81.062,81.043,81.057,76900000,1
1529946480000,1529946539000,81.057,81.062,81.054,81.061,59960000,1
1529946540000,1529946599000,81.061,81.061,81.046,81.059,70030000,1
1529946600000,1529946659000,81.058,81.059,81.04,81.041,78900000,1
1529946660000,1529946719000,81.042,81.043,81.036,81.039,81100000,1
1529946720000,1529946779000,81.039,81.04,81.03,81.033,130160000,1
1529946780000,1529946839000,81.033,81.039,81.031,81.033,84500000,1
1529946840000,1529946899000,81.033,81.038,81.012,81.013,137690000,1
1529946900000,1529946959000,81.013,81.016,81.006,81.008,69100000,1
1529946960000,1529947019000,81.008,81.026,81.008,81.019,99820000,1
1529947020000,1529947079000,81.017,81.024,80.99,80.994,153980000,1
1529947080000,1529947139000,80.996,81.008,80.995,80.998,129320000,1
1529947140000,1529947199000,80.998,81.013,80.995,81.011,93570000,1
1529947200000,1529947259000,81.011,81.044,81.007,81.044,102400000,1
1529947260000,1529947319000,81.043,81.047,81.036,81.041,78670000,1
1529947320000,1529947379000,81.041,81.045,81.035,81.043,115190000,1
1529947380000,1529947439000,81.04,81.04,81.028,81.032,130880000,1
1529947440000,1529947499000,81.032,81.033,81.005,81.005,122470000,1
1529947500000,1529947559000,81.006,81.027,81.006,81.027,96620000,1
1529947560000,1529947619000,81.029,81.034,81.02,81.032,108970000,1
1529947620000,1529947679000,81.031,81.036,81.019,81.023,134020000,1
1529947680000,1529947739000,81.024,81.045,81.02,81.045,163780000,1
1529947740000,1529947799000,81.045,81.045,81.018,81.021,143970000,1
1529947800000,1529947859000,81.022,81.03,81.022,81.029,101680000,1
1529947860000,1529947919000,81.028,81.033,81.021,81.029,194580000,1
1529947920000,1529947979000,81.029,81.037,81.026,81.036,112690000,1
1529947980000,1529948039000,81.036,81.037,81.024,81.037,118890000,1
1529948040000,1529948099000,81.037,81.048,81.037,81.045,47700000,1
1529948100000,1529948159000,81.044,81.044,81.016,81.016,109080000,1
1529948160000,1529948219000,81.016,81.031,81.016,81.025,115060000,1
1529948220000,1529948279000,81.027,81.031,81.017,81.02,78640000,1
1529948280000,1529948339000,81.02,81.035,81.02,81.028,145890000,1
1529948340000,1529948399000,81.029,81.043,81.029,81.042,104150000,1
1529948400000,1529948459000,81.042,81.062,81.035,81.062,109090000,1
1529948460000,1529948519000,81.061,81.07,81.06,81.069,67020000,1
1529948520000,1529948579000,81.067,81.07,81.064,81.066,32340000,1
1529948580000,1529948639000,81.065,81.067,81.053,81.053,116640000,1
1529948640000,1529948699000,81.053,81.068,81.053,81.068,114290000,1
1529948700000,1529948759000,81.069,81.089,81.069,81.085,92160000,1
1529948760000,1529948819000,81.085,81.085,81.067,81.073,94040000,1
1529948820000,1529948879000,81.073,81.074,81.057,81.057,114980000,1
1529948880000,1529948939000,81.056,81.062,81.046,81.062,102900000,1
1529948940000,1529948999000,81.062,81.072,81.061,81.068,105670000,1
1529949000000,1529949059000,81.069,81.069,81.056,81.057,101050000,1
1529949060000,1529949119000,81.057,81.061,81.056,81.059,64310000,1
1529949120000,1529949179000,81.059,81.059,81.053,81.054,88360000,1
1529949180000,1529949239000,81.054,81.075,81.054,81.071,108560000,1
1529949240000,1529949299000,81.071,81.071,81.051,81.053,99860000,1
1529949300000,1529949359000,81.053,81.058,81.051,81.057,115950000,1
1529949360000,1529949419000,81.057,81.063,81.05,81.054,68230000,1
1529949420000,1529949479000,81.054,81.06,81.042,81.056,80470000,1
1529949480000,1529949539000,81.059,81.063,81.056,81.061,48110000,1
1529949540000,1529949599000,81.063,81.068,81.057,81.059,61560000,1
1529949600000,1529949659000,81.057,81.077,81.051,81.065,94350000,1
1529949660000,1529949719000,81.065,81.074,81.062,81.069,63690000,1
1529949720000,1529949779000,81.068,81.077,81.055,81.066,82720000,1
1529949780000,1529949839000,81.067,81.087,81.067,81.077,84180000,1
1529949840000,1529949899000,81.077,81.084,81.07,81.084,84170000,1
1529949900000,1529949959000,81.084,81.093,81.067,81.093,105280000,1
1529949960000,1529950019000,81.093,81.119,81.091,81.119,136480000,1
1529950020000,1529950079000,81.119,81.126,81.116,81.126,103680000,1
1529950080000,1529950139000,81.126,81.126,81.113,81.116,82630000,1
1529950140000,1529950199000,81.116,81.118,81.086,81.09,128710000,1
1529950200000,1529950259000,81.09,81.09,81.064,81.075,104080000,1
1529950260000,1529950319000,81.077,81.088,81.076,81.086,105510000,1
1529950320000,1529950379000,81.086,81.097,81.085,81.092,98900000,1
1529950380000,1529950439000,81.092,81.095,81.083,81.089,76060000,1
1529950440000,1529950499000,81.088,81.095,81.088,81.091,48770000,1
1529950500000,1529950559000,81.091,81.092,81.078,81.082,63180000,1
1529950560000,1529950619000,81.082,81.085,81.074,81.082,59240000,1
1529950620000,1529950679000,81.081,81.088,81.077,81.079,54120000,1
1529950680000,1529950739000,81.078,81.078,81.062,81.062,60110000,1
1529950740000,1529950799000,81.062,81.064,81.056,81.064,129750000,1
1529950800000,1529950859000,81.063,81.065,81.057,81.065,96780000,1
1529950860000,1529950919000,81.064,81.07,81.061,81.065,81620000,1
1529950920000,1529950979000,81.065,81.067,81.055,81.058,71590000,1
1529950980000,1529951039000,81.057,81.061,81.057,81.058,108750000,1
1529951040000,1529951099000,81.058,81.066,81.057,81.061,78950000,1
1529951100000,1529951159000,81.061,81.071,81.061,81.071,68970000,1
1529951160000,1529951219000,81.071,81.085,81.071,81.08,71870000,1
1529951220000,1529951279000,81.08,81.087,81.077,81.086,95660000,1
1529951280000,1529951339000,81.088,81.092,81.084,81.088,116390000,1
1529951340000,1529951399000,81.088,81.105,81.088,81.101,137580000,1
1529951400000,1529951459000,81.101,81.108,81.091,81.091,72980000,1
1529951460000,1529951519000,81.091,81.096,81.088,81.091,105530000,1
1529951520000,1529951579000,81.091,81.1,81.089,81.089,135280000,1
1529951580000,1529951639000,81.09,81.094,81.08,81.09,131660000,1
1529951640000,1529951699000,81.092,81.095,81.081,81.081,72270000,1
1529951700000,1529951759000,81.082,81.082,81.063,81.068,103020000,1
1529951760000,1529951819000,81.069,81.069,81.065,81.066,102970000,1
1529951820000,1529951879000,81.067,81.069,81.043,81.049,90370000,1
1529951880000,1529951939000,81.049,81.052,81.038,81.045,121660000,1
1529951940000,1529951999000,81.044,81.044,81.033,81.034,109860000,1
1529952000000,1529952059000,81.032,81.041,81.018,81.023,89680000,1
1529952060000,1529952119000,81.023,81.025,81.016,81.018,81320000,1
1529952120000,1529952179000,81.018,81.044,81.018,81.042,117940000,1
1529952180000,1529952239000,81.043,81.052,81.043,81.046,68860000,1
1529952240000,1529952299000,81.044,81.063,81.043,81.053,115120000,1
1529952300000,1529952359000,81.05,81.05,81.041,81.041,121270000,1
1529952360000,1529952419000,81.041,81.041,81.026,81.03,99600000,1
1529952420000,1529952479000,81.031,81.04,81.029,81.035,67420000,1
1529952480000,1529952539000,81.035,81.046,81.022,81.023,90910000,1
1529952540000,1529952599000,81.024,81.024,81.015,81.017,116120000,1
1529952600000,1529952659000,81.017,81.02,80.995,80.995,165510000,1
1529952660000,1529952719000,80.995,80.997,80.984,80.996,128980000,1
1529952720000,1529952779000,80.996,81.001,80.989,80.998,109930000,1
1529952780000,1529952839000,80.999,81.007,80.997,81.0,138470000,1
1529952840000,1529952899000,81.0,81.017,81.0,81.014,125240000,1
1529952900000,1529952959000,81.014,81.018,81.004,81.004,193260000,1
1529952960000,1529953019000,81.004,81.017,81.003,81.011,117890000,1
1529953020000,1529953079000,81.01,81.021,81.005,81.021,137530000,1
1529953080000,1529953139000,81.02,81.039,81.019,81.033,168700000,1
1529953140000,1529953199000,81.033,81.047,81.025,81.034,175910000,1
1529953200000,1529953259000,81.035,81.047,81.034,81.046,131580000,1
1529953260000,1529953319000,81.046,81.063,81.046,81.061,70660000,1
1529953320000,1529953379000,81.061,81.063,81.051,81.063,48800000,1
1529953380000,1529953439000,81.063,81.068,81.062,81.065,48950000,1
1529953440000,1529953499000,81.066,81.066,81.062,81.064,54400000,1
1529953500000,1529953559000,81.064,81.073,81.064,81.072,56310000,1
1529953560000,1529953619000,81.073,81.074,81.051,81.051,136340000,1
1529953620000,1529953679000,81.05,81.06,81.048,81.048,108170000,1
1529953680000,1529953739000,81.048,81.058,81.048,81.058,56990000,1
1529953740000,1529953799000,81.058,81.082,81.058,81.074,91110000,1
1529953800000,1529953859000,81.075,81.084,81.064,81.065,50690000,1
1529953860000,1529953919000,81.062,81.07,81.055,81.067,97480000,1
1529953920000,1529953979000,81.067,81.103,81.064,81.103,127280000,1
1529953980000,1529954039000,81.103,81.118,81.087,81.089,129740000,1
1529954040000,1529954099000,81.088,81.088,81.051,81.058,177790000,1
1529954100000,1529954159000,81.057,81.065,81.048,81.058,174810000,1
1529954160000,1529954219000,81.059,81.082,81.059,81.075,129230000,1
1529954220000,1529954279000,81.074,81.084,81.067,81.067,113940000,1
1529954280000,1529954339000,81.067,81.105,81.067,81.104,161360000,1
1529954340000,1529954399000,81.105,81.115,81.096,81.11,117330000,1
1529954400000,1529954459000,81.11,81.116,81.109,81.113,67900000,1
1529954460000,1529954519000,81.113,81.113,81.099,81.1,103120000,1
1529954520000,1529954579000,81.1,81.104,81.094,81.102,130490000,1
1529954580000,1529954639000,81.102,81.108,81.091,81.108,91630000,1
1529954640000,1529954699000,81.109,81.114,81.103,81.11,111870000,1
1529954700000,1529954759000,81.111,81.121,81.11,81.117,104000000,1
1529954760000,1529954819000,81.117,81.119,81.099,81.104,124620000,1
1529954820000,1529954879000,81.103,81.111,81.1,81.103,101200000,1
1529954880000,1529954939000,81.102,81.106,81.091,81.091,85320000,1
1529954940000,1529954999000,81.092,81.1,81.09,81.095,118340000,1
1529955000000,1529955059000,81.093,81.104,81.092,81.096,130560000,1
1529955060000,1529955119000,81.097,81.1,81.088,81.099,107960000,1
1529955120000,1529955179000,81.098,81.114,81.098,81.109,37980000,1
1529955180000,1529955239000,81.109,81.151,81.107,81.148,107620000,1
1529955240000,1529955299000,81.145,81.146,81.126,81.143,211170000,1
1529955300000,1529955359000,81.143,81.177,81.136,81.177,186830000,1
1529955360000,1529955419000,81.175,81.198,81.166,81.187,140000000,1
1529955420000,1529955479000,81.188,81.519,81.188,81.511,303970000,1
1529955480000,1529955539000,81.506,81.506,81.376,81.399,396680000,1
1529955540000,1529955599000,81.403,81.461,81.395,81.414,327600000,1
1529955600000,1529955659000,81.414,81.449,81.4,81.42,202720000,1
1529955660000,1529955719000,81.42,81.428,81.406,81.408,166880000,1
1529955720000,1529955779000,81.408,81.445,81.408,81.432,131940000,1
1529955780000,1529955839000,81.431,81.431,81.379,81.386,237690000,1
1529955840000,1529955899000,81.387,81.415,81.377,81.394,193170000,1
1529955900000,1529955959000,81.398,81.408,81.393,81.393,113310000,1
1529955960000,1529956019000,81.393,81.398,81.376,81.397,201990000,1
1529956020000,1529956079000,81.398,81.404,81.377,81.377,104470000,1
1529956080000,1529956139000,81.377,81.377,81.338,81.345,161700000,1
1529956140000,1529956199000,81.346,81.357,81.342,81.353,107330000,1
1529956200000,1529956259000,81.347,81.387,81.337,81.387,157860000,1
1529956260000,1529956319000,81.386,81.394,81.361,81.369,171840000,1
1529956320000,1529956379000,81.367,81.367,81.351,81.353,111540000,1
1529956380000,1529956439000,81.355,81.367,81.345,81.358,142580000,1
1529956440000,1529956499000,81.358,81.37,81.357,81.364,131270000,1
1529956500000,1529956559000,81.361,81.373,81.354,81.372,93150000,1
1529956560000,1529956619000,81.372,81.396,81.372,81.382,140160000,1
1529956620000,1529956679000,81.382,81.394,81.375,81.393,107750000,1
1529956680000,1529956739000,81.392,81.392,81.337,81.353,191220000,1
1529956740000,1529956799000,81.352,81.361,81.337,81.338,177150000,1
1529956800000,1529956859000,81.34,81.342,81.311,81.315,114550000,1
1529956860000,1529956919000,81.317,81.325,81.305,81.305,90050000,1
1529956920000,1529956979000,81.303,81.303,81.257,81.26,156400000,1
1529956980000,1529957039000,81.261,81.273,81.259,81.273,122630000,1
1529957040000,1529957099000,81.276,81.281,81.264,81.264,128150000,1
1529957100000,1529957159000,81.265,81.302,81.258,81.301,100440000,1
1529957160000,1529957219000,81.301,81.335,81.301,81.335,49220000,1
1529957220000,1529957279000,81.334,81.334,81.325,81.325,36330000,1
1529957280000,1529957339000,81.324,81.324,81.311,81.318,40390000,1
1529957340000,1529957399000,81.318,81.319,81.31,81.317,36650000,1
1529957400000,1529957459000,81.317,81.323,81.312,81.318,77470000,1
1529957460000,1529957519000,81.318,81.319,81.311,81.318,47550000,1
1529957520000,1529957579000,81.317,81.317,81.308,81.311,35880000,1
1529957580000,1529957639000,81.309,81.321,81.308,81.316,85960000,1
1529957640000,1529957699000,81.316,81.333,81.309,81.317,121880000,1
1529957700000,1529957759000,81.315,81.323,81.315,81.323,26800000,1
1529957760000,1529957819000,81.323,81.324,81.323,81.324,17830000,1
1529957820000,1529957879000,81.324,81.324,81.316,81.316,19320000,1
1529957880000,1529957939000,81.316,81.327,81.316,81.323,28440000,1
1529957940000,1529957999000,81.323,81.332,81.323,81.332,39570000,1
1529958000000,1529958059000,81.331,81.337,81.326,81.326,38500000,1
1529958060000,1529958119000,81.327,81.329,81.326,81.329,15000000,1
1529958120000,1529958179000,81.327,81.327,81.32,81.321,19670000,1
1529958180000,1529958239000,81.321,81.335,81.321,81.334,39300000,1
1529958240000,1529958299000,81.333,81.345,81.333,81.341,65710000,1
1529958300000,1529958359000,81.34,81.344,81.339,81.344,61780000,1
1529958360000,1529958419000,81.344,81.345,81.342,81.344,70860000,1
1529958420000,1529958479000,81.344,81.347,81.337,81.337,36050000,1
1529958480000,1529958539000,81.337,81.337,81.334,81.335,25540000,1
1529958540000,1529958599000,81.334,81.344,81.332,81.336,65510000,1
1529958600000,1529958659000,81.335,81.345,81.331,81.339,73500000,1
1529958660000,1529958719000,81.343,81.346,81.341,81.341,23560000,1
1529958720000,1529958779000,81.339,81.339,81.337,81.337,7370000,1
1529958780000,1529958839000,81.337,81.337,81.331,81.336,36150000,1
1529958840000,1529958899000,81.335,81.344,81.335,81.343,30730000,1
1529958900000,1529958959000,81.343,81.348,81.34,81.34,44640000,1
1529958960000,1529959019000,81.338,81.349,81.338,81.348,58030000,1
1529959020000,1529959079000,81.348,81.348,81.347,81.347,15680000,1
1529959080000,1529959139000,81.347,81.347,81.34,81.34,35130000,1
1529959140000,1529959199000,81.34,81.34,81.339,81.339,12670000,1
1529959200000,1529959259000,81.339,81.34,81.331,81.332,29300000,1
1529959260000,1529959319000,81.336,81.339,81.328,81.339,52660000,1
1529959320000,1529959379000,81.339,81.352,81.339,81.352,49230000,1
1529959380000,1529959439000,81.352,81.352,81.338,81.338,68480000,1
1529959440000,1529959499000,81.338,81.339,81.337,81.339,17560000,1
1529959500000,1529959559000,81.337,81.346,81.337,81.346,21610000,1
1529959560000,1529959619000,81.343,81.343,81.338,81.343,23790000,1
1529959620000,1529959679000,81.343,81.346,81.343,81.346,10000000,1
1529959680000,1529959739000,81.347,81.353,81.347,81.352,13000000,1
1529959740000,1529959799000,81.351,81.353,81.344,81.352,31870000,1
1529959800000,1529959859000,81.353,81.363,81.348,81.36,58920000,1
1529959860000,1529959919000,81.36,81.36,81.342,81.342,59970000,1
1529959920000,1529959979000,81.342,81.345,81.335,81.335,37810000,1
1529959980000,1529960039000,81.335,81.336,81.324,81.328,35500000,1
1529960040000,1529960099000,81.328,81.334,81.328,81.334,27200000,1
1529960100000,1529960159000,81.336,81.341,81.334,81.341,47660000,1
1529960160000,1529960219000,81.341,81.368,81.335,81.357,107630000,1
1529960220000,1529960279000,81.351,81.353,81.342,81.353,73040000,1
1529960280000,1529960339000,81.353,81.367,81.352,81.365,104510000,1
1529960340000,1529960399000,81.363,81.381,81.356,81.37,143570000,1
1529960400000,1529960459000,81.352,81.355,81.306,81.34,11240000,1
1529960460000,1529960519000,81.343,81.344,81.342,81.344,5250000,1
1529960520000,1529960579000,81.344,81.344,81.342,81.342,1500000,1
1529960580000,1529960639000,81.342,81.344,81.342,81.344,94500000,1
1529960640000,1529960699000,81.344,81.347,81.34,81.345,51750000,1
1529960700000,1529960759000,81.345,81.357,81.341,81.351,175500000,1
1529960760000,1529960819000,81.356,81.361,81.35,81.35,73000000,1
1529960820000,1529960879000,81.35,81.353,81.348,81.353,202500000,1
1529960880000,1529960939000,81.351,81.362,81.35,81.361,173000000,1
1529960940000,1529960999000,81.361,81.364,81.359,81.36,24000000,1
1529961000000,1529961059000,81.362,81.369,81.357,81.358,44100000,1
1529961060000,1529961119000,81.361,81.368,81.356,81.365,171400000,1
1529961120000,1529961179000,81.366,81.371,81.363,81.368,174730000,1
1529961180000,1529961239000,81.367,81.374,81.366,81.369,284040000,1
1529961240000,1529961299000,81.372,81.375,81.368,81.37,231000000,1
1529961300000,1529961359000,81.372,81.372,81.366,81.37,180870000,1
1529961360000,1529961419000,81.372,81.373,81.366,81.37,143270000,1
1529961420000,1529961479000,81.37,81.371,81.353,81.355,181160000,1
1529961480000,1529961539000,81.356,81.357,81.353,81.355,146250000,1
1529961540000,1529961599000,81.354,81.357,81.353,81.355,124200000,1
1529961600000,1529961659000,81.355,81.36,81.353,81.356,208420000,1
1529961660000,1529961719000,81.356,81.366,81.354,81.36,316840000,1
1529961720000,1529961779000,81.357,81.359,81.355,81.357,70900000,1
1529961780000,1529961839000,81.356,81.358,81.354,81.357,49810000,1
1529961840000,1529961899000,81.357,81.358,81.355,81.357,8720000,1
1529961900000,1529961959000,81.358,81.358,81.346,81.354,35530000,1
1529961960000,1529962019000,81.354,81.355,81.35,81.353,20730000,1
1529962020000,1529962079000,81.349,81.356,81.349,81.354,49610000,1
1529962080000,1529962139000,81.354,81.356,81.352,81.356,31430000,1
1529962140000,1529962199000,81.356,81.357,81.339,81.346,54500000,1
1529962200000,1529962259000,81.345,81.346,81.314,81.326,120420000,1
1529962260000,1529962319000,81.327,81.356,81.327,81.353,121840000,1
1529962320000,1529962379000,81.354,81.364,81.335,81.363,145220000,1
1529962380000,1529962439000,81.363,81.363,81.331,81.354,149100000,1
1529962440000,1529962499000,81.354,81.364,81.352,81.356,41410000,1
1529962500000,1529962559000,81.358,81.366,81.343,81.356,47780000,1
1529962560000,1529962619000,81.362,81.381,81.36,81.374,115960000,1
1529962620000,1529962679000,81.374,81.379,81.374,81.374,34800000,1
1529962680000,1529962739000,81.375,81.379,81.366,81.366,50760000,1
1529962740000,1529962799000,81.367,81.379,81.365,81.374,73640000,1
1529962800000,1529962859000,81.374,81.39,81.372,81.379,49630000,1
1529962860000,1529962919000,81.379,81.415,81.341,81.378,210450000,1
1529962920000,1529962979000,81.378,81.38,81.352,81.369,147430000,1
1529962980000,1529963039000,81.374,81.377,81.368,81.375,84880000,1
1529963040000,1529963099000,81.377,81.38,81.348,81.355,115240000,1
1529963100000,1529963159000,81.355,81.372,81.355,81.37,91070000,1
1529963160000,1529963219000,81.37,81.377,81.37,81.375,65450000,1
1529963220000,1529963279000,81.376,81.383,81.369,81.369,66090000,1
1529963280000,1529963339000,81.368,81.373,81.367,81.371,39840000,1
1529963340000,1529963399000,81.371,81.382,81.37,81.382,41620000,1
1529963400000,1529963459000,81.382,81.388,81.382,81.388,30000000,1
1529963460000,1529963519000,81.386,81.386,81.376,81.377,51820000,1
1529963520000,1529963579000,81.376,81.387,81.375,81.385,38550000,1
1529963580000,1529963639000,81.383,81.388,81.383,81.385,59320000,1
1529963640000,1529963699000,81.385,81.398,81.385,81.397,50090000,1
1529963700000,1529963759000,81.396,81.396,81.395,81.395,16800000,1
1529963760000,1529963819000,81.397,81.406,81.391,81.403,114830000,1
1529963820000,1529963879000,81.405,81.409,81.401,81.407,69550000,1
1529963880000,1529963939000,81.407,81.422,81.406,81.421,74880000,1
1529963940000,1529963999000,81.419,81.42,81.404,81.405,37390000,1
1529964000000,1529964059000,81.407,81.413,81.367,81.383,91600000,1
1529964060000,1529964119000,81.382,81.384,81.379,81.382,27650000,1
1529964120000,1529964179000,81.381,81.382,81.373,81.373,18970000,1
1529964180000,1529964239000,81.373,81.383,81.371,81.372,41280000,1
1529964240000,1529964299000,81.373,81.375,81.363,81.363,58010000,1
1529964300000,1529964359000,81.363,81.366,81.357,81.359,48210000,1
1529964360000,1529964419000,81.359,81.366,81.359,81.364,42210000,1
1529964420000,1529964479000,81.365,81.368,81.353,81.356,79130000,1
1529964480000,1529964539000,81.357,81.365,81.356,81.365,36280000,1
1529964540000,1529964599000,81.365,81.371,81.36,81.363,52620000,1
1529964600000,1529964659000,81.359,81.359,81.355,81.357,29870000,1
1529964660000,1529964719000,81.356,81.358,81.346,81.35,39100000,1
1529964720000,1529964779000,81.35,81.356,81.348,81.348,27480000,1
1529964780000,1529964839000,81.348,81.362,81.348,81.362,18120000,1
1529964840000,1529964899000,81.361,81.361,81.357,81.357,11410000,1
1529964900000,1529964959000,81.357,81.357,81.355,81.355,26500000,1
1529964960000,1529965019000,81.354,81.361,81.353,81.361,17490000,1
1529965020000,1529965079000,81.361,81.361,81.358,81.358,5000000,1
1529965080000,1529965139000,81.358,81.358,81.347,81.35,21510000,1
1529965140000,1529965199000,81.35,81.352,81.347,81.35,14370000,1
1529965200000,1529965259000,81.348,81.349,81.346,81.347,22350000,1
1529965260000,1529965319000,81.348,81.349,81.347,81.349,5000000,1
1529965320000,1529965379000,81.349,81.35,81.347,81.347,11250000,1
1529965380000,1529965439000,81.348,81.349,81.348,81.349,4870000,1
1529965440000,1529965499000,81.349,81.357,81.349,81.356,12220000,1
1529965500000,1529965559000,81.356,81.356,81.349,81.349,24140000,1
1529965560000,1529965619000,81.349,81.349,81.345,81.347,18110000,1
1529965620000,1529965679000,81.346,81.347,81.342,81.342,14990000,1
1529965680000,1529965739000,81.342,81.344,81.337,81.337,26460000,1
1529965740000,1529965799000,81.336,81.345,81.335,81.345,42550000,1
1529965800000,1529965859000,81.343,81.345,81.319,81.321,59670000,1
1529965860000,1529965919000,81.322,81.327,81.322,81.327,32900000,1
1529965920000,1529965979000,81.327,81.33,81.327,81.33,13410000,1
1529965980000,1529966039000,81.33,81.331,81.324,81.327,25650000,1
1529966040000,1529966099000,81.329,81.337,81.329,81.335,26460000,1
1529966100000,1529966159000,81.335,81.335,81.333,81.334,13220000,1
1529966160000,1529966219000,81.333,81.351,81.332,81.351,27720000,1
1529966220000,1529966279000,81.352,81.354,81.348,81.351,22370000,1
1529966280000,1529966339000,81.351,81.351,81.34,81.34,26970000,1
1529966340000,1529966399000,81.339,81.343,81.327,81.327,44430000,1
1529966400000,1529966459000,81.326,81.332,81.326,81.332,15370000,1
1529966460000,1529966519000,81.332,81.332,81.322,81.322,17400000,1
1529966520000,1529966579000,81.322,81.324,81.322,81.322,34460000,1
1529966580000,1529966639000,81.322,81.322,81.32,81.321,40960000,1
1529966640000,1529966699000,81.321,81.321,81.32,81.321,15240000,1
1529966700000,1529966759000,81.321,81.329,81.321,81.327,47770000,1
1529966760000,1529966819000,81.327,81.327,81.316,81.316,37990000,1
1529966820000,1529966879000,81.316,81.322,81.312,81.319,38430000,1
1529966880000,1529966939000,81.319,81.32,81.308,81.312,32560000,1
1529966940000,1529966999000,81.313,81.313,81.313,81.313,2560000,1
1529967000000,1529967059000,81.313,81.317,81.311,81.313,18670000,1
1529967060000,1529967119000,81.312,81.312,81.311,81.312,11240000,1
1529967120000,1529967179000,81.312,81.313,81.308,81.308,7620000,1
1529967180000,1529967239000,81.308,81.31,81.308,81.309,7120000,1
1529967240000,1529967299000,81.309,81.314,81.296,81.313,34040000,1
1529967300000,1529967359000,81.312,81.312,81.308,81.309,13800000,1
1529967360000,1529967419000,81.309,81.318,81.309,81.318,30940000,1
1529967420000,1529967479000,81.318,81.328,81.316,81.328,23420000,1
1529967480000,1529967539000,81.328,81.328,81.325,81.325,14870000,1
1529967540000,1529967599000,81.325,81.325,81.323,81.323,6610000,1
1529967600000,1529967659000,81.324,81.331,81.324,81.331,11130000,1
1529967660000,1529967719000,81.331,81.348,81.325,81.348,57650000,1
1529967720000,1529967779000,81.349,81.35,81.325,81.325,43790000,1
1529967780000,1529967839000,81.324,81.328,81.324,81.326,27040000,1
1529967840000,1529967899000,81.326,81.326,81.314,81.318,24550000,1
1529967900000,1529967959000,81.319,81.32,81.317,81.32,13190000,1
1529967960000,1529968019000,81.319,81.319,81.306,81.306,22360000,1
1529968020000,1529968079000,81.305,81.312,81.305,81.31,25860000,1
1529968080000,1529968139000,81.31,81.31,81.3,81.308,39130000,1
1529968140000,1529968199000,81.307,81.309,81.305,81.308,24450000,1
1529968200000,1529968259000,81.308,81.322,81.308,81.322,52480000,1
1529968260000,1529968319000,81.322,81.325,81.314,81.314,32190000,1
1529968320000,1529968379000,81.314,81.316,81.308,81.308,37580000,1
1529968380000,1529968439000,81.308,81.315,81.293,81.296,68490000,1
1529968440000,1529968499000,81.296,81.296,81.292,81.292,41710000,1
1529968500000,1529968559000,81.293,81.295,81.278,81.278,47400000,1
1529968560000,1529968619000,81.278,81.279,81.272,81.272,39680000,1
1529968620000,1529968679000,81.271,81.282,81.27,81.282,65810000,1
1529968680000,1529968739000,81.283,81.285,81.281,81.282,25570000,1
1529968740000,1529968799000,81.281,81.291,81.278,81.291,50740000,1
1529968800000,1529968859000,81.292,81.311,81.292,81.303,55240000,1
1529968860000,1529968919000,81.302,81.308,81.297,81.302,42600000,1
1529968920000,1529968979000,81.303,81.318,81.303,81.318,29700000,1
1529968980000,1529969039000,81.316,81.318,81.314,81.318,10000000,1
1529969040000,1529969099000,81.318,81.319,81.314,81.319,15000000,1
1529969100000,1529969159000,81.318,81.318,81.311,81.311,15180000,1
1529969160000,1529969219000,81.311,81.315,81.308,81.311,21120000,1
1529969220000,1529969279000,81.311,81.312,81.31,81.311,10050000,1
1529969280000,1529969339000,81.312,81.312,81.311,81.311,17190000,1
1529969340000,1529969399000,81.311,81.311,81.311,81.311,5440000,1
1529969400000,1529969459000,81.311,81.314,81.271,81.28,81030000,1
1529969460000,1529969519000,81.28,81.285,81.274,81.274,67420000,1
1529969520000,1529969579000,81.273,81.279,81.267,81.275,44320000,1
1529969580000,1529969639000,81.275,81.275,81.263,81.267,62610000,1
1529969640000,1529969699000,81.267,81.272,81.266,81.271,60630000,1
1529969700000,1529969759000,81.272,81.282,81.272,81.28,52300000,1
1529969760000,1529969819000,81.28,81.293,81.278,81.292,48550000,1
1529969820000,1529969879000,81.29,81.295,81.288,81.294,46570000,1
1529969880000,1529969939000,81.295,81.299,81.286,81.291,47750000,1
1529969940000,1529969999000,81.291,81.299,81.288,81.296,32750000,1
1529970000000,1529970059000,81.297,81.297,81.286,81.287,23000000,1
1529970060000,1529970119000,81.286,81.286,81.275,81.276,34490000,1
1529970120000,1529970179000,81.276,81.276,81.271,81.271,57730000,1
1529970180000,1529970239000,81.271,81.271,81.25,81.252,93720000,1
1529970240000,1529970299000,81.252,81.26,81.242,81.247,46970000,1
1529970300000,1529970359000,81.247,81.26,81.243,81.249,107830000,1
1529970360000,1529970419000,81.25,81.256,81.246,81.246,55960000,1
1529970420000,1529970479000,81.246,81.26,81.244,81.248,66150000,1
1529970480000,1529970539000,81.249,81.256,81.249,81.254,27720000,1
1529970540000,1529970599000,81.253,81.253,81.239,81.241,49110000,1
1529970600000,1529970659000,81.242,81.254,81.242,81.243,59760000,1
1529970660000,1529970719000,81.243,81.252,81.243,81.252,30850000,1
1529970720000,1529970779000,81.252,81.255,81.25,81.252,21650000,1
1529970780000,1529970839000,81.253,81.253,81.251,81.252,8370000,1
1529970840000,1529970899000,81.253,81.253,81.233,81.242,31610000,1
1529970900000,1529970959000,81.245,81.26,81.243,81.246,66480000,1
1529970960000,1529971019000,81.246,81.25,81.223,81.228,79540000,1
1529971020000,1529971079000,81.228,81.242,81.228,81.234,81590000,1
1529971080000,1529971139000,81.234,81.239,81.229,81.231,84940000,1
1529971140000,1529971199000,81.232,81.237,81.231,81.232,77360000,1
1529971200000,1529971259000,81.234,81.252,81.213,81.213,129060000,1
1529971260000,1529971319000,81.211,81.214,81.192,81.202,121340000,1
1529971320000,1529971379000,81.203,81.203,81.175,81.18,139390000,1
1529971380000,1529971439000,81.179,81.187,81.169,81.178,120400000,1
1529971440000,1529971499000,81.177,81.18,81.162,81.179,90250000,1
1529971500000,1529971559000,81.181,81.188,81.158,81.159,70860000,1
1529971560000,1529971619000,81.16,81.171,81.136,81.138,111500000,1
1529971620000,1529971679000,81.138,81.152,81.126,81.128,148880000,1
1529971680000,1529971739000,81.128,81.153,81.128,81.141,118430000,1
1529971740000,1529971799000,81.141,81.15,81.117,81.124,96680000,1
1529971800000,1529971859000,81.125,81.136,81.106,81.135,91500000,1
1529971860000,1529971919000,81.135,81.144,81.129,81.134,78710000,1
1529971920000,1529971979000,81.134,81.137,81.122,81.122,88720000,1
1529971980000,1529972039000,81.119,81.123,81.1,81.111,125720000,1
1529972040000,1529972099000,81.111,81.112,81.092,81.097,113320000,1
1529972100000,1529972159000,81.099,81.125,81.097,81.125,79620000,1
1529972160000,1529972219000,81.126,81.143,81.123,81.123,98520000,1
1529972220000,1529972279000,81.123,81.15,81.114,81.14,118890000,1
1529972280000,1529972339000,81.14,81.155,81.135,81.135,110220000,1
1529972340000,1529972399000,81.135,81.157,81.129,81.155,148320000,1
1529972400000,1529972459000,81.154,81.168,81.15,81.161,104880000,1
1529972460000,1529972519000,81.163,81.188,81.156,81.187,82020000,1
1529972520000,1529972579000,81.189,81.196,81.18,81.185,100070000,1
1529972580000,1529972639000,81.184,81.223,81.181,81.218,87050000,1
1529972640000,1529972699000,81.219,81.24,81.211,81.221,90980000,1
1529972700000,1529972759000,81.221,81.249,81.221,81.222,111740000,1
1529972760000,1529972819000,81.222,81.223,81.205,81.207,77930000,1
1529972820000,1529972879000,81.207,81.225,81.203,81.22,73230000,1
1529972880000,1529972939000,81.22,81.241,81.22,81.241,87130000,1
1529972940000,1529972999000,81.243,81.245,81.209,81.225,121170000,1
1529973000000,1529973059000,81.225,81.229,81.212,81.222,102460000,1
1529973060000,1529973119000,81.222,81.238,81.216,81.238,68480000,1
1529973120000,1529973179000,81.24,81.255,81.24,81.252,136730000,1
1529973180000,1529973239000,81.252,81.252,81.235,81.252,96870000,1
1529973240000,1529973299000,81.253,81.263,81.247,81.263,83520000,1
1529973300000,1529973359000,81.263,81.265,81.233,81.246,124040000,1
1529973360000,1529973419000,81.246,81.254,81.24,81.24,75610000,1
1529973420000,1529973479000,81.242,81.254,81.242,81.253,102820000,1
1529973480000,1529973539000,81.252,81.279,81.251,81.276,51640000,1
1529973540000,1529973599000,81.275,81.275,81.246,81.246,71240000,1
1529973600000,1529973659000,81.244,81.303,81.241,81.302,123000000,1
1529973660000,1529973719000,81.3,81.315,81.291,81.31,79080000,1
1529973720000,1529973779000,81.311,81.37,81.309,81.368,130500000,1
1529973780000,1529973839000,81.366,81.386,81.334,81.335,171940000,1
1529973840000,1529973899000,81.335,81.369,81.335,81.359,155800000,1
1529973900000,1529973959000,81.361,81.377,81.326,81.352,125310000,1
1529973960000,1529974019000,81.348,81.357,81.324,81.356,117680000,1
1529974020000,1529974079000,81.355,81.36,81.342,81.345,103250000,1
1529974080000,1529974139000,81.346,81.346,81.322,81.322,93400000,1
1529974140000,1529974199000,81.323,81.326,81.302,81.316,124860000,1
1529974200000,1529974259000,81.318,81.338,81.309,81.335,92850000,1
1529974260000,1529974319000,81.336,81.349,81.334,81.336,56730000,1
1529974320000,1529974379000,81.336,81.359,81.329,81.329,102940000,1
1529974380000,1529974439000,81.328,81.334,81.29,81.29,135290000,1
1529974440000,1529974499000,81.289,81.29,81.245,81.274,205650000,1
1529974500000,1529974559000,81.262,81.31,81.258,81.303,143650000,1
1529974560000,1529974619000,81.304,81.304,81.248,81.249,121920000,1
1529974620000,1529974679000,81.251,81.261,81.242,81.259,89240000,1
1529974680000,1529974739000,81.259,81.259,81.234,81.243,91420000,1
1529974740000,1529974799000,81.241,81.254,81.235,81.251,67970000,1
1529974800000,1529974859000,81.253,81.283,81.247,81.27,126780000,1
1529974860000,1529974919000,81.27,81.284,81.269,81.283,80020000,1
1529974920000,1529974979000,81.284,81.294,81.283,81.288,70400000,1
1529974980000,1529975039000,81.287,81.305,81.284,81.289,57380000,1
1529975040000,1529975099000,81.289,81.293,81.289,81.292,49460000,1
1529975100000,1529975159000,81.292,81.301,81.259,81.26,65940000,1
1529975160000,1529975219000,81.26,81.26,81.227,81.232,92900000,1
1529975220000,1529975279000,81.233,81.258,81.233,81.258,95100000,1
1529975280000,1529975339000,81.259,81.27,81.256,81.256,85140000,1
1529975340000,1529975399000,81.257,81.264,81.252,81.263,67320000,1
1529975400000,1529975459000,81.262,81.262,81.253,81.259,60280000,1
1529975460000,1529975519000,81.259,81.322,81.259,81.319,135210000,1
1529975520000,1529975579000,81.319,81.321,81.298,81.3,147050000,1
1529975580000,1529975639000,81.3,81.318,81.291,81.31,166380000,1
1529975640000,1529975699000,81.309,81.32,81.293,81.316,97970000,1
1529975700000,1529975759000,81.317,81.337,81.302,81.313,175720000,1
1529975760000,1529975819000,81.311,81.355,81.3,81.338,175060000,1
1529975820000,1529975879000,81.337,81.357,81.321,81.321,138810000,1
1529975880000,1529975939000,81.321,81.325,81.296,81.303,125680000,1
1529975940000,1529975999000,81.303,81.343,81.303,81.318,120210000,1
1529976000000,1529976059000,81.317,81.317,81.294,81.306,102750000,1
1529976060000,1529976119000,81.306,81.31,81.265,81.265,118320000,1
1529976120000,1529976179000,81.265,81.295,81.265,81.283,83750000,1
1529976180000,1529976239000,81.283,81.291,81.277,81.282,75820000,1
1529976240000,1529976299000,81.281,81.289,81.279,81.287,95660000,1
1529976300000,1529976359000,81.287,81.288,81.271,81.271,119000000,1
1529976360000,1529976419000,81.27,81.271,81.26,81.265,108420000,1
1529976420000,1529976479000,81.267,81.269,81.232,81.246,109980000,1
1529976480000,1529976539000,81.246,81.264,81.244,81.262,196310000,1
1529976540000,1529976599000,81.26,81.263,81.24,81.253,152810000,1
1529976600000,1529976659000,81.252,81.255,81.229,81.231,190450000,1
1529976660000,1529976719000,81.232,81.233,81.14,81.162,276670000,1
1529976720000,1529976779000,81.161,81.162,81.139,81.145,151900000,1
1529976780000,1529976839000,81.146,81.149,81.117,81.135,148280000,1
1529976840000,1529976899000,81.137,81.137,81.111,81.126,158150000,1
1529976900000,1529976959000,81.127,81.156,81.127,81.129,137870000,1
1529976960000,1529977019000,81.129,81.15,81.122,81.142,145220000,1
1529977020000,1529977079000,81.142,81.157,81.131,81.157,119360000,1
1529977080000,1529977139000,81.158,81.173,81.138,81.172,145700000,1
1529977140000,1529977199000,81.171,81.181,81.152,81.172,146550000,1
1529977200000,1529977259000,81.172,81.172,81.121,81.129,195690000,1
1529977260000,1529977319000,81.129,81.16,81.128,81.13,134870000,1
1529977320000,1529977379000,81.132,81.153,81.128,81.141,153180000,1
1529977380000,1529977439000,81.142,81.164,81.132,81.138,215310000,1
1529977440000,1529977499000,81.14,81.148,81.127,81.147,148480000,1
1529977500000,1529977559000,81.146,81.15,81.113,81.129,159700000,1
1529977560000,1529977619000,81.134,81.162,81.133,81.159,74130000,1
1529977620000,1529977679000,81.157,81.162,81.136,81.14,94890000,1
1529977680000,1529977739000,81.14,81.155,81.135,81.153,100670000,1
1529977740000,1529977799000,81.153,81.164,81.143,81.153,119170000,1
1529977800000,1529977859000,81.152,81.178,81.148,81.166,169850000,1
1529977860000,1529977919000,81.163,81.169,81.14,81.166,149340000,1
1529977920000,1529977979000,81.166,81.173,81.16,81.167,132100000,1
1529977980000,1529978039000,81.169,81.176,81.158,81.159,137050000,1
1529978040000,1529978099000,81.158,81.158,81.118,81.124,147210000,1
1529978100000,1529978159000,81.125,81.128,81.088,81.088,167640000,1
1529978160000,1529978219000,81.086,81.09,81.071,81.088,148130000,1
1529978220000,1529978279000,81.087,81.095,81.073,81.073,128220000,1
1529978280000,1529978339000,81.073,81.101,81.073,81.093,139030000,1
1529978340000,1529978399000,81.094,81.102,81.085,81.096,154220000,1
1529978400000,1529978459000,81.097,81.127,81.092,81.104,215820000,1
1529978460000,1529978519000,81.104,81.115,81.089,81.109,129700000,1
1529978520000,1529978579000,81.109,81.12,81.097,81.106,129350000,1
1529978580000,1529978639000,81.106,81.12,81.1,81.103,97190000,1
1529978640000,1529978699000,81.105,81.115,81.105,81.108,92880000,1
1529978700000,1529978759000,81.108,81.108,81.084,81.092,174900000,1
1529978760000,1529978819000,81.091,81.091,81.048,81.049,180130000,1
1529978820000,1529978879000,81.048,81.086,81.043,81.069,200050000,1
1529978880000,1529978939000,81.071,81.073,81.031,81.032,226490000,1
1529978940000,1529978999000,81.032,81.04,81.002,81.012,192140000,1
1529979000000,1529979059000,81.012,81.027,80.976,80.976,226700000,1
1529979060000,1529979119000,80.975,81.01,80.966,81.002,161550000,1
1529979120000,1529979179000,81.003,81.035,80.99,81.033,137480000,1
1529979180000,1529979239000,81.035,81.054,81.011,81.054,104620000,1
1529979240000,1529979299000,81.053,81.059,81.015,81.02,154570000,1
1529979300000,1529979359000,81.018,81.035,80.995,81.032,202930000,1
1529979360000,1529979419000,81.031,81.059,81.029,81.05,145810000,1
1529979420000,1529979479000,81.05,81.071,81.049,81.071,135600000,1
1529979480000,1529979539000,81.071,81.079,81.056,81.065,193190000,1
1529979540000,1529979599000,81.062,81.067,81.047,81.06,241270000,1
1529979600000,1529979659000,81.059,81.126,81.046,81.116,184440000,1
1529979660000,1529979719000,81.116,81.127,81.09,81.1,137580000,1
1529979720000,1529979779000,81.101,81.15,81.101,81.149,126190000,1
1529979780000,1529979839000,81.149,81.177,81.149,81.162,150830000,1
1529979840000,1529979899000,81.163,81.17,81.118,81.12,96500000,1
1529979900000,1529979959000,81.12,81.141,81.093,81.138,134040000,1
1529979960000,1529980019000,81.14,81.149,81.116,81.122,133150000,1
1529980020000,1529980079000,81.122,81.134,81.101,81.119,118870000,1
1529980080000,1529980139000,81.118,81.14,81.115,81.138,100040000,1
1529980140000,1529980199000,81.138,81.145,81.12,81.144,93640000,1
1529980200000,1529980259000,81.144,81.145,81.13,81.13,113360000,1
1529980260000,1529980319000,81.13,81.134,81.118,81.124,140160000,1
1529980320000,1529980379000,81.124,81.124,81.101,81.101,112690000,1
1529980380000,1529980439000,81.099,81.099,81.081,81.091,138730000,1
1529980440000,1529980499000,81.092,81.101,81.079,81.089,132880000,1
1529980500000,1529980559000,81.087,81.097,81.063,81.072,168850000,1
1529980560000,1529980619000,81.071,81.115,81.067,81.113,130970000,1
1529980620000,1529980679000,81.11,81.125,81.108,81.111,121560000,1
1529980680000,1529980739000,81.112,81.132,81.112,81.121,70380000,1
1529980740000,1529980799000,81.12,81.122,81.115,81.116,62170000,1
1529980800000,1529980859000,81.116,81.146,81.114,81.132,105250000,1
1529980860000,1529980919000,81.132,81.144,81.113,81.127,132470000,1
1529980920000,1529980979000,81.127,81.136,81.121,81.121,58430000,1
1529980980000,1529981039000,81.121,81.125,81.117,81.121,80320000,1
1529981040000,1529981099000,81.12,81.12,81.105,81.117,74980000,1
1529981100000,1529981159000,81.117,81.123,81.091,81.095,89100000,1
1529981160000,1529981219000,81.094,81.098,81.086,81.096,83750000,1
1529981220000,1529981279000,81.098,81.111,81.092,81.111,72470000,1
1529981280000,1529981339000,81.111,81.112,81.087,81.088,128030000,1
1529981340000,1529981399000,81.087,81.087,81.074,81.076,86730000,1
1529981400000,1529981459000,81.074,81.082,81.055,81.061,141180000,1
1529981460000,1529981519000,81.06,81.084,81.053,81.053,108770000,1
1529981520000,1529981579000,81.053,81.067,81.045,81.055,78720000,1
1529981580000,1529981639000,81.057,81.083,81.057,81.073,76710000,1
1529981640000,1529981699000,81.072,81.079,81.069,81.072,90090000,1
1529981700000,1529981759000,81.072,81.083,81.07,81.082,70780000,1
1529981760000,1529981819000,81.081,81.081,81.047,81.053,177480000,1
1529981820000,1529981879000,81.054,81.064,81.051,81.053,88390000,1
1529981880000,1529981939000,81.054,81.067,81.041,81.061,101840000,1
1529981940000,1529981999000,81.061,81.063,81.028,81.042,95110000,1
1529982000000,1529982059000,81.042,81.048,81.033,81.037,65020000,1
1529982060000,1529982119000,81.037,81.07,81.033,81.062,85240000,1
1529982120000,1529982179000,81.06,81.06,81.037,81.041,105650000,1
1529982180000,1529982239000,81.04,81.059,81.034,81.047,77610000,1
1529982240000,1529982299000,81.044,81.054,81.031,81.053,63050000,1
1529982300000,1529982359000,81.052,81.077,81.047,81.073,111820000,1
1529982360000,1529982419000,81.072,81.072,81.046,81.051,77790000,1
1529982420000,1529982479000,81.054,81.055,81.045,81.055,66760000,1
1529982480000,1529982539000,81.055,81.061,81.05,81.053,75030000,1
1529982540000,1529982599000,81.053,81.068,81.052,81.068,96760000,1
1529982600000,1529982659000,81.068,81.083,81.065,81.074,88900000,1
1529982660000,1529982719000,81.075,81.075,81.06,81.06,61470000,1
1529982720000,1529982779000,81.061,81.062,81.051,81.051,67800000,1
1529982780000,1529982839000,81.052,81.053,81.042,81.043,44210000,1
1529982840000,1529982899000,81.041,81.041,81.027,81.027,55850000,1
1529982900000,1529982959000,81.027,81.047,81.027,81.047,30940000,1
1529982960000,1529983019000,81.047,81.054,81.046,81.051,47420000,1
1529983020000,1529983079000,81.051,81.067,81.046,81.047,61580000,1
1529983080000,1529983139000,81.047,81.047,81.046,81.047,22210000,1
1529983140000,1529983199000,81.047,81.057,81.047,81.048,48310000,1
1529983200000,1529983259000,81.048,81.048,81.034,81.035,55700000,1
1529983260000,1529983319000,81.035,81.038,81.035,81.038,29290000,1
1529983320000,1529983379000,81.038,81.045,81.031,81.043,72300000,1
1529983380000,1529983439000,81.043,81.047,81.028,81.029,55190000,1
1529983440000,1529983499000,81.028,81.054,81.028,81.048,66910000,1
1529983500000,1529983559000,81.048,81.072,81.047,81.06,68810000,1
1529983560000,1529983619000,81.059,81.06,81.049,81.05,43400000,1
1529983620000,1529983679000,81.054,81.061,81.048,81.061,39720000,1
1529983680000,1529983739000,81.06,81.06,81.054,81.056,31370000,1
1529983740000,1529983799000,81.055,81.058,81.044,81.049,55530000,1
1529983800000,1529983859000,81.05,81.096,81.048,81.08,122480000,1
1529983860000,1529983919000,81.081,81.106,81.081,81.103,109010000,1
1529983920000,1529983979000,81.103,81.112,81.102,81.108,78540000,1
1529983980000,1529984039000,81.109,81.124,81.105,81.107,68170000,1
1529984040000,1529984099000,81.107,81.108,81.099,81.101,64060000,1
1529984100000,1529984159000,81.101,81.117,81.101,81.107,78530000,1
1529984160000,1529984219000,81.109,81.115,81.104,81.11,91630000,1
1529984220000,1529984279000,81.107,81.112,81.103,81.104,39960000,1
1529984280000,1529984339000,81.103,81.104,81.09,81.09,37580000,1
1529984340000,1529984399000,81.091,81.099,81.082,81.082,60750000,1
1529984400000,1529984459000,81.083,81.087,81.077,81.077,20840000,1
1529984460000,1529984519000,81.078,81.079,81.065,81.065,49510000,1
1529984520000,1529984579000,81.065,81.083,81.065,81.083,36400000,1
1529984580000,1529984639000,81.083,81.089,81.08,81.088,46730000,1
1529984640000,1529984699000,81.088,81.088,81.072,81.084,48710000,1
1529984700000,1529984759000,81.083,81.121,81.082,81.118,75140000,1
1529984760000,1529984819000,81.12,81.141,81.117,81.121,92360000,1
1529984820000,1529984879000,81.122,81.137,81.111,81.125,93610000,1
1529984880000,1529984939000,81.126,81.126,81.109,81.122,78110000,1
1529984940000,1529984999000,81.118,81.142,81.115,81.13,119660000,1
1529985000000,1529985059000,81.131,81.147,81.127,81.147,82840000,1
1529985060000,1529985119000,81.145,81.145,81.121,81.135,93460000,1
1529985120000,1529985179000,81.134,81.155,81.133,81.153,74050000,1
1529985180000,1529985239000,81.154,81.158,81.14,81.148,69470000,1
1529985240000,1529985299000,81.147,81.147,81.139,81.142,79380000,1
1529985300000,1529985359000,81.142,81.142,81.135,81.137,98450000,1
1529985360000,1529985419000,81.137,81.138,81.134,81.134,37970000,1
1529985420000,1529985479000,81.135,81.135,81.117,81.127,66480000,1
1529985480000,1529985539000,81.128,81.131,81.114,81.121,75770000,1
1529985540000,1529985599000,81.12,81.12,81.107,81.111,71240000,1
1529985600000,1529985659000,81.111,81.137,81.111,81.132,78400000,1
1529985660000,1529985719000,81.132,81.145,81.131,81.141,72940000,1
1529985720000,1529985779000,81.141,81.143,81.139,81.143,33600000,1
1529985780000,1529985839000,81.143,81.145,81.112,81.116,67770000,1
1529985840000,1529985899000,81.115,81.124,81.107,81.107,63910000,1
1529985900000,1529985959000,81.108,81.117,81.098,81.098,53260000,1
1529985960000,1529986019000,81.098,81.107,81.095,81.106,63630000,1
1529986020000,1529986079000,81.106,81.112,81.106,81.109,37940000,1
1529986080000,1529986139000,81.109,81.112,81.099,81.101,93060000,1
1529986140000,1529986199000,81.101,81.104,81.089,81.089,66430000,1
1529986200000,1529986259000,81.091,81.104,81.088,81.103,74860000,1
1529986260000,1529986319000,81.102,81.107,81.102,81.103,31600000,1
1529986320000,1529986379000,81.103,81.116,81.103,81.107,58210000,1
1529986380000,1529986439000,81.107,81.119,81.106,81.117,61580000,1
1529986440000,1529986499000,81.117,81.121,81.112,81.113,69320000,1
1529986500000,1529986559000,81.116,81.123,81.113,81.114,72530000,1
1529986560000,1529986619000,81.115,81.117,81.106,81.112,50360000,1
1529986620000,1529986679000,81.114,81.138,81.114,81.122,88880000,1
1529986680000,1529986739000,81.121,81.13,81.118,81.13,64070000,1
1529986740000,1529986799000,81.13,81.13,81.121,81.122,90480000,1
1529986800000,1529986859000,81.12,81.12,81.102,81.105,68810000,1
1529986860000,1529986919000,81.106,81.111,81.098,81.098,69700000,1
1529986920000,1529986979000,81.099,81.099,81.092,81.098,59140000,1
1529986980000,1529987039000,81.098,81.102,81.09,81.095,57590000,1
1529987040000,1529987099000,81.094,81.097,81.091,81.091,37630000,1
1529987100000,1529987159000,81.091,81.091,81.081,81.082,48790000,1
1529987160000,1529987219000,81.083,81.091,81.08,81.091,45670000,1
1529987220000,1529987279000,81.09,81.092,81.089,81.091,39070000,1
1529987280000,1529987339000,81.09,81.091,81.09,81.091,18040000,1
1529987340000,1529987399000,81.091,81.096,81.089,81.096,30720000,1
1529987400000,1529987459000,81.096,81.097,81.086,81.086,73070000,1
1529987460000,1529987519000,81.087,81.105,81.087,81.094,107470000,1
1529987520000,1529987579000,81.095,81.097,81.082,81.085,84690000,1
1529987580000,1529987639000,81.086,81.087,81.08,81.08,92690000,1
1529987640000,1529987699000,81.081,81.092,81.081,81.092,41080000,1
1529987700000,1529987759000,81.093,81.095,81.088,81.089,66030000,1
1529987760000,1529987819000,81.088,81.088,81.079,81.081,59530000,1
1529987820000,1529987879000,81.081,81.087,81.071,81.08,61340000,1
1529987880000,1529987939000,81.081,81.089,81.081,81.088,38580000,1
1529987940000,1529987999000,81.087,81.096,81.084,81.096,58860000,1
1529988000000,1529988059000,81.095,81.117,81.094,81.117,59880000,1
1529988060000,1529988119000,81.117,81.121,81.108,81.12,73000000,1
1529988120000,1529988179000,81.12,81.124,81.117,81.121,81530000,1
1529988180000,1529988239000,81.121,81.122,81.119,81.121,58280000,1
1529988240000,1529988299000,81.121,81.123,81.118,81.118,45080000,1
1529988300000,1529988359000,81.119,81.121,81.119,81.121,35130000,1
1529988360000,1529988419000,81.12,81.12,81.099,81.099,48440000,1
1529988420000,1529988479000,81.1,81.113,81.1,81.101,80530000,1
1529988480000,1529988539000,81.101,81.109,81.101,81.104,35380000,1
1529988540000,1529988599000,81.104,81.104,81.097,81.103,71140000,1
1529988600000,1529988659000,81.104,81.107,81.104,81.107,44470000,1
1529988660000,1529988719000,81.107,81.108,81.094,81.095,51040000,1
1529988720000,1529988779000,81.095,81.098,81.094,81.096,24480000,1
1529988780000,1529988839000,81.096,81.126,81.096,81.126,29710000,1
1529988840000,1529988899000,81.125,81.125,81.114,81.115,39090000,1
1529988900000,1529988959000,81.115,81.115,81.105,81.113,46440000,1
1529988960000,1529989019000,81.114,81.126,81.112,81.126,34960000,1
1529989020000,1529989079000,81.125,81.145,81.125,81.137,37100000,1
1529989080000,1529989139000,81.136,81.139,81.128,81.136,53460000,1
1529989140000,1529989199000,81.135,81.14,81.132,81.137,56290000,1
1529989200000,1529989259000,81.136,81.148,81.128,81.128,116010000,1
1529989260000,1529989319000,81.133,81.141,81.117,81.138,84270000,1
1529989320000,1529989379000,81.136,81.146,81.133,81.138,73540000,1
1529989380000,1529989439000,81.137,81.148,81.134,81.138,74670000,1
1529989440000,1529989499000,81.137,81.138,81.122,81.123,77290000,1
1529989500000,1529989559000,81.123,81.137,81.123,81.13,49250000,1
1529989560000,1529989619000,81.134,81.142,81.133,81.136,38830000,1
1529989620000,1529989679000,81.136,81.142,81.129,81.14,54250000,1
1529989680000,1529989739000,81.14,81.157,81.14,81.146,57180000,1
1529989740000,1529989799000,81.146,81.165,81.134,81.165,112190000,1
1529989800000,1529989859000,81.166,81.223,81.166,81.221,168400000,1
1529989860000,1529989919000,81.221,81.253,81.216,81.241,176510000,1
1529989920000,1529989979000,81.241,81.264,81.241,81.26,83160000,1
1529989980000,1529990039000,81.259,81.264,81.249,81.251,113640000,1
1529990040000,1529990099000,81.251,81.252,81.231,81.235,86810000,1
1529990100000,1529990159000,81.237,81.244,81.227,81.227,76510000,1
1529990160000,1529990219000,81.224,81.234,81.223,81.223,113110000,1
1529990220000,1529990279000,81.224,81.23,81.207,81.222,126170000,1
1529990280000,1529990339000,81.22,81.235,81.214,81.231,92230000,1
1529990340000,1529990399000,81.231,81.233,81.225,81.227,79280000,1
1529990400000,1529990459000,81.226,81.244,81.219,81.219,112530000,1
1529990460000,1529990519000,81.22,81.229,81.22,81.223,56710000,1
1529990520000,1529990579000,81.222,81.234,81.22,81.229,62500000,1
1529990580000,1529990639000,81.228,81.237,81.221,81.226,98780000,1
1529990640000,1529990699000,81.225,81.237,81.219,81.227,61810000,1
1529990700000,1529990759000,81.224,81.251,81.224,81.244,94870000,1
1529990760000,1529990819000,81.244,81.271,81.244,81.268,91230000,1
1529990820000,1529990879000,81.27,81.272,81.234,81.238,102400000,1
1529990880000,1529990939000,81.24,81.241,81.211,81.211,60680000,1
1529990940000,1529990999000,81.212,81.237,81.212,81.222,70730000,1
1529991000000,1529991059000,81.223,81.23,81.196,81.197,92350000,1
1529991060000,1529991119000,81.198,81.204,81.196,81.197,55120000,1
1529991120000,1529991179000,81.196,81.219,81.196,81.211,93750000,1
1529991180000,1529991239000,81.21,81.228,81.198,81.228,83530000,1
1529991240000,1529991299000,81.228,81.231,81.224,81.229,45050000,1
1529991300000,1529991359000,81.228,81.251,81.226,81.25,92130000,1
1529991360000,1529991419000,81.251,81.251,81.238,81.242,99640000,1
1529991420000,1529991479000,81.241,81.254,81.231,81.249,100610000,1
1529991480000,1529991539000,81.25,81.259,81.248,81.25,78070000,1
1529991540000,1529991599000,81.249,81.261,81.247,81.261,74210000,1
1529991600000,1529991659000,81.261,81.282,81.259,81.282,51560000,1
1529991660000,1529991719000,81.282,81.305,81.281,81.302,105090000,1
1529991720000,1529991779000,81.302,81.307,81.29,81.295,79070000,1
1529991780000,1529991839000,81.295,81.304,81.291,81.292,106920000,1
1529991840000,1529991899000,81.292,81.3,81.292,81.299,58980000,1
1529991900000,1529991959000,81.299,81.314,81.295,81.304,118660000,1
1529991960000,1529992019000,81.304,81.304,81.279,81.279,59970000,1
1529992020000,1529992079000,81.279,81.288,81.275,81.275,77280000,1
1529992080000,1529992139000,81.276,81.293,81.276,81.282,61210000,1
1529992140000,1529992199000,81.282,81.3,81.281,81.288,59970000,1
1529992200000,1529992259000,81.289,81.289,81.274,81.274,62790000,1
1529992260000,1529992319000,81.274,81.276,81.265,81.267,74750000,1
1529992320000,1529992379000,81.267,81.287,81.257,81.286,126640000,1
1529992380000,1529992439000,81.287,81.287,81.271,81.271,72210000,1
1529992440000,1529992499000,81.27,81.271,81.254,81.255,89020000,1
1529992500000,1529992559000,81.256,81.275,81.256,81.267,58490000,1
1529992560000,1529992619000,81.267,81.281,81.267,81.281,85320000,1
1529992620000,1529992679000,81.28,81.285,81.263,81.266,131870000,1
1529992680000,1529992739000,81.266,81.266,81.263,81.263,40630000,1
1529992740000,1529992799000,81.263,81.283,81.263,81.282,64210000,1
1529992800000,1529992859000,81.28,81.283,81.266,81.266,102450000,1
1529992860000,1529992919000,81.266,81.283,81.265,81.28,124090000,1
1529992920000,1529992979000,81.279,81.311,81.277,81.301,98110000,1
1529992980000,1529993039000,81.3,81.307,81.29,81.303,132800000,1
1529993040000,1529993099000,81.303,81.325,81.298,81.313,92750000,1
1529993100000,1529993159000,81.314,81.315,81.294,81.294,93100000,1
1529993160000,1529993219000,81.292,81.296,81.281,81.296,106620000,1
1529993220000,1529993279000,81.296,81.3,81.267,81.27,95930000,1
1529993280000,1529993339000,81.269,81.269,81.248,81.248,89050000,1
1529993340000,1529993399000,81.247,81.257,81.246,81.247,112810000,1
1529993400000,1529993459000,81.249,81.269,81.249,81.261,79760000,1
1529993460000,1529993519000,81.261,81.261,81.245,81.25,119890000,1
1529993520000,1529993579000,81.25,81.254,81.249,81.253,68780000,1
1529993580000,1529993639000,81.253,81.26,81.241,81.245,114270000,1
1529993640000,1529993699000,81.246,81.288,81.246,81.286,92870000,1
1529993700000,1529993759000,81.286,81.312,81.286,81.311,109170000,1
1529993760000,1529993819000,81.31,81.333,81.295,81.333,113240000,1
1529993820000,1529993879000,81.336,81.371,81.336,81.35,191540000,1
1529993880000,1529993939000,81.35,81.351,81.333,81.336,94560000,1
1529993940000,1529993999000,81.336,81.338,81.294,81.296,124680000,1
1529994000000,1529994059000,81.296,81.311,81.295,81.301,155840000,1
1529994060000,1529994119000,81.301,81.319,81.298,81.318,78910000,1
1529994120000,1529994179000,81.318,81.337,81.316,81.331,109670000,1
1529994180000,1529994239000,81.33,81.332,81.308,81.312,103760000,1
1529994240000,1529994299000,81.312,81.317,81.301,81.309,95610000,1
1529994300000,1529994359000,81.31,81.311,81.293,81.293,71560000,1
1529994360000,1529994419000,81.293,81.302,81.282,81.287,213390000,1
1529994420000,1529994479000,81.287,81.289,81.274,81.281,89640000,1
1529994480000,1529994539000,81.281,81.291,81.275,81.277,142870000,1
1529994540000,1529994599000,81.278,81.283,81.243,81.243,169510000,1
1529994600000,1529994659000,81.243,81.243,81.233,81.236,109350000,1
1529994660000,1529994719000,81.235,81.246,81.228,81.229,131940000,1
1529994720000,1529994779000,81.228,81.254,81.223,81.254,156680000,1
1529994780000,1529994839000,81.252,81.252,81.21,81.211,131310000,1
1529994840000,1529994899000,81.211,81.223,81.211,81.213,65880000,1
1529994900000,1529994959000,81.214,81.245,81.214,81.244,102350000,1
1529994960000,1529995019000,81.244,81.262,81.243,81.255,72730000,1
1529995020000,1529995079000,81.255,81.264,81.252,81.259,62740000,1
1529995080000,1529995139000,81.26,81.264,81.257,81.261,55790000,1
1529995140000,1529995199000,81.263,81.275,81.263,81.27,85780000,1
1529995200000,1529995259000,81.27,81.277,81.261,81.263,103990000,1
1529995260000,1529995319000,81.263,81.268,81.257,81.261,90510000,1
1529995320000,1529995379000,81.26,81.266,81.256,81.264,134460000,1
1529995380000,1529995439000,81.265,81.266,81.247,81.247,101050000,1
1529995440000,1529995499000,81.247,81.269,81.245,81.245,151010000,1
1529995500000,1529995559000,81.245,81.267,81.241,81.266,158140000,1
1529995560000,1529995619000,81.266,81.276,81.247,81.258,174250000,1
1529995620000,1529995679000,81.26,81.286,81.259,81.275,158210000,1
1529995680000,1529995739000,81.271,81.302,81.271,81.281,160100000,1
1529995740000,1529995799000,81.279,81.282,81.267,81.282,164540000,1
1529995800000,1529995859000,81.282,81.287,81.27,81.27,157550000,1
1529995860000,1529995919000,81.268,81.286,81.26,81.286,175880000,1
1529995920000,1529995979000,81.285,81.314,81.285,81.288,197850000,1
1529995980000,1529996039000,81.287,81.289,81.273,81.282,93870000,1
1529996040000,1529996099000,81.281,81.286,81.263,81.269,111830000,1
1529996100000,1529996159000,81.269,81.27,81.262,81.27,93120000,1
1529996160000,1529996219000,81.27,81.272,81.249,81.255,130370000,1
1529996220000,1529996279000,81.255,81.262,81.248,81.254,123530000,1
1529996280000,1529996339000,81.252,81.258,81.239,81.258,100870000,1
1529996340000,1529996399000,81.257,81.262,81.25,81.26,114570000,1
1529996400000,1529996459000,81.258,81.277,81.241,81.253,187210000,1
1529996460000,1529996519000,81.252,81.266,81.234,81.245,241570000,1
1529996520000,1529996579000,81.244,81.245,81.2,81.2,182050000,1
1529996580000,1529996639000,81.2,81.236,81.2,81.231,186040000,1
1529996640000,1529996699000,81.232,81.237,81.223,81.223,138180000,1
1529996700000,1529996759000,81.223,81.224,81.193,81.216,185940000,1
1529996760000,1529996819000,81.213,81.248,81.21,81.248,147330000,1
1529996820000,1529996879000,81.251,81.257,81.225,81.257,227130000,1
1529996880000,1529996939000,81.258,81.259,81.229,81.23,194970000,1
1529996940000,1529996999000,81.23,81.237,81.225,81.227,199460000,1
1529997000000,1529997059000,81.231,81.245,81.229,81.243,172190000,1
1529997060000,1529997119000,81.242,81.25,81.23,81.244,159700000,1
1529997120000,1529997179000,81.244,81.248,81.233,81.248,93270000,1
1529997180000,1529997239000,81.249,81.263,81.24,81.253,163340000,1
1529997240000,1529997299000,81.255,81.265,81.228,81.228,115770000,1
1529997300000,1529997359000,81.221,81.234,81.197,81.2,145170000,1
1529997360000,1529997419000,81.201,81.226,81.197,81.226,125210000,1
1529997420000,1529997479000,81.226,81.23,81.218,81.221,120530000,1
1529997480000,1529997539000,81.219,81.219,81.203,81.206,118570000,1
1529997540000,1529997599000,81.207,81.232,81.207,81.219,118310000,1
1529997600000,1529997659000,81.218,81.227,81.206,81.207,101460000,1
1529997660000,1529997719000,81.207,81.216,81.202,81.209,107150000,1
1529997720000,1529997779000,81.208,81.211,81.198,81.207,153230000,1
1529997780000,1529997839000,81.206,81.225,81.204,81.224,92720000,1
1529997840000,1529997899000,81.227,81.249,81.227,81.242,86200000,1
1529997900000,1529997959000,81.241,81.241,81.209,81.228,148280000,1
1529997960000,1529998019000,81.229,81.236,81.208,81.208,144380000,1
1529998020000,1529998079000,81.204,81.21,81.194,81.195,133000000,1
1529998080000,1529998139000,81.195,81.228,81.195,81.226,107090000,1
1529998140000,1529998199000,81.224,81.233,81.21,81.22,144200000,1
1529998200000,1529998259000,81.219,81.221,81.201,81.221,144630000,1
1529998260000,1529998319000,81.217,81.235,81.185,81.229,207920000,1
1529998320000,1529998379000,81.232,81.248,81.229,81.244,120440000,1
1529998380000,1529998439000,81.245,81.252,81.214,81.23,192980000,1
1529998440000,1529998499000,81.23,81.251,81.23,81.251,136090000,1
1529998500000,1529998559000,81.251,81.254,81.232,81.246,151250000,1
1529998560000,1529998619000,81.245,81.246,81.232,81.243,119290000,1
1529998620000,1529998679000,81.243,81.247,81.22,81.231,105080000,1
1529998680000,1529998739000,81.232,81.236,81.215,81.224,149360000,1
1529998740000,1529998799000,81.223,81.23,81.209,81.21,94990000,1
1529998800000,1529998859000,81.211,81.217,81.209,81.217,95650000,1
1529998860000,1529998919000,81.221,81.228,81.201,81.202,140730000,1
1529998920000,1529998979000,81.202,81.224,81.201,81.221,127410000,1
1529998980000,1529999039000,81.221,81.238,81.218,81.22,83760000,1
1529999040000,1529999099000,81.22,81.231,81.208,81.212,93580000,1
1529999100000,1529999159000,81.212,81.22,81.156,81.157,200720000,1
1529999160000,1529999219000,81.157,81.177,81.156,81.166,190360000,1
1529999220000,1529999279000,81.166,81.186,81.164,81.185,94720000,1
1529999280000,1529999339000,81.185,81.19,81.179,81.184,149180000,1
1529999340000,1529999399000,81.184,81.189,81.174,81.177,130000000,1
1529999400000,1529999459000,81.17,81.181,81.162,81.177,97450000,1
1529999460000,1529999519000,81.177,81.186,81.177,81.178,76870000,1
1529999520000,1529999579000,81.178,81.184,81.144,81.147,124620000,1
1529999580000,1529999639000,81.147,81.155,81.126,81.129,158460000,1
1529999640000,1529999699000,81.128,81.128,81.104,81.104,123960000,1
1529999700000,1529999759000,81.104,81.136,81.104,81.124,158100000,1
1529999760000,1529999819000,81.123,81.146,81.123,81.135,98780000,1
1529999820000,1529999879000,81.132,81.133,81.122,81.127,125140000,1
1529999880000,1529999939000,81.127,81.144,81.123,81.133,137820000,1
1529999940000,1529999999000,81.132,81.172,81.13,81.168,117040000,1
1530000000000,1530000059000,81.168,81.173,81.141,81.162,137660000,1
1530000060000,1530000119000,81.161,81.176,81.159,81.174,116860000,1
1530000120000,1530000179000,81.173,81.173,81.157,81.159,184550000,1
1530000180000,1530000239000,81.159,81.159,81.142,81.142,213090000,1
1530000240000,1530000299000,81.141,81.145,81.12,81.137,204990000,1
1530000300000,1530000359000,81.137,81.138,81.12,81.122,124110000,1
1530000360000,1530000419000,81.118,81.129,81.104,81.127,171750000,1
1530000420000,1530000479000,81.123,81.131,81.101,81.105,144460000,1
1530000480000,1530000539000,81.106,81.131,81.103,81.129,113100000,1
1530000540000,1530000599000,81.129,81.149,81.128,81.142,97910000,1
1530000600000,1530000659000,81.143,81.167,81.14,81.15,110410000,1
1530000660000,1530000719000,81.149,81.17,81.146,81.161,122610000,1
1530000720000,1530000779000,81.159,81.167,81.154,81.164,189520000,1
1530000780000,1530000839000,81.164,81.191,81.157,81.189,247950000,1
1530000840000,1530000899000,81.19,81.198,81.179,81.191,253210000,1
1530000900000,1530000959000,81.19,81.213,81.179,81.213,146020000,1
1530000960000,1530001019000,81.212,81.214,81.194,81.196,86250000,1
1530001020000,1530001079000,81.195,81.196,81.172,81.187,117530000,1
1530001080000,1530001139000,81.188,81.222,81.186,81.222,125560000,1
1530001140000,1530001199000,81.22,81.222,81.208,81.211,140560000,1
1530001200000,1530001259000,81.211,81.219,81.193,81.217,183920000,1
1530001260000,1530001319000,81.216,81.224,81.206,81.211,177420000,1
1530001320000,1530001379000,81.212,81.237,81.212,81.233,130160000,1
1530001380000,1530001439000,81.232,81.232,81.216,81.216,109730000,1
1530001440000,1530001499000,81.215,81.236,81.207,81.236,126360000,1
1530001500000,1530001559000,81.237,81.258,81.219,81.245,147330000,1
1530001560000,1530001619000,81.245,81.245,81.225,81.233,134050000,1
1530001620000,1530001679000,81.232,81.238,81.209,81.209,138160000,1
1530001680000,1530001739000,81.209,81.222,81.209,81.214,118410000,1
1530001740000,1530001799000,81.214,81.231,81.213,81.215,88350000,1
1530001800000,1530001859000,81.213,81.232,81.213,81.221,206590000,1
1530001860000,1530001919000,81.218,81.238,81.216,81.237,132270000,1
1530001920000,1530001979000,81.236,81.241,81.224,81.229,130410000,1
1530001980000,1530002039000,81.23,81.242,81.223,81.241,126340000,1
1530002040000,1530002099000,81.24,81.24,81.205,81.209,155270000,1
1530002100000,1530002159000,81.208,81.22,81.192,81.206,117360000,1
1530002160000,1530002219000,81.206,81.223,81.204,81.215,84510000,1
1530002220000,1530002279000,81.216,81.219,81.203,81.209,105620000,1
1530002280000,1530002339000,81.21,81.211,81.195,81.21,105340000,1
1530002340000,1530002399000,81.209,81.214,81.207,81.208,64020000,1
1530002400000,1530002459000,81.207,81.212,81.194,81.194,177340000,1
1530002460000,1530002519000,81.194,81.197,81.176,81.176,135040000,1
1530002520000,1530002579000,81.181,81.197,81.176,81.176,128230000,1
1530002580000,1530002639000,81.174,81.201,81.174,81.196,149430000,1
1530002640000,1530002699000,81.196,81.217,81.196,81.209,184080000,1
1530002700000,1530002759000,81.209,81.211,81.2,81.201,175080000,1
1530002760000,1530002819000,81.201,81.209,81.187,81.187,138070000,1
1530002820000,1530002879000,81.188,81.197,81.183,81.19,135910000,1
1530002880000,1530002939000,81.189,81.191,81.178,81.181,95080000,1
1530002940000,1530002999000,81.181,81.191,81.167,81.168,133100000,1
1530003000000,1530003059000,81.168,81.197,81.167,81.195,121060000,1
1530003060000,1530003119000,81.195,81.196,81.184,81.187,104010000,1
1530003120000,1530003179000,81.188,81.214,81.188,81.212,117260000,1
1530003180000,1530003239000,81.212,81.213,81.208,81.209,117690000,1
1530003240000,1530003299000,81.209,81.21,81.204,81.208,92420000,1
1530003300000,1530003359000,81.206,81.206,81.198,81.201,84660000,1
1530003360000,1530003419000,81.201,81.201,81.174,81.185,99160000,1
1530003420000,1530003479000,81.184,81.184,81.176,81.177,99180000,1
1530003480000,1530003539000,81.176,81.214,81.176,81.2,126760000,1
1530003540000,1530003599000,81.203,81.205,81.193,81.197,161260000,1
1530003600000,1530003659000,81.197,81.213,81.197,81.203,183280000,1
1530003660000,1530003719000,81.203,81.226,81.203,81.226,93050000,1
1530003720000,1530003779000,81.225,81.241,81.224,81.239,133700000,1
1530003780000,1530003839000,81.238,81.24,81.231,81.237,119200000,1
1530003840000,1530003899000,81.237,81.246,81.231,81.245,154290000,1
1530003900000,1530003959000,81.245,81.258,81.241,81.25,114790000,1
1530003960000,1530004019000,81.25,81.254,81.247,81.254,112290000,1
1530004020000,1530004079000,81.254,81.258,81.242,81.243,114860000,1
1530004080000,1530004139000,81.242,81.26,81.239,81.254,112130000,1
1530004140000,1530004199000,81.254,81.256,81.21,81.21,192540000,1
1530004200000,1530004259000,81.21,81.224,81.196,81.197,198120000,1
1530004260000,1530004319000,81.196,81.199,81.182,81.182,204210000,1
1530004320000,1530004379000,81.184,81.203,81.18,81.18,200440000,1
1530004380000,1530004439000,81.18,81.219,81.179,81.217,161820000,1
1530004440000,1530004499000,81.218,81.231,81.215,81.228,105160000,1
1530004500000,1530004559000,81.229,81.238,81.227,81.232,213130000,1
1530004560000,1530004619000,81.232,81.249,81.232,81.242,164640000,1
1530004620000,1530004679000,81.241,81.25,81.23,81.239,196370000,1
1530004680000,1530004739000,81.244,81.244,81.234,81.24,183310000,1
1530004740000,1530004799000,81.239,81.246,81.234,81.236,134330000,1
1530004800000,1530004859000,81.236,81.243,81.228,81.242,130010000,1
1530004860000,1530004919000,81.239,81.24,81.216,81.218,128880000,1
1530004920000,1530004979000,81.219,81.262,81.193,81.253,203600000,1
1530004980000,1530005039000,81.255,81.282,81.248,81.282,135200000,1
1530005040000,1530005099000,81.282,81.284,81.265,81.266,217080000,1
1530005100000,1530005159000,81.266,81.278,81.258,81.276,162700000,1
1530005160000,1530005219000,81.275,81.275,81.257,81.258,137530000,1
1530005220000,1530005279000,81.257,81.266,81.246,81.246,92960000,1
1530005280000,1530005339000,81.246,81.255,81.245,81.254,90510000,1
1530005340000,1530005399000,81.253,81.258,81.243,81.243,85580000,1
1530005400000,1530005459000,81.243,81.246,81.233,81.233,157970000,1
1530005460000,1530005519000,81.234,81.235,81.213,81.215,219780000,1
1530005520000,1530005579000,81.216,81.22,81.193,81.199,154180000,1
1530005580000,1530005639000,81.198,81.2,81.172,81.2,184910000,1
1530005640000,1530005699000,81.2,81.2,81.167,81.178,186020000,1
1530005700000,1530005759000,81.178,81.18,81.152,81.17,201080000,1
1530005760000,1530005819000,81.17,81.177,81.164,81.17,154780000,1
1530005820000,1530005879000,81.17,81.171,81.162,81.165,195150000,1
1530005880000,1530005939000,81.164,81.164,81.134,81.141,207260000,1
1530005940000,1530005999000,81.139,81.148,81.13,81.138,182850000,1
1530006000000,1530006059000,81.138,81.15,81.124,81.129,241990000,1
1530006060000,1530006119000,81.129,81.144,81.122,81.137,183130000,1
1530006120000,1530006179000,81.138,81.152,81.13,81.148,168690000,1
1530006180000,1530006239000,81.147,81.168,81.146,81.168,155340000,1
1530006240000,1530006299000,81.167,81.169,81.145,81.149,131530000,1
1530006300000,1530006359000,81.148,81.148,81.136,81.141,142000000,1
1530006360000,1530006419000,81.142,81.157,81.141,81.151,125480000,1
1530006420000,1530006479000,81.15,81.158,81.148,81.155,132200000,1
1530006480000,1530006539000,81.155,81.155,81.139,81.146,113170000,1
1530006540000,1530006599000,81.146,81.156,81.138,81.156,142630000,1
1530006600000,1530006659000,81.155,81.155,81.138,81.141,128050000,1
1530006660000,1530006719000,81.141,81.167,81.139,81.165,113010000,1
1530006720000,1530006779000,81.167,81.169,81.153,81.168,128790000,1
1530006780000,1530006839000,81.169,81.171,81.155,81.167,112360000,1
1530006840000,1530006899000,81.167,81.184,81.167,81.182,55690000,1
1530006900000,1530006959000,81.183,81.226,81.181,81.215,140320000,1
1530006960000,1530007019000,81.218,81.227,81.212,81.212,171470000,1
1530007020000,1530007079000,81.211,81.212,81.195,81.201,127430000,1
1530007080000,1530007139000,81.201,81.203,81.198,81.202,74260000,1
1530007140000,1530007199000,81.203,81.213,81.199,81.2,143000000,1
1530007200000,1530007259000,81.199,81.2,81.182,81.189,153670000,1
1530007260000,1530007319000,81.188,81.198,81.181,81.182,141230000,1
1530007320000,1530007379000,81.18,81.186,81.18,81.182,86260000,1
1530007380000,1530007439000,81.181,81.181,81.164,81.167,110700000,1
1530007440000,1530007499000,81.167,81.177,81.167,81.177,84830000,1
1530007500000,1530007559000,81.178,81.186,81.175,81.184,77140000,1
1530007560000,1530007619000,81.183,81.183,81.161,81.165,121100000,1
1530007620000,1530007679000,81.165,81.173,81.148,81.15,95360000,1
1530007680000,1530007739000,81.15,81.152,81.141,81.148,105060000,1
1530007740000,1530007799000,81.148,81.149,81.136,81.138,126840000,1
1530007800000,1530007859000,81.138,81.159,81.137,81.159,110810000,1
1530007860000,1530007919000,81.16,81.16,81.108,81.109,140230000,1
1530007920000,1530007979000,81.109,81.116,81.081,81.085,182130000,1
1530007980000,1530008039000,81.083,81.083,81.064,81.075,163190000,1
1530008040000,1530008099000,81.077,81.087,81.061,81.068,212650000,1
1530008100000,1530008159000,81.067,81.079,81.066,81.079,93170000,1
1530008160000,1530008219000,81.08,81.105,81.079,81.079,189460000,1
1530008220000,1530008279000,81.08,81.105,81.08,81.092,155910000,1
1530008280000,1530008339000,81.094,81.098,81.092,81.097,91800000,1
1530008340000,1530008399000,81.097,81.117,81.091,81.117,109020000,1
1530008400000,1530008459000,81.117,81.145,81.117,81.122,138260000,1
1530008460000,1530008519000,81.122,81.128,81.119,81.126,128390000,1
1530008520000,1530008579000,81.126,81.149,81.115,81.149,147170000,1
1530008580000,1530008639000,81.151,81.153,81.134,81.146,110040000,1
1530008640000,1530008699000,81.149,81.152,81.142,81.143,117740000,1
1530008700000,1530008759000,81.142,81.143,81.119,81.124,141000000,1
1530008760000,1530008819000,81.123,81.137,81.123,81.131,137970000,1
1530008820000,1530008879000,81.131,81.142,81.123,81.135,191920000,1
1530008880000,1530008939000,81.135,81.148,81.131,81.136,130270000,1
1530008940000,1530008999000,81.135,81.135,81.125,81.127,70670000,1
1530009000000,1530009059000,81.129,81.149,81.129,81.147,96370000,1
1530009060000,1530009119000,81.147,81.154,81.12,81.124,100680000,1
1530009120000,1530009179000,81.125,81.142,81.125,81.135,106440000,1
1530009180000,1530009239000,81.137,81.143,81.136,81.142,77360000,1
1530009240000,1530009299000,81.141,81.142,81.118,81.121,191180000,1
1530009300000,1530009359000,81.121,81.125,81.114,81.118,111000000,1
1530009360000,1530009419000,81.119,81.138,81.119,81.138,103190000,1
1530009420000,1530009479000,81.139,81.155,81.138,81.139,154500000,1
1530009480000,1530009539000,81.139,81.155,81.132,81.151,185220000,1
1530009540000,1530009599000,81.151,81.169,81.148,81.165,105070000,1
1530009600000,1530009659000,81.164,81.169,81.16,81.167,148320000,1
1530009660000,1530009719000,81.166,81.169,81.16,81.162,53310000,1
1530009720000,1530009779000,81.161,81.172,81.161,81.169,59230000,1
1530009780000,1530009839000,81.169,81.188,81.169,81.184,57560000,1
1530009840000,1530009899000,81.184,81.185,81.173,81.182,112130000,1
1530009900000,1530009959000,81.182,81.19,81.182,81.185,77380000,1
1530009960000,1530010019000,81.186,81.188,81.174,81.179,63490000,1
1530010020000,1530010079000,81.179,81.186,81.175,81.186,99160000,1
1530010080000,1530010139000,81.188,81.193,81.188,81.19,74400000,1
1530010140000,1530010199000,81.191,81.206,81.181,81.194,113860000,1
1530010200000,1530010259000,81.193,81.194,81.171,81.175,157430000,1
1530010260000,1530010319000,81.175,81.175,81.173,81.174,20190000,1
1530010320000,1530010379000,81.174,81.187,81.173,81.183,101240000,1
1530010380000,1530010439000,81.183,81.2,81.182,81.2,82060000,1
1530010440000,1530010499000,81.199,81.207,81.195,81.204,94990000,1
1530010500000,1530010559000,81.201,81.219,81.192,81.219,100590000,1
1530010560000,1530010619000,81.218,81.224,81.205,81.208,119770000,1
1530010620000,1530010679000,81.208,81.208,81.193,81.194,63850000,1
1530010680000,1530010739000,81.194,81.206,81.194,81.206,83560000,1
1530010740000,1530010799000,81.206,81.208,81.192,81.199,155410000,1
1530010800000,1530010859000,81.198,81.204,81.188,81.204,98670000,1
1530010860000,1530010919000,81.206,81.218,81.193,81.193,85850000,1
1530010920000,1530010979000,81.193,81.201,81.193,81.197,101120000,1
1530010980000,1530011039000,81.198,81.2,81.189,81.194,51900000,1
1530011040000,1530011099000,81.194,81.198,81.176,81.194,102000000,1
1530011100000,1530011159000,81.193,81.197,81.18,81.183,102820000,1
1530011160000,1530011219000,81.184,81.186,81.179,81.18,44400000,1
1530011220000,1530011279000,81.18,81.189,81.173,81.173,69330000,1
1530011280000,1530011339000,81.171,81.171,81.153,81.162,71200000,1
1530011340000,1530011399000,81.162,81.177,81.16,81.173,74250000,1
1530011400000,1530011459000,81.173,81.174,81.163,81.168,66130000,1
1530011460000,1530011519000,81.167,81.167,81.151,81.154,84120000,1
1530011520000,1530011579000,81.155,81.167,81.151,81.162,75130000,1
1530011580000,1530011639000,81.162,81.175,81.154,81.166,95380000,1
1530011640000,1530011699000,81.166,81.169,81.142,81.151,72760000,1
1530011700000,1530011759000,81.153,81.187,81.152,81.183,104080000,1
1530011760000,1530011819000,81.182,81.188,81.171,81.171,121500000,1
1530011820000,1530011879000,81.171,81.173,81.165,81.173,60340000,1
1530011880000,1530011939000,81.173,81.173,81.164,81.164,44710000,1
1530011940000,1530011999000,81.164,81.17,81.155,81.16,104090000,1
1530012000000,1530012059000,81.16,81.165,81.159,81.162,69570000,1
1530012060000,1530012119000,81.163,81.165,81.152,81.162,60190000,1
1530012120000,1530012179000,81.161,81.161,81.151,81.158,50540000,1
1530012180000,1530012239000,81.159,81.162,81.151,81.157,79400000,1
1530012240000,1530012299000,81.157,81.16,81.141,81.143,84560000,1
1530012300000,1530012359000,81.144,81.144,81.128,81.128,56660000,1
1530012360000,1530012419000,81.128,81.136,81.125,81.126,113460000,1
1530012420000,1530012479000,81.126,81.137,81.113,81.113,141690000,1
1530012480000,1530012539000,81.113,81.119,81.09,81.093,123270000,1
1530012540000,1530012599000,81.092,81.099,81.083,81.091,139000000,1
1530012600000,1530012659000,81.091,81.106,81.089,81.095,114280000,1
1530012660000,1530012719000,81.094,81.103,81.093,81.103,127720000,1
1530012720000,1530012779000,81.103,81.12,81.103,81.118,91080000,1
1530012780000,1530012839000,81.117,81.122,81.113,81.115,81860000,1
1530012840000,1530012899000,81.115,81.115,81.094,81.109,105670000,1
1530012900000,1530012959000,81.108,81.114,81.096,81.109,146620000,1
1530012960000,1530013019000,81.109,81.11,81.104,81.108,114780000,1
1530013020000,1530013079000,81.108,81.11,81.095,81.095,95740000,1
1530013080000,1530013139000,81.094,81.098,81.092,81.095,62160000,1
1530013140000,1530013199000,81.095,81.099,81.082,81.083,123760000,1
1530013200000,1530013259000,81.084,81.093,81.082,81.092,104950000,1
1530013260000,1530013319000,81.092,81.097,81.088,81.089,117730000,1
1530013320000,1530013379000,81.089,81.094,81.083,81.089,119780000,1
1530013380000,1530013439000,81.09,81.09,81.081,81.088,124090000,1
1530013440000,1530013499000,81.088,81.088,81.058,81.066,191680000,1
1530013500000,1530013559000,81.065,81.069,81.058,81.069,135420000,1
1530013560000,1530013619000,81.068,81.084,81.068,81.075,115890000,1
1530013620000,1530013679000,81.075,81.076,81.067,81.076,114630000,1
1530013680000,1530013739000,81.076,81.089,81.076,81.088,57690000,1
1530013740000,1530013799000,81.084,81.084,81.066,81.066,72210000,1
1530013800000,1530013859000,81.065,81.066,81.053,81.058,153430000,1
1530013860000,1530013919000,81.058,81.063,81.056,81.058,86030000,1
1530013920000,1530013979000,81.057,81.057,81.037,81.038,94080000,1
1530013980000,1530014039000,81.038,81.052,81.038,81.047,119040000,1
1530014040000,1530014099000,81.046,81.046,81.019,81.03,156850000,1
1530014100000,1530014159000,81.03,81.032,81.022,81.026,120280000,1
1530014160000,1530014219000,81.027,81.028,81.018,81.024,101110000,1
1530014220000,1530014279000,81.024,81.039,81.016,81.017,139140000,1
1530014280000,1530014339000,81.016,81.027,81.009,81.027,86320000,1
1530014340000,1530014399000,81.027,81.03,81.016,81.017,169620000,1
1530014400000,1530014459000,81.015,81.039,81.014,81.036,156580000,1
1530014460000,1530014519000,81.037,81.054,81.033,81.054,184590000,1
1530014520000,1530014579000,81.052,81.062,81.039,81.055,175440000,1
1530014580000,1530014639000,81.055,81.055,81.035,81.051,173880000,1
1530014640000,1530014699000,81.049,81.057,81.042,81.057,142580000,1
1530014700000,1530014759000,81.057,81.078,81.047,81.078,194570000,1
1530014760000,1530014819000,81.08,81.08,81.074,81.074,104210000,1
1530014820000,1530014879000,81.074,81.095,81.074,81.076,124280000,1
1530014880000,1530014939000,81.076,81.077,81.071,81.075,117530000,1
1530014940000,1530014999000,81.074,81.085,81.072,81.075,129980000,1
1530015000000,1530015059000,81.077,81.086,81.075,81.086,109710000,1
1530015060000,1530015119000,81.087,81.091,81.074,81.075,168610000,1
1530015120000,1530015179000,81.075,81.094,81.074,81.094,188820000,1
1530015180000,1530015239000,81.092,81.092,81.083,81.083,146390000,1
1530015240000,1530015299000,81.082,81.091,81.082,81.086,109060000,1
1530015300000,1530015359000,81.085,81.089,81.076,81.08,144590000,1
1530015360000,1530015419000,81.08,81.114,81.08,81.11,138150000,1
1530015420000,1530015479000,81.11,81.11,81.098,81.107,173920000,1
1530015480000,1530015539000,81.107,81.108,81.086,81.103,158950000,1
1530015540000,1530015599000,81.105,81.115,81.099,81.099,133410000,1
1530015600000,1530015659000,81.1,81.101,81.079,81.09,221800000,1
1530015660000,1530015719000,81.092,81.138,81.09,81.124,256480000,1
1530015720000,1530015779000,81.123,81.137,81.115,81.117,215150000,1
1530015780000,1530015839000,81.117,81.129,81.11,81.113,161020000,1
1530015840000,1530015899000,81.114,81.122,81.106,81.114,174320000,1
1530015900000,1530015959000,81.114,81.114,81.078,81.079,113550000,1
1530015960000,1530016019000,81.078,81.084,81.07,81.084,129920000,1
1530016020000,1530016079000,81.083,81.092,81.078,81.087,172520000,1
1530016080000,1530016139000,81.086,81.114,81.081,81.105,167120000,1
1530016140000,1530016199000,81.106,81.124,81.103,81.122,189030000,1
1530016200000,1530016259000,81.122,81.14,81.106,81.14,242300000,1
1530016260000,1530016319000,81.14,81.155,81.138,81.151,127010000,1
1530016320000,1530016379000,81.15,81.17,81.136,81.168,194640000,1
1530016380000,1530016439000,81.167,81.168,81.148,81.149,203230000,1
1530016440000,1530016499000,81.148,81.159,81.145,81.153,158860000,1
1530016500000,1530016559000,81.153,81.174,81.141,81.169,195320000,1
1530016560000,1530016619000,81.169,81.174,81.152,81.152,205330000,1
1530016620000,1530016679000,81.152,81.162,81.149,81.159,151350000,1
1530016680000,1530016739000,81.159,81.163,81.148,81.148,91330000,1
1530016740000,1530016799000,81.147,81.174,81.147,81.171,98780000,1
1530016800000,1530016859000,81.171,81.174,81.159,81.159,125180000,1
1530016860000,1530016919000,81.158,81.178,81.154,81.154,145310000,1
1530016920000,1530016979000,81.155,81.159,81.148,81.15,141760000,1
1530016980000,1530017039000,81.149,81.153,81.137,81.149,144350000,1
1530017040000,1530017099000,81.148,81.155,81.14,81.148,174980000,1
1530017100000,1530017159000,81.148,81.161,81.139,81.153,145480000,1
1530017160000,1530017219000,81.153,81.153,81.129,81.136,166250000,1
1530017220000,1530017279000,81.137,81.148,81.136,81.146,122970000,1
1530017280000,1530017339000,81.146,81.151,81.139,81.139,162190000,1
1530017340000,1530017399000,81.139,81.14,81.125,81.134,239670000,1
1530017400000,1530017459000,81.136,81.166,81.136,81.161,160370000,1
1530017460000,1530017519000,81.161,81.182,81.161,81.171,160930000,1
1530017520000,1530017579000,81.171,81.171,81.151,81.151,164340000,1
1530017580000,1530017639000,81.151,81.162,81.145,81.153,131280000,1
1530017640000,1530017699000,81.152,81.161,81.144,81.153,162480000,1
1530017700000,1530017759000,81.153,81.157,81.137,81.148,121350000,1
1530017760000,1530017819000,81.148,81.159,81.146,81.159,143070000,1
1530017820000,1530017879000,81.159,81.16,81.154,81.158,49880000,1
1530017880000,1530017939000,81.158,81.171,81.158,81.171,41760000,1
1530017940000,1530017999000,81.171,81.188,81.17,81.186,62640000,1
1530018000000,1530018059000,81.188,81.189,81.174,81.175,124760000,1
1530018060000,1530018119000,81.175,81.185,81.164,81.164,92550000,1
1530018120000,1530018179000,81.164,81.173,81.122,81.125,186820000,1
1530018180000,1530018239000,81.124,81.161,81.122,81.161,176250000,1
1530018240000,1530018299000,81.162,81.166,81.137,81.137,146190000,1
1530018300000,1530018359000,81.141,81.145,81.128,81.129,152300000,1
1530018360000,1530018419000,81.133,81.172,81.129,81.156,143900000,1
1530018420000,1530018479000,81.156,81.174,81.143,81.156,174420000,1
1530018480000,1530018539000,81.158,81.16,81.142,81.145,111540000,1
1530018540000,1530018599000,81.145,81.165,81.136,81.139,198220000,1
1530018600000,1530018659000,81.139,81.142,81.134,81.137,125480000,1
1530018660000,1530018719000,81.136,81.142,81.117,81.127,133430000,1
1530018720000,1530018779000,81.127,81.142,81.127,81.137,129140000,1
1530018780000,1530018839000,81.136,81.153,81.136,81.14,135070000,1
1530018840000,1530018899000,81.14,81.169,81.139,81.158,156420000,1
1530018900000,1530018959000,81.157,81.163,81.147,81.161,182540000,1
1530018960000,1530019019000,81.162,81.166,81.129,81.137,159210000,1
1530019020000,1530019079000,81.136,81.138,81.123,81.123,147150000,1
1530019080000,1530019139000,81.123,81.13,81.119,81.127,134800000,1
1530019140000,1530019199000,81.127,81.14,81.123,81.138,153120000,1
1530019200000,1530019259000,81.141,81.159,81.141,81.157,127260000,1
1530019260000,1530019319000,81.156,81.169,81.15,81.169,108590000,1
1530019320000,1530019379000,81.166,81.169,81.151,81.168,172590000,1
1530019380000,1530019439000,81.168,81.179,81.163,81.176,121340000,1
1530019440000,1530019499000,81.175,81.192,81.172,81.192,102780000,1
1530019500000,1530019559000,81.191,81.197,81.178,81.195,147650000,1
1530019560000,1530019619000,81.197,81.208,81.196,81.205,165860000,1
1530019620000,1530019679000,81.206,81.219,81.199,81.219,133340000,1
1530019680000,1530019739000,81.217,81.222,81.208,81.213,125650000,1
1530019740000,1530019799000,81.213,81.213,81.175,81.176,147620000,1
1530019800000,1530019859000,81.176,81.188,81.174,81.181,238940000,1
1530019860000,1530019919000,81.181,81.192,81.179,81.192,195610000,1
1530019920000,1530019979000,81.192,81.195,81.147,81.15,199920000,1
1530019980000,1530020039000,81.151,81.164,81.112,81.12,207550000,1
1530020040000,1530020099000,81.118,81.131,81.115,81.125,174680000,1
1530020100000,1530020159000,81.124,81.127,81.106,81.117,204810000,1
1530020160000,1530020219000,81.117,81.126,81.093,81.101,259380000,1
1530020220000,1530020279000,81.102,81.107,81.083,81.095,195410000,1
1530020280000,1530020339000,81.098,81.114,81.087,81.108,283870000,1
1530020340000,1530020399000,81.105,81.109,81.08,81.08,196600000,1
1530020400000,1530020459000,81.082,81.092,81.036,81.043,234270000,1
1530020460000,1530020519000,81.041,81.073,81.025,81.065,285400000,1
1530020520000,1530020579000,81.065,81.075,81.055,81.061,252410000,1
1530020580000,1530020639000,81.06,81.07,81.031,81.032,290070000,1
1530020640000,1530020699000,81.032,81.062,81.032,81.038,288460000,1
1530020700000,1530020759000,81.038,81.047,81.025,81.026,312870000,1
1530020760000,1530020819000,81.025,81.044,81.018,81.019,171050000,1
1530020820000,1530020879000,81.018,81.039,81.018,81.037,166610000,1
1530020880000,1530020939000,81.038,81.049,81.025,81.043,198380000,1
1530020940000,1530020999000,81.042,81.058,81.038,81.053,208680000,1
1530021000000,1530021059000,81.053,81.062,81.046,81.049,165420000,1
1530021060000,1530021119000,81.05,81.054,81.031,81.037,226010000,1
1530021120000,1530021179000,81.038,81.047,81.034,81.044,178590000,1
1530021180000,1530021239000,81.044,81.072,81.042,81.063,203770000,1
1530021240000,1530021299000,81.063,81.073,81.054,81.054,148650000,1
1530021300000,1530021359000,81.054,81.069,81.054,81.065,160980000,1
1530021360000,1530021419000,81.066,81.067,81.052,81.057,147820000,1
1530021420000,1530021479000,81.057,81.057,81.037,81.042,115230000,1
1530021480000,1530021539000,81.042,81.045,81.036,81.044,69820000,1
1530021540000,1530021599000,81.044,81.085,81.044,81.075,152860000,1
1530021600000,1530021659000,81.079,81.112,81.053,81.107,196430000,1
1530021660000,1530021719000,81.106,81.142,81.106,81.142,136050000,1
1530021720000,1530021779000,81.144,81.151,81.139,81.14,125200000,1
1530021780000,1530021839000,81.14,81.14,81.115,81.126,212730000,1
1530021840000,1530021899000,81.129,81.13,81.099,81.099,194200000,1
1530021900000,1530021959000,81.101,81.119,81.097,81.119,204510000,1
1530021960000,1530022019000,81.12,81.139,81.108,81.109,172750000,1
1530022020000,1530022079000,81.11,81.123,81.1,81.107,209860000,1
1530022080000,1530022139000,81.109,81.126,81.107,81.115,177310000,1
1530022140000,1530022199000,81.116,81.135,81.114,81.123,119660000,1
1530022200000,1530022259000,81.12,81.15,81.11,81.122,135440000,1
1530022260000,1530022319000,81.121,81.168,81.12,81.165,199040000,1
1530022320000,1530022379000,81.165,81.165,81.137,81.142,190490000,1
1530022380000,1530022439000,81.139,81.15,81.126,81.147,240740000,1
1530022440000,1530022499000,81.146,81.16,81.137,81.156,183860000,1
1530022500000,1530022559000,81.156,81.164,81.144,81.16,177750000,1
1530022560000,1530022619000,81.161,81.184,81.161,81.175,175060000,1
1530022620000,1530022679000,81.177,81.189,81.167,81.181,147300000,1
1530022680000,1530022739000,81.181,81.209,81.178,81.197,176040000,1
1530022740000,1530022799000,81.195,81.213,81.183,81.199,277180000,1
1530022800000,1530022859000,81.2,81.206,81.174,81.182,220180000,1
1530022860000,1530022919000,81.184,81.195,81.164,81.195,238270000,1
1530022920000,1530022979000,81.197,81.239,81.197,81.205,282230000,1
1530022980000,1530023039000,81.206,81.26,81.205,81.255,199770000,1
1530023040000,1530023099000,81.257,81.257,81.232,81.234,156090000,1
1530023100000,1530023159000,81.232,81.245,81.232,81.237,167350000,1
1530023160000,1530023219000,81.239,81.257,81.235,81.257,171610000,1
1530023220000,1530023279000,81.258,81.26,81.218,81.218,188700000,1
1530023280000,1530023339000,81.219,81.23,81.192,81.199,239020000,1
1530023340000,1530023399000,81.199,81.209,81.166,81.166,206700000,1
1530023400000,1530023459000,81.167,81.208,81.161,81.199,243330000,1
1530023460000,1530023519000,81.198,81.212,81.198,81.205,205190000,1
1530023520000,1530023579000,81.204,81.228,81.197,81.214,198220000,1
1530023580000,1530023639000,81.214,81.222,81.199,81.209,173250000,1
1530023640000,1530023699000,81.209,81.223,81.209,81.212,158020000,1
1530023700000,1530023759000,81.211,81.211,81.185,81.198,206340000,1
1530023760000,1530023819000,81.198,81.214,81.176,81.184,177770000,1
1530023820000,1530023879000,81.185,81.205,81.173,81.174,172750000,1
1530023880000,1530023939000,81.173,81.188,81.17,81.181,163650000,1
1530023940000,1530023999000,81.179,81.197,81.178,81.196,223690000,1
1530024000000,1530024059000,81.196,81.207,81.186,81.192,207980000,1
1530024060000,1530024119000,81.191,81.204,81.174,81.198,236190000,1
1530024120000,1530024179000,81.202,81.204,81.186,81.194,235870000,1
1530024180000,1530024239000,81.194,81.206,81.185,81.189,228690000,1
1530024240000,1530024299000,81.19,81.206,81.186,81.199,225410000,1
1530024300000,1530024359000,81.198,81.202,81.179,81.187,168810000,1
1530024360000,1530024419000,81.187,81.187,81.172,81.179,184450000,1
1530024420000,1530024479000,81.179,81.183,81.162,81.168,173030000,1
1530024480000,1530024539000,81.167,81.191,81.166,81.182,252250000,1
1530024540000,1530024599000,81.182,81.205,81.173,81.194,171670000,1
1530024600000,1530024659000,81.195,81.213,81.189,81.201,164100000,1
1530024660000,1530024719000,81.201,81.229,81.199,81.229,136620000,1
1530024720000,1530024779000,81.228,81.229,81.215,81.22,149490000,1
1530024780000,1530024839000,81.22,81.226,81.206,81.224,136630000,1
1530024840000,1530024899000,81.223,81.238,81.219,81.221,161180000,1
1530024900000,1530024959000,81.219,81.23,81.213,81.22,211400000,1
1530024960000,1530025019000,81.224,81.235,81.214,81.233,190350000,1
1530025020000,1530025079000,81.233,81.249,81.223,81.228,217660000,1
1530025080000,1530025139000,81.228,81.239,81.213,81.232,242680000,1
1530025140000,1530025199000,81.231,81.245,81.229,81.241,230700000,1
1530025200000,1530025259000,81.24,81.24,81.188,81.201,252930000,1
1530025260000,1530025319000,81.203,81.232,81.201,81.226,248750000,1
1530025320000,1530025379000,81.229,81.251,81.229,81.235,179030000,1
1530025380000,1530025439000,81.234,81.253,81.223,81.251,194220000,1
1530025440000,1530025499000,81.251,81.254,81.237,81.251,188000000,1
1530025500000,1530025559000,81.251,81.259,81.232,81.237,233790000,1
1530025560000,1530025619000,81.236,81.239,81.228,81.237,169460000,1
1530025620000,1530025679000,81.238,81.246,81.234,81.24,164110000,1
1530025680000,1530025739000,81.24,81.243,81.221,81.226,174330000,1
1530025740000,1530025799000,81.226,81.245,81.224,81.24,200700000,1
1530025800000,1530025859000,81.241,81.283,81.239,81.283,182100000,1
1530025860000,1530025919000,81.286,81.308,81.286,81.302,182810000,1
1530025920000,1530025979000,81.3,81.301,81.272,81.277,104510000,1
1530025980000,1530026039000,81.276,81.29,81.267,81.268,131190000,1
1530026040000,1530026099000,81.267,81.287,81.267,81.274,182040000,1
1530026100000,1530026159000,81.276,81.285,81.257,81.285,184940000,1
1530026160000,1530026219000,81.284,81.284,81.268,81.272,154710000,1
1530026220000,1530026279000,81.273,81.293,81.272,81.288,199840000,1
1530026280000,1530026339000,81.289,81.3,81.283,81.3,178320000,1
1530026340000,1530026399000,81.297,81.307,81.29,81.303,188940000,1
1530026400000,1530026459000,81.306,81.325,81.297,81.325,193860000,1
1530026460000,1530026519000,81.325,81.333,81.3,81.3,163690000,1
1530026520000,1530026579000,81.301,81.325,81.3,81.324,149190000,1
1530026580000,1530026639000,81.323,81.325,81.304,81.309,179660000,1
1530026640000,1530026699000,81.309,81.332,81.308,81.332,167830000,1
1530026700000,1530026759000,81.331,81.337,81.321,81.321,179780000,1
1530026760000,1530026819000,81.32,81.343,81.314,81.343,106590000,1
1530026820000,1530026879000,81.344,81.355,81.341,81.354,100590000,1
1530026880000,1530026939000,81.354,81.358,81.331,81.331,105060000,1
1530026940000,1530026999000,81.331,81.331,81.313,81.318,105440000,1
1530027000000,1530027059000,81.319,81.33,81.295,81.297,167930000,1
1530027060000,1530027119000,81.298,81.304,81.285,81.286,134240000,1
1530027120000,1530027179000,81.285,81.295,81.283,81.286,129760000,1
1530027180000,1530027239000,81.285,81.294,81.275,81.275,151260000,1
1530027240000,1530027299000,81.276,81.286,81.276,81.284,117820000,1
1530027300000,1530027359000,81.285,81.308,81.283,81.292,149260000,1
1530027360000,1530027419000,81.292,81.303,81.29,81.297,139580000,1
1530027420000,1530027479000,81.295,81.298,81.284,81.296,128310000,1
1530027480000,1530027539000,81.295,81.306,81.283,81.291,155400000,1
1530027540000,1530027599000,81.29,81.299,81.287,81.297,93770000,1
1530027600000,1530027659000,81.295,81.307,81.291,81.305,97770000,1
1530027660000,1530027719000,81.304,81.331,81.303,81.331,76640000,1
1530027720000,1530027779000,81.33,81.348,81.323,81.345,137940000,1
1530027780000,1530027839000,81.345,81.348,81.333,81.337,169450000,1
1530027840000,1530027899000,81.337,81.353,81.337,81.353,172670000,1
1530027900000,1530027959000,81.351,81.362,81.351,81.351,138760000,1
1530027960000,1530028019000,81.351,81.353,81.339,81.349,196250000,1
1530028020000,1530028079000,81.35,81.351,81.33,81.33,194660000,1
1530028080000,1530028139000,81.33,81.33,81.315,81.315,229990000,1
1530028140000,1530028199000,81.316,81.318,81.309,81.314,148020000,1
1530028200000,1530028259000,81.314,81.314,81.296,81.302,184500000,1
1530028260000,1530028319000,81.302,81.32,81.3,81.319,152240000,1
1530028320000,1530028379000,81.318,81.346,81.312,81.345,156230000,1
1530028380000,1530028439000,81.345,81.37,81.345,81.369,97370000,1
1530028440000,1530028499000,81.37,81.37,81.353,81.353,138590000,1
1530028500000,1530028559000,81.352,81.369,81.35,81.364,130190000,1
1530028560000,1530028619000,81.365,81.365,81.353,81.357,103740000,1
1530028620000,1530028679000,81.356,81.361,81.35,81.35,100070000,1
1530028680000,1530028739000,81.35,81.365,81.35,81.363,163640000,1
1530028740000,1530028799000,81.364,81.37,81.359,81.37,124410000,1
1530028800000,1530028859000,81.37,81.38,81.362,81.377,182440000,1
1530028860000,1530028919000,81.378,81.39,81.375,81.388,121920000,1
1530028920000,1530028979000,81.388,81.393,81.379,81.385,124380000,1
1530028980000,1530029039000,81.385,81.388,81.37,81.373,125250000,1
1530029040000,1530029099000,81.375,81.375,81.355,81.355,120920000,1
1530029100000,1530029159000,81.357,81.365,81.353,81.365,101600000,1
1530029160000,1530029219000,81.368,81.372,81.355,81.361,92490000,1
1530029220000,1530029279000,81.36,81.389,81.357,81.383,120420000,1
1530029280000,1530029339000,81.383,81.383,81.376,81.381,65520000,1
1530029340000,1530029399000,81.381,81.384,81.378,81.384,110720000,1
1530029400000,1530029459000,81.385,81.387,81.377,81.381,132030000,1
1530029460000,1530029519000,81.38,81.394,81.378,81.391,64640000,1
1530029520000,1530029579000,81.391,81.394,81.383,81.389,110100000,1
1530029580000,1530029639000,81.389,81.399,81.387,81.399,80850000,1
1530029640000,1530029699000,81.397,81.409,81.395,81.4,152040000,1
1530029700000,1530029759000,81.4,81.401,81.388,81.388,147640000,1
1530029760000,1530029819000,81.387,81.394,81.385,81.388,145480000,1
1530029820000,1530029879000,81.386,81.39,81.301,81.305,241000000,1
1530029880000,1530029939000,81.301,81.319,81.299,81.309,181760000,1
1530029940000,1530029999000,81.313,81.34,81.313,81.339,135470000,1
1530030000000,1530030059000,81.337,81.351,81.332,81.334,151850000,1
1530030060000,1530030119000,81.335,81.338,81.322,81.333,84840000,1
1530030120000,1530030179000,81.334,81.349,81.328,81.348,126810000,1
1530030180000,1530030239000,81.346,81.354,81.337,81.34,147510000,1
1530030240000,1530030299000,81.346,81.346,81.32,81.321,85780000,1
1530030300000,1530030359000,81.322,81.322,81.313,81.318,73230000,1
1530030360000,1530030419000,81.318,81.324,81.309,81.314,174350000,1
1530030420000,1530030479000,81.315,81.326,81.311,81.321,148140000,1
1530030480000,1530030539000,81.321,81.327,81.317,81.325,128040000,1
1530030540000,1530030599000,81.324,81.342,81.324,81.341,128090000,1
1530030600000,1530030659000,81.342,81.356,81.342,81.355,83210000,1
1530030660000,1530030719000,81.354,81.371,81.354,81.359,94280000,1
1530030720000,1530030779000,81.359,81.359,81.342,81.343,117700000,1
1530030780000,1530030839000,81.343,81.348,81.339,81.339,71180000,1
1530030840000,1530030899000,81.34,81.368,81.34,81.357,136790000,1
1530030900000,1530030959000,81.358,81.371,81.356,81.363,147470000,1
1530030960000,1530031019000,81.363,81.363,81.354,81.362,123730000,1
1530031020000,1530031079000,81.363,81.37,81.362,81.37,145090000,1
1530031080000,1530031139000,81.371,81.377,81.369,81.372,58060000,1
1530031140000,1530031199000,81.372,81.374,81.361,81.365,71520000,1
1530031200000,1530031259000,81.364,81.371,81.361,81.369,101130000,1
1530031260000,1530031319000,81.368,81.372,81.356,81.358,98950000,1
1530031320000,1530031379000,81.357,81.395,81.356,81.395,144960000,1
1530031380000,1530031439000,81.395,81.399,81.338,81.342,158430000,1
1530031440000,1530031499000,81.342,81.362,81.342,81.36,183020000,1
1530031500000,1530031559000,81.361,81.372,81.351,81.351,150380000,1
1530031560000,1530031619000,81.351,81.363,81.348,81.35,129570000,1
1530031620000,1530031679000,81.35,81.366,81.35,81.364,102510000,1
1530031680000,1530031739000,81.364,81.368,81.36,81.36,86230000,1
1530031740000,1530031799000,81.36,81.375,81.358,81.375,135980000,1
1530031800000,1530031859000,81.377,81.392,81.367,81.369,200310000,1
1530031860000,1530031919000,81.369,81.373,81.365,81.366,140020000,1
1530031920000,1530031979000,81.366,81.367,81.346,81.355,182800000,1
1530031980000,1530032039000,81.354,81.372,81.354,81.365,91920000,1
1530032040000,1530032099000,81.365,81.37,81.36,81.365,109730000,1
1530032100000,1530032159000,81.365,81.4,81.365,81.397,137330000,1
1530032160000,1530032219000,81.398,81.398,81.379,81.379,118860000,1
1530032220000,1530032279000,81.379,81.389,81.378,81.381,102430000,1
1530032280000,1530032339000,81.38,81.38,81.349,81.358,165480000,1
1530032340000,1530032399000,81.357,81.384,81.356,81.37,174130000,1
1530032400000,1530032459000,81.371,81.372,81.355,81.356,138500000,1
1530032460000,1530032519000,81.356,81.366,81.35,81.359,130520000,1
1530032520000,1530032579000,81.361,81.372,81.359,81.367,127070000,1
1530032580000,1530032639000,81.368,81.373,81.36,81.37,119260000,1
1530032640000,1530032699000,81.371,81.391,81.37,81.381,106740000,1
1530032700000,1530032759000,81.381,81.381,81.368,81.369,140150000,1
1530032760000,1530032819000,81.369,81.4,81.369,81.389,190830000,1
1530032820000,1530032879000,81.389,81.401,81.384,81.385,168520000,1
1530032880000,1530032939000,81.385,81.395,81.385,81.392,107360000,1
1530032940000,1530032999000,81.392,81.396,81.387,81.389,88950000,1
1530033000000,1530033059000,81.389,81.437,81.389,81.437,179580000,1
1530033060000,1530033119000,81.438,81.44,81.423,81.43,162630000,1
1530033120000,1530033179000,81.428,81.448,81.424,81.446,145960000,1
1530033180000,1530033239000,81.445,81.446,81.427,81.431,157520000,1
1530033240000,1530033299000,81.432,81.442,81.425,81.442,128120000,1
1530033300000,1530033359000,81.442,81.451,81.441,81.441,139080000,1
1530033360000,1530033419000,81.44,81.448,81.435,81.446,162850000,1
1530033420000,1530033479000,81.445,81.445,81.416,81.416,210570000,1
1530033480000,1530033539000,81.415,81.419,81.393,81.411,256640000,1
1530033540000,1530033599000,81.411,81.419,81.406,81.413,178100000,1
1530033600000,1530033659000,81.414,81.426,81.397,81.399,173290000,1
1530033660000,1530033719000,81.398,81.407,81.387,81.389,191160000,1
1530033720000,1530033779000,81.39,81.405,81.39,81.397,185490000,1
1530033780000,1530033839000,81.397,81.407,81.394,81.402,192420000,1
1530033840000,1530033899000,81.402,81.408,81.39,81.39,128210000,1
1530033900000,1530033959000,81.388,81.388,81.379,81.385,122020000,1
1530033960000,1530034019000,81.387,81.392,81.371,81.373,160210000,1
1530034020000,1530034079000,81.371,81.388,81.37,81.385,137650000,1
1530034080000,1530034139000,81.385,81.399,81.379,81.398,147560000,1
1530034140000,1530034199000,81.396,81.401,81.389,81.396,190150000,1
1530034200000,1530034259000,81.395,81.408,81.395,81.401,174910000,1
1530034260000,1530034319000,81.401,81.412,81.395,81.411,148410000,1
1530034320000,1530034379000,81.411,81.419,81.402,81.413,164710000,1
1530034380000,1530034439000,81.413,81.413,81.395,81.397,137680000,1
1530034440000,1530034499000,81.399,81.4,81.392,81.396,96480000,1
1530034500000,1530034559000,81.396,81.404,81.391,81.392,96360000,1
1530034560000,1530034619000,81.397,81.401,81.391,81.393,121610000,1
1530034620000,1530034679000,81.391,81.409,81.391,81.404,128700000,1
1530034680000,1530034739000,81.403,81.415,81.398,81.414,111020000,1
1530034740000,1530034799000,81.414,81.419,81.413,81.417,98090000,1
1530034800000,1530034859000,81.419,81.42,81.412,81.416,135550000,1
1530034860000,1530034919000,81.417,81.431,81.417,81.423,124410000,1
1530034920000,1530034979000,81.426,81.441,81.424,81.438,102140000,1
1530034980000,1530035039000,81.44,81.447,81.431,81.446,107990000,1
1530035040000,1530035099000,81.447,81.448,81.434,81.437,104510000,1
1530035100000,1530035159000,81.436,81.456,81.431,81.45,67660000,1
1530035160000,1530035219000,81.449,81.449,81.432,81.436,105190000,1
1530035220000,1530035279000,81.436,81.446,81.426,81.428,177170000,1
1530035280000,1530035339000,81.427,81.43,81.405,81.407,160870000,1
1530035340000,1530035399000,81.407,81.423,81.402,81.402,183090000,1
1530035400000,1530035459000,81.405,81.41,81.39,81.392,160700000,1
1530035460000,1530035519000,81.394,81.399,81.39,81.391,139050000,1
1530035520000,1530035579000,81.397,81.405,81.376,81.379,150580000,1
1530035580000,1530035639000,81.38,81.39,81.378,81.389,133800000,1
1530035640000,1530035699000,81.387,81.396,81.387,81.39,74470000,1
1530035700000,1530035759000,81.39,81.393,81.388,81.388,42710000,1
1530035760000,1530035819000,81.389,81.398,81.384,81.392,67590000,1
1530035820000,1530035879000,81.393,81.395,81.374,81.377,52390000,1
1530035880000,1530035939000,81.378,81.38,81.365,81.365,122390000,1
1530035940000,1530035999000,81.366,81.373,81.364,81.369,91670000,1
1530036000000,1530036059000,81.369,81.38,81.366,81.38,100060000,1
1530036060000,1530036119000,81.38,81.382,81.37,81.381,101400000,1
1530036120000,1530036179000,81.381,81.381,81.373,81.374,106480000,1
1530036180000,1530036239000,81.377,81.381,81.37,81.38,123560000,1
1530036240000,1530036299000,81.38,81.387,81.378,81.386,59460000,1
1530036300000,1530036359000,81.386,81.394,81.386,81.394,118270000,1
1530036360000,1530036419000,81.395,81.395,81.376,81.377,107980000,1
1530036420000,1530036479000,81.378,81.378,81.368,81.377,118600000,1
1530036480000,1530036539000,81.377,81.379,81.368,81.368,101470000,1
1530036540000,1530036599000,81.369,81.377,81.369,81.371,102260000,1
1530036600000,1530036659000,81.371,81.381,81.365,81.366,138180000,1
1530036660000,1530036719000,81.365,81.367,81.358,81.358,90690000,1
1530036720000,1530036779000,81.358,81.363,81.356,81.357,95630000,1
1530036780000,1530036839000,81.357,81.359,81.356,81.357,85760000,1
1530036840000,1530036899000,81.357,81.361,81.356,81.359,78190000,1
1530036900000,1530036959000,81.359,81.362,81.356,81.362,69160000,1
1530036960000,1530037019000,81.362,81.366,81.359,81.364,57900000,1
1530037020000,1530037079000,81.364,81.374,81.363,81.368,135660000,1
1530037080000,1530037139000,81.367,81.38,81.367,81.376,155450000,1
1530037140000,1530037199000,81.377,81.377,81.368,81.368,86710000,1
1530037200000,1530037259000,81.367,81.367,81.363,81.366,53930000,1
1530037260000,1530037319000,81.367,81.376,81.365,81.376,92410000,1
1530037320000,1530037379000,81.376,81.379,81.376,81.377,108960000,1
1530037380000,1530037439000,81.378,81.38,81.374,81.377,94310000,1
1530037440000,1530037499000,81.376,81.388,81.372,81.387,81970000,1
1530037500000,1530037559000,81.388,81.392,81.381,81.381,130870000,1
1530037560000,1530037619000,81.381,81.392,81.381,81.386,117580000,1
1530037620000,1530037679000,81.387,81.39,81.384,81.389,85790000,1
1530037680000,1530037739000,81.388,81.394,81.388,81.394,67820000,1
1530037740000,1530037799000,81.394,81.397,81.394,81.396,94940000,1
1530037800000,1530037859000,81.396,81.4,81.393,81.396,113880000,1
1530037860000,1530037919000,81.396,81.396,81.388,81.389,63720000,1
1530037920000,1530037979000,81.39,81.397,81.39,81.397,116230000,1
1530037980000,1530038039000,81.397,81.412,81.396,81.411,104670000,1
1530038040000,1530038099000,81.41,81.414,81.404,81.405,119060000,1
1530038100000,1530038159000,81.405,81.405,81.4,81.401,83960000,1
1530038160000,1530038219000,81.4,81.414,81.4,81.413,38640000,1
1530038220000,1530038279000,81.413,81.42,81.413,81.418,39000000,1
1530038280000,1530038339000,81.418,81.42,81.416,81.419,36680000,1
1530038340000,1530038399000,81.419,81.426,81.417,81.424,35430000,1
1530038400000,1530038459000,81.423,81.424,81.421,81.422,29860000,1
1530038460000,1530038519000,81.421,81.429,81.41,81.413,74690000,1
1530038520000,1530038579000,81.413,81.415,81.397,81.397,87780000,1
1530038580000,1530038639000,81.397,81.399,81.394,81.397,67670000,1
1530038640000,1530038699000,81.397,81.417,81.397,81.417,108170000,1
1530038700000,1530038759000,81.416,81.43,81.416,81.429,93630000,1
1530038760000,1530038819000,81.428,81.428,81.425,81.427,56190000,1
1530038820000,1530038879000,81.427,81.432,81.418,81.418,64700000,1
1530038880000,1530038939000,81.42,81.423,81.409,81.414,91820000,1
1530038940000,1530038999000,81.41,81.415,81.404,81.411,63920000,1
1530039000000,1530039059000,81.41,81.428,81.41,81.422,85840000,1
1530039060000,1530039119000,81.422,81.432,81.419,81.43,59680000,1
1530039120000,1530039179000,81.432,81.433,81.427,81.431,67470000,1
1530039180000,1530039239000,81.43,81.433,81.428,81.429,39350000,1
1530039240000,1530039299000,81.429,81.434,81.429,81.43,36610000,1
1530039300000,1530039359000,81.43,81.439,81.425,81.434,131860000,1
1530039360000,1530039419000,81.435,81.435,81.428,81.432,64430000,1
1530039420000,1530039479000,81.431,81.435,81.426,81.434,71990000,1
1530039480000,1530039539000,81.434,81.439,81.43,81.43,67840000,1
1530039540000,1530039599000,81.427,81.43,81.415,81.424,123460000,1
1530039600000,1530039659000,81.425,81.428,81.419,81.419,87250000,1
1530039660000,1530039719000,81.419,81.427,81.418,81.42,93660000,1
1530039720000,1530039779000,81.422,81.423,81.417,81.417,38060000,1
1530039780000,1530039839000,81.417,81.417,81.395,81.395,114730000,1
1530039840000,1530039899000,81.394,81.397,81.379,81.379,179780000,1
1530039900000,1530039959000,81.378,81.38,81.376,81.377,111640000,1
1530039960000,1530040019000,81.377,81.377,81.37,81.371,113950000,1
1530040020000,1530040079000,81.371,81.373,81.365,81.37,112070000,1
1530040080000,1530040139000,81.37,81.375,81.362,81.375,95730000,1
1530040140000,1530040199000,81.375,81.378,81.37,81.377,86210000,1
1530040200000,1530040259000,81.377,81.377,81.372,81.375,90920000,1
1530040260000,1530040319000,81.376,81.376,81.363,81.363,95350000,1
1530040320000,1530040379000,81.363,81.363,81.355,81.361,106600000,1
1530040380000,1530040439000,81.362,81.367,81.355,81.355,95600000,1
1530040440000,1530040499000,81.355,81.358,81.352,81.355,128780000,1
1530040500000,1530040559000,81.355,81.358,81.351,81.357,113200000,1
1530040560000,1530040619000,81.357,81.361,81.356,81.356,65320000,1
1530040620000,1530040679000,81.356,81.361,81.351,81.356,163550000,1
1530040680000,1530040739000,81.356,81.36,81.35,81.36,145240000,1
1530040740000,1530040799000,81.361,81.361,81.36,81.36,53080000,1
1530040800000,1530040859000,81.36,81.361,81.352,81.352,73920000,1
1530040860000,1530040919000,81.352,81.355,81.352,81.353,53230000,1
1530040920000,1530040979000,81.353,81.356,81.353,81.355,83110000,1
1530040980000,1530041039000,81.355,81.355,81.355,81.355,61080000,1
1530041040000,1530041099000,81.354,81.356,81.344,81.344,59300000,1
1530041100000,1530041159000,81.344,81.352,81.343,81.352,119350000,1
1530041160000,1530041219000,81.352,81.358,81.352,81.358,72980000,1
1530041220000,1530041279000,81.359,81.367,81.358,81.363,46100000,1
1530041280000,1530041339000,81.363,81.372,81.358,81.358,70690000,1
1530041340000,1530041399000,81.359,81.363,81.357,81.361,71450000,1
1530041400000,1530041459000,81.362,81.37,81.362,81.37,97850000,1
1530041460000,1530041519000,81.37,81.38,81.37,81.38,82460000,1
1530041520000,1530041579000,81.38,81.385,81.378,81.385,91090000,1
1530041580000,1530041639000,81.384,81.39,81.383,81.388,118300000,1
1530041640000,1530041699000,81.388,81.401,81.384,81.39,180340000,1
1530041700000,1530041759000,81.39,81.408,81.39,81.407,141490000,1
1530041760000,1530041819000,81.404,81.413,81.397,81.399,157900000,1
1530041820000,1530041879000,81.397,81.41,81.393,81.408,111950000,1
1530041880000,1530041939000,81.408,81.408,81.389,81.389,82990000,1
1530041940000,1530041999000,81.387,81.399,81.387,81.396,70190000,1
1530042000000,1530042059000,81.396,81.398,81.375,81.375,140730000,1
1530042060000,1530042119000,81.375,81.38,81.371,81.38,103230000,1
1530042120000,1530042179000,81.38,81.392,81.38,81.39,64870000,1
1530042180000,1530042239000,81.391,81.4,81.39,81.396,59550000,1
1530042240000,1530042299000,81.396,81.401,81.39,81.394,104210000,1
1530042300000,1530042359000,81.393,81.393,81.37,81.37,147840000,1
1530042360000,1530042419000,81.369,81.372,81.366,81.367,82440000,1
1530042420000,1530042479000,81.368,81.368,81.322,81.337,161370000,1
1530042480000,1530042539000,81.337,81.339,81.33,81.337,130890000,1
1530042540000,1530042599000,81.336,81.346,81.336,81.346,117340000,1
1530042600000,1530042659000,81.343,81.343,81.323,81.323,142130000,1
1530042660000,1530042719000,81.325,81.333,81.321,81.332,115790000,1
1530042720000,1530042779000,81.332,81.363,81.332,81.36,102810000,1
1530042780000,1530042839000,81.36,81.36,81.354,81.355,115910000,1
1530042840000,1530042899000,81.355,81.38,81.355,81.373,105940000,1
1530042900000,1530042959000,81.373,81.394,81.372,81.377,175010000,1
1530042960000,1530043019000,81.376,81.381,81.361,81.368,155010000,1
1530043020000,1530043079000,81.367,81.378,81.367,81.372,124610000,1
1530043080000,1530043139000,81.372,81.385,81.363,81.378,120010000,1
1530043140000,1530043199000,81.378,81.378,81.361,81.366,123640000,1
1530043200000,1530043259000,81.366,81.366,81.351,81.364,140450000,1
1530043260000,1530043319000,81.364,81.364,81.352,81.352,114090000,1
1530043320000,1530043379000,81.351,81.356,81.351,81.355,52280000,1
1530043380000,1530043439000,81.355,81.363,81.355,81.356,84290000,1
1530043440000,1530043499000,81.355,81.355,81.346,81.352,96400000,1
1530043500000,1530043559000,81.352,81.352,81.329,81.329,88830000,1
1530043560000,1530043619000,81.329,81.344,81.329,81.344,80060000,1
1530043620000,1530043679000,81.345,81.35,81.344,81.349,33870000,1
1530043680000,1530043739000,81.349,81.349,81.346,81.346,61290000,1
1530043740000,1530043799000,81.346,81.346,81.334,81.334,91300000,1
1530043800000,1530043859000,81.334,81.337,81.332,81.332,49210000,1
1530043860000,1530043919000,81.331,81.331,81.326,81.327,35520000,1
1530043920000,1530043979000,81.329,81.336,81.329,81.336,60220000,1
1530043980000,1530044039000,81.333,81.346,81.33,81.346,63320000,1
1530044040000,1530044099000,81.345,81.345,81.342,81.344,33550000,1
1530044100000,1530044159000,81.345,81.348,81.344,81.344,17990000,1
1530044160000,1530044219000,81.344,81.344,81.343,81.344,8050000,1
1530044220000,1530044279000,81.346,81.348,81.346,81.348,6130000,1
1530044280000,1530044339000,81.348,81.348,81.347,81.348,13130000,1
1530044340000,1530044399000,81.347,81.348,81.347,81.348,18370000,1
1530044400000,1530044459000,81.347,81.348,81.334,81.335,50210000,1
1530044460000,1530044519000,81.336,81.339,81.335,81.338,32090000,1
1530044520000,1530044579000,81.339,81.346,81.339,81.346,24880000,1
1530044580000,1530044639000,81.346,81.347,81.346,81.347,10620000,1
1530044640000,1530044699000,81.347,81.347,81.34,81.34,20740000,1
1530044700000,1530044759000,81.339,81.342,81.338,81.342,18260000,1
1530044760000,1530044819000,81.342,81.353,81.341,81.352,24030000,1
1530044820000,1530044879000,81.353,81.364,81.352,81.364,21310000,1
1530044880000,1530044939000,81.364,81.364,81.363,81.364,13000000,1
1530044940000,1530044999000,81.364,81.374,81.362,81.369,53280000,1
1530045000000,1530045059000,81.369,81.372,81.366,81.366,30520000,1
1530045060000,1530045119000,81.366,81.366,81.365,81.365,8310000,1
1530045120000,1530045179000,81.363,81.363,81.353,81.353,49940000,1
1530045180000,1530045239000,81.353,81.357,81.353,81.355,49220000,1
1530045240000,1530045299000,81.355,81.356,81.35,81.35,22290000,1
1530045300000,1530045359000,81.349,81.349,81.342,81.342,40210000,1
1530045360000,1530045419000,81.343,81.349,81.343,81.349,31050000,1
1530045420000,1530045479000,81.35,81.351,81.346,81.348,33350000,1
1530045480000,1530045539000,81.349,81.36,81.348,81.353,29750000,1
1530045540000,1530045599000,81.354,81.362,81.353,81.362,16570000,1
1530045600000,1530045659000,81.363,81.363,81.356,81.361,43830000,1
1530045660000,1530045719000,81.36,81.36,81.354,81.355,28880000,1
1530045720000,1530045779000,81.36,81.36,81.349,81.352,52390000,1
1530045780000,1530045839000,81.352,81.353,81.344,81.353,82760000,1
1530045840000,1530045899000,81.353,81.354,81.347,81.347,21770000,1
1530045900000,1530045959000,81.348,81.351,81.339,81.351,69460000,1
1530045960000,1530046019000,81.351,81.351,81.35,81.35,24590000,1
1530046020000,1530046079000,81.35,81.351,81.347,81.351,38410000,1
1530046080000,1530046139000,81.351,81.362,81.351,81.362,43980000,1
1530046140000,1530046199000,81.362,81.362,81.362,81.362,1000000,1
1530046200000,1530046259000,81.361,81.361,81.341,81.341,72620000,1
1530046260000,1530046319000,81.343,81.348,81.343,81.347,25350000,1
1530046320000,1530046379000,81.348,81.35,81.347,81.347,31950000,1
1530046380000,1530046439000,81.347,81.347,81.341,81.344,50850000,1
1530046440000,1530046499000,81.343,81.343,81.333,81.333,42980000,1
1530046500000,1530046559000,81.332,81.332,81.322,81.322,29240000,1
1530046560000,1530046619000,81.32,81.324,81.295,81.301,105690000,1
1530046620000,1530046679000,81.301,81.316,81.299,81.314,92540000,1
1530046680000,1530046739000,81.314,81.32,81.312,81.32,62900000,1
1530046740000,1530046799000,81.322,81.35,81.32,81.346,66130000,1
1530046800000,1530046859000,81.345,81.345,81.32,81.322,7120000,1
1530046860000,1530046919000,81.324,81.34,81.321,81.332,4500000,1
1530046920000,1530046979000,81.332,81.332,81.307,81.309,124500000,1
1530046980000,1530047039000,81.307,81.321,81.307,81.315,129750000,1
1530047040000,1530047099000,81.315,81.315,81.314,81.315,109250000,1
1530047100000,1530047159000,81.315,81.342,81.314,81.342,164250000,1
1530047160000,1530047219000,81.339,81.341,81.333,81.336,70000000,1
1530047220000,1530047279000,81.333,81.343,81.333,81.342,40000000,1
1530047280000,1530047339000,81.341,81.344,81.333,81.337,46000000,1
1530047340000,1530047399000,81.334,81.34,81.327,81.328,87100000,1
1530047400000,1530047459000,81.324,81.337,81.316,81.33,57080000,1
1530047460000,1530047519000,81.334,81.337,81.324,81.324,29570000,1
1530047520000,1530047579000,81.327,81.327,81.311,81.319,21390000,1
1530047580000,1530047639000,81.318,81.32,81.318,81.32,3000000,1
1530047640000,1530047699000,81.321,81.326,81.308,81.315,84000000,1
1530047700000,1530047759000,81.319,81.332,81.314,81.328,148000000,1
1530047760000,1530047819000,81.331,81.331,81.318,81.328,135240000,1
1530047820000,1530047879000,81.325,81.331,81.322,81.326,88120000,1
1530047880000,1530047939000,81.329,81.334,81.325,81.332,163500000,1
1530047940000,1530047999000,81.328,81.333,81.323,81.325,158000000,1
1530048000000,1530048059000,81.329,81.336,81.324,81.334,167000000,1
1530048060000,1530048119000,81.33,81.336,81.328,81.33,164000000,1
1530048120000,1530048179000,81.335,81.336,81.309,81.311,215450000,1
1530048180000,1530048239000,81.316,81.323,81.311,81.318,163430000,1
1530048240000,1530048299000,81.322,81.334,81.316,81.324,176500000,1
1530048300000,1530048359000,81.327,81.331,81.319,81.325,128500000,1
1530048360000,1530048419000,81.321,81.33,81.32,81.325,114000000,1
1530048420000,1530048479000,81.325,81.331,81.321,81.324,125500000,1
1530048480000,1530048539000,81.327,81.33,81.322,81.322,140500000,1
1530048540000,1530048599000,81.325,81.331,81.3,81.302,117600000,1
1530048600000,1530048659000,81.302,81.322,81.296,81.306,128150000,1
1530048660000,1530048719000,81.305,81.308,81.3,81.302,121610000,1
1530048720000,1530048779000,81.306,81.31,81.291,81.299,62990000,1
1530048780000,1530048839000,81.299,81.302,81.296,81.299,78340000,1
1530048840000,1530048899000,81.299,81.299,81.297,81.297,18810000,1
1530048900000,1530048959000,81.297,81.301,81.292,81.3,94200000,1
1530048960000,1530049019000,81.3,81.302,81.3,81.301,12900000,1
1530049020000,1530049079000,81.3,81.301,81.3,81.301,31180000,1
1530049080000,1530049139000,81.3,81.301,81.299,81.301,79300000,1
1530049140000,1530049199000,81.301,81.319,81.301,81.31,25960000,1
1530049200000,1530049259000,81.311,81.313,81.31,81.31,18830000,1
1530049260000,1530049319000,81.318,81.322,81.318,81.319,36720000,1
1530049320000,1530049379000,81.319,81.32,81.317,81.318,39970000,1
1530049380000,1530049439000,81.318,81.327,81.317,81.317,50360000,1
1530049440000,1530049499000,81.317,81.317,81.316,81.316,31300000,1
1530049500000,1530049559000,81.318,81.318,81.317,81.317,10980000,1
1530049560000,1530049619000,81.318,81.327,81.318,81.326,32960000,1
1530049620000,1530049679000,81.326,81.333,81.318,81.326,226580000,1
1530049680000,1530049739000,81.326,81.326,81.318,81.318,229320000,1
1530049740000,1530049799000,81.318,81.324,81.318,81.322,29890000,1
1530049800000,1530049859000,81.322,81.338,81.322,81.328,39230000,1
1530049860000,1530049919000,81.329,81.344,81.316,81.344,96290000,1
1530049920000,1530049979000,81.34,81.344,81.315,81.333,189280000,1
1530049980000,1530050039000,81.334,81.343,81.328,81.333,305240000,1
1530050040000,1530050099000,81.332,81.338,81.326,81.33,252650000,1
1530050100000,1530050159000,81.336,81.348,81.315,81.328,161280000,1
1530050160000,1530050219000,81.327,81.33,81.32,81.323,97500000,1
1530050220000,1530050279000,81.323,81.344,81.316,81.319,87980000,1
1530050280000,1530050339000,81.317,81.324,81.312,81.313,217230000,1
1530050340000,1530050399000,81.313,81.324,81.309,81.317,69070000,1
1530050400000,1530050459000,81.315,81.337,81.315,81.334,45430000,1
1530050460000,1530050519000,81.335,81.335,81.323,81.326,19730000,1
1530050520000,1530050579000,81.327,81.355,81.327,81.355,25830000,1
1530050580000,1530050639000,81.354,81.357,81.353,81.356,21050000,1
1530050640000,1530050699000,81.357,81.358,81.353,81.354,53230000,1
1530050700000,1530050759000,81.354,81.355,81.352,81.354,75980000,1
1530050760000,1530050819000,81.353,81.353,81.351,81.352,88210000,1
1530050820000,1530050879000,81.352,81.353,81.342,81.342,132970000,1
1530050880000,1530050939000,81.342,81.344,81.342,81.344,13420000,1
1530050940000,1530050999000,81.344,81.345,81.344,81.345,11640000,1
1530051000000,1530051059000,81.345,81.351,81.344,81.344,39880000,1
1530051060000,1530051119000,81.344,81.354,81.342,81.354,56750000,1
1530051120000,1530051179000,81.355,81.356,81.355,81.355,9250000,1
1530051180000,1530051239000,81.355,81.362,81.354,81.361,21610000,1
1530051240000,1530051299000,81.361,81.361,81.352,81.359,41590000,1
1530051300000,1530051359000,81.356,81.361,81.341,81.36,47950000,1
1530051360000,1530051419000,81.363,81.366,81.363,81.365,15250000,1
1530051420000,1530051479000,81.365,81.366,81.34,81.346,56290000,1
1530051480000,1530051539000,81.346,81.356,81.346,81.352,22480000,1
1530051540000,1530051599000,81.352,81.352,81.342,81.351,44830000,1
1530051600000,1530051659000,81.352,81.355,81.352,81.353,16230000,1
1530051660000,1530051719000,81.354,81.354,81.352,81.352,9500000,1
1530051720000,1530051779000,81.352,81.364,81.35,81.364,22890000,1
1530051780000,1530051839000,81.364,81.367,81.362,81.362,20500000,1
1530051840000,1530051899000,81.362,81.364,81.36,81.363,12640000,1
1530051900000,1530051959000,81.363,81.363,81.359,81.359,16730000,1
1530051960000,1530052019000,81.359,81.359,81.346,81.346,24360000,1
1530052020000,1530052079000,81.346,81.347,81.345,81.346,9570000,1
1530052080000,1530052139000,81.347,81.347,81.343,81.343,16000000,1
1530052140000,1530052199000,81.343,81.343,81.343,81.343,0,1
1530052200000,1530052259000,81.343,81.358,81.343,81.357,23480000,1
1530052260000,1530052319000,81.357,81.363,81.349,81.363,41500000,1
1530052320000,1530052379000,81.364,81.365,81.352,81.354,28190000,1
1530052380000,1530052439000,81.353,81.355,81.348,81.348,25760000,1
1530052440000,1530052499000,81.349,81.351,81.349,81.351,2000000,1
1530052500000,1530052559000,81.351,81.351,81.341,81.343,28500000,1
1530052560000,1530052619000,81.344,81.348,81.344,81.348,8000000,1
1530052620000,1530052679000,81.348,81.351,81.347,81.351,16000000,1
1530052680000,1530052739000,81.352,81.352,81.351,81.351,4000000,1
1530052740000,1530052799000,81.352,81.352,81.348,81.348,2200000,1
1530052800000,1530052859000,81.348,81.349,81.348,81.348,9120000,1
1530052860000,1530052919000,81.347,81.348,81.342,81.342,12490000,1
1530052920000,1530052979000,81.341,81.341,81.329,81.331,39420000,1
1530052980000,1530053039000,81.331,81.333,81.331,81.333,4500000,1
1530053040000,1530053099000,81.334,81.343,81.334,81.343,13000000,1
1530053100000,1530053159000,81.343,81.359,81.343,81.358,18250000,1
1530053160000,1530053219000,81.358,81.358,81.342,81.349,39020000,1
1530053220000,1530053279000,81.349,81.349,81.331,81.334,57730000,1
1530053280000,1530053339000,81.335,81.343,81.329,81.331,53290000,1
1530053340000,1530053399000,81.331,81.332,81.331,81.332,13050000,1
1530053400000,1530053459000,81.332,81.334,81.33,81.332,26450000,1
1530053460000,1530053519000,81.331,81.332,81.317,81.322,48820000,1
1530053520000,1530053579000,81.322,81.322,81.312,81.313,27810000,1
1530053580000,1530053639000,81.313,81.318,81.303,81.317,42180000,1
1530053640000,1530053699000,81.318,81.323,81.318,81.323,10250000,1
1530053700000,1530053759000,81.323,81.324,81.323,81.323,48750000,1
1530053760000,1530053819000,81.324,81.327,81.323,81.326,55380000,1
1530053820000,1530053879000,81.326,81.339,81.326,81.339,22870000,1
1530053880000,1530053939000,81.338,81.34,81.338,81.339,9000000,1
1530053940000,1530053999000,81.338,81.344,81.338,81.344,11190000,1
1530054000000,1530054059000,81.344,81.359,81.344,81.359,31920000,1
1530054060000,1530054119000,81.36,81.364,81.359,81.361,22870000,1
1530054120000,1530054179000,81.353,81.354,81.345,81.346,46180000,1
1530054180000,1530054239000,81.346,81.352,81.346,81.349,14180000,1
1530054240000,1530054299000,81.35,81.354,81.35,81.353,16060000,1
1530054300000,1530054359000,81.353,81.356,81.344,81.355,37300000,1
1530054360000,1530054419000,81.355,81.357,81.348,81.348,19690000,1
1530054420000,1530054479000,81.347,81.35,81.347,81.35,10980000,1
1530054480000,1530054539000,81.35,81.354,81.35,81.353,15000000,1
1530054540000,1530054599000,81.353,81.357,81.352,81.355,31690000,1
1530054600000,1530054659000,81.355,81.365,81.354,81.365,33260000,1
1530054660000,1530054719000,81.365,81.365,81.36,81.364,28290000,1
1530054720000,1530054779000,81.363,81.363,81.359,81.36,16230000,1
1530054780000,1530054839000,81.36,81.372,81.359,81.371,27340000,1
1530054840000,1530054899000,81.371,81.381,81.371,81.378,23370000,1
1530054900000,1530054959000,81.378,81.378,81.359,81.367,69390000,1
1530054960000,1530055019000,81.367,81.369,81.367,81.369,10060000,1
1530055020000,1530055079000,81.369,81.377,81.366,81.376,26250000,1
1530055080000,1530055139000,81.375,81.382,81.375,81.382,19000000,1
1530055140000,1530055199000,81.382,81.383,81.382,81.383,11600000,1
1530055200000,1530055259000,81.383,81.383,81.366,81.368,35380000,1
1530055260000,1530055319000,81.367,81.369,81.363,81.369,30860000,1
1530055320000,1530055379000,81.369,81.375,81.361,81.374,46720000,1
1530055380000,1530055439000,81.374,81.377,81.372,81.376,31800000,1
1530055440000,1530055499000,81.375,81.383,81.373,81.383,35840000,1
1530055500000,1530055559000,81.384,81.396,81.384,81.391,46570000,1
1530055560000,1530055619000,81.389,81.406,81.388,81.405,42690000,1
1530055620000,1530055679000,81.406,81.406,81.399,81.399,22440000,1
1530055680000,1530055739000,81.399,81.407,81.397,81.403,24800000,1
1530055740000,1530055799000,81.403,81.404,81.403,81.404,6370000,1
1530055800000,1530055859000,81.405,81.409,81.405,81.407,27370000,1
1530055860000,1530055919000,81.407,81.408,81.406,81.407,10380000,1
1530055920000,1530055979000,81.408,81.419,81.408,81.419,22370000,1
1530055980000,1530056039000,81.42,81.421,81.413,81.413,31640000,1
1530056040000,1530056099000,81.413,81.416,81.408,81.409,29660000,1
1530056100000,1530056159000,81.408,81.412,81.392,81.394,48070000,1
1530056160000,1530056219000,81.393,81.393,81.38,81.383,42090000,1
1530056220000,1530056279000,81.382,81.383,81.382,81.382,12050000,1
1530056280000,1530056339000,81.382,81.393,81.382,81.389,65570000,1
1530056340000,1530056399000,81.39,81.409,81.389,81.405,57120000,1
1530056400000,1530056459000,81.407,81.407,81.391,81.391,52180000,1
1530056460000,1530056519000,81.391,81.391,81.379,81.387,41410000,1
1530056520000,1530056579000,81.385,81.387,81.379,81.385,32440000,1
1530056580000,1530056639000,81.382,81.382,81.364,81.365,44420000,1
1530056640000,1530056699000,81.365,81.379,81.365,81.371,51130000,1
1530056700000,1530056759000,81.372,81.383,81.366,81.366,91270000,1
1530056760000,1530056819000,81.365,81.376,81.365,81.373,54660000,1
1530056820000,1530056879000,81.373,81.378,81.373,81.377,28160000,1
1530056880000,1530056939000,81.378,81.38,81.378,81.379,24980000,1
1530056940000,1530056999000,81.379,81.394,81.378,81.394,30390000,1
1530057000000,1530057059000,81.394,81.395,81.381,81.388,74010000,1
1530057060000,1530057119000,81.387,81.397,81.385,81.385,62560000,1
1530057120000,1530057179000,81.385,81.385,81.377,81.382,60630000,1
1530057180000,1530057239000,81.382,81.382,81.375,81.382,42720000,1
1530057240000,1530057299000,81.382,81.385,81.381,81.385,32360000,1
1530057300000,1530057359000,81.384,81.388,81.384,81.388,19320000,1
1530057360000,1530057419000,81.388,81.388,81.376,81.376,54800000,1
1530057420000,1530057479000,81.376,81.392,81.376,81.378,79350000,1
1530057480000,1530057539000,81.378,81.399,81.375,81.386,56310000,1
1530057540000,1530057599000,81.386,81.401,81.385,81.399,74240000,1
1530057600000,1530057659000,81.399,81.407,81.385,81.4,154720000,1
1530057660000,1530057719000,81.402,81.407,81.384,81.388,118960000,1
1530057720000,1530057779000,81.389,81.449,81.385,81.448,215390000,1
1530057780000,1530057839000,81.447,81.45,81.426,81.426,144550000,1
1530057840000,1530057899000,81.427,81.427,81.388,81.391,112970000,1
1530057900000,1530057959000,81.399,81.402,81.377,81.377,113400000,1
1530057960000,1530058019000,81.377,81.382,81.363,81.368,131880000,1
1530058020000,1530058079000,81.368,81.374,81.366,81.37,80200000,1
1530058080000,1530058139000,81.37,81.371,81.362,81.369,96700000,1
1530058140000,1530058199000,81.368,81.391,81.366,81.39,78580000,1
1530058200000,1530058259000,81.389,81.413,81.387,81.413,115670000,1
1530058260000,1530058319000,81.413,81.413,81.382,81.396,78510000,1
1530058320000,1530058379000,81.395,81.395,81.386,81.388,78680000,1
1530058380000,1530058439000,81.386,81.391,81.378,81.39,58970000,1
1530058440000,1530058499000,81.39,81.393,81.385,81.392,44530000,1
1530058500000,1530058559000,81.39,81.401,81.388,81.4,41910000,1
1530058560000,1530058619000,81.398,81.408,81.397,81.402,54970000,1
1530058620000,1530058679000,81.399,81.399,81.39,81.392,73810000,1
1530058680000,1530058739000,81.39,81.406,81.387,81.403,60920000,1
1530058740000,1530058799000,81.402,81.408,81.399,81.407,73420000,1
1530058800000,1530058859000,81.407,81.412,81.391,81.394,89100000,1
1530058860000,1530058919000,81.394,81.409,81.36,81.36,122150000,1
1530058920000,1530058979000,81.36,81.375,81.349,81.366,147840000,1
1530058980000,1530059039000,81.366,81.37,81.351,81.352,96260000,1
1530059040000,1530059099000,81.35,81.363,81.347,81.36,152010000,1
1530059100000,1530059159000,81.359,81.37,81.331,81.331,117150000,1
1530059160000,1530059219000,81.329,81.343,81.324,81.343,86040000,1
1530059220000,1530059279000,81.344,81.36,81.333,81.334,114680000,1
1530059280000,1530059339000,81.334,81.341,81.328,81.336,60860000,1
1530059340000,1530059399000,81.338,81.346,81.329,81.344,104500000,1
1530059400000,1530059459000,81.344,81.344,81.323,81.325,108880000,1
1530059460000,1530059519000,81.326,81.342,81.325,81.332,104720000,1
1530059520000,1530059579000,81.331,81.335,81.327,81.33,70830000,1
1530059580000,1530059639000,81.329,81.334,81.322,81.323,111210000,1
1530059640000,1530059699000,81.322,81.322,81.293,81.293,79050000,1
1530059700000,1530059759000,81.294,81.303,81.285,81.297,161670000,1
1530059760000,1530059819000,81.297,81.319,81.297,81.311,61350000,1
1530059820000,1530059879000,81.31,81.317,81.306,81.316,44500000,1
1530059880000,1530059939000,81.316,81.316,81.291,81.291,91500000,1
1530059940000,1530059999000,81.29,81.302,81.29,81.298,62930000,1
1530060000000,1530060059000,81.298,81.307,81.297,81.304,33970000,1
1530060060000,1530060119000,81.304,81.304,81.272,81.284,125410000,1
1530060120000,1530060179000,81.283,81.291,81.275,81.291,84980000,1
1530060180000,1530060239000,81.292,81.296,81.285,81.295,76550000,1
1530060240000,1530060299000,81.295,81.319,81.295,81.319,95750000,1
1530060300000,1530060359000,81.32,81.331,81.32,81.326,87080000,1
1530060360000,1530060419000,81.326,81.327,81.311,81.323,91160000,1
1530060420000,1530060479000,81.323,81.334,81.316,81.322,82690000,1
1530060480000,1530060539000,81.321,81.373,81.319,81.361,177290000,1
1530060540000,1530060599000,81.36,81.376,81.36,81.372,126140000,1
1530060600000,1530060659000,81.373,81.391,81.358,81.39,111410000,1
1530060660000,1530060719000,81.39,81.4,81.358,81.362,151530000,1
1530060720000,1530060779000,81.363,81.363,81.28,81.288,222010000,1
1530060780000,1530060839000,81.287,81.301,81.202,81.202,230850000,1
1530060840000,1530060899000,81.201,81.205,81.094,81.098,265720000,1
1530060900000,1530060959000,81.099,81.177,81.093,81.168,253790000,1
1530060960000,1530061019000,81.168,81.201,81.162,81.165,209320000,1
1530061020000,1530061079000,81.167,81.199,81.167,81.186,196000000,1
1530061080000,1530061139000,81.186,81.21,81.186,81.2,132370000,1
1530061140000,1530061199000,81.2,81.253,81.2,81.243,134690000,1
1530061200000,1530061259000,81.246,81.246,81.171,81.193,268990000,1
1530061260000,1530061319000,81.192,81.242,81.191,81.24,170260000,1
1530061320000,1530061379000,81.24,81.241,81.208,81.208,132880000,1
1530061380000,1530061439000,81.209,81.216,81.198,81.211,168800000,1
1530061440000,1530061499000,81.211,81.245,81.211,81.245,118490000,1
1530061500000,1530061559000,81.245,81.245,81.228,81.236,148870000,1
1530061560000,1530061619000,81.238,81.267,81.238,81.267,121340000,1
1530061620000,1530061679000,81.263,81.263,81.247,81.255,108960000,1
1530061680000,1530061739000,81.256,81.269,81.244,81.268,59690000,1
1530061740000,1530061799000,81.269,81.285,81.269,81.279,96880000,1
1530061800000,1530061859000,81.278,81.278,81.237,81.237,138680000,1
1530061860000,1530061919000,81.239,81.259,81.236,81.259,76320000,1
1530061920000,1530061979000,81.258,81.27,81.257,81.259,78540000,1
1530061980000,1530062039000,81.258,81.282,81.253,81.282,117830000,1
1530062040000,1530062099000,81.283,81.295,81.283,81.286,110440000,1
1530062100000,1530062159000,81.285,81.308,81.285,81.291,149540000,1
1530062160000,1530062219000,81.293,81.345,81.288,81.327,170360000,1
1530062220000,1530062279000,81.328,81.338,81.267,81.291,181900000,1
1530062280000,1530062339000,81.291,81.291,81.183,81.19,225100000,1
1530062340000,1530062399000,81.191,81.197,81.181,81.196,194150000,1
1530062400000,1530062459000,81.197,81.208,81.18,81.196,221760000,1
1530062460000,1530062519000,81.196,81.223,81.192,81.203,191220000,1
1530062520000,1530062579000,81.203,81.22,81.202,81.22,138550000,1
1530062580000,1530062639000,81.22,81.234,81.219,81.219,101170000,1
1530062640000,1530062699000,81.219,81.223,81.199,81.204,126600000,1
1530062700000,1530062759000,81.204,81.225,81.201,81.218,93560000,1
1530062760000,1530062819000,81.217,81.22,81.2,81.204,151630000,1
1530062820000,1530062879000,81.204,81.208,81.191,81.208,125760000,1
1530062880000,1530062939000,81.207,81.217,81.206,81.215,126890000,1
1530062940000,1530062999000,81.216,81.218,81.192,81.205,162540000,1
1530063000000,1530063059000,81.207,81.215,81.131,81.137,213580000,1
1530063060000,1530063119000,81.137,81.14,81.093,81.109,261380000,1
1530063120000,1530063179000,81.11,81.131,81.1,81.119,232580000,1
1530063180000,1530063239000,81.119,81.147,81.101,81.146,197060000,1
1530063240000,1530063299000,81.147,81.16,81.135,81.136,185490000,1
1530063300000,1530063359000,81.134,81.142,81.118,81.14,185660000,1
1530063360000,1530063419000,81.138,81.138,81.103,81.105,210440000,1
1530063420000,1530063479000,81.104,81.122,81.09,81.122,185160000,1
1530063480000,1530063539000,81.123,81.127,81.062,81.065,247950000,1
1530063540000,1530063599000,81.064,81.067,81.031,81.032,231670000,1
1530063600000,1530063659000,81.032,81.086,81.032,81.086,243160000,1
1530063660000,1530063719000,81.083,81.085,81.071,81.076,193240000,1
1530063720000,1530063779000,81.076,81.096,81.072,81.093,127570000,1
1530063780000,1530063839000,81.093,81.093,81.048,81.068,246490000,1
1530063840000,1530063899000,81.068,81.068,81.018,81.022,197990000,1
1530063900000,1530063959000,81.022,81.022,80.827,80.827,355630000,1
1530063960000,1530064019000,80.825,80.863,80.812,80.85,261540000,1
1530064020000,1530064079000,80.852,80.883,80.83,80.879,231240000,1
1530064080000,1530064139000,80.879,80.915,80.875,80.902,238230000,1
1530064140000,1530064199000,80.903,80.92,80.889,80.905,186980000,1
1530064200000,1530064259000,80.904,80.935,80.904,80.924,194730000,1
1530064260000,1530064319000,80.925,80.943,80.925,80.93,163680000,1
1530064320000,1530064379000,80.929,80.934,80.87,80.884,236950000,1
1530064380000,1530064439000,80.886,80.896,80.875,80.89,276840000,1
1530064440000,1530064499000,80.887,80.905,80.873,80.88,178090000,1
1530064500000,1530064559000,80.885,80.927,80.855,80.926,167880000,1
1530064560000,1530064619000,80.926,80.93,80.902,80.924,156170000,1
1530064620000,1530064679000,80.925,80.938,80.921,80.923,119080000,1
1530064680000,1530064739000,80.917,80.918,80.888,80.893,172370000,1
1530064740000,1530064799000,80.893,80.903,80.882,80.89,148950000,1
1530064800000,1530064859000,80.892,80.897,80.867,80.881,151260000,1
1530064860000,1530064919000,80.881,80.891,80.866,80.873,148060000,1
1530064920000,1530064979000,80.873,80.941,80.873,80.926,137320000,1
1530064980000,1530065039000,80.927,80.945,80.908,80.919,123970000,1
1530065040000,1530065099000,80.92,80.923,80.91,80.92,134720000,1
1530065100000,1530065159000,80.928,80.944,80.917,80.944,205390000,1
1530065160000,1530065219000,80.944,80.973,80.94,80.968,138610000,1
1530065220000,1530065279000,80.968,80.972,80.957,80.96,140310000,1
1530065280000,1530065339000,80.96,80.982,80.945,80.946,121810000,1
1530065340000,1530065399000,80.946,80.948,80.915,80.931,120830000,1
1530065400000,1530065459000,80.931,80.95,80.928,80.95,103120000,1
1530065460000,1530065519000,80.949,80.979,80.929,80.971,117830000,1
1530065520000,1530065579000,80.97,80.971,80.951,80.954,107090000,1
1530065580000,1530065639000,80.953,80.977,80.951,80.967,120530000,1
1530065640000,1530065699000,80.966,80.966,80.945,80.945,139730000,1
1530065700000,1530065759000,80.944,80.97,80.944,80.95,103670000,1
1530065760000,1530065819000,80.949,80.968,80.946,80.961,151710000,1
1530065820000,1530065879000,80.961,80.978,80.954,80.963,153220000,1
1530065880000,1530065939000,80.964,80.992,80.959,80.991,117210000,1
1530065940000,1530065999000,80.989,81.04,80.989,81.022,118040000,1
1530066000000,1530066059000,81.023,81.031,81.016,81.022,130610000,1
1530066060000,1530066119000,81.021,81.044,81.02,81.039,171780000,1
1530066120000,1530066179000,81.039,81.043,81.024,81.038,150690000,1
1530066180000,1530066239000,81.037,81.037,81.01,81.018,147540000,1
1530066240000,1530066299000,81.018,81.027,81.013,81.015,129670000,1
1530066300000,1530066359000,81.015,81.02,80.998,81.014,148240000,1
1530066360000,1530066419000,81.014,81.014,80.998,81.004,102970000,1
1530066420000,1530066479000,81.005,81.019,80.992,80.996,176680000,1
1530066480000,1530066539000,80.995,80.996,80.978,80.979,180980000,1
1530066540000,1530066599000,80.979,80.984,80.976,80.981,78780000,1
1530066600000,1530066659000,80.981,81.002,80.981,80.992,87130000,1
1530066660000,1530066719000,80.992,81.007,80.991,80.993,99640000,1
1530066720000,1530066779000,80.993,80.998,80.987,80.991,135310000,1
1530066780000,1530066839000,80.989,80.989,80.979,80.988,109290000,1
1530066840000,1530066899000,80.99,81.008,80.984,81.008,65180000,1
1530066900000,1530066959000,81.008,81.016,81.007,81.007,132480000,1
1530066960000,1530067019000,81.007,81.015,80.992,81.001,72610000,1
1530067020000,1530067079000,81.001,81.03,81.001,81.019,114310000,1
1530067080000,1530067139000,81.02,81.105,81.02,81.099,192040000,1
1530067140000,1530067199000,81.098,81.101,81.081,81.087,116120000,1
1530067200000,1530067259000,81.087,81.088,81.074,81.076,67420000,1
1530067260000,1530067319000,81.076,81.097,81.07,81.087,80610000,1
1530067320000,1530067379000,81.087,81.088,81.071,81.074,87760000,1
1530067380000,1530067439000,81.072,81.073,81.067,81.072,58980000,1
1530067440000,1530067499000,81.072,81.078,81.059,81.072,94200000,1
1530067500000,1530067559000,81.072,81.077,81.048,81.05,86110000,1
1530067560000,1530067619000,81.051,81.061,81.049,81.06,71940000,1
1530067620000,1530067679000,81.059,81.061,81.041,81.042,85510000,1
1530067680000,1530067739000,81.043,81.049,81.04,81.045,90610000,1
1530067740000,1530067799000,81.045,81.049,81.036,81.043,63730000,1
1530067800000,1530067859000,81.043,81.047,81.04,81.047,86880000,1
1530067860000,1530067919000,81.047,81.047,81.04,81.041,69140000,1
1530067920000,1530067979000,81.041,81.043,81.033,81.039,59040000,1
1530067980000,1530068039000,81.039,81.04,81.01,81.011,93880000,1
1530068040000,1530068099000,81.011,81.02,81.007,81.008,71520000,1
1530068100000,1530068159000,81.01,81.025,81.01,81.02,80240000,1
1530068160000,1530068219000,81.019,81.021,80.986,80.995,124370000,1
1530068220000,1530068279000,80.996,80.996,80.959,80.967,139880000,1
1530068280000,1530068339000,80.968,80.991,80.968,80.974,123310000,1
1530068340000,1530068399000,80.974,80.992,80.974,80.984,177890000,1
1530068400000,1530068459000,80.984,80.984,80.963,80.964,111690000,1
1530068460000,1530068519000,80.96,80.962,80.929,80.936,193660000,1
1530068520000,1530068579000,80.938,80.943,80.932,80.932,133720000,1
1530068580000,1530068639000,80.933,80.94,80.92,80.933,151620000,1
1530068640000,1530068699000,80.934,80.961,80.934,80.949,114390000,1
1530068700000,1530068759000,80.95,80.951,80.938,80.951,94240000,1
1530068760000,1530068819000,80.951,80.999,80.948,80.999,206280000,1
1530068820000,1530068879000,81.0,81.064,80.997,81.046,190840000,1
1530068880000,1530068939000,81.047,81.062,81.038,81.053,161680000,1
1530068940000,1530068999000,81.054,81.173,81.049,81.166,204600000,1
1530069000000,1530069059000,81.165,81.165,81.114,81.122,257580000,1
1530069060000,1530069119000,81.122,81.13,81.075,81.085,156690000,1
1530069120000,1530069179000,81.085,81.095,81.07,81.07,157230000,1
1530069180000,1530069239000,81.071,81.12,81.064,81.12,186840000,1
1530069240000,1530069299000,81.121,81.138,81.119,81.127,149760000,1
1530069300000,1530069359000,81.126,81.126,81.095,81.107,115500000,1
1530069360000,1530069419000,81.106,81.106,81.074,81.084,132550000,1
1530069420000,1530069479000,81.085,81.087,81.068,81.078,108750000,1
1530069480000,1530069539000,81.077,81.09,81.06,81.089,137490000,1
1530069540000,1530069599000,81.088,81.092,81.079,81.09,141920000,1
1530069600000,1530069659000,81.091,81.094,81.061,81.061,80890000,1
1530069660000,1530069719000,81.064,81.071,81.062,81.071,99330000,1
1530069720000,1530069779000,81.079,81.08,81.055,81.059,118590000,1
1530069780000,1530069839000,81.059,81.096,81.059,81.092,106850000,1
1530069840000,1530069899000,81.092,81.094,81.081,81.092,69400000,1
1530069900000,1530069959000,81.092,81.094,81.083,81.088,74000000,1
1530069960000,1530070019000,81.087,81.091,81.077,81.089,93990000,1
1530070020000,1530070079000,81.088,81.088,81.072,81.072,71240000,1
1530070080000,1530070139000,81.071,81.102,81.069,81.102,125980000,1
1530070140000,1530070199000,81.105,81.138,81.104,81.134,140930000,1
1530070200000,1530070259000,81.135,81.141,81.122,81.138,126630000,1
1530070260000,1530070319000,81.138,81.16,81.134,81.158,115250000,1
1530070320000,1530070379000,81.157,81.161,81.137,81.142,137180000,1
1530070380000,1530070439000,81.142,81.142,81.131,81.14,125050000,1
1530070440000,1530070499000,81.141,81.147,81.119,81.129,130750000,1
1530070500000,1530070559000,81.129,81.153,81.122,81.15,113520000,1
1530070560000,1530070619000,81.149,81.167,81.149,81.155,111310000,1
1530070620000,1530070679000,81.157,81.16,81.141,81.142,127530000,1
1530070680000,1530070739000,81.142,81.158,81.142,81.154,129750000,1
1530070740000,1530070799000,81.154,81.154,81.142,81.146,66670000,1
1530070800000,1530070859000,81.146,81.168,81.146,81.156,92930000,1
1530070860000,1530070919000,81.155,81.161,81.151,81.159,70250000,1
1530070920000,1530070979000,81.158,81.159,81.141,81.146,103500000,1
1530070980000,1530071039000,81.146,81.151,81.138,81.142,92200000,1
1530071040000,1530071099000,81.142,81.152,81.14,81.141,106470000,1
1530071100000,1530071159000,81.142,81.144,81.136,81.136,94810000,1
1530071160000,1530071219000,81.135,81.135,81.124,81.129,84930000,1
1530071220000,1530071279000,81.129,81.132,81.121,81.131,79580000,1
1530071280000,1530071339000,81.131,81.136,81.12,81.122,92010000,1
1530071340000,1530071399000,81.122,81.125,81.105,81.111,89510000,1
1530071400000,1530071459000,81.111,81.129,81.104,81.106,138690000,1
1530071460000,1530071519000,81.102,81.122,81.096,81.12,93760000,1
1530071520000,1530071579000,81.12,81.149,81.12,81.135,90310000,1
1530071580000,1530071639000,81.136,81.142,81.136,81.139,50720000,1
1530071640000,1530071699000,81.14,81.147,81.124,81.124,100580000,1
1530071700000,1530071759000,81.122,81.122,81.104,81.107,80270000,1
1530071760000,1530071819000,81.111,81.112,81.085,81.111,153190000,1
1530071820000,1530071879000,81.111,81.116,81.102,81.109,114530000,1
1530071880000,1530071939000,81.108,81.111,81.1,81.107,44630000,1
1530071940000,1530071999000,81.107,81.118,81.106,81.108,77740000,1
1530072000000,1530072059000,81.108,81.119,81.106,81.118,76800000,1
1530072060000,1530072119000,81.118,81.128,81.118,81.127,85580000,1
1530072120000,1530072179000,81.126,81.126,81.104,81.105,100540000,1
1530072180000,1530072239000,81.104,81.11,81.092,81.098,74710000,1
1530072240000,1530072299000,81.099,81.108,81.096,81.108,56410000,1
1530072300000,1530072359000,81.108,81.108,81.097,81.108,67160000,1
1530072360000,1530072419000,81.108,81.123,81.108,81.118,76630000,1
1530072420000,1530072479000,81.116,81.122,81.116,81.122,43170000,1
1530072480000,1530072539000,81.126,81.137,81.126,81.13,46450000,1
1530072540000,1530072599000,81.13,81.13,81.116,81.121,68310000,1
1530072600000,1530072659000,81.121,81.126,81.106,81.107,91810000,1
1530072660000,1530072719000,81.108,81.11,81.098,81.101,60340000,1
1530072720000,1530072779000,81.101,81.107,81.091,81.107,87260000,1
1530072780000,1530072839000,81.108,81.114,81.095,81.099,151460000,1
1530072840000,1530072899000,81.099,81.099,81.079,81.085,140520000,1
1530072900000,1530072959000,81.085,81.095,81.085,81.094,102980000,1
1530072960000,1530073019000,81.092,81.126,81.092,81.125,175170000,1
1530073020000,1530073079000,81.126,81.127,81.109,81.116,126100000,1
1530073080000,1530073139000,81.116,81.118,81.112,81.112,79220000,1
1530073140000,1530073199000,81.111,81.122,81.111,81.12,118560000,1
1530073200000,1530073259000,81.121,81.122,81.117,81.119,117240000,1
1530073260000,1530073319000,81.119,81.119,81.103,81.104,68700000,1
1530073320000,1530073379000,81.104,81.115,81.104,81.115,49730000,1
1530073380000,1530073439000,81.115,81.117,81.114,81.117,48390000,1
1530073440000,1530073499000,81.116,81.116,81.105,81.108,71090000,1
1530073500000,1530073559000,81.109,81.113,81.098,81.11,77400000,1
1530073560000,1530073619000,81.111,81.12,81.111,81.116,74330000,1
1530073620000,1530073679000,81.116,81.123,81.116,81.122,129790000,1
1530073680000,1530073739000,81.122,81.122,81.098,81.103,136780000,1
1530073740000,1530073799000,81.103,81.104,81.093,81.094,93930000,1
1530073800000,1530073859000,81.094,81.11,81.094,81.106,92430000,1
1530073860000,1530073919000,81.106,81.111,81.104,81.105,100800000,1
1530073920000,1530073979000,81.105,81.114,81.104,81.108,119840000,1
1530073980000,1530074039000,81.108,81.114,81.108,81.108,96770000,1
1530074040000,1530074099000,81.108,81.11,81.103,81.107,84240000,1
1530074100000,1530074159000,81.106,81.145,81.095,81.145,166350000,1
1530074160000,1530074219000,81.146,81.169,81.141,81.169,164090000,1
1530074220000,1530074279000,81.169,81.169,81.158,81.158,100540000,1
1530074280000,1530074339000,81.158,81.163,81.155,81.157,81440000,1
1530074340000,1530074399000,81.158,81.16,81.143,81.149,126050000,1
1530074400000,1530074459000,81.15,81.173,81.14,81.173,115590000,1
1530074460000,1530074519000,81.173,81.176,81.16,81.164,60200000,1
1530074520000,1530074579000,81.164,81.169,81.145,81.145,88750000,1
1530074580000,1530074639000,81.145,81.153,81.143,81.144,51780000,1
1530074640000,1530074699000,81.145,81.153,81.145,81.153,52790000,1
1530074700000,1530074759000,81.152,81.17,81.152,81.159,86650000,1
1530074760000,1530074819000,81.16,81.16,81.149,81.149,69250000,1
1530074820000,1530074879000,81.148,81.155,81.142,81.155,146040000,1
1530074880000,1530074939000,81.156,81.156,81.139,81.146,84850000,1
1530074940000,1530074999000,81.148,81.156,81.145,81.156,74770000,1
1530075000000,1530075059000,81.156,81.167,81.154,81.166,73420000,1
1530075060000,1530075119000,81.165,81.167,81.146,81.148,66830000,1
1530075120000,1530075179000,81.147,81.161,81.142,81.159,102310000,1
1530075180000,1530075239000,81.16,81.167,81.16,81.16,72230000,1
1530075240000,1530075299000,81.161,81.162,81.153,81.153,15000000,1
1530075300000,1530075359000,81.156,81.172,81.156,81.168,58580000,1
1530075360000,1530075419000,81.168,81.17,81.163,81.164,74270000,1
1530075420000,1530075479000,81.164,81.169,81.152,81.169,140750000,1
1530075480000,1530075539000,81.168,81.176,81.167,81.17,72450000,1
1530075540000,1530075599000,81.17,81.171,81.156,81.171,88720000,1
1530075600000,1530075659000,81.172,81.185,81.166,81.172,101200000,1
1530075660000,1530075719000,81.171,81.171,81.151,81.153,124490000,1
1530075720000,1530075779000,81.154,81.154,81.132,81.149,100330000,1
1530075780000,1530075839000,81.151,81.154,81.135,81.136,130190000,1
1530075840000,1530075899000,81.136,81.146,81.136,81.142,98900000,1
1530075900000,1530075959000,81.142,81.142,81.131,81.137,112230000,1
1530075960000,1530076019000,81.136,81.137,81.115,81.123,144150000,1
1530076020000,1530076079000,81.123,81.123,81.11,81.122,105930000,1
1530076080000,1530076139000,81.122,81.139,81.121,81.137,91710000,1
1530076140000,1530076199000,81.137,81.137,81.116,81.121,95730000,1
1530076200000,1530076259000,81.12,81.124,81.115,81.121,73600000,1
1530076260000,1530076319000,81.122,81.15,81.121,81.132,91610000,1
1530076320000,1530076379000,81.131,81.131,81.091,81.116,188640000,1
1530076380000,1530076439000,81.116,81.116,81.1,81.101,140050000,1
1530076440000,1530076499000,81.101,81.102,81.062,81.07,192170000,1
1530076500000,1530076559000,81.07,81.082,81.061,81.072,216990000,1
1530076560000,1530076619000,81.071,81.071,81.04,81.041,179430000,1
1530076620000,1530076679000,81.041,81.076,81.037,81.051,187390000,1
1530076680000,1530076739000,81.05,81.066,81.047,81.059,140670000,1
1530076740000,1530076799000,81.058,81.07,81.056,81.065,175050000,1
1530076800000,1530076859000,81.066,81.077,81.065,81.073,148580000,1
1530076860000,1530076919000,81.074,81.075,81.051,81.057,157580000,1
1530076920000,1530076979000,81.055,81.079,81.055,81.079,141670000,1
1530076980000,1530077039000,81.079,81.079,81.071,81.073,108230000,1
1530077040000,1530077099000,81.072,81.082,81.067,81.079,140280000,1
1530077100000,1530077159000,81.077,81.079,81.068,81.071,113350000,1
1530077160000,1530077219000,81.071,81.092,81.061,81.092,153870000,1
1530077220000,1530077279000,81.092,81.092,81.082,81.084,91950000,1
1530077280000,1530077339000,81.086,81.093,81.084,81.088,90090000,1
1530077340000,1530077399000,81.089,81.103,81.085,81.085,101930000,1
1530077400000,1530077459000,81.085,81.09,81.079,81.082,106530000,1
1530077460000,1530077519000,81.081,81.082,81.076,81.078,92450000,1
1530077520000,1530077579000,81.076,81.077,81.063,81.071,131870000,1
1530077580000,1530077639000,81.07,81.072,81.059,81.069,102860000,1
1530077640000,1530077699000,81.07,81.09,81.06,81.08,164410000,1
1530077700000,1530077759000,81.08,81.084,81.073,81.078,202710000,1
1530077760000,1530077819000,81.077,81.084,81.069,81.08,183970000,1
1530077820000,1530077879000,81.078,81.088,81.071,81.086,186350000,1
1530077880000,1530077939000,81.083,81.085,81.062,81.066,115430000,1
1530077940000,1530077999000,81.066,81.071,81.058,81.058,105480000,1
1530078000000,1530078059000,81.058,81.093,81.058,81.092,112320000,1
1530078060000,1530078119000,81.092,81.102,81.081,81.094,103260000,1
1530078120000,1530078179000,81.094,81.101,81.086,81.098,94080000,1
1530078180000,1530078239000,81.098,81.108,81.093,81.103,100480000,1
1530078240000,1530078299000,81.103,81.104,81.096,81.103,50650000,1
1530078300000,1530078359000,81.104,81.104,81.078,81.083,74650000,1
1530078360000,1530078419000,81.083,81.083,81.066,81.067,89800000,1
1530078420000,1530078479000,81.068,81.075,81.06,81.069,153390000,1
1530078480000,1530078539000,81.069,81.084,81.067,81.082,101600000,1
1530078540000,1530078599000,81.081,81.088,81.078,81.085,81170000,1
1530078600000,1530078659000,81.084,81.104,81.084,81.095,123760000,1
1530078660000,1530078719000,81.095,81.095,81.08,81.086,123580000,1
1530078720000,1530078779000,81.087,81.116,81.087,81.109,155380000,1
1530078780000,1530078839000,81.109,81.117,81.107,81.112,61780000,1
1530078840000,1530078899000,81.112,81.12,81.105,81.11,102870000,1
1530078900000,1530078959000,81.11,81.12,81.108,81.12,79030000,1
1530078960000,1530079019000,81.12,81.121,81.115,81.117,92570000,1
1530079020000,1530079079000,81.117,81.125,81.106,81.109,120200000,1
1530079080000,1530079139000,81.109,81.109,81.091,81.092,121050000,1
1530079140000,1530079199000,81.092,81.097,81.059,81.06,106970000,1
1530079200000,1530079259000,81.061,81.072,81.052,81.054,97850000,1
1530079260000,1530079319000,81.052,81.052,81.033,81.033,131490000,1
1530079320000,1530079379000,81.032,81.04,81.02,81.04,139940000,1
1530079380000,1530079439000,81.04,81.046,81.038,81.045,91510000,1
1530079440000,1530079499000,81.045,81.059,81.031,81.04,155710000,1
1530079500000,1530079559000,81.041,81.045,81.033,81.041,157780000,1
1530079560000,1530079619000,81.04,81.059,81.039,81.058,110820000,1
1530079620000,1530079679000,81.058,81.058,81.046,81.05,128540000,1
1530079680000,1530079739000,81.05,81.064,81.05,81.06,88280000,1
1530079740000,1530079799000,81.059,81.059,81.043,81.049,142570000,1
1530079800000,1530079859000,81.048,81.063,81.041,81.063,124210000,1
1530079860000,1530079919000,81.063,81.074,81.062,81.062,105960000,1
1530079920000,1530079979000,81.062,81.077,81.053,81.072,115240000,1
1530079980000,1530080039000,81.073,81.073,81.049,81.05,115190000,1
1530080040000,1530080099000,81.049,81.079,81.049,81.079,126620000,1
1530080100000,1530080159000,81.08,81.109,81.076,81.098,138520000,1
1530080160000,1530080219000,81.096,81.099,81.087,81.09,129600000,1
1530080220000,1530080279000,81.087,81.103,81.076,81.103,123520000,1
1530080280000,1530080339000,81.102,81.105,81.066,81.073,160160000,1
1530080340000,1530080399000,81.073,81.079,81.05,81.05,133090000,1
1530080400000,1530080459000,81.05,81.055,81.036,81.053,162630000,1
1530080460000,1530080519000,81.053,81.059,81.042,81.044,81550000,1
1530080520000,1530080579000,81.047,81.056,81.042,81.056,150820000,1
1530080580000,1530080639000,81.057,81.063,81.043,81.045,120660000,1
1530080640000,1530080699000,81.045,81.084,81.045,81.078,145850000,1
1530080700000,1530080759000,81.077,81.087,81.075,81.085,109660000,1
1530080760000,1530080819000,81.084,81.09,81.076,81.087,121390000,1
1530080820000,1530080879000,81.086,81.086,81.062,81.065,95630000,1
1530080880000,1530080939000,81.065,81.093,81.065,81.09,121290000,1
1530080940000,1530080999000,81.091,81.098,81.084,81.098,101670000,1
1530081000000,1530081059000,81.1,81.1,81.079,81.079,155810000,1
1530081060000,1530081119000,81.078,81.078,81.036,81.043,191690000,1
1530081120000,1530081179000,81.043,81.048,81.029,81.029,169480000,1
1530081180000,1530081239000,81.029,81.034,81.018,81.027,104750000,1
1530081240000,1530081299000,81.027,81.035,81.024,81.027,123730000,1
1530081300000,1530081359000,81.029,81.053,81.027,81.036,148700000,1
1530081360000,1530081419000,81.036,81.054,81.036,81.046,172520000,1
1530081420000,1530081479000,81.046,81.053,81.018,81.027,150320000,1
1530081480000,1530081539000,81.026,81.035,81.026,81.028,119270000,1
1530081540000,1530081599000,81.028,81.03,81.01,81.011,160530000,1
1530081600000,1530081659000,81.01,81.011,80.991,80.997,190100000,1
1530081660000,1530081719000,80.997,81.015,80.99,81.009,154010000,1
1530081720000,1530081779000,81.01,81.021,81.01,81.014,169130000,1
1530081780000,1530081839000,81.014,81.014,80.998,81.0,107310000,1
1530081840000,1530081899000,81.002,81.016,80.999,80.999,121390000,1
1530081900000,1530081959000,80.998,81.004,80.975,80.978,133390000,1
1530081960000,1530082019000,80.977,80.991,80.973,80.991,185330000,1
1530082020000,1530082079000,80.991,81.004,80.984,80.986,197580000,1
1530082080000,1530082139000,80.985,80.994,80.978,80.99,142530000,1
1530082140000,1530082199000,80.99,80.996,80.981,80.988,179500000,1
1530082200000,1530082259000,80.988,81.015,80.987,81.011,155520000,1
1530082260000,1530082319000,81.011,81.057,81.01,81.057,94540000,1
1530082320000,1530082379000,81.058,81.058,81.035,81.036,141580000,1
1530082380000,1530082439000,81.036,81.048,81.031,81.039,140500000,1
1530082440000,1530082499000,81.038,81.052,81.038,81.05,116520000,1
1530082500000,1530082559000,81.05,81.075,81.05,81.075,113190000,1
1530082560000,1530082619000,81.075,81.087,81.072,81.075,157800000,1
1530082620000,1530082679000,81.076,81.106,81.076,81.106,184840000,1
1530082680000,1530082739000,81.105,81.105,81.091,81.094,143310000,1
1530082740000,1530082799000,81.095,81.103,81.08,81.103,127270000,1
1530082800000,1530082859000,81.105,81.107,81.055,81.061,246140000,1
1530082860000,1530082919000,81.056,81.072,81.045,81.069,227150000,1
1530082920000,1530082979000,81.068,81.09,81.066,81.075,209740000,1
1530082980000,1530083039000,81.074,81.075,81.036,81.067,238730000,1
1530083040000,1530083099000,81.068,81.071,81.046,81.07,175680000,1
1530083100000,1530083159000,81.068,81.079,81.059,81.066,133410000,1
1530083160000,1530083219000,81.066,81.072,81.023,81.04,254940000,1
1530083220000,1530083279000,81.04,81.05,81.025,81.03,179660000,1
1530083280000,1530083339000,81.029,81.039,81.017,81.03,174450000,1
1530083340000,1530083399000,81.033,81.034,80.988,80.996,205250000,1
1530083400000,1530083459000,80.996,81.028,80.994,81.008,232380000,1
1530083460000,1530083519000,81.008,81.021,81.008,81.015,179940000,1
1530083520000,1530083579000,81.016,81.041,81.006,81.041,157440000,1
1530083580000,1530083639000,81.042,81.055,81.026,81.036,206210000,1
1530083640000,1530083699000,81.036,81.037,81.012,81.018,216110000,1
1530083700000,1530083759000,81.018,81.021,81.005,81.015,175660000,1
1530083760000,1530083819000,81.015,81.045,81.013,81.044,194940000,1
1530083820000,1530083879000,81.043,81.095,81.041,81.094,187020000,1
1530083880000,1530083939000,81.095,81.095,81.075,81.08,97040000,1
1530083940000,1530083999000,81.081,81.083,81.06,81.061,80230000,1
1530084000000,1530084059000,81.061,81.082,81.058,81.069,114970000,1
1530084060000,1530084119000,81.07,81.073,81.052,81.055,117340000,1
1530084120000,1530084179000,81.058,81.092,81.058,81.086,176060000,1
1530084180000,1530084239000,81.088,81.094,81.074,81.086,162780000,1
1530084240000,1530084299000,81.088,81.102,81.078,81.094,126880000,1
1530084300000,1530084359000,81.096,81.121,81.091,81.103,159640000,1
1530084360000,1530084419000,81.105,81.109,81.093,81.109,179830000,1
1530084420000,1530084479000,81.11,81.121,81.1,81.116,150830000,1
1530084480000,1530084539000,81.116,81.118,81.077,81.098,204540000,1
1530084540000,1530084599000,81.098,81.108,81.084,81.102,134380000,1
1530084600000,1530084659000,81.102,81.103,81.082,81.091,135520000,1
1530084660000,1530084719000,81.091,81.1,81.091,81.1,123160000,1
1530084720000,1530084779000,81.099,81.112,81.099,81.105,88320000,1
1530084780000,1530084839000,81.104,81.122,81.103,81.12,110760000,1
1530084840000,1530084899000,81.118,81.13,81.098,81.106,183500000,1
1530084900000,1530084959000,81.106,81.109,81.066,81.07,188640000,1
1530084960000,1530085019000,81.07,81.083,81.068,81.083,170060000,1
1530085020000,1530085079000,81.083,81.083,81.065,81.074,156450000,1
1530085080000,1530085139000,81.073,81.075,81.058,81.069,206550000,1
1530085140000,1530085199000,81.07,81.071,81.056,81.066,175010000,1
1530085200000,1530085259000,81.066,81.07,81.055,81.055,168670000,1
1530085260000,1530085319000,81.056,81.071,81.053,81.06,165540000,1
1530085320000,1530085379000,81.06,81.06,81.017,81.022,238050000,1
1530085380000,1530085439000,81.022,81.032,81.015,81.03,189170000,1
1530085440000,1530085499000,81.029,81.036,81.008,81.014,166250000,1
1530085500000,1530085559000,81.013,81.022,80.978,80.979,243800000,1
1530085560000,1530085619000,80.979,80.994,80.978,80.99,232890000,1
1530085620000,1530085679000,80.991,80.991,80.966,80.966,149990000,1
1530085680000,1530085739000,80.966,80.969,80.957,80.957,190620000,1
1530085740000,1530085799000,80.956,80.984,80.945,80.976,218670000,1
1530085800000,1530085859000,80.979,80.979,80.964,80.972,184170000,1
1530085860000,1530085919000,80.972,80.972,80.932,80.94,180560000,1
1530085920000,1530085979000,80.938,80.959,80.934,80.958,117150000,1
1530085980000,1530086039000,80.958,80.995,80.958,80.99,197470000,1
1530086040000,1530086099000,80.99,80.992,80.938,80.938,200480000,1
1530086100000,1530086159000,80.938,80.948,80.926,80.934,269900000,1
1530086160000,1530086219000,80.934,80.935,80.913,80.92,212380000,1
1530086220000,1530086279000,80.922,80.953,80.922,80.946,156370000,1
1530086280000,1530086339000,80.946,80.957,80.943,80.943,161990000,1
1530086340000,1530086399000,80.943,80.972,80.937,80.964,158650000,1
1530086400000,1530086459000,80.964,80.978,80.963,80.978,160380000,1
1530086460000,1530086519000,80.984,80.988,80.968,80.972,165250000,1
1530086520000,1530086579000,80.971,81.0,80.971,80.996,156120000,1
1530086580000,1530086639000,80.997,80.997,80.958,80.958,214210000,1
1530086640000,1530086699000,80.958,80.973,80.957,80.97,174400000,1
1530086700000,1530086759000,80.974,80.977,80.95,80.965,187240000,1
1530086760000,1530086819000,80.965,80.968,80.954,80.959,213800000,1
1530086820000,1530086879000,80.958,80.971,80.951,80.967,235210000,1
1530086880000,1530086939000,80.967,80.982,80.958,80.96,152530000,1
1530086940000,1530086999000,80.96,80.96,80.93,80.947,222690000,1
1530087000000,1530087059000,80.948,80.954,80.918,80.927,225740000,1
1530087060000,1530087119000,80.927,80.949,80.925,80.943,190540000,1
1530087120000,1530087179000,80.943,80.953,80.932,80.936,195020000,1
1530087180000,1530087239000,80.936,80.97,80.936,80.956,205500000,1
1530087240000,1530087299000,80.956,80.964,80.931,80.935,197360000,1
1530087300000,1530087359000,80.935,80.938,80.922,80.931,180240000,1
1530087360000,1530087419000,80.931,80.994,80.931,80.965,224070000,1
1530087420000,1530087479000,80.967,80.991,80.967,80.988,146420000,1
1530087480000,1530087539000,80.987,80.99,80.967,80.981,187290000,1
1530087540000,1530087599000,80.981,80.981,80.958,80.975,170630000,1
1530087600000,1530087659000,80.976,80.981,80.971,80.981,80370000,1
1530087660000,1530087719000,80.982,80.982,80.938,80.943,169710000,1
1530087720000,1530087779000,80.943,80.958,80.941,80.957,134460000,1
1530087780000,1530087839000,80.959,80.963,80.955,80.96,108400000,1
1530087840000,1530087899000,80.96,80.968,80.954,80.965,144950000,1
1530087900000,1530087959000,80.967,80.996,80.967,80.986,164110000,1
1530087960000,1530088019000,80.989,80.99,80.974,80.974,225550000,1
1530088020000,1530088079000,80.974,80.984,80.972,80.981,195710000,1
1530088080000,1530088139000,80.981,80.986,80.929,80.933,241850000,1
1530088140000,1530088199000,80.933,80.953,80.912,80.929,236280000,1
1530088200000,1530088259000,80.925,80.928,80.899,80.911,234550000,1
1530088260000,1530088319000,80.911,80.911,80.878,80.878,234240000,1
1530088320000,1530088379000,80.877,80.896,80.872,80.896,244490000,1
1530088380000,1530088439000,80.896,80.903,80.883,80.898,229090000,1
1530088440000,1530088499000,80.898,80.906,80.868,80.871,233080000,1
1530088500000,1530088559000,80.871,80.878,80.857,80.875,205300000,1
1530088560000,1530088619000,80.876,80.912,80.874,80.912,203800000,1
1530088620000,1530088679000,80.911,80.911,80.892,80.902,178830000,1
1530088680000,1530088739000,80.903,80.921,80.903,80.91,229150000,1
1530088740000,1530088799000,80.91,80.922,80.909,80.914,235190000,1
1530088800000,1530088859000,80.913,80.914,80.896,80.896,192720000,1
1530088860000,1530088919000,80.893,80.902,80.874,80.883,183970000,1
1530088920000,1530088979000,80.883,80.9,80.883,80.893,131650000,1
1530088980000,1530089039000,80.892,80.915,80.889,80.91,194100000,1
1530089040000,1530089099000,80.912,80.957,80.903,80.951,217130000,1
1530089100000,1530089159000,80.951,80.951,80.924,80.931,185050000,1
1530089160000,1530089219000,80.931,80.931,80.884,80.884,236030000,1
1530089220000,1530089279000,80.884,80.887,80.872,80.879,232820000,1
1530089280000,1530089339000,80.881,80.889,80.87,80.874,156920000,1
1530089340000,1530089399000,80.875,80.875,80.854,80.873,179870000,1
1530089400000,1530089459000,80.873,80.877,80.853,80.877,137700000,1
1530089460000,1530089519000,80.878,80.889,80.872,80.883,107960000,1
1530089520000,1530089579000,80.883,80.883,80.858,80.869,134060000,1
1530089580000,1530089639000,80.868,80.882,80.867,80.868,98050000,1
1530089640000,1530089699000,80.868,80.873,80.862,80.87,91500000,1
1530089700000,1530089759000,80.87,80.888,80.87,80.883,113840000,1
1530089760000,1530089819000,80.883,80.913,80.883,80.911,172340000,1
1530089820000,1530089879000,80.911,80.916,80.904,80.908,136210000,1
1530089880000,1530089939000,80.908,80.917,80.906,80.913,70390000,1
1530089940000,1530089999000,80.913,80.914,80.878,80.882,227650000,1
1530090000000,1530090059000,80.883,80.885,80.868,80.876,101930000,1
1530090060000,1530090119000,80.877,80.885,80.857,80.857,94840000,1
1530090120000,1530090179000,80.86,80.881,80.86,80.875,183640000,1
1530090180000,1530090239000,80.874,80.902,80.873,80.902,173200000,1
1530090240000,1530090299000,80.902,80.917,80.901,80.915,104670000,1
1530090300000,1530090359000,80.916,80.916,80.909,80.913,137460000,1
1530090360000,1530090419000,80.913,80.915,80.897,80.911,133670000,1
1530090420000,1530090479000,80.91,80.949,80.91,80.937,105710000,1
1530090480000,1530090539000,80.937,80.951,80.933,80.95,174050000,1
1530090540000,1530090599000,80.95,80.978,80.948,80.978,193790000,1
1530090600000,1530090659000,80.977,80.982,80.959,80.971,196850000,1
1530090660000,1530090719000,80.97,80.978,80.958,80.96,197010000,1
1530090720000,1530090779000,80.961,80.992,80.959,80.992,117290000,1
1530090780000,1530090839000,80.993,81.019,80.993,81.018,163840000,1
1530090840000,1530090899000,81.018,81.02,80.995,80.999,138410000,1
1530090900000,1530090959000,80.995,81.006,80.988,81.002,103080000,1
1530090960000,1530091019000,81.002,81.003,80.972,80.972,125220000,1
1530091020000,1530091079000,80.971,80.998,80.971,80.992,150330000,1
1530091080000,1530091139000,80.994,81.007,80.992,80.997,123790000,1
1530091140000,1530091199000,80.997,81.013,80.992,81.003,141120000,1
1530091200000,1530091259000,81.003,81.014,81.001,81.014,113430000,1
1530091260000,1530091319000,81.014,81.016,81.0,81.012,131050000,1
1530091320000,1530091379000,81.012,81.016,81.003,81.011,64440000,1
1530091380000,1530091439000,81.011,81.031,81.01,81.022,96930000,1
1530091440000,1530091499000,81.023,81.028,81.004,81.026,153640000,1
1530091500000,1530091559000,81.027,81.041,81.026,81.029,161100000,1
1530091560000,1530091619000,81.028,81.031,81.021,81.029,101140000,1
1530091620000,1530091679000,81.028,81.03,81.018,81.021,128610000,1
1530091680000,1530091739000,81.022,81.063,81.022,81.053,158920000,1
1530091740000,1530091799000,81.051,81.072,81.051,81.068,161840000,1
1530091800000,1530091859000,81.067,81.095,81.06,81.085,207310000,1
1530091860000,1530091919000,81.084,81.096,81.067,81.078,165010000,1
1530091920000,1530091979000,81.079,81.079,81.055,81.061,132310000,1
1530091980000,1530092039000,81.061,81.061,81.042,81.042,110590000,1
1530092040000,1530092099000,81.042,81.051,81.039,81.041,84270000,1
1530092100000,1530092159000,81.04,81.067,81.033,81.061,135350000,1
1530092160000,1530092219000,81.062,81.066,81.053,81.054,82380000,1
1530092220000,1530092279000,81.055,81.056,81.045,81.05,124910000,1
1530092280000,1530092339000,81.049,81.052,81.036,81.042,90010000,1
1530092340000,1530092399000,81.041,81.047,81.031,81.047,107740000,1
1530092400000,1530092459000,81.049,81.058,81.041,81.05,133630000,1
1530092460000,1530092519000,81.05,81.055,81.043,81.048,107390000,1
1530092520000,1530092579000,81.049,81.049,81.042,81.044,76290000,1
1530092580000,1530092639000,81.044,81.059,81.044,81.054,82400000,1
1530092640000,1530092699000,81.054,81.061,81.054,81.056,80940000,1
1530092700000,1530092759000,81.056,81.066,81.056,81.065,99210000,1
1530092760000,1530092819000,81.064,81.075,81.056,81.072,132950000,1
1530092820000,1530092879000,81.073,81.077,81.066,81.077,78720000,1
1530092880000,1530092939000,81.077,81.081,81.059,81.062,107100000,1
1530092940000,1530092999000,81.063,81.065,81.057,81.063,62620000,1
1530093000000,1530093059000,81.063,81.082,81.063,81.071,99450000,1
1530093060000,1530093119000,81.071,81.074,81.058,81.066,115860000,1
1530093120000,1530093179000,81.065,81.102,81.065,81.084,144730000,1
1530093180000,1530093239000,81.084,81.109,81.084,81.098,136850000,1
1530093240000,1530093299000,81.099,81.099,81.086,81.087,118490000,1
1530093300000,1530093359000,81.087,81.104,81.083,81.093,138410000,1
1530093360000,1530093419000,81.093,81.117,81.091,81.116,129290000,1
1530093420000,1530093479000,81.116,81.121,81.113,81.119,73400000,1
1530093480000,1530093539000,81.12,81.129,81.116,81.126,96860000,1
1530093540000,1530093599000,81.125,81.137,81.123,81.131,132980000,1
1530093600000,1530093659000,81.132,81.158,81.132,81.145,127660000,1
1530093660000,1530093719000,81.145,81.145,81.133,81.134,47820000,1
1530093720000,1530093779000,81.133,81.153,81.129,81.129,153400000,1
1530093780000,1530093839000,81.129,81.136,81.123,81.131,168860000,1
1530093840000,1530093899000,81.131,81.131,81.114,81.114,100660000,1
1530093900000,1530093959000,81.117,81.121,81.1,81.11,135900000,1
1530093960000,1530094019000,81.111,81.112,81.094,81.095,76760000,1
1530094020000,1530094079000,81.094,81.099,81.089,81.092,106110000,1
1530094080000,1530094139000,81.091,81.1,81.089,81.097,159850000,1
1530094140000,1530094199000,81.099,81.102,81.084,81.086,130170000,1
1530094200000,1530094259000,81.086,81.109,81.084,81.108,179760000,1
1530094260000,1530094319000,81.108,81.118,81.092,81.102,110060000,1
1530094320000,1530094379000,81.103,81.115,81.097,81.101,110060000,1
1530094380000,1530094439000,81.102,81.114,81.101,81.104,112790000,1
1530094440000,1530094499000,81.103,81.156,81.103,81.149,168410000,1
1530094500000,1530094559000,81.149,81.176,81.145,81.17,154540000,1
1530094560000,1530094619000,81.167,81.174,81.154,81.172,182340000,1
1530094620000,1530094679000,81.17,81.181,81.159,81.159,169740000,1
1530094680000,1530094739000,81.16,81.165,81.15,81.157,106760000,1
1530094740000,1530094799000,81.158,81.169,81.156,81.161,151170000,1
1530094800000,1530094859000,81.16,81.16,81.142,81.144,86610000,1
1530094860000,1530094919000,81.143,81.192,81.143,81.177,162890000,1
1530094920000,1530094979000,81.177,81.182,81.161,81.17,78780000,1
1530094980000,1530095039000,81.171,81.189,81.169,81.183,148650000,1
1530095040000,1530095099000,81.183,81.188,81.175,81.183,135750000,1
1530095100000,1530095159000,81.183,81.207,81.183,81.2,116900000,1
1530095160000,1530095219000,81.2,81.201,81.19,81.199,145200000,1
1530095220000,1530095279000,81.199,81.203,81.182,81.203,101130000,1
1530095280000,1530095339000,81.202,81.202,81.188,81.191,85460000,1
1530095340000,1530095399000,81.191,81.192,81.175,81.18,115800000,1
1530095400000,1530095459000,81.18,81.18,81.15,81.15,107860000,1
1530095460000,1530095519000,81.15,81.153,81.149,81.15,94690000,1
1530095520000,1530095579000,81.15,81.153,81.148,81.153,75710000,1
1530095580000,1530095639000,81.15,81.151,81.142,81.145,82580000,1
1530095640000,1530095699000,81.143,81.143,81.125,81.139,133240000,1
1530095700000,1530095759000,81.139,81.156,81.136,81.154,155370000,1
1530095760000,1530095819000,81.154,81.155,81.141,81.144,119660000,1
1530095820000,1530095879000,81.144,81.146,81.133,81.133,144820000,1
1530095880000,1530095939000,81.133,81.133,81.121,81.128,123510000,1
1530095940000,1530095999000,81.126,81.129,81.107,81.125,164980000,1
1530096000000,1530096059000,81.125,81.159,81.121,81.121,150280000,1
1530096060000,1530096119000,81.121,81.126,81.117,81.121,123550000,1
1530096120000,1530096179000,81.122,81.125,81.117,81.12,96130000,1
1530096180000,1530096239000,81.121,81.131,81.113,81.117,122140000,1
1530096240000,1530096299000,81.117,81.118,81.114,81.118,72140000,1
1530096300000,1530096359000,81.118,81.131,81.118,81.12,116110000,1
1530096360000,1530096419000,81.12,81.12,81.102,81.106,63340000,1
1530096420000,1530096479000,81.108,81.116,81.104,81.108,111620000,1
1530096480000,1530096539000,81.109,81.11,81.1,81.108,103470000,1
1530096540000,1530096599000,81.107,81.107,81.09,81.096,133760000,1
1530096600000,1530096659000,81.097,81.109,81.097,81.101,106860000,1
1530096660000,1530096719000,81.1,81.117,81.093,81.117,150970000,1
1530096720000,1530096779000,81.117,81.124,81.102,81.102,155130000,1
1530096780000,1530096839000,81.102,81.118,81.101,81.118,81480000,1
1530096840000,1530096899000,81.117,81.129,81.117,81.123,114760000,1
1530096900000,1530096959000,81.124,81.126,81.106,81.11,79740000,1
1530096960000,1530097019000,81.11,81.133,81.109,81.121,113740000,1
1530097020000,1530097079000,81.12,81.12,81.107,81.107,77390000,1
1530097080000,1530097139000,81.107,81.109,81.101,81.101,52780000,1
1530097140000,1530097199000,81.101,81.124,81.079,81.112,183140000,1
1530097200000,1530097259000,81.112,81.124,81.11,81.118,114150000,1
1530097260000,1530097319000,81.117,81.119,81.105,81.114,125170000,1
1530097320000,1530097379000,81.114,81.124,81.108,81.119,155270000,1
1530097380000,1530097439000,81.117,81.122,81.106,81.119,129130000,1
1530097440000,1530097499000,81.119,81.121,81.111,81.115,123980000,1
1530097500000,1530097559000,81.115,81.121,81.11,81.118,77300000,1
1530097560000,1530097619000,81.118,81.118,81.097,81.099,85530000,1
1530097620000,1530097679000,81.098,81.106,81.089,81.097,143010000,1
1530097680000,1530097739000,81.097,81.097,81.083,81.085,160890000,1
1530097740000,1530097799000,81.085,81.094,81.078,81.078,120680000,1
1530097800000,1530097859000,81.078,81.08,81.069,81.072,124050000,1
1530097860000,1530097919000,81.073,81.076,81.067,81.068,183370000,1
1530097920000,1530097979000,81.068,81.068,81.046,81.049,162930000,1
1530097980000,1530098039000,81.049,81.063,81.043,81.061,115680000,1
1530098040000,1530098099000,81.061,81.07,81.06,81.06,104440000,1
1530098100000,1530098159000,81.06,81.064,81.036,81.039,178500000,1
1530098160000,1530098219000,81.039,81.045,81.015,81.031,155330000,1
1530098220000,1530098279000,81.031,81.051,81.022,81.043,189580000,1
1530098280000,1530098339000,81.043,81.059,81.042,81.047,170400000,1
1530098340000,1530098399000,81.047,81.056,81.007,81.007,212130000,1
1530098400000,1530098459000,81.009,81.029,81.005,81.022,193100000,1
1530098460000,1530098519000,81.022,81.035,81.022,81.028,184630000,1
1530098520000,1530098579000,81.028,81.032,81.013,81.014,139410000,1
1530098580000,1530098639000,81.014,81.018,81.004,81.011,174130000,1
1530098640000,1530098699000,81.012,81.029,81.012,81.012,113710000,1
1530098700000,1530098759000,81.012,81.02,81.008,81.02,133810000,1
1530098760000,1530098819000,81.021,81.024,81.018,81.018,81600000,1
1530098820000,1530098879000,81.019,81.019,81.002,81.006,90570000,1
1530098880000,1530098939000,81.007,81.014,80.998,81.011,140920000,1
1530098940000,1530098999000,81.007,81.026,81.004,81.018,106900000,1
1530099000000,1530099059000,81.021,81.029,81.019,81.026,110740000,1
1530099060000,1530099119000,81.025,81.025,81.02,81.025,70470000,1
1530099120000,1530099179000,81.025,81.028,81.019,81.022,77550000,1
1530099180000,1530099239000,81.024,81.035,81.023,81.026,89130000,1
1530099240000,1530099299000,81.026,81.032,81.011,81.022,132430000,1
1530099300000,1530099359000,81.023,81.036,81.023,81.026,102660000,1
1530099360000,1530099419000,81.026,81.035,81.004,81.007,148640000,1
1530099420000,1530099479000,81.007,81.016,80.992,80.992,95510000,1
1530099480000,1530099539000,80.992,81.007,80.992,81.005,80870000,1
1530099540000,1530099599000,81.005,81.024,81.003,81.02,99320000,1
1530099600000,1530099659000,81.02,81.022,81.007,81.015,122840000,1
1530099660000,1530099719000,81.017,81.017,80.993,80.995,107180000,1
1530099720000,1530099779000,80.994,80.997,80.983,80.986,168530000,1
1530099780000,1530099839000,80.986,81.0,80.975,80.992,127750000,1
1530099840000,1530099899000,80.992,81.008,80.988,80.995,162290000,1
1530099900000,1530099959000,80.995,81.499,80.987,81.484,613760000,1
1530099960000,1530100019000,81.48,81.524,81.352,81.388,867540000,1
1530100020000,1530100079000,81.392,81.407,81.298,81.304,298700000,1
1530100080000,1530100139000,81.303,81.485,81.296,81.484,291200000,1
1530100140000,1530100199000,81.484,81.497,81.465,81.486,245990000,1
1530100200000,1530100259000,81.486,81.562,81.486,81.541,243350000,1
1530100260000,1530100319000,81.541,81.639,81.534,81.62,250850000,1
1530100320000,1530100379000,81.616,81.632,81.497,81.515,3817970000,1
1530100380000,1530100439000,81.516,81.528,81.489,81.528,8155160000,1
1530100440000,1530100499000,81.528,81.544,81.493,81.493,239930000,1
1530100500000,1530100559000,81.491,81.518,81.481,81.511,216850000,1
1530100560000,1530100619000,81.52,81.565,81.5,81.565,235320000,1
1530100620000,1530100679000,81.563,81.587,81.552,81.582,191860000,1
1530100680000,1530100739000,81.582,81.633,81.565,81.566,220630000,1
1530100740000,1530100799000,81.566,81.568,81.537,81.545,221010000,1
1530100800000,1530100859000,81.547,81.548,81.522,81.533,187690000,1
1530100860000,1530100919000,81.532,81.532,81.469,81.473,225740000,1
1530100920000,1530100979000,81.476,81.528,81.47,81.507,278910000,1
1530100980000,1530101039000,81.508,81.508,81.452,81.461,230080000,1
1530101040000,1530101099000,81.461,81.479,81.456,81.463,198860000,1
1530101100000,1530101159000,81.461,81.491,81.45,81.483,179990000,1
1530101160000,1530101219000,81.482,81.493,81.462,81.485,186190000,1
1530101220000,1530101279000,81.482,81.49,81.47,81.487,194910000,1
1530101280000,1530101339000,81.487,81.514,81.485,81.501,181810000,1
1530101340000,1530101399000,81.503,81.526,81.499,81.501,221850000,1
1530101400000,1530101459000,81.502,81.505,81.465,81.489,187940000,1
1530101460000,1530101519000,81.489,81.514,81.489,81.512,191820000,1
1530101520000,1530101579000,81.513,81.514,81.471,81.473,184760000,1
1530101580000,1530101639000,81.472,81.483,81.434,81.454,267840000,1
1530101640000,1530101699000,81.454,81.47,81.449,81.452,148640000,1
1530101700000,1530101759000,81.452,81.471,81.446,81.462,114650000,1
1530101760000,1530101819000,81.461,81.478,81.432,81.441,145440000,1
1530101820000,1530101879000,81.442,81.442,81.404,81.42,186580000,1
1530101880000,1530101939000,81.421,81.427,81.403,81.406,106280000,1
1530101940000,1530101999000,81.405,81.422,81.401,81.41,177420000,1
1530102000000,1530102059000,81.408,81.43,81.388,81.425,232690000,1
1530102060000,1530102119000,81.426,81.43,81.4,81.401,179030000,1
1530102120000,1530102179000,81.4,81.404,81.377,81.387,220200000,1
1530102180000,1530102239000,81.388,81.403,81.384,81.399,193930000,1
1530102240000,1530102299000,81.399,81.407,81.378,81.393,182950000,1
1530102300000,1530102359000,81.395,81.395,81.371,81.372,153850000,1
1530102360000,1530102419000,81.373,81.384,81.324,81.33,143510000,1
1530102420000,1530102479000,81.33,81.343,81.328,81.343,136550000,1
1530102480000,1530102539000,81.345,81.372,81.342,81.358,108470000,1
1530102540000,1530102599000,81.356,81.359,81.333,81.336,189320000,1
1530102600000,1530102659000,81.335,81.356,81.32,81.32,203570000,1
1530102660000,1530102719000,81.317,81.351,81.317,81.346,142900000,1
1530102720000,1530102779000,81.347,81.377,81.341,81.377,170250000,1
1530102780000,1530102839000,81.376,81.422,81.37,81.416,276020000,1
1530102840000,1530102899000,81.414,81.414,81.38,81.397,231330000,1
1530102900000,1530102959000,81.396,81.402,81.381,81.392,221040000,1
1530102960000,1530103019000,81.391,81.391,81.346,81.348,147690000,1
1530103020000,1530103079000,81.348,81.367,81.343,81.359,155520000,1
1530103080000,1530103139000,81.359,81.385,81.359,81.369,190710000,1
1530103140000,1530103199000,81.368,81.398,81.353,81.398,205190000,1
1530103200000,1530103259000,81.396,81.4,81.36,81.365,249870000,1
1530103260000,1530103319000,81.365,81.403,81.362,81.396,233120000,1
1530103320000,1530103379000,81.392,81.396,81.367,81.367,220110000,1
1530103380000,1530103439000,81.365,81.372,81.341,81.364,158380000,1
1530103440000,1530103499000,81.363,81.379,81.359,81.373,151280000,1
1530103500000,1530103559000,81.372,81.39,81.363,81.365,126100000,1
1530103560000,1530103619000,81.365,81.372,81.357,81.362,121860000,1
1530103620000,1530103679000,81.362,81.364,81.333,81.333,207470000,1
1530103680000,1530103739000,81.334,81.335,81.301,81.301,179100000,1
1530103740000,1530103799000,81.301,81.333,81.291,81.32,203830000,1
1530103800000,1530103859000,81.319,81.344,81.314,81.344,230890000,1
1530103860000,1530103919000,81.343,81.356,81.313,81.338,127470000,1
1530103920000,1530103979000,81.34,81.361,81.339,81.354,109760000,1
1530103980000,1530104039000,81.352,81.356,81.322,81.33,139200000,1
1530104040000,1530104099000,81.331,81.336,81.302,81.304,181810000,1
1530104100000,1530104159000,81.304,81.322,81.302,81.31,153060000,1
1530104160000,1530104219000,81.319,81.338,81.31,81.326,208370000,1
1530104220000,1530104279000,81.326,81.336,81.322,81.331,146290000,1
1530104280000,1530104339000,81.329,81.334,81.294,81.294,162680000,1
1530104340000,1530104399000,81.292,81.303,81.283,81.3,121500000,1
1530104400000,1530104459000,81.3,81.345,81.3,81.343,185990000,1
1530104460000,1530104519000,81.345,81.357,81.34,81.35,160380000,1
1530104520000,1530104579000,81.35,81.381,81.35,81.381,166140000,1
1530104580000,1530104639000,81.381,81.387,81.368,81.387,133000000,1
1530104640000,1530104699000,81.387,81.395,81.369,81.385,171390000,1
1530104700000,1530104759000,81.389,81.403,81.376,81.395,155200000,1
1530104760000,1530104819000,81.394,81.398,81.359,81.363,111280000,1
1530104820000,1530104879000,81.363,81.363,81.34,81.34,156180000,1
1530104880000,1530104939000,81.339,81.356,81.334,81.353,121940000,1
1530104940000,1530104999000,81.352,81.353,81.337,81.34,85660000,1
1530105000000,1530105059000,81.341,81.344,81.31,81.328,123490000,1
1530105060000,1530105119000,81.329,81.343,81.326,81.326,152690000,1
1530105120000,1530105179000,81.325,81.338,81.319,81.324,180460000,1
1530105180000,1530105239000,81.322,81.33,81.315,81.317,151060000,1
1530105240000,1530105299000,81.317,81.328,81.315,81.328,111360000,1
1530105300000,1530105359000,81.328,81.328,81.3,81.304,142660000,1
1530105360000,1530105419000,81.304,81.321,81.294,81.296,129220000,1
1530105420000,1530105479000,81.295,81.324,81.294,81.324,101100000,1
1530105480000,1530105539000,81.322,81.344,81.318,81.338,139520000,1
1530105540000,1530105599000,81.337,81.382,81.337,81.37,211900000,1
1530105600000,1530105659000,81.372,81.375,81.359,81.369,140070000,1
1530105660000,1530105719000,81.37,81.382,81.364,81.381,114960000,1
1530105720000,1530105779000,81.381,81.402,81.381,81.385,108710000,1
1530105780000,1530105839000,81.385,81.401,81.352,81.377,194860000,1
1530105840000,1530105899000,81.377,81.389,81.362,81.362,143230000,1
1530105900000,1530105959000,81.361,81.388,81.361,81.382,126450000,1
1530105960000,1530106019000,81.385,81.392,81.376,81.382,140320000,1
1530106020000,1530106079000,81.381,81.387,81.375,81.379,84460000,1
1530106080000,1530106139000,81.38,81.405,81.38,81.405,85520000,1
1530106140000,1530106199000,81.406,81.406,81.396,81.4,100040000,1
1530106200000,1530106259000,81.4,81.403,81.376,81.379,204630000,1
1530106260000,1530106319000,81.38,81.38,81.356,81.362,174630000,1
1530106320000,1530106379000,81.362,81.375,81.352,81.359,149680000,1
1530106380000,1530106439000,81.36,81.366,81.291,81.293,198280000,1
1530106440000,1530106499000,81.295,81.305,81.28,81.299,258520000,1
1530106500000,1530106559000,81.301,81.342,81.301,81.342,160790000,1
1530106560000,1530106619000,81.341,81.371,81.341,81.342,164420000,1
1530106620000,1530106679000,81.34,81.371,81.334,81.336,206520000,1
1530106680000,1530106739000,81.336,81.34,81.301,81.315,182590000,1
1530106740000,1530106799000,81.315,81.36,81.314,81.352,169900000,1
1530106800000,1530106859000,81.353,81.383,81.347,81.358,207070000,1
1530106860000,1530106919000,81.358,81.369,81.333,81.336,196270000,1
1530106920000,1530106979000,81.334,81.345,81.33,81.34,219540000,1
1530106980000,1530107039000,81.34,81.38,81.334,81.372,204110000,1
1530107040000,1530107099000,81.37,81.391,81.366,81.385,206540000,1
1530107100000,1530107159000,81.382,81.403,81.376,81.388,159600000,1
1530107160000,1530107219000,81.386,81.422,81.383,81.393,199040000,1
1530107220000,1530107279000,81.394,81.451,81.394,81.448,109860000,1
1530107280000,1530107339000,81.449,81.478,81.447,81.46,191860000,1
1530107340000,1530107399000,81.458,81.503,81.451,81.486,178440000,1
1530107400000,1530107459000,81.487,81.5,81.469,81.477,210420000,1
1530107460000,1530107519000,81.477,81.511,81.477,81.484,190570000,1
1530107520000,1530107579000,81.485,81.534,81.477,81.512,180430000,1
1530107580000,1530107639000,81.513,81.524,81.505,81.508,119750000,1
1530107640000,1530107699000,81.509,81.535,81.504,81.525,150060000,1
1530107700000,1530107759000,81.525,81.532,81.512,81.524,196190000,1
1530107760000,1530107819000,81.525,81.526,81.502,81.504,225960000,1
1530107820000,1530107879000,81.504,81.512,81.497,81.511,111320000,1
1530107880000,1530107939000,81.511,81.55,81.51,81.55,121690000,1
1530107940000,1530107999000,81.549,81.565,81.547,81.549,120400000,1
1530108000000,1530108059000,81.549,81.562,81.506,81.508,191660000,1
1530108060000,1530108119000,81.509,81.509,81.483,81.497,150730000,1
1530108120000,1530108179000,81.497,81.563,81.497,81.561,192450000,1
1530108180000,1530108239000,81.557,81.557,81.507,81.527,204840000,1
1530108240000,1530108299000,81.525,81.554,81.518,81.553,155830000,1
1530108300000,1530108359000,81.551,81.558,81.529,81.536,219610000,1
1530108360000,1530108419000,81.536,81.547,81.525,81.531,137860000,1
1530108420000,1530108479000,81.531,81.532,81.508,81.515,173330000,1
1530108480000,1530108539000,81.515,81.549,81.514,81.544,138560000,1
1530108540000,1530108599000,81.544,81.559,81.542,81.551,143840000,1
1530108600000,1530108659000,81.55,81.576,81.55,81.576,202070000,1
1530108660000,1530108719000,81.577,81.579,81.569,81.577,141690000,1
1530108720000,1530108779000,81.577,81.604,81.576,81.598,144940000,1
1530108780000,1530108839000,81.597,81.601,81.581,81.582,173090000,1
1530108840000,1530108899000,81.581,81.594,81.57,81.584,164330000,1
1530108900000,1530108959000,81.584,81.599,81.584,81.593,114760000,1
1530108960000,1530109019000,81.594,81.615,81.591,81.614,121420000,1
1530109020000,1530109079000,81.612,81.619,81.602,81.604,150220000,1
1530109080000,1530109139000,81.604,81.607,81.589,81.59,102750000,1
1530109140000,1530109199000,81.59,81.6,81.584,81.588,104700000,1
1530109200000,1530109259000,81.587,81.601,81.587,81.594,68170000,1
1530109260000,1530109319000,81.596,81.605,81.589,81.603,85630000,1
1530109320000,1530109379000,81.602,81.606,81.583,81.596,143960000,1
1530109380000,1530109439000,81.596,81.606,81.587,81.597,210810000,1
1530109440000,1530109499000,81.598,81.598,81.56,81.568,193580000,1
1530109500000,1530109559000,81.57,81.571,81.54,81.544,172540000,1
1530109560000,1530109619000,81.543,81.568,81.543,81.545,129920000,1
1530109620000,1530109679000,81.545,81.552,81.534,81.544,129270000,1
1530109680000,1530109739000,81.546,81.553,81.534,81.542,206250000,1
1530109740000,1530109799000,81.542,81.55,81.516,81.516,185370000,1
1530109800000,1530109859000,81.516,81.594,81.516,81.594,173750000,1
1530109860000,1530109919000,81.595,81.601,81.587,81.597,141410000,1
1530109920000,1530109979000,81.598,81.598,81.56,81.561,133600000,1
1530109980000,1530110039000,81.561,81.561,81.539,81.549,161570000,1
1530110040000,1530110099000,81.55,81.555,81.529,81.537,99890000,1
1530110100000,1530110159000,81.537,81.595,81.535,81.595,212030000,1
1530110160000,1530110219000,81.596,81.614,81.591,81.603,111360000,1
1530110220000,1530110279000,81.603,81.617,81.601,81.615,112310000,1
1530110280000,1530110339000,81.615,81.636,81.609,81.631,124480000,1
1530110340000,1530110399000,81.631,81.637,81.622,81.633,142950000,1
1530110400000,1530110459000,81.635,81.637,81.612,81.625,167910000,1
1530110460000,1530110519000,81.623,81.632,81.607,81.607,218190000,1
1530110520000,1530110579000,81.608,81.631,81.602,81.622,162000000,1
1530110580000,1530110639000,81.622,81.622,81.592,81.602,156730000,1
1530110640000,1530110699000,81.602,81.616,81.595,81.604,185510000,1
1530110700000,1530110759000,81.605,81.605,81.576,81.578,168190000,1
1530110760000,1530110819000,81.58,81.581,81.559,81.571,157790000,1
1530110820000,1530110879000,81.57,81.593,81.566,81.581,144590000,1
1530110880000,1530110939000,81.58,81.589,81.561,81.579,141190000,1
1530110940000,1530110999000,81.579,81.579,81.555,81.568,150960000,1
1530111000000,1530111059000,81.569,81.573,81.551,81.56,134310000,1
1530111060000,1530111119000,81.558,81.559,81.543,81.548,122970000,1
1530111120000,1530111179000,81.548,81.578,81.542,81.562,179210000,1
1530111180000,1530111239000,81.564,81.564,81.539,81.544,126900000,1
1530111240000,1530111299000,81.545,81.55,81.541,81.546,133700000,1
1530111300000,1530111359000,81.545,81.551,81.538,81.541,167660000,1
1530111360000,1530111419000,81.541,81.545,81.53,81.538,173700000,1
1530111420000,1530111479000,81.537,81.548,81.531,81.542,242560000,1
1530111480000,1530111539000,81.543,81.558,81.538,81.55,213980000,1
1530111540000,1530111599000,81.548,81.549,81.532,81.541,260430000,1
1530111600000,1530111659000,81.543,81.552,81.533,81.542,243020000,1
1530111660000,1530111719000,81.541,81.552,81.533,81.539,216530000,1
1530111720000,1530111779000,81.537,81.55,81.532,81.539,267320000,1
1530111780000,1530111839000,81.54,81.54,81.51,81.528,207110000,1
1530111840000,1530111899000,81.529,81.543,81.46,81.466,232480000,1
1530111900000,1530111959000,81.464,81.466,81.324,81.364,490730000,1
1530111960000,1530112019000,81.364,81.417,81.355,81.409,343760000,1
1530112020000,1530112079000,81.409,81.488,81.405,81.459,301580000,1
1530112080000,1530112139000,81.458,81.463,81.432,81.435,201540000,1
1530112140000,1530112199000,81.432,81.432,81.408,81.416,218550000,1
1530112200000,1530112259000,81.414,81.437,81.412,81.428,200860000,1
1530112260000,1530112319000,81.429,81.441,81.425,81.434,224320000,1
1530112320000,1530112379000,81.434,81.442,81.369,81.378,233740000,1
1530112380000,1530112439000,81.377,81.422,81.376,81.406,281970000,1
1530112440000,1530112499000,81.406,81.41,81.38,81.406,235350000,1
1530112500000,1530112559000,81.405,81.427,81.397,81.42,243070000,1
1530112560000,1530112619000,81.42,81.454,81.42,81.437,191030000,1
1530112620000,1530112679000,81.437,81.439,81.42,81.421,130750000,1
1530112680000,1530112739000,81.421,81.438,81.384,81.388,172800000,1
1530112740000,1530112799000,81.387,81.442,81.387,81.442,224340000,1
1530112800000,1530112859000,81.442,81.442,81.417,81.42,147960000,1
1530112860000,1530112919000,81.419,81.434,81.411,81.428,157700000,1
1530112920000,1530112979000,81.426,81.429,81.394,81.394,206440000,1
1530112980000,1530113039000,81.392,81.406,81.392,81.4,137520000,1
1530113040000,1530113099000,81.399,81.399,81.365,81.371,264340000,1
1530113100000,1530113159000,81.37,81.391,81.36,81.361,225850000,1
1530113160000,1530113219000,81.36,81.362,81.328,81.328,221220000,1
1530113220000,1530113279000,81.328,81.361,81.328,81.356,214940000,1
1530113280000,1530113339000,81.356,81.375,81.349,81.353,165470000,1
1530113340000,1530113399000,81.353,81.354,81.324,81.329,210250000,1
1530113400000,1530113459000,81.33,81.335,81.31,81.323,185930000,1
1530113460000,1530113519000,81.326,81.34,81.323,81.333,231020000,1
1530113520000,1530113579000,81.337,81.354,81.332,81.336,239130000,1
1530113580000,1530113639000,81.334,81.353,81.331,81.35,168000000,1
1530113640000,1530113699000,81.349,81.351,81.327,81.341,252640000,1
1530113700000,1530113759000,81.341,81.38,81.339,81.377,223380000,1
1530113760000,1530113819000,81.375,81.384,81.372,81.379,175980000,1
1530113820000,1530113879000,81.379,81.383,81.368,81.381,154920000,1
1530113880000,1530113939000,81.381,81.385,81.366,81.367,117140000,1
1530113940000,1530113999000,81.366,81.389,81.363,81.374,202710000,1
1530114000000,1530114059000,81.373,81.376,81.361,81.37,93880000,1
1530114060000,1530114119000,81.37,81.376,81.361,81.361,141050000,1
1530114120000,1530114179000,81.361,81.368,81.351,81.352,112740000,1
1530114180000,1530114239000,81.357,81.36,81.333,81.34,188450000,1
1530114240000,1530114299000,81.337,81.364,81.336,81.355,150860000,1
1530114300000,1530114359000,81.355,81.356,81.336,81.342,174250000,1
1530114360000,1530114419000,81.345,81.365,81.323,81.354,156410000,1
1530114420000,1530114479000,81.353,81.369,81.353,81.357,117920000,1
1530114480000,1530114539000,81.357,81.362,81.34,81.352,130450000,1
1530114540000,1530114599000,81.353,81.354,81.337,81.337,174310000,1
1530114600000,1530114659000,81.337,81.344,81.332,81.341,161920000,1
1530114660000,1530114719000,81.341,81.343,81.318,81.326,103890000,1
1530114720000,1530114779000,81.325,81.34,81.32,81.329,147490000,1
1530114780000,1530114839000,81.332,81.335,81.323,81.332,97630000,1
1530114840000,1530114899000,81.33,81.342,81.32,81.34,101800000,1
1530114900000,1530114959000,81.338,81.345,81.329,81.33,69360000,1
1530114960000,1530115019000,81.33,81.33,81.3,81.3,123330000,1
1530115020000,1530115079000,81.3,81.306,81.285,81.306,150500000,1
1530115080000,1530115139000,81.306,81.334,81.306,81.324,190860000,1
1530115140000,1530115199000,81.324,81.354,81.324,81.345,169030000,1
1530115200000,1530115259000,81.345,81.351,81.324,81.347,139370000,1
1530115260000,1530115319000,81.347,81.355,81.342,81.348,116470000,1
1530115320000,1530115379000,81.348,81.36,81.345,81.36,124180000,1
1530115380000,1530115439000,81.359,81.359,81.345,81.348,144240000,1
1530115440000,1530115499000,81.349,81.355,81.343,81.347,151830000,1
1530115500000,1530115559000,81.348,81.353,81.337,81.343,108280000,1
1530115560000,1530115619000,81.343,81.36,81.34,81.353,135130000,1
1530115620000,1530115679000,81.354,81.367,81.354,81.365,91830000,1
1530115680000,1530115739000,81.364,81.373,81.364,81.365,101990000,1
1530115740000,1530115799000,81.366,81.387,81.366,81.385,140110000,1
1530115800000,1530115859000,81.385,81.388,81.36,81.364,153970000,1
1530115860000,1530115919000,81.365,81.369,81.352,81.352,172980000,1
1530115920000,1530115979000,81.352,81.358,81.346,81.347,180920000,1
1530115980000,1530116039000,81.345,81.353,81.34,81.348,142590000,1
1530116040000,1530116099000,81.348,81.362,81.341,81.358,112340000,1
1530116100000,1530116159000,81.358,81.386,81.358,81.36,128960000,1
1530116160000,1530116219000,81.36,81.371,81.352,81.371,136810000,1
1530116220000,1530116279000,81.372,81.389,81.371,81.388,106320000,1
1530116280000,1530116339000,81.388,81.415,81.388,81.413,141410000,1
1530116340000,1530116399000,81.413,81.421,81.394,81.397,170120000,1
1530116400000,1530116459000,81.398,81.402,81.386,81.392,146010000,1
1530116460000,1530116519000,81.391,81.392,81.374,81.382,151720000,1
1530116520000,1530116579000,81.383,81.396,81.376,81.396,155360000,1
1530116580000,1530116639000,81.397,81.397,81.384,81.393,101690000,1
1530116640000,1530116699000,81.394,81.394,81.359,81.363,145200000,1
1530116700000,1530116759000,81.363,81.369,81.357,81.357,136120000,1
1530116760000,1530116819000,81.356,81.359,81.339,81.344,146480000,1
1530116820000,1530116879000,81.343,81.357,81.343,81.345,118200000,1
1530116880000,1530116939000,81.345,81.345,81.334,81.341,118570000,1
1530116940000,1530116999000,81.341,81.345,81.312,81.314,136890000,1
1530117000000,1530117059000,81.316,81.324,81.309,81.309,132350000,1
1530117060000,1530117119000,81.311,81.326,81.307,81.318,127620000,1
1530117120000,1530117179000,81.316,81.324,81.311,81.314,101060000,1
1530117180000,1530117239000,81.313,81.316,81.304,81.305,115990000,1
1530117240000,1530117299000,81.304,81.316,81.298,81.316,107200000,1
1530117300000,1530117359000,81.316,81.316,81.288,81.288,185150000,1
1530117360000,1530117419000,81.285,81.289,81.273,81.275,120200000,1
1530117420000,1530117479000,81.281,81.286,81.262,81.262,153350000,1
1530117480000,1530117539000,81.263,81.265,81.249,81.249,114060000,1
1530117540000,1530117599000,81.25,81.257,81.215,81.224,142890000,1
1530117600000,1530117659000,81.226,81.227,81.179,81.18,135510000,1
1530117660000,1530117719000,81.179,81.187,81.151,81.184,152370000,1
1530117720000,1530117779000,81.184,81.207,81.184,81.201,94280000,1
1530117780000,1530117839000,81.199,81.231,81.189,81.23,148990000,1
1530117840000,1530117899000,81.23,81.236,81.212,81.215,133690000,1
1530117900000,1530117959000,81.215,81.215,81.178,81.184,226200000,1
1530117960000,1530118019000,81.185,81.203,81.183,81.202,203180000,1
1530118020000,1530118079000,81.203,81.23,81.199,81.227,112350000,1
1530118080000,1530118139000,81.226,81.238,81.225,81.232,80860000,1
1530118140000,1530118199000,81.231,81.233,81.226,81.23,54530000,1
1530118200000,1530118259000,81.229,81.249,81.229,81.248,130570000,1
1530118260000,1530118319000,81.247,81.264,81.246,81.262,58080000,1
1530118320000,1530118379000,81.263,81.272,81.239,81.24,117590000,1
1530118380000,1530118439000,81.241,81.249,81.238,81.245,129660000,1
1530118440000,1530118499000,81.245,81.246,81.224,81.224,128150000,1
1530118500000,1530118559000,81.222,81.249,81.222,81.246,133220000,1
1530118560000,1530118619000,81.246,81.254,81.237,81.254,162250000,1
1530118620000,1530118679000,81.254,81.254,81.24,81.248,95220000,1
1530118680000,1530118739000,81.248,81.251,81.235,81.239,150910000,1
1530118740000,1530118799000,81.238,81.238,81.211,81.228,197440000,1
1530118800000,1530118859000,81.228,81.242,81.221,81.224,169120000,1
1530118860000,1530118919000,81.224,81.264,81.222,81.257,168800000,1
1530118920000,1530118979000,81.255,81.261,81.244,81.245,102090000,1
1530118980000,1530119039000,81.246,81.246,81.217,81.228,170800000,1
1530119040000,1530119099000,81.228,81.232,81.207,81.211,142980000,1
1530119100000,1530119159000,81.211,81.211,81.195,81.197,149000000,1
1530119160000,1530119219000,81.193,81.194,81.145,81.146,158630000,1
1530119220000,1530119279000,81.147,81.183,81.147,81.173,207260000,1
1530119280000,1530119339000,81.172,81.173,81.156,81.157,182380000,1
1530119340000,1530119399000,81.156,81.162,81.135,81.139,143470000,1
1530119400000,1530119459000,81.142,81.152,81.138,81.152,158420000,1
1530119460000,1530119519000,81.154,81.164,81.15,81.162,137350000,1
1530119520000,1530119579000,81.161,81.166,81.142,81.146,145700000,1
1530119580000,1530119639000,81.147,81.147,81.134,81.138,134330000,1
1530119640000,1530119699000,81.138,81.143,81.124,81.124,146640000,1
1530119700000,1530119759000,81.123,81.138,81.123,81.128,145770000,1
1530119760000,1530119819000,81.129,81.129,81.105,81.11,168580000,1
1530119820000,1530119879000,81.11,81.111,81.091,81.092,139730000,1
1530119880000,1530119939000,81.094,81.099,81.065,81.073,234750000,1
1530119940000,1530119999000,81.073,81.085,81.065,81.079,131270000,1
1530120000000,1530120059000,81.081,81.117,81.081,81.108,178520000,1
1530120060000,1530120119000,81.11,81.13,81.11,81.121,182830000,1
1530120120000,1530120179000,81.12,81.132,81.118,81.128,107790000,1
1530120180000,1530120239000,81.128,81.129,81.117,81.126,85450000,1
1530120240000,1530120299000,81.126,81.148,81.122,81.122,169740000,1
1530120300000,1530120359000,81.118,81.129,81.117,81.126,169680000,1
1530120360000,1530120419000,81.126,81.13,81.107,81.13,118670000,1
1530120420000,1530120479000,81.131,81.14,81.113,81.12,106940000,1
1530120480000,1530120539000,81.121,81.139,81.116,81.139,198670000,1
1530120540000,1530120599000,81.139,81.14,81.134,81.14,107550000,1
1530120600000,1530120659000,81.14,81.141,81.11,81.121,126170000,1
1530120660000,1530120719000,81.123,81.128,81.096,81.108,116540000,1
1530120720000,1530120779000,81.107,81.122,81.096,81.12,121360000,1
1530120780000,1530120839000,81.121,81.128,81.112,81.114,121750000,1
1530120840000,1530120899000,81.114,81.139,81.114,81.134,102800000,1
1530120900000,1530120959000,81.143,81.144,81.132,81.132,146100000,1
1530120960000,1530121019000,81.134,81.142,81.117,81.12,134350000,1
1530121020000,1530121079000,81.12,81.128,81.12,81.12,158670000,1
1530121080000,1530121139000,81.123,81.126,81.105,81.11,181750000,1
1530121140000,1530121199000,81.109,81.119,81.106,81.114,130150000,1
1530121200000,1530121259000,81.114,81.134,81.106,81.134,114820000,1
1530121260000,1530121319000,81.134,81.143,81.125,81.131,181900000,1
1530121320000,1530121379000,81.131,81.131,81.115,81.126,110800000,1
1530121380000,1530121439000,81.127,81.141,81.127,81.138,52180000,1
1530121440000,1530121499000,81.139,81.139,81.115,81.122,84610000,1
1530121500000,1530121559000,81.121,81.121,81.105,81.105,152160000,1
1530121560000,1530121619000,81.106,81.12,81.103,81.113,138730000,1
1530121620000,1530121679000,81.113,81.118,81.103,81.104,114660000,1
1530121680000,1530121739000,81.104,81.107,81.093,81.094,97200000,1
1530121740000,1530121799000,81.094,81.094,81.068,81.068,155180000,1
1530121800000,1530121859000,81.067,81.075,81.064,81.067,164010000,1
1530121860000,1530121919000,81.067,81.082,81.064,81.067,145900000,1
1530121920000,1530121979000,81.067,81.068,81.057,81.06,170620000,1
1530121980000,1530122039000,81.06,81.072,81.055,81.071,197620000,1
1530122040000,1530122099000,81.07,81.075,81.064,81.068,147600000,1
1530122100000,1530122159000,81.068,81.068,81.046,81.054,181350000,1
1530122160000,1530122219000,81.055,81.066,81.05,81.059,181390000,1
1530122220000,1530122279000,81.06,81.097,81.06,81.096,200250000,1
1530122280000,1530122339000,81.094,81.099,81.081,81.088,178020000,1
1530122340000,1530122399000,81.088,81.093,81.074,81.087,189010000,1
1530122400000,1530122459000,81.085,81.089,81.076,81.087,150860000,1
1530122460000,1530122519000,81.088,81.104,81.08,81.093,164170000,1
1530122520000,1530122579000,81.092,81.096,81.088,81.089,181050000,1
1530122580000,1530122639000,81.089,81.097,81.078,81.078,131290000,1
1530122640000,1530122699000,81.079,81.103,81.079,81.098,170060000,1
1530122700000,1530122759000,81.099,81.105,81.097,81.105,135630000,1
1530122760000,1530122819000,81.106,81.114,81.099,81.103,166050000,1
1530122820000,1530122879000,81.103,81.107,81.094,81.097,114240000,1
1530122880000,1530122939000,81.095,81.102,81.088,81.093,194050000,1
1530122940000,1530122999000,81.093,81.093,81.079,81.082,169650000,1
1530123000000,1530123059000,81.081,81.096,81.077,81.096,229490000,1
1530123060000,1530123119000,81.093,81.098,81.08,81.08,189500000,1
1530123120000,1530123179000,81.079,81.083,81.076,81.082,160370000,1
1530123180000,1530123239000,81.082,81.087,81.08,81.083,167830000,1
1530123240000,1530123299000,81.082,81.082,81.075,81.079,140880000,1
1530123300000,1530123359000,81.078,81.079,81.062,81.067,156630000,1
1530123360000,1530123419000,81.069,81.07,81.052,81.053,203770000,1
1530123420000,1530123479000,81.053,81.069,81.053,81.067,212960000,1
1530123480000,1530123539000,81.066,81.067,81.054,81.059,140750000,1
1530123540000,1530123599000,81.058,81.066,81.058,81.06,133240000,1
1530123600000,1530123659000,81.062,81.079,81.06,81.078,175330000,1
1530123660000,1530123719000,81.081,81.087,81.067,81.069,194530000,1
1530123720000,1530123779000,81.069,81.078,81.063,81.078,187050000,1
1530123780000,1530123839000,81.078,81.083,81.069,81.069,122940000,1
1530123840000,1530123899000,81.07,81.08,81.064,81.08,115790000,1
1530123900000,1530123959000,81.079,81.085,81.076,81.085,139380000,1
1530123960000,1530124019000,81.085,81.09,81.078,81.078,168320000,1
1530124020000,1530124079000,81.077,81.086,81.065,81.08,167750000,1
1530124080000,1530124139000,81.081,81.087,81.06,81.062,180560000,1
1530124140000,1530124199000,81.062,81.062,81.038,81.038,118950000,1
1530124200000,1530124259000,81.038,81.049,81.036,81.046,205110000,1
1530124260000,1530124319000,81.046,81.046,81.014,81.027,179040000,1
1530124320000,1530124379000,81.027,81.057,81.027,81.051,191000000,1
1530124380000,1530124439000,81.051,81.052,81.034,81.037,173150000,1
1530124440000,1530124499000,81.037,81.037,81.018,81.022,139780000,1
1530124500000,1530124559000,81.022,81.068,81.022,81.064,196340000,1
1530124560000,1530124619000,81.065,81.082,81.065,81.08,138520000,1
1530124620000,1530124679000,81.082,81.082,81.069,81.07,52990000,1
1530124680000,1530124739000,81.07,81.07,81.047,81.053,147290000,1
1530124740000,1530124799000,81.053,81.072,81.05,81.07,134660000,1
1530124800000,1530124859000,81.071,81.087,81.068,81.084,74490000,1
1530124860000,1530124919000,81.085,81.093,81.083,81.085,78270000,1
1530124920000,1530124979000,81.086,81.093,81.086,81.093,75910000,1
1530124980000,1530125039000,81.092,81.092,81.072,81.075,80950000,1
1530125040000,1530125099000,81.075,81.075,81.061,81.067,124870000,1
1530125100000,1530125159000,81.066,81.067,81.062,81.066,76940000,1
1530125160000,1530125219000,81.066,81.085,81.065,81.08,92070000,1
1530125220000,1530125279000,81.077,81.09,81.063,81.068,158670000,1
1530125280000,1530125339000,81.068,81.069,81.05,81.056,138810000,1
1530125340000,1530125399000,81.056,81.059,81.051,81.058,133210000,1
1530125400000,1530125459000,81.056,81.067,81.054,81.067,93430000,1
1530125460000,1530125519000,81.067,81.068,81.046,81.049,124270000,1
1530125520000,1530125579000,81.049,81.052,81.048,81.048,75390000,1
1530125580000,1530125639000,81.048,81.052,81.04,81.042,114480000,1
1530125640000,1530125699000,81.044,81.047,81.026,81.027,154180000,1
1530125700000,1530125759000,81.027,81.039,81.026,81.034,201200000,1
1530125760000,1530125819000,81.035,81.05,81.029,81.043,164320000,1
1530125820000,1530125879000,81.043,81.043,81.02,81.02,91770000,1
1530125880000,1530125939000,81.02,81.026,81.016,81.02,115750000,1
1530125940000,1530125999000,81.02,81.036,81.015,81.036,237870000,1
1530126000000,1530126059000,81.039,81.063,81.01,81.023,370830000,1
1530126060000,1530126119000,81.024,81.028,81.013,81.022,296190000,1
1530126120000,1530126179000,81.021,81.027,81.013,81.026,236380000,1
1530126180000,1530126239000,81.027,81.032,81.026,81.028,122150000,1
1530126240000,1530126299000,81.027,81.052,81.027,81.032,184080000,1
1530126300000,1530126359000,81.032,81.037,81.009,81.022,155090000,1
1530126360000,1530126419000,81.022,81.022,81.003,81.01,147580000,1
1530126420000,1530126479000,81.01,81.013,80.981,80.986,228050000,1
1530126480000,1530126539000,80.986,81.004,80.978,80.994,205330000,1
1530126540000,1530126599000,80.995,80.997,80.979,80.979,194160000,1
1530126600000,1530126659000,80.98,80.988,80.976,80.988,172730000,1
1530126660000,1530126719000,80.987,80.994,80.979,80.981,180050000,1
1530126720000,1530126779000,80.982,80.982,80.907,80.907,148130000,1
1530126780000,1530126839000,80.908,80.919,80.877,80.887,182750000,1
1530126840000,1530126899000,80.885,80.901,80.821,80.828,158690000,1
1530126900000,1530126959000,80.83,80.85,80.751,80.838,263630000,1
1530126960000,1530127019000,80.839,80.857,80.808,80.818,243330000,1
1530127020000,1530127079000,80.82,80.88,80.819,80.86,227510000,1
1530127080000,1530127139000,80.859,80.859,80.827,80.831,211980000,1
1530127140000,1530127199000,80.833,80.833,80.809,80.814,177750000,1
1530127200000,1530127259000,80.816,80.82,80.808,80.818,255910000,1
1530127260000,1530127319000,80.814,80.824,80.81,80.819,236180000,1
1530127320000,1530127379000,80.819,80.843,80.817,80.839,241830000,1
1530127380000,1530127439000,80.833,80.858,80.831,80.85,239920000,1
1530127440000,1530127499000,80.852,80.897,80.85,80.897,192240000,1
1530127500000,1530127559000,80.894,80.895,80.88,80.881,152800000,1
1530127560000,1530127619000,80.88,80.884,80.87,80.881,70580000,1
1530127620000,1530127679000,80.881,80.937,80.871,80.935,187190000,1
1530127680000,1530127739000,80.934,80.953,80.922,80.944,182310000,1
1530127740000,1530127799000,80.942,80.947,80.926,80.947,131890000,1
1530127800000,1530127859000,80.947,80.95,80.908,80.918,172200000,1
1530127860000,1530127919000,80.918,80.928,80.918,80.924,88970000,1
1530127920000,1530127979000,80.923,80.932,80.919,80.931,110500000,1
1530127980000,1530128039000,80.932,80.952,80.924,80.934,162540000,1
1530128040000,1530128099000,80.934,80.945,80.915,80.916,192430000,1
1530128100000,1530128159000,80.916,80.917,80.908,80.911,110300000,1
1530128160000,1530128219000,80.912,80.923,80.911,80.919,121220000,1
1530128220000,1530128279000,80.919,80.935,80.914,80.914,140530000,1
1530128280000,1530128339000,80.913,80.918,80.906,80.911,104870000,1
1530128340000,1530128399000,80.912,80.924,80.908,80.913,171920000,1
1530128400000,1530128459000,80.914,80.932,80.906,80.924,188530000,1
1530128460000,1530128519000,80.924,80.947,80.923,80.941,130970000,1
1530128520000,1530128579000,80.94,80.945,80.938,80.939,130010000,1
1530128580000,1530128639000,80.939,80.945,80.92,80.921,166440000,1
1530128640000,1530128699000,80.922,80.924,80.909,80.913,118320000,1
1530128700000,1530128759000,80.91,80.912,80.897,80.901,114360000,1
1530128760000,1530128819000,80.902,80.909,80.89,80.895,153600000,1
1530128820000,1530128879000,80.892,80.893,80.858,80.858,216930000,1
1530128880000,1530128939000,80.856,80.859,80.85,80.851,172120000,1
1530128940000,1530128999000,80.852,80.853,80.832,80.832,144140000,1
1530129000000,1530129059000,80.83,80.83,80.811,80.826,149960000,1
1530129060000,1530129119000,80.826,80.85,80.825,80.85,163760000,1
1530129120000,1530129179000,80.85,80.862,80.842,80.85,128340000,1
1530129180000,1530129239000,80.85,80.858,80.846,80.847,126910000,1
1530129240000,1530129299000,80.849,80.86,80.841,80.857,201410000,1
1530129300000,1530129359000,80.856,80.878,80.851,80.869,205160000,1
1530129360000,1530129419000,80.869,80.873,80.854,80.864,146920000,1
1530129420000,1530129479000,80.863,80.865,80.839,80.853,205160000,1
1530129480000,1530129539000,80.852,80.857,80.85,80.856,95640000,1
1530129540000,1530129599000,80.855,80.861,80.832,80.835,159810000,1
1530129600000,1530129659000,80.842,80.879,80.842,80.878,106810000,1
1530129660000,1530129719000,80.878,80.88,80.877,80.877,47460000,1
1530129720000,1530129779000,80.878,80.889,80.874,80.889,69420000,1
1530129780000,1530129839000,80.889,80.89,80.882,80.886,114120000,1
1530129840000,1530129899000,80.886,80.901,80.886,80.9,65540000,1
1530129900000,1530129959000,80.9,80.908,80.895,80.897,80030000,1
1530129960000,1530130019000,80.896,80.901,80.896,80.897,44330000,1
1530130020000,1530130079000,80.897,80.9,80.897,80.9,73320000,1
1530130080000,1530130139000,80.9,80.913,80.9,80.909,37460000,1
1530130140000,1530130199000,80.908,80.918,80.9,80.907,84040000,1
1530130200000,1530130259000,80.907,80.91,80.905,80.906,53530000,1
1530130260000,1530130319000,80.906,80.908,80.898,80.906,38450000,1
1530130320000,1530130379000,80.905,80.911,80.902,80.908,52280000,1
1530130380000,1530130439000,80.907,80.908,80.904,80.905,30200000,1
1530130440000,1530130499000,80.9,80.904,80.894,80.896,69360000,1
1530130500000,1530130559000,80.896,80.91,80.896,80.906,45430000,1
1530130560000,1530130619000,80.905,80.912,80.898,80.906,63450000,1
1530130620000,1530130679000,80.905,80.906,80.904,80.904,22690000,1
1530130680000,1530130739000,80.904,80.905,80.904,80.905,24700000,1
1530130740000,1530130799000,80.903,80.905,80.898,80.904,52150000,1
1530130800000,1530130859000,80.905,80.909,80.901,80.907,53250000,1
1530130860000,1530130919000,80.907,80.907,80.901,80.905,56670000,1
1530130920000,1530130979000,80.905,80.914,80.899,80.914,47530000,1
1530130980000,1530131039000,80.915,80.92,80.915,80.92,13090000,1
1530131040000,1530131099000,80.92,80.921,80.92,80.92,46430000,1
1530131100000,1530131159000,80.92,80.92,80.911,80.911,32090000,1
1530131160000,1530131219000,80.911,80.916,80.909,80.909,25960000,1
1530131220000,1530131279000,80.91,80.911,80.905,80.905,25430000,1
1530131280000,1530131339000,80.906,80.919,80.906,80.919,27070000,1
1530131340000,1530131399000,80.919,80.922,80.913,80.919,36200000,1
1530131400000,1530131459000,80.918,80.923,80.909,80.911,77230000,1
1530131460000,1530131519000,80.911,80.911,80.893,80.896,63060000,1
1530131520000,1530131579000,80.897,80.909,80.896,80.903,72580000,1
1530131580000,1530131639000,80.902,80.909,80.902,80.909,19330000,1
1530131640000,1530131699000,80.91,80.936,80.91,80.933,100010000,1
1530131700000,1530131759000,80.933,80.948,80.932,80.942,98990000,1
1530131760000,1530131819000,80.942,80.947,80.942,80.946,51800000,1
1530131820000,1530131879000,80.945,80.96,80.945,80.952,80750000,1
1530131880000,1530131939000,80.948,80.953,80.941,80.945,41910000,1
1530131940000,1530131999000,80.944,80.946,80.935,80.935,47150000,1
1530132000000,1530132059000,80.935,80.94,80.933,80.936,58000000,1
1530132060000,1530132119000,80.936,80.942,80.933,80.934,88310000,1
1530132120000,1530132179000,80.934,80.968,80.934,80.965,83380000,1
1530132180000,1530132239000,80.965,80.968,80.961,80.967,48320000,1
1530132240000,1530132299000,80.968,80.976,80.968,80.974,24000000,1
1530132300000,1530132359000,80.972,80.972,80.952,80.958,52420000,1
1530132360000,1530132419000,80.958,80.958,80.948,80.952,46410000,1
1530132420000,1530132479000,80.953,80.965,80.952,80.958,41780000,1
1530132480000,1530132539000,80.958,80.959,80.945,80.959,39160000,1
1530132540000,1530132599000,80.959,80.964,80.959,80.964,29090000,1
1530132600000,1530132659000,80.964,80.965,80.938,80.95,86290000,1
1530132660000,1530132719000,80.948,80.956,80.944,80.955,76320000,1
1530132720000,1530132779000,80.955,80.956,80.94,80.94,30480000,1
1530132780000,1530132839000,80.939,80.939,80.937,80.938,17700000,1
1530132840000,1530132899000,80.938,80.939,80.934,80.934,26690000,1
1530132900000,1530132959000,80.934,80.942,80.929,80.929,58540000,1
1530132960000,1530133019000,80.932,80.936,80.925,80.931,51360000,1
1530133020000,1530133079000,80.931,80.938,80.931,80.938,28000000,1
1530133080000,1530133139000,80.931,80.942,80.93,80.937,36330000,1
1530133140000,1530133199000,80.938,80.938,80.909,80.91,51310000,1
1530133200000,1530133259000,80.907,80.909,80.892,80.902,12750000,1
1530133260000,1530133319000,80.901,80.91,80.901,80.906,21000000,1
1530133320000,1530133379000,80.908,80.946,80.894,80.894,22800000,1
1530133380000,1530133439000,80.884,80.9,80.877,80.897,22500000,1
1530133440000,1530133499000,80.897,80.918,80.89,80.917,189750000,1
1530133500000,1530133559000,80.915,80.942,80.912,80.94,300890000,1
1530133560000,1530133619000,80.94,80.95,80.925,80.942,371360000,1
1530133620000,1530133679000,80.942,80.949,80.942,80.949,22820000,1
1530133680000,1530133739000,80.949,80.949,80.936,80.941,90960000,1
1530133740000,1530133799000,80.943,80.946,80.932,80.934,72690000,1
1530133800000,1530133859000,80.935,80.957,80.928,80.947,102100000,1
1530133860000,1530133919000,80.948,80.968,80.941,80.95,91750000,1
1530133920000,1530133979000,80.951,80.961,80.931,80.945,116610000,1
1530133980000,1530134039000,80.947,80.952,80.932,80.94,57490000,1
1530134040000,1530134099000,80.937,80.947,80.932,80.946,37190000,1
1530134100000,1530134159000,80.946,80.96,80.946,80.949,41310000,1
1530134160000,1530134219000,80.949,80.972,80.947,80.968,73060000,1
1530134220000,1530134279000,80.968,80.969,80.883,80.894,94910000,1
1530134280000,1530134339000,80.909,80.949,80.899,80.942,159100000,1
1530134340000,1530134399000,80.942,80.951,80.925,80.937,196400000,1
1530134400000,1530134459000,80.937,80.94,80.925,80.936,217420000,1
1530134460000,1530134519000,80.936,80.944,80.928,80.937,167490000,1
1530134520000,1530134579000,80.937,80.942,80.896,80.941,139840000,1
1530134580000,1530134639000,80.94,80.94,80.923,80.925,114790000,1
1530134640000,1530134699000,80.924,80.932,80.917,80.921,86640000,1
1530134700000,1530134759000,80.922,80.923,80.918,80.922,102900000,1
1530134760000,1530134819000,80.922,80.922,80.918,80.92,33600000,1
1530134820000,1530134879000,80.92,80.942,80.911,80.923,122150000,1
1530134880000,1530134939000,80.924,80.946,80.924,80.928,137270000,1
1530134940000,1530134999000,80.926,80.927,80.919,80.919,98780000,1
1530135000000,1530135059000,80.917,80.917,80.902,80.914,167740000,1
1530135060000,1530135119000,80.915,80.937,80.906,80.925,401430000,1
1530135120000,1530135179000,80.933,80.933,80.887,80.912,243240000,1
1530135180000,1530135239000,80.912,80.936,80.906,80.925,268060000,1
1530135240000,1530135299000,80.925,80.925,80.903,80.915,52730000,1
1530135300000,1530135359000,80.915,80.923,80.913,80.915,82370000,1
1530135360000,1530135419000,80.92,80.933,80.913,80.915,56190000,1
1530135420000,1530135479000,80.914,80.925,80.914,80.919,43150000,1
1530135480000,1530135539000,80.919,80.927,80.914,80.926,124000000,1
1530135540000,1530135599000,80.926,80.937,80.922,80.925,92750000,1
1530135600000,1530135659000,80.928,80.936,80.92,80.936,77450000,1
1530135660000,1530135719000,80.935,80.947,80.933,80.941,146480000,1
1530135720000,1530135779000,80.94,80.947,80.914,80.922,312160000,1
1530135780000,1530135839000,80.923,80.93,80.921,80.925,146010000,1
1530135840000,1530135899000,80.924,80.928,80.924,80.925,118570000,1
1530135900000,1530135959000,80.925,80.933,80.923,80.925,71980000,1
1530135960000,1530136019000,80.925,80.934,80.923,80.928,143550000,1
1530136020000,1530136079000,80.931,80.933,80.926,80.931,44410000,1
1530136080000,1530136139000,80.929,80.937,80.929,80.931,21970000,1
1530136140000,1530136199000,80.927,80.935,80.927,80.935,29960000,1
1530136200000,1530136259000,80.935,80.938,80.927,80.927,65340000,1
1530136260000,1530136319000,80.923,80.927,80.912,80.916,84700000,1
1530136320000,1530136379000,80.915,80.924,80.915,80.917,127630000,1
1530136380000,1530136439000,80.917,80.932,80.917,80.932,81290000,1
1530136440000,1530136499000,80.932,80.934,80.931,80.933,112630000,1
1530136500000,1530136559000,80.933,80.938,80.931,80.932,86960000,1
1530136560000,1530136619000,80.933,80.937,80.932,80.937,58860000,1
1530136620000,1530136679000,80.937,80.937,80.933,80.933,59000000,1
1530136680000,1530136739000,80.933,80.951,80.932,80.945,98670000,1
1530136740000,1530136799000,80.946,80.959,80.943,80.949,47560000,1
1530136800000,1530136859000,80.951,80.965,80.93,80.934,151000000,1
1530136860000,1530136919000,80.933,80.967,80.932,80.938,88350000,1
1530136920000,1530136979000,80.941,80.953,80.923,80.938,82360000,1
1530136980000,1530137039000,80.94,80.945,80.932,80.94,68710000,1
1530137040000,1530137099000,80.941,80.946,80.936,80.943,160430000,1
1530137100000,1530137159000,80.944,80.945,80.938,80.943,68990000,1
1530137160000,1530137219000,80.943,80.947,80.939,80.942,106510000,1
1530137220000,1530137279000,80.943,80.948,80.938,80.938,68320000,1
1530137280000,1530137339000,80.937,80.945,80.935,80.945,49060000,1
1530137340000,1530137399000,80.945,80.945,80.939,80.945,40900000,1
1530137400000,1530137459000,80.945,80.948,80.945,80.948,17230000,1
1530137460000,1530137519000,80.948,80.953,80.943,80.946,82200000,1
1530137520000,1530137579000,80.946,80.957,80.945,80.955,38930000,1
1530137580000,1530137639000,80.954,80.958,80.947,80.948,48500000,1
1530137640000,1530137699000,80.948,80.956,80.941,80.955,47430000,1
1530137700000,1530137759000,80.956,80.967,80.956,80.964,45840000,1
1530137760000,1530137819000,80.963,80.966,80.959,80.959,33060000,1
1530137820000,1530137879000,80.96,80.961,80.956,80.956,32990000,1
1530137880000,1530137939000,80.956,80.957,80.943,80.95,43440000,1
1530137940000,1530137999000,80.952,80.954,80.951,80.954,25610000,1
1530138000000,1530138059000,80.953,80.955,80.95,80.951,23600000,1
1530138060000,1530138119000,80.951,80.951,80.948,80.95,19480000,1
1530138120000,1530138179000,80.95,80.95,80.949,80.95,8240000,1
1530138180000,1530138239000,80.951,80.954,80.95,80.954,24090000,1
1530138240000,1530138299000,80.953,80.957,80.953,80.957,23110000,1
1530138300000,1530138359000,80.957,80.959,80.956,80.959,12230000,1
1530138360000,1530138419000,80.958,80.958,80.954,80.954,11350000,1
1530138420000,1530138479000,80.956,80.958,80.956,80.958,4250000,1
1530138480000,1530138539000,80.957,80.959,80.957,80.959,25960000,1
1530138540000,1530138599000,80.959,80.959,80.955,80.955,29310000,1
1530138600000,1530138659000,80.954,80.965,80.954,80.965,22850000,1
1530138660000,1530138719000,80.965,80.965,80.947,80.947,30470000,1
1530138720000,1530138779000,80.947,80.953,80.946,80.95,26940000,1
1530138780000,1530138839000,80.95,80.955,80.95,80.955,16860000,1
1530138840000,1530138899000,80.955,80.957,80.952,80.957,44210000,1
1530138900000,1530138959000,80.958,80.958,80.953,80.955,25600000,1
1530138960000,1530139019000,80.955,80.955,80.953,80.954,34730000,1
1530139020000,1530139079000,80.954,80.959,80.954,80.957,37800000,1
1530139080000,1530139139000,80.958,80.968,80.958,80.968,13000000,1
1530139140000,1530139199000,80.969,80.969,80.967,80.967,5500000,1
1530139200000,1530139259000,80.967,80.977,80.966,80.977,8120000,1
1530139260000,1530139319000,80.977,80.977,80.96,80.965,30000000,1
1530139320000,1530139379000,80.963,80.964,80.961,80.964,11500000,1
1530139380000,1530139439000,80.965,80.965,80.954,80.959,28190000,1
1530139440000,1530139499000,80.96,80.969,80.96,80.969,26860000,1
1530139500000,1530139559000,80.969,80.974,80.969,80.971,26100000,1
1530139560000,1530139619000,80.971,80.972,80.965,80.967,15500000,1
1530139620000,1530139679000,80.967,80.972,80.967,80.972,7500000,1
1530139680000,1530139739000,80.971,80.974,80.97,80.974,12370000,1
1530139740000,1530139799000,80.974,80.976,80.972,80.975,11120000,1
1530139800000,1530139859000,80.974,80.974,80.948,80.948,31240000,1
1530139860000,1530139919000,80.948,80.957,80.942,80.957,30830000,1
1530139920000,1530139979000,80.958,80.958,80.948,80.951,18860000,1
1530139980000,1530140039000,80.951,80.951,80.948,80.948,13470000,1
1530140040000,1530140099000,80.948,80.95,80.943,80.943,17850000,1
1530140100000,1530140159000,80.943,80.945,80.939,80.944,17490000,1
1530140160000,1530140219000,80.941,80.941,80.931,80.933,21610000,1
1530140220000,1530140279000,80.934,80.939,80.929,80.937,29690000,1
1530140280000,1530140339000,80.937,80.939,80.934,80.934,24340000,1
1530140340000,1530140399000,80.934,80.934,80.932,80.932,10110000,1
1530140400000,1530140459000,80.933,80.945,80.93,80.943,47680000,1
1530140460000,1530140519000,80.943,80.944,80.943,80.944,9220000,1
1530140520000,1530140579000,80.942,80.942,80.934,80.937,19470000,1
1530140580000,1530140639000,80.937,80.939,80.937,80.938,8000000,1
1530140640000,1530140699000,80.938,80.95,80.938,80.95,12000000,1
1530140700000,1530140759000,80.951,80.955,80.949,80.95,19000000,1
1530140760000,1530140819000,80.951,80.957,80.949,80.957,16110000,1
1530140820000,1530140879000,80.958,80.967,80.958,80.959,19730000,1
1530140880000,1530140939000,80.958,80.959,80.945,80.947,39940000,1
1530140940000,1530140999000,80.947,80.947,80.942,80.945,20000000,1
1530141000000,1530141059000,80.945,80.948,80.944,80.944,12500000,1
1530141060000,1530141119000,80.943,80.945,80.943,80.944,10250000,1
1530141120000,1530141179000,80.945,80.947,80.937,80.937,26240000,1
1530141180000,1530141239000,80.936,80.941,80.93,80.932,40450000,1
1530141240000,1530141299000,80.931,80.932,80.919,80.922,26460000,1
1530141300000,1530141359000,80.923,80.929,80.918,80.923,32560000,1
1530141360000,1530141419000,80.924,80.932,80.914,80.917,95920000,1
1530141420000,1530141479000,80.918,80.935,80.917,80.925,77580000,1
1530141480000,1530141539000,80.926,80.93,80.925,80.928,28370000,1
1530141540000,1530141599000,80.928,80.933,80.92,80.927,67050000,1
1530141600000,1530141659000,80.927,80.928,80.922,80.928,18000000,1
1530141660000,1530141719000,80.928,80.934,80.928,80.932,30000000,1
1530141720000,1530141779000,80.932,80.947,80.932,80.936,30850000,1
1530141780000,1530141839000,80.937,80.937,80.928,80.933,16990000,1
1530141840000,1530141899000,80.934,80.936,80.913,80.913,19820000,1
1530141900000,1530141959000,80.914,80.949,80.914,80.949,33720000,1
1530141960000,1530142019000,80.949,80.949,80.937,80.937,24610000,1
1530142020000,1530142079000,80.937,80.939,80.935,80.939,21670000,1
1530142080000,1530142139000,80.939,80.947,80.939,80.946,34730000,1
1530142140000,1530142199000,80.945,80.954,80.935,80.948,50270000,1
1530142200000,1530142259000,80.947,80.961,80.939,80.961,77960000,1
1530142260000,1530142319000,80.961,80.967,80.947,80.959,43760000,1
1530142320000,1530142379000,80.96,80.973,80.96,80.963,53470000,1
1530142380000,1530142439000,80.963,80.963,80.952,80.963,48320000,1
1530142440000,1530142499000,80.965,80.965,80.958,80.958,9000000,1
1530142500000,1530142559000,80.958,80.958,80.943,80.943,29000000,1
1530142560000,1530142619000,80.943,80.943,80.935,80.935,23750000,1
1530142620000,1530142679000,80.935,80.935,80.921,80.928,36250000,1
1530142680000,1530142739000,80.928,80.934,80.916,80.934,49000000,1
1530142740000,1530142799000,80.933,80.934,80.914,80.915,15500000,1
1530142800000,1530142859000,80.916,80.921,80.904,80.917,54850000,1
1530142860000,1530142919000,80.918,80.918,80.902,80.902,23000000,1
1530142920000,1530142979000,80.901,80.909,80.898,80.907,24480000,1
1530142980000,1530143039000,80.907,80.917,80.904,80.917,31500000,1
1530143040000,1530143099000,80.917,80.917,80.904,80.904,37990000,1
1530143100000,1530143159000,80.904,80.912,80.904,80.907,31050000,1
1530143160000,1530143219000,80.906,80.906,80.889,80.898,70270000,1
1530143220000,1530143279000,80.898,80.898,80.892,80.894,20110000,1
1530143280000,1530143339000,80.895,80.896,80.894,80.894,12560000,1
1530143340000,1530143399000,80.896,80.902,80.895,80.896,43110000,1
1530143400000,1530143459000,80.897,80.903,80.896,80.903,27960000,1
1530143460000,1530143519000,80.904,80.907,80.904,80.907,30400000,1
1530143520000,1530143579000,80.914,80.935,80.914,80.926,54620000,1
1530143580000,1530143639000,80.927,80.935,80.924,80.931,35470000,1
1530143640000,1530143699000,80.932,80.951,80.93,80.95,65480000,1
1530143700000,1530143759000,80.949,80.959,80.945,80.959,36120000,1
1530143760000,1530143819000,80.96,80.964,80.95,80.95,90190000,1
1530143820000,1530143879000,80.951,80.968,80.928,80.929,102520000,1
1530143880000,1530143939000,80.929,80.929,80.92,80.92,46470000,1
1530143940000,1530143999000,80.92,80.926,80.899,80.913,83600000,1
1530144000000,1530144059000,80.911,80.934,80.905,80.92,122340000,1
1530144060000,1530144119000,80.92,80.929,80.887,80.887,103860000,1
1530144120000,1530144179000,80.887,80.916,80.887,80.913,91320000,1
1530144180000,1530144239000,80.912,80.934,80.894,80.908,140030000,1
1530144240000,1530144299000,80.908,80.917,80.887,80.898,115570000,1
1530144300000,1530144359000,80.897,80.911,80.892,80.902,95250000,1
1530144360000,1530144419000,80.903,80.937,80.903,80.929,69010000,1
1530144420000,1530144479000,80.928,80.97,80.928,80.97,119520000,1
1530144480000,1530144539000,80.97,80.978,80.945,80.945,159200000,1
1530144540000,1530144599000,80.944,80.944,80.874,80.875,225970000,1
1530144600000,1530144659000,80.876,80.889,80.866,80.869,172180000,1
1530144660000,1530144719000,80.87,80.875,80.86,80.86,97120000,1
1530144720000,1530144779000,80.86,80.861,80.79,80.791,252320000,1
1530144780000,1530144839000,80.791,80.812,80.755,80.77,261830000,1
1530144840000,1530144899000,80.768,80.777,80.733,80.741,237590000,1
1530144900000,1530144959000,80.742,80.756,80.727,80.747,219280000,1
1530144960000,1530145019000,80.747,80.755,80.735,80.749,205380000,1
1530145020000,1530145079000,80.749,80.755,80.719,80.739,291230000,1
1530145080000,1530145139000,80.739,80.758,80.739,80.752,195150000,1
1530145140000,1530145199000,80.751,80.751,80.706,80.739,227280000,1
1530145200000,1530145259000,80.74,80.746,80.727,80.736,199840000,1
1530145260000,1530145319000,80.735,80.742,80.724,80.733,171880000,1
1530145320000,1530145379000,80.732,80.736,80.691,80.697,211540000,1
1530145380000,1530145439000,80.697,80.76,80.697,80.753,194070000,1
1530145440000,1530145499000,80.755,80.755,80.731,80.737,160100000,1
1530145500000,1530145559000,80.737,80.778,80.737,80.778,181240000,1
1530145560000,1530145619000,80.776,80.802,80.775,80.799,155850000,1
1530145620000,1530145679000,80.799,80.799,80.775,80.792,77570000,1
1530145680000,1530145739000,80.792,80.83,80.787,80.813,175150000,1
1530145740000,1530145799000,80.814,80.831,80.811,80.818,181650000,1
1530145800000,1530145859000,80.817,80.818,80.788,80.802,165750000,1
1530145860000,1530145919000,80.802,80.802,80.776,80.782,137050000,1
1530145920000,1530145979000,80.782,80.819,80.78,80.819,115520000,1
1530145980000,1530146039000,80.819,80.824,80.8,80.808,108240000,1
1530146040000,1530146099000,80.807,80.833,80.803,80.831,79620000,1
1530146100000,1530146159000,80.829,80.833,80.815,80.832,137810000,1
1530146160000,1530146219000,80.831,80.835,80.804,80.804,179270000,1
1530146220000,1530146279000,80.803,80.804,80.777,80.792,184640000,1
1530146280000,1530146339000,80.792,80.793,80.769,80.77,192610000,1
1530146340000,1530146399000,80.774,80.78,80.764,80.775,173420000,1
1530146400000,1530146459000,80.776,80.789,80.772,80.788,162010000,1
1530146460000,1530146519000,80.788,80.793,80.766,80.783,172800000,1
1530146520000,1530146579000,80.782,80.81,80.781,80.807,146590000,1
1530146580000,1530146639000,80.807,80.807,80.793,80.806,120700000,1
1530146640000,1530146699000,80.806,80.812,80.804,80.81,61710000,1
1530146700000,1530146759000,80.809,80.809,80.784,80.784,129270000,1
1530146760000,1530146819000,80.783,80.794,80.77,80.785,186420000,1
1530146820000,1530146879000,80.784,80.785,80.764,80.781,142310000,1
1530146880000,1530146939000,80.78,80.78,80.74,80.745,163460000,1
1530146940000,1530146999000,80.746,80.757,80.725,80.732,219710000,1
1530147000000,1530147059000,80.73,80.75,80.728,80.75,155300000,1
1530147060000,1530147119000,80.75,80.754,80.731,80.737,131360000,1
1530147120000,1530147179000,80.737,80.765,80.733,80.756,133890000,1
1530147180000,1530147239000,80.756,80.757,80.732,80.735,70990000,1
1530147240000,1530147299000,80.733,80.755,80.719,80.753,171850000,1
1530147300000,1530147359000,80.754,80.77,80.743,80.751,181420000,1
1530147360000,1530147419000,80.748,80.784,80.733,80.776,151130000,1
1530147420000,1530147479000,80.776,80.798,80.772,80.794,167470000,1
1530147480000,1530147539000,80.791,80.791,80.769,80.771,172700000,1
1530147540000,1530147599000,80.772,80.813,80.771,80.802,175070000,1
1530147600000,1530147659000,80.806,80.81,80.777,80.781,223480000,1
1530147660000,1530147719000,80.782,80.797,80.767,80.792,150770000,1
1530147720000,1530147779000,80.791,80.811,80.788,80.8,124940000,1
1530147780000,1530147839000,80.8,80.806,80.789,80.801,100520000,1
1530147840000,1530147899000,80.802,80.802,80.793,80.801,137800000,1
1530147900000,1530147959000,80.803,80.841,80.803,80.836,145530000,1
1530147960000,1530148019000,80.837,80.855,80.832,80.848,168940000,1
1530148020000,1530148079000,80.85,80.863,80.838,80.838,182070000,1
1530148080000,1530148139000,80.839,80.85,80.825,80.831,140540000,1
1530148140000,1530148199000,80.833,80.845,80.832,80.845,100180000,1
1530148200000,1530148259000,80.844,80.876,80.844,80.864,140160000,1
1530148260000,1530148319000,80.862,80.873,80.848,80.852,153630000,1
1530148320000,1530148379000,80.853,80.876,80.841,80.876,165520000,1
1530148380000,1530148439000,80.876,80.878,80.867,80.874,83610000,1
1530148440000,1530148499000,80.875,80.902,80.875,80.893,146990000,1
1530148500000,1530148559000,80.894,80.943,80.889,80.933,209590000,1
1530148560000,1530148619000,80.932,80.936,80.866,80.866,209180000,1
1530148620000,1530148679000,80.866,80.872,80.841,80.859,178060000,1
1530148680000,1530148739000,80.859,80.872,80.848,80.854,152410000,1
1530148740000,1530148799000,80.854,80.882,80.847,80.878,110300000,1
1530148800000,1530148859000,80.877,80.877,80.845,80.859,163610000,1
1530148860000,1530148919000,80.859,80.859,80.849,80.856,114490000,1
1530148920000,1530148979000,80.856,80.86,80.835,80.841,114420000,1
1530148980000,1530149039000,80.841,80.841,80.828,80.83,92950000,1
1530149040000,1530149099000,80.83,80.849,80.823,80.849,104940000,1
1530149100000,1530149159000,80.851,80.858,80.837,80.858,146200000,1
1530149160000,1530149219000,80.858,80.878,80.857,80.872,157530000,1
1530149220000,1530149279000,80.871,80.912,80.871,80.91,117650000,1
1530149280000,1530149339000,80.912,80.979,80.912,80.976,218450000,1
1530149340000,1530149399000,80.979,81.02,80.972,80.993,239470000,1
1530149400000,1530149459000,80.992,80.992,80.923,80.933,371260000,1
1530149460000,1530149519000,80.934,80.977,80.933,80.976,250720000,1
1530149520000,1530149579000,80.979,80.994,80.956,80.976,178310000,1
1530149580000,1530149639000,80.976,81.005,80.962,81.005,262990000,1
1530149640000,1530149699000,81.006,81.006,80.939,80.95,202910000,1
1530149700000,1530149759000,80.95,80.955,80.92,80.937,219130000,1
1530149760000,1530149819000,80.938,80.945,80.867,80.871,284070000,1
1530149820000,1530149879000,80.871,80.872,80.836,80.87,226740000,1
1530149880000,1530149939000,80.871,80.95,80.871,80.947,238730000,1
1530149940000,1530149999000,80.944,80.945,80.919,80.929,178760000,1
1530150000000,1530150059000,80.928,80.928,80.887,80.911,234160000,1
1530150060000,1530150119000,80.91,80.928,80.883,80.892,220210000,1
1530150120000,1530150179000,80.892,80.931,80.892,80.931,193710000,1
1530150180000,1530150239000,80.931,80.932,80.888,80.918,182060000,1
1530150240000,1530150299000,80.922,80.923,80.91,80.918,133370000,1
1530150300000,1530150359000,80.92,80.974,80.92,80.971,172660000,1
1530150360000,1530150419000,80.969,81.053,80.968,81.028,272890000,1
1530150420000,1530150479000,81.028,81.034,80.974,80.993,237110000,1
1530150480000,1530150539000,80.991,81.008,80.973,80.973,221950000,1
1530150540000,1530150599000,80.973,80.977,80.938,80.939,178120000,1
1530150600000,1530150659000,80.94,80.955,80.931,80.938,158590000,1
1530150660000,1530150719000,80.936,80.954,80.916,80.923,159280000,1
1530150720000,1530150779000,80.923,80.958,80.918,80.958,159000000,1
1530150780000,1530150839000,80.958,80.96,80.906,80.926,253250000,1
1530150840000,1530150899000,80.928,80.928,80.911,80.911,131140000,1
1530150900000,1530150959000,80.91,80.924,80.906,80.913,134240000,1
1530150960000,1530151019000,80.913,80.916,80.895,80.914,114740000,1
1530151020000,1530151079000,80.914,80.931,80.914,80.921,151630000,1
1530151080000,1530151139000,80.92,80.942,80.919,80.937,150010000,1
1530151140000,1530151199000,80.935,80.953,80.925,80.936,216520000,1
1530151200000,1530151259000,80.936,80.994,80.936,80.993,203600000,1
1530151260000,1530151319000,80.995,81.0,80.985,80.997,124260000,1
1530151320000,1530151379000,80.999,81.018,80.981,81.011,243170000,1
1530151380000,1530151439000,81.01,81.03,80.996,81.02,191690000,1
1530151440000,1530151499000,81.019,81.032,81.006,81.008,180540000,1
1530151500000,1530151559000,81.008,81.053,81.006,81.045,197800000,1
1530151560000,1530151619000,81.044,81.045,81.016,81.029,162130000,1
1530151620000,1530151679000,81.028,81.063,81.025,81.063,153330000,1
1530151680000,1530151739000,81.066,81.072,81.052,81.052,192620000,1
1530151740000,1530151799000,81.052,81.061,81.007,81.012,143650000,1
1530151800000,1530151859000,81.012,81.05,81.012,81.018,192150000,1
1530151860000,1530151919000,81.018,81.023,81.005,81.022,117850000,1
1530151920000,1530151979000,81.02,81.034,81.017,81.019,142140000,1
1530151980000,1530152039000,81.019,81.027,80.996,80.997,160030000,1
1530152040000,1530152099000,80.997,81.018,80.995,81.013,102470000,1
1530152100000,1530152159000,81.013,81.016,80.993,81.016,138600000,1
1530152160000,1530152219000,81.016,81.051,81.016,81.025,126170000,1
1530152220000,1530152279000,81.025,81.032,81.013,81.019,145100000,1
1530152280000,1530152339000,81.018,81.049,81.018,81.029,174230000,1
1530152340000,1530152399000,81.029,81.038,81.002,81.005,103430000,1
1530152400000,1530152459000,81.005,81.027,81.004,81.016,156150000,1
1530152460000,1530152519000,81.013,81.023,80.997,81.001,136280000,1
1530152520000,1530152579000,81.001,81.004,80.962,80.969,169520000,1
1530152580000,1530152639000,80.97,80.977,80.961,80.965,141350000,1
1530152640000,1530152699000,80.966,80.966,80.945,80.951,103290000,1
1530152700000,1530152759000,80.952,80.979,80.952,80.97,162530000,1
1530152760000,1530152819000,80.97,80.992,80.969,80.986,142160000,1
1530152820000,1530152879000,80.986,80.988,80.964,80.972,129110000,1
1530152880000,1530152939000,80.971,80.974,80.967,80.968,96830000,1
1530152940000,1530152999000,80.968,80.968,80.933,80.955,158470000,1
1530153000000,1530153059000,80.956,80.97,80.947,80.957,143950000,1
1530153060000,1530153119000,80.958,80.961,80.926,80.936,168880000,1
1530153120000,1530153179000,80.936,80.955,80.933,80.937,125120000,1
1530153180000,1530153239000,80.94,80.972,80.94,80.961,117810000,1
1530153240000,1530153299000,80.962,80.988,80.957,80.988,123170000,1
1530153300000,1530153359000,80.987,80.988,80.967,80.968,80040000,1
1530153360000,1530153419000,80.969,80.979,80.964,80.979,103140000,1
1530153420000,1530153479000,80.978,80.98,80.971,80.976,54510000,1
1530153480000,1530153539000,80.978,80.983,80.974,80.975,65460000,1
1530153540000,1530153599000,80.975,80.987,80.972,80.981,91830000,1
1530153600000,1530153659000,80.982,80.989,80.978,80.989,23240000,1
1530153660000,1530153719000,80.987,81.003,80.984,81.0,57610000,1
1530153720000,1530153779000,81.0,81.049,80.998,81.049,113850000,1
1530153780000,1530153839000,81.049,81.049,81.021,81.025,131700000,1
1530153840000,1530153899000,81.026,81.037,81.02,81.037,138970000,1
1530153900000,1530153959000,81.04,81.042,81.023,81.03,104640000,1
1530153960000,1530154019000,81.029,81.046,81.029,81.038,99630000,1
1530154020000,1530154079000,81.039,81.054,81.027,81.05,133000000,1
1530154080000,1530154139000,81.05,81.061,81.037,81.046,110410000,1
1530154140000,1530154199000,81.046,81.046,81.027,81.036,129650000,1
1530154200000,1530154259000,81.035,81.044,81.027,81.027,92680000,1
1530154260000,1530154319000,81.027,81.045,81.027,81.041,199320000,1
1530154320000,1530154379000,81.041,81.041,81.017,81.033,110030000,1
1530154380000,1530154439000,81.034,81.046,81.031,81.046,116310000,1
1530154440000,1530154499000,81.046,81.055,81.045,81.051,85580000,1
1530154500000,1530154559000,81.051,81.07,81.051,81.07,104660000,1
1530154560000,1530154619000,81.07,81.075,81.055,81.059,128340000,1
1530154620000,1530154679000,81.059,81.064,81.042,81.053,110240000,1
1530154680000,1530154739000,81.053,81.062,81.052,81.06,156310000,1
1530154740000,1530154799000,81.057,81.093,81.047,81.075,198570000,1
1530154800000,1530154859000,81.073,81.086,81.036,81.039,147640000,1
1530154860000,1530154919000,81.041,81.069,81.041,81.065,160600000,1
1530154920000,1530154979000,81.069,81.089,81.068,81.088,127160000,1
1530154980000,1530155039000,81.089,81.12,81.073,81.077,212470000,1
1530155040000,1530155099000,81.077,81.092,81.061,81.084,202640000,1
1530155100000,1530155159000,81.085,81.089,81.07,81.07,165760000,1
1530155160000,1530155219000,81.07,81.073,81.06,81.068,85600000,1
1530155220000,1530155279000,81.068,81.085,81.057,81.057,112440000,1
1530155280000,1530155339000,81.059,81.067,81.059,81.066,80290000,1
1530155340000,1530155399000,81.066,81.071,81.049,81.051,138750000,1
1530155400000,1530155459000,81.053,81.069,81.053,81.063,126060000,1
1530155460000,1530155519000,81.063,81.078,81.06,81.062,75760000,1
1530155520000,1530155579000,81.062,81.068,81.051,81.056,89490000,1
1530155580000,1530155639000,81.057,81.059,81.051,81.051,75780000,1
1530155640000,1530155699000,81.051,81.054,81.048,81.054,85190000,1
1530155700000,1530155759000,81.054,81.067,81.048,81.066,123460000,1
1530155760000,1530155819000,81.067,81.081,81.065,81.081,104090000,1
1530155820000,1530155879000,81.077,81.082,81.072,81.076,103500000,1
1530155880000,1530155939000,81.079,81.079,81.072,81.079,84080000,1
1530155940000,1530155999000,81.081,81.081,81.075,81.077,88690000,1
1530156000000,1530156059000,81.076,81.076,81.023,81.024,108090000,1
1530156060000,1530156119000,81.023,81.057,81.023,81.051,122740000,1
1530156120000,1530156179000,81.05,81.057,81.042,81.042,106110000,1
1530156180000,1530156239000,81.043,81.052,81.04,81.052,80410000,1
1530156240000,1530156299000,81.053,81.06,81.053,81.056,73240000,1
1530156300000,1530156359000,81.055,81.055,81.042,81.045,86720000,1
1530156360000,1530156419000,81.047,81.061,81.047,81.061,40330000,1
1530156420000,1530156479000,81.06,81.069,81.058,81.066,70630000,1
1530156480000,1530156539000,81.066,81.07,81.064,81.066,73850000,1
1530156540000,1530156599000,81.068,81.072,81.056,81.057,97490000,1
1530156600000,1530156659000,81.057,81.071,81.056,81.063,117660000,1
1530156660000,1530156719000,81.061,81.071,81.057,81.071,94600000,1
1530156720000,1530156779000,81.072,81.081,81.062,81.062,92480000,1
1530156780000,1530156839000,81.058,81.062,81.052,81.055,95060000,1
1530156840000,1530156899000,81.055,81.073,81.055,81.068,114170000,1
1530156900000,1530156959000,81.068,81.079,81.064,81.075,131180000,1
1530156960000,1530157019000,81.074,81.075,81.06,81.061,130520000,1
1530157020000,1530157079000,81.061,81.072,81.06,81.062,108610000,1
1530157080000,1530157139000,81.061,81.076,81.061,81.07,107900000,1
1530157140000,1530157199000,81.07,81.071,81.061,81.065,65630000,1
1530157200000,1530157259000,81.066,81.066,81.058,81.064,114380000,1
1530157260000,1530157319000,81.063,81.066,81.053,81.057,100880000,1
1530157320000,1530157379000,81.057,81.069,81.056,81.061,81050000,1
1530157380000,1530157439000,81.061,81.063,81.049,81.056,104060000,1
1530157440000,1530157499000,81.055,81.06,81.05,81.059,131310000,1
1530157500000,1530157559000,81.06,81.094,81.058,81.092,153000000,1
1530157560000,1530157619000,81.094,81.094,81.08,81.08,88660000,1
1530157620000,1530157679000,81.081,81.085,81.059,81.063,137770000,1
1530157680000,1530157739000,81.062,81.072,81.056,81.068,119740000,1
1530157740000,1530157799000,81.068,81.072,81.064,81.064,59790000,1
1530157800000,1530157859000,81.064,81.075,81.064,81.075,113480000,1
1530157860000,1530157919000,81.075,81.075,81.065,81.068,136090000,1
1530157920000,1530157979000,81.068,81.072,81.052,81.052,90430000,1
1530157980000,1530158039000,81.052,81.069,81.052,81.063,119790000,1
1530158040000,1530158099000,81.062,81.062,81.052,81.053,74830000,1
1530158100000,1530158159000,81.054,81.075,81.053,81.071,92480000,1
1530158160000,1530158219000,81.071,81.073,81.069,81.071,99610000,1
1530158220000,1530158279000,81.071,81.071,81.057,81.059,66310000,1
1530158280000,1530158339000,81.059,81.059,81.051,81.059,54290000,1
1530158340000,1530158399000,81.058,81.076,81.058,81.073,58780000,1
1530158400000,1530158459000,81.073,81.083,81.071,81.082,73050000,1
1530158460000,1530158519000,81.082,81.091,81.077,81.08,118670000,1
1530158520000,1530158579000,81.079,81.088,81.075,81.087,60130000,1
1530158580000,1530158639000,81.085,81.087,81.079,81.079,49640000,1
1530158640000,1530158699000,81.079,81.088,81.078,81.083,45700000,1
1530158700000,1530158759000,81.084,81.084,81.073,81.077,64350000,1
1530158760000,1530158819000,81.077,81.077,81.072,81.072,24800000,1
1530158820000,1530158879000,81.072,81.089,81.072,81.086,53830000,1
1530158880000,1530158939000,81.088,81.088,81.071,81.072,32450000,1
1530158940000,1530158999000,81.072,81.084,81.072,81.082,72150000,1
1530159000000,1530159059000,81.083,81.084,81.075,81.081,68590000,1
1530159060000,1530159119000,81.081,81.119,81.08,81.102,156200000,1
1530159120000,1530159179000,81.102,81.125,81.102,81.124,90420000,1
1530159180000,1530159239000,81.123,81.158,81.114,81.153,188920000,1
1530159240000,1530159299000,81.155,81.157,81.125,81.133,162280000,1
1530159300000,1530159359000,81.132,81.134,81.113,81.115,101020000,1
1530159360000,1530159419000,81.115,81.127,81.112,81.124,177270000,1
1530159420000,1530159479000,81.124,81.124,81.11,81.11,114550000,1
1530159480000,1530159539000,81.11,81.11,81.092,81.104,129060000,1
1530159540000,1530159599000,81.104,81.127,81.102,81.119,121930000,1
1530159600000,1530159659000,81.119,81.128,81.118,81.118,74850000,1
1530159660000,1530159719000,81.118,81.127,81.116,81.125,61710000,1
1530159720000,1530159779000,81.125,81.139,81.122,81.133,102960000,1
1530159780000,1530159839000,81.133,81.139,81.121,81.123,81680000,1
1530159840000,1530159899000,81.129,81.129,81.126,81.126,60260000,1
1530159900000,1530159959000,81.126,81.135,81.126,81.135,54660000,1
1530159960000,1530160019000,81.136,81.137,81.128,81.135,86990000,1
1530160020000,1530160079000,81.135,81.151,81.132,81.151,80650000,1
1530160080000,1530160139000,81.152,81.155,81.138,81.142,115370000,1
1530160140000,1530160199000,81.142,81.146,81.13,81.136,96520000,1
1530160200000,1530160259000,81.137,81.156,81.137,81.151,158820000,1
1530160260000,1530160319000,81.151,81.153,81.146,81.151,76090000,1
1530160320000,1530160379000,81.151,81.154,81.149,81.149,77960000,1
1530160380000,1530160439000,81.149,81.149,81.142,81.144,35800000,1
1530160440000,1530160499000,81.144,81.144,81.141,81.142,22410000,1
1530160500000,1530160559000,81.141,81.142,81.135,81.138,88850000,1
1530160560000,1530160619000,81.137,81.157,81.137,81.145,185460000,1
1530160620000,1530160679000,81.144,81.147,81.112,81.115,86620000,1
1530160680000,1530160739000,81.117,81.13,81.117,81.129,59830000,1
1530160740000,1530160799000,81.129,81.132,81.128,81.131,54060000,1
1530160800000,1530160859000,81.131,81.135,81.131,81.135,57480000,1
1530160860000,1530160919000,81.134,81.137,81.13,81.137,67320000,1
1530160920000,1530160979000,81.138,81.143,81.137,81.142,39680000,1
1530160980000,1530161039000,81.143,81.153,81.133,81.133,95310000,1
1530161040000,1530161099000,81.133,81.135,81.121,81.121,142280000,1
1530161100000,1530161159000,81.121,81.14,81.121,81.131,132220000,1
1530161160000,1530161219000,81.13,81.132,81.122,81.125,64170000,1
1530161220000,1530161279000,81.125,81.133,81.117,81.117,107540000,1
1530161280000,1530161339000,81.116,81.131,81.116,81.13,47870000,1
1530161340000,1530161399000,81.131,81.134,81.129,81.131,77460000,1
1530161400000,1530161459000,81.131,81.131,81.111,81.117,97510000,1
1530161460000,1530161519000,81.117,81.128,81.116,81.122,52100000,1
1530161520000,1530161579000,81.125,81.134,81.122,81.123,138950000,1
1530161580000,1530161639000,81.124,81.129,81.121,81.122,107220000,1
1530161640000,1530161699000,81.122,81.125,81.119,81.119,91000000,1
1530161700000,1530161759000,81.118,81.131,81.117,81.131,70170000,1
1530161760000,1530161819000,81.132,81.147,81.132,81.147,121630000,1
1530161820000,1530161879000,81.15,81.16,81.145,81.145,130170000,1
1530161880000,1530161939000,81.144,81.144,81.135,81.139,71290000,1
1530161940000,1530161999000,81.139,81.141,81.126,81.133,102000000,1
1530162000000,1530162059000,81.138,81.15,81.135,81.137,108540000,1
1530162060000,1530162119000,81.137,81.137,81.128,81.135,69180000,1
1530162120000,1530162179000,81.145,81.156,81.145,81.148,119480000,1
1530162180000,1530162239000,81.148,81.162,81.145,81.152,117910000,1
1530162240000,1530162299000,81.152,81.157,81.145,81.145,110180000,1
1530162300000,1530162359000,81.148,81.152,81.139,81.144,156020000,1
1530162360000,1530162419000,81.144,81.166,81.144,81.166,135970000,1
1530162420000,1530162479000,81.165,81.178,81.155,81.155,108110000,1
1530162480000,1530162539000,81.155,81.161,81.151,81.156,92280000,1
1530162540000,1530162599000,81.155,81.157,81.146,81.147,93230000,1
1530162600000,1530162659000,81.147,81.147,81.139,81.145,146230000,1
1530162660000,1530162719000,81.145,81.149,81.138,81.14,98560000,1
1530162720000,1530162779000,81.139,81.141,81.133,81.133,88850000,1
1530162780000,1530162839000,81.133,81.133,81.117,81.121,131750000,1
1530162840000,1530162899000,81.122,81.127,81.121,81.124,72390000,1
1530162900000,1530162959000,81.124,81.127,81.114,81.114,95510000,1
1530162960000,1530163019000,81.115,81.12,81.11,81.114,135180000,1
1530163020000,1530163079000,81.114,81.125,81.107,81.107,144470000,1
1530163080000,1530163139000,81.107,81.107,81.073,81.08,144020000,1
1530163140000,1530163199000,81.081,81.099,81.081,81.088,156240000,1
1530163200000,1530163259000,81.089,81.099,81.078,81.095,151680000,1
1530163260000,1530163319000,81.096,81.103,81.095,81.098,76690000,1
1530163320000,1530163379000,81.098,81.116,81.089,81.115,92340000,1
1530163380000,1530163439000,81.115,81.115,81.1,81.1,58080000,1
1530163440000,1530163499000,81.098,81.108,81.096,81.099,95770000,1
1530163500000,1530163559000,81.099,81.115,81.099,81.114,76900000,1
1530163560000,1530163619000,81.117,81.118,81.101,81.106,144360000,1
1530163620000,1530163679000,81.106,81.107,81.098,81.098,68280000,1
1530163680000,1530163739000,81.1,81.102,81.091,81.091,53840000,1
1530163740000,1530163799000,81.091,81.105,81.09,81.094,152640000,1
1530163800000,1530163859000,81.097,81.097,81.086,81.091,188370000,1
1530163860000,1530163919000,81.091,81.094,81.072,81.085,188260000,1
1530163920000,1530163979000,81.084,81.093,81.083,81.083,138190000,1
1530163980000,1530164039000,81.083,81.085,81.066,81.066,82980000,1
1530164040000,1530164099000,81.067,81.075,81.061,81.065,137390000,1
1530164100000,1530164159000,81.065,81.069,81.06,81.062,175120000,1
1530164160000,1530164219000,81.061,81.061,81.039,81.053,226840000,1
1530164220000,1530164279000,81.053,81.071,81.053,81.064,141210000,1
1530164280000,1530164339000,81.064,81.072,81.038,81.043,155200000,1
1530164340000,1530164399000,81.042,81.042,81.027,81.028,170420000,1
1530164400000,1530164459000,81.028,81.041,81.026,81.026,231840000,1
1530164460000,1530164519000,81.028,81.034,81.009,81.012,186520000,1
1530164520000,1530164579000,81.012,81.038,81.012,81.024,109750000,1
1530164580000,1530164639000,81.023,81.036,81.021,81.031,66170000,1
1530164640000,1530164699000,81.031,81.042,81.022,81.022,111900000,1
1530164700000,1530164759000,81.022,81.025,81.002,81.006,205670000,1
1530164760000,1530164819000,81.008,81.039,81.008,81.034,185280000,1
1530164820000,1530164879000,81.033,81.056,81.029,81.054,151690000,1
1530164880000,1530164939000,81.054,81.059,81.046,81.056,118500000,1
1530164940000,1530164999000,81.055,81.06,81.049,81.056,82290000,1
1530165000000,1530165059000,81.056,81.068,81.05,81.068,120400000,1
1530165060000,1530165119000,81.068,81.068,81.041,81.041,72510000,1
1530165120000,1530165179000,81.04,81.069,81.04,81.069,134340000,1
1530165180000,1530165239000,81.07,81.079,81.063,81.072,101420000,1
1530165240000,1530165299000,81.07,81.085,81.065,81.084,90050000,1
1530165300000,1530165359000,81.083,81.088,81.075,81.076,122260000,1
1530165360000,1530165419000,81.076,81.077,81.062,81.064,102130000,1
1530165420000,1530165479000,81.065,81.08,81.063,81.079,149490000,1
1530165480000,1530165539000,81.079,81.08,81.054,81.054,88980000,1
1530165540000,1530165599000,81.054,81.065,81.044,81.044,102000000,1
1530165600000,1530165659000,81.044,81.058,81.043,81.05,110610000,1
1530165660000,1530165719000,81.05,81.052,81.047,81.051,67020000,1
1530165720000,1530165779000,81.052,81.091,81.052,81.082,152670000,1
1530165780000,1530165839000,81.081,81.089,81.07,81.086,101320000,1
1530165840000,1530165899000,81.086,81.097,81.082,81.097,139770000,1
1530165900000,1530165959000,81.097,81.104,81.082,81.083,192260000,1
1530165960000,1530166019000,81.083,81.099,81.073,81.082,121690000,1
1530166020000,1530166079000,81.082,81.087,81.077,81.079,131830000,1
1530166080000,1530166139000,81.08,81.08,81.06,81.06,118540000,1
1530166140000,1530166199000,81.06,81.069,81.059,81.061,99680000,1
1530166200000,1530166259000,81.062,81.073,81.061,81.067,142530000,1
1530166260000,1530166319000,81.068,81.075,81.059,81.059,174370000,1
1530166320000,1530166379000,81.058,81.073,81.038,81.042,167330000,1
1530166380000,1530166439000,81.042,81.054,81.04,81.054,98200000,1
1530166440000,1530166499000,81.055,81.06,81.043,81.043,79320000,1
1530166500000,1530166559000,81.043,81.047,81.018,81.02,137790000,1
1530166560000,1530166619000,81.022,81.027,81.013,81.021,121270000,1
1530166620000,1530166679000,81.021,81.021,80.987,80.989,134350000,1
1530166680000,1530166739000,80.989,81.008,80.987,81.001,85470000,1
1530166740000,1530166799000,81.001,81.018,80.999,81.006,95060000,1
1530166800000,1530166859000,81.006,81.006,80.994,80.996,113400000,1
1530166860000,1530166919000,80.995,80.995,80.99,80.992,107240000,1
1530166920000,1530166979000,80.992,81.003,80.987,81.003,157300000,1
1530166980000,1530167039000,81.003,81.018,81.002,81.017,96320000,1
1530167040000,1530167099000,81.016,81.019,81.011,81.011,106330000,1
1530167100000,1530167159000,81.01,81.015,81.008,81.012,120130000,1
1530167160000,1530167219000,81.012,81.028,81.012,81.028,131080000,1
1530167220000,1530167279000,81.026,81.03,81.014,81.019,114980000,1
1530167280000,1530167339000,81.019,81.037,81.015,81.021,136060000,1
1530167340000,1530167399000,81.025,81.03,81.009,81.016,131860000,1
1530167400000,1530167459000,81.017,81.034,81.015,81.032,141550000,1
1530167460000,1530167519000,81.033,81.033,81.016,81.019,124270000,1
1530167520000,1530167579000,81.022,81.022,80.963,80.968,213780000,1
1530167580000,1530167639000,80.971,80.984,80.964,80.968,168760000,1
1530167640000,1530167699000,80.969,80.978,80.946,80.946,157330000,1
1530167700000,1530167759000,80.949,80.949,80.928,80.936,159970000,1
1530167760000,1530167819000,80.935,80.942,80.921,80.937,186970000,1
1530167820000,1530167879000,80.932,80.934,80.898,80.914,159440000,1
1530167880000,1530167939000,80.914,80.951,80.912,80.948,235490000,1
1530167940000,1530167999000,80.953,80.954,80.937,80.94,201420000,1
1530168000000,1530168059000,80.939,80.947,80.93,80.947,207300000,1
1530168060000,1530168119000,80.946,80.966,80.942,80.961,196180000,1
1530168120000,1530168179000,80.961,80.993,80.956,80.989,207470000,1
1530168180000,1530168239000,80.989,81.004,80.974,80.974,197000000,1
1530168240000,1530168299000,80.975,80.985,80.963,80.966,179400000,1
1530168300000,1530168359000,80.966,80.988,80.956,80.983,170280000,1
1530168360000,1530168419000,80.983,80.984,80.965,80.975,85380000,1
1530168420000,1530168479000,80.976,80.98,80.963,80.973,104640000,1
1530168480000,1530168539000,80.971,80.975,80.946,80.952,158320000,1
1530168540000,1530168599000,80.952,80.952,80.931,80.939,113620000,1
1530168600000,1530168659000,80.941,80.943,80.927,80.928,174120000,1
1530168660000,1530168719000,80.928,80.949,80.927,80.949,109170000,1
1530168720000,1530168779000,80.949,80.96,80.945,80.951,114090000,1
1530168780000,1530168839000,80.95,80.97,80.938,80.938,168010000,1
1530168840000,1530168899000,80.938,80.954,80.93,80.945,143720000,1
1530168900000,1530168959000,80.947,80.954,80.937,80.939,184840000,1
1530168960000,1530169019000,80.939,80.956,80.937,80.948,180390000,1
1530169020000,1530169079000,80.948,80.962,80.937,80.937,196920000,1
1530169080000,1530169139000,80.936,80.943,80.924,80.929,245910000,1
1530169140000,1530169199000,80.93,80.97,80.929,80.956,176450000,1
1530169200000,1530169259000,80.957,80.957,80.906,80.912,287420000,1
1530169260000,1530169319000,80.912,80.962,80.906,80.958,326030000,1
1530169320000,1530169379000,80.958,80.958,80.901,80.922,238340000,1
1530169380000,1530169439000,80.924,80.943,80.924,80.933,164200000,1
1530169440000,1530169499000,80.933,80.94,80.92,80.922,216140000,1
1530169500000,1530169559000,80.921,80.955,80.915,80.946,228200000,1
1530169560000,1530169619000,80.945,80.966,80.945,80.951,204850000,1
1530169620000,1530169679000,80.951,80.988,80.95,80.982,221320000,1
1530169680000,1530169739000,80.981,80.981,80.944,80.952,727180000,1
1530169740000,1530169799000,80.952,80.959,80.93,80.959,212160000,1
1530169800000,1530169859000,80.958,80.962,80.927,80.935,222370000,1
1530169860000,1530169919000,80.936,80.978,80.933,80.978,189210000,1
1530169920000,1530169979000,80.978,80.979,80.948,80.957,186820000,1
1530169980000,1530170039000,80.956,80.965,80.943,80.963,195770000,1
1530170040000,1530170099000,80.962,80.967,80.942,80.95,230660000,1
1530170100000,1530170159000,80.949,80.949,80.917,80.939,213010000,1
1530170160000,1530170219000,80.941,81.02,80.935,80.993,293170000,1
1530170220000,1530170279000,80.994,81.055,80.991,81.05,249870000,1
1530170280000,1530170339000,81.044,81.051,81.018,81.031,294950000,1
1530170340000,1530170399000,81.031,81.046,81.012,81.041,212350000,1
1530170400000,1530170459000,81.044,81.065,81.042,81.055,202820000,1
1530170460000,1530170519000,81.055,81.055,81.034,81.046,171120000,1
1530170520000,1530170579000,81.046,81.059,81.041,81.043,127040000,1
1530170580000,1530170639000,81.042,81.042,81.013,81.042,207530000,1
1530170640000,1530170699000,81.042,81.048,81.016,81.039,168030000,1
1530170700000,1530170759000,81.04,81.057,81.021,81.021,158140000,1
1530170760000,1530170819000,81.022,81.036,81.005,81.036,141920000,1
1530170820000,1530170879000,81.037,81.059,81.037,81.05,134410000,1
1530170880000,1530170939000,81.05,81.062,81.04,81.052,154560000,1
1530170940000,1530170999000,81.054,81.087,81.05,81.056,206250000,1
1530171000000,1530171059000,81.057,81.069,81.025,81.027,179030000,1
1530171060000,1530171119000,81.027,81.036,81.015,81.032,191300000,1
1530171120000,1530171179000,81.031,81.031,80.998,81.004,126390000,1
1530171180000,1530171239000,81.003,81.007,80.997,81.007,113490000,1
1530171240000,1530171299000,81.006,81.021,80.997,81.007,184230000,1
1530171300000,1530171359000,81.008,81.042,81.008,81.041,111610000,1
1530171360000,1530171419000,81.04,81.052,81.037,81.045,108330000,1
1530171420000,1530171479000,81.045,81.078,81.045,81.072,170220000,1
1530171480000,1530171539000,81.074,81.084,81.044,81.044,230630000,1
1530171540000,1530171599000,81.047,81.09,81.036,81.089,253400000,1
1530171600000,1530171659000,81.089,81.089,81.053,81.06,218510000,1
1530171660000,1530171719000,81.062,81.088,81.059,81.086,110390000,1
1530171720000,1530171779000,81.085,81.094,81.075,81.079,184900000,1
1530171780000,1530171839000,81.079,81.083,81.065,81.065,132580000,1
1530171840000,1530171899000,81.066,81.068,81.049,81.052,142790000,1
1530171900000,1530171959000,81.052,81.056,81.042,81.042,127110000,1
1530171960000,1530172019000,81.042,81.043,81.007,81.021,136600000,1
1530172020000,1530172079000,81.021,81.029,81.008,81.009,100960000,1
1530172080000,1530172139000,81.01,81.015,81.003,81.015,124690000,1
1530172140000,1530172199000,81.015,81.016,81.007,81.013,74440000,1
1530172200000,1530172259000,81.013,81.02,81.005,81.02,82940000,1
1530172260000,1530172319000,81.02,81.05,81.014,81.037,139230000,1
1530172320000,1530172379000,81.036,81.041,81.017,81.027,161990000,1
1530172380000,1530172439000,81.027,81.037,81.02,81.035,132190000,1
1530172440000,1530172499000,81.032,81.035,81.023,81.034,196630000,1
1530172500000,1530172559000,81.033,81.053,81.023,81.047,219730000,1
1530172560000,1530172619000,81.047,81.047,81.028,81.035,140610000,1
1530172620000,1530172679000,81.035,81.035,81.012,81.016,151220000,1
1530172680000,1530172739000,81.017,81.02,80.993,80.999,140770000,1
1530172740000,1530172799000,81.0,81.026,80.997,81.014,144340000,1
1530172800000,1530172859000,81.019,81.048,81.019,81.027,246330000,1
1530172860000,1530172919000,81.028,81.034,81.004,81.017,243660000,1
1530172920000,1530172979000,81.016,81.027,81.005,81.027,157440000,1
1530172980000,1530173039000,81.032,81.037,81.012,81.013,136780000,1
1530173040000,1530173099000,81.012,81.032,81.012,81.03,176780000,1
1530173100000,1530173159000,81.03,81.033,81.009,81.012,145540000,1
1530173160000,1530173219000,81.012,81.018,81.0,81.002,135090000,1
1530173220000,1530173279000,81.001,81.004,80.993,80.997,119120000,1
1530173280000,1530173339000,80.997,81.023,80.994,81.023,155470000,1
1530173340000,1530173399000,81.022,81.037,81.02,81.037,141960000,1
1530173400000,1530173459000,81.039,81.067,81.039,81.041,150830000,1
1530173460000,1530173519000,81.041,81.042,81.021,81.021,83500000,1
1530173520000,1530173579000,81.021,81.023,81.0,81.003,108990000,1
1530173580000,1530173639000,81.001,81.003,80.979,80.979,150150000,1
1530173640000,1530173699000,80.98,80.992,80.975,80.978,139260000,1
1530173700000,1530173759000,80.98,80.987,80.978,80.983,143070000,1
1530173760000,1530173819000,80.982,81.002,80.981,80.99,123410000,1
1530173820000,1530173879000,80.989,80.989,80.977,80.98,77260000,1
1530173880000,1530173939000,80.982,80.982,80.974,80.975,130470000,1
1530173940000,1530173999000,80.975,80.983,80.96,80.967,119980000,1
1530174000000,1530174059000,80.968,80.977,80.958,80.961,208030000,1
1530174060000,1530174119000,80.959,80.972,80.957,80.966,107230000,1
1530174120000,1530174179000,80.965,80.965,80.938,80.94,116060000,1
1530174180000,1530174239000,80.94,80.95,80.938,80.95,124510000,1
1530174240000,1530174299000,80.949,80.95,80.929,80.936,199630000,1
1530174300000,1530174359000,80.936,80.973,80.935,80.962,166250000,1
1530174360000,1530174419000,80.961,80.966,80.94,80.949,152080000,1
1530174420000,1530174479000,80.949,80.965,80.948,80.948,190090000,1
1530174480000,1530174539000,80.947,80.969,80.947,80.969,188570000,1
1530174540000,1530174599000,80.967,80.97,80.924,80.942,234440000,1
1530174600000,1530174659000,80.945,80.953,80.93,80.952,154510000,1
1530174660000,1530174719000,80.952,80.972,80.951,80.955,200210000,1
1530174720000,1530174779000,80.955,80.978,80.951,80.963,179310000,1
1530174780000,1530174839000,80.963,80.963,80.949,80.951,162330000,1
1530174840000,1530174899000,80.951,80.952,80.933,80.942,176490000,1
1530174900000,1530174959000,80.944,80.944,80.929,80.931,138590000,1
1530174960000,1530175019000,80.93,80.931,80.911,80.922,215550000,1
1530175020000,1530175079000,80.924,80.939,80.919,80.921,164410000,1
1530175080000,1530175139000,80.921,80.923,80.891,80.901,202040000,1
1530175140000,1530175199000,80.902,80.912,80.896,80.908,166610000,1
1530175200000,1530175259000,80.908,80.909,80.889,80.892,144740000,1
1530175260000,1530175319000,80.893,80.908,80.881,80.908,205260000,1
1530175320000,1530175379000,80.912,80.927,80.905,80.906,204530000,1
1530175380000,1530175439000,80.909,80.922,80.909,80.919,165310000,1
1530175440000,1530175499000,80.919,80.932,80.899,80.925,184300000,1
1530175500000,1530175559000,80.923,80.938,80.917,80.928,188710000,1
1530175560000,1530175619000,80.928,80.941,80.914,80.94,159030000,1
1530175620000,1530175679000,80.941,80.943,80.931,80.94,116710000,1
1530175680000,1530175739000,80.941,80.957,80.935,80.947,165850000,1
1530175740000,1530175799000,80.947,80.958,80.945,80.95,151780000,1
1530175800000,1530175859000,80.949,80.955,80.942,80.951,146770000,1
1530175860000,1530175919000,80.951,80.958,80.944,80.949,124080000,1
1530175920000,1530175979000,80.949,80.975,80.949,80.973,117050000,1
1530175980000,1530176039000,80.973,80.996,80.962,80.994,142920000,1
1530176040000,1530176099000,80.994,81.004,80.988,81.001,76910000,1
1530176100000,1530176159000,81.001,81.026,81.001,81.021,97090000,1
1530176160000,1530176219000,81.021,81.04,81.016,81.029,136870000,1
1530176220000,1530176279000,81.029,81.029,80.988,80.989,150980000,1
1530176280000,1530176339000,80.989,80.991,80.975,80.978,97900000,1
1530176340000,1530176399000,80.976,80.976,80.959,80.959,74450000,1
1530176400000,1530176459000,80.958,80.968,80.956,80.966,73060000,1
1530176460000,1530176519000,80.967,80.967,80.937,80.938,78330000,1
1530176520000,1530176579000,80.937,80.976,80.937,80.975,114400000,1
1530176580000,1530176639000,80.976,80.996,80.962,80.969,82190000,1
1530176640000,1530176699000,80.967,80.973,80.944,80.946,151200000,1
1530176700000,1530176759000,80.946,80.95,80.932,80.932,174600000,1
1530176760000,1530176819000,80.938,80.958,80.938,80.949,78850000,1
1530176820000,1530176879000,80.949,80.949,80.932,80.935,71970000,1
1530176880000,1530176939000,80.934,80.934,80.906,80.924,127400000,1
1530176940000,1530176999000,80.922,80.933,80.91,80.933,103370000,1
1530177000000,1530177059000,80.935,80.946,80.924,80.932,226060000,1
1530177060000,1530177119000,80.932,80.949,80.927,80.938,749270000,1
1530177120000,1530177179000,80.938,80.943,80.923,80.939,97350000,1
1530177180000,1530177239000,80.938,80.945,80.918,80.924,123320000,1
1530177240000,1530177299000,80.923,80.933,80.922,80.925,99370000,1
1530177300000,1530177359000,80.924,80.929,80.912,80.917,115030000,1
1530177360000,1530177419000,80.917,80.935,80.904,80.906,133590000,1
1530177420000,1530177479000,80.906,80.907,80.888,80.9,157260000,1
1530177480000,1530177539000,80.898,80.911,80.887,80.911,120040000,1
1530177540000,1530177599000,80.91,80.944,80.906,80.943,167260000,1
1530177600000,1530177659000,80.943,80.944,80.928,80.931,169330000,1
1530177660000,1530177719000,80.931,80.938,80.921,80.923,103130000,1
1530177720000,1530177779000,80.922,80.929,80.912,80.919,113230000,1
1530177780000,1530177839000,80.918,80.944,80.916,80.933,121690000,1
1530177840000,1530177899000,80.932,80.942,80.928,80.936,87620000,1
1530177900000,1530177959000,80.936,80.946,80.926,80.946,109260000,1
1530177960000,1530178019000,80.947,80.955,80.942,80.943,121810000,1
1530178020000,1530178079000,80.942,80.952,80.932,80.939,132530000,1
1530178080000,1530178139000,80.938,80.938,80.925,80.932,117280000,1
1530178140000,1530178199000,80.931,80.931,80.916,80.928,99110000,1
1530178200000,1530178259000,80.927,80.93,80.909,80.918,104740000,1
1530178260000,1530178319000,80.918,80.918,80.913,80.914,51000000,1
1530178320000,1530178379000,80.913,80.914,80.89,80.905,211120000,1
1530178380000,1530178439000,80.905,80.91,80.883,80.887,161430000,1
1530178440000,1530178499000,80.888,80.898,80.878,80.887,166940000,1
1530178500000,1530178559000,80.887,80.891,80.872,80.872,155090000,1
1530178560000,1530178619000,80.872,80.872,80.847,80.855,209680000,1
1530178620000,1530178679000,80.855,80.862,80.847,80.861,171820000,1
1530178680000,1530178739000,80.862,80.874,80.859,80.869,136080000,1
1530178740000,1530178799000,80.869,80.869,80.864,80.868,57320000,1
1530178800000,1530178859000,80.868,80.874,80.853,80.857,140510000,1
1530178860000,1530178919000,80.857,80.863,80.853,80.857,134680000,1
1530178920000,1530178979000,80.858,80.87,80.856,80.87,136580000,1
1530178980000,1530179039000,80.87,80.891,80.866,80.891,116300000,1
1530179040000,1530179099000,80.891,80.903,80.891,80.896,95220000,1
1530179100000,1530179159000,80.9,80.912,80.896,80.907,115550000,1
1530179160000,1530179219000,80.907,80.918,80.905,80.915,96980000,1
1530179220000,1530179279000,80.917,80.922,80.915,80.922,82330000,1
1530179280000,1530179339000,80.922,80.923,80.893,80.908,112570000,1
1530179340000,1530179399000,80.907,80.913,80.897,80.9,104010000,1
1530179400000,1530179459000,80.9,80.902,80.89,80.896,98710000,1
1530179460000,1530179519000,80.897,80.917,80.894,80.917,168350000,1
1530179520000,1530179579000,80.918,80.928,80.913,80.928,150400000,1
1530179580000,1530179639000,80.927,80.934,80.909,80.929,159160000,1
1530179640000,1530179699000,80.929,80.948,80.927,80.937,170940000,1
1530179700000,1530179759000,80.937,80.951,80.93,80.945,224540000,1
1530179760000,1530179819000,80.944,80.952,80.933,80.948,176160000,1
1530179820000,1530179879000,80.948,80.973,80.941,80.951,161250000,1
1530179880000,1530179939000,80.951,80.96,80.946,80.951,114670000,1
1530179940000,1530179999000,80.954,80.975,80.953,80.975,159640000,1
1530180000000,1530180059000,80.974,80.991,80.964,80.985,142480000,1
1530180060000,1530180119000,80.982,81.0,80.977,80.994,140480000,1
1530180120000,1530180179000,80.995,81.002,80.98,80.984,156330000,1
1530180180000,1530180239000,80.983,80.986,80.971,80.974,117120000,1
1530180240000,1530180299000,80.974,80.974,80.956,80.972,176740000,1
1530180300000,1530180359000,80.972,80.979,80.97,80.977,61530000,1
1530180360000,1530180419000,80.975,80.977,80.963,80.969,87300000,1
1530180420000,1530180479000,80.969,80.969,80.949,80.962,185280000,1
1530180480000,1530180539000,80.962,80.964,80.943,80.943,119890000,1
1530180540000,1530180599000,80.943,80.948,80.92,80.939,212100000,1
1530180600000,1530180659000,80.94,80.946,80.933,80.942,92970000,1
1530180660000,1530180719000,80.942,80.957,80.938,80.957,105500000,1
1530180720000,1530180779000,80.956,80.977,80.956,80.972,87860000,1
1530180780000,1530180839000,80.972,80.972,80.959,80.961,97940000,1
1530180840000,1530180899000,80.961,80.971,80.954,80.968,130830000,1
1530180900000,1530180959000,80.968,80.987,80.962,80.971,135790000,1
1530180960000,1530181019000,80.97,80.979,80.956,80.978,120530000,1
1530181020000,1530181079000,80.98,81.003,80.98,81.002,103790000,1
1530181080000,1530181139000,81.002,81.002,80.969,80.975,130430000,1
1530181140000,1530181199000,80.976,80.993,80.969,80.992,118560000,1
1530181200000,1530181259000,80.992,81.013,80.985,81.01,99710000,1
1530181260000,1530181319000,81.01,81.019,81.007,81.014,146550000,1
1530181320000,1530181379000,81.014,81.031,81.007,81.024,179850000,1
1530181380000,1530181439000,81.025,81.034,81.014,81.016,126570000,1
1530181440000,1530181499000,81.018,81.031,81.018,81.02,103560000,1
1530181500000,1530181559000,81.02,81.03,81.014,81.03,127290000,1
1530181560000,1530181619000,81.032,81.036,81.02,81.027,145790000,1
1530181620000,1530181679000,81.028,81.028,81.019,81.023,85600000,1
1530181680000,1530181739000,81.023,81.028,81.019,81.022,117300000,1
1530181740000,1530181799000,81.022,81.052,81.022,81.048,158950000,1
1530181800000,1530181859000,81.049,81.053,81.032,81.049,187370000,1
1530181860000,1530181919000,81.048,81.059,81.022,81.036,163030000,1
1530181920000,1530181979000,81.037,81.038,81.023,81.026,148830000,1
1530181980000,1530182039000,81.025,81.049,81.025,81.042,127750000,1
1530182040000,1530182099000,81.044,81.048,81.029,81.032,137620000,1
1530182100000,1530182159000,81.032,81.032,81.016,81.024,134810000,1
1530182160000,1530182219000,81.024,81.027,81.013,81.027,169990000,1
1530182220000,1530182279000,81.028,81.035,81.015,81.015,109600000,1
1530182280000,1530182339000,81.015,81.024,81.006,81.018,125910000,1
1530182340000,1530182399000,81.015,81.023,81.007,81.017,117870000,1
1530182400000,1530182459000,81.016,81.033,81.016,81.029,149060000,1
1530182460000,1530182519000,81.029,81.04,81.017,81.036,102920000,1
1530182520000,1530182579000,81.036,81.064,81.036,81.051,187510000,1
1530182580000,1530182639000,81.052,81.06,81.046,81.053,99070000,1
1530182640000,1530182699000,81.053,81.067,81.053,81.054,117920000,1
1530182700000,1530182759000,81.054,81.059,81.045,81.052,121520000,1
1530182760000,1530182819000,81.051,81.061,81.049,81.061,95980000,1
1530182820000,1530182879000,81.063,81.063,81.048,81.051,104180000,1
1530182880000,1530182939000,81.051,81.052,81.039,81.039,75790000,1
1530182940000,1530182999000,81.038,81.038,81.024,81.028,109420000,1
1530183000000,1530183059000,81.028,81.039,81.023,81.033,115080000,1
1530183060000,1530183119000,81.032,81.038,81.015,81.026,98500000,1
1530183120000,1530183179000,81.026,81.026,81.02,81.021,101330000,1
1530183180000,1530183239000,81.021,81.025,81.011,81.012,103870000,1
1530183240000,1530183299000,81.012,81.036,81.011,81.036,72200000,1
1530183300000,1530183359000,81.036,81.057,81.036,81.051,144390000,1
1530183360000,1530183419000,81.051,81.052,81.024,81.039,139850000,1
1530183420000,1530183479000,81.038,81.038,81.016,81.017,167130000,1
1530183480000,1530183539000,81.019,81.02,80.978,80.985,206390000,1
1530183540000,1530183599000,80.984,81.006,80.983,81.005,173450000,1
1530183600000,1530183659000,81.005,81.005,80.982,80.987,153870000,1
1530183660000,1530183719000,80.987,81.009,80.982,80.993,149400000,1
1530183720000,1530183779000,80.992,80.996,80.977,80.983,115540000,1
1530183780000,1530183839000,80.984,81.01,80.984,81.004,77470000,1
1530183840000,1530183899000,81.002,81.02,80.997,81.013,100460000,1
1530183900000,1530183959000,81.011,81.032,80.997,80.998,118890000,1
1530183960000,1530184019000,80.998,81.016,80.995,81.009,169310000,1
1530184020000,1530184079000,81.01,81.013,80.995,80.996,158900000,1
1530184080000,1530184139000,80.996,81.006,80.981,80.981,133040000,1
1530184140000,1530184199000,80.981,80.983,80.959,80.967,159690000,1
1530184200000,1530184259000,80.968,80.974,80.95,80.954,149410000,1
1530184260000,1530184319000,80.955,80.982,80.955,80.979,137990000,1
1530184320000,1530184379000,80.98,80.995,80.979,80.987,52630000,1
1530184380000,1530184439000,80.987,80.992,80.974,80.987,104620000,1
1530184440000,1530184499000,80.987,80.989,80.975,80.979,117690000,1
1530184500000,1530184559000,80.979,80.997,80.968,80.996,92570000,1
1530184560000,1530184619000,80.997,81.009,80.996,81.006,29440000,1
1530184620000,1530184679000,81.005,81.005,80.986,80.992,131690000,1
1530184680000,1530184739000,80.992,80.992,80.977,80.979,151230000,1
1530184740000,1530184799000,80.978,80.983,80.975,80.978,116260000,1
1530184800000,1530184859000,80.978,80.997,80.978,80.996,90700000,1
1530184860000,1530184919000,80.997,81.003,80.993,81.003,105900000,1
1530184920000,1530184979000,81.002,81.023,80.997,81.012,111380000,1
1530184980000,1530185039000,81.012,81.02,81.004,81.005,150940000,1
1530185040000,1530185099000,81.004,81.008,80.993,80.997,164240000,1
1530185100000,1530185159000,80.996,81.015,80.993,81.013,131270000,1
1530185160000,1530185219000,81.012,81.012,81.0,81.006,71870000,1
1530185220000,1530185279000,81.008,81.008,81.001,81.001,52810000,1
1530185280000,1530185339000,81.001,81.015,80.998,81.008,131640000,1
1530185340000,1530185399000,81.009,81.009,80.986,80.987,99930000,1
1530185400000,1530185459000,80.987,80.99,80.968,80.975,175800000,1
1530185460000,1530185519000,80.976,81.003,80.976,81.003,61700000,1
1530185520000,1530185579000,81.002,81.005,80.995,80.999,59440000,1
1530185580000,1530185639000,81.0,81.016,81.0,81.014,120960000,1
1530185640000,1530185699000,81.013,81.013,80.997,80.999,75050000,1
1530185700000,1530185759000,80.999,81.01,80.994,81.008,131450000,1
1530185760000,1530185819000,81.008,81.019,81.006,81.012,154370000,1
1530185820000,1530185879000,81.012,81.016,81.0,81.006,119660000,1
1530185880000,1530185939000,81.007,81.016,81.004,81.004,76140000,1
1530185940000,1530185999000,81.004,81.012,81.004,81.012,59970000,1
1530186000000,1530186059000,81.012,81.012,80.995,80.997,105870000,1
1530186060000,1530186119000,80.996,81.004,80.982,80.983,84140000,1
1530186120000,1530186179000,80.985,80.986,80.978,80.983,112210000,1
1530186180000,1530186239000,80.982,80.983,80.969,80.97,164630000,1
1530186240000,1530186299000,80.97,80.973,80.964,80.965,91080000,1
1530186300000,1530186359000,80.965,80.967,80.945,80.946,141600000,1
1530186360000,1530186419000,80.946,80.951,80.932,80.932,172500000,1
1530186420000,1530186479000,80.933,80.938,80.92,80.92,120500000,1
1530186480000,1530186539000,80.919,80.929,80.913,80.919,140210000,1
1530186540000,1530186599000,80.92,80.928,80.916,80.923,63150000,1
1530186600000,1530186659000,80.924,80.93,80.923,80.926,168280000,1
1530186660000,1530186719000,80.926,80.931,80.921,80.923,119770000,1
1530186720000,1530186779000,80.923,80.935,80.923,80.931,89200000,1
1530186780000,1530186839000,80.931,80.932,80.918,80.918,136970000,1
1530186840000,1530186899000,80.916,80.928,80.911,80.911,123350000,1
1530186900000,1530186959000,80.911,80.912,80.896,80.909,155160000,1
1530186960000,1530187019000,80.909,80.93,80.903,80.925,98670000,1
1530187020000,1530187079000,80.922,80.922,80.913,80.92,63670000,1
1530187080000,1530187139000,80.919,80.926,80.915,80.924,101740000,1
1530187140000,1530187199000,80.923,80.939,80.921,80.936,122510000,1
1530187200000,1530187259000,80.938,80.938,80.918,80.926,142370000,1
1530187260000,1530187319000,80.925,80.931,80.912,80.913,137640000,1
1530187320000,1530187379000,80.912,80.942,80.912,80.937,146680000,1
1530187380000,1530187439000,80.937,80.944,80.933,80.943,74750000,1
1530187440000,1530187499000,80.942,80.942,80.919,80.919,84570000,1
1530187500000,1530187559000,80.919,80.926,80.917,80.919,108030000,1
1530187560000,1530187619000,80.92,80.92,80.912,80.914,177170000,1
1530187620000,1530187679000,80.914,80.92,80.908,80.911,152090000,1
1530187680000,1530187739000,80.909,80.91,80.893,80.904,182720000,1
1530187740000,1530187799000,80.904,80.904,80.878,80.891,205360000,1
1530187800000,1530187859000,80.89,80.892,80.868,80.883,211290000,1
1530187860000,1530187919000,80.884,80.892,80.876,80.886,222580000,1
1530187920000,1530187979000,80.885,80.892,80.869,80.883,149770000,1
1530187980000,1530188039000,80.883,80.899,80.882,80.893,114890000,1
1530188040000,1530188099000,80.892,80.896,80.878,80.89,194530000,1
1530188100000,1530188159000,80.887,80.887,80.863,80.863,166980000,1
1530188160000,1530188219000,80.863,80.905,80.863,80.905,143430000,1
1530188220000,1530188279000,80.904,80.904,80.85,80.863,154930000,1
1530188280000,1530188339000,80.864,80.869,80.832,80.85,282350000,1
1530188340000,1530188399000,80.85,80.88,80.845,80.868,222710000,1
1530188400000,1530188459000,80.87,80.888,80.86,80.884,180210000,1
1530188460000,1530188519000,80.883,80.89,80.874,80.89,151410000,1
1530188520000,1530188579000,80.891,80.913,80.883,80.906,124700000,1
1530188580000,1530188639000,80.906,80.906,80.881,80.897,184220000,1
1530188640000,1530188699000,80.898,80.924,80.898,80.901,162810000,1
1530188700000,1530188759000,80.901,80.918,80.901,80.914,149980000,1
1530188760000,1530188819000,80.916,80.918,80.909,80.91,60250000,1
1530188820000,1530188879000,80.91,80.915,80.906,80.913,40600000,1
1530188880000,1530188939000,80.912,80.923,80.91,80.919,105160000,1
1530188940000,1530188999000,80.923,80.933,80.909,80.919,138830000,1
1530189000000,1530189059000,80.915,80.931,80.897,80.925,202620000,1
1530189060000,1530189119000,80.925,80.925,80.905,80.913,143390000,1
1530189120000,1530189179000,80.915,80.915,80.87,80.875,99670000,1
1530189180000,1530189239000,80.876,80.908,80.876,80.904,157390000,1
1530189240000,1530189299000,80.906,80.928,80.904,80.927,150640000,1
1530189300000,1530189359000,80.928,80.939,80.875,80.888,249540000,1
1530189360000,1530189419000,80.887,80.891,80.849,80.862,212320000,1
1530189420000,1530189479000,80.862,80.869,80.853,80.867,217760000,1
1530189480000,1530189539000,80.868,80.897,80.866,80.886,230100000,1
1530189540000,1530189599000,80.887,80.898,80.866,80.869,151670000,1
1530189600000,1530189659000,80.868,80.868,80.851,80.863,160500000,1
1530189660000,1530189719000,80.863,80.863,80.843,80.854,184170000,1
1530189720000,1530189779000,80.853,80.862,80.847,80.861,168760000,1
1530189780000,1530189839000,80.859,80.877,80.838,80.877,200850000,1
1530189840000,1530189899000,80.878,80.894,80.872,80.894,145030000,1
1530189900000,1530189959000,80.895,80.903,80.893,80.901,162420000,1
1530189960000,1530190019000,80.903,80.926,80.903,80.926,128540000,1
1530190020000,1530190079000,80.927,80.94,80.926,80.93,92830000,1
1530190080000,1530190139000,80.929,80.934,80.915,80.916,122450000,1
1530190140000,1530190199000,80.915,80.917,80.9,80.908,161720000,1
1530190200000,1530190259000,80.908,80.927,80.908,80.924,150570000,1
1530190260000,1530190319000,80.923,80.928,80.914,80.917,91810000,1
1530190320000,1530190379000,80.917,80.922,80.907,80.913,116470000,1
1530190380000,1530190439000,80.912,80.912,80.907,80.909,104080000,1
1530190440000,1530190499000,80.909,80.909,80.871,80.876,153710000,1
1530190500000,1530190559000,80.879,80.892,80.874,80.887,151590000,1
1530190560000,1530190619000,80.887,80.893,80.868,80.87,164390000,1
1530190620000,1530190679000,80.87,80.875,80.844,80.846,201290000,1
1530190680000,1530190739000,80.847,80.868,80.847,80.867,198990000,1
1530190740000,1530190799000,80.867,80.877,80.865,80.866,182290000,1
1530190800000,1530190859000,80.863,80.898,80.861,80.874,244420000,1
1530190860000,1530190919000,80.873,80.879,80.864,80.877,185610000,1
1530190920000,1530190979000,80.877,80.879,80.842,80.867,194130000,1
1530190980000,1530191039000,80.867,80.872,80.858,80.862,195260000,1
1530191040000,1530191099000,80.863,80.88,80.858,80.873,168360000,1
1530191100000,1530191159000,80.872,80.874,80.854,80.872,168870000,1
1530191160000,1530191219000,80.871,80.907,80.865,80.906,183490000,1
1530191220000,1530191279000,80.906,80.919,80.87,80.876,158750000,1
1530191280000,1530191339000,80.876,80.878,80.862,80.87,135160000,1
1530191340000,1530191399000,80.871,80.884,80.868,80.88,175370000,1
1530191400000,1530191459000,80.879,80.885,80.869,80.884,128360000,1
1530191460000,1530191519000,80.883,80.89,80.876,80.881,141090000,1
1530191520000,1530191579000,80.881,80.899,80.873,80.899,188430000,1
1530191580000,1530191639000,80.897,80.918,80.897,80.902,134910000,1
1530191640000,1530191699000,80.9,80.923,80.898,80.923,155550000,1
1530191700000,1530191759000,80.923,80.929,80.913,80.921,161780000,1
1530191760000,1530191819000,80.923,80.933,80.919,80.929,101610000,1
1530191820000,1530191879000,80.927,80.93,80.922,80.93,78210000,1
1530191880000,1530191939000,80.93,80.932,80.917,80.92,82450000,1
1530191940000,1530191999000,80.92,80.931,80.919,80.93,142590000,1
1530192000000,1530192059000,80.929,80.929,80.917,80.926,94780000,1
1530192060000,1530192119000,80.926,80.942,80.921,80.936,82830000,1
1530192120000,1530192179000,80.935,80.935,80.924,80.929,79030000,1
1530192180000,1530192239000,80.93,80.931,80.92,80.92,71690000,1
1530192240000,1530192299000,80.919,80.924,80.915,80.922,132590000,1
1530192300000,1530192359000,80.921,80.941,80.916,80.941,124540000,1
1530192360000,1530192419000,80.941,80.946,80.926,80.932,157800000,1
1530192420000,1530192479000,80.932,80.949,80.927,80.949,115220000,1
1530192480000,1530192539000,80.949,80.964,80.945,80.962,112140000,1
1530192540000,1530192599000,80.963,80.98,80.963,80.977,110600000,1
1530192600000,1530192659000,80.978,81.001,80.973,80.974,238930000,1
1530192660000,1530192719000,80.975,80.975,80.953,80.955,165230000,1
1530192720000,1530192779000,80.953,80.96,80.943,80.95,154080000,1
1530192780000,1530192839000,80.948,80.959,80.932,80.958,188310000,1
1530192840000,1530192899000,80.956,80.987,80.948,80.984,169150000,1
1530192900000,1530192959000,80.983,80.993,80.977,80.988,151520000,1
1530192960000,1530193019000,80.988,81.049,80.988,81.035,234520000,1
1530193020000,1530193079000,81.035,81.042,81.025,81.029,190290000,1
1530193080000,1530193139000,81.027,81.042,81.021,81.029,178430000,1
1530193140000,1530193199000,81.029,81.029,81.017,81.024,153250000,1
1530193200000,1530193259000,81.023,81.023,81.005,81.013,162990000,1
1530193260000,1530193319000,81.013,81.055,81.013,81.046,209220000,1
1530193320000,1530193379000,81.048,81.049,81.02,81.036,172250000,1
1530193380000,1530193439000,81.035,81.047,81.014,81.016,146560000,1
1530193440000,1530193499000,81.018,81.027,80.985,80.985,217870000,1
1530193500000,1530193559000,80.984,80.986,80.936,80.941,192100000,1
1530193560000,1530193619000,80.941,80.951,80.915,80.922,221850000,1
1530193620000,1530193679000,80.921,80.93,80.901,80.91,264340000,1
1530193680000,1530193739000,80.909,80.911,80.888,80.891,163600000,1
1530193740000,1530193799000,80.89,80.912,80.889,80.906,187680000,1
1530193800000,1530193859000,80.905,80.928,80.903,80.927,225180000,1
1530193860000,1530193919000,80.927,80.935,80.907,80.929,209930000,1
1530193920000,1530193979000,80.929,80.936,80.916,80.929,213630000,1
1530193980000,1530194039000,80.929,80.966,80.929,80.966,181410000,1
1530194040000,1530194099000,80.965,80.994,80.956,80.963,232130000,1
1530194100000,1530194159000,80.963,80.963,80.925,80.936,184140000,1
1530194160000,1530194219000,80.935,80.983,80.935,80.964,223910000,1
1530194220000,1530194279000,80.961,80.961,80.936,80.936,156530000,1
1530194280000,1530194339000,80.935,80.939,80.906,80.923,214470000,1
1530194340000,1530194399000,80.924,80.961,80.915,80.961,297460000,1
1530194400000,1530194459000,80.961,80.983,80.954,80.983,189850000,1
1530194460000,1530194519000,80.985,81.037,80.978,81.023,253690000,1
1530194520000,1530194579000,81.023,81.054,81.015,81.034,199900000,1
1530194580000,1530194639000,81.035,81.057,81.007,81.017,199450000,1
1530194640000,1530194699000,81.017,81.026,80.978,80.992,202570000,1
1530194700000,1530194759000,80.995,81.015,80.989,80.989,209540000,1
1530194760000,1530194819000,80.99,81.018,80.969,81.004,232260000,1
1530194820000,1530194879000,81.004,81.033,80.992,81.011,205190000,1
1530194880000,1530194939000,81.01,81.058,81.009,81.041,253420000,1
1530194940000,1530194999000,81.038,81.046,81.02,81.033,225170000,1
1530195000000,1530195059000,81.032,81.047,81.002,81.015,227210000,1
1530195060000,1530195119000,81.018,81.029,81.004,81.01,241830000,1
1530195120000,1530195179000,81.01,81.031,80.994,81.006,219220000,1
1530195180000,1530195239000,81.007,81.009,80.978,80.986,258290000,1
1530195240000,1530195299000,80.991,81.018,80.991,80.999,190720000,1
1530195300000,1530195359000,80.998,81.028,80.98,81.024,273410000,1
1530195360000,1530195419000,81.024,81.024,80.979,80.989,287870000,1
1530195420000,1530195479000,80.982,80.995,80.977,80.982,201290000,1
1530195480000,1530195539000,80.981,81.024,80.974,81.013,240390000,1
1530195540000,1530195599000,81.013,81.055,81.008,81.027,236440000,1
1530195600000,1530195659000,81.027,81.028,80.995,80.996,175240000,1
1530195660000,1530195719000,80.996,81.04,80.996,81.038,211090000,1
1530195720000,1530195779000,81.039,81.069,81.029,81.045,221350000,1
1530195780000,1530195839000,81.046,81.049,81.013,81.024,194020000,1
1530195840000,1530195899000,81.024,81.049,81.022,81.049,179490000,1
1530195900000,1530195959000,81.047,81.084,81.024,81.072,217870000,1
1530195960000,1530196019000,81.074,81.091,81.054,81.065,263710000,1
1530196020000,1530196079000,81.065,81.069,81.047,81.062,175490000,1
1530196080000,1530196139000,81.061,81.062,81.039,81.039,202370000,1
1530196140000,1530196199000,81.039,81.052,81.031,81.042,225250000,1
1530196200000,1530196259000,81.041,81.045,81.02,81.037,159470000,1
1530196260000,1530196319000,81.037,81.05,81.025,81.037,166810000,1
1530196320000,1530196379000,81.037,81.037,81.014,81.015,198220000,1
1530196380000,1530196439000,81.015,81.043,81.0,81.038,204340000,1
1530196440000,1530196499000,81.038,81.042,81.007,81.008,221440000,1
1530196500000,1530196559000,81.007,81.029,80.993,80.995,230560000,1
1530196560000,1530196619000,81.0,81.006,80.984,80.985,186390000,1
1530196620000,1530196679000,80.984,80.984,80.958,80.973,227060000,1
1530196680000,1530196739000,80.973,80.981,80.957,80.967,202840000,1
1530196740000,1530196799000,80.966,81.031,80.966,81.031,192020000,1
1530196800000,1530196859000,81.03,81.048,81.021,81.041,167420000,1
1530196860000,1530196919000,81.04,81.043,81.013,81.013,180990000,1
1530196920000,1530196979000,81.014,81.041,80.999,81.035,202710000,1
1530196980000,1530197039000,81.034,81.055,81.031,81.045,188570000,1
1530197040000,1530197099000,81.045,81.059,81.045,81.047,183110000,1
1530197100000,1530197159000,81.048,81.078,81.048,81.069,172420000,1
1530197160000,1530197219000,81.068,81.074,81.045,81.062,237980000,1
1530197220000,1530197279000,81.061,81.062,81.038,81.041,254330000,1
1530197280000,1530197339000,81.043,81.051,81.036,81.045,202070000,1
1530197340000,1530197399000,81.045,81.049,81.032,81.038,148980000,1
1530197400000,1530197459000,81.038,81.038,80.988,80.991,204140000,1
1530197460000,1530197519000,80.99,81.012,80.973,80.98,274670000,1
1530197520000,1530197579000,80.981,81.013,80.981,81.009,187830000,1
1530197580000,1530197639000,81.008,81.052,81.004,81.037,213170000,1
1530197640000,1530197699000,81.038,81.059,81.033,81.046,204480000,1
1530197700000,1530197759000,81.046,81.062,81.045,81.053,196970000,1
1530197760000,1530197819000,81.053,81.076,81.052,81.074,170870000,1
1530197820000,1530197879000,81.074,81.09,81.065,81.069,252040000,1
1530197880000,1530197939000,81.07,81.081,81.062,81.072,201420000,1
1530197940000,1530197999000,81.071,81.094,81.069,81.082,160570000,1
1530198000000,1530198059000,81.086,81.09,81.072,81.077,182190000,1
1530198060000,1530198119000,81.077,81.082,81.059,81.062,179790000,1
1530198120000,1530198179000,81.061,81.071,81.051,81.051,199710000,1
1530198180000,1530198239000,81.054,81.064,81.049,81.053,158780000,1
1530198240000,1530198299000,81.052,81.054,81.031,81.054,196360000,1
1530198300000,1530198359000,81.053,81.053,81.005,81.008,251090000,1
1530198360000,1530198419000,81.008,81.026,81.001,81.006,165240000,1
1530198420000,1530198479000,81.006,81.041,81.006,81.032,171640000,1
1530198480000,1530198539000,81.031,81.047,81.031,81.034,218940000,1
1530198540000,1530198599000,81.034,81.039,81.019,81.036,168020000,1
1530198600000,1530198659000,81.036,81.04,81.007,81.024,245630000,1
1530198660000,1530198719000,81.025,81.025,81.004,81.021,201990000,1
1530198720000,1530198779000,81.021,81.027,81.01,81.01,182030000,1
1530198780000,1530198839000,81.009,81.026,81.003,81.021,161750000,1
1530198840000,1530198899000,81.021,81.022,80.992,81.012,178590000,1
1530198900000,1530198959000,81.012,81.035,81.007,81.01,173070000,1
1530198960000,1530199019000,81.009,81.025,80.994,81.016,167400000,1
1530199020000,1530199079000,81.015,81.027,81.012,81.017,156000000,1
1530199080000,1530199139000,81.017,81.032,81.017,81.027,114120000,1
1530199140000,1530199199000,81.026,81.081,81.023,81.073,205350000,1
1530199200000,1530199259000,81.071,81.081,81.069,81.077,130930000,1
1530199260000,1530199319000,81.078,81.078,81.051,81.056,148750000,1
1530199320000,1530199379000,81.056,81.084,81.048,81.084,202860000,1
1530199380000,1530199439000,81.085,81.098,81.073,81.094,99600000,1
1530199440000,1530199499000,81.093,81.103,81.092,81.094,132980000,1
1530199500000,1530199559000,81.094,81.124,81.094,81.119,146660000,1
1530199560000,1530199619000,81.117,81.153,81.116,81.117,132060000,1
1530199620000,1530199679000,81.117,81.159,81.117,81.156,146100000,1
1530199680000,1530199739000,81.16,81.173,81.15,81.15,137680000,1
1530199740000,1530199799000,81.15,81.16,81.135,81.148,218560000,1
1530199800000,1530199859000,81.147,81.166,81.143,81.166,147640000,1
1530199860000,1530199919000,81.164,81.186,81.159,81.183,171170000,1
1530199920000,1530199979000,81.182,81.182,81.161,81.168,211860000,1
1530199980000,1530200039000,81.166,81.166,81.141,81.145,212030000,1
1530200040000,1530200099000,81.145,81.171,81.145,81.166,151580000,1
1530200100000,1530200159000,81.167,81.181,81.159,81.171,165090000,1
1530200160000,1530200219000,81.171,81.18,81.168,81.18,172830000,1
1530200220000,1530200279000,81.18,81.191,81.176,81.18,163580000,1
1530200280000,1530200339000,81.18,81.185,81.164,81.167,131290000,1
1530200340000,1530200399000,81.168,81.18,81.168,81.175,122500000,1
1530200400000,1530200459000,81.174,81.183,81.166,81.176,131260000,1
1530200460000,1530200519000,81.177,81.177,81.152,81.16,131750000,1
1530200520000,1530200579000,81.16,81.168,81.152,81.156,141130000,1
1530200580000,1530200639000,81.155,81.171,81.151,81.171,133770000,1
1530200640000,1530200699000,81.171,81.184,81.167,81.179,180610000,1
1530200700000,1530200759000,81.179,81.192,81.175,81.176,168920000,1
1530200760000,1530200819000,81.176,81.176,81.135,81.136,125390000,1
1530200820000,1530200879000,81.137,81.137,81.117,81.125,200440000,1
1530200880000,1530200939000,81.125,81.13,81.118,81.128,122920000,1
1530200940000,1530200999000,81.128,81.143,81.126,81.126,168900000,1
1530201000000,1530201059000,81.126,81.146,81.126,81.146,109250000,1
1530201060000,1530201119000,81.146,81.151,81.14,81.15,108700000,1
1530201120000,1530201179000,81.153,81.163,81.146,81.163,123470000,1
1530201180000,1530201239000,81.163,81.178,81.163,81.168,129430000,1
1530201240000,1530201299000,81.169,81.182,81.163,81.175,121400000,1
1530201300000,1530201359000,81.176,81.176,81.159,81.165,97630000,1
1530201360000,1530201419000,81.167,81.177,81.155,81.168,135700000,1
1530201420000,1530201479000,81.166,81.193,81.164,81.18,148760000,1
1530201480000,1530201539000,81.181,81.199,81.173,81.173,156780000,1
1530201540000,1530201599000,81.173,81.181,81.16,81.169,155370000,1
1530201600000,1530201659000,81.172,81.188,81.167,81.169,190190000,1
1530201660000,1530201719000,81.168,81.186,81.168,81.181,140400000,1
1530201720000,1530201779000,81.181,81.188,81.177,81.18,138910000,1
1530201780000,1530201839000,81.18,81.19,81.166,81.166,143950000,1
1530201840000,1530201899000,81.166,81.182,81.164,81.175,115590000,1
1530201900000,1530201959000,81.175,81.179,81.162,81.167,159990000,1
1530201960000,1530202019000,81.165,81.168,81.138,81.139,142050000,1
1530202020000,1530202079000,81.14,81.16,81.14,81.14,127540000,1
1530202080000,1530202139000,81.142,81.142,81.126,81.131,159920000,1
1530202140000,1530202199000,81.13,81.135,81.124,81.132,178080000,1
1530202200000,1530202259000,81.132,81.144,81.124,81.127,166810000,1
1530202260000,1530202319000,81.126,81.141,81.123,81.123,112170000,1
1530202320000,1530202379000,81.124,81.126,81.115,81.115,113560000,1
1530202380000,1530202439000,81.116,81.122,81.11,81.113,105710000,1
1530202440000,1530202499000,81.112,81.129,81.112,81.126,139580000,1
1530202500000,1530202559000,81.127,81.131,81.117,81.128,111540000,1
1530202560000,1530202619000,81.129,81.133,81.127,81.132,91100000,1
1530202620000,1530202679000,81.133,81.148,81.132,81.141,132090000,1
1530202680000,1530202739000,81.142,81.147,81.136,81.145,90710000,1
1530202740000,1530202799000,81.147,81.147,81.131,81.14,100950000,1
1530202800000,1530202859000,81.14,81.14,81.125,81.126,64730000,1
1530202860000,1530202919000,81.126,81.144,81.126,81.13,142920000,1
1530202920000,1530202979000,81.131,81.131,81.096,81.109,146020000,1
1530202980000,1530203039000,81.11,81.127,81.096,81.127,157140000,1
1530203040000,1530203099000,81.126,81.137,81.122,81.13,143040000,1
1530203100000,1530203159000,81.13,81.139,81.123,81.136,91660000,1
1530203160000,1530203219000,81.136,81.146,81.129,81.14,110660000,1
1530203220000,1530203279000,81.141,81.141,81.118,81.133,87590000,1
1530203280000,1530203339000,81.134,81.148,81.134,81.145,64470000,1
1530203340000,1530203399000,81.144,81.162,81.142,81.147,131170000,1
1530203400000,1530203459000,81.146,81.147,81.141,81.145,98960000,1
1530203460000,1530203519000,81.144,81.144,81.119,81.12,106250000,1
1530203520000,1530203579000,81.12,81.127,81.116,81.118,73750000,1
1530203580000,1530203639000,81.116,81.12,81.108,81.119,55070000,1
1530203640000,1530203699000,81.119,81.119,81.101,81.113,70340000,1
1530203700000,1530203759000,81.113,81.114,81.104,81.105,44750000,1
1530203760000,1530203819000,81.104,81.113,81.101,81.111,56610000,1
1530203820000,1530203879000,81.112,81.12,81.104,81.105,68010000,1
1530203880000,1530203939000,81.105,81.115,81.098,81.111,110150000,1
1530203940000,1530203999000,81.111,81.129,81.11,81.125,126340000,1
1530204000000,1530204059000,81.125,81.127,81.118,81.126,120570000,1
1530204060000,1530204119000,81.126,81.135,81.117,81.118,105720000,1
1530204120000,1530204179000,81.118,81.126,81.106,81.12,134550000,1
1530204180000,1530204239000,81.119,81.129,81.117,81.129,101670000,1
1530204240000,1530204299000,81.127,81.135,81.123,81.133,113590000,1
1530204300000,1530204359000,81.131,81.131,81.105,81.118,135170000,1
1530204360000,1530204419000,81.118,81.12,81.104,81.106,112580000,1
1530204420000,1530204479000,81.11,81.111,81.092,81.11,103370000,1
1530204480000,1530204539000,81.11,81.116,81.108,81.109,61810000,1
1530204540000,1530204599000,81.11,81.115,81.101,81.115,84320000,1
1530204600000,1530204659000,81.116,81.148,81.116,81.147,149910000,1
1530204660000,1530204719000,81.147,81.15,81.144,81.148,63600000,1
1530204720000,1530204779000,81.148,81.158,81.145,81.152,102410000,1
1530204780000,1530204839000,81.153,81.162,81.151,81.155,57270000,1
1530204840000,1530204899000,81.153,81.159,81.149,81.151,121350000,1
1530204900000,1530204959000,81.151,81.153,81.145,81.148,68920000,1
1530204960000,1530205019000,81.147,81.15,81.142,81.148,69570000,1
1530205020000,1530205079000,81.149,81.153,81.14,81.14,99300000,1
1530205080000,1530205139000,81.14,81.143,81.134,81.139,71250000,1
1530205140000,1530205199000,81.14,81.159,81.14,81.148,127260000,1
1530205200000,1530205259000,81.148,81.16,81.148,81.148,153400000,1
1530205260000,1530205319000,81.148,81.162,81.148,81.162,100600000,1
1530205320000,1530205379000,81.159,81.169,81.153,81.157,148530000,1
1530205380000,1530205439000,81.156,81.162,81.142,81.148,141780000,1
1530205440000,1530205499000,81.149,81.154,81.145,81.15,109920000,1
1530205500000,1530205559000,81.15,81.164,81.139,81.139,113550000,1
1530205560000,1530205619000,81.139,81.152,81.136,81.146,70760000,1
1530205620000,1530205679000,81.149,81.156,81.137,81.142,56940000,1
1530205680000,1530205739000,81.142,81.148,81.138,81.147,71580000,1
1530205740000,1530205799000,81.146,81.149,81.141,81.144,48180000,1
1530205800000,1530205859000,81.144,81.158,81.142,81.151,53600000,1
1530205860000,1530205919000,81.149,81.152,81.141,81.148,44400000,1
1530205920000,1530205979000,81.149,81.156,81.149,81.15,27310000,1
1530205980000,1530206039000,81.153,81.17,81.151,81.152,65840000,1
1530206040000,1530206099000,81.153,81.161,81.153,81.161,46490000,1
1530206100000,1530206159000,81.161,81.176,81.161,81.176,66050000,1
1530206160000,1530206219000,81.177,81.195,81.177,81.19,119760000,1
1530206220000,1530206279000,81.19,81.195,81.167,81.18,89720000,1
1530206280000,1530206339000,81.179,81.183,81.17,81.171,64070000,1
1530206340000,1530206399000,81.171,81.171,81.168,81.17,51770000,1
1530206400000,1530206459000,81.17,81.178,81.167,81.177,85570000,1
1530206460000,1530206519000,81.177,81.187,81.173,81.187,81610000,1
1530206520000,1530206579000,81.188,81.216,81.188,81.216,71270000,1
1530206580000,1530206639000,81.215,81.215,81.202,81.208,97780000,1
1530206640000,1530206699000,81.208,81.21,81.197,81.204,76140000,1
1530206700000,1530206759000,81.203,81.206,81.195,81.195,93760000,1
1530206760000,1530206819000,81.195,81.198,81.189,81.193,86210000,1
1530206820000,1530206879000,81.193,81.198,81.182,81.186,114080000,1
1530206880000,1530206939000,81.186,81.193,81.179,81.179,85180000,1
1530206940000,1530206999000,81.179,81.201,81.179,81.195,91460000,1
1530207000000,1530207059000,81.195,81.203,81.192,81.201,126450000,1
1530207060000,1530207119000,81.201,81.202,81.18,81.187,167990000,1
1530207120000,1530207179000,81.188,81.202,81.187,81.196,129790000,1
1530207180000,1530207239000,81.196,81.198,81.189,81.19,119150000,1
1530207240000,1530207299000,81.19,81.196,81.189,81.19,118180000,1
1530207300000,1530207359000,81.19,81.207,81.188,81.206,153670000,1
1530207360000,1530207419000,81.206,81.21,81.201,81.204,154980000,1
1530207420000,1530207479000,81.204,81.215,81.201,81.208,132070000,1
1530207480000,1530207539000,81.208,81.217,81.207,81.215,116490000,1
1530207540000,1530207599000,81.215,81.215,81.184,81.184,209580000,1
1530207600000,1530207659000,81.187,81.192,81.181,81.183,107070000,1
1530207660000,1530207719000,81.183,81.194,81.179,81.186,164040000,1
1530207720000,1530207779000,81.185,81.211,81.185,81.211,145180000,1
1530207780000,1530207839000,81.216,81.225,81.214,81.215,131160000,1
1530207840000,1530207899000,81.215,81.215,81.204,81.204,98860000,1
1530207900000,1530207959000,81.203,81.204,81.197,81.199,103150000,1
1530207960000,1530208019000,81.201,81.203,81.189,81.195,99430000,1
1530208020000,1530208079000,81.193,81.217,81.192,81.212,124300000,1
1530208080000,1530208139000,81.211,81.218,81.195,81.204,93740000,1
1530208140000,1530208199000,81.205,81.213,81.198,81.203,105790000,1
1530208200000,1530208259000,81.203,81.221,81.203,81.212,49650000,1
1530208260000,1530208319000,81.212,81.216,81.207,81.211,154350000,1
1530208320000,1530208379000,81.21,81.24,81.208,81.24,151610000,1
1530208380000,1530208439000,81.239,81.244,81.233,81.239,148690000,1
1530208440000,1530208499000,81.239,81.257,81.239,81.257,81610000,1
1530208500000,1530208559000,81.256,81.256,81.244,81.245,111830000,1
1530208560000,1530208619000,81.245,81.252,81.244,81.247,79200000,1
1530208620000,1530208679000,81.247,81.248,81.234,81.238,99380000,1
1530208680000,1530208739000,81.234,81.239,81.233,81.233,60320000,1
1530208740000,1530208799000,81.235,81.242,81.232,81.241,78320000,1
1530208800000,1530208859000,81.24,81.25,81.235,81.237,115030000,1
1530208860000,1530208919000,81.236,81.239,81.232,81.232,74390000,1
1530208920000,1530208979000,81.233,81.238,81.231,81.233,69000000,1
1530208980000,1530209039000,81.233,81.248,81.232,81.247,68770000,1
1530209040000,1530209099000,81.248,81.249,81.237,81.239,93600000,1
1530209100000,1530209159000,81.241,81.242,81.23,81.236,103780000,1
1530209160000,1530209219000,81.236,81.238,81.225,81.228,90530000,1
1530209220000,1530209279000,81.228,81.235,81.217,81.23,168160000,1
1530209280000,1530209339000,81.229,81.229,81.211,81.216,154230000,1
1530209340000,1530209399000,81.216,81.226,81.211,81.211,145700000,1
1530209400000,1530209459000,81.211,81.221,81.21,81.221,114270000,1
1530209460000,1530209519000,81.22,81.22,81.208,81.208,102370000,1
1530209520000,1530209579000,81.209,81.213,81.206,81.208,60360000,1
1530209580000,1530209639000,81.207,81.207,81.196,81.197,104980000,1
1530209640000,1530209699000,81.199,81.209,81.196,81.202,118620000,1
1530209700000,1530209759000,81.201,81.202,81.186,81.188,148200000,1
1530209760000,1530209819000,81.189,81.194,81.176,81.188,193970000,1
1530209820000,1530209879000,81.184,81.185,81.178,81.179,109530000,1
1530209880000,1530209939000,81.178,81.178,81.172,81.176,72120000,1
1530209940000,1530209999000,81.178,81.185,81.173,81.184,126210000,1
1530210000000,1530210059000,81.186,81.208,81.186,81.206,144060000,1
1530210060000,1530210119000,81.208,81.216,81.195,81.199,183210000,1
1530210120000,1530210179000,81.199,81.214,81.197,81.208,117290000,1
1530210180000,1530210239000,81.208,81.208,81.195,81.2,77800000,1
1530210240000,1530210299000,81.201,81.206,81.196,81.198,72120000,1
1530210300000,1530210359000,81.198,81.2,81.186,81.196,107710000,1
1530210360000,1530210419000,81.195,81.204,81.189,81.193,135870000,1
1530210420000,1530210479000,81.193,81.2,81.185,81.198,134590000,1
1530210480000,1530210539000,81.199,81.204,81.19,81.195,171860000,1
1530210540000,1530210599000,81.197,81.202,81.192,81.201,121870000,1
1530210600000,1530210659000,81.201,81.201,81.189,81.193,70920000,1
1530210660000,1530210719000,81.193,81.196,81.179,81.196,155460000,1
1530210720000,1530210779000,81.196,81.198,81.189,81.19,64070000,1
1530210780000,1530210839000,81.19,81.196,81.19,81.19,94490000,1
1530210840000,1530210899000,81.196,81.216,81.192,81.206,126920000,1
1530210900000,1530210959000,81.205,81.212,81.199,81.208,89300000,1
1530210960000,1530211019000,81.208,81.222,81.207,81.212,127420000,1
1530211020000,1530211079000,81.212,81.221,81.211,81.214,74440000,1
1530211080000,1530211139000,81.214,81.23,81.214,81.225,52960000,1
1530211140000,1530211199000,81.224,81.224,81.204,81.205,109670000,1
1530211200000,1530211259000,81.205,81.214,81.2,81.2,116700000,1
1530211260000,1530211319000,81.2,81.204,81.2,81.201,67970000,1
1530211320000,1530211379000,81.201,81.205,81.186,81.186,79150000,1
1530211380000,1530211439000,81.187,81.192,81.179,81.19,88900000,1
1530211440000,1530211499000,81.19,81.199,81.183,81.187,111380000,1
1530211500000,1530211559000,81.19,81.212,81.19,81.206,122790000,1
1530211560000,1530211619000,81.206,81.222,81.206,81.22,108030000,1
1530211620000,1530211679000,81.22,81.233,81.209,81.229,108360000,1
1530211680000,1530211739000,81.231,81.239,81.229,81.236,84170000,1
1530211740000,1530211799000,81.236,81.242,81.235,81.236,48650000,1
1530211800000,1530211859000,81.236,81.242,81.228,81.239,88950000,1
1530211860000,1530211919000,81.238,81.251,81.235,81.241,49250000,1
1530211920000,1530211979000,81.241,81.254,81.241,81.243,63190000,1
1530211980000,1530212039000,81.243,81.249,81.241,81.248,55730000,1
1530212040000,1530212099000,81.25,81.255,81.249,81.253,55370000,1
1530212100000,1530212159000,81.254,81.255,81.251,81.254,63490000,1
1530212160000,1530212219000,81.257,81.257,81.24,81.243,48110000,1
1530212220000,1530212279000,81.242,81.275,81.242,81.271,118530000,1
1530212280000,1530212339000,81.271,81.28,81.269,81.276,121770000,1
1530212340000,1530212399000,81.275,81.291,81.27,81.274,166220000,1
1530212400000,1530212459000,81.274,81.286,81.27,81.271,147250000,1
1530212460000,1530212519000,81.271,81.283,81.264,81.283,81950000,1
1530212520000,1530212579000,81.282,81.287,81.278,81.287,113010000,1
1530212580000,1530212639000,81.289,81.291,81.279,81.28,106840000,1
1530212640000,1530212699000,81.279,81.279,81.267,81.269,111370000,1
1530212700000,1530212759000,81.275,81.277,81.274,81.274,81660000,1
1530212760000,1530212819000,81.274,81.274,81.255,81.26,82430000,1
1530212820000,1530212879000,81.26,81.26,81.251,81.252,55250000,1
1530212880000,1530212939000,81.255,81.276,81.254,81.264,118960000,1
1530212940000,1530212999000,81.264,81.274,81.261,81.264,112980000,1
1530213000000,1530213059000,81.267,81.292,81.267,81.289,115830000,1
1530213060000,1530213119000,81.289,81.295,81.283,81.293,62000000,1
1530213120000,1530213179000,81.295,81.295,81.284,81.284,54950000,1
1530213180000,1530213239000,81.287,81.291,81.285,81.285,114570000,1
1530213240000,1530213299000,81.285,81.298,81.284,81.297,116510000,1
1530213300000,1530213359000,81.298,81.299,81.276,81.286,105370000,1
1530213360000,1530213419000,81.286,81.294,81.274,81.275,127080000,1
1530213420000,1530213479000,81.276,81.28,81.273,81.28,84530000,1
1530213480000,1530213539000,81.28,81.28,81.273,81.274,80680000,1
1530213540000,1530213599000,81.273,81.285,81.273,81.285,91620000,1
1530213600000,1530213659000,81.285,81.289,81.279,81.282,110700000,1
1530213660000,1530213719000,81.282,81.286,81.274,81.275,83790000,1
1530213720000,1530213779000,81.279,81.279,81.271,81.271,97320000,1
1530213780000,1530213839000,81.271,81.277,81.271,81.277,43070000,1
1530213840000,1530213899000,81.277,81.277,81.271,81.272,40570000,1
1530213900000,1530213959000,81.271,81.281,81.267,81.276,68160000,1
1530213960000,1530214019000,81.274,81.276,81.261,81.264,59510000,1
1530214020000,1530214079000,81.264,81.265,81.253,81.258,100210000,1
1530214080000,1530214139000,81.259,81.269,81.248,81.265,160660000,1
1530214140000,1530214199000,81.264,81.265,81.254,81.261,155150000,1
1530214200000,1530214259000,81.26,81.262,81.251,81.256,84320000,1
1530214260000,1530214319000,81.257,81.266,81.254,81.265,53900000,1
1530214320000,1530214379000,81.265,81.265,81.261,81.263,52770000,1
1530214380000,1530214439000,81.265,81.266,81.258,81.258,69920000,1
1530214440000,1530214499000,81.259,81.261,81.242,81.242,81050000,1
1530214500000,1530214559000,81.24,81.267,81.239,81.265,118370000,1
1530214560000,1530214619000,81.263,81.264,81.249,81.252,140430000,1
1530214620000,1530214679000,81.253,81.257,81.25,81.252,117910000,1
1530214680000,1530214739000,81.252,81.262,81.251,81.262,61150000,1
1530214740000,1530214799000,81.262,81.273,81.257,81.257,81960000,1
1530214800000,1530214859000,81.256,81.262,81.254,81.255,67940000,1
1530214860000,1530214919000,81.255,81.256,81.253,81.255,49080000,1
1530214920000,1530214979000,81.255,81.256,81.246,81.251,74950000,1
1530214980000,1530215039000,81.248,81.261,81.247,81.258,68100000,1
1530215040000,1530215099000,81.262,81.264,81.257,81.257,56020000,1
1530215100000,1530215159000,81.255,81.258,81.248,81.249,72900000,1
1530215160000,1530215219000,81.249,81.26,81.248,81.26,76640000,1
1530215220000,1530215279000,81.26,81.265,81.256,81.265,64780000,1
1530215280000,1530215339000,81.267,81.269,81.255,81.255,77890000,1
1530215340000,1530215399000,81.256,81.256,81.244,81.253,88190000,1
1530215400000,1530215459000,81.253,81.253,81.234,81.241,126730000,1
1530215460000,1530215519000,81.24,81.241,81.23,81.23,45380000,1
1530215520000,1530215579000,81.233,81.233,81.224,81.224,72840000,1
1530215580000,1530215639000,81.226,81.231,81.225,81.231,92450000,1
1530215640000,1530215699000,81.23,81.234,81.22,81.225,98030000,1
1530215700000,1530215759000,81.225,81.225,81.215,81.224,111840000,1
1530215760000,1530215819000,81.222,81.241,81.222,81.232,112080000,1
1530215820000,1530215879000,81.232,81.235,81.229,81.231,72730000,1
1530215880000,1530215939000,81.231,81.232,81.218,81.232,87910000,1
1530215940000,1530215999000,81.231,81.237,81.23,81.236,70790000,1
1530216000000,1530216059000,81.236,81.236,81.209,81.211,110160000,1
1530216060000,1530216119000,81.211,81.215,81.207,81.207,51410000,1
1530216120000,1530216179000,81.207,81.221,81.207,81.221,34540000,1
1530216180000,1530216239000,81.221,81.226,81.217,81.225,37870000,1
1530216240000,1530216299000,81.227,81.227,81.226,81.226,28250000,1
1530216300000,1530216359000,81.225,81.231,81.225,81.229,29710000,1
1530216360000,1530216419000,81.229,81.235,81.229,81.233,34010000,1
1530216420000,1530216479000,81.233,81.239,81.233,81.239,24090000,1
1530216480000,1530216539000,81.239,81.24,81.237,81.24,22120000,1
1530216540000,1530216599000,81.239,81.239,81.232,81.235,42290000,1
1530216600000,1530216659000,81.235,81.238,81.234,81.236,55000000,1
1530216660000,1530216719000,81.236,81.25,81.236,81.25,64390000,1
1530216720000,1530216779000,81.251,81.252,81.245,81.245,55400000,1
1530216780000,1530216839000,81.245,81.249,81.245,81.248,16680000,1
1530216840000,1530216899000,81.248,81.25,81.244,81.246,101870000,1
1530216900000,1530216959000,81.246,81.248,81.234,81.238,51570000,1
1530216960000,1530217019000,81.237,81.24,81.235,81.236,31350000,1
1530217020000,1530217079000,81.236,81.236,81.235,81.235,22110000,1
1530217080000,1530217139000,81.235,81.241,81.232,81.232,54210000,1
1530217140000,1530217199000,81.232,81.232,81.225,81.225,55580000,1
1530217200000,1530217259000,81.224,81.224,81.218,81.219,28270000,1
1530217260000,1530217319000,81.22,81.22,81.22,81.22,9940000,1
1530217320000,1530217379000,81.22,81.224,81.22,81.221,34120000,1
1530217380000,1530217439000,81.221,81.221,81.211,81.216,38620000,1
1530217440000,1530217499000,81.217,81.222,81.212,81.219,47350000,1
1530217500000,1530217559000,81.218,81.225,81.214,81.225,44920000,1
1530217560000,1530217619000,81.226,81.226,81.223,81.224,9740000,1
1530217620000,1530217679000,81.223,81.224,81.218,81.218,41220000,1
1530217680000,1530217739000,81.218,81.218,81.213,81.213,15120000,1
1530217740000,1530217799000,81.21,81.22,81.205,81.219,44570000,1
1530217800000,1530217859000,81.219,81.222,81.211,81.217,66730000,1
1530217860000,1530217919000,81.217,81.217,81.201,81.207,45390000,1
1530217920000,1530217979000,81.203,81.205,81.197,81.204,37230000,1
1530217980000,1530218039000,81.203,81.206,81.203,81.206,7860000,1
1530218040000,1530218099000,81.206,81.208,81.202,81.202,25460000,1
1530218100000,1530218159000,81.202,81.212,81.202,81.212,19350000,1
1530218160000,1530218219000,81.212,81.217,81.212,81.217,28340000,1
1530218220000,1530218279000,81.218,81.22,81.21,81.216,25340000,1
1530218280000,1530218339000,81.215,81.22,81.21,81.215,28840000,1
1530218340000,1530218399000,81.215,81.216,81.214,81.216,10370000,1
1530218400000,1530218459000,81.218,81.227,81.216,81.226,20370000,1
1530218460000,1530218519000,81.226,81.233,81.226,81.232,20800000,1
1530218520000,1530218579000,81.232,81.232,81.231,81.231,21810000,1
1530218580000,1530218639000,81.231,81.233,81.231,81.232,29540000,1
1530218640000,1530218699000,81.231,81.232,81.231,81.232,10550000,1
1530218700000,1530218759000,81.231,81.232,81.23,81.23,15120000,1
1530218760000,1530218819000,81.23,81.232,81.229,81.232,6000000,1
1530218820000,1530218879000,81.232,81.232,81.229,81.229,17770000,1
1530218880000,1530218939000,81.229,81.238,81.229,81.231,33750000,1
1530218940000,1530218999000,81.231,81.236,81.231,81.235,31560000,1
1530219000000,1530219059000,81.235,81.235,81.214,81.215,36610000,1
1530219060000,1530219119000,81.216,81.228,81.215,81.223,33810000,1
1530219120000,1530219179000,81.223,81.227,81.221,81.225,33280000,1
1530219180000,1530219239000,81.226,81.228,81.222,81.228,41040000,1
1530219240000,1530219299000,81.228,81.228,81.223,81.226,67960000,1
1530219300000,1530219359000,81.225,81.225,81.211,81.216,38790000,1
1530219360000,1530219419000,81.216,81.24,81.216,81.239,63210000,1
1530219420000,1530219479000,81.24,81.245,81.229,81.245,44740000,1
1530219480000,1530219539000,81.246,81.259,81.238,81.253,86320000,1
1530219540000,1530219599000,81.253,81.257,81.181,81.186,64440000,1
1530219600000,1530219659000,81.191,81.193,81.177,81.179,10120000,1
1530219660000,1530219719000,81.179,81.223,81.179,81.201,7500000,1
1530219720000,1530219779000,81.206,81.209,81.205,81.209,4500000,1
1530219780000,1530219839000,81.213,81.215,81.19,81.193,10500000,1
1530219840000,1530219899000,81.19,81.195,81.19,81.194,75500000,1
1530219900000,1530219959000,81.193,81.248,81.193,81.242,86500000,1
1530219960000,1530220019000,81.239,81.242,81.233,81.239,265000000,1
1530220020000,1530220079000,81.235,81.239,81.189,81.193,274000000,1
1530220080000,1530220139000,81.19,81.206,81.188,81.206,120500000,1
1530220140000,1530220199000,81.206,81.208,81.201,81.205,123000000,1
1530220200000,1530220259000,81.209,81.211,81.199,81.201,40000000,1
1530220260000,1530220319000,81.202,81.208,81.192,81.195,67000000,1
1530220320000,1530220379000,81.195,81.208,81.193,81.208,52640000,1
1530220380000,1530220439000,81.205,81.207,81.195,81.195,83400000,1
1530220440000,1530220499000,81.196,81.23,81.195,81.207,89880000,1
1530220500000,1530220559000,81.208,81.21,81.191,81.21,63330000,1
1530220560000,1530220619000,81.21,81.235,81.21,81.235,82500000,1
1530220620000,1530220679000,81.235,81.238,81.235,81.236,43490000,1
1530220680000,1530220739000,81.236,81.239,81.228,81.231,28560000,1
1530220740000,1530220799000,81.23,81.255,81.229,81.243,94240000,1
1530220800000,1530220859000,81.244,81.277,81.24,81.268,95330000,1
1530220860000,1530220919000,81.267,81.274,81.266,81.267,75710000,1
1530220920000,1530220979000,81.266,81.279,81.249,81.253,96870000,1
1530220980000,1530221039000,81.25,81.253,81.235,81.235,63550000,1
1530221040000,1530221099000,81.235,81.237,81.234,81.235,34020000,1
1530221100000,1530221159000,81.235,81.235,81.225,81.229,191440000,1
1530221160000,1530221219000,81.229,81.24,81.22,81.238,157740000,1
1530221220000,1530221279000,81.236,81.238,81.22,81.23,146080000,1
1530221280000,1530221339000,81.231,81.234,81.229,81.233,83980000,1
1530221340000,1530221399000,81.233,81.241,81.222,81.24,84950000,1
1530221400000,1530221459000,81.233,81.233,81.212,81.218,123830000,1
1530221460000,1530221519000,81.221,81.221,81.217,81.218,31720000,1
1530221520000,1530221579000,81.22,81.222,81.217,81.222,75140000,1
1530221580000,1530221639000,81.223,81.244,81.216,81.22,160130000,1
1530221640000,1530221699000,81.22,81.22,81.213,81.213,56600000,1
1530221700000,1530221759000,81.214,81.223,81.208,81.212,79980000,1
1530221760000,1530221819000,81.212,81.212,81.179,81.191,83960000,1
1530221820000,1530221879000,81.191,81.197,81.191,81.197,17770000,1
1530221880000,1530221939000,81.194,81.194,81.194,81.194,1120000,1
1530221940000,1530221999000,81.194,81.196,81.194,81.196,7720000,1
1530222000000,1530222059000,81.197,81.197,81.196,81.196,8350000,1
1530222060000,1530222119000,81.192,81.196,81.192,81.194,9710000,1
1530222120000,1530222179000,81.192,81.193,81.18,81.193,36180000,1
1530222180000,1530222239000,81.192,81.196,81.169,81.193,29860000,1
1530222240000,1530222299000,81.193,81.193,81.19,81.19,11500000,1
1530222300000,1530222359000,81.19,81.197,81.19,81.197,10500000,1
1530222360000,1530222419000,81.195,81.198,81.194,81.197,20500000,1
1530222420000,1530222479000,81.197,81.197,81.191,81.191,14100000,1
1530222480000,1530222539000,81.193,81.195,81.193,81.195,3500000,1
1530222540000,1530222599000,81.193,81.194,81.19,81.194,9240000,1
1530222600000,1530222659000,81.194,81.194,81.19,81.194,12310000,1
1530222660000,1530222719000,81.194,81.194,81.187,81.187,11190000,1
1530222720000,1530222779000,81.185,81.185,81.146,81.173,184180000,1
1530222780000,1530222839000,81.174,81.194,81.166,81.168,86180000,1
1530222840000,1530222899000,81.167,81.196,81.167,81.17,154840000,1
1530222900000,1530222959000,81.164,81.175,81.16,81.175,35420000,1
1530222960000,1530223019000,81.174,81.174,81.169,81.171,7620000,1
1530223020000,1530223079000,81.171,81.175,81.166,81.173,28490000,1
1530223080000,1530223139000,81.174,81.186,81.17,81.177,45610000,1
1530223140000,1530223199000,81.177,81.183,81.173,81.179,38110000,1
1530223200000,1530223259000,81.179,81.194,81.163,81.184,79710000,1
1530223260000,1530223319000,81.186,81.204,81.186,81.197,19520000,1
1530223320000,1530223379000,81.196,81.196,81.185,81.187,11420000,1
1530223380000,1530223439000,81.189,81.195,81.189,81.191,12170000,1
1530223440000,1530223499000,81.192,81.199,81.19,81.199,25820000,1
1530223500000,1530223559000,81.2,81.207,81.2,81.207,24110000,1
1530223560000,1530223619000,81.207,81.21,81.207,81.21,46420000,1
1530223620000,1530223679000,81.21,81.213,81.209,81.21,21620000,1
1530223680000,1530223739000,81.21,81.218,81.21,81.218,29650000,1
1530223740000,1530223799000,81.218,81.218,81.215,81.215,14910000,1
1530223800000,1530223859000,81.218,81.218,81.217,81.217,4680000,1
1530223860000,1530223919000,81.218,81.22,81.218,81.22,31460000,1
1530223920000,1530223979000,81.22,81.22,81.207,81.208,49240000,1
1530223980000,1530224039000,81.208,81.208,81.206,81.207,20660000,1
1530224040000,1530224099000,81.207,81.207,81.173,81.202,58680000,1
1530224100000,1530224159000,81.201,81.201,81.183,81.183,47810000,1
1530224160000,1530224219000,81.183,81.202,81.173,81.202,62490000,1
1530224220000,1530224279000,81.203,81.203,81.178,81.178,40150000,1
1530224280000,1530224339000,81.179,81.189,81.178,81.185,33610000,1
1530224340000,1530224399000,81.185,81.186,81.172,81.177,32570000,1
1530224400000,1530224459000,81.177,81.177,81.175,81.175,21380000,1
1530224460000,1530224519000,81.175,81.192,81.173,81.174,48710000,1
1530224520000,1530224579000,81.176,81.181,81.175,81.176,51690000,1
1530224580000,1530224639000,81.177,81.178,81.176,81.178,16680000,1
1530224640000,1530224699000,81.178,81.178,81.177,81.177,68480000,1
1530224700000,1530224759000,81.177,81.179,81.177,81.177,23610000,1
1530224760000,1530224819000,81.177,81.178,81.177,81.178,4190000,1
1530224820000,1530224879000,81.178,81.178,81.177,81.178,14060000,1
1530224880000,1530224939000,81.18,81.181,81.18,81.181,4760000,1
1530224940000,1530224999000,81.181,81.187,81.181,81.186,33190000,1
1530225000000,1530225059000,81.186,81.188,81.183,81.185,31110000,1
1530225060000,1530225119000,81.185,81.185,81.183,81.184,12120000,1
1530225120000,1530225179000,81.186,81.189,81.186,81.186,8000000,1
1530225180000,1530225239000,81.187,81.187,81.185,81.186,4000000,1
1530225240000,1530225299000,81.185,81.19,81.178,81.178,23000000,1
1530225300000,1530225359000,81.178,81.178,81.168,81.174,18750000,1
1530225360000,1530225419000,81.174,81.174,81.174,81.174,6000000,1
1530225420000,1530225479000,81.174,81.175,81.169,81.17,12000000,1
1530225480000,1530225539000,81.171,81.193,81.171,81.185,19110000,1
1530225540000,1530225599000,81.185,81.185,81.171,81.175,31360000,1
1530225600000,1530225659000,81.173,81.173,81.165,81.165,21360000,1
1530225660000,1530225719000,81.161,81.161,81.16,81.16,15250000,1
1530225720000,1530225779000,81.16,81.16,81.159,81.159,8740000,1
1530225780000,1530225839000,81.159,81.159,81.158,81.158,9980000,1
1530225840000,1530225899000,81.161,81.167,81.16,81.166,16000000,1
1530225900000,1530225959000,81.166,81.172,81.166,81.172,9120000,1
1530225960000,1530226019000,81.174,81.18,81.174,81.18,9000000,1
1530226020000,1530226079000,81.181,81.19,81.181,81.19,18000000,1
1530226080000,1530226139000,81.19,81.195,81.188,81.194,20500000,1
1530226140000,1530226199000,81.193,81.193,81.188,81.191,16500000,1
1530226200000,1530226259000,81.19,81.193,81.187,81.193,35000000,1
1530226260000,1530226319000,81.193,81.2,81.189,81.189,32870000,1
1530226320000,1530226379000,81.188,81.214,81.188,81.214,30870000,1
1530226380000,1530226439000,81.214,81.223,81.212,81.212,36120000,1
1530226440000,1530226499000,81.211,81.213,81.204,81.204,29960000,1
1530226500000,1530226559000,81.204,81.222,81.201,81.222,43590000,1
1530226560000,1530226619000,81.225,81.225,81.212,81.214,38270000,1
1530226620000,1530226679000,81.213,81.213,81.202,81.202,17110000,1
1530226680000,1530226739000,81.201,81.205,81.191,81.196,42310000,1
1530226740000,1530226799000,81.196,81.211,81.196,81.209,68190000,1
1530226800000,1530226859000,81.205,81.205,81.165,81.185,86060000,1
1530226860000,1530226919000,81.185,81.2,81.185,81.197,43530000,1
1530226920000,1530226979000,81.197,81.2,81.196,81.2,26680000,1
1530226980000,1530227039000,81.2,81.202,81.193,81.202,36600000,1
1530227040000,1530227099000,81.202,81.212,81.201,81.212,54260000,1
1530227100000,1530227159000,81.212,81.23,81.21,81.227,54600000,1
1530227160000,1530227219000,81.227,81.228,81.226,81.226,38940000,1
1530227220000,1530227279000,81.227,81.227,81.225,81.225,51550000,1
1530227280000,1530227339000,81.225,81.226,81.215,81.215,39090000,1
1530227340000,1530227399000,81.215,81.235,81.214,81.235,58750000,1
1530227400000,1530227459000,81.234,81.238,81.224,81.224,36580000,1
1530227460000,1530227519000,81.224,81.224,81.211,81.214,60060000,1
1530227520000,1530227579000,81.215,81.227,81.215,81.222,20490000,1
1530227580000,1530227639000,81.223,81.227,81.218,81.218,22960000,1
1530227640000,1530227699000,81.219,81.239,81.219,81.231,40090000,1
1530227700000,1530227759000,81.232,81.245,81.231,81.245,35190000,1
1530227760000,1530227819000,81.246,81.246,81.241,81.244,36370000,1
1530227820000,1530227879000,81.244,81.244,81.224,81.224,38870000,1
1530227880000,1530227939000,81.225,81.236,81.216,81.222,59650000,1
1530227940000,1530227999000,81.223,81.239,81.223,81.238,20870000,1
1530228000000,1530228059000,81.238,81.244,81.227,81.23,71850000,1
1530228060000,1530228119000,81.232,81.236,81.224,81.231,30000000,1
1530228120000,1530228179000,81.229,81.235,81.228,81.229,31120000,1
1530228180000,1530228239000,81.23,81.238,81.224,81.232,56010000,1
1530228240000,1530228299000,81.231,81.252,81.23,81.242,60460000,1
1530228300000,1530228359000,81.241,81.241,81.235,81.238,55580000,1
1530228360000,1530228419000,81.238,81.24,81.223,81.223,38350000,1
1530228420000,1530228479000,81.223,81.223,81.198,81.199,48840000,1
1530228480000,1530228539000,81.198,81.204,81.198,81.204,17290000,1
1530228540000,1530228599000,81.203,81.218,81.203,81.206,46830000,1
1530228600000,1530228659000,81.205,81.205,81.195,81.196,53480000,1
1530228660000,1530228719000,81.196,81.197,81.193,81.193,25730000,1
1530228720000,1530228779000,81.192,81.192,81.18,81.18,13490000,1
1530228780000,1530228839000,81.18,81.185,81.172,81.185,43630000,1
1530228840000,1530228899000,81.186,81.191,81.186,81.19,23870000,1
1530228900000,1530228959000,81.19,81.19,81.184,81.186,16000000,1
1530228960000,1530229019000,81.187,81.19,81.186,81.187,18840000,1
1530229020000,1530229079000,81.187,81.208,81.187,81.208,30840000,1
1530229080000,1530229139000,81.208,81.21,81.206,81.207,26240000,1
1530229140000,1530229199000,81.207,81.211,81.207,81.211,10420000,1
1530229200000,1530229259000,81.21,81.21,81.207,81.209,25860000,1
1530229260000,1530229319000,81.208,81.214,81.204,81.214,39020000,1
1530229320000,1530229379000,81.214,81.214,81.201,81.201,29420000,1
1530229380000,1530229439000,81.2,81.2,81.177,81.183,56280000,1
1530229440000,1530229499000,81.183,81.194,81.18,81.18,49560000,1
1530229500000,1530229559000,81.181,81.192,81.178,81.178,59140000,1
1530229560000,1530229619000,81.177,81.184,81.171,81.175,71930000,1
1530229620000,1530229679000,81.175,81.175,81.168,81.169,18920000,1
1530229680000,1530229739000,81.167,81.178,81.163,81.177,44960000,1
1530229740000,1530229799000,81.177,81.182,81.175,81.182,19160000,1
1530229800000,1530229859000,81.181,81.187,81.181,81.181,70160000,1
1530229860000,1530229919000,81.182,81.185,81.171,81.172,69510000,1
1530229920000,1530229979000,81.172,81.172,81.16,81.161,32080000,1
1530229980000,1530230039000,81.162,81.162,81.16,81.16,23120000,1
1530230040000,1530230099000,81.16,81.178,81.153,81.173,89090000,1
1530230100000,1530230159000,81.174,81.179,81.171,81.178,33000000,1
1530230160000,1530230219000,81.177,81.183,81.177,81.183,23480000,1
1530230220000,1530230279000,81.184,81.189,81.17,81.171,82980000,1
1530230280000,1530230339000,81.17,81.172,81.162,81.162,36950000,1
1530230340000,1530230399000,81.162,81.184,81.161,81.184,42660000,1
1530230400000,1530230459000,81.183,81.186,81.133,81.155,191350000,1
1530230460000,1530230519000,81.157,81.182,81.154,81.177,86670000,1
1530230520000,1530230579000,81.176,81.192,81.169,81.179,92690000,1
1530230580000,1530230639000,81.178,81.189,81.175,81.189,57010000,1
1530230640000,1530230699000,81.191,81.201,81.172,81.176,123040000,1
1530230700000,1530230759000,81.176,81.185,81.174,81.18,94240000,1
1530230760000,1530230819000,81.178,81.188,81.136,81.136,127860000,1
1530230820000,1530230879000,81.137,81.149,81.112,81.143,174200000,1
1530230880000,1530230939000,81.143,81.144,81.123,81.132,69900000,1
1530230940000,1530230999000,81.133,81.137,81.096,81.098,207730000,1
1530231000000,1530231059000,81.098,81.131,81.097,81.131,165220000,1
1530231060000,1530231119000,81.13,81.139,81.122,81.139,131890000,1
1530231120000,1530231179000,81.14,81.175,81.137,81.166,92020000,1
1530231180000,1530231239000,81.167,81.175,81.141,81.157,119630000,1
1530231240000,1530231299000,81.154,81.161,81.144,81.15,121950000,1
1530231300000,1530231359000,81.152,81.171,81.146,81.167,136680000,1
1530231360000,1530231419000,81.167,81.172,81.152,81.163,108870000,1
1530231420000,1530231479000,81.162,81.183,81.157,81.175,109400000,1
1530231480000,1530231539000,81.174,81.174,81.156,81.167,115000000,1
1530231540000,1530231599000,81.162,81.173,81.162,81.168,57160000,1
1530231600000,1530231659000,81.167,81.167,81.136,81.163,127170000,1
1530231660000,1530231719000,81.163,81.177,81.163,81.167,67630000,1
1530231720000,1530231779000,81.168,81.168,81.153,81.156,54290000,1
1530231780000,1530231839000,81.157,81.167,81.136,81.136,81660000,1
1530231840000,1530231899000,81.137,81.148,81.129,81.143,82770000,1
1530231900000,1530231959000,81.14,81.144,81.117,81.14,115740000,1
1530231960000,1530232019000,81.14,81.141,81.105,81.123,128190000,1
1530232020000,1530232079000,81.123,81.139,81.114,81.118,127770000,1
1530232080000,1530232139000,81.118,81.129,81.113,81.115,67810000,1
1530232140000,1530232199000,81.116,81.133,81.112,81.12,95690000,1
1530232200000,1530232259000,81.119,81.129,81.107,81.125,99770000,1
1530232260000,1530232319000,81.127,81.136,81.121,81.136,43240000,1
1530232320000,1530232379000,81.136,81.137,81.129,81.132,77480000,1
1530232380000,1530232439000,81.132,81.133,81.122,81.133,112050000,1
1530232440000,1530232499000,81.133,81.155,81.133,81.146,88340000,1
1530232500000,1530232559000,81.146,81.169,81.144,81.144,142970000,1
1530232560000,1530232619000,81.145,81.147,81.136,81.143,68680000,1
1530232620000,1530232679000,81.143,81.151,81.142,81.142,55880000,1
1530232680000,1530232739000,81.138,81.138,81.122,81.126,116930000,1
1530232740000,1530232799000,81.126,81.13,81.12,81.13,88480000,1
1530232800000,1530232859000,81.13,81.151,81.126,81.146,125260000,1
1530232860000,1530232919000,81.145,81.146,81.134,81.134,84920000,1
1530232920000,1530232979000,81.135,81.137,81.104,81.116,126140000,1
1530232980000,1530233039000,81.118,81.123,81.109,81.123,94990000,1
1530233040000,1530233099000,81.122,81.123,81.106,81.108,66790000,1
1530233100000,1530233159000,81.108,81.112,81.081,81.084,122090000,1
1530233160000,1530233219000,81.086,81.087,81.057,81.059,144750000,1
1530233220000,1530233279000,81.059,81.076,81.059,81.074,123130000,1
1530233280000,1530233339000,81.074,81.089,81.065,81.085,87720000,1
1530233340000,1530233399000,81.084,81.084,81.045,81.055,126510000,1
1530233400000,1530233459000,81.056,81.102,81.056,81.099,123130000,1
1530233460000,1530233519000,81.099,81.126,81.097,81.113,163810000,1
1530233520000,1530233579000,81.113,81.116,81.1,81.104,128810000,1
1530233580000,1530233639000,81.104,81.104,81.066,81.075,205410000,1
1530233640000,1530233699000,81.073,81.115,81.059,81.109,284410000,1
1530233700000,1530233759000,81.11,81.11,81.06,81.064,318390000,1
1530233760000,1530233819000,81.066,81.078,81.047,81.059,229760000,1
1530233820000,1530233879000,81.057,81.072,81.05,81.056,227600000,1
1530233880000,1530233939000,81.057,81.084,81.057,81.074,150650000,1
1530233940000,1530233999000,81.073,81.089,81.065,81.077,132060000,1
1530234000000,1530234059000,81.077,81.103,81.076,81.103,150650000,1
1530234060000,1530234119000,81.103,81.103,81.082,81.085,102560000,1
1530234120000,1530234179000,81.084,81.095,81.083,81.094,111260000,1
1530234180000,1530234239000,81.094,81.104,81.084,81.104,130650000,1
1530234240000,1530234299000,81.104,81.121,81.104,81.114,117380000,1
1530234300000,1530234359000,81.115,81.121,81.105,81.11,59140000,1
1530234360000,1530234419000,81.11,81.122,81.11,81.117,78990000,1
1530234420000,1530234479000,81.117,81.122,81.106,81.116,92810000,1
1530234480000,1530234539000,81.116,81.118,81.094,81.097,77260000,1
1530234540000,1530234599000,81.097,81.117,81.086,81.117,139350000,1
1530234600000,1530234659000,81.117,81.13,81.1,81.13,141810000,1
1530234660000,1530234719000,81.131,81.157,81.129,81.151,136340000,1
1530234720000,1530234779000,81.15,81.174,81.14,81.174,120930000,1
1530234780000,1530234839000,81.173,81.215,81.16,81.21,172690000,1
1530234840000,1530234899000,81.21,81.224,81.203,81.205,148840000,1
1530234900000,1530234959000,81.204,81.204,81.119,81.121,181980000,1
1530234960000,1530235019000,81.12,81.148,81.12,81.125,183590000,1
1530235020000,1530235079000,81.125,81.133,81.097,81.098,172220000,1
1530235080000,1530235139000,81.097,81.106,81.085,81.098,156670000,1
1530235140000,1530235199000,81.099,81.157,81.099,81.148,119510000,1
1530235200000,1530235259000,81.148,81.19,81.148,81.184,123900000,1
1530235260000,1530235319000,81.183,81.184,81.161,81.171,123240000,1
1530235320000,1530235379000,81.17,81.187,81.148,81.154,149710000,1
1530235380000,1530235439000,81.154,81.156,81.135,81.136,133370000,1
1530235440000,1530235499000,81.136,81.142,81.126,81.13,137350000,1
1530235500000,1530235559000,81.13,81.13,81.093,81.11,130020000,1
1530235560000,1530235619000,81.111,81.142,81.111,81.141,87730000,1
1530235620000,1530235679000,81.14,81.144,81.124,81.138,106570000,1
1530235680000,1530235739000,81.138,81.144,81.133,81.143,99390000,1
1530235740000,1530235799000,81.141,81.161,81.138,81.155,172750000,1
1530235800000,1530235859000,81.156,81.175,81.126,81.145,172220000,1
1530235860000,1530235919000,81.144,81.181,81.139,81.175,183680000,1
1530235920000,1530235979000,81.175,81.207,81.167,81.206,154730000,1
1530235980000,1530236039000,81.207,81.224,81.177,81.204,186570000,1
1530236040000,1530236099000,81.204,81.207,81.191,81.193,139060000,1
1530236100000,1530236159000,81.191,81.191,81.152,81.156,187330000,1
1530236160000,1530236219000,81.156,81.158,81.142,81.148,123560000,1
1530236220000,1530236279000,81.15,81.161,81.146,81.151,113550000,1
1530236280000,1530236339000,81.152,81.155,81.137,81.141,120520000,1
1530236340000,1530236399000,81.141,81.158,81.135,81.147,126970000,1
1530236400000,1530236459000,81.148,81.189,81.148,81.186,147150000,1
1530236460000,1530236519000,81.187,81.187,81.162,81.182,132260000,1
1530236520000,1530236579000,81.183,81.183,81.164,81.178,165650000,1
1530236580000,1530236639000,81.179,81.189,81.175,81.189,123160000,1
1530236640000,1530236699000,81.189,81.19,81.158,81.174,129540000,1
1530236700000,1530236759000,81.175,81.183,81.164,81.165,83890000,1
1530236760000,1530236819000,81.164,81.167,81.153,81.164,110120000,1
1530236820000,1530236879000,81.166,81.182,81.157,81.158,118460000,1
1530236880000,1530236939000,81.159,81.162,81.137,81.147,113150000,1
1530236940000,1530236999000,81.148,81.15,81.135,81.15,129760000,1
1530237000000,1530237059000,81.151,81.181,81.148,81.177,83120000,1
1530237060000,1530237119000,81.177,81.177,81.147,81.165,118800000,1
1530237120000,1530237179000,81.166,81.169,81.141,81.141,109350000,1
1530237180000,1530237239000,81.141,81.167,81.141,81.159,69750000,1
1530237240000,1530237299000,81.159,81.166,81.149,81.149,109950000,1
1530237300000,1530237359000,81.149,81.159,81.134,81.136,123010000,1
1530237360000,1530237419000,81.135,81.14,81.099,81.101,183220000,1
1530237420000,1530237479000,81.1,81.102,81.071,81.095,133900000,1
1530237480000,1530237539000,81.094,81.111,81.09,81.095,153240000,1
1530237540000,1530237599000,81.098,81.113,81.098,81.109,117560000,1
1530237600000,1530237659000,81.111,81.154,81.111,81.131,123080000,1
1530237660000,1530237719000,81.13,81.144,81.126,81.142,105020000,1
1530237720000,1530237779000,81.141,81.15,81.136,81.15,88590000,1
1530237780000,1530237839000,81.15,81.164,81.139,81.139,114940000,1
1530237840000,1530237899000,81.139,81.139,81.085,81.096,139670000,1
1530237900000,1530237959000,81.096,81.116,81.089,81.089,168950000,1
1530237960000,1530238019000,81.087,81.09,81.061,81.071,151260000,1
1530238020000,1530238079000,81.071,81.113,81.07,81.084,193790000,1
1530238080000,1530238139000,81.085,81.097,81.069,81.086,162910000,1
1530238140000,1530238199000,81.085,81.096,81.078,81.081,65880000,1
1530238200000,1530238259000,81.081,81.097,81.078,81.096,68260000,1
1530238260000,1530238319000,81.096,81.111,81.091,81.098,67250000,1
1530238320000,1530238379000,81.099,81.106,81.096,81.106,81530000,1
1530238380000,1530238439000,81.106,81.13,81.103,81.13,96000000,1
1530238440000,1530238499000,81.129,81.129,81.108,81.12,98010000,1
1530238500000,1530238559000,81.121,81.135,81.117,81.127,86520000,1
1530238560000,1530238619000,81.126,81.145,81.125,81.143,64560000,1
1530238620000,1530238679000,81.143,81.148,81.133,81.139,102140000,1
1530238680000,1530238739000,81.138,81.146,81.135,81.135,82170000,1
1530238740000,1530238799000,81.135,81.141,81.119,81.123,71110000,1
1530238800000,1530238859000,81.123,81.133,81.114,81.12,81890000,1
1530238860000,1530238919000,81.119,81.131,81.117,81.127,70890000,1
1530238920000,1530238979000,81.127,81.13,81.125,81.126,51480000,1
1530238980000,1530239039000,81.127,81.146,81.126,81.144,56820000,1
1530239040000,1530239099000,81.143,81.145,81.128,81.135,79000000,1
1530239100000,1530239159000,81.134,81.173,81.134,81.165,127510000,1
1530239160000,1530239219000,81.165,81.18,81.165,81.179,80500000,1
1530239220000,1530239279000,81.18,81.191,81.167,81.167,126580000,1
1530239280000,1530239339000,81.167,81.185,81.162,81.182,129910000,1
1530239340000,1530239399000,81.181,81.181,81.165,81.173,74960000,1
1530239400000,1530239459000,81.171,81.185,81.171,81.175,104910000,1
1530239460000,1530239519000,81.174,81.179,81.16,81.167,97610000,1
1530239520000,1530239579000,81.168,81.177,81.16,81.163,95220000,1
1530239580000,1530239639000,81.163,81.174,81.158,81.17,76110000,1
1530239640000,1530239699000,81.171,81.196,81.171,81.195,129000000,1
1530239700000,1530239759000,81.195,81.254,81.195,81.23,189110000,1
1530239760000,1530239819000,81.23,81.378,81.225,81.377,243540000,1
1530239820000,1530239879000,81.376,81.389,81.295,81.333,287210000,1
1530239880000,1530239939000,81.336,81.379,81.307,81.373,295810000,1
1530239940000,1530239999000,81.372,81.47,81.372,81.462,458670000,1
1530240000000,1530240059000,81.463,81.471,81.37,81.407,312140000,1
1530240060000,1530240119000,81.406,81.472,81.393,81.451,269820000,1
1530240120000,1530240179000,81.452,81.473,81.426,81.446,233080000,1
1530240180000,1530240239000,81.445,81.446,81.399,81.402,215310000,1
1530240240000,1530240299000,81.402,81.474,81.4,81.472,242170000,1
1530240300000,1530240359000,81.469,81.548,81.463,81.544,227260000,1
1530240360000,1530240419000,81.538,81.575,81.533,81.548,230800000,1
1530240420000,1530240479000,81.548,81.589,81.529,81.573,300520000,1
1530240480000,1530240539000,81.573,81.599,81.57,81.597,177420000,1
1530240540000,1530240599000,81.599,81.627,81.584,81.623,199930000,1
1530240600000,1530240659000,81.622,81.654,81.62,81.623,200500000,1
1530240660000,1530240719000,81.622,81.628,81.578,81.608,198580000,1
1530240720000,1530240779000,81.609,81.64,81.593,81.63,173620000,1
1530240780000,1530240839000,81.637,81.655,81.622,81.627,141720000,1
1530240840000,1530240899000,81.626,81.626,81.603,81.605,145940000,1
1530240900000,1530240959000,81.605,81.605,81.583,81.593,190570000,1
1530240960000,1530241019000,81.593,81.636,81.592,81.633,193720000,1
1530241020000,1530241079000,81.634,81.658,81.614,81.651,237850000,1
1530241080000,1530241139000,81.65,81.672,81.649,81.659,205850000,1
1530241140000,1530241199000,81.657,81.749,81.65,81.727,242190000,1
1530241200000,1530241259000,81.729,81.815,81.728,81.781,324650000,1
1530241260000,1530241319000,81.782,81.784,81.709,81.744,232160000,1
1530241320000,1530241379000,81.743,81.762,81.725,81.727,177810000,1
1530241380000,1530241439000,81.731,81.734,81.709,81.72,220120000,1
1530241440000,1530241499000,81.723,81.733,81.698,81.727,176320000,1
1530241500000,1530241559000,81.727,81.738,81.705,81.709,146480000,1
1530241560000,1530241619000,81.707,81.721,81.67,81.672,148380000,1
1530241620000,1530241679000,81.671,81.686,81.633,81.656,263840000,1
1530241680000,1530241739000,81.655,81.666,81.617,81.664,138990000,1
1530241740000,1530241799000,81.665,81.672,81.63,81.663,129510000,1
1530241800000,1530241859000,81.665,81.67,81.651,81.662,96620000,1
1530241860000,1530241919000,81.66,81.661,81.621,81.622,87880000,1
1530241920000,1530241979000,81.623,81.642,81.623,81.627,100840000,1
1530241980000,1530242039000,81.629,81.646,81.623,81.636,117860000,1
1530242040000,1530242099000,81.636,81.661,81.634,81.653,134860000,1
1530242100000,1530242159000,81.652,81.679,81.643,81.658,152120000,1
1530242160000,1530242219000,81.657,81.683,81.653,81.674,134990000,1
1530242220000,1530242279000,81.673,81.681,81.656,81.681,162200000,1
1530242280000,1530242339000,81.683,81.704,81.676,81.685,111660000,1
1530242340000,1530242399000,81.686,81.694,81.658,81.659,139220000,1
1530242400000,1530242459000,81.658,81.678,81.657,81.668,145950000,1
1530242460000,1530242519000,81.668,81.668,81.646,81.646,92680000,1
1530242520000,1530242579000,81.644,81.664,81.644,81.655,83890000,1
1530242580000,1530242639000,81.655,81.655,81.634,81.636,82390000,1
1530242640000,1530242699000,81.637,81.668,81.637,81.66,87420000,1
1530242700000,1530242759000,81.657,81.697,81.655,81.696,114580000,1
1530242760000,1530242819000,81.697,81.709,81.689,81.698,102750000,1
1530242820000,1530242879000,81.698,81.708,81.691,81.701,88950000,1
1530242880000,1530242939000,81.7,81.701,81.678,81.678,87630000,1
1530242940000,1530242999000,81.68,81.684,81.669,81.675,84130000,1
1530243000000,1530243059000,81.675,81.681,81.662,81.663,102400000,1
1530243060000,1530243119000,81.663,81.669,81.647,81.647,82320000,1
1530243120000,1530243179000,81.647,81.672,81.635,81.664,104410000,1
1530243180000,1530243239000,81.661,81.661,81.635,81.648,101530000,1
1530243240000,1530243299000,81.648,81.651,81.595,81.609,147930000,1
1530243300000,1530243359000,81.608,81.659,81.604,81.648,113980000,1
1530243360000,1530243419000,81.648,81.657,81.632,81.636,78880000,1
1530243420000,1530243479000,81.634,81.645,81.624,81.637,86250000,1
1530243480000,1530243539000,81.636,81.645,81.629,81.638,76510000,1
1530243540000,1530243599000,81.639,81.642,81.613,81.635,96730000,1
1530243600000,1530243659000,81.636,81.641,81.624,81.63,60320000,1
1530243660000,1530243719000,81.629,81.635,81.621,81.632,103980000,1
1530243720000,1530243779000,81.631,81.638,81.622,81.622,96750000,1
1530243780000,1530243839000,81.623,81.629,81.598,81.604,85150000,1
1530243840000,1530243899000,81.606,81.626,81.604,81.626,100680000,1
1530243900000,1530243959000,81.627,81.634,81.617,81.63,87080000,1
1530243960000,1530244019000,81.63,81.638,81.628,81.633,54260000,1
1530244020000,1530244079000,81.633,81.667,81.633,81.667,84150000,1
1530244080000,1530244139000,81.666,81.666,81.645,81.647,66840000,1
1530244140000,1530244199000,81.648,81.66,81.64,81.64,121610000,1
1530244200000,1530244259000,81.639,81.664,81.636,81.664,132460000,1
1530244260000,1530244319000,81.664,81.677,81.661,81.662,140400000,1
1530244320000,1530244379000,81.665,81.676,81.663,81.666,148110000,1
1530244380000,1530244439000,81.664,81.674,81.656,81.659,120380000,1
1530244440000,1530244499000,81.659,81.668,81.647,81.661,93290000,1
1530244500000,1530244559000,81.66,81.66,81.644,81.652,73510000,1
1530244560000,1530244619000,81.653,81.681,81.653,81.677,133090000,1
1530244620000,1530244679000,81.677,81.682,81.671,81.675,149940000,1
1530244680000,1530244739000,81.675,81.685,81.663,81.681,158250000,1
1530244740000,1530244799000,81.682,81.7,81.68,81.7,106130000,1
1530244800000,1530244859000,81.699,81.703,81.693,81.696,122550000,1
1530244860000,1530244919000,81.695,81.72,81.69,81.716,115600000,1
1530244920000,1530244979000,81.716,81.721,81.703,81.717,89430000,1
1530244980000,1530245039000,81.716,81.725,81.708,81.709,114390000,1
1530245040000,1530245099000,81.708,81.737,81.708,81.726,144010000,1
1530245100000,1530245159000,81.727,81.744,81.721,81.737,147720000,1
1530245160000,1530245219000,81.737,81.737,81.721,81.726,92830000,1
1530245220000,1530245279000,81.726,81.756,81.726,81.752,105070000,1
1530245280000,1530245339000,81.752,81.78,81.752,81.77,105130000,1
1530245340000,1530245399000,81.768,81.775,81.758,81.767,169050000,1
1530245400000,1530245459000,81.767,81.767,81.759,81.76,76680000,1
1530245460000,1530245519000,81.76,81.76,81.749,81.757,77940000,1
1530245520000,1530245579000,81.755,81.783,81.748,81.783,137020000,1
1530245580000,1530245639000,81.783,81.791,81.758,81.786,186820000,1
1530245640000,1530245699000,81.784,81.788,81.756,81.775,159780000,1
1530245700000,1530245759000,81.776,81.776,81.747,81.747,154780000,1
1530245760000,1530245819000,81.748,81.757,81.742,81.742,123710000,1
1530245820000,1530245879000,81.742,81.756,81.74,81.753,104450000,1
1530245880000,1530245939000,81.753,81.764,81.753,81.763,82530000,1
1530245940000,1530245999000,81.763,81.766,81.755,81.766,75220000,1
1530246000000,1530246059000,81.763,81.77,81.748,81.77,115390000,1
1530246060000,1530246119000,81.769,81.775,81.762,81.771,110400000,1
1530246120000,1530246179000,81.772,81.833,81.769,81.819,212100000,1
1530246180000,1530246239000,81.816,81.823,81.786,81.787,124690000,1
1530246240000,1530246299000,81.787,81.793,81.767,81.791,119100000,1
1530246300000,1530246359000,81.791,81.795,81.766,81.779,126210000,1
1530246360000,1530246419000,81.778,81.792,81.777,81.787,112810000,1
1530246420000,1530246479000,81.785,81.794,81.769,81.792,111420000,1
1530246480000,1530246539000,81.792,81.804,81.782,81.799,85040000,1
1530246540000,1530246599000,81.798,81.813,81.785,81.806,128590000,1
1530246600000,1530246659000,81.808,81.818,81.793,81.812,134980000,1
1530246660000,1530246719000,81.812,81.822,81.79,81.806,152510000,1
1530246720000,1530246779000,81.805,81.811,81.777,81.801,119310000,1
1530246780000,1530246839000,81.8,81.806,81.795,81.796,67020000,1
1530246840000,1530246899000,81.796,81.796,81.778,81.779,53920000,1
1530246900000,1530246959000,81.779,81.803,81.779,81.799,84880000,1
1530246960000,1530247019000,81.8,81.801,81.785,81.785,101960000,1
1530247020000,1530247079000,81.785,81.789,81.775,81.786,81480000,1
1530247080000,1530247139000,81.785,81.805,81.773,81.803,124170000,1
1530247140000,1530247199000,81.804,81.805,81.788,81.788,92080000,1
1530247200000,1530247259000,81.788,81.816,81.786,81.813,113060000,1
1530247260000,1530247319000,81.811,81.82,81.795,81.808,112850000,1
1530247320000,1530247379000,81.808,81.814,81.803,81.805,124060000,1
1530247380000,1530247439000,81.805,81.811,81.798,81.798,110470000,1
1530247440000,1530247499000,81.8,81.812,81.781,81.783,100460000,1
1530247500000,1530247559000,81.785,81.789,81.773,81.781,90420000,1
1530247560000,1530247619000,81.78,81.786,81.761,81.782,68620000,1
1530247620000,1530247679000,81.782,81.786,81.768,81.773,86490000,1
1530247680000,1530247739000,81.773,81.779,81.767,81.773,71600000,1
1530247740000,1530247799000,81.772,81.78,81.759,81.767,79780000,1
1530247800000,1530247859000,81.766,81.775,81.76,81.763,85490000,1
1530247860000,1530247919000,81.762,81.762,81.742,81.743,68490000,1
1530247920000,1530247979000,81.743,81.765,81.743,81.759,101700000,1
1530247980000,1530248039000,81.759,81.774,81.758,81.767,72240000,1
1530248040000,1530248099000,81.767,81.77,81.762,81.77,42590000,1
1530248100000,1530248159000,81.77,81.777,81.76,81.765,65870000,1
1530248160000,1530248219000,81.765,81.767,81.742,81.744,46810000,1
1530248220000,1530248279000,81.745,81.754,81.745,81.751,75520000,1
1530248280000,1530248339000,81.75,81.75,81.72,81.72,86940000,1
1530248340000,1530248399000,81.723,81.754,81.723,81.754,88000000,1
1530248400000,1530248459000,81.754,81.795,81.745,81.795,117330000,1
1530248460000,1530248519000,81.795,81.795,81.763,81.765,114960000,1
1530248520000,1530248579000,81.765,81.782,81.759,81.778,123350000,1
1530248580000,1530248639000,81.777,81.782,81.769,81.777,98020000,1
1530248640000,1530248699000,81.777,81.782,81.767,81.778,77950000,1
1530248700000,1530248759000,81.778,81.791,81.777,81.788,53350000,1
1530248760000,1530248819000,81.787,81.788,81.764,81.764,75850000,1
1530248820000,1530248879000,81.763,81.763,81.748,81.748,51290000,1
1530248880000,1530248939000,81.748,81.749,81.716,81.725,103200000,1
1530248940000,1530248999000,81.725,81.744,81.725,81.728,56620000,1
1530249000000,1530249059000,81.728,81.741,81.728,81.74,72070000,1
1530249060000,1530249119000,81.74,81.74,81.727,81.73,59650000,1
1530249120000,1530249179000,81.73,81.756,81.728,81.747,61460000,1
1530249180000,1530249239000,81.745,81.779,81.738,81.774,158640000,1
1530249240000,1530249299000,81.776,81.783,81.775,81.782,57920000,1
1530249300000,1530249359000,81.782,81.782,81.748,81.761,94760000,1
1530249360000,1530249419000,81.761,81.772,81.748,81.751,80130000,1
1530249420000,1530249479000,81.751,81.758,81.746,81.749,90620000,1
1530249480000,1530249539000,81.748,81.748,81.732,81.735,58110000,1
1530249540000,1530249599000,81.735,81.74,81.73,81.74,31410000,1
1530249600000,1530249659000,81.739,81.758,81.736,81.758,69100000,1
1530249660000,1530249719000,81.758,81.766,81.755,81.766,67570000,1
1530249720000,1530249779000,81.764,81.764,81.758,81.76,63510000,1
1530249780000,1530249839000,81.76,81.766,81.756,81.756,44660000,1
1530249840000,1530249899000,81.754,81.765,81.752,81.765,88600000,1
1530249900000,1530249959000,81.763,81.797,81.763,81.792,96830000,1
1530249960000,1530250019000,81.792,81.801,81.784,81.784,102850000,1
1530250020000,1530250079000,81.784,81.803,81.783,81.803,80980000,1
1530250080000,1530250139000,81.803,81.811,81.793,81.797,95830000,1
1530250140000,1530250199000,81.796,81.802,81.79,81.799,49160000,1
1530250200000,1530250259000,81.798,81.807,81.781,81.807,80350000,1
1530250260000,1530250319000,81.807,81.807,81.788,81.79,68270000,1
1530250320000,1530250379000,81.79,81.796,81.78,81.781,70300000,1
1530250380000,1530250439000,81.781,81.784,81.76,81.763,82200000,1
1530250440000,1530250499000,81.764,81.794,81.757,81.792,107170000,1
1530250500000,1530250559000,81.792,81.798,81.762,81.763,147820000,1
1530250560000,1530250619000,81.763,81.772,81.763,81.77,44650000,1
1530250620000,1530250679000,81.769,81.769,81.733,81.739,139030000,1
1530250680000,1530250739000,81.739,81.755,81.738,81.755,76360000,1
1530250740000,1530250799000,81.754,81.763,81.742,81.761,90840000,1
1530250800000,1530250859000,81.76,81.787,81.757,81.782,94800000,1
1530250860000,1530250919000,81.781,81.793,81.778,81.791,55790000,1
1530250920000,1530250979000,81.79,81.792,81.765,81.765,86870000,1
1530250980000,1530251039000,81.765,81.767,81.75,81.753,83620000,1
1530251040000,1530251099000,81.753,81.773,81.753,81.773,95240000,1
1530251100000,1530251159000,81.773,81.779,81.766,81.767,107530000,1
1530251160000,1530251219000,81.768,81.769,81.755,81.765,70590000,1
1530251220000,1530251279000,81.764,81.784,81.756,81.784,82770000,1
1530251280000,1530251339000,81.786,81.788,81.766,81.769,79650000,1
1530251340000,1530251399000,81.77,81.793,81.769,81.793,76440000,1
1530251400000,1530251459000,81.793,81.841,81.793,81.822,99530000,1
1530251460000,1530251519000,81.823,81.826,81.813,81.818,92830000,1
1530251520000,1530251579000,81.818,81.828,81.812,81.828,76680000,1
1530251580000,1530251639000,81.827,81.827,81.796,81.8,100730000,1
1530251640000,1530251699000,81.799,81.811,81.796,81.799,97800000,1
1530251700000,1530251759000,81.8,81.814,81.788,81.811,117140000,1
1530251760000,1530251819000,81.811,81.825,81.811,81.824,96050000,1
1530251820000,1530251879000,81.824,81.856,81.824,81.849,113400000,1
1530251880000,1530251939000,81.848,81.852,81.828,81.829,68800000,1
1530251940000,1530251999000,81.83,81.831,81.821,81.822,80110000,1
1530252000000,1530252059000,81.818,81.818,81.791,81.817,137120000,1
1530252060000,1530252119000,81.814,81.818,81.786,81.788,90150000,1
1530252120000,1530252179000,81.788,81.793,81.784,81.784,95600000,1
1530252180000,1530252239000,81.781,81.781,81.75,81.755,148880000,1
1530252240000,1530252299000,81.754,81.771,81.738,81.77,109650000,1
1530252300000,1530252359000,81.769,81.774,81.765,81.768,65460000,1
1530252360000,1530252419000,81.767,81.791,81.764,81.786,135180000,1
1530252420000,1530252479000,81.784,81.787,81.763,81.769,88900000,1
1530252480000,1530252539000,81.77,81.775,81.764,81.768,65560000,1
1530252540000,1530252599000,81.767,81.767,81.751,81.751,95010000,1
1530252600000,1530252659000,81.751,81.758,81.742,81.747,110020000,1
1530252660000,1530252719000,81.746,81.77,81.745,81.762,119400000,1
1530252720000,1530252779000,81.762,81.764,81.752,81.761,92970000,1
1530252780000,1530252839000,81.761,81.78,81.759,81.776,136680000,1
1530252840000,1530252899000,81.779,81.795,81.778,81.785,141890000,1
1530252900000,1530252959000,81.784,81.784,81.749,81.75,112020000,1
1530252960000,1530253019000,81.75,81.763,81.748,81.749,129990000,1
1530253020000,1530253079000,81.749,81.802,81.749,81.789,148250000,1
1530253080000,1530253139000,81.788,81.794,81.772,81.775,155210000,1
1530253140000,1530253199000,81.776,81.777,81.758,81.773,137830000,1
1530253200000,1530253259000,81.773,81.776,81.761,81.766,103320000,1
1530253260000,1530253319000,81.765,81.77,81.756,81.757,111890000,1
1530253320000,1530253379000,81.761,81.774,81.761,81.772,90490000,1
1530253380000,1530253439000,81.772,81.774,81.766,81.769,79390000,1
1530253440000,1530253499000,81.768,81.772,81.761,81.769,84410000,1
1530253500000,1530253559000,81.769,81.769,81.756,81.762,80950000,1
1530253560000,1530253619000,81.766,81.766,81.759,81.764,141670000,1
1530253620000,1530253679000,81.768,81.774,81.746,81.746,112230000,1
1530253680000,1530253739000,81.745,81.752,81.737,81.752,88000000,1
1530253740000,1530253799000,81.757,81.758,81.743,81.752,151550000,1
1530253800000,1530253859000,81.749,81.758,81.73,81.73,199130000,1
1530253860000,1530253919000,81.73,81.76,81.726,81.743,224130000,1
1530253920000,1530253979000,81.747,81.759,81.73,81.735,152230000,1
1530253980000,1530254039000,81.734,81.735,81.724,81.729,94450000,1
1530254040000,1530254099000,81.731,81.738,81.725,81.725,146600000,1
1530254100000,1530254159000,81.725,81.725,81.696,81.699,174100000,1
1530254160000,1530254219000,81.697,81.707,81.679,81.705,131190000,1
1530254220000,1530254279000,81.705,81.715,81.682,81.684,171840000,1
1530254280000,1530254339000,81.684,81.711,81.68,81.71,197350000,1
1530254340000,1530254399000,81.709,81.711,81.671,81.671,168880000,1
1530254400000,1530254459000,81.67,81.711,81.67,81.706,143350000,1
1530254460000,1530254519000,81.705,81.72,81.699,81.712,151220000,1
1530254520000,1530254579000,81.714,81.717,81.674,81.677,182920000,1
1530254580000,1530254639000,81.676,81.689,81.675,81.681,155430000,1
1530254640000,1530254699000,81.681,81.695,81.681,81.695,95170000,1
1530254700000,1530254759000,81.696,81.738,81.695,81.738,131910000,1
1530254760000,1530254819000,81.738,81.775,81.737,81.766,128170000,1
1530254820000,1530254879000,81.767,81.772,81.721,81.735,189150000,1
1530254880000,1530254939000,81.734,81.734,81.712,81.712,124210000,1
1530254940000,1530254999000,81.713,81.736,81.713,81.728,135990000,1
1530255000000,1530255059000,81.728,81.754,81.728,81.751,89410000,1
1530255060000,1530255119000,81.749,81.751,81.726,81.74,175570000,1
1530255120000,1530255179000,81.74,81.74,81.725,81.725,122940000,1
1530255180000,1530255239000,81.726,81.746,81.725,81.74,178160000,1
1530255240000,1530255299000,81.74,81.742,81.718,81.736,181070000,1
1530255300000,1530255359000,81.736,81.748,81.729,81.737,134920000,1
1530255360000,1530255419000,81.737,81.761,81.727,81.729,116960000,1
1530255420000,1530255479000,81.729,81.74,81.725,81.737,85910000,1
1530255480000,1530255539000,81.737,81.738,81.717,81.717,133230000,1
1530255540000,1530255599000,81.719,81.721,81.714,81.72,96350000,1
1530255600000,1530255659000,81.72,81.723,81.699,81.72,158500000,1
1530255660000,1530255719000,81.721,81.74,81.707,81.729,191470000,1
1530255720000,1530255779000,81.729,81.775,81.728,81.764,243310000,1
1530255780000,1530255839000,81.763,81.798,81.76,81.791,155310000,1
1530255840000,1530255899000,81.789,81.791,81.775,81.776,148150000,1
1530255900000,1530255959000,81.774,81.775,81.744,81.744,143270000,1
1530255960000,1530256019000,81.743,81.744,81.709,81.709,206380000,1
1530256020000,1530256079000,81.709,81.719,81.687,81.718,209100000,1
1530256080000,1530256139000,81.719,81.746,81.719,81.735,199120000,1
1530256140000,1530256199000,81.735,81.735,81.674,81.68,231630000,1
1530256200000,1530256259000,81.682,81.706,81.682,81.699,242870000,1
1530256260000,1530256319000,81.7,81.721,81.694,81.717,253380000,1
1530256320000,1530256379000,81.716,81.736,81.716,81.719,220720000,1
1530256380000,1530256439000,81.719,81.735,81.719,81.734,193790000,1
1530256440000,1530256499000,81.729,81.729,81.709,81.713,215050000,1
1530256500000,1530256559000,81.714,81.731,81.714,81.722,205240000,1
1530256560000,1530256619000,81.722,81.722,81.693,81.704,175260000,1
1530256620000,1530256679000,81.704,81.716,81.691,81.715,220300000,1
1530256680000,1530256739000,81.715,81.715,81.683,81.694,255350000,1
1530256740000,1530256799000,81.692,81.696,81.681,81.696,169370000,1
1530256800000,1530256859000,81.696,81.711,81.646,81.654,208830000,1
1530256860000,1530256919000,81.654,81.684,81.654,81.666,233610000,1
1530256920000,1530256979000,81.666,81.671,81.651,81.654,199730000,1
1530256980000,1530257039000,81.651,81.675,81.644,81.667,213070000,1
1530257040000,1530257099000,81.666,81.694,81.666,81.684,232780000,1
1530257100000,1530257159000,81.683,81.688,81.656,81.671,169730000,1
1530257160000,1530257219000,81.67,81.707,81.67,81.707,146730000,1
1530257220000,1530257279000,81.708,81.729,81.696,81.705,111920000,1
1530257280000,1530257339000,81.706,81.706,81.683,81.689,128580000,1
1530257340000,1530257399000,81.688,81.702,81.688,81.699,150830000,1
1530257400000,1530257459000,81.7,81.72,81.694,81.72,149100000,1
1530257460000,1530257519000,81.72,81.736,81.715,81.733,151190000,1
1530257520000,1530257579000,81.735,81.738,81.716,81.734,107450000,1
1530257580000,1530257639000,81.733,81.733,81.717,81.718,123450000,1
1530257640000,1530257699000,81.719,81.728,81.7,81.726,122380000,1
1530257700000,1530257759000,81.726,81.731,81.702,81.72,156330000,1
1530257760000,1530257819000,81.72,81.72,81.704,81.704,98350000,1
1530257820000,1530257879000,81.705,81.718,81.705,81.715,83400000,1
1530257880000,1530257939000,81.716,81.721,81.705,81.713,138840000,1
1530257940000,1530257999000,81.713,81.718,81.693,81.694,165410000,1
1530258000000,1530258059000,81.694,81.698,81.677,81.677,149260000,1
1530258060000,1530258119000,81.677,81.705,81.676,81.704,120110000,1
1530258120000,1530258179000,81.704,81.726,81.703,81.721,148620000,1
1530258180000,1530258239000,81.72,81.737,81.714,81.733,97380000,1
1530258240000,1530258299000,81.731,81.743,81.722,81.724,124060000,1
1530258300000,1530258359000,81.725,81.755,81.724,81.751,140060000,1
1530258360000,1530258419000,81.753,81.763,81.748,81.757,143610000,1
1530258420000,1530258479000,81.756,81.768,81.744,81.745,169650000,1
1530258480000,1530258539000,81.745,81.747,81.727,81.729,115170000,1
1530258540000,1530258599000,81.729,81.742,81.723,81.741,115400000,1
1530258600000,1530258659000,81.74,81.746,81.737,81.743,120480000,1
1530258660000,1530258719000,81.744,81.744,81.737,81.739,69720000,1
1530258720000,1530258779000,81.739,81.745,81.736,81.737,92440000,1
1530258780000,1530258839000,81.738,81.746,81.736,81.743,52930000,1
1530258840000,1530258899000,81.741,81.759,81.735,81.757,89120000,1
1530258900000,1530258959000,81.754,81.773,81.751,81.772,84830000,1
1530258960000,1530259019000,81.772,81.773,81.763,81.77,162770000,1
1530259020000,1530259079000,81.771,81.784,81.769,81.784,82590000,1
1530259080000,1530259139000,81.783,81.783,81.742,81.742,161630000,1
1530259140000,1530259199000,81.742,81.744,81.696,81.705,212270000,1
1530259200000,1530259259000,81.702,81.717,81.7,81.714,196400000,1
1530259260000,1530259319000,81.712,81.735,81.708,81.728,155310000,1
1530259320000,1530259379000,81.728,81.733,81.718,81.722,131500000,1
1530259380000,1530259439000,81.724,81.752,81.719,81.744,213610000,1
1530259440000,1530259499000,81.744,81.755,81.732,81.75,158740000,1
1530259500000,1530259559000,81.75,81.751,81.739,81.741,158470000,1
1530259560000,1530259619000,81.741,81.764,81.732,81.754,166860000,1
1530259620000,1530259679000,81.754,81.757,81.736,81.74,133390000,1
1530259680000,1530259739000,81.739,81.744,81.732,81.735,106320000,1
1530259740000,1530259799000,81.736,81.766,81.733,81.756,147340000,1
1530259800000,1530259859000,81.756,81.766,81.74,81.766,101920000,1
1530259860000,1530259919000,81.766,81.783,81.757,81.761,154920000,1
1530259920000,1530259979000,81.76,81.765,81.755,81.763,131950000,1
1530259980000,1530260039000,81.764,81.772,81.746,81.75,104000000,1
1530260040000,1530260099000,81.75,81.77,81.75,81.758,206130000,1
1530260100000,1530260159000,81.761,81.761,81.72,81.724,248410000,1
1530260160000,1530260219000,81.73,81.758,81.73,81.747,225030000,1
1530260220000,1530260279000,81.745,81.761,81.731,81.736,225890000,1
1530260280000,1530260339000,81.735,81.735,81.716,81.72,186190000,1
1530260340000,1530260399000,81.719,81.758,81.719,81.755,215630000,1
1530260400000,1530260459000,81.755,81.771,81.744,81.753,198750000,1
1530260460000,1530260519000,81.755,81.764,81.738,81.739,207250000,1
1530260520000,1530260579000,81.738,81.763,81.736,81.759,161640000,1
1530260580000,1530260639000,81.758,81.767,81.751,81.752,143730000,1
1530260640000,1530260699000,81.749,81.769,81.741,81.755,188180000,1
1530260700000,1530260759000,81.754,81.768,81.748,81.766,171890000,1
1530260760000,1530260819000,81.768,81.77,81.756,81.761,105480000,1
1530260820000,1530260879000,81.759,81.759,81.741,81.741,51860000,1
1530260880000,1530260939000,81.739,81.757,81.739,81.755,79090000,1
1530260940000,1530260999000,81.754,81.76,81.746,81.757,90370000,1
1530261000000,1530261059000,81.757,81.79,81.756,81.778,189400000,1
1530261060000,1530261119000,81.779,81.792,81.767,81.792,165320000,1
1530261120000,1530261179000,81.795,81.811,81.784,81.809,102430000,1
1530261180000,1530261239000,81.808,81.822,81.807,81.807,227930000,1
1530261240000,1530261299000,81.811,81.818,81.797,81.797,199300000,1
1530261300000,1530261359000,81.797,81.845,81.795,81.835,222330000,1
1530261360000,1530261419000,81.835,81.864,81.829,81.858,284400000,1
1530261420000,1530261479000,81.858,81.88,81.849,81.868,274890000,1
1530261480000,1530261539000,81.868,81.918,81.866,81.916,241210000,1
1530261540000,1530261599000,81.915,81.946,81.908,81.932,219810000,1
1530261600000,1530261659000,81.93,81.948,81.923,81.946,261410000,1
1530261660000,1530261719000,81.945,81.954,81.934,81.939,185560000,1
1530261720000,1530261779000,81.939,81.939,81.918,81.938,184680000,1
1530261780000,1530261839000,81.938,81.942,81.905,81.908,199240000,1
1530261840000,1530261899000,81.907,81.915,81.899,81.903,188230000,1
1530261900000,1530261959000,81.903,81.91,81.891,81.902,174800000,1
1530261960000,1530262019000,81.902,81.906,81.874,81.884,103070000,1
1530262020000,1530262079000,81.885,81.885,81.854,81.875,160770000,1
1530262080000,1530262139000,81.876,81.879,81.861,81.867,158630000,1
1530262140000,1530262199000,81.867,81.891,81.866,81.887,110700000,1
1530262200000,1530262259000,81.887,81.913,81.879,81.906,156050000,1
1530262260000,1530262319000,81.906,81.923,81.891,81.895,160680000,1
1530262320000,1530262379000,81.896,81.905,81.862,81.87,178520000,1
1530262380000,1530262439000,81.868,81.879,81.847,81.852,264270000,1
1530262440000,1530262499000,81.851,81.871,81.845,81.866,155460000,1
1530262500000,1530262559000,81.865,81.879,81.861,81.879,163400000,1
1530262560000,1530262619000,81.878,81.879,81.855,81.855,156970000,1
1530262620000,1530262679000,81.855,81.865,81.855,81.865,95760000,1
1530262680000,1530262739000,81.867,81.882,81.867,81.875,103300000,1
1530262740000,1530262799000,81.874,81.874,81.854,81.854,130840000,1
1530262800000,1530262859000,81.854,81.854,81.839,81.849,85360000,1
1530262860000,1530262919000,81.848,81.85,81.829,81.849,100680000,1
1530262920000,1530262979000,81.849,81.896,81.849,81.869,170190000,1
1530262980000,1530263039000,81.868,81.868,81.843,81.867,154180000,1
1530263040000,1530263099000,81.866,81.888,81.855,81.86,181840000,1
1530263100000,1530263159000,81.86,81.884,81.85,81.874,155160000,1
1530263160000,1530263219000,81.874,81.89,81.865,81.883,115900000,1
1530263220000,1530263279000,81.881,81.881,81.846,81.862,145980000,1
1530263280000,1530263339000,81.862,81.886,81.861,81.873,104130000,1
1530263340000,1530263399000,81.873,81.877,81.855,81.864,88720000,1
1530263400000,1530263459000,81.865,81.883,81.853,81.869,102460000,1
1530263460000,1530263519000,81.869,81.875,81.855,81.859,107910000,1
1530263520000,1530263579000,81.861,81.868,81.849,81.851,97300000,1
1530263580000,1530263639000,81.851,81.877,81.844,81.873,88870000,1
1530263640000,1530263699000,81.872,81.874,81.864,81.869,62610000,1
1530263700000,1530263759000,81.87,81.881,81.842,81.847,105250000,1
1530263760000,1530263819000,81.844,81.854,81.834,81.836,105290000,1
1530263820000,1530263879000,81.836,81.842,81.816,81.821,151290000,1
1530263880000,1530263939000,81.821,81.825,81.801,81.804,145190000,1
1530263940000,1530263999000,81.805,81.817,81.804,81.813,185480000,1
1530264000000,1530264059000,81.814,81.819,81.788,81.794,168040000,1
1530264060000,1530264119000,81.794,81.804,81.786,81.788,107450000,1
1530264120000,1530264179000,81.788,81.79,81.775,81.78,134330000,1
1530264180000,1530264239000,81.779,81.788,81.77,81.773,170710000,1
1530264240000,1530264299000,81.773,81.783,81.768,81.783,89500000,1
1530264300000,1530264359000,81.784,81.8,81.784,81.79,152400000,1
1530264360000,1530264419000,81.79,81.802,81.785,81.8,146540000,1
1530264420000,1530264479000,81.802,81.808,81.781,81.805,124110000,1
1530264480000,1530264539000,81.805,81.808,81.788,81.793,63640000,1
1530264540000,1530264599000,81.792,81.803,81.783,81.791,140080000,1
1530264600000,1530264659000,81.79,81.804,81.788,81.797,141840000,1
1530264660000,1530264719000,81.797,81.798,81.764,81.767,135750000,1
1530264720000,1530264779000,81.767,81.783,81.765,81.767,137270000,1
1530264780000,1530264839000,81.768,81.785,81.764,81.767,161180000,1
1530264840000,1530264899000,81.767,81.786,81.765,81.781,209280000,1
1530264900000,1530264959000,81.781,81.794,81.778,81.781,168840000,1
1530264960000,1530265019000,81.781,81.785,81.768,81.768,151970000,1
1530265020000,1530265079000,81.768,81.775,81.765,81.77,109500000,1
1530265080000,1530265139000,81.771,81.774,81.764,81.77,71600000,1
1530265140000,1530265199000,81.77,81.782,81.754,81.756,161330000,1
1530265200000,1530265259000,81.755,81.77,81.749,81.756,97630000,1
1530265260000,1530265319000,81.755,81.762,81.74,81.743,158660000,1
1530265320000,1530265379000,81.741,81.741,81.723,81.728,154650000,1
1530265380000,1530265439000,81.729,81.748,81.718,81.735,123200000,1
1530265440000,1530265499000,81.734,81.749,81.73,81.732,154990000,1
1530265500000,1530265559000,81.731,81.733,81.724,81.725,99800000,1
1530265560000,1530265619000,81.723,81.739,81.716,81.736,143480000,1
1530265620000,1530265679000,81.735,81.755,81.735,81.747,110320000,1
1530265680000,1530265739000,81.747,81.761,81.744,81.756,119920000,1
1530265740000,1530265799000,81.755,81.757,81.745,81.747,147640000,1
1530265800000,1530265859000,81.747,81.751,81.729,81.746,140880000,1
1530265860000,1530265919000,81.746,81.751,81.741,81.741,119220000,1
1530265920000,1530265979000,81.74,81.741,81.727,81.732,90540000,1
1530265980000,1530266039000,81.733,81.734,81.723,81.731,64310000,1
1530266040000,1530266099000,81.731,81.737,81.729,81.729,66580000,1
1530266100000,1530266159000,81.729,81.739,81.724,81.733,140580000,1
1530266160000,1530266219000,81.734,81.743,81.728,81.74,114950000,1
1530266220000,1530266279000,81.74,81.747,81.736,81.742,88370000,1
1530266280000,1530266339000,81.741,81.766,81.741,81.761,91700000,1
1530266340000,1530266399000,81.76,81.761,81.727,81.73,166850000,1
1530266400000,1530266459000,81.732,81.732,81.704,81.719,218240000,1
1530266460000,1530266519000,81.719,81.744,81.719,81.742,154570000,1
1530266520000,1530266579000,81.742,81.75,81.724,81.741,138780000,1
1530266580000,1530266639000,81.742,81.745,81.714,81.719,169800000,1
1530266640000,1530266699000,81.719,81.727,81.708,81.726,153850000,1
1530266700000,1530266759000,81.725,81.734,81.72,81.722,130000000,1
1530266760000,1530266819000,81.721,81.746,81.719,81.74,186000000,1
1530266820000,1530266879000,81.74,81.744,81.727,81.741,102200000,1
1530266880000,1530266939000,81.742,81.763,81.741,81.746,165090000,1
1530266940000,1530266999000,81.746,81.753,81.738,81.745,125140000,1
1530267000000,1530267059000,81.745,81.766,81.739,81.762,123540000,1
1530267060000,1530267119000,81.762,81.771,81.761,81.764,64150000,1
1530267120000,1530267179000,81.764,81.764,81.742,81.748,118980000,1
1530267180000,1530267239000,81.748,81.748,81.726,81.732,88760000,1
1530267240000,1530267299000,81.732,81.749,81.728,81.746,83240000,1
1530267300000,1530267359000,81.744,81.748,81.723,81.736,106710000,1
1530267360000,1530267419000,81.736,81.753,81.736,81.75,143130000,1
1530267420000,1530267479000,81.75,81.759,81.744,81.749,163180000,1
1530267480000,1530267539000,81.749,81.751,81.74,81.744,101560000,1
1530267540000,1530267599000,81.744,81.745,81.733,81.739,102030000,1
1530267600000,1530267659000,81.738,81.761,81.738,81.758,142500000,1
1530267660000,1530267719000,81.757,81.772,81.757,81.766,136600000,1
1530267720000,1530267779000,81.766,81.768,81.76,81.761,141310000,1
1530267780000,1530267839000,81.761,81.767,81.752,81.756,128790000,1
1530267840000,1530267899000,81.756,81.758,81.736,81.736,127380000,1
1530267900000,1530267959000,81.736,81.736,81.725,81.732,115170000,1
1530267960000,1530268019000,81.732,81.733,81.619,81.619,292590000,1
1530268020000,1530268079000,81.621,81.637,81.557,81.59,255550000,1
1530268080000,1530268139000,81.59,81.594,81.544,81.55,341570000,1
1530268140000,1530268199000,81.553,81.554,81.499,81.501,285820000,1
1530268200000,1530268259000,81.5,81.514,81.48,81.502,280070000,1
1530268260000,1530268319000,81.501,81.545,81.5,81.524,284310000,1
1530268320000,1530268379000,81.524,81.534,81.513,81.523,211720000,1
1530268380000,1530268439000,81.523,81.524,81.495,81.51,197640000,1
1530268440000,1530268499000,81.51,81.522,81.488,81.505,223890000,1
1530268500000,1530268559000,81.507,81.513,81.483,81.504,215970000,1
1530268560000,1530268619000,81.504,81.519,81.494,81.516,201330000,1
1530268620000,1530268679000,81.517,81.53,81.511,81.527,230670000,1
1530268680000,1530268739000,81.527,81.575,81.527,81.564,313270000,1
1530268740000,1530268799000,81.562,81.597,81.558,81.579,183970000,1
1530268800000,1530268859000,81.579,81.582,81.549,81.549,181400000,1
1530268860000,1530268919000,81.548,81.57,81.545,81.567,157510000,1
1530268920000,1530268979000,81.568,81.58,81.548,81.58,127770000,1
1530268980000,1530269039000,81.58,81.585,81.534,81.535,215550000,1
1530269040000,1530269099000,81.535,81.548,81.529,81.543,163970000,1
1530269100000,1530269159000,81.542,81.559,81.525,81.555,173370000,1
1530269160000,1530269219000,81.555,81.576,81.549,81.563,162220000,1
1530269220000,1530269279000,81.563,81.566,81.553,81.563,166940000,1
1530269280000,1530269339000,81.562,81.569,81.557,81.558,136650000,1
1530269340000,1530269399000,81.559,81.563,81.538,81.55,128600000,1
1530269400000,1530269459000,81.55,81.558,81.53,81.53,82130000,1
1530269460000,1530269519000,81.529,81.532,81.516,81.519,107460000,1
1530269520000,1530269579000,81.522,81.557,81.522,81.536,139860000,1
1530269580000,1530269639000,81.536,81.54,81.527,81.538,168500000,1
1530269640000,1530269699000,81.539,81.558,81.536,81.55,137600000,1
1530269700000,1530269759000,81.55,81.551,81.535,81.536,180160000,1
1530269760000,1530269819000,81.536,81.543,81.529,81.538,117030000,1
1530269820000,1530269879000,81.538,81.55,81.533,81.549,151980000,1
1530269880000,1530269939000,81.548,81.55,81.537,81.544,142240000,1
1530269940000,1530269999000,81.543,81.553,81.536,81.538,110220000,1
1530270000000,1530270059000,81.538,81.545,81.52,81.522,158300000,1
1530270060000,1530270119000,81.525,81.539,81.525,81.531,153160000,1
1530270120000,1530270179000,81.53,81.572,81.53,81.568,130320000,1
1530270180000,1530270239000,81.569,81.6,81.568,81.595,125220000,1
1530270240000,1530270299000,81.595,81.606,81.595,81.6,142180000,1
1530270300000,1530270359000,81.601,81.609,81.584,81.607,149800000,1
1530270360000,1530270419000,81.608,81.608,81.579,81.588,124900000,1
1530270420000,1530270479000,81.586,81.602,81.586,81.595,169460000,1
1530270480000,1530270539000,81.596,81.615,81.596,81.615,97210000,1
1530270540000,1530270599000,81.616,81.621,81.601,81.61,143310000,1
1530270600000,1530270659000,81.611,81.615,81.598,81.6,96950000,1
1530270660000,1530270719000,81.6,81.601,81.594,81.6,92620000,1
1530270720000,1530270779000,81.602,81.605,81.597,81.603,117250000,1
1530270780000,1530270839000,81.603,81.614,81.601,81.61,69910000,1
1530270840000,1530270899000,81.608,81.626,81.606,81.619,105620000,1
1530270900000,1530270959000,81.619,81.629,81.615,81.617,103320000,1
1530270960000,1530271019000,81.618,81.626,81.612,81.616,122280000,1
1530271020000,1530271079000,81.617,81.629,81.617,81.627,183870000,1
1530271080000,1530271139000,81.626,81.629,81.619,81.628,162680000,1
1530271140000,1530271199000,81.628,81.633,81.618,81.624,116530000,1
1530271200000,1530271259000,81.624,81.627,81.617,81.626,102380000,1
1530271260000,1530271319000,81.626,81.632,81.618,81.632,147890000,1
1530271320000,1530271379000,81.63,81.631,81.617,81.62,91090000,1
1530271380000,1530271439000,81.621,81.639,81.62,81.631,175200000,1
1530271440000,1530271499000,81.631,81.646,81.623,81.64,199620000,1
1530271500000,1530271559000,81.639,81.665,81.639,81.66,202450000,1
1530271560000,1530271619000,81.66,81.667,81.647,81.647,156060000,1
1530271620000,1530271679000,81.646,81.649,81.636,81.644,119000000,1
1530271680000,1530271739000,81.644,81.664,81.641,81.664,110170000,1
1530271740000,1530271799000,81.664,81.664,81.644,81.648,109700000,1
1530271800000,1530271859000,81.649,81.651,81.632,81.635,105380000,1
1530271860000,1530271919000,81.635,81.641,81.631,81.632,95520000,1
1530271920000,1530271979000,81.633,81.651,81.633,81.649,68360000,1
1530271980000,1530272039000,81.648,81.658,81.644,81.656,71170000,1
1530272040000,1530272099000,81.656,81.656,81.639,81.646,80070000,1
1530272100000,1530272159000,81.646,81.663,81.637,81.66,115130000,1
1530272160000,1530272219000,81.66,81.666,81.656,81.666,130130000,1
1530272220000,1530272279000,81.666,81.666,81.655,81.659,85870000,1
1530272280000,1530272339000,81.659,81.664,81.655,81.66,80730000,1
1530272340000,1530272399000,81.661,81.671,81.654,81.662,99900000,1
1530272400000,1530272459000,81.659,81.67,81.657,81.667,112010000,1
1530272460000,1530272519000,81.67,81.67,81.657,81.666,131780000,1
1530272520000,1530272579000,81.665,81.67,81.651,81.653,88830000,1
1530272580000,1530272639000,81.653,81.659,81.645,81.657,94200000,1
1530272640000,1530272699000,81.657,81.665,81.647,81.662,98350000,1
1530272700000,1530272759000,81.658,81.669,81.639,81.668,148690000,1
1530272760000,1530272819000,81.667,81.681,81.664,81.669,150400000,1
1530272820000,1530272879000,81.668,81.691,81.662,81.689,202680000,1
1530272880000,1530272939000,81.687,81.688,81.671,81.675,108420000,1
1530272940000,1530272999000,81.673,81.678,81.671,81.674,127560000,1
1530273000000,1530273059000,81.674,81.689,81.671,81.679,130250000,1
1530273060000,1530273119000,81.678,81.693,81.678,81.686,132260000,1
1530273120000,1530273179000,81.687,81.7,81.68,81.7,95020000,1
1530273180000,1530273239000,81.7,81.705,81.689,81.702,102460000,1
1530273240000,1530273299000,81.702,81.704,81.683,81.683,118640000,1
1530273300000,1530273359000,81.683,81.702,81.679,81.701,67840000,1
1530273360000,1530273419000,81.701,81.71,81.694,81.709,62580000,1
1530273420000,1530273479000,81.709,81.723,81.694,81.702,172700000,1
1530273480000,1530273539000,81.704,81.705,81.69,81.7,114040000,1
1530273540000,1530273599000,81.702,81.709,81.692,81.692,122750000,1
1530273600000,1530273659000,81.694,81.695,81.681,81.688,112090000,1
1530273660000,1530273719000,81.689,81.701,81.684,81.684,157520000,1
1530273720000,1530273779000,81.683,81.691,81.675,81.691,127010000,1
1530273780000,1530273839000,81.692,81.692,81.68,81.686,127960000,1
1530273840000,1530273899000,81.686,81.694,81.665,81.666,162070000,1
1530273900000,1530273959000,81.667,81.695,81.667,81.694,91520000,1
1530273960000,1530274019000,81.696,81.701,81.677,81.678,146420000,1
1530274020000,1530274079000,81.677,81.696,81.673,81.693,111650000,1
1530274080000,1530274139000,81.693,81.695,81.685,81.688,81300000,1
1530274140000,1530274199000,81.688,81.696,81.684,81.696,41520000,1
1530274200000,1530274259000,81.695,81.718,81.688,81.696,104770000,1
1530274260000,1530274319000,81.697,81.739,81.697,81.736,283960000,1
1530274320000,1530274379000,81.736,81.742,81.713,81.72,215390000,1
1530274380000,1530274439000,81.72,81.739,81.717,81.729,179660000,1
1530274440000,1530274499000,81.731,81.747,81.731,81.74,121220000,1
1530274500000,1530274559000,81.74,81.747,81.738,81.742,108540000,1
1530274560000,1530274619000,81.742,81.744,81.688,81.688,179780000,1
1530274620000,1530274679000,81.688,81.708,81.688,81.702,127510000,1
1530274680000,1530274739000,81.702,81.702,81.678,81.688,137680000,1
1530274740000,1530274799000,81.688,81.702,81.682,81.699,130240000,1
1530274800000,1530274859000,81.699,81.705,81.687,81.688,160620000,1
1530274860000,1530274919000,81.689,81.704,81.685,81.694,194020000,1
1530274920000,1530274979000,81.695,81.696,81.679,81.68,161990000,1
1530274980000,1530275039000,81.68,81.689,81.673,81.684,132670000,1
1530275040000,1530275099000,81.684,81.69,81.677,81.677,65190000,1
1530275100000,1530275159000,81.677,81.677,81.669,81.675,82420000,1
1530275160000,1530275219000,81.675,81.684,81.67,81.673,114750000,1
1530275220000,1530275279000,81.674,81.674,81.651,81.655,92000000,1
1530275280000,1530275339000,81.658,81.664,81.653,81.658,99520000,1
1530275340000,1530275399000,81.657,81.693,81.657,81.673,116030000,1
1530275400000,1530275459000,81.672,81.735,81.672,81.705,200190000,1
1530275460000,1530275519000,81.706,81.72,81.703,81.712,130190000,1
1530275520000,1530275579000,81.714,81.715,81.662,81.678,209210000,1
1530275580000,1530275639000,81.676,81.704,81.662,81.702,132080000,1
1530275640000,1530275699000,81.702,81.703,81.672,81.68,187130000,1
1530275700000,1530275759000,81.68,81.687,81.664,81.666,138370000,1
1530275760000,1530275819000,81.665,81.666,81.649,81.655,188520000,1
1530275820000,1530275879000,81.656,81.656,81.643,81.65,113340000,1
1530275880000,1530275939000,81.652,81.663,81.646,81.652,127780000,1
1530275940000,1530275999000,81.651,81.68,81.651,81.677,163360000,1
1530276000000,1530276059000,81.678,81.683,81.665,81.676,189370000,1
1530276060000,1530276119000,81.674,81.692,81.663,81.683,158690000,1
1530276120000,1530276179000,81.682,81.705,81.68,81.685,169940000,1
1530276180000,1530276239000,81.684,81.705,81.678,81.699,117380000,1
1530276240000,1530276299000,81.696,81.696,81.681,81.683,77290000,1
1530276300000,1530276359000,81.683,81.683,81.663,81.672,181800000,1
1530276360000,1530276419000,81.673,81.677,81.651,81.651,125950000,1
1530276420000,1530276479000,81.651,81.665,81.651,81.665,102830000,1
1530276480000,1530276539000,81.664,81.682,81.659,81.666,139140000,1
1530276540000,1530276599000,81.668,81.681,81.659,81.676,189900000,1
1530276600000,1530276659000,81.676,81.676,81.656,81.656,188400000,1
1530276660000,1530276719000,81.655,81.669,81.645,81.668,105440000,1
1530276720000,1530276779000,81.668,81.685,81.668,81.678,91720000,1
1530276780000,1530276839000,81.679,81.705,81.679,81.697,145720000,1
1530276840000,1530276899000,81.697,81.697,81.683,81.686,111310000,1
1530276900000,1530276959000,81.684,81.698,81.678,81.691,134430000,1
1530276960000,1530277019000,81.692,81.715,81.69,81.706,101230000,1
1530277020000,1530277079000,81.705,81.705,81.687,81.693,106970000,1
1530277080000,1530277139000,81.694,81.704,81.653,81.686,287580000,1
1530277140000,1530277199000,81.686,81.688,81.646,81.651,238620000,1
1530277200000,1530277259000,81.65,81.685,81.65,81.679,167440000,1
1530277260000,1530277319000,81.679,81.709,81.679,81.708,232400000,1
1530277320000,1530277379000,81.707,81.712,81.698,81.71,174070000,1
1530277380000,1530277439000,81.709,81.715,81.695,81.708,116470000,1
1530277440000,1530277499000,81.709,81.722,81.699,81.722,178070000,1
1530277500000,1530277559000,81.72,81.723,81.684,81.686,157310000,1
1530277560000,1530277619000,81.687,81.714,81.682,81.699,235600000,1
1530277620000,1530277679000,81.698,81.706,81.688,81.701,130320000,1
1530277680000,1530277739000,81.703,81.714,81.702,81.714,103080000,1
1530277740000,1530277799000,81.716,81.727,81.705,81.724,178150000,1
1530277800000,1530277859000,81.725,81.735,81.718,81.73,126460000,1
1530277860000,1530277919000,81.73,81.733,81.712,81.715,201960000,1
1530277920000,1530277979000,81.715,81.727,81.709,81.716,151090000,1
1530277980000,1530278039000,81.713,81.735,81.711,81.724,92020000,1
1530278040000,1530278099000,81.723,81.743,81.722,81.741,152870000,1
1530278100000,1530278159000,81.741,81.75,81.739,81.744,95320000,1
1530278160000,1530278219000,81.743,81.762,81.741,81.762,101010000,1
1530278220000,1530278279000,81.761,81.762,81.751,81.751,104600000,1
1530278280000,1530278339000,81.751,81.76,81.745,81.76,137700000,1
1530278340000,1530278399000,81.759,81.781,81.759,81.78,116030000,1
1530278400000,1530278459000,81.778,81.781,81.767,81.779,129810000,1
1530278460000,1530278519000,81.779,81.796,81.778,81.796,118650000,1
1530278520000,1530278579000,81.795,81.812,81.793,81.812,94560000,1
1530278580000,1530278639000,81.812,81.812,81.797,81.798,92180000,1
1530278640000,1530278699000,81.799,81.8,81.778,81.782,111720000,1
1530278700000,1530278759000,81.782,81.792,81.778,81.791,172990000,1
1530278760000,1530278819000,81.791,81.804,81.79,81.804,91300000,1
1530278820000,1530278879000,81.803,81.803,81.789,81.79,93950000,1
1530278880000,1530278939000,81.79,81.802,81.79,81.797,153970000,1
1530278940000,1530278999000,81.796,81.801,81.79,81.795,135940000,1
1530279000000,1530279059000,81.795,81.819,81.794,81.818,224710000,1
1530279060000,1530279119000,81.818,81.829,81.818,81.821,163510000,1
1530279120000,1530279179000,81.821,81.832,81.803,81.803,173910000,1
1530279180000,1530279239000,81.803,81.815,81.797,81.811,169340000,1
1530279240000,1530279299000,81.812,81.812,81.789,81.789,180740000,1
1530279300000,1530279359000,81.787,81.801,81.771,81.78,179480000,1
1530279360000,1530279419000,81.779,81.782,81.761,81.776,202300000,1
1530279420000,1530279479000,81.775,81.807,81.771,81.802,202010000,1
1530279480000,1530279539000,81.803,81.825,81.794,81.823,164810000,1
1530279540000,1530279599000,81.824,81.829,81.816,81.826,127840000,1
1530279600000,1530279659000,81.827,81.843,81.826,81.842,149610000,1
1530279660000,1530279719000,81.843,81.843,81.817,81.817,131370000,1
1530279720000,1530279779000,81.816,81.847,81.816,81.839,140560000,1
1530279780000,1530279839000,81.839,81.839,81.825,81.834,63310000,1
1530279840000,1530279899000,81.833,81.834,81.811,81.819,150280000,1
1530279900000,1530279959000,81.818,81.838,81.816,81.832,112100000,1
1530279960000,1530280019000,81.834,81.839,81.824,81.827,105520000,1
1530280020000,1530280079000,81.826,81.838,81.813,81.821,213520000,1
1530280080000,1530280139000,81.824,81.848,81.819,81.841,236260000,1
1530280140000,1530280199000,81.838,81.84,81.825,81.827,185350000,1
1530280200000,1530280259000,81.828,81.862,81.828,81.86,173620000,1
1530280260000,1530280319000,81.86,81.86,81.821,81.824,130490000,1
1530280320000,1530280379000,81.826,81.841,81.825,81.835,137300000,1
1530280380000,1530280439000,81.835,81.835,81.806,81.806,179360000,1
1530280440000,1530280499000,81.807,81.829,81.803,81.821,202860000,1
1530280500000,1530280559000,81.819,81.828,81.809,81.818,183410000,1
1530280560000,1530280619000,81.82,81.821,81.775,81.778,187620000,1
1530280620000,1530280679000,81.78,81.791,81.775,81.785,140990000,1
1530280680000,1530280739000,81.785,81.799,81.779,81.795,159770000,1
1530280740000,1530280799000,81.797,81.818,81.791,81.802,125210000,1
1530280800000,1530280859000,81.8,81.8,81.787,81.796,146100000,1
1530280860000,1530280919000,81.795,81.806,81.785,81.797,187290000,1
1530280920000,1530280979000,81.797,81.797,81.77,81.771,147800000,1
1530280980000,1530281039000,81.771,81.79,81.768,81.776,165620000,1
1530281040000,1530281099000,81.775,81.776,81.76,81.76,152180000,1
1530281100000,1530281159000,81.76,81.761,81.742,81.748,193460000,1
1530281160000,1530281219000,81.751,81.756,81.735,81.741,163810000,1
1530281220000,1530281279000,81.74,81.748,81.727,81.738,150790000,1
1530281280000,1530281339000,81.738,81.748,81.733,81.745,161160000,1
1530281340000,1530281399000,81.744,81.758,81.741,81.754,140250000,1
1530281400000,1530281459000,81.754,81.769,81.744,81.744,100650000,1
1530281460000,1530281519000,81.744,81.751,81.729,81.73,157870000,1
1530281520000,1530281579000,81.729,81.736,81.716,81.716,171960000,1
1530281580000,1530281639000,81.716,81.728,81.704,81.708,101680000,1
1530281640000,1530281699000,81.707,81.727,81.705,81.72,117250000,1
1530281700000,1530281759000,81.719,81.749,81.718,81.746,101590000,1
1530281760000,1530281819000,81.748,81.76,81.747,81.752,184970000,1
1530281820000,1530281879000,81.751,81.76,81.742,81.752,153170000,1
1530281880000,1530281939000,81.752,81.762,81.739,81.745,80130000,1
1530281940000,1530281999000,81.745,81.748,81.741,81.746,67250000,1
1530282000000,1530282059000,81.745,81.748,81.731,81.731,89650000,1
1530282060000,1530282119000,81.731,81.745,81.729,81.732,92570000,1
1530282120000,1530282179000,81.733,81.736,81.727,81.727,90700000,1
1530282180000,1530282239000,81.727,81.74,81.723,81.739,126870000,1
1530282240000,1530282299000,81.74,81.757,81.738,81.754,157620000,1
1530282300000,1530282359000,81.754,81.779,81.751,81.779,113410000,1
1530282360000,1530282419000,81.779,81.779,81.759,81.769,151550000,1
1530282420000,1530282479000,81.768,81.78,81.753,81.753,143780000,1
1530282480000,1530282539000,81.753,81.756,81.743,81.743,159330000,1
1530282540000,1530282599000,81.743,81.756,81.736,81.754,140760000,1
1530282600000,1530282659000,81.752,81.784,81.732,81.784,251060000,1
1530282660000,1530282719000,81.783,81.787,81.77,81.774,137870000,1
1530282720000,1530282779000,81.775,81.831,81.775,81.825,161580000,1
1530282780000,1530282839000,81.824,81.824,81.806,81.814,147520000,1
1530282840000,1530282899000,81.811,81.814,81.8,81.805,171660000,1
1530282900000,1530282959000,81.804,81.829,81.804,81.812,182990000,1
1530282960000,1530283019000,81.812,81.826,81.812,81.812,173780000,1
1530283020000,1530283079000,81.812,81.813,81.793,81.803,177790000,1
1530283080000,1530283139000,81.803,81.822,81.798,81.808,173640000,1
1530283140000,1530283199000,81.806,81.828,81.806,81.823,145900000,1
1530283200000,1530283259000,81.823,81.834,81.812,81.823,135800000,1
1530283260000,1530283319000,81.824,81.845,81.823,81.845,151530000,1
1530283320000,1530283379000,81.842,81.842,81.817,81.825,133570000,1
1530283380000,1530283439000,81.823,81.839,81.811,81.839,144150000,1
1530283440000,1530283499000,81.84,81.851,81.829,81.845,155930000,1
1530283500000,1530283559000,81.843,81.847,81.834,81.834,132990000,1
1530283560000,1530283619000,81.836,81.848,81.814,81.815,232220000,1
1530283620000,1530283679000,81.816,81.821,81.799,81.803,220890000,1
1530283680000,1530283739000,81.804,81.812,81.782,81.785,178550000,1
1530283740000,1530283799000,81.787,81.802,81.779,81.791,197060000,1
1530283800000,1530283859000,81.792,81.792,81.771,81.776,196890000,1
1530283860000,1530283919000,81.777,81.795,81.777,81.779,154280000,1
1530283920000,1530283979000,81.779,81.807,81.773,81.796,223140000,1
1530283980000,1530284039000,81.798,81.812,81.793,81.795,175180000,1
1530284040000,1530284099000,81.791,81.811,81.784,81.796,168460000,1
1530284100000,1530284159000,81.794,81.829,81.793,81.812,254740000,1
1530284160000,1530284219000,81.814,81.853,81.807,81.827,219260000,1
1530284220000,1530284279000,81.827,81.882,81.809,81.849,256830000,1
1530284280000,1530284339000,81.849,81.849,81.791,81.833,260290000,1
1530284340000,1530284399000,81.831,81.836,81.795,81.798,270420000,1
1530284400000,1530284459000,81.798,81.87,81.796,81.869,256510000,1
1530284460000,1530284519000,81.867,81.879,81.844,81.855,280060000,1
1530284520000,1530284579000,81.856,81.871,81.841,81.843,210290000,1
1530284580000,1530284639000,81.844,81.847,81.821,81.824,181100000,1
1530284640000,1530284699000,81.825,81.843,81.818,81.838,177340000,1
1530284700000,1530284759000,81.841,81.869,81.839,81.855,186140000,1
1530284760000,1530284819000,81.856,81.866,81.846,81.866,147300000,1
1530284820000,1530284879000,81.867,81.876,81.858,81.868,151170000,1
1530284880000,1530284939000,81.868,81.9,81.862,81.896,176580000,1
1530284940000,1530284999000,81.895,81.898,81.888,81.888,189880000,1
1530285000000,1530285059000,81.888,81.906,81.885,81.899,249670000,1
1530285060000,1530285119000,81.897,81.913,81.886,81.893,232690000,1
1530285120000,1530285179000,81.893,81.928,81.893,81.928,195640000,1
1530285180000,1530285239000,81.93,81.939,81.925,81.926,204510000,1
1530285240000,1530285299000,81.925,81.93,81.909,81.915,207580000,1
1530285300000,1530285359000,81.916,81.938,81.915,81.925,196340000,1
1530285360000,1530285419000,81.925,81.935,81.925,81.932,144910000,1
1530285420000,1530285479000,81.935,81.962,81.933,81.958,184980000,1
1530285480000,1530285539000,81.957,81.979,81.957,81.973,127970000,1
1530285540000,1530285599000,81.972,81.977,81.949,81.974,148530000,1
1530285600000,1530285659000,81.974,81.994,81.958,81.987,153960000,1
1530285660000,1530285719000,81.986,81.997,81.98,81.995,170520000,1
1530285720000,1530285779000,81.996,82.005,81.992,82.002,142930000,1
1530285780000,1530285839000,82.002,82.005,81.981,81.988,205530000,1
1530285840000,1530285899000,81.988,81.997,81.981,81.987,202330000,1
1530285900000,1530285959000,81.987,81.987,81.971,81.971,158340000,1
1530285960000,1530286019000,81.971,81.981,81.966,81.978,108860000,1
1530286020000,1530286079000,81.976,81.996,81.976,81.989,118000000,1
1530286080000,1530286139000,81.988,81.99,81.974,81.974,100150000,1
1530286140000,1530286199000,81.976,81.989,81.974,81.978,138860000,1
1530286200000,1530286259000,81.978,81.978,81.962,81.972,121790000,1
1530286260000,1530286319000,81.972,81.977,81.958,81.968,161650000,1
1530286320000,1530286379000,81.967,81.987,81.966,81.975,125910000,1
1530286380000,1530286439000,81.975,81.978,81.963,81.966,132990000,1
1530286440000,1530286499000,81.965,81.965,81.952,81.952,135650000,1
1530286500000,1530286559000,81.953,81.957,81.944,81.945,117550000,1
1530286560000,1530286619000,81.944,81.953,81.931,81.953,130050000,1
1530286620000,1530286679000,81.952,81.961,81.945,81.956,89710000,1
1530286680000,1530286739000,81.958,81.974,81.955,81.969,72290000,1
1530286740000,1530286799000,81.97,81.97,81.942,81.95,165100000,1
1530286800000,1530286859000,81.95,81.968,81.943,81.968,166770000,1
1530286860000,1530286919000,81.968,81.971,81.96,81.968,138770000,1
1530286920000,1530286979000,81.967,81.982,81.961,81.976,104540000,1
1530286980000,1530287039000,81.976,81.984,81.966,81.98,134160000,1
1530287040000,1530287099000,81.979,81.981,81.967,81.972,138270000,1
1530287100000,1530287159000,81.975,81.979,81.963,81.965,102000000,1
1530287160000,1530287219000,81.965,81.967,81.957,81.964,97110000,1
1530287220000,1530287279000,81.964,81.983,81.964,81.967,100920000,1
1530287280000,1530287339000,81.967,81.977,81.959,81.961,129950000,1
1530287340000,1530287399000,81.965,81.981,81.96,81.979,124650000,1
1530287400000,1530287459000,81.98,81.984,81.957,81.967,143140000,1
1530287460000,1530287519000,81.968,81.973,81.956,81.964,152320000,1
1530287520000,1530287579000,81.963,81.963,81.949,81.95,146100000,1
1530287580000,1530287639000,81.95,81.954,81.942,81.944,102560000,1
1530287640000,1530287699000,81.944,81.953,81.939,81.945,269730000,1
1530287700000,1530287759000,81.944,81.951,81.93,81.932,182140000,1
1530287760000,1530287819000,81.931,81.932,81.895,81.895,152260000,1
1530287820000,1530287879000,81.895,81.908,81.893,81.902,216430000,1
1530287880000,1530287939000,81.903,81.924,81.898,81.923,163390000,1
1530287940000,1530287999000,81.922,81.923,81.913,81.921,228960000,1
1530288000000,1530288059000,81.92,81.92,81.906,81.908,115770000,1
1530288060000,1530288119000,81.909,81.922,81.907,81.92,109440000,1
1530288120000,1530288179000,81.921,81.945,81.92,81.94,102520000,1
1530288180000,1530288239000,81.94,81.958,81.938,81.948,167660000,1
1530288240000,1530288299000,81.946,81.959,81.942,81.958,154030000,1
1530288300000,1530288359000,81.958,81.974,81.95,81.974,127880000,1
1530288360000,1530288419000,81.974,81.977,81.963,81.966,174840000,1
1530288420000,1530288479000,81.964,81.982,81.962,81.962,182680000,1
1530288480000,1530288539000,81.961,81.973,81.954,81.954,131820000,1
1530288540000,1530288599000,81.951,81.952,81.936,81.945,109990000,1
1530288600000,1530288659000,81.946,81.948,81.929,81.929,117580000,1
1530288660000,1530288719000,81.929,81.942,81.922,81.935,146530000,1
1530288720000,1530288779000,81.935,81.938,81.928,81.929,125760000,1
1530288780000,1530288839000,81.927,81.94,81.919,81.937,103270000,1
1530288840000,1530288899000,81.936,81.936,81.924,81.927,123470000,1
1530288900000,1530288959000,81.929,81.933,81.921,81.928,131930000,1
1530288960000,1530289019000,81.927,81.929,81.918,81.919,91710000,1
1530289020000,1530289079000,81.92,81.921,81.904,81.915,73880000,1
1530289080000,1530289139000,81.915,81.922,81.914,81.919,67090000,1
1530289140000,1530289199000,81.92,81.942,81.92,81.931,120320000,1
1530289200000,1530289259000,81.931,81.941,81.931,81.932,147800000,1
1530289260000,1530289319000,81.932,81.94,81.927,81.927,154690000,1
1530289320000,1530289379000,81.928,81.932,81.928,81.929,101800000,1
1530289380000,1530289439000,81.929,81.939,81.923,81.928,105500000,1
1530289440000,1530289499000,81.926,81.934,81.921,81.924,109940000,1
1530289500000,1530289559000,81.924,81.938,81.922,81.924,136460000,1
1530289560000,1530289619000,81.926,81.926,81.906,81.906,98360000,1
1530289620000,1530289679000,81.905,81.916,81.905,81.915,108000000,1
1530289680000,1530289739000,81.915,81.915,81.895,81.9,108210000,1
1530289740000,1530289799000,81.901,81.908,81.893,81.893,127940000,1
1530289800000,1530289859000,81.892,81.894,81.887,81.891,139770000,1
1530289860000,1530289919000,81.89,81.893,81.881,81.881,83650000,1
1530289920000,1530289979000,81.881,81.881,81.862,81.872,119600000,1
1530289980000,1530290039000,81.872,81.872,81.857,81.858,88340000,1
1530290040000,1530290099000,81.858,81.87,81.856,81.866,147850000,1
1530290100000,1530290159000,81.867,81.901,81.867,81.901,118500000,1
1530290160000,1530290219000,81.901,81.901,81.886,81.886,51890000,1
1530290220000,1530290279000,81.885,81.89,81.88,81.886,102480000,1
1530290280000,1530290339000,81.888,81.895,81.882,81.893,86820000,1
1530290340000,1530290399000,81.894,81.91,81.894,81.9,84790000,1
1530290400000,1530290459000,81.904,81.905,81.889,81.904,137860000,1
1530290460000,1530290519000,81.903,81.915,81.902,81.913,121140000,1
1530290520000,1530290579000,81.913,81.923,81.906,81.92,96000000,1
1530290580000,1530290639000,81.922,81.931,81.919,81.929,58350000,1
1530290640000,1530290699000,81.927,81.937,81.924,81.927,74710000,1
1530290700000,1530290759000,81.927,81.931,81.92,81.928,85850000,1
1530290760000,1530290819000,81.929,81.935,81.926,81.934,95610000,1
1530290820000,1530290879000,81.934,81.942,81.932,81.932,124560000,1
1530290880000,1530290939000,81.933,81.951,81.93,81.947,61920000,1
1530290940000,1530290999000,81.948,81.953,81.941,81.952,61410000,1
1530291000000,1530291059000,81.952,81.976,81.946,81.974,121100000,1
1530291060000,1530291119000,81.974,81.977,81.961,81.975,127720000,1
1530291120000,1530291179000,81.976,81.98,81.963,81.965,73770000,1
1530291180000,1530291239000,81.964,81.964,81.951,81.954,115340000,1
1530291240000,1530291299000,81.954,81.954,81.929,81.936,92730000,1
1530291300000,1530291359000,81.937,81.937,81.901,81.905,179300000,1
1530291360000,1530291419000,81.907,81.909,81.896,81.901,127310000,1
1530291420000,1530291479000,81.901,81.906,81.896,81.905,152450000,1
1530291480000,1530291539000,81.906,81.919,81.904,81.919,151240000,1
1530291540000,1530291599000,81.919,81.936,81.902,81.907,142590000,1
1530291600000,1530291659000,81.906,81.925,81.906,81.916,106590000,1
1530291660000,1530291719000,81.917,81.92,81.907,81.92,110180000,1
1530291720000,1530291779000,81.921,81.928,81.92,81.922,98130000,1
1530291780000,1530291839000,81.92,81.94,81.916,81.94,140350000,1
1530291840000,1530291899000,81.94,81.958,81.94,81.949,122950000,1
1530291900000,1530291959000,81.95,81.955,81.945,81.952,136850000,1
1530291960000,1530292019000,81.952,81.966,81.951,81.966,134310000,1
1530292020000,1530292079000,81.964,81.972,81.96,81.972,103340000,1
1530292080000,1530292139000,81.974,81.974,81.956,81.958,121290000,1
1530292140000,1530292199000,81.958,81.958,81.942,81.942,133570000,1
1530292200000,1530292259000,81.942,81.944,81.936,81.942,155970000,1
1530292260000,1530292319000,81.944,81.95,81.939,81.939,119860000,1
1530292320000,1530292379000,81.939,81.942,81.928,81.928,126920000,1
1530292380000,1530292439000,81.928,81.943,81.928,81.941,100660000,1
1530292440000,1530292499000,81.939,81.945,81.934,81.938,90560000,1
1530292500000,1530292559000,81.939,81.949,81.932,81.945,134620000,1
1530292560000,1530292619000,81.945,81.952,81.944,81.945,143950000,1
1530292620000,1530292679000,81.944,81.954,81.94,81.943,117530000,1
1530292680000,1530292739000,81.944,81.944,81.931,81.932,118890000,1
1530292740000,1530292799000,81.932,81.948,81.932,81.946,94490000,1
1530292800000,1530292859000,81.946,81.952,81.936,81.939,97120000,1
1530292860000,1530292919000,81.939,81.944,81.924,81.943,78980000,1
1530292920000,1530292979000,81.943,81.947,81.938,81.939,72620000,1
1530292980000,1530293039000,81.939,81.944,81.928,81.928,106750000,1
1530293040000,1530293099000,81.929,81.933,81.92,81.92,129240000,1
1530293100000,1530293159000,81.922,81.933,81.921,81.932,119790000,1
1530293160000,1530293219000,81.933,81.933,81.92,81.93,110560000,1
1530293220000,1530293279000,81.93,81.945,81.93,81.944,138350000,1
1530293280000,1530293339000,81.941,81.941,81.934,81.941,77650000,1
1530293340000,1530293399000,81.941,81.955,81.941,81.944,90150000,1
1530293400000,1530293459000,81.943,81.945,81.93,81.941,128280000,1
1530293460000,1530293519000,81.94,81.96,81.94,81.953,144080000,1
1530293520000,1530293579000,81.956,81.96,81.945,81.945,128390000,1
1530293580000,1530293639000,81.945,81.948,81.934,81.938,136050000,1
1530293640000,1530293699000,81.939,81.95,81.934,81.944,95290000,1
1530293700000,1530293759000,81.946,81.95,81.942,81.943,76090000,1
1530293760000,1530293819000,81.943,81.945,81.938,81.939,34430000,1
1530293820000,1530293879000,81.939,81.945,81.931,81.934,95320000,1
1530293880000,1530293939000,81.934,81.935,81.916,81.916,86360000,1
1530293940000,1530293999000,81.915,81.936,81.914,81.928,78550000,1
1530294000000,1530294059000,81.929,81.947,81.929,81.946,58060000,1
1530294060000,1530294119000,81.946,81.95,81.944,81.947,92930000,1
1530294120000,1530294179000,81.947,81.949,81.932,81.936,73650000,1
1530294180000,1530294239000,81.937,81.944,81.93,81.944,64130000,1
1530294240000,1530294299000,81.944,81.946,81.941,81.944,76670000,1
1530294300000,1530294359000,81.944,81.948,81.924,81.925,120440000,1
1530294360000,1530294419000,81.926,81.932,81.924,81.925,68480000,1
1530294420000,1530294479000,81.925,81.925,81.913,81.92,72980000,1
1530294480000,1530294539000,81.92,81.931,81.92,81.929,67650000,1
1530294540000,1530294599000,81.929,81.931,81.922,81.922,67150000,1
1530294600000,1530294659000,81.922,81.922,81.908,81.908,90110000,1
1530294660000,1530294719000,81.908,81.917,81.908,81.913,67240000,1
1530294720000,1530294779000,81.913,81.924,81.913,81.919,81240000,1
1530294780000,1530294839000,81.92,81.923,81.916,81.92,61140000,1
1530294840000,1530294899000,81.92,81.925,81.91,81.914,89830000,1
1530294900000,1530294959000,81.914,81.917,81.902,81.905,71870000,1
1530294960000,1530295019000,81.905,81.905,81.89,81.893,105810000,1
1530295020000,1530295079000,81.893,81.898,81.89,81.898,120000000,1
1530295080000,1530295139000,81.898,81.908,81.896,81.907,86050000,1
1530295140000,1530295199000,81.907,81.918,81.907,81.918,134810000,1
1530295200000,1530295259000,81.918,81.922,81.914,81.916,115360000,1
1530295260000,1530295319000,81.916,81.926,81.916,81.923,99920000,1
1530295320000,1530295379000,81.924,81.929,81.92,81.92,88660000,1
1530295380000,1530295439000,81.92,81.926,81.92,81.924,56370000,1
1530295440000,1530295499000,81.924,81.927,81.921,81.925,56480000,1
1530295500000,1530295559000,81.924,81.935,81.924,81.933,63380000,1
1530295560000,1530295619000,81.935,81.935,81.928,81.929,44500000,1
1530295620000,1530295679000,81.929,81.929,81.926,81.927,28370000,1
1530295680000,1530295739000,81.927,81.932,81.925,81.927,60740000,1
1530295740000,1530295799000,81.93,81.934,81.919,81.934,58910000,1
1530295800000,1530295859000,81.934,81.94,81.929,81.93,98900000,1
1530295860000,1530295919000,81.931,81.933,81.928,81.93,64070000,1
1530295920000,1530295979000,81.93,81.943,81.93,81.943,47470000,1
1530295980000,1530296039000,81.942,81.942,81.93,81.936,62030000,1
1530296040000,1530296099000,81.936,81.936,81.935,81.935,22240000,1
1530296100000,1530296159000,81.931,81.931,81.924,81.926,59170000,1
1530296160000,1530296219000,81.929,81.929,81.913,81.929,70460000,1
1530296220000,1530296279000,81.931,81.933,81.92,81.933,65860000,1
1530296280000,1530296339000,81.933,81.941,81.933,81.94,65340000,1
1530296340000,1530296399000,81.94,81.946,81.939,81.942,31320000,1
1530296400000,1530296459000,81.941,81.941,81.923,81.924,73130000,1
1530296460000,1530296519000,81.924,81.941,81.924,81.929,100210000,1
1530296520000,1530296579000,81.929,81.943,81.924,81.942,101560000,1
1530296580000,1530296639000,81.942,81.948,81.942,81.947,72390000,1
1530296640000,1530296699000,81.948,81.955,81.944,81.951,90700000,1
1530296700000,1530296759000,81.951,81.957,81.943,81.943,79740000,1
1530296760000,1530296819000,81.943,81.963,81.943,81.952,110900000,1
1530296820000,1530296879000,81.953,81.965,81.953,81.958,113470000,1
1530296880000,1530296939000,81.958,81.958,81.953,81.958,86640000,1
1530296940000,1530296999000,81.958,81.97,81.953,81.969,102070000,1
1530297000000,1530297059000,81.969,81.969,81.954,81.961,115130000,1
1530297060000,1530297119000,81.961,81.961,81.955,81.955,37180000,1
1530297120000,1530297179000,81.956,81.958,81.945,81.953,132800000,1
1530297180000,1530297239000,81.952,81.963,81.944,81.959,99300000,1
1530297240000,1530297299000,81.958,81.959,81.954,81.957,49810000,1
1530297300000,1530297359000,81.957,81.968,81.956,81.961,111200000,1
1530297360000,1530297419000,81.959,81.963,81.958,81.963,53430000,1
1530297420000,1530297479000,81.964,81.965,81.95,81.955,74290000,1
1530297480000,1530297539000,81.956,81.957,81.948,81.952,57550000,1
1530297540000,1530297599000,81.952,81.964,81.95,81.962,49560000,1
1530297600000,1530297659000,81.962,81.962,81.946,81.951,63110000,1
1530297660000,1530297719000,81.95,81.951,81.939,81.94,73260000,1
1530297720000,1530297779000,81.94,81.946,81.939,81.94,45790000,1
1530297780000,1530297839000,81.939,81.961,81.939,81.961,91590000,1
1530297840000,1530297899000,81.962,81.972,81.962,81.964,89000000,1
1530297900000,1530297959000,81.967,81.976,81.964,81.972,93550000,1
1530297960000,1530298019000,81.972,81.977,81.97,81.975,79750000,1
1530298020000,1530298079000,81.972,81.976,81.968,81.968,90790000,1
1530298080000,1530298139000,81.968,81.972,81.962,81.97,111280000,1
1530298140000,1530298199000,81.971,81.974,81.969,81.969,48300000,1
1530298200000,1530298259000,81.969,81.971,81.965,81.966,42560000,1
1530298260000,1530298319000,81.968,81.978,81.968,81.973,51040000,1
1530298320000,1530298379000,81.972,81.973,81.97,81.972,72280000,1
1530298380000,1530298439000,81.973,81.977,81.965,81.968,95900000,1
1530298440000,1530298499000,81.968,81.982,81.967,81.979,74380000,1
1530298500000,1530298559000,81.978,81.983,81.97,81.97,73120000,1
1530298560000,1530298619000,81.97,81.972,81.958,81.965,104360000,1
1530298620000,1530298679000,81.965,81.98,81.963,81.98,82010000,1
1530298680000,1530298739000,81.98,81.985,81.975,81.984,109330000,1
1530298740000,1530298799000,81.986,82.006,81.983,82.003,231670000,1
1530298800000,1530298859000,82.004,82.018,82.0,82.018,183070000,1
1530298860000,1530298919000,82.017,82.042,82.014,82.017,143510000,1
1530298920000,1530298979000,82.017,82.03,82.015,82.024,108040000,1
1530298980000,1530299039000,82.024,82.031,82.024,82.025,95920000,1
1530299040000,1530299099000,82.026,82.033,82.023,82.023,107040000,1
1530299100000,1530299159000,82.025,82.025,82.007,82.007,116500000,1
1530299160000,1530299219000,82.009,82.01,82.002,82.006,62450000,1
1530299220000,1530299279000,82.009,82.014,82.007,82.009,43690000,1
1530299280000,1530299339000,82.009,82.009,81.98,81.983,116350000,1
1530299340000,1530299399000,81.983,81.988,81.972,81.972,95560000,1
1530299400000,1530299459000,81.972,81.978,81.972,81.977,48710000,1
1530299460000,1530299519000,81.978,81.987,81.977,81.982,103450000,1
1530299520000,1530299579000,81.982,82.0,81.981,81.993,117880000,1
1530299580000,1530299639000,81.992,81.994,81.982,81.988,113510000,1
1530299640000,1530299699000,81.988,81.997,81.988,81.996,75370000,1
1530299700000,1530299759000,81.996,82.0,81.994,82.0,64160000,1
1530299760000,1530299819000,81.999,82.0,81.984,81.988,93510000,1
1530299820000,1530299879000,81.988,81.988,81.979,81.979,72680000,1
1530299880000,1530299939000,81.98,81.983,81.968,81.973,83860000,1
1530299940000,1530299999000,81.974,81.978,81.967,81.977,86250000,1
1530300000000,1530300059000,81.977,81.977,81.956,81.962,71010000,1
1530300060000,1530300119000,81.961,81.966,81.952,81.953,66620000,1
1530300120000,1530300179000,81.954,81.964,81.954,81.96,61070000,1
1530300180000,1530300239000,81.96,81.963,81.956,81.96,68940000,1
1530300240000,1530300299000,81.959,81.959,81.953,81.955,60150000,1
1530300300000,1530300359000,81.955,81.965,81.953,81.965,90620000,1
1530300360000,1530300419000,81.964,81.978,81.964,81.976,83500000,1
1530300420000,1530300479000,81.976,81.988,81.971,81.979,113860000,1
1530300480000,1530300539000,81.979,81.981,81.971,81.977,119340000,1
1530300540000,1530300599000,81.976,81.979,81.967,81.973,104220000,1
1530300600000,1530300659000,81.973,81.973,81.959,81.961,103120000,1
1530300660000,1530300719000,81.961,81.969,81.96,81.969,97330000,1
1530300720000,1530300779000,81.969,81.971,81.963,81.968,69810000,1
1530300780000,1530300839000,81.968,81.974,81.967,81.974,64640000,1
1530300840000,1530300899000,81.975,81.981,81.971,81.975,99640000,1
1530300900000,1530300959000,81.974,81.974,81.961,81.962,73870000,1
1530300960000,1530301019000,81.964,81.964,81.957,81.958,58480000,1
1530301020000,1530301079000,81.957,81.957,81.951,81.951,65870000,1
1530301080000,1530301139000,81.951,81.952,81.934,81.948,130200000,1
1530301140000,1530301199000,81.948,81.948,81.923,81.924,115900000,1
1530301200000,1530301259000,81.923,81.934,81.923,81.927,116490000,1
1530301260000,1530301319000,81.927,81.935,81.926,81.931,47050000,1
1530301320000,1530301379000,81.931,81.938,81.926,81.926,72680000,1
1530301380000,1530301439000,81.926,81.936,81.926,81.935,81570000,1
1530301440000,1530301499000,81.934,81.943,81.927,81.939,123650000,1
1530301500000,1530301559000,81.938,81.94,81.909,81.925,178610000,1
1530301560000,1530301619000,81.924,81.938,81.921,81.938,78280000,1
1530301620000,1530301679000,81.938,81.938,81.933,81.937,46230000,1
1530301680000,1530301739000,81.937,81.946,81.931,81.935,141850000,1
1530301740000,1530301799000,81.936,81.942,81.933,81.933,87770000,1
1530301800000,1530301859000,81.932,81.936,81.916,81.924,115280000,1
1530301860000,1530301919000,81.924,81.93,81.922,81.929,140760000,1
1530301920000,1530301979000,81.929,81.936,81.929,81.932,78270000,1
1530301980000,1530302039000,81.933,81.953,81.927,81.949,123940000,1
1530302040000,1530302099000,81.949,81.959,81.944,81.952,112710000,1
1530302100000,1530302159000,81.952,81.958,81.943,81.955,132720000,1
1530302160000,1530302219000,81.955,81.956,81.927,81.938,140680000,1
1530302220000,1530302279000,81.938,81.943,81.929,81.943,96630000,1
1530302280000,1530302339000,81.943,81.97,81.935,81.955,115710000,1
1530302340000,1530302399000,81.955,81.969,81.93,81.937,167680000,1
1530302400000,1530302459000,81.937,81.937,81.913,81.915,168250000,1
1530302460000,1530302519000,81.915,81.94,81.899,81.904,138180000,1
1530302520000,1530302579000,81.905,81.914,81.9,81.9,110630000,1
1530302580000,1530302639000,81.9,81.91,81.9,81.91,30720000,1
1530302640000,1530302699000,81.91,81.942,81.91,81.942,102960000,1
1530302700000,1530302759000,81.943,81.951,81.939,81.94,84650000,1
1530302760000,1530302819000,81.94,81.94,81.93,81.93,33060000,1
1530302820000,1530302879000,81.93,81.939,81.93,81.939,13470000,1
1530302880000,1530302939000,81.939,81.939,81.933,81.933,22460000,1
1530302940000,1530302999000,81.933,81.935,81.925,81.925,46790000,1
1530303000000,1530303059000,81.928,81.934,81.925,81.933,57050000,1
1530303060000,1530303119000,81.932,81.933,81.927,81.927,28240000,1
1530303120000,1530303179000,81.927,81.928,81.894,81.894,115310000,1
1530303180000,1530303239000,81.894,81.912,81.894,81.912,72850000,1
1530303240000,1530303299000,81.912,81.923,81.912,81.922,38830000,1
1530303300000,1530303359000,81.922,81.924,81.92,81.922,18460000,1
1530303360000,1530303419000,81.922,81.923,81.909,81.911,37170000,1
1530303420000,1530303479000,81.911,81.912,81.893,81.896,29890000,1
1530303480000,1530303539000,81.896,81.904,81.895,81.898,50260000,1
1530303540000,1530303599000,81.899,81.914,81.899,81.913,24080000,1
1530303600000,1530303659000,81.912,81.912,81.906,81.906,26570000,1
1530303660000,1530303719000,81.906,81.908,81.902,81.903,27450000,1
1530303720000,1530303779000,81.903,81.907,81.887,81.887,77180000,1
1530303780000,1530303839000,81.888,81.908,81.888,81.908,51650000,1
1530303840000,1530303899000,81.908,81.91,81.896,81.903,41770000,1
1530303900000,1530303959000,81.903,81.916,81.903,81.916,40270000,1
1530303960000,1530304019000,81.915,81.938,81.915,81.921,65000000,1
1530304020000,1530304079000,81.922,81.932,81.92,81.922,65640000,1
1530304080000,1530304139000,81.922,81.93,81.922,81.929,38200000,1
1530304140000,1530304199000,81.929,81.956,81.929,81.956,72180000,1
1530304200000,1530304259000,81.956,81.962,81.947,81.953,69710000,1
1530304260000,1530304319000,81.953,81.954,81.953,81.954,9860000,1
1530304320000,1530304379000,81.954,81.956,81.949,81.956,18240000,1
1530304380000,1530304439000,81.957,81.961,81.957,81.961,30670000,1
1530304440000,1530304499000,81.961,81.963,81.959,81.963,44690000,1
1530304500000,1530304559000,81.963,81.963,81.955,81.957,83260000,1
1530304560000,1530304619000,81.957,81.958,81.954,81.956,102580000,1
1530304620000,1530304679000,81.956,81.968,81.956,81.963,63700000,1
1530304680000,1530304739000,81.965,81.97,81.963,81.97,76610000,1
1530304740000,1530304799000,81.969,81.974,81.96,81.972,73610000,1
1530304800000,1530304859000,81.972,81.977,81.958,81.977,59710000,1
1530304860000,1530304919000,81.978,81.985,81.978,81.984,29960000,1
1530304920000,1530304979000,81.984,81.984,81.961,81.965,73120000,1
1530304980000,1530305039000,81.965,81.965,81.947,81.947,49970000,1
1530305040000,1530305099000,81.947,81.962,81.944,81.958,36240000,1
1530305100000,1530305159000,81.958,81.961,81.956,81.958,43280000,1
1530305160000,1530305219000,81.96,81.973,81.96,81.972,47120000,1
1530305220000,1530305279000,81.969,81.982,81.965,81.979,60700000,1
1530305280000,1530305339000,81.98,81.983,81.977,81.98,24850000,1
1530305340000,1530305399000,81.98,81.98,81.97,81.978,24710000,1
1530305400000,1530305459000,81.977,81.979,81.962,81.965,56820000,1
1530305460000,1530305519000,81.963,81.964,81.95,81.95,44770000,1
1530305520000,1530305579000,81.95,81.959,81.945,81.959,65360000,1
1530305580000,1530305639000,81.962,81.966,81.957,81.958,26020000,1
1530305640000,1530305699000,81.962,81.978,81.962,81.967,40650000,1
1530305700000,1530305759000,81.966,81.989,81.961,81.961,49760000,1
1530305760000,1530305819000,81.963,81.985,81.961,81.984,75280000,1
1530305820000,1530305879000,81.982,81.983,81.972,81.977,48060000,1
1530305880000,1530305939000,81.977,81.984,81.958,81.971,81160000,1
1530305940000,1530305999000,81.967,81.984,81.926,81.926,42920000,1
1530306000000,1530306059000,81.926,81.926,81.926,81.926,0,1
1530306060000,1530306119000,81.926,81.926,81.926,81.926,0,1
1530306120000,1530306179000,81.926,81.926,81.926,81.926,0,1
1530306180000,1530306239000,81.926,81.926,81.926,81.926,0,1
1530306240000,1530306299000,81.926,81.926,81.926,81.926,0,1
1530306300000,1530306359000,81.926,81.926,81.926,81.926,0,1
1530306360000,1530306419000,81.926,81.926,81.926,81.926,0,1
1530306420000,1530306479000,81.926,81.926,81.926,81.926,0,1
1530306480000,1530306539000,81.926,81.926,81.926,81.926,0,1
1530306540000,1530306599000,81.926,81.926,81.926,81.926,0,1
1530306600000,1530306659000,81.926,81.926,81.926,81.926,0,1
1530306660000,1530306719000,81.926,81.926,81.926,81.926,0,1
1530306720000,1530306779000,81.926,81.926,81.926,81.926,0,1
1530306780000,1530306839000,81.926,81.926,81.926,81.926,0,1
1530306840000,1530306899000,81.926,81.926,81.926,81.926,0,1
1530306900000,1530306959000,81.926,81.926,81.926,81.926,0,1
1530306960000,1530307019000,81.926,81.926,81.926,81.926,0,1
1530307020000,1530307079000,81.926,81.926,81.926,81.926,0,1
1530307080000,1530307139000,81.926,81.926,81.926,81.926,0,1
1530307140000,1530307199000,81.926,81.926,81.926,81.926,0,1
1530307200000,1530307259000,81.926,81.926,81.926,81.926,0,1
1530307260000,1530307319000,81.926,81.926,81.926,81.926,0,1
1530307320000,1530307379000,81.926,81.926,81.926,81.926,0,1
1530307380000,1530307439000,81.926,81.926,81.926,81.926,0,1
1530307440000,1530307499000,81.926,81.926,81.926,81.926,0,1
1530307500000,1530307559000,81.926,81.926,81.926,81.926,0,1
1530307560000,1530307619000,81.926,81.926,81.926,81.926,0,1
1530307620000,1530307679000,81.926,81.926,81.926,81.926,0,1
1530307680000,1530307739000,81.926,81.926,81.926,81.926,0,1
1530307740000,1530307799000,81.926,81.926,81.926,81.926,0,1
1530307800000,1530307859000,81.926,81.926,81.926,81.926,0,1
1530307860000,1530307919000,81.926,81.926,81.926,81.926,0,1
1530307920000,1530307979000,81.926,81.926,81.926,81.926,0,1
1530307980000,1530308039000,81.926,81.926,81.926,81.926,0,1
1530308040000,1530308099000,81.926,81.926,81.926,81.926,0,1
1530308100000,1530308159000,81.926,81.926,81.926,81.926,0,1
1530308160000,1530308219000,81.926,81.926,81.926,81.926,0,1
1530308220000,1530308279000,81.926,81.926,81.926,81.926,0,1
1530308280000,1530308339000,81.926,81.926,81.926,81.926,0,1
1530308340000,1530308399000,81.926,81.926,81.926,81.926,0,1
1530308400000,1530308459000,81.926,81.926,81.926,81.926,0,1
1530308460000,1530308519000,81.926,81.926,81.926,81.926,0,1
1530308520000,1530308579000,81.926,81.926,81.926,81.926,0,1
1530308580000,1530308639000,81.926,81.926,81.926,81.926,0,1
1530308640000,1530308699000,81.926,81.926,81.926,81.926,0,1
1530308700000,1530308759000,81.926,81.926,81.926,81.926,0,1
1530308760000,1530308819000,81.926,81.926,81.926,81.926,0,1
1530308820000,1530308879000,81.926,81.926,81.926,81.926,0,1
1530308880000,1530308939000,81.926,81.926,81.926,81.926,0,1
1530308940000,1530308999000,81.926,81.926,81.926,81.926,0,1
1530309000000,1530309059000,81.926,81.926,81.926,81.926,0,1
1530309060000,1530309119000,81.926,81.926,81.926,81.926,0,1
1530309120000,1530309179000,81.926,81.926,81.926,81.926,0,1
1530309180000,1530309239000,81.926,81.926,81.926,81.926,0,1
1530309240000,1530309299000,81.926,81.926,81.926,81.926,0,1
1530309300000,1530309359000,81.926,81.926,81.926,81.926,0,1
1530309360000,1530309419000,81.926,81.926,81.926,81.926,0,1
1530309420000,1530309479000,81.926,81.926,81.926,81.926,0,1
1530309480000,1530309539000,81.926,81.926,81.926,81.926,0,1
1530309540000,1530309599000,81.926,81.926,81.926,81.926,0,1
1530309600000,1530309659000,81.926,81.926,81.926,81.926,0,1
1530309660000,1530309719000,81.926,81.926,81.926,81.926,0,1
1530309720000,1530309779000,81.926,81.926,81.926,81.926,0,1
1530309780000,1530309839000,81.926,81.926,81.926,81.926,0,1
1530309840000,1530309899000,81.926,81.926,81.926,81.926,0,1
1530309900000,1530309959000,81.926,81.926,81.926,81.926,0,1
1530309960000,1530310019000,81.926,81.926,81.926,81.926,0,1
1530310020000,1530310079000,81.926,81.926,81.926,81.926,0,1
1530310080000,1530310139000,81.926,81.926,81.926,81.926,0,1
1530310140000,1530310199000,81.926,81.926,81.926,81.926,0,1
1530310200000,1530310259000,81.926,81.926,81.926,81.926,0,1
1530310260000,1530310319000,81.926,81.926,81.926,81.926,0,1
1530310320000,1530310379000,81.926,81.926,81.926,81.926,0,1
1530310380000,1530310439000,81.926,81.926,81.926,81.926,0,1
1530310440000,1530310499000,81.926,81.926,81.926,81.926,0,1
1530310500000,1530310559000,81.926,81.926,81.926,81.926,0,1
1530310560000,1530310619000,81.926,81.926,81.926,81.926,0,1
1530310620000,1530310679000,81.926,81.926,81.926,81.926,0,1
1530310680000,1530310739000,81.926,81.926,81.926,81.926,0,1
1530310740000,1530310799000,81.926,81.926,81.926,81.926,0,1
1530310800000,1530310859000,81.926,81.926,81.926,81.926,0,1
1530310860000,1530310919000,81.926,81.926,81.926,81.926,0,1
1530310920000,1530310979000,81.926,81.926,81.926,81.926,0,1
1530310980000,1530311039000,81.926,81.926,81.926,81.926,0,1
1530311040000,1530311099000,81.926,81.926,81.926,81.926,0,1
1530311100000,1530311159000,81.926,81.926,81.926,81.926,0,1
1530311160000,1530311219000,81.926,81.926,81.926,81.926,0,1
1530311220000,1530311279000,81.926,81.926,81.926,81.926,0,1
1530311280000,1530311339000,81.926,81.926,81.926,81.926,0,1
1530311340000,1530311399000,81.926,81.926,81.926,81.926,0,1
1530311400000,1530311459000,81.926,81.926,81.926,81.926,0,1
1530311460000,1530311519000,81.926,81.926,81.926,81.926,0,1
1530311520000,1530311579000,81.926,81.926,81.926,81.926,0,1
1530311580000,1530311639000,81.926,81.926,81.926,81.926,0,1
1530311640000,1530311699000,81.926,81.926,81.926,81.926,0,1
1530311700000,1530311759000,81.926,81.926,81.926,81.926,0,1
1530311760000,1530311819000,81.926,81.926,81.926,81.926,0,1
1530311820000,1530311879000,81.926,81.926,81.926,81.926,0,1
1530311880000,1530311939000,81.926,81.926,81.926,81.926,0,1
1530311940000,1530311999000,81.926,81.926,81.926,81.926,0,1
1530312000000,1530312059000,81.926,81.926,81.926,81.926,0,1
1530312060000,1530312119000,81.926,81.926,81.926,81.926,0,1
1530312120000,1530312179000,81.926,81.926,81.926,81.926,0,1
1530312180000,1530312239000,81.926,81.926,81.926,81.926,0,1
1530312240000,1530312299000,81.926,81.926,81.926,81.926,0,1
1530312300000,1530312359000,81.926,81.926,81.926,81.926,0,1
1530312360000,1530312419000,81.926,81.926,81.926,81.926,0,1
1530312420000,1530312479000,81.926,81.926,81.926,81.926,0,1
1530312480000,1530312539000,81.926,81.926,81.926,81.926,0,1
1530312540000,1530312599000,81.926,81.926,81.926,81.926,0,1
1530312600000,1530312659000,81.926,81.926,81.926,81.926,0,1
1530312660000,1530312719000,81.926,81.926,81.926,81.926,0,1
1530312720000,1530312779000,81.926,81.926,81.926,81.926,0,1
1530312780000,1530312839000,81.926,81.926,81.926,81.926,0,1
1530312840000,1530312899000,81.926,81.926,81.926,81.926,0,1
1530312900000,1530312959000,81.926,81.926,81.926,81.926,0,1
1530312960000,1530313019000,81.926,81.926,81.926,81.926,0,1
1530313020000,1530313079000,81.926,81.926,81.926,81.926,0,1
1530313080000,1530313139000,81.926,81.926,81.926,81.926,0,1
1530313140000,1530313199000,81.926,81.926,81.926,81.926,0,1
1530313200000,1530313259000,81.926,81.926,81.926,81.926,0,1
1530313260000,1530313319000,81.926,81.926,81.926,81.926,0,1
1530313320000,1530313379000,81.926,81.926,81.926,81.926,0,1
1530313380000,1530313439000,81.926,81.926,81.926,81.926,0,1
1530313440000,1530313499000,81.926,81.926,81.926,81.926,0,1
1530313500000,1530313559000,81.926,81.926,81.926,81.926,0,1
1530313560000,1530313619000,81.926,81.926,81.926,81.926,0,1
1530313620000,1530313679000,81.926,81.926,81.926,81.926,0,1
1530313680000,1530313739000,81.926,81.926,81.926,81.926,0,1
1530313740000,1530313799000,81.926,81.926,81.926,81.926,0,1
1530313800000,1530313859000,81.926,81.926,81.926,81.926,0,1
1530313860000,1530313919000,81.926,81.926,81.926,81.926,0,1
1530313920000,1530313979000,81.926,81.926,81.926,81.926,0,1
1530313980000,1530314039000,81.926,81.926,81.926,81.926,0,1
1530314040000,1530314099000,81.926,81.926,81.926,81.926,0,1
1530314100000,1530314159000,81.926,81.926,81.926,81.926,0,1
1530314160000,1530314219000,81.926,81.926,81.926,81.926,0,1
1530314220000,1530314279000,81.926,81.926,81.926,81.926,0,1
1530314280000,1530314339000,81.926,81.926,81.926,81.926,0,1
1530314340000,1530314399000,81.926,81.926,81.926,81.926,0,1
1530314400000,1530314459000,81.926,81.926,81.926,81.926,0,1
1530314460000,1530314519000,81.926,81.926,81.926,81.926,0,1
1530314520000,1530314579000,81.926,81.926,81.926,81.926,0,1
1530314580000,1530314639000,81.926,81.926,81.926,81.926,0,1
1530314640000,1530314699000,81.926,81.926,81.926,81.926,0,1
1530314700000,1530314759000,81.926,81.926,81.926,81.926,0,1
1530314760000,1530314819000,81.926,81.926,81.926,81.926,0,1
1530314820000,1530314879000,81.926,81.926,81.926,81.926,0,1
1530314880000,1530314939000,81.926,81.926,81.926,81.926,0,1
1530314940000,1530314999000,81.926,81.926,81.926,81.926,0,1
1530315000000,1530315059000,81.926,81.926,81.926,81.926,0,1
1530315060000,1530315119000,81.926,81.926,81.926,81.926,0,1
1530315120000,1530315179000,81.926,81.926,81.926,81.926,0,1
1530315180000,1530315239000,81.926,81.926,81.926,81.926,0,1
1530315240000,1530315299000,81.926,81.926,81.926,81.926,0,1
1530315300000,1530315359000,81.926,81.926,81.926,81.926,0,1
1530315360000,1530315419000,81.926,81.926,81.926,81.926,0,1
1530315420000,1530315479000,81.926,81.926,81.926,81.926,0,1
1530315480000,1530315539000,81.926,81.926,81.926,81.926,0,1
1530315540000,1530315599000,81.926,81.926,81.926,81.926,0,1
1530315600000,1530315659000,81.926,81.926,81.926,81.926,0,1
1530315660000,1530315719000,81.926,81.926,81.926,81.926,0,1
1530315720000,1530315779000,81.926,81.926,81.926,81.926,0,1
1530315780000,1530315839000,81.926,81.926,81.926,81.926,0,1
1530315840000,1530315899000,81.926,81.926,81.926,81.926,0,1
1530315900000,1530315959000,81.926,81.926,81.926,81.926,0,1
1530315960000,1530316019000,81.926,81.926,81.926,81.926,0,1
1530316020000,1530316079000,81.926,81.926,81.926,81.926,0,1
1530316080000,1530316139000,81.926,81.926,81.926,81.926,0,1
1530316140000,1530316199000,81.926,81.926,81.926,81.926,0,1
1530316200000,1530316259000,81.926,81.926,81.926,81.926,0,1
1530316260000,1530316319000,81.926,81.926,81.926,81.926,0,1
1530316320000,1530316379000,81.926,81.926,81.926,81.926,0,1
1530316380000,1530316439000,81.926,81.926,81.926,81.926,0,1
1530316440000,1530316499000,81.926,81.926,81.926,81.926,0,1
1530316500000,1530316559000,81.926,81.926,81.926,81.926,0,1
1530316560000,1530316619000,81.926,81.926,81.926,81.926,0,1
1530316620000,1530316679000,81.926,81.926,81.926,81.926,0,1
1530316680000,1530316739000,81.926,81.926,81.926,81.926,0,1
1530316740000,1530316799000,81.926,81.926,81.926,81.926,0,1
